# This file was generated by Animated Java via MC-Build. It is not recommended to edit this file directly.
$data merge entity $(neck) {transformation: [-1f,0f,0f,0f,0f,0.9763f,0.2164f,6.0824f,0f,0.2164f,-0.9763f,-0.2128f,0f,0f,0f,1f],start_interpolation: 0,interpolation_duration: 1}
$data merge entity $(right_thumb_2) {transformation: [-0.6385f,0.3034f,-0.7073f,-2.1403f,0.4591f,0.8877f,-0.0336f,2.8782f,0.6177f,-0.3462f,-0.7061f,-0.9625f,0f,0f,0f,1f],start_interpolation: 0,interpolation_duration: 1}
$data merge entity $(right_thumb) {transformation: [-0.6385f,-0.1899f,-0.7458f,-2.2855f,0.4591f,0.6838f,-0.5671f,3.1743f,0.6177f,-0.7045f,-0.3495f,-1.0926f,0f,0f,0f,1f],start_interpolation: 0,interpolation_duration: 1}
$data merge entity $(right_fingers2) {transformation: [-0.5448f,-0.4505f,-0.7073f,-2.5753f,-0.6105f,0.7913f,-0.0336f,2.4173f,0.5748f,0.4135f,-0.7061f,-0.8804f,0f,0f,0f,1f],start_interpolation: 0,interpolation_duration: 1}
$data merge entity $(right_fingers) {transformation: [-0.7069f,0.0051f,-0.7073f,-2.599f,0.0409f,0.9986f,-0.0336f,2.7027f,0.7061f,-0.0527f,-0.7061f,-0.8807f,0f,0f,0f,1f],start_interpolation: 0,interpolation_duration: 1}
$data merge entity $(scout) {transformation: [0f,0f,0f,-2.5476f,0f,0f,0f,2.6576f,0f,0f,0f,-1.081f,0f,0f,0f,1f],start_interpolation: 0,interpolation_duration: 1}
$data merge entity $(right_hand) {transformation: [-0.6385f,0.3034f,-0.7073f,-2.4407f,0.4591f,0.8877f,-0.0336f,3.2442f,0.6177f,-0.3462f,-0.7061f,-1.1276f,0f,0f,0f,1f],start_interpolation: 0,interpolation_duration: 1}
$data merge entity $(right_forearm) {transformation: [-1.1936f,0.4179f,0.5458f,-1.7419f,0.146f,1.2227f,-0.617f,5.0571f,-0.6717f,-0.4768f,-1.1039f,-1.858f,0f,0f,0f,1f],start_interpolation: 0,interpolation_duration: 1}
$data merge entity $(right_shoulder) {transformation: [-1.4042f,0.3654f,-0.2113f,-1.0065f,-0.0297f,0.6468f,1.3155f,5.8093f,0.4211f,1.2641f,-0.612f,-0.3819f,0f,0f,0f,1f],start_interpolation: 0,interpolation_duration: 1}
$data merge entity $(right_arm) {transformation: [-1f,0f,0f,-0.4425f,0f,0.866f,0.5f,6.0644f,0f,0.5f,-0.866f,-0.2444f,0f,0f,0f,1f],start_interpolation: 0,interpolation_duration: 1}
$data merge entity $(left_thumb_2) {transformation: [-0.1926f,0.5669f,0.8009f,0.3156f,-0.5557f,0.6097f,-0.5652f,3.8789f,-0.8088f,-0.5539f,0.1976f,0.7712f,0f,0f,0f,1f],start_interpolation: 0,interpolation_duration: 1}
$data merge entity $(left_thumb) {transformation: [-0.1926f,0.9722f,-0.1331f,0.6589f,-0.5557f,-0.2198f,-0.8018f,3.9019f,-0.8088f,-0.0805f,0.5826f,0.857f,0f,0f,0f,1f],start_interpolation: 0,interpolation_duration: 1}
$data merge entity $(left_fingers2) {transformation: [0.8865f,0.1133f,0.4486f,0.1798f,0.1363f,0.8625f,-0.4873f,3.3308f,-0.4421f,0.4932f,0.7492f,1.1168f,0f,0f,0f,1f],start_interpolation: 0,interpolation_duration: 1}
$data merge entity $(left_fingers) {transformation: [0.7556f,0.4774f,0.4486f,0.2978f,-0.241f,0.8393f,-0.4873f,3.5732f,-0.6091f,0.2601f,0.7492f,1.2136f,0f,0f,0f,1f],start_interpolation: 0,interpolation_duration: 1}
$data merge entity $(left_hand) {transformation: [0.0656f,0.7076f,0.7036f,0.7638f,-0.5937f,0.5944f,-0.5424f,3.9114f,-0.802f,-0.3821f,0.4591f,0.9952f,0f,0f,0f,1f],start_interpolation: 0,interpolation_duration: 1}
$data merge entity $(left_forearm) {transformation: [-1.0254f,0.8892f,-0.2346f,2.0518f,0.5417f,0.3002f,-1.2303f,4.3412f,-0.7431f,-1.0081f,-0.5732f,-0.5748f,0f,0f,0f,1f],start_interpolation: 0,interpolation_duration: 1}
$data merge entity $(left_shoulder) {transformation: [-1.3006f,-0.6362f,0.2316f,1.0065f,-0.5863f,1.3091f,0.3037f,5.8093f,-0.3385f,0.1768f,-1.4156f,-0.3819f,0f,0f,0f,1f],start_interpolation: 0,interpolation_duration: 1}
$data merge entity $(left_arm) {transformation: [-1f,0f,0f,0.4426f,0f,0.866f,0.5f,6.0644f,0f,0.5f,-0.866f,-0.2444f,0f,0f,0f,1f],start_interpolation: 0,interpolation_duration: 1}
$data merge entity $(chest) {transformation: [-1.2785f,0f,0f,0f,0f,1.1072f,0.6393f,4.5177f,0f,0.6393f,-1.1072f,-1.1774f,0f,0f,0f,1f],start_interpolation: 0,interpolation_duration: 1}
$data merge entity $(left_cheek) {transformation: [-0.9968f,-0.0213f,0.0766f,0.4704f,-0.0268f,0.997f,-0.0722f,3.9795f,-0.0748f,-0.074f,-0.9944f,-2.0423f,0f,0f,0f,1f],start_interpolation: 0,interpolation_duration: 1}
$data merge entity $(left_foot) {transformation: [-1.0224f,0f,0f,0.6839f,0f,1.0224f,0f,0.3005f,0f,0f,-1.0224f,-1.6531f,0f,0f,0f,1f],start_interpolation: 0,interpolation_duration: 1}
$data merge entity $(left_knee) {transformation: [-3.0417f,0f,0f,0.7712f,0f,2.4132f,1.8517f,3.4187f,0f,1.8517f,-2.4132f,0.5827f,0f,0f,0f,1f],start_interpolation: 0,interpolation_duration: 1}
$data merge entity $(left_leg) {transformation: [-1.718f,0f,0f,0.6997f,0f,-0.1497f,-1.7114f,2.8881f,0f,-1.7114f,0.1497f,-1.7572f,0f,0f,0f,1f],start_interpolation: 0,interpolation_duration: 1}
$data merge entity $(right_cheek) {transformation: [-0.9829f,0.1027f,0.1529f,-0.3797f,0.1164f,0.9897f,0.0838f,3.9954f,-0.1427f,0.1002f,-0.9847f,-2.0844f,0f,0f,0f,1f],start_interpolation: 0,interpolation_duration: 1}
$data merge entity $(right_foot) {transformation: [-0.9751f,-0.2077f,0.2267f,0.1174f,0f,0.7538f,0.6907f,0.8476f,-0.3074f,0.6587f,-0.7189f,-4.2963f,0f,0f,0f,1f],start_interpolation: 0,interpolation_duration: 1}
$data merge entity $(right_knee) {transformation: [-2.901f,-0.9112f,-0.0797f,-1.2302f,0f,-0.2651f,3.0302f,0.6046f,-0.9147f,2.8899f,0.2528f,-0.3125f,0f,0f,0f,1f],start_interpolation: 0,interpolation_duration: 1}
$data merge entity $(right_leg) {transformation: [-1.6385f,0.2963f,0.4232f,-0.6997f,0f,1.4073f,-0.9854f,2.8881f,-0.5166f,-0.9398f,-1.3421f,-1.7572f,0f,0f,0f,1f],start_interpolation: 0,interpolation_duration: 1}
$data merge entity $(weist) {transformation: [-1.6223f,0f,0f,0f,0f,1.5671f,0.4199f,4.5129f,0f,0.4199f,-1.5671f,-1.4436f,0f,0f,0f,1f],start_interpolation: 0,interpolation_duration: 1}
data modify storage animated_java:temp entry.data merge value {"locators":{"consume":{"px":-2.5365440614,"py":2.4959406809,"pz":-1.0298286789,"ry":314.953053277,"rx":-1.9277823189}}}
# Data Manager: Prepare for Read / Write
execute store result storage animated_java:temp args.id int 1 run scoreboard players get @s aj.id
# Data Manager: Write
function animated_java:global/data_manager/write with storage animated_java:temp args