# This file was generated by Animated Java via MC-Build. It is not recommended to edit this file directly.
$data merge entity $(neck) {transformation: [-1f,0f,0f,0f,0f,0.9757f,0.2191f,6.0797f,0f,0.2191f,-0.9757f,-0.2085f,0f,0f,0f,1f],start_interpolation: 0,interpolation_duration: 1}
$data merge entity $(right_thumb_2) {transformation: [-0.6386f,0.3034f,-0.7073f,-2.1402f,0.4572f,0.8888f,-0.0316f,2.8775f,0.6191f,-0.3435f,-0.7062f,-0.9677f,0f,0f,0f,1f],start_interpolation: 0,interpolation_duration: 1}
$data merge entity $(right_thumb) {transformation: [-0.6386f,-0.1899f,-0.7458f,-2.2854f,0.4572f,0.6859f,-0.5661f,3.174f,0.6191f,-0.7025f,-0.3512f,-1.097f,0f,0f,0f,1f],start_interpolation: 0,interpolation_duration: 1}
$data merge entity $(right_fingers2) {transformation: [-0.5448f,-0.4505f,-0.7073f,-2.5752f,-0.6123f,0.79f,-0.0316f,2.4163f,0.5729f,0.4159f,-0.7062f,-0.887f,0f,0f,0f,1f],start_interpolation: 0,interpolation_duration: 1}
$data merge entity $(right_fingers) {transformation: [-0.7069f,0.0051f,-0.7073f,-2.5989f,0.0387f,0.9988f,-0.0316f,2.7018f,0.7062f,-0.0497f,-0.7062f,-0.8864f,0f,0f,0f,1f],start_interpolation: 0,interpolation_duration: 1}
$data merge entity $(scout) {transformation: [0f,0f,0f,-2.5475f,0f,0f,0f,2.6572f,0f,0f,0f,-1.0869f,0f,0f,0f,1f],start_interpolation: 0,interpolation_duration: 1}
$data merge entity $(right_hand) {transformation: [-0.6386f,0.3034f,-0.7073f,-2.4406f,0.4572f,0.8888f,-0.0316f,3.244f,0.6191f,-0.3435f,-0.7062f,-1.1317f,0f,0f,0f,1f],start_interpolation: 0,interpolation_duration: 1}
$data merge entity $(right_forearm) {transformation: [-1.1936f,0.4178f,0.5459f,-1.7419f,0.1479f,1.2242f,-0.6136f,5.0591f,-0.6713f,-0.4731f,-1.1057f,-1.8566f,0f,0f,0f,1f],start_interpolation: 0,interpolation_duration: 1}
$data merge entity $(right_shoulder) {transformation: [-1.4042f,0.3654f,-0.2113f,-1.0065f,-0.0308f,0.6432f,1.3173f,5.8071f,0.421f,1.2659f,-0.6083f,-0.3784f,0f,0f,0f,1f],start_interpolation: 0,interpolation_duration: 1}
$data merge entity $(right_arm) {transformation: [-1f,0f,0f,-0.4425f,0f,0.8647f,0.5024f,6.0619f,0f,0.5024f,-0.8647f,-0.2402f,0f,0f,0f,1f],start_interpolation: 0,interpolation_duration: 1}
$data merge entity $(left_thumb_2) {transformation: [-0.1943f,0.5672f,0.8003f,0.3164f,-0.5549f,0.6092f,-0.5665f,3.8788f,-0.8089f,-0.5541f,0.1964f,0.7723f,0f,0f,0f,1f],start_interpolation: 0,interpolation_duration: 1}
$data merge entity $(left_thumb) {transformation: [-0.1943f,0.9718f,-0.1336f,0.6598f,-0.5549f,-0.2212f,-0.802f,3.9013f,-0.8089f,-0.0817f,0.5822f,0.8577f,0f,0f,0f,1f],start_interpolation: 0,interpolation_duration: 1}
$data merge entity $(left_fingers2) {transformation: [0.8863f,0.1151f,0.4487f,0.1801f,0.1353f,0.862f,-0.4885f,3.3308f,-0.443f,0.4937f,0.7484f,1.1176f,0f,0f,0f,1f],start_interpolation: 0,interpolation_duration: 1}
$data merge entity $(left_fingers) {transformation: [0.7546f,0.4789f,0.4487f,0.2986f,-0.2417f,0.8384f,-0.4885f,3.5729f,-0.6101f,0.2602f,0.7484f,1.2145f,0f,0f,0f,1f],start_interpolation: 0,interpolation_duration: 1}
$data merge entity $(left_hand) {transformation: [0.0639f,0.7081f,0.7033f,0.7649f,-0.5932f,0.5936f,-0.5438f,3.9105f,-0.8025f,-0.3825f,0.4579f,0.9958f,0f,0f,0f,1f],start_interpolation: 0,interpolation_duration: 1}
$data merge entity $(left_forearm) {transformation: [-1.0254f,0.8886f,-0.237f,2.0518f,0.5438f,0.2996f,-1.2295f,4.3395f,-0.7416f,-1.0089f,-0.5738f,-0.5753f,0f,0f,0f,1f],start_interpolation: 0,interpolation_duration: 1}
$data merge entity $(left_shoulder) {transformation: [-1.3006f,-0.6362f,0.2316f,1.0065f,-0.5854f,1.3086f,0.3076f,5.8071f,-0.3401f,0.1804f,-1.4148f,-0.3784f,0f,0f,0f,1f],start_interpolation: 0,interpolation_duration: 1}
$data merge entity $(left_arm) {transformation: [-1f,0f,0f,0.4426f,0f,0.8647f,0.5024f,6.0619f,0f,0.5024f,-0.8647f,-0.2402f,0f,0f,0f,1f],start_interpolation: 0,interpolation_duration: 1}
$data merge entity $(chest) {transformation: [-1.2785f,0f,0f,0f,0f,1.1055f,0.6423f,4.5177f,0f,0.6423f,-1.1055f,-1.1774f,0f,0f,0f,1f],start_interpolation: 0,interpolation_duration: 1}
data modify storage animated_java:temp entry.data merge value {"locators":{"consume":{"px":-2.5363979214,"py":2.495422731,"pz":-1.0362004808,"ry":314.9583438261,"rx":-1.8081902152}}}
# Data Manager: Prepare for Read / Write
execute store result storage animated_java:temp args.id int 1 run scoreboard players get @s aj.id
# Data Manager: Write
function animated_java:global/data_manager/write with storage animated_java:temp args