# This file was generated by Animated Java via MC-Build. It is not recommended to edit this file directly.
$data merge entity $(neck) {transformation: [-1f,0f,0f,0f,0f,0.9702f,0.2423f,6.0562f,0f,0.2423f,-0.9702f,-0.1716f,0f,0f,0f,1f],start_interpolation: 0,interpolation_duration: 1}
$data merge entity $(right_thumb_2) {transformation: [-0.6438f,0.2967f,-0.7053f,-2.1269f,0.4163f,0.9092f,0.0025f,2.8636f,0.6421f,-0.292f,-0.7089f,-1.0881f,0f,0f,0f,1f],start_interpolation: 0,interpolation_duration: 1}
$data merge entity $(right_thumb) {transformation: [-0.6438f,-0.194f,-0.7402f,-2.2743f,0.4163f,0.7229f,-0.5515f,3.1657f,0.6421f,-0.6632f,-0.3846f,-1.2008f,0f,0f,0f,1f],start_interpolation: 0,interpolation_duration: 1}
$data merge entity $(right_fingers2) {transformation: [-0.541f,-0.4581f,-0.7053f,-2.5583f,-0.6481f,0.7615f,0.0025f,2.395f,0.536f,0.4585f,-0.7089f,-1.0348f,0f,0f,0f,1f],start_interpolation: 0,interpolation_duration: 1}
$data merge entity $(right_fingers) {transformation: [-0.7089f,-0.0032f,-0.7053f,-2.5843f,-0.007f,1f,0.0025f,2.6798f,0.7053f,0.0067f,-0.7089f,-1.0181f,0f,0f,0f,1f],start_interpolation: 0,interpolation_duration: 1}
$data merge entity $(scout) {transformation: [0f,0f,0f,-2.5321f,0f,0f,0f,2.6471f,0f,0f,0f,-1.2206f,0f,0f,0f,1f],start_interpolation: 0,interpolation_duration: 1}
$data merge entity $(right_hand) {transformation: [-0.6438f,0.2967f,-0.7053f,-2.43f,0.4163f,0.9092f,0.0025f,3.2363f,0.6421f,-0.292f,-0.7089f,-1.232f,0f,0f,0f,1f],start_interpolation: 0,interpolation_duration: 1}
$data merge entity $(right_forearm) {transformation: [-1.1932f,0.4087f,0.5535f,-1.7448f,0.1757f,1.2523f,-0.5458f,5.0951f,-0.6652f,-0.4022f,-1.137f,-1.8514f,0f,0f,0f,1f],start_interpolation: 0,interpolation_duration: 1}
$data merge entity $(right_shoulder) {transformation: [-1.4042f,0.368f,-0.2068f,-1.0065f,-0.0408f,0.5967f,1.3387f,5.7878f,0.4201f,1.2878f,-0.5612f,-0.3479f,0f,0f,0f,1f],start_interpolation: 0,interpolation_duration: 1}
$data merge entity $(right_arm) {transformation: [-1f,0f,0f,-0.4425f,0f,0.8525f,0.5228f,6.0391f,0f,0.5228f,-0.8525f,-0.2037f,0f,0f,0f,1f],start_interpolation: 0,interpolation_duration: 1}
$data merge entity $(left_thumb_2) {transformation: [-0.209f,0.5697f,0.7949f,0.3236f,-0.5474f,0.6054f,-0.5778f,3.8783f,-0.8104f,-0.5559f,0.1853f,0.7816f,0f,0f,0f,1f],start_interpolation: 0,interpolation_duration: 1}
$data merge entity $(left_thumb) {transformation: [-0.209f,0.9681f,-0.1383f,0.668f,-0.5474f,-0.233f,-0.8038f,3.8959f,-0.8104f,-0.0923f,0.5786f,0.8639f,0f,0f,0f,1f],start_interpolation: 0,interpolation_duration: 1}
$data merge entity $(left_fingers2) {transformation: [0.8837f,0.1308f,0.4495f,0.1836f,0.1268f,0.8574f,-0.4987f,3.3299f,-0.4506f,0.4977f,0.7411f,1.125f,0f,0f,0f,1f],start_interpolation: 0,interpolation_duration: 1}
$data merge entity $(left_fingers) {transformation: [0.7456f,0.492f,0.4495f,0.3061f,-0.2474f,0.8307f,-0.4987f,3.5699f,-0.6188f,0.2606f,0.7411f,1.2221f,0f,0f,0f,1f],start_interpolation: 0,interpolation_duration: 1}
$data merge entity $(left_hand) {transformation: [0.0487f,0.7119f,0.7006f,0.7745f,-0.589f,0.5869f,-0.5555f,3.9029f,-0.8066f,-0.3856f,0.4479f,1.001f,0f,0f,0f,1f],start_interpolation: 0,interpolation_duration: 1}
$data merge entity $(left_forearm) {transformation: [-1.0254f,0.8827f,-0.2581f,2.0518f,0.5613f,0.2945f,-1.2229f,4.3252f,-0.7285f,-1.0155f,-0.5789f,-0.5797f,0f,0f,0f,1f],start_interpolation: 0,interpolation_duration: 1}
$data merge entity $(left_shoulder) {transformation: [-1.3006f,-0.6362f,0.2316f,1.0065f,-0.5771f,1.304f,0.3411f,5.7878f,-0.354f,0.2115f,-1.4071f,-0.3479f,0f,0f,0f,1f],start_interpolation: 0,interpolation_duration: 1}
$data merge entity $(left_arm) {transformation: [-1f,0f,0f,0.4426f,0f,0.8525f,0.5228f,6.0391f,0f,0.5228f,-0.8525f,-0.2037f,0f,0f,0f,1f],start_interpolation: 0,interpolation_duration: 1}
$data merge entity $(chest) {transformation: [-1.2785f,0f,0f,0f,0f,1.0899f,0.6684f,4.5177f,0f,0.6684f,-1.0899f,-1.1774f,0f,0f,0f,1f],start_interpolation: 0,interpolation_duration: 1}
data modify storage animated_java:temp entry.data merge value {"locators":{"consume":{"px":-2.5197821076,"py":2.4827719663,"pz":-1.1791388843,"ry":315.1428027366,"rx":0.1449442741}}}
# Data Manager: Prepare for Read / Write
execute store result storage animated_java:temp args.id int 1 run scoreboard players get @s aj.id
# Data Manager: Write
function animated_java:global/data_manager/write with storage animated_java:temp args