# This file was generated by Animated Java via MC-Build. It is not recommended to edit this file directly.
$data merge entity $(neck) {transformation: [-1f,0f,0f,0f,0f,0.9698f,0.2439f,6.0545f,0f,0.2439f,-0.9698f,-0.169f,0f,0f,0f,1f],start_interpolation: 0,interpolation_duration: 1}
$data merge entity $(right_thumb_2) {transformation: [-0.6447f,0.2955f,-0.705f,-2.1245f,0.4105f,0.9118f,0.0068f,2.8621f,0.6448f,-0.285f,-0.7092f,-1.1054f,0f,0f,0f,1f],start_interpolation: 0,interpolation_duration: 1}
$data merge entity $(right_thumb) {transformation: [-0.6447f,-0.1947f,-0.7392f,-2.2724f,0.4105f,0.7275f,-0.5497f,3.1648f,0.6448f,-0.6578f,-0.3891f,-1.2159f,0f,0f,0f,1f],start_interpolation: 0,interpolation_duration: 1}
$data merge entity $(right_fingers2) {transformation: [-0.5403f,-0.4594f,-0.705f,-2.5552f,-0.6529f,0.7574f,0.0068f,2.3925f,0.5308f,0.464f,-0.7092f,-1.0558f,0f,0f,0f,1f],start_interpolation: 0,interpolation_duration: 1}
$data merge entity $(right_fingers) {transformation: [-0.7092f,-0.0046f,-0.705f,-2.5817f,-0.0133f,0.9999f,0.0068f,2.6771f,0.7049f,0.0142f,-0.7092f,-1.0371f,0f,0f,0f,1f],start_interpolation: 0,interpolation_duration: 1}
$data merge entity $(scout) {transformation: [0f,0f,0f,-2.5294f,0f,0f,0f,2.646f,0f,0f,0f,-1.2398f,0f,0f,0f,1f],start_interpolation: 0,interpolation_duration: 1}
$data merge entity $(right_hand) {transformation: [-0.6447f,0.2955f,-0.705f,-2.4281f,0.4105f,0.9118f,0.0068f,3.2354f,0.6448f,-0.285f,-0.7092f,-1.2467f,0f,0f,0f,1f],start_interpolation: 0,interpolation_duration: 1}
$data merge entity $(right_forearm) {transformation: [-1.1931f,0.407f,0.5549f,-1.7453f,0.179f,1.2559f,-0.5364f,5.0998f,-0.6645f,-0.3926f,-1.1408f,-1.8518f,0f,0f,0f,1f],start_interpolation: 0,interpolation_duration: 1}
$data merge entity $(right_shoulder) {transformation: [-1.4042f,0.3684f,-0.206f,-1.0065f,-0.0415f,0.5916f,1.3409f,5.7863f,0.4201f,1.29f,-0.5561f,-0.3458f,0f,0f,0f,1f],start_interpolation: 0,interpolation_duration: 1}
$data merge entity $(right_arm) {transformation: [-1f,0f,0f,-0.4425f,0f,0.8516f,0.5243f,6.0375f,0f,0.5243f,-0.8516f,-0.2011f,0f,0f,0f,1f],start_interpolation: 0,interpolation_duration: 1}
$data merge entity $(left_thumb_2) {transformation: [-0.2101f,0.5698f,0.7945f,0.3241f,-0.5468f,0.6051f,-0.5786f,3.8783f,-0.8105f,-0.556f,0.1845f,0.7823f,0f,0f,0f,1f],start_interpolation: 0,interpolation_duration: 1}
$data merge entity $(left_thumb) {transformation: [-0.2101f,0.9678f,-0.1386f,0.6686f,-0.5468f,-0.2338f,-0.8039f,3.8955f,-0.8105f,-0.0931f,0.5784f,0.8644f,0f,0f,0f,1f],start_interpolation: 0,interpolation_duration: 1}
$data merge entity $(left_fingers2) {transformation: [0.8835f,0.1319f,0.4496f,0.1839f,0.1262f,0.8571f,-0.4995f,3.3298f,-0.4512f,0.498f,0.7406f,1.1255f,0f,0f,0f,1f],start_interpolation: 0,interpolation_duration: 1}
$data merge entity $(left_fingers) {transformation: [0.7449f,0.4929f,0.4496f,0.3066f,-0.2478f,0.8301f,-0.4995f,3.5697f,-0.6194f,0.2607f,0.7406f,1.2227f,0f,0f,0f,1f],start_interpolation: 0,interpolation_duration: 1}
$data merge entity $(left_hand) {transformation: [0.0476f,0.7121f,0.7004f,0.7752f,-0.5887f,0.5865f,-0.5563f,3.9024f,-0.8069f,-0.3859f,0.4472f,1.0014f,0f,0f,0f,1f],start_interpolation: 0,interpolation_duration: 1}
$data merge entity $(left_forearm) {transformation: [-1.0254f,0.8822f,-0.2596f,2.0518f,0.5625f,0.2941f,-1.2224f,4.3242f,-0.7275f,-1.016f,-0.5792f,-0.58f,0f,0f,0f,1f],start_interpolation: 0,interpolation_duration: 1}
$data merge entity $(left_shoulder) {transformation: [-1.3006f,-0.6362f,0.2316f,1.0065f,-0.5765f,1.3036f,0.3435f,5.7863f,-0.3549f,0.2137f,-1.4065f,-0.3458f,0f,0f,0f,1f],start_interpolation: 0,interpolation_duration: 1}
$data merge entity $(left_arm) {transformation: [-1f,0f,0f,0.4426f,0f,0.8516f,0.5243f,6.0375f,0f,0.5243f,-0.8516f,-0.2011f,0f,0f,0f,1f],start_interpolation: 0,interpolation_duration: 1}
$data merge entity $(chest) {transformation: [-1.2785f,0f,0f,0f,0f,1.0888f,0.6703f,4.5177f,0f,0.6703f,-1.0888f,-1.1774f,0f,0f,0f,1f],start_interpolation: 0,interpolation_duration: 1}
data modify storage animated_java:temp entry.data merge value {"locators":{"consume":{"px":-2.5168034812,"py":2.4813845848,"pz":-1.1994960642,"ry":315.1694100071,"rx":0.3900699407}}}
# Data Manager: Prepare for Read / Write
execute store result storage animated_java:temp args.id int 1 run scoreboard players get @s aj.id
# Data Manager: Write
function animated_java:global/data_manager/write with storage animated_java:temp args