# This file was generated by Animated Java via MC-Build. It is not recommended to edit this file directly.
$data merge entity $(neck) {transformation: [-1f,0f,0f,0f,0f,0.9694f,0.2454f,6.053f,0f,0.2454f,-0.9694f,-0.1666f,0f,0f,0f,1f],start_interpolation: 0,interpolation_duration: 1}
$data merge entity $(right_thumb_2) {transformation: [-0.6457f,0.2943f,-0.7046f,-2.122f,0.4046f,0.9144f,0.0111f,2.8607f,0.6476f,-0.2779f,-0.7095f,-1.1233f,0f,0f,0f,1f],start_interpolation: 0,interpolation_duration: 1}
$data merge entity $(right_thumb) {transformation: [-0.6457f,-0.1955f,-0.7382f,-2.2702f,0.4046f,0.7323f,-0.5478f,3.164f,0.6476f,-0.6524f,-0.3937f,-1.2316f,0f,0f,0f,1f],start_interpolation: 0,interpolation_duration: 1}
$data merge entity $(right_fingers2) {transformation: [-0.5396f,-0.4608f,-0.7046f,-2.552f,-0.6578f,0.7531f,0.0111f,2.3901f,0.5255f,0.4695f,-0.7095f,-1.0775f,0f,0f,0f,1f],start_interpolation: 0,interpolation_duration: 1}
$data merge entity $(right_fingers) {transformation: [-0.7095f,-0.0062f,-0.7046f,-2.5789f,-0.0198f,0.9997f,0.0111f,2.6745f,0.7044f,0.0219f,-0.7095f,-1.0566f,0f,0f,0f,1f],start_interpolation: 0,interpolation_duration: 1}
$data merge entity $(scout) {transformation: [0f,0f,0f,-2.5264f,0f,0f,0f,2.6449f,0f,0f,0f,-1.2595f,0f,0f,0f,1f],start_interpolation: 0,interpolation_duration: 1}
$data merge entity $(right_hand) {transformation: [-0.6457f,0.2943f,-0.7046f,-2.4261f,0.4046f,0.9144f,0.0111f,3.2346f,0.6476f,-0.2779f,-0.7095f,-1.2619f,0f,0f,0f,1f],start_interpolation: 0,interpolation_duration: 1}
$data merge entity $(right_forearm) {transformation: [-1.193f,0.4053f,0.5563f,-1.7459f,0.1822f,1.2595f,-0.5268f,5.1046f,-0.6638f,-0.3827f,-1.1446f,-1.8524f,0f,0f,0f,1f],start_interpolation: 0,interpolation_duration: 1}
$data merge entity $(right_shoulder) {transformation: [-1.4042f,0.3689f,-0.2052f,-1.0065f,-0.0422f,0.5866f,1.3431f,5.7851f,0.42f,1.2922f,-0.5511f,-0.3439f,0f,0f,0f,1f],start_interpolation: 0,interpolation_duration: 1}
$data merge entity $(right_arm) {transformation: [-1f,0f,0f,-0.4425f,0f,0.8508f,0.5256f,6.036f,0f,0.5256f,-0.8508f,-0.1988f,0f,0f,0f,1f],start_interpolation: 0,interpolation_duration: 1}
$data merge entity $(left_thumb_2) {transformation: [-0.211f,0.57f,0.7941f,0.3246f,-0.5464f,0.6049f,-0.5793f,3.8782f,-0.8105f,-0.5561f,0.1838f,0.7829f,0f,0f,0f,1f],start_interpolation: 0,interpolation_duration: 1}
$data merge entity $(left_thumb) {transformation: [-0.211f,0.9676f,-0.1389f,0.6691f,-0.5464f,-0.2346f,-0.804f,3.8951f,-0.8105f,-0.0938f,0.5781f,0.8648f,0f,0f,0f,1f],start_interpolation: 0,interpolation_duration: 1}
$data merge entity $(left_fingers2) {transformation: [0.8833f,0.1329f,0.4496f,0.1841f,0.1257f,0.8568f,-0.5001f,3.3298f,-0.4517f,0.4982f,0.7401f,1.126f,0f,0f,0f,1f],start_interpolation: 0,interpolation_duration: 1}
$data merge entity $(left_fingers) {transformation: [0.7444f,0.4937f,0.4496f,0.3071f,-0.2482f,0.8296f,-0.5001f,3.5695f,-0.6199f,0.2607f,0.7401f,1.2232f,0f,0f,0f,1f],start_interpolation: 0,interpolation_duration: 1}
$data merge entity $(left_hand) {transformation: [0.0466f,0.7124f,0.7002f,0.7759f,-0.5884f,0.586f,-0.557f,3.9019f,-0.8072f,-0.3861f,0.4465f,1.0018f,0f,0f,0f,1f],start_interpolation: 0,interpolation_duration: 1}
$data merge entity $(left_forearm) {transformation: [-1.0254f,0.8818f,-0.2609f,2.0518f,0.5636f,0.2938f,-1.2219f,4.3233f,-0.7267f,-1.0164f,-0.5796f,-0.5803f,0f,0f,0f,1f],start_interpolation: 0,interpolation_duration: 1}
$data merge entity $(left_shoulder) {transformation: [-1.3006f,-0.6362f,0.2316f,1.0065f,-0.576f,1.3033f,0.3457f,5.7851f,-0.3558f,0.2156f,-1.406f,-0.3439f,0f,0f,0f,1f],start_interpolation: 0,interpolation_duration: 1}
$data merge entity $(left_arm) {transformation: [-1f,0f,0f,0.4426f,0f,0.8508f,0.5256f,6.036f,0f,0.5256f,-0.8508f,-0.1988f,0f,0f,0f,1f],start_interpolation: 0,interpolation_duration: 1}
$data merge entity $(chest) {transformation: [-1.2785f,0f,0f,0f,0f,1.0877f,0.6719f,4.5177f,0f,0.6719f,-1.0877f,-1.1774f,0f,0f,0f,1f],start_interpolation: 0,interpolation_duration: 1}
data modify storage animated_java:temp entry.data merge value {"locators":{"consume":{"px":-2.5136398693,"py":2.4800811602,"pz":-1.2205224634,"ry":315.1965847135,"rx":0.638737233}}}
# Data Manager: Prepare for Read / Write
execute store result storage animated_java:temp args.id int 1 run scoreboard players get @s aj.id
# Data Manager: Write
function animated_java:global/data_manager/write with storage animated_java:temp args