# This file was generated by Animated Java via MC-Build. It is not recommended to edit this file directly.
$data merge entity $(neck) {transformation: [-1f,0f,0f,0f,0f,0.9691f,0.2467f,6.0516f,0f,0.2467f,-0.9691f,-0.1646f,0f,0f,0f,1f],start_interpolation: 0,interpolation_duration: 1}
$data merge entity $(right_thumb_2) {transformation: [-0.6467f,0.2929f,-0.7043f,-2.1194f,0.3985f,0.917f,0.0155f,2.8594f,0.6504f,-0.2706f,-0.7098f,-1.1417f,0f,0f,0f,1f],start_interpolation: 0,interpolation_duration: 1}
$data merge entity $(right_thumb) {transformation: [-0.6467f,-0.1963f,-0.737f,-2.268f,0.3985f,0.737f,-0.5459f,3.1632f,0.6504f,-0.6468f,-0.3984f,-1.2477f,0f,0f,0f,1f],start_interpolation: 0,interpolation_duration: 1}
$data merge entity $(right_fingers2) {transformation: [-0.5388f,-0.4623f,-0.7043f,-2.5486f,-0.6627f,0.7487f,0.0155f,2.3877f,0.5201f,0.4751f,-0.7098f,-1.0998f,0f,0f,0f,1f],start_interpolation: 0,interpolation_duration: 1}
$data merge entity $(right_fingers) {transformation: [-0.7099f,-0.0078f,-0.7043f,-2.576f,-0.0264f,0.9995f,0.0155f,2.6719f,0.7038f,0.0296f,-0.7098f,-1.0767f,0f,0f,0f,1f],start_interpolation: 0,interpolation_duration: 1}
$data merge entity $(scout) {transformation: [0f,0f,0f,-2.5234f,0f,0f,0f,2.644f,0f,0f,0f,-1.2798f,0f,0f,0f,1f],start_interpolation: 0,interpolation_duration: 1}
$data merge entity $(right_hand) {transformation: [-0.6467f,0.2929f,-0.7043f,-2.424f,0.3985f,0.917f,0.0155f,3.2338f,0.6504f,-0.2706f,-0.7098f,-1.2776f,0f,0f,0f,1f],start_interpolation: 0,interpolation_duration: 1}
$data merge entity $(right_forearm) {transformation: [-1.193f,0.4035f,0.5578f,-1.7465f,0.1854f,1.2631f,-0.517f,5.1095f,-0.663f,-0.3727f,-1.1483f,-1.8531f,0f,0f,0f,1f],start_interpolation: 0,interpolation_duration: 1}
$data merge entity $(right_shoulder) {transformation: [-1.4042f,0.3694f,-0.2043f,-1.0065f,-0.0427f,0.5816f,1.3453f,5.784f,0.42f,1.2943f,-0.5462f,-0.3422f,0f,0f,0f,1f],start_interpolation: 0,interpolation_duration: 1}
$data merge entity $(right_arm) {transformation: [-1f,0f,0f,-0.4425f,0f,0.8501f,0.5267f,6.0347f,0f,0.5267f,-0.8501f,-0.1968f,0f,0f,0f,1f],start_interpolation: 0,interpolation_duration: 1}
$data merge entity $(left_thumb_2) {transformation: [-0.2118f,0.5701f,0.7938f,0.3251f,-0.5459f,0.6047f,-0.5799f,3.8782f,-0.8106f,-0.5562f,0.1831f,0.7835f,0f,0f,0f,1f],start_interpolation: 0,interpolation_duration: 1}
$data merge entity $(left_thumb) {transformation: [-0.2118f,0.9673f,-0.1391f,0.6696f,-0.5459f,-0.2352f,-0.8041f,3.8948f,-0.8106f,-0.0944f,0.5779f,0.8651f,0f,0f,0f,1f],start_interpolation: 0,interpolation_duration: 1}
$data merge entity $(left_fingers2) {transformation: [0.8831f,0.1338f,0.4497f,0.1844f,0.1252f,0.8565f,-0.5007f,3.3297f,-0.4521f,0.4985f,0.7397f,1.1264f,0f,0f,0f,1f],start_interpolation: 0,interpolation_duration: 1}
$data merge entity $(left_fingers) {transformation: [0.7438f,0.4945f,0.4497f,0.3076f,-0.2485f,0.8292f,-0.5007f,3.5693f,-0.6204f,0.2607f,0.7397f,1.2236f,0f,0f,0f,1f],start_interpolation: 0,interpolation_duration: 1}
$data merge entity $(left_hand) {transformation: [0.0457f,0.7126f,0.7001f,0.7764f,-0.5882f,0.5857f,-0.5577f,3.9014f,-0.8074f,-0.3863f,0.4459f,1.0021f,0f,0f,0f,1f],start_interpolation: 0,interpolation_duration: 1}
$data merge entity $(left_forearm) {transformation: [-1.0254f,0.8815f,-0.2621f,2.0518f,0.5646f,0.2935f,-1.2216f,4.3225f,-0.7259f,-1.0168f,-0.5798f,-0.5806f,0f,0f,0f,1f],start_interpolation: 0,interpolation_duration: 1}
$data merge entity $(left_shoulder) {transformation: [-1.3006f,-0.6362f,0.2316f,1.0065f,-0.5755f,1.303f,0.3476f,5.784f,-0.3566f,0.2174f,-1.4055f,-0.3422f,0f,0f,0f,1f],start_interpolation: 0,interpolation_duration: 1}
$data merge entity $(left_arm) {transformation: [-1f,0f,0f,0.4426f,0f,0.8501f,0.5267f,6.0347f,0f,0.5267f,-0.8501f,-0.1968f,0f,0f,0f,1f],start_interpolation: 0,interpolation_duration: 1}
$data merge entity $(chest) {transformation: [-1.2785f,0f,0f,0f,0f,1.0868f,0.6734f,4.5177f,0f,0.6734f,-1.0868f,-1.1774f,0f,0f,0f,1f],start_interpolation: 0,interpolation_duration: 1}
data modify storage animated_java:temp entry.data merge value {"locators":{"consume":{"px":-2.5103091289,"py":2.4788806041,"pz":-1.2420908045,"ry":315.2241289144,"rx":0.8894338732}}}
# Data Manager: Prepare for Read / Write
execute store result storage animated_java:temp args.id int 1 run scoreboard players get @s aj.id
# Data Manager: Write
function animated_java:global/data_manager/write with storage animated_java:temp args