# This file was generated by Animated Java via MC-Build. It is not recommended to edit this file directly.
$data merge entity $(neck) {transformation: [-1f,0f,0f,0f,0f,0.9688f,0.2478f,6.0504f,0f,0.2478f,-0.9688f,-0.1628f,0f,0f,0f,1f],start_interpolation: 0,interpolation_duration: 1}
$data merge entity $(right_thumb_2) {transformation: [-0.6478f,0.2915f,-0.7039f,-2.1166f,0.3923f,0.9196f,0.0199f,2.8581f,0.6531f,-0.2632f,-0.7101f,-1.1605f,0f,0f,0f,1f],start_interpolation: 0,interpolation_duration: 1}
$data merge entity $(right_thumb) {transformation: [-0.6478f,-0.1972f,-0.7359f,-2.2657f,0.3923f,0.7417f,-0.544f,3.1626f,0.6531f,-0.6411f,-0.4031f,-1.2642f,0f,0f,0f,1f],start_interpolation: 0,interpolation_duration: 1}
$data merge entity $(right_fingers2) {transformation: [-0.538f,-0.4639f,-0.7039f,-2.545f,-0.6677f,0.7442f,0.0199f,2.3854f,0.5146f,0.4807f,-0.7101f,-1.1225f,0f,0f,0f,1f],start_interpolation: 0,interpolation_duration: 1}
$data merge entity $(right_fingers) {transformation: [-0.7103f,-0.0095f,-0.7039f,-2.573f,-0.0331f,0.9993f,0.0199f,2.6694f,0.7031f,0.0375f,-0.7101f,-1.0972f,0f,0f,0f,1f],start_interpolation: 0,interpolation_duration: 1}
$data merge entity $(scout) {transformation: [0f,0f,0f,-2.5201f,0f,0f,0f,2.6432f,0f,0f,0f,-1.3005f,0f,0f,0f,1f],start_interpolation: 0,interpolation_duration: 1}
$data merge entity $(right_hand) {transformation: [-0.6478f,0.2915f,-0.7039f,-2.4218f,0.3923f,0.9196f,0.0199f,3.2331f,0.6531f,-0.2632f,-0.7101f,-1.2936f,0f,0f,0f,1f],start_interpolation: 0,interpolation_duration: 1}
$data merge entity $(right_forearm) {transformation: [-1.1929f,0.4016f,0.5594f,-1.747f,0.1886f,1.2667f,-0.5071f,5.1144f,-0.6623f,-0.3625f,-1.152f,-1.8539f,0f,0f,0f,1f],start_interpolation: 0,interpolation_duration: 1}
$data merge entity $(right_shoulder) {transformation: [-1.4042f,0.3699f,-0.2034f,-1.0065f,-0.0432f,0.5768f,1.3473f,5.783f,0.4199f,1.2963f,-0.5415f,-0.3407f,0f,0f,0f,1f],start_interpolation: 0,interpolation_duration: 1}
$data merge entity $(right_arm) {transformation: [-1f,0f,0f,-0.4425f,0f,0.8495f,0.5277f,6.0335f,0f,0.5277f,-0.8495f,-0.195f,0f,0f,0f,1f],start_interpolation: 0,interpolation_duration: 1}
$data merge entity $(left_thumb_2) {transformation: [-0.2126f,0.5702f,0.7935f,0.3254f,-0.5456f,0.6045f,-0.5805f,3.8781f,-0.8107f,-0.5563f,0.1826f,0.7839f,0f,0f,0f,1f],start_interpolation: 0,interpolation_duration: 1}
$data merge entity $(left_thumb) {transformation: [-0.2126f,0.9672f,-0.1393f,0.6701f,-0.5456f,-0.2358f,-0.8042f,3.8945f,-0.8107f,-0.0949f,0.5778f,0.8654f,0f,0f,0f,1f],start_interpolation: 0,interpolation_duration: 1}
$data merge entity $(left_fingers2) {transformation: [0.883f,0.1345f,0.4497f,0.1846f,0.1248f,0.8563f,-0.5012f,3.3296f,-0.4525f,0.4987f,0.7393f,1.1268f,0f,0f,0f,1f],start_interpolation: 0,interpolation_duration: 1}
$data merge entity $(left_fingers) {transformation: [0.7434f,0.4951f,0.4497f,0.308f,-0.2488f,0.8288f,-0.5012f,3.5692f,-0.6209f,0.2607f,0.7393f,1.224f,0f,0f,0f,1f],start_interpolation: 0,interpolation_duration: 1}
$data merge entity $(left_hand) {transformation: [0.045f,0.7128f,0.7f,0.7769f,-0.588f,0.5854f,-0.5582f,3.9011f,-0.8076f,-0.3865f,0.4454f,1.0023f,0f,0f,0f,1f],start_interpolation: 0,interpolation_duration: 1}
$data merge entity $(left_forearm) {transformation: [-1.0254f,0.8812f,-0.2631f,2.0518f,0.5654f,0.2933f,-1.2212f,4.3218f,-0.7253f,-1.0172f,-0.5801f,-0.5808f,0f,0f,0f,1f],start_interpolation: 0,interpolation_duration: 1}
$data merge entity $(left_shoulder) {transformation: [-1.3006f,-0.6362f,0.2316f,1.0065f,-0.5751f,1.3028f,0.3492f,5.783f,-0.3572f,0.2189f,-1.4051f,-0.3407f,0f,0f,0f,1f],start_interpolation: 0,interpolation_duration: 1}
$data merge entity $(left_arm) {transformation: [-1f,0f,0f,0.4426f,0f,0.8495f,0.5277f,6.0335f,0f,0.5277f,-0.8495f,-0.195f,0f,0f,0f,1f],start_interpolation: 0,interpolation_duration: 1}
$data merge entity $(chest) {transformation: [-1.2785f,0f,0f,0f,0f,1.0861f,0.6746f,4.5177f,0f,0.6746f,-1.0861f,-1.1774f,0f,0f,0f,1f],start_interpolation: 0,interpolation_duration: 1}
data modify storage animated_java:temp entry.data merge value {"locators":{"consume":{"px":-2.5068302582,"py":2.4777980657,"pz":-1.2640698653,"ry":315.2518618017,"rx":1.1406300632}}}
# Data Manager: Prepare for Read / Write
execute store result storage animated_java:temp args.id int 1 run scoreboard players get @s aj.id
# Data Manager: Write
function animated_java:global/data_manager/write with storage animated_java:temp args