# This file was generated by Animated Java via MC-Build. It is not recommended to edit this file directly.
$data merge entity $(neck) {transformation: [-1f,0f,0f,0f,0f,0.9686f,0.2487f,6.0495f,0f,0.2487f,-0.9686f,-0.1614f,0f,0f,0f,1f],start_interpolation: 0,interpolation_duration: 1}
$data merge entity $(right_thumb_2) {transformation: [-0.6488f,0.2901f,-0.7034f,-2.1137f,0.386f,0.9222f,0.0243f,2.857f,0.6557f,-0.2558f,-0.7103f,-1.1795f,0f,0f,0f,1f],start_interpolation: 0,interpolation_duration: 1}
$data merge entity $(right_thumb) {transformation: [-0.6488f,-0.1981f,-0.7347f,-2.2633f,0.386f,0.7464f,-0.5421f,3.162f,0.6557f,-0.6354f,-0.4078f,-1.2809f,0f,0f,0f,1f],start_interpolation: 0,interpolation_duration: 1}
$data merge entity $(right_fingers2) {transformation: [-0.5371f,-0.4654f,-0.7034f,-2.5414f,-0.6726f,0.7396f,0.0243f,2.3833f,0.5089f,0.4862f,-0.7103f,-1.1456f,0f,0f,0f,1f],start_interpolation: 0,interpolation_duration: 1}
$data merge entity $(right_fingers) {transformation: [-0.7107f,-0.0113f,-0.7034f,-2.5698f,-0.0399f,0.9989f,0.0243f,2.667f,0.7024f,0.0453f,-0.7103f,-1.118f,0f,0f,0f,1f],start_interpolation: 0,interpolation_duration: 1}
$data merge entity $(scout) {transformation: [0f,0f,0f,-2.5168f,0f,0f,0f,2.6425f,0f,0f,0f,-1.3215f,0f,0f,0f,1f],start_interpolation: 0,interpolation_duration: 1}
$data merge entity $(right_hand) {transformation: [-0.6488f,0.2901f,-0.7034f,-2.4194f,0.386f,0.9222f,0.0243f,3.2325f,0.6557f,-0.2558f,-0.7103f,-1.3098f,0f,0f,0f,1f],start_interpolation: 0,interpolation_duration: 1}
$data merge entity $(right_forearm) {transformation: [-1.1928f,0.3996f,0.561f,-1.7477f,0.1918f,1.2702f,-0.497f,5.1193f,-0.6615f,-0.3523f,-1.1556f,-1.8549f,0f,0f,0f,1f],start_interpolation: 0,interpolation_duration: 1}
$data merge entity $(right_shoulder) {transformation: [-1.4042f,0.3704f,-0.2024f,-1.0065f,-0.0436f,0.5721f,1.3493f,5.7822f,0.4199f,1.2982f,-0.5369f,-0.3395f,0f,0f,0f,1f],start_interpolation: 0,interpolation_duration: 1}
$data merge entity $(right_arm) {transformation: [-1f,0f,0f,-0.4425f,0f,0.849f,0.5285f,6.0326f,0f,0.5285f,-0.849f,-0.1936f,0f,0f,0f,1f],start_interpolation: 0,interpolation_duration: 1}
$data merge entity $(left_thumb_2) {transformation: [-0.2131f,0.5703f,0.7933f,0.3257f,-0.5453f,0.6043f,-0.5809f,3.8781f,-0.8107f,-0.5564f,0.1821f,0.7843f,0f,0f,0f,1f],start_interpolation: 0,interpolation_duration: 1}
$data merge entity $(left_thumb) {transformation: [-0.2131f,0.967f,-0.1395f,0.6704f,-0.5453f,-0.2362f,-0.8043f,3.8943f,-0.8107f,-0.0954f,0.5776f,0.8657f,0f,0f,0f,1f],start_interpolation: 0,interpolation_duration: 1}
$data merge entity $(left_fingers2) {transformation: [0.8829f,0.1351f,0.4498f,0.1847f,0.1245f,0.8561f,-0.5016f,3.3296f,-0.4528f,0.4988f,0.739f,1.1271f,0f,0f,0f,1f],start_interpolation: 0,interpolation_duration: 1}
$data merge entity $(left_fingers) {transformation: [0.743f,0.4956f,0.4498f,0.3083f,-0.249f,0.8285f,-0.5016f,3.569f,-0.6212f,0.2607f,0.739f,1.2243f,0f,0f,0f,1f],start_interpolation: 0,interpolation_duration: 1}
$data merge entity $(left_hand) {transformation: [0.0444f,0.7129f,0.6999f,0.7773f,-0.5878f,0.5851f,-0.5587f,3.9008f,-0.8078f,-0.3866f,0.445f,1.0025f,0f,0f,0f,1f],start_interpolation: 0,interpolation_duration: 1}
$data merge entity $(left_forearm) {transformation: [-1.0254f,0.8809f,-0.2639f,2.0518f,0.5661f,0.2931f,-1.221f,4.3213f,-0.7247f,-1.0174f,-0.5803f,-0.581f,0f,0f,0f,1f],start_interpolation: 0,interpolation_duration: 1}
$data merge entity $(left_shoulder) {transformation: [-1.3006f,-0.6362f,0.2316f,1.0065f,-0.5748f,1.3025f,0.3505f,5.7822f,-0.3578f,0.2201f,-1.4048f,-0.3395f,0f,0f,0f,1f],start_interpolation: 0,interpolation_duration: 1}
$data merge entity $(left_arm) {transformation: [-1f,0f,0f,0.4426f,0f,0.849f,0.5285f,6.0326f,0f,0.5285f,-0.849f,-0.1936f,0f,0f,0f,1f],start_interpolation: 0,interpolation_duration: 1}
$data merge entity $(chest) {transformation: [-1.2785f,0f,0f,0f,0f,1.0854f,0.6757f,4.5177f,0f,0.6757f,-1.0854f,-1.1774f,0f,0f,0f,1f],start_interpolation: 0,interpolation_duration: 1}
data modify storage animated_java:temp entry.data merge value {"locators":{"consume":{"px":-2.5032233182,"py":2.4768446364,"pz":-1.2863252842,"ry":315.2796210982,"rx":1.3907876694}}}
# Data Manager: Prepare for Read / Write
execute store result storage animated_java:temp args.id int 1 run scoreboard players get @s aj.id
# Data Manager: Write
function animated_java:global/data_manager/write with storage animated_java:temp args