# This file was generated by Animated Java via MC-Build. It is not recommended to edit this file directly.
$data merge entity $(neck) {transformation: [-1f,0f,0f,0f,0f,0.9684f,0.2494f,6.0487f,0f,0.2494f,-0.9684f,-0.1602f,0f,0f,0f,1f],start_interpolation: 0,interpolation_duration: 1}
$data merge entity $(right_thumb_2) {transformation: [-0.65f,0.2886f,-0.703f,-2.1107f,0.3797f,0.9247f,0.0286f,2.8561f,0.6583f,-0.2484f,-0.7106f,-1.1986f,0f,0f,0f,1f],start_interpolation: 0,interpolation_duration: 1}
$data merge entity $(right_thumb) {transformation: [-0.65f,-0.199f,-0.7335f,-2.2608f,0.3797f,0.751f,-0.5402f,3.1616f,0.6583f,-0.6296f,-0.4126f,-1.2978f,0f,0f,0f,1f],start_interpolation: 0,interpolation_duration: 1}
$data merge entity $(right_fingers2) {transformation: [-0.5363f,-0.4671f,-0.703f,-2.5376f,-0.6776f,0.7349f,0.0286f,2.3813f,0.5033f,0.4917f,-0.7106f,-1.1687f,0f,0f,0f,1f],start_interpolation: 0,interpolation_duration: 1}
$data merge entity $(right_fingers) {transformation: [-0.7111f,-0.0131f,-0.703f,-2.5665f,-0.0466f,0.9985f,0.0286f,2.6647f,0.7016f,0.0531f,-0.7106f,-1.139f,0f,0f,0f,1f],start_interpolation: 0,interpolation_duration: 1}
$data merge entity $(scout) {transformation: [0f,0f,0f,-2.5133f,0f,0f,0f,2.6419f,0f,0f,0f,-1.3426f,0f,0f,0f,1f],start_interpolation: 0,interpolation_duration: 1}
$data merge entity $(right_hand) {transformation: [-0.65f,0.2886f,-0.703f,-2.4171f,0.3797f,0.9247f,0.0286f,3.232f,0.6583f,-0.2484f,-0.7106f,-1.3262f,0f,0f,0f,1f],start_interpolation: 0,interpolation_duration: 1}
$data merge entity $(right_forearm) {transformation: [-1.1927f,0.3976f,0.5626f,-1.7483f,0.1948f,1.2736f,-0.4869f,5.1242f,-0.6608f,-0.3421f,-1.1591f,-1.8561f,0f,0f,0f,1f],start_interpolation: 0,interpolation_duration: 1}
$data merge entity $(right_shoulder) {transformation: [-1.4042f,0.3709f,-0.2015f,-1.0065f,-0.0439f,0.5676f,1.3512f,5.7816f,0.4198f,1.3f,-0.5324f,-0.3386f,0f,0f,0f,1f],start_interpolation: 0,interpolation_duration: 1}
$data merge entity $(right_arm) {transformation: [-1f,0f,0f,-0.4425f,0f,0.8486f,0.5291f,6.0319f,0f,0.5291f,-0.8486f,-0.1925f,0f,0f,0f,1f],start_interpolation: 0,interpolation_duration: 1}
$data merge entity $(left_thumb_2) {transformation: [-0.2136f,0.5703f,0.7931f,0.326f,-0.545f,0.6042f,-0.5813f,3.8781f,-0.8108f,-0.5564f,0.1818f,0.7846f,0f,0f,0f,1f],start_interpolation: 0,interpolation_duration: 1}
$data merge entity $(left_thumb) {transformation: [-0.2136f,0.9669f,-0.1397f,0.6707f,-0.545f,-0.2366f,-0.8043f,3.8941f,-0.8108f,-0.0957f,0.5775f,0.8659f,0f,0f,0f,1f],start_interpolation: 0,interpolation_duration: 1}
$data merge entity $(left_fingers2) {transformation: [0.8828f,0.1356f,0.4498f,0.1849f,0.1242f,0.856f,-0.5019f,3.3296f,-0.4531f,0.4989f,0.7388f,1.1273f,0f,0f,0f,1f],start_interpolation: 0,interpolation_duration: 1}
$data merge entity $(left_fingers) {transformation: [0.7427f,0.496f,0.4498f,0.3086f,-0.2492f,0.8283f,-0.5019f,3.5689f,-0.6215f,0.2607f,0.7388f,1.2246f,0f,0f,0f,1f],start_interpolation: 0,interpolation_duration: 1}
$data merge entity $(left_hand) {transformation: [0.0439f,0.713f,0.6998f,0.7777f,-0.5877f,0.5849f,-0.559f,3.9005f,-0.8079f,-0.3867f,0.4447f,1.0027f,0f,0f,0f,1f],start_interpolation: 0,interpolation_duration: 1}
$data merge entity $(left_forearm) {transformation: [-1.0254f,0.8807f,-0.2646f,2.0518f,0.5666f,0.2929f,-1.2207f,4.3208f,-0.7243f,-1.0176f,-0.5804f,-0.5811f,0f,0f,0f,1f],start_interpolation: 0,interpolation_duration: 1}
$data merge entity $(left_shoulder) {transformation: [-1.3006f,-0.6362f,0.2316f,1.0065f,-0.5745f,1.3024f,0.3515f,5.7816f,-0.3582f,0.2211f,-1.4045f,-0.3386f,0f,0f,0f,1f],start_interpolation: 0,interpolation_duration: 1}
$data merge entity $(left_arm) {transformation: [-1f,0f,0f,0.4426f,0f,0.8486f,0.5291f,6.0319f,0f,0.5291f,-0.8486f,-0.1925f,0f,0f,0f,1f],start_interpolation: 0,interpolation_duration: 1}
$data merge entity $(chest) {transformation: [-1.2785f,0f,0f,0f,0f,1.0849f,0.6765f,4.5177f,0f,0.6765f,-1.0849f,-1.1774f,0f,0f,0f,1f],start_interpolation: 0,interpolation_duration: 1}
data modify storage animated_java:temp entry.data merge value {"locators":{"consume":{"px":-2.4995093431,"py":2.476027161,"pz":-1.3087204044,"ry":315.3072638654,"rx":1.6383696008}}}
# Data Manager: Prepare for Read / Write
execute store result storage animated_java:temp args.id int 1 run scoreboard players get @s aj.id
# Data Manager: Write
function animated_java:global/data_manager/write with storage animated_java:temp args