# This file was generated by Animated Java via MC-Build. It is not recommended to edit this file directly.
$data merge entity $(neck) {transformation: [-1f,0f,0f,0f,0f,0.9683f,0.25f,6.0482f,0f,0.25f,-0.9683f,-0.1594f,0f,0f,0f,1f],start_interpolation: 0,interpolation_duration: 1}
$data merge entity $(right_thumb_2) {transformation: [-0.6511f,0.2871f,-0.7026f,-2.1077f,0.3734f,0.9271f,0.0328f,2.8552f,0.6608f,-0.241f,-0.7108f,-1.2178f,0f,0f,0f,1f],start_interpolation: 0,interpolation_duration: 1}
$data merge entity $(right_thumb) {transformation: [-0.6511f,-0.1999f,-0.7322f,-2.2582f,0.3734f,0.7555f,-0.5383f,3.1612f,0.6608f,-0.6239f,-0.4173f,-1.3147f,0f,0f,0f,1f],start_interpolation: 0,interpolation_duration: 1}
$data merge entity $(right_fingers2) {transformation: [-0.5354f,-0.4687f,-0.7026f,-2.5337f,-0.6824f,0.7302f,0.0328f,2.3795f,0.4977f,0.497f,-0.7108f,-1.1919f,0f,0f,0f,1f],start_interpolation: 0,interpolation_duration: 1}
$data merge entity $(right_fingers) {transformation: [-0.7114f,-0.0149f,-0.7026f,-2.5632f,-0.0534f,0.998f,0.0328f,2.6626f,0.7007f,0.0609f,-0.7108f,-1.16f,0f,0f,0f,1f],start_interpolation: 0,interpolation_duration: 1}
$data merge entity $(scout) {transformation: [0f,0f,0f,-2.5098f,0f,0f,0f,2.6415f,0f,0f,0f,-1.3637f,0f,0f,0f,1f],start_interpolation: 0,interpolation_duration: 1}
$data merge entity $(right_hand) {transformation: [-0.6511f,0.2871f,-0.7026f,-2.4146f,0.3734f,0.9271f,0.0328f,3.2316f,0.6608f,-0.241f,-0.7108f,-1.3427f,0f,0f,0f,1f],start_interpolation: 0,interpolation_duration: 1}
$data merge entity $(right_forearm) {transformation: [-1.1926f,0.3955f,0.5643f,-1.7489f,0.1978f,1.2769f,-0.4769f,5.1291f,-0.6601f,-0.3319f,-1.1624f,-1.8574f,0f,0f,0f,1f],start_interpolation: 0,interpolation_duration: 1}
$data merge entity $(right_shoulder) {transformation: [-1.4042f,0.3715f,-0.2005f,-1.0065f,-0.0441f,0.5632f,1.353f,5.7811f,0.4198f,1.3018f,-0.5282f,-0.3379f,0f,0f,0f,1f],start_interpolation: 0,interpolation_duration: 1}
$data merge entity $(right_arm) {transformation: [-1f,0f,0f,-0.4425f,0f,0.8483f,0.5296f,6.0314f,0f,0.5296f,-0.8483f,-0.1917f,0f,0f,0f,1f],start_interpolation: 0,interpolation_duration: 1}
$data merge entity $(left_thumb_2) {transformation: [-0.2139f,0.5704f,0.793f,0.3262f,-0.5448f,0.6041f,-0.5815f,3.878f,-0.8108f,-0.5565f,0.1815f,0.7848f,0f,0f,0f,1f],start_interpolation: 0,interpolation_duration: 1}
$data merge entity $(left_thumb) {transformation: [-0.2139f,0.9668f,-0.1398f,0.6709f,-0.5448f,-0.2368f,-0.8044f,3.894f,-0.8108f,-0.0959f,0.5774f,0.866f,0f,0f,0f,1f],start_interpolation: 0,interpolation_duration: 1}
$data merge entity $(left_fingers2) {transformation: [0.8827f,0.136f,0.4498f,0.185f,0.124f,0.8559f,-0.5021f,3.3295f,-0.4533f,0.499f,0.7386f,1.1275f,0f,0f,0f,1f],start_interpolation: 0,interpolation_duration: 1}
$data merge entity $(left_fingers) {transformation: [0.7425f,0.4963f,0.4498f,0.3088f,-0.2493f,0.8281f,-0.5021f,3.5688f,-0.6217f,0.2607f,0.7386f,1.2247f,0f,0f,0f,1f],start_interpolation: 0,interpolation_duration: 1}
$data merge entity $(left_hand) {transformation: [0.0436f,0.7131f,0.6997f,0.7779f,-0.5876f,0.5847f,-0.5593f,3.9003f,-0.808f,-0.3868f,0.4445f,1.0028f,0f,0f,0f,1f],start_interpolation: 0,interpolation_duration: 1}
$data merge entity $(left_forearm) {transformation: [-1.0254f,0.8806f,-0.2651f,2.0518f,0.567f,0.2928f,-1.2206f,4.3205f,-0.724f,-1.0178f,-0.5805f,-0.5812f,0f,0f,0f,1f],start_interpolation: 0,interpolation_duration: 1}
$data merge entity $(left_shoulder) {transformation: [-1.3006f,-0.6362f,0.2316f,1.0065f,-0.5743f,1.3023f,0.3523f,5.7811f,-0.3585f,0.2218f,-1.4043f,-0.3379f,0f,0f,0f,1f],start_interpolation: 0,interpolation_duration: 1}
$data merge entity $(left_arm) {transformation: [-1f,0f,0f,0.4426f,0f,0.8483f,0.5296f,6.0314f,0f,0.5296f,-0.8483f,-0.1917f,0f,0f,0f,1f],start_interpolation: 0,interpolation_duration: 1}
$data merge entity $(chest) {transformation: [-1.2785f,0f,0f,0f,0f,1.0846f,0.6771f,4.5177f,0f,0.6771f,-1.0846f,-1.1774f,0f,0f,0f,1f],start_interpolation: 0,interpolation_duration: 1}
data modify storage animated_java:temp entry.data merge value {"locators":{"consume":{"px":-2.4957102412,"py":2.475348159,"pz":-1.3311171494,"ry":315.3346667184,"rx":1.8818493155}}}
# Data Manager: Prepare for Read / Write
execute store result storage animated_java:temp args.id int 1 run scoreboard players get @s aj.id
# Data Manager: Write
function animated_java:global/data_manager/write with storage animated_java:temp args