# This file was generated by Animated Java via MC-Build. It is not recommended to edit this file directly.
$data merge entity $(neck) {transformation: [-1f,0f,0f,0f,0f,0.9682f,0.2503f,6.0479f,0f,0.2503f,-0.9682f,-0.1589f,0f,0f,0f,1f],start_interpolation: 0,interpolation_duration: 1}
$data merge entity $(right_thumb_2) {transformation: [-0.6522f,0.2856f,-0.7021f,-2.1046f,0.3672f,0.9294f,0.037f,2.8545f,0.6632f,-0.2337f,-0.7111f,-1.2369f,0f,0f,0f,1f],start_interpolation: 0,interpolation_duration: 1}
$data merge entity $(right_thumb) {transformation: [-0.6522f,-0.2009f,-0.7309f,-2.2556f,0.3672f,0.7599f,-0.5365f,3.161f,0.6632f,-0.6183f,-0.4219f,-1.3315f,0f,0f,0f,1f],start_interpolation: 0,interpolation_duration: 1}
$data merge entity $(right_fingers2) {transformation: [-0.5345f,-0.4704f,-0.7021f,-2.5298f,-0.6872f,0.7256f,0.037f,2.3778f,0.492f,0.5023f,-0.7111f,-1.2149f,0f,0f,0f,1f],start_interpolation: 0,interpolation_duration: 1}
$data merge entity $(right_fingers) {transformation: [-0.7118f,-0.0168f,-0.7021f,-2.5598f,-0.06f,0.9975f,0.037f,2.6606f,0.6998f,0.0685f,-0.7111f,-1.1809f,0f,0f,0f,1f],start_interpolation: 0,interpolation_duration: 1}
$data merge entity $(scout) {transformation: [0f,0f,0f,-2.5062f,0f,0f,0f,2.6412f,0f,0f,0f,-1.3847f,0f,0f,0f,1f],start_interpolation: 0,interpolation_duration: 1}
$data merge entity $(right_hand) {transformation: [-0.6522f,0.2856f,-0.7021f,-2.4121f,0.3672f,0.9294f,0.037f,3.2313f,0.6632f,-0.2337f,-0.7111f,-1.3591f,0f,0f,0f,1f],start_interpolation: 0,interpolation_duration: 1}
$data merge entity $(right_forearm) {transformation: [-1.1925f,0.3934f,0.566f,-1.7495f,0.2007f,1.2802f,-0.467f,5.1338f,-0.6594f,-0.3219f,-1.1656f,-1.8588f,0f,0f,0f,1f],start_interpolation: 0,interpolation_duration: 1}
$data merge entity $(right_shoulder) {transformation: [-1.4042f,0.372f,-0.1994f,-1.0065f,-0.0443f,0.5591f,1.3547f,5.7809f,0.4198f,1.3034f,-0.5242f,-0.3375f,0f,0f,0f,1f],start_interpolation: 0,interpolation_duration: 1}
$data merge entity $(right_arm) {transformation: [-1f,0f,0f,-0.4425f,0f,0.8481f,0.5298f,6.031f,0f,0.5298f,-0.8481f,-0.1912f,0f,0f,0f,1f],start_interpolation: 0,interpolation_duration: 1}
$data merge entity $(left_thumb_2) {transformation: [-0.2141f,0.5704f,0.793f,0.3263f,-0.5447f,0.6041f,-0.5817f,3.878f,-0.8108f,-0.5565f,0.1814f,0.7849f,0f,0f,0f,1f],start_interpolation: 0,interpolation_duration: 1}
$data merge entity $(left_thumb) {transformation: [-0.2141f,0.9667f,-0.1398f,0.671f,-0.5447f,-0.237f,-0.8044f,3.8939f,-0.8108f,-0.0961f,0.5774f,0.8661f,0f,0f,0f,1f],start_interpolation: 0,interpolation_duration: 1}
$data merge entity $(left_fingers2) {transformation: [0.8827f,0.1362f,0.4498f,0.185f,0.1239f,0.8558f,-0.5023f,3.3295f,-0.4534f,0.4991f,0.7385f,1.1276f,0f,0f,0f,1f],start_interpolation: 0,interpolation_duration: 1}
$data merge entity $(left_fingers) {transformation: [0.7424f,0.4965f,0.4498f,0.3089f,-0.2494f,0.828f,-0.5023f,3.5688f,-0.6218f,0.2607f,0.7385f,1.2248f,0f,0f,0f,1f],start_interpolation: 0,interpolation_duration: 1}
$data merge entity $(left_hand) {transformation: [0.0434f,0.7131f,0.6997f,0.778f,-0.5875f,0.5847f,-0.5595f,3.9002f,-0.808f,-0.3868f,0.4443f,1.0029f,0f,0f,0f,1f],start_interpolation: 0,interpolation_duration: 1}
$data merge entity $(left_forearm) {transformation: [-1.0254f,0.8805f,-0.2654f,2.0518f,0.5673f,0.2928f,-1.2205f,4.3203f,-0.7238f,-1.0179f,-0.5806f,-0.5813f,0f,0f,0f,1f],start_interpolation: 0,interpolation_duration: 1}
$data merge entity $(left_shoulder) {transformation: [-1.3006f,-0.6362f,0.2316f,1.0065f,-0.5742f,1.3022f,0.3527f,5.7809f,-0.3587f,0.2222f,-1.4042f,-0.3375f,0f,0f,0f,1f],start_interpolation: 0,interpolation_duration: 1}
$data merge entity $(left_arm) {transformation: [-1f,0f,0f,0.4426f,0f,0.8481f,0.5298f,6.031f,0f,0.5298f,-0.8481f,-0.1912f,0f,0f,0f,1f],start_interpolation: 0,interpolation_duration: 1}
$data merge entity $(chest) {transformation: [-1.2785f,0f,0f,0f,0f,1.0843f,0.6774f,4.5177f,0f,0.6774f,-1.0843f,-1.1774f,0f,0f,0f,1f],start_interpolation: 0,interpolation_duration: 1}
data modify storage animated_java:temp entry.data merge value {"locators":{"consume":{"px":-2.4918486864,"py":2.4748058606,"pz":-1.3533769209,"ry":315.3617254622,"rx":2.1197203878}}}
# Data Manager: Prepare for Read / Write
execute store result storage animated_java:temp args.id int 1 run scoreboard players get @s aj.id
# Data Manager: Write
function animated_java:global/data_manager/write with storage animated_java:temp args