# This file was generated by Animated Java via MC-Build. It is not recommended to edit this file directly.
$data merge entity $(neck) {transformation: [-1f,0f,0f,0f,0f,0.9751f,0.2218f,6.0771f,0f,0.2218f,-0.9751f,-0.2042f,0f,0f,0f,1f],start_interpolation: 0,interpolation_duration: 1}
$data merge entity $(right_thumb_2) {transformation: [-0.6387f,0.3032f,-0.7072f,-2.1398f,0.4548f,0.8901f,-0.0292f,2.8766f,0.6207f,-0.3403f,-0.7064f,-0.9743f,0f,0f,0f,1f],start_interpolation: 0,interpolation_duration: 1}
$data merge entity $(right_thumb) {transformation: [-0.6387f,-0.19f,-0.7456f,-2.2851f,0.4548f,0.6884f,-0.565f,3.1735f,0.6207f,-0.7f,-0.3533f,-1.1025f,0f,0f,0f,1f],start_interpolation: 0,interpolation_duration: 1}
$data merge entity $(right_fingers2) {transformation: [-0.5447f,-0.4507f,-0.7072f,-2.5747f,-0.6145f,0.7884f,-0.0292f,2.415f,0.5707f,0.4187f,-0.7064f,-0.8953f,0f,0f,0f,1f],start_interpolation: 0,interpolation_duration: 1}
$data merge entity $(right_fingers) {transformation: [-0.707f,0.0049f,-0.7072f,-2.5985f,0.036f,0.9989f,-0.0292f,2.7005f,0.7063f,-0.0461f,-0.7064f,-0.8937f,0f,0f,0f,1f],start_interpolation: 0,interpolation_duration: 1}
$data merge entity $(scout) {transformation: [0f,0f,0f,-2.5471f,0f,0f,0f,2.6567f,0f,0f,0f,-1.0943f,0f,0f,0f,1f],start_interpolation: 0,interpolation_duration: 1}
$data merge entity $(right_hand) {transformation: [-0.6387f,0.3032f,-0.7072f,-2.4403f,0.4548f,0.8901f,-0.0292f,3.2436f,0.6207f,-0.3403f,-0.7064f,-1.137f,0f,0f,0f,1f],start_interpolation: 0,interpolation_duration: 1}
$data merge entity $(right_forearm) {transformation: [-1.1935f,0.4176f,0.5461f,-1.742f,0.1501f,1.226f,-0.6095f,5.0615f,-0.6709f,-0.4687f,-1.1079f,-1.8553f,0f,0f,0f,1f],start_interpolation: 0,interpolation_duration: 1}
$data merge entity $(right_shoulder) {transformation: [-1.4042f,0.3655f,-0.2112f,-1.0065f,-0.0319f,0.6393f,1.3191f,5.805f,0.4209f,1.2679f,-0.6043f,-0.3749f,0f,0f,0f,1f],start_interpolation: 0,interpolation_duration: 1}
$data merge entity $(right_arm) {transformation: [-1f,0f,0f,-0.4425f,0f,0.8633f,0.5047f,6.0593f,0f,0.5047f,-0.8633f,-0.236f,0f,0f,0f,1f],start_interpolation: 0,interpolation_duration: 1}
$data merge entity $(left_thumb_2) {transformation: [-0.196f,0.5675f,0.7997f,0.3172f,-0.554f,0.6088f,-0.5678f,3.8788f,-0.8091f,-0.5543f,0.1951f,0.7733f,0f,0f,0f,1f],start_interpolation: 0,interpolation_duration: 1}
$data merge entity $(left_thumb) {transformation: [-0.196f,0.9714f,-0.1342f,0.6607f,-0.554f,-0.2226f,-0.8022f,3.9007f,-0.8091f,-0.0829f,0.5818f,0.8584f,0f,0f,0f,1f],start_interpolation: 0,interpolation_duration: 1}
$data merge entity $(left_fingers2) {transformation: [0.886f,0.1169f,0.4487f,0.1804f,0.1343f,0.8615f,-0.4897f,3.3307f,-0.4438f,0.4941f,0.7476f,1.1185f,0f,0f,0f,1f],start_interpolation: 0,interpolation_duration: 1}
$data merge entity $(left_fingers) {transformation: [0.7536f,0.4804f,0.4487f,0.2994f,-0.2423f,0.8375f,-0.4897f,3.5726f,-0.6111f,0.2603f,0.7476f,1.2153f,0f,0f,0f,1f],start_interpolation: 0,interpolation_duration: 1}
$data merge entity $(left_hand) {transformation: [0.0621f,0.7085f,0.703f,0.7659f,-0.5927f,0.5929f,-0.5451f,3.9097f,-0.803f,-0.3828f,0.4568f,0.9964f,0f,0f,0f,1f],start_interpolation: 0,interpolation_duration: 1}
$data merge entity $(left_forearm) {transformation: [-1.0254f,0.8879f,-0.2394f,2.0518f,0.5458f,0.299f,-1.2288f,4.3379f,-0.7402f,-1.0096f,-0.5744f,-0.5757f,0f,0f,0f,1f],start_interpolation: 0,interpolation_duration: 1}
$data merge entity $(left_shoulder) {transformation: [-1.3006f,-0.6362f,0.2316f,1.0065f,-0.5845f,1.3082f,0.3114f,5.805f,-0.3417f,0.1839f,-1.4139f,-0.3749f,0f,0f,0f,1f],start_interpolation: 0,interpolation_duration: 1}
$data merge entity $(left_arm) {transformation: [-1f,0f,0f,0.4426f,0f,0.8633f,0.5047f,6.0593f,0f,0.5047f,-0.8633f,-0.236f,0f,0f,0f,1f],start_interpolation: 0,interpolation_duration: 1}
$data merge entity $(chest) {transformation: [-1.2785f,0f,0f,0f,0f,1.1037f,0.6453f,4.5177f,0f,0.6453f,-1.1037f,-1.1774f,0f,0f,0f,1f],start_interpolation: 0,interpolation_duration: 1}
data modify storage animated_java:temp entry.data merge value {"locators":{"consume":{"px":-2.5359602697,"py":2.4946907294,"pz":-1.0442043025,"ry":314.9666339572,"rx":-1.6718696913}}}
# Data Manager: Prepare for Read / Write
execute store result storage animated_java:temp args.id int 1 run scoreboard players get @s aj.id
# Data Manager: Write
function animated_java:global/data_manager/write with storage animated_java:temp args