# This file was generated by Animated Java via MC-Build. It is not recommended to edit this file directly.
$data merge entity $(neck) {transformation: [-1f,0f,0f,0f,0f,0.9684f,0.2494f,6.0487f,0f,0.2494f,-0.9684f,-0.1602f,0f,0f,0f,1f],start_interpolation: 0,interpolation_duration: 1}
$data merge entity $(right_thumb_2) {transformation: [-0.6568f,0.2794f,-0.7004f,-2.0921f,0.3434f,0.9377f,0.0521f,2.8529f,0.6713f,-0.2063f,-0.7119f,-1.3099f,0f,0f,0f,1f],start_interpolation: 0,interpolation_duration: 1}
$data merge entity $(right_thumb) {transformation: [-0.6568f,-0.2047f,-0.7258f,-2.2451f,0.3434f,0.7757f,-0.5295f,3.1608f,0.6713f,-0.597f,-0.4392f,-1.3963f,0f,0f,0f,1f],start_interpolation: 0,interpolation_duration: 1}
$data merge entity $(right_fingers2) {transformation: [-0.5308f,-0.4771f,-0.7004f,-2.5138f,-0.7047f,0.7076f,0.0521f,2.3727f,0.4707f,0.5212f,-0.7119f,-1.3028f,0f,0f,0f,1f],start_interpolation: 0,interpolation_duration: 1}
$data merge entity $(right_fingers) {transformation: [-0.7133f,-0.0243f,-0.7004f,-2.546f,-0.0851f,0.995f,0.0521f,2.6542f,0.6956f,0.0967f,-0.7119f,-1.2608f,0f,0f,0f,1f],start_interpolation: 0,interpolation_duration: 1}
$data merge entity $(scout) {transformation: [0f,0f,0f,-2.4918f,0f,0f,0f,2.6409f,0f,0f,0f,-1.4649f,0f,0f,0f,1f],start_interpolation: 0,interpolation_duration: 1}
$data merge entity $(right_hand) {transformation: [-0.6568f,0.2794f,-0.7004f,-2.4021f,0.3434f,0.9377f,0.0521f,3.2307f,0.6713f,-0.2063f,-0.7119f,-1.4223f,0f,0f,0f,1f],start_interpolation: 0,interpolation_duration: 1}
$data merge entity $(right_forearm) {transformation: [-1.1921f,0.3849f,0.5727f,-1.752f,0.2107f,1.2916f,-0.4295f,5.1514f,-0.657f,-0.2842f,-1.1767f,-1.8658f,0f,0f,0f,1f],start_interpolation: 0,interpolation_duration: 1}
$data merge entity $(right_shoulder) {transformation: [-1.4042f,0.3742f,-0.1954f,-1.0065f,-0.0439f,0.5455f,1.3603f,5.7816f,0.4198f,1.3085f,-0.5112f,-0.3386f,0f,0f,0f,1f],start_interpolation: 0,interpolation_duration: 1}
$data merge entity $(right_arm) {transformation: [-1f,0f,0f,-0.4425f,0f,0.8486f,0.5291f,6.0319f,0f,0.5291f,-0.8486f,-0.1925f,0f,0f,0f,1f],start_interpolation: 0,interpolation_duration: 1}
$data merge entity $(left_thumb_2) {transformation: [-0.2136f,0.5703f,0.7931f,0.326f,-0.545f,0.6042f,-0.5813f,3.8781f,-0.8108f,-0.5564f,0.1818f,0.7846f,0f,0f,0f,1f],start_interpolation: 0,interpolation_duration: 1}
$data merge entity $(left_thumb) {transformation: [-0.2136f,0.9669f,-0.1397f,0.6707f,-0.545f,-0.2366f,-0.8043f,3.8941f,-0.8108f,-0.0957f,0.5775f,0.8659f,0f,0f,0f,1f],start_interpolation: 0,interpolation_duration: 1}
$data merge entity $(left_fingers2) {transformation: [0.8828f,0.1356f,0.4498f,0.1849f,0.1242f,0.856f,-0.5019f,3.3296f,-0.4531f,0.4989f,0.7388f,1.1273f,0f,0f,0f,1f],start_interpolation: 0,interpolation_duration: 1}
$data merge entity $(left_fingers) {transformation: [0.7427f,0.496f,0.4498f,0.3086f,-0.2492f,0.8283f,-0.5019f,3.5689f,-0.6215f,0.2607f,0.7388f,1.2246f,0f,0f,0f,1f],start_interpolation: 0,interpolation_duration: 1}
$data merge entity $(left_hand) {transformation: [0.0439f,0.713f,0.6998f,0.7777f,-0.5877f,0.5849f,-0.559f,3.9005f,-0.8079f,-0.3867f,0.4447f,1.0027f,0f,0f,0f,1f],start_interpolation: 0,interpolation_duration: 1}
$data merge entity $(left_forearm) {transformation: [-1.0254f,0.8807f,-0.2646f,2.0518f,0.5666f,0.2929f,-1.2207f,4.3208f,-0.7243f,-1.0176f,-0.5804f,-0.5811f,0f,0f,0f,1f],start_interpolation: 0,interpolation_duration: 1}
$data merge entity $(left_shoulder) {transformation: [-1.3006f,-0.6362f,0.2316f,1.0065f,-0.5745f,1.3024f,0.3515f,5.7816f,-0.3582f,0.2211f,-1.4045f,-0.3386f,0f,0f,0f,1f],start_interpolation: 0,interpolation_duration: 1}
$data merge entity $(left_arm) {transformation: [-1f,0f,0f,0.4426f,0f,0.8486f,0.5291f,6.0319f,0f,0.5291f,-0.8486f,-0.1925f,0f,0f,0f,1f],start_interpolation: 0,interpolation_duration: 1}
$data merge entity $(chest) {transformation: [-1.2785f,0f,0f,0f,0f,1.0849f,0.6765f,4.5177f,0f,0.6765f,-1.0849f,-1.1774f,0f,0f,0f,1f],start_interpolation: 0,interpolation_duration: 1}
data modify storage animated_java:temp entry.data merge value {"locators":{"consume":{"px":-2.4762512163,"py":2.4738294064,"pz":-1.4383070291,"ry":315.4650419466,"rx":2.9862260502}}}
# Data Manager: Prepare for Read / Write
execute store result storage animated_java:temp args.id int 1 run scoreboard players get @s aj.id
# Data Manager: Write
function animated_java:global/data_manager/write with storage animated_java:temp args