# This file was generated by Animated Java via MC-Build. It is not recommended to edit this file directly.
$data merge entity $(neck) {transformation: [-1f,0f,0f,0f,0f,0.9686f,0.2487f,6.0495f,0f,0.2487f,-0.9686f,-0.1614f,0f,0f,0f,1f],start_interpolation: 0,interpolation_duration: 1}
$data merge entity $(right_thumb_2) {transformation: [-0.6579f,0.2779f,-0.7f,-2.0891f,0.338f,0.9395f,0.0554f,2.8527f,0.673f,-0.2002f,-0.712f,-1.3268f,0f,0f,0f,1f],start_interpolation: 0,interpolation_duration: 1}
$data merge entity $(right_thumb) {transformation: [-0.6579f,-0.2056f,-0.7245f,-2.2426f,0.338f,0.7791f,-0.528f,3.1609f,0.673f,-0.5922f,-0.443f,-1.4113f,0f,0f,0f,1f],start_interpolation: 0,interpolation_duration: 1}
$data merge entity $(right_fingers2) {transformation: [-0.5299f,-0.4788f,-0.7f,-2.51f,-0.7086f,0.7034f,0.0554f,2.3717f,0.4658f,0.5254f,-0.712f,-1.323f,0f,0f,0f,1f],start_interpolation: 0,interpolation_duration: 1}
$data merge entity $(right_fingers) {transformation: [-0.7137f,-0.0261f,-0.7f,-2.5427f,-0.0907f,0.9943f,0.0554f,2.6529f,0.6946f,0.103f,-0.712f,-1.2792f,0f,0f,0f,1f],start_interpolation: 0,interpolation_duration: 1}
$data merge entity $(scout) {transformation: [0f,0f,0f,-2.4882f,0f,0f,0f,2.641f,0f,0f,0f,-1.4834f,0f,0f,0f,1f],start_interpolation: 0,interpolation_duration: 1}
$data merge entity $(right_hand) {transformation: [-0.6579f,0.2779f,-0.7f,-2.3996f,0.338f,0.9395f,0.0554f,3.2307f,0.673f,-0.2002f,-0.712f,-1.437f,0f,0f,0f,1f],start_interpolation: 0,interpolation_duration: 1}
$data merge entity $(right_forearm) {transformation: [-1.192f,0.3828f,0.5743f,-1.7526f,0.2127f,1.2941f,-0.4211f,5.1554f,-0.6566f,-0.2757f,-1.179f,-1.8678f,0f,0f,0f,1f],start_interpolation: 0,interpolation_duration: 1}
$data merge entity $(right_shoulder) {transformation: [-1.4042f,0.3747f,-0.1944f,-1.0065f,-0.0436f,0.5429f,1.3613f,5.7822f,0.4199f,1.3095f,-0.5087f,-0.3395f,0f,0f,0f,1f],start_interpolation: 0,interpolation_duration: 1}
$data merge entity $(right_arm) {transformation: [-1f,0f,0f,-0.4425f,0f,0.849f,0.5285f,6.0326f,0f,0.5285f,-0.849f,-0.1936f,0f,0f,0f,1f],start_interpolation: 0,interpolation_duration: 1}
$data merge entity $(left_thumb_2) {transformation: [-0.2131f,0.5703f,0.7933f,0.3257f,-0.5453f,0.6043f,-0.5809f,3.8781f,-0.8107f,-0.5564f,0.1821f,0.7843f,0f,0f,0f,1f],start_interpolation: 0,interpolation_duration: 1}
$data merge entity $(left_thumb) {transformation: [-0.2131f,0.967f,-0.1395f,0.6704f,-0.5453f,-0.2362f,-0.8043f,3.8943f,-0.8107f,-0.0954f,0.5776f,0.8657f,0f,0f,0f,1f],start_interpolation: 0,interpolation_duration: 1}
$data merge entity $(left_fingers2) {transformation: [0.8829f,0.1351f,0.4498f,0.1847f,0.1245f,0.8561f,-0.5016f,3.3296f,-0.4528f,0.4988f,0.739f,1.1271f,0f,0f,0f,1f],start_interpolation: 0,interpolation_duration: 1}
$data merge entity $(left_fingers) {transformation: [0.743f,0.4956f,0.4498f,0.3083f,-0.249f,0.8285f,-0.5016f,3.569f,-0.6212f,0.2607f,0.739f,1.2243f,0f,0f,0f,1f],start_interpolation: 0,interpolation_duration: 1}
$data merge entity $(left_hand) {transformation: [0.0444f,0.7129f,0.6999f,0.7773f,-0.5878f,0.5851f,-0.5587f,3.9008f,-0.8078f,-0.3866f,0.445f,1.0025f,0f,0f,0f,1f],start_interpolation: 0,interpolation_duration: 1}
$data merge entity $(left_forearm) {transformation: [-1.0254f,0.8809f,-0.2639f,2.0518f,0.5661f,0.2931f,-1.221f,4.3213f,-0.7247f,-1.0174f,-0.5803f,-0.581f,0f,0f,0f,1f],start_interpolation: 0,interpolation_duration: 1}
$data merge entity $(left_shoulder) {transformation: [-1.3006f,-0.6362f,0.2316f,1.0065f,-0.5748f,1.3025f,0.3505f,5.7822f,-0.3578f,0.2201f,-1.4048f,-0.3395f,0f,0f,0f,1f],start_interpolation: 0,interpolation_duration: 1}
$data merge entity $(left_arm) {transformation: [-1f,0f,0f,0.4426f,0f,0.849f,0.5285f,6.0326f,0f,0.5285f,-0.849f,-0.1936f,0f,0f,0f,1f],start_interpolation: 0,interpolation_duration: 1}
$data merge entity $(chest) {transformation: [-1.2785f,0f,0f,0f,0f,1.0854f,0.6757f,4.5177f,0f,0.6757f,-1.0854f,-1.1774f,0f,0f,0f,1f],start_interpolation: 0,interpolation_duration: 1}
data modify storage animated_java:temp entry.data merge value {"locators":{"consume":{"px":-2.4724353584,"py":2.4738101326,"pz":-1.4578483436,"ry":315.4893977639,"rx":3.1748238127}}}
# Data Manager: Prepare for Read / Write
execute store result storage animated_java:temp args.id int 1 run scoreboard players get @s aj.id
# Data Manager: Write
function animated_java:global/data_manager/write with storage animated_java:temp args