# This file was generated by Animated Java via MC-Build. It is not recommended to edit this file directly.
$data merge entity $(neck) {transformation: [-1f,0f,0f,0f,0f,0.9691f,0.2467f,6.0516f,0f,0.2467f,-0.9691f,-0.1646f,0f,0f,0f,1f],start_interpolation: 0,interpolation_duration: 1}
$data merge entity $(right_thumb_2) {transformation: [-0.66f,0.275f,-0.6991f,-2.0832f,0.328f,0.9427f,0.0612f,2.8525f,0.6759f,-0.1889f,-0.7124f,-1.358f,0f,0f,0f,1f],start_interpolation: 0,interpolation_duration: 1}
$data merge entity $(right_thumb) {transformation: [-0.66f,-0.2074f,-0.7221f,-2.2376f,0.328f,0.7852f,-0.5253f,3.1612f,0.6759f,-0.5835f,-0.4501f,-1.4392f,0f,0f,0f,1f],start_interpolation: 0,interpolation_duration: 1}
$data merge entity $(right_fingers2) {transformation: [-0.5282f,-0.4819f,-0.6991f,-2.5024f,-0.7157f,0.6957f,0.0612f,2.3701f,0.4569f,0.5327f,-0.7124f,-1.3604f,0f,0f,0f,1f],start_interpolation: 0,interpolation_duration: 1}
$data merge entity $(right_fingers) {transformation: [-0.7144f,-0.0296f,-0.6991f,-2.5362f,-0.1011f,0.993f,0.0612f,2.6507f,0.6924f,0.1144f,-0.7124f,-1.3135f,0f,0f,0f,1f],start_interpolation: 0,interpolation_duration: 1}
$data merge entity $(scout) {transformation: [0f,0f,0f,-2.4814f,0f,0f,0f,2.6414f,0f,0f,0f,-1.5177f,0f,0f,0f,1f],start_interpolation: 0,interpolation_duration: 1}
$data merge entity $(right_hand) {transformation: [-0.66f,0.275f,-0.6991f,-2.3948f,0.328f,0.9427f,0.0612f,3.2308f,0.6759f,-0.1889f,-0.7124f,-1.4644f,0f,0f,0f,1f],start_interpolation: 0,interpolation_duration: 1}
$data merge entity $(right_forearm) {transformation: [-1.1917f,0.3788f,0.5774f,-1.7537f,0.2163f,1.2984f,-0.4055f,5.1624f,-0.6558f,-0.2602f,-1.1829f,-1.872f,0f,0f,0f,1f],start_interpolation: 0,interpolation_duration: 1}
$data merge entity $(right_shoulder) {transformation: [-1.4042f,0.3757f,-0.1925f,-1.0065f,-0.0427f,0.5387f,1.363f,5.784f,0.42f,1.3109f,-0.505f,-0.3422f,0f,0f,0f,1f],start_interpolation: 0,interpolation_duration: 1}
$data merge entity $(right_arm) {transformation: [-1f,0f,0f,-0.4425f,0f,0.8501f,0.5267f,6.0347f,0f,0.5267f,-0.8501f,-0.1968f,0f,0f,0f,1f],start_interpolation: 0,interpolation_duration: 1}
$data merge entity $(left_thumb_2) {transformation: [-0.2118f,0.5701f,0.7938f,0.3251f,-0.5459f,0.6047f,-0.5799f,3.8782f,-0.8106f,-0.5562f,0.1831f,0.7835f,0f,0f,0f,1f],start_interpolation: 0,interpolation_duration: 1}
$data merge entity $(left_thumb) {transformation: [-0.2118f,0.9673f,-0.1391f,0.6696f,-0.5459f,-0.2352f,-0.8041f,3.8948f,-0.8106f,-0.0944f,0.5779f,0.8651f,0f,0f,0f,1f],start_interpolation: 0,interpolation_duration: 1}
$data merge entity $(left_fingers2) {transformation: [0.8831f,0.1338f,0.4497f,0.1844f,0.1252f,0.8565f,-0.5007f,3.3297f,-0.4521f,0.4985f,0.7397f,1.1264f,0f,0f,0f,1f],start_interpolation: 0,interpolation_duration: 1}
$data merge entity $(left_fingers) {transformation: [0.7438f,0.4945f,0.4497f,0.3076f,-0.2485f,0.8292f,-0.5007f,3.5693f,-0.6204f,0.2607f,0.7397f,1.2236f,0f,0f,0f,1f],start_interpolation: 0,interpolation_duration: 1}
$data merge entity $(left_hand) {transformation: [0.0457f,0.7126f,0.7001f,0.7764f,-0.5882f,0.5857f,-0.5577f,3.9014f,-0.8074f,-0.3863f,0.4459f,1.0021f,0f,0f,0f,1f],start_interpolation: 0,interpolation_duration: 1}
$data merge entity $(left_forearm) {transformation: [-1.0254f,0.8815f,-0.2621f,2.0518f,0.5646f,0.2935f,-1.2216f,4.3225f,-0.7259f,-1.0168f,-0.5798f,-0.5806f,0f,0f,0f,1f],start_interpolation: 0,interpolation_duration: 1}
$data merge entity $(left_shoulder) {transformation: [-1.3006f,-0.6362f,0.2316f,1.0065f,-0.5755f,1.303f,0.3476f,5.784f,-0.3566f,0.2174f,-1.4055f,-0.3422f,0f,0f,0f,1f],start_interpolation: 0,interpolation_duration: 1}
$data merge entity $(left_arm) {transformation: [-1f,0f,0f,0.4426f,0f,0.8501f,0.5267f,6.0347f,0f,0.5267f,-0.8501f,-0.1968f,0f,0f,0f,1f],start_interpolation: 0,interpolation_duration: 1}
$data merge entity $(chest) {transformation: [-1.2785f,0f,0f,0f,0f,1.0868f,0.6734f,4.5177f,0f,0.6734f,-1.0868f,-1.1774f,0f,0f,0f,1f],start_interpolation: 0,interpolation_duration: 1}
data modify storage animated_java:temp entry.data merge value {"locators":{"consume":{"px":-2.4650746311,"py":2.4739036244,"pz":-1.4940273451,"ry":315.5361397493,"rx":3.509812844}}}
# Data Manager: Prepare for Read / Write
execute store result storage animated_java:temp args.id int 1 run scoreboard players get @s aj.id
# Data Manager: Write
function animated_java:global/data_manager/write with storage animated_java:temp args