# This file was generated by Animated Java via MC-Build. It is not recommended to edit this file directly.
$data merge entity $(neck) {transformation: [-1f,0f,0f,0f,0f,0.9694f,0.2454f,6.053f,0f,0.2454f,-0.9694f,-0.1666f,0f,0f,0f,1f],start_interpolation: 0,interpolation_duration: 1}
$data merge entity $(right_thumb_2) {transformation: [-0.6609f,0.2737f,-0.6988f,-2.0804f,0.3235f,0.9441f,0.0637f,2.8525f,0.6771f,-0.1839f,-0.7125f,-1.3723f,0f,0f,0f,1f],start_interpolation: 0,interpolation_duration: 1}
$data merge entity $(right_thumb) {transformation: [-0.6609f,-0.2083f,-0.721f,-2.2352f,0.3235f,0.7878f,-0.5242f,3.1613f,0.6771f,-0.5797f,-0.4533f,-1.452f,0f,0f,0f,1f],start_interpolation: 0,interpolation_duration: 1}
$data merge entity $(right_fingers2) {transformation: [-0.5274f,-0.4834f,-0.6988f,-2.4989f,-0.7189f,0.6922f,0.0637f,2.3695f,0.4529f,0.5359f,-0.7125f,-1.3773f,0f,0f,0f,1f],start_interpolation: 0,interpolation_duration: 1}
$data merge entity $(right_fingers) {transformation: [-0.7147f,-0.0313f,-0.6988f,-2.5331f,-0.1058f,0.9923f,0.0637f,2.6497f,0.6914f,0.1195f,-0.7125f,-1.329f,0f,0f,0f,1f],start_interpolation: 0,interpolation_duration: 1}
$data merge entity $(scout) {transformation: [0f,0f,0f,-2.4782f,0f,0f,0f,2.6415f,0f,0f,0f,-1.5333f,0f,0f,0f,1f],start_interpolation: 0,interpolation_duration: 1}
$data merge entity $(right_hand) {transformation: [-0.6609f,0.2737f,-0.6988f,-2.3926f,0.3235f,0.9441f,0.0637f,3.2308f,0.6771f,-0.1839f,-0.7125f,-1.4769f,0f,0f,0f,1f],start_interpolation: 0,interpolation_duration: 1}
$data merge entity $(right_forearm) {transformation: [-1.1916f,0.3769f,0.5788f,-1.7543f,0.2177f,1.3003f,-0.3986f,5.1655f,-0.6555f,-0.2534f,-1.1846f,-1.8743f,0f,0f,0f,1f],start_interpolation: 0,interpolation_duration: 1}
$data merge entity $(right_shoulder) {transformation: [-1.4042f,0.3761f,-0.1916f,-1.0065f,-0.0422f,0.5372f,1.3636f,5.7851f,0.42f,1.3114f,-0.5036f,-0.3439f,0f,0f,0f,1f],start_interpolation: 0,interpolation_duration: 1}
$data merge entity $(right_arm) {transformation: [-1f,0f,0f,-0.4425f,0f,0.8508f,0.5256f,6.036f,0f,0.5256f,-0.8508f,-0.1988f,0f,0f,0f,1f],start_interpolation: 0,interpolation_duration: 1}
$data merge entity $(left_thumb_2) {transformation: [-0.211f,0.57f,0.7941f,0.3246f,-0.5464f,0.6049f,-0.5793f,3.8782f,-0.8105f,-0.5561f,0.1838f,0.7829f,0f,0f,0f,1f],start_interpolation: 0,interpolation_duration: 1}
$data merge entity $(left_thumb) {transformation: [-0.211f,0.9676f,-0.1389f,0.6691f,-0.5464f,-0.2346f,-0.804f,3.8951f,-0.8105f,-0.0938f,0.5781f,0.8648f,0f,0f,0f,1f],start_interpolation: 0,interpolation_duration: 1}
$data merge entity $(left_fingers2) {transformation: [0.8833f,0.1329f,0.4496f,0.1841f,0.1257f,0.8568f,-0.5001f,3.3298f,-0.4517f,0.4982f,0.7401f,1.126f,0f,0f,0f,1f],start_interpolation: 0,interpolation_duration: 1}
$data merge entity $(left_fingers) {transformation: [0.7444f,0.4937f,0.4496f,0.3071f,-0.2482f,0.8296f,-0.5001f,3.5695f,-0.6199f,0.2607f,0.7401f,1.2232f,0f,0f,0f,1f],start_interpolation: 0,interpolation_duration: 1}
$data merge entity $(left_hand) {transformation: [0.0466f,0.7124f,0.7002f,0.7759f,-0.5884f,0.586f,-0.557f,3.9019f,-0.8072f,-0.3861f,0.4465f,1.0018f,0f,0f,0f,1f],start_interpolation: 0,interpolation_duration: 1}
$data merge entity $(left_forearm) {transformation: [-1.0254f,0.8818f,-0.2609f,2.0518f,0.5636f,0.2938f,-1.2219f,4.3233f,-0.7267f,-1.0164f,-0.5796f,-0.5803f,0f,0f,0f,1f],start_interpolation: 0,interpolation_duration: 1}
$data merge entity $(left_shoulder) {transformation: [-1.3006f,-0.6362f,0.2316f,1.0065f,-0.576f,1.3033f,0.3457f,5.7851f,-0.3558f,0.2156f,-1.406f,-0.3439f,0f,0f,0f,1f],start_interpolation: 0,interpolation_duration: 1}
$data merge entity $(left_arm) {transformation: [-1f,0f,0f,0.4426f,0f,0.8508f,0.5256f,6.036f,0f,0.5256f,-0.8508f,-0.1988f,0f,0f,0f,1f],start_interpolation: 0,interpolation_duration: 1}
$data merge entity $(chest) {transformation: [-1.2785f,0f,0f,0f,0f,1.0877f,0.6719f,4.5177f,0f,0.6719f,-1.0877f,-1.1774f,0f,0f,0f,1f],start_interpolation: 0,interpolation_duration: 1}
data modify storage animated_java:temp entry.data merge value {"locators":{"consume":{"px":-2.4615776237,"py":2.4739713775,"pz":-1.5104370298,"ry":315.558487823,"rx":3.6540786342}}}
# Data Manager: Prepare for Read / Write
execute store result storage animated_java:temp args.id int 1 run scoreboard players get @s aj.id
# Data Manager: Write
function animated_java:global/data_manager/write with storage animated_java:temp args