# This file was generated by Animated Java via MC-Build. It is not recommended to edit this file directly.
$data merge entity $(neck) {transformation: [-1f,0f,0f,0f,0f,0.9698f,0.2439f,6.0545f,0f,0.2439f,-0.9698f,-0.169f,0f,0f,0f,1f],start_interpolation: 0,interpolation_duration: 1}
$data merge entity $(right_thumb_2) {transformation: [-0.6619f,0.2724f,-0.6984f,-2.0777f,0.3194f,0.9453f,0.066f,2.8525f,0.6782f,-0.1794f,-0.7127f,-1.3854f,0f,0f,0f,1f],start_interpolation: 0,interpolation_duration: 1}
$data merge entity $(right_thumb) {transformation: [-0.6619f,-0.2091f,-0.7199f,-2.233f,0.3194f,0.7901f,-0.5232f,3.1614f,0.6782f,-0.5762f,-0.4562f,-1.4638f,0f,0f,0f,1f],start_interpolation: 0,interpolation_duration: 1}
$data merge entity $(right_fingers2) {transformation: [-0.5266f,-0.4848f,-0.6984f,-2.4954f,-0.7218f,0.689f,0.066f,2.3689f,0.4492f,0.5388f,-0.7127f,-1.393f,0f,0f,0f,1f],start_interpolation: 0,interpolation_duration: 1}
$data merge entity $(right_fingers) {transformation: [-0.715f,-0.0329f,-0.6984f,-2.5301f,-0.11f,0.9917f,0.066f,2.6488f,0.6904f,0.124f,-0.7127f,-1.3434f,0f,0f,0f,1f],start_interpolation: 0,interpolation_duration: 1}
$data merge entity $(scout) {transformation: [0f,0f,0f,-2.4751f,0f,0f,0f,2.6416f,0f,0f,0f,-1.5477f,0f,0f,0f,1f],start_interpolation: 0,interpolation_duration: 1}
$data merge entity $(right_hand) {transformation: [-0.6619f,0.2724f,-0.6984f,-2.3904f,0.3194f,0.9453f,0.066f,3.2308f,0.6782f,-0.1794f,-0.7127f,-1.4885f,0f,0f,0f,1f],start_interpolation: 0,interpolation_duration: 1}
$data merge entity $(right_forearm) {transformation: [-1.1915f,0.3751f,0.5802f,-1.7548f,0.2189f,1.3021f,-0.3923f,5.1682f,-0.6553f,-0.2471f,-1.186f,-1.8766f,0f,0f,0f,1f],start_interpolation: 0,interpolation_duration: 1}
$data merge entity $(right_shoulder) {transformation: [-1.4042f,0.3766f,-0.1907f,-1.0065f,-0.0415f,0.5361f,1.3641f,5.7863f,0.4201f,1.3117f,-0.5027f,-0.3458f,0f,0f,0f,1f],start_interpolation: 0,interpolation_duration: 1}
$data merge entity $(right_arm) {transformation: [-1f,0f,0f,-0.4425f,0f,0.8516f,0.5243f,6.0375f,0f,0.5243f,-0.8516f,-0.2011f,0f,0f,0f,1f],start_interpolation: 0,interpolation_duration: 1}
$data merge entity $(left_thumb_2) {transformation: [-0.2101f,0.5698f,0.7945f,0.3241f,-0.5468f,0.6051f,-0.5786f,3.8783f,-0.8105f,-0.556f,0.1845f,0.7823f,0f,0f,0f,1f],start_interpolation: 0,interpolation_duration: 1}
$data merge entity $(left_thumb) {transformation: [-0.2101f,0.9678f,-0.1386f,0.6686f,-0.5468f,-0.2338f,-0.8039f,3.8955f,-0.8105f,-0.0931f,0.5784f,0.8644f,0f,0f,0f,1f],start_interpolation: 0,interpolation_duration: 1}
$data merge entity $(left_fingers2) {transformation: [0.8835f,0.1319f,0.4496f,0.1839f,0.1262f,0.8571f,-0.4995f,3.3298f,-0.4512f,0.498f,0.7406f,1.1255f,0f,0f,0f,1f],start_interpolation: 0,interpolation_duration: 1}
$data merge entity $(left_fingers) {transformation: [0.7449f,0.4929f,0.4496f,0.3066f,-0.2478f,0.8301f,-0.4995f,3.5697f,-0.6194f,0.2607f,0.7406f,1.2227f,0f,0f,0f,1f],start_interpolation: 0,interpolation_duration: 1}
$data merge entity $(left_hand) {transformation: [0.0476f,0.7121f,0.7004f,0.7752f,-0.5887f,0.5865f,-0.5563f,3.9024f,-0.8069f,-0.3859f,0.4472f,1.0014f,0f,0f,0f,1f],start_interpolation: 0,interpolation_duration: 1}
$data merge entity $(left_forearm) {transformation: [-1.0254f,0.8822f,-0.2596f,2.0518f,0.5625f,0.2941f,-1.2224f,4.3242f,-0.7275f,-1.016f,-0.5792f,-0.58f,0f,0f,0f,1f],start_interpolation: 0,interpolation_duration: 1}
$data merge entity $(left_shoulder) {transformation: [-1.3006f,-0.6362f,0.2316f,1.0065f,-0.5765f,1.3036f,0.3435f,5.7863f,-0.3549f,0.2137f,-1.4065f,-0.3458f,0f,0f,0f,1f],start_interpolation: 0,interpolation_duration: 1}
$data merge entity $(left_arm) {transformation: [-1f,0f,0f,0.4426f,0f,0.8516f,0.5243f,6.0375f,0f,0.5243f,-0.8516f,-0.2011f,0f,0f,0f,1f],start_interpolation: 0,interpolation_duration: 1}
$data merge entity $(chest) {transformation: [-1.2785f,0f,0f,0f,0f,1.0888f,0.6703f,4.5177f,0f,0.6703f,-1.0888f,-1.1774f,0f,0f,0f,1f],start_interpolation: 0,interpolation_duration: 1}
data modify storage animated_java:temp entry.data merge value {"locators":{"consume":{"px":-2.4582338486,"py":2.4740227998,"pz":-1.5255861792,"ry":315.580127805,"rx":3.7815988327}}}
# Data Manager: Prepare for Read / Write
execute store result storage animated_java:temp args.id int 1 run scoreboard players get @s aj.id
# Data Manager: Write
function animated_java:global/data_manager/write with storage animated_java:temp args