# This file was generated by Animated Java via MC-Build. It is not recommended to edit this file directly.
$data merge entity $(neck) {transformation: [-1f,0f,0f,0f,0f,0.9702f,0.2423f,6.0562f,0f,0.2423f,-0.9702f,-0.1716f,0f,0f,0f,1f],start_interpolation: 0,interpolation_duration: 1}
$data merge entity $(right_thumb_2) {transformation: [-0.6628f,0.2711f,-0.698f,-2.0752f,0.3157f,0.9464f,0.0679f,2.8525f,0.679f,-0.1754f,-0.7128f,-1.3974f,0f,0f,0f,1f],start_interpolation: 0,interpolation_duration: 1}
$data merge entity $(right_thumb) {transformation: [-0.6628f,-0.2098f,-0.7188f,-2.2308f,0.3157f,0.7922f,-0.5223f,3.1615f,0.679f,-0.5731f,-0.4588f,-1.4747f,0f,0f,0f,1f],start_interpolation: 0,interpolation_duration: 1}
$data merge entity $(right_fingers2) {transformation: [-0.5258f,-0.4861f,-0.698f,-2.4922f,-0.7244f,0.6861f,0.0679f,2.3683f,0.4459f,0.5413f,-0.7128f,-1.4073f,0f,0f,0f,1f],start_interpolation: 0,interpolation_duration: 1}
$data merge entity $(right_fingers) {transformation: [-0.7152f,-0.0344f,-0.698f,-2.5273f,-0.1139f,0.9912f,0.0679f,2.648f,0.6895f,0.128f,-0.7128f,-1.3565f,0f,0f,0f,1f],start_interpolation: 0,interpolation_duration: 1}
$data merge entity $(scout) {transformation: [0f,0f,0f,-2.4721f,0f,0f,0f,2.6417f,0f,0f,0f,-1.5608f,0f,0f,0f,1f],start_interpolation: 0,interpolation_duration: 1}
$data merge entity $(right_hand) {transformation: [-0.6628f,0.2711f,-0.698f,-2.3883f,0.3157f,0.9464f,0.0679f,3.2307f,0.679f,-0.1754f,-0.7128f,-1.4992f,0f,0f,0f,1f],start_interpolation: 0,interpolation_duration: 1}
$data merge entity $(right_forearm) {transformation: [-1.1915f,0.3734f,0.5815f,-1.7553f,0.2199f,1.3036f,-0.3866f,5.1707f,-0.6551f,-0.2416f,-1.1872f,-1.8789f,0f,0f,0f,1f],start_interpolation: 0,interpolation_duration: 1}
$data merge entity $(right_shoulder) {transformation: [-1.4042f,0.377f,-0.1899f,-1.0065f,-0.0408f,0.5354f,1.3644f,5.7878f,0.4201f,1.3119f,-0.5022f,-0.3479f,0f,0f,0f,1f],start_interpolation: 0,interpolation_duration: 1}
$data merge entity $(right_arm) {transformation: [-1f,0f,0f,-0.4425f,0f,0.8525f,0.5228f,6.0391f,0f,0.5228f,-0.8525f,-0.2037f,0f,0f,0f,1f],start_interpolation: 0,interpolation_duration: 1}
$data merge entity $(left_thumb_2) {transformation: [-0.209f,0.5697f,0.7949f,0.3236f,-0.5474f,0.6054f,-0.5778f,3.8783f,-0.8104f,-0.5559f,0.1853f,0.7816f,0f,0f,0f,1f],start_interpolation: 0,interpolation_duration: 1}
$data merge entity $(left_thumb) {transformation: [-0.209f,0.9681f,-0.1383f,0.668f,-0.5474f,-0.233f,-0.8038f,3.8959f,-0.8104f,-0.0923f,0.5786f,0.8639f,0f,0f,0f,1f],start_interpolation: 0,interpolation_duration: 1}
$data merge entity $(left_fingers2) {transformation: [0.8837f,0.1308f,0.4495f,0.1836f,0.1268f,0.8574f,-0.4987f,3.3299f,-0.4506f,0.4977f,0.7411f,1.125f,0f,0f,0f,1f],start_interpolation: 0,interpolation_duration: 1}
$data merge entity $(left_fingers) {transformation: [0.7456f,0.492f,0.4495f,0.3061f,-0.2474f,0.8307f,-0.4987f,3.5699f,-0.6188f,0.2606f,0.7411f,1.2221f,0f,0f,0f,1f],start_interpolation: 0,interpolation_duration: 1}
$data merge entity $(left_hand) {transformation: [0.0487f,0.7119f,0.7006f,0.7745f,-0.589f,0.5869f,-0.5555f,3.9029f,-0.8066f,-0.3856f,0.4479f,1.001f,0f,0f,0f,1f],start_interpolation: 0,interpolation_duration: 1}
$data merge entity $(left_forearm) {transformation: [-1.0254f,0.8827f,-0.2581f,2.0518f,0.5613f,0.2945f,-1.2229f,4.3252f,-0.7285f,-1.0155f,-0.5789f,-0.5797f,0f,0f,0f,1f],start_interpolation: 0,interpolation_duration: 1}
$data merge entity $(left_shoulder) {transformation: [-1.3006f,-0.6362f,0.2316f,1.0065f,-0.5771f,1.304f,0.3411f,5.7878f,-0.354f,0.2115f,-1.4071f,-0.3479f,0f,0f,0f,1f],start_interpolation: 0,interpolation_duration: 1}
$data merge entity $(left_arm) {transformation: [-1f,0f,0f,0.4426f,0f,0.8525f,0.5228f,6.0391f,0f,0.5228f,-0.8525f,-0.2037f,0f,0f,0f,1f],start_interpolation: 0,interpolation_duration: 1}
$data merge entity $(chest) {transformation: [-1.2785f,0f,0f,0f,0f,1.0899f,0.6684f,4.5177f,0f,0.6684f,-1.0899f,-1.1774f,0f,0f,0f,1f],start_interpolation: 0,interpolation_duration: 1}
data modify storage animated_java:temp entry.data merge value {"locators":{"consume":{"px":-2.4550655982,"py":2.4740359404,"pz":-1.5393788277,"ry":315.6010352434,"rx":3.891556279}}}
# Data Manager: Prepare for Read / Write
execute store result storage animated_java:temp args.id int 1 run scoreboard players get @s aj.id
# Data Manager: Write
function animated_java:global/data_manager/write with storage animated_java:temp args