# This file was generated by Animated Java via MC-Build. It is not recommended to edit this file directly.
$data merge entity $(neck) {transformation: [-1f,0f,0f,0f,0f,0.9745f,0.2244f,6.0744f,0f,0.2244f,-0.9745f,-0.2001f,0f,0f,0f,1f],start_interpolation: 0,interpolation_duration: 1}
$data merge entity $(right_thumb_2) {transformation: [-0.6389f,0.3029f,-0.7071f,-2.1392f,0.452f,0.8916f,-0.0265f,2.8755f,0.6225f,-0.3366f,-0.7066f,-0.9823f,0f,0f,0f,1f],start_interpolation: 0,interpolation_duration: 1}
$data merge entity $(right_thumb) {transformation: [-0.6389f,-0.1902f,-0.7454f,-2.2846f,0.452f,0.6912f,-0.5638f,3.1729f,0.6225f,-0.6972f,-0.3557f,-1.1093f,0f,0f,0f,1f],start_interpolation: 0,interpolation_duration: 1}
$data merge entity $(right_fingers2) {transformation: [-0.5445f,-0.4511f,-0.7071f,-2.574f,-0.617f,0.7865f,-0.0265f,2.4135f,0.5681f,0.4219f,-0.7066f,-0.9052f,0f,0f,0f,1f],start_interpolation: 0,interpolation_duration: 1}
$data merge entity $(right_fingers) {transformation: [-0.7071f,0.0045f,-0.7071f,-2.5978f,0.0329f,0.9991f,-0.0265f,2.6989f,0.7064f,-0.042f,-0.7066f,-0.9024f,0f,0f,0f,1f],start_interpolation: 0,interpolation_duration: 1}
$data merge entity $(scout) {transformation: [0f,0f,0f,-2.5464f,0f,0f,0f,2.6559f,0f,0f,0f,-1.1032f,0f,0f,0f,1f],start_interpolation: 0,interpolation_duration: 1}
$data merge entity $(right_hand) {transformation: [-0.6389f,0.3029f,-0.7071f,-2.4399f,0.452f,0.8916f,-0.0265f,3.2431f,0.6225f,-0.3366f,-0.7066f,-1.1435f,0f,0f,0f,1f],start_interpolation: 0,interpolation_duration: 1}
$data merge entity $(right_forearm) {transformation: [-1.1935f,0.4172f,0.5464f,-1.7421f,0.1524f,1.2281f,-0.6048f,5.0642f,-0.6704f,-0.4636f,-1.1103f,-1.8542f,0f,0f,0f,1f],start_interpolation: 0,interpolation_duration: 1}
$data merge entity $(right_shoulder) {transformation: [-1.4042f,0.3656f,-0.211f,-1.0065f,-0.0331f,0.6352f,1.3211f,5.8028f,0.4208f,1.2699f,-0.6f,-0.3714f,0f,0f,0f,1f],start_interpolation: 0,interpolation_duration: 1}
$data merge entity $(right_arm) {transformation: [-1f,0f,0f,-0.4425f,0f,0.8619f,0.507f,6.0568f,0f,0.507f,-0.8619f,-0.2319f,0f,0f,0f,1f],start_interpolation: 0,interpolation_duration: 1}
$data merge entity $(left_thumb_2) {transformation: [-0.1976f,0.5678f,0.7991f,0.318f,-0.5532f,0.6084f,-0.5691f,3.8788f,-0.8093f,-0.5545f,0.1939f,0.7744f,0f,0f,0f,1f],start_interpolation: 0,interpolation_duration: 1}
$data merge entity $(left_thumb) {transformation: [-0.1976f,0.971f,-0.1347f,0.6616f,-0.5532f,-0.2239f,-0.8024f,3.9001f,-0.8093f,-0.0841f,0.5814f,0.8591f,0f,0f,0f,1f],start_interpolation: 0,interpolation_duration: 1}
$data merge entity $(left_fingers2) {transformation: [0.8857f,0.1187f,0.4488f,0.1808f,0.1334f,0.861f,-0.4908f,3.3306f,-0.4447f,0.4946f,0.7467f,1.1193f,0f,0f,0f,1f],start_interpolation: 0,interpolation_duration: 1}
$data merge entity $(left_fingers) {transformation: [0.7526f,0.4819f,0.4488f,0.3002f,-0.243f,0.8367f,-0.4908f,3.5723f,-0.6121f,0.2603f,0.7467f,1.2162f,0f,0f,0f,1f],start_interpolation: 0,interpolation_duration: 1}
$data merge entity $(left_hand) {transformation: [0.0604f,0.709f,0.7027f,0.767f,-0.5923f,0.5921f,-0.5465f,3.9088f,-0.8035f,-0.3832f,0.4557f,0.997f,0f,0f,0f,1f],start_interpolation: 0,interpolation_duration: 1}
$data merge entity $(left_forearm) {transformation: [-1.0254f,0.8873f,-0.2418f,2.0518f,0.5478f,0.2984f,-1.228f,4.3363f,-0.7387f,-1.0104f,-0.575f,-0.5762f,0f,0f,0f,1f],start_interpolation: 0,interpolation_duration: 1}
$data merge entity $(left_shoulder) {transformation: [-1.3006f,-0.6362f,0.2316f,1.0065f,-0.5835f,1.3077f,0.3152f,5.8028f,-0.3433f,0.1874f,-1.4131f,-0.3714f,0f,0f,0f,1f],start_interpolation: 0,interpolation_duration: 1}
$data merge entity $(left_arm) {transformation: [-1f,0f,0f,0.4426f,0f,0.8619f,0.507f,6.0568f,0f,0.507f,-0.8619f,-0.2319f,0f,0f,0f,1f],start_interpolation: 0,interpolation_duration: 1}
$data merge entity $(chest) {transformation: [-1.2785f,0f,0f,0f,0f,1.102f,0.6483f,4.5177f,0f,0.6483f,-1.102f,-1.1774f,0f,0f,0f,1f],start_interpolation: 0,interpolation_duration: 1}
data modify storage animated_java:temp entry.data merge value {"locators":{"consume":{"px":-2.5352334093,"py":2.4937664362,"pz":-1.0537939039,"ry":314.9777562074,"rx":-1.5196343347}}}
# Data Manager: Prepare for Read / Write
execute store result storage animated_java:temp args.id int 1 run scoreboard players get @s aj.id
# Data Manager: Write
function animated_java:global/data_manager/write with storage animated_java:temp args