# This file was generated by Animated Java via MC-Build. It is not recommended to edit this file directly.
$data merge entity $(neck) {transformation: [-1f,0f,0f,0f,0f,0.9707f,0.2405f,6.0581f,0f,0.2405f,-0.9707f,-0.1744f,0f,0f,0f,1f],start_interpolation: 0,interpolation_duration: 1}
$data merge entity $(right_thumb_2) {transformation: [-0.6636f,0.2699f,-0.6977f,-2.0728f,0.3124f,0.9474f,0.0695f,2.8524f,0.6798f,-0.1719f,-0.713f,-1.4082f,0f,0f,0f,1f],start_interpolation: 0,interpolation_duration: 1}
$data merge entity $(right_thumb) {transformation: [-0.6636f,-0.2106f,-0.7179f,-2.2288f,0.3124f,0.7939f,-0.5216f,3.1615f,0.6798f,-0.5704f,-0.461f,-1.4844f,0f,0f,0f,1f],start_interpolation: 0,interpolation_duration: 1}
$data merge entity $(right_fingers2) {transformation: [-0.5251f,-0.4873f,-0.6977f,-2.4892f,-0.7266f,0.6835f,0.0695f,2.3677f,0.443f,0.5435f,-0.713f,-1.42f,0f,0f,0f,1f],start_interpolation: 0,interpolation_duration: 1}
$data merge entity $(right_fingers) {transformation: [-0.7155f,-0.0358f,-0.6977f,-2.5247f,-0.1173f,0.9907f,0.0695f,2.6472f,0.6887f,0.1315f,-0.713f,-1.3683f,0f,0f,0f,1f],start_interpolation: 0,interpolation_duration: 1}
$data merge entity $(scout) {transformation: [0f,0f,0f,-2.4694f,0f,0f,0f,2.6417f,0f,0f,0f,-1.5726f,0f,0f,0f,1f],start_interpolation: 0,interpolation_duration: 1}
$data merge entity $(right_hand) {transformation: [-0.6636f,0.2699f,-0.6977f,-2.3864f,0.3124f,0.9474f,0.0695f,3.2306f,0.6798f,-0.1719f,-0.713f,-1.5088f,0f,0f,0f,1f],start_interpolation: 0,interpolation_duration: 1}
$data merge entity $(right_forearm) {transformation: [-1.1914f,0.3718f,0.5827f,-1.7557f,0.2206f,1.3049f,-0.3816f,5.1728f,-0.6551f,-0.2367f,-1.1883f,-1.8813f,0f,0f,0f,1f],start_interpolation: 0,interpolation_duration: 1}
$data merge entity $(right_shoulder) {transformation: [-1.4042f,0.3774f,-0.1892f,-1.0065f,-0.04f,0.5351f,1.3645f,5.7893f,0.4202f,1.3119f,-0.5021f,-0.3503f,0f,0f,0f,1f],start_interpolation: 0,interpolation_duration: 1}
$data merge entity $(right_arm) {transformation: [-1f,0f,0f,-0.4425f,0f,0.8534f,0.5212f,6.0409f,0f,0.5212f,-0.8534f,-0.2065f,0f,0f,0f,1f],start_interpolation: 0,interpolation_duration: 1}
$data merge entity $(left_thumb_2) {transformation: [-0.2079f,0.5695f,0.7953f,0.323f,-0.548f,0.6057f,-0.5769f,3.8784f,-0.8103f,-0.5557f,0.1862f,0.7809f,0f,0f,0f,1f],start_interpolation: 0,interpolation_duration: 1}
$data merge entity $(left_thumb) {transformation: [-0.2079f,0.9684f,-0.1379f,0.6673f,-0.548f,-0.2321f,-0.8037f,3.8963f,-0.8103f,-0.0915f,0.5789f,0.8634f,0f,0f,0f,1f],start_interpolation: 0,interpolation_duration: 1}
$data merge entity $(left_fingers2) {transformation: [0.8839f,0.1296f,0.4494f,0.1833f,0.1275f,0.8578f,-0.4979f,3.33f,-0.45f,0.4974f,0.7417f,1.1244f,0f,0f,0f,1f],start_interpolation: 0,interpolation_duration: 1}
$data merge entity $(left_fingers) {transformation: [0.7463f,0.491f,0.4494f,0.3054f,-0.247f,0.8313f,-0.4979f,3.5702f,-0.6181f,0.2606f,0.7417f,1.2215f,0f,0f,0f,1f],start_interpolation: 0,interpolation_duration: 1}
$data merge entity $(left_hand) {transformation: [0.0499f,0.7116f,0.7008f,0.7737f,-0.5894f,0.5875f,-0.5546f,3.9035f,-0.8063f,-0.3854f,0.4487f,1.0006f,0f,0f,0f,1f],start_interpolation: 0,interpolation_duration: 1}
$data merge entity $(left_forearm) {transformation: [-1.0254f,0.8832f,-0.2564f,2.0518f,0.5599f,0.2949f,-1.2234f,4.3263f,-0.7295f,-1.015f,-0.5785f,-0.5793f,0f,0f,0f,1f],start_interpolation: 0,interpolation_duration: 1}
$data merge entity $(left_shoulder) {transformation: [-1.3006f,-0.6362f,0.2316f,1.0065f,-0.5778f,1.3044f,0.3385f,5.7893f,-0.3529f,0.209f,-1.4077f,-0.3503f,0f,0f,0f,1f],start_interpolation: 0,interpolation_duration: 1}
$data merge entity $(left_arm) {transformation: [-1f,0f,0f,0.4426f,0f,0.8534f,0.5212f,6.0409f,0f,0.5212f,-0.8534f,-0.2065f,0f,0f,0f,1f],start_interpolation: 0,interpolation_duration: 1}
$data merge entity $(chest) {transformation: [-1.2785f,0f,0f,0f,0f,1.0911f,0.6664f,4.5177f,0f,0.6664f,-1.0911f,-1.1774f,0f,0f,0f,1f],start_interpolation: 0,interpolation_duration: 1}
data modify storage animated_java:temp entry.data merge value {"locators":{"consume":{"px":-2.4520941861,"py":2.4739903048,"pz":-1.5517273763,"ry":315.6211786845,"rx":3.9832428581}}}
# Data Manager: Prepare for Read / Write
execute store result storage animated_java:temp args.id int 1 run scoreboard players get @s aj.id
# Data Manager: Write
function animated_java:global/data_manager/write with storage animated_java:temp args