# This file was generated by Animated Java via MC-Build. It is not recommended to edit this file directly.
$data merge entity $(neck) {transformation: [-1f,0f,0f,0f,0f,0.9711f,0.2385f,6.0601f,0f,0.2385f,-0.9711f,-0.1776f,0f,0f,0f,1f],start_interpolation: 0,interpolation_duration: 1}
$data merge entity $(right_thumb_2) {transformation: [-0.6643f,0.2689f,-0.6974f,-2.0706f,0.3095f,0.9483f,0.0707f,2.8523f,0.6803f,-0.1689f,-0.7132f,-1.4177f,0f,0f,0f,1f],start_interpolation: 0,interpolation_duration: 1}
$data merge entity $(right_thumb) {transformation: [-0.6643f,-0.2112f,-0.717f,-2.2269f,0.3095f,0.7954f,-0.5211f,3.1615f,0.6803f,-0.5681f,-0.463f,-1.4931f,0f,0f,0f,1f],start_interpolation: 0,interpolation_duration: 1}
$data merge entity $(right_fingers2) {transformation: [-0.5244f,-0.4885f,-0.6974f,-2.4864f,-0.7286f,0.6813f,0.0707f,2.3671f,0.4406f,0.5452f,-0.7132f,-1.4312f,0f,0f,0f,1f],start_interpolation: 0,interpolation_duration: 1}
$data merge entity $(right_fingers) {transformation: [-0.7157f,-0.0371f,-0.6974f,-2.5222f,-0.1202f,0.9902f,0.0707f,2.6465f,0.688f,0.1345f,-0.7132f,-1.3787f,0f,0f,0f,1f],start_interpolation: 0,interpolation_duration: 1}
$data merge entity $(scout) {transformation: [0f,0f,0f,-2.4668f,0f,0f,0f,2.6416f,0f,0f,0f,-1.5829f,0f,0f,0f,1f],start_interpolation: 0,interpolation_duration: 1}
$data merge entity $(right_hand) {transformation: [-0.6643f,0.2689f,-0.6974f,-2.3846f,0.3095f,0.9483f,0.0707f,3.2305f,0.6803f,-0.1689f,-0.7132f,-1.5173f,0f,0f,0f,1f],start_interpolation: 0,interpolation_duration: 1}
$data merge entity $(right_forearm) {transformation: [-1.1913f,0.3703f,0.5838f,-1.7561f,0.2211f,1.3061f,-0.3773f,5.1745f,-0.6551f,-0.2326f,-1.1891f,-1.8837f,0f,0f,0f,1f],start_interpolation: 0,interpolation_duration: 1}
$data merge entity $(right_shoulder) {transformation: [-1.4042f,0.3777f,-0.1885f,-1.0065f,-0.0392f,0.5352f,1.3645f,5.791f,0.4203f,1.3118f,-0.5024f,-0.3529f,0f,0f,0f,1f],start_interpolation: 0,interpolation_duration: 1}
$data merge entity $(right_arm) {transformation: [-1f,0f,0f,-0.4425f,0f,0.8545f,0.5195f,6.0429f,0f,0.5195f,-0.8545f,-0.2096f,0f,0f,0f,1f],start_interpolation: 0,interpolation_duration: 1}
$data merge entity $(left_thumb_2) {transformation: [-0.2066f,0.5693f,0.7957f,0.3224f,-0.5486f,0.606f,-0.576f,3.8784f,-0.8101f,-0.5556f,0.1871f,0.7801f,0f,0f,0f,1f],start_interpolation: 0,interpolation_duration: 1}
$data merge entity $(left_thumb) {transformation: [-0.2066f,0.9687f,-0.1375f,0.6666f,-0.5486f,-0.2311f,-0.8035f,3.8968f,-0.8101f,-0.0906f,0.5792f,0.8629f,0f,0f,0f,1f],start_interpolation: 0,interpolation_duration: 1}
$data merge entity $(left_fingers2) {transformation: [0.8841f,0.1282f,0.4493f,0.183f,0.1282f,0.8582f,-0.4971f,3.3301f,-0.4494f,0.4971f,0.7423f,1.1238f,0f,0f,0f,1f],start_interpolation: 0,interpolation_duration: 1}
$data merge entity $(left_fingers) {transformation: [0.7471f,0.4899f,0.4493f,0.3048f,-0.2465f,0.8319f,-0.4971f,3.5705f,-0.6173f,0.2606f,0.7423f,1.2209f,0f,0f,0f,1f],start_interpolation: 0,interpolation_duration: 1}
$data merge entity $(left_hand) {transformation: [0.0511f,0.7113f,0.701f,0.7729f,-0.5897f,0.588f,-0.5536f,3.9042f,-0.806f,-0.3851f,0.4495f,1.0002f,0f,0f,0f,1f],start_interpolation: 0,interpolation_duration: 1}
$data merge entity $(left_forearm) {transformation: [-1.0254f,0.8837f,-0.2547f,2.0518f,0.5584f,0.2953f,-1.224f,4.3275f,-0.7307f,-1.0144f,-0.5781f,-0.5789f,0f,0f,0f,1f],start_interpolation: 0,interpolation_duration: 1}
$data merge entity $(left_shoulder) {transformation: [-1.3006f,-0.6362f,0.2316f,1.0065f,-0.5785f,1.3048f,0.3357f,5.791f,-0.3517f,0.2064f,-1.4084f,-0.3529f,0f,0f,0f,1f],start_interpolation: 0,interpolation_duration: 1}
$data merge entity $(left_arm) {transformation: [-1f,0f,0f,0.4426f,0f,0.8545f,0.5195f,6.0429f,0f,0.5195f,-0.8545f,-0.2096f,0f,0f,0f,1f],start_interpolation: 0,interpolation_duration: 1}
$data merge entity $(chest) {transformation: [-1.2785f,0f,0f,0f,0f,1.0925f,0.6642f,4.5177f,0f,0.6642f,-1.0925f,-1.1774f,0f,0f,0f,1f],start_interpolation: 0,interpolation_duration: 1}
data modify storage animated_java:temp entry.data merge value {"locators":{"consume":{"px":-2.4493397718,"py":2.4738674921,"pz":-1.562553148,"ry":315.640517431,"rx":4.0560644528}}}
# Data Manager: Prepare for Read / Write
execute store result storage animated_java:temp args.id int 1 run scoreboard players get @s aj.id
# Data Manager: Write
function animated_java:global/data_manager/write with storage animated_java:temp args