# This file was generated by Animated Java via MC-Build. It is not recommended to edit this file directly.
$data merge entity $(neck) {transformation: [-1f,0f,0f,0f,0f,0.9717f,0.2364f,6.0622f,0f,0.2364f,-0.9717f,-0.1809f,0f,0f,0f,1f],start_interpolation: 0,interpolation_duration: 1}
$data merge entity $(right_thumb_2) {transformation: [-0.665f,0.2679f,-0.6971f,-2.0686f,0.3071f,0.949f,0.0717f,2.8522f,0.6807f,-0.1665f,-0.7134f,-1.4258f,0f,0f,0f,1f],start_interpolation: 0,interpolation_duration: 1}
$data merge entity $(right_thumb) {transformation: [-0.665f,-0.2119f,-0.7161f,-2.2252f,0.3071f,0.7965f,-0.5208f,3.1613f,0.6807f,-0.5663f,-0.4646f,-1.5005f,0f,0f,0f,1f],start_interpolation: 0,interpolation_duration: 1}
$data merge entity $(right_fingers2) {transformation: [-0.5238f,-0.4895f,-0.6971f,-2.4838f,-0.7302f,0.6794f,0.0717f,2.3666f,0.4386f,0.5466f,-0.7134f,-1.4407f,0f,0f,0f,1f],start_interpolation: 0,interpolation_duration: 1}
$data merge entity $(right_fingers) {transformation: [-0.7159f,-0.0383f,-0.6971f,-2.52f,-0.1227f,0.9899f,0.0717f,2.6457f,0.6873f,0.1368f,-0.7134f,-1.3875f,0f,0f,0f,1f],start_interpolation: 0,interpolation_duration: 1}
$data merge entity $(scout) {transformation: [0f,0f,0f,-2.4645f,0f,0f,0f,2.6415f,0f,0f,0f,-1.5917f,0f,0f,0f,1f],start_interpolation: 0,interpolation_duration: 1}
$data merge entity $(right_hand) {transformation: [-0.665f,0.2679f,-0.6971f,-2.3829f,0.3071f,0.949f,0.0717f,3.2302f,0.6807f,-0.1665f,-0.7134f,-1.5247f,0f,0f,0f,1f],start_interpolation: 0,interpolation_duration: 1}
$data merge entity $(right_forearm) {transformation: [-1.1912f,0.369f,0.5848f,-1.7565f,0.2213f,1.3071f,-0.3738f,5.1758f,-0.6551f,-0.2293f,-1.1897f,-1.886f,0f,0f,0f,1f],start_interpolation: 0,interpolation_duration: 1}
$data merge entity $(right_shoulder) {transformation: [-1.4042f,0.378f,-0.1878f,-1.0065f,-0.0383f,0.5357f,1.3643f,5.7927f,0.4204f,1.3115f,-0.5031f,-0.3556f,0f,0f,0f,1f],start_interpolation: 0,interpolation_duration: 1}
$data merge entity $(right_arm) {transformation: [-1f,0f,0f,-0.4425f,0f,0.8556f,0.5177f,6.045f,0f,0.5177f,-0.8556f,-0.2129f,0f,0f,0f,1f],start_interpolation: 0,interpolation_duration: 1}
$data merge entity $(left_thumb_2) {transformation: [-0.2053f,0.5691f,0.7962f,0.3217f,-0.5493f,0.6064f,-0.575f,3.8785f,-0.81f,-0.5554f,0.1881f,0.7792f,0f,0f,0f,1f],start_interpolation: 0,interpolation_duration: 1}
$data merge entity $(left_thumb) {transformation: [-0.2053f,0.969f,-0.1371f,0.6658f,-0.5493f,-0.23f,-0.8033f,3.8973f,-0.81f,-0.0896f,0.5795f,0.8624f,0f,0f,0f,1f],start_interpolation: 0,interpolation_duration: 1}
$data merge entity $(left_fingers2) {transformation: [0.8843f,0.1268f,0.4493f,0.1826f,0.1289f,0.8586f,-0.4962f,3.3302f,-0.4487f,0.4967f,0.743f,1.1231f,0f,0f,0f,1f],start_interpolation: 0,interpolation_duration: 1}
$data merge entity $(left_fingers) {transformation: [0.7479f,0.4887f,0.4493f,0.3041f,-0.246f,0.8326f,-0.4962f,3.5707f,-0.6166f,0.2606f,0.743f,1.2202f,0f,0f,0f,1f],start_interpolation: 0,interpolation_duration: 1}
$data merge entity $(left_hand) {transformation: [0.0525f,0.711f,0.7013f,0.772f,-0.5901f,0.5886f,-0.5525f,3.9049f,-0.8056f,-0.3848f,0.4505f,0.9997f,0f,0f,0f,1f],start_interpolation: 0,interpolation_duration: 1}
$data merge entity $(left_forearm) {transformation: [-1.0254f,0.8842f,-0.2528f,2.0518f,0.5569f,0.2957f,-1.2246f,4.3288f,-0.7319f,-1.0138f,-0.5776f,-0.5785f,0f,0f,0f,1f],start_interpolation: 0,interpolation_duration: 1}
$data merge entity $(left_shoulder) {transformation: [-1.3006f,-0.6362f,0.2316f,1.0065f,-0.5793f,1.3052f,0.3327f,5.7927f,-0.3505f,0.2036f,-1.4091f,-0.3556f,0f,0f,0f,1f],start_interpolation: 0,interpolation_duration: 1}
$data merge entity $(left_arm) {transformation: [-1f,0f,0f,0.4426f,0f,0.8556f,0.5177f,6.045f,0f,0.5177f,-0.8556f,-0.2129f,0f,0f,0f,1f],start_interpolation: 0,interpolation_duration: 1}
$data merge entity $(chest) {transformation: [-1.2785f,0f,0f,0f,0f,1.0939f,0.6619f,4.5177f,0f,0.6619f,-1.0939f,-1.1774f,0f,0f,0f,1f],start_interpolation: 0,interpolation_duration: 1}
data modify storage animated_java:temp entry.data merge value {"locators":{"consume":{"px":-2.4468211889,"py":2.4736517772,"pz":-1.5717868891,"ry":315.6589997009,"rx":4.1095451607}}}
# Data Manager: Prepare for Read / Write
execute store result storage animated_java:temp args.id int 1 run scoreboard players get @s aj.id
# Data Manager: Write
function animated_java:global/data_manager/write with storage animated_java:temp args