# This file was generated by Animated Java via MC-Build. It is not recommended to edit this file directly.
$data merge entity $(neck) {transformation: [-1f,0f,0f,0f,0f,0.9722f,0.2342f,6.0645f,0f,0.2342f,-0.9722f,-0.1844f,0f,0f,0f,1f],start_interpolation: 0,interpolation_duration: 1}
$data merge entity $(right_thumb_2) {transformation: [-0.6656f,0.267f,-0.6969f,-2.0668f,0.3052f,0.9495f,0.0723f,2.852f,0.681f,-0.1646f,-0.7135f,-1.4326f,0f,0f,0f,1f],start_interpolation: 0,interpolation_duration: 1}
$data merge entity $(right_thumb) {transformation: [-0.6656f,-0.2124f,-0.7154f,-2.2237f,0.3052f,0.7973f,-0.5207f,3.1611f,0.681f,-0.565f,-0.4659f,-1.5068f,0f,0f,0f,1f],start_interpolation: 0,interpolation_duration: 1}
$data merge entity $(right_fingers2) {transformation: [-0.5233f,-0.4904f,-0.6969f,-2.4815f,-0.7316f,0.6779f,0.0723f,2.366f,0.437f,0.5476f,-0.7135f,-1.4485f,0f,0f,0f,1f],start_interpolation: 0,interpolation_duration: 1}
$data merge entity $(right_fingers) {transformation: [-0.7161f,-0.0393f,-0.6969f,-2.518f,-0.1247f,0.9896f,0.0723f,2.645f,0.6868f,0.1386f,-0.7135f,-1.3948f,0f,0f,0f,1f],start_interpolation: 0,interpolation_duration: 1}
$data merge entity $(scout) {transformation: [0f,0f,0f,-2.4624f,0f,0f,0f,2.6412f,0f,0f,0f,-1.599f,0f,0f,0f,1f],start_interpolation: 0,interpolation_duration: 1}
$data merge entity $(right_hand) {transformation: [-0.6656f,0.267f,-0.6969f,-2.3815f,0.3052f,0.9495f,0.0723f,3.2299f,0.681f,-0.1646f,-0.7135f,-1.5309f,0f,0f,0f,1f],start_interpolation: 0,interpolation_duration: 1}
$data merge entity $(right_forearm) {transformation: [-1.1911f,0.3678f,0.5858f,-1.7568f,0.2213f,1.3079f,-0.371f,5.1767f,-0.6553f,-0.2267f,-1.1901f,-1.8884f,0f,0f,0f,1f],start_interpolation: 0,interpolation_duration: 1}
$data merge entity $(right_shoulder) {transformation: [-1.4042f,0.3783f,-0.1873f,-1.0065f,-0.0373f,0.5366f,1.364f,5.7946f,0.4205f,1.311f,-0.5042f,-0.3585f,0f,0f,0f,1f],start_interpolation: 0,interpolation_duration: 1}
$data merge entity $(right_arm) {transformation: [-1f,0f,0f,-0.4425f,0f,0.8568f,0.5157f,6.0472f,0f,0.5157f,-0.8568f,-0.2164f,0f,0f,0f,1f],start_interpolation: 0,interpolation_duration: 1}
$data merge entity $(left_thumb_2) {transformation: [-0.2039f,0.5689f,0.7968f,0.321f,-0.55f,0.6067f,-0.5739f,3.8786f,-0.8099f,-0.5552f,0.1892f,0.7783f,0f,0f,0f,1f],start_interpolation: 0,interpolation_duration: 1}
$data merge entity $(left_thumb) {transformation: [-0.2039f,0.9694f,-0.1367f,0.665f,-0.55f,-0.2289f,-0.8032f,3.8978f,-0.8099f,-0.0886f,0.5799f,0.8618f,0f,0f,0f,1f],start_interpolation: 0,interpolation_duration: 1}
$data merge entity $(left_fingers2) {transformation: [0.8846f,0.1253f,0.4492f,0.1823f,0.1297f,0.859f,-0.4952f,3.3303f,-0.4479f,0.4963f,0.7437f,1.1224f,0f,0f,0f,1f],start_interpolation: 0,interpolation_duration: 1}
$data merge entity $(left_fingers) {transformation: [0.7488f,0.4874f,0.4492f,0.3033f,-0.2455f,0.8334f,-0.4952f,3.571f,-0.6157f,0.2605f,0.7437f,1.2195f,0f,0f,0f,1f],start_interpolation: 0,interpolation_duration: 1}
$data merge entity $(left_hand) {transformation: [0.054f,0.7106f,0.7015f,0.7711f,-0.5905f,0.5893f,-0.5514f,3.9056f,-0.8052f,-0.3845f,0.4514f,0.9992f,0f,0f,0f,1f],start_interpolation: 0,interpolation_duration: 1}
$data merge entity $(left_forearm) {transformation: [-1.0254f,0.8848f,-0.2507f,2.0518f,0.5552f,0.2962f,-1.2252f,4.3302f,-0.7331f,-1.0132f,-0.5772f,-0.5781f,0f,0f,0f,1f],start_interpolation: 0,interpolation_duration: 1}
$data merge entity $(left_shoulder) {transformation: [-1.3006f,-0.6362f,0.2316f,1.0065f,-0.5801f,1.3057f,0.3294f,5.7946f,-0.3492f,0.2006f,-1.4099f,-0.3585f,0f,0f,0f,1f],start_interpolation: 0,interpolation_duration: 1}
$data merge entity $(left_arm) {transformation: [-1f,0f,0f,0.4426f,0f,0.8568f,0.5157f,6.0472f,0f,0.5157f,-0.8568f,-0.2164f,0f,0f,0f,1f],start_interpolation: 0,interpolation_duration: 1}
$data merge entity $(chest) {transformation: [-1.2785f,0f,0f,0f,0f,1.0954f,0.6594f,4.5177f,0f,0.6594f,-1.0954f,-1.1774f,0f,0f,0f,1f],start_interpolation: 0,interpolation_duration: 1}
data modify storage animated_java:temp entry.data merge value {"locators":{"consume":{"px":-2.4445557822,"py":2.4733306219,"pz":-1.5793692124,"ry":315.6765612524,"rx":4.1433307478}}}
# Data Manager: Prepare for Read / Write
execute store result storage animated_java:temp args.id int 1 run scoreboard players get @s aj.id
# Data Manager: Write
function animated_java:global/data_manager/write with storage animated_java:temp args