# This file was generated by Animated Java via MC-Build. It is not recommended to edit this file directly.
$data merge entity $(neck) {transformation: [-1f,0f,0f,0f,0f,0.9727f,0.2319f,6.0669f,0f,0.2319f,-0.9727f,-0.1881f,0f,0f,0f,1f],start_interpolation: 0,interpolation_duration: 1}
$data merge entity $(right_thumb_2) {transformation: [-0.6662f,0.2662f,-0.6967f,-2.0652f,0.3038f,0.95f,0.0725f,2.8517f,0.6811f,-0.1634f,-0.7137f,-1.4378f,0f,0f,0f,1f],start_interpolation: 0,interpolation_duration: 1}
$data merge entity $(right_thumb) {transformation: [-0.6662f,-0.2129f,-0.7148f,-2.2223f,0.3038f,0.7978f,-0.5208f,3.1608f,0.6811f,-0.5641f,-0.4668f,-1.5117f,0f,0f,0f,1f],start_interpolation: 0,interpolation_duration: 1}
$data merge entity $(right_fingers2) {transformation: [-0.5228f,-0.4913f,-0.6967f,-2.4794f,-0.7326f,0.6768f,0.0725f,2.3654f,0.4359f,0.5483f,-0.7137f,-1.4545f,0f,0f,0f,1f],start_interpolation: 0,interpolation_duration: 1}
$data merge entity $(right_fingers) {transformation: [-0.7163f,-0.0403f,-0.6967f,-2.5162f,-0.1261f,0.9894f,0.0725f,2.6443f,0.6863f,0.1398f,-0.7137f,-1.4005f,0f,0f,0f,1f],start_interpolation: 0,interpolation_duration: 1}
$data merge entity $(scout) {transformation: [0f,0f,0f,-2.4605f,0f,0f,0f,2.6407f,0f,0f,0f,-1.6047f,0f,0f,0f,1f],start_interpolation: 0,interpolation_duration: 1}
$data merge entity $(right_hand) {transformation: [-0.6662f,0.2662f,-0.6967f,-2.3802f,0.3038f,0.95f,0.0725f,3.2294f,0.6811f,-0.1634f,-0.7137f,-1.5358f,0f,0f,0f,1f],start_interpolation: 0,interpolation_duration: 1}
$data merge entity $(right_forearm) {transformation: [-1.1911f,0.3667f,0.5866f,-1.7571f,0.2211f,1.3085f,-0.3691f,5.1773f,-0.6555f,-0.225f,-1.1903f,-1.8908f,0f,0f,0f,1f],start_interpolation: 0,interpolation_duration: 1}
$data merge entity $(right_shoulder) {transformation: [-1.4042f,0.3786f,-0.1867f,-1.0065f,-0.0363f,0.5379f,1.3635f,5.7966f,0.4206f,1.3104f,-0.5058f,-0.3616f,0f,0f,0f,1f],start_interpolation: 0,interpolation_duration: 1}
$data merge entity $(right_arm) {transformation: [-1f,0f,0f,-0.4425f,0f,0.858f,0.5137f,6.0495f,0f,0.5137f,-0.858f,-0.22f,0f,0f,0f,1f],start_interpolation: 0,interpolation_duration: 1}
$data merge entity $(left_thumb_2) {transformation: [-0.2024f,0.5686f,0.7973f,0.3203f,-0.5508f,0.6071f,-0.5728f,3.8786f,-0.8098f,-0.5551f,0.1903f,0.7774f,0f,0f,0f,1f],start_interpolation: 0,interpolation_duration: 1}
$data merge entity $(left_thumb) {transformation: [-0.2024f,0.9698f,-0.1362f,0.6642f,-0.5508f,-0.2277f,-0.803f,3.8983f,-0.8098f,-0.0875f,0.5802f,0.8611f,0f,0f,0f,1f],start_interpolation: 0,interpolation_duration: 1}
$data merge entity $(left_fingers2) {transformation: [0.8849f,0.1238f,0.4491f,0.1819f,0.1306f,0.8595f,-0.4942f,3.3303f,-0.4472f,0.4959f,0.7444f,1.1217f,0f,0f,0f,1f],start_interpolation: 0,interpolation_duration: 1}
$data merge entity $(left_fingers) {transformation: [0.7497f,0.4861f,0.4491f,0.3026f,-0.2449f,0.8342f,-0.4942f,3.5713f,-0.6148f,0.2605f,0.7444f,1.2187f,0f,0f,0f,1f],start_interpolation: 0,interpolation_duration: 1}
$data merge entity $(left_hand) {transformation: [0.0555f,0.7102f,0.7018f,0.7701f,-0.5909f,0.5899f,-0.5503f,3.9064f,-0.8048f,-0.3842f,0.4524f,0.9987f,0f,0f,0f,1f],start_interpolation: 0,interpolation_duration: 1}
$data merge entity $(left_forearm) {transformation: [-1.0254f,0.8854f,-0.2486f,2.0518f,0.5534f,0.2967f,-1.2259f,4.3316f,-0.7345f,-1.0125f,-0.5766f,-0.5776f,0f,0f,0f,1f],start_interpolation: 0,interpolation_duration: 1}
$data merge entity $(left_shoulder) {transformation: [-1.3006f,-0.6362f,0.2316f,1.0065f,-0.5809f,1.3062f,0.3261f,5.7966f,-0.3478f,0.1975f,-1.4106f,-0.3616f,0f,0f,0f,1f],start_interpolation: 0,interpolation_duration: 1}
$data merge entity $(left_arm) {transformation: [-1f,0f,0f,0.4426f,0f,0.858f,0.5137f,6.0495f,0f,0.5137f,-0.858f,-0.22f,0f,0f,0f,1f],start_interpolation: 0,interpolation_duration: 1}
$data merge entity $(chest) {transformation: [-1.2785f,0f,0f,0f,0f,1.097f,0.6567f,4.5177f,0f,0.6567f,-1.097f,-1.1774f,0f,0f,0f,1f],start_interpolation: 0,interpolation_duration: 1}
data modify storage animated_java:temp entry.data merge value {"locators":{"consume":{"px":-2.4425592537,"py":2.4728951013,"pz":-1.5852509844,"ry":315.6931245296,"rx":4.1571913098}}}
# Data Manager: Prepare for Read / Write
execute store result storage animated_java:temp args.id int 1 run scoreboard players get @s aj.id
# Data Manager: Write
function animated_java:global/data_manager/write with storage animated_java:temp args