# This file was generated by Animated Java via MC-Build. It is not recommended to edit this file directly.
$data merge entity $(neck) {transformation: [-1f,0f,0f,0f,0f,0.9733f,0.2295f,6.0693f,0f,0.2295f,-0.9733f,-0.192f,0f,0f,0f,1f],start_interpolation: 0,interpolation_duration: 1}
$data merge entity $(right_thumb_2) {transformation: [-0.6666f,0.2655f,-0.6965f,-2.0638f,0.3029f,0.9503f,0.0724f,2.8514f,0.6811f,-0.1627f,-0.7139f,-1.4416f,0f,0f,0f,1f],start_interpolation: 0,interpolation_duration: 1}
$data merge entity $(right_thumb) {transformation: [-0.6666f,-0.2133f,-0.7142f,-2.2212f,0.3029f,0.798f,-0.5211f,3.1604f,0.6811f,-0.5637f,-0.4673f,-1.5154f,0f,0f,0f,1f],start_interpolation: 0,interpolation_duration: 1}
$data merge entity $(right_fingers2) {transformation: [-0.5224f,-0.492f,-0.6965f,-2.4777f,-0.7332f,0.6761f,0.0724f,2.3647f,0.4353f,0.5485f,-0.7139f,-1.4587f,0f,0f,0f,1f],start_interpolation: 0,interpolation_duration: 1}
$data merge entity $(right_fingers) {transformation: [-0.7164f,-0.0411f,-0.6965f,-2.5147f,-0.1271f,0.9892f,0.0724f,2.6435f,0.686f,0.1404f,-0.7139f,-1.4046f,0f,0f,0f,1f],start_interpolation: 0,interpolation_duration: 1}
$data merge entity $(scout) {transformation: [0f,0f,0f,-2.4589f,0f,0f,0f,2.6402f,0f,0f,0f,-1.6087f,0f,0f,0f,1f],start_interpolation: 0,interpolation_duration: 1}
$data merge entity $(right_hand) {transformation: [-0.6666f,0.2655f,-0.6965f,-2.379f,0.3029f,0.9503f,0.0724f,3.2289f,0.6811f,-0.1627f,-0.7139f,-1.5395f,0f,0f,0f,1f],start_interpolation: 0,interpolation_duration: 1}
$data merge entity $(right_forearm) {transformation: [-1.191f,0.3658f,0.5872f,-1.7573f,0.2205f,1.3089f,-0.3679f,5.1774f,-0.6557f,-0.2241f,-1.1903f,-1.8931f,0f,0f,0f,1f],start_interpolation: 0,interpolation_duration: 1}
$data merge entity $(right_shoulder) {transformation: [-1.4042f,0.3788f,-0.1863f,-1.0065f,-0.0353f,0.5396f,1.3629f,5.7986f,0.4206f,1.3097f,-0.5076f,-0.3648f,0f,0f,0f,1f],start_interpolation: 0,interpolation_duration: 1}
$data merge entity $(right_arm) {transformation: [-1f,0f,0f,-0.4425f,0f,0.8593f,0.5115f,6.0518f,0f,0.5115f,-0.8593f,-0.2238f,0f,0f,0f,1f],start_interpolation: 0,interpolation_duration: 1}
$data merge entity $(left_thumb_2) {transformation: [-0.2008f,0.5684f,0.7979f,0.3195f,-0.5515f,0.6075f,-0.5716f,3.8787f,-0.8096f,-0.5549f,0.1915f,0.7764f,0f,0f,0f,1f],start_interpolation: 0,interpolation_duration: 1}
$data merge entity $(left_thumb) {transformation: [-0.2008f,0.9702f,-0.1357f,0.6633f,-0.5515f,-0.2265f,-0.8028f,3.8989f,-0.8096f,-0.0864f,0.5806f,0.8605f,0f,0f,0f,1f],start_interpolation: 0,interpolation_duration: 1}
$data merge entity $(left_fingers2) {transformation: [0.8851f,0.1221f,0.449f,0.1815f,0.1315f,0.86f,-0.4931f,3.3304f,-0.4464f,0.4955f,0.7452f,1.1209f,0f,0f,0f,1f],start_interpolation: 0,interpolation_duration: 1}
$data merge entity $(left_fingers) {transformation: [0.7506f,0.4848f,0.449f,0.3018f,-0.2443f,0.835f,-0.4931f,3.5716f,-0.6139f,0.2604f,0.7452f,1.2179f,0f,0f,0f,1f],start_interpolation: 0,interpolation_duration: 1}
$data merge entity $(left_hand) {transformation: [0.0571f,0.7098f,0.7021f,0.7691f,-0.5914f,0.5906f,-0.549f,3.9072f,-0.8044f,-0.3838f,0.4535f,0.9981f,0f,0f,0f,1f],start_interpolation: 0,interpolation_duration: 1}
$data merge entity $(left_forearm) {transformation: [-1.0254f,0.886f,-0.2464f,2.0518f,0.5516f,0.2972f,-1.2266f,4.3331f,-0.7358f,-1.0118f,-0.5761f,-0.5772f,0f,0f,0f,1f],start_interpolation: 0,interpolation_duration: 1}
$data merge entity $(left_shoulder) {transformation: [-1.3006f,-0.6362f,0.2316f,1.0065f,-0.5818f,1.3067f,0.3226f,5.7986f,-0.3463f,0.1942f,-1.4114f,-0.3648f,0f,0f,0f,1f],start_interpolation: 0,interpolation_duration: 1}
$data merge entity $(left_arm) {transformation: [-1f,0f,0f,0.4426f,0f,0.8593f,0.5115f,6.0518f,0f,0.5115f,-0.8593f,-0.2238f,0f,0f,0f,1f],start_interpolation: 0,interpolation_duration: 1}
$data merge entity $(chest) {transformation: [-1.2785f,0f,0f,0f,0f,1.0986f,0.654f,4.5177f,0f,0.654f,-1.0986f,-1.1774f,0f,0f,0f,1f],start_interpolation: 0,interpolation_duration: 1}
data modify storage animated_java:temp entry.data merge value {"locators":{"consume":{"px":-2.4408455209,"py":2.4723402343,"pz":-1.5893936535,"ry":315.7085983651,"rx":4.1510231225}}}
# Data Manager: Prepare for Read / Write
execute store result storage animated_java:temp args.id int 1 run scoreboard players get @s aj.id
# Data Manager: Write
function animated_java:global/data_manager/write with storage animated_java:temp args