# This file was generated by Animated Java via MC-Build. It is not recommended to edit this file directly.
$data merge entity $(neck) {transformation: [-1f,0f,0f,0f,0f,0.9739f,0.227f,6.0719f,0f,0.227f,-0.9739f,-0.196f,0f,0f,0f,1f],start_interpolation: 0,interpolation_duration: 1}
$data merge entity $(right_thumb_2) {transformation: [-0.667f,0.265f,-0.6963f,-2.0626f,0.3025f,0.9504f,0.0719f,2.8509f,0.6809f,-0.1627f,-0.7141f,-1.4439f,0f,0f,0f,1f],start_interpolation: 0,interpolation_duration: 1}
$data merge entity $(right_thumb) {transformation: [-0.667f,-0.2137f,-0.7137f,-2.2202f,0.3025f,0.7978f,-0.5215f,3.1598f,0.6809f,-0.5638f,-0.4675f,-1.5177f,0f,0f,0f,1f],start_interpolation: 0,interpolation_duration: 1}
$data merge entity $(right_fingers2) {transformation: [-0.5221f,-0.4925f,-0.6963f,-2.4762f,-0.7335f,0.6758f,0.0719f,2.364f,0.4352f,0.5483f,-0.7141f,-1.4611f,0f,0f,0f,1f],start_interpolation: 0,interpolation_duration: 1}
$data merge entity $(right_fingers) {transformation: [-0.7165f,-0.0417f,-0.6963f,-2.5134f,-0.1275f,0.9892f,0.0719f,2.6428f,0.6858f,0.1403f,-0.7141f,-1.407f,0f,0f,0f,1f],start_interpolation: 0,interpolation_duration: 1}
$data merge entity $(scout) {transformation: [0f,0f,0f,-2.4576f,0f,0f,0f,2.6395f,0f,0f,0f,-1.6111f,0f,0f,0f,1f],start_interpolation: 0,interpolation_duration: 1}
$data merge entity $(right_hand) {transformation: [-0.667f,0.265f,-0.6963f,-2.3781f,0.3025f,0.9504f,0.0719f,3.2282f,0.6809f,-0.1627f,-0.7141f,-1.5419f,0f,0f,0f,1f],start_interpolation: 0,interpolation_duration: 1}
$data merge entity $(right_forearm) {transformation: [-1.191f,0.365f,0.5878f,-1.7575f,0.2198f,1.3091f,-0.3676f,5.1772f,-0.6561f,-0.224f,-1.1902f,-1.8953f,0f,0f,0f,1f],start_interpolation: 0,interpolation_duration: 1}
$data merge entity $(right_shoulder) {transformation: [-1.4042f,0.379f,-0.186f,-1.0065f,-0.0342f,0.5417f,1.3621f,5.8007f,0.4207f,1.3087f,-0.5099f,-0.3681f,0f,0f,0f,1f],start_interpolation: 0,interpolation_duration: 1}
$data merge entity $(right_arm) {transformation: [-1f,0f,0f,-0.4425f,0f,0.8606f,0.5093f,6.0543f,0f,0.5093f,-0.8606f,-0.2278f,0f,0f,0f,1f],start_interpolation: 0,interpolation_duration: 1}
$data merge entity $(left_thumb_2) {transformation: [-0.1993f,0.5681f,0.7985f,0.3187f,-0.5524f,0.6079f,-0.5704f,3.8787f,-0.8094f,-0.5547f,0.1927f,0.7754f,0f,0f,0f,1f],start_interpolation: 0,interpolation_duration: 1}
$data merge entity $(left_thumb) {transformation: [-0.1993f,0.9706f,-0.1352f,0.6624f,-0.5524f,-0.2252f,-0.8026f,3.8995f,-0.8094f,-0.0852f,0.581f,0.8598f,0f,0f,0f,1f],start_interpolation: 0,interpolation_duration: 1}
$data merge entity $(left_fingers2) {transformation: [0.8854f,0.1204f,0.4489f,0.1812f,0.1324f,0.8605f,-0.492f,3.3305f,-0.4455f,0.4951f,0.7459f,1.1201f,0f,0f,0f,1f],start_interpolation: 0,interpolation_duration: 1}
$data merge entity $(left_fingers) {transformation: [0.7516f,0.4833f,0.4489f,0.301f,-0.2436f,0.8358f,-0.492f,3.572f,-0.613f,0.2604f,0.7459f,1.2171f,0f,0f,0f,1f],start_interpolation: 0,interpolation_duration: 1}
$data merge entity $(left_hand) {transformation: [0.0587f,0.7094f,0.7024f,0.768f,-0.5918f,0.5913f,-0.5478f,3.908f,-0.8039f,-0.3835f,0.4546f,0.9976f,0f,0f,0f,1f],start_interpolation: 0,interpolation_duration: 1}
$data merge entity $(left_forearm) {transformation: [-1.0254f,0.8866f,-0.2441f,2.0518f,0.5497f,0.2978f,-1.2273f,4.3347f,-0.7372f,-1.0111f,-0.5756f,-0.5767f,0f,0f,0f,1f],start_interpolation: 0,interpolation_duration: 1}
$data merge entity $(left_shoulder) {transformation: [-1.3006f,-0.6362f,0.2316f,1.0065f,-0.5826f,1.3072f,0.3189f,5.8007f,-0.3448f,0.1909f,-1.4123f,-0.3681f,0f,0f,0f,1f],start_interpolation: 0,interpolation_duration: 1}
$data merge entity $(left_arm) {transformation: [-1f,0f,0f,0.4426f,0f,0.8606f,0.5093f,6.0543f,0f,0.5093f,-0.8606f,-0.2278f,0f,0f,0f,1f],start_interpolation: 0,interpolation_duration: 1}
$data merge entity $(chest) {transformation: [-1.2785f,0f,0f,0f,0f,1.1003f,0.6512f,4.5177f,0f,0.6512f,-1.1003f,-1.1774f,0f,0f,0f,1f],start_interpolation: 0,interpolation_duration: 1}
data modify storage animated_java:temp entry.data merge value {"locators":{"consume":{"px":-2.4394265891,"py":2.4716652088,"pz":-1.5917695204,"ry":315.7228782622,"rx":4.1248496626}}}
# Data Manager: Prepare for Read / Write
execute store result storage animated_java:temp args.id int 1 run scoreboard players get @s aj.id
# Data Manager: Write
function animated_java:global/data_manager/write with storage animated_java:temp args