# This file was generated by Animated Java via MC-Build. It is not recommended to edit this file directly.
$data merge entity $(neck) {transformation: [-1f,0f,0f,0f,0f,0.9745f,0.2244f,6.0744f,0f,0.2244f,-0.9745f,-0.2001f,0f,0f,0f,1f],start_interpolation: 0,interpolation_duration: 1}
$data merge entity $(right_thumb_2) {transformation: [-0.6673f,0.2646f,-0.6962f,-2.0617f,0.3026f,0.9505f,0.0711f,2.8504f,0.6805f,-0.1632f,-0.7143f,-1.4447f,0f,0f,0f,1f],start_interpolation: 0,interpolation_duration: 1}
$data merge entity $(right_thumb) {transformation: [-0.6673f,-0.2139f,-0.7134f,-2.2195f,0.3026f,0.7974f,-0.5222f,3.1592f,0.6805f,-0.5643f,-0.4674f,-1.5187f,0f,0f,0f,1f],start_interpolation: 0,interpolation_duration: 1}
$data merge entity $(right_fingers2) {transformation: [-0.5218f,-0.493f,-0.6962f,-2.4751f,-0.7335f,0.6759f,0.0711f,2.3633f,0.4355f,0.5478f,-0.7143f,-1.4616f,0f,0f,0f,1f],start_interpolation: 0,interpolation_duration: 1}
$data merge entity $(right_fingers) {transformation: [-0.7166f,-0.0423f,-0.6962f,-2.5124f,-0.1274f,0.9893f,0.0711f,2.6421f,0.6857f,0.1397f,-0.7143f,-1.4077f,0f,0f,0f,1f],start_interpolation: 0,interpolation_duration: 1}
$data merge entity $(scout) {transformation: [0f,0f,0f,-2.4566f,0f,0f,0f,2.6387f,0f,0f,0f,-1.6118f,0f,0f,0f,1f],start_interpolation: 0,interpolation_duration: 1}
$data merge entity $(right_hand) {transformation: [-0.6673f,0.2646f,-0.6962f,-2.3774f,0.3026f,0.9505f,0.0711f,3.2275f,0.6805f,-0.1632f,-0.7143f,-1.5429f,0f,0f,0f,1f],start_interpolation: 0,interpolation_duration: 1}
$data merge entity $(right_forearm) {transformation: [-1.1909f,0.3644f,0.5882f,-1.7577f,0.2188f,1.3091f,-0.368f,5.1765f,-0.6565f,-0.2248f,-1.1898f,-1.8975f,0f,0f,0f,1f],start_interpolation: 0,interpolation_duration: 1}
$data merge entity $(right_shoulder) {transformation: [-1.4042f,0.3791f,-0.1857f,-1.0065f,-0.0331f,0.5441f,1.3611f,5.8028f,0.4208f,1.3077f,-0.5125f,-0.3714f,0f,0f,0f,1f],start_interpolation: 0,interpolation_duration: 1}
$data merge entity $(right_arm) {transformation: [-1f,0f,0f,-0.4425f,0f,0.8619f,0.507f,6.0568f,0f,0.507f,-0.8619f,-0.2319f,0f,0f,0f,1f],start_interpolation: 0,interpolation_duration: 1}
$data merge entity $(left_thumb_2) {transformation: [-0.1976f,0.5678f,0.7991f,0.318f,-0.5532f,0.6084f,-0.5691f,3.8788f,-0.8093f,-0.5545f,0.1939f,0.7744f,0f,0f,0f,1f],start_interpolation: 0,interpolation_duration: 1}
$data merge entity $(left_thumb) {transformation: [-0.1976f,0.971f,-0.1347f,0.6616f,-0.5532f,-0.2239f,-0.8024f,3.9001f,-0.8093f,-0.0841f,0.5814f,0.8591f,0f,0f,0f,1f],start_interpolation: 0,interpolation_duration: 1}
$data merge entity $(left_fingers2) {transformation: [0.8857f,0.1187f,0.4488f,0.1808f,0.1334f,0.861f,-0.4908f,3.3306f,-0.4447f,0.4946f,0.7467f,1.1193f,0f,0f,0f,1f],start_interpolation: 0,interpolation_duration: 1}
$data merge entity $(left_fingers) {transformation: [0.7526f,0.4819f,0.4488f,0.3002f,-0.243f,0.8367f,-0.4908f,3.5723f,-0.6121f,0.2603f,0.7467f,1.2162f,0f,0f,0f,1f],start_interpolation: 0,interpolation_duration: 1}
$data merge entity $(left_hand) {transformation: [0.0604f,0.709f,0.7027f,0.767f,-0.5923f,0.5921f,-0.5465f,3.9088f,-0.8035f,-0.3832f,0.4557f,0.997f,0f,0f,0f,1f],start_interpolation: 0,interpolation_duration: 1}
$data merge entity $(left_forearm) {transformation: [-1.0254f,0.8873f,-0.2418f,2.0518f,0.5478f,0.2984f,-1.228f,4.3363f,-0.7387f,-1.0104f,-0.575f,-0.5762f,0f,0f,0f,1f],start_interpolation: 0,interpolation_duration: 1}
$data merge entity $(left_shoulder) {transformation: [-1.3006f,-0.6362f,0.2316f,1.0065f,-0.5835f,1.3077f,0.3152f,5.8028f,-0.3433f,0.1874f,-1.4131f,-0.3714f,0f,0f,0f,1f],start_interpolation: 0,interpolation_duration: 1}
$data merge entity $(left_arm) {transformation: [-1f,0f,0f,0.4426f,0f,0.8619f,0.507f,6.0568f,0f,0.507f,-0.8619f,-0.2319f,0f,0f,0f,1f],start_interpolation: 0,interpolation_duration: 1}
$data merge entity $(chest) {transformation: [-1.2785f,0f,0f,0f,0f,1.102f,0.6483f,4.5177f,0f,0.6483f,-1.102f,-1.1774f,0f,0f,0f,1f],start_interpolation: 0,interpolation_duration: 1}
data modify storage animated_java:temp entry.data merge value {"locators":{"consume":{"px":-2.4383124397,"py":2.470873496,"pz":-1.592361948,"ry":315.7358472632,"rx":4.0788217881}}}
# Data Manager: Prepare for Read / Write
execute store result storage animated_java:temp args.id int 1 run scoreboard players get @s aj.id
# Data Manager: Write
function animated_java:global/data_manager/write with storage animated_java:temp args