# This file was generated by Animated Java via MC-Build. It is not recommended to edit this file directly.
$data merge entity $(neck) {transformation: [-1f,0f,0f,0f,0f,0.9757f,0.2191f,6.0797f,0f,0.2191f,-0.9757f,-0.2085f,0f,0f,0f,1f],start_interpolation: 0,interpolation_duration: 1}
$data merge entity $(right_thumb_2) {transformation: [-0.6677f,0.2641f,-0.6961f,-2.0607f,0.3043f,0.9501f,0.0685f,2.8492f,0.6794f,-0.1661f,-0.7147f,-1.4416f,0f,0f,0f,1f],start_interpolation: 0,interpolation_duration: 1}
$data merge entity $(right_thumb) {transformation: [-0.6677f,-0.2142f,-0.713f,-2.2186f,0.3043f,0.7955f,-0.524f,3.1576f,0.6794f,-0.5669f,-0.4659f,-1.5166f,0f,0f,0f,1f],start_interpolation: 0,interpolation_duration: 1}
$data merge entity $(right_fingers2) {transformation: [-0.5215f,-0.4935f,-0.6961f,-2.4738f,-0.7325f,0.6773f,0.0685f,2.3618f,0.4377f,0.5456f,-0.7147f,-1.4571f,0f,0f,0f,1f],start_interpolation: 0,interpolation_duration: 1}
$data merge entity $(right_fingers) {transformation: [-0.7167f,-0.0429f,-0.6961f,-2.5113f,-0.1257f,0.9897f,0.0685f,2.6407f,0.686f,0.1366f,-0.7147f,-1.4041f,0f,0f,0f,1f],start_interpolation: 0,interpolation_duration: 1}
$data merge entity $(scout) {transformation: [0f,0f,0f,-2.4554f,0f,0f,0f,2.6367f,0f,0f,0f,-1.6082f,0f,0f,0f,1f],start_interpolation: 0,interpolation_duration: 1}
$data merge entity $(right_hand) {transformation: [-0.6677f,0.2641f,-0.6961f,-2.3766f,0.3043f,0.9501f,0.0685f,3.2258f,0.6794f,-0.1661f,-0.7147f,-1.5411f,0f,0f,0f,1f],start_interpolation: 0,interpolation_duration: 1}
$data merge entity $(right_forearm) {transformation: [-1.1909f,0.3637f,0.5888f,-1.7579f,0.216f,1.3086f,-0.3714f,5.1741f,-0.6574f,-0.2288f,-1.1885f,-1.9015f,0f,0f,0f,1f],start_interpolation: 0,interpolation_duration: 1}
$data merge entity $(right_shoulder) {transformation: [-1.4042f,0.3793f,-0.1853f,-1.0065f,-0.0308f,0.55f,1.3588f,5.8071f,0.421f,1.3052f,-0.5188f,-0.3784f,0f,0f,0f,1f],start_interpolation: 0,interpolation_duration: 1}
$data merge entity $(right_arm) {transformation: [-1f,0f,0f,-0.4425f,0f,0.8647f,0.5024f,6.0619f,0f,0.5024f,-0.8647f,-0.2402f,0f,0f,0f,1f],start_interpolation: 0,interpolation_duration: 1}
$data merge entity $(left_thumb_2) {transformation: [-0.1943f,0.5672f,0.8003f,0.3164f,-0.5549f,0.6092f,-0.5665f,3.8788f,-0.8089f,-0.5541f,0.1964f,0.7723f,0f,0f,0f,1f],start_interpolation: 0,interpolation_duration: 1}
$data merge entity $(left_thumb) {transformation: [-0.1943f,0.9718f,-0.1336f,0.6598f,-0.5549f,-0.2212f,-0.802f,3.9013f,-0.8089f,-0.0817f,0.5822f,0.8577f,0f,0f,0f,1f],start_interpolation: 0,interpolation_duration: 1}
$data merge entity $(left_fingers2) {transformation: [0.8863f,0.1151f,0.4487f,0.1801f,0.1353f,0.862f,-0.4885f,3.3308f,-0.443f,0.4937f,0.7484f,1.1176f,0f,0f,0f,1f],start_interpolation: 0,interpolation_duration: 1}
$data merge entity $(left_fingers) {transformation: [0.7546f,0.4789f,0.4487f,0.2986f,-0.2417f,0.8384f,-0.4885f,3.5729f,-0.6101f,0.2602f,0.7484f,1.2145f,0f,0f,0f,1f],start_interpolation: 0,interpolation_duration: 1}
$data merge entity $(left_hand) {transformation: [0.0639f,0.7081f,0.7033f,0.7649f,-0.5932f,0.5936f,-0.5438f,3.9105f,-0.8025f,-0.3825f,0.4579f,0.9958f,0f,0f,0f,1f],start_interpolation: 0,interpolation_duration: 1}
$data merge entity $(left_forearm) {transformation: [-1.0254f,0.8886f,-0.237f,2.0518f,0.5438f,0.2996f,-1.2295f,4.3395f,-0.7416f,-1.0089f,-0.5738f,-0.5753f,0f,0f,0f,1f],start_interpolation: 0,interpolation_duration: 1}
$data merge entity $(left_shoulder) {transformation: [-1.3006f,-0.6362f,0.2316f,1.0065f,-0.5854f,1.3086f,0.3076f,5.8071f,-0.3401f,0.1804f,-1.4148f,-0.3784f,0f,0f,0f,1f],start_interpolation: 0,interpolation_duration: 1}
$data merge entity $(left_arm) {transformation: [-1f,0f,0f,0.4426f,0f,0.8647f,0.5024f,6.0619f,0f,0.5024f,-0.8647f,-0.2402f,0f,0f,0f,1f],start_interpolation: 0,interpolation_duration: 1}
$data merge entity $(chest) {transformation: [-1.2785f,0f,0f,0f,0f,1.1055f,0.6423f,4.5177f,0f,0.6423f,-1.1055f,-1.1774f,0f,0f,0f,1f],start_interpolation: 0,interpolation_duration: 1}
data modify storage animated_java:temp entry.data merge value {"locators":{"consume":{"px":-2.4370277505,"py":2.4689751832,"pz":-1.5881860779,"ry":315.7573316442,"rx":3.9284382772}}}
# Data Manager: Prepare for Read / Write
execute store result storage animated_java:temp args.id int 1 run scoreboard players get @s aj.id
# Data Manager: Write
function animated_java:global/data_manager/write with storage animated_java:temp args