# This file was generated by Animated Java via MC-Build. It is not recommended to edit this file directly.
$data merge entity $(neck) {transformation: [-1f,0f,0f,0f,0f,0.9739f,0.227f,6.0719f,0f,0.227f,-0.9739f,-0.196f,0f,0f,0f,1f],start_interpolation: 0,interpolation_duration: 1}
$data merge entity $(right_thumb_2) {transformation: [-0.6392f,0.3025f,-0.707f,-2.1384f,0.4488f,0.8933f,-0.0236f,2.8743f,0.6244f,-0.3324f,-0.7068f,-0.9916f,0f,0f,0f,1f],start_interpolation: 0,interpolation_duration: 1}
$data merge entity $(right_thumb) {transformation: [-0.6392f,-0.1904f,-0.7451f,-2.284f,0.4488f,0.6943f,-0.5625f,3.1722f,0.6244f,-0.694f,-0.3584f,-1.1172f,0f,0f,0f,1f],start_interpolation: 0,interpolation_duration: 1}
$data merge entity $(right_fingers2) {transformation: [-0.5443f,-0.4515f,-0.707f,-2.573f,-0.6199f,0.7843f,-0.0236f,2.4117f,0.5652f,0.4255f,-0.7068f,-0.9167f,0f,0f,0f,1f],start_interpolation: 0,interpolation_duration: 1}
$data merge entity $(right_fingers) {transformation: [-0.7072f,0.004f,-0.707f,-2.597f,0.0292f,0.9993f,-0.0236f,2.6971f,0.7064f,-0.0374f,-0.7068f,-0.9126f,0f,0f,0f,1f],start_interpolation: 0,interpolation_duration: 1}
$data merge entity $(scout) {transformation: [0f,0f,0f,-2.5455f,0f,0f,0f,2.6551f,0f,0f,0f,-1.1136f,0f,0f,0f,1f],start_interpolation: 0,interpolation_duration: 1}
$data merge entity $(right_hand) {transformation: [-0.6392f,0.3025f,-0.707f,-2.4392f,0.4488f,0.8933f,-0.0236f,3.2425f,0.6244f,-0.3324f,-0.7068f,-1.1512f,0f,0f,0f,1f],start_interpolation: 0,interpolation_duration: 1}
$data merge entity $(right_forearm) {transformation: [-1.1935f,0.4166f,0.5469f,-1.7423f,0.1549f,1.2304f,-0.5993f,5.0672f,-0.6698f,-0.4578f,-1.113f,-1.8533f,0f,0f,0f,1f],start_interpolation: 0,interpolation_duration: 1}
$data merge entity $(right_shoulder) {transformation: [-1.4042f,0.3658f,-0.2107f,-1.0065f,-0.0342f,0.6309f,1.3231f,5.8007f,0.4207f,1.272f,-0.5956f,-0.3681f,0f,0f,0f,1f],start_interpolation: 0,interpolation_duration: 1}
$data merge entity $(right_arm) {transformation: [-1f,0f,0f,-0.4425f,0f,0.8606f,0.5093f,6.0543f,0f,0.5093f,-0.8606f,-0.2278f,0f,0f,0f,1f],start_interpolation: 0,interpolation_duration: 1}
$data merge entity $(left_thumb_2) {transformation: [-0.1993f,0.5681f,0.7985f,0.3187f,-0.5524f,0.6079f,-0.5704f,3.8787f,-0.8094f,-0.5547f,0.1927f,0.7754f,0f,0f,0f,1f],start_interpolation: 0,interpolation_duration: 1}
$data merge entity $(left_thumb) {transformation: [-0.1993f,0.9706f,-0.1352f,0.6624f,-0.5524f,-0.2252f,-0.8026f,3.8995f,-0.8094f,-0.0852f,0.581f,0.8598f,0f,0f,0f,1f],start_interpolation: 0,interpolation_duration: 1}
$data merge entity $(left_fingers2) {transformation: [0.8854f,0.1204f,0.4489f,0.1812f,0.1324f,0.8605f,-0.492f,3.3305f,-0.4455f,0.4951f,0.7459f,1.1201f,0f,0f,0f,1f],start_interpolation: 0,interpolation_duration: 1}
$data merge entity $(left_fingers) {transformation: [0.7516f,0.4833f,0.4489f,0.301f,-0.2436f,0.8358f,-0.492f,3.572f,-0.613f,0.2604f,0.7459f,1.2171f,0f,0f,0f,1f],start_interpolation: 0,interpolation_duration: 1}
$data merge entity $(left_hand) {transformation: [0.0587f,0.7094f,0.7024f,0.768f,-0.5918f,0.5913f,-0.5478f,3.908f,-0.8039f,-0.3835f,0.4546f,0.9976f,0f,0f,0f,1f],start_interpolation: 0,interpolation_duration: 1}
$data merge entity $(left_forearm) {transformation: [-1.0254f,0.8866f,-0.2441f,2.0518f,0.5497f,0.2978f,-1.2273f,4.3347f,-0.7372f,-1.0111f,-0.5756f,-0.5767f,0f,0f,0f,1f],start_interpolation: 0,interpolation_duration: 1}
$data merge entity $(left_shoulder) {transformation: [-1.3006f,-0.6362f,0.2316f,1.0065f,-0.5826f,1.3072f,0.3189f,5.8007f,-0.3448f,0.1909f,-1.4123f,-0.3681f,0f,0f,0f,1f],start_interpolation: 0,interpolation_duration: 1}
$data merge entity $(left_arm) {transformation: [-1f,0f,0f,0.4426f,0f,0.8606f,0.5093f,6.0543f,0f,0.5093f,-0.8606f,-0.2278f,0f,0f,0f,1f],start_interpolation: 0,interpolation_duration: 1}
$data merge entity $(chest) {transformation: [-1.2785f,0f,0f,0f,0f,1.1003f,0.6512f,4.5177f,0f,0.6512f,-1.1003f,-1.1774f,0f,0f,0f,1f],start_interpolation: 0,interpolation_duration: 1}
data modify storage animated_java:temp entry.data merge value {"locators":{"consume":{"px":-2.5342211725,"py":2.492674674,"pz":-1.0649138691,"ry":314.9915195436,"rx":-1.3523916291}}}
# Data Manager: Prepare for Read / Write
execute store result storage animated_java:temp args.id int 1 run scoreboard players get @s aj.id
# Data Manager: Write
function animated_java:global/data_manager/write with storage animated_java:temp args