# This file was generated by Animated Java via MC-Build. It is not recommended to edit this file directly.
$data merge entity $(neck) {transformation: [-1f,0f,0f,0f,0f,0.9763f,0.2164f,6.0824f,0f,0.2164f,-0.9763f,-0.2128f,0f,0f,0f,1f],start_interpolation: 0,interpolation_duration: 1}
$data merge entity $(right_thumb_2) {transformation: [-0.6677f,0.264f,-0.696f,-2.0606f,0.3059f,0.9497f,0.0667f,2.8485f,0.6786f,-0.1684f,-0.7149f,-1.4377f,0f,0f,0f,1f],start_interpolation: 0,interpolation_duration: 1}
$data merge entity $(right_thumb) {transformation: [-0.6677f,-0.2143f,-0.7129f,-2.2185f,0.3059f,0.7941f,-0.5252f,3.1567f,0.6786f,-0.5688f,-0.4646f,-1.5136f,0f,0f,0f,1f],start_interpolation: 0,interpolation_duration: 1}
$data merge entity $(right_fingers2) {transformation: [-0.5214f,-0.4936f,-0.696f,-2.4736f,-0.7314f,0.6786f,0.0667f,2.361f,0.4394f,0.5439f,-0.7149f,-1.4521f,0f,0f,0f,1f],start_interpolation: 0,interpolation_duration: 1}
$data merge entity $(right_fingers) {transformation: [-0.7167f,-0.0429f,-0.696f,-2.5112f,-0.1241f,0.99f,0.0667f,2.6401f,0.6862f,0.1342f,-0.7149f,-1.3998f,0f,0f,0f,1f],start_interpolation: 0,interpolation_duration: 1}
$data merge entity $(scout) {transformation: [0f,0f,0f,-2.4552f,0f,0f,0f,2.6356f,0f,0f,0f,-1.6039f,0f,0f,0f,1f],start_interpolation: 0,interpolation_duration: 1}
$data merge entity $(right_hand) {transformation: [-0.6677f,0.264f,-0.696f,-2.3764f,0.3059f,0.9497f,0.0667f,3.2248f,0.6786f,-0.1684f,-0.7149f,-1.5382f,0f,0f,0f,1f],start_interpolation: 0,interpolation_duration: 1}
$data merge entity $(right_forearm) {transformation: [-1.1909f,0.3636f,0.5888f,-1.7579f,0.2143f,1.3081f,-0.3743f,5.1723f,-0.658f,-0.232f,-1.1876f,-1.9034f,0f,0f,0f,1f],start_interpolation: 0,interpolation_duration: 1}
$data merge entity $(right_shoulder) {transformation: [-1.4042f,0.3793f,-0.1853f,-1.0065f,-0.0297f,0.5534f,1.3574f,5.8093f,0.4211f,1.3037f,-0.5223f,-0.3819f,0f,0f,0f,1f],start_interpolation: 0,interpolation_duration: 1}
$data merge entity $(right_arm) {transformation: [-1f,0f,0f,-0.4425f,0f,0.866f,0.5f,6.0644f,0f,0.5f,-0.866f,-0.2444f,0f,0f,0f,1f],start_interpolation: 0,interpolation_duration: 1}
$data merge entity $(left_thumb_2) {transformation: [-0.1926f,0.5669f,0.8009f,0.3156f,-0.5557f,0.6097f,-0.5652f,3.8789f,-0.8088f,-0.5539f,0.1976f,0.7712f,0f,0f,0f,1f],start_interpolation: 0,interpolation_duration: 1}
$data merge entity $(left_thumb) {transformation: [-0.1926f,0.9722f,-0.1331f,0.6589f,-0.5557f,-0.2198f,-0.8018f,3.9019f,-0.8088f,-0.0805f,0.5826f,0.857f,0f,0f,0f,1f],start_interpolation: 0,interpolation_duration: 1}
$data merge entity $(left_fingers2) {transformation: [0.8865f,0.1133f,0.4486f,0.1798f,0.1363f,0.8625f,-0.4873f,3.3308f,-0.4421f,0.4932f,0.7492f,1.1168f,0f,0f,0f,1f],start_interpolation: 0,interpolation_duration: 1}
$data merge entity $(left_fingers) {transformation: [0.7556f,0.4774f,0.4486f,0.2978f,-0.241f,0.8393f,-0.4873f,3.5732f,-0.6091f,0.2601f,0.7492f,1.2136f,0f,0f,0f,1f],start_interpolation: 0,interpolation_duration: 1}
$data merge entity $(left_hand) {transformation: [0.0656f,0.7076f,0.7036f,0.7638f,-0.5937f,0.5944f,-0.5424f,3.9114f,-0.802f,-0.3821f,0.4591f,0.9952f,0f,0f,0f,1f],start_interpolation: 0,interpolation_duration: 1}
$data merge entity $(left_forearm) {transformation: [-1.0254f,0.8892f,-0.2346f,2.0518f,0.5417f,0.3002f,-1.2303f,4.3412f,-0.7431f,-1.0081f,-0.5732f,-0.5748f,0f,0f,0f,1f],start_interpolation: 0,interpolation_duration: 1}
$data merge entity $(left_shoulder) {transformation: [-1.3006f,-0.6362f,0.2316f,1.0065f,-0.5863f,1.3091f,0.3037f,5.8093f,-0.3385f,0.1768f,-1.4156f,-0.3819f,0f,0f,0f,1f],start_interpolation: 0,interpolation_duration: 1}
$data merge entity $(left_arm) {transformation: [-1f,0f,0f,0.4426f,0f,0.866f,0.5f,6.0644f,0f,0.5f,-0.866f,-0.2444f,0f,0f,0f,1f],start_interpolation: 0,interpolation_duration: 1}
$data merge entity $(chest) {transformation: [-1.2785f,0f,0f,0f,0f,1.1072f,0.6393f,4.5177f,0f,0.6393f,-1.1072f,-1.1774f,0f,0f,0f,1f],start_interpolation: 0,interpolation_duration: 1}
data modify storage animated_java:temp entry.data merge value {"locators":{"consume":{"px":-2.4368663068,"py":2.4678963519,"pz":-1.5834408385,"ry":315.7655664766,"rx":3.8250110039}}}
# Data Manager: Prepare for Read / Write
execute store result storage animated_java:temp args.id int 1 run scoreboard players get @s aj.id
# Data Manager: Write
function animated_java:global/data_manager/write with storage animated_java:temp args