# This file was generated by Animated Java via MC-Build. It is not recommended to edit this file directly.
$data merge entity $(neck) {transformation: [-1f,0f,0f,0f,0f,0.9769f,0.2138f,6.085f,0f,0.2138f,-0.9769f,-0.2171f,0f,0f,0f,1f],start_interpolation: 0,interpolation_duration: 1}
$data merge entity $(right_thumb_2) {transformation: [-0.6677f,0.2641f,-0.6961f,-2.0607f,0.308f,0.9492f,0.0646f,2.8478f,0.6777f,-0.1713f,-0.7151f,-1.4324f,0f,0f,0f,1f],start_interpolation: 0,interpolation_duration: 1}
$data merge entity $(right_thumb) {transformation: [-0.6677f,-0.2142f,-0.713f,-2.2186f,0.308f,0.7924f,-0.5266f,3.1558f,0.6777f,-0.5712f,-0.463f,-1.5092f,0f,0f,0f,1f],start_interpolation: 0,interpolation_duration: 1}
$data merge entity $(right_fingers2) {transformation: [-0.5215f,-0.4935f,-0.6961f,-2.4738f,-0.7301f,0.6803f,0.0646f,2.3603f,0.4417f,0.5418f,-0.7151f,-1.4453f,0f,0f,0f,1f],start_interpolation: 0,interpolation_duration: 1}
$data merge entity $(right_fingers) {transformation: [-0.7167f,-0.0429f,-0.6961f,-2.5113f,-0.122f,0.9904f,0.0646f,2.6395f,0.6866f,0.1312f,-0.7151f,-1.3938f,0f,0f,0f,1f],start_interpolation: 0,interpolation_duration: 1}
$data merge entity $(scout) {transformation: [0f,0f,0f,-2.4554f,0f,0f,0f,2.6344f,0f,0f,0f,-1.5979f,0f,0f,0f,1f],start_interpolation: 0,interpolation_duration: 1}
$data merge entity $(right_hand) {transformation: [-0.6677f,0.2641f,-0.6961f,-2.3766f,0.308f,0.9492f,0.0646f,3.2238f,0.6777f,-0.1713f,-0.7151f,-1.534f,0f,0f,0f,1f],start_interpolation: 0,interpolation_duration: 1}
$data merge entity $(right_forearm) {transformation: [-1.1909f,0.3637f,0.5888f,-1.7579f,0.2124f,1.3074f,-0.3779f,5.1701f,-0.6586f,-0.2359f,-1.1865f,-1.9051f,0f,0f,0f,1f],start_interpolation: 0,interpolation_duration: 1}
$data merge entity $(right_shoulder) {transformation: [-1.4042f,0.3793f,-0.1853f,-1.0065f,-0.0285f,0.5572f,1.3559f,5.8115f,0.4212f,1.3021f,-0.5262f,-0.3855f,0f,0f,0f,1f],start_interpolation: 0,interpolation_duration: 1}
$data merge entity $(right_arm) {transformation: [-1f,0f,0f,-0.4425f,0f,0.8674f,0.4976f,6.067f,0f,0.4976f,-0.8674f,-0.2487f,0f,0f,0f,1f],start_interpolation: 0,interpolation_duration: 1}
$data merge entity $(left_thumb_2) {transformation: [-0.1909f,0.5666f,0.8015f,0.3149f,-0.5566f,0.6101f,-0.5639f,3.8789f,-0.8086f,-0.5538f,0.1989f,0.7701f,0f,0f,0f,1f],start_interpolation: 0,interpolation_duration: 1}
$data merge entity $(left_thumb) {transformation: [-0.1909f,0.9726f,-0.1325f,0.658f,-0.5566f,-0.2184f,-0.8016f,3.9024f,-0.8086f,-0.0793f,0.583f,0.8563f,0f,0f,0f,1f],start_interpolation: 0,interpolation_duration: 1}
$data merge entity $(left_fingers2) {transformation: [0.8868f,0.1115f,0.4485f,0.1794f,0.1373f,0.863f,-0.4861f,3.3309f,-0.4413f,0.4927f,0.75f,1.116f,0f,0f,0f,1f],start_interpolation: 0,interpolation_duration: 1}
$data merge entity $(left_fingers) {transformation: [0.7566f,0.4758f,0.4485f,0.297f,-0.2403f,0.8402f,-0.4861f,3.5735f,-0.6081f,0.26f,0.75f,1.2127f,0f,0f,0f,1f],start_interpolation: 0,interpolation_duration: 1}
$data merge entity $(left_hand) {transformation: [0.0673f,0.7071f,0.7039f,0.7628f,-0.5941f,0.5952f,-0.5411f,3.9122f,-0.8015f,-0.3818f,0.4602f,0.9946f,0f,0f,0f,1f],start_interpolation: 0,interpolation_duration: 1}
$data merge entity $(left_forearm) {transformation: [-1.0254f,0.8899f,-0.2321f,2.0518f,0.5397f,0.3008f,-1.231f,4.3428f,-0.7446f,-1.0074f,-0.5726f,-0.5743f,0f,0f,0f,1f],start_interpolation: 0,interpolation_duration: 1}
$data merge entity $(left_shoulder) {transformation: [-1.3006f,-0.6362f,0.2316f,1.0065f,-0.5873f,1.3096f,0.2998f,5.8115f,-0.3369f,0.1732f,-1.4165f,-0.3855f,0f,0f,0f,1f],start_interpolation: 0,interpolation_duration: 1}
$data merge entity $(left_arm) {transformation: [-1f,0f,0f,0.4426f,0f,0.8674f,0.4976f,6.067f,0f,0.4976f,-0.8674f,-0.2487f,0f,0f,0f,1f],start_interpolation: 0,interpolation_duration: 1}
$data merge entity $(chest) {transformation: [-1.2785f,0f,0f,0f,0f,1.109f,0.6362f,4.5177f,0f,0.6362f,-1.109f,-1.1774f,0f,0f,0f,1f],start_interpolation: 0,interpolation_duration: 1}
data modify storage animated_java:temp entry.data merge value {"locators":{"consume":{"px":-2.4370277505,"py":2.4667558015,"pz":-1.5769582484,"ry":315.7719347466,"rx":3.7035804681}}}
# Data Manager: Prepare for Read / Write
execute store result storage animated_java:temp args.id int 1 run scoreboard players get @s aj.id
# Data Manager: Write
function animated_java:global/data_manager/write with storage animated_java:temp args