# This file was generated by Animated Java via MC-Build. It is not recommended to edit this file directly.
$data merge entity $(neck) {transformation: [-1f,0f,0f,0f,0f,0.9775f,0.2111f,6.0876f,0f,0.2111f,-0.9775f,-0.2213f,0f,0f,0f,1f],start_interpolation: 0,interpolation_duration: 1}
$data merge entity $(right_thumb_2) {transformation: [-0.6675f,0.2642f,-0.6961f,-2.0611f,0.3106f,0.9485f,0.0622f,2.847f,0.6767f,-0.1747f,-0.7152f,-1.4256f,0f,0f,0f,1f],start_interpolation: 0,interpolation_duration: 1}
$data merge entity $(right_thumb) {transformation: [-0.6675f,-0.2141f,-0.7131f,-2.2189f,0.3106f,0.7903f,-0.5281f,3.1548f,0.6767f,-0.574f,-0.4611f,-1.5035f,0f,0f,0f,1f],start_interpolation: 0,interpolation_duration: 1}
$data merge entity $(right_fingers2) {transformation: [-0.5216f,-0.4933f,-0.6961f,-2.4743f,-0.7284f,0.6824f,0.0622f,2.3596f,0.4443f,0.5394f,-0.7152f,-1.4367f,0f,0f,0f,1f],start_interpolation: 0,interpolation_duration: 1}
$data merge entity $(right_fingers) {transformation: [-0.7167f,-0.0426f,-0.6961f,-2.5117f,-0.1193f,0.9909f,0.0622f,2.639f,0.6871f,0.1276f,-0.7152f,-1.3862f,0f,0f,0f,1f],start_interpolation: 0,interpolation_duration: 1}
$data merge entity $(scout) {transformation: [0f,0f,0f,-2.4558f,0f,0f,0f,2.6331f,0f,0f,0f,-1.5903f,0f,0f,0f,1f],start_interpolation: 0,interpolation_duration: 1}
$data merge entity $(right_hand) {transformation: [-0.6675f,0.2642f,-0.6961f,-2.3769f,0.3106f,0.9485f,0.0622f,3.2228f,0.6767f,-0.1747f,-0.7152f,-1.5286f,0f,0f,0f,1f],start_interpolation: 0,interpolation_duration: 1}
$data merge entity $(right_forearm) {transformation: [-1.1909f,0.364f,0.5886f,-1.7578f,0.2103f,1.3064f,-0.3823f,5.1676f,-0.6593f,-0.2407f,-1.1851f,-1.9067f,0f,0f,0f,1f],start_interpolation: 0,interpolation_duration: 1}
$data merge entity $(right_shoulder) {transformation: [-1.4042f,0.3792f,-0.1855f,-1.0065f,-0.0274f,0.5611f,1.3543f,5.8136f,0.4212f,1.3005f,-0.5303f,-0.389f,0f,0f,0f,1f],start_interpolation: 0,interpolation_duration: 1}
$data merge entity $(right_arm) {transformation: [-1f,0f,0f,-0.4425f,0f,0.8687f,0.4953f,6.0695f,0f,0.4953f,-0.8687f,-0.2529f,0f,0f,0f,1f],start_interpolation: 0,interpolation_duration: 1}
$data merge entity $(left_thumb_2) {transformation: [-0.1892f,0.5663f,0.8022f,0.3141f,-0.5574f,0.6106f,-0.5626f,3.8789f,-0.8084f,-0.5536f,0.2001f,0.7691f,0f,0f,0f,1f],start_interpolation: 0,interpolation_duration: 1}
$data merge entity $(left_thumb) {transformation: [-0.1892f,0.973f,-0.1319f,0.6571f,-0.5574f,-0.2171f,-0.8014f,3.903f,-0.8084f,-0.0781f,0.5834f,0.8556f,0f,0f,0f,1f],start_interpolation: 0,interpolation_duration: 1}
$data merge entity $(left_fingers2) {transformation: [0.8871f,0.1097f,0.4484f,0.1791f,0.1383f,0.8635f,-0.485f,3.331f,-0.4404f,0.4922f,0.7508f,1.1152f,0f,0f,0f,1f],start_interpolation: 0,interpolation_duration: 1}
$data merge entity $(left_fingers) {transformation: [0.7576f,0.4743f,0.4484f,0.2962f,-0.2396f,0.8411f,-0.485f,3.5738f,-0.6072f,0.26f,0.7508f,1.2119f,0f,0f,0f,1f],start_interpolation: 0,interpolation_duration: 1}
$data merge entity $(left_hand) {transformation: [0.0691f,0.7067f,0.7042f,0.7617f,-0.5946f,0.596f,-0.5397f,3.913f,-0.8011f,-0.3814f,0.4613f,0.994f,0f,0f,0f,1f],start_interpolation: 0,interpolation_duration: 1}
$data merge entity $(left_forearm) {transformation: [-1.0254f,0.8905f,-0.2297f,2.0518f,0.5377f,0.3014f,-1.2317f,4.3445f,-0.7461f,-1.0066f,-0.572f,-0.5738f,0f,0f,0f,1f],start_interpolation: 0,interpolation_duration: 1}
$data merge entity $(left_shoulder) {transformation: [-1.3006f,-0.6362f,0.2316f,1.0065f,-0.5882f,1.3101f,0.2959f,5.8136f,-0.3353f,0.1696f,-1.4173f,-0.389f,0f,0f,0f,1f],start_interpolation: 0,interpolation_duration: 1}
$data merge entity $(left_arm) {transformation: [-1f,0f,0f,0.4426f,0f,0.8687f,0.4953f,6.0695f,0f,0.4953f,-0.8687f,-0.2529f,0f,0f,0f,1f],start_interpolation: 0,interpolation_duration: 1}
$data merge entity $(chest) {transformation: [-1.2785f,0f,0f,0f,0f,1.1107f,0.6332f,4.5177f,0f,0.6332f,-1.1107f,-1.1774f,0f,0f,0f,1f],start_interpolation: 0,interpolation_duration: 1}
data modify storage animated_java:temp entry.data merge value {"locators":{"consume":{"px":-2.4375109364,"py":2.4655761355,"pz":-1.5687779143,"ry":315.7762890211,"rx":3.5649074745}}}
# Data Manager: Prepare for Read / Write
execute store result storage animated_java:temp args.id int 1 run scoreboard players get @s aj.id
# Data Manager: Write
function animated_java:global/data_manager/write with storage animated_java:temp args