# This file was generated by Animated Java via MC-Build. It is not recommended to edit this file directly.
$data merge entity $(neck) {transformation: [-1f,0f,0f,0f,0f,0.978f,0.2085f,6.0902f,0f,0.2085f,-0.978f,-0.2256f,0f,0f,0f,1f],start_interpolation: 0,interpolation_duration: 1}
$data merge entity $(right_thumb_2) {transformation: [-0.6673f,0.2646f,-0.6962f,-2.0617f,0.3137f,0.9477f,0.0595f,2.8463f,0.6755f,-0.1787f,-0.7154f,-1.4174f,0f,0f,0f,1f],start_interpolation: 0,interpolation_duration: 1}
$data merge entity $(right_thumb) {transformation: [-0.6673f,-0.2139f,-0.7134f,-2.2195f,0.3137f,0.788f,-0.5297f,3.1538f,0.6755f,-0.5772f,-0.4588f,-1.4965f,0f,0f,0f,1f],start_interpolation: 0,interpolation_duration: 1}
$data merge entity $(right_fingers2) {transformation: [-0.5218f,-0.493f,-0.6962f,-2.4751f,-0.7263f,0.6848f,0.0595f,2.3589f,0.4474f,0.5367f,-0.7154f,-1.4265f,0f,0f,0f,1f],start_interpolation: 0,interpolation_duration: 1}
$data merge entity $(right_fingers) {transformation: [-0.7166f,-0.0423f,-0.6962f,-2.5124f,-0.1162f,0.9914f,0.0595f,2.6386f,0.6877f,0.1235f,-0.7154f,-1.3771f,0f,0f,0f,1f],start_interpolation: 0,interpolation_duration: 1}
$data merge entity $(scout) {transformation: [0f,0f,0f,-2.4566f,0f,0f,0f,2.6318f,0f,0f,0f,-1.5812f,0f,0f,0f,1f],start_interpolation: 0,interpolation_duration: 1}
$data merge entity $(right_hand) {transformation: [-0.6673f,0.2646f,-0.6962f,-2.3774f,0.3137f,0.9477f,0.0595f,3.2217f,0.6755f,-0.1787f,-0.7154f,-1.5219f,0f,0f,0f,1f],start_interpolation: 0,interpolation_duration: 1}
$data merge entity $(right_forearm) {transformation: [-1.1909f,0.3644f,0.5882f,-1.7577f,0.208f,1.3053f,-0.3874f,5.1647f,-0.66f,-0.2461f,-1.1836f,-1.9081f,0f,0f,0f,1f],start_interpolation: 0,interpolation_duration: 1}
$data merge entity $(right_shoulder) {transformation: [-1.4042f,0.3791f,-0.1857f,-1.0065f,-0.0262f,0.5654f,1.3526f,5.8158f,0.4213f,1.2987f,-0.5346f,-0.3925f,0f,0f,0f,1f],start_interpolation: 0,interpolation_duration: 1}
$data merge entity $(right_arm) {transformation: [-1f,0f,0f,-0.4425f,0f,0.8701f,0.4929f,6.072f,0f,0.4929f,-0.8701f,-0.2571f,0f,0f,0f,1f],start_interpolation: 0,interpolation_duration: 1}
$data merge entity $(left_thumb_2) {transformation: [-0.1876f,0.566f,0.8028f,0.3134f,-0.5582f,0.611f,-0.5613f,3.8789f,-0.8082f,-0.5534f,0.2014f,0.7681f,0f,0f,0f,1f],start_interpolation: 0,interpolation_duration: 1}
$data merge entity $(left_thumb) {transformation: [-0.1876f,0.9734f,-0.1314f,0.6562f,-0.5582f,-0.2157f,-0.8012f,3.9036f,-0.8082f,-0.0769f,0.5839f,0.8549f,0f,0f,0f,1f],start_interpolation: 0,interpolation_duration: 1}
$data merge entity $(left_fingers2) {transformation: [0.8873f,0.1079f,0.4483f,0.1788f,0.1393f,0.864f,-0.4838f,3.331f,-0.4396f,0.4917f,0.7516f,1.1144f,0f,0f,0f,1f],start_interpolation: 0,interpolation_duration: 1}
$data merge entity $(left_fingers) {transformation: [0.7586f,0.4728f,0.4483f,0.2955f,-0.2389f,0.842f,-0.4838f,3.5741f,-0.6062f,0.2599f,0.7516f,1.211f,0f,0f,0f,1f],start_interpolation: 0,interpolation_duration: 1}
$data merge entity $(left_hand) {transformation: [0.0708f,0.7062f,0.7045f,0.7607f,-0.595f,0.5967f,-0.5384f,3.9139f,-0.8006f,-0.3811f,0.4624f,0.9934f,0f,0f,0f,1f],start_interpolation: 0,interpolation_duration: 1}
$data merge entity $(left_forearm) {transformation: [-1.0254f,0.8911f,-0.2273f,2.0518f,0.5357f,0.302f,-1.2325f,4.3461f,-0.7475f,-1.0059f,-0.5714f,-0.5734f,0f,0f,0f,1f],start_interpolation: 0,interpolation_duration: 1}
$data merge entity $(left_shoulder) {transformation: [-1.3006f,-0.6362f,0.2316f,1.0065f,-0.5891f,1.3105f,0.2921f,5.8158f,-0.3337f,0.1661f,-1.4181f,-0.3925f,0f,0f,0f,1f],start_interpolation: 0,interpolation_duration: 1}
$data merge entity $(left_arm) {transformation: [-1f,0f,0f,0.4426f,0f,0.8701f,0.4929f,6.072f,0f,0.4929f,-0.8701f,-0.2571f,0f,0f,0f,1f],start_interpolation: 0,interpolation_duration: 1}
$data merge entity $(chest) {transformation: [-1.2785f,0f,0f,0f,0f,1.1124f,0.6302f,4.5177f,0f,0.6302f,-1.1124f,-1.1774f,0f,0f,0f,1f],start_interpolation: 0,interpolation_duration: 1}
data modify storage animated_java:temp entry.data merge value {"locators":{"consume":{"px":-2.4383124397,"py":2.4643825859,"pz":-1.5589504002,"ry":315.778485178,"rx":3.4098635717}}}
# Data Manager: Prepare for Read / Write
execute store result storage animated_java:temp args.id int 1 run scoreboard players get @s aj.id
# Data Manager: Write
function animated_java:global/data_manager/write with storage animated_java:temp args