# This file was generated by Animated Java via MC-Build. It is not recommended to edit this file directly.
$data merge entity $(neck) {transformation: [-1f,0f,0f,0f,0f,0.9786f,0.2059f,6.0927f,0f,0.2059f,-0.9786f,-0.2297f,0f,0f,0f,1f],start_interpolation: 0,interpolation_duration: 1}
$data merge entity $(right_thumb_2) {transformation: [-0.667f,0.265f,-0.6963f,-2.0626f,0.3171f,0.9467f,0.0565f,2.8456f,0.6742f,-0.1831f,-0.7155f,-1.4079f,0f,0f,0f,1f],start_interpolation: 0,interpolation_duration: 1}
$data merge entity $(right_thumb) {transformation: [-0.667f,-0.2137f,-0.7137f,-2.2202f,0.3171f,0.7855f,-0.5315f,3.1528f,0.6742f,-0.5808f,-0.4562f,-1.4884f,0f,0f,0f,1f],start_interpolation: 0,interpolation_duration: 1}
$data merge entity $(right_fingers2) {transformation: [-0.5221f,-0.4925f,-0.6963f,-2.4762f,-0.724f,0.6875f,0.0565f,2.3584f,0.4509f,0.5336f,-0.7155f,-1.4146f,0f,0f,0f,1f],start_interpolation: 0,interpolation_duration: 1}
$data merge entity $(right_fingers) {transformation: [-0.7165f,-0.0417f,-0.6963f,-2.5134f,-0.1127f,0.992f,0.0565f,2.6383f,0.6884f,0.119f,-0.7155f,-1.3665f,0f,0f,0f,1f],start_interpolation: 0,interpolation_duration: 1}
$data merge entity $(scout) {transformation: [0f,0f,0f,-2.4576f,0f,0f,0f,2.6306f,0f,0f,0f,-1.5705f,0f,0f,0f,1f],start_interpolation: 0,interpolation_duration: 1}
$data merge entity $(right_hand) {transformation: [-0.667f,0.265f,-0.6963f,-2.3781f,0.3171f,0.9467f,0.0565f,3.2207f,0.6742f,-0.1831f,-0.7155f,-1.514f,0f,0f,0f,1f],start_interpolation: 0,interpolation_duration: 1}
$data merge entity $(right_forearm) {transformation: [-1.191f,0.365f,0.5878f,-1.7575f,0.2056f,1.304f,-0.3932f,5.1615f,-0.6607f,-0.2522f,-1.182f,-1.9094f,0f,0f,0f,1f],start_interpolation: 0,interpolation_duration: 1}
$data merge entity $(right_shoulder) {transformation: [-1.4042f,0.379f,-0.186f,-1.0065f,-0.0251f,0.5698f,1.3508f,5.8178f,0.4214f,1.2968f,-0.5392f,-0.3959f,0f,0f,0f,1f],start_interpolation: 0,interpolation_duration: 1}
$data merge entity $(right_arm) {transformation: [-1f,0f,0f,-0.4425f,0f,0.8714f,0.4906f,6.0744f,0f,0.4906f,-0.8714f,-0.2612f,0f,0f,0f,1f],start_interpolation: 0,interpolation_duration: 1}
$data merge entity $(left_thumb_2) {transformation: [-0.1859f,0.5657f,0.8034f,0.3127f,-0.5591f,0.6115f,-0.56f,3.8789f,-0.808f,-0.5532f,0.2026f,0.767f,0f,0f,0f,1f],start_interpolation: 0,interpolation_duration: 1}
$data merge entity $(left_thumb) {transformation: [-0.1859f,0.9738f,-0.1308f,0.6554f,-0.5591f,-0.2143f,-0.8009f,3.9042f,-0.808f,-0.0758f,0.5843f,0.8542f,0f,0f,0f,1f],start_interpolation: 0,interpolation_duration: 1}
$data merge entity $(left_fingers2) {transformation: [0.8876f,0.1062f,0.4482f,0.1786f,0.1403f,0.8645f,-0.4826f,3.3311f,-0.4388f,0.4913f,0.7524f,1.1136f,0f,0f,0f,1f],start_interpolation: 0,interpolation_duration: 1}
$data merge entity $(left_fingers) {transformation: [0.7595f,0.4714f,0.4482f,0.2948f,-0.2382f,0.8428f,-0.4826f,3.5744f,-0.6053f,0.2598f,0.7524f,1.2102f,0f,0f,0f,1f],start_interpolation: 0,interpolation_duration: 1}
$data merge entity $(left_hand) {transformation: [0.0724f,0.7057f,0.7048f,0.7597f,-0.5955f,0.5975f,-0.5371f,3.9147f,-0.8001f,-0.3808f,0.4635f,0.9928f,0f,0f,0f,1f],start_interpolation: 0,interpolation_duration: 1}
$data merge entity $(left_forearm) {transformation: [-1.0254f,0.8917f,-0.225f,2.0518f,0.5337f,0.3026f,-1.2332f,4.3477f,-0.7489f,-1.0052f,-0.5708f,-0.5729f,0f,0f,0f,1f],start_interpolation: 0,interpolation_duration: 1}
$data merge entity $(left_shoulder) {transformation: [-1.3006f,-0.6362f,0.2316f,1.0065f,-0.5899f,1.311f,0.2884f,5.8178f,-0.3322f,0.1626f,-1.4188f,-0.3959f,0f,0f,0f,1f],start_interpolation: 0,interpolation_duration: 1}
$data merge entity $(left_arm) {transformation: [-1f,0f,0f,0.4426f,0f,0.8714f,0.4906f,6.0744f,0f,0.4906f,-0.8714f,-0.2612f,0f,0f,0f,1f],start_interpolation: 0,interpolation_duration: 1}
$data merge entity $(chest) {transformation: [-1.2785f,0f,0f,0f,0f,1.1141f,0.6273f,4.5177f,0f,0.6273f,-1.1141f,-1.1774f,0f,0f,0f,1f],start_interpolation: 0,interpolation_duration: 1}
data modify storage animated_java:temp entry.data merge value {"locators":{"consume":{"px":-2.4394265891,"py":2.463202408,"pz":-1.5475369597,"ry":315.7783862088,"rx":3.2394254264}}}
# Data Manager: Prepare for Read / Write
execute store result storage animated_java:temp args.id int 1 run scoreboard players get @s aj.id
# Data Manager: Write
function animated_java:global/data_manager/write with storage animated_java:temp args