# This file was generated by Animated Java via MC-Build. It is not recommended to edit this file directly.
$data merge entity $(neck) {transformation: [-1f,0f,0f,0f,0f,0.9791f,0.2034f,6.0951f,0f,0.2034f,-0.9791f,-0.2338f,0f,0f,0f,1f],start_interpolation: 0,interpolation_duration: 1}
$data merge entity $(right_thumb_2) {transformation: [-0.6666f,0.2655f,-0.6965f,-2.0638f,0.321f,0.9456f,0.0533f,2.8449f,0.6727f,-0.188f,-0.7156f,-1.397f,0f,0f,0f,1f],start_interpolation: 0,interpolation_duration: 1}
$data merge entity $(right_thumb) {transformation: [-0.6666f,-0.2133f,-0.7142f,-2.2212f,0.321f,0.7826f,-0.5334f,3.1518f,0.6727f,-0.5848f,-0.4533f,-1.479f,0f,0f,0f,1f],start_interpolation: 0,interpolation_duration: 1}
$data merge entity $(right_fingers2) {transformation: [-0.5224f,-0.492f,-0.6965f,-2.4777f,-0.7213f,0.6905f,0.0533f,2.3579f,0.4547f,0.5302f,-0.7156f,-1.4011f,0f,0f,0f,1f],start_interpolation: 0,interpolation_duration: 1}
$data merge entity $(right_fingers) {transformation: [-0.7164f,-0.0411f,-0.6965f,-2.5147f,-0.1087f,0.9926f,0.0533f,2.6381f,0.6892f,0.1139f,-0.7156f,-1.3545f,0f,0f,0f,1f],start_interpolation: 0,interpolation_duration: 1}
$data merge entity $(scout) {transformation: [0f,0f,0f,-2.4589f,0f,0f,0f,2.6293f,0f,0f,0f,-1.5584f,0f,0f,0f,1f],start_interpolation: 0,interpolation_duration: 1}
$data merge entity $(right_hand) {transformation: [-0.6666f,0.2655f,-0.6965f,-2.379f,0.321f,0.9456f,0.0533f,3.2197f,0.6727f,-0.188f,-0.7156f,-1.5049f,0f,0f,0f,1f],start_interpolation: 0,interpolation_duration: 1}
$data merge entity $(right_forearm) {transformation: [-1.191f,0.3658f,0.5872f,-1.7573f,0.2029f,1.3024f,-0.3996f,5.1581f,-0.6614f,-0.259f,-1.1801f,-1.9104f,0f,0f,0f,1f],start_interpolation: 0,interpolation_duration: 1}
$data merge entity $(right_shoulder) {transformation: [-1.4042f,0.3788f,-0.1863f,-1.0065f,-0.024f,0.5744f,1.3488f,5.8198f,0.4214f,1.2948f,-0.5439f,-0.3993f,0f,0f,0f,1f],start_interpolation: 0,interpolation_duration: 1}
$data merge entity $(right_arm) {transformation: [-1f,0f,0f,-0.4425f,0f,0.8726f,0.4884f,6.0768f,0f,0.4884f,-0.8726f,-0.2652f,0f,0f,0f,1f],start_interpolation: 0,interpolation_duration: 1}
$data merge entity $(left_thumb_2) {transformation: [-0.1843f,0.5654f,0.8039f,0.312f,-0.5598f,0.6119f,-0.5587f,3.8789f,-0.8078f,-0.5531f,0.2037f,0.7661f,0f,0f,0f,1f],start_interpolation: 0,interpolation_duration: 1}
$data merge entity $(left_thumb) {transformation: [-0.1843f,0.9742f,-0.1303f,0.6546f,-0.5598f,-0.213f,-0.8007f,3.9047f,-0.8078f,-0.0747f,0.5847f,0.8536f,0f,0f,0f,1f],start_interpolation: 0,interpolation_duration: 1}
$data merge entity $(left_fingers2) {transformation: [0.8878f,0.1045f,0.4482f,0.1783f,0.1412f,0.865f,-0.4815f,3.3311f,-0.438f,0.4908f,0.7532f,1.1128f,0f,0f,0f,1f],start_interpolation: 0,interpolation_duration: 1}
$data merge entity $(left_fingers) {transformation: [0.7605f,0.4699f,0.4482f,0.2941f,-0.2375f,0.8436f,-0.4815f,3.5747f,-0.6044f,0.2597f,0.7532f,1.2094f,0f,0f,0f,1f],start_interpolation: 0,interpolation_duration: 1}
$data merge entity $(left_hand) {transformation: [0.0741f,0.7053f,0.7051f,0.7588f,-0.5959f,0.5982f,-0.5358f,3.9154f,-0.7996f,-0.3805f,0.4646f,0.9923f,0f,0f,0f,1f],start_interpolation: 0,interpolation_duration: 1}
$data merge entity $(left_forearm) {transformation: [-1.0254f,0.8923f,-0.2227f,2.0518f,0.5318f,0.3032f,-1.2339f,4.3492f,-0.7503f,-1.0045f,-0.5702f,-0.5725f,0f,0f,0f,1f],start_interpolation: 0,interpolation_duration: 1}
$data merge entity $(left_shoulder) {transformation: [-1.3006f,-0.6362f,0.2316f,1.0065f,-0.5908f,1.3114f,0.2847f,5.8198f,-0.3307f,0.1593f,-1.4196f,-0.3993f,0f,0f,0f,1f],start_interpolation: 0,interpolation_duration: 1}
$data merge entity $(left_arm) {transformation: [-1f,0f,0f,0.4426f,0f,0.8726f,0.4884f,6.0768f,0f,0.4884f,-0.8726f,-0.2652f,0f,0f,0f,1f],start_interpolation: 0,interpolation_duration: 1}
$data merge entity $(chest) {transformation: [-1.2785f,0f,0f,0f,0f,1.1157f,0.6244f,4.5177f,0f,0.6244f,-1.1157f,-1.1774f,0f,0f,0f,1f],start_interpolation: 0,interpolation_duration: 1}
data modify storage animated_java:temp entry.data merge value {"locators":{"consume":{"px":-2.4408455209,"py":2.4620642135,"pz":-1.5346091891,"ry":315.7758661229,"rx":3.0546684475}}}
# Data Manager: Prepare for Read / Write
execute store result storage animated_java:temp args.id int 1 run scoreboard players get @s aj.id
# Data Manager: Write
function animated_java:global/data_manager/write with storage animated_java:temp args