# This file was generated by Animated Java via MC-Build. It is not recommended to edit this file directly.
$data merge entity $(neck) {transformation: [-1f,0f,0f,0f,0f,0.9796f,0.2009f,6.0975f,0f,0.2009f,-0.9796f,-0.2377f,0f,0f,0f,1f],start_interpolation: 0,interpolation_duration: 1}
$data merge entity $(right_thumb_2) {transformation: [-0.6662f,0.2662f,-0.6967f,-2.0652f,0.3252f,0.9443f,0.0498f,2.8443f,0.6711f,-0.1934f,-0.7157f,-1.3849f,0f,0f,0f,1f],start_interpolation: 0,interpolation_duration: 1}
$data merge entity $(right_thumb) {transformation: [-0.6662f,-0.2129f,-0.7148f,-2.2223f,0.3252f,0.7795f,-0.5353f,3.1509f,0.6711f,-0.5891f,-0.45f,-1.4686f,0f,0f,0f,1f],start_interpolation: 0,interpolation_duration: 1}
$data merge entity $(right_fingers2) {transformation: [-0.5228f,-0.4913f,-0.6967f,-2.4794f,-0.7184f,0.6939f,0.0498f,2.3577f,0.4589f,0.5265f,-0.7157f,-1.3861f,0f,0f,0f,1f],start_interpolation: 0,interpolation_duration: 1}
$data merge entity $(right_fingers) {transformation: [-0.7163f,-0.0403f,-0.6967f,-2.5162f,-0.1043f,0.9933f,0.0498f,2.6381f,0.69f,0.1084f,-0.7157f,-1.3411f,0f,0f,0f,1f],start_interpolation: 0,interpolation_duration: 1}
$data merge entity $(scout) {transformation: [0f,0f,0f,-2.4605f,0f,0f,0f,2.6281f,0f,0f,0f,-1.545f,0f,0f,0f,1f],start_interpolation: 0,interpolation_duration: 1}
$data merge entity $(right_hand) {transformation: [-0.6662f,0.2662f,-0.6967f,-2.3802f,0.3252f,0.9443f,0.0498f,3.2187f,0.6711f,-0.1934f,-0.7157f,-1.4948f,0f,0f,0f,1f],start_interpolation: 0,interpolation_duration: 1}
$data merge entity $(right_forearm) {transformation: [-1.1911f,0.3667f,0.5866f,-1.7571f,0.2002f,1.3007f,-0.4066f,5.1543f,-0.6621f,-0.2664f,-1.178f,-1.9113f,0f,0f,0f,1f],start_interpolation: 0,interpolation_duration: 1}
$data merge entity $(right_shoulder) {transformation: [-1.4042f,0.3786f,-0.1867f,-1.0065f,-0.023f,0.5792f,1.3468f,5.8218f,0.4215f,1.2927f,-0.5487f,-0.4025f,0f,0f,0f,1f],start_interpolation: 0,interpolation_duration: 1}
$data merge entity $(right_arm) {transformation: [-1f,0f,0f,-0.4425f,0f,0.8738f,0.4862f,6.079f,0f,0.4862f,-0.8738f,-0.2691f,0f,0f,0f,1f],start_interpolation: 0,interpolation_duration: 1}
$data merge entity $(left_thumb_2) {transformation: [-0.1828f,0.5651f,0.8045f,0.3114f,-0.5606f,0.6123f,-0.5575f,3.8789f,-0.8077f,-0.5529f,0.2049f,0.7651f,0f,0f,0f,1f],start_interpolation: 0,interpolation_duration: 1}
$data merge entity $(left_thumb) {transformation: [-0.1828f,0.9745f,-0.1298f,0.6539f,-0.5606f,-0.2118f,-0.8006f,3.9052f,-0.8077f,-0.0736f,0.585f,0.8529f,0f,0f,0f,1f],start_interpolation: 0,interpolation_duration: 1}
$data merge entity $(left_fingers2) {transformation: [0.888f,0.1029f,0.4481f,0.1781f,0.1422f,0.8654f,-0.4804f,3.3311f,-0.4372f,0.4903f,0.7539f,1.1121f,0f,0f,0f,1f],start_interpolation: 0,interpolation_duration: 1}
$data merge entity $(left_fingers) {transformation: [0.7614f,0.4685f,0.4481f,0.2934f,-0.2369f,0.8444f,-0.4804f,3.5749f,-0.6035f,0.2596f,0.7539f,1.2086f,0f,0f,0f,1f],start_interpolation: 0,interpolation_duration: 1}
$data merge entity $(left_hand) {transformation: [0.0757f,0.7048f,0.7054f,0.7579f,-0.5963f,0.5989f,-0.5345f,3.9162f,-0.7992f,-0.3802f,0.4656f,0.9917f,0f,0f,0f,1f],start_interpolation: 0,interpolation_duration: 1}
$data merge entity $(left_forearm) {transformation: [-1.0254f,0.8928f,-0.2204f,2.0518f,0.5299f,0.3038f,-1.2345f,4.3507f,-0.7516f,-1.0039f,-0.5696f,-0.5721f,0f,0f,0f,1f],start_interpolation: 0,interpolation_duration: 1}
$data merge entity $(left_shoulder) {transformation: [-1.3006f,-0.6362f,0.2316f,1.0065f,-0.5916f,1.3118f,0.2812f,5.8218f,-0.3292f,0.156f,-1.4203f,-0.4025f,0f,0f,0f,1f],start_interpolation: 0,interpolation_duration: 1}
$data merge entity $(left_arm) {transformation: [-1f,0f,0f,0.4426f,0f,0.8738f,0.4862f,6.079f,0f,0.4862f,-0.8738f,-0.2691f,0f,0f,0f,1f],start_interpolation: 0,interpolation_duration: 1}
$data merge entity $(chest) {transformation: [-1.2785f,0f,0f,0f,0f,1.1172f,0.6216f,4.5177f,0f,0.6216f,-1.1172f,-1.1774f,0f,0f,0f,1f],start_interpolation: 0,interpolation_duration: 1}
data modify storage animated_java:temp entry.data merge value {"locators":{"consume":{"px":-2.4425592537,"py":2.46099726,"pz":-1.5202486017,"ry":315.7708138562,"rx":2.8567596988}}}
# Data Manager: Prepare for Read / Write
execute store result storage animated_java:temp args.id int 1 run scoreboard players get @s aj.id
# Data Manager: Write
function animated_java:global/data_manager/write with storage animated_java:temp args