# This file was generated by Animated Java via MC-Build. It is not recommended to edit this file directly.
$data merge entity $(neck) {transformation: [-1f,0f,0f,0f,0f,0.9801f,0.1986f,6.0997f,0f,0.1986f,-0.9801f,-0.2415f,0f,0f,0f,1f],start_interpolation: 0,interpolation_duration: 1}
$data merge entity $(right_thumb_2) {transformation: [-0.6656f,0.267f,-0.6969f,-2.0668f,0.3299f,0.9429f,0.0462f,2.8438f,0.6694f,-0.1991f,-0.7157f,-1.3716f,0f,0f,0f,1f],start_interpolation: 0,interpolation_duration: 1}
$data merge entity $(right_thumb) {transformation: [-0.6656f,-0.2124f,-0.7154f,-2.2237f,0.3299f,0.7762f,-0.5374f,3.15f,0.6694f,-0.5937f,-0.4466f,-1.4571f,0f,0f,0f,1f],start_interpolation: 0,interpolation_duration: 1}
$data merge entity $(right_fingers2) {transformation: [-0.5233f,-0.4904f,-0.6969f,-2.4815f,-0.7151f,0.6974f,0.0462f,2.3575f,0.4634f,0.5225f,-0.7157f,-1.3698f,0f,0f,0f,1f],start_interpolation: 0,interpolation_duration: 1}
$data merge entity $(right_fingers) {transformation: [-0.7161f,-0.0393f,-0.6969f,-2.518f,-0.0995f,0.994f,0.0462f,2.6383f,0.6909f,0.1024f,-0.7157f,-1.3264f,0f,0f,0f,1f],start_interpolation: 0,interpolation_duration: 1}
$data merge entity $(scout) {transformation: [0f,0f,0f,-2.4624f,0f,0f,0f,2.627f,0f,0f,0f,-1.5303f,0f,0f,0f,1f],start_interpolation: 0,interpolation_duration: 1}
$data merge entity $(right_hand) {transformation: [-0.6656f,0.267f,-0.6969f,-2.3815f,0.3299f,0.9429f,0.0462f,3.2178f,0.6694f,-0.1991f,-0.7157f,-1.4837f,0f,0f,0f,1f],start_interpolation: 0,interpolation_duration: 1}
$data merge entity $(right_forearm) {transformation: [-1.1911f,0.3678f,0.5858f,-1.7568f,0.1973f,1.2987f,-0.4142f,5.1504f,-0.6629f,-0.2743f,-1.1758f,-1.912f,0f,0f,0f,1f],start_interpolation: 0,interpolation_duration: 1}
$data merge entity $(right_shoulder) {transformation: [-1.4042f,0.3783f,-0.1873f,-1.0065f,-0.022f,0.5841f,1.3447f,5.8236f,0.4215f,1.2906f,-0.5537f,-0.4056f,0f,0f,0f,1f],start_interpolation: 0,interpolation_duration: 1}
$data merge entity $(right_arm) {transformation: [-1f,0f,0f,-0.4425f,0f,0.875f,0.4841f,6.0812f,0f,0.4841f,-0.875f,-0.2728f,0f,0f,0f,1f],start_interpolation: 0,interpolation_duration: 1}
$data merge entity $(left_thumb_2) {transformation: [-0.1813f,0.5648f,0.805f,0.3108f,-0.5613f,0.6127f,-0.5563f,3.8789f,-0.8075f,-0.5528f,0.2059f,0.7642f,0f,0f,0f,1f],start_interpolation: 0,interpolation_duration: 1}
$data merge entity $(left_thumb) {transformation: [-0.1813f,0.9749f,-0.1293f,0.6531f,-0.5613f,-0.2105f,-0.8004f,3.9057f,-0.8075f,-0.0726f,0.5854f,0.8523f,0f,0f,0f,1f],start_interpolation: 0,interpolation_duration: 1}
$data merge entity $(left_fingers2) {transformation: [0.8883f,0.1013f,0.448f,0.1779f,0.1431f,0.8659f,-0.4794f,3.3312f,-0.4365f,0.4899f,0.7546f,1.1114f,0f,0f,0f,1f],start_interpolation: 0,interpolation_duration: 1}
$data merge entity $(left_fingers) {transformation: [0.7622f,0.4672f,0.448f,0.2928f,-0.2363f,0.8452f,-0.4794f,3.5752f,-0.6026f,0.2595f,0.7546f,1.2079f,0f,0f,0f,1f],start_interpolation: 0,interpolation_duration: 1}
$data merge entity $(left_hand) {transformation: [0.0772f,0.7044f,0.7056f,0.757f,-0.5967f,0.5996f,-0.5333f,3.9169f,-0.7987f,-0.3799f,0.4666f,0.9912f,0f,0f,0f,1f],start_interpolation: 0,interpolation_duration: 1}
$data merge entity $(left_forearm) {transformation: [-1.0254f,0.8933f,-0.2183f,2.0518f,0.5281f,0.3043f,-1.2352f,4.3522f,-0.7529f,-1.0032f,-0.5691f,-0.5717f,0f,0f,0f,1f],start_interpolation: 0,interpolation_duration: 1}
$data merge entity $(left_shoulder) {transformation: [-1.3006f,-0.6362f,0.2316f,1.0065f,-0.5924f,1.3121f,0.2778f,5.8236f,-0.3278f,0.1529f,-1.4209f,-0.4056f,0f,0f,0f,1f],start_interpolation: 0,interpolation_duration: 1}
$data merge entity $(left_arm) {transformation: [-1f,0f,0f,0.4426f,0f,0.875f,0.4841f,6.0812f,0f,0.4841f,-0.875f,-0.2728f,0f,0f,0f,1f],start_interpolation: 0,interpolation_duration: 1}
$data merge entity $(chest) {transformation: [-1.2785f,0f,0f,0f,0f,1.1187f,0.619f,4.5177f,0f,0.619f,-1.1187f,-1.1774f,0f,0f,0f,1f],start_interpolation: 0,interpolation_duration: 1}
data modify storage animated_java:temp entry.data merge value {"locators":{"consume":{"px":-2.4445557822,"py":2.4600307117,"pz":-1.5045461222,"ry":315.7631370785,"rx":2.6469501479}}}
# Data Manager: Prepare for Read / Write
execute store result storage animated_java:temp args.id int 1 run scoreboard players get @s aj.id
# Data Manager: Write
function animated_java:global/data_manager/write with storage animated_java:temp args