# This file was generated by Animated Java via MC-Build. It is not recommended to edit this file directly.
$data merge entity $(neck) {transformation: [-1f,0f,0f,0f,0f,0.981f,0.1943f,6.1038f,0f,0.1943f,-0.981f,-0.2485f,0f,0f,0f,1f],start_interpolation: 0,interpolation_duration: 1}
$data merge entity $(right_thumb_2) {transformation: [-0.6643f,0.2689f,-0.6974f,-2.0706f,0.34f,0.9396f,0.0383f,2.8432f,0.6656f,-0.2117f,-0.7156f,-1.342f,0f,0f,0f,1f],start_interpolation: 0,interpolation_duration: 1}
$data merge entity $(right_thumb) {transformation: [-0.6643f,-0.2112f,-0.717f,-2.2269f,0.34f,0.7688f,-0.5416f,3.1486f,0.6656f,-0.6036f,-0.4389f,-1.4313f,0f,0f,0f,1f],start_interpolation: 0,interpolation_duration: 1}
$data merge entity $(right_fingers2) {transformation: [-0.5244f,-0.4885f,-0.6974f,-2.4864f,-0.7079f,0.7053f,0.0383f,2.3579f,0.4731f,0.5138f,-0.7156f,-1.3334f,0f,0f,0f,1f],start_interpolation: 0,interpolation_duration: 1}
$data merge entity $(right_fingers) {transformation: [-0.7157f,-0.0371f,-0.6974f,-2.5222f,-0.0889f,0.9953f,0.0383f,2.6393f,0.6927f,0.0894f,-0.7156f,-1.2937f,0f,0f,0f,1f],start_interpolation: 0,interpolation_duration: 1}
$data merge entity $(scout) {transformation: [0f,0f,0f,-2.4668f,0f,0f,0f,2.6252f,0f,0f,0f,-1.4974f,0f,0f,0f,1f],start_interpolation: 0,interpolation_duration: 1}
$data merge entity $(right_hand) {transformation: [-0.6643f,0.2689f,-0.6974f,-2.3846f,0.34f,0.9396f,0.0383f,3.2164f,0.6656f,-0.2117f,-0.7156f,-1.4586f,0f,0f,0f,1f],start_interpolation: 0,interpolation_duration: 1}
$data merge entity $(right_forearm) {transformation: [-1.1913f,0.3703f,0.5838f,-1.7561f,0.1912f,1.2942f,-0.4308f,5.1418f,-0.6644f,-0.2916f,-1.1708f,-1.9127f,0f,0f,0f,1f],start_interpolation: 0,interpolation_duration: 1}
$data merge entity $(right_shoulder) {transformation: [-1.4042f,0.3777f,-0.1885f,-1.0065f,-0.0201f,0.5941f,1.3403f,5.827f,0.4216f,1.2862f,-0.5638f,-0.4114f,0f,0f,0f,1f],start_interpolation: 0,interpolation_duration: 1}
$data merge entity $(right_arm) {transformation: [-1f,0f,0f,-0.4425f,0f,0.8771f,0.4802f,6.0852f,0f,0.4802f,-0.8771f,-0.2797f,0f,0f,0f,1f],start_interpolation: 0,interpolation_duration: 1}
$data merge entity $(left_thumb_2) {transformation: [-0.1786f,0.5643f,0.806f,0.3097f,-0.5627f,0.6135f,-0.5541f,3.8789f,-0.8071f,-0.5525f,0.2079f,0.7625f,0f,0f,0f,1f],start_interpolation: 0,interpolation_duration: 1}
$data merge entity $(left_thumb) {transformation: [-0.1786f,0.9755f,-0.1283f,0.6518f,-0.5627f,-0.2082f,-0.8f,3.9066f,-0.8071f,-0.0707f,0.5861f,0.8512f,0f,0f,0f,1f],start_interpolation: 0,interpolation_duration: 1}
$data merge entity $(left_fingers2) {transformation: [0.8887f,0.0983f,0.4479f,0.1775f,0.1447f,0.8667f,-0.4774f,3.3312f,-0.4351f,0.4891f,0.7559f,1.1101f,0f,0f,0f,1f],start_interpolation: 0,interpolation_duration: 1}
$data merge entity $(left_fingers) {transformation: [0.7638f,0.4647f,0.4479f,0.2917f,-0.2351f,0.8466f,-0.4774f,3.5756f,-0.6011f,0.2594f,0.7559f,1.2065f,0f,0f,0f,1f],start_interpolation: 0,interpolation_duration: 1}
$data merge entity $(left_hand) {transformation: [0.08f,0.7036f,0.7061f,0.7554f,-0.5974f,0.6009f,-0.5311f,3.9182f,-0.7979f,-0.3794f,0.4684f,0.9902f,0f,0f,0f,1f],start_interpolation: 0,interpolation_duration: 1}
$data merge entity $(left_forearm) {transformation: [-1.0254f,0.8943f,-0.2143f,2.0518f,0.5247f,0.3053f,-1.2363f,4.3549f,-0.7552f,-1.0021f,-0.568f,-0.5709f,0f,0f,0f,1f],start_interpolation: 0,interpolation_duration: 1}
$data merge entity $(left_shoulder) {transformation: [-1.3006f,-0.6362f,0.2316f,1.0065f,-0.5938f,1.3128f,0.2715f,5.827f,-0.3251f,0.147f,-1.4221f,-0.4114f,0f,0f,0f,1f],start_interpolation: 0,interpolation_duration: 1}
$data merge entity $(left_arm) {transformation: [-1f,0f,0f,0.4426f,0f,0.8771f,0.4802f,6.0852f,0f,0.4802f,-0.8771f,-0.2797f,0f,0f,0f,1f],start_interpolation: 0,interpolation_duration: 1}
$data merge entity $(chest) {transformation: [-1.2785f,0f,0f,0f,0f,1.1215f,0.614f,4.5177f,0f,0.614f,-1.1215f,-1.1774f,0f,0f,0f,1f],start_interpolation: 0,interpolation_duration: 1}
data modify storage animated_java:temp entry.data merge value {"locators":{"consume":{"px":-2.4493397718,"py":2.4585105584,"pz":-1.4695226609,"ry":315.739655699,"rx":2.1970013122}}}
# Data Manager: Prepare for Read / Write
execute store result storage animated_java:temp args.id int 1 run scoreboard players get @s aj.id
# Data Manager: Write
function animated_java:global/data_manager/write with storage animated_java:temp args