# This file was generated by Animated Java via MC-Build. It is not recommended to edit this file directly.
$data merge entity $(neck) {transformation: [-1f,0f,0f,0f,0f,0.9733f,0.2295f,6.0693f,0f,0.2295f,-0.9733f,-0.192f,0f,0f,0f,1f],start_interpolation: 0,interpolation_duration: 1}
$data merge entity $(right_thumb_2) {transformation: [-0.6397f,0.302f,-0.7069f,-2.1374f,0.4452f,0.8952f,-0.0204f,2.873f,0.6266f,-0.3278f,-0.7071f,-1.0021f,0f,0f,0f,1f],start_interpolation: 0,interpolation_duration: 1}
$data merge entity $(right_thumb) {transformation: [-0.6397f,-0.1907f,-0.7446f,-2.2831f,0.4452f,0.6978f,-0.5612f,3.1714f,0.6266f,-0.6905f,-0.3614f,-1.1263f,0f,0f,0f,1f],start_interpolation: 0,interpolation_duration: 1}
$data merge entity $(right_fingers2) {transformation: [-0.544f,-0.4521f,-0.7069f,-2.5717f,-0.6232f,0.7818f,-0.0204f,2.4097f,0.5619f,0.4294f,-0.7071f,-0.9297f,0f,0f,0f,1f],start_interpolation: 0,interpolation_duration: 1}
$data merge entity $(right_fingers) {transformation: [-0.7073f,0.0033f,-0.7069f,-2.5958f,0.0251f,0.9995f,-0.0204f,2.695f,0.7064f,-0.0322f,-0.7071f,-0.9242f,0f,0f,0f,1f],start_interpolation: 0,interpolation_duration: 1}
$data merge entity $(scout) {transformation: [0f,0f,0f,-2.5443f,0f,0f,0f,2.6541f,0f,0f,0f,-1.1253f,0f,0f,0f,1f],start_interpolation: 0,interpolation_duration: 1}
$data merge entity $(right_hand) {transformation: [-0.6397f,0.302f,-0.7069f,-2.4384f,0.4452f,0.8952f,-0.0204f,3.2417f,0.6266f,-0.3278f,-0.7071f,-1.1599f,0f,0f,0f,1f],start_interpolation: 0,interpolation_duration: 1}
$data merge entity $(right_forearm) {transformation: [-1.1935f,0.4159f,0.5475f,-1.7425f,0.1575f,1.233f,-0.5933f,5.0705f,-0.6693f,-0.4514f,-1.116f,-1.8525f,0f,0f,0f,1f],start_interpolation: 0,interpolation_duration: 1}
$data merge entity $(right_shoulder) {transformation: [-1.4042f,0.366f,-0.2103f,-1.0065f,-0.0353f,0.6263f,1.3253f,5.7986f,0.4206f,1.2742f,-0.591f,-0.3648f,0f,0f,0f,1f],start_interpolation: 0,interpolation_duration: 1}
$data merge entity $(right_arm) {transformation: [-1f,0f,0f,-0.4425f,0f,0.8593f,0.5115f,6.0518f,0f,0.5115f,-0.8593f,-0.2238f,0f,0f,0f,1f],start_interpolation: 0,interpolation_duration: 1}
$data merge entity $(left_thumb_2) {transformation: [-0.2008f,0.5684f,0.7979f,0.3195f,-0.5515f,0.6075f,-0.5716f,3.8787f,-0.8096f,-0.5549f,0.1915f,0.7764f,0f,0f,0f,1f],start_interpolation: 0,interpolation_duration: 1}
$data merge entity $(left_thumb) {transformation: [-0.2008f,0.9702f,-0.1357f,0.6633f,-0.5515f,-0.2265f,-0.8028f,3.8989f,-0.8096f,-0.0864f,0.5806f,0.8605f,0f,0f,0f,1f],start_interpolation: 0,interpolation_duration: 1}
$data merge entity $(left_fingers2) {transformation: [0.8851f,0.1221f,0.449f,0.1815f,0.1315f,0.86f,-0.4931f,3.3304f,-0.4464f,0.4955f,0.7452f,1.1209f,0f,0f,0f,1f],start_interpolation: 0,interpolation_duration: 1}
$data merge entity $(left_fingers) {transformation: [0.7506f,0.4848f,0.449f,0.3018f,-0.2443f,0.835f,-0.4931f,3.5716f,-0.6139f,0.2604f,0.7452f,1.2179f,0f,0f,0f,1f],start_interpolation: 0,interpolation_duration: 1}
$data merge entity $(left_hand) {transformation: [0.0571f,0.7098f,0.7021f,0.7691f,-0.5914f,0.5906f,-0.549f,3.9072f,-0.8044f,-0.3838f,0.4535f,0.9981f,0f,0f,0f,1f],start_interpolation: 0,interpolation_duration: 1}
$data merge entity $(left_forearm) {transformation: [-1.0254f,0.886f,-0.2464f,2.0518f,0.5516f,0.2972f,-1.2266f,4.3331f,-0.7358f,-1.0118f,-0.5761f,-0.5772f,0f,0f,0f,1f],start_interpolation: 0,interpolation_duration: 1}
$data merge entity $(left_shoulder) {transformation: [-1.3006f,-0.6362f,0.2316f,1.0065f,-0.5818f,1.3067f,0.3226f,5.7986f,-0.3463f,0.1942f,-1.4114f,-0.3648f,0f,0f,0f,1f],start_interpolation: 0,interpolation_duration: 1}
$data merge entity $(left_arm) {transformation: [-1f,0f,0f,0.4426f,0f,0.8593f,0.5115f,6.0518f,0f,0.5115f,-0.8593f,-0.2238f,0f,0f,0f,1f],start_interpolation: 0,interpolation_duration: 1}
$data merge entity $(chest) {transformation: [-1.2785f,0f,0f,0f,0f,1.0986f,0.654f,4.5177f,0f,0.654f,-1.0986f,-1.1774f,0f,0f,0f,1f],start_interpolation: 0,interpolation_duration: 1}
data modify storage animated_java:temp entry.data merge value {"locators":{"consume":{"px":-2.5329289127,"py":2.4914427191,"pz":-1.0774998116,"ry":315.0077135435,"rx":-1.1711382845}}}
# Data Manager: Prepare for Read / Write
execute store result storage animated_java:temp args.id int 1 run scoreboard players get @s aj.id
# Data Manager: Write
function animated_java:global/data_manager/write with storage animated_java:temp args