# This file was generated by Animated Java via MC-Build. It is not recommended to edit this file directly.
$data merge entity $(neck) {transformation: [-1f,0f,0f,0f,0f,0.9813f,0.1923f,6.1057f,0f,0.1923f,-0.9813f,-0.2517f,0f,0f,0f,1f],start_interpolation: 0,interpolation_duration: 1}
$data merge entity $(right_thumb_2) {transformation: [-0.6636f,0.2699f,-0.6977f,-2.0728f,0.3455f,0.9378f,0.0342f,2.8431f,0.6635f,-0.2184f,-0.7156f,-1.3258f,0f,0f,0f,1f],start_interpolation: 0,interpolation_duration: 1}
$data merge entity $(right_thumb) {transformation: [-0.6636f,-0.2106f,-0.7179f,-2.2288f,0.3455f,0.7648f,-0.5438f,3.148f,0.6635f,-0.6089f,-0.4347f,-1.4171f,0f,0f,0f,1f],start_interpolation: 0,interpolation_duration: 1}
$data merge entity $(right_fingers2) {transformation: [-0.5251f,-0.4873f,-0.6977f,-2.4892f,-0.7039f,0.7095f,0.0342f,2.3584f,0.4784f,0.5091f,-0.7156f,-1.3136f,0f,0f,0f,1f],start_interpolation: 0,interpolation_duration: 1}
$data merge entity $(right_fingers) {transformation: [-0.7155f,-0.0358f,-0.6977f,-2.5247f,-0.0832f,0.9959f,0.0342f,2.6401f,0.6937f,0.0825f,-0.7156f,-1.2758f,0f,0f,0f,1f],start_interpolation: 0,interpolation_duration: 1}
$data merge entity $(scout) {transformation: [0f,0f,0f,-2.4694f,0f,0f,0f,2.6245f,0f,0f,0f,-1.4795f,0f,0f,0f,1f],start_interpolation: 0,interpolation_duration: 1}
$data merge entity $(right_hand) {transformation: [-0.6636f,0.2699f,-0.6977f,-2.3864f,0.3455f,0.9378f,0.0342f,3.2158f,0.6635f,-0.2184f,-0.7156f,-1.4449f,0f,0f,0f,1f],start_interpolation: 0,interpolation_duration: 1}
$data merge entity $(right_forearm) {transformation: [-1.1914f,0.3718f,0.5827f,-1.7557f,0.188f,1.2917f,-0.4397f,5.1372f,-0.6652f,-0.3008f,-1.168f,-1.9127f,0f,0f,0f,1f],start_interpolation: 0,interpolation_duration: 1}
$data merge entity $(right_shoulder) {transformation: [-1.4042f,0.3774f,-0.1892f,-1.0065f,-0.0192f,0.5992f,1.3381f,5.8286f,0.4217f,1.2839f,-0.5688f,-0.4141f,0f,0f,0f,1f],start_interpolation: 0,interpolation_duration: 1}
$data merge entity $(right_arm) {transformation: [-1f,0f,0f,-0.4425f,0f,0.8781f,0.4785f,6.087f,0f,0.4785f,-0.8781f,-0.2829f,0f,0f,0f,1f],start_interpolation: 0,interpolation_duration: 1}
$data merge entity $(left_thumb_2) {transformation: [-0.1774f,0.564f,0.8065f,0.3092f,-0.5633f,0.6138f,-0.5531f,3.8789f,-0.807f,-0.5524f,0.2088f,0.7617f,0f,0f,0f,1f],start_interpolation: 0,interpolation_duration: 1}
$data merge entity $(left_thumb) {transformation: [-0.1774f,0.9758f,-0.1279f,0.6512f,-0.5633f,-0.2072f,-0.7999f,3.907f,-0.807f,-0.0698f,0.5864f,0.8507f,0f,0f,0f,1f],start_interpolation: 0,interpolation_duration: 1}
$data merge entity $(left_fingers2) {transformation: [0.8888f,0.097f,0.4479f,0.1773f,0.1455f,0.867f,-0.4766f,3.3312f,-0.4345f,0.4887f,0.7565f,1.1095f,0f,0f,0f,1f],start_interpolation: 0,interpolation_duration: 1}
$data merge entity $(left_fingers) {transformation: [0.7645f,0.4636f,0.4479f,0.2912f,-0.2346f,0.8473f,-0.4766f,3.5758f,-0.6004f,0.2593f,0.7565f,1.2059f,0f,0f,0f,1f],start_interpolation: 0,interpolation_duration: 1}
$data merge entity $(left_hand) {transformation: [0.0812f,0.7032f,0.7063f,0.7547f,-0.5977f,0.6015f,-0.53f,3.9188f,-0.7976f,-0.3791f,0.4692f,0.9898f,0f,0f,0f,1f],start_interpolation: 0,interpolation_duration: 1}
$data merge entity $(left_forearm) {transformation: [-1.0254f,0.8947f,-0.2125f,2.0518f,0.5232f,0.3058f,-1.2369f,4.3561f,-0.7563f,-1.0015f,-0.5675f,-0.5706f,0f,0f,0f,1f],start_interpolation: 0,interpolation_duration: 1}
$data merge entity $(left_shoulder) {transformation: [-1.3006f,-0.6362f,0.2316f,1.0065f,-0.5945f,1.3131f,0.2686f,5.8286f,-0.3239f,0.1444f,-1.4227f,-0.4141f,0f,0f,0f,1f],start_interpolation: 0,interpolation_duration: 1}
$data merge entity $(left_arm) {transformation: [-1f,0f,0f,0.4426f,0f,0.8781f,0.4785f,6.087f,0f,0.4785f,-0.8781f,-0.2829f,0f,0f,0f,1f],start_interpolation: 0,interpolation_duration: 1}
$data merge entity $(chest) {transformation: [-1.2785f,0f,0f,0f,0f,1.1227f,0.6117f,4.5177f,0f,0.6117f,-1.1227f,-1.1774f,0f,0f,0f,1f],start_interpolation: 0,interpolation_duration: 1}
data modify storage animated_java:temp entry.data merge value {"locators":{"consume":{"px":-2.4520941861,"py":2.4580081757,"pz":-1.4504249478,"ry":315.723791017,"rx":1.9597055568}}}
# Data Manager: Prepare for Read / Write
execute store result storage animated_java:temp args.id int 1 run scoreboard players get @s aj.id
# Data Manager: Write
function animated_java:global/data_manager/write with storage animated_java:temp args