# This file was generated by Animated Java via MC-Build. It is not recommended to edit this file directly.
$data merge entity $(neck) {transformation: [-1f,0f,0f,0f,0f,0.9817f,0.1905f,6.1074f,0f,0.1905f,-0.9817f,-0.2546f,0f,0f,0f,1f],start_interpolation: 0,interpolation_duration: 1}
$data merge entity $(right_thumb_2) {transformation: [-0.6628f,0.2711f,-0.698f,-2.0752f,0.3513f,0.9358f,0.0299f,2.8431f,0.6613f,-0.2253f,-0.7154f,-1.3088f,0f,0f,0f,1f],start_interpolation: 0,interpolation_duration: 1}
$data merge entity $(right_thumb) {transformation: [-0.6628f,-0.2098f,-0.7188f,-2.2308f,0.3513f,0.7606f,-0.5459f,3.1476f,0.6613f,-0.6143f,-0.4304f,-1.4023f,0f,0f,0f,1f],start_interpolation: 0,interpolation_duration: 1}
$data merge entity $(right_fingers2) {transformation: [-0.5258f,-0.4861f,-0.698f,-2.4922f,-0.6997f,0.7138f,0.0299f,2.3591f,0.4837f,0.5041f,-0.7154f,-1.2929f,0f,0f,0f,1f],start_interpolation: 0,interpolation_duration: 1}
$data merge entity $(right_fingers) {transformation: [-0.7152f,-0.0344f,-0.698f,-2.5273f,-0.0771f,0.9966f,0.0299f,2.6411f,0.6946f,0.0753f,-0.7154f,-1.2571f,0f,0f,0f,1f],start_interpolation: 0,interpolation_duration: 1}
$data merge entity $(scout) {transformation: [0f,0f,0f,-2.4721f,0f,0f,0f,2.624f,0f,0f,0f,-1.4607f,0f,0f,0f,1f],start_interpolation: 0,interpolation_duration: 1}
$data merge entity $(right_hand) {transformation: [-0.6628f,0.2711f,-0.698f,-2.3883f,0.3513f,0.9358f,0.0299f,3.2155f,0.6613f,-0.2253f,-0.7154f,-1.4304f,0f,0f,0f,1f],start_interpolation: 0,interpolation_duration: 1}
$data merge entity $(right_forearm) {transformation: [-1.1915f,0.3734f,0.5815f,-1.7553f,0.1848f,1.2889f,-0.449f,5.1325f,-0.6659f,-0.3104f,-1.1651f,-1.9126f,0f,0f,0f,1f],start_interpolation: 0,interpolation_duration: 1}
$data merge entity $(right_shoulder) {transformation: [-1.4042f,0.377f,-0.1899f,-1.0065f,-0.0185f,0.6042f,1.3358f,5.83f,0.4217f,1.2816f,-0.5739f,-0.4165f,0f,0f,0f,1f],start_interpolation: 0,interpolation_duration: 1}
$data merge entity $(right_arm) {transformation: [-1f,0f,0f,-0.4425f,0f,0.879f,0.4768f,6.0886f,0f,0.4768f,-0.879f,-0.2858f,0f,0f,0f,1f],start_interpolation: 0,interpolation_duration: 1}
$data merge entity $(left_thumb_2) {transformation: [-0.1762f,0.5638f,0.8069f,0.3087f,-0.5639f,0.6141f,-0.5522f,3.8789f,-0.8069f,-0.5523f,0.2097f,0.761f,0f,0f,0f,1f],start_interpolation: 0,interpolation_duration: 1}
$data merge entity $(left_thumb) {transformation: [-0.1762f,0.9761f,-0.1275f,0.6507f,-0.5639f,-0.2062f,-0.7997f,3.9074f,-0.8069f,-0.069f,0.5867f,0.8502f,0f,0f,0f,1f],start_interpolation: 0,interpolation_duration: 1}
$data merge entity $(left_fingers2) {transformation: [0.889f,0.0958f,0.4478f,0.1772f,0.1462f,0.8674f,-0.4757f,3.3312f,-0.434f,0.4884f,0.7571f,1.109f,0f,0f,0f,1f],start_interpolation: 0,interpolation_duration: 1}
$data merge entity $(left_fingers) {transformation: [0.7652f,0.4625f,0.4478f,0.2907f,-0.2341f,0.8479f,-0.4757f,3.576f,-0.5997f,0.2592f,0.7571f,1.2053f,0f,0f,0f,1f],start_interpolation: 0,interpolation_duration: 1}
$data merge entity $(left_hand) {transformation: [0.0824f,0.7028f,0.7066f,0.754f,-0.598f,0.602f,-0.5291f,3.9193f,-0.7972f,-0.3789f,0.4699f,0.9894f,0f,0f,0f,1f],start_interpolation: 0,interpolation_duration: 1}
$data merge entity $(left_forearm) {transformation: [-1.0254f,0.8951f,-0.2109f,2.0518f,0.5218f,0.3063f,-1.2374f,4.3572f,-0.7572f,-1.001f,-0.5671f,-0.5703f,0f,0f,0f,1f],start_interpolation: 0,interpolation_duration: 1}
$data merge entity $(left_shoulder) {transformation: [-1.3006f,-0.6362f,0.2316f,1.0065f,-0.5951f,1.3134f,0.266f,5.83f,-0.3228f,0.142f,-1.4232f,-0.4165f,0f,0f,0f,1f],start_interpolation: 0,interpolation_duration: 1}
$data merge entity $(left_arm) {transformation: [-1f,0f,0f,0.4426f,0f,0.879f,0.4768f,6.0886f,0f,0.4768f,-0.879f,-0.2858f,0f,0f,0f,1f],start_interpolation: 0,interpolation_duration: 1}
$data merge entity $(chest) {transformation: [-1.2785f,0f,0f,0f,0f,1.1238f,0.6097f,4.5177f,0f,0.6097f,-1.1238f,-1.1774f,0f,0f,0f,1f],start_interpolation: 0,interpolation_duration: 1}
data modify storage animated_java:temp entry.data merge value {"locators":{"consume":{"px":-2.4550655982,"py":2.457707281,"pz":-1.430430345,"ry":315.7051870494,"rx":1.7161768735}}}
# Data Manager: Prepare for Read / Write
execute store result storage animated_java:temp args.id int 1 run scoreboard players get @s aj.id
# Data Manager: Write
function animated_java:global/data_manager/write with storage animated_java:temp args