# This file was generated by Animated Java via MC-Build. It is not recommended to edit this file directly.
$data merge entity $(neck) {transformation: [-1f,0f,0f,0f,0f,0.9823f,0.1873f,6.1104f,0f,0.1873f,-0.9823f,-0.2598f,0f,0f,0f,1f],start_interpolation: 0,interpolation_duration: 1}
$data merge entity $(right_thumb_2) {transformation: [-0.6609f,0.2737f,-0.6988f,-2.0804f,0.3632f,0.9315f,0.0212f,2.8439f,0.6567f,-0.2398f,-0.715f,-1.2729f,0f,0f,0f,1f],start_interpolation: 0,interpolation_duration: 1}
$data merge entity $(right_thumb) {transformation: [-0.6609f,-0.2083f,-0.721f,-2.2352f,0.3632f,0.7519f,-0.5502f,3.1474f,0.6567f,-0.6255f,-0.4213f,-1.3708f,0f,0f,0f,1f],start_interpolation: 0,interpolation_duration: 1}
$data merge entity $(right_fingers2) {transformation: [-0.5274f,-0.4834f,-0.6988f,-2.4989f,-0.6907f,0.7228f,0.0212f,2.3614f,0.4948f,0.4938f,-0.715f,-1.2492f,0f,0f,0f,1f],start_interpolation: 0,interpolation_duration: 1}
$data merge entity $(right_fingers) {transformation: [-0.7147f,-0.0313f,-0.6988f,-2.5331f,-0.0645f,0.9977f,0.0212f,2.644f,0.6965f,0.0602f,-0.715f,-1.2176f,0f,0f,0f,1f],start_interpolation: 0,interpolation_duration: 1}
$data merge entity $(scout) {transformation: [0f,0f,0f,-2.4782f,0f,0f,0f,2.6237f,0f,0f,0f,-1.421f,0f,0f,0f,1f],start_interpolation: 0,interpolation_duration: 1}
$data merge entity $(right_hand) {transformation: [-0.6609f,0.2737f,-0.6988f,-2.3926f,0.3632f,0.9315f,0.0212f,3.2152f,0.6567f,-0.2398f,-0.715f,-1.3998f,0f,0f,0f,1f],start_interpolation: 0,interpolation_duration: 1}
$data merge entity $(right_forearm) {transformation: [-1.1916f,0.3769f,0.5788f,-1.7543f,0.1783f,1.283f,-0.4684f,5.1229f,-0.6673f,-0.3303f,-1.1588f,-1.9116f,0f,0f,0f,1f],start_interpolation: 0,interpolation_duration: 1}
$data merge entity $(right_shoulder) {transformation: [-1.4042f,0.3761f,-0.1916f,-1.0065f,-0.0171f,0.6143f,1.3312f,5.8324f,0.4218f,1.2771f,-0.5839f,-0.4207f,0f,0f,0f,1f],start_interpolation: 0,interpolation_duration: 1}
$data merge entity $(right_arm) {transformation: [-1f,0f,0f,-0.4425f,0f,0.8805f,0.474f,6.0915f,0f,0.474f,-0.8805f,-0.2909f,0f,0f,0f,1f],start_interpolation: 0,interpolation_duration: 1}
$data merge entity $(left_thumb_2) {transformation: [-0.1742f,0.5634f,0.8076f,0.308f,-0.5648f,0.6147f,-0.5506f,3.8788f,-0.8066f,-0.5521f,0.2111f,0.7598f,0f,0f,0f,1f],start_interpolation: 0,interpolation_duration: 1}
$data merge entity $(left_thumb) {transformation: [-0.1742f,0.9765f,-0.1268f,0.6497f,-0.5648f,-0.2046f,-0.7994f,3.908f,-0.8066f,-0.0677f,0.5872f,0.8494f,0f,0f,0f,1f],start_interpolation: 0,interpolation_duration: 1}
$data merge entity $(left_fingers2) {transformation: [0.8893f,0.0937f,0.4477f,0.177f,0.1474f,0.8679f,-0.4743f,3.3313f,-0.433f,0.4878f,0.758f,1.1081f,0f,0f,0f,1f],start_interpolation: 0,interpolation_duration: 1}
$data merge entity $(left_fingers) {transformation: [0.7664f,0.4607f,0.4477f,0.2899f,-0.2332f,0.8489f,-0.4743f,3.5763f,-0.5986f,0.2591f,0.758f,1.2043f,0f,0f,0f,1f],start_interpolation: 0,interpolation_duration: 1}
$data merge entity $(left_hand) {transformation: [0.0844f,0.7022f,0.7069f,0.7529f,-0.5985f,0.6029f,-0.5275f,3.9203f,-0.7966f,-0.3786f,0.4712f,0.9887f,0f,0f,0f,1f],start_interpolation: 0,interpolation_duration: 1}
$data merge entity $(left_forearm) {transformation: [-1.0254f,0.8958f,-0.208f,2.0518f,0.5194f,0.307f,-1.2382f,4.3592f,-0.7589f,-1.0002f,-0.5663f,-0.5698f,0f,0f,0f,1f],start_interpolation: 0,interpolation_duration: 1}
$data merge entity $(left_shoulder) {transformation: [-1.3006f,-0.6362f,0.2316f,1.0065f,-0.5961f,1.3138f,0.2614f,5.8324f,-0.3209f,0.1377f,-1.424f,-0.4207f,0f,0f,0f,1f],start_interpolation: 0,interpolation_duration: 1}
$data merge entity $(left_arm) {transformation: [-1f,0f,0f,0.4426f,0f,0.8805f,0.474f,6.0915f,0f,0.474f,-0.8805f,-0.2909f,0f,0f,0f,1f],start_interpolation: 0,interpolation_duration: 1}
$data merge entity $(chest) {transformation: [-1.2785f,0f,0f,0f,0f,1.1258f,0.606f,4.5177f,0f,0.606f,-1.1258f,-1.1774f,0f,0f,0f,1f],start_interpolation: 0,interpolation_duration: 1}
data modify storage animated_java:temp entry.data merge value {"locators":{"consume":{"px":-2.4615776237,"py":2.4577779404,"pz":-1.3882663289,"ry":315.6599885508,"rx":1.2165883583}}}
# Data Manager: Prepare for Read / Write
execute store result storage animated_java:temp args.id int 1 run scoreboard players get @s aj.id
# Data Manager: Write
function animated_java:global/data_manager/write with storage animated_java:temp args