# This file was generated by Animated Java via MC-Build. It is not recommended to edit this file directly.
$data merge entity $(neck) {transformation: [-1f,0f,0f,0f,0f,0.9826f,0.186f,6.1116f,0f,0.186f,-0.9826f,-0.2619f,0f,0f,0f,1f],start_interpolation: 0,interpolation_duration: 1}
$data merge entity $(right_thumb_2) {transformation: [-0.66f,0.275f,-0.6991f,-2.0832f,0.3694f,0.9291f,0.0168f,2.8445f,0.6542f,-0.2472f,-0.7148f,-1.2542f,0f,0f,0f,1f],start_interpolation: 0,interpolation_duration: 1}
$data merge entity $(right_thumb) {transformation: [-0.66f,-0.2074f,-0.7221f,-2.2376f,0.3694f,0.7474f,-0.5523f,3.1475f,0.6542f,-0.6312f,-0.4166f,-1.3544f,0f,0f,0f,1f],start_interpolation: 0,interpolation_duration: 1}
$data merge entity $(right_fingers2) {transformation: [-0.5282f,-0.4819f,-0.6991f,-2.5024f,-0.686f,0.7275f,0.0168f,2.3629f,0.5005f,0.4885f,-0.7148f,-1.2265f,0f,0f,0f,1f],start_interpolation: 0,interpolation_duration: 1}
$data merge entity $(right_fingers) {transformation: [-0.7144f,-0.0296f,-0.6991f,-2.5362f,-0.0579f,0.9982f,0.0168f,2.6459f,0.6974f,0.0525f,-0.7148f,-1.1972f,0f,0f,0f,1f],start_interpolation: 0,interpolation_duration: 1}
$data merge entity $(scout) {transformation: [0f,0f,0f,-2.4814f,0f,0f,0f,2.6238f,0f,0f,0f,-1.4004f,0f,0f,0f,1f],start_interpolation: 0,interpolation_duration: 1}
$data merge entity $(right_hand) {transformation: [-0.66f,0.275f,-0.6991f,-2.3948f,0.3694f,0.9291f,0.0168f,3.2154f,0.6542f,-0.2472f,-0.7148f,-1.3838f,0f,0f,0f,1f],start_interpolation: 0,interpolation_duration: 1}
$data merge entity $(right_forearm) {transformation: [-1.1917f,0.3788f,0.5774f,-1.7537f,0.1751f,1.2797f,-0.4783f,5.118f,-0.668f,-0.3404f,-1.1554f,-1.9108f,0f,0f,0f,1f],start_interpolation: 0,interpolation_duration: 1}
$data merge entity $(right_shoulder) {transformation: [-1.4042f,0.3757f,-0.1925f,-1.0065f,-0.0165f,0.6192f,1.329f,5.8334f,0.4218f,1.2749f,-0.5887f,-0.4225f,0f,0f,0f,1f],start_interpolation: 0,interpolation_duration: 1}
$data merge entity $(right_arm) {transformation: [-1f,0f,0f,-0.4425f,0f,0.8812f,0.4728f,6.0927f,0f,0.4728f,-0.8812f,-0.293f,0f,0f,0f,1f],start_interpolation: 0,interpolation_duration: 1}
$data merge entity $(left_thumb_2) {transformation: [-0.1734f,0.5632f,0.8079f,0.3076f,-0.5652f,0.6149f,-0.5499f,3.8788f,-0.8065f,-0.552f,0.2117f,0.7593f,0f,0f,0f,1f],start_interpolation: 0,interpolation_duration: 1}
$data merge entity $(left_thumb) {transformation: [-0.1734f,0.9767f,-0.1265f,0.6494f,-0.5652f,-0.2039f,-0.7993f,3.9083f,-0.8065f,-0.0671f,0.5874f,0.849f,0f,0f,0f,1f],start_interpolation: 0,interpolation_duration: 1}
$data merge entity $(left_fingers2) {transformation: [0.8894f,0.0928f,0.4477f,0.1769f,0.1479f,0.8682f,-0.4737f,3.3313f,-0.4326f,0.4875f,0.7584f,1.1077f,0f,0f,0f,1f],start_interpolation: 0,interpolation_duration: 1}
$data merge entity $(left_fingers) {transformation: [0.7668f,0.4599f,0.4477f,0.2896f,-0.2328f,0.8493f,-0.4737f,3.5764f,-0.5981f,0.259f,0.7584f,1.2039f,0f,0f,0f,1f],start_interpolation: 0,interpolation_duration: 1}
$data merge entity $(left_hand) {transformation: [0.0853f,0.702f,0.7071f,0.7525f,-0.5987f,0.6033f,-0.5268f,3.9207f,-0.7964f,-0.3784f,0.4718f,0.9884f,0f,0f,0f,1f],start_interpolation: 0,interpolation_duration: 1}
$data merge entity $(left_forearm) {transformation: [-1.0254f,0.8961f,-0.2068f,2.0518f,0.5184f,0.3073f,-1.2385f,4.36f,-0.7596f,-0.9999f,-0.566f,-0.5696f,0f,0f,0f,1f],start_interpolation: 0,interpolation_duration: 1}
$data merge entity $(left_shoulder) {transformation: [-1.3006f,-0.6362f,0.2316f,1.0065f,-0.5966f,1.314f,0.2595f,5.8334f,-0.3201f,0.136f,-1.4244f,-0.4225f,0f,0f,0f,1f],start_interpolation: 0,interpolation_duration: 1}
$data merge entity $(left_arm) {transformation: [-1f,0f,0f,0.4426f,0f,0.8812f,0.4728f,6.0927f,0f,0.4728f,-0.8812f,-0.293f,0f,0f,0f,1f],start_interpolation: 0,interpolation_duration: 1}
$data merge entity $(chest) {transformation: [-1.2785f,0f,0f,0f,0f,1.1266f,0.6045f,4.5177f,0f,0.6045f,-1.1266f,-1.1774f,0f,0f,0f,1f],start_interpolation: 0,interpolation_duration: 1}
data modify storage animated_java:temp entry.data merge value {"locators":{"consume":{"px":-2.4650746311,"py":2.4581729705,"pz":-1.3663660252,"ry":315.633594047,"rx":0.9636692692}}}
# Data Manager: Prepare for Read / Write
execute store result storage animated_java:temp args.id int 1 run scoreboard players get @s aj.id
# Data Manager: Write
function animated_java:global/data_manager/write with storage animated_java:temp args