# This file was generated by Animated Java via MC-Build. It is not recommended to edit this file directly.
$data merge entity $(neck) {transformation: [-1f,0f,0f,0f,0f,0.9828f,0.1848f,6.1127f,0f,0.1848f,-0.9828f,-0.2637f,0f,0f,0f,1f],start_interpolation: 0,interpolation_duration: 1}
$data merge entity $(right_thumb_2) {transformation: [-0.6589f,0.2765f,-0.6995f,-2.0861f,0.3756f,0.9267f,0.0124f,2.8454f,0.6517f,-0.2546f,-0.7145f,-1.2352f,0f,0f,0f,1f],start_interpolation: 0,interpolation_duration: 1}
$data merge entity $(right_thumb) {transformation: [-0.6589f,-0.2065f,-0.7233f,-2.24f,0.3756f,0.7427f,-0.5543f,3.1478f,0.6517f,-0.6369f,-0.4118f,-1.3377f,0f,0f,0f,1f],start_interpolation: 0,interpolation_duration: 1}
$data merge entity $(right_fingers2) {transformation: [-0.529f,-0.4804f,-0.6995f,-2.5061f,-0.6811f,0.7321f,0.0124f,2.3647f,0.5062f,0.483f,-0.7145f,-1.2035f,0f,0f,0f,1f],start_interpolation: 0,interpolation_duration: 1}
$data merge entity $(right_fingers) {transformation: [-0.714f,-0.0279f,-0.6995f,-2.5394f,-0.0512f,0.9986f,0.0124f,2.6479f,0.6982f,0.0447f,-0.7145f,-1.1763f,0f,0f,0f,1f],start_interpolation: 0,interpolation_duration: 1}
$data merge entity $(scout) {transformation: [0f,0f,0f,-2.4848f,0f,0f,0f,2.6242f,0f,0f,0f,-1.3794f,0f,0f,0f,1f],start_interpolation: 0,interpolation_duration: 1}
$data merge entity $(right_hand) {transformation: [-0.6589f,0.2765f,-0.6995f,-2.3972f,0.3756f,0.9267f,0.0124f,3.2158f,0.6517f,-0.2546f,-0.7145f,-1.3675f,0f,0f,0f,1f],start_interpolation: 0,interpolation_duration: 1}
$data merge entity $(right_forearm) {transformation: [-1.1919f,0.3808f,0.5758f,-1.7532f,0.1719f,1.2764f,-0.4883f,5.113f,-0.6686f,-0.3507f,-1.152f,-1.9098f,0f,0f,0f,1f],start_interpolation: 0,interpolation_duration: 1}
$data merge entity $(right_shoulder) {transformation: [-1.4042f,0.3752f,-0.1934f,-1.0065f,-0.0161f,0.6239f,1.3268f,5.8343f,0.4218f,1.2727f,-0.5934f,-0.424f,0f,0f,0f,1f],start_interpolation: 0,interpolation_duration: 1}
$data merge entity $(right_arm) {transformation: [-1f,0f,0f,-0.4425f,0f,0.8817f,0.4718f,6.0937f,0f,0.4718f,-0.8817f,-0.2948f,0f,0f,0f,1f],start_interpolation: 0,interpolation_duration: 1}
$data merge entity $(left_thumb_2) {transformation: [-0.1727f,0.563f,0.8082f,0.3074f,-0.5656f,0.6151f,-0.5494f,3.8788f,-0.8064f,-0.552f,0.2122f,0.7589f,0f,0f,0f,1f],start_interpolation: 0,interpolation_duration: 1}
$data merge entity $(left_thumb) {transformation: [-0.1727f,0.9769f,-0.1262f,0.649f,-0.5656f,-0.2033f,-0.7992f,3.9085f,-0.8064f,-0.0666f,0.5876f,0.8487f,0f,0f,0f,1f],start_interpolation: 0,interpolation_duration: 1}
$data merge entity $(left_fingers2) {transformation: [0.8895f,0.092f,0.4477f,0.1768f,0.1484f,0.8684f,-0.4732f,3.3313f,-0.4323f,0.4873f,0.7587f,1.1074f,0f,0f,0f,1f],start_interpolation: 0,interpolation_duration: 1}
$data merge entity $(left_fingers) {transformation: [0.7672f,0.4593f,0.4477f,0.2894f,-0.2325f,0.8497f,-0.4732f,3.5765f,-0.5977f,0.259f,0.7587f,1.2036f,0f,0f,0f,1f],start_interpolation: 0,interpolation_duration: 1}
$data merge entity $(left_hand) {transformation: [0.086f,0.7018f,0.7072f,0.7521f,-0.5989f,0.6037f,-0.5262f,3.921f,-0.7962f,-0.3783f,0.4722f,0.9881f,0f,0f,0f,1f],start_interpolation: 0,interpolation_duration: 1}
$data merge entity $(left_forearm) {transformation: [-1.0254f,0.8963f,-0.2058f,2.0518f,0.5175f,0.3076f,-1.2388f,4.3607f,-0.7602f,-0.9996f,-0.5658f,-0.5694f,0f,0f,0f,1f],start_interpolation: 0,interpolation_duration: 1}
$data merge entity $(left_shoulder) {transformation: [-1.3006f,-0.6362f,0.2316f,1.0065f,-0.5969f,1.3142f,0.2579f,5.8343f,-0.3194f,0.1345f,-1.4247f,-0.424f,0f,0f,0f,1f],start_interpolation: 0,interpolation_duration: 1}
$data merge entity $(left_arm) {transformation: [-1f,0f,0f,0.4426f,0f,0.8817f,0.4718f,6.0937f,0f,0.4718f,-0.8817f,-0.2948f,0f,0f,0f,1f],start_interpolation: 0,interpolation_duration: 1}
$data merge entity $(chest) {transformation: [-1.2785f,0f,0f,0f,0f,1.1273f,0.6032f,4.5177f,0f,0.6032f,-1.1273f,-1.1774f,0f,0f,0f,1f],start_interpolation: 0,interpolation_duration: 1}
data modify storage animated_java:temp entry.data merge value {"locators":{"consume":{"px":-2.4687017796,"py":2.4588157105,"pz":-1.3441051052,"ry":315.6048609874,"rx":0.7107776663}}}
# Data Manager: Prepare for Read / Write
execute store result storage animated_java:temp args.id int 1 run scoreboard players get @s aj.id
# Data Manager: Write
function animated_java:global/data_manager/write with storage animated_java:temp args