# This file was generated by Animated Java via MC-Build. It is not recommended to edit this file directly.
$data merge entity $(neck) {transformation: [-1f,0f,0f,0f,0f,0.9829f,0.1839f,6.1135f,0f,0.1839f,-0.9829f,-0.2652f,0f,0f,0f,1f],start_interpolation: 0,interpolation_duration: 1}
$data merge entity $(right_thumb_2) {transformation: [-0.6579f,0.2779f,-0.7f,-2.0891f,0.3819f,0.9242f,0.008f,2.8464f,0.6491f,-0.262f,-0.7141f,-1.216f,0f,0f,0f,1f],start_interpolation: 0,interpolation_duration: 1}
$data merge entity $(right_thumb) {transformation: [-0.6579f,-0.2056f,-0.7245f,-2.2426f,0.3819f,0.7381f,-0.5562f,3.1484f,0.6491f,-0.6426f,-0.407f,-1.3207f,0f,0f,0f,1f],start_interpolation: 0,interpolation_duration: 1}
$data merge entity $(right_fingers2) {transformation: [-0.5299f,-0.4788f,-0.7f,-2.51f,-0.6762f,0.7367f,0.008f,2.3668f,0.5118f,0.4776f,-0.7141f,-1.1803f,0f,0f,0f,1f],start_interpolation: 0,interpolation_duration: 1}
$data merge entity $(right_fingers) {transformation: [-0.7137f,-0.0261f,-0.7f,-2.5427f,-0.0444f,0.999f,0.008f,2.6503f,0.699f,0.0368f,-0.7141f,-1.1553f,0f,0f,0f,1f],start_interpolation: 0,interpolation_duration: 1}
$data merge entity $(scout) {transformation: [0f,0f,0f,-2.4882f,0f,0f,0f,2.6249f,0f,0f,0f,-1.3583f,0f,0f,0f,1f],start_interpolation: 0,interpolation_duration: 1}
$data merge entity $(right_hand) {transformation: [-0.6579f,0.2779f,-0.7f,-2.3996f,0.3819f,0.9242f,0.008f,3.2163f,0.6491f,-0.262f,-0.7141f,-1.3511f,0f,0f,0f,1f],start_interpolation: 0,interpolation_duration: 1}
$data merge entity $(right_forearm) {transformation: [-1.192f,0.3828f,0.5743f,-1.7526f,0.1687f,1.2729f,-0.4984f,5.1081f,-0.6692f,-0.3609f,-1.1485f,-1.9086f,0f,0f,0f,1f],start_interpolation: 0,interpolation_duration: 1}
$data merge entity $(right_shoulder) {transformation: [-1.4042f,0.3747f,-0.1944f,-1.0065f,-0.0157f,0.6285f,1.3246f,5.835f,0.4218f,1.2706f,-0.5979f,-0.4253f,0f,0f,0f,1f],start_interpolation: 0,interpolation_duration: 1}
$data merge entity $(right_arm) {transformation: [-1f,0f,0f,-0.4425f,0f,0.8821f,0.471f,6.0945f,0f,0.471f,-0.8821f,-0.2963f,0f,0f,0f,1f],start_interpolation: 0,interpolation_duration: 1}
$data merge entity $(left_thumb_2) {transformation: [-0.1721f,0.5629f,0.8084f,0.3071f,-0.5659f,0.6152f,-0.5489f,3.8788f,-0.8063f,-0.5519f,0.2126f,0.7585f,0f,0f,0f,1f],start_interpolation: 0,interpolation_duration: 1}
$data merge entity $(left_thumb) {transformation: [-0.1721f,0.977f,-0.126f,0.6488f,-0.5659f,-0.2028f,-0.7992f,3.9087f,-0.8063f,-0.0662f,0.5877f,0.8485f,0f,0f,0f,1f],start_interpolation: 0,interpolation_duration: 1}
$data merge entity $(left_fingers2) {transformation: [0.8895f,0.0914f,0.4476f,0.1768f,0.1487f,0.8685f,-0.4728f,3.3313f,-0.432f,0.4871f,0.759f,1.1071f,0f,0f,0f,1f],start_interpolation: 0,interpolation_duration: 1}
$data merge entity $(left_fingers) {transformation: [0.7676f,0.4587f,0.4476f,0.2891f,-0.2323f,0.85f,-0.4728f,3.5766f,-0.5974f,0.2589f,0.759f,1.2033f,0f,0f,0f,1f],start_interpolation: 0,interpolation_duration: 1}
$data merge entity $(left_hand) {transformation: [0.0866f,0.7016f,0.7073f,0.7517f,-0.5991f,0.6039f,-0.5257f,3.9213f,-0.796f,-0.3782f,0.4726f,0.9879f,0f,0f,0f,1f],start_interpolation: 0,interpolation_duration: 1}
$data merge entity $(left_forearm) {transformation: [-1.0254f,0.8965f,-0.2049f,2.0518f,0.5168f,0.3078f,-1.2391f,4.3613f,-0.7607f,-0.9993f,-0.5655f,-0.5692f,0f,0f,0f,1f],start_interpolation: 0,interpolation_duration: 1}
$data merge entity $(left_shoulder) {transformation: [-1.3006f,-0.6362f,0.2316f,1.0065f,-0.5972f,1.3143f,0.2565f,5.835f,-0.3189f,0.1332f,-1.4249f,-0.4253f,0f,0f,0f,1f],start_interpolation: 0,interpolation_duration: 1}
$data merge entity $(left_arm) {transformation: [-1f,0f,0f,0.4426f,0f,0.8821f,0.471f,6.0945f,0f,0.471f,-0.8821f,-0.2963f,0f,0f,0f,1f],start_interpolation: 0,interpolation_duration: 1}
$data merge entity $(chest) {transformation: [-1.2785f,0f,0f,0f,0f,1.1279f,0.6022f,4.5177f,0f,0.6022f,-1.1279f,-1.1774f,0f,0f,0f,1f],start_interpolation: 0,interpolation_duration: 1}
data modify storage animated_java:temp entry.data merge value {"locators":{"consume":{"px":-2.4724353584,"py":2.459705931,"pz":-1.3216248822,"ry":315.5739760835,"rx":0.4594934257}}}
# Data Manager: Prepare for Read / Write
execute store result storage animated_java:temp args.id int 1 run scoreboard players get @s aj.id
# Data Manager: Write
function animated_java:global/data_manager/write with storage animated_java:temp args