# This file was generated by Animated Java via MC-Build. It is not recommended to edit this file directly.
$data merge entity $(neck) {transformation: [-1f,0f,0f,0f,0f,0.9831f,0.1832f,6.1142f,0f,0.1832f,-0.9831f,-0.2664f,0f,0f,0f,1f],start_interpolation: 0,interpolation_duration: 1}
$data merge entity $(right_thumb_2) {transformation: [-0.6568f,0.2794f,-0.7004f,-2.0921f,0.3882f,0.9216f,0.0037f,2.8477f,0.6465f,-0.2694f,-0.7137f,-1.1967f,0f,0f,0f,1f],start_interpolation: 0,interpolation_duration: 1}
$data merge entity $(right_thumb) {transformation: [-0.6568f,-0.2047f,-0.7258f,-2.2451f,0.3882f,0.7334f,-0.5581f,3.1491f,0.6465f,-0.6483f,-0.4022f,-1.3037f,0f,0f,0f,1f],start_interpolation: 0,interpolation_duration: 1}
$data merge entity $(right_fingers2) {transformation: [-0.5308f,-0.4771f,-0.7004f,-2.5138f,-0.6712f,0.7413f,0.0037f,2.3691f,0.5174f,0.4721f,-0.7137f,-1.157f,0f,0f,0f,1f],start_interpolation: 0,interpolation_duration: 1}
$data merge entity $(right_fingers) {transformation: [-0.7133f,-0.0243f,-0.7004f,-2.546f,-0.0377f,0.9993f,0.0037f,2.6528f,0.6998f,0.029f,-0.7137f,-1.1342f,0f,0f,0f,1f],start_interpolation: 0,interpolation_duration: 1}
$data merge entity $(scout) {transformation: [0f,0f,0f,-2.4918f,0f,0f,0f,2.6257f,0f,0f,0f,-1.337f,0f,0f,0f,1f],start_interpolation: 0,interpolation_duration: 1}
$data merge entity $(right_hand) {transformation: [-0.6568f,0.2794f,-0.7004f,-2.4021f,0.3882f,0.9216f,0.0037f,3.2171f,0.6465f,-0.2694f,-0.7137f,-1.3345f,0f,0f,0f,1f],start_interpolation: 0,interpolation_duration: 1}
$data merge entity $(right_forearm) {transformation: [-1.1921f,0.3849f,0.5727f,-1.752f,0.1656f,1.2693f,-0.5084f,5.1033f,-0.6698f,-0.3711f,-1.1449f,-1.9072f,0f,0f,0f,1f],start_interpolation: 0,interpolation_duration: 1}
$data merge entity $(right_shoulder) {transformation: [-1.4042f,0.3742f,-0.1954f,-1.0065f,-0.0153f,0.633f,1.3225f,5.8356f,0.4218f,1.2685f,-0.6023f,-0.4262f,0f,0f,0f,1f],start_interpolation: 0,interpolation_duration: 1}
$data merge entity $(right_arm) {transformation: [-1f,0f,0f,-0.4425f,0f,0.8825f,0.4703f,6.0952f,0f,0.4703f,-0.8825f,-0.2975f,0f,0f,0f,1f],start_interpolation: 0,interpolation_duration: 1}
$data merge entity $(left_thumb_2) {transformation: [-0.1717f,0.5628f,0.8086f,0.307f,-0.5661f,0.6154f,-0.5485f,3.8788f,-0.8063f,-0.5519f,0.213f,0.7583f,0f,0f,0f,1f],start_interpolation: 0,interpolation_duration: 1}
$data merge entity $(left_thumb) {transformation: [-0.1717f,0.9771f,-0.1259f,0.6485f,-0.5661f,-0.2024f,-0.7991f,3.9088f,-0.8063f,-0.0659f,0.5879f,0.8483f,0f,0f,0f,1f],start_interpolation: 0,interpolation_duration: 1}
$data merge entity $(left_fingers2) {transformation: [0.8896f,0.0909f,0.4476f,0.1767f,0.149f,0.8687f,-0.4725f,3.3313f,-0.4318f,0.487f,0.7592f,1.1069f,0f,0f,0f,1f],start_interpolation: 0,interpolation_duration: 1}
$data merge entity $(left_fingers) {transformation: [0.7678f,0.4583f,0.4476f,0.289f,-0.2321f,0.8502f,-0.4725f,3.5766f,-0.5971f,0.2589f,0.7592f,1.2031f,0f,0f,0f,1f],start_interpolation: 0,interpolation_duration: 1}
$data merge entity $(left_hand) {transformation: [0.0871f,0.7014f,0.7074f,0.7515f,-0.5992f,0.6042f,-0.5253f,3.9215f,-0.7959f,-0.3781f,0.4729f,0.9877f,0f,0f,0f,1f],start_interpolation: 0,interpolation_duration: 1}
$data merge entity $(left_forearm) {transformation: [-1.0254f,0.8967f,-0.2042f,2.0518f,0.5162f,0.308f,-1.2393f,4.3617f,-0.7611f,-0.9991f,-0.5653f,-0.5691f,0f,0f,0f,1f],start_interpolation: 0,interpolation_duration: 1}
$data merge entity $(left_shoulder) {transformation: [-1.3006f,-0.6362f,0.2316f,1.0065f,-0.5975f,1.3144f,0.2555f,5.8356f,-0.3184f,0.1322f,-1.4251f,-0.4262f,0f,0f,0f,1f],start_interpolation: 0,interpolation_duration: 1}
$data merge entity $(left_arm) {transformation: [-1f,0f,0f,0.4426f,0f,0.8825f,0.4703f,6.0952f,0f,0.4703f,-0.8825f,-0.2975f,0f,0f,0f,1f],start_interpolation: 0,interpolation_duration: 1}
$data merge entity $(chest) {transformation: [-1.2785f,0f,0f,0f,0f,1.1283f,0.6013f,4.5177f,0f,0.6013f,-1.1283f,-1.1774f,0f,0f,0f,1f],start_interpolation: 0,interpolation_duration: 1}
data modify storage animated_java:temp entry.data merge value {"locators":{"consume":{"px":-2.4762512163,"py":2.4608383519,"pz":-1.299067553,"ry":315.5411589192,"rx":0.2113813887}}}
# Data Manager: Prepare for Read / Write
execute store result storage animated_java:temp args.id int 1 run scoreboard players get @s aj.id
# Data Manager: Write
function animated_java:global/data_manager/write with storage animated_java:temp args