# This file was generated by Animated Java via MC-Build. It is not recommended to edit this file directly.
$data merge entity $(neck) {transformation: [-1f,0f,0f,0f,0f,0.9832f,0.1827f,6.1147f,0f,0.1827f,-0.9832f,-0.2673f,0f,0f,0f,1f],start_interpolation: 0,interpolation_duration: 1}
$data merge entity $(right_thumb_2) {transformation: [-0.6557f,0.281f,-0.7008f,-2.0952f,0.3944f,0.9189f,-0.0006f,2.8491f,0.6439f,-0.2768f,-0.7133f,-1.1774f,0f,0f,0f,1f],start_interpolation: 0,interpolation_duration: 1}
$data merge entity $(right_thumb) {transformation: [-0.6557f,-0.2037f,-0.727f,-2.2477f,0.3944f,0.7287f,-0.5599f,3.1499f,0.6439f,-0.6538f,-0.3974f,-1.2867f,0f,0f,0f,1f],start_interpolation: 0,interpolation_duration: 1}
$data merge entity $(right_fingers2) {transformation: [-0.5317f,-0.4755f,-0.7008f,-2.5178f,-0.6662f,0.7458f,-0.0006f,2.3716f,0.5229f,0.4666f,-0.7133f,-1.1337f,0f,0f,0f,1f],start_interpolation: 0,interpolation_duration: 1}
$data merge entity $(right_fingers) {transformation: [-0.713f,-0.0225f,-0.7008f,-2.5494f,-0.0309f,0.9995f,-0.0006f,2.6556f,0.7005f,0.0213f,-0.7133f,-1.1132f,0f,0f,0f,1f],start_interpolation: 0,interpolation_duration: 1}
$data merge entity $(scout) {transformation: [0f,0f,0f,-2.4954f,0f,0f,0f,2.6268f,0f,0f,0f,-1.3158f,0f,0f,0f,1f],start_interpolation: 0,interpolation_duration: 1}
$data merge entity $(right_hand) {transformation: [-0.6557f,0.281f,-0.7008f,-2.4046f,0.3944f,0.9189f,-0.0006f,3.218f,0.6439f,-0.2768f,-0.7133f,-1.3179f,0f,0f,0f,1f],start_interpolation: 0,interpolation_duration: 1}
$data merge entity $(right_forearm) {transformation: [-1.1922f,0.387f,0.571f,-1.7514f,0.1626f,1.2657f,-0.5183f,5.0985f,-0.6704f,-0.3812f,-1.1412f,-1.9056f,0f,0f,0f,1f],start_interpolation: 0,interpolation_duration: 1}
$data merge entity $(right_shoulder) {transformation: [-1.4042f,0.3737f,-0.1964f,-1.0065f,-0.0151f,0.6372f,1.3204f,5.836f,0.4218f,1.2666f,-0.6064f,-0.4269f,0f,0f,0f,1f],start_interpolation: 0,interpolation_duration: 1}
$data merge entity $(right_arm) {transformation: [-1f,0f,0f,-0.4425f,0f,0.8827f,0.4699f,6.0957f,0f,0.4699f,-0.8827f,-0.2983f,0f,0f,0f,1f],start_interpolation: 0,interpolation_duration: 1}
$data merge entity $(left_thumb_2) {transformation: [-0.1713f,0.5627f,0.8087f,0.3069f,-0.5663f,0.6155f,-0.5482f,3.8787f,-0.8062f,-0.5519f,0.2132f,0.7581f,0f,0f,0f,1f],start_interpolation: 0,interpolation_duration: 1}
$data merge entity $(left_thumb) {transformation: [-0.1713f,0.9772f,-0.1257f,0.6484f,-0.5663f,-0.2021f,-0.7991f,3.9089f,-0.8062f,-0.0657f,0.5879f,0.8482f,0f,0f,0f,1f],start_interpolation: 0,interpolation_duration: 1}
$data merge entity $(left_fingers2) {transformation: [0.8896f,0.0905f,0.4476f,0.1767f,0.1492f,0.8688f,-0.4722f,3.3313f,-0.4316f,0.4869f,0.7594f,1.1067f,0f,0f,0f,1f],start_interpolation: 0,interpolation_duration: 1}
$data merge entity $(left_fingers) {transformation: [0.768f,0.458f,0.4476f,0.2888f,-0.2319f,0.8504f,-0.4722f,3.5767f,-0.597f,0.2589f,0.7594f,1.2029f,0f,0f,0f,1f],start_interpolation: 0,interpolation_duration: 1}
$data merge entity $(left_hand) {transformation: [0.0874f,0.7013f,0.7075f,0.7513f,-0.5993f,0.6043f,-0.525f,3.9216f,-0.7958f,-0.3781f,0.4731f,0.9876f,0f,0f,0f,1f],start_interpolation: 0,interpolation_duration: 1}
$data merge entity $(left_forearm) {transformation: [-1.0254f,0.8968f,-0.2038f,2.0518f,0.5158f,0.3081f,-1.2394f,4.362f,-0.7614f,-0.999f,-0.5652f,-0.569f,0f,0f,0f,1f],start_interpolation: 0,interpolation_duration: 1}
$data merge entity $(left_shoulder) {transformation: [-1.3006f,-0.6362f,0.2316f,1.0065f,-0.5976f,1.3145f,0.2547f,5.836f,-0.3181f,0.1315f,-1.4253f,-0.4269f,0f,0f,0f,1f],start_interpolation: 0,interpolation_duration: 1}
$data merge entity $(left_arm) {transformation: [-1f,0f,0f,0.4426f,0f,0.8827f,0.4699f,6.0957f,0f,0.4699f,-0.8827f,-0.2983f,0f,0f,0f,1f],start_interpolation: 0,interpolation_duration: 1}
$data merge entity $(chest) {transformation: [-1.2785f,0f,0f,0f,0f,1.1286f,0.6007f,4.5177f,0f,0.6007f,-1.1286f,-1.1774f,0f,0f,0f,1f],start_interpolation: 0,interpolation_duration: 1}
data modify storage animated_java:temp entry.data merge value {"locators":{"consume":{"px":-2.4801249372,"py":2.4622026812,"pz":-1.2765751859,"ry":315.5066598786,"rx":-0.032018829}}}
# Data Manager: Prepare for Read / Write
execute store result storage animated_java:temp args.id int 1 run scoreboard players get @s aj.id
# Data Manager: Write
function animated_java:global/data_manager/write with storage animated_java:temp args