# This file was generated by Animated Java via MC-Build. It is not recommended to edit this file directly.
$data merge entity $(neck) {transformation: [-1f,0f,0f,0f,0f,0.9832f,0.1823f,6.115f,0f,0.1823f,-0.9832f,-0.2678f,0f,0f,0f,1f],start_interpolation: 0,interpolation_duration: 1}
$data merge entity $(right_thumb_2) {transformation: [-0.6545f,0.2825f,-0.7013f,-2.0984f,0.4005f,0.9163f,-0.0047f,2.8507f,0.6412f,-0.2839f,-0.7129f,-1.1583f,0f,0f,0f,1f],start_interpolation: 0,interpolation_duration: 1}
$data merge entity $(right_thumb) {transformation: [-0.6545f,-0.2028f,-0.7283f,-2.2504f,0.4005f,0.7241f,-0.5615f,3.151f,0.6412f,-0.6592f,-0.3927f,-1.2698f,0f,0f,0f,1f],start_interpolation: 0,interpolation_duration: 1}
$data merge entity $(right_fingers2) {transformation: [-0.5327f,-0.4738f,-0.7013f,-2.5218f,-0.6612f,0.7502f,-0.0047f,2.3744f,0.5283f,0.4611f,-0.7129f,-1.1107f,0f,0f,0f,1f],start_interpolation: 0,interpolation_duration: 1}
$data merge entity $(right_fingers) {transformation: [-0.7126f,-0.0206f,-0.7013f,-2.5529f,-0.0242f,0.9997f,-0.0047f,2.6585f,0.7011f,0.0136f,-0.7129f,-1.0923f,0f,0f,0f,1f],start_interpolation: 0,interpolation_duration: 1}
$data merge entity $(scout) {transformation: [0f,0f,0f,-2.499f,0f,0f,0f,2.6281f,0f,0f,0f,-1.2947f,0f,0f,0f,1f],start_interpolation: 0,interpolation_duration: 1}
$data merge entity $(right_hand) {transformation: [-0.6545f,0.2825f,-0.7013f,-2.4071f,0.4005f,0.9163f,-0.0047f,3.2191f,0.6412f,-0.2839f,-0.7129f,-1.3014f,0f,0f,0f,1f],start_interpolation: 0,interpolation_duration: 1}
$data merge entity $(right_forearm) {transformation: [-1.1923f,0.3891f,0.5694f,-1.7508f,0.1597f,1.262f,-0.5281f,5.0938f,-0.6709f,-0.3911f,-1.1376f,-1.9039f,0f,0f,0f,1f],start_interpolation: 0,interpolation_duration: 1}
$data merge entity $(right_shoulder) {transformation: [-1.4042f,0.3731f,-0.1974f,-1.0065f,-0.015f,0.6412f,1.3185f,5.8362f,0.4219f,1.2647f,-0.6102f,-0.4274f,0f,0f,0f,1f],start_interpolation: 0,interpolation_duration: 1}
$data merge entity $(right_arm) {transformation: [-1f,0f,0f,-0.4425f,0f,0.8829f,0.4696f,6.096f,0f,0.4696f,-0.8829f,-0.2988f,0f,0f,0f,1f],start_interpolation: 0,interpolation_duration: 1}
$data merge entity $(left_thumb_2) {transformation: [-0.1711f,0.5627f,0.8088f,0.3068f,-0.5664f,0.6155f,-0.5481f,3.8787f,-0.8062f,-0.5518f,0.2133f,0.7579f,0f,0f,0f,1f],start_interpolation: 0,interpolation_duration: 1}
$data merge entity $(left_thumb) {transformation: [-0.1711f,0.9772f,-0.1257f,0.6483f,-0.5664f,-0.2019f,-0.799f,3.909f,-0.8062f,-0.0656f,0.588f,0.8481f,0f,0f,0f,1f],start_interpolation: 0,interpolation_duration: 1}
$data merge entity $(left_fingers2) {transformation: [0.8897f,0.0903f,0.4476f,0.1767f,0.1493f,0.8688f,-0.4721f,3.3313f,-0.4315f,0.4868f,0.7595f,1.1066f,0f,0f,0f,1f],start_interpolation: 0,interpolation_duration: 1}
$data merge entity $(left_fingers) {transformation: [0.7681f,0.4578f,0.4476f,0.2888f,-0.2318f,0.8505f,-0.4721f,3.5767f,-0.5968f,0.2589f,0.7595f,1.2028f,0f,0f,0f,1f],start_interpolation: 0,interpolation_duration: 1}
$data merge entity $(left_hand) {transformation: [0.0876f,0.7013f,0.7075f,0.7512f,-0.5993f,0.6044f,-0.5249f,3.9217f,-0.7957f,-0.378f,0.4732f,0.9876f,0f,0f,0f,1f],start_interpolation: 0,interpolation_duration: 1}
$data merge entity $(left_forearm) {transformation: [-1.0254f,0.8968f,-0.2035f,2.0518f,0.5155f,0.3082f,-1.2395f,4.3622f,-0.7615f,-0.9989f,-0.5651f,-0.569f,0f,0f,0f,1f],start_interpolation: 0,interpolation_duration: 1}
$data merge entity $(left_shoulder) {transformation: [-1.3006f,-0.6362f,0.2316f,1.0065f,-0.5977f,1.3145f,0.2542f,5.8362f,-0.3179f,0.1311f,-1.4253f,-0.4274f,0f,0f,0f,1f],start_interpolation: 0,interpolation_duration: 1}
$data merge entity $(left_arm) {transformation: [-1f,0f,0f,0.4426f,0f,0.8829f,0.4696f,6.096f,0f,0.4696f,-0.8829f,-0.2988f,0f,0f,0f,1f],start_interpolation: 0,interpolation_duration: 1}
$data merge entity $(chest) {transformation: [-1.2785f,0f,0f,0f,0f,1.1288f,0.6004f,4.5177f,0f,0.6004f,-1.1288f,-1.1774f,0f,0f,0f,1f],start_interpolation: 0,interpolation_duration: 1}
data modify storage animated_java:temp entry.data merge value {"locators":{"consume":{"px":-2.4840320109,"py":2.4637837723,"pz":-1.2542887249,"ry":315.4707574235,"rx":-0.2692027281}}}
# Data Manager: Prepare for Read / Write
execute store result storage animated_java:temp args.id int 1 run scoreboard players get @s aj.id
# Data Manager: Write
function animated_java:global/data_manager/write with storage animated_java:temp args