# This file was generated by Animated Java via MC-Build. It is not recommended to edit this file directly.
$data merge entity $(neck) {transformation: [-1f,0f,0f,0f,0f,0.9727f,0.2319f,6.0669f,0f,0.2319f,-0.9727f,-0.1881f,0f,0f,0f,1f],start_interpolation: 0,interpolation_duration: 1}
$data merge entity $(right_thumb_2) {transformation: [-0.6402f,0.3013f,-0.7067f,-2.1362f,0.4412f,0.8973f,-0.0171f,2.8715f,0.6289f,-0.3227f,-0.7073f,-1.0139f,0f,0f,0f,1f],start_interpolation: 0,interpolation_duration: 1}
$data merge entity $(right_thumb) {transformation: [-0.6402f,-0.1911f,-0.7441f,-2.2821f,0.4412f,0.7015f,-0.5597f,3.1705f,0.6289f,-0.6866f,-0.3647f,-1.1364f,0f,0f,0f,1f],start_interpolation: 0,interpolation_duration: 1}
$data merge entity $(right_fingers2) {transformation: [-0.5436f,-0.4528f,-0.7067f,-2.5701f,-0.6267f,0.779f,-0.0171f,2.4075f,0.5583f,0.4336f,-0.7073f,-0.9442f,0f,0f,0f,1f],start_interpolation: 0,interpolation_duration: 1}
$data merge entity $(right_fingers) {transformation: [-0.7075f,0.0026f,-0.7067f,-2.5945f,0.0207f,0.9996f,-0.0171f,2.6928f,0.7064f,-0.0267f,-0.7073f,-0.937f,0f,0f,0f,1f],start_interpolation: 0,interpolation_duration: 1}
$data merge entity $(scout) {transformation: [0f,0f,0f,-2.5429f,0f,0f,0f,2.653f,0f,0f,0f,-1.1384f,0f,0f,0f,1f],start_interpolation: 0,interpolation_duration: 1}
$data merge entity $(right_hand) {transformation: [-0.6402f,0.3013f,-0.7067f,-2.4374f,0.4412f,0.8973f,-0.0171f,3.2409f,0.6289f,-0.3227f,-0.7073f,-1.1697f,0f,0f,0f,1f],start_interpolation: 0,interpolation_duration: 1}
$data merge entity $(right_forearm) {transformation: [-1.1934f,0.415f,0.5482f,-1.7428f,0.1603f,1.2358f,-0.5866f,5.074f,-0.6687f,-0.4445f,-1.1191f,-1.8519f,0f,0f,0f,1f],start_interpolation: 0,interpolation_duration: 1}
$data merge entity $(right_shoulder) {transformation: [-1.4042f,0.3662f,-0.2099f,-1.0065f,-0.0363f,0.6216f,1.3274f,5.7966f,0.4206f,1.2764f,-0.5862f,-0.3616f,0f,0f,0f,1f],start_interpolation: 0,interpolation_duration: 1}
$data merge entity $(right_arm) {transformation: [-1f,0f,0f,-0.4425f,0f,0.858f,0.5137f,6.0495f,0f,0.5137f,-0.858f,-0.22f,0f,0f,0f,1f],start_interpolation: 0,interpolation_duration: 1}
$data merge entity $(left_thumb_2) {transformation: [-0.2024f,0.5686f,0.7973f,0.3203f,-0.5508f,0.6071f,-0.5728f,3.8786f,-0.8098f,-0.5551f,0.1903f,0.7774f,0f,0f,0f,1f],start_interpolation: 0,interpolation_duration: 1}
$data merge entity $(left_thumb) {transformation: [-0.2024f,0.9698f,-0.1362f,0.6642f,-0.5508f,-0.2277f,-0.803f,3.8983f,-0.8098f,-0.0875f,0.5802f,0.8611f,0f,0f,0f,1f],start_interpolation: 0,interpolation_duration: 1}
$data merge entity $(left_fingers2) {transformation: [0.8849f,0.1238f,0.4491f,0.1819f,0.1306f,0.8595f,-0.4942f,3.3303f,-0.4472f,0.4959f,0.7444f,1.1217f,0f,0f,0f,1f],start_interpolation: 0,interpolation_duration: 1}
$data merge entity $(left_fingers) {transformation: [0.7497f,0.4861f,0.4491f,0.3026f,-0.2449f,0.8342f,-0.4942f,3.5713f,-0.6148f,0.2605f,0.7444f,1.2187f,0f,0f,0f,1f],start_interpolation: 0,interpolation_duration: 1}
$data merge entity $(left_hand) {transformation: [0.0555f,0.7102f,0.7018f,0.7701f,-0.5909f,0.5899f,-0.5503f,3.9064f,-0.8048f,-0.3842f,0.4524f,0.9987f,0f,0f,0f,1f],start_interpolation: 0,interpolation_duration: 1}
$data merge entity $(left_forearm) {transformation: [-1.0254f,0.8854f,-0.2486f,2.0518f,0.5534f,0.2967f,-1.2259f,4.3316f,-0.7345f,-1.0125f,-0.5766f,-0.5776f,0f,0f,0f,1f],start_interpolation: 0,interpolation_duration: 1}
$data merge entity $(left_shoulder) {transformation: [-1.3006f,-0.6362f,0.2316f,1.0065f,-0.5809f,1.3062f,0.3261f,5.7966f,-0.3478f,0.1975f,-1.4106f,-0.3616f,0f,0f,0f,1f],start_interpolation: 0,interpolation_duration: 1}
$data merge entity $(left_arm) {transformation: [-1f,0f,0f,0.4426f,0f,0.858f,0.5137f,6.0495f,0f,0.5137f,-0.858f,-0.22f,0f,0f,0f,1f],start_interpolation: 0,interpolation_duration: 1}
$data merge entity $(chest) {transformation: [-1.2785f,0f,0f,0f,0f,1.097f,0.6567f,4.5177f,0f,0.6567f,-1.097f,-1.1774f,0f,0f,0f,1f],start_interpolation: 0,interpolation_duration: 1}
data modify storage animated_java:temp entry.data merge value {"locators":{"consume":{"px":-2.531363491,"py":2.4900996424,"pz":-1.0914786238,"ry":315.0261127676,"rx":-0.9769550894}}}
# Data Manager: Prepare for Read / Write
execute store result storage animated_java:temp args.id int 1 run scoreboard players get @s aj.id
# Data Manager: Write
function animated_java:global/data_manager/write with storage animated_java:temp args