# This file was generated by Animated Java via MC-Build. It is not recommended to edit this file directly.
$data merge entity $(neck) {transformation: [-1f,0f,0f,0f,0f,0.9833f,0.1822f,6.1151f,0f,0.1822f,-0.9833f,-0.268f,0f,0f,0f,1f],start_interpolation: 0,interpolation_duration: 1}
$data merge entity $(right_thumb_2) {transformation: [-0.6534f,0.2841f,-0.7017f,-2.1015f,0.4065f,0.9136f,-0.0087f,2.8525f,0.6386f,-0.291f,-0.7124f,-1.1395f,0f,0f,0f,1f],start_interpolation: 0,interpolation_duration: 1}
$data merge entity $(right_thumb) {transformation: [-0.6534f,-0.2018f,-0.7296f,-2.253f,0.4065f,0.7195f,-0.5631f,3.1522f,0.6386f,-0.6645f,-0.3881f,-1.2531f,0f,0f,0f,1f],start_interpolation: 0,interpolation_duration: 1}
$data merge entity $(right_fingers2) {transformation: [-0.5336f,-0.4721f,-0.7017f,-2.5258f,-0.6562f,0.7545f,-0.0087f,2.3773f,0.5336f,0.4558f,-0.7124f,-1.0881f,0f,0f,0f,1f],start_interpolation: 0,interpolation_duration: 1}
$data merge entity $(right_fingers) {transformation: [-0.7122f,-0.0187f,-0.7017f,-2.5563f,-0.0177f,0.9998f,-0.0087f,2.6617f,0.7017f,0.0062f,-0.7124f,-1.0718f,0f,0f,0f,1f],start_interpolation: 0,interpolation_duration: 1}
$data merge entity $(scout) {transformation: [0f,0f,0f,-2.5026f,0f,0f,0f,2.6296f,0f,0f,0f,-1.274f,0f,0f,0f,1f],start_interpolation: 0,interpolation_duration: 1}
$data merge entity $(right_hand) {transformation: [-0.6534f,0.2841f,-0.7017f,-2.4096f,0.4065f,0.9136f,-0.0087f,3.2204f,0.6386f,-0.291f,-0.7124f,-1.2852f,0f,0f,0f,1f],start_interpolation: 0,interpolation_duration: 1}
$data merge entity $(right_forearm) {transformation: [-1.1924f,0.3913f,0.5677f,-1.7502f,0.1569f,1.2584f,-0.5376f,5.0893f,-0.6713f,-0.4007f,-1.1339f,-1.902f,0f,0f,0f,1f],start_interpolation: 0,interpolation_duration: 1}
$data merge entity $(right_shoulder) {transformation: [-1.4042f,0.3726f,-0.1984f,-1.0065f,-0.0149f,0.645f,1.3167f,5.8363f,0.4219f,1.263f,-0.6138f,-0.4275f,0f,0f,0f,1f],start_interpolation: 0,interpolation_duration: 1}
$data merge entity $(right_arm) {transformation: [-1f,0f,0f,-0.4425f,0f,0.8829f,0.4695f,6.0961f,0f,0.4695f,-0.8829f,-0.299f,0f,0f,0f,1f],start_interpolation: 0,interpolation_duration: 1}
$data merge entity $(left_thumb_2) {transformation: [-0.1711f,0.5627f,0.8088f,0.3068f,-0.5664f,0.6155f,-0.548f,3.8787f,-0.8062f,-0.5518f,0.2134f,0.7579f,0f,0f,0f,1f],start_interpolation: 0,interpolation_duration: 1}
$data merge entity $(left_thumb) {transformation: [-0.1711f,0.9772f,-0.1256f,0.6483f,-0.5664f,-0.2019f,-0.799f,3.909f,-0.8062f,-0.0655f,0.588f,0.8481f,0f,0f,0f,1f],start_interpolation: 0,interpolation_duration: 1}
$data merge entity $(left_fingers2) {transformation: [0.8897f,0.0902f,0.4476f,0.1767f,0.1494f,0.8688f,-0.472f,3.3313f,-0.4315f,0.4868f,0.7595f,1.1066f,0f,0f,0f,1f],start_interpolation: 0,interpolation_duration: 1}
$data merge entity $(left_fingers) {transformation: [0.7682f,0.4578f,0.4476f,0.2887f,-0.2318f,0.8505f,-0.472f,3.5767f,-0.5968f,0.2589f,0.7595f,1.2028f,0f,0f,0f,1f],start_interpolation: 0,interpolation_duration: 1}
$data merge entity $(left_hand) {transformation: [0.0877f,0.7013f,0.7075f,0.7512f,-0.5993f,0.6044f,-0.5248f,3.9218f,-0.7957f,-0.378f,0.4733f,0.9875f,0f,0f,0f,1f],start_interpolation: 0,interpolation_duration: 1}
$data merge entity $(left_forearm) {transformation: [-1.0254f,0.8969f,-0.2034f,2.0518f,0.5155f,0.3082f,-1.2395f,4.3623f,-0.7616f,-0.9989f,-0.5651f,-0.569f,0f,0f,0f,1f],start_interpolation: 0,interpolation_duration: 1}
$data merge entity $(left_shoulder) {transformation: [-1.3006f,-0.6362f,0.2316f,1.0065f,-0.5978f,1.3145f,0.2541f,5.8363f,-0.3178f,0.131f,-1.4254f,-0.4275f,0f,0f,0f,1f],start_interpolation: 0,interpolation_duration: 1}
$data merge entity $(left_arm) {transformation: [-1f,0f,0f,0.4426f,0f,0.8829f,0.4695f,6.0961f,0f,0.4695f,-0.8829f,-0.299f,0f,0f,0f,1f],start_interpolation: 0,interpolation_duration: 1}
$data merge entity $(chest) {transformation: [-1.2785f,0f,0f,0f,0f,1.1289f,0.6002f,4.5177f,0f,0.6002f,-1.1289f,-1.1774f,0f,0f,0f,1f],start_interpolation: 0,interpolation_duration: 1}
data modify storage animated_java:temp entry.data merge value {"locators":{"consume":{"px":-2.4879479979,"py":2.4655618981,"pz":-1.2323470225,"ry":315.4337547639,"rx":-0.4987104386}}}
# Data Manager: Prepare for Read / Write
execute store result storage animated_java:temp args.id int 1 run scoreboard players get @s aj.id
# Data Manager: Write
function animated_java:global/data_manager/write with storage animated_java:temp args