# This file was generated by Animated Java via MC-Build. It is not recommended to edit this file directly.
$data merge entity $(neck) {transformation: [-1f,0f,0f,0f,0f,0.9832f,0.1823f,6.115f,0f,0.1823f,-0.9832f,-0.2678f,0f,0f,0f,1f],start_interpolation: 0,interpolation_duration: 1}
$data merge entity $(right_thumb_2) {transformation: [-0.6522f,0.2856f,-0.7021f,-2.1046f,0.4124f,0.9109f,-0.0126f,2.8544f,0.636f,-0.2977f,-0.7119f,-1.1211f,0f,0f,0f,1f],start_interpolation: 0,interpolation_duration: 1}
$data merge entity $(right_thumb) {transformation: [-0.6522f,-0.2009f,-0.7309f,-2.2556f,0.4124f,0.715f,-0.5645f,3.1535f,0.636f,-0.6696f,-0.3836f,-1.2368f,0f,0f,0f,1f],start_interpolation: 0,interpolation_duration: 1}
$data merge entity $(right_fingers2) {transformation: [-0.5345f,-0.4704f,-0.7021f,-2.5298f,-0.6513f,0.7587f,-0.0126f,2.3804f,0.5386f,0.4506f,-0.7119f,-1.066f,0f,0f,0f,1f],start_interpolation: 0,interpolation_duration: 1}
$data merge entity $(right_fingers) {transformation: [-0.7118f,-0.0168f,-0.7021f,-2.5598f,-0.0112f,0.9999f,-0.0126f,2.6649f,0.7023f,-0.0011f,-0.7119f,-1.0517f,0f,0f,0f,1f],start_interpolation: 0,interpolation_duration: 1}
$data merge entity $(scout) {transformation: [0f,0f,0f,-2.5062f,0f,0f,0f,2.6313f,0f,0f,0f,-1.2537f,0f,0f,0f,1f],start_interpolation: 0,interpolation_duration: 1}
$data merge entity $(right_hand) {transformation: [-0.6522f,0.2856f,-0.7021f,-2.4121f,0.4124f,0.9109f,-0.0126f,3.2218f,0.636f,-0.2977f,-0.7119f,-1.2692f,0f,0f,0f,1f],start_interpolation: 0,interpolation_duration: 1}
$data merge entity $(right_forearm) {transformation: [-1.1925f,0.3934f,0.566f,-1.7495f,0.1543f,1.2547f,-0.5469f,5.0849f,-0.6718f,-0.4101f,-1.1303f,-1.9f,0f,0f,0f,1f],start_interpolation: 0,interpolation_duration: 1}
$data merge entity $(right_shoulder) {transformation: [-1.4042f,0.372f,-0.1994f,-1.0065f,-0.015f,0.6484f,1.315f,5.8362f,0.4219f,1.2613f,-0.6172f,-0.4274f,0f,0f,0f,1f],start_interpolation: 0,interpolation_duration: 1}
$data merge entity $(right_arm) {transformation: [-1f,0f,0f,-0.4425f,0f,0.8829f,0.4696f,6.096f,0f,0.4696f,-0.8829f,-0.2988f,0f,0f,0f,1f],start_interpolation: 0,interpolation_duration: 1}
$data merge entity $(left_thumb_2) {transformation: [-0.1711f,0.5627f,0.8088f,0.3068f,-0.5664f,0.6155f,-0.5481f,3.8787f,-0.8062f,-0.5518f,0.2133f,0.7579f,0f,0f,0f,1f],start_interpolation: 0,interpolation_duration: 1}
$data merge entity $(left_thumb) {transformation: [-0.1711f,0.9772f,-0.1257f,0.6483f,-0.5664f,-0.2019f,-0.799f,3.909f,-0.8062f,-0.0656f,0.588f,0.8481f,0f,0f,0f,1f],start_interpolation: 0,interpolation_duration: 1}
$data merge entity $(left_fingers2) {transformation: [0.8897f,0.0903f,0.4476f,0.1767f,0.1493f,0.8688f,-0.4721f,3.3313f,-0.4315f,0.4868f,0.7595f,1.1066f,0f,0f,0f,1f],start_interpolation: 0,interpolation_duration: 1}
$data merge entity $(left_fingers) {transformation: [0.7681f,0.4578f,0.4476f,0.2888f,-0.2318f,0.8505f,-0.4721f,3.5767f,-0.5968f,0.2589f,0.7595f,1.2028f,0f,0f,0f,1f],start_interpolation: 0,interpolation_duration: 1}
$data merge entity $(left_hand) {transformation: [0.0876f,0.7013f,0.7075f,0.7512f,-0.5993f,0.6044f,-0.5249f,3.9217f,-0.7957f,-0.378f,0.4732f,0.9876f,0f,0f,0f,1f],start_interpolation: 0,interpolation_duration: 1}
$data merge entity $(left_forearm) {transformation: [-1.0254f,0.8968f,-0.2035f,2.0518f,0.5155f,0.3082f,-1.2395f,4.3622f,-0.7615f,-0.9989f,-0.5651f,-0.569f,0f,0f,0f,1f],start_interpolation: 0,interpolation_duration: 1}
$data merge entity $(left_shoulder) {transformation: [-1.3006f,-0.6362f,0.2316f,1.0065f,-0.5977f,1.3145f,0.2542f,5.8362f,-0.3179f,0.1311f,-1.4253f,-0.4274f,0f,0f,0f,1f],start_interpolation: 0,interpolation_duration: 1}
$data merge entity $(left_arm) {transformation: [-1f,0f,0f,0.4426f,0f,0.8829f,0.4696f,6.096f,0f,0.4696f,-0.8829f,-0.2988f,0f,0f,0f,1f],start_interpolation: 0,interpolation_duration: 1}
$data merge entity $(chest) {transformation: [-1.2785f,0f,0f,0f,0f,1.1288f,0.6004f,4.5177f,0f,0.6004f,-1.1288f,-1.1774f,0f,0f,0f,1f],start_interpolation: 0,interpolation_duration: 1}
data modify storage animated_java:temp entry.data merge value {"locators":{"consume":{"px":-2.4918486864,"py":2.4675131313,"pz":-1.2108859118,"ry":315.3959759799,"rx":-0.7191357803}}}
# Data Manager: Prepare for Read / Write
execute store result storage animated_java:temp args.id int 1 run scoreboard players get @s aj.id
# Data Manager: Write
function animated_java:global/data_manager/write with storage animated_java:temp args