# This file was generated by Animated Java via MC-Build. It is not recommended to edit this file directly.
$data merge entity $(neck) {transformation: [-1f,0f,0f,0f,0f,0.9832f,0.1827f,6.1147f,0f,0.1827f,-0.9832f,-0.2673f,0f,0f,0f,1f],start_interpolation: 0,interpolation_duration: 1}
$data merge entity $(right_thumb_2) {transformation: [-0.6511f,0.2871f,-0.7026f,-2.1077f,0.418f,0.9083f,-0.0162f,2.8564f,0.6335f,-0.3043f,-0.7114f,-1.1032f,0f,0f,0f,1f],start_interpolation: 0,interpolation_duration: 1}
$data merge entity $(right_thumb) {transformation: [-0.6511f,-0.1999f,-0.7322f,-2.2582f,0.418f,0.7107f,-0.5658f,3.155f,0.6335f,-0.6745f,-0.3792f,-1.2209f,0f,0f,0f,1f],start_interpolation: 0,interpolation_duration: 1}
$data merge entity $(right_fingers2) {transformation: [-0.5354f,-0.4687f,-0.7026f,-2.5337f,-0.6465f,0.7627f,-0.0162f,2.3836f,0.5435f,0.4455f,-0.7114f,-1.0445f,0f,0f,0f,1f],start_interpolation: 0,interpolation_duration: 1}
$data merge entity $(right_fingers) {transformation: [-0.7114f,-0.0149f,-0.7026f,-2.5632f,-0.005f,0.9999f,-0.0162f,2.6682f,0.7027f,-0.008f,-0.7114f,-1.0322f,0f,0f,0f,1f],start_interpolation: 0,interpolation_duration: 1}
$data merge entity $(scout) {transformation: [0f,0f,0f,-2.5098f,0f,0f,0f,2.6331f,0f,0f,0f,-1.234f,0f,0f,0f,1f],start_interpolation: 0,interpolation_duration: 1}
$data merge entity $(right_hand) {transformation: [-0.6511f,0.2871f,-0.7026f,-2.4146f,0.418f,0.9083f,-0.0162f,3.2233f,0.6335f,-0.3043f,-0.7114f,-1.2537f,0f,0f,0f,1f],start_interpolation: 0,interpolation_duration: 1}
$data merge entity $(right_forearm) {transformation: [-1.1926f,0.3955f,0.5643f,-1.7489f,0.1518f,1.251f,-0.5559f,5.0808f,-0.6721f,-0.4191f,-1.1268f,-1.8979f,0f,0f,0f,1f],start_interpolation: 0,interpolation_duration: 1}
$data merge entity $(right_shoulder) {transformation: [-1.4042f,0.3715f,-0.2005f,-1.0065f,-0.0151f,0.6516f,1.3134f,5.836f,0.4218f,1.2599f,-0.6202f,-0.4269f,0f,0f,0f,1f],start_interpolation: 0,interpolation_duration: 1}
$data merge entity $(right_arm) {transformation: [-1f,0f,0f,-0.4425f,0f,0.8827f,0.4699f,6.0957f,0f,0.4699f,-0.8827f,-0.2983f,0f,0f,0f,1f],start_interpolation: 0,interpolation_duration: 1}
$data merge entity $(left_thumb_2) {transformation: [-0.1713f,0.5627f,0.8087f,0.3069f,-0.5663f,0.6155f,-0.5482f,3.8787f,-0.8062f,-0.5519f,0.2132f,0.7581f,0f,0f,0f,1f],start_interpolation: 0,interpolation_duration: 1}
$data merge entity $(left_thumb) {transformation: [-0.1713f,0.9772f,-0.1257f,0.6484f,-0.5663f,-0.2021f,-0.7991f,3.9089f,-0.8062f,-0.0657f,0.5879f,0.8482f,0f,0f,0f,1f],start_interpolation: 0,interpolation_duration: 1}
$data merge entity $(left_fingers2) {transformation: [0.8896f,0.0905f,0.4476f,0.1767f,0.1492f,0.8688f,-0.4722f,3.3313f,-0.4316f,0.4869f,0.7594f,1.1067f,0f,0f,0f,1f],start_interpolation: 0,interpolation_duration: 1}
$data merge entity $(left_fingers) {transformation: [0.768f,0.458f,0.4476f,0.2888f,-0.2319f,0.8504f,-0.4722f,3.5767f,-0.597f,0.2589f,0.7594f,1.2029f,0f,0f,0f,1f],start_interpolation: 0,interpolation_duration: 1}
$data merge entity $(left_hand) {transformation: [0.0874f,0.7013f,0.7075f,0.7513f,-0.5993f,0.6043f,-0.525f,3.9216f,-0.7958f,-0.3781f,0.4731f,0.9876f,0f,0f,0f,1f],start_interpolation: 0,interpolation_duration: 1}
$data merge entity $(left_forearm) {transformation: [-1.0254f,0.8968f,-0.2038f,2.0518f,0.5158f,0.3081f,-1.2394f,4.362f,-0.7614f,-0.999f,-0.5652f,-0.569f,0f,0f,0f,1f],start_interpolation: 0,interpolation_duration: 1}
$data merge entity $(left_shoulder) {transformation: [-1.3006f,-0.6362f,0.2316f,1.0065f,-0.5976f,1.3145f,0.2547f,5.836f,-0.3181f,0.1315f,-1.4253f,-0.4269f,0f,0f,0f,1f],start_interpolation: 0,interpolation_duration: 1}
$data merge entity $(left_arm) {transformation: [-1f,0f,0f,0.4426f,0f,0.8827f,0.4699f,6.0957f,0f,0.4699f,-0.8827f,-0.2983f,0f,0f,0f,1f],start_interpolation: 0,interpolation_duration: 1}
$data merge entity $(chest) {transformation: [-1.2785f,0f,0f,0f,0f,1.1286f,0.6007f,4.5177f,0f,0.6007f,-1.1286f,-1.1774f,0f,0f,0f,1f],start_interpolation: 0,interpolation_duration: 1}
data modify storage animated_java:temp entry.data merge value {"locators":{"consume":{"px":-2.4957102412,"py":2.4696098247,"pz":-1.1900373262,"ry":315.3577616682,"rx":-0.9291348088}}}
# Data Manager: Prepare for Read / Write
execute store result storage animated_java:temp args.id int 1 run scoreboard players get @s aj.id
# Data Manager: Write
function animated_java:global/data_manager/write with storage animated_java:temp args