# This file was generated by Animated Java via MC-Build. It is not recommended to edit this file directly.
$data merge entity $(neck) {transformation: [-1f,0f,0f,0f,0f,0.9831f,0.1832f,6.1142f,0f,0.1832f,-0.9831f,-0.2664f,0f,0f,0f,1f],start_interpolation: 0,interpolation_duration: 1}
$data merge entity $(right_thumb_2) {transformation: [-0.65f,0.2886f,-0.703f,-2.1107f,0.4235f,0.9057f,-0.0197f,2.8584f,0.631f,-0.3105f,-0.7109f,-1.0859f,0f,0f,0f,1f],start_interpolation: 0,interpolation_duration: 1}
$data merge entity $(right_thumb) {transformation: [-0.65f,-0.199f,-0.7335f,-2.2608f,0.4235f,0.7066f,-0.567f,3.1565f,0.631f,-0.6791f,-0.375f,-1.2055f,0f,0f,0f,1f],start_interpolation: 0,interpolation_duration: 1}
$data merge entity $(right_fingers2) {transformation: [-0.5363f,-0.4671f,-0.703f,-2.5376f,-0.6419f,0.7666f,-0.0197f,2.3868f,0.5481f,0.4407f,-0.7109f,-1.0238f,0f,0f,0f,1f],start_interpolation: 0,interpolation_duration: 1}
$data merge entity $(right_fingers) {transformation: [-0.7111f,-0.0131f,-0.703f,-2.5665f,0.001f,0.9998f,-0.0197f,2.6716f,0.7031f,-0.0147f,-0.7109f,-1.0134f,0f,0f,0f,1f],start_interpolation: 0,interpolation_duration: 1}
$data merge entity $(scout) {transformation: [0f,0f,0f,-2.5133f,0f,0f,0f,2.6351f,0f,0f,0f,-1.215f,0f,0f,0f,1f],start_interpolation: 0,interpolation_duration: 1}
$data merge entity $(right_hand) {transformation: [-0.65f,0.2886f,-0.703f,-2.4171f,0.4235f,0.9057f,-0.0197f,3.2249f,0.631f,-0.3105f,-0.7109f,-1.2387f,0f,0f,0f,1f],start_interpolation: 0,interpolation_duration: 1}
$data merge entity $(right_forearm) {transformation: [-1.1927f,0.3976f,0.5626f,-1.7483f,0.1496f,1.2475f,-0.5644f,5.0768f,-0.6725f,-0.4277f,-1.1234f,-1.8957f,0f,0f,0f,1f],start_interpolation: 0,interpolation_duration: 1}
$data merge entity $(right_shoulder) {transformation: [-1.4042f,0.3709f,-0.2015f,-1.0065f,-0.0153f,0.6544f,1.312f,5.8356f,0.4218f,1.2585f,-0.6229f,-0.4262f,0f,0f,0f,1f],start_interpolation: 0,interpolation_duration: 1}
$data merge entity $(right_arm) {transformation: [-1f,0f,0f,-0.4425f,0f,0.8825f,0.4703f,6.0952f,0f,0.4703f,-0.8825f,-0.2975f,0f,0f,0f,1f],start_interpolation: 0,interpolation_duration: 1}
$data merge entity $(left_thumb_2) {transformation: [-0.1717f,0.5628f,0.8086f,0.307f,-0.5661f,0.6154f,-0.5485f,3.8788f,-0.8063f,-0.5519f,0.213f,0.7583f,0f,0f,0f,1f],start_interpolation: 0,interpolation_duration: 1}
$data merge entity $(left_thumb) {transformation: [-0.1717f,0.9771f,-0.1259f,0.6485f,-0.5661f,-0.2024f,-0.7991f,3.9088f,-0.8063f,-0.0659f,0.5879f,0.8483f,0f,0f,0f,1f],start_interpolation: 0,interpolation_duration: 1}
$data merge entity $(left_fingers2) {transformation: [0.8896f,0.0909f,0.4476f,0.1767f,0.149f,0.8687f,-0.4725f,3.3313f,-0.4318f,0.487f,0.7592f,1.1069f,0f,0f,0f,1f],start_interpolation: 0,interpolation_duration: 1}
$data merge entity $(left_fingers) {transformation: [0.7678f,0.4583f,0.4476f,0.289f,-0.2321f,0.8502f,-0.4725f,3.5766f,-0.5971f,0.2589f,0.7592f,1.2031f,0f,0f,0f,1f],start_interpolation: 0,interpolation_duration: 1}
$data merge entity $(left_hand) {transformation: [0.0871f,0.7014f,0.7074f,0.7515f,-0.5992f,0.6042f,-0.5253f,3.9215f,-0.7959f,-0.3781f,0.4729f,0.9877f,0f,0f,0f,1f],start_interpolation: 0,interpolation_duration: 1}
$data merge entity $(left_forearm) {transformation: [-1.0254f,0.8967f,-0.2042f,2.0518f,0.5162f,0.308f,-1.2393f,4.3617f,-0.7611f,-0.9991f,-0.5653f,-0.5691f,0f,0f,0f,1f],start_interpolation: 0,interpolation_duration: 1}
$data merge entity $(left_shoulder) {transformation: [-1.3006f,-0.6362f,0.2316f,1.0065f,-0.5975f,1.3144f,0.2555f,5.8356f,-0.3184f,0.1322f,-1.4251f,-0.4262f,0f,0f,0f,1f],start_interpolation: 0,interpolation_duration: 1}
$data merge entity $(left_arm) {transformation: [-1f,0f,0f,0.4426f,0f,0.8825f,0.4703f,6.0952f,0f,0.4703f,-0.8825f,-0.2975f,0f,0f,0f,1f],start_interpolation: 0,interpolation_duration: 1}
$data merge entity $(chest) {transformation: [-1.2785f,0f,0f,0f,0f,1.1283f,0.6013f,4.5177f,0f,0.6013f,-1.1283f,-1.1774f,0f,0f,0f,1f],start_interpolation: 0,interpolation_duration: 1}
data modify storage animated_java:temp entry.data merge value {"locators":{"consume":{"px":-2.4995093431,"py":2.4718211775,"pz":-1.1699284769,"ry":315.3194641968,"rx":-1.1274337905}}}
# Data Manager: Prepare for Read / Write
execute store result storage animated_java:temp args.id int 1 run scoreboard players get @s aj.id
# Data Manager: Write
function animated_java:global/data_manager/write with storage animated_java:temp args