# This file was generated by Animated Java via MC-Build. It is not recommended to edit this file directly.
$data merge entity $(neck) {transformation: [-1f,0f,0f,0f,0f,0.9829f,0.1839f,6.1135f,0f,0.1839f,-0.9829f,-0.2652f,0f,0f,0f,1f],start_interpolation: 0,interpolation_duration: 1}
$data merge entity $(right_thumb_2) {transformation: [-0.6488f,0.2901f,-0.7034f,-2.1137f,0.4287f,0.9032f,-0.0229f,2.8605f,0.6287f,-0.3164f,-0.7104f,-1.0693f,0f,0f,0f,1f],start_interpolation: 0,interpolation_duration: 1}
$data merge entity $(right_thumb) {transformation: [-0.6488f,-0.1981f,-0.7347f,-2.2633f,0.4287f,0.7026f,-0.568f,3.1582f,0.6287f,-0.6835f,-0.371f,-1.1907f,0f,0f,0f,1f],start_interpolation: 0,interpolation_duration: 1}
$data merge entity $(right_fingers2) {transformation: [-0.5371f,-0.4654f,-0.7034f,-2.5414f,-0.6374f,0.7702f,-0.0229f,2.3901f,0.5525f,0.4361f,-0.7104f,-1.004f,0f,0f,0f,1f],start_interpolation: 0,interpolation_duration: 1}
$data merge entity $(right_fingers) {transformation: [-0.7107f,-0.0113f,-0.7034f,-2.5698f,0.0068f,0.9997f,-0.0229f,2.675f,0.7035f,-0.0211f,-0.7104f,-0.9954f,0f,0f,0f,1f],start_interpolation: 0,interpolation_duration: 1}
$data merge entity $(scout) {transformation: [0f,0f,0f,-2.5168f,0f,0f,0f,2.6371f,0f,0f,0f,-1.1968f,0f,0f,0f,1f],start_interpolation: 0,interpolation_duration: 1}
$data merge entity $(right_hand) {transformation: [-0.6488f,0.2901f,-0.7034f,-2.4194f,0.4287f,0.9032f,-0.0229f,3.2266f,0.6287f,-0.3164f,-0.7104f,-1.2243f,0f,0f,0f,1f],start_interpolation: 0,interpolation_duration: 1}
$data merge entity $(right_forearm) {transformation: [-1.1928f,0.3996f,0.561f,-1.7477f,0.1474f,1.244f,-0.5726f,5.073f,-0.6728f,-0.4358f,-1.1201f,-1.8934f,0f,0f,0f,1f],start_interpolation: 0,interpolation_duration: 1}
$data merge entity $(right_shoulder) {transformation: [-1.4042f,0.3704f,-0.2024f,-1.0065f,-0.0157f,0.657f,1.3107f,5.835f,0.4218f,1.2574f,-0.6252f,-0.4253f,0f,0f,0f,1f],start_interpolation: 0,interpolation_duration: 1}
$data merge entity $(right_arm) {transformation: [-1f,0f,0f,-0.4425f,0f,0.8821f,0.471f,6.0945f,0f,0.471f,-0.8821f,-0.2963f,0f,0f,0f,1f],start_interpolation: 0,interpolation_duration: 1}
$data merge entity $(left_thumb_2) {transformation: [-0.1721f,0.5629f,0.8084f,0.3071f,-0.5659f,0.6152f,-0.5489f,3.8788f,-0.8063f,-0.5519f,0.2126f,0.7585f,0f,0f,0f,1f],start_interpolation: 0,interpolation_duration: 1}
$data merge entity $(left_thumb) {transformation: [-0.1721f,0.977f,-0.126f,0.6488f,-0.5659f,-0.2028f,-0.7992f,3.9087f,-0.8063f,-0.0662f,0.5877f,0.8485f,0f,0f,0f,1f],start_interpolation: 0,interpolation_duration: 1}
$data merge entity $(left_fingers2) {transformation: [0.8895f,0.0914f,0.4476f,0.1768f,0.1487f,0.8685f,-0.4728f,3.3313f,-0.432f,0.4871f,0.759f,1.1071f,0f,0f,0f,1f],start_interpolation: 0,interpolation_duration: 1}
$data merge entity $(left_fingers) {transformation: [0.7676f,0.4587f,0.4476f,0.2891f,-0.2323f,0.85f,-0.4728f,3.5766f,-0.5974f,0.2589f,0.759f,1.2033f,0f,0f,0f,1f],start_interpolation: 0,interpolation_duration: 1}
$data merge entity $(left_hand) {transformation: [0.0866f,0.7016f,0.7073f,0.7517f,-0.5991f,0.6039f,-0.5257f,3.9213f,-0.796f,-0.3782f,0.4726f,0.9879f,0f,0f,0f,1f],start_interpolation: 0,interpolation_duration: 1}
$data merge entity $(left_forearm) {transformation: [-1.0254f,0.8965f,-0.2049f,2.0518f,0.5168f,0.3078f,-1.2391f,4.3613f,-0.7607f,-0.9993f,-0.5655f,-0.5692f,0f,0f,0f,1f],start_interpolation: 0,interpolation_duration: 1}
$data merge entity $(left_shoulder) {transformation: [-1.3006f,-0.6362f,0.2316f,1.0065f,-0.5972f,1.3143f,0.2565f,5.835f,-0.3189f,0.1332f,-1.4249f,-0.4253f,0f,0f,0f,1f],start_interpolation: 0,interpolation_duration: 1}
$data merge entity $(left_arm) {transformation: [-1f,0f,0f,0.4426f,0f,0.8821f,0.471f,6.0945f,0f,0.471f,-0.8821f,-0.2963f,0f,0f,0f,1f],start_interpolation: 0,interpolation_duration: 1}
$data merge entity $(chest) {transformation: [-1.2785f,0f,0f,0f,0f,1.1279f,0.6022f,4.5177f,0f,0.6022f,-1.1279f,-1.1774f,0f,0f,0f,1f],start_interpolation: 0,interpolation_duration: 1}
data modify storage animated_java:temp entry.data merge value {"locators":{"consume":{"px":-2.5032233182,"py":2.4741138742,"pz":-1.1506810923,"ry":315.2814426595,"rx":-1.3128365631}}}
# Data Manager: Prepare for Read / Write
execute store result storage animated_java:temp args.id int 1 run scoreboard players get @s aj.id
# Data Manager: Write
function animated_java:global/data_manager/write with storage animated_java:temp args