# This file was generated by Animated Java via MC-Build. It is not recommended to edit this file directly.
$data merge entity $(neck) {transformation: [-1f,0f,0f,0f,0f,0.9828f,0.1848f,6.1127f,0f,0.1848f,-0.9828f,-0.2637f,0f,0f,0f,1f],start_interpolation: 0,interpolation_duration: 1}
$data merge entity $(right_thumb_2) {transformation: [-0.6478f,0.2915f,-0.7039f,-2.1166f,0.4336f,0.9008f,-0.0259f,2.8627f,0.6264f,-0.3219f,-0.7099f,-1.0535f,0f,0f,0f,1f],start_interpolation: 0,interpolation_duration: 1}
$data merge entity $(right_thumb) {transformation: [-0.6478f,-0.1972f,-0.7359f,-2.2657f,0.4336f,0.6988f,-0.5689f,3.1598f,0.6264f,-0.6876f,-0.3672f,-1.1767f,0f,0f,0f,1f],start_interpolation: 0,interpolation_duration: 1}
$data merge entity $(right_fingers2) {transformation: [-0.538f,-0.4639f,-0.7039f,-2.545f,-0.6331f,0.7736f,-0.0259f,2.3934f,0.5565f,0.4317f,-0.7099f,-0.9852f,0f,0f,0f,1f],start_interpolation: 0,interpolation_duration: 1}
$data merge entity $(right_fingers) {transformation: [-0.7103f,-0.0095f,-0.7039f,-2.573f,0.0123f,0.9996f,-0.0259f,2.6784f,0.7038f,-0.027f,-0.7099f,-0.9783f,0f,0f,0f,1f],start_interpolation: 0,interpolation_duration: 1}
$data merge entity $(scout) {transformation: [0f,0f,0f,-2.5201f,0f,0f,0f,2.6392f,0f,0f,0f,-1.1795f,0f,0f,0f,1f],start_interpolation: 0,interpolation_duration: 1}
$data merge entity $(right_hand) {transformation: [-0.6478f,0.2915f,-0.7039f,-2.4218f,0.4336f,0.9008f,-0.0259f,3.2283f,0.6264f,-0.3219f,-0.7099f,-1.2105f,0f,0f,0f,1f],start_interpolation: 0,interpolation_duration: 1}
$data merge entity $(right_forearm) {transformation: [-1.1929f,0.4016f,0.5594f,-1.747f,0.1455f,1.2407f,-0.5803f,5.0696f,-0.673f,-0.4434f,-1.1169f,-1.891f,0f,0f,0f,1f],start_interpolation: 0,interpolation_duration: 1}
$data merge entity $(right_shoulder) {transformation: [-1.4042f,0.3699f,-0.2034f,-1.0065f,-0.0161f,0.6591f,1.3096f,5.8343f,0.4218f,1.2564f,-0.6272f,-0.424f,0f,0f,0f,1f],start_interpolation: 0,interpolation_duration: 1}
$data merge entity $(right_arm) {transformation: [-1f,0f,0f,-0.4425f,0f,0.8817f,0.4718f,6.0937f,0f,0.4718f,-0.8817f,-0.2948f,0f,0f,0f,1f],start_interpolation: 0,interpolation_duration: 1}
$data merge entity $(left_thumb_2) {transformation: [-0.1727f,0.563f,0.8082f,0.3074f,-0.5656f,0.6151f,-0.5494f,3.8788f,-0.8064f,-0.552f,0.2122f,0.7589f,0f,0f,0f,1f],start_interpolation: 0,interpolation_duration: 1}
$data merge entity $(left_thumb) {transformation: [-0.1727f,0.9769f,-0.1262f,0.649f,-0.5656f,-0.2033f,-0.7992f,3.9085f,-0.8064f,-0.0666f,0.5876f,0.8487f,0f,0f,0f,1f],start_interpolation: 0,interpolation_duration: 1}
$data merge entity $(left_fingers2) {transformation: [0.8895f,0.092f,0.4477f,0.1768f,0.1484f,0.8684f,-0.4732f,3.3313f,-0.4323f,0.4873f,0.7587f,1.1074f,0f,0f,0f,1f],start_interpolation: 0,interpolation_duration: 1}
$data merge entity $(left_fingers) {transformation: [0.7672f,0.4593f,0.4477f,0.2894f,-0.2325f,0.8497f,-0.4732f,3.5765f,-0.5977f,0.259f,0.7587f,1.2036f,0f,0f,0f,1f],start_interpolation: 0,interpolation_duration: 1}
$data merge entity $(left_hand) {transformation: [0.086f,0.7018f,0.7072f,0.7521f,-0.5989f,0.6037f,-0.5262f,3.921f,-0.7962f,-0.3783f,0.4722f,0.9881f,0f,0f,0f,1f],start_interpolation: 0,interpolation_duration: 1}
$data merge entity $(left_forearm) {transformation: [-1.0254f,0.8963f,-0.2058f,2.0518f,0.5175f,0.3076f,-1.2388f,4.3607f,-0.7602f,-0.9996f,-0.5658f,-0.5694f,0f,0f,0f,1f],start_interpolation: 0,interpolation_duration: 1}
$data merge entity $(left_shoulder) {transformation: [-1.3006f,-0.6362f,0.2316f,1.0065f,-0.5969f,1.3142f,0.2579f,5.8343f,-0.3194f,0.1345f,-1.4247f,-0.424f,0f,0f,0f,1f],start_interpolation: 0,interpolation_duration: 1}
$data merge entity $(left_arm) {transformation: [-1f,0f,0f,0.4426f,0f,0.8817f,0.4718f,6.0937f,0f,0.4718f,-0.8817f,-0.2948f,0f,0f,0f,1f],start_interpolation: 0,interpolation_duration: 1}
$data merge entity $(chest) {transformation: [-1.2785f,0f,0f,0f,0f,1.1273f,0.6032f,4.5177f,0f,0.6032f,-1.1273f,-1.1774f,0f,0f,0f,1f],start_interpolation: 0,interpolation_duration: 1}
data modify storage animated_java:temp entry.data merge value {"locators":{"consume":{"px":-2.5068302582,"py":2.4764527803,"pz":-1.1324107251,"ry":315.2440576339,"rx":-1.4842312457}}}
# Data Manager: Prepare for Read / Write
execute store result storage animated_java:temp args.id int 1 run scoreboard players get @s aj.id
# Data Manager: Write
function animated_java:global/data_manager/write with storage animated_java:temp args