# This file was generated by Animated Java via MC-Build. It is not recommended to edit this file directly.
$data merge entity $(neck) {transformation: [-1f,0f,0f,0f,0f,0.9826f,0.186f,6.1116f,0f,0.186f,-0.9826f,-0.2619f,0f,0f,0f,1f],start_interpolation: 0,interpolation_duration: 1}
$data merge entity $(right_thumb_2) {transformation: [-0.6467f,0.2929f,-0.7043f,-2.1194f,0.4381f,0.8984f,-0.0286f,2.8648f,0.6243f,-0.3271f,-0.7094f,-1.0387f,0f,0f,0f,1f],start_interpolation: 0,interpolation_duration: 1}
$data merge entity $(right_thumb) {transformation: [-0.6467f,-0.1963f,-0.737f,-2.268f,0.4381f,0.6954f,-0.5697f,3.1615f,0.6243f,-0.6913f,-0.3637f,-1.1634f,0f,0f,0f,1f],start_interpolation: 0,interpolation_duration: 1}
$data merge entity $(right_fingers2) {transformation: [-0.5388f,-0.4623f,-0.7043f,-2.5486f,-0.6291f,0.7768f,-0.0286f,2.3966f,0.5603f,0.4276f,-0.7094f,-0.9676f,0f,0f,0f,1f],start_interpolation: 0,interpolation_duration: 1}
$data merge entity $(right_fingers) {transformation: [-0.7099f,-0.0078f,-0.7043f,-2.576f,0.0174f,0.9994f,-0.0286f,2.6817f,0.7041f,-0.0326f,-0.7094f,-0.9622f,0f,0f,0f,1f],start_interpolation: 0,interpolation_duration: 1}
$data merge entity $(scout) {transformation: [0f,0f,0f,-2.5234f,0f,0f,0f,2.6413f,0f,0f,0f,-1.1632f,0f,0f,0f,1f],start_interpolation: 0,interpolation_duration: 1}
$data merge entity $(right_hand) {transformation: [-0.6467f,0.2929f,-0.7043f,-2.424f,0.4381f,0.8984f,-0.0286f,3.2301f,0.6243f,-0.3271f,-0.7094f,-1.1976f,0f,0f,0f,1f],start_interpolation: 0,interpolation_duration: 1}
$data merge entity $(right_forearm) {transformation: [-1.193f,0.4035f,0.5578f,-1.7465f,0.1439f,1.2375f,-0.5874f,5.0663f,-0.6733f,-0.4505f,-1.114f,-1.8885f,0f,0f,0f,1f],start_interpolation: 0,interpolation_duration: 1}
$data merge entity $(right_shoulder) {transformation: [-1.4042f,0.3694f,-0.2043f,-1.0065f,-0.0165f,0.661f,1.3087f,5.8334f,0.4218f,1.2556f,-0.6288f,-0.4225f,0f,0f,0f,1f],start_interpolation: 0,interpolation_duration: 1}
$data merge entity $(right_arm) {transformation: [-1f,0f,0f,-0.4425f,0f,0.8812f,0.4728f,6.0927f,0f,0.4728f,-0.8812f,-0.293f,0f,0f,0f,1f],start_interpolation: 0,interpolation_duration: 1}
$data merge entity $(left_thumb_2) {transformation: [-0.1734f,0.5632f,0.8079f,0.3076f,-0.5652f,0.6149f,-0.5499f,3.8788f,-0.8065f,-0.552f,0.2117f,0.7593f,0f,0f,0f,1f],start_interpolation: 0,interpolation_duration: 1}
$data merge entity $(left_thumb) {transformation: [-0.1734f,0.9767f,-0.1265f,0.6494f,-0.5652f,-0.2039f,-0.7993f,3.9083f,-0.8065f,-0.0671f,0.5874f,0.849f,0f,0f,0f,1f],start_interpolation: 0,interpolation_duration: 1}
$data merge entity $(left_fingers2) {transformation: [0.8894f,0.0928f,0.4477f,0.1769f,0.1479f,0.8682f,-0.4737f,3.3313f,-0.4326f,0.4875f,0.7584f,1.1077f,0f,0f,0f,1f],start_interpolation: 0,interpolation_duration: 1}
$data merge entity $(left_fingers) {transformation: [0.7668f,0.4599f,0.4477f,0.2896f,-0.2328f,0.8493f,-0.4737f,3.5764f,-0.5981f,0.259f,0.7584f,1.2039f,0f,0f,0f,1f],start_interpolation: 0,interpolation_duration: 1}
$data merge entity $(left_hand) {transformation: [0.0853f,0.702f,0.7071f,0.7525f,-0.5987f,0.6033f,-0.5268f,3.9207f,-0.7964f,-0.3784f,0.4718f,0.9884f,0f,0f,0f,1f],start_interpolation: 0,interpolation_duration: 1}
$data merge entity $(left_forearm) {transformation: [-1.0254f,0.8961f,-0.2068f,2.0518f,0.5184f,0.3073f,-1.2385f,4.36f,-0.7596f,-0.9999f,-0.566f,-0.5696f,0f,0f,0f,1f],start_interpolation: 0,interpolation_duration: 1}
$data merge entity $(left_shoulder) {transformation: [-1.3006f,-0.6362f,0.2316f,1.0065f,-0.5966f,1.314f,0.2595f,5.8334f,-0.3201f,0.136f,-1.4244f,-0.4225f,0f,0f,0f,1f],start_interpolation: 0,interpolation_duration: 1}
$data merge entity $(left_arm) {transformation: [-1f,0f,0f,0.4426f,0f,0.8812f,0.4728f,6.0927f,0f,0.4728f,-0.8812f,-0.293f,0f,0f,0f,1f],start_interpolation: 0,interpolation_duration: 1}
$data merge entity $(chest) {transformation: [-1.2785f,0f,0f,0f,0f,1.1266f,0.6045f,4.5177f,0f,0.6045f,-1.1266f,-1.1774f,0f,0f,0f,1f],start_interpolation: 0,interpolation_duration: 1}
data modify storage animated_java:temp entry.data merge value {"locators":{"consume":{"px":-2.5103091289,"py":2.4788016782,"pz":-1.1152261294,"ry":315.2076658482,"rx":-1.640596274}}}
# Data Manager: Prepare for Read / Write
execute store result storage animated_java:temp args.id int 1 run scoreboard players get @s aj.id
# Data Manager: Write
function animated_java:global/data_manager/write with storage animated_java:temp args