# This file was generated by Animated Java via MC-Build. It is not recommended to edit this file directly.
$data merge entity $(neck) {transformation: [-1f,0f,0f,0f,0f,0.982f,0.1888f,6.109f,0f,0.1888f,-0.982f,-0.2573f,0f,0f,0f,1f],start_interpolation: 0,interpolation_duration: 1}
$data merge entity $(right_thumb_2) {transformation: [-0.6447f,0.2955f,-0.705f,-2.1245f,0.4463f,0.8943f,-0.0332f,2.8688f,0.6206f,-0.336f,-0.7084f,-1.0121f,0f,0f,0f,1f],start_interpolation: 0,interpolation_duration: 1}
$data merge entity $(right_thumb) {transformation: [-0.6447f,-0.1947f,-0.7392f,-2.2724f,0.4463f,0.6893f,-0.5708f,3.1648f,0.6206f,-0.6979f,-0.3575f,-1.1395f,0f,0f,0f,1f],start_interpolation: 0,interpolation_duration: 1}
$data merge entity $(right_fingers2) {transformation: [-0.5403f,-0.4594f,-0.705f,-2.5552f,-0.6219f,0.7824f,-0.0332f,2.4028f,0.5669f,0.4205f,-0.7084f,-0.936f,0f,0f,0f,1f],start_interpolation: 0,interpolation_duration: 1}
$data merge entity $(right_fingers) {transformation: [-0.7092f,-0.0046f,-0.705f,-2.5817f,0.0265f,0.9991f,-0.0332f,2.688f,0.7045f,-0.0423f,-0.7084f,-0.9334f,0f,0f,0f,1f],start_interpolation: 0,interpolation_duration: 1}
$data merge entity $(scout) {transformation: [0f,0f,0f,-2.5294f,0f,0f,0f,2.6454f,0f,0f,0f,-1.134f,0f,0f,0f,1f],start_interpolation: 0,interpolation_duration: 1}
$data merge entity $(right_hand) {transformation: [-0.6447f,0.2955f,-0.705f,-2.4281f,0.4463f,0.8943f,-0.0332f,3.2336f,0.6206f,-0.336f,-0.7084f,-1.1742f,0f,0f,0f,1f],start_interpolation: 0,interpolation_duration: 1}
$data merge entity $(right_forearm) {transformation: [-1.1931f,0.407f,0.5549f,-1.7453f,0.1412f,1.2318f,-0.6f,5.0608f,-0.6735f,-0.4629f,-1.1087f,-1.8836f,0f,0f,0f,1f],start_interpolation: 0,interpolation_duration: 1}
$data merge entity $(right_shoulder) {transformation: [-1.4042f,0.3684f,-0.206f,-1.0065f,-0.0177f,0.6635f,1.3074f,5.8313f,0.4217f,1.2545f,-0.6309f,-0.4187f,0f,0f,0f,1f],start_interpolation: 0,interpolation_duration: 1}
$data merge entity $(right_arm) {transformation: [-1f,0f,0f,-0.4425f,0f,0.8798f,0.4753f,6.0902f,0f,0.4753f,-0.8798f,-0.2885f,0f,0f,0f,1f],start_interpolation: 0,interpolation_duration: 1}
$data merge entity $(left_thumb_2) {transformation: [-0.1752f,0.5636f,0.8073f,0.3083f,-0.5644f,0.6144f,-0.5514f,3.8788f,-0.8067f,-0.5522f,0.2104f,0.7604f,0f,0f,0f,1f],start_interpolation: 0,interpolation_duration: 1}
$data merge entity $(left_thumb) {transformation: [-0.1752f,0.9763f,-0.1271f,0.6502f,-0.5644f,-0.2054f,-0.7996f,3.9077f,-0.8067f,-0.0683f,0.587f,0.8498f,0f,0f,0f,1f],start_interpolation: 0,interpolation_duration: 1}
$data merge entity $(left_fingers2) {transformation: [0.8891f,0.0947f,0.4478f,0.1771f,0.1468f,0.8677f,-0.475f,3.3312f,-0.4335f,0.4881f,0.7576f,1.1085f,0f,0f,0f,1f],start_interpolation: 0,interpolation_duration: 1}
$data merge entity $(left_fingers) {transformation: [0.7658f,0.4616f,0.4478f,0.2903f,-0.2336f,0.8484f,-0.475f,3.5761f,-0.5991f,0.2591f,0.7576f,1.2048f,0f,0f,0f,1f],start_interpolation: 0,interpolation_duration: 1}
$data merge entity $(left_hand) {transformation: [0.0835f,0.7025f,0.7067f,0.7534f,-0.5983f,0.6025f,-0.5282f,3.9198f,-0.7969f,-0.3787f,0.4706f,0.989f,0f,0f,0f,1f],start_interpolation: 0,interpolation_duration: 1}
$data merge entity $(left_forearm) {transformation: [-1.0254f,0.8955f,-0.2094f,2.0518f,0.5205f,0.3067f,-1.2378f,4.3582f,-0.7581f,-1.0006f,-0.5667f,-0.57f,0f,0f,0f,1f],start_interpolation: 0,interpolation_duration: 1}
$data merge entity $(left_shoulder) {transformation: [-1.3006f,-0.6362f,0.2316f,1.0065f,-0.5957f,1.3136f,0.2636f,5.8313f,-0.3218f,0.1397f,-1.4236f,-0.4187f,0f,0f,0f,1f],start_interpolation: 0,interpolation_duration: 1}
$data merge entity $(left_arm) {transformation: [-1f,0f,0f,0.4426f,0f,0.8798f,0.4753f,6.0902f,0f,0.4753f,-0.8798f,-0.2885f,0f,0f,0f,1f],start_interpolation: 0,interpolation_duration: 1}
$data merge entity $(chest) {transformation: [-1.2785f,0f,0f,0f,0f,1.1249f,0.6078f,4.5177f,0f,0.6078f,-1.1249f,-1.1774f,0f,0f,0f,1f],start_interpolation: 0,interpolation_duration: 1}
data modify storage animated_java:temp entry.data merge value {"locators":{"consume":{"px":-2.5168034812,"py":2.4833837191,"pz":-1.0845120361,"ry":315.1392379072,"rx":-1.9046340876}}}
# Data Manager: Prepare for Read / Write
execute store result storage animated_java:temp args.id int 1 run scoreboard players get @s aj.id
# Data Manager: Write
function animated_java:global/data_manager/write with storage animated_java:temp args