# This file was generated by Animated Java via MC-Build. It is not recommended to edit this file directly.
$data merge entity $(neck) {transformation: [-1f,0f,0f,0f,0f,0.9817f,0.1905f,6.1074f,0f,0.1905f,-0.9817f,-0.2546f,0f,0f,0f,1f],start_interpolation: 0,interpolation_duration: 1}
$data merge entity $(right_thumb_2) {transformation: [-0.6438f,0.2967f,-0.7053f,-2.1269f,0.4498f,0.8925f,-0.0351f,2.8707f,0.6191f,-0.3398f,-0.708f,-1.0005f,0f,0f,0f,1f],start_interpolation: 0,interpolation_duration: 1}
$data merge entity $(right_thumb) {transformation: [-0.6438f,-0.194f,-0.7402f,-2.2743f,0.4498f,0.6867f,-0.5711f,3.1664f,0.6191f,-0.7006f,-0.3548f,-1.1291f,0f,0f,0f,1f],start_interpolation: 0,interpolation_duration: 1}
$data merge entity $(right_fingers2) {transformation: [-0.541f,-0.4581f,-0.7053f,-2.5583f,-0.6188f,0.7848f,-0.0351f,2.4056f,0.5696f,0.4175f,-0.708f,-0.9223f,0f,0f,0f,1f],start_interpolation: 0,interpolation_duration: 1}
$data merge entity $(right_fingers) {transformation: [-0.7089f,-0.0032f,-0.7053f,-2.5843f,0.0304f,0.9989f,-0.0351f,2.6909f,0.7047f,-0.0463f,-0.708f,-0.9209f,0f,0f,0f,1f],start_interpolation: 0,interpolation_duration: 1}
$data merge entity $(scout) {transformation: [0f,0f,0f,-2.5321f,0f,0f,0f,2.6474f,0f,0f,0f,-1.1213f,0f,0f,0f,1f],start_interpolation: 0,interpolation_duration: 1}
$data merge entity $(right_hand) {transformation: [-0.6438f,0.2967f,-0.7053f,-2.43f,0.4498f,0.8925f,-0.0351f,3.2352f,0.6191f,-0.3398f,-0.708f,-1.164f,0f,0f,0f,1f],start_interpolation: 0,interpolation_duration: 1}
$data merge entity $(right_forearm) {transformation: [-1.1932f,0.4087f,0.5535f,-1.7448f,0.1402f,1.2292f,-0.6053f,5.0585f,-0.6736f,-0.4681f,-1.1065f,-1.8811f,0f,0f,0f,1f],start_interpolation: 0,interpolation_duration: 1}
$data merge entity $(right_shoulder) {transformation: [-1.4042f,0.368f,-0.2068f,-1.0065f,-0.0185f,0.6642f,1.3071f,5.83f,0.4217f,1.2543f,-0.6314f,-0.4165f,0f,0f,0f,1f],start_interpolation: 0,interpolation_duration: 1}
$data merge entity $(right_arm) {transformation: [-1f,0f,0f,-0.4425f,0f,0.879f,0.4768f,6.0886f,0f,0.4768f,-0.879f,-0.2858f,0f,0f,0f,1f],start_interpolation: 0,interpolation_duration: 1}
$data merge entity $(left_thumb_2) {transformation: [-0.1762f,0.5638f,0.8069f,0.3087f,-0.5639f,0.6141f,-0.5522f,3.8789f,-0.8069f,-0.5523f,0.2097f,0.761f,0f,0f,0f,1f],start_interpolation: 0,interpolation_duration: 1}
$data merge entity $(left_thumb) {transformation: [-0.1762f,0.9761f,-0.1275f,0.6507f,-0.5639f,-0.2062f,-0.7997f,3.9074f,-0.8069f,-0.069f,0.5867f,0.8502f,0f,0f,0f,1f],start_interpolation: 0,interpolation_duration: 1}
$data merge entity $(left_fingers2) {transformation: [0.889f,0.0958f,0.4478f,0.1772f,0.1462f,0.8674f,-0.4757f,3.3312f,-0.434f,0.4884f,0.7571f,1.109f,0f,0f,0f,1f],start_interpolation: 0,interpolation_duration: 1}
$data merge entity $(left_fingers) {transformation: [0.7652f,0.4625f,0.4478f,0.2907f,-0.2341f,0.8479f,-0.4757f,3.576f,-0.5997f,0.2592f,0.7571f,1.2053f,0f,0f,0f,1f],start_interpolation: 0,interpolation_duration: 1}
$data merge entity $(left_hand) {transformation: [0.0824f,0.7028f,0.7066f,0.754f,-0.598f,0.602f,-0.5291f,3.9193f,-0.7972f,-0.3789f,0.4699f,0.9894f,0f,0f,0f,1f],start_interpolation: 0,interpolation_duration: 1}
$data merge entity $(left_forearm) {transformation: [-1.0254f,0.8951f,-0.2109f,2.0518f,0.5218f,0.3063f,-1.2374f,4.3572f,-0.7572f,-1.001f,-0.5671f,-0.5703f,0f,0f,0f,1f],start_interpolation: 0,interpolation_duration: 1}
$data merge entity $(left_shoulder) {transformation: [-1.3006f,-0.6362f,0.2316f,1.0065f,-0.5951f,1.3134f,0.266f,5.83f,-0.3228f,0.142f,-1.4232f,-0.4165f,0f,0f,0f,1f],start_interpolation: 0,interpolation_duration: 1}
$data merge entity $(left_arm) {transformation: [-1f,0f,0f,0.4426f,0f,0.879f,0.4768f,6.0886f,0f,0.4768f,-0.879f,-0.2858f,0f,0f,0f,1f],start_interpolation: 0,interpolation_duration: 1}
$data merge entity $(chest) {transformation: [-1.2785f,0f,0f,0f,0f,1.1238f,0.6097f,4.5177f,0f,0.6097f,-1.1238f,-1.1774f,0f,0f,0f,1f],start_interpolation: 0,interpolation_duration: 1}
data modify storage animated_java:temp entry.data merge value {"locators":{"consume":{"px":-2.5197821076,"py":2.485545843,"pz":-1.0711614353,"ry":315.1078488887,"rx":-2.010759992}}}
# Data Manager: Prepare for Read / Write
execute store result storage animated_java:temp args.id int 1 run scoreboard players get @s aj.id
# Data Manager: Write
function animated_java:global/data_manager/write with storage animated_java:temp args