# This file was generated by Animated Java via MC-Build. It is not recommended to edit this file directly.
$data merge entity $(neck) {transformation: [-1f,0f,0f,0f,0f,0.9722f,0.2342f,6.0645f,0f,0.2342f,-0.9722f,-0.1844f,0f,0f,0f,1f],start_interpolation: 0,interpolation_duration: 1}
$data merge entity $(right_thumb_2) {transformation: [-0.6407f,0.3006f,-0.7065f,-2.1347f,0.4368f,0.8994f,-0.0135f,2.87f,0.6314f,-0.3172f,-0.7076f,-1.0268f,0f,0f,0f,1f],start_interpolation: 0,interpolation_duration: 1}
$data merge entity $(right_thumb) {transformation: [-0.6407f,-0.1916f,-0.7435f,-2.2808f,0.4368f,0.7054f,-0.5582f,3.1695f,0.6314f,-0.6824f,-0.3683f,-1.1475f,0f,0f,0f,1f],start_interpolation: 0,interpolation_duration: 1}
$data merge entity $(right_fingers2) {transformation: [-0.5432f,-0.4537f,-0.7065f,-2.5682f,-0.6306f,0.776f,-0.0135f,2.4051f,0.5543f,0.4382f,-0.7076f,-0.96f,0f,0f,0f,1f],start_interpolation: 0,interpolation_duration: 1}
$data merge entity $(right_fingers) {transformation: [-0.7077f,0.0017f,-0.7065f,-2.5929f,0.0158f,0.9998f,-0.0135f,2.6904f,0.7063f,-0.0207f,-0.7076f,-0.9511f,0f,0f,0f,1f],start_interpolation: 0,interpolation_duration: 1}
$data merge entity $(scout) {transformation: [0f,0f,0f,-2.5412f,0f,0f,0f,2.6518f,0f,0f,0f,-1.1527f,0f,0f,0f,1f],start_interpolation: 0,interpolation_duration: 1}
$data merge entity $(right_hand) {transformation: [-0.6407f,0.3006f,-0.7065f,-2.4363f,0.4368f,0.8994f,-0.0135f,3.24f,0.6314f,-0.3172f,-0.7076f,-1.1804f,0f,0f,0f,1f],start_interpolation: 0,interpolation_duration: 1}
$data merge entity $(right_forearm) {transformation: [-1.1934f,0.414f,0.5491f,-1.7431f,0.1632f,1.2389f,-0.5794f,5.0779f,-0.668f,-0.4369f,-1.1225f,-1.8515f,0f,0f,0f,1f],start_interpolation: 0,interpolation_duration: 1}
$data merge entity $(right_shoulder) {transformation: [-1.4042f,0.3665f,-0.2094f,-1.0065f,-0.0373f,0.6168f,1.3297f,5.7946f,0.4205f,1.2787f,-0.5813f,-0.3585f,0f,0f,0f,1f],start_interpolation: 0,interpolation_duration: 1}
$data merge entity $(right_arm) {transformation: [-1f,0f,0f,-0.4425f,0f,0.8568f,0.5157f,6.0472f,0f,0.5157f,-0.8568f,-0.2164f,0f,0f,0f,1f],start_interpolation: 0,interpolation_duration: 1}
$data merge entity $(left_thumb_2) {transformation: [-0.2039f,0.5689f,0.7968f,0.321f,-0.55f,0.6067f,-0.5739f,3.8786f,-0.8099f,-0.5552f,0.1892f,0.7783f,0f,0f,0f,1f],start_interpolation: 0,interpolation_duration: 1}
$data merge entity $(left_thumb) {transformation: [-0.2039f,0.9694f,-0.1367f,0.665f,-0.55f,-0.2289f,-0.8032f,3.8978f,-0.8099f,-0.0886f,0.5799f,0.8618f,0f,0f,0f,1f],start_interpolation: 0,interpolation_duration: 1}
$data merge entity $(left_fingers2) {transformation: [0.8846f,0.1253f,0.4492f,0.1823f,0.1297f,0.859f,-0.4952f,3.3303f,-0.4479f,0.4963f,0.7437f,1.1224f,0f,0f,0f,1f],start_interpolation: 0,interpolation_duration: 1}
$data merge entity $(left_fingers) {transformation: [0.7488f,0.4874f,0.4492f,0.3033f,-0.2455f,0.8334f,-0.4952f,3.571f,-0.6157f,0.2605f,0.7437f,1.2195f,0f,0f,0f,1f],start_interpolation: 0,interpolation_duration: 1}
$data merge entity $(left_hand) {transformation: [0.054f,0.7106f,0.7015f,0.7711f,-0.5905f,0.5893f,-0.5514f,3.9056f,-0.8052f,-0.3845f,0.4514f,0.9992f,0f,0f,0f,1f],start_interpolation: 0,interpolation_duration: 1}
$data merge entity $(left_forearm) {transformation: [-1.0254f,0.8848f,-0.2507f,2.0518f,0.5552f,0.2962f,-1.2252f,4.3302f,-0.7331f,-1.0132f,-0.5772f,-0.5781f,0f,0f,0f,1f],start_interpolation: 0,interpolation_duration: 1}
$data merge entity $(left_shoulder) {transformation: [-1.3006f,-0.6362f,0.2316f,1.0065f,-0.5801f,1.3057f,0.3294f,5.7946f,-0.3492f,0.2006f,-1.4099f,-0.3585f,0f,0f,0f,1f],start_interpolation: 0,interpolation_duration: 1}
$data merge entity $(left_arm) {transformation: [-1f,0f,0f,0.4426f,0f,0.8568f,0.5157f,6.0472f,0f,0.5157f,-0.8568f,-0.2164f,0f,0f,0f,1f],start_interpolation: 0,interpolation_duration: 1}
$data merge entity $(chest) {transformation: [-1.2785f,0f,0f,0f,0f,1.0954f,0.6594f,4.5177f,0f,0.6594f,-1.0954f,-1.1774f,0f,0f,0f,1f],start_interpolation: 0,interpolation_duration: 1}
data modify storage animated_java:temp entry.data merge value {"locators":{"consume":{"px":-2.5295332594,"py":2.4886756142,"pz":-1.1067687767,"ry":315.0464812173,"rx":-0.7710012846}}}
# Data Manager: Prepare for Read / Write
execute store result storage animated_java:temp args.id int 1 run scoreboard players get @s aj.id
# Data Manager: Write
function animated_java:global/data_manager/write with storage animated_java:temp args