# This file was generated by Animated Java via MC-Build. It is not recommended to edit this file directly.
$data merge entity $(neck) {transformation: [-1f,0f,0f,0f,0f,0.9813f,0.1923f,6.1057f,0f,0.1923f,-0.9813f,-0.2517f,0f,0f,0f,1f],start_interpolation: 0,interpolation_duration: 1}
$data merge entity $(right_thumb_2) {transformation: [-0.6429f,0.2978f,-0.7057f,-2.1291f,0.4528f,0.8908f,-0.0366f,2.8724f,0.6177f,-0.3431f,-0.7076f,-0.9901f,0f,0f,0f,1f],start_interpolation: 0,interpolation_duration: 1}
$data merge entity $(right_thumb) {transformation: [-0.6429f,-0.1933f,-0.7411f,-2.2762f,0.4528f,0.6845f,-0.5714f,3.1678f,0.6177f,-0.703f,-0.3525f,-1.1197f,0f,0f,0f,1f],start_interpolation: 0,interpolation_duration: 1}
$data merge entity $(right_fingers2) {transformation: [-0.5416f,-0.4568f,-0.7057f,-2.5611f,-0.616f,0.7869f,-0.0366f,2.4082f,0.572f,0.4148f,-0.7076f,-0.9101f,0f,0f,0f,1f],start_interpolation: 0,interpolation_duration: 1}
$data merge entity $(right_fingers) {transformation: [-0.7085f,-0.0018f,-0.7057f,-2.5868f,0.0339f,0.9988f,-0.0366f,2.6935f,0.7048f,-0.0499f,-0.7076f,-0.9097f,0f,0f,0f,1f],start_interpolation: 0,interpolation_duration: 1}
$data merge entity $(scout) {transformation: [0f,0f,0f,-2.5347f,0f,0f,0f,2.6493f,0f,0f,0f,-1.11f,0f,0f,0f,1f],start_interpolation: 0,interpolation_duration: 1}
$data merge entity $(right_hand) {transformation: [-0.6429f,0.2978f,-0.7057f,-2.4318f,0.4528f,0.8908f,-0.0366f,3.2368f,0.6177f,-0.3431f,-0.7076f,-1.1548f,0f,0f,0f,1f],start_interpolation: 0,interpolation_duration: 1}
$data merge entity $(right_forearm) {transformation: [-1.1933f,0.4102f,0.5523f,-1.7443f,0.1395f,1.227f,-0.61f,5.0566f,-0.6737f,-0.4726f,-1.1045f,-1.8786f,0f,0f,0f,1f],start_interpolation: 0,interpolation_duration: 1}
$data merge entity $(right_shoulder) {transformation: [-1.4042f,0.3676f,-0.2076f,-1.0065f,-0.0192f,0.6645f,1.3069f,5.8286f,0.4217f,1.2543f,-0.6315f,-0.4141f,0f,0f,0f,1f],start_interpolation: 0,interpolation_duration: 1}
$data merge entity $(right_arm) {transformation: [-1f,0f,0f,-0.4425f,0f,0.8781f,0.4785f,6.087f,0f,0.4785f,-0.8781f,-0.2829f,0f,0f,0f,1f],start_interpolation: 0,interpolation_duration: 1}
$data merge entity $(left_thumb_2) {transformation: [-0.1774f,0.564f,0.8065f,0.3092f,-0.5633f,0.6138f,-0.5531f,3.8789f,-0.807f,-0.5524f,0.2088f,0.7617f,0f,0f,0f,1f],start_interpolation: 0,interpolation_duration: 1}
$data merge entity $(left_thumb) {transformation: [-0.1774f,0.9758f,-0.1279f,0.6512f,-0.5633f,-0.2072f,-0.7999f,3.907f,-0.807f,-0.0698f,0.5864f,0.8507f,0f,0f,0f,1f],start_interpolation: 0,interpolation_duration: 1}
$data merge entity $(left_fingers2) {transformation: [0.8888f,0.097f,0.4479f,0.1773f,0.1455f,0.867f,-0.4766f,3.3312f,-0.4345f,0.4887f,0.7565f,1.1095f,0f,0f,0f,1f],start_interpolation: 0,interpolation_duration: 1}
$data merge entity $(left_fingers) {transformation: [0.7645f,0.4636f,0.4479f,0.2912f,-0.2346f,0.8473f,-0.4766f,3.5758f,-0.6004f,0.2593f,0.7565f,1.2059f,0f,0f,0f,1f],start_interpolation: 0,interpolation_duration: 1}
$data merge entity $(left_hand) {transformation: [0.0812f,0.7032f,0.7063f,0.7547f,-0.5977f,0.6015f,-0.53f,3.9188f,-0.7976f,-0.3791f,0.4692f,0.9898f,0f,0f,0f,1f],start_interpolation: 0,interpolation_duration: 1}
$data merge entity $(left_forearm) {transformation: [-1.0254f,0.8947f,-0.2125f,2.0518f,0.5232f,0.3058f,-1.2369f,4.3561f,-0.7563f,-1.0015f,-0.5675f,-0.5706f,0f,0f,0f,1f],start_interpolation: 0,interpolation_duration: 1}
$data merge entity $(left_shoulder) {transformation: [-1.3006f,-0.6362f,0.2316f,1.0065f,-0.5945f,1.3131f,0.2686f,5.8286f,-0.3239f,0.1444f,-1.4227f,-0.4141f,0f,0f,0f,1f],start_interpolation: 0,interpolation_duration: 1}
$data merge entity $(left_arm) {transformation: [-1f,0f,0f,0.4426f,0f,0.8781f,0.4785f,6.087f,0f,0.4785f,-0.8781f,-0.2829f,0f,0f,0f,1f],start_interpolation: 0,interpolation_duration: 1}
$data merge entity $(chest) {transformation: [-1.2785f,0f,0f,0f,0f,1.1227f,0.6117f,4.5177f,0f,0.6117f,-1.1227f,-1.1774f,0f,0f,0f,1f],start_interpolation: 0,interpolation_duration: 1}
data modify storage animated_java:temp entry.data merge value {"locators":{"consume":{"px":-2.5225591033,"py":2.4875773908,"pz":-1.0592536365,"ry":315.0787378297,"rx":-2.0987697301}}}
# Data Manager: Prepare for Read / Write
execute store result storage animated_java:temp args.id int 1 run scoreboard players get @s aj.id
# Data Manager: Write
function animated_java:global/data_manager/write with storage animated_java:temp args