# This file was generated by Animated Java via MC-Build. It is not recommended to edit this file directly.
$data merge entity $(neck) {transformation: [-1f,0f,0f,0f,0f,0.981f,0.1943f,6.1038f,0f,0.1943f,-0.981f,-0.2485f,0f,0f,0f,1f],start_interpolation: 0,interpolation_duration: 1}
$data merge entity $(right_thumb_2) {transformation: [-0.6421f,0.2988f,-0.706f,-2.1312f,0.4555f,0.8894f,-0.0378f,2.874f,0.6166f,-0.3459f,-0.7072f,-0.981f,0f,0f,0f,1f],start_interpolation: 0,interpolation_duration: 1}
$data merge entity $(right_thumb) {transformation: [-0.6421f,-0.1927f,-0.742f,-2.2779f,0.4555f,0.6826f,-0.5715f,3.1692f,0.6166f,-0.7049f,-0.3505f,-1.1114f,0f,0f,0f,1f],start_interpolation: 0,interpolation_duration: 1}
$data merge entity $(right_fingers2) {transformation: [-0.5422f,-0.4557f,-0.706f,-2.5637f,-0.6136f,0.7887f,-0.0378f,2.4106f,0.574f,0.4126f,-0.7072f,-0.8995f,0f,0f,0f,1f],start_interpolation: 0,interpolation_duration: 1}
$data merge entity $(right_fingers) {transformation: [-0.7083f,-0.0005f,-0.706f,-2.589f,0.037f,0.9986f,-0.0378f,2.6959f,0.705f,-0.0529f,-0.7072f,-0.8998f,0f,0f,0f,1f],start_interpolation: 0,interpolation_duration: 1}
$data merge entity $(scout) {transformation: [0f,0f,0f,-2.5371f,0f,0f,0f,2.651f,0f,0f,0f,-1.1001f,0f,0f,0f,1f],start_interpolation: 0,interpolation_duration: 1}
$data merge entity $(right_hand) {transformation: [-0.6421f,0.2988f,-0.706f,-2.4334f,0.4555f,0.8894f,-0.0378f,3.2382f,0.6166f,-0.3459f,-0.7072f,-1.1466f,0f,0f,0f,1f],start_interpolation: 0,interpolation_duration: 1}
$data merge entity $(right_forearm) {transformation: [-1.1933f,0.4116f,0.5511f,-1.7439f,0.139f,1.2251f,-0.614f,5.055f,-0.6737f,-0.4764f,-1.1029f,-1.8762f,0f,0f,0f,1f],start_interpolation: 0,interpolation_duration: 1}
$data merge entity $(right_shoulder) {transformation: [-1.4042f,0.3672f,-0.2082f,-1.0065f,-0.0201f,0.6644f,1.3069f,5.827f,0.4216f,1.2544f,-0.6312f,-0.4114f,0f,0f,0f,1f],start_interpolation: 0,interpolation_duration: 1}
$data merge entity $(right_arm) {transformation: [-1f,0f,0f,-0.4425f,0f,0.8771f,0.4802f,6.0852f,0f,0.4802f,-0.8771f,-0.2797f,0f,0f,0f,1f],start_interpolation: 0,interpolation_duration: 1}
$data merge entity $(left_thumb_2) {transformation: [-0.1786f,0.5643f,0.806f,0.3097f,-0.5627f,0.6135f,-0.5541f,3.8789f,-0.8071f,-0.5525f,0.2079f,0.7625f,0f,0f,0f,1f],start_interpolation: 0,interpolation_duration: 1}
$data merge entity $(left_thumb) {transformation: [-0.1786f,0.9755f,-0.1283f,0.6518f,-0.5627f,-0.2082f,-0.8f,3.9066f,-0.8071f,-0.0707f,0.5861f,0.8512f,0f,0f,0f,1f],start_interpolation: 0,interpolation_duration: 1}
$data merge entity $(left_fingers2) {transformation: [0.8887f,0.0983f,0.4479f,0.1775f,0.1447f,0.8667f,-0.4774f,3.3312f,-0.4351f,0.4891f,0.7559f,1.1101f,0f,0f,0f,1f],start_interpolation: 0,interpolation_duration: 1}
$data merge entity $(left_fingers) {transformation: [0.7638f,0.4647f,0.4479f,0.2917f,-0.2351f,0.8466f,-0.4774f,3.5756f,-0.6011f,0.2594f,0.7559f,1.2065f,0f,0f,0f,1f],start_interpolation: 0,interpolation_duration: 1}
$data merge entity $(left_hand) {transformation: [0.08f,0.7036f,0.7061f,0.7554f,-0.5974f,0.6009f,-0.5311f,3.9182f,-0.7979f,-0.3794f,0.4684f,0.9902f,0f,0f,0f,1f],start_interpolation: 0,interpolation_duration: 1}
$data merge entity $(left_forearm) {transformation: [-1.0254f,0.8943f,-0.2143f,2.0518f,0.5247f,0.3053f,-1.2363f,4.3549f,-0.7552f,-1.0021f,-0.568f,-0.5709f,0f,0f,0f,1f],start_interpolation: 0,interpolation_duration: 1}
$data merge entity $(left_shoulder) {transformation: [-1.3006f,-0.6362f,0.2316f,1.0065f,-0.5938f,1.3128f,0.2715f,5.827f,-0.3251f,0.147f,-1.4221f,-0.4114f,0f,0f,0f,1f],start_interpolation: 0,interpolation_duration: 1}
$data merge entity $(left_arm) {transformation: [-1f,0f,0f,0.4426f,0f,0.8771f,0.4802f,6.0852f,0f,0.4802f,-0.8771f,-0.2797f,0f,0f,0f,1f],start_interpolation: 0,interpolation_duration: 1}
$data merge entity $(chest) {transformation: [-1.2785f,0f,0f,0f,0f,1.1215f,0.614f,4.5177f,0f,0.614f,-1.1215f,-1.1774f,0f,0f,0f,1f],start_interpolation: 0,interpolation_duration: 1}
data modify storage animated_java:temp entry.data merge value {"locators":{"consume":{"px":-2.5251190961,"py":2.4894479384,"pz":-1.0488564829,"ry":315.0521666743,"rx":-2.1681597615}}}
# Data Manager: Prepare for Read / Write
execute store result storage animated_java:temp args.id int 1 run scoreboard players get @s aj.id
# Data Manager: Write
function animated_java:global/data_manager/write with storage animated_java:temp args