# This file was generated by Animated Java via MC-Build. It is not recommended to edit this file directly.
$data merge entity $(neck) {transformation: [-1f,0f,0f,0f,0f,0.9805f,0.1964f,6.1018f,0f,0.1964f,-0.9805f,-0.2451f,0f,0f,0f,1f],start_interpolation: 0,interpolation_duration: 1}
$data merge entity $(right_thumb_2) {transformation: [-0.6414f,0.2998f,-0.7062f,-2.133f,0.4578f,0.8882f,-0.0387f,2.8754f,0.6157f,-0.3481f,-0.7069f,-0.9732f,0f,0f,0f,1f],start_interpolation: 0,interpolation_duration: 1}
$data merge entity $(right_thumb) {transformation: [-0.6414f,-0.1921f,-0.7428f,-2.2795f,0.4578f,0.6811f,-0.5714f,3.1704f,0.6157f,-0.7065f,-0.3489f,-1.1043f,0f,0f,0f,1f],start_interpolation: 0,interpolation_duration: 1}
$data merge entity $(right_fingers2) {transformation: [-0.5427f,-0.4546f,-0.7062f,-2.5661f,-0.6116f,0.7903f,-0.0387f,2.4127f,0.5757f,0.4109f,-0.7069f,-0.8904f,0f,0f,0f,1f],start_interpolation: 0,interpolation_duration: 1}
$data merge entity $(right_fingers) {transformation: [-0.708f,0.0006f,-0.7062f,-2.591f,0.0395f,0.9985f,-0.0387f,2.698f,0.7051f,-0.0553f,-0.7069f,-0.8915f,0f,0f,0f,1f],start_interpolation: 0,interpolation_duration: 1}
$data merge entity $(scout) {transformation: [0f,0f,0f,-2.5392f,0f,0f,0f,2.6526f,0f,0f,0f,-1.0916f,0f,0f,0f,1f],start_interpolation: 0,interpolation_duration: 1}
$data merge entity $(right_hand) {transformation: [-0.6414f,0.2998f,-0.7062f,-2.4349f,0.4578f,0.8882f,-0.0387f,3.2396f,0.6157f,-0.3481f,-0.7069f,-1.1396f,0f,0f,0f,1f],start_interpolation: 0,interpolation_duration: 1}
$data merge entity $(right_forearm) {transformation: [-1.1934f,0.4129f,0.55f,-1.7435f,0.1387f,1.2234f,-0.6174f,5.0538f,-0.6736f,-0.4795f,-1.1016f,-1.8738f,0f,0f,0f,1f],start_interpolation: 0,interpolation_duration: 1}
$data merge entity $(right_shoulder) {transformation: [-1.4042f,0.3668f,-0.2089f,-1.0065f,-0.021f,0.6639f,1.3072f,5.8254f,0.4216f,1.2548f,-0.6305f,-0.4086f,0f,0f,0f,1f],start_interpolation: 0,interpolation_duration: 1}
$data merge entity $(right_arm) {transformation: [-1f,0f,0f,-0.4425f,0f,0.8761f,0.4821f,6.0832f,0f,0.4821f,-0.8761f,-0.2764f,0f,0f,0f,1f],start_interpolation: 0,interpolation_duration: 1}
$data merge entity $(left_thumb_2) {transformation: [-0.1799f,0.5645f,0.8056f,0.3102f,-0.562f,0.6131f,-0.5552f,3.8789f,-0.8073f,-0.5526f,0.207f,0.7633f,0f,0f,0f,1f],start_interpolation: 0,interpolation_duration: 1}
$data merge entity $(left_thumb) {transformation: [-0.1799f,0.9752f,-0.1288f,0.6524f,-0.562f,-0.2094f,-0.8002f,3.9062f,-0.8073f,-0.0716f,0.5858f,0.8517f,0f,0f,0f,1f],start_interpolation: 0,interpolation_duration: 1}
$data merge entity $(left_fingers2) {transformation: [0.8885f,0.0998f,0.448f,0.1777f,0.1439f,0.8663f,-0.4784f,3.3312f,-0.4358f,0.4895f,0.7553f,1.1107f,0f,0f,0f,1f],start_interpolation: 0,interpolation_duration: 1}
$data merge entity $(left_fingers) {transformation: [0.7631f,0.4659f,0.448f,0.2922f,-0.2357f,0.8459f,-0.4784f,3.5754f,-0.6018f,0.2595f,0.7553f,1.2072f,0f,0f,0f,1f],start_interpolation: 0,interpolation_duration: 1}
$data merge entity $(left_hand) {transformation: [0.0786f,0.704f,0.7059f,0.7562f,-0.5971f,0.6003f,-0.5322f,3.9176f,-0.7983f,-0.3796f,0.4675f,0.9907f,0f,0f,0f,1f],start_interpolation: 0,interpolation_duration: 1}
$data merge entity $(left_forearm) {transformation: [-1.0254f,0.8938f,-0.2163f,2.0518f,0.5264f,0.3048f,-1.2358f,4.3536f,-0.7541f,-1.0026f,-0.5685f,-0.5713f,0f,0f,0f,1f],start_interpolation: 0,interpolation_duration: 1}
$data merge entity $(left_shoulder) {transformation: [-1.3006f,-0.6362f,0.2316f,1.0065f,-0.5931f,1.3125f,0.2746f,5.8254f,-0.3264f,0.1499f,-1.4216f,-0.4086f,0f,0f,0f,1f],start_interpolation: 0,interpolation_duration: 1}
$data merge entity $(left_arm) {transformation: [-1f,0f,0f,0.4426f,0f,0.8761f,0.4821f,6.0832f,0f,0.4821f,-0.8761f,-0.2764f,0f,0f,0f,1f],start_interpolation: 0,interpolation_duration: 1}
$data merge entity $(chest) {transformation: [-1.2785f,0f,0f,0f,0f,1.1201f,0.6164f,4.5177f,0f,0.6164f,-1.1201f,-1.1774f,0f,0f,0f,1f],start_interpolation: 0,interpolation_duration: 1}
data modify storage animated_java:temp entry.data merge value {"locators":{"consume":{"px":-2.5274480397,"py":2.4911302572,"pz":-1.0400286964,"ry":315.0283656441,"rx":-2.2185387206}}}
# Data Manager: Prepare for Read / Write
execute store result storage animated_java:temp args.id int 1 run scoreboard players get @s aj.id
# Data Manager: Write
function animated_java:global/data_manager/write with storage animated_java:temp args