# This file was generated by Animated Java via MC-Build. It is not recommended to edit this file directly.
$data merge entity $(neck) {transformation: [-1f,0f,0f,0f,0f,0.9801f,0.1986f,6.0997f,0f,0.1986f,-0.9801f,-0.2415f,0f,0f,0f,1f],start_interpolation: 0,interpolation_duration: 1}
$data merge entity $(right_thumb_2) {transformation: [-0.6407f,0.3006f,-0.7065f,-2.1347f,0.4596f,0.8873f,-0.0393f,2.8766f,0.615f,-0.3498f,-0.7067f,-0.9668f,0f,0f,0f,1f],start_interpolation: 0,interpolation_duration: 1}
$data merge entity $(right_thumb) {transformation: [-0.6407f,-0.1916f,-0.7435f,-2.2808f,0.4596f,0.68f,-0.5713f,3.1715f,0.615f,-0.7077f,-0.3477f,-1.0984f,0f,0f,0f,1f],start_interpolation: 0,interpolation_duration: 1}
$data merge entity $(right_fingers2) {transformation: [-0.5432f,-0.4537f,-0.7065f,-2.5682f,-0.6099f,0.7915f,-0.0393f,2.4145f,0.577f,0.4096f,-0.7067f,-0.8831f,0f,0f,0f,1f],start_interpolation: 0,interpolation_duration: 1}
$data merge entity $(right_fingers) {transformation: [-0.7077f,0.0017f,-0.7065f,-2.5929f,0.0415f,0.9984f,-0.0393f,2.6998f,0.7052f,-0.0571f,-0.7067f,-0.8846f,0f,0f,0f,1f],start_interpolation: 0,interpolation_duration: 1}
$data merge entity $(scout) {transformation: [0f,0f,0f,-2.5412f,0f,0f,0f,2.654f,0f,0f,0f,-1.0847f,0f,0f,0f,1f],start_interpolation: 0,interpolation_duration: 1}
$data merge entity $(right_hand) {transformation: [-0.6407f,0.3006f,-0.7065f,-2.4363f,0.4596f,0.8873f,-0.0393f,3.2408f,0.615f,-0.3498f,-0.7067f,-1.1338f,0f,0f,0f,1f],start_interpolation: 0,interpolation_duration: 1}
$data merge entity $(right_forearm) {transformation: [-1.1934f,0.414f,0.5491f,-1.7431f,0.1388f,1.2221f,-0.6199f,5.0529f,-0.6735f,-0.4818f,-1.1006f,-1.8715f,0f,0f,0f,1f],start_interpolation: 0,interpolation_duration: 1}
$data merge entity $(right_shoulder) {transformation: [-1.4042f,0.3665f,-0.2094f,-1.0065f,-0.022f,0.663f,1.3076f,5.8236f,0.4215f,1.2554f,-0.6295f,-0.4056f,0f,0f,0f,1f],start_interpolation: 0,interpolation_duration: 1}
$data merge entity $(right_arm) {transformation: [-1f,0f,0f,-0.4425f,0f,0.875f,0.4841f,6.0812f,0f,0.4841f,-0.875f,-0.2728f,0f,0f,0f,1f],start_interpolation: 0,interpolation_duration: 1}
$data merge entity $(left_thumb_2) {transformation: [-0.1813f,0.5648f,0.805f,0.3108f,-0.5613f,0.6127f,-0.5563f,3.8789f,-0.8075f,-0.5528f,0.2059f,0.7642f,0f,0f,0f,1f],start_interpolation: 0,interpolation_duration: 1}
$data merge entity $(left_thumb) {transformation: [-0.1813f,0.9749f,-0.1293f,0.6531f,-0.5613f,-0.2105f,-0.8004f,3.9057f,-0.8075f,-0.0726f,0.5854f,0.8523f,0f,0f,0f,1f],start_interpolation: 0,interpolation_duration: 1}
$data merge entity $(left_fingers2) {transformation: [0.8883f,0.1013f,0.448f,0.1779f,0.1431f,0.8659f,-0.4794f,3.3312f,-0.4365f,0.4899f,0.7546f,1.1114f,0f,0f,0f,1f],start_interpolation: 0,interpolation_duration: 1}
$data merge entity $(left_fingers) {transformation: [0.7622f,0.4672f,0.448f,0.2928f,-0.2363f,0.8452f,-0.4794f,3.5752f,-0.6026f,0.2595f,0.7546f,1.2079f,0f,0f,0f,1f],start_interpolation: 0,interpolation_duration: 1}
$data merge entity $(left_hand) {transformation: [0.0772f,0.7044f,0.7056f,0.757f,-0.5967f,0.5996f,-0.5333f,3.9169f,-0.7987f,-0.3799f,0.4666f,0.9912f,0f,0f,0f,1f],start_interpolation: 0,interpolation_duration: 1}
$data merge entity $(left_forearm) {transformation: [-1.0254f,0.8933f,-0.2183f,2.0518f,0.5281f,0.3043f,-1.2352f,4.3522f,-0.7529f,-1.0032f,-0.5691f,-0.5717f,0f,0f,0f,1f],start_interpolation: 0,interpolation_duration: 1}
$data merge entity $(left_shoulder) {transformation: [-1.3006f,-0.6362f,0.2316f,1.0065f,-0.5924f,1.3121f,0.2778f,5.8236f,-0.3278f,0.1529f,-1.4209f,-0.4056f,0f,0f,0f,1f],start_interpolation: 0,interpolation_duration: 1}
$data merge entity $(left_arm) {transformation: [-1f,0f,0f,0.4426f,0f,0.875f,0.4841f,6.0812f,0f,0.4841f,-0.875f,-0.2728f,0f,0f,0f,1f],start_interpolation: 0,interpolation_duration: 1}
$data merge entity $(chest) {transformation: [-1.2785f,0f,0f,0f,0f,1.1187f,0.619f,4.5177f,0f,0.619f,-1.1187f,-1.1774f,0f,0f,0f,1f],start_interpolation: 0,interpolation_duration: 1}
data modify storage animated_java:temp entry.data merge value {"locators":{"consume":{"px":-2.5295332594,"py":2.4926008523,"pz":-1.0328196903,"ry":315.0075301838,"rx":-2.2496287839}}}
# Data Manager: Prepare for Read / Write
execute store result storage animated_java:temp args.id int 1 run scoreboard players get @s aj.id
# Data Manager: Write
function animated_java:global/data_manager/write with storage animated_java:temp args