# This file was generated by Animated Java via MC-Build. It is not recommended to edit this file directly.
$data merge entity $(neck) {transformation: [-1f,0f,0f,0f,0f,0.9796f,0.2009f,6.0975f,0f,0.2009f,-0.9796f,-0.2377f,0f,0f,0f,1f],start_interpolation: 0,interpolation_duration: 1}
$data merge entity $(right_thumb_2) {transformation: [-0.6402f,0.3013f,-0.7067f,-2.1362f,0.4609f,0.8866f,-0.0395f,2.8775f,0.6146f,-0.351f,-0.7064f,-0.9618f,0f,0f,0f,1f],start_interpolation: 0,interpolation_duration: 1}
$data merge entity $(right_thumb) {transformation: [-0.6402f,-0.1911f,-0.7441f,-2.2821f,0.4609f,0.6794f,-0.571f,3.1725f,0.6146f,-0.7085f,-0.3468f,-1.0937f,0f,0f,0f,1f],start_interpolation: 0,interpolation_duration: 1}
$data merge entity $(right_fingers2) {transformation: [-0.5436f,-0.4528f,-0.7067f,-2.5701f,-0.6087f,0.7924f,-0.0395f,2.4159f,0.5778f,0.4087f,-0.7064f,-0.8774f,0f,0f,0f,1f],start_interpolation: 0,interpolation_duration: 1}
$data merge entity $(right_fingers) {transformation: [-0.7075f,0.0026f,-0.7067f,-2.5945f,0.043f,0.9983f,-0.0395f,2.7013f,0.7054f,-0.0583f,-0.7064f,-0.8793f,0f,0f,0f,1f],start_interpolation: 0,interpolation_duration: 1}
$data merge entity $(scout) {transformation: [0f,0f,0f,-2.5429f,0f,0f,0f,2.6552f,0f,0f,0f,-1.0793f,0f,0f,0f,1f],start_interpolation: 0,interpolation_duration: 1}
$data merge entity $(right_hand) {transformation: [-0.6402f,0.3013f,-0.7067f,-2.4374f,0.4609f,0.8866f,-0.0395f,3.2418f,0.6146f,-0.351f,-0.7064f,-1.1292f,0f,0f,0f,1f],start_interpolation: 0,interpolation_duration: 1}
$data merge entity $(right_forearm) {transformation: [-1.1934f,0.415f,0.5482f,-1.7428f,0.1391f,1.2211f,-0.6218f,5.0524f,-0.6734f,-0.4834f,-1.1f,-1.8692f,0f,0f,0f,1f],start_interpolation: 0,interpolation_duration: 1}
$data merge entity $(right_shoulder) {transformation: [-1.4042f,0.3662f,-0.2099f,-1.0065f,-0.023f,0.6618f,1.3082f,5.8218f,0.4215f,1.2561f,-0.628f,-0.4025f,0f,0f,0f,1f],start_interpolation: 0,interpolation_duration: 1}
$data merge entity $(right_arm) {transformation: [-1f,0f,0f,-0.4425f,0f,0.8738f,0.4862f,6.079f,0f,0.4862f,-0.8738f,-0.2691f,0f,0f,0f,1f],start_interpolation: 0,interpolation_duration: 1}
$data merge entity $(left_thumb_2) {transformation: [-0.1828f,0.5651f,0.8045f,0.3114f,-0.5606f,0.6123f,-0.5575f,3.8789f,-0.8077f,-0.5529f,0.2049f,0.7651f,0f,0f,0f,1f],start_interpolation: 0,interpolation_duration: 1}
$data merge entity $(left_thumb) {transformation: [-0.1828f,0.9745f,-0.1298f,0.6539f,-0.5606f,-0.2118f,-0.8006f,3.9052f,-0.8077f,-0.0736f,0.585f,0.8529f,0f,0f,0f,1f],start_interpolation: 0,interpolation_duration: 1}
$data merge entity $(left_fingers2) {transformation: [0.888f,0.1029f,0.4481f,0.1781f,0.1422f,0.8654f,-0.4804f,3.3311f,-0.4372f,0.4903f,0.7539f,1.1121f,0f,0f,0f,1f],start_interpolation: 0,interpolation_duration: 1}
$data merge entity $(left_fingers) {transformation: [0.7614f,0.4685f,0.4481f,0.2934f,-0.2369f,0.8444f,-0.4804f,3.5749f,-0.6035f,0.2596f,0.7539f,1.2086f,0f,0f,0f,1f],start_interpolation: 0,interpolation_duration: 1}
$data merge entity $(left_hand) {transformation: [0.0757f,0.7048f,0.7054f,0.7579f,-0.5963f,0.5989f,-0.5345f,3.9162f,-0.7992f,-0.3802f,0.4656f,0.9917f,0f,0f,0f,1f],start_interpolation: 0,interpolation_duration: 1}
$data merge entity $(left_forearm) {transformation: [-1.0254f,0.8928f,-0.2204f,2.0518f,0.5299f,0.3038f,-1.2345f,4.3507f,-0.7516f,-1.0039f,-0.5696f,-0.5721f,0f,0f,0f,1f],start_interpolation: 0,interpolation_duration: 1}
$data merge entity $(left_shoulder) {transformation: [-1.3006f,-0.6362f,0.2316f,1.0065f,-0.5916f,1.3118f,0.2812f,5.8218f,-0.3292f,0.156f,-1.4203f,-0.4025f,0f,0f,0f,1f],start_interpolation: 0,interpolation_duration: 1}
$data merge entity $(left_arm) {transformation: [-1f,0f,0f,0.4426f,0f,0.8738f,0.4862f,6.079f,0f,0.4862f,-0.8738f,-0.2691f,0f,0f,0f,1f],start_interpolation: 0,interpolation_duration: 1}
$data merge entity $(chest) {transformation: [-1.2785f,0f,0f,0f,0f,1.1172f,0.6216f,4.5177f,0f,0.6216f,-1.1172f,-1.1774f,0f,0f,0f,1f],start_interpolation: 0,interpolation_duration: 1}
data modify storage animated_java:temp entry.data merge value {"locators":{"consume":{"px":-2.531363491,"py":2.4938404164,"pz":-1.0272694262,"ry":314.9898185625,"rx":-2.2612664472}}}
# Data Manager: Prepare for Read / Write
execute store result storage animated_java:temp args.id int 1 run scoreboard players get @s aj.id
# Data Manager: Write
function animated_java:global/data_manager/write with storage animated_java:temp args