# This file was generated by Animated Java via MC-Build. It is not recommended to edit this file directly.
$data merge entity $(neck) {transformation: [-1f,0f,0f,0f,0f,0.9791f,0.2034f,6.0951f,0f,0.2034f,-0.9791f,-0.2338f,0f,0f,0f,1f],start_interpolation: 0,interpolation_duration: 1}
$data merge entity $(right_thumb_2) {transformation: [-0.6397f,0.302f,-0.7069f,-2.1374f,0.4618f,0.8861f,-0.0393f,2.8782f,0.6145f,-0.3516f,-0.7063f,-0.9582f,0f,0f,0f,1f],start_interpolation: 0,interpolation_duration: 1}
$data merge entity $(right_thumb) {transformation: [-0.6397f,-0.1907f,-0.7446f,-2.2831f,0.4618f,0.6791f,-0.5706f,3.1732f,0.6145f,-0.7088f,-0.3463f,-1.0903f,0f,0f,0f,1f],start_interpolation: 0,interpolation_duration: 1}
$data merge entity $(right_fingers2) {transformation: [-0.544f,-0.4521f,-0.7069f,-2.5717f,-0.608f,0.793f,-0.0393f,2.417f,0.5783f,0.4084f,-0.7063f,-0.8735f,0f,0f,0f,1f],start_interpolation: 0,interpolation_duration: 1}
$data merge entity $(right_fingers) {transformation: [-0.7073f,0.0033f,-0.7069f,-2.5958f,0.044f,0.9983f,-0.0393f,2.7024f,0.7055f,-0.0589f,-0.7063f,-0.8756f,0f,0f,0f,1f],start_interpolation: 0,interpolation_duration: 1}
$data merge entity $(scout) {transformation: [0f,0f,0f,-2.5443f,0f,0f,0f,2.6561f,0f,0f,0f,-1.0756f,0f,0f,0f,1f],start_interpolation: 0,interpolation_duration: 1}
$data merge entity $(right_hand) {transformation: [-0.6397f,0.302f,-0.7069f,-2.4384f,0.4618f,0.8861f,-0.0393f,3.2427f,0.6145f,-0.3516f,-0.7063f,-1.1258f,0f,0f,0f,1f],start_interpolation: 0,interpolation_duration: 1}
$data merge entity $(right_forearm) {transformation: [-1.1935f,0.4159f,0.5475f,-1.7425f,0.1396f,1.2205f,-0.6229f,5.0523f,-0.6732f,-0.4842f,-1.0997f,-1.8671f,0f,0f,0f,1f],start_interpolation: 0,interpolation_duration: 1}
$data merge entity $(right_shoulder) {transformation: [-1.4042f,0.366f,-0.2103f,-1.0065f,-0.024f,0.6601f,1.309f,5.8198f,0.4214f,1.257f,-0.6262f,-0.3993f,0f,0f,0f,1f],start_interpolation: 0,interpolation_duration: 1}
$data merge entity $(right_arm) {transformation: [-1f,0f,0f,-0.4425f,0f,0.8726f,0.4884f,6.0768f,0f,0.4884f,-0.8726f,-0.2652f,0f,0f,0f,1f],start_interpolation: 0,interpolation_duration: 1}
$data merge entity $(left_thumb_2) {transformation: [-0.1843f,0.5654f,0.8039f,0.312f,-0.5598f,0.6119f,-0.5587f,3.8789f,-0.8078f,-0.5531f,0.2037f,0.7661f,0f,0f,0f,1f],start_interpolation: 0,interpolation_duration: 1}
$data merge entity $(left_thumb) {transformation: [-0.1843f,0.9742f,-0.1303f,0.6546f,-0.5598f,-0.213f,-0.8007f,3.9047f,-0.8078f,-0.0747f,0.5847f,0.8536f,0f,0f,0f,1f],start_interpolation: 0,interpolation_duration: 1}
$data merge entity $(left_fingers2) {transformation: [0.8878f,0.1045f,0.4482f,0.1783f,0.1412f,0.865f,-0.4815f,3.3311f,-0.438f,0.4908f,0.7532f,1.1128f,0f,0f,0f,1f],start_interpolation: 0,interpolation_duration: 1}
$data merge entity $(left_fingers) {transformation: [0.7605f,0.4699f,0.4482f,0.2941f,-0.2375f,0.8436f,-0.4815f,3.5747f,-0.6044f,0.2597f,0.7532f,1.2094f,0f,0f,0f,1f],start_interpolation: 0,interpolation_duration: 1}
$data merge entity $(left_hand) {transformation: [0.0741f,0.7053f,0.7051f,0.7588f,-0.5959f,0.5982f,-0.5358f,3.9154f,-0.7996f,-0.3805f,0.4646f,0.9923f,0f,0f,0f,1f],start_interpolation: 0,interpolation_duration: 1}
$data merge entity $(left_forearm) {transformation: [-1.0254f,0.8923f,-0.2227f,2.0518f,0.5318f,0.3032f,-1.2339f,4.3492f,-0.7503f,-1.0045f,-0.5702f,-0.5725f,0f,0f,0f,1f],start_interpolation: 0,interpolation_duration: 1}
$data merge entity $(left_shoulder) {transformation: [-1.3006f,-0.6362f,0.2316f,1.0065f,-0.5908f,1.3114f,0.2847f,5.8198f,-0.3307f,0.1593f,-1.4196f,-0.3993f,0f,0f,0f,1f],start_interpolation: 0,interpolation_duration: 1}
$data merge entity $(left_arm) {transformation: [-1f,0f,0f,0.4426f,0f,0.8726f,0.4884f,6.0768f,0f,0.4884f,-0.8726f,-0.2652f,0f,0f,0f,1f],start_interpolation: 0,interpolation_duration: 1}
$data merge entity $(chest) {transformation: [-1.2785f,0f,0f,0f,0f,1.1157f,0.6244f,4.5177f,0f,0.6244f,-1.1157f,-1.1774f,0f,0f,0f,1f],start_interpolation: 0,interpolation_duration: 1}
data modify storage animated_java:temp entry.data merge value {"locators":{"consume":{"px":-2.5329289127,"py":2.4948341863,"pz":-1.0234083096,"ry":314.975350174,"rx":-2.2534027376}}}
# Data Manager: Prepare for Read / Write
execute store result storage animated_java:temp args.id int 1 run scoreboard players get @s aj.id
# Data Manager: Write
function animated_java:global/data_manager/write with storage animated_java:temp args