# This file was generated by Animated Java via MC-Build. It is not recommended to edit this file directly.
$data merge entity $(neck) {transformation: [-1f,0f,0f,0f,0f,0.9786f,0.2059f,6.0927f,0f,0.2059f,-0.9786f,-0.2297f,0f,0f,0f,1f],start_interpolation: 0,interpolation_duration: 1}
$data merge entity $(right_thumb_2) {transformation: [-0.6392f,0.3025f,-0.707f,-2.1384f,0.4622f,0.8859f,-0.0388f,2.8787f,0.6146f,-0.3516f,-0.7061f,-0.9562f,0f,0f,0f,1f],start_interpolation: 0,interpolation_duration: 1}
$data merge entity $(right_thumb) {transformation: [-0.6392f,-0.1904f,-0.7451f,-2.284f,0.4622f,0.6792f,-0.5701f,3.1738f,0.6146f,-0.7088f,-0.3462f,-1.0882f,0f,0f,0f,1f],start_interpolation: 0,interpolation_duration: 1}
$data merge entity $(right_fingers2) {transformation: [-0.5443f,-0.4515f,-0.707f,-2.573f,-0.6076f,0.7933f,-0.0388f,2.4178f,0.5784f,0.4084f,-0.7061f,-0.8714f,0f,0f,0f,1f],start_interpolation: 0,interpolation_duration: 1}
$data merge entity $(right_fingers) {transformation: [-0.7072f,0.004f,-0.707f,-2.597f,0.0445f,0.9983f,-0.0388f,2.7032f,0.7056f,-0.0589f,-0.7061f,-0.8734f,0f,0f,0f,1f],start_interpolation: 0,interpolation_duration: 1}
$data merge entity $(scout) {transformation: [0f,0f,0f,-2.5455f,0f,0f,0f,2.6569f,0f,0f,0f,-1.0734f,0f,0f,0f,1f],start_interpolation: 0,interpolation_duration: 1}
$data merge entity $(right_hand) {transformation: [-0.6392f,0.3025f,-0.707f,-2.4392f,0.4622f,0.8859f,-0.0388f,3.2433f,0.6146f,-0.3516f,-0.7061f,-1.1237f,0f,0f,0f,1f],start_interpolation: 0,interpolation_duration: 1}
$data merge entity $(right_forearm) {transformation: [-1.1935f,0.4166f,0.5469f,-1.7423f,0.1404f,1.2203f,-0.6232f,5.0525f,-0.673f,-0.4843f,-1.0998f,-1.865f,0f,0f,0f,1f],start_interpolation: 0,interpolation_duration: 1}
$data merge entity $(right_shoulder) {transformation: [-1.4042f,0.3658f,-0.2107f,-1.0065f,-0.0251f,0.6581f,1.31f,5.8178f,0.4214f,1.2581f,-0.624f,-0.3959f,0f,0f,0f,1f],start_interpolation: 0,interpolation_duration: 1}
$data merge entity $(right_arm) {transformation: [-1f,0f,0f,-0.4425f,0f,0.8714f,0.4906f,6.0744f,0f,0.4906f,-0.8714f,-0.2612f,0f,0f,0f,1f],start_interpolation: 0,interpolation_duration: 1}
$data merge entity $(left_thumb_2) {transformation: [-0.1859f,0.5657f,0.8034f,0.3127f,-0.5591f,0.6115f,-0.56f,3.8789f,-0.808f,-0.5532f,0.2026f,0.767f,0f,0f,0f,1f],start_interpolation: 0,interpolation_duration: 1}
$data merge entity $(left_thumb) {transformation: [-0.1859f,0.9738f,-0.1308f,0.6554f,-0.5591f,-0.2143f,-0.8009f,3.9042f,-0.808f,-0.0758f,0.5843f,0.8542f,0f,0f,0f,1f],start_interpolation: 0,interpolation_duration: 1}
$data merge entity $(left_fingers2) {transformation: [0.8876f,0.1062f,0.4482f,0.1786f,0.1403f,0.8645f,-0.4826f,3.3311f,-0.4388f,0.4913f,0.7524f,1.1136f,0f,0f,0f,1f],start_interpolation: 0,interpolation_duration: 1}
$data merge entity $(left_fingers) {transformation: [0.7595f,0.4714f,0.4482f,0.2948f,-0.2382f,0.8428f,-0.4826f,3.5744f,-0.6053f,0.2598f,0.7524f,1.2102f,0f,0f,0f,1f],start_interpolation: 0,interpolation_duration: 1}
$data merge entity $(left_hand) {transformation: [0.0724f,0.7057f,0.7048f,0.7597f,-0.5955f,0.5975f,-0.5371f,3.9147f,-0.8001f,-0.3808f,0.4635f,0.9928f,0f,0f,0f,1f],start_interpolation: 0,interpolation_duration: 1}
$data merge entity $(left_forearm) {transformation: [-1.0254f,0.8917f,-0.225f,2.0518f,0.5337f,0.3026f,-1.2332f,4.3477f,-0.7489f,-1.0052f,-0.5708f,-0.5729f,0f,0f,0f,1f],start_interpolation: 0,interpolation_duration: 1}
$data merge entity $(left_shoulder) {transformation: [-1.3006f,-0.6362f,0.2316f,1.0065f,-0.5899f,1.311f,0.2884f,5.8178f,-0.3322f,0.1626f,-1.4188f,-0.3959f,0f,0f,0f,1f],start_interpolation: 0,interpolation_duration: 1}
$data merge entity $(left_arm) {transformation: [-1f,0f,0f,0.4426f,0f,0.8714f,0.4906f,6.0744f,0f,0.4906f,-0.8714f,-0.2612f,0f,0f,0f,1f],start_interpolation: 0,interpolation_duration: 1}
$data merge entity $(chest) {transformation: [-1.2785f,0f,0f,0f,0f,1.1141f,0.6273f,4.5177f,0f,0.6273f,-1.1141f,-1.1774f,0f,0f,0f,1f],start_interpolation: 0,interpolation_duration: 1}
data modify storage animated_java:temp entry.data merge value {"locators":{"consume":{"px":-2.5342211725,"py":2.4955721998,"pz":-1.0212571183,"ry":314.9642045641,"rx":-2.2261028852}}}
# Data Manager: Prepare for Read / Write
execute store result storage animated_java:temp args.id int 1 run scoreboard players get @s aj.id
# Data Manager: Write
function animated_java:global/data_manager/write with storage animated_java:temp args