# This file was generated by Animated Java via MC-Build. It is not recommended to edit this file directly.
$data merge entity $(neck) {transformation: [-1f,0f,0f,0f,0f,0.978f,0.2085f,6.0902f,0f,0.2085f,-0.978f,-0.2256f,0f,0f,0f,1f],start_interpolation: 0,interpolation_duration: 1}
$data merge entity $(right_thumb_2) {transformation: [-0.6389f,0.3029f,-0.7071f,-2.1392f,0.4621f,0.886f,-0.038f,2.8789f,0.615f,-0.3511f,-0.7061f,-0.9555f,0f,0f,0f,1f],start_interpolation: 0,interpolation_duration: 1}
$data merge entity $(right_thumb) {transformation: [-0.6389f,-0.1902f,-0.7454f,-2.2846f,0.4621f,0.6798f,-0.5695f,3.1742f,0.615f,-0.7083f,-0.3464f,-1.0874f,0f,0f,0f,1f],start_interpolation: 0,interpolation_duration: 1}
$data merge entity $(right_fingers2) {transformation: [-0.5445f,-0.4511f,-0.7071f,-2.574f,-0.6077f,0.7933f,-0.038f,2.4182f,0.5781f,0.409f,-0.7061f,-0.871f,0f,0f,0f,1f],start_interpolation: 0,interpolation_duration: 1}
$data merge entity $(right_fingers) {transformation: [-0.7071f,0.0045f,-0.7071f,-2.5978f,0.0444f,0.9983f,-0.038f,2.7036f,0.7058f,-0.0583f,-0.7061f,-0.8728f,0f,0f,0f,1f],start_interpolation: 0,interpolation_duration: 1}
$data merge entity $(scout) {transformation: [0f,0f,0f,-2.5464f,0f,0f,0f,2.6574f,0f,0f,0f,-1.0729f,0f,0f,0f,1f],start_interpolation: 0,interpolation_duration: 1}
$data merge entity $(right_hand) {transformation: [-0.6389f,0.3029f,-0.7071f,-2.4399f,0.4621f,0.886f,-0.038f,3.2438f,0.615f,-0.3511f,-0.7061f,-1.1228f,0f,0f,0f,1f],start_interpolation: 0,interpolation_duration: 1}
$data merge entity $(right_forearm) {transformation: [-1.1935f,0.4172f,0.5464f,-1.7421f,0.1414f,1.2204f,-0.6228f,5.0531f,-0.6728f,-0.4836f,-1.1003f,-1.863f,0f,0f,0f,1f],start_interpolation: 0,interpolation_duration: 1}
$data merge entity $(right_shoulder) {transformation: [-1.4042f,0.3656f,-0.211f,-1.0065f,-0.0262f,0.6558f,1.3111f,5.8158f,0.4213f,1.2594f,-0.6215f,-0.3925f,0f,0f,0f,1f],start_interpolation: 0,interpolation_duration: 1}
$data merge entity $(right_arm) {transformation: [-1f,0f,0f,-0.4425f,0f,0.8701f,0.4929f,6.072f,0f,0.4929f,-0.8701f,-0.2571f,0f,0f,0f,1f],start_interpolation: 0,interpolation_duration: 1}
$data merge entity $(left_thumb_2) {transformation: [-0.1876f,0.566f,0.8028f,0.3134f,-0.5582f,0.611f,-0.5613f,3.8789f,-0.8082f,-0.5534f,0.2014f,0.7681f,0f,0f,0f,1f],start_interpolation: 0,interpolation_duration: 1}
$data merge entity $(left_thumb) {transformation: [-0.1876f,0.9734f,-0.1314f,0.6562f,-0.5582f,-0.2157f,-0.8012f,3.9036f,-0.8082f,-0.0769f,0.5839f,0.8549f,0f,0f,0f,1f],start_interpolation: 0,interpolation_duration: 1}
$data merge entity $(left_fingers2) {transformation: [0.8873f,0.1079f,0.4483f,0.1788f,0.1393f,0.864f,-0.4838f,3.331f,-0.4396f,0.4917f,0.7516f,1.1144f,0f,0f,0f,1f],start_interpolation: 0,interpolation_duration: 1}
$data merge entity $(left_fingers) {transformation: [0.7586f,0.4728f,0.4483f,0.2955f,-0.2389f,0.842f,-0.4838f,3.5741f,-0.6062f,0.2599f,0.7516f,1.211f,0f,0f,0f,1f],start_interpolation: 0,interpolation_duration: 1}
$data merge entity $(left_hand) {transformation: [0.0708f,0.7062f,0.7045f,0.7607f,-0.595f,0.5967f,-0.5384f,3.9139f,-0.8006f,-0.3811f,0.4624f,0.9934f,0f,0f,0f,1f],start_interpolation: 0,interpolation_duration: 1}
$data merge entity $(left_forearm) {transformation: [-1.0254f,0.8911f,-0.2273f,2.0518f,0.5357f,0.302f,-1.2325f,4.3461f,-0.7475f,-1.0059f,-0.5714f,-0.5734f,0f,0f,0f,1f],start_interpolation: 0,interpolation_duration: 1}
$data merge entity $(left_shoulder) {transformation: [-1.3006f,-0.6362f,0.2316f,1.0065f,-0.5891f,1.3105f,0.2921f,5.8158f,-0.3337f,0.1661f,-1.4181f,-0.3925f,0f,0f,0f,1f],start_interpolation: 0,interpolation_duration: 1}
$data merge entity $(left_arm) {transformation: [-1f,0f,0f,0.4426f,0f,0.8701f,0.4929f,6.072f,0f,0.4929f,-0.8701f,-0.2571f,0f,0f,0f,1f],start_interpolation: 0,interpolation_duration: 1}
$data merge entity $(chest) {transformation: [-1.2785f,0f,0f,0f,0f,1.1124f,0.6302f,4.5177f,0f,0.6302f,-1.1124f,-1.1774f,0f,0f,0f,1f],start_interpolation: 0,interpolation_duration: 1}
data modify storage animated_java:temp entry.data merge value {"locators":{"consume":{"px":-2.5352334093,"py":2.4960494429,"pz":-1.0208269617,"ry":314.9564211955,"rx":-2.1795454746}}}
# Data Manager: Prepare for Read / Write
execute store result storage animated_java:temp args.id int 1 run scoreboard players get @s aj.id
# Data Manager: Write
function animated_java:global/data_manager/write with storage animated_java:temp args