# This file was generated by Animated Java via MC-Build. It is not recommended to edit this file directly.
$data merge entity $(neck) {transformation: [-1f,0f,0f,0f,0f,0.9775f,0.2111f,6.0876f,0f,0.2111f,-0.9775f,-0.2213f,0f,0f,0f,1f],start_interpolation: 0,interpolation_duration: 1}
$data merge entity $(right_thumb_2) {transformation: [-0.6387f,0.3032f,-0.7072f,-2.1398f,0.4616f,0.8863f,-0.0369f,2.8789f,0.6156f,-0.35f,-0.706f,-0.9564f,0f,0f,0f,1f],start_interpolation: 0,interpolation_duration: 1}
$data merge entity $(right_thumb) {transformation: [-0.6387f,-0.19f,-0.7456f,-2.2851f,0.4616f,0.6807f,-0.5688f,3.1744f,0.6156f,-0.7075f,-0.3471f,-1.0878f,0f,0f,0f,1f],start_interpolation: 0,interpolation_duration: 1}
$data merge entity $(right_fingers2) {transformation: [-0.5447f,-0.4507f,-0.7072f,-2.5747f,-0.6082f,0.7929f,-0.0369f,2.4182f,0.5774f,0.4101f,-0.706f,-0.8724f,0f,0f,0f,1f],start_interpolation: 0,interpolation_duration: 1}
$data merge entity $(right_fingers) {transformation: [-0.707f,0.0049f,-0.7072f,-2.5985f,0.0437f,0.9984f,-0.0369f,2.7037f,0.7059f,-0.057f,-0.706f,-0.8739f,0f,0f,0f,1f],start_interpolation: 0,interpolation_duration: 1}
$data merge entity $(scout) {transformation: [0f,0f,0f,-2.5471f,0f,0f,0f,2.6577f,0f,0f,0f,-1.074f,0f,0f,0f,1f],start_interpolation: 0,interpolation_duration: 1}
$data merge entity $(right_hand) {transformation: [-0.6387f,0.3032f,-0.7072f,-2.4403f,0.4616f,0.8863f,-0.0369f,3.2441f,0.6156f,-0.35f,-0.706f,-1.1231f,0f,0f,0f,1f],start_interpolation: 0,interpolation_duration: 1}
$data merge entity $(right_forearm) {transformation: [-1.1935f,0.4176f,0.5461f,-1.742f,0.1427f,1.2208f,-0.6216f,5.0541f,-0.6725f,-0.4821f,-1.1011f,-1.8612f,0f,0f,0f,1f],start_interpolation: 0,interpolation_duration: 1}
$data merge entity $(right_shoulder) {transformation: [-1.4042f,0.3655f,-0.2112f,-1.0065f,-0.0274f,0.6531f,1.3125f,5.8136f,0.4212f,1.2608f,-0.6186f,-0.389f,0f,0f,0f,1f],start_interpolation: 0,interpolation_duration: 1}
$data merge entity $(right_arm) {transformation: [-1f,0f,0f,-0.4425f,0f,0.8687f,0.4953f,6.0695f,0f,0.4953f,-0.8687f,-0.2529f,0f,0f,0f,1f],start_interpolation: 0,interpolation_duration: 1}
$data merge entity $(left_thumb_2) {transformation: [-0.1892f,0.5663f,0.8022f,0.3141f,-0.5574f,0.6106f,-0.5626f,3.8789f,-0.8084f,-0.5536f,0.2001f,0.7691f,0f,0f,0f,1f],start_interpolation: 0,interpolation_duration: 1}
$data merge entity $(left_thumb) {transformation: [-0.1892f,0.973f,-0.1319f,0.6571f,-0.5574f,-0.2171f,-0.8014f,3.903f,-0.8084f,-0.0781f,0.5834f,0.8556f,0f,0f,0f,1f],start_interpolation: 0,interpolation_duration: 1}
$data merge entity $(left_fingers2) {transformation: [0.8871f,0.1097f,0.4484f,0.1791f,0.1383f,0.8635f,-0.485f,3.331f,-0.4404f,0.4922f,0.7508f,1.1152f,0f,0f,0f,1f],start_interpolation: 0,interpolation_duration: 1}
$data merge entity $(left_fingers) {transformation: [0.7576f,0.4743f,0.4484f,0.2962f,-0.2396f,0.8411f,-0.485f,3.5738f,-0.6072f,0.26f,0.7508f,1.2119f,0f,0f,0f,1f],start_interpolation: 0,interpolation_duration: 1}
$data merge entity $(left_hand) {transformation: [0.0691f,0.7067f,0.7042f,0.7617f,-0.5946f,0.596f,-0.5397f,3.913f,-0.8011f,-0.3814f,0.4613f,0.994f,0f,0f,0f,1f],start_interpolation: 0,interpolation_duration: 1}
$data merge entity $(left_forearm) {transformation: [-1.0254f,0.8905f,-0.2297f,2.0518f,0.5377f,0.3014f,-1.2317f,4.3445f,-0.7461f,-1.0066f,-0.572f,-0.5738f,0f,0f,0f,1f],start_interpolation: 0,interpolation_duration: 1}
$data merge entity $(left_shoulder) {transformation: [-1.3006f,-0.6362f,0.2316f,1.0065f,-0.5882f,1.3101f,0.2959f,5.8136f,-0.3353f,0.1696f,-1.4173f,-0.389f,0f,0f,0f,1f],start_interpolation: 0,interpolation_duration: 1}
$data merge entity $(left_arm) {transformation: [-1f,0f,0f,0.4426f,0f,0.8687f,0.4953f,6.0695f,0f,0.4953f,-0.8687f,-0.2529f,0f,0f,0f,1f],start_interpolation: 0,interpolation_duration: 1}
$data merge entity $(chest) {transformation: [-1.2785f,0f,0f,0f,0f,1.1107f,0.6332f,4.5177f,0f,0.6332f,-1.1107f,-1.1774f,0f,0f,0f,1f],start_interpolation: 0,interpolation_duration: 1}
data modify storage animated_java:temp entry.data merge value {"locators":{"consume":{"px":-2.5359602697,"py":2.4962658888,"pz":-1.0221192681,"ry":314.951999945,"rx":-2.1140210955}}}
# Data Manager: Prepare for Read / Write
execute store result storage animated_java:temp args.id int 1 run scoreboard players get @s aj.id
# Data Manager: Write
function animated_java:global/data_manager/write with storage animated_java:temp args