# This file was generated by Animated Java via MC-Build. It is not recommended to edit this file directly.
$data merge entity $(neck) {transformation: [-1f,0f,0f,0f,0f,0.9769f,0.2138f,6.085f,0f,0.2138f,-0.9769f,-0.2171f,0f,0f,0f,1f],start_interpolation: 0,interpolation_duration: 1}
$data merge entity $(right_thumb_2) {transformation: [-0.6386f,0.3034f,-0.7073f,-2.1402f,0.4606f,0.8869f,-0.0354f,2.8787f,0.6165f,-0.3484f,-0.7061f,-0.9587f,0f,0f,0f,1f],start_interpolation: 0,interpolation_duration: 1}
$data merge entity $(right_thumb) {transformation: [-0.6386f,-0.1899f,-0.7458f,-2.2854f,0.4606f,0.6821f,-0.568f,3.1744f,0.6165f,-0.7062f,-0.3481f,-1.0896f,0f,0f,0f,1f],start_interpolation: 0,interpolation_duration: 1}
$data merge entity $(right_fingers2) {transformation: [-0.5448f,-0.4505f,-0.7073f,-2.5752f,-0.6092f,0.7922f,-0.0354f,2.4179f,0.5763f,0.4115f,-0.7061f,-0.8755f,0f,0f,0f,1f],start_interpolation: 0,interpolation_duration: 1}
$data merge entity $(right_fingers) {transformation: [-0.7069f,0.0051f,-0.7073f,-2.5989f,0.0426f,0.9985f,-0.0354f,2.7034f,0.706f,-0.0552f,-0.7061f,-0.8765f,0f,0f,0f,1f],start_interpolation: 0,interpolation_duration: 1}
$data merge entity $(scout) {transformation: [0f,0f,0f,-2.5475f,0f,0f,0f,2.6577f,0f,0f,0f,-1.0767f,0f,0f,0f,1f],start_interpolation: 0,interpolation_duration: 1}
$data merge entity $(right_hand) {transformation: [-0.6386f,0.3034f,-0.7073f,-2.4406f,0.4606f,0.8869f,-0.0354f,3.2443f,0.6165f,-0.3484f,-0.7061f,-1.1248f,0f,0f,0f,1f],start_interpolation: 0,interpolation_duration: 1}
$data merge entity $(right_forearm) {transformation: [-1.1936f,0.4178f,0.5459f,-1.7419f,0.1442f,1.2216f,-0.6197f,5.0554f,-0.6721f,-0.4798f,-1.1023f,-1.8595f,0f,0f,0f,1f],start_interpolation: 0,interpolation_duration: 1}
$data merge entity $(right_shoulder) {transformation: [-1.4042f,0.3654f,-0.2113f,-1.0065f,-0.0285f,0.6501f,1.3139f,5.8115f,0.4212f,1.2624f,-0.6155f,-0.3855f,0f,0f,0f,1f],start_interpolation: 0,interpolation_duration: 1}
$data merge entity $(right_arm) {transformation: [-1f,0f,0f,-0.4425f,0f,0.8674f,0.4976f,6.067f,0f,0.4976f,-0.8674f,-0.2487f,0f,0f,0f,1f],start_interpolation: 0,interpolation_duration: 1}
$data merge entity $(left_thumb_2) {transformation: [-0.1909f,0.5666f,0.8015f,0.3149f,-0.5566f,0.6101f,-0.5639f,3.8789f,-0.8086f,-0.5538f,0.1989f,0.7701f,0f,0f,0f,1f],start_interpolation: 0,interpolation_duration: 1}
$data merge entity $(left_thumb) {transformation: [-0.1909f,0.9726f,-0.1325f,0.658f,-0.5566f,-0.2184f,-0.8016f,3.9024f,-0.8086f,-0.0793f,0.583f,0.8563f,0f,0f,0f,1f],start_interpolation: 0,interpolation_duration: 1}
$data merge entity $(left_fingers2) {transformation: [0.8868f,0.1115f,0.4485f,0.1794f,0.1373f,0.863f,-0.4861f,3.3309f,-0.4413f,0.4927f,0.75f,1.116f,0f,0f,0f,1f],start_interpolation: 0,interpolation_duration: 1}
$data merge entity $(left_fingers) {transformation: [0.7566f,0.4758f,0.4485f,0.297f,-0.2403f,0.8402f,-0.4861f,3.5735f,-0.6081f,0.26f,0.75f,1.2127f,0f,0f,0f,1f],start_interpolation: 0,interpolation_duration: 1}
$data merge entity $(left_hand) {transformation: [0.0673f,0.7071f,0.7039f,0.7628f,-0.5941f,0.5952f,-0.5411f,3.9122f,-0.8015f,-0.3818f,0.4602f,0.9946f,0f,0f,0f,1f],start_interpolation: 0,interpolation_duration: 1}
$data merge entity $(left_forearm) {transformation: [-1.0254f,0.8899f,-0.2321f,2.0518f,0.5397f,0.3008f,-1.231f,4.3428f,-0.7446f,-1.0074f,-0.5726f,-0.5743f,0f,0f,0f,1f],start_interpolation: 0,interpolation_duration: 1}
$data merge entity $(left_shoulder) {transformation: [-1.3006f,-0.6362f,0.2316f,1.0065f,-0.5873f,1.3096f,0.2998f,5.8115f,-0.3369f,0.1732f,-1.4165f,-0.3855f,0f,0f,0f,1f],start_interpolation: 0,interpolation_duration: 1}
$data merge entity $(left_arm) {transformation: [-1f,0f,0f,0.4426f,0f,0.8674f,0.4976f,6.067f,0f,0.4976f,-0.8674f,-0.2487f,0f,0f,0f,1f],start_interpolation: 0,interpolation_duration: 1}
$data merge entity $(chest) {transformation: [-1.2785f,0f,0f,0f,0f,1.109f,0.6362f,4.5177f,0f,0.6362f,-1.109f,-1.1774f,0f,0f,0f,1f],start_interpolation: 0,interpolation_duration: 1}
data modify storage animated_java:temp entry.data merge value {"locators":{"consume":{"px":-2.5363979214,"py":2.4962264265,"pz":-1.0251257971,"ry":314.9509023086,"rx":-2.0299305061}}}
# Data Manager: Prepare for Read / Write
execute store result storage animated_java:temp args.id int 1 run scoreboard players get @s aj.id
# Data Manager: Write
function animated_java:global/data_manager/write with storage animated_java:temp args