# This file was generated by Animated Java via MC-Build. It is not recommended to edit this file directly.
$data merge entity $(neck) {transformation: [-1f,0f,0f,0f,0f,0.9717f,0.2364f,6.0622f,0f,0.2364f,-0.9717f,-0.1809f,0f,0f,0f,1f],start_interpolation: 0,interpolation_duration: 1}
$data merge entity $(right_thumb_2) {transformation: [-0.6414f,0.2998f,-0.7062f,-2.133f,0.4321f,0.9018f,-0.0097f,2.8684f,0.6339f,-0.3114f,-0.7079f,-1.0407f,0f,0f,0f,1f],start_interpolation: 0,interpolation_duration: 1}
$data merge entity $(right_thumb) {transformation: [-0.6414f,-0.1921f,-0.7428f,-2.2795f,0.4321f,0.7095f,-0.5566f,3.1686f,0.6339f,-0.678f,-0.3721f,-1.1596f,0f,0f,0f,1f],start_interpolation: 0,interpolation_duration: 1}
$data merge entity $(right_fingers2) {transformation: [-0.5427f,-0.4546f,-0.7062f,-2.5661f,-0.6347f,0.7727f,-0.0097f,2.4027f,0.5501f,0.443f,-0.7079f,-0.977f,0f,0f,0f,1f],start_interpolation: 0,interpolation_duration: 1}
$data merge entity $(right_fingers) {transformation: [-0.708f,0.0006f,-0.7062f,-2.591f,0.0105f,0.9999f,-0.0097f,2.6878f,0.7061f,-0.0143f,-0.7079f,-0.9664f,0f,0f,0f,1f],start_interpolation: 0,interpolation_duration: 1}
$data merge entity $(scout) {transformation: [0f,0f,0f,-2.5392f,0f,0f,0f,2.6506f,0f,0f,0f,-1.1682f,0f,0f,0f,1f],start_interpolation: 0,interpolation_duration: 1}
$data merge entity $(right_hand) {transformation: [-0.6414f,0.2998f,-0.7062f,-2.4349f,0.4321f,0.9018f,-0.0097f,3.2391f,0.6339f,-0.3114f,-0.7079f,-1.1921f,0f,0f,0f,1f],start_interpolation: 0,interpolation_duration: 1}
$data merge entity $(right_forearm) {transformation: [-1.1934f,0.4129f,0.55f,-1.7435f,0.1663f,1.2421f,-0.5716f,5.0819f,-0.6674f,-0.4289f,-1.126f,-1.8512f,0f,0f,0f,1f],start_interpolation: 0,interpolation_duration: 1}
$data merge entity $(right_shoulder) {transformation: [-1.4042f,0.3668f,-0.2089f,-1.0065f,-0.0383f,0.6118f,1.3319f,5.7927f,0.4204f,1.281f,-0.5764f,-0.3556f,0f,0f,0f,1f],start_interpolation: 0,interpolation_duration: 1}
$data merge entity $(right_arm) {transformation: [-1f,0f,0f,-0.4425f,0f,0.8556f,0.5177f,6.045f,0f,0.5177f,-0.8556f,-0.2129f,0f,0f,0f,1f],start_interpolation: 0,interpolation_duration: 1}
$data merge entity $(left_thumb_2) {transformation: [-0.2053f,0.5691f,0.7962f,0.3217f,-0.5493f,0.6064f,-0.575f,3.8785f,-0.81f,-0.5554f,0.1881f,0.7792f,0f,0f,0f,1f],start_interpolation: 0,interpolation_duration: 1}
$data merge entity $(left_thumb) {transformation: [-0.2053f,0.969f,-0.1371f,0.6658f,-0.5493f,-0.23f,-0.8033f,3.8973f,-0.81f,-0.0896f,0.5795f,0.8624f,0f,0f,0f,1f],start_interpolation: 0,interpolation_duration: 1}
$data merge entity $(left_fingers2) {transformation: [0.8843f,0.1268f,0.4493f,0.1826f,0.1289f,0.8586f,-0.4962f,3.3302f,-0.4487f,0.4967f,0.743f,1.1231f,0f,0f,0f,1f],start_interpolation: 0,interpolation_duration: 1}
$data merge entity $(left_fingers) {transformation: [0.7479f,0.4887f,0.4493f,0.3041f,-0.246f,0.8326f,-0.4962f,3.5707f,-0.6166f,0.2606f,0.743f,1.2202f,0f,0f,0f,1f],start_interpolation: 0,interpolation_duration: 1}
$data merge entity $(left_hand) {transformation: [0.0525f,0.711f,0.7013f,0.772f,-0.5901f,0.5886f,-0.5525f,3.9049f,-0.8056f,-0.3848f,0.4505f,0.9997f,0f,0f,0f,1f],start_interpolation: 0,interpolation_duration: 1}
$data merge entity $(left_forearm) {transformation: [-1.0254f,0.8842f,-0.2528f,2.0518f,0.5569f,0.2957f,-1.2246f,4.3288f,-0.7319f,-1.0138f,-0.5776f,-0.5785f,0f,0f,0f,1f],start_interpolation: 0,interpolation_duration: 1}
$data merge entity $(left_shoulder) {transformation: [-1.3006f,-0.6362f,0.2316f,1.0065f,-0.5793f,1.3052f,0.3327f,5.7927f,-0.3505f,0.2036f,-1.4091f,-0.3556f,0f,0f,0f,1f],start_interpolation: 0,interpolation_duration: 1}
$data merge entity $(left_arm) {transformation: [-1f,0f,0f,0.4426f,0f,0.8556f,0.5177f,6.045f,0f,0.5177f,-0.8556f,-0.2129f,0f,0f,0f,1f],start_interpolation: 0,interpolation_duration: 1}
$data merge entity $(chest) {transformation: [-1.2785f,0f,0f,0f,0f,1.0939f,0.6619f,4.5177f,0f,0.6619f,-1.0939f,-1.1774f,0f,0f,0f,1f],start_interpolation: 0,interpolation_duration: 1}
data modify storage animated_java:temp entry.data merge value {"locators":{"consume":{"px":-2.5274480397,"py":2.4872011905,"pz":-1.1232806736,"ry":315.0685767796,"rx":-0.5545084595}}}
# Data Manager: Prepare for Read / Write
execute store result storage animated_java:temp args.id int 1 run scoreboard players get @s aj.id
# Data Manager: Write
function animated_java:global/data_manager/write with storage animated_java:temp args