# This file was generated by Animated Java via MC-Build. It is not recommended to edit this file directly.
$data merge entity $(neck) {transformation: [-1f,0f,0f,0f,0f,0.9711f,0.2385f,6.0601f,0f,0.2385f,-0.9711f,-0.1776f,0f,0f,0f,1f],start_interpolation: 0,interpolation_duration: 1}
$data merge entity $(right_thumb_2) {transformation: [-0.6421f,0.2988f,-0.706f,-2.1312f,0.4271f,0.9042f,-0.0057f,2.8668f,0.6366f,-0.3052f,-0.7082f,-1.0557f,0f,0f,0f,1f],start_interpolation: 0,interpolation_duration: 1}
$data merge entity $(right_thumb) {transformation: [-0.6421f,-0.1927f,-0.742f,-2.2779f,0.4271f,0.7138f,-0.555f,3.1676f,0.6366f,-0.6733f,-0.3761f,-1.1726f,0f,0f,0f,1f],start_interpolation: 0,interpolation_duration: 1}
$data merge entity $(right_fingers2) {transformation: [-0.5422f,-0.4557f,-0.706f,-2.5637f,-0.639f,0.7692f,-0.0057f,2.4002f,0.5456f,0.448f,-0.7082f,-0.9953f,0f,0f,0f,1f],start_interpolation: 0,interpolation_duration: 1}
$data merge entity $(right_fingers) {transformation: [-0.7083f,-0.0005f,-0.706f,-2.589f,0.005f,1f,-0.0057f,2.6852f,0.7059f,-0.0076f,-0.7082f,-0.9827f,0f,0f,0f,1f],start_interpolation: 0,interpolation_duration: 1}
$data merge entity $(scout) {transformation: [0f,0f,0f,-2.5371f,0f,0f,0f,2.6494f,0f,0f,0f,-1.1848f,0f,0f,0f,1f],start_interpolation: 0,interpolation_duration: 1}
$data merge entity $(right_hand) {transformation: [-0.6421f,0.2988f,-0.706f,-2.4334f,0.4271f,0.9042f,-0.0057f,3.2382f,0.6366f,-0.3052f,-0.7082f,-1.2047f,0f,0f,0f,1f],start_interpolation: 0,interpolation_duration: 1}
$data merge entity $(right_forearm) {transformation: [-1.1933f,0.4116f,0.5511f,-1.7439f,0.1694f,1.2454f,-0.5634f,5.0861f,-0.6667f,-0.4204f,-1.1296f,-1.8511f,0f,0f,0f,1f],start_interpolation: 0,interpolation_duration: 1}
$data merge entity $(right_shoulder) {transformation: [-1.4042f,0.3672f,-0.2082f,-1.0065f,-0.0392f,0.6068f,1.3342f,5.791f,0.4203f,1.2833f,-0.5713f,-0.3529f,0f,0f,0f,1f],start_interpolation: 0,interpolation_duration: 1}
$data merge entity $(right_arm) {transformation: [-1f,0f,0f,-0.4425f,0f,0.8545f,0.5195f,6.0429f,0f,0.5195f,-0.8545f,-0.2096f,0f,0f,0f,1f],start_interpolation: 0,interpolation_duration: 1}
$data merge entity $(left_thumb_2) {transformation: [-0.2066f,0.5693f,0.7957f,0.3224f,-0.5486f,0.606f,-0.576f,3.8784f,-0.8101f,-0.5556f,0.1871f,0.7801f,0f,0f,0f,1f],start_interpolation: 0,interpolation_duration: 1}
$data merge entity $(left_thumb) {transformation: [-0.2066f,0.9687f,-0.1375f,0.6666f,-0.5486f,-0.2311f,-0.8035f,3.8968f,-0.8101f,-0.0906f,0.5792f,0.8629f,0f,0f,0f,1f],start_interpolation: 0,interpolation_duration: 1}
$data merge entity $(left_fingers2) {transformation: [0.8841f,0.1282f,0.4493f,0.183f,0.1282f,0.8582f,-0.4971f,3.3301f,-0.4494f,0.4971f,0.7423f,1.1238f,0f,0f,0f,1f],start_interpolation: 0,interpolation_duration: 1}
$data merge entity $(left_fingers) {transformation: [0.7471f,0.4899f,0.4493f,0.3048f,-0.2465f,0.8319f,-0.4971f,3.5705f,-0.6173f,0.2606f,0.7423f,1.2209f,0f,0f,0f,1f],start_interpolation: 0,interpolation_duration: 1}
$data merge entity $(left_hand) {transformation: [0.0511f,0.7113f,0.701f,0.7729f,-0.5897f,0.588f,-0.5536f,3.9042f,-0.806f,-0.3851f,0.4495f,1.0002f,0f,0f,0f,1f],start_interpolation: 0,interpolation_duration: 1}
$data merge entity $(left_forearm) {transformation: [-1.0254f,0.8837f,-0.2547f,2.0518f,0.5584f,0.2953f,-1.224f,4.3275f,-0.7307f,-1.0144f,-0.5781f,-0.5789f,0f,0f,0f,1f],start_interpolation: 0,interpolation_duration: 1}
$data merge entity $(left_shoulder) {transformation: [-1.3006f,-0.6362f,0.2316f,1.0065f,-0.5785f,1.3048f,0.3357f,5.791f,-0.3517f,0.2064f,-1.4084f,-0.3529f,0f,0f,0f,1f],start_interpolation: 0,interpolation_duration: 1}
$data merge entity $(left_arm) {transformation: [-1f,0f,0f,0.4426f,0f,0.8545f,0.5195f,6.0429f,0f,0.5195f,-0.8545f,-0.2096f,0f,0f,0f,1f],start_interpolation: 0,interpolation_duration: 1}
$data merge entity $(chest) {transformation: [-1.2785f,0f,0f,0f,0f,1.0925f,0.6642f,4.5177f,0f,0.6642f,-1.0925f,-1.1774f,0f,0f,0f,1f],start_interpolation: 0,interpolation_duration: 1}
data modify storage animated_java:temp entry.data merge value {"locators":{"consume":{"px":-2.5251190961,"py":2.4857065966,"pz":-1.1409170604,"ry":315.0921555595,"rx":-0.3287739781}}}
# Data Manager: Prepare for Read / Write
execute store result storage animated_java:temp args.id int 1 run scoreboard players get @s aj.id
# Data Manager: Write
function animated_java:global/data_manager/write with storage animated_java:temp args