# This file was generated by Animated Java via MC-Build. It is not recommended to edit this file directly.
$data merge entity $(neck) {transformation: [-0.961f,-0.0858f,0.2631f,0.1752f,0.019f,0.9281f,0.3719f,6.1036f,-0.276f,0.3623f,-0.8902f,-0.2175f,0f,0f,0f,1f],start_interpolation: 0,interpolation_duration: 1}
$data merge entity $(right_thumb_2) {transformation: [-0.1674f,-0.1222f,-0.9783f,-0.5524f,0.9327f,-0.3411f,-0.117f,6.7968f,-0.3194f,-0.9321f,0.1711f,1.9704f,0f,0f,0f,1f],start_interpolation: 0,interpolation_duration: 1}
$data merge entity $(right_thumb) {transformation: [-0.1674f,-0.9083f,-0.3833f,-0.864f,0.9327f,-0.2718f,0.2369f,6.8443f,-0.3194f,-0.3179f,0.8927f,1.8082f,0f,0f,0f,1f],start_interpolation: 0,interpolation_duration: 1}
$data merge entity $(right_fingers2) {transformation: [0.3364f,0.685f,-0.6462f,-0.4863f,-0.9408f,0.2743f,-0.1989f,6.9559f,0.041f,0.6749f,0.7367f,2.279f,0f,0f,0f,1f],start_interpolation: 0,interpolation_duration: 1}
$data merge entity $(right_fingers) {transformation: [0.5521f,-0.5268f,-0.6462f,-0.6256f,0.5445f,0.8148f,-0.1989f,7.202f,0.6314f,-0.2421f,0.7367f,2.2333f,0f,0f,0f,1f],start_interpolation: 0,interpolation_duration: 1}
$data merge entity $(scout) {transformation: [0f,0f,0f,-0.6368f,0f,0f,0f,7.0074f,0f,0f,0f,2.3157f,0f,0f,0f,1f],start_interpolation: 0,interpolation_duration: 1}
$data merge entity $(right_hand) {transformation: [-0.4767f,-0.596f,-0.6462f,-1.0178f,0.8592f,-0.4715f,-0.1989f,6.8994f,-0.1861f,-0.6501f,0.7367f,1.8675f,0f,0f,0f,1f],start_interpolation: 0,interpolation_duration: 1}
$data merge entity $(right_forearm) {transformation: [-0.6596f,-0.7211f,-0.9706f,-2.1116f,1.0558f,-0.8824f,-0.0619f,5.5243f,-0.5894f,-0.7737f,0.9753f,0.7624f,0f,0f,0f,1f],start_interpolation: 0,interpolation_duration: 1}
$data merge entity $(right_shoulder) {transformation: [-0.9424f,0.8931f,-0.6812f,-0.8109f,1.0502f,0.3853f,-0.9478f,5.813f,-0.3983f,-1.0972f,-0.8874f,-0.4664f,0f,0f,0f,1f],start_interpolation: 0,interpolation_duration: 1}
$data merge entity $(right_arm) {transformation: [-0.9699f,-0.009f,0.2433f,-0.2645f,0.0342f,0.9844f,0.1726f,6.0803f,-0.2411f,0.1758f,-0.9545f,-0.2876f,0f,0f,0f,1f],start_interpolation: 0,interpolation_duration: 1}
$data merge entity $(left_thumb_2) {transformation: [0.1285f,0.0426f,0.9908f,0.9622f,-0.9782f,-0.1588f,0.1337f,6.934f,0.1631f,-0.9864f,0.0213f,2.9661f,0f,0f,0f,1f],start_interpolation: 0,interpolation_duration: 1}
$data merge entity $(left_thumb) {transformation: [0.1285f,0.8794f,0.4585f,1.2196f,-0.9782f,0.0363f,0.2044f,7.0878f,0.1631f,-0.4748f,0.8649f,2.7769f,0f,0f,0f,1f],start_interpolation: 0,interpolation_duration: 1}
$data merge entity $(left_fingers2) {transformation: [0.0781f,-0.6061f,0.7915f,0.9121f,0.993f,-0.0231f,-0.1157f,7.0235f,0.0884f,0.795f,0.6001f,3.3044f,0f,0f,0f,1f],start_interpolation: 0,interpolation_duration: 1}
$data merge entity $(left_fingers) {transformation: [0.5546f,0.2568f,0.7915f,0.9754f,-0.2766f,0.954f,-0.1157f,7.3023f,-0.7848f,-0.1548f,0.6001f,3.2868f,0f,0f,0f,1f],start_interpolation: 0,interpolation_duration: 1}
$data merge entity $(left_hand) {transformation: [-0.2074f,0.5749f,0.7915f,1.3625f,-0.9745f,-0.1924f,-0.1157f,7.1741f,0.0858f,-0.7953f,0.6001f,2.8253f,0f,0f,0f,1f],start_interpolation: 0,interpolation_duration: 1}
$data merge entity $(left_forearm) {transformation: [-1.2543f,0.4727f,0.317f,2.0337f,-0.5675f,-0.9813f,-0.7824f,5.6442f,-0.0427f,-0.8431f,1.0884f,1.5935f,0f,0f,0f,1f],start_interpolation: 0,interpolation_duration: 1}
$data merge entity $(left_shoulder) {transformation: [-0.8066f,-0.5698f,1.0838f,1.1415f,-1.22f,0.2633f,-0.7695f,5.7441f,0.1044f,-1.3251f,-0.619f,0.0189f,0f,0f,0f,1f],start_interpolation: 0,interpolation_duration: 1}
$data merge entity $(left_arm) {transformation: [-0.9699f,-0.009f,0.2433f,0.594f,0.0342f,0.9844f,0.1726f,6.05f,-0.2411f,0.1758f,-0.9545f,-0.0742f,0f,0f,0f,1f],start_interpolation: 0,interpolation_duration: 1}
$data merge entity $(chest) {transformation: [-1.2401f,-0.0115f,0.3111f,0.1894f,0.0437f,1.2586f,0.2207f,4.2933f,-0.3082f,0.2247f,-1.2203f,-0.5314f,0f,0f,0f,1f],start_interpolation: 0,interpolation_duration: 1}
$data merge entity $(left_cheek) {transformation: [-0.9318f,-0.1364f,0.3364f,0.7046f,-0.2156f,0.9535f,-0.2105f,3.3574f,-0.2921f,-0.2686f,-0.9179f,-0.7606f,0f,0f,0f,1f],start_interpolation: 0,interpolation_duration: 1}
$data merge entity $(left_foot) {transformation: [-1.0029f,0.0488f,-0.1927f,1.1583f,-0.0464f,0.9062f,0.4711f,-3.8024f,0.1933f,0.4708f,-0.8867f,1.6361f,0f,0f,0f,1f],start_interpolation: 0,interpolation_duration: 1}
$data merge entity $(left_knee) {transformation: [-3.0339f,-0.1066f,-0.1906f,1.09f,-0.1227f,3.0283f,0.2585f,0.4028f,0.1807f,0.2655f,-3.0247f,1.8746f,0f,0f,0f,1f],start_interpolation: 0,interpolation_duration: 1}
$data merge entity $(left_leg) {transformation: [-1.7145f,-0.1072f,-0.0202f,0.8476f,-0.0645f,1.2527f,-1.1739f,2.4414f,0.088f,-1.1708f,-1.2542f,0.0394f,0f,0f,0f,1f],start_interpolation: 0,interpolation_duration: 1}
$data merge entity $(right_cheek) {transformation: [-0.8778f,0.2244f,0.4232f,0.0843f,0.1667f,0.9714f,-0.1693f,3.3061f,-0.4491f,-0.078f,-0.8901f,-1.0616f,0f,0f,0f,1f],start_interpolation: 0,interpolation_duration: 1}
$data merge entity $(right_foot) {transformation: [-0.6447f,-0.172f,0.7746f,-1.0149f,0.1976f,0.9319f,0.3713f,-3.6871f,-0.7685f,0.3838f,-0.5544f,-2.3639f,0f,0f,0f,1f],start_interpolation: 0,interpolation_duration: 1}
$data merge entity $(right_knee) {transformation: [-2.1166f,-0.5307f,2.1191f,-1.7235f,0.8369f,2.5285f,1.4692f,-0.1035f,-2.0179f,1.6054f,-1.6134f,-0.2659f,0f,0f,0f,1f],start_interpolation: 0,interpolation_duration: 1}
$data merge entity $(right_leg) {transformation: [-1.1954f,0.7896f,0.9481f,-0.4366f,0.4727f,1.5125f,-0.6636f,2.3194f,-1.1397f,-0.2009f,-1.2697f,-0.5031f,0f,0f,0f,1f],start_interpolation: 0,interpolation_duration: 1}
$data merge entity $(weist) {transformation: [-1.4888f,-0.0558f,0.6422f,0.1953f,-0.1415f,1.6051f,-0.1886f,3.9999f,-0.6289f,-0.2291f,-1.4778f,-0.572f,0f,0f,0f,1f],start_interpolation: 0,interpolation_duration: 1}
data modify storage animated_java:temp entry.data merge value {"locators":{"consume":{"px":-0.4940982492,"py":7.046780763,"pz":2.399136119,"ry":221.2562696891,"rx":-11.4745205994}}}
# Data Manager: Prepare for Read / Write
execute store result storage animated_java:temp args.id int 1 run scoreboard players get @s aj.id
# Data Manager: Write
function animated_java:global/data_manager/write with storage animated_java:temp args