# This file was generated by Animated Java via MC-Build. It is not recommended to edit this file directly.
$data merge entity $(neck) {transformation: [-0.979f,0.1965f,0.0539f,-0.1642f,0.2013f,0.892f,0.4048f,6.1682f,0.0314f,0.4071f,-0.9128f,-0.2567f,0f,0f,0f,1f],start_interpolation: 0,interpolation_duration: 1}
$data merge entity $(right_thumb_2) {transformation: [0.0559f,0.093f,-0.9941f,-2.2932f,0.8705f,0.4832f,0.0941f,4.8836f,0.4891f,-0.8706f,-0.054f,2.556f,0f,0f,0f,1f],start_interpolation: 0,interpolation_duration: 1}
$data merge entity $(right_thumb) {transformation: [0.0559f,-0.8144f,-0.5776f,-2.5388f,0.8705f,0.3231f,-0.3714f,5.1218f,0.4891f,-0.482f,0.727f,2.4632f,0f,0f,0f,1f],start_interpolation: 0,interpolation_duration: 1}
$data merge entity $(right_fingers2) {transformation: [0.1803f,0.5041f,-0.8446f,-2.2933f,-0.7275f,-0.5095f,-0.4595f,4.7454f,-0.662f,0.6973f,0.2749f,2.8813f,0f,0f,0f,1f],start_interpolation: 0,interpolation_duration: 1}
$data merge entity $(right_fingers) {transformation: [0.4266f,-0.3236f,-0.8446f,-2.3797f,-0.2672f,0.8471f,-0.4595f,4.9759f,0.8641f,0.4216f,0.2749f,3.0279f,0f,0f,0f,1f],start_interpolation: 0,interpolation_duration: 1}
$data merge entity $(scout) {transformation: [0f,0f,0f,-2.4395f,0f,0f,0f,4.7967f,0f,0f,0f,2.9325f,0f,0f,0f,1f],start_interpolation: 0,interpolation_duration: 1}
$data merge entity $(right_hand) {transformation: [-0.2852f,-0.4531f,-0.8446f,-2.6939f,0.8206f,0.34f,-0.4595f,5.1603f,0.4954f,-0.8241f,0.2749f,2.5314f,0f,0f,0f,1f],start_interpolation: 0,interpolation_duration: 1}
$data merge entity $(right_forearm) {transformation: [-0.6822f,0.0352f,-1.196f,-2.6561f,1.1822f,0.2326f,-0.6675f,5.4371f,0.1849f,-1.3571f,-0.1454f,0.4746f,0f,0f,0f,1f],start_interpolation: 0,interpolation_duration: 1}
$data merge entity $(right_shoulder) {transformation: [-0.6951f,1.2829f,-0.1445f,-0.9472f,1.2643f,0.7097f,0.2188f,6.0405f,0.2613f,-0.0209f,-1.4426f,0.4429f,0f,0f,0f,1f],start_interpolation: 0,interpolation_duration: 1}
$data merge entity $(right_arm) {transformation: [-0.7554f,0.1741f,-0.6317f,-0.4761f,0.1884f,0.9811f,0.0452f,6.2188f,0.6276f,-0.0849f,-0.7739f,0.0578f,0f,0f,0f,1f],start_interpolation: 0,interpolation_duration: 1}
$data merge entity $(left_thumb_2) {transformation: [0.1522f,0.5221f,0.8392f,0.3921f,-0.9855f,0.1444f,0.0889f,5.9866f,-0.0748f,-0.8406f,0.5365f,2.0153f,0f,0f,0f,1f],start_interpolation: 0,interpolation_duration: 1}
$data merge entity $(left_thumb) {transformation: [0.1522f,0.9878f,-0.0326f,0.6878f,-0.9855f,0.1492f,-0.0806f,6.1818f,-0.0748f,0.0444f,0.9962f,2.0266f,0f,0f,0f,1f],start_interpolation: 0,interpolation_duration: 1}
$data merge entity $(left_fingers2) {transformation: [-0.0923f,-0.9021f,0.4216f,0.1778f,0.9172f,-0.2419f,-0.3167f,5.9716f,0.3876f,0.3574f,0.8497f,2.2961f,0f,0f,0f,1f],start_interpolation: 0,interpolation_duration: 1}
$data merge entity $(left_fingers) {transformation: [0.8881f,0.1832f,0.4216f,0.2081f,-0.0451f,0.9475f,-0.3167f,6.2405f,-0.4574f,0.2622f,0.8497f,2.3899f,0f,0f,0f,1f],start_interpolation: 0,interpolation_duration: 1}
$data merge entity $(left_hand) {transformation: [-0.1051f,0.9007f,0.4216f,0.7794f,-0.9478f,0.0376f,-0.3167f,6.2449f,-0.3011f,-0.4328f,0.8497f,2.1601f,0f,0f,0f,1f],start_interpolation: 0,interpolation_duration: 1}
$data merge entity $(left_forearm) {transformation: [-1.0477f,0.6573f,0.6061f,1.7478f,-0.8671f,-0.519f,-0.9359f,5.3932f,-0.2183f,-1.0935f,0.8086f,0.5337f,0f,0f,0f,1f],start_interpolation: 0,interpolation_duration: 1}
$data merge entity $(left_shoulder) {transformation: [-0.5165f,-0.8495f,1.0777f,0.5733f,-1.3649f,0.4373f,-0.3094f,5.6612f,-0.1422f,-1.1122f,-0.9448f,-0.8205f,0f,0f,0f,1f],start_interpolation: 0,interpolation_duration: 1}
$data merge entity $(left_arm) {transformation: [-0.7554f,0.1741f,-0.6317f,0.1925f,0.1884f,0.9811f,0.0452f,6.0521f,0.6276f,-0.0849f,-0.7739f,-0.4977f,0f,0f,0f,1f],start_interpolation: 0,interpolation_duration: 1}
$data merge entity $(chest) {transformation: [-0.9658f,0.2227f,-0.8077f,-0.4782f,0.2409f,1.2543f,0.0578f,4.3652f,0.8025f,-0.1085f,-0.9894f,-0.0934f,0f,0f,0f,1f],start_interpolation: 0,interpolation_duration: 1}
$data merge entity $(left_cheek) {transformation: [-0.5348f,-0.5065f,-0.6764f,-1.3654f,-0.212f,0.8552f,-0.4729f,2.9308f,0.818f,-0.1095f,-0.5647f,-0.6781f,0f,0f,0f,1f],start_interpolation: 0,interpolation_duration: 1}
$data merge entity $(left_foot) {transformation: [-0.0809f,0.0408f,-1.0183f,-0.4053f,0.0523f,1.0204f,0.0368f,-3.7219f,1.0178f,-0.0492f,-0.0828f,0.1495f,0f,0f,0f,1f],start_interpolation: 0,interpolation_duration: 1}
$data merge entity $(left_knee) {transformation: [-0.6048f,1.2693f,-2.6973f,1.2584f,0.3032f,2.7642f,1.2328f,0.1455f,2.9655f,-0.0238f,-0.6761f,0.0038f,0f,0f,0f,1f],start_interpolation: 0,interpolation_duration: 1}
$data merge entity $(left_leg) {transformation: [-0.4094f,-1.0306f,-1.3121f,-0.3712f,0.0558f,1.3418f,-1.0713f,2.3289f,1.6675f,-0.2979f,-0.2863f,-0.3957f,0f,0f,0f,1f],start_interpolation: 0,interpolation_duration: 1}
$data merge entity $(right_cheek) {transformation: [0.0675f,-0.4058f,-0.9115f,-1.7104f,0.6575f,0.7052f,-0.2653f,3.2309f,0.7505f,-0.5814f,0.3144f,0.1248f,0f,0f,0f,1f],start_interpolation: 0,interpolation_duration: 1}
$data merge entity $(right_foot) {transformation: [-0.0386f,0.4544f,-0.915f,0.655f,0.4304f,0.8376f,0.3979f,-3.0212f,0.9265f,-0.3702f,-0.2229f,4.2973f,0f,0f,0f,1f],start_interpolation: 0,interpolation_duration: 1}
$data merge entity $(right_knee) {transformation: [0.0245f,-0.1678f,-3.037f,0.2993f,1.6264f,2.5672f,-0.1287f,0.5733f,2.5703f,-1.6228f,0.1104f,2.1296f,0f,0f,0f,1f],start_interpolation: 0,interpolation_duration: 1}
$data merge entity $(right_leg) {transformation: [0.0139f,-0.8761f,-1.4777f,-1.0615f,0.9186f,1.2526f,-0.734f,2.5633f,1.4517f,-0.7842f,0.4785f,0.7989f,0f,0f,0f,1f],start_interpolation: 0,interpolation_duration: 1}
$data merge entity $(weist) {transformation: [-0.8002f,0.0673f,-1.4097f,-0.75f,0.2717f,1.5975f,-0.0779f,4.0659f,1.3849f,-0.2745f,-0.7992f,-0.1357f,0f,0f,0f,1f],start_interpolation: 0,interpolation_duration: 1}
data modify storage animated_java:temp entry.data merge value {"locators":{"consume":{"px":-2.3212898267,"py":4.7199545097,"pz":3.0273077678,"ry":251.972125593,"rx":-27.352254395}}}
# Data Manager: Prepare for Read / Write
execute store result storage animated_java:temp args.id int 1 run scoreboard players get @s aj.id
# Data Manager: Write
function animated_java:global/data_manager/write with storage animated_java:temp args