# This file was generated by Animated Java via MC-Build. It is not recommended to edit this file directly.
$data merge entity $(neck) {transformation: [-0.9786f,0.1915f,0.0757f,-0.0988f,0.2058f,0.8977f,0.3896f,6.1678f,0.0067f,0.3968f,-0.9179f,-0.2552f,0f,0f,0f,1f],start_interpolation: 0,interpolation_duration: 1}
$data merge entity $(right_thumb_2) {transformation: [0.0281f,-0.0523f,-0.9982f,-1.8755f,0.8709f,0.4914f,-0.0012f,4.7907f,0.4906f,-0.8694f,0.0594f,2.7242f,0f,0f,0f,1f],start_interpolation: 0,interpolation_duration: 1}
$data merge entity $(right_thumb) {transformation: [0.0281f,-0.8906f,-0.4538f,-2.1515f,0.8709f,0.2447f,-0.4262f,5.0046f,0.4906f,-0.3833f,0.7826f,2.6626f,0f,0f,0f,1f],start_interpolation: 0,interpolation_duration: 1}
$data merge entity $(right_fingers2) {transformation: [0.1723f,0.6258f,-0.7607f,-1.8257f,-0.7058f,-0.4603f,-0.5385f,4.6526f,-0.6872f,0.6297f,0.3623f,3.0458f,0f,0f,0f,1f],start_interpolation: 0,interpolation_duration: 1}
$data merge entity $(right_fingers) {transformation: [0.545f,-0.3525f,-0.7607f,-1.9164f,-0.2268f,0.8115f,-0.5385f,4.8735f,0.8072f,0.466f,0.3623f,3.204f,0f,0f,0f,1f],start_interpolation: 0,interpolation_duration: 1}
$data merge entity $(scout) {transformation: [0f,0f,0f,-1.9694f,0f,0f,0f,4.6895f,0f,0f,0f,3.1136f,0f,0f,0f,1f],start_interpolation: 0,interpolation_duration: 1}
$data merge entity $(right_hand) {transformation: [-0.3037f,-0.5737f,-0.7607f,-2.3008f,0.7887f,0.2966f,-0.5385f,5.0279f,0.5346f,-0.7635f,0.3623f,2.7484f,0f,0f,0f,1f],start_interpolation: 0,interpolation_duration: 1}
$data merge entity $(right_forearm) {transformation: [-0.7135f,-0.1493f,-1.1686f,-2.5385f,1.1408f,0.2538f,-0.7289f,5.3362f,0.2944f,-1.3455f,-0.0079f,0.7095f,0f,0f,0f,1f],start_interpolation: 0,interpolation_duration: 1}
$data merge entity $(right_shoulder) {transformation: [-0.7176f,1.2255f,-0.3648f,-0.888f,1.223f,0.7799f,0.214f,6.0337f,0.3729f,-0.1996f,-1.4039f,0.4362f,0f,0f,0f,1f],start_interpolation: 0,interpolation_duration: 1}
$data merge entity $(right_arm) {transformation: [-0.7583f,0.1832f,-0.6256f,-0.4126f,0.183f,0.9809f,0.0653f,6.2152f,0.6257f,-0.065f,-0.7774f,0.058f,0f,0f,0f,1f],start_interpolation: 0,interpolation_duration: 1}
$data merge entity $(left_thumb_2) {transformation: [0.1901f,0.5169f,0.8346f,0.4536f,-0.9745f,0.2025f,0.0965f,5.8726f,-0.1191f,-0.8317f,0.5423f,2.0366f,0f,0f,0f,1f],start_interpolation: 0,interpolation_duration: 1}
$data merge entity $(left_thumb) {transformation: [0.1901f,0.9813f,-0.0304f,0.7416f,-0.9745f,0.1848f,-0.1271f,6.0784f,-0.1191f,0.0538f,0.9914f,2.0576f,0f,0f,0f,1f],start_interpolation: 0,interpolation_duration: 1}
$data merge entity $(left_fingers2) {transformation: [-0.1279f,-0.8924f,0.4327f,0.2399f,0.8944f,-0.2924f,-0.3386f,5.8366f,0.4287f,0.3436f,0.8356f,2.3158f,0f,0f,0f,1f],start_interpolation: 0,interpolation_duration: 1}
$data merge entity $(left_fingers) {transformation: [0.8896f,0.1463f,0.4327f,0.2597f,0.0099f,0.9409f,-0.3386f,6.102f,-0.4566f,0.3055f,0.8356f,2.4219f,0f,0f,0f,1f],start_interpolation: 0,interpolation_duration: 1}
$data merge entity $(left_hand) {transformation: [-0.0683f,0.899f,0.4327f,0.8306f,-0.9364f,0.0919f,-0.3386f,6.1388f,-0.3441f,-0.4283f,0.8356f,2.1941f,0f,0f,0f,1f],start_interpolation: 0,interpolation_duration: 1}
$data merge entity $(left_forearm) {transformation: [-1.0089f,0.6706f,0.6553f,1.8224f,-0.9037f,-0.439f,-0.9422f,5.4058f,-0.2499f,-1.1201f,0.7616f,0.5245f,0f,0f,0f,1f],start_interpolation: 0,interpolation_duration: 1}
$data merge entity $(left_shoulder) {transformation: [-0.4587f,-0.8664f,1.0903f,0.6385f,-1.3804f,0.4348f,-0.2352f,5.6652f,-0.1843f,-1.1f,-0.9517f,-0.8232f,0f,0f,0f,1f],start_interpolation: 0,interpolation_duration: 1}
$data merge entity $(left_arm) {transformation: [-0.7583f,0.1832f,-0.6256f,0.2586f,0.183f,0.9809f,0.0653f,6.0532f,0.6257f,-0.065f,-0.7774f,-0.4958f,0f,0f,0f,1f],start_interpolation: 0,interpolation_duration: 1}
$data merge entity $(chest) {transformation: [-0.9695f,0.2342f,-0.7999f,-0.4294f,0.234f,1.2542f,0.0835f,4.3649f,0.8f,-0.0831f,-0.9939f,-0.1284f,0f,0f,0f,1f],start_interpolation: 0,interpolation_duration: 1}
$data merge entity $(left_cheek) {transformation: [-0.5931f,-0.5149f,-0.6189f,-1.297f,-0.2073f,0.8405f,-0.5006f,2.8968f,0.778f,-0.1686f,-0.6053f,-0.7082f,0f,0f,0f,1f],start_interpolation: 0,interpolation_duration: 1}
$data merge entity $(left_foot) {transformation: [-0.1887f,-0.0277f,-1.0044f,-0.0955f,-0.0226f,1.0218f,-0.0239f,-3.7868f,1.0046f,0.0178f,-0.1892f,-0.072f,0f,0f,0f,1f],start_interpolation: 0,interpolation_duration: 1}
$data merge entity $(left_knee) {transformation: [-0.926f,1.0809f,-2.6882f,1.317f,0.0627f,2.829f,1.1158f,0.1724f,2.8967f,0.2842f,-0.8835f,0.2021f,0f,0f,0f,1f],start_interpolation: 0,interpolation_duration: 1}
$data merge entity $(left_leg) {transformation: [-0.5323f,-1.0306f,-1.2673f,-0.3191f,0.0641f,1.3187f,-1.0993f,2.3199f,1.6322f,-0.3878f,-0.3701f,-0.3405f,0f,0f,0f,1f],start_interpolation: 0,interpolation_duration: 1}
$data merge entity $(right_cheek) {transformation: [-0.1315f,-0.3121f,-0.9409f,-1.7263f,0.6433f,0.6953f,-0.3205f,3.2128f,0.7542f,-0.6474f,0.1094f,-0.0569f,0f,0f,0f,1f],start_interpolation: 0,interpolation_duration: 1}
$data merge entity $(right_foot) {transformation: [-0.2668f,0.607f,-0.7782f,-0.4774f,0.4041f,0.8027f,0.4875f,-3.011f,0.9004f,-0.1803f,-0.4494f,4.2422f,0f,0f,0f,1f],start_interpolation: 0,interpolation_duration: 1}
$data merge entity $(right_knee) {transformation: [-0.5844f,0.4722f,-2.9475f,0.0387f,1.541f,2.62f,0.1142f,0.6641f,2.5566f,-1.4713f,-0.7425f,2.2489f,0f,0f,0f,1f],start_interpolation: 0,interpolation_duration: 1}
$data merge entity $(right_leg) {transformation: [-0.33f,-0.8034f,-1.4822f,-1.1912f,0.8704f,1.2124f,-0.8509f,2.5951f,1.4439f,-0.9144f,0.1741f,0.7188f,0f,0f,0f,1f],start_interpolation: 0,interpolation_duration: 1}
$data merge entity $(weist) {transformation: [-1.0111f,0.1625f,-1.2583f,-0.681f,0.319f,1.5898f,-0.051f,4.0714f,1.228f,-0.2792f,-1.0228f,-0.169f,0f,0f,0f,1f],start_interpolation: 0,interpolation_duration: 1}
data modify storage animated_java:temp entry.data merge value {"locators":{"consume":{"px":-1.8344417795,"py":4.624299268,"pz":3.193622618,"ry":244.5311826906,"rx":-32.5845436637}}}
# Data Manager: Prepare for Read / Write
execute store result storage animated_java:temp args.id int 1 run scoreboard players get @s aj.id
# Data Manager: Write
function animated_java:global/data_manager/write with storage animated_java:temp args