# This file was generated by Animated Java via MC-Build. It is not recommended to edit this file directly.
$data merge entity $(neck) {transformation: [-0.9832f,0.1476f,0.1077f,-0.0038f,0.1775f,0.9112f,0.3716f,6.1546f,-0.0433f,0.3845f,-0.9221f,-0.2588f,0f,0f,0f,1f],start_interpolation: 0,interpolation_duration: 1}
$data merge entity $(right_thumb_2) {transformation: [-0.0745f,-0.2252f,-0.9715f,-1.3598f,0.8702f,0.4611f,-0.1736f,4.7033f,0.487f,-0.8583f,0.1617f,2.8253f,0f,0f,0f,1f],start_interpolation: 0,interpolation_duration: 1}
$data merge entity $(right_thumb) {transformation: [-0.0745f,-0.9539f,-0.2907f,-1.6737f,0.8702f,0.0802f,-0.4861f,4.865f,0.487f,-0.2891f,0.8241f,2.7929f,0f,0f,0f,1f],start_interpolation: 0,interpolation_duration: 1}
$data merge entity $(right_fingers2) {transformation: [0.2221f,0.7571f,-0.6143f,-1.2543f,-0.6758f,-0.3346f,-0.6567f,4.581f,-0.7028f,0.561f,0.4374f,3.1397f,0f,0f,0f,1f],start_interpolation: 0,interpolation_duration: 1}
$data merge entity $(right_fingers) {transformation: [0.6553f,-0.4395f,-0.6143f,-1.3656f,-0.1159f,0.7452f,-0.6567f,4.7852f,0.7464f,0.5016f,0.4374f,3.3069f,0f,0f,0f,1f],start_interpolation: 0,interpolation_duration: 1}
$data merge entity $(scout) {transformation: [0f,0f,0f,-1.3946f,0f,0f,0f,4.5935f,0f,0f,0f,3.2221f,0f,0f,0f,1f],start_interpolation: 0,interpolation_duration: 1}
$data merge entity $(right_hand) {transformation: [-0.3807f,-0.6911f,-0.6143f,-1.8153f,0.7323f,0.1804f,-0.6567f,4.8633f,0.5647f,-0.6998f,0.4374f,2.8936f,0f,0f,0f,1f],start_interpolation: 0,interpolation_duration: 1}
$data merge entity $(right_forearm) {transformation: [-0.795f,-0.3419f,-1.0715f,-2.3361f,1.0543f,0.2307f,-0.8558f,5.1357f,0.3919f,-1.3142f,0.1286f,0.9029f,0f,0f,0f,1f],start_interpolation: 0,interpolation_duration: 1}
$data merge entity $(right_shoulder) {transformation: [-0.7908f,1.0812f,-0.5962f,-0.8393f,1.1421f,0.9096f,0.1347f,6.0102f,0.4692f,-0.3918f,-1.3327f,0.3735f,0f,0f,0f,1f],start_interpolation: 0,interpolation_duration: 1}
$data merge entity $(right_arm) {transformation: [-0.7999f,0.1883f,-0.5699f,-0.3385f,0.1738f,0.9815f,0.0803f,6.1972f,0.5745f,-0.0348f,-0.8178f,0.0326f,0f,0f,0f,1f],start_interpolation: 0,interpolation_duration: 1}
$data merge entity $(left_thumb_2) {transformation: [0.2311f,0.5013f,0.8338f,0.6551f,-0.9601f,0.2564f,0.1119f,5.7623f,-0.1577f,-0.8264f,0.5406f,2.0729f,0f,0f,0f,1f],start_interpolation: 0,interpolation_duration: 1}
$data merge entity $(left_thumb) {transformation: [0.2311f,0.9728f,-0.0173f,0.9341f,-0.9601f,0.2251f,-0.1661f,5.9794f,-0.1577f,0.055f,0.986f,2.1f,0f,0f,0f,1f],start_interpolation: 0,interpolation_duration: 1}
$data merge entity $(left_fingers2) {transformation: [-0.1632f,-0.8763f,0.4533f,0.4453f,0.8709f,-0.3438f,-0.3512f,5.7064f,0.4636f,0.3375f,0.8193f,2.3518f,0f,0f,0f,1f],start_interpolation: 0,interpolation_duration: 1}
$data merge entity $(left_fingers) {transformation: [0.8848f,0.1079f,0.4533f,0.4544f,0.066f,0.934f,-0.3512f,5.9681f,-0.4612f,0.3406f,0.8193f,2.4679f,0f,0f,0f,1f],start_interpolation: 0,interpolation_duration: 1}
$data merge entity $(left_hand) {transformation: [-0.0304f,0.8909f,0.4533f,1.0214f,-0.9247f,0.1471f,-0.3512f,6.0383f,-0.3796f,-0.4298f,0.8193f,2.2382f,0f,0f,0f,1f],start_interpolation: 0,interpolation_duration: 1}
$data merge entity $(left_forearm) {transformation: [-0.9607f,0.6652f,0.7292f,2.0098f,-0.9525f,-0.3583f,-0.9281f,5.4254f,-0.2586f,-1.1516f,0.7099f,0.519f,0f,0f,0f,1f],start_interpolation: 0,interpolation_duration: 1}
$data merge entity $(left_shoulder) {transformation: [-0.3848f,-0.9244f,1.0711f,0.7708f,-1.3978f,0.4202f,-0.1396f,5.6603f,-0.2189f,-1.0578f,-0.9915f,-0.7829f,0f,0f,0f,1f],start_interpolation: 0,interpolation_duration: 1}
$data merge entity $(left_arm) {transformation: [-0.7999f,0.1883f,-0.5699f,0.3694f,0.1738f,0.9815f,0.0803f,6.0434f,0.5745f,-0.0348f,-0.8178f,-0.4759f,0f,0f,0f,1f],start_interpolation: 0,interpolation_duration: 1}
$data merge entity $(chest) {transformation: [-1.0227f,0.2407f,-0.7286f,-0.3443f,0.2222f,1.2549f,0.1027f,4.3505f,0.7345f,-0.0445f,-1.0456f,-0.1872f,0f,0f,0f,1f],start_interpolation: 0,interpolation_duration: 1}
$data merge entity $(left_cheek) {transformation: [-0.6962f,-0.4726f,-0.5404f,-1.1123f,-0.1646f,0.8378f,-0.5206f,2.8945f,0.6988f,-0.2735f,-0.661f,-0.8393f,0f,0f,0f,1f],start_interpolation: 0,interpolation_duration: 1}
$data merge entity $(left_foot) {transformation: [-0.3509f,-0.1027f,-0.9548f,0.1989f,-0.0888f,1.0156f,-0.0766f,-3.8569f,0.9562f,0.0566f,-0.3575f,-0.2193f,0f,0f,0f,1f],start_interpolation: 0,interpolation_duration: 1}
$data merge entity $(left_knee) {transformation: [-1.3957f,0.8397f,-2.5689f,1.2961f,-0.1491f,2.8629f,1.0168f,0.1513f,2.6985f,0.5925f,-1.2725f,0.4712f,0f,0f,0f,1f],start_interpolation: 0,interpolation_duration: 1}
$data merge entity $(left_leg) {transformation: [-0.7338f,-0.9418f,-1.2353f,-0.2071f,0.1175f,1.3286f,-1.0828f,2.3163f,1.5489f,-0.547f,-0.503f,-0.326f,0f,0f,0f,1f],start_interpolation: 0,interpolation_duration: 1}
$data merge entity $(right_cheek) {transformation: [-0.4371f,-0.1507f,-0.8867f,-1.6386f,0.6045f,0.6807f,-0.4137f,3.1433f,0.6659f,-0.7169f,-0.2065f,-0.3949f,0f,0f,0f,1f],start_interpolation: 0,interpolation_duration: 1}
$data merge entity $(right_foot) {transformation: [-0.5922f,0.6857f,-0.4736f,-1.7555f,0.3534f,0.7328f,0.6191f,-2.963f,0.7548f,0.1949f,-0.6615f,3.5903f,0f,0f,0f,1f],start_interpolation: 0,interpolation_duration: 1}
$data merge entity $(right_knee) {transformation: [-1.5084f,1.1224f,-2.391f,-0.3432f,1.382f,2.6819f,0.387f,0.8042f,2.2509f,-0.8944f,-1.8399f,2.3417f,0f,0f,0f,1f],start_interpolation: 0,interpolation_duration: 1}
$data merge entity $(right_leg) {transformation: [-0.852f,-0.6454f,-1.345f,-1.3023f,0.7806f,1.1271f,-1.0353f,2.6078f,1.2713f,-1.1245f,-0.2657f,0.4951f,0f,0f,0f,1f],start_interpolation: 0,interpolation_duration: 1}
$data merge entity $(weist) {transformation: [-1.2696f,0.2652f,-0.9746f,-0.5555f,0.3379f,1.5867f,-0.0083f,4.0759f,0.9519f,-0.2095f,-1.2969f,-0.2226f,0f,0f,0f,1f],start_interpolation: 0,interpolation_duration: 1}
data modify storage animated_java:temp entry.data merge value {"locators":{"consume":{"px":-1.2429030029,"py":4.5539352769,"pz":3.2876430153,"ry":234.5491493277,"rx":-41.048641522}}}
# Data Manager: Prepare for Read / Write
execute store result storage animated_java:temp args.id int 1 run scoreboard players get @s aj.id
# Data Manager: Write
function animated_java:global/data_manager/write with storage animated_java:temp args