# This file was generated by Animated Java via MC-Build. It is not recommended to edit this file directly.
$data merge entity $(neck) {transformation: [-0.9854f,0.0701f,0.1552f,0.0832f,0.1212f,0.9289f,0.35f,6.1319f,-0.1196f,0.3637f,-0.9238f,-0.2448f,0f,0f,0f,1f],start_interpolation: 0,interpolation_duration: 1}
$data merge entity $(right_thumb_2) {transformation: [-0.2361f,-0.3771f,-0.8956f,-0.8632f,0.8481f,0.3698f,-0.3793f,4.7186f,0.4742f,-0.8492f,0.2325f,2.8661f,0f,0f,0f,1f],start_interpolation: 0,interpolation_duration: 1}
$data merge entity $(right_thumb) {transformation: [-0.2361f,-0.9641f,-0.1212f,-1.2067f,0.8481f,-0.1436f,-0.5099f,4.8054f,0.4742f,-0.2233f,0.8516f,2.8526f,0f,0f,0f,1f],start_interpolation: 0,interpolation_duration: 1}
$data merge entity $(right_fingers2) {transformation: [0.3224f,0.8471f,-0.4225f,-0.7131f,-0.6334f,-0.1387f,-0.7613f,4.6336f,-0.7035f,0.5131f,0.4918f,3.1747f,0f,0f,0f,1f],start_interpolation: 0,interpolation_duration: 1}
$data merge entity $(right_fingers) {transformation: [0.7109f,-0.5622f,-0.4225f,-0.8564f,0.0582f,0.6458f,-0.7613f,4.8137f,0.7009f,0.5166f,0.4918f,3.3453f,0f,0f,0f,1f],start_interpolation: 0,interpolation_duration: 1}
$data merge entity $(scout) {transformation: [0f,0f,0f,-0.8471f,0f,0f,0f,4.6175f,0f,0f,0f,3.2664f,0f,0f,0f,1f],start_interpolation: 0,interpolation_duration: 1}
$data merge entity $(right_hand) {transformation: [-0.4981f,-0.7572f,-0.4225f,-1.3376f,0.6484f,-0.0017f,-0.7613f,4.7758f,0.5758f,-0.6532f,0.4918f,2.963f,0f,0f,0f,1f],start_interpolation: 0,interpolation_duration: 1}
$data merge entity $(right_forearm) {transformation: [-0.9103f,-0.4947f,-0.9076f,-2.0778f,0.9318f,0.1307f,-1.0059f,4.8972f,0.4474f,-1.2788f,0.2483f,1.0275f,0f,0f,0f,1f],start_interpolation: 0,interpolation_duration: 1}
$data merge entity $(right_shoulder) {transformation: [-0.9093f,0.8617f,-0.7619f,-0.8193f,1.0263f,1.0463f,-0.0413f,5.9674f,0.5194f,-0.5589f,-1.2521f,0.2817f,0f,0f,0f,1f],start_interpolation: 0,interpolation_duration: 1}
$data merge entity $(right_arm) {transformation: [-0.8628f,0.1835f,-0.4711f,-0.2836f,0.1552f,0.9829f,0.0987f,6.1655f,0.4812f,0.012f,-0.8765f,0.0064f,0f,0f,0f,1f],start_interpolation: 0,interpolation_duration: 1}
$data merge entity $(left_thumb_2) {transformation: [0.2779f,0.4825f,0.8306f,0.8651f,-0.9439f,0.2979f,0.1427f,5.6994f,-0.1786f,-0.8237f,0.5382f,2.1521f,0f,0f,0f,1f],start_interpolation: 0,interpolation_duration: 1}
$data merge entity $(left_thumb) {transformation: [0.2779f,0.9606f,-0.0025f,1.133f,-0.9439f,0.2725f,-0.1867f,5.9297f,-0.1786f,0.0543f,0.9824f,2.1822f,0f,0f,0f,1f],start_interpolation: 0,interpolation_duration: 1}
$data merge entity $(left_fingers2) {transformation: [-0.2036f,-0.8558f,0.4756f,0.6601f,0.8521f,-0.3941f,-0.3445f,5.6274f,0.4822f,0.3351f,0.8094f,2.431f,0f,0f,0f,1f],start_interpolation: 0,interpolation_duration: 1}
$data merge entity $(left_fingers) {transformation: [0.8774f,0.0632f,0.4756f,0.6568f,0.1197f,0.9311f,-0.3445f,5.8869f,-0.4646f,0.3592f,0.8094f,2.5524f,0f,0f,0f,1f],start_interpolation: 0,interpolation_duration: 1}
$data merge entity $(left_hand) {transformation: [0.0135f,0.8796f,0.4756f,1.2182f,-0.9172f,0.2004f,-0.3445f,5.9901f,-0.3983f,-0.4315f,0.8094f,2.3211f,0f,0f,0f,1f],start_interpolation: 0,interpolation_duration: 1}
$data merge entity $(left_forearm) {transformation: [-0.9047f,0.663f,0.7995f,2.2081f,-1.0059f,-0.2955f,-0.8933f,5.4708f,-0.2585f,-1.1706f,0.6783f,0.5722f,0f,0f,0f,1f],start_interpolation: 0,interpolation_duration: 1}
$data merge entity $(left_shoulder) {transformation: [-0.3027f,-0.981f,1.0469f,0.9174f,-1.4143f,0.3835f,-0.0496f,5.6549f,-0.2407f,-1.02f,-1.0254f,-0.687f,0f,0f,0f,1f],start_interpolation: 0,interpolation_duration: 1}
$data merge entity $(left_arm) {transformation: [-0.8628f,0.1835f,-0.4711f,0.48f,0.1552f,0.9829f,0.0987f,6.0281f,0.4812f,0.012f,-0.8765f,-0.4195f,0f,0f,0f,1f],start_interpolation: 0,interpolation_duration: 1}
$data merge entity $(chest) {transformation: [-1.1031f,0.2347f,-0.6024f,-0.2496f,0.1985f,1.2567f,0.1262f,4.325f,0.6152f,0.0153f,-1.1207f,-0.2586f,0f,0f,0f,1f],start_interpolation: 0,interpolation_duration: 1}
$data merge entity $(left_cheek) {transformation: [-0.8566f,-0.3709f,-0.3586f,-0.7524f,-0.1489f,0.8433f,-0.5165f,2.9204f,0.494f,-0.389f,-0.7776f,-1.0848f,0f,0f,0f,1f],start_interpolation: 0,interpolation_duration: 1}
$data merge entity $(left_foot) {transformation: [-0.576f,-0.1116f,-0.8373f,0.3062f,-0.0698f,1.0162f,-0.0874f,-3.9074f,0.8418f,0.0079f,-0.5801f,-0.0969f,0f,0f,0f,1f],start_interpolation: 0,interpolation_duration: 1}
$data merge entity $(left_knee) {transformation: [-2.0185f,0.6663f,-2.1758f,1.1973f,-0.0981f,2.8802f,0.973f,0.1215f,2.2734f,0.7158f,-1.8898f,0.7512f,0f,0f,0f,1f],start_interpolation: 0,interpolation_duration: 1}
$data merge entity $(left_leg) {transformation: [-1.0994f,-0.7538f,-1.0837f,-0.0243f,0.1113f,1.3524f,-1.0536f,2.3237f,1.3154f,-0.7445f,-0.8166f,-0.3629f,0f,0f,0f,1f],start_interpolation: 0,interpolation_duration: 1}
$data merge entity $(right_cheek) {transformation: [-0.7285f,0.0594f,-0.6825f,-1.3645f,0.527f,0.6852f,-0.5028f,3.0496f,0.4377f,-0.726f,-0.5304f,-0.8027f,0f,0f,0f,1f],start_interpolation: 0,interpolation_duration: 1}
$data merge entity $(right_foot) {transformation: [-0.8761f,0.5151f,-0.1115f,-2.5552f,0.2699f,0.6244f,0.7633f,-2.9379f,0.4527f,0.6246f,-0.671f,2.2214f,0f,0f,0f,1f],start_interpolation: 0,interpolation_duration: 1}
$data merge entity $(right_knee) {transformation: [-2.3908f,1.3332f,-1.3262f,-0.833f,1.1197f,2.7327f,0.7285f,0.9061f,1.5108f,0.0844f,-2.6387f,2.2737f,0f,0f,0f,1f],start_interpolation: 0,interpolation_duration: 1}
$data merge entity $(right_leg) {transformation: [-1.3503f,-0.347f,-1.0038f,-1.3033f,0.6324f,1.0418f,-1.2109f,2.5843f,0.8533f,-1.3212f,-0.6911f,0.1417f,0f,0f,0f,1f],start_interpolation: 0,interpolation_duration: 1}
$data merge entity $(weist) {transformation: [-1.4827f,0.2991f,-0.5866f,-0.402f,0.3022f,1.5932f,0.0485f,4.0785f,0.585f,-0.0649f,-1.5118f,-0.2862f,0f,0f,0f,1f],start_interpolation: 0,interpolation_duration: 1}
data modify storage animated_java:temp entry.data merge value {"locators":{"consume":{"px":-0.6865392589,"py":4.6149159953,"pz":3.3219260359,"ry":220.6667867661,"rx":-49.5797068003}}}
# Data Manager: Prepare for Read / Write
execute store result storage animated_java:temp args.id int 1 run scoreboard players get @s aj.id
# Data Manager: Write
function animated_java:global/data_manager/write with storage animated_java:temp args