# This file was generated by Animated Java via MC-Build. It is not recommended to edit this file directly.
$data merge entity $(neck) {transformation: [-0.978f,-0.0153f,0.2081f,0.1404f,0.0555f,0.9422f,0.3303f,6.1089f,-0.2011f,0.3346f,-0.9206f,-0.2163f,0f,0f,0f,1f],start_interpolation: 0,interpolation_duration: 1}
$data merge entity $(right_thumb_2) {transformation: [-0.4112f,-0.4611f,-0.7863f,-0.5204f,0.8039f,0.2233f,-0.5513f,4.9187f,0.4298f,-0.8588f,0.2788f,2.8815f,0f,0f,0f,1f],start_interpolation: 0,interpolation_duration: 1}
$data merge entity $(right_thumb) {transformation: [-0.4112f,-0.9115f,0.0061f,-0.8747f,0.8039f,-0.3658f,-0.4691f,4.9269f,0.4298f,-0.188f,0.8831f,2.8723f,0f,0f,0f,1f],start_interpolation: 0,interpolation_duration: 1}
$data merge entity $(right_fingers2) {transformation: [0.4447f,0.8637f,-0.2371f,-0.351f,-0.5904f,0.0836f,-0.8028f,4.8885f,-0.6736f,0.497f,0.5471f,3.1903f,0f,0f,0f,1f],start_interpolation: 0,interpolation_duration: 1}
$data merge entity $(right_fingers) {transformation: [0.69f,-0.6838f,-0.2371f,-0.5282f,0.2573f,0.5379f,-0.8028f,5.0432f,0.6765f,0.493f,0.5471f,3.3539f,0f,0f,0f,1f],start_interpolation: 0,interpolation_duration: 1}
$data merge entity $(scout) {transformation: [0f,0f,0f,-0.4768f,0f,0f,0f,4.8492f,0f,0f,0f,3.2865f,0f,0f,0f,1f],start_interpolation: 0,interpolation_duration: 1}
$data merge entity $(right_hand) {transformation: [-0.6211f,-0.747f,-0.2371f,-0.9943f,0.5583f,-0.2094f,-0.8028f,4.8763f,0.55f,-0.631f,0.5471f,2.9878f,0f,0f,0f,1f],start_interpolation: 0,interpolation_duration: 1}
$data merge entity $(right_forearm) {transformation: [-1.0286f,-0.5662f,-0.7201f,-1.8304f,0.8086f,-0.0525f,-1.1138f,4.7231f,0.4304f,-1.2545f,0.3716f,1.0941f,0f,0f,0f,1f],start_interpolation: 0,interpolation_duration: 1}
$data merge entity $(right_shoulder) {transformation: [-1.0448f,0.6314f,-0.8121f,-0.8238f,0.901f,1.1204f,-0.2879f,5.9167f,0.4966f,-0.7042f,-1.1863f,0.1736f,0f,0f,0f,1f],start_interpolation: 0,interpolation_duration: 1}
$data merge entity $(right_arm) {transformation: [-0.9239f,0.1636f,-0.3458f,-0.2583f,0.1293f,0.9843f,0.1202f,6.13f,0.3601f,0.0663f,-0.9306f,-0.0181f,0f,0f,0f,1f],start_interpolation: 0,interpolation_duration: 1}
$data merge entity $(left_thumb_2) {transformation: [0.3274f,0.4637f,0.8233f,0.9846f,-0.9297f,0.3137f,0.193f,5.7214f,-0.1688f,-0.8286f,0.5338f,2.2809f,0f,0f,0f,1f],start_interpolation: 0,interpolation_duration: 1}
$data merge entity $(left_thumb) {transformation: [0.3274f,0.9448f,0.0101f,1.2399f,-0.9297f,0.324f,-0.1752f,5.9659f,-0.1688f,0.048f,0.9845f,2.3075f,0f,0f,0f,1f],start_interpolation: 0,interpolation_duration: 1}
$data merge entity $(left_fingers2) {transformation: [-0.2475f,-0.8326f,0.4955f,0.7845f,0.8455f,-0.4353f,-0.3092f,5.6418f,0.4732f,0.3424f,0.8117f,2.5613f,0f,0f,0f,1f],start_interpolation: 0,interpolation_duration: 1}
$data merge entity $(left_fingers) {transformation: [0.8685f,0.0143f,0.4955f,0.7677f,0.1609f,0.9373f,-0.3092f,5.902f,-0.4688f,0.3483f,0.8117f,2.6797f,0f,0f,0f,1f],start_interpolation: 0,interpolation_duration: 1}
$data merge entity $(left_hand) {transformation: [0.0614f,0.8665f,0.4955f,1.3221f,-0.9197f,0.242f,-0.3092f,6.0324f,-0.3878f,-0.4367f,0.8117f,2.4454f,0f,0f,0f,1f],start_interpolation: 0,interpolation_duration: 1}
$data merge entity $(left_forearm) {transformation: [-0.8535f,0.6788f,0.8414f,2.3395f,-1.052f,-0.2748f,-0.8455f,5.544f,-0.2488f,-1.1666f,0.6887f,0.7033f,0f,0f,0f,1f],start_interpolation: 0,interpolation_duration: 1}
$data merge entity $(left_shoulder) {transformation: [-0.2308f,-1.0034f,1.0439f,1.036f,-1.429f,0.3285f,-0.0002f,5.6565f,-0.2337f,-1.0174f,-1.0296f,-0.5511f,0f,0f,0f,1f],start_interpolation: 0,interpolation_duration: 1}
$data merge entity $(left_arm) {transformation: [-0.9239f,0.1636f,-0.3458f,0.5594f,0.1293f,0.9843f,0.1202f,6.0156f,0.3601f,0.0663f,-0.9306f,-0.3367f,0f,0f,0f,1f],start_interpolation: 0,interpolation_duration: 1}
$data merge entity $(chest) {transformation: [-1.1813f,0.2091f,-0.4422f,-0.1568f,0.1653f,1.2585f,0.1536f,4.2993f,0.4603f,0.0848f,-1.1898f,-0.3294f,0f,0f,0f,1f],start_interpolation: 0,interpolation_duration: 1}
$data merge entity $(left_cheek) {transformation: [-0.9575f,-0.2474f,-0.1482f,-0.2939f,-0.1457f,0.8586f,-0.4915f,2.9757f,0.2489f,-0.449f,-0.8581f,-1.2674f,0f,0f,0f,1f],start_interpolation: 0,interpolation_duration: 1}
$data merge entity $(left_foot) {transformation: [-0.7582f,-0.0715f,-0.6821f,0.3685f,-0.0323f,1.0194f,-0.0709f,-3.9488f,0.6851f,-0.031f,-0.7583f,0.0163f,0f,0f,0f,1f],start_interpolation: 0,interpolation_duration: 1}
$data merge entity $(left_knee) {transformation: [-2.4959f,0.5338f,-1.6546f,1.1112f,0.0078f,2.8982f,0.9232f,0.0999f,1.7385f,0.7533f,-2.3795f,0.9117f,0f,0f,0f,1f],start_interpolation: 0,interpolation_duration: 1}
$data merge entity $(left_leg) {transformation: [-1.3985f,-0.5395f,-0.8393f,0.2133f,0.0805f,1.3794f,-1.0209f,2.3431f,0.9945f,-0.8704f,-1.0976f,-0.4092f,0f,0f,0f,1f],start_interpolation: 0,interpolation_duration: 1}
$data merge entity $(right_cheek) {transformation: [-0.8921f,0.2523f,-0.3747f,-0.9471f,0.4313f,0.7226f,-0.5403f,2.9801f,0.1345f,-0.6436f,-0.7534f,-1.1328f,0f,0f,0f,1f],start_interpolation: 0,interpolation_duration: 1}
$data merge entity $(right_foot) {transformation: [-1.0039f,0.154f,0.1174f,-2.5371f,0.178f,0.4906f,0.8791f,-2.9195f,0.0761f,0.8837f,-0.5085f,0.6374f,0f,0f,0f,1f],start_interpolation: 0,interpolation_duration: 1}
$data merge entity $(right_knee) {transformation: [-2.8851f,0.9476f,-0.1749f,-1.3156f,0.8177f,2.6997f,1.1381f,0.8869f,0.5098f,1.0324f,-2.8154f,1.9658f,0f,0f,0f,1f],start_interpolation: 0,interpolation_duration: 1}
$data merge entity $(right_leg) {transformation: [-1.6295f,0.0437f,-0.5425f,-1.1619f,0.4618f,1.0169f,-1.3054f,2.5351f,0.2879f,-1.384f,-0.9763f,-0.2348f,0f,0f,0f,1f],start_interpolation: 0,interpolation_duration: 1}
$data merge entity $(weist) {transformation: [-1.5942f,0.2348f,-0.1878f,-0.249f,0.2226f,1.6029f,0.1148f,4.0783f,0.2022f,0.087f,-1.6073f,-0.3499f,0f,0f,0f,1f],start_interpolation: 0,interpolation_duration: 1}
data modify storage animated_java:temp entry.data merge value {"locators":{"consume":{"px":-0.3189304451,"py":4.8854894794,"pz":3.3376271708,"ry":203.4283223117,"rx":-53.3970988835}}}
# Data Manager: Prepare for Read / Write
execute store result storage animated_java:temp args.id int 1 run scoreboard players get @s aj.id
# Data Manager: Write
function animated_java:global/data_manager/write with storage animated_java:temp args