# This file was generated by Animated Java via MC-Build. It is not recommended to edit this file directly.
$data merge entity $(neck) {transformation: [-0.9655f,-0.0777f,0.2484f,0.1637f,0.0054f,0.9482f,0.3175f,6.0949f,-0.2602f,0.3079f,-0.9152f,-0.1887f,0f,0f,0f,1f],start_interpolation: 0,interpolation_duration: 1}
$data merge entity $(right_thumb_2) {transformation: [-0.5384f,-0.4565f,-0.7083f,-0.4352f,0.7705f,0.0736f,-0.6331f,5.2593f,0.3412f,-0.8867f,0.3121f,2.8678f,0f,0f,0f,1f],start_interpolation: 0,interpolation_duration: 1}
$data merge entity $(right_thumb) {transformation: [-0.5384f,-0.8417f,0.0412f,-0.7864f,0.7705f,-0.5115f,-0.3803f,5.2143f,0.3412f,-0.1731f,0.9239f,2.8496f,0f,0f,0f,1f],start_interpolation: 0,interpolation_duration: 1}
$data merge entity $(right_fingers2) {transformation: [0.5497f,0.8237f,-0.1388f,-0.2747f,-0.5776f,0.2548f,-0.7755f,5.2827f,-0.6034f,0.5065f,0.6159f,3.1819f,0f,0f,0f,1f],start_interpolation: 0,interpolation_duration: 1}
$data merge entity $(right_fingers) {transformation: [0.6203f,-0.772f,-0.1388f,-0.4783f,0.4167f,0.4743f,-0.7755f,5.4239f,0.6645f,0.4232f,0.6159f,3.3257f,0f,0f,0f,1f],start_interpolation: 0,interpolation_duration: 1}
$data merge entity $(scout) {transformation: [0f,0f,0f,-0.397f,0f,0f,0f,5.2343f,0f,0f,0f,3.2784f,0f,0f,0f,1f],start_interpolation: 0,interpolation_duration: 1}
$data merge entity $(right_hand) {transformation: [-0.715f,-0.6852f,-0.1388f,-0.9017f,0.5088f,-0.3738f,-0.7755f,5.1575f,0.4795f,-0.6251f,0.6159f,2.9666f,0f,0f,0f,1f],start_interpolation: 0,interpolation_duration: 1}
$data merge entity $(right_forearm) {transformation: [-1.1125f,-0.5465f,-0.6007f,-1.7003f,0.7423f,-0.2713f,-1.128f,4.677f,0.3292f,-1.2349f,0.5137f,1.1119f,0f,0f,0f,1f],start_interpolation: 0,interpolation_duration: 1}
$data merge entity $(right_shoulder) {transformation: [-1.1539f,0.4938f,-0.7579f,-0.8412f,0.8134f,1.1041f,-0.519f,5.8758f,0.3959f,-0.8289f,-1.1428f,0.0583f,0f,0f,0f,1f],start_interpolation: 0,interpolation_duration: 1}
$data merge entity $(right_arm) {transformation: [-0.9674f,0.1324f,-0.2157f,-0.2591f,0.1037f,0.9848f,0.1394f,6.1038f,0.2309f,0.1125f,-0.9664f,-0.0475f,0f,0f,0f,1f],start_interpolation: 0,interpolation_duration: 1}
$data merge entity $(left_thumb_2) {transformation: [0.3689f,0.4514f,0.8125f,0.9382f,-0.9219f,0.2886f,0.2583f,5.8433f,-0.1179f,-0.8444f,0.5226f,2.4433f,0f,0f,0f,1f],start_interpolation: 0,interpolation_duration: 1}
$data merge entity $(left_thumb) {transformation: [0.3689f,0.9293f,0.0154f,1.1822f,-0.9219f,0.368f,-0.1208f,6.1001f,-0.1179f,0.0304f,0.9926f,2.4565f,0f,0f,0f,1f],start_interpolation: 0,interpolation_duration: 1}
$data merge entity $(left_fingers2) {transformation: [-0.2861f,-0.8133f,0.5067f,0.7411f,0.8581f,-0.4528f,-0.2422f,5.7702f,0.4264f,0.3655f,0.8274f,2.7275f,0f,0f,0f,1f],start_interpolation: 0,interpolation_duration: 1}
$data merge entity $(left_fingers) {transformation: [0.8617f,-0.0283f,0.5067f,0.7124f,0.1738f,0.9545f,-0.2422f,6.0355f,-0.4768f,0.2968f,0.8274f,2.8316f,0f,0f,0f,1f],start_interpolation: 0,interpolation_duration: 1}
$data merge entity $(left_hand) {transformation: [0.1033f,0.8559f,0.5067f,1.2611f,-0.9357f,0.2564f,-0.2422f,6.1776f,-0.3372f,-0.4491f,0.8274f,2.5906f,0f,0f,0f,1f],start_interpolation: 0,interpolation_duration: 1}
$data merge entity $(left_forearm) {transformation: [-0.8303f,0.7258f,0.8252f,2.3496f,-1.0741f,-0.3176f,-0.8015f,5.6255f,-0.2321f,-1.1267f,0.7575f,0.9117f,0f,0f,0f,1f],start_interpolation: 0,interpolation_duration: 1}
$data merge entity $(left_shoulder) {transformation: [-0.1984f,-0.9582f,1.092f,1.1062f,-1.4407f,0.2717f,-0.0233f,5.667f,-0.1871f,-1.0761f,-0.9782f,-0.4065f,0f,0f,0f,1f],start_interpolation: 0,interpolation_duration: 1}
$data merge entity $(left_arm) {transformation: [-0.9674f,0.1324f,-0.2157f,0.5972f,0.1037f,0.9848f,0.1394f,6.012f,0.2309f,0.1125f,-0.9664f,-0.2518f,0f,0f,0f,1f],start_interpolation: 0,interpolation_duration: 1}
$data merge entity $(chest) {transformation: [-1.2369f,0.1693f,-0.2758f,-0.0776f,0.1326f,1.2591f,0.1783f,4.2842f,0.2952f,0.1439f,-1.2356f,-0.3863f,0f,0f,0f,1f],start_interpolation: 0,interpolation_duration: 1}
$data merge entity $(left_cheek) {transformation: [-0.9874f,-0.1558f,0.0295f,0.1081f,-0.1524f,0.8814f,-0.4471f,3.0483f,0.0437f,-0.446f,-0.894f,-1.304f,0f,0f,0f,1f],start_interpolation: 0,interpolation_duration: 1}
$data merge entity $(left_foot) {transformation: [-0.8693f,-0.0172f,-0.5379f,0.4809f,-0.0137f,1.0222f,-0.0105f,-3.962f,0.5379f,-0.0017f,-0.8694f,0.0768f,0f,0f,0f,1f],start_interpolation: 0,interpolation_duration: 1}
$data merge entity $(left_knee) {transformation: [-2.7676f,0.4171f,-1.1909f,1.0888f,0.0583f,2.91f,0.8837f,0.0999f,1.2605f,0.7813f,-2.6557f,1.0132f,0f,0f,0f,1f],start_interpolation: 0,interpolation_duration: 1}
$data merge entity $(left_leg) {transformation: [-1.5682f,-0.3776f,-0.5913f,0.4361f,0.0411f,1.396f,-1.0004f,2.3674f,0.7004f,-0.9273f,-1.2653f,-0.4062f,0f,0f,0f,1f],start_interpolation: 0,interpolation_duration: 1}
$data merge entity $(right_cheek) {transformation: [-0.927f,0.3622f,-0.0974f,-0.5557f,0.3584f,0.7791f,-0.5144f,2.963f,-0.1104f,-0.5117f,-0.852f,-1.2948f,0f,0f,0f,1f],start_interpolation: 0,interpolation_duration: 1}
$data merge entity $(right_foot) {transformation: [-0.9885f,-0.1665f,0.2009f,-2.0456f,0.1178f,0.4179f,0.9256f,-2.9238f,-0.2329f,0.9181f,-0.3849f,-0.5024f,0f,0f,0f,1f],start_interpolation: 0,interpolation_duration: 1}
$data merge entity $(right_knee) {transformation: [-2.9585f,0.3402f,0.6193f,-1.6343f,0.6057f,2.5943f,1.468f,0.7442f,-0.364f,1.5511f,-2.5911f,1.5279f,0f,0f,0f,1f],start_interpolation: 0,interpolation_duration: 1}
$data merge entity $(right_leg) {transformation: [-1.671f,0.3779f,-0.1285f,-0.9557f,0.3421f,1.0709f,-1.299f,2.4838f,-0.2056f,-1.2891f,-1.1169f,-0.496f,0f,0f,0f,1f],start_interpolation: 0,interpolation_duration: 1}
$data merge entity $(weist) {transformation: [-1.6134f,0.1242f,0.1166f,-0.125f,0.1349f,1.6095f,0.1524f,4.0743f,-0.104f,0.1612f,-1.611f,-0.4038f,0f,0f,0f,1f],start_interpolation: 0,interpolation_duration: 1}
data modify storage animated_java:temp entry.data merge value {"locators":{"consume":{"px":-0.2480153317,"py":5.2978915334,"pz":3.3294733012,"ry":192.699245649,"rx":-50.850806933}}}
# Data Manager: Prepare for Read / Write
execute store result storage animated_java:temp args.id int 1 run scoreboard players get @s aj.id
# Data Manager: Write
function animated_java:global/data_manager/write with storage animated_java:temp args