# This file was generated by Animated Java via MC-Build. It is not recommended to edit this file directly.
$data merge entity $(neck) {transformation: [-0.959f,-0.103f,0.2639f,0.1897f,-0.0149f,0.9486f,0.3162f,6.0933f,-0.2829f,0.2993f,-0.9112f,-0.1862f,0f,0f,0f,1f],start_interpolation: 0,interpolation_duration: 1}
$data merge entity $(right_thumb_2) {transformation: [-0.5726f,-0.3759f,-0.7286f,-0.5239f,0.8025f,-0.075f,-0.5919f,5.7986f,0.1679f,-0.9236f,0.3446f,2.7344f,0f,0f,0f,1f],start_interpolation: 0,interpolation_duration: 1}
$data merge entity $(right_thumb) {transformation: [-0.5726f,-0.8189f,-0.0388f,-0.8718f,0.8025f,-0.5501f,-0.231f,5.7439f,0.1679f,-0.1634f,0.9722f,2.693f,0f,0f,0f,1f],start_interpolation: 0,interpolation_duration: 1}
$data merge entity $(right_fingers2) {transformation: [0.6058f,0.7732f,-0.1875f,-0.3924f,-0.6525f,0.3481f,-0.673f,5.8741f,-0.4551f,0.5301f,0.7154f,3.0537f,0f,0f,0f,1f],start_interpolation: 0,interpolation_duration: 1}
$data merge entity $(right_fingers) {transformation: [0.5552f,-0.8103f,-0.1875f,-0.609f,0.5282f,0.5177f,-0.673f,6.0315f,0.6424f,0.2747f,0.7154f,3.1554f,0f,0f,0f,1f],start_interpolation: 0,interpolation_duration: 1}
$data merge entity $(scout) {transformation: [0f,0f,0f,-0.5225f,0f,0f,0f,5.8386f,0f,0f,0f,3.1456f,0f,0f,0f,1f],start_interpolation: 0,interpolation_duration: 1}
$data merge entity $(right_hand) {transformation: [-0.7588f,-0.6237f,-0.1875f,-0.9966f,0.5617f,-0.4811f,-0.673f,5.7035f,0.3296f,-0.616f,0.7154f,2.807f,0f,0f,0f,1f],start_interpolation: 0,interpolation_duration: 1}
$data merge entity $(right_forearm) {transformation: [-1.1203f,-0.4939f,-0.6311f,-1.7167f,0.7957f,-0.5566f,-0.9769f,4.7966f,0.0953f,-1.1591f,0.738f,1.0844f,0f,0f,0f,1f],start_interpolation: 0,interpolation_duration: 1}
$data merge entity $(right_shoulder) {transformation: [-1.2085f,0.505f,-0.6591f,-0.8363f,0.8087f,0.9799f,-0.7319f,5.8519f,0.1885f,-0.9667f,-1.0861f,-0.0973f,0f,0f,0f,1f],start_interpolation: 0,interpolation_duration: 1}
$data merge entity $(right_arm) {transformation: [-0.9932f,0.0935f,-0.0695f,-0.2497f,0.0823f,0.9853f,0.15f,6.0922f,0.0826f,0.1433f,-0.9862f,-0.1107f,0f,0f,0f,1f],start_interpolation: 0,interpolation_duration: 1}
$data merge entity $(left_thumb_2) {transformation: [0.3756f,0.4013f,0.8354f,0.7785f,-0.9267f,0.1536f,0.3429f,6.2103f,0.0093f,-0.903f,0.4296f,2.6265f,0f,0f,0f,1f],start_interpolation: 0,interpolation_duration: 1}
$data merge entity $(left_thumb) {transformation: [0.3756f,0.9241f,0.0701f,1.0191f,-0.9267f,0.3738f,0.0384f,6.4674f,0.0093f,-0.0794f,0.9968f,2.5855f,0f,0f,0f,1f],start_interpolation: 0,interpolation_duration: 1}
$data merge entity $(left_fingers2) {transformation: [-0.2756f,-0.7858f,0.5537f,0.598f,0.9131f,-0.394f,-0.1047f,6.1821f,0.3004f,0.4767f,0.8261f,2.9291f,0f,0f,0f,1f],start_interpolation: 0,interpolation_duration: 1}
$data merge entity $(left_fingers) {transformation: [0.8323f,-0.0265f,0.5537f,0.571f,0.1011f,0.9893f,-0.1047f,6.4604f,-0.545f,0.1431f,0.8261f,2.9913f,0f,0f,0f,1f],start_interpolation: 0,interpolation_duration: 1}
$data merge entity $(left_hand) {transformation: [0.0989f,0.8268f,0.5537f,1.1038f,-0.9768f,0.187f,-0.1047f,6.5657f,-0.1901f,-0.5304f,0.8261f,2.7011f,0f,0f,0f,1f],start_interpolation: 0,interpolation_duration: 1}
$data merge entity $(left_forearm) {transformation: [-0.8956f,0.7692f,0.7095f,2.2507f,-1.0341f,-0.5074f,-0.7553f,5.7312f,-0.1604f,-1.0238f,0.9073f,1.1857f,0f,0f,0f,1f],start_interpolation: 0,interpolation_duration: 1}
$data merge entity $(left_shoulder) {transformation: [-0.2792f,-0.8147f,1.1867f,1.163f,-1.4387f,0.1956f,-0.2042f,5.6863f,-0.0449f,-1.2033f,-0.8366f,-0.2635f,0f,0f,0f,1f],start_interpolation: 0,interpolation_duration: 1}
$data merge entity $(left_arm) {transformation: [-0.9932f,0.0935f,-0.0695f,0.6294f,0.0823f,0.9853f,0.15f,6.0194f,0.0826f,0.1433f,-0.9862f,-0.1838f,0f,0f,0f,1f],start_interpolation: 0,interpolation_duration: 1}
$data merge entity $(chest) {transformation: [-1.2698f,0.1196f,-0.0889f,0.0185f,0.1052f,1.2597f,0.1918f,4.2816f,0.1056f,0.1832f,-1.2609f,-0.4401f,0f,0f,0f,1f],start_interpolation: 0,interpolation_duration: 1}
$data merge entity $(left_cheek) {transformation: [-0.975f,-0.1197f,0.1872f,0.4327f,-0.1845f,0.9054f,-0.3823f,3.131f,-0.1237f,-0.4072f,-0.9049f,-1.1746f,0f,0f,0f,1f],start_interpolation: 0,interpolation_duration: 1}
$data merge entity $(left_foot) {transformation: [-0.9418f,0.0237f,-0.3971f,0.8225f,-0.0283f,1.014f,0.1276f,-3.9215f,0.3968f,0.1286f,-0.9334f,0.4165f,0f,0f,0f,1f],start_interpolation: 0,interpolation_duration: 1}
$data merge entity $(left_knee) {transformation: [-2.9311f,0.1973f,-0.7886f,1.1474f,-0.0034f,2.9478f,0.7499f,0.1892f,0.8129f,0.7235f,-2.8404f,1.2783f,0f,0f,0f,1f],start_interpolation: 0,interpolation_duration: 1}
$data merge entity $(left_leg) {transformation: [-1.6603f,-0.2765f,-0.3441f,0.6454f,-0.0077f,1.3573f,-1.0532f,2.3941f,0.4414f,-1.0163f,-1.3129f,-0.293f,0f,0f,0f,1f],start_interpolation: 0,interpolation_duration: 1}
$data merge entity $(right_cheek) {transformation: [-0.9121f,0.3892f,0.1289f,-0.2176f,0.3053f,0.8546f,-0.4201f,3.0065f,-0.2737f,-0.3438f,-0.8983f,-1.2976f,0f,0f,0f,1f],start_interpolation: 0,interpolation_duration: 1}
$data merge entity $(right_foot) {transformation: [-0.8971f,-0.3599f,0.333f,-1.5433f,0.0968f,0.5506f,0.856f,-3.1641f,-0.4806f,0.7827f,-0.4491f,-1.1683f,0f,0f,0f,1f],start_interpolation: 0,interpolation_duration: 1}
$data merge entity $(right_knee) {transformation: [-2.7811f,-0.17f,1.2202f,-1.8084f,0.5321f,2.5515f,1.5681f,0.4466f,-1.1112f,1.6472f,-2.3031f,0.9854f,0f,0f,0f,1f],start_interpolation: 0,interpolation_duration: 1}
$data merge entity $(right_leg) {transformation: [-1.5707f,0.6435f,0.2648f,-0.7199f,0.3005f,1.2169f,-1.1748f,2.4181f,-0.6276f,-1.0278f,-1.2252f,-0.5992f,0f,0f,0f,1f],start_interpolation: 0,interpolation_duration: 1}
$data merge entity $(weist) {transformation: [-1.5828f,0.0065f,0.3561f,-0.0049f,0.0278f,1.6194f,0.0944f,4.0606f,-0.355f,0.0982f,-1.58f,-0.4607f,0f,0f,0f,1f],start_interpolation: 0,interpolation_duration: 1}
data modify storage animated_java:temp entry.data merge value {"locators":{"consume":{"px":-0.379077151,"py":5.9125959708,"pz":3.1989127962,"ry":194.682156999,"rx":-42.302829566}}}
# Data Manager: Prepare for Read / Write
execute store result storage animated_java:temp args.id int 1 run scoreboard players get @s aj.id
# Data Manager: Write
function animated_java:global/data_manager/write with storage animated_java:temp args