# This file was generated by Animated Java via MC-Build. It is not recommended to edit this file directly.
$data merge entity $(neck) {transformation: [-0.9588f,-0.1078f,0.2629f,0.199f,-0.0154f,0.9436f,0.3307f,6.0986f,-0.2837f,0.313f,-0.9064f,-0.1977f,0f,0f,0f,1f],start_interpolation: 0,interpolation_duration: 1}
$data merge entity $(right_thumb_2) {transformation: [-0.4855f,-0.241f,-0.8403f,-0.7013f,0.873f,-0.1847f,-0.4514f,6.2906f,-0.0464f,-0.9528f,0.3001f,2.42f,0f,0f,0f,1f],start_interpolation: 0,interpolation_duration: 1}
$data merge entity $(right_thumb) {transformation: [-0.4855f,-0.8483f,-0.2115f,-1.0432f,0.873f,-0.4833f,-0.0657f,6.2655f,-0.0464f,-0.2165f,0.9752f,2.3298f,0f,0f,0f,1f],start_interpolation: 0,interpolation_duration: 1}
$data merge entity $(right_fingers2) {transformation: [0.5797f,0.7235f,-0.3748f,-0.6102f,-0.7756f,0.3489f,-0.526f,6.4029f,-0.2498f,0.5957f,0.7634f,2.7426f,0f,0f,0f,1f],start_interpolation: 0,interpolation_duration: 1}
$data merge entity $(right_fingers) {transformation: [0.5157f,-0.7704f,-0.3748f,-0.8179f,0.566f,0.6348f,-0.526f,6.5959f,0.6432f,0.0591f,0.7634f,2.7832f,0f,0f,0f,1f],start_interpolation: 0,interpolation_duration: 1}
$data merge entity $(scout) {transformation: [0f,0f,0f,-0.7559f,0f,0f,0f,6.3961f,0f,0f,0f,2.8157f,0f,0f,0f,1f],start_interpolation: 0,interpolation_duration: 1}
$data merge entity $(right_hand) {transformation: [-0.7226f,-0.5809f,-0.3748f,-1.1877f,0.6817f,-0.5085f,-0.526f,6.2569f,0.115f,-0.6356f,0.7634f,2.426f,0f,0f,0f,1f],start_interpolation: 0,interpolation_duration: 1}
$data merge entity $(right_forearm) {transformation: [-1.004f,-0.4755f,-0.8143f,-1.8917f,0.9135f,-0.7856f,-0.6675f,5.0115f,-0.234f,-1.0266f,0.888f,0.922f,0f,0f,0f,1f],start_interpolation: 0,interpolation_duration: 1}
$data merge entity $(right_shoulder) {transformation: [-1.1776f,0.668f,-0.563f,-0.8217f,0.8688f,0.7967f,-0.872f,5.8358f,-0.0914f,-1.0339f,-1.0356f,-0.2868f,0f,0f,0f,1f],start_interpolation: 0,interpolation_duration: 1}
$data merge entity $(right_arm) {transformation: [-0.9942f,0.0466f,0.0967f,-0.2467f,0.0615f,0.9856f,0.1573f,6.088f,-0.088f,0.1623f,-0.9828f,-0.1985f,0f,0f,0f,1f],start_interpolation: 0,interpolation_duration: 1}
$data merge entity $(left_thumb_2) {transformation: [0.3185f,0.3035f,0.898f,0.5875f,-0.9351f,-0.0546f,0.3501f,6.7276f,0.1553f,-0.9513f,0.2664f,2.7684f,0f,0f,0f,1f],start_interpolation: 0,interpolation_duration: 1}
$data merge entity $(left_thumb) {transformation: [0.3185f,0.9295f,0.1862f,0.8367f,-0.9351f,0.2759f,0.2224f,6.9519f,0.1553f,-0.245f,0.957f,2.6531f,0f,0f,0f,1f],start_interpolation: 0,interpolation_duration: 1}
$data merge entity $(left_fingers2) {transformation: [-0.1845f,-0.7479f,0.6376f,0.4416f,0.9729f,-0.2309f,0.0107f,6.7724f,0.1392f,0.6223f,0.7703f,3.0873f,0f,0f,0f,1f],start_interpolation: 0,interpolation_duration: 1}
$data merge entity $(left_fingers) {transformation: [0.7688f,0.0489f,0.6376f,0.4385f,-0.0724f,0.9973f,0.0107f,7.0587f,-0.6354f,-0.0544f,0.7703f,3.0954f,0f,0f,0f,1f],start_interpolation: 0,interpolation_duration: 1}
$data merge entity $(left_hand) {transformation: [0.0182f,0.7701f,0.6376f,0.9398f,-0.9998f,0.0148f,0.0107f,7.0633f,-0.0012f,-0.6377f,0.7703f,2.7377f,0f,0f,0f,1f],start_interpolation: 0,interpolation_duration: 1}
$data merge entity $(left_forearm) {transformation: [-1.0363f,0.7538f,0.5049f,2.0504f,-0.9011f,-0.7656f,-0.7065f,5.8472f,-0.106f,-0.8618f,1.0692f,1.4743f,0f,0f,0f,1f],start_interpolation: 0,interpolation_duration: 1}
$data merge entity $(left_shoulder) {transformation: [-0.4712f,-0.6033f,1.2505f,1.1796f,-1.3846f,0.1057f,-0.4707f,5.712f,0.1036f,-1.3322f,-0.6036f,-0.1096f,0f,0f,0f,1f],start_interpolation: 0,interpolation_duration: 1}
$data merge entity $(left_arm) {transformation: [-0.9942f,0.0466f,0.0967f,0.6332f,0.0615f,0.9856f,0.1573f,6.0336f,-0.088f,0.1623f,-0.9828f,-0.1206f,0f,0f,0f,1f],start_interpolation: 0,interpolation_duration: 1}
$data merge entity $(chest) {transformation: [-1.2712f,0.0595f,0.1237f,0.1125f,0.0786f,1.2602f,0.2011f,4.2861f,-0.1125f,0.2075f,-1.2566f,-0.4867f,0f,0f,0f,1f],start_interpolation: 0,interpolation_duration: 1}
$data merge entity $(left_cheek) {transformation: [-0.9448f,-0.1232f,0.3037f,0.6338f,-0.2192f,0.9264f,-0.3061f,3.2358f,-0.2436f,-0.3557f,-0.9023f,-0.9657f,0f,0f,0f,1f],start_interpolation: 0,interpolation_duration: 1}
$data merge entity $(left_foot) {transformation: [-0.9817f,0.0558f,-0.2801f,1.0375f,-0.0343f,0.9724f,0.3137f,-3.8185f,0.2836f,0.3106f,-0.9319f,1.0359f,0f,0f,0f,1f],start_interpolation: 0,interpolation_duration: 1}
$data merge entity $(left_knee) {transformation: [-3.0065f,0.0342f,-0.4601f,1.1522f,-0.0488f,2.9928f,0.5412f,0.3471f,0.4588f,0.5424f,-2.9576f,1.6523f,0f,0f,0f,1f],start_interpolation: 0,interpolation_duration: 1}
$data merge entity $(left_leg) {transformation: [-1.7005f,-0.186f,-0.1583f,0.7882f,-0.0332f,1.2791f,-1.1464f,2.4285f,0.2419f,-1.1317f,-1.2697f,-0.1135f,0f,0f,0f,1f],start_interpolation: 0,interpolation_duration: 1}
$data merge entity $(right_cheek) {transformation: [-0.8945f,0.3318f,0.2995f,0.0065f,0.2432f,0.9235f,-0.2966f,3.1142f,-0.375f,-0.1925f,-0.9068f,-1.1882f,0f,0f,0f,1f],start_interpolation: 0,interpolation_duration: 1}
$data merge entity $(right_foot) {transformation: [-0.7797f,-0.3405f,0.5669f,-1.2478f,0.1002f,0.8055f,0.6216f,-3.5885f,-0.6537f,0.5296f,-0.5809f,-1.4743f,0f,0f,0f,1f],start_interpolation: 0,interpolation_duration: 1}
$data merge entity $(right_knee) {transformation: [-2.4831f,-0.3956f,1.7116f,-1.7965f,0.5602f,2.6306f,1.4207f,0.1265f,-1.665f,1.475f,-2.0746f,0.4345f,0f,0f,0f,1f],start_interpolation: 0,interpolation_duration: 1}
$data merge entity $(right_leg) {transformation: [-1.4025f,0.763f,0.6342f,-0.5344f,0.3164f,1.3847f,-0.9663f,2.3601f,-0.9404f,-0.6721f,-1.271f,-0.5658f,0f,0f,0f,1f],start_interpolation: 0,interpolation_duration: 1}
$data merge entity $(weist) {transformation: [-1.5332f,-0.0624f,0.5266f,0.1016f,-0.0793f,1.6199f,-0.0388f,4.0397f,-0.5243f,-0.0624f,-1.534f,-0.5143f,0f,0f,0f,1f],start_interpolation: 0,interpolation_duration: 1}
data modify storage animated_java:temp entry.data merge value {"locators":{"consume":{"px":-0.6138501237,"py":6.4627976472,"pz":2.8809244589,"ry":206.1507739587,"rx":-31.7384935633}}}
# Data Manager: Prepare for Read / Write
execute store result storage animated_java:temp args.id int 1 run scoreboard players get @s aj.id
# Data Manager: Write
function animated_java:global/data_manager/write with storage animated_java:temp args