# This file was generated by Animated Java via MC-Build. It is not recommended to edit this file directly.
$data merge entity $(neck) {transformation: [-0.957f,-0.0568f,0.2845f,0.1439f,0.0485f,0.9355f,0.3499f,6.0972f,-0.286f,0.3486f,-0.8926f,-0.1918f,0f,0f,0f,1f],start_interpolation: 0,interpolation_duration: 1}
$data merge entity $(right_thumb_2) {transformation: [-0.1723f,-0.2524f,-0.9522f,-0.1994f,0.9175f,-0.393f,-0.0619f,6.93f,-0.3585f,-0.8842f,0.2993f,2.146f,0f,0f,0f,1f],start_interpolation: 0,interpolation_duration: 1}
$data merge entity $(right_thumb) {transformation: [-0.1723f,-0.9508f,-0.2575f,-0.5272f,0.9175f,-0.2501f,0.3094f,6.9813f,-0.3585f,-0.183f,0.9154f,2.0211f,0f,0f,0f,1f],start_interpolation: 0,interpolation_duration: 1}
$data merge entity $(right_fingers2) {transformation: [0.3041f,0.775f,-0.554f,-0.0887f,-0.9506f,0.285f,-0.1231f,7.1051f,0.0625f,0.5641f,0.8233f,2.4325f,0f,0f,0f,1f],start_interpolation: 0,interpolation_duration: 1}
$data merge entity $(right_fingers) {transformation: [0.6477f,-0.523f,-0.554f,-0.2236f,0.5576f,0.8209f,-0.1231f,7.3538f,0.5192f,-0.2292f,0.8233f,2.3879f,0f,0f,0f,1f],start_interpolation: 0,interpolation_duration: 1}
$data merge entity $(scout) {transformation: [0f,0f,0f,-0.2313f,0f,0f,0f,7.1654f,0f,0f,0f,2.4841f,0f,0f,0f,1f],start_interpolation: 0,interpolation_duration: 1}
$data merge entity $(right_hand) {transformation: [-0.4646f,-0.6908f,-0.554f,-0.67f,0.8664f,-0.484f,-0.1231f,7.0468f,-0.1831f,-0.5372f,0.8233f,2.0953f,0f,0f,0f,1f],start_interpolation: 0,interpolation_duration: 1}
$data merge entity $(right_forearm) {transformation: [-0.736f,-0.8581f,-0.7868f,-1.9604f,1.0782f,-0.8535f,-0.0778f,5.7138f,-0.4391f,-0.6574f,1.1279f,1.1645f,0f,0f,0f,1f],start_interpolation: 0,interpolation_duration: 1}
$data merge entity $(right_shoulder) {transformation: [-0.8847f,0.7236f,-0.9185f,-0.8703f,1.1323f,0.2425f,-0.8995f,5.8101f,-0.292f,-1.252f,-0.7051f,-0.2804f,0f,0f,0f,1f],start_interpolation: 0,interpolation_duration: 1}
$data merge entity $(right_arm) {transformation: [-0.9958f,0.0226f,0.0887f,-0.3014f,0.0377f,0.9843f,0.1727f,6.0754f,-0.0834f,0.1753f,-0.981f,-0.1909f,0f,0f,0f,1f],start_interpolation: 0,interpolation_duration: 1}
$data merge entity $(left_thumb_2) {transformation: [0.0683f,0.0698f,0.9952f,1.5546f,-0.9973f,0.0302f,0.0664f,6.1698f,-0.0254f,-0.9971f,0.0717f,2.7514f,0f,0f,0f,1f],start_interpolation: 0,interpolation_duration: 1}
$data merge entity $(left_thumb) {transformation: [0.0683f,0.8968f,0.4371f,1.8268f,-0.9973f,0.0726f,0.0071f,6.3409f,-0.0254f,-0.4365f,0.8994f,2.6021f,0f,0f,0f,1f],start_interpolation: 0,interpolation_duration: 1}
$data merge entity $(left_fingers2) {transformation: [0.1294f,-0.6352f,0.7615f,1.4972f,0.9512f,-0.1374f,-0.2763f,6.1959f,0.2801f,0.7601f,0.5864f,3.0993f,0f,0f,0f,1f],start_interpolation: 0,interpolation_duration: 1}
$data merge entity $(left_fingers) {transformation: [0.5669f,0.3144f,0.7615f,1.5764f,-0.155f,0.9485f,-0.2763f,6.4686f,-0.8091f,0.0386f,0.5864f,3.1374f,0f,0f,0f,1f],start_interpolation: 0,interpolation_duration: 1}
$data merge entity $(left_hand) {transformation: [-0.2638f,0.5921f,0.7615f,1.9724f,-0.9584f,-0.0717f,-0.2763f,6.4075f,-0.109f,-0.8027f,0.5864f,2.6698f,0f,0f,0f,1f],start_interpolation: 0,interpolation_duration: 1}
$data merge entity $(left_forearm) {transformation: [-1.2458f,0.3109f,0.4984f,2.4069f,-0.5843f,-0.7751f,-0.9772f,5.1804f,0.0599f,-1.0953f,0.833f,1.0531f,0f,0f,0f,1f],start_interpolation: 0,interpolation_duration: 1}
$data merge entity $(left_shoulder) {transformation: [-0.8169f,-0.8868f,0.8343f,1.1342f,-1.2162f,0.6419f,-0.5085f,5.7342f,-0.0577f,-0.9754f,-1.0932f,-0.1126f,0f,0f,0f,1f],start_interpolation: 0,interpolation_duration: 1}
$data merge entity $(left_arm) {transformation: [-0.9958f,0.0226f,0.0887f,0.5799f,0.0377f,0.9843f,0.1727f,6.042f,-0.0834f,0.1753f,-0.981f,-0.1171f,0f,0f,0f,1f],start_interpolation: 0,interpolation_duration: 1}
$data merge entity $(chest) {transformation: [-1.2732f,0.0289f,0.1134f,0.1015f,0.0482f,1.2584f,0.2208f,4.2871f,-0.1066f,0.2241f,-1.2542f,-0.5046f,0f,0f,0f,1f],start_interpolation: 0,interpolation_duration: 1}
$data merge entity $(left_cheek) {transformation: [-0.98f,-0.1063f,0.1682f,0.5591f,-0.1463f,0.958f,-0.2467f,3.246f,-0.1349f,-0.2664f,-0.9544f,-0.93f,0f,0f,0f,1f],start_interpolation: 0,interpolation_duration: 1}
$data merge entity $(left_foot) {transformation: [-0.9822f,0.0223f,-0.2829f,1.1587f,-0.0556f,0.9843f,0.2708f,-4.1333f,0.2783f,0.2755f,-0.9444f,0.9278f,0f,0f,0f,1f],start_interpolation: 0,interpolation_duration: 1}
$data merge entity $(left_knee) {transformation: [-3.0066f,-0.0817f,-0.4536f,1.1134f,-0.1366f,3.017f,0.3622f,0.061f,0.4402f,0.3784f,-2.9858f,1.3168f,0f,0f,0f,1f],start_interpolation: 0,interpolation_duration: 1}
$data merge entity $(left_leg) {transformation: [-1.7004f,-0.1924f,-0.1521f,0.7389f,-0.0729f,1.4137f,-0.9734f,2.3513f,0.2341f,-0.957f,-1.4074f,-0.1654f,0f,0f,0f,1f],start_interpolation: 0,interpolation_duration: 1}
$data merge entity $(right_cheek) {transformation: [-0.9179f,0.3261f,0.2262f,-0.1361f,0.2805f,0.9362f,-0.2117f,3.2494f,-0.2808f,-0.1309f,-0.9508f,-1.2144f,0f,0f,0f,1f],start_interpolation: 0,interpolation_duration: 1}
$data merge entity $(right_foot) {transformation: [-0.7409f,-0.3631f,0.6037f,-1.4146f,0.3496f,0.5712f,0.7725f,-2.6486f,-0.6116f,0.7663f,-0.2898f,-3.2373f,0f,0f,0f,1f],start_interpolation: 0,interpolation_duration: 1}
$data merge entity $(right_knee) {transformation: [-2.3856f,-0.4986f,1.82f,-2.0987f,1.1809f,1.8939f,2.0666f,0.091f,-1.472f,2.3274f,-1.2918f,-0.1112f,0f,0f,0f,1f],start_interpolation: 0,interpolation_duration: 1}
$data merge entity $(right_leg) {transformation: [-1.3474f,0.9156f,0.5456f,-0.5917f,0.667f,1.4102f,-0.7196f,2.3436f,-0.8314f,-0.3526f,-1.4615f,-0.5986f,0f,0f,0f,1f],start_interpolation: 0,interpolation_duration: 1}
$data merge entity $(weist) {transformation: [-1.5426f,0.0071f,0.5023f,0.1172f,-0.0089f,1.6215f,-0.0503f,3.9937f,-0.5023f,-0.0506f,-1.5418f,-0.5452f,0f,0f,0f,1f],start_interpolation: 0,interpolation_duration: 1}
data modify storage animated_java:temp entry.data merge value {"locators":{"consume":{"px":-0.0777941688,"py":7.2035224778,"pz":2.5462147979,"ry":213.9364456421,"rx":-7.0709878176}}}
# Data Manager: Prepare for Read / Write
execute store result storage animated_java:temp args.id int 1 run scoreboard players get @s aj.id
# Data Manager: Write
function animated_java:global/data_manager/write with storage animated_java:temp args