# This file was generated by Animated Java via MC-Build. It is not recommended to edit this file directly.
$data merge entity $(neck) {transformation: [-0.9545f,-0.0238f,0.2973f,0.1163f,0.0778f,0.9425f,0.3251f,6.0933f,-0.288f,0.3335f,-0.8977f,-0.1804f,0f,0f,0f,1f],start_interpolation: 0,interpolation_duration: 1}
$data merge entity $(right_thumb_2) {transformation: [-0.1754f,-0.3586f,-0.9169f,0.1448f,0.9085f,-0.4177f,-0.0105f,6.9986f,-0.3792f,-0.8348f,0.399f,2.3024f,0f,0f,0f,1f],start_interpolation: 0,interpolation_duration: 1}
$data merge entity $(right_thumb) {transformation: [-0.1754f,-0.9733f,-0.1479f,-0.1922f,0.9085f,-0.2179f,0.3565f,7.0581f,-0.3792f,-0.0718f,0.9225f,2.2101f,0f,0f,0f,1f],start_interpolation: 0,interpolation_duration: 1}
$data merge entity $(right_fingers2) {transformation: [0.2739f,0.8401f,-0.4681f,0.2914f,-0.959f,0.2754f,-0.0668f,7.1804f,0.0728f,0.4672f,0.8811f,2.5678f,0f,0f,0f,1f],start_interpolation: 0,interpolation_duration: 1}
$data merge entity $(right_fingers) {transformation: [0.7189f,-0.5138f,-0.4681f,0.1619f,0.5511f,0.8318f,-0.0668f,7.4324f,0.4237f,-0.21f,0.8811f,2.5264f,0f,0f,0f,1f],start_interpolation: 0,interpolation_duration: 1}
$data merge entity $(scout) {transformation: [0f,0f,0f,0.1575f,0f,0f,0f,7.2486f,0f,0f,0f,2.6311f,0f,0f,0f,1f],start_interpolation: 0,interpolation_duration: 1}
$data merge entity $(right_hand) {transformation: [-0.4492f,-0.7609f,-0.4681f,-0.324f,0.8767f,-0.4765f,-0.0668f,7.1325f,-0.1722f,-0.4404f,0.8811f,2.2957f,0f,0f,0f,1f],start_interpolation: 0,interpolation_duration: 1}
$data merge entity $(right_forearm) {transformation: [-0.7714f,-0.9623f,-0.6134f,-1.7633f,1.1092f,-0.8062f,-0.1302f,5.8676f,-0.268f,-0.5668f,1.2264f,1.4978f,0f,0f,0f,1f],start_interpolation: 0,interpolation_duration: 1}
$data merge entity $(right_shoulder) {transformation: [-0.8141f,0.5445f,-1.0911f,-0.9002f,1.2013f,0.1324f,-0.8302f,5.8136f,-0.2098f,-1.3549f,-0.5197f,-0.0951f,0f,0f,0f,1f],start_interpolation: 0,interpolation_duration: 1}
$data merge entity $(right_arm) {transformation: [-0.9953f,0.0585f,-0.0766f,-0.3226f,0.045f,0.985f,0.1666f,6.075f,0.0852f,0.1624f,-0.983f,-0.1044f,0f,0f,0f,1f],start_interpolation: 0,interpolation_duration: 1}
$data merge entity $(left_thumb_2) {transformation: [-0.0312f,0.123f,0.9919f,1.96f,-0.9841f,0.17f,-0.0521f,5.5821f,-0.175f,-0.9777f,0.1158f,2.2483f,0f,0f,0f,1f],start_interpolation: 0,interpolation_duration: 1}
$data merge entity $(left_thumb) {transformation: [-0.0312f,0.9205f,0.3894f,2.2553f,-0.9841f,0.0399f,-0.1732f,5.7433f,-0.175f,-0.3886f,0.9046f,2.1365f,0f,0f,0f,1f],start_interpolation: 0,interpolation_duration: 1}
$data merge entity $(left_fingers2) {transformation: [0.2101f,-0.6835f,0.699f,1.8879f,0.8798f,-0.1797f,-0.4401f,5.5624f,0.4264f,0.7075f,0.5636f,2.5938f,0f,0f,0f,1f],start_interpolation: 0,interpolation_duration: 1}
$data merge entity $(left_fingers) {transformation: [0.5887f,0.4059f,0.699f,1.9921f,-0.0932f,0.8931f,-0.4401f,5.8163f,-0.803f,0.194f,0.5636f,2.6759f,0f,0f,0f,1f],start_interpolation: 0,interpolation_duration: 1}
$data merge entity $(left_hand) {transformation: [-0.3531f,0.6219f,0.699f,2.4032f,-0.8978f,-0.015f,-0.4401f,5.7831f,-0.2632f,-0.783f,0.5636f,2.2185f,0f,0f,0f,1f],start_interpolation: 0,interpolation_duration: 1}
$data merge entity $(left_forearm) {transformation: [-1.2275f,0.1472f,0.6072f,2.596f,-0.613f,-0.5427f,-1.1076f,4.9f,0.1209f,-1.2573f,0.5492f,0.35f,0f,0f,0f,1f],start_interpolation: 0,interpolation_duration: 1}
$data merge entity $(left_shoulder) {transformation: [-0.8549f,-1.069f,0.5256f,1.1034f,-1.1742f,0.8651f,-0.1504f,5.723f,-0.2005f,-0.5086f,-1.3605f,-0.2667f,0f,0f,0f,1f],start_interpolation: 0,interpolation_duration: 1}
$data merge entity $(left_arm) {transformation: [-0.9953f,0.0585f,-0.0766f,0.5584f,0.045f,0.985f,0.1666f,6.0351f,0.0852f,0.1624f,-0.983f,-0.1799f,0f,0f,0f,1f],start_interpolation: 0,interpolation_duration: 1}
$data merge entity $(chest) {transformation: [-1.2726f,0.0747f,-0.098f,0.0097f,0.0576f,1.2593f,0.2131f,4.2819f,0.109f,0.2077f,-1.2569f,-0.4695f,0f,0f,0f,1f],start_interpolation: 0,interpolation_duration: 1}
$data merge entity $(left_cheek) {transformation: [-0.9939f,-0.1086f,-0.0192f,0.3416f,-0.0993f,0.9569f,-0.273f,3.1719f,0.048f,-0.2694f,-0.9618f,-1.1167f,0f,0f,0f,1f],start_interpolation: 0,interpolation_duration: 1}
$data merge entity $(left_foot) {transformation: [-0.9496f,-0.0296f,-0.3777f,0.9481f,-0.0601f,1.0181f,0.0714f,-4.3889f,0.3741f,0.0885f,-0.9474f,0.125f,0f,0f,0f,1f],start_interpolation: 0,interpolation_duration: 1}
$data merge entity $(left_knee) {transformation: [-2.9481f,-0.0028f,-0.7491f,0.9981f,-0.1312f,2.9966f,0.5052f,-0.2171f,0.7375f,0.5219f,-2.9045f,0.7073f,0f,0f,0f,1f],start_interpolation: 0,interpolation_duration: 1}
$data merge entity $(left_leg) {transformation: [-1.6687f,-0.2348f,-0.3343f,0.5623f,-0.0681f,1.5461f,-0.7459f,2.2789f,0.4028f,-0.7113f,-1.511f,-0.3711f,0f,0f,0f,1f],start_interpolation: 0,interpolation_duration: 1}
$data merge entity $(right_cheek) {transformation: [-0.9143f,0.405f,-0.0085f,-0.4355f,0.398f,0.8942f,-0.2051f,3.2586f,-0.0755f,-0.1909f,-0.9787f,-1.2853f,0f,0f,0f,1f],start_interpolation: 0,interpolation_duration: 1}
$data merge entity $(right_foot) {transformation: [-0.7934f,-0.4165f,0.4923f,-2.1579f,0.5124f,0.0666f,0.8822f,-1.3503f,-0.3914f,0.9313f,0.1571f,-3.7464f,0f,0f,0f,1f],start_interpolation: 0,interpolation_duration: 1}
$data merge entity $(right_knee) {transformation: [-2.4991f,-0.192f,1.7234f,-2.4249f,1.5524f,1.0991f,2.3736f,0.3126f,-0.7725f,2.8297f,-0.8051f,0.1148f,0f,0f,0f,1f],start_interpolation: 0,interpolation_duration: 1}
$data merge entity $(right_leg) {transformation: [-1.4115f,0.9769f,0.0689f,-0.803f,0.8768f,1.3143f,-0.6746f,2.4015f,-0.4363f,-0.5191f,-1.5785f,-0.6525f,0f,0f,0f,1f],start_interpolation: 0,interpolation_duration: 1}
$data merge entity $(weist) {transformation: [-1.5828f,0.1213f,0.3345f,0.0273f,0.1422f,1.6137f,0.0873f,3.9884f,-0.3262f,0.1145f,-1.5851f,-0.5101f,0f,0f,0f,1f],start_interpolation: 0,interpolation_duration: 1}
data modify storage animated_java:temp entry.data merge value {"locators":{"consume":{"px":0.3179243668,"py":7.2827838282,"pz":2.6752310471,"ry":207.9818990353,"rx":-3.829517579}}}
# Data Manager: Prepare for Read / Write
execute store result storage animated_java:temp args.id int 1 run scoreboard players get @s aj.id
# Data Manager: Write
function animated_java:global/data_manager/write with storage animated_java:temp args