# This file was generated by Animated Java via MC-Build. It is not recommended to edit this file directly.
$data merge entity $(neck) {transformation: [-0.9579f,0.0042f,0.287f,0.1023f,0.0973f,0.9454f,0.3109f,6.0956f,-0.2701f,0.3258f,-0.906f,-0.1919f,0f,0f,0f,1f],start_interpolation: 0,interpolation_duration: 1}
$data merge entity $(right_thumb_2) {transformation: [-0.1471f,-0.3865f,-0.9105f,0.2265f,0.92f,-0.3915f,0.0176f,6.931f,-0.3632f,-0.8351f,0.4132f,2.5233f,0f,0f,0f,1f],start_interpolation: 0,interpolation_duration: 1}
$data merge entity $(right_thumb) {transformation: [-0.1471f,-0.9818f,-0.1205f,-0.1095f,0.92f,-0.1805f,0.3478f,7.0044f,-0.3632f,-0.0597f,0.9298f,2.4371f,0f,0f,0f,1f],start_interpolation: 0,interpolation_duration: 1}
$data merge entity $(right_fingers2) {transformation: [0.2389f,0.8568f,-0.4569f,0.3838f,-0.9695f,0.237f,-0.0626f,7.1032f,0.0546f,0.4579f,0.8873f,2.7889f,0f,0f,0f,1f],start_interpolation: 0,interpolation_duration: 1}
$data merge entity $(right_fingers) {transformation: [0.7453f,-0.4855f,-0.4569f,0.2631f,0.5175f,0.8534f,-0.0626f,7.3605f,0.4203f,-0.1898f,0.8873f,2.7531f,0f,0f,0f,1f],start_interpolation: 0,interpolation_duration: 1}
$data merge entity $(scout) {transformation: [0f,0f,0f,0.2534f,0f,0f,0f,7.1754f,0f,0f,0f,2.8553f,0f,0f,0f,1f],start_interpolation: 0,interpolation_duration: 1}
$data merge entity $(right_hand) {transformation: [-0.4187f,-0.7848f,-0.4569f,-0.237f,0.8952f,-0.4412f,-0.0626f,7.0823f,-0.1525f,-0.4352f,0.8873f,2.5258f,0f,0f,0f,1f],start_interpolation: 0,interpolation_duration: 1}
$data merge entity $(right_forearm) {transformation: [-0.7739f,-0.9809f,-0.5798f,-1.7031f,1.1299f,-0.7512f,-0.2372f,5.8954f,-0.1472f,-0.6089f,1.2267f,1.6596f,0f,0f,0f,1f],start_interpolation: 0,interpolation_duration: 1}
$data merge entity $(right_shoulder) {transformation: [-0.7634f,0.5057f,-1.1451f,-0.8958f,1.2413f,0.1323f,-0.769f,5.8313f,-0.1619f,-1.3699f,-0.4971f,0.0381f,0f,0f,0f,1f],start_interpolation: 0,interpolation_duration: 1}
$data merge entity $(right_arm) {transformation: [-0.9736f,0.0908f,-0.2094f,-0.3222f,0.06f,0.9871f,0.1487f,6.0846f,0.2202f,0.1322f,-0.9664f,-0.056f,0f,0f,0f,1f],start_interpolation: 0,interpolation_duration: 1}
$data merge entity $(left_thumb_2) {transformation: [-0.1045f,0.1989f,0.9744f,2.0559f,-0.9676f,0.2063f,-0.1459f,5.3602f,-0.23f,-0.9581f,0.1709f,1.8624f,0f,0f,0f,1f],start_interpolation: 0,interpolation_duration: 1}
$data merge entity $(left_thumb) {transformation: [-0.1045f,0.9433f,0.3149f,2.3704f,-0.9676f,-0.0232f,-0.2516f,5.4997f,-0.23f,-0.331f,0.9152f,1.7771f,0f,0f,0f,1f],start_interpolation: 0,interpolation_duration: 1}
$data merge entity $(left_fingers2) {transformation: [0.2575f,-0.7399f,0.6215f,1.9606f,0.8355f,-0.1526f,-0.5279f,5.33f,0.4855f,0.6552f,0.5789f,2.2015f,0f,0f,0f,1f],start_interpolation: 0,interpolation_duration: 1}
$data merge entity $(left_fingers) {transformation: [0.6282f,0.4681f,0.6215f,2.0809f,-0.1057f,0.8427f,-0.5279f,5.5692f,-0.7708f,0.266f,0.5789f,2.3033f,0f,0f,0f,1f],start_interpolation: 0,interpolation_duration: 1}
$data merge entity $(left_hand) {transformation: [-0.4116f,0.6666f,0.6215f,2.5157f,-0.8487f,-0.0318f,-0.5279f,5.5221f,-0.3322f,-0.7447f,0.5789f,1.8698f,0f,0f,0f,1f],start_interpolation: 0,interpolation_duration: 1}
$data merge entity $(left_forearm) {transformation: [-1.2175f,0.0846f,0.6384f,2.6158f,-0.6325f,-0.4141f,-1.1513f,4.8303f,0.1212f,-1.3109f,0.4049f,-0.0846f,0f,0f,0f,1f],start_interpolation: 0,interpolation_duration: 1}
$data merge entity $(left_shoulder) {transformation: [-0.8735f,-1.1186f,0.3683f,1.0641f,-1.1461f,0.9128f,0.0542f,5.7105f,-0.2706f,-0.2556f,-1.4182f,-0.4052f,0f,0f,0f,1f],start_interpolation: 0,interpolation_duration: 1}
$data merge entity $(left_arm) {transformation: [-0.9736f,0.0908f,-0.2094f,0.5395f,0.06f,0.9871f,0.1487f,6.0315f,0.2202f,0.1322f,-0.9664f,-0.2509f,0f,0f,0f,1f],start_interpolation: 0,interpolation_duration: 1}
$data merge entity $(chest) {transformation: [-1.2448f,0.116f,-0.2678f,-0.0625f,0.0767f,1.262f,0.1901f,4.2806f,0.2816f,0.169f,-1.2356f,-0.4256f,0f,0f,0f,1f],start_interpolation: 0,interpolation_duration: 1}
$data merge entity $(left_cheek) {transformation: [-0.9723f,-0.134f,-0.1915f,0.0611f,-0.0737f,0.9533f,-0.2927f,3.1349f,0.2218f,-0.2705f,-0.9368f,-1.2205f,0f,0f,0f,1f],start_interpolation: 0,interpolation_duration: 1}
$data merge entity $(left_foot) {transformation: [-0.8936f,-0.0708f,-0.4916f,0.5382f,-0.0506f,1.0196f,-0.0548f,-4.5004f,0.4941f,-0.0236f,-0.8947f,-0.4083f,0f,0f,0f,1f],start_interpolation: 0,interpolation_duration: 1}
$data merge entity $(left_knee) {transformation: [-2.8283f,0.1595f,-1.108f,0.7948f,-0.0843f,2.9718f,0.643f,-0.3586f,1.1162f,0.6286f,-2.7588f,0.3168f,0f,0f,0f,1f],start_interpolation: 0,interpolation_duration: 1}
$data merge entity $(left_leg) {transformation: [-1.6013f,-0.2473f,-0.5711f,0.3487f,-0.0364f,1.611f,-0.5957f,2.2382f,0.6212f,-0.5432f,-1.5068f,-0.4834f,0f,0f,0f,1f],start_interpolation: 0,interpolation_duration: 1}
$data merge entity $(right_cheek) {transformation: [-0.8011f,0.4935f,-0.3386f,-0.7223f,0.5525f,0.8274f,-0.1012f,3.311f,0.2302f,-0.2681f,-0.9355f,-1.1904f,0f,0f,0f,1f],start_interpolation: 0,interpolation_duration: 1}
$data merge entity $(right_foot) {transformation: [-0.7552f,-0.2759f,0.6315f,-3.762f,0.6862f,-0.2146f,0.7269f,-0.3137f,-0.0636f,0.9608f,0.3437f,-3.4143f,0f,0f,0f,1f],start_interpolation: 0,interpolation_duration: 1}
$data merge entity $(right_knee) {transformation: [-2.2703f,0.7676f,1.8732f,-2.6881f,2.0117f,0.5417f,2.2162f,0.5845f,0.2257f,2.893f,-0.912f,0.5588f,0f,0f,0f,1f],start_interpolation: 0,interpolation_duration: 1}
$data merge entity $(right_leg) {transformation: [-1.2823f,0.9923f,-0.5679f,-1.0284f,1.1362f,1.2011f,-0.4667f,2.4751f,0.1275f,-0.724f,-1.5527f,-0.5608f,0f,0f,0f,1f],start_interpolation: 0,interpolation_duration: 1}
$data merge entity $(weist) {transformation: [-1.5964f,0.2643f,0.1167f,-0.0625f,0.2746f,1.5917f,0.1523f,3.9871f,-0.0897f,0.1696f,-1.611f,-0.4663f,0f,0f,0f,1f],start_interpolation: 0,interpolation_duration: 1}
data modify storage animated_java:temp entry.data merge value {"locators":{"consume":{"px":0.4157349911,"py":7.2029337203,"pz":2.8973532654,"ry":207.2444077355,"rx":-3.5882615002}}}
# Data Manager: Prepare for Read / Write
execute store result storage animated_java:temp args.id int 1 run scoreboard players get @s aj.id
# Data Manager: Write
function animated_java:global/data_manager/write with storage animated_java:temp args
execute unless entity @s[tag=aj.transforms_only] at @s run function animated_java:female/animations/strike_2/zzz/frames/4_root_function