# This file was generated by Animated Java via MC-Build. It is not recommended to edit this file directly.
$data merge entity $(neck) {transformation: [-0.9759f,0.0345f,0.2157f,0.0529f,0.1056f,0.9388f,0.3278f,6.1124f,-0.1912f,0.3426f,-0.9198f,-0.2005f,0f,0f,0f,1f],start_interpolation: 0,interpolation_duration: 1}
$data merge entity $(right_thumb_2) {transformation: [-0.0379f,-0.2383f,-0.9705f,-0.5144f,0.9754f,-0.22f,0.0159f,6.4635f,-0.2173f,-0.9459f,0.2408f,3.0072f,0f,0f,0f,1f],start_interpolation: 0,interpolation_duration: 1}
$data merge entity $(right_thumb) {transformation: [-0.0379f,-0.9596f,-0.2788f,-0.8248f,0.9754f,-0.0962f,0.1985f,6.5743f,-0.2173f,-0.2645f,0.9396f,2.8766f,0f,0f,0f,1f],start_interpolation: 0,interpolation_duration: 1}
$data merge entity $(right_fingers2) {transformation: [0.1841f,0.7644f,-0.6179f,-0.4029f,-0.9801f,0.0956f,-0.1738f,6.5779f,-0.0738f,0.6376f,0.7668f,3.3225f,0f,0f,0f,1f],start_interpolation: 0,interpolation_duration: 1}
$data merge entity $(right_fingers) {transformation: [0.6736f,-0.4054f,-0.6179f,-0.504f,0.3859f,0.906f,-0.1738f,6.8457f,0.6303f,-0.1214f,0.7668f,3.3113f,0f,0f,0f,1f],start_interpolation: 0,interpolation_duration: 1}
$data merge entity $(scout) {transformation: [0f,0f,0f,-0.5403f,0f,0f,0f,6.6475f,0f,0f,0f,3.3762f,0f,0f,0f,1f],start_interpolation: 0,interpolation_duration: 1}
$data merge entity $(right_hand) {transformation: [-0.3452f,-0.7064f,-0.6179f,-0.9634f,0.9362f,-0.3054f,-0.1738f,6.6457f,-0.066f,-0.6385f,0.7668f,2.9534f,0f,0f,0f,1f],start_interpolation: 0,interpolation_duration: 1}
$data merge entity $(right_forearm) {transformation: [-0.7773f,-0.7548f,-0.8504f,-2.0988f,1.1321f,-0.6096f,-0.4937f,5.6626f,-0.1058f,-0.9777f,0.9644f,1.5206f,0f,0f,0f,1f],start_interpolation: 0,interpolation_duration: 1}
$data merge entity $(right_shoulder) {transformation: [-0.7437f,0.824f,-0.9579f,-0.9134f,1.258f,0.3781f,-0.6514f,5.891f,-0.1191f,-1.1523f,-0.8988f,0.1686f,0f,0f,0f,1f],start_interpolation: 0,interpolation_duration: 1}
$data merge entity $(right_arm) {transformation: [-0.9369f,0.126f,-0.3262f,-0.3513f,0.1009f,0.9906f,0.0928f,6.1219f,0.3349f,0.054f,-0.9407f,-0.0126f,0f,0f,0f,1f],start_interpolation: 0,interpolation_duration: 1}
$data merge entity $(left_thumb_2) {transformation: [-0.1269f,0.2211f,0.967f,1.9936f,-0.9778f,0.1359f,-0.1594f,5.4781f,-0.1666f,-0.9658f,0.1989f,1.7586f,0f,0f,0f,1f],start_interpolation: 0,interpolation_duration: 1}
$data merge entity $(left_thumb) {transformation: [-0.1269f,0.9479f,0.292f,2.3132f,-0.9778f,-0.0701f,-0.1973f,5.6033f,-0.1666f,-0.3106f,0.9358f,1.6702f,0f,0f,0f,1f],start_interpolation: 0,interpolation_duration: 1}
$data merge entity $(left_fingers2) {transformation: [0.2718f,-0.755f,0.5967f,1.8917f,0.8593f,-0.0887f,-0.5037f,5.4733f,0.4332f,0.6496f,0.6247f,2.097f,0f,0f,0f,1f],start_interpolation: 0,interpolation_duration: 1}
$data merge entity $(left_fingers) {transformation: [0.6384f,0.4862f,0.5967f,2.0166f,-0.1738f,0.8462f,-0.5037f,5.7157f,-0.7499f,0.2178f,0.6247f,2.1848f,0f,0f,0f,1f],start_interpolation: 0,interpolation_duration: 1}
$data merge entity $(left_hand) {transformation: [-0.4287f,0.6783f,0.5967f,2.4575f,-0.8582f,-0.0994f,-0.5037f,5.6281f,-0.2823f,-0.728f,0.6247f,1.7639f,0f,0f,0f,1f],start_interpolation: 0,interpolation_duration: 1}
$data merge entity $(left_forearm) {transformation: [-1.2154f,0.0685f,0.6444f,2.5335f,-0.6256f,-0.481f,-1.1289f,4.8366f,0.1689f,-1.2888f,0.4555f,-0.1534f,0f,0f,0f,1f],start_interpolation: 0,interpolation_duration: 1}
$data merge entity $(left_shoulder) {transformation: [-0.8722f,-1.127f,0.3451f,0.9725f,-1.1647f,0.8899f,-0.0376f,5.688f,-0.1805f,-0.2965f,-1.4245f,-0.5055f,0f,0f,0f,1f],start_interpolation: 0,interpolation_duration: 1}
$data merge entity $(left_arm) {transformation: [-0.9369f,0.126f,-0.3262f,0.4779f,0.1009f,0.9906f,0.0928f,6.0326f,0.3349f,0.054f,-0.9407f,-0.309f,0f,0f,0f,1f],start_interpolation: 0,interpolation_duration: 1}
$data merge entity $(chest) {transformation: [-1.1978f,0.161f,-0.4171f,-0.1755f,0.129f,1.2665f,0.1186f,4.2915f,0.4281f,0.069f,-1.2028f,-0.2908f,0f,0f,0f,1f],start_interpolation: 0,interpolation_duration: 1}
$data merge entity $(left_cheek) {transformation: [-0.808f,-0.2818f,-0.5174f,-0.6486f,-0.1032f,0.9323f,-0.3466f,3.034f,0.58f,-0.2267f,-0.7824f,-0.8908f,0f,0f,0f,1f],start_interpolation: 0,interpolation_duration: 1}
$data merge entity $(left_foot) {transformation: [-0.5585f,-0.0783f,-0.8527f,0.09f,-0.0388f,1.0194f,-0.0682f,-4.402f,0.8554f,-0.005f,-0.5599f,-0.2318f,0f,0f,0f,1f],start_interpolation: 0,interpolation_duration: 1}
$data merge entity $(left_knee) {transformation: [-1.9738f,0.5912f,-2.2376f,0.8733f,-0.0279f,2.9345f,0.8f,-0.307f,2.3142f,0.5397f,-1.8988f,0.371f,0f,0f,0f,1f],start_interpolation: 0,interpolation_duration: 1}
$data merge entity $(left_leg) {transformation: [-1.1123f,-0.5345f,-1.1951f,0.0058f,0.012f,1.564f,-0.7107f,2.22f,1.3092f,-0.4685f,-1.0089f,-0.2956f,0f,0f,0f,1f],start_interpolation: 0,interpolation_duration: 1}
$data merge entity $(right_cheek) {transformation: [-0.3654f,0.3857f,-0.8472f,-1.1596f,0.7713f,0.635f,-0.0435f,3.2732f,0.5212f,-0.6693f,-0.5295f,-0.6221f,0f,0f,0f,1f],start_interpolation: 0,interpolation_duration: 1}
$data merge entity $(right_foot) {transformation: [-0.5406f,0.5451f,0.6752f,-5.9167f,0.8007f,0.0068f,0.6356f,-0.4597f,0.3344f,0.8649f,-0.4305f,1.4639f,0f,0f,0f,1f],start_interpolation: 0,interpolation_duration: 1}
$data merge entity $(right_knee) {transformation: [-1.282f,2.7534f,0.1656f,-2.1359f,2.4635f,1.0607f,1.4346f,1.1378f,1.2408f,0.7387f,-2.6771f,2.4124f,0f,0f,0f,1f],start_interpolation: 0,interpolation_duration: 1}
$data merge entity $(right_leg) {transformation: [-0.7241f,0.5309f,-1.4647f,-1.2124f,1.3914f,0.9469f,-0.3446f,2.607f,0.7008f,-1.3315f,-0.8291f,0.2744f,0f,0f,0f,1f],start_interpolation: 0,interpolation_duration: 1}
$data merge entity $(weist) {transformation: [-1.4121f,0.3966f,-0.6932f,-0.25f,0.4487f,1.5589f,-0.0221f,3.998f,0.6607f,-0.2109f,-1.4666f,-0.3315f,0f,0f,0f,1f],start_interpolation: 0,interpolation_duration: 1}
data modify storage animated_java:temp entry.data merge value {"locators":{"consume":{"px":-0.3878799231,"py":6.6558795135,"pz":3.4506745327,"ry":218.8641561343,"rx":-10.0061978117}}}
# Data Manager: Prepare for Read / Write
execute store result storage animated_java:temp args.id int 1 run scoreboard players get @s aj.id
# Data Manager: Write
function animated_java:global/data_manager/write with storage animated_java:temp args