# This file was generated by Animated Java via MC-Build. It is not recommended to edit this file directly.
$data merge entity $(neck) {transformation: [-0.9906f,0.0773f,0.1129f,0.0072f,0.1142f,0.9218f,0.3706f,6.1266f,-0.0754f,0.38f,-0.9219f,-0.2441f,0f,0f,0f,1f],start_interpolation: 0,interpolation_duration: 1}
$data merge entity $(right_thumb_2) {transformation: [0.0262f,0.0206f,-0.9994f,-1.6869f,0.9961f,0.0833f,0.0278f,5.6755f,0.0838f,-0.9963f,-0.0184f,2.9574f,0f,0f,0f,1f],start_interpolation: 0,interpolation_duration: 1}
$data merge entity $(right_thumb) {transformation: [0.0262f,-0.8552f,-0.5176f,-1.9509f,0.9961f,0.0657f,-0.0582f,5.8451f,0.0838f,-0.5141f,0.8537f,2.7924f,0f,0f,0f,1f],start_interpolation: 0,interpolation_duration: 1}
$data merge entity $(right_fingers2) {transformation: [0.1921f,0.5678f,-0.8004f,-1.6627f,-0.9291f,-0.1575f,-0.3347f,5.6841f,-0.3161f,0.8079f,0.4973f,3.3099f,0f,0f,0f,1f],start_interpolation: 0,interpolation_duration: 1}
$data merge entity $(right_fingers) {transformation: [0.4838f,-0.3539f,-0.8004f,-1.7558f,0.1292f,0.9334f,-0.3347f,5.9513f,0.8656f,0.0585f,0.4973f,3.3547f,0f,0f,0f,1f],start_interpolation: 0,interpolation_duration: 1}
$data merge entity $(scout) {transformation: [0f,0f,0f,-1.8091f,0f,0f,0f,5.7467f,0f,0f,0f,3.3456f,0f,0f,0f,1f],start_interpolation: 0,interpolation_duration: 1}
$data merge entity $(right_hand) {transformation: [-0.3104f,-0.5128f,-0.8004f,-2.1045f,0.9411f,-0.0473f,-0.3347f,5.9028f,0.1338f,-0.8572f,0.4973f,2.8495f,0f,0f,0f,1f],start_interpolation: 0,interpolation_duration: 1}
$data merge entity $(right_forearm) {transformation: [-0.7611f,-0.267f,-1.1165f,-2.5156f,1.1436f,-0.2925f,-0.7097f,5.3889f,-0.0995f,-1.3192f,0.3833f,0.8809f,0f,0f,0f,1f],start_interpolation: 0,interpolation_duration: 1}
$data merge entity $(right_shoulder) {transformation: [-0.7477f,1.1715f,-0.4672f,-0.9215f,1.2598f,0.6673f,-0.3427f,5.9597f,-0.0612f,-0.5762f,-1.3469f,0.234f,0f,0f,0f,1f],start_interpolation: 0,interpolation_duration: 1}
$data merge entity $(right_arm) {transformation: [-0.8972f,0.1478f,-0.4161f,-0.3762f,0.1507f,0.9882f,0.026f,6.1611f,0.4151f,-0.0394f,-0.9089f,-0.0192f,0f,0f,0f,1f],start_interpolation: 0,interpolation_duration: 1}
$data merge entity $(left_thumb_2) {transformation: [-0.1008f,0.2863f,0.9528f,1.7619f,-0.992f,0.0444f,-0.1183f,5.7247f,-0.0762f,-0.9571f,0.2796f,1.7862f,0f,0f,0f,1f],start_interpolation: 0,interpolation_duration: 1}
$data merge entity $(left_thumb) {transformation: [-0.1008f,0.9683f,0.2284f,2.0851f,-0.992f,-0.0803f,-0.0976f,5.8474f,-0.0762f,-0.2364f,0.9687f,1.7078f,0f,0f,0f,1f],start_interpolation: 0,interpolation_duration: 1}
$data merge entity $(left_fingers2) {transformation: [0.2283f,-0.7974f,0.5585f,1.6365f,0.9035f,-0.0401f,-0.4266f,5.7513f,0.3626f,0.6021f,0.7114f,2.1157f,0f,0f,0f,1f],start_interpolation: 0,interpolation_duration: 1}
$data merge entity $(left_fingers) {transformation: [0.6919f,0.4575f,0.5585f,1.7515f,-0.2334f,0.8738f,-0.4266f,6.0037f,-0.6832f,0.1648f,0.7114f,2.1871f,0f,0f,0f,1f],start_interpolation: 0,interpolation_duration: 1}
$data merge entity $(left_hand) {transformation: [-0.3955f,0.7291f,0.5585f,2.222f,-0.8908f,-0.1564f,-0.4266f,5.8844f,-0.2237f,-0.6663f,0.7114f,1.8082f,0f,0f,0f,1f],start_interpolation: 0,interpolation_duration: 1}
$data merge entity $(left_forearm) {transformation: [-1.2094f,0.158f,0.6399f,2.433f,-0.6404f,-0.5986f,-1.0624f,4.9177f,0.1562f,-1.2304f,0.599f,-0.0164f,0f,0f,0f,1f],start_interpolation: 0,interpolation_duration: 1}
$data merge entity $(left_shoulder) {transformation: [-0.8249f,-1.1214f,0.4601f,0.8846f,-1.2093f,0.7999f,-0.2183f,5.6562f,-0.0841f,-0.5023f,-1.3749f,-0.6015f,0f,0f,0f,1f],start_interpolation: 0,interpolation_duration: 1}
$data merge entity $(left_arm) {transformation: [-0.8972f,0.1478f,-0.4161f,0.4179f,0.1507f,0.9882f,0.026f,6.0277f,0.4151f,-0.0394f,-0.9089f,-0.3866f,0f,0f,0f,1f],start_interpolation: 0,interpolation_duration: 1}
$data merge entity $(chest) {transformation: [-1.1471f,0.189f,-0.5321f,-0.2605f,0.1927f,1.2635f,0.0332f,4.3106f,0.5307f,-0.0504f,-1.1621f,-0.1631f,0f,0f,0f,1f],start_interpolation: 0,interpolation_duration: 1}
$data merge entity $(left_cheek) {transformation: [-0.5784f,-0.3612f,-0.7314f,-0.8902f,-0.1119f,0.9233f,-0.3675f,3.0207f,0.808f,-0.1308f,-0.5745f,-0.5593f,0f,0f,0f,1f],start_interpolation: 0,interpolation_duration: 1}
$data merge entity $(left_foot) {transformation: [-0.1482f,0.0487f,-1.0104f,-0.1076f,0.0026f,1.0212f,0.0489f,-4.1259f,1.0116f,0.0045f,-0.1482f,0.1061f,0f,0f,0f,1f],start_interpolation: 0,interpolation_duration: 1}
$data merge entity $(left_knee) {transformation: [-0.8113f,1.0387f,-2.7414f,1.241f,0.1287f,2.8543f,1.0434f,-0.1365f,2.9287f,0.1623f,-0.8053f,0.2136f,0f,0f,0f,1f],start_interpolation: 0,interpolation_duration: 1}
$data merge entity $(left_leg) {transformation: [-0.4294f,-0.797f,-1.4601f,-0.0108f,0.1451f,1.4843f,-0.8528f,2.2724f,1.6571f,-0.3365f,-0.3036f,-0.2476f,0f,0f,0f,1f],start_interpolation: 0,interpolation_duration: 1}
$data merge entity $(right_cheek) {transformation: [-0.1383f,-0.1011f,-0.9852f,-1.3496f,0.8624f,0.4769f,-0.1699f,3.0332f,0.487f,-0.8731f,0.0212f,-0.1508f,0f,0f,0f,1f],start_interpolation: 0,interpolation_duration: 1}
$data merge entity $(right_foot) {transformation: [-0.3445f,0.8863f,-0.3755f,-1.5061f,0.7672f,0.4937f,0.4614f,-1.0061f,0.5813f,-0.1263f,-0.8315f,6.4744f,0f,0f,0f,1f],start_interpolation: 0,interpolation_duration: 1}
$data merge entity $(right_knee) {transformation: [-0.7624f,0.9764f,-2.7781f,-0.2903f,2.5249f,1.6933f,-0.0977f,1.406f,1.5152f,-2.3305f,-1.2349f,3.2419f,0f,0f,0f,1f],start_interpolation: 0,interpolation_duration: 1}
$data merge entity $(right_leg) {transformation: [-0.4306f,-0.3884f,-1.6171f,-0.8472f,1.4261f,0.7733f,-0.5654f,2.6021f,0.8558f,-1.4841f,0.1286f,0.8249f,0f,0f,0f,1f],start_interpolation: 0,interpolation_duration: 1}
$data merge entity $(weist) {transformation: [-0.9696f,0.0841f,-1.298f,-0.4375f,0.3823f,1.5659f,-0.1841f,4.0171f,1.2433f,-0.4159f,-0.9556f,-0.2038f,0f,0f,0f,1f],start_interpolation: 0,interpolation_duration: 1}
data modify storage animated_java:temp entry.data merge value {"locators":{"consume":{"px":-1.6818578549,"py":5.7202873382,"pz":3.4550390263,"ry":238.1462245833,"rx":-19.5542033493}}}
# Data Manager: Prepare for Read / Write
execute store result storage animated_java:temp args.id int 1 run scoreboard players get @s aj.id
# Data Manager: Write
function animated_java:global/data_manager/write with storage animated_java:temp args
execute unless entity @s[tag=aj.transforms_only] at @s run function animated_java:female/animations/strike_2/zzz/frames/6_root_function