# This file was generated by Animated Java via MC-Build. It is not recommended to edit this file directly.
$data merge entity $(neck) {transformation: [-0.9913f,0.1244f,0.0432f,-0.009f,0.1312f,0.9039f,0.4071f,6.1281f,0.0116f,0.4092f,-0.9124f,-0.3144f,0f,0f,0f,1f],start_interpolation: 0,interpolation_duration: 1}
$data merge entity $(right_thumb_2) {transformation: [0.0004f,0.1886f,-0.9821f,-2.3635f,0.9394f,0.3366f,0.065f,5.1218f,0.3428f,-0.9226f,-0.177f,2.4378f,0f,0f,0f,1f],start_interpolation: 0,interpolation_duration: 1}
$data merge entity $(right_thumb) {transformation: [0.0004f,-0.7562f,-0.6543f,-2.5975f,0.9394f,0.2246f,-0.259f,5.337f,0.3428f,-0.6146f,0.7105f,2.2809f,0f,0f,0f,1f],start_interpolation: 0,interpolation_duration: 1}
$data merge entity $(right_fingers2) {transformation: [0.2534f,0.4241f,-0.8694f,-2.3996f,-0.822f,-0.3794f,-0.4247f,5.0385f,-0.51f,0.8223f,0.2525f,2.7794f,0f,0f,0f,1f],start_interpolation: 0,interpolation_duration: 1}
$data merge entity $(right_fingers) {transformation: [0.3283f,-0.3692f,-0.8694f,-2.5019f,-0.1147f,0.8981f,-0.4247f,5.288f,0.9376f,0.2391f,0.2525f,2.8759f,0f,0f,0f,1f],start_interpolation: 0,interpolation_duration: 1}
$data merge entity $(scout) {transformation: [0f,0f,0f,-2.5506f,0f,0f,0f,5.0946f,0f,0f,0f,2.8051f,0f,0f,0f,1f],start_interpolation: 0,interpolation_duration: 1}
$data merge entity $(right_hand) {transformation: [-0.3392f,-0.3592f,-0.8694f,-2.7593f,0.8846f,0.1925f,-0.4247f,5.3831f,0.3199f,-0.9132f,0.2525f,2.3245f,0f,0f,0f,1f],start_interpolation: 0,interpolation_duration: 1}
$data merge entity $(right_forearm) {transformation: [-0.731f,0.1235f,-1.1608f,-2.5852f,1.1664f,0.0232f,-0.7321f,5.3428f,-0.0461f,-1.3716f,-0.1169f,0.2566f,0f,0f,0f,1f],start_interpolation: 0,interpolation_duration: 1}
$data merge entity $(right_shoulder) {transformation: [-0.7461f,1.2614f,-0.0456f,-0.8954f,1.2621f,0.7463f,-0.0071f,5.9985f,0.0171f,-0.0429f,-1.4655f,0.248f,0f,0f,0f,1f],start_interpolation: 0,interpolation_duration: 1}
$data merge entity $(right_arm) {transformation: [-0.8567f,0.1557f,-0.4917f,-0.3713f,0.1842f,0.9828f,-0.0097f,6.1793f,0.4818f,-0.0988f,-0.8707f,-0.0597f,0f,0f,0f,1f],start_interpolation: 0,interpolation_duration: 1}
$data merge entity $(left_thumb_2) {transformation: [-0.0381f,0.3677f,0.9292f,1.4418f,-0.9991f,0.0039f,-0.0426f,5.9473f,-0.0193f,-0.9299f,0.3672f,1.8169f,0f,0f,0f,1f],start_interpolation: 0,interpolation_duration: 1}
$data merge entity $(left_thumb) {transformation: [-0.0381f,0.9885f,0.1462f,1.7634f,-0.9991f,-0.0349f,-0.0247f,6.0845f,-0.0193f,-0.147f,0.989f,1.7585f,0f,0f,0f,1f],start_interpolation: 0,interpolation_duration: 1}
$data merge entity $(left_fingers2) {transformation: [0.1443f,-0.8445f,0.5158f,1.2862f,0.9361f,-0.0524f,-0.3478f,5.986f,0.3207f,0.533f,0.783f,2.1319f,0f,0f,0f,1f],start_interpolation: 0,interpolation_duration: 1}
$data merge entity $(left_fingers) {transformation: [0.762f,0.3916f,0.5158f,1.3801f,-0.2315f,0.9086f,-0.3478f,6.2488f,-0.6048f,0.1456f,0.783f,2.1962f,0f,0f,0f,1f],start_interpolation: 0,interpolation_duration: 1}
$data merge entity $(left_hand) {transformation: [-0.3237f,0.7932f,0.5158f,1.8885f,-0.9253f,-0.1514f,-0.3478f,6.1358f,-0.1978f,-0.5898f,0.783f,1.8676f,0f,0f,0f,1f],start_interpolation: 0,interpolation_duration: 1}
$data merge entity $(left_forearm) {transformation: [-1.1848f,0.3057f,0.6324f,2.3227f,-0.6971f,-0.6648f,-0.9845f,5.0699f,0.0867f,-1.1669f,0.7266f,0.1403f,0f,0f,0f,1f],start_interpolation: 0,interpolation_duration: 1}
$data merge entity $(left_shoulder) {transformation: [-0.7432f,-1.0851f,0.6482f,0.8291f,-1.2635f,0.6572f,-0.3484f,5.6278f,-0.0328f,-0.7352f,-1.2682f,-0.7219f,0f,0f,0f,1f],start_interpolation: 0,interpolation_duration: 1}
$data merge entity $(left_arm) {transformation: [-0.8567f,0.1557f,-0.4917f,0.3869f,0.1842f,0.9828f,-0.0097f,6.0163f,0.4818f,-0.0988f,-0.8707f,-0.4862f,0f,0f,0f,1f],start_interpolation: 0,interpolation_duration: 1}
$data merge entity $(chest) {transformation: [-1.0953f,0.1991f,-0.6287f,-0.2904f,0.2355f,1.2566f,-0.0123f,4.3224f,0.616f,-0.1264f,-1.1132f,-0.1246f,0f,0f,0f,1f],start_interpolation: 0,interpolation_duration: 1}
$data merge entity $(left_cheek) {transformation: [-0.43f,-0.3903f,-0.8141f,-0.9737f,-0.0402f,0.9091f,-0.4146f,3.0418f,0.9019f,-0.1456f,-0.4066f,-0.655f,0f,0f,0f,1f],start_interpolation: 0,interpolation_duration: 1}
$data merge entity $(left_foot) {transformation: [-0.0065f,0.0579f,-1.0207f,-0.1595f,0.0177f,1.0206f,0.0578f,-3.9702f,1.0222f,-0.0173f,-0.0075f,0.1494f,0f,0f,0f,1f],start_interpolation: 0,interpolation_duration: 1}
$data merge entity $(left_knee) {transformation: [-0.3933f,1.1411f,-2.792f,1.3169f,0.1849f,2.8195f,1.1263f,-0.0272f,3.0105f,-0.0241f,-0.4339f,0.0119f,0f,0f,0f,1f],start_interpolation: 0,interpolation_duration: 1}
$data merge entity $(left_leg) {transformation: [-0.1162f,-0.8699f,-1.4769f,-0.0383f,0.3101f,1.4452f,-0.8756f,2.3266f,1.6857f,-0.3258f,0.0592f,-0.4417f,0f,0f,0f,1f],start_interpolation: 0,interpolation_duration: 1}
$data merge entity $(right_cheek) {transformation: [-0.1363f,-0.3426f,-0.9295f,-1.4147f,0.8202f,0.4873f,-0.2999f,2.902f,0.5557f,-0.8032f,0.2146f,-0.0832f,0f,0f,0f,1f],start_interpolation: 0,interpolation_duration: 1}
$data merge entity $(right_foot) {transformation: [-0.2296f,0.4165f,-0.905f,2.2407f,0.6778f,0.746f,0.1713f,-0.9243f,0.7302f,-0.5615f,-0.4436f,6.0688f,0f,0f,0f,1f],start_interpolation: 0,interpolation_duration: 1}
$data merge entity $(right_knee) {transformation: [-0.6927f,-1.1642f,-2.7234f,0.4981f,2.2995f,1.5514f,-1.2481f,1.2377f,1.8667f,-2.3431f,0.5268f,2.9011f,0f,0f,0f,1f],start_interpolation: 0,interpolation_duration: 1}
$data merge entity $(right_leg) {transformation: [-0.3913f,-0.7891f,-1.475f,-0.7065f,1.2988f,0.8114f,-0.7786f,2.5065f,1.0543f,-1.2924f,0.4117f,0.7746f,0f,0f,0f,1f],start_interpolation: 0,interpolation_duration: 1}
$data merge entity $(weist) {transformation: [-0.7747f,-0.0653f,-1.4239f,-0.542f,0.2086f,1.598f,-0.1867f,4.0289f,1.4101f,-0.2722f,-0.7547f,-0.1652f,0f,0f,0f,1f],start_interpolation: 0,interpolation_duration: 1}
data modify storage animated_java:temp entry.data merge value {"locators":{"consume":{"px":-2.443525602,"py":5.0365844111,"pz":2.9236367541,"ry":253.8048875685,"rx":-25.1302639618}}}
# Data Manager: Prepare for Read / Write
execute store result storage animated_java:temp args.id int 1 run scoreboard players get @s aj.id
# Data Manager: Write
function animated_java:global/data_manager/write with storage animated_java:temp args