# This file was generated by Animated Java via MC-Build. It is not recommended to edit this file directly.
$data merge entity $(neck) {transformation: [-0.9877f,0.1537f,0.0303f,-0.0952f,0.1522f,0.8958f,0.4175f,6.1412f,0.037f,0.417f,-0.9082f,-0.3028f,0f,0f,0f,1f],start_interpolation: 0,interpolation_duration: 1}
$data merge entity $(right_thumb_2) {transformation: [-0.0018f,0.2411f,-0.9705f,-2.6233f,0.8919f,0.4393f,0.1074f,4.9566f,0.4523f,-0.8654f,-0.2158f,2.2247f,0f,0f,0f,1f],start_interpolation: 0,interpolation_duration: 1}
$data merge entity $(right_thumb) {transformation: [-0.0018f,-0.7199f,-0.694f,-2.8455f,0.8919f,0.3127f,-0.3267f,5.194f,0.4523f,-0.6196f,0.6415f,2.0834f,0f,0f,0f,1f],start_interpolation: 0,interpolation_duration: 1}
$data merge entity $(right_fingers2) {transformation: [0.2657f,0.3752f,-0.8881f,-2.6782f,-0.7612f,-0.4836f,-0.4321f,4.8342f,-0.5916f,0.7908f,0.1571f,2.5517f,0f,0f,0f,1f],start_interpolation: 0,interpolation_duration: 1}
$data merge entity $(right_fingers) {transformation: [0.2779f,-0.3662f,-0.8881f,-2.7813f,-0.2323f,0.8714f,-0.4321f,5.0728f,0.9321f,0.3264f,0.1571f,2.6722f,0f,0f,0f,1f],start_interpolation: 0,interpolation_duration: 1}
$data merge entity $(scout) {transformation: [0f,0f,0f,-2.8295f,0f,0f,0f,4.8902f,0f,0f,0f,2.5765f,0f,0f,0f,1f],start_interpolation: 0,interpolation_duration: 1}
$data merge entity $(right_hand) {transformation: [-0.3406f,-0.3088f,-0.8881f,-3.0085f,0.8478f,0.3074f,-0.4321f,5.2382f,0.4064f,-0.9001f,0.1571f,2.1242f,0f,0f,0f,1f],start_interpolation: 0,interpolation_duration: 1}
$data merge entity $(right_forearm) {transformation: [-0.7048f,0.2563f,-1.1553f,-2.6352f,1.1833f,0.1639f,-0.6856f,5.4109f,0.0099f,-1.3433f,-0.3041f,0.0897f,0f,0f,0f,1f],start_interpolation: 0,interpolation_duration: 1}
$data merge entity $(right_shoulder) {transformation: [-0.7251f,1.2704f,0.1008f,-0.9434f,1.2718f,0.714f,0.1504f,6.0202f,0.0812f,0.1618f,-1.455f,0.3174f,0f,0f,0f,1f],start_interpolation: 0,interpolation_duration: 1}
$data merge entity $(right_arm) {transformation: [-0.8207f,0.159f,-0.5488f,-0.4392f,0.1926f,0.9813f,-0.0036f,6.1958f,0.538f,-0.1086f,-0.8359f,-0.0245f,0f,0f,0f,1f],start_interpolation: 0,interpolation_duration: 1}
$data merge entity $(left_thumb_2) {transformation: [0.0393f,0.4509f,0.8917f,0.9715f,-0.9991f,0.0324f,0.0276f,6.0543f,-0.0165f,-0.892f,0.4518f,1.9157f,0f,0f,0f,1f],start_interpolation: 0,interpolation_duration: 1}
$data merge entity $(left_thumb) {transformation: [0.0393f,0.9977f,0.0554f,1.2859f,-0.9991f,0.0401f,-0.0143f,6.2155f,-0.0165f,-0.0547f,0.9984f,1.8865f,0f,0f,0f,1f],start_interpolation: 0,interpolation_duration: 1}
$data merge entity $(left_fingers2) {transformation: [0.043f,-0.8839f,0.4657f,0.785f,0.9441f,-0.1166f,-0.3084f,6.0809f,0.3269f,0.453f,0.8295f,2.2148f,0f,0f,0f,1f],start_interpolation: 0,interpolation_duration: 1}
$data merge entity $(left_fingers) {transformation: [0.83f,0.3068f,0.4657f,0.8524f,-0.1727f,0.9355f,-0.3084f,6.35f,-0.5303f,0.1755f,0.8295f,2.2859f,0f,0f,0f,1f],start_interpolation: 0,interpolation_duration: 1}
$data merge entity $(left_hand) {transformation: [-0.2332f,0.8536f,0.4657f,1.3961f,-0.947f,-0.0905f,-0.3084f,6.2761f,-0.2211f,-0.513f,0.8295f,2.0064f,0f,0f,0f,1f],start_interpolation: 0,interpolation_duration: 1}
$data merge entity $(left_forearm) {transformation: [-1.1394f,0.4735f,0.6122f,2.0841f,-0.7731f,-0.646f,-0.9392f,5.2368f,-0.0357f,-1.1205f,0.8002f,0.3465f,0f,0f,0f,1f],start_interpolation: 0,interpolation_duration: 1}
$data merge entity $(left_shoulder) {transformation: [-0.6494f,-0.9983f,0.8553f,0.7086f,-1.3135f,0.5318f,-0.3766f,5.6325f,-0.0538f,-0.933f,-1.1298f,-0.7655f,0f,0f,0f,1f],start_interpolation: 0,interpolation_duration: 1}
$data merge entity $(left_arm) {transformation: [-0.8207f,0.159f,-0.5488f,0.2872f,0.1926f,0.9813f,-0.0036f,6.0254f,0.538f,-0.1086f,-0.8359f,-0.5007f,0f,0f,0f,1f],start_interpolation: 0,interpolation_duration: 1}
$data merge entity $(chest) {transformation: [-1.0493f,0.2034f,-0.7017f,-0.3822f,0.2462f,1.2546f,-0.0046f,4.3383f,0.6878f,-0.1388f,-1.0688f,-0.0954f,0f,0f,0f,1f],start_interpolation: 0,interpolation_duration: 1}
$data merge entity $(left_cheek) {transformation: [-0.3676f,-0.4074f,-0.836f,-1.0998f,0.0302f,0.8932f,-0.4486f,3.0611f,0.9295f,-0.1902f,-0.316f,-0.7496f,0f,0f,0f,1f],start_interpolation: 0,interpolation_duration: 1}
$data merge entity $(left_foot) {transformation: [0.0326f,0.0511f,-1.0206f,-0.3022f,0.05f,1.0198f,0.0526f,-3.8357f,1.0206f,-0.0516f,0.03f,0.3277f,0f,0f,0f,1f],start_interpolation: 0,interpolation_duration: 1}
$data merge entity $(left_knee) {transformation: [-0.2748f,1.2037f,-2.7799f,1.2579f,0.2891f,2.789f,1.179f,0.0643f,3.0155f,-0.1577f,-0.3663f,0.0079f,0f,0f,0f,1f],start_interpolation: 0,interpolation_duration: 1}
$data merge entity $(left_leg) {transformation: [-0.009f,-0.9018f,-1.4622f,-0.1444f,0.4445f,1.4112f,-0.8731f,2.3692f,1.6594f,-0.3829f,0.226f,-0.543f,0f,0f,0f,1f],start_interpolation: 0,interpolation_duration: 1}
$data merge entity $(right_cheek) {transformation: [-0.0536f,-0.4291f,-0.9017f,-1.5059f,0.7469f,0.5821f,-0.3214f,2.9713f,0.6628f,-0.6906f,0.2893f,-0.0438f,0f,0f,0f,1f],start_interpolation: 0,interpolation_duration: 1}
$data merge entity $(right_foot) {transformation: [-0.1112f,0.2418f,-0.9871f,2.8442f,0.5642f,0.8406f,0.1424f,-1.6893f,0.8453f,-0.5292f,-0.2249f,4.9823f,0f,0f,0f,1f],start_interpolation: 0,interpolation_duration: 1}
$data merge entity $(right_knee) {transformation: [-0.3849f,-1.4957f,-2.6205f,0.656f,2.0017f,1.8501f,-1.35f,0.8735f,2.2577f,-1.8954f,0.7502f,2.4546f,0f,0f,0f,1f],start_interpolation: 0,interpolation_duration: 1}
$data merge entity $(right_leg) {transformation: [-0.2174f,-0.9178f,-1.4359f,-0.7633f,1.1306f,1.0054f,-0.8138f,2.461f,1.2751f,-1.0479f,0.4768f,0.7088f,0f,0f,0f,1f],start_interpolation: 0,interpolation_duration: 1}
$data merge entity $(weist) {transformation: [-0.7175f,-0.0955f,-1.4519f,-0.6562f,0.1064f,1.6111f,-0.1586f,4.0428f,1.4512f,-0.1654f,-0.7062f,-0.1366f,0f,0f,0f,1f],start_interpolation: 0,interpolation_duration: 1}
data modify storage animated_java:temp entry.data merge value {"locators":{"consume":{"px":-2.7295699916,"py":4.816189713,"pz":2.6923628854,"ry":259.9693087081,"rx":-25.5995745007}}}
# Data Manager: Prepare for Read / Write
execute store result storage animated_java:temp args.id int 1 run scoreboard players get @s aj.id
# Data Manager: Write
function animated_java:global/data_manager/write with storage animated_java:temp args