# This file was generated by Animated Java via MC-Build. It is not recommended to edit this file directly.
$data merge entity $(neck) {transformation: [-0.9828f,0.1808f,0.0368f,-0.1615f,0.1796f,0.8914f,0.4162f,6.1575f,0.0424f,0.4157f,-0.9085f,-0.2763f,0f,0f,0f,1f],start_interpolation: 0,interpolation_duration: 1}
$data merge entity $(right_thumb_2) {transformation: [0.0328f,0.2154f,-0.976f,-2.6078f,0.8727f,0.4698f,0.133f,4.9313f,0.4872f,-0.8561f,-0.1726f,2.3063f,0f,0f,0f,1f],start_interpolation: 0,interpolation_duration: 1}
$data merge entity $(right_thumb) {transformation: [0.0328f,-0.7375f,-0.6745f,-2.8306f,0.8727f,0.3501f,-0.3404f,5.1782f,0.4872f,-0.5775f,0.6551f,2.1835f,0f,0f,0f,1f],start_interpolation: 0,interpolation_duration: 1}
$data merge entity $(right_fingers2) {transformation: [0.2279f,0.3965f,-0.8893f,-2.6522f,-0.7411f,-0.5218f,-0.4226f,4.7967f,-0.6316f,0.7553f,0.1749f,2.6301f,0f,0f,0f,1f],start_interpolation: 0,interpolation_duration: 1}
$data merge entity $(right_fingers) {transformation: [0.3096f,-0.3366f,-0.8893f,-2.7459f,-0.2748f,0.8637f,-0.4226f,5.032f,0.9103f,0.3752f,0.1749f,2.764f,0f,0f,0f,1f],start_interpolation: 0,interpolation_duration: 1}
$data merge entity $(scout) {transformation: [0f,0f,0f,-2.8012f,0f,0f,0f,4.8543f,0f,0f,0f,2.6631f,0f,0f,0f,1f],start_interpolation: 0,interpolation_duration: 1}
$data merge entity $(right_hand) {transformation: [-0.3083f,-0.3378f,-0.8893f,-2.9911f,0.8364f,0.349f,-0.4226f,5.2235f,0.4531f,-0.8741f,0.1749f,2.2325f,0f,0f,0f,1f],start_interpolation: 0,interpolation_duration: 1}
$data merge entity $(right_forearm) {transformation: [-0.681f,0.2173f,-1.1774f,-2.6784f,1.1949f,0.2087f,-0.6526f,5.4643f,0.0755f,-1.344f,-0.2917f,0.1948f,0f,0f,0f,1f],start_interpolation: 0,interpolation_duration: 1}
$data merge entity $(right_shoulder) {transformation: [-0.6992f,1.2873f,0.0615f,-0.9699f,1.28f,0.6856f,0.2035f,6.0356f,0.1499f,0.1507f,-1.4507f,0.3949f,0f,0f,0f,1f],start_interpolation: 0,interpolation_duration: 1}
$data merge entity $(right_arm) {transformation: [-0.7819f,0.1651f,-0.6012f,-0.4863f,0.1929f,0.9811f,0.0186f,6.2113f,0.5928f,-0.1014f,-0.7989f,0.0245f,0f,0f,0f,1f],start_interpolation: 0,interpolation_duration: 1}
$data merge entity $(left_thumb_2) {transformation: [0.107f,0.5018f,0.8583f,0.5784f,-0.9935f,0.0877f,0.0726f,6.0567f,-0.0389f,-0.8605f,0.5079f,1.9814f,0f,0f,0f,1f],start_interpolation: 0,interpolation_duration: 1}
$data merge entity $(left_thumb) {transformation: [0.107f,0.9942f,-0.0054f,0.8825f,-0.9935f,0.1067f,-0.0397f,6.2389f,-0.0389f,0.0096f,0.9992f,1.9761f,0f,0f,0f,1f],start_interpolation: 0,interpolation_duration: 1}
$data merge entity $(left_fingers2) {transformation: [-0.0406f,-0.9003f,0.4334f,0.3724f,0.935f,-0.1872f,-0.3013f,6.0623f,0.3524f,0.393f,0.8493f,2.2686f,0f,0f,0f,1f],start_interpolation: 0,interpolation_duration: 1}
$data merge entity $(left_fingers) {transformation: [0.8708f,0.232f,0.4334f,0.4172f,-0.1026f,0.948f,-0.3013f,6.3332f,-0.4807f,0.2179f,0.8493f,2.3505f,0f,0f,0f,1f],start_interpolation: 0,interpolation_duration: 1}
$data merge entity $(left_hand) {transformation: [-0.1552f,0.8877f,0.4334f,0.9808f,-0.9533f,-0.0196f,-0.3013f,6.303f,-0.259f,-0.4599f,0.8493f,2.1043f,0f,0f,0f,1f],start_interpolation: 0,interpolation_duration: 1}
$data merge entity $(left_forearm) {transformation: [-1.0875f,0.5952f,0.6001f,1.8538f,-0.8328f,-0.5875f,-0.9265f,5.3499f,-0.1444f,-1.0944f,0.8238f,0.4801f,0f,0f,0f,1f],start_interpolation: 0,interpolation_duration: 1}
$data merge entity $(left_shoulder) {transformation: [-0.5704f,-0.9043f,1.0034f,0.604f,-1.3474f,0.4575f,-0.3536f,5.6474f,-0.095f,-1.0596f,-1.009f,-0.7984f,0f,0f,0f,1f],start_interpolation: 0,interpolation_duration: 1}
$data merge entity $(left_arm) {transformation: [-0.7819f,0.1651f,-0.6012f,0.2058f,0.1929f,0.9811f,0.0186f,6.0406f,0.5928f,-0.1014f,-0.7989f,-0.5002f,0f,0f,0f,1f],start_interpolation: 0,interpolation_duration: 1}
$data merge entity $(chest) {transformation: [-0.9997f,0.2111f,-0.7686f,-0.4592f,0.2466f,1.2543f,0.0238f,4.3548f,0.758f,-0.1296f,-1.0214f,-0.0824f,0f,0f,0f,1f],start_interpolation: 0,interpolation_duration: 1}
$data merge entity $(left_cheek) {transformation: [-0.3871f,-0.4759f,-0.7897f,-1.3012f,-0.0931f,0.8723f,-0.48f,2.9923f,0.9173f,-0.1122f,-0.382f,-0.6864f,0f,0f,0f,1f],start_interpolation: 0,interpolation_duration: 1}
$data merge entity $(left_foot) {transformation: [0.0563f,0.0265f,-1.0205f,-0.288f,0.0578f,1.0203f,0.0297f,-3.7681f,1.0192f,-0.0593f,0.0547f,0.2253f,0f,0f,0f,1f],start_interpolation: 0,interpolation_duration: 1}
$data merge entity $(left_knee) {transformation: [-0.2043f,1.2052f,-2.7853f,1.2719f,0.3128f,2.7851f,1.1822f,0.1259f,3.0187f,-0.2071f,-0.311f,-0.1606f,0f,0f,0f,1f],start_interpolation: 0,interpolation_duration: 1}
$data merge entity $(left_leg) {transformation: [-0.0921f,-1.0032f,-1.3916f,-0.2982f,0.262f,1.369f,-1.0042f,2.3595f,1.6954f,-0.266f,0.0796f,-0.5186f,0f,0f,0f,1f],start_interpolation: 0,interpolation_duration: 1}
$data merge entity $(right_cheek) {transformation: [0.1023f,-0.4754f,-0.8738f,-1.6055f,0.6901f,0.6665f,-0.2819f,3.1219f,0.7164f,-0.5742f,0.3963f,0.1248f,0f,0f,0f,1f],start_interpolation: 0,interpolation_duration: 1}
$data merge entity $(right_foot) {transformation: [0.0412f,0.2657f,-0.9864f,2.2582f,0.4769f,0.868f,0.2538f,-2.6278f,0.9034f,-0.4703f,-0.0889f,4.2428f,0f,0f,0f,1f],start_interpolation: 0,interpolation_duration: 1}
$data merge entity $(right_knee) {transformation: [0.138f,-1.0778f,-2.841f,0.6542f,1.7725f,2.3385f,-0.8011f,0.6269f,2.4681f,-1.6192f,0.7341f,2.1027f,0f,0f,0f,1f],start_interpolation: 0,interpolation_duration: 1}
$data merge entity $(right_leg) {transformation: [0.0779f,-0.967f,-1.4178f,-0.8566f,1.0011f,1.1784f,-0.7487f,2.4951f,1.394f,-0.7922f,0.6169f,0.7575f,0f,0f,0f,1f],start_interpolation: 0,interpolation_duration: 1}
$data merge entity $(weist) {transformation: [-0.6473f,-0.0532f,-1.4867f,-0.7393f,0.1572f,1.6098f,-0.126f,4.0561f,1.4793f,-0.1944f,-0.6372f,-0.1245f,0f,0f,0f,1f],start_interpolation: 0,interpolation_duration: 1}
data modify storage animated_java:temp entry.data merge value {"locators":{"consume":{"px":-2.6982821018,"py":4.7739209515,"pz":2.7718226381,"ry":258.872437283,"rx":-24.9959165338}}}
# Data Manager: Prepare for Read / Write
execute store result storage animated_java:temp args.id int 1 run scoreboard players get @s aj.id
# Data Manager: Write
function animated_java:global/data_manager/write with storage animated_java:temp args