# This file was generated by Animated Java via MC-Build. It is not recommended to edit this file directly.
$data merge entity $(neck) {transformation: [-1f,-0.0002f,0.0018f,-0.0004f,-0.0001f,0.998f,0.0635f,5.9863f,-0.0018f,0.0635f,-0.998f,-0.0306f,0f,0f,0f,1f],start_interpolation: 0,interpolation_duration: 1}
$data merge entity $(right_thumb_2) {transformation: [-0.7792f,0.0586f,-0.6241f,-1.6607f,0.344f,0.8723f,-0.3476f,2.14f,0.524f,-0.4855f,-0.6998f,1.3047f,0f,0f,0f,1f],start_interpolation: 0,interpolation_duration: 1}
$data merge entity $(right_thumb) {transformation: [-0.7792f,-0.2859f,-0.5578f,-1.8604f,0.344f,0.5489f,-0.7618f,2.3784f,0.524f,-0.7855f,-0.3294f,1.1343f,0f,0f,0f,1f],start_interpolation: 0,interpolation_duration: 1}
$data merge entity $(right_fingers2) {transformation: [0.4978f,-0.5995f,-0.6268f,-1.8136f,-0.8636f,-0.2756f,-0.4223f,1.681f,0.0804f,0.7515f,-0.6548f,1.4162f,0f,0f,0f,1f],start_interpolation: 0,interpolation_duration: 1}
$data merge entity $(right_fingers) {transformation: [-0.4775f,-0.6157f,-0.6268f,-2.0071f,-0.4559f,0.7835f,-0.4223f,1.8883f,0.7511f,0.0841f,-0.6548f,1.4566f,0f,0f,0f,1f],start_interpolation: 0,interpolation_duration: 1}
$data merge entity $(scout) {transformation: [0f,0f,0f,-1.9357f,0f,0f,0f,1.8199f,0f,0f,0f,1.2694f,0f,0f,0f,1f],start_interpolation: 0,interpolation_duration: 1}
$data merge entity $(right_hand) {transformation: [-0.7792f,0.004f,-0.6268f,-2.0285f,0.344f,0.8387f,-0.4223f,2.383f,0.524f,-0.5446f,-0.6548f,1.0905f,0f,0f,0f,1f],start_interpolation: 0,interpolation_duration: 1}
$data merge entity $(right_forearm) {transformation: [-1.2167f,0.0415f,0.6442f,-1.8919f,-0.3332f,1.1368f,-0.7026f,4.0833f,-0.5529f,-0.7765f,-0.9942f,-0.0922f,0f,0f,0f,1f],start_interpolation: 0,interpolation_duration: 1}
$data merge entity $(right_shoulder) {transformation: [-1.3783f,0.499f,0.0351f,-1.0069f,0.4995f,1.3783f,0.0217f,5.6624f,-0.0256f,0.0323f,-1.4657f,-0.0004f,0f,0f,0f,1f],start_interpolation: 0,interpolation_duration: 1}
$data merge entity $(right_arm) {transformation: [-1f,-0.0002f,0.0018f,-0.443f,-0.0001f,0.998f,0.0635f,5.9522f,-0.0018f,0.0635f,-0.998f,0.0106f,0f,0f,0f,1f],start_interpolation: 0,interpolation_duration: 1}
$data merge entity $(left_thumb_2) {transformation: [-0.7689f,-0.0539f,0.6371f,1.6412f,-0.3681f,0.852f,-0.3722f,2.1987f,-0.5227f,-0.5207f,-0.675f,1.4708f,0f,0f,0f,1f],start_interpolation: 0,interpolation_duration: 1}
$data merge entity $(left_thumb) {transformation: [-0.7689f,0.2968f,0.5663f,1.8427f,-0.3681f,0.5186f,-0.7717f,2.431f,-0.5227f,-0.8018f,-0.2895f,1.2944f,0f,0f,0f,1f],start_interpolation: 0,interpolation_duration: 1}
$data merge entity $(left_fingers2) {transformation: [0.4956f,0.5879f,0.6393f,1.7939f,0.862f,-0.2427f,-0.445f,1.7451f,-0.1064f,0.7717f,-0.6271f,1.603f,0f,0f,0f,1f],start_interpolation: 0,interpolation_duration: 1}
$data merge entity $(left_fingers) {transformation: [-0.4667f,0.6111f,0.6393f,1.9859f,0.4236f,0.789f,-0.445f,1.9548f,-0.7764f,0.0631f,-0.6271f,1.6383f,0f,0f,0f,1f],start_interpolation: 0,interpolation_duration: 1}
$data merge entity $(left_hand) {transformation: [-0.7689f,0.0018f,0.6393f,2.0115f,-0.3681f,0.8164f,-0.445f,2.4347f,-0.5227f,-0.5775f,-0.6271f,1.2532f,0f,0f,0f,1f],start_interpolation: 0,interpolation_duration: 1}
$data merge entity $(left_forearm) {transformation: [-1.2272f,-0.0293f,-0.6248f,1.8936f,0.3536f,1.1023f,-0.7463f,4.0823f,0.5159f,-0.8253f,-0.9746f,-0.0037f,0f,0f,0f,1f],start_interpolation: 0,interpolation_duration: 1}
$data merge entity $(left_shoulder) {transformation: [-1.3782f,-0.5002f,-0.007f,1.0061f,-0.4999f,1.3778f,-0.0414f,5.6627f,0.0207f,-0.0365f,-1.4656f,0.0032f,0f,0f,0f,1f],start_interpolation: 0,interpolation_duration: 1}
$data merge entity $(left_arm) {transformation: [-1f,-0.0002f,0.0018f,0.4421f,-0.0001f,0.998f,0.0635f,5.9523f,-0.0018f,0.0635f,-0.998f,0.0121f,0f,0f,0f,1f],start_interpolation: 0,interpolation_duration: 1}
$data merge entity $(chest) {transformation: [-1.2785f,-0.0003f,0.0023f,0f,-0.0001f,1.276f,0.0812f,4.152f,-0.0023f,0.0812f,-1.276f,-0.1379f,0f,0f,0f,1f],start_interpolation: 0,interpolation_duration: 1}
$data merge entity $(left_cheek) {transformation: [-0.981f,-0.0581f,-0.1851f,0.1802f,-0.0637f,0.9977f,0.0246f,3.2985f,0.1832f,0.0359f,-0.9824f,-0.7003f,0f,0f,0f,1f],start_interpolation: 0,interpolation_duration: 1}
$data merge entity $(left_foot) {transformation: [-0.8915f,0.0103f,-0.5003f,0.4707f,-0.0174f,1.0209f,0.052f,-4.7087f,0.5001f,0.0539f,-0.8901f,-1.2729f,0f,0f,0f,1f],start_interpolation: 0,interpolation_duration: 1}
$data merge entity $(left_knee) {transformation: [-2.8043f,0.0988f,-1.1741f,0.64f,-0.1469f,2.978f,0.6016f,-0.5582f,1.169f,0.6113f,-2.7408f,-0.5725f,0f,0f,0f,1f],start_interpolation: 0,interpolation_duration: 1}
$data merge entity $(left_leg) {transformation: [-1.5838f,-0.0227f,-0.6651f,0.5573f,-0.083f,1.7103f,0.1393f,2.1743f,0.6603f,0.1605f,-1.5779f,-0.2416f,0f,0f,0f,1f],start_interpolation: 0,interpolation_duration: 1}
$data merge entity $(right_cheek) {transformation: [-0.9853f,0.0346f,-0.1672f,-0.648f,0.0318f,0.9993f,0.0195f,3.2969f,0.1677f,0.0139f,-0.9857f,-0.487f,0f,0f,0f,1f],start_interpolation: 0,interpolation_duration: 1}
$data merge entity $(right_foot) {transformation: [-1.0129f,-0.0271f,0.1363f,-0.7847f,-0.031f,1.0215f,-0.0274f,-4.7107f,-0.1354f,-0.0312f,-1.0129f,0.7752f,0f,0f,0f,1f],start_interpolation: 0,interpolation_duration: 1}
$data merge entity $(right_knee) {transformation: [-3.038f,-0.0244f,0.1496f,-0.8996f,-0.0231f,3.0415f,0.0276f,-0.5007f,-0.1498f,0.0264f,-3.0379f,0.6832f,0f,0f,0f,1f],start_interpolation: 0,interpolation_duration: 1}
$data merge entity $(right_leg) {transformation: [-1.7158f,0.0092f,0.0851f,-0.8161f,-0.013f,1.6601f,-0.4417f,2.1724f,-0.0846f,-0.4418f,-1.658f,0.0274f,0f,0f,0f,1f],start_interpolation: 0,interpolation_duration: 1}
$data merge entity $(weist) {transformation: [-1.5921f,0.0063f,-0.3119f,-0.1456f,-0.0021f,1.6218f,0.0435f,3.8266f,0.3119f,0.0431f,-1.5915f,-0.1786f,0f,0f,0f,1f],start_interpolation: 0,interpolation_duration: 1}
data modify storage animated_java:temp entry.data merge value {"locators":{"consume":{"px":-1.873408533,"py":1.6867047328,"pz":1.3546145155,"ry":316.2535518523,"rx":-24.9787548277}}}
# Data Manager: Prepare for Read / Write
execute store result storage animated_java:temp args.id int 1 run scoreboard players get @s aj.id
# Data Manager: Write
function animated_java:global/data_manager/write with storage animated_java:temp args