# This file was generated by Animated Java via MC-Build. It is not recommended to edit this file directly.
$data merge entity $(neck) {transformation: [-0.9918f,0.1102f,-0.0651f,0.2018f,0.0737f,0.9074f,0.4137f,6.1654f,0.1046f,0.4055f,-0.9081f,-0.3112f,0f,0f,0f,1f],start_interpolation: 0,interpolation_duration: 1}
$data merge entity $(right_thumb_2) {transformation: [0.2199f,-0.9102f,-0.3509f,0.8146f,0.8266f,0.3649f,-0.4285f,6.1023f,0.5181f,-0.1958f,0.8326f,1.4543f,0f,0f,0f,1f],start_interpolation: 0,interpolation_duration: 1}
$data merge entity $(right_thumb) {transformation: [0.2199f,-0.9562f,0.1931f,0.5369f,0.8266f,0.0775f,-0.5575f,6.2576f,0.5181f,0.2822f,0.8074f,1.6106f,0f,0f,0f,1f],start_interpolation: 0,interpolation_duration: 1}
$data merge entity $(right_fingers2) {transformation: [0.5767f,0.771f,-0.2702f,1.1787f,-0.7812f,0.4235f,-0.4587f,5.8735f,-0.2392f,0.4756f,0.8465f,1.7025f,0f,0f,0f,1f],start_interpolation: 0,interpolation_duration: 1}
$data merge entity $(right_fingers) {transformation: [0.8775f,-0.3961f,-0.2702f,1.0886f,0.2444f,0.8543f,-0.4587f,6.1205f,0.4126f,0.3365f,0.8465f,1.8163f,0f,0f,0f,1f],start_interpolation: 0,interpolation_duration: 1}
$data merge entity $(scout) {transformation: [0f,0f,0f,0.9788f,0f,0f,0f,5.9397f,0f,0f,0f,1.8092f,0f,0f,0f,1f],start_interpolation: 0,interpolation_duration: 1}
$data merge entity $(right_hand) {transformation: [0.2199f,-0.9373f,-0.2702f,0.4998f,0.8266f,0.3262f,-0.4587f,6.2964f,0.5181f,-0.1225f,0.8465f,1.7759f,0f,0f,0f,1f],start_interpolation: 0,interpolation_duration: 1}
$data merge entity $(right_forearm) {transformation: [-0.2794f,-1.3412f,0.142f,-1.5032f,0.3683f,-0.2154f,-1.3096f,5.9091f,1.2975f,-0.2277f,0.4023f,1.3937f,0f,0f,0f,1f],start_interpolation: 0,interpolation_duration: 1}
$data merge entity $(right_shoulder) {transformation: [-1.1084f,0.3467f,-0.895f,-0.8284f,0.9433f,0.1408f,-1.1136f,5.9265f,-0.1773f,-1.4177f,-0.3295f,-0.2884f,0f,0f,0f,1f],start_interpolation: 0,interpolation_duration: 1}
$data merge entity $(right_arm) {transformation: [-0.9918f,0.1102f,-0.0651f,-0.2377f,0.0737f,0.9074f,0.4137f,6.1513f,0.1046f,0.4055f,-0.9081f,-0.2376f,0f,0f,0f,1f],start_interpolation: 0,interpolation_duration: 1}
$data merge entity $(left_thumb_2) {transformation: [0.1083f,0.9906f,-0.0831f,-0.2843f,-0.964f,0.0842f,-0.2521f,6.7007f,-0.2427f,0.1074f,0.9641f,0.7811f,0f,0f,0f,1f],start_interpolation: 0,interpolation_duration: 1}
$data merge entity $(left_thumb) {transformation: [0.1083f,0.7908f,-0.6024f,-0.0374f,-0.964f,-0.0644f,-0.2578f,6.8266f,-0.2427f,0.6086f,0.7554f,1.0022f,0f,0f,0f,1f],start_interpolation: 0,interpolation_duration: 1}
$data merge entity $(left_fingers2) {transformation: [0.6808f,-0.7126f,-0.1691f,-0.7602f,0.6671f,0.6987f,-0.2584f,6.636f,0.3023f,0.0631f,0.9511f,0.9066f,0f,0f,0f,1f],start_interpolation: 0,interpolation_duration: 1}
$data merge entity $(left_fingers) {transformation: [0.8431f,0.5105f,-0.1691f,-0.6398f,-0.5377f,0.8025f,-0.2584f,6.878f,0.0038f,0.3088f,0.9511f,1.0015f,0f,0f,0f,1f],start_interpolation: 0,interpolation_duration: 1}
$data merge entity $(left_hand) {transformation: [0.1083f,0.9796f,-0.1691f,-0.045f,-0.964f,0.0619f,-0.2584f,6.8998f,-0.2427f,0.191f,0.9511f,1.1597f,0f,0f,0f,1f],start_interpolation: 0,interpolation_duration: 1}
$data merge entity $(left_forearm) {transformation: [-0.2531f,1.2979f,-0.3855f,1.885f,-0.6931f,-0.4611f,-1.0973f,6.1366f,-1.163f,-0.0076f,0.7379f,1.1267f,0f,0f,0f,1f],start_interpolation: 0,interpolation_duration: 1}
$data merge entity $(left_shoulder) {transformation: [-1.2497f,-0.3636f,0.6752f,1.1681f,-0.6382f,-0.2228f,-1.3011f,5.7782f,0.4252f,-1.4029f,0.0317f,-0.499f,0f,0f,0f,1f],start_interpolation: 0,interpolation_duration: 1}
$data merge entity $(left_arm) {transformation: [-0.9918f,0.1102f,-0.0651f,0.6401f,0.0737f,0.9074f,0.4137f,6.0861f,0.1046f,0.4055f,-0.9081f,-0.3302f,0f,0f,0f,1f],start_interpolation: 0,interpolation_duration: 1}
$data merge entity $(chest) {transformation: [-1.268f,0.1409f,-0.0832f,0f,0.0942f,1.1602f,0.529f,4.4942f,0.1338f,0.5185f,-1.161f,-1.0477f,0f,0f,0f,1f],start_interpolation: 0,interpolation_duration: 1}
$data merge entity $(left_cheek) {transformation: [-0.915f,-0.2995f,-0.2704f,-0.0034f,-0.262f,0.9506f,-0.1663f,3.6396f,0.3069f,-0.0813f,-0.9483f,-1.7508f,0f,0f,0f,1f],start_interpolation: 0,interpolation_duration: 1}
$data merge entity $(left_foot) {transformation: [-0.8412f,0.1152f,-0.5696f,1.5139f,0.0332f,1.01f,0.1553f,-4.0465f,0.5801f,0.1093f,-0.8347f,-3.4217f,0f,0f,0f,1f],start_interpolation: 0,interpolation_duration: 1}
$data merge entity $(left_knee) {transformation: [-2.5077f,-0.2791f,-1.6987f,1.1301f,-0.8482f,2.8122f,0.7901f,-0.0977f,1.498f,1.1251f,-2.3963f,-2.0056f,0f,0f,0f,1f],start_interpolation: 0,interpolation_duration: 1}
$data merge entity $(left_leg) {transformation: [-1.4164f,-0.3626f,-0.9022f,0.5168f,-0.479f,1.6474f,0.09f,2.5189f,0.8461f,0.3258f,-1.4592f,-1.4057f,0f,0f,0f,1f],start_interpolation: 0,interpolation_duration: 1}
$data merge entity $(right_cheek) {transformation: [-0.9486f,0.046f,-0.3131f,-0.7187f,0.0959f,0.9846f,-0.1462f,3.6017f,0.3016f,-0.1687f,-0.9384f,-1.4648f,0f,0f,0f,1f],start_interpolation: 0,interpolation_duration: 1}
$data merge entity $(right_foot) {transformation: [-0.9699f,-0.0233f,0.3226f,-1.9365f,-0.0186f,1.022f,0.0178f,-4.2517f,-0.3229f,0.011f,-0.97f,0.0925f,0f,0f,0f,1f],start_interpolation: 0,interpolation_duration: 1}
$data merge entity $(right_knee) {transformation: [-2.9094f,0.4269f,0.778f,-1.3973f,0.4118f,3.0116f,-0.1126f,-0.0763f,-0.7861f,-0.0024f,-2.9384f,-0.0535f,0f,0f,0f,1f],start_interpolation: 0,interpolation_duration: 1}
$data merge entity $(right_leg) {transformation: [-1.6432f,0.3659f,0.3426f,-0.7529f,0.2326f,1.5968f,-0.5895f,2.4894f,-0.444f,-0.5175f,-1.5769f,-0.8179f,0f,0f,0f,1f],start_interpolation: 0,interpolation_duration: 1}
$data merge entity $(weist) {transformation: [-1.4719f,0.0215f,-0.6819f,-0.1456f,-0.0342f,1.6172f,0.1247f,4.1587f,0.6814f,0.1275f,-1.4668f,-1.0884f,0f,0f,0f,1f],start_interpolation: 0,interpolation_duration: 1}
data modify storage animated_java:temp entry.data merge value {"locators":{"consume":{"px":1.1262136114,"py":5.8648401796,"pz":1.7701712738,"ry":197.705190293,"rx":-27.3028578491}}}
# Data Manager: Prepare for Read / Write
execute store result storage animated_java:temp args.id int 1 run scoreboard players get @s aj.id
# Data Manager: Write
function animated_java:global/data_manager/write with storage animated_java:temp args
execute unless entity @s[tag=aj.transforms_only] at @s run function animated_java:female/animations/berserk_start/zzz/frames/10_root_function