# This file was generated by Animated Java via MC-Build. It is not recommended to edit this file directly.
$data merge entity $(neck) {transformation: [-0.9865f,0.1378f,-0.0887f,0.2524f,0.1074f,0.9523f,0.2856f,6.0568f,0.1239f,0.2722f,-0.9542f,-0.2624f,0f,0f,0f,1f],start_interpolation: 0,interpolation_duration: 1}
$data merge entity $(right_thumb_2) {transformation: [0.1747f,-0.812f,-0.5569f,0.4888f,0.8215f,0.432f,-0.3721f,6.1071f,0.5427f,-0.3925f,0.7425f,1.9593f,0f,0f,0f,1f],start_interpolation: 0,interpolation_duration: 1}
$data merge entity $(right_thumb) {transformation: [0.1747f,-0.984f,-0.0334f,0.1986f,0.8215f,0.1644f,-0.546f,6.2895f,0.5427f,0.0679f,0.8371f,2.0498f,0f,0f,0f,1f],start_interpolation: 0,interpolation_duration: 1}
$data merge entity $(right_fingers2) {transformation: [0.5445f,0.685f,-0.484f,0.77f,-0.8329f,0.3735f,-0.4084f,5.8571f,-0.0989f,0.6255f,0.7739f,2.2832f,0f,0f,0f,1f],start_interpolation: 0,interpolation_duration: 1}
$data merge entity $(right_fingers) {transformation: [0.7866f,-0.3833f,-0.484f,0.6794f,0.1844f,0.894f,-0.4084f,6.1141f,0.5893f,0.232f,0.7739f,2.3716f,0f,0f,0f,1f],start_interpolation: 0,interpolation_duration: 1}
$data merge entity $(scout) {transformation: [0f,0f,0f,0.5584f,0f,0f,0f,5.9428f,0f,0f,0f,2.3433f,0f,0f,0f,1f],start_interpolation: 0,interpolation_duration: 1}
$data merge entity $(right_hand) {transformation: [0.1747f,-0.8574f,-0.484f,0.1305f,0.8215f,0.3979f,-0.4084f,6.3363f,0.5427f,-0.3263f,0.7739f,2.2027f,0f,0f,0f,1f],start_interpolation: 0,interpolation_duration: 1}
$data merge entity $(right_forearm) {transformation: [-0.5573f,-1.2557f,-0.0993f,-1.7409f,0.523f,-0.1319f,-1.2674f,6.0699f,1.1459f,-0.5505f,0.5301f,1.3453f,0f,0f,0f,1f],start_interpolation: 0,interpolation_duration: 1}
$data merge entity $(right_shoulder) {transformation: [-0.9537f,0.6057f,-0.9345f,-0.78f,1.0106f,-0.0461f,-1.0613f,5.8441f,-0.4678f,-1.3345f,-0.3876f,-0.175f,0f,0f,0f,1f],start_interpolation: 0,interpolation_duration: 1}
$data merge entity $(right_arm) {transformation: [-0.9865f,0.1378f,-0.0887f,-0.1845f,0.1074f,0.9523f,0.2856f,6.0619f,0.1239f,0.2722f,-0.9542f,-0.174f,0f,0f,0f,1f],start_interpolation: 0,interpolation_duration: 1}
$data merge entity $(left_thumb_2) {transformation: [0.0676f,0.9752f,0.2107f,0.07f,-0.9478f,0.1287f,-0.2916f,6.5861f,-0.3115f,-0.18f,0.9331f,1.3044f,0f,0f,0f,1f],start_interpolation: 0,interpolation_duration: 1}
$data merge entity $(left_thumb) {transformation: [0.0676f,0.9357f,-0.3463f,0.3659f,-0.9478f,-0.0482f,-0.3151f,6.7156f,-0.3115f,0.3496f,0.8836f,1.4506f,0f,0f,0f,1f],start_interpolation: 0,interpolation_duration: 1}
$data merge entity $(left_fingers2) {transformation: [0.7148f,-0.688f,0.1249f,-0.346f,0.688f,0.66f,-0.3017f,6.4935f,0.1252f,0.3016f,0.9452f,1.559f,0f,0f,0f,1f],start_interpolation: 0,interpolation_duration: 1}
$data merge entity $(left_fingers) {transformation: [0.8265f,0.549f,0.1249f,-0.212f,-0.4955f,0.8145f,-0.3017f,6.7373f,-0.2673f,0.1875f,0.9452f,1.6269f,0f,0f,0f,1f],start_interpolation: 0,interpolation_duration: 1}
$data merge entity $(left_hand) {transformation: [0.0676f,0.9899f,0.1249f,0.4019f,-0.9478f,0.1028f,-0.3017f,6.7824f,-0.3115f,-0.098f,0.9452f,1.6069f,0f,0f,0f,1f],start_interpolation: 0,interpolation_duration: 1}
$data merge entity $(left_forearm) {transformation: [-0.5791f,1.2432f,-0.1273f,2.2454f,-0.71f,-0.4428f,-1.0941f,6.0463f,-1.0284f,-0.3944f,0.827f,1.0003f,0f,0f,0f,1f],start_interpolation: 0,interpolation_duration: 1}
$data merge entity $(left_shoulder) {transformation: [-1.1083f,-0.6509f,0.7056f,1.2057f,-0.6589f,-0.268f,-1.2822f,5.628f,0.6981f,-1.2862f,-0.0899f,-0.4243f,0f,0f,0f,1f],start_interpolation: 0,interpolation_duration: 1}
$data merge entity $(left_arm) {transformation: [-0.9865f,0.1378f,-0.0887f,0.6886f,0.1074f,0.9523f,0.2856f,5.9668f,0.1239f,0.2722f,-0.9542f,-0.2837f,0f,0f,0f,1f],start_interpolation: 0,interpolation_duration: 1}
$data merge entity $(chest) {transformation: [-1.2612f,0.1762f,-0.1134f,0f,0.1373f,1.2176f,0.3651f,4.3043f,0.1584f,0.348f,-1.22f,-0.7535f,0f,0f,0f,1f],start_interpolation: 0,interpolation_duration: 1}
$data merge entity $(left_cheek) {transformation: [-0.9109f,-0.3006f,-0.2826f,-0.028f,-0.2607f,0.9502f,-0.1705f,3.4152f,0.3198f,-0.0817f,-0.944f,-1.4639f,0f,0f,0f,1f],start_interpolation: 0,interpolation_duration: 1}
$data merge entity $(left_foot) {transformation: [-0.8356f,0.1118f,-0.5783f,1.5086f,0.0406f,1.0123f,0.1371f,-4.2525f,0.5876f,0.089f,-0.8319f,-3.032f,0f,0f,0f,1f],start_interpolation: 0,interpolation_duration: 1}
$data merge entity $(left_knee) {transformation: [-2.4939f,-0.2669f,-1.7209f,1.1403f,-0.8286f,2.8256f,0.7626f,-0.2868f,1.5317f,1.094f,-2.3894f,-1.6596f,0f,0f,0f,1f],start_interpolation: 0,interpolation_duration: 1}
$data merge entity $(left_leg) {transformation: [-1.4085f,-0.3735f,-0.9099f,0.51f,-0.468f,1.6523f,0.0462f,2.3395f,0.8651f,0.2858f,-1.4565f,-1.123f,0f,0f,0f,1f],start_interpolation: 0,interpolation_duration: 1}
$data merge entity $(right_cheek) {transformation: [-0.9314f,0.0454f,-0.3613f,-0.7131f,0.1041f,0.984f,-0.1448f,3.3689f,0.3489f,-0.1724f,-0.9212f,-1.1776f,0f,0f,0f,1f],start_interpolation: 0,interpolation_duration: 1}
$data merge entity $(right_foot) {transformation: [-0.978f,-0.0232f,0.2969f,-1.9385f,-0.0227f,1.0221f,0.005f,-4.4393f,-0.2969f,-0.0018f,-0.9783f,0.4856f,0f,0f,0f,1f],start_interpolation: 0,interpolation_duration: 1}
$data merge entity $(right_knee) {transformation: [-2.9244f,0.452f,0.7041f,-1.368f,0.4152f,3.0063f,-0.2053f,-0.275f,-0.7264f,-0.1012f,-2.952f,0.2039f,0f,0f,0f,1f],start_interpolation: 0,interpolation_duration: 1}
$data merge entity $(right_leg) {transformation: [-1.6517f,0.3495f,0.3181f,-0.7486f,0.2345f,1.6101f,-0.5514f,2.3108f,-0.4103f,-0.4867f,-1.5957f,-0.512f,0f,0f,0f,1f],start_interpolation: 0,interpolation_duration: 1}
$data merge entity $(weist) {transformation: [-1.4592f,0.0246f,-0.7087f,-0.1456f,-0.0332f,1.6172f,0.1246f,3.9796f,0.7083f,0.1266f,-1.454f,-0.7941f,0f,0f,0f,1f],start_interpolation: 0,interpolation_duration: 1}
data modify storage animated_java:temp entry.data merge value {"locators":{"consume":{"px":0.7037150277,"py":5.8548642696,"pz":2.3380127515,"ry":212.0237231666,"rx":-24.1012672405}}}
# Data Manager: Prepare for Read / Write
execute store result storage animated_java:temp args.id int 1 run scoreboard players get @s aj.id
# Data Manager: Write
function animated_java:global/data_manager/write with storage animated_java:temp args