# This file was generated by Animated Java via MC-Build. It is not recommended to edit this file directly.
$data merge entity $(neck) {transformation: [-0.9692f,0.1581f,-0.1889f,0.2886f,0.1358f,0.9827f,0.1257f,5.9845f,0.2055f,0.0962f,-0.9739f,-0.1557f,0f,0f,0f,1f],start_interpolation: 0,interpolation_duration: 1}
$data merge entity $(right_thumb_2) {transformation: [-0.1692f,-0.6578f,-0.734f,-0.4233f,0.7355f,0.4115f,-0.5383f,6.2938f,0.6561f,-0.6309f,0.4141f,2.7562f,0f,0f,0f,1f],start_interpolation: 0,interpolation_duration: 1}
$data merge entity $(right_thumb) {transformation: [-0.1692f,-0.9491f,-0.2656f,-0.75f,0.7355f,0.0578f,-0.6751f,6.4309f,0.6561f,-0.3096f,0.6883f,2.7442f,0f,0f,0f,1f],start_interpolation: 0,interpolation_duration: 1}
$data merge entity $(right_fingers2) {transformation: [0.6597f,0.3327f,-0.6739f,-0.2517f,-0.7508f,0.3301f,-0.5721f,6.0222f,0.0321f,0.8834f,0.4676f,3.1348f,0f,0f,0f,1f],start_interpolation: 0,interpolation_duration: 1}
$data merge entity $(right_fingers) {transformation: [0.4676f,-0.5721f,-0.6739f,-0.4064f,0.1597f,0.8045f,-0.5721f,6.2518f,0.8694f,0.1599f,0.4676f,3.2083f,0f,0f,0f,1f],start_interpolation: 0,interpolation_duration: 1}
$data merge entity $(scout) {transformation: [0f,0f,0f,-0.4805f,0f,0f,0f,6.0767f,0f,0f,0f,3.1153f,0f,0f,0f,1f],start_interpolation: 0,interpolation_duration: 1}
$data merge entity $(right_hand) {transformation: [-0.1692f,-0.7192f,-0.6739f,-0.8771f,0.7355f,0.363f,-0.5721f,6.4458f,0.6561f,-0.5924f,0.4676f,2.8618f,0f,0f,0f,1f],start_interpolation: 0,interpolation_duration: 1}
$data merge entity $(right_forearm) {transformation: [-1.0501f,-0.8321f,-0.3194f,-2.0982f,0.5362f,-0.1955f,-1.2536f,6.0835f,0.712f,-1.08f,0.473f,1.2229f,0f,0f,0f,1f],start_interpolation: 0,interpolation_duration: 1}
$data merge entity $(right_shoulder) {transformation: [-0.7468f,0.9797f,-0.7952f,-0.7277f,1.0064f,-0.0949f,-1.0621f,5.799f,-0.7611f,-1.0868f,-0.6241f,0.0714f,0f,0f,0f,1f],start_interpolation: 0,interpolation_duration: 1}
$data merge entity $(right_arm) {transformation: [-0.9692f,0.1581f,-0.1889f,-0.1369f,0.1358f,0.9827f,0.1257f,6.0082f,0.2055f,0.0962f,-0.9739f,-0.0249f,0f,0f,0f,1f],start_interpolation: 0,interpolation_duration: 1}
$data merge entity $(left_thumb_2) {transformation: [-0.2447f,0.7123f,0.6579f,1.2982f,-0.819f,0.2114f,-0.5334f,6.3453f,-0.519f,-0.6693f,0.5316f,2.1285f,0f,0f,0f,1f],start_interpolation: 0,interpolation_duration: 1}
$data merge entity $(left_thumb) {transformation: [-0.2447f,0.9542f,0.1721f,1.6391f,-0.819f,-0.1084f,-0.5635f,6.4398f,-0.519f,-0.2788f,0.808f,2.1043f,0f,0f,0f,1f],start_interpolation: 0,interpolation_duration: 1}
$data merge entity $(left_fingers2) {transformation: [0.7448f,-0.3055f,0.5933f,1.0893f,0.6521f,0.5219f,-0.5498f,6.169f,-0.1417f,0.7964f,0.588f,2.5429f,0f,0f,0f,1f],start_interpolation: 0,interpolation_duration: 1}
$data merge entity $(left_fingers) {transformation: [0.4595f,0.661f,0.5933f,1.269f,-0.3684f,0.7496f,-0.5498f,6.389f,-0.8082f,0.0341f,0.588f,2.5798f,0f,0f,0f,1f],start_interpolation: 0,interpolation_duration: 1}
$data merge entity $(left_hand) {transformation: [-0.2447f,0.7669f,0.5933f,1.7651f,-0.819f,0.1641f,-0.5498f,6.4614f,-0.519f,-0.6204f,0.588f,2.2221f,0f,0f,0f,1f],start_interpolation: 0,interpolation_duration: 1}
$data merge entity $(left_forearm) {transformation: [-1.1418f,0.7003f,0.321f,2.7838f,-0.5717f,-0.3856f,-1.1923f,5.8134f,-0.5163f,-1.1216f,0.6103f,0.5337f,0f,0f,0f,1f],start_interpolation: 0,interpolation_duration: 1}
$data merge entity $(left_shoulder) {transformation: [-0.7163f,-1.1466f,0.5676f,1.2233f,-0.7581f,-0.1435f,-1.2468f,5.5257f,1.0305f,-0.9026f,-0.5227f,-0.3422f,0f,0f,0f,1f],start_interpolation: 0,interpolation_duration: 1}
$data merge entity $(left_arm) {transformation: [-0.9692f,0.1581f,-0.1889f,0.7209f,0.1358f,0.9827f,0.1257f,5.8881f,0.2055f,0.0962f,-0.9739f,-0.2067f,0f,0f,0f,1f],start_interpolation: 0,interpolation_duration: 1}
$data merge entity $(chest) {transformation: [-1.2392f,0.2021f,-0.2415f,0f,0.1736f,1.2565f,0.1607f,4.1777f,0.2627f,0.1229f,-1.2452f,-0.3231f,0f,0f,0f,1f],start_interpolation: 0,interpolation_duration: 1}
$data merge entity $(left_cheek) {transformation: [-0.9024f,-0.3453f,-0.2576f,-0.0686f,-0.2895f,0.9289f,-0.2309f,3.2319f,0.319f,-0.1338f,-0.9383f,-1.1039f,0f,0f,0f,1f],start_interpolation: 0,interpolation_duration: 1}
$data merge entity $(left_foot) {transformation: [-0.8199f,0.1019f,-0.6022f,1.5178f,0.0323f,1.0139f,0.1276f,-4.2538f,0.6099f,0.0832f,-0.8163f,-2.5462f,0f,0f,0f,1f],start_interpolation: 0,interpolation_duration: 1}
$data merge entity $(left_knee) {transformation: [-2.4875f,-0.1361f,-1.7453f,1.3294f,-0.8364f,2.7564f,0.9772f,-0.3749f,1.5379f,1.279f,-2.2915f,-0.9139f,0f,0f,0f,1f],start_interpolation: 0,interpolation_duration: 1}
$data merge entity $(left_leg) {transformation: [-1.4049f,-0.4954f,-0.8557f,0.5023f,-0.4724f,1.6424f,-0.1753f,2.2418f,0.8686f,0.0919f,-1.4794f,-0.6871f,0f,0f,0f,1f],start_interpolation: 0,interpolation_duration: 1}
$data merge entity $(right_cheek) {transformation: [-0.9081f,0.0734f,-0.4122f,-0.6926f,0.1847f,0.9538f,-0.237f,3.1785f,0.3757f,-0.2913f,-0.8797f,-0.8376f,0f,0f,0f,1f],start_interpolation: 0,interpolation_duration: 1}
$data merge entity $(right_foot) {transformation: [-0.9837f,-0.0232f,0.2775f,-1.99f,-0.0225f,1.0221f,0.0058f,-4.4167f,-0.2776f,-0.0005f,-0.984f,1.0585f,0f,0f,0f,1f],start_interpolation: 0,interpolation_duration: 1}
$data merge entity $(right_knee) {transformation: [-2.935f,0.4514f,0.6587f,-1.4225f,0.4498f,3.0078f,-0.0569f,-0.2433f,-0.6598f,0.0426f,-2.969f,0.977f,0f,0f,0f,1f],start_interpolation: 0,interpolation_duration: 1}
$data merge entity $(right_leg) {transformation: [-1.6577f,0.3866f,0.2323f,-0.741f,0.2541f,1.5314f,-0.7359f,2.2212f,-0.3727f,-0.6757f,-1.5349f,-0.0451f,0f,0f,0f,1f],start_interpolation: 0,interpolation_duration: 1}
$data merge entity $(weist) {transformation: [-1.4413f,0.0272f,-0.7442f,-0.1456f,-0.0239f,1.6187f,0.1055f,3.8862f,0.7443f,0.1047f,-1.4377f,-0.3638f,0f,0f,0f,1f],start_interpolation: 0,interpolation_duration: 1}
data modify storage animated_java:temp entry.data merge value {"locators":{"consume":{"px":-0.3326404083,"py":6.0049060461,"pz":3.1581776996,"ry":235.245879902,"rx":-34.8968492511}}}
# Data Manager: Prepare for Read / Write
execute store result storage animated_java:temp args.id int 1 run scoreboard players get @s aj.id
# Data Manager: Write
function animated_java:global/data_manager/write with storage animated_java:temp args