# This file was generated by Animated Java via MC-Build. It is not recommended to edit this file directly.
$data merge entity $(neck) {transformation: [-0.9369f,0.1327f,-0.3234f,0.2408f,0.1566f,0.9865f,-0.0489f,5.8889f,0.3126f,-0.0964f,-0.945f,-0.0081f,0f,0f,0f,1f],start_interpolation: 0,interpolation_duration: 1}
$data merge entity $(right_thumb_2) {transformation: [-0.8024f,-0.4092f,-0.4345f,-2.2009f,0.4529f,0.0565f,-0.8898f,6.6686f,0.3886f,-0.9107f,0.14f,2.9528f,0f,0f,0f,1f],start_interpolation: 0,interpolation_duration: 1}
$data merge entity $(right_thumb) {transformation: [-0.8024f,-0.5785f,-0.1466f,-2.504f,0.4529f,-0.4304f,-0.7808f,6.6083f,0.3886f,-0.6929f,0.6074f,2.7789f,0f,0f,0f,1f],start_interpolation: 0,interpolation_duration: 1}
$data merge entity $(right_fingers2) {transformation: [0.857f,-0.3283f,-0.3971f,-2.1039f,-0.2749f,0.3606f,-0.8913f,6.4939f,0.4358f,0.873f,0.2188f,3.4073f,0f,0f,0f,1f],start_interpolation: 0,interpolation_duration: 1}
$data merge entity $(right_fingers) {transformation: [-0.135f,-0.9078f,-0.3971f,-2.3693f,0.2926f,0.3464f,-0.8913f,6.5943f,0.9467f,-0.2365f,0.2188f,3.3682f,0f,0f,0f,1f],start_interpolation: 0,interpolation_duration: 1}
$data merge entity $(scout) {transformation: [0f,0f,0f,-2.2894f,0f,0f,0f,6.418f,0f,0f,0f,3.2825f,0f,0f,0f,1f],start_interpolation: 0,interpolation_duration: 1}
$data merge entity $(right_hand) {transformation: [-0.8024f,-0.4455f,-0.3971f,-2.6564f,0.4529f,-0.0212f,-0.8913f,6.5396f,0.3886f,-0.895f,0.2188f,2.8262f,0f,0f,0f,1f],start_interpolation: 0,interpolation_duration: 1}
$data merge entity $(right_forearm) {transformation: [-1.3559f,0.0979f,-0.2213f,-2.4607f,0.1726f,-0.4916f,-1.275f,5.7457f,-0.1696f,-1.2829f,0.4717f,0.9184f,0f,0f,0f,1f],start_interpolation: 0,interpolation_duration: 1}
$data merge entity $(right_shoulder) {transformation: [-0.5852f,1.3175f,-0.2675f,-0.7278f,0.7556f,0.081f,-1.2539f,5.7324f,-1.112f,-0.6383f,-0.7113f,0.3871f,0f,0f,0f,1f],start_interpolation: 0,interpolation_duration: 1}
$data merge entity $(right_arm) {transformation: [-0.9369f,0.1327f,-0.3234f,-0.1638f,0.1566f,0.9865f,-0.0489f,5.9295f,0.3126f,-0.0964f,-0.945f,0.1749f,0f,0f,0f,1f],start_interpolation: 0,interpolation_duration: 1}
$data merge entity $(left_thumb_2) {transformation: [-0.8298f,0.0119f,0.5579f,3.4912f,-0.5501f,0.1503f,-0.8214f,6.2481f,-0.0936f,-0.9886f,-0.1182f,1.5158f,0f,0f,0f,1f],start_interpolation: 0,interpolation_duration: 1}
$data merge entity $(left_thumb) {transformation: [-0.8298f,0.3098f,0.4642f,3.7074f,-0.5501f,-0.3146f,-0.7735f,6.2394f,-0.0936f,-0.8973f,0.4315f,1.235f,0f,0f,0f,1f],start_interpolation: 0,interpolation_duration: 1}
$data merge entity $(left_fingers2) {transformation: [0.5797f,0.5968f,0.5548f,3.6007f,0.4135f,0.3712f,-0.8314f,6.044f,-0.7021f,0.7113f,-0.0316f,1.9549f,0f,0f,0f,1f],start_interpolation: 0,interpolation_duration: 1}
$data merge entity $(left_fingers) {transformation: [-0.4572f,0.6951f,0.5548f,3.8158f,-0.2729f,0.484f,-0.8314f,6.1835f,-0.8464f,-0.5315f,-0.0316f,1.8271f,0f,0f,0f,1f],start_interpolation: 0,interpolation_duration: 1}
$data merge entity $(left_hand) {transformation: [-0.8298f,0.0604f,0.5548f,3.8733f,-0.5501f,0.0781f,-0.8314f,6.192f,-0.0936f,-0.9951f,-0.0316f,1.2141f,0f,0f,0f,1f],start_interpolation: 0,interpolation_duration: 1}
$data merge entity $(left_forearm) {transformation: [-1.1502f,-0.5909f,0.4743f,2.9528f,-0.2907f,-0.452f,-1.2682f,5.4531f,0.6997f,-1.1592f,0.2527f,-0.4933f,0f,0f,0f,1f],start_interpolation: 0,interpolation_duration: 1}
$data merge entity $(left_shoulder) {transformation: [-0.0455f,-1.4652f,-0.0291f,1.1581f,-0.6685f,0.0467f,-1.3042f,5.4172f,1.3042f,-0.0272f,-0.6695f,-0.2421f,0f,0f,0f,1f],start_interpolation: 0,interpolation_duration: 1}
$data merge entity $(left_arm) {transformation: [-0.9369f,0.1327f,-0.3234f,0.6655f,0.1566f,0.9865f,-0.0489f,5.7909f,0.3126f,-0.0964f,-0.945f,-0.1017f,0f,0f,0f,1f],start_interpolation: 0,interpolation_duration: 1}
$data merge entity $(chest) {transformation: [-1.1979f,0.1697f,-0.4135f,0f,0.2002f,1.2612f,-0.0625f,4.0769f,0.3996f,-0.1233f,-1.2082f,0.178f,0f,0f,0f,1f],start_interpolation: 0,interpolation_duration: 1}
$data merge entity $(left_cheek) {transformation: [-0.8887f,-0.4076f,-0.21f,-0.1044f,-0.3334f,0.8889f,-0.3142f,3.0594f,0.3147f,-0.2092f,-0.9259f,-0.694f,0f,0f,0f,1f],start_interpolation: 0,interpolation_duration: 1}
$data merge entity $(left_foot) {transformation: [-0.7996f,0.0842f,-0.6315f,1.5038f,0.0112f,1.0151f,0.1211f,-4.0251f,0.637f,0.0878f,-0.7948f,-1.9961f,0f,0f,0f,1f],start_interpolation: 0,interpolation_duration: 1}
$data merge entity $(left_knee) {transformation: [-2.4883f,0.0583f,-1.7485f,1.5844f,-0.8602f,2.6064f,1.3111f,-0.3395f,1.5233f,1.567f,-2.1157f,0.0425f,0f,0f,0f,1f],start_interpolation: 0,interpolation_duration: 1}
$data merge entity $(left_leg) {transformation: [-1.4054f,-0.6575f,-0.7375f,0.4942f,-0.4859f,1.5765f,-0.4797f,2.1799f,0.8604f,-0.1838f,-1.4756f,-0.173f,0f,0f,0f,1f],start_interpolation: 0,interpolation_duration: 1}
$data merge entity $(right_cheek) {transformation: [-0.8772f,0.1051f,-0.4685f,-0.6812f,0.3f,0.8818f,-0.3638f,2.976f,0.3749f,-0.4597f,-0.8051f,-0.4504f,0f,0f,0f,1f],start_interpolation: 0,interpolation_duration: 1}
$data merge entity $(right_foot) {transformation: [-0.987f,-0.0229f,0.2657f,-2.0339f,-0.0204f,1.0221f,0.0124f,-4.1893f,-0.2659f,0.0067f,-0.9872f,1.6875f,0f,0f,0f,1f],start_interpolation: 0,interpolation_duration: 1}
$data merge entity $(right_knee) {transformation: [-2.9413f,0.4436f,0.636f,-1.4784f,0.4986f,2.9926f,0.2189f,-0.0242f,-0.5938f,0.316f,-2.9664f,1.9864f,0f,0f,0f,1f],start_interpolation: 0,interpolation_duration: 1}
$data merge entity $(right_leg) {transformation: [-1.6612f,0.4245f,0.1077f,-0.7324f,0.2816f,1.3591f,-1.0124f,2.1711f,-0.3354f,-0.9613f,-1.3837f,0.5008f,0f,0f,0f,1f],start_interpolation: 0,interpolation_duration: 1}
$data merge entity $(weist) {transformation: [-1.4219f,0.0295f,-0.7806f,-0.1456f,-0.0103f,1.6203f,0.0801f,3.8299f,0.7811f,0.0751f,-1.42f,0.1374f,0f,0f,0f,1f],start_interpolation: 0,interpolation_duration: 1}
data modify storage animated_java:temp entry.data merge value {"locators":{"consume":{"px":-2.1638836201,"py":6.4332223443,"pz":3.3960131964,"ry":241.1445574383,"rx":-63.0358205749}}}
# Data Manager: Prepare for Read / Write
execute store result storage animated_java:temp args.id int 1 run scoreboard players get @s aj.id
# Data Manager: Write
function animated_java:global/data_manager/write with storage animated_java:temp args
execute unless entity @s[tag=aj.transforms_only] at @s run function animated_java:female/animations/berserk_start/zzz/frames/13_root_function