# This file was generated by Animated Java via MC-Build. It is not recommended to edit this file directly.
$data merge entity $(neck) {transformation: [-0.9112f,0.0769f,-0.4046f,0.1375f,0.1571f,0.9731f,-0.1688f,5.7931f,0.3807f,-0.2174f,-0.8988f,0.1092f,0f,0f,0f,1f],start_interpolation: 0,interpolation_duration: 1}
$data merge entity $(right_thumb_2) {transformation: [-0.9698f,0.0509f,0.2387f,-3.7218f,-0.2402f,-0.3725f,-0.8964f,6.0031f,0.0433f,-0.9266f,0.3735f,2.3026f,0f,0f,0f,1f],start_interpolation: 0,interpolation_duration: 1}
$data merge entity $(right_thumb) {transformation: [-0.9698f,0.1712f,0.174f,-3.813f,-0.2402f,-0.7958f,-0.5559f,5.7193f,0.0433f,-0.5808f,0.8129f,2.1107f,0f,0f,0f,1f],start_interpolation: 0,interpolation_duration: 1}
$data merge entity $(right_fingers2) {transformation: [0.5686f,-0.7888f,0.2334f,-3.7222f,0.4985f,0.1048f,-0.8605f,6.0125f,0.6544f,0.6056f,0.4528f,2.799f,0f,0f,0f,1f],start_interpolation: 0,interpolation_duration: 1}
$data merge entity $(right_fingers) {transformation: [-0.6471f,-0.7258f,0.2334f,-3.9455f,0.2102f,-0.464f,-0.8605f,5.8798f,0.7329f,-0.5078f,0.4528f,2.6783f,0f,0f,0f,1f],start_interpolation: 0,interpolation_duration: 1}
$data merge entity $(scout) {transformation: [0f,0f,0f,-3.7456f,0f,0f,0f,5.8105f,0f,0f,0f,2.679f,0f,0f,0f,1f],start_interpolation: 0,interpolation_duration: 1}
$data merge entity $(right_hand) {transformation: [-0.9698f,0.0715f,0.2334f,-3.8865f,-0.2402f,-0.4492f,-0.8605f,5.5671f,0.0433f,-0.8906f,0.4528f,2.1512f,0f,0f,0f,1f],start_interpolation: 0,interpolation_duration: 1}
$data merge entity $(right_forearm) {transformation: [-1.0109f,0.9175f,0.1828f,-2.456f,-0.5647f,-0.3838f,-1.1962f,4.969f,-0.7459f,-0.9529f,0.6578f,0.7711f,0f,0f,0f,1f],start_interpolation: 0,interpolation_duration: 1}
$data merge entity $(right_shoulder) {transformation: [-0.5307f,1.2959f,0.4347f,-0.7831f,0.3552f,0.5811f,-1.2985f,5.6476f,-1.3199f,-0.3646f,-0.5242f,0.6094f,0f,0f,0f,1f],start_interpolation: 0,interpolation_duration: 1}
$data merge entity $(right_arm) {transformation: [-0.9112f,0.0769f,-0.4046f,-0.2504f,0.1571f,0.9731f,-0.1688f,5.8395f,0.3807f,-0.2174f,-0.8988f,0.3241f,0f,0f,0f,1f],start_interpolation: 0,interpolation_duration: 1}
$data merge entity $(left_thumb_2) {transformation: [-0.818f,-0.5733f,0.0466f,4.3909f,-0.0101f,-0.0667f,-0.9977f,5.7869f,0.5751f,-0.8166f,0.0487f,-0.4726f,0f,0f,0f,1f],start_interpolation: 0,interpolation_duration: 1}
$data merge entity $(left_thumb) {transformation: [-0.818f,-0.4585f,0.3473f,4.3598f,-0.0101f,-0.5923f,-0.8056f,5.6092f,0.5751f,-0.6626f,0.4799f,-0.7778f,0f,0f,0f,1f],start_interpolation: 0,interpolation_duration: 1}
$data merge entity $(left_fingers2) {transformation: [0.0914f,0.9911f,0.0964f,4.6809f,-0.111f,0.1063f,-0.9881f,5.6415f,-0.9896f,0.0797f,0.1197f,-0.0968f,0f,0f,0f,1f],start_interpolation: 0,interpolation_duration: 1}
$data merge entity $(left_fingers) {transformation: [-0.9478f,0.3038f,0.0964f,4.7949f,-0.1278f,-0.0853f,-0.9881f,5.6135f,-0.292f,-0.9489f,0.1197f,-0.3581f,0f,0f,0f,1f],start_interpolation: 0,interpolation_duration: 1}
$data merge entity $(left_hand) {transformation: [-0.818f,-0.567f,0.0964f,4.4468f,-0.0101f,-0.1534f,-0.9881f,5.4756f,0.5751f,-0.8093f,0.1197f,-0.847f,0f,0f,0f,1f],start_interpolation: 0,interpolation_duration: 1}
$data merge entity $(left_forearm) {transformation: [-0.3306f,-1.2965f,0.3269f,2.4924f,0.2896f,-0.3982f,-1.2864f,4.8412f,1.3053f,-0.24f,0.3682f,-1.1408f,0f,0f,0f,1f],start_interpolation: 0,interpolation_duration: 1}
$data merge entity $(left_shoulder) {transformation: [0.4919f,-1.2773f,-0.5257f,1.0512f,-0.3508f,0.4242f,-1.359f,5.3315f,1.336f,0.5817f,-0.1633f,-0.157f,0f,0f,0f,1f],start_interpolation: 0,interpolation_duration: 1}
$data merge entity $(left_arm) {transformation: [-0.9112f,0.0769f,-0.4046f,0.5562f,0.1571f,0.9731f,-0.1688f,5.7005f,0.3807f,-0.2174f,-0.8988f,-0.0129f,0f,0f,0f,1f],start_interpolation: 0,interpolation_duration: 1}
$data merge entity $(chest) {transformation: [-1.1651f,0.0983f,-0.5173f,0f,0.2008f,1.2441f,-0.2158f,4.0068f,0.4868f,-0.2779f,-1.1491f,0.5172f,0f,0f,0f,1f],start_interpolation: 0,interpolation_duration: 1}
$data merge entity $(left_cheek) {transformation: [-0.8783f,-0.4467f,-0.1705f,-0.1182f,-0.3636f,0.8555f,-0.3686f,2.9398f,0.3106f,-0.2617f,-0.9138f,-0.4099f,0f,0f,0f,1f],start_interpolation: 0,interpolation_duration: 1}
$data merge entity $(left_foot) {transformation: [-0.7876f,0.069f,-0.6482f,1.4679f,-0.0077f,1.0156f,0.1175f,-3.7618f,0.6518f,0.0954f,-0.7818f,-1.6155f,0f,0f,0f,1f],start_interpolation: 0,interpolation_duration: 1}
$data merge entity $(left_knee) {transformation: [-2.4962f,0.1941f,-1.7272f,1.7375f,-0.8786f,2.4672f,1.547f,-0.2586f,1.4997f,1.7685f,-1.9687f,0.7085f,0f,0f,0f,1f],start_interpolation: 0,interpolation_duration: 1}
$data merge entity $(left_leg) {transformation: [-1.4099f,-0.7544f,-0.6281f,0.4886f,-0.4962f,1.4961f,-0.6831f,2.1377f,0.847f,-0.3792f,-1.4457f,0.1786f,0f,0f,0f,1f],start_interpolation: 0,interpolation_duration: 1}
$data merge entity $(right_cheek) {transformation: [-0.8533f,0.1179f,-0.508f,-0.6865f,0.3782f,0.8105f,-0.4472f,2.818f,0.359f,-0.5737f,-0.7362f,-0.1789f,0f,0f,0f,1f],start_interpolation: 0,interpolation_duration: 1}
$data merge entity $(right_foot) {transformation: [-0.988f,-0.0231f,0.2619f,-2.0369f,-0.0195f,1.022f,0.0167f,-3.9447f,-0.2622f,0.0112f,-0.9881f,2.0826f,0f,0f,0f,1f],start_interpolation: 0,interpolation_duration: 1}
$data merge entity $(right_knee) {transformation: [-2.9434f,0.4374f,0.6302f,-1.4902f,0.5308f,2.9653f,0.4211f,0.1918f,-0.5539f,0.5175f,-2.9458f,2.6624f,0f,0f,0f,1f],start_interpolation: 0,interpolation_duration: 1}
$data merge entity $(right_leg) {transformation: [-1.6624f,0.4329f,0.0181f,-0.728f,0.2998f,1.2012f,-1.1911f,2.1386f,-0.3128f,-1.1494f,-1.2379f,0.8702f,0f,0f,0f,1f],start_interpolation: 0,interpolation_duration: 1}
$data merge entity $(weist) {transformation: [-1.4104f,0.0316f,-0.8012f,-0.1456f,0.0011f,1.6212f,0.0619f,3.7921f,0.8018f,0.0533f,-1.4093f,0.4765f,0f,0f,0f,1f],start_interpolation: 0,interpolation_duration: 1}
data modify storage animated_java:temp entry.data merge value {"locators":{"consume":{"px":-3.7176430246,"py":5.9265215989,"pz":2.7999817373,"ry":152.735344474,"rx":-59.3755305421}}}
# Data Manager: Prepare for Read / Write
execute store result storage animated_java:temp args.id int 1 run scoreboard players get @s aj.id
# Data Manager: Write
function animated_java:global/data_manager/write with storage animated_java:temp args