# This file was generated by Animated Java via MC-Build. It is not recommended to edit this file directly.
$data merge entity $(neck) {transformation: [-0.9139f,0.0448f,-0.4034f,0.0799f,0.1358f,0.9703f,-0.2f,5.7671f,0.3825f,-0.2376f,-0.8929f,0.122f,0f,0f,0f,1f],start_interpolation: 0,interpolation_duration: 1}
$data merge entity $(right_thumb_2) {transformation: [-0.7074f,0.4406f,0.5527f,-4.1382f,-0.7068f,-0.4322f,-0.5601f,4.8833f,-0.0079f,-0.7868f,0.6171f,1.7595f,0f,0f,0f,1f],start_interpolation: 0,interpolation_duration: 1}
$data merge entity $(right_thumb) {transformation: [-0.7074f,0.6686f,0.2294f,-4.0312f,-0.7068f,-0.6654f,-0.2402f,4.5679f,-0.0079f,-0.332f,0.9432f,1.6382f,0f,0f,0f,1f],start_interpolation: 0,interpolation_duration: 1}
$data merge entity $(right_fingers2) {transformation: [0.0815f,-0.855f,0.5122f,-4.2585f,0.8215f,-0.2333f,-0.5203f,4.9707f,0.5643f,0.4632f,0.6834f,2.2332f,0f,0f,0f,1f],start_interpolation: 0,interpolation_duration: 1}
$data merge entity $(right_fingers) {transformation: [-0.8171f,-0.2647f,0.5122f,-4.3532f,-0.05f,-0.8525f,-0.5203f,4.7225f,0.5744f,-0.4507f,0.6834f,2.126f,0f,0f,0f,1f],start_interpolation: 0,interpolation_duration: 1}
$data merge entity $(scout) {transformation: [0f,0f,0f,-4.1514f,0f,0f,0f,4.7708f,0f,0f,0f,2.1675f,0f,0f,0f,1f],start_interpolation: 0,interpolation_duration: 1}
$data merge entity $(right_hand) {transformation: [-0.7074f,0.4871f,0.5122f,-4.0279f,-0.7068f,-0.4793f,-0.5203f,4.4087f,-0.0079f,-0.73f,0.6834f,1.7078f,0f,0f,0f,1f],start_interpolation: 0,interpolation_duration: 1}
$data merge entity $(right_forearm) {transformation: [-0.5165f,1.1841f,0.4777f,-2.2057f,-0.9254f,0.0079f,-1.0202f,4.422f,-0.8798f,-0.7035f,0.7926f,0.7138f,0f,0f,0f,1f],start_interpolation: 0,interpolation_duration: 1}
$data merge entity $(right_shoulder) {transformation: [-0.4907f,1.0678f,0.8768f,-0.8331f,0.1057f,0.9568f,-1.106f,5.6027f,-1.3776f,-0.3069f,-0.3972f,0.6301f,0f,0f,0f,1f],start_interpolation: 0,interpolation_duration: 1}
$data merge entity $(right_arm) {transformation: [-0.9139f,0.0448f,-0.4034f,-0.3082f,0.1358f,0.9703f,-0.2f,5.8056f,0.3825f,-0.2376f,-0.8929f,0.338f,0f,0f,0f,1f],start_interpolation: 0,interpolation_duration: 1}
$data merge entity $(left_thumb_2) {transformation: [-0.6207f,-0.7694f,-0.1512f,4.315f,0.4503f,-0.192f,-0.872f,5.0286f,0.6419f,-0.6093f,0.4656f,-1.4002f,0f,0f,0f,1f],start_interpolation: 0,interpolation_duration: 1}
$data merge entity $(left_thumb) {transformation: [-0.6207f,-0.7301f,0.2859f,4.1681f,0.4503f,-0.6304f,-0.6323f,4.768f,0.6419f,-0.2637f,0.7201f,-1.5903f,0f,0f,0f,1f],start_interpolation: 0,interpolation_duration: 1}
$data merge entity $(left_fingers2) {transformation: [-0.1983f,0.9766f,-0.0835f,4.657f,-0.4942f,-0.1732f,-0.8519f,4.9545f,-0.8464f,-0.1276f,0.517f,-1.048f,0f,0f,0f,1f],start_interpolation: 0,interpolation_duration: 1}
$data merge entity $(left_fingers) {transformation: [-0.9963f,0.0178f,-0.0835f,4.6896f,0.0621f,-0.52f,-0.8519f,4.7984f,-0.0586f,-0.854f,0.517f,-1.2859f,0f,0f,0f,1f],start_interpolation: 0,interpolation_duration: 1}
$data merge entity $(left_hand) {transformation: [-0.6207f,-0.7796f,-0.0835f,4.2039f,0.4503f,-0.2672f,-0.8519f,4.5988f,0.6419f,-0.5664f,0.517f,-1.6077f,0f,0f,0f,1f],start_interpolation: 0,interpolation_duration: 1}
$data merge entity $(left_forearm) {transformation: [0.172f,-1.3449f,0.2423f,2.1945f,0.6682f,-0.1302f,-1.1973f,4.3869f,1.1921f,0.2671f,0.6363f,-1.1328f,0f,0f,0f,1f],start_interpolation: 0,interpolation_duration: 1}
$data merge entity $(left_shoulder) {transformation: [0.6468f,-1.1003f,-0.7216f,1.0066f,-0.1066f,0.7576f,-1.2508f,5.3294f,1.3115f,0.6043f,0.2542f,-0.1399f,0f,0f,0f,1f],start_interpolation: 0,interpolation_duration: 1}
$data merge entity $(left_arm) {transformation: [-0.9139f,0.0448f,-0.4034f,0.5007f,0.1358f,0.9703f,-0.2f,5.6854f,0.3825f,-0.2376f,-0.8929f,-0.0005f,0f,0f,0f,1f],start_interpolation: 0,interpolation_duration: 1}
$data merge entity $(chest) {transformation: [-1.1685f,0.0572f,-0.5158f,0.0015f,0.1736f,1.2406f,-0.2557f,3.9861f,0.4891f,-0.3037f,-1.1416f,0.5669f,0f,0f,0f,1f],start_interpolation: 0,interpolation_duration: 1}
$data merge entity $(left_cheek) {transformation: [-0.8794f,-0.4494f,-0.1573f,-0.113f,-0.368f,0.8511f,-0.3745f,2.9069f,0.3022f,-0.2714f,-0.9138f,-0.3652f,0f,0f,0f,1f],start_interpolation: 0,interpolation_duration: 1}
$data merge entity $(left_foot) {transformation: [-0.7903f,0.0659f,-0.6452f,1.4566f,-0.0115f,1.0155f,0.1179f,-3.7093f,0.6484f,0.0984f,-0.7843f,-1.5584f,0f,0f,0f,1f],start_interpolation: 0,interpolation_duration: 1}
$data merge entity $(left_knee) {transformation: [-2.5118f,0.2132f,-1.7022f,1.7542f,-0.8798f,2.4309f,1.6028f,-0.2541f,1.4727f,1.8159f,-1.9457f,0.8329f,0f,0f,0f,1f],start_interpolation: 0,interpolation_duration: 1}
$data merge entity $(left_leg) {transformation: [-1.4187f,-0.7647f,-0.595f,0.4875f,-0.4969f,1.4799f,-0.7172f,2.1171f,0.8318f,-0.4202f,-1.4432f,0.2366f,0f,0f,0f,1f],start_interpolation: 0,interpolation_duration: 1}
$data merge entity $(right_cheek) {transformation: [-0.8489f,0.119f,-0.515f,-0.6923f,0.3932f,0.7933f,-0.4648f,2.7719f,0.3532f,-0.5971f,-0.7202f,-0.1435f,0f,0f,0f,1f],start_interpolation: 0,interpolation_duration: 1}
$data merge entity $(right_foot) {transformation: [-0.9877f,-0.025f,0.263f,-2.0309f,-0.0215f,1.022f,0.0162f,-3.8973f,-0.2633f,0.0101f,-0.9878f,2.1423f,0f,0f,0f,1f],start_interpolation: 0,interpolation_duration: 1}
$data merge entity $(right_knee) {transformation: [-2.9436f,0.431f,0.6336f,-1.493f,0.5324f,2.9592f,0.4604f,0.2323f,-0.5512f,0.5565f,-2.9392f,2.7765f,0f,0f,0f,1f],start_interpolation: 0,interpolation_duration: 1}
$data merge entity $(right_leg) {transformation: [-1.6626f,0.4328f,0.0038f,-0.7306f,0.3007f,1.1657f,-1.2256f,2.1233f,-0.3113f,-1.1854f,-1.2038f,0.9256f,0f,0f,0f,1f],start_interpolation: 0,interpolation_duration: 1}
$data merge entity $(weist) {transformation: [-1.4121f,0.0346f,-0.7979f,-0.1442f,0.0072f,1.6213f,0.0576f,3.774f,0.7986f,0.0466f,-1.4114f,0.5263f,0f,0f,0f,1f],start_interpolation: 0,interpolation_duration: 1}
data modify storage animated_java:temp entry.data merge value {"locators":{"consume":{"px":-4.2128757831,"py":4.9016630084,"pz":2.2567893013,"ry":143.1466406331,"rx":-31.3499911411}}}
# Data Manager: Prepare for Read / Write
execute store result storage animated_java:temp args.id int 1 run scoreboard players get @s aj.id
# Data Manager: Write
function animated_java:global/data_manager/write with storage animated_java:temp args
execute unless entity @s[tag=aj.transforms_only] at @s run function animated_java:female/animations/berserk_start/zzz/frames/15_root_function