# This file was generated by Animated Java via MC-Build. It is not recommended to edit this file directly.
$data merge entity $(neck) {transformation: [-0.9286f,0.0202f,-0.3705f,0.0375f,0.0993f,0.9756f,-0.1957f,5.7689f,0.3575f,-0.2185f,-0.908f,0.0886f,0f,0f,0f,1f],start_interpolation: 0,interpolation_duration: 1}
$data merge entity $(right_thumb_2) {transformation: [-0.5943f,0.5153f,0.6175f,-4.1178f,-0.8025f,-0.4309f,-0.4127f,4.4873f,0.0534f,-0.7407f,0.6697f,1.5794f,0f,0f,0f,1f],start_interpolation: 0,interpolation_duration: 1}
$data merge entity $(right_thumb) {transformation: [-0.5943f,0.7664f,0.2439f,-3.9628f,-0.8025f,-0.5852f,-0.1165f,4.1816f,0.0534f,-0.2649f,0.9628f,1.4885f,0f,0f,0f,1f],start_interpolation: 0,interpolation_duration: 1}
$data merge entity $(right_fingers2) {transformation: [-0.0525f,-0.8198f,0.5702f,-4.2591f,0.8722f,-0.3157f,-0.3736f,4.5982f,0.4862f,0.4777f,0.7317f,2.0422f,0f,0f,0f,1f],start_interpolation: 0,interpolation_duration: 1}
$data merge entity $(right_fingers) {transformation: [-0.8118f,-0.1262f,0.5702f,-4.3138f,-0.1194f,-0.9199f,-0.3736f,4.33f,0.5716f,-0.3713f,0.7317f,1.9579f,0f,0f,0f,1f],start_interpolation: 0,interpolation_duration: 1}
$data merge entity $(scout) {transformation: [0f,0f,0f,-4.1222f,0f,0f,0f,4.4115f,0f,0f,0f,1.996f,0f,0f,0f,1f],start_interpolation: 0,interpolation_duration: 1}
$data merge entity $(right_hand) {transformation: [-0.5943f,0.5672f,0.5702f,-3.9373f,-0.8025f,-0.4653f,-0.3736f,4.0317f,0.0534f,-0.6796f,0.7317f,1.5726f,0f,0f,0f,1f],start_interpolation: 0,interpolation_duration: 1}
$data merge entity $(right_forearm) {transformation: [-0.3912f,1.1874f,0.5781f,-2.1118f,-0.9984f,0.1288f,-0.9401f,4.233f,-0.8645f,-0.6861f,0.8241f,0.6053f,0f,0f,0f,1f],start_interpolation: 0,interpolation_duration: 1}
$data merge entity $(right_shoulder) {transformation: [-0.4516f,0.959f,1.0131f,-0.8842f,0.05f,1.0753f,-0.9956f,5.5659f,-1.3941f,-0.272f,-0.3639f,0.5663f,0f,0f,0f,1f],start_interpolation: 0,interpolation_duration: 1}
$data merge entity $(right_arm) {transformation: [-0.9286f,0.0202f,-0.3705f,-0.3578f,0.0993f,0.9756f,-0.1957f,5.7909f,0.3575f,-0.2185f,-0.908f,0.2937f,0f,0f,0f,1f],start_interpolation: 0,interpolation_duration: 1}
$data merge entity $(left_thumb_2) {transformation: [-0.5788f,-0.7945f,-0.1839f,4.2058f,0.59f,-0.2523f,-0.767f,4.743f,0.5629f,-0.5524f,0.6148f,-1.4938f,0f,0f,0f,1f],start_interpolation: 0,interpolation_duration: 1}
$data merge entity $(left_thumb) {transformation: [-0.5788f,-0.7688f,0.2718f,4.0404f,0.59f,-0.6249f,-0.5113f,4.4616f,0.5629f,-0.1356f,0.8153f,-1.6324f,0f,0f,0f,1f],start_interpolation: 0,interpolation_duration: 1}
$data merge entity $(left_fingers2) {transformation: [-0.2465f,0.9624f,-0.1139f,4.5529f,-0.623f,-0.2474f,-0.7421f,4.7126f,-0.7424f,-0.112f,0.6606f,-1.1401f,0f,0f,0f,1f],start_interpolation: 0,interpolation_duration: 1}
$data merge entity $(left_fingers) {transformation: [-0.993f,-0.0324f,-0.1139f,4.5708f,0.1067f,-0.6618f,-0.7421f,4.5156f,-0.0514f,-0.749f,0.6606f,-1.3472f,0f,0f,0f,1f],start_interpolation: 0,interpolation_duration: 1}
$data merge entity $(left_hand) {transformation: [-0.5788f,-0.8075f,-0.1139f,4.0669f,0.59f,-0.3182f,-0.7421f,4.2903f,0.5629f,-0.4967f,0.6606f,-1.6203f,0f,0f,0f,1f],start_interpolation: 0,interpolation_duration: 1}
$data merge entity $(left_forearm) {transformation: [0.2608f,-1.3361f,0.2099f,2.0733f,0.7447f,-0.0365f,-1.1581f,4.2241f,1.129f,0.3328f,0.7154f,-1.0461f,0f,0f,0f,1f],start_interpolation: 0,interpolation_duration: 1}
$data merge entity $(left_shoulder) {transformation: [0.6319f,-1.0193f,-0.8435f,0.9851f,-0.0519f,0.915f,-1.1445f,5.366f,1.3221f,0.5231f,0.3582f,-0.1534f,0f,0f,0f,1f],start_interpolation: 0,interpolation_duration: 1}
$data merge entity $(left_arm) {transformation: [-0.9286f,0.0202f,-0.3705f,0.4641f,0.0993f,0.9756f,-0.1957f,5.703f,0.3575f,-0.2185f,-0.908f,-0.0227f,0f,0f,0f,1f],start_interpolation: 0,interpolation_duration: 1}
$data merge entity $(chest) {transformation: [-1.1873f,0.0258f,-0.4737f,0.0039f,0.127f,1.2474f,-0.2502f,3.9782f,0.4571f,-0.2794f,-1.1609f,0.4987f,0f,0f,0f,1f],start_interpolation: 0,interpolation_duration: 1}
$data merge entity $(left_cheek) {transformation: [-0.8857f,-0.439f,-0.1508f,-0.0996f,-0.3635f,0.8581f,-0.3627f,2.9113f,0.2887f,-0.2665f,-0.9196f,-0.4214f,0f,0f,0f,1f],start_interpolation: 0,interpolation_duration: 1}
$data merge entity $(left_foot) {transformation: [-0.7998f,0.0676f,-0.6333f,1.4586f,-0.0099f,1.0152f,0.1208f,-3.7378f,0.6368f,0.1006f,-0.7935f,-1.6376f,0f,0f,0f,1f],start_interpolation: 0,interpolation_duration: 1}
$data merge entity $(left_knee) {transformation: [-2.5345f,0.1905f,-1.671f,1.7266f,-0.8749f,2.4317f,1.6042f,-0.2815f,1.4363f,1.8173f,-1.9714f,0.7557f,0f,0f,0f,1f],start_interpolation: 0,interpolation_duration: 1}
$data merge entity $(left_leg) {transformation: [-1.4315f,-0.7467f,-0.5871f,0.4881f,-0.4941f,1.4923f,-0.6931f,2.1089f,0.8112f,-0.4086f,-1.4582f,0.1775f,0f,0f,0f,1f],start_interpolation: 0,interpolation_duration: 1}
$data merge entity $(right_cheek) {transformation: [-0.8528f,0.1187f,-0.5085f,-0.6967f,0.387f,0.7974f,-0.4629f,2.774f,0.3505f,-0.5916f,-0.726f,-0.2128f,0f,0f,0f,1f],start_interpolation: 0,interpolation_duration: 1}
$data merge entity $(right_foot) {transformation: [-0.9865f,-0.0279f,0.267f,-2.0252f,-0.0251f,1.022f,0.014f,-3.9199f,-0.2673f,0.007f,-0.9868f,2.0708f,0f,0f,0f,1f],start_interpolation: 0,interpolation_duration: 1}
$data merge entity $(right_knee) {transformation: [-2.9428f,0.4205f,0.6444f,-1.5014f,0.5216f,2.9628f,0.4491f,0.214f,-0.5656f,0.545f,-2.9386f,2.6886f,0f,0f,0f,1f],start_interpolation: 0,interpolation_duration: 1}
$data merge entity $(right_leg) {transformation: [-1.6621f,0.4342f,0.0168f,-0.7371f,0.2946f,1.1749f,-1.2183f,2.1197f,-0.3194f,-1.1758f,-1.2112f,0.8537f,0f,0f,0f,1f],start_interpolation: 0,interpolation_duration: 1}
$data merge entity $(weist) {transformation: [-1.4203f,0.0389f,-0.783f,-0.1417f,0.0125f,1.6213f,0.0578f,3.7681f,0.7839f,0.0446f,-1.4197f,0.4581f,0f,0f,0f,1f],start_interpolation: 0,interpolation_duration: 1}
data modify storage animated_java:temp entry.data merge value {"locators":{"consume":{"px":-4.2042002577,"py":4.5392577417,"pz":2.0723673661,"ry":142.0707879118,"rx":-21.9351174626}}}
# Data Manager: Prepare for Read / Write
execute store result storage animated_java:temp args.id int 1 run scoreboard players get @s aj.id
# Data Manager: Write
function animated_java:global/data_manager/write with storage animated_java:temp args
execute unless entity @s[tag=aj.transforms_only] at @s run function animated_java:female/animations/berserk_start/zzz/frames/16_root_function