# This file was generated by Animated Java via MC-Build. It is not recommended to edit this file directly.
$data merge entity $(neck) {transformation: [-0.9435f,0.0003f,-0.3315f,0.0019f,0.0616f,0.9828f,-0.1742f,5.7814f,0.3257f,-0.1848f,-0.9272f,0.0446f,0f,0f,0f,1f],start_interpolation: 0,interpolation_duration: 1}
$data merge entity $(right_thumb_2) {transformation: [-0.6578f,0.4035f,0.636f,-4.0698f,-0.7406f,-0.4999f,-0.449f,4.6532f,0.1367f,-0.7664f,0.6277f,1.5536f,0f,0f,0f,1f],start_interpolation: 0,interpolation_duration: 1}
$data merge entity $(right_thumb) {transformation: [-0.6578f,0.682f,0.3196f,-3.9525f,-0.7406f,-0.6628f,-0.1101f,4.3317f,0.1367f,-0.3091f,0.9411f,1.4611f,0f,0f,0f,1f],start_interpolation: 0,interpolation_duration: 1}
$data merge entity $(right_fingers2) {transformation: [0.0725f,-0.7979f,0.5984f,-4.1572f,0.8875f,-0.2221f,-0.4037f,4.7909f,0.4551f,0.5603f,0.6921f,2.0225f,0f,0f,0f,1f],start_interpolation: 0,interpolation_duration: 1}
$data merge entity $(right_fingers) {transformation: [-0.7633f,-0.2435f,0.5984f,-4.2438f,-0.0248f,-0.9145f,-0.4037f,4.5266f,0.6455f,-0.323f,0.6921f,1.9538f,0f,0f,0f,1f],start_interpolation: 0,interpolation_duration: 1}
$data merge entity $(scout) {transformation: [0f,0f,0f,-4.0428f,0f,0f,0f,4.5908f,0f,0f,0f,1.9715f,0f,0f,0f,1f],start_interpolation: 0,interpolation_duration: 1}
$data merge entity $(right_hand) {transformation: [-0.6578f,0.4574f,0.5984f,-3.9331f,-0.7406f,-0.5371f,-0.4037f,4.1826f,0.1367f,-0.7088f,0.6921f,1.5483f,0f,0f,0f,1f],start_interpolation: 0,interpolation_duration: 1}
$data merge entity $(right_forearm) {transformation: [-0.5291f,1.1345f,0.5746f,-2.1817f,-0.9881f,0.025f,-0.9592f,4.2264f,-0.8005f,-0.7807f,0.8043f,0.4353f,0f,0f,0f,1f],start_interpolation: 0,interpolation_duration: 1}
$data merge entity $(right_shoulder) {transformation: [-0.4104f,0.985f,1.0056f,-0.9304f,0.1096f,1.0667f,-1f,5.537f,-1.4033f,-0.2047f,-0.3722f,0.4805f,0f,0f,0f,1f],start_interpolation: 0,interpolation_duration: 1}
$data merge entity $(right_arm) {transformation: [-0.9435f,0.0003f,-0.3315f,-0.4011f,0.0616f,0.9828f,-0.1742f,5.7855f,0.3257f,-0.1848f,-0.9272f,0.2354f,0f,0f,0f,1f],start_interpolation: 0,interpolation_duration: 1}
$data merge entity $(left_thumb_2) {transformation: [-0.6242f,-0.7635f,-0.1658f,4.1089f,0.5763f,-0.3066f,-0.7576f,4.815f,0.5276f,-0.5684f,0.6314f,-1.4065f,0f,0f,0f,1f],start_interpolation: 0,interpolation_duration: 1}
$data merge entity $(left_thumb) {transformation: [-0.6242f,-0.733f,0.2704f,3.9618f,0.5763f,-0.6656f,-0.4742f,4.5221f,0.5276f,-0.1401f,0.8379f,-1.5416f,0f,0f,0f,1f],start_interpolation: 0,interpolation_duration: 1}
$data merge entity $(left_fingers2) {transformation: [-0.1925f,0.9763f,-0.0986f,4.4457f,-0.655f,-0.2027f,-0.728f,4.8118f,-0.7307f,-0.0756f,0.6785f,-1.0417f,0f,0f,0f,1f],start_interpolation: 0,interpolation_duration: 1}
$data merge entity $(left_fingers) {transformation: [-0.9949f,0.0234f,-0.0986f,4.4797f,0.0561f,-0.6833f,-0.728f,4.6101f,-0.0844f,-0.7297f,0.6785f,-1.2423f,0f,0f,0f,1f],start_interpolation: 0,interpolation_duration: 1}
$data merge entity $(left_hand) {transformation: [-0.6242f,-0.775f,-0.0986f,3.9962f,0.5763f,-0.3715f,-0.728f,4.3527f,0.5276f,-0.5112f,0.6785f,-1.5237f,0f,0f,0f,1f],start_interpolation: 0,interpolation_duration: 1}
$data merge entity $(left_forearm) {transformation: [0.1772f,-1.3489f,0.2148f,1.9799f,0.7012f,-0.0961f,-1.1816f,4.1941f,1.1722f,0.2614f,0.6743f,-1.0568f,0f,0f,0f,1f],start_interpolation: 0,interpolation_duration: 1}
$data merge entity $(left_shoulder) {transformation: [0.5873f,-0.9515f,-0.9485f,0.9687f,-0.1248f,0.9921f,-1.0724f,5.4131f,1.3377f,0.5102f,0.3164f,-0.1752f,0f,0f,0f,1f],start_interpolation: 0,interpolation_duration: 1}
$data merge entity $(left_arm) {transformation: [-0.9435f,0.0003f,-0.3315f,0.434f,0.0616f,0.9828f,-0.1742f,5.731f,0.3257f,-0.1848f,-0.9272f,-0.0529f,0f,0f,0f,1f],start_interpolation: 0,interpolation_duration: 1}
$data merge entity $(chest) {transformation: [-1.2062f,0.0004f,-0.4238f,0.0044f,0.0787f,1.2565f,-0.2227f,3.9773f,0.4165f,-0.2362f,-1.1855f,0.3929f,0f,0f,0f,1f],start_interpolation: 0,interpolation_duration: 1}
$data merge entity $(left_cheek) {transformation: [-0.893f,-0.425f,-0.1482f,-0.0865f,-0.356f,0.8684f,-0.3453f,2.931f,0.2754f,-0.2556f,-0.9267f,-0.5094f,0f,0f,0f,1f],start_interpolation: 0,interpolation_duration: 1}
$data merge entity $(left_foot) {transformation: [-0.8101f,0.0709f,-0.6196f,1.464f,-0.0061f,1.0148f,0.124f,-3.794f,0.6236f,0.102f,-0.8037f,-1.7601f,0f,0f,0f,1f],start_interpolation: 0,interpolation_duration: 1}
$data merge entity $(left_knee) {transformation: [-2.5559f,0.1549f,-1.6419f,1.6846f,-0.868f,2.4485f,1.5823f,-0.3156f,1.4022f,1.7981f,-2.0132f,0.6058f,0f,0f,0f,1f],start_interpolation: 0,interpolation_duration: 1}
$data merge entity $(left_leg) {transformation: [-1.4435f,-0.7203f,-0.5905f,0.4878f,-0.4903f,1.5137f,-0.648f,2.108f,0.792f,-0.376f,-1.4774f,0.0797f,0f,0f,0f,1f],start_interpolation: 0,interpolation_duration: 1}
$data merge entity $(right_cheek) {transformation: [-0.8598f,0.1179f,-0.4968f,-0.7003f,0.3731f,0.8094f,-0.4535f,2.7962f,0.3486f,-0.5753f,-0.7399f,-0.3137f,0f,0f,0f,1f],start_interpolation: 0,interpolation_duration: 1}
$data merge entity $(right_foot) {transformation: [-0.985f,-0.0309f,0.2723f,-2.0217f,-0.0289f,1.0219f,0.0113f,-3.9665f,-0.2725f,0.0032f,-0.9854f,1.9572f,0f,0f,0f,1f],start_interpolation: 0,interpolation_duration: 1}
$data merge entity $(right_knee) {transformation: [-2.9412f,0.4094f,0.6586f,-1.5126f,0.5069f,2.97f,0.4177f,0.1756f,-0.5869f,0.5136f,-2.9401f,2.5309f,0f,0f,0f,1f],start_interpolation: 0,interpolation_duration: 1}
$data merge entity $(right_leg) {transformation: [-1.6612f,0.4362f,0.0401f,-0.7459f,0.2863f,1.2005f,-1.1951f,2.1219f,-0.3315f,-1.1489f,-1.2335f,0.7402f,0f,0f,0f,1f],start_interpolation: 0,interpolation_duration: 1}
$data merge entity $(weist) {transformation: [-1.4302f,0.0425f,-0.7647f,-0.1412f,0.0162f,1.6212f,0.0598f,3.7688f,0.7657f,0.0451f,-1.4296f,0.3522f,0f,0f,0f,1f],start_interpolation: 0,interpolation_duration: 1}
data modify storage animated_java:temp entry.data merge value {"locators":{"consume":{"px":-4.1053949112,"py":4.7278994812,"pz":2.0499480498,"ry":139.1528872091,"rx":-23.8114110482}}}
# Data Manager: Prepare for Read / Write
execute store result storage animated_java:temp args.id int 1 run scoreboard players get @s aj.id
# Data Manager: Write
function animated_java:global/data_manager/write with storage animated_java:temp args