# This file was generated by Animated Java via MC-Build. It is not recommended to edit this file directly.
$data merge entity $(neck) {transformation: [-0.9507f,-0.0125f,-0.31f,-0.0259f,0.0389f,0.9865f,-0.159f,5.7888f,0.3078f,-0.1632f,-0.9373f,0.0206f,0f,0f,0f,1f],start_interpolation: 0,interpolation_duration: 1}
$data merge entity $(right_thumb_2) {transformation: [-0.7582f,0.1974f,0.6214f,-3.9399f,-0.6028f,-0.5756f,-0.5526f,5.0485f,0.2486f,-0.7935f,0.5554f,1.6739f,0f,0f,0f,1f],start_interpolation: 0,interpolation_duration: 1}
$data merge entity $(right_thumb) {transformation: [-0.7582f,0.5004f,0.418f,-3.8973f,-0.6028f,-0.7824f,-0.1568f,4.7097f,0.2486f,-0.3708f,0.8948f,1.5789f,0f,0f,0f,1f],start_interpolation: 0,interpolation_duration: 1}
$data merge entity $(right_fingers2) {transformation: [0.2952f,-0.742f,0.6018f,-3.9364f,0.8636f,-0.0622f,-0.5003f,5.2057f,0.4087f,0.6675f,0.6225f,2.1449f,0f,0f,0f,1f],start_interpolation: 0,interpolation_duration: 1}
$data merge entity $(right_fingers) {transformation: [-0.6606f,-0.4488f,0.6018f,-4.0785f,0.1262f,-0.8566f,-0.5003f,4.9615f,0.7401f,-0.2546f,0.6225f,2.0978f,0f,0f,0f,1f],start_interpolation: 0,interpolation_duration: 1}
$data merge entity $(scout) {transformation: [0f,0f,0f,-3.8687f,0f,0f,0f,4.9871f,0f,0f,0f,2.0868f,0f,0f,0f,1f],start_interpolation: 0,interpolation_duration: 1}
$data merge entity $(right_hand) {transformation: [-0.7582f,0.2508f,0.6018f,-3.894f,-0.6028f,-0.6216f,-0.5003f,4.5607f,0.2486f,-0.7421f,0.6225f,1.6682f,0f,0f,0f,1f],start_interpolation: 0,interpolation_duration: 1}
$data merge entity $(right_forearm) {transformation: [-0.7615f,1.0163f,0.5334f,-2.3125f,-0.9258f,-0.1655f,-1.0063f,4.3133f,-0.6784f,-0.9148f,0.7746f,0.3469f,0f,0f,0f,1f],start_interpolation: 0,interpolation_duration: 1}
$data merge entity $(right_shoulder) {transformation: [-0.4009f,1.0655f,0.9241f,-0.9624f,0.1881f,0.9925f,-1.0627f,5.5196f,-1.3978f,-0.1721f,-0.408f,0.432f,0f,0f,0f,1f],start_interpolation: 0,interpolation_duration: 1}
$data merge entity $(right_arm) {transformation: [-0.9507f,-0.0125f,-0.31f,-0.4325f,0.0389f,0.9865f,-0.159f,5.7821f,0.3078f,-0.1632f,-0.9373f,0.2032f,0f,0f,0f,1f],start_interpolation: 0,interpolation_duration: 1}
$data merge entity $(left_thumb_2) {transformation: [-0.6946f,-0.7089f,-0.1224f,3.9878f,0.5167f,-0.3733f,-0.7705f,4.9939f,0.5005f,-0.5984f,0.6256f,-1.2978f,0f,0f,0f,1f],start_interpolation: 0,interpolation_duration: 1}
$data merge entity $(left_thumb) {transformation: [-0.6946f,-0.6637f,0.2777f,3.8733f,0.5167f,-0.7288f,-0.4493f,4.6892f,0.5005f,-0.1686f,0.8492f,-1.4382f,0f,0f,0f,1f],start_interpolation: 0,interpolation_duration: 1}
$data merge entity $(left_fingers2) {transformation: [-0.1027f,0.9929f,-0.0601f,4.3083f,-0.6684f,-0.1137f,-0.735f,5.0205f,-0.7366f,-0.0353f,0.6754f,-0.9196f,0f,0f,0f,1f],start_interpolation: 0,interpolation_duration: 1}
$data merge entity $(left_fingers) {transformation: [-0.9916f,0.1146f,-0.0601f,4.3685f,-0.0337f,-0.6772f,-0.735f,4.8231f,-0.125f,-0.7268f,0.6754f,-1.1182f,0f,0f,0f,1f],start_interpolation: 0,interpolation_duration: 1}
$data merge entity $(left_hand) {transformation: [-0.6946f,-0.7169f,-0.0601f,3.9221f,0.5167f,-0.439f,-0.735f,4.5236f,0.5005f,-0.5416f,0.6754f,-1.4185f,0f,0f,0f,1f],start_interpolation: 0,interpolation_duration: 1}
$data merge entity $(left_forearm) {transformation: [0.0446f,-1.3529f,0.2548f,1.8958f,0.642f,-0.2051f,-1.2012f,4.1977f,1.2177f,0.1577f,0.624f,-1.1077f,0f,0f,0f,1f],start_interpolation: 0,interpolation_duration: 1}
$data merge entity $(left_shoulder) {transformation: [0.5513f,-0.8929f,-1.024f,0.9512f,-0.2242f,1.0301f,-1.019f,5.4413f,1.34f,0.5398f,0.2508f,-0.1876f,0f,0f,0f,1f],start_interpolation: 0,interpolation_duration: 1}
$data merge entity $(left_arm) {transformation: [-0.9507f,-0.0125f,-0.31f,0.4089f,0.0389f,0.9865f,-0.159f,5.7477f,0.3078f,-0.1632f,-0.9373f,-0.0693f,0f,0f,0f,1f],start_interpolation: 0,interpolation_duration: 1}
$data merge entity $(chest) {transformation: [-1.2154f,-0.016f,-0.3964f,0f,0.0498f,1.2613f,-0.2033f,3.9777f,0.3936f,-0.2087f,-1.1984f,0.3294f,0f,0f,0f,1f],start_interpolation: 0,interpolation_duration: 1}
$data merge entity $(left_cheek) {transformation: [-0.8972f,-0.4166f,-0.1469f,-0.082f,-0.3513f,0.8745f,-0.3345f,2.9445f,0.2678f,-0.2485f,-0.9309f,-0.5609f,0f,0f,0f,1f],start_interpolation: 0,interpolation_duration: 1}
$data merge entity $(left_foot) {transformation: [-0.8161f,0.0726f,-0.6115f,1.4636f,-0.0037f,1.0146f,0.1254f,-3.8265f,0.6157f,0.1023f,-0.8097f,-1.8327f,0f,0f,0f,1f],start_interpolation: 0,interpolation_duration: 1}
$data merge entity $(left_knee) {transformation: [-2.568f,0.1338f,-1.6247f,1.656f,-0.8637f,2.4594f,1.5677f,-0.3338f,1.3826f,1.7849f,-2.0383f,0.5146f,0f,0f,0f,1f],start_interpolation: 0,interpolation_duration: 1}
$data merge entity $(left_leg) {transformation: [-1.4504f,-0.7045f,-0.5928f,0.4844f,-0.4878f,1.5261f,-0.6201f,2.1089f,0.7809f,-0.3552f,-1.4884f,0.0216f,0f,0f,0f,1f],start_interpolation: 0,interpolation_duration: 1}
$data merge entity $(right_cheek) {transformation: [-0.8646f,0.118f,-0.4885f,-0.7033f,0.3648f,0.8159f,-0.4486f,2.8109f,0.3456f,-0.5661f,-0.7484f,-0.373f,0f,0f,0f,1f],start_interpolation: 0,interpolation_duration: 1}
$data merge entity $(right_foot) {transformation: [-0.9835f,-0.033f,0.2772f,-2.0239f,-0.0316f,1.0218f,0.0093f,-3.9919f,-0.2773f,0.0004f,-0.984f,1.8895f,0f,0f,0f,1f],start_interpolation: 0,interpolation_duration: 1}
$data merge entity $(right_knee) {transformation: [-2.9393f,0.4013f,0.6721f,-1.5253f,0.497f,2.9744f,0.3974f,0.1553f,-0.6048f,0.4939f,-2.9398f,2.4354f,0f,0f,0f,1f],start_interpolation: 0,interpolation_duration: 1}
$data merge entity $(right_leg) {transformation: [-1.6601f,0.4385f,0.0563f,-0.7553f,0.2807f,1.2145f,-1.1822f,2.1239f,-0.3416f,-1.1332f,-1.2452f,0.6707f,0f,0f,0f,1f],start_interpolation: 0,interpolation_duration: 1}
$data merge entity $(weist) {transformation: [-1.4372f,0.0436f,-0.7514f,-0.1456f,0.0173f,1.6211f,0.0608f,3.7703f,0.7525f,0.0459f,-1.4365f,0.2887f,0f,0f,0f,1f],start_interpolation: 0,interpolation_duration: 1}
data modify storage animated_java:temp entry.data merge value {"locators":{"consume":{"px":-3.8937769006,"py":5.1344835415,"pz":2.1676042976,"ry":135.9656932313,"rx":-30.0222197548}}}
# Data Manager: Prepare for Read / Write
execute store result storage animated_java:temp args.id int 1 run scoreboard players get @s aj.id
# Data Manager: Write
function animated_java:global/data_manager/write with storage animated_java:temp args