# This file was generated by Animated Java via MC-Build. It is not recommended to edit this file directly.
$data merge entity $(neck) {transformation: [-0.9493f,-0.0114f,-0.314f,-0.0352f,0.0401f,0.9868f,-0.157f,5.7916f,0.3117f,-0.1617f,-0.9363f,0.0245f,0f,0f,0f,1f],start_interpolation: 0,interpolation_duration: 1}
$data merge entity $(right_thumb_2) {transformation: [-0.8f,0.051f,0.5978f,-3.8021f,-0.4965f,-0.6157f,-0.6119f,5.3594f,0.3369f,-0.7864f,0.5179f,1.8179f,0f,0f,0f,1f],start_interpolation: 0,interpolation_duration: 1}
$data merge entity $(right_thumb) {transformation: [-0.8f,0.3642f,0.4768f,-3.8102f,-0.4965f,-0.848f,-0.1853f,5.0156f,0.3369f,-0.385f,0.8593f,1.7318f,0f,0f,0f,1f],start_interpolation: 0,interpolation_duration: 1}
$data merge entity $(right_fingers2) {transformation: [0.4354f,-0.679f,0.5911f,-3.7356f,0.8298f,0.0482f,-0.5559f,5.5268f,0.349f,0.7326f,0.5844f,2.2805f,0f,0f,0f,1f],start_interpolation: 0,interpolation_duration: 1}
$data merge entity $(right_fingers) {transformation: [-0.5686f,-0.5721f,0.5911f,-3.9104f,0.2267f,-0.7997f,-0.5559f,5.3012f,0.7907f,-0.1822f,0.5844f,2.2552f,0f,0f,0f,1f],start_interpolation: 0,interpolation_duration: 1}
$data merge entity $(scout) {transformation: [0f,0f,0f,-3.7009f,0f,0f,0f,5.3001f,0f,0f,0f,2.2248f,0f,0f,0f,1f],start_interpolation: 0,interpolation_duration: 1}
$data merge entity $(right_hand) {transformation: [-0.8f,0.1029f,0.5911f,-3.817f,-0.4965f,-0.6667f,-0.5559f,4.8697f,0.3369f,-0.7382f,0.5844f,1.826f,0f,0f,0f,1f],start_interpolation: 0,interpolation_duration: 1}
$data merge entity $(right_forearm) {transformation: [-0.9103f,0.9034f,0.5024f,-2.4004f,-0.8675f,-0.3036f,-1.0259f,4.4111f,-0.5621f,-0.9944f,0.7697f,0.3798f,0f,0f,0f,1f],start_interpolation: 0,interpolation_duration: 1}
$data merge entity $(right_shoulder) {transformation: [-0.4152f,1.1264f,0.8419f,-0.9705f,0.2184f,0.9188f,-1.1216f,5.5234f,-1.3892f,-0.1922f,-0.4279f,0.4393f,0f,0f,0f,1f],start_interpolation: 0,interpolation_duration: 1}
$data merge entity $(right_arm) {transformation: [-0.9493f,-0.0114f,-0.314f,-0.4411f,0.0401f,0.9868f,-0.157f,5.7853f,0.3117f,-0.1617f,-0.9363f,0.2088f,0f,0f,0f,1f],start_interpolation: 0,interpolation_duration: 1}
$data merge entity $(left_thumb_2) {transformation: [-0.7293f,-0.6779f,-0.0924f,3.8817f,0.4957f,-0.4305f,-0.7543f,5.0605f,0.4715f,-0.5959f,0.65f,-1.2721f,0f,0f,0f,1f],start_interpolation: 0,interpolation_duration: 1}
$data merge entity $(left_thumb) {transformation: [-0.7293f,-0.6214f,0.2863f,3.7859f,0.4957f,-0.7684f,-0.4048f,4.7455f,0.4715f,-0.1533f,0.8684f,-1.4036f,0f,0f,0f,1f],start_interpolation: 0,interpolation_duration: 1}
$data merge entity $(left_fingers2) {transformation: [-0.0547f,0.998f,-0.033f,4.1939f,-0.6975f,-0.0618f,-0.7139f,5.1169f,-0.7145f,-0.016f,0.6995f,-0.8902f,0f,0f,0f,1f],start_interpolation: 0,interpolation_duration: 1}
$data merge entity $(left_fingers) {transformation: [-0.9861f,0.1626f,-0.033f,4.2678f,-0.0906f,-0.6944f,-0.7139f,4.9163f,-0.139f,-0.701f,0.6995f,-1.0809f,0f,0f,0f,1f],start_interpolation: 0,interpolation_duration: 1}
$data merge entity $(left_hand) {transformation: [-0.7293f,-0.6834f,-0.033f,3.8429f,0.4957f,-0.4946f,-0.7139f,4.5835f,0.4715f,-0.537f,0.6995f,-1.3774f,0f,0f,0f,1f],start_interpolation: 0,interpolation_duration: 1}
$data merge entity $(left_forearm) {transformation: [-0.0172f,-1.3471f,0.2868f,1.824f,0.6291f,-0.2629f,-1.1968f,4.1702f,1.2252f,0.1161f,0.6186f,-1.1291f,0f,0f,0f,1f],start_interpolation: 0,interpolation_duration: 1}
$data merge entity $(left_shoulder) {transformation: [0.5413f,-0.8424f,-1.071f,0.9405f,-0.2711f,1.0628f,-0.973f,5.4427f,1.3354f,0.5573f,0.2366f,-0.1881f,0f,0f,0f,1f],start_interpolation: 0,interpolation_duration: 1}
$data merge entity $(left_arm) {transformation: [-0.9493f,-0.0114f,-0.314f,0.3992f,0.0401f,0.9868f,-0.157f,5.7498f,0.3117f,-0.1617f,-0.9363f,-0.0671f,0f,0f,0f,1f],start_interpolation: 0,interpolation_duration: 1}
$data merge entity $(chest) {transformation: [-1.2138f,-0.0146f,-0.4015f,-0.0112f,0.0513f,1.2616f,-0.2008f,3.98f,0.3985f,-0.2067f,-1.1971f,0.3304f,0f,0f,0f,1f],start_interpolation: 0,interpolation_duration: 1}
$data merge entity $(left_cheek) {transformation: [-0.8971f,-0.4163f,-0.1481f,-0.089f,-0.3509f,0.875f,-0.3336f,2.9497f,0.2684f,-0.2473f,-0.931f,-0.5572f,0f,0f,0f,1f],start_interpolation: 0,interpolation_duration: 1}
$data merge entity $(left_foot) {transformation: [-0.8159f,0.0722f,-0.6118f,1.4564f,-0.0033f,1.0148f,0.1242f,-3.8262f,0.616f,0.1011f,-0.8096f,-1.8297f,0f,0f,0f,1f],start_interpolation: 0,interpolation_duration: 1}
$data merge entity $(left_knee) {transformation: [-2.5671f,0.1333f,-1.6262f,1.648f,-0.8633f,2.4615f,1.5646f,-0.3307f,1.3845f,1.782f,-2.0396f,0.5134f,0f,0f,0f,1f],start_interpolation: 0,interpolation_duration: 1}
$data merge entity $(left_leg) {transformation: [-1.4499f,-0.7039f,-0.5948f,0.4774f,-0.4876f,1.5268f,-0.6184f,2.1133f,0.782f,-0.3531f,-1.4884f,0.0239f,0f,0f,0f,1f],start_interpolation: 0,interpolation_duration: 1}
$data merge entity $(right_cheek) {transformation: [-0.8662f,0.1201f,-0.485f,-0.7032f,0.3654f,0.8144f,-0.4508f,2.8147f,0.3408f,-0.5678f,-0.7493f,-0.369f,0f,0f,0f,1f],start_interpolation: 0,interpolation_duration: 1}
$data merge entity $(right_foot) {transformation: [-0.9822f,-0.0337f,0.2817f,-2.0352f,-0.0327f,1.0218f,0.0082f,-3.9871f,-0.2818f,-0.0011f,-0.9828f,1.8916f,0f,0f,0f,1f],start_interpolation: 0,interpolation_duration: 1}
$data merge entity $(right_knee) {transformation: [-2.9368f,0.397f,0.6854f,-1.542f,0.4942f,2.9753f,0.3941f,0.1611f,-0.619f,0.4918f,-2.9372f,2.4343f,0f,0f,0f,1f],start_interpolation: 0,interpolation_duration: 1}
$data merge entity $(right_leg) {transformation: [-1.6587f,0.443f,0.0623f,-0.7651f,0.2791f,1.2116f,-1.1855f,2.1253f,-0.3496f,-1.1345f,-1.2418f,0.6677f,0f,0f,0f,1f],start_interpolation: 0,interpolation_duration: 1}
$data merge entity $(weist) {transformation: [-1.4404f,0.0403f,-0.7453f,-0.1569f,0.014f,1.6211f,0.0606f,3.7732f,0.7463f,0.0474f,-1.4397f,0.2897f,0f,0f,0f,1f],start_interpolation: 0,interpolation_duration: 1}
data modify storage animated_java:temp entry.data merge value {"locators":{"consume":{"px":-3.7001817182,"py":5.4513780949,"pz":2.3020013791,"ry":134.6748034711,"rx":-33.7747304092}}}
# Data Manager: Prepare for Read / Write
execute store result storage animated_java:temp args.id int 1 run scoreboard players get @s aj.id
# Data Manager: Write
function animated_java:global/data_manager/write with storage animated_java:temp args