# This file was generated by Animated Java via MC-Build. It is not recommended to edit this file directly.
$data merge entity $(neck) {transformation: [-1f,-0.0012f,0.0052f,-0.0021f,-0.0004f,0.9879f,0.1552f,6.0652f,-0.0054f,0.1552f,-0.9879f,-0.0891f,0f,0f,0f,1f],start_interpolation: 0,interpolation_duration: 1}
$data merge entity $(right_thumb_2) {transformation: [-0.7779f,-0.164f,-0.6067f,-1.3614f,0.2811f,0.7726f,-0.5693f,2.7256f,0.5621f,-0.6133f,-0.5549f,1.8559f,0f,0f,0f,1f],start_interpolation: 0,interpolation_duration: 1}
$data merge entity $(right_thumb) {transformation: [-0.7779f,-0.4643f,-0.4235f,-1.6201f,0.2811f,0.3457f,-0.8952f,2.8911f,0.5621f,-0.8154f,-0.1384f,1.6789f,0f,0f,0f,1f],start_interpolation: 0,interpolation_duration: 1}
$data merge entity $(right_fingers2) {transformation: [0.6657f,-0.4569f,-0.59f,-1.408f,-0.7323f,-0.2475f,-0.6344f,2.2723f,0.1438f,0.8544f,-0.4993f,2.0531f,0f,0f,0f,1f],start_interpolation: 0,interpolation_duration: 1}
$data merge entity $(right_fingers) {transformation: [-0.302f,-0.7488f,-0.59f,-1.6342f,-0.4001f,0.6613f,-0.6344f,2.4448f,0.8653f,0.0445f,-0.4993f,2.0865f,0f,0f,0f,1f],start_interpolation: 0,interpolation_duration: 1}
$data merge entity $(scout) {transformation: [0f,0f,0f,-1.5689f,0f,0f,0f,2.3596f,0f,0f,0f,1.904f,0f,0f,0f,1f],start_interpolation: 0,interpolation_duration: 1}
$data merge entity $(right_hand) {transformation: [-0.7779f,-0.2162f,-0.59f,-1.7892f,0.2811f,0.72f,-0.6344f,2.8576f,0.5621f,-0.6594f,-0.4993f,1.6566f,0f,0f,0f,1f],start_interpolation: 0,interpolation_duration: 1}
$data merge entity $(right_forearm) {transformation: [-1.2615f,-0.1881f,0.5198f,-2.0011f,-0.5039f,0.9242f,-0.8883f,4.2381f,-0.2275f,-1.0038f,-0.9153f,0.1211f,0f,0f,0f,1f],start_interpolation: 0,interpolation_duration: 1}
$data merge entity $(right_shoulder) {transformation: [-1.341f,0.5913f,-0.0428f,-1.0085f,0.5906f,1.3232f,-0.2238f,5.7395f,-0.0516f,-0.2219f,-1.4484f,-0.0925f,0f,0f,0f,1f],start_interpolation: 0,interpolation_duration: 1}
$data merge entity $(right_arm) {transformation: [-1f,-0.0012f,0.0052f,-0.4449f,-0.0004f,0.9879f,0.1552f,6.0272f,-0.0054f,0.1552f,-0.9879f,-0.0529f,0f,0f,0f,1f],start_interpolation: 0,interpolation_duration: 1}
$data merge entity $(left_thumb_2) {transformation: [-0.746f,0.1849f,0.6398f,1.2628f,-0.3447f,0.7148f,-0.6085f,2.9384f,-0.5698f,-0.6745f,-0.4694f,2.187f,0f,0f,0f,1f],start_interpolation: 0,interpolation_duration: 1}
$data merge entity $(left_thumb) {transformation: [-0.746f,0.4997f,0.4402f,1.528f,-0.3447f,0.2759f,-0.8973f,3.0909f,-0.5698f,-0.8211f,-0.0335f,2.0078f,0f,0f,0f,1f],start_interpolation: 0,interpolation_duration: 1}
$data merge entity $(left_fingers2) {transformation: [0.6633f,0.4172f,0.6213f,1.3049f,0.7264f,-0.1595f,-0.6685f,2.5062f,-0.1798f,0.8947f,-0.4089f,2.4277f,0f,0f,0f,1f],start_interpolation: 0,interpolation_duration: 1}
$data merge entity $(left_fingers) {transformation: [-0.2637f,0.7379f,0.6213f,1.5272f,0.313f,0.6747f,-0.6685f,2.6847f,-0.9124f,0.0182f,-0.4089f,2.4556f,0f,0f,0f,1f],start_interpolation: 0,interpolation_duration: 1}
$data merge entity $(left_hand) {transformation: [-0.746f,0.24f,0.6213f,1.6983f,-0.3447f,0.659f,-0.6685f,3.0582f,-0.5698f,-0.7128f,-0.4089f,1.9969f,0f,0f,0f,1f],start_interpolation: 0,interpolation_duration: 1}
$data merge entity $(left_forearm) {transformation: [-1.2739f,0.2371f,-0.4671f,1.9854f,0.5125f,0.818f,-0.9825f,4.2757f,0.1083f,-1.0825f,-0.8448f,0.3405f,0f,0f,0f,1f],start_interpolation: 0,interpolation_duration: 1}
$data merge entity $(left_shoulder) {transformation: [-1.3411f,-0.5795f,0.1245f,1.0045f,-0.5916f,1.2892f,-0.3712f,5.7402f,0.0372f,-0.3897f,-1.413f,-0.0817f,0f,0f,0f,1f],start_interpolation: 0,interpolation_duration: 1}
$data merge entity $(left_arm) {transformation: [-1f,-0.0012f,0.0052f,0.4402f,-0.0004f,0.9879f,0.1552f,6.0275f,-0.0054f,0.1552f,-0.9879f,-0.0481f,0f,0f,0f,1f],start_interpolation: 0,interpolation_duration: 1}
$data merge entity $(chest) {transformation: [-1.2785f,-0.0015f,0.0067f,0f,-0.0004f,1.263f,0.1985f,4.2486f,-0.0068f,0.1985f,-1.263f,-0.365f,0f,0f,0f,1f],start_interpolation: 0,interpolation_duration: 1}
$data merge entity $(left_cheek) {transformation: [-0.9712f,-0.1372f,-0.1946f,0.1526f,-0.1349f,0.9905f,-0.0252f,3.3675f,0.1962f,0.0018f,-0.9806f,-1.015f,0f,0f,0f,1f],start_interpolation: 0,interpolation_duration: 1}
$data merge entity $(left_foot) {transformation: [-0.8963f,0.012f,-0.4916f,0.8024f,-0.0222f,1.02f,0.0653f,-4.4897f,0.4913f,0.068f,-0.894f,-1.9841f,0f,0f,0f,1f],start_interpolation: 0,interpolation_duration: 1}
$data merge entity $(left_knee) {transformation: [-2.7893f,0.0338f,-1.2128f,0.8796f,-0.3592f,2.8813f,0.9063f,-0.4545f,1.1589f,0.9743f,-2.6382f,-0.7769f,0f,0f,0f,1f],start_interpolation: 0,interpolation_duration: 1}
$data merge entity $(left_leg) {transformation: [-1.5754f,-0.1808f,-0.661f,0.5438f,-0.2029f,1.7059f,0.0169f,2.2694f,0.6545f,0.0936f,-1.5856f,-0.5533f,0f,0f,0f,1f],start_interpolation: 0,interpolation_duration: 1}
$data merge entity $(right_cheek) {transformation: [-0.9859f,0.0442f,-0.1614f,-0.6568f,0.0478f,0.9987f,-0.0184f,3.3718f,0.1604f,-0.0258f,-0.9867f,-0.7752f,0f,0f,0f,1f],start_interpolation: 0,interpolation_duration: 1}
$data merge entity $(right_foot) {transformation: [-0.9995f,-0.0328f,0.2123f,-1.0162f,-0.0361f,1.0217f,-0.0118f,-4.5011f,-0.2118f,-0.019f,-1f,0.5238f,0f,0f,0f,1f],start_interpolation: 0,interpolation_duration: 1}
$data merge entity $(right_knee) {transformation: [-3.017f,0.0181f,0.3867f,-1.0619f,0.0501f,3.0311f,0.2489f,-0.2944f,-0.3838f,0.2532f,-3.0068f,0.7402f,0f,0f,0f,1f],start_interpolation: 0,interpolation_duration: 1}
$data merge entity $(right_leg) {transformation: [-1.704f,0.1091f,0.1894f,-0.8218f,0.0283f,1.5862f,-0.6592f,2.265f,-0.2168f,-0.6507f,-1.5751f,-0.247f,0f,0f,0f,1f],start_interpolation: 0,interpolation_duration: 1}
$data merge entity $(weist) {transformation: [-1.583f,0.0187f,-0.3546f,-0.1456f,-0.0052f,1.6187f,0.1086f,3.9221f,0.3551f,0.1071f,-1.5794f,-0.4056f,0f,0f,0f,1f],start_interpolation: 0,interpolation_duration: 1}
data modify storage animated_java:temp entry.data merge value {"locators":{"consume":{"px":-1.4733866419,"py":2.256423098,"pz":1.9994334397,"ry":310.2391929469,"rx":-39.3787010182}}}
# Data Manager: Prepare for Read / Write
execute store result storage animated_java:temp args.id int 1 run scoreboard players get @s aj.id
# Data Manager: Write
function animated_java:global/data_manager/write with storage animated_java:temp args