# This file was generated by Animated Java via MC-Build. It is not recommended to edit this file directly.
$data merge entity $(neck) {transformation: [-0.9439f,0.0006f,-0.3302f,-0.0294f,0.0552f,0.9862f,-0.1561f,5.7969f,0.3256f,-0.1656f,-0.9309f,0.0399f,0f,0f,0f,1f],start_interpolation: 0,interpolation_duration: 1}
$data merge entity $(right_thumb_2) {transformation: [-0.8068f,0.035f,0.5898f,-3.7938f,-0.4783f,-0.6248f,-0.6172f,5.4923f,0.3469f,-0.78f,0.5208f,1.8889f,0f,0f,0f,1f],start_interpolation: 0,interpolation_duration: 1}
$data merge entity $(right_thumb) {transformation: [-0.8068f,0.3464f,0.4786f,-3.8088f,-0.4783f,-0.8585f,-0.1848f,5.1478f,0.3469f,-0.3781f,0.8583f,1.8066f,0f,0f,0f,1f],start_interpolation: 0,interpolation_duration: 1}
$data merge entity $(right_fingers2) {transformation: [0.4525f,-0.6735f,0.5845f,-3.7215f,0.8254f,0.0682f,-0.5604f,5.6633f,0.3375f,0.736f,0.5868f,2.3493f,0f,0f,0f,1f],start_interpolation: 0,interpolation_duration: 1}
$data merge entity $(right_fingers) {transformation: [-0.5596f,-0.5876f,0.5845f,-3.9005f,0.2453f,-0.7911f,-0.5604f,5.4407f,0.7916f,-0.1702f,0.5868f,2.3274f,0f,0f,0f,1f],start_interpolation: 0,interpolation_duration: 1}
$data merge entity $(scout) {transformation: [0f,0f,0f,-3.6913f,0f,0f,0f,5.4354f,0f,0f,0f,2.2957f,0f,0f,0f,1f],start_interpolation: 0,interpolation_duration: 1}
$data merge entity $(right_hand) {transformation: [-0.8068f,0.0863f,0.5845f,-3.8176f,-0.4783f,-0.6762f,-0.5604f,5.003f,0.3469f,-0.7317f,0.5868f,1.9023f,0f,0f,0f,1f],start_interpolation: 0,interpolation_duration: 1}
$data merge entity $(right_forearm) {transformation: [-0.9391f,0.883f,0.4855f,-2.4312f,-0.8536f,-0.3444f,-1.0247f,4.4825f,-0.5355f,-0.9995f,0.782f,0.4478f,0f,0f,0f,1f],start_interpolation: 0,interpolation_duration: 1}
$data merge entity $(right_shoulder) {transformation: [-0.4252f,1.1556f,0.7961f,-0.9622f,0.2086f,0.8746f,-1.1582f,5.5441f,-1.3876f,-0.2226f,-0.418f,0.4696f,0f,0f,0f,1f],start_interpolation: 0,interpolation_duration: 1}
$data merge entity $(right_arm) {transformation: [-0.9439f,0.0006f,-0.3302f,-0.4325f,0.0552f,0.9862f,-0.1561f,5.7973f,0.3256f,-0.1656f,-0.9309f,0.2302f,0f,0f,0f,1f],start_interpolation: 0,interpolation_duration: 1}
$data merge entity $(left_thumb_2) {transformation: [-0.7297f,-0.6785f,-0.085f,3.8523f,0.5088f,-0.4556f,-0.7305f,5.0415f,0.4569f,-0.5762f,0.6776f,-1.317f,0f,0f,0f,1f],start_interpolation: 0,interpolation_duration: 1}
$data merge entity $(left_thumb) {transformation: [-0.7297f,-0.6179f,0.2929f,3.7576f,0.5088f,-0.7767f,-0.3713f,4.7214f,0.4569f,-0.1219f,0.8811f,-1.4364f,0f,0f,0f,1f],start_interpolation: 0,interpolation_duration: 1}
$data merge entity $(left_fingers2) {transformation: [-0.0545f,0.9982f,-0.0256f,4.1661f,-0.7235f,-0.0571f,-0.688f,5.1134f,-0.6882f,-0.019f,0.7253f,-0.939f,0f,0f,0f,1f],start_interpolation: 0,interpolation_duration: 1}
$data merge entity $(left_fingers) {transformation: [-0.9863f,0.1629f,-0.0256f,4.2401f,-0.1009f,-0.7187f,-0.688f,4.9064f,-0.1304f,-0.676f,0.7253f,-1.1227f,0f,0f,0f,1f],start_interpolation: 0,interpolation_duration: 1}
$data merge entity $(left_hand) {transformation: [-0.7297f,-0.6833f,-0.0256f,3.8156f,0.5088f,-0.5175f,-0.688f,4.5607f,0.4569f,-0.515f,0.7253f,-1.4046f,0f,0f,0f,1f],start_interpolation: 0,interpolation_duration: 1}
$data merge entity $(left_forearm) {transformation: [-0.0027f,-1.3447f,0.2981f,1.8013f,0.6434f,-0.2648f,-1.1887f,4.1454f,1.2179f,0.1369f,0.6287f,-1.125f,0f,0f,0f,1f],start_interpolation: 0,interpolation_duration: 1}
$data merge entity $(left_shoulder) {transformation: [0.551f,-0.8277f,-1.0776f,0.9378f,-0.266f,1.0746f,-0.9614f,5.4329f,1.3325f,0.5567f,0.2537f,-0.1857f,0f,0f,0f,1f],start_interpolation: 0,interpolation_duration: 1}
$data merge entity $(left_arm) {transformation: [-0.9439f,0.0006f,-0.3302f,0.4029f,0.0552f,0.9862f,-0.1561f,5.7484f,0.3256f,-0.1656f,-0.9309f,-0.058f,0f,0f,0f,1f],start_interpolation: 0,interpolation_duration: 1}
$data merge entity $(chest) {transformation: [-1.2068f,0.0008f,-0.4222f,-0.0273f,0.0706f,1.2609f,-0.1996f,3.9864f,0.4163f,-0.2117f,-1.1902f,0.3529f,0f,0f,0f,1f],start_interpolation: 0,interpolation_duration: 1}
$data merge entity $(left_cheek) {transformation: [-0.895f,-0.4191f,-0.1526f,-0.1028f,-0.3518f,0.8737f,-0.3359f,2.957f,0.2741f,-0.247f,-0.9294f,-0.535f,0f,0f,0f,1f],start_interpolation: 0,interpolation_duration: 1}
$data merge entity $(left_foot) {transformation: [-0.8125f,0.0712f,-0.6164f,1.4465f,-0.0033f,1.0151f,0.1216f,-3.8187f,0.6205f,0.0986f,-0.8065f,-1.8012f,0f,0f,0f,1f],start_interpolation: 0,interpolation_duration: 1}
$data merge entity $(left_knee) {transformation: [-2.5581f,0.1392f,-1.6398f,1.6455f,-0.8644f,2.4654f,1.5579f,-0.318f,1.4003f,1.7762f,-2.0338f,0.5337f,0f,0f,0f,1f],start_interpolation: 0,interpolation_duration: 1}
$data merge entity $(left_leg) {transformation: [-1.4448f,-0.7084f,-0.6018f,0.4682f,-0.4882f,1.5249f,-0.6228f,2.1228f,0.7909f,-0.3528f,-1.4837f,0.045f,0f,0f,0f,1f],start_interpolation: 0,interpolation_duration: 1}
$data merge entity $(right_cheek) {transformation: [-0.8674f,0.1233f,-0.4821f,-0.7008f,0.3677f,0.8117f,-0.4539f,2.8212f,0.3354f,-0.571f,-0.7494f,-0.3414f,0f,0f,0f,1f],start_interpolation: 0,interpolation_duration: 1}
$data merge entity $(right_foot) {transformation: [-0.9808f,-0.0336f,0.2866f,-2.053f,-0.0328f,1.0218f,0.0075f,-3.975f,-0.2867f,-0.002f,-0.9813f,1.9155f,0f,0f,0f,1f],start_interpolation: 0,interpolation_duration: 1}
$data merge entity $(right_knee) {transformation: [-2.9336f,0.3947f,0.7003f,-1.5624f,0.4939f,2.9757f,0.392f,0.1736f,-0.6342f,0.4917f,-2.934f,2.4579f,0f,0f,0f,1f],start_interpolation: 0,interpolation_duration: 1}
$data merge entity $(right_leg) {transformation: [-1.6569f,0.4491f,0.0667f,-0.7759f,0.2789f,1.206f,-1.1913f,2.129f,-0.3582f,-1.1381f,-1.236f,0.6857f,0f,0f,0f,1f],start_interpolation: 0,interpolation_duration: 1}
$data merge entity $(weist) {transformation: [-1.4423f,0.0341f,-0.742f,-0.173f,0.0071f,1.6212f,0.0606f,3.7798f,0.7427f,0.0506f,-1.4414f,0.3123f,0f,0f,0f,1f],start_interpolation: 0,interpolation_duration: 1}
data modify storage animated_java:temp entry.data merge value {"locators":{"consume":{"px":-3.6873168427,"py":5.5874515329,"pz":2.3713705164,"ry":135.1116002302,"rx":-34.0825414392}}}
# Data Manager: Prepare for Read / Write
execute store result storage animated_java:temp args.id int 1 run scoreboard players get @s aj.id
# Data Manager: Write
function animated_java:global/data_manager/write with storage animated_java:temp args