# This file was generated by Animated Java via MC-Build. It is not recommended to edit this file directly.
$data merge entity $(neck) {transformation: [-0.9371f,0.0154f,-0.3486f,-0.0203f,0.0739f,0.9852f,-0.1549f,5.8024f,0.341f,-0.1709f,-0.9244f,0.0566f,0f,0f,0f,1f],start_interpolation: 0,interpolation_duration: 1}
$data merge entity $(right_thumb_2) {transformation: [-0.8141f,0.062f,0.5774f,-3.8449f,-0.4844f,-0.6209f,-0.6163f,5.5991f,0.3203f,-0.7815f,0.5355f,1.9375f,0f,0f,0f,1f],start_interpolation: 0,interpolation_duration: 1}
$data merge entity $(right_thumb) {transformation: [-0.8141f,0.3626f,0.4537f,-3.8554f,-0.4844f,-0.8548f,-0.1862f,5.2549f,0.3203f,-0.3714f,0.8715f,1.8532f,0f,0f,0f,1f],start_interpolation: 0,interpolation_duration: 1}
$data merge entity $(right_fingers2) {transformation: [0.4374f,-0.6957f,0.5698f,-3.7875f,0.8263f,0.061f,-0.5599f,5.7684f,0.3547f,0.7157f,0.6016f,2.4007f,0f,0f,0f,1f],start_interpolation: 0,interpolation_duration: 1}
$data merge entity $(right_fingers) {transformation: [-0.5845f,-0.5776f,0.5698f,-3.9644f,0.2384f,-0.7935f,-0.5599f,5.5449f,0.7756f,-0.1914f,0.6016f,2.3724f,0f,0f,0f,1f],start_interpolation: 0,interpolation_duration: 1}
$data merge entity $(scout) {transformation: [0f,0f,0f,-3.7543f,0f,0f,0f,5.5409f,0f,0f,0f,2.347f,0f,0f,0f,1f],start_interpolation: 0,interpolation_duration: 1}
$data merge entity $(right_hand) {transformation: [-0.8141f,0.1121f,0.5698f,-3.8662f,-0.4844f,-0.6722f,-0.5599f,5.1097f,0.3203f,-0.7318f,0.6016f,1.9479f,0f,0f,0f,1f],start_interpolation: 0,interpolation_duration: 1}
$data merge entity $(right_forearm) {transformation: [-0.9369f,0.8979f,0.4616f,-2.4583f,-0.8499f,-0.3615f,-1.0218f,4.5633f,-0.545f,-0.9799f,0.8f,0.524f,0f,0f,0f,1f],start_interpolation: 0,interpolation_duration: 1}
$data merge entity $(right_shoulder) {transformation: [-0.4324f,1.1851f,0.7472f,-0.9502f,0.1889f,0.8242f,-1.1979f,5.5686f,-1.3882f,-0.2569f,-0.3958f,0.5033f,0f,0f,0f,1f],start_interpolation: 0,interpolation_duration: 1}
$data merge entity $(right_arm) {transformation: [-0.9371f,0.0154f,-0.3486f,-0.4202f,0.0739f,0.9852f,-0.1549f,5.811f,0.341f,-0.1709f,-0.9244f,0.2536f,0f,0f,0f,1f],start_interpolation: 0,interpolation_duration: 1}
$data merge entity $(left_thumb_2) {transformation: [-0.7338f,-0.6748f,-0.0787f,3.8684f,0.5127f,-0.474f,-0.7159f,5.0554f,0.4458f,-0.5656f,0.6938f,-1.3564f,0f,0f,0f,1f],start_interpolation: 0,interpolation_duration: 1}
$data merge entity $(left_thumb) {transformation: [-0.7338f,-0.6114f,0.2962f,3.7763f,0.5127f,-0.7844f,-0.3491f,4.7319f,0.4458f,-0.1043f,0.889f,-1.4686f,0f,0f,0f,1f],start_interpolation: 0,interpolation_duration: 1}
$data merge entity $(left_fingers2) {transformation: [-0.0486f,0.9986f,-0.0196f,4.1816f,-0.7391f,-0.0491f,-0.6718f,5.1384f,-0.6719f,-0.0182f,0.7404f,-0.9803f,0f,0f,0f,1f],start_interpolation: 0,interpolation_duration: 1}
$data merge entity $(left_fingers) {transformation: [-0.9855f,0.1687f,-0.0196f,4.2573f,-0.112f,-0.7322f,-0.6718f,4.928f,-0.1277f,-0.6599f,0.7404f,-1.1593f,0f,0f,0f,1f],start_interpolation: 0,interpolation_duration: 1}
$data merge entity $(left_hand) {transformation: [-0.7338f,-0.6791f,-0.0196f,3.8357f,0.5127f,-0.5346f,-0.6718f,4.5725f,0.4458f,-0.503f,0.7404f,-1.4333f,0f,0f,0f,1f],start_interpolation: 0,interpolation_duration: 1}
$data merge entity $(left_forearm) {transformation: [0.0119f,-1.3412f,0.3133f,1.8278f,0.6551f,-0.2701f,-1.1811f,4.1499f,1.2116f,0.1592f,0.6355f,-1.12f,0f,0f,0f,1f],start_interpolation: 0,interpolation_duration: 1}
$data merge entity $(left_shoulder) {transformation: [0.5614f,-0.8518f,-1.0531f,0.9362f,-0.247f,1.0565f,-0.9862f,5.4199f,1.3318f,0.555f,0.261f,-0.1832f,0f,0f,0f,1f],start_interpolation: 0,interpolation_duration: 1}
$data merge entity $(left_arm) {transformation: [-0.9371f,0.0154f,-0.3486f,0.4093f,0.0739f,0.9852f,-0.1549f,5.7457f,0.341f,-0.1709f,-0.9244f,-0.0482f,0f,0f,0f,1f],start_interpolation: 0,interpolation_duration: 1}
$data merge entity $(chest) {transformation: [-1.1982f,0.0197f,-0.4457f,-0.0454f,0.0944f,1.2596f,-0.1981f,3.9938f,0.436f,-0.2185f,-1.1819f,0.3794f,0f,0f,0f,1f],start_interpolation: 0,interpolation_duration: 1}
$data merge entity $(left_cheek) {transformation: [-0.8923f,-0.4228f,-0.1579f,-0.1201f,-0.353f,0.8719f,-0.3394f,2.964f,0.2812f,-0.2471f,-0.9273f,-0.5098f,0f,0f,0f,1f],start_interpolation: 0,interpolation_duration: 1}
$data merge entity $(left_foot) {transformation: [-0.8081f,0.07f,-0.6223f,1.4341f,-0.0034f,1.0154f,0.1187f,-3.8093f,0.6262f,0.0959f,-0.8024f,-1.7677f,0f,0f,0f,1f],start_interpolation: 0,interpolation_duration: 1}
$data merge entity $(left_knee) {transformation: [-2.5467f,0.1472f,-1.6568f,1.6433f,-0.8659f,2.4695f,1.5505f,-0.3032f,1.4202f,1.7698f,-2.0256f,0.5581f,0f,0f,0f,1f],start_interpolation: 0,interpolation_duration: 1}
$data merge entity $(left_leg) {transformation: [-1.4383f,-0.7144f,-0.6101f,0.4568f,-0.4891f,1.522f,-0.6292f,2.1331f,0.8021f,-0.3531f,-1.4776f,0.0691f,0f,0f,0f,1f],start_interpolation: 0,interpolation_duration: 1}
$data merge entity $(right_cheek) {transformation: [-0.8681f,0.1265f,-0.48f,-0.7005f,0.3704f,0.8089f,-0.4567f,2.8283f,0.3305f,-0.5742f,-0.749f,-0.3094f,0f,0f,0f,1f],start_interpolation: 0,interpolation_duration: 1}
$data merge entity $(right_foot) {transformation: [-0.9795f,-0.0332f,0.291f,-2.0733f,-0.0325f,1.0218f,0.0072f,-3.9613f,-0.291f,-0.0024f,-0.9801f,1.9429f,0f,0f,0f,1f],start_interpolation: 0,interpolation_duration: 1}
$data merge entity $(right_knee) {transformation: [-2.9306f,0.3935f,0.7133f,-1.5837f,0.4947f,2.9756f,0.3911f,0.1872f,-0.6472f,0.4928f,-2.931f,2.4864f,0f,0f,0f,1f],start_interpolation: 0,interpolation_duration: 1}
$data merge entity $(right_leg) {transformation: [-1.6552f,0.4548f,0.0696f,-0.7883f,0.2794f,1.2001f,-1.1971f,2.1333f,-0.3655f,-1.142f,-1.2303f,0.7081f,0f,0f,0f,1f],start_interpolation: 0,interpolation_duration: 1}
$data merge entity $(weist) {transformation: [-1.4433f,0.0279f,-0.7402f,-0.191f,0.0002f,1.6212f,0.0606f,3.7872f,0.7408f,0.0538f,-1.4423f,0.3388f,0f,0f,0f,1f],start_interpolation: 0,interpolation_duration: 1}
data modify storage animated_java:temp entry.data merge value {"locators":{"consume":{"px":-3.7534775091,"py":5.6926369014,"pz":2.4233938915,"ry":136.5524176753,"rx":-34.0464138366}}}
# Data Manager: Prepare for Read / Write
execute store result storage animated_java:temp args.id int 1 run scoreboard players get @s aj.id
# Data Manager: Write
function animated_java:global/data_manager/write with storage animated_java:temp args