# This file was generated by Animated Java via MC-Build. It is not recommended to edit this file directly.
$data merge entity $(neck) {transformation: [-0.9329f,0.0254f,-0.3593f,-0.0192f,0.0858f,0.9845f,-0.1532f,5.8064f,0.3498f,-0.1737f,-0.9206f,0.0643f,0f,0f,0f,1f],start_interpolation: 0,interpolation_duration: 1}
$data merge entity $(right_thumb_2) {transformation: [-0.8179f,0.1219f,0.5622f,-3.9453f,-0.5091f,-0.6084f,-0.6088f,5.6547f,0.2679f,-0.7842f,0.5597f,1.9285f,0f,0f,0f,1f],start_interpolation: 0,interpolation_duration: 1}
$data merge entity $(right_thumb) {transformation: [-0.8179f,0.4049f,0.4087f,-3.942f,-0.5091f,-0.8402f,-0.1865f,5.3115f,0.2679f,-0.3606f,0.8934f,1.8396f,0f,0f,0f,1f],start_interpolation: 0,interpolation_duration: 1}
$data merge entity $(right_fingers2) {transformation: [0.3952f,-0.7361f,0.5495f,-3.9184f,0.8322f,0.0337f,-0.5534f,5.819f,0.3889f,0.676f,0.6259f,2.3962f,0f,0f,0f,1f],start_interpolation: 0,interpolation_duration: 1}
$data merge entity $(right_fingers) {transformation: [-0.6332f,-0.5452f,0.5495f,-4.0875f,0.213f,-0.8052f,-0.5534f,5.5915f,0.7441f,-0.2334f,0.6259f,2.3553f,0f,0f,0f,1f],start_interpolation: 0,interpolation_duration: 1}
$data merge entity $(scout) {transformation: [0f,0f,0f,-3.8763f,0f,0f,0f,5.5932f,0f,0f,0f,2.3418f,0f,0f,0f,1f],start_interpolation: 0,interpolation_duration: 1}
$data merge entity $(right_hand) {transformation: [-0.8179f,0.1704f,0.5495f,-3.9545f,-0.5091f,-0.6592f,-0.5534f,5.1647f,0.2679f,-0.7324f,0.6259f,1.9318f,0f,0f,0f,1f],start_interpolation: 0,interpolation_duration: 1}
$data merge entity $(right_forearm) {transformation: [-0.9071f,0.9407f,0.4353f,-2.4843f,-0.8584f,-0.3575f,-1.0161f,4.6251f,-0.581f,-0.9405f,0.8217f,0.5696f,0f,0f,0f,1f],start_interpolation: 0,interpolation_duration: 1}
$data merge entity $(right_shoulder) {transformation: [-0.4309f,1.208f,0.7105f,-0.9475f,0.1673f,0.7824f,-1.2287f,5.5848f,-1.3915f,-0.28f,-0.3678f,0.5205f,0f,0f,0f,1f],start_interpolation: 0,interpolation_duration: 1}
$data merge entity $(right_arm) {transformation: [-0.9329f,0.0254f,-0.3593f,-0.4171f,0.0858f,0.9845f,-0.1532f,5.8203f,0.3498f,-0.1737f,-0.9206f,0.2651f,0f,0f,0f,1f],start_interpolation: 0,interpolation_duration: 1}
$data merge entity $(left_thumb_2) {transformation: [-0.7449f,-0.6633f,-0.0718f,3.9089f,0.5049f,-0.4902f,-0.7105f,5.116f,0.4361f,-0.5655f,0.7f,-1.3787f,0f,0f,0f,1f],start_interpolation: 0,interpolation_duration: 1}
$data merge entity $(left_thumb) {transformation: [-0.7449f,-0.598f,0.2958f,3.8228f,0.5049f,-0.7952f,-0.3359f,4.7901f,0.4361f,-0.1008f,0.8942f,-1.4884f,0f,0f,0f,1f],start_interpolation: 0,interpolation_duration: 1}
$data merge entity $(left_fingers2) {transformation: [-0.0321f,0.9994f,-0.0137f,4.2182f,-0.746f,-0.0331f,-0.6651f,5.2076f,-0.6651f,-0.0111f,0.7466f,-1.0013f,0f,0f,0f,1f],start_interpolation: 0,interpolation_duration: 1}
$data merge entity $(left_fingers) {transformation: [-0.9827f,0.185f,-0.0137f,4.2986f,-0.1292f,-0.7355f,-0.6651f,4.9968f,-0.1331f,-0.6518f,0.7466f,-1.1778f,0f,0f,0f,1f],start_interpolation: 0,interpolation_duration: 1}
$data merge entity $(left_hand) {transformation: [-0.7449f,-0.667f,-0.0137f,3.8846f,0.5049f,-0.5502f,-0.6651f,4.6319f,0.4361f,-0.5024f,0.7466f,-1.4511f,0f,0f,0f,1f],start_interpolation: 0,interpolation_duration: 1}
$data merge entity $(left_forearm) {transformation: [0.0149f,-1.3362f,0.3338f,1.885f,0.6614f,-0.2858f,-1.1739f,4.1863f,1.2081f,0.173f,0.6385f,-1.1172f,0f,0f,0f,1f],start_interpolation: 0,interpolation_duration: 1}
$data merge entity $(left_shoulder) {transformation: [0.5646f,-0.9029f,-1.0079f,0.9304f,-0.2232f,1.015f,-1.0343f,5.4121f,1.3346f,0.5517f,0.2534f,-0.1837f,0f,0f,0f,1f],start_interpolation: 0,interpolation_duration: 1}
$data merge entity $(left_arm) {transformation: [-0.9329f,0.0254f,-0.3593f,0.4086f,0.0858f,0.9845f,-0.1532f,5.7444f,0.3498f,-0.1737f,-0.9206f,-0.0445f,0f,0f,0f,1f],start_interpolation: 0,interpolation_duration: 1}
$data merge entity $(chest) {transformation: [-1.1927f,0.0325f,-0.4593f,-0.0625f,0.1097f,1.2587f,-0.1958f,3.9991f,0.4472f,-0.2221f,-1.177f,0.3922f,0f,0f,0f,1f],start_interpolation: 0,interpolation_duration: 1}
$data merge entity $(left_cheek) {transformation: [-0.8905f,-0.4253f,-0.1617f,-0.1376f,-0.3538f,0.8707f,-0.3417f,2.9683f,0.2862f,-0.2471f,-0.9258f,-0.4972f,0f,0f,0f,1f],start_interpolation: 0,interpolation_duration: 1}
$data merge entity $(left_foot) {transformation: [-0.805f,0.0693f,-0.6264f,1.4194f,-0.0034f,1.0157f,0.1167f,-3.8037f,0.6302f,0.094f,-0.7995f,-1.7496f,0f,0f,0f,1f],start_interpolation: 0,interpolation_duration: 1}
$data merge entity $(left_knee) {transformation: [-2.5386f,0.153f,-1.6686f,1.6358f,-0.8667f,2.4724f,1.5454f,-0.2937f,1.434f,1.7652f,-2.0198f,0.5697f,0f,0f,0f,1f],start_interpolation: 0,interpolation_duration: 1}
$data merge entity $(left_leg) {transformation: [-1.4338f,-0.7184f,-0.616f,0.4432f,-0.4895f,1.52f,-0.6334f,2.1397f,0.8099f,-0.3531f,-1.4733f,0.0808f,0f,0f,0f,1f],start_interpolation: 0,interpolation_duration: 1}
$data merge entity $(right_cheek) {transformation: [-0.8685f,0.1284f,-0.4788f,-0.7065f,0.372f,0.8071f,-0.4584f,2.834f,0.3276f,-0.5762f,-0.7488f,-0.2921f,0f,0f,0f,1f],start_interpolation: 0,interpolation_duration: 1}
$data merge entity $(right_foot) {transformation: [-0.9788f,-0.0331f,0.2936f,-2.0923f,-0.0323f,1.0218f,0.0073f,-3.9521f,-0.2936f,-0.0023f,-0.9793f,1.9552f,0f,0f,0f,1f],start_interpolation: 0,interpolation_duration: 1}
$data merge entity $(right_knee) {transformation: [-2.9288f,0.3927f,0.7211f,-1.6033f,0.4953f,2.9755f,0.3914f,0.1963f,-0.6549f,0.4943f,-2.929f,2.5006f,0f,0f,0f,1f],start_interpolation: 0,interpolation_duration: 1}
$data merge entity $(right_leg) {transformation: [-1.6542f,0.4583f,0.0713f,-0.8025f,0.2797f,1.1965f,-1.2006f,2.1367f,-0.3699f,-1.1444f,-1.2267f,0.7185f,0f,0f,0f,1f],start_interpolation: 0,interpolation_duration: 1}
$data merge entity $(weist) {transformation: [-1.4441f,0.0246f,-0.7389f,-0.2081f,-0.0034f,1.6212f,0.0606f,3.7921f,0.7393f,0.0554f,-1.443f,0.3515f,0f,0f,0f,1f],start_interpolation: 0,interpolation_duration: 1}
data modify storage animated_java:temp entry.data merge value {"locators":{"consume":{"px":-3.8837566919,"py":5.7438546952,"pz":2.4199274805,"ry":138.7225568899,"rx":-33.6022189357}}}
# Data Manager: Prepare for Read / Write
execute store result storage animated_java:temp args.id int 1 run scoreboard players get @s aj.id
# Data Manager: Write
function animated_java:global/data_manager/write with storage animated_java:temp args