# This file was generated by Animated Java via MC-Build. It is not recommended to edit this file directly.
$data merge entity $(neck) {transformation: [-0.9328f,0.0282f,-0.3593f,-0.0275f,0.0882f,0.9845f,-0.1517f,5.8084f,0.3494f,-0.1732f,-0.9208f,0.0598f,0f,0f,0f,1f],start_interpolation: 0,interpolation_duration: 1}
$data merge entity $(right_thumb_2) {transformation: [-0.8165f,0.1947f,0.5435f,-4.0652f,-0.5397f,-0.5914f,-0.5991f,5.6607f,0.2048f,-0.7825f,0.588f,1.8587f,0f,0f,0f,1f],start_interpolation: 0,interpolation_duration: 1}
$data merge entity $(right_thumb) {transformation: [-0.8165f,0.4562f,0.3537f,-4.0444f,-0.5397f,-0.8207f,-0.1875f,5.3193f,0.2048f,-0.344f,0.9164f,1.7655f,0f,0f,0f,1f],start_interpolation: 0,interpolation_duration: 1}
$data merge entity $(right_fingers2) {transformation: [0.34f,-0.7806f,0.5244f,-4.0753f,0.8383f,-0.0012f,-0.5452f,5.8183f,0.4262f,0.625f,0.654f,2.3294f,0f,0f,0f,1f],start_interpolation: 0,interpolation_duration: 1}
$data merge entity $(right_fingers) {transformation: [-0.6885f,-0.5009f,0.5244f,-4.2336f,0.1803f,-0.8187f,-0.5452f,5.5861f,0.7024f,-0.2809f,0.654f,2.274f,0f,0f,0f,1f],start_interpolation: 0,interpolation_duration: 1}
$data merge entity $(scout) {transformation: [0f,0f,0f,-4.0221f,0f,0f,0f,5.5949f,0f,0f,0f,2.2748f,0f,0f,0f,1f],start_interpolation: 0,interpolation_duration: 1}
$data merge entity $(right_hand) {transformation: [-0.8165f,0.2413f,0.5244f,-4.0581f,-0.5397f,-0.6414f,-0.5452f,5.1707f,0.2048f,-0.7283f,0.654f,1.8546f,0f,0f,0f,1f],start_interpolation: 0,interpolation_duration: 1}
$data merge entity $(right_forearm) {transformation: [-0.8613f,0.9945f,0.4079f,-2.5098f,-0.8722f,-0.3411f,-1.01f,4.6566f,-0.6282f,-0.8898f,0.843f,0.5713f,0f,0f,0f,1f],start_interpolation: 0,interpolation_duration: 1}
$data merge entity $(right_shoulder) {transformation: [-0.4197f,1.2228f,0.6917f,-0.9566f,0.1507f,0.7569f,-1.2467f,5.5891f,-1.3968f,-0.2858f,-0.3423f,0.5154f,0f,0f,0f,1f],start_interpolation: 0,interpolation_duration: 1}
$data merge entity $(right_arm) {transformation: [-0.9328f,0.0282f,-0.3593f,-0.4254f,0.0882f,0.9845f,-0.1517f,5.8233f,0.3494f,-0.1732f,-0.9208f,0.2604f,0f,0f,0f,1f],start_interpolation: 0,interpolation_duration: 1}
$data merge entity $(left_thumb_2) {transformation: [-0.7603f,-0.6465f,-0.0639f,3.9518f,0.489f,-0.5047f,-0.7115f,5.2052f,0.4277f,-0.5722f,0.6998f,-1.3807f,0f,0f,0f,1f],start_interpolation: 0,interpolation_duration: 1}
$data merge entity $(left_thumb) {transformation: [-0.7603f,-0.5796f,0.2934f,3.8739f,0.489f,-0.8079f,-0.3289f,4.8774f,0.4277f,-0.1065f,0.8976f,-1.4911f,0f,0f,0f,1f],start_interpolation: 0,interpolation_duration: 1}
$data merge entity $(left_fingers2) {transformation: [-0.0089f,0.9999f,-0.0074f,4.255f,-0.747f,-0.0116f,-0.6648f,5.3036f,-0.6648f,-0.0004f,0.747f,-1.0001f,0f,0f,0f,1f],start_interpolation: 0,interpolation_duration: 1}
$data merge entity $(left_fingers) {transformation: [-0.9782f,0.2077f,-0.0074f,4.3418f,-0.1504f,-0.7318f,-0.6648f,5.0945f,-0.1435f,-0.6491f,0.747f,-1.1756f,0f,0f,0f,1f],start_interpolation: 0,interpolation_duration: 1}
$data merge entity $(left_hand) {transformation: [-0.7603f,-0.6496f,-0.0074f,3.9387f,0.489f,-0.5648f,-0.6648f,4.7207f,0.4277f,-0.509f,0.747f,-1.4531f,0f,0f,0f,1f],start_interpolation: 0,interpolation_duration: 1}
$data merge entity $(left_forearm) {transformation: [0.0055f,-1.3308f,0.3552f,1.9477f,0.6624f,-0.3089f,-1.1675f,4.2405f,1.2076f,0.1755f,0.6387f,-1.1154f,0f,0f,0f,1f],start_interpolation: 0,interpolation_duration: 1}
$data merge entity $(left_shoulder) {transformation: [0.5578f,-0.9595f,-0.9582f,0.9212f,-0.2028f,0.9654f,-1.0848f,5.4116f,1.3407f,0.5452f,0.2345f,-0.1879f,0f,0f,0f,1f],start_interpolation: 0,interpolation_duration: 1}
$data merge entity $(left_arm) {transformation: [-0.9328f,0.0282f,-0.3593f,0.4002f,0.0882f,0.9845f,-0.1517f,5.7452f,0.3494f,-0.1732f,-0.9208f,-0.0489f,0f,0f,0f,1f],start_interpolation: 0,interpolation_duration: 1}
$data merge entity $(chest) {transformation: [-1.1926f,0.0361f,-0.4593f,-0.076f,0.1128f,1.2587f,-0.1939f,4.001f,0.4467f,-0.2214f,-1.1773f,0.3866f,0f,0f,0f,1f],start_interpolation: 0,interpolation_duration: 1}
$data merge entity $(left_cheek) {transformation: [-0.8899f,-0.426f,-0.1632f,-0.1529f,-0.3539f,0.8704f,-0.3423f,2.9688f,0.2879f,-0.2468f,-0.9253f,-0.5015f,0f,0f,0f,1f],start_interpolation: 0,interpolation_duration: 1}
$data merge entity $(left_foot) {transformation: [-0.804f,0.0692f,-0.6278f,1.404f,-0.0033f,1.0157f,0.1161f,-3.8034f,0.6316f,0.0933f,-0.7985f,-1.7527f,0f,0f,0f,1f],start_interpolation: 0,interpolation_duration: 1}
$data merge entity $(left_knee) {transformation: [-2.536f,0.1553f,-1.6724f,1.6232f,-0.8666f,2.4734f,1.5438f,-0.2921f,1.4388f,1.7636f,-2.0179f,0.5643f,0f,0f,0f,1f],start_interpolation: 0,interpolation_duration: 1}
$data merge entity $(left_leg) {transformation: [-1.4323f,-0.7195f,-0.6183f,0.4291f,-0.4895f,1.5196f,-0.6344f,2.1407f,0.8126f,-0.3528f,-1.4719f,0.076f,0f,0f,0f,1f],start_interpolation: 0,interpolation_duration: 1}
$data merge entity $(right_cheek) {transformation: [-0.8685f,0.1286f,-0.4787f,-0.7198f,0.3722f,0.8069f,-0.4586f,2.8362f,0.3273f,-0.5765f,-0.7487f,-0.2965f,0f,0f,0f,1f],start_interpolation: 0,interpolation_duration: 1}
$data merge entity $(right_foot) {transformation: [-0.9787f,-0.0331f,0.2939f,-2.1068f,-0.0323f,1.0218f,0.0078f,-3.9495f,-0.294f,-0.0018f,-0.9792f,1.9479f,0f,0f,0f,1f],start_interpolation: 0,interpolation_duration: 1}
$data merge entity $(right_knee) {transformation: [-2.9286f,0.3924f,0.722f,-1.6183f,0.4955f,2.9753f,0.3929f,0.1987f,-0.6555f,0.4959f,-2.9286f,2.4956f,0f,0f,0f,1f],start_interpolation: 0,interpolation_duration: 1}
$data merge entity $(right_leg) {transformation: [-1.6541f,0.4586f,0.0713f,-0.8169f,0.2798f,1.1961f,-1.201f,2.1385f,-0.3702f,-1.1447f,-1.2264f,0.7131f,0f,0f,0f,1f],start_interpolation: 0,interpolation_duration: 1}
$data merge entity $(weist) {transformation: [-1.4445f,0.0253f,-0.7381f,-0.2216f,-0.0026f,1.6212f,0.0606f,3.7935f,0.7385f,0.0551f,-1.4435f,0.346f,0f,0f,0f,1f],start_interpolation: 0,interpolation_duration: 1}
data modify storage animated_java:temp entry.data merge value {"locators":{"consume":{"px":-4.0398413644,"py":5.7439450899,"pz":2.3543253176,"ry":141.2748134019,"rx":-33.0401230313}}}
# Data Manager: Prepare for Read / Write
execute store result storage animated_java:temp args.id int 1 run scoreboard players get @s aj.id
# Data Manager: Write
function animated_java:global/data_manager/write with storage animated_java:temp args