# This file was generated by Animated Java via MC-Build. It is not recommended to edit this file directly.
$data merge entity $(neck) {transformation: [-0.9344f,0.0292f,-0.355f,-0.0402f,0.0878f,0.9848f,-0.1501f,5.8098f,0.3452f,-0.1715f,-0.9227f,0.0493f,0f,0f,0f,1f],start_interpolation: 0,interpolation_duration: 1}
$data merge entity $(right_thumb_2) {transformation: [-0.8172f,0.2484f,0.5202f,-4.1554f,-0.5561f,-0.5774f,-0.5978f,5.662f,0.1519f,-0.7778f,0.6099f,1.7762f,0f,0f,0f,1f],start_interpolation: 0,interpolation_duration: 1}
$data merge entity $(right_thumb) {transformation: [-0.8172f,0.489f,0.3052f,-4.1236f,-0.5561f,-0.8082f,-0.194f,5.3223f,0.1519f,-0.3282f,0.9323f,1.68f,0f,0f,0f,1f],start_interpolation: 0,interpolation_duration: 1}
$data merge entity $(right_fingers2) {transformation: [0.301f,-0.8142f,0.4965f,-4.1945f,0.838f,-0.0227f,-0.5452f,5.813f,0.4552f,0.5802f,0.6754f,2.2476f,0f,0f,0f,1f],start_interpolation: 0,interpolation_duration: 1}
$data merge entity $(right_fingers) {transformation: [-0.7297f,-0.4701f,0.4965f,-4.3454f,0.1592f,-0.823f,-0.5452f,5.5789f,0.665f,-0.3188f,0.6754f,2.1804f,0f,0f,0f,1f],start_interpolation: 0,interpolation_duration: 1}
$data merge entity $(scout) {transformation: [0f,0f,0f,-4.1345f,0f,0f,0f,5.5912f,0f,0f,0f,2.1932f,0f,0f,0f,1f],start_interpolation: 0,interpolation_duration: 1}
$data merge entity $(right_hand) {transformation: [-0.8172f,0.2928f,0.4965f,-4.1396f,-0.5561f,-0.6273f,-0.5452f,5.1723f,0.1519f,-0.7216f,0.6754f,1.7663f,0f,0f,0f,1f],start_interpolation: 0,interpolation_duration: 1}
$data merge entity $(right_forearm) {transformation: [-0.8275f,1.034f,0.3782f,-2.5342f,-0.8756f,-0.3312f,-1.0103f,4.6731f,-0.6675f,-0.8474f,0.8564f,0.549f,0f,0f,0f,1f],start_interpolation: 0,interpolation_duration: 1}
$data merge entity $(right_shoulder) {transformation: [-0.407f,1.2325f,0.682f,-0.9714f,0.1466f,0.7431f,-1.2554f,5.59f,-1.401f,-0.2803f,-0.3295f,0.5003f,0f,0f,0f,1f],start_interpolation: 0,interpolation_duration: 1}
$data merge entity $(right_arm) {transformation: [-0.9344f,0.0292f,-0.355f,-0.439f,0.0878f,0.9848f,-0.1501f,5.8245f,0.3452f,-0.1715f,-0.9227f,0.2481f,0f,0f,0f,1f],start_interpolation: 0,interpolation_duration: 1}
$data merge entity $(left_thumb_2) {transformation: [-0.7691f,-0.6366f,-0.0568f,3.9688f,0.477f,-0.5124f,-0.7141f,5.2601f,0.4255f,-0.5763f,0.6978f,-1.3788f,0f,0f,0f,1f],start_interpolation: 0,interpolation_duration: 1}
$data merge entity $(left_thumb) {transformation: [-0.7691f,-0.5675f,0.2941f,3.8961f,0.477f,-0.8159f,-0.3269f,4.9316f,0.4255f,-0.1111f,0.8981f,-1.4903f,0f,0f,0f,1f],start_interpolation: 0,interpolation_duration: 1}
$data merge entity $(left_fingers2) {transformation: [0.0047f,1f,-0.0011f,4.2689f,-0.7453f,0.0028f,-0.6667f,5.362f,-0.6667f,0.004f,0.7453f,-0.9966f,0f,0f,0f,1f],start_interpolation: 0,interpolation_duration: 1}
$data merge entity $(left_fingers) {transformation: [-0.9753f,0.221f,-0.0011f,4.3593f,-0.164f,-0.7271f,-0.6667f,5.1545f,-0.1482f,-0.65f,0.7453f,-1.1722f,0f,0f,0f,1f],start_interpolation: 0,interpolation_duration: 1}
$data merge entity $(left_hand) {transformation: [-0.7691f,-0.6392f,-0.0011f,3.9629f,0.477f,-0.5727f,-0.6667f,4.7757f,0.4255f,-0.5133f,0.7453f,-1.4524f,0f,0f,0f,1f],start_interpolation: 0,interpolation_duration: 1}
$data merge entity $(left_forearm) {transformation: [-0.0016f,-1.3276f,0.3668f,1.9768f,0.6592f,-0.3228f,-1.1655f,4.2746f,1.2094f,0.1742f,0.6358f,-1.1166f,0f,0f,0f,1f],start_interpolation: 0,interpolation_duration: 1}
$data merge entity $(left_shoulder) {transformation: [0.5475f,-0.9905f,-0.9323f,0.9096f,-0.1961f,0.937f,-1.1106f,5.4132f,1.346f,0.5394f,0.2174f,-0.1946f,0f,0f,0f,1f],start_interpolation: 0,interpolation_duration: 1}
$data merge entity $(left_arm) {transformation: [-0.9344f,0.0292f,-0.355f,0.3881f,0.0878f,0.9848f,-0.1501f,5.7467f,0.3452f,-0.1715f,-0.9227f,-0.0574f,0f,0f,0f,1f],start_interpolation: 0,interpolation_duration: 1}
$data merge entity $(chest) {transformation: [-1.1947f,0.0374f,-0.4539f,-0.0905f,0.1123f,1.2591f,-0.1919f,4.0019f,0.4414f,-0.2192f,-1.1798f,0.3731f,0f,0f,0f,1f],start_interpolation: 0,interpolation_duration: 1}
$data merge entity $(left_cheek) {transformation: [-0.8896f,-0.4262f,-0.1641f,-0.1707f,-0.3538f,0.8703f,-0.3425f,2.9676f,0.2888f,-0.2467f,-0.9251f,-0.5134f,0f,0f,0f,1f],start_interpolation: 0,interpolation_duration: 1}
$data merge entity $(left_foot) {transformation: [-0.8034f,0.0693f,-0.6285f,1.385f,-0.0031f,1.0158f,0.1159f,-3.805f,0.6323f,0.093f,-0.798f,-1.7642f,0f,0f,0f,1f],start_interpolation: 0,interpolation_duration: 1}
$data merge entity $(left_knee) {transformation: [-2.5346f,0.1569f,-1.6743f,1.6065f,-0.8662f,2.4739f,1.5433f,-0.2931f,1.4414f,1.7628f,-2.0167f,0.5516f,0f,0f,0f,1f],start_interpolation: 0,interpolation_duration: 1}
$data merge entity $(left_leg) {transformation: [-1.4315f,-0.7198f,-0.6197f,0.4119f,-0.4893f,1.5196f,-0.6348f,2.1396f,0.8141f,-0.3525f,-1.4712f,0.0639f,0f,0f,0f,1f],start_interpolation: 0,interpolation_duration: 1}
$data merge entity $(right_cheek) {transformation: [-0.8682f,0.128f,-0.4794f,-0.738f,0.3719f,0.8074f,-0.458f,2.8386f,0.3285f,-0.5759f,-0.7486f,-0.308f,0f,0f,0f,1f],start_interpolation: 0,interpolation_duration: 1}
$data merge entity $(right_foot) {transformation: [-0.979f,-0.0332f,0.2929f,-2.1223f,-0.0321f,1.0218f,0.0087f,-3.9491f,-0.293f,-0.0008f,-0.9795f,1.9316f,0f,0f,0f,1f],start_interpolation: 0,interpolation_duration: 1}
$data merge entity $(right_knee) {transformation: [-2.9293f,0.3926f,0.719f,-1.6336f,0.4958f,2.9749f,0.3957f,0.1986f,-0.6522f,0.4982f,-2.9289f,2.4827f,0f,0f,0f,1f],start_interpolation: 0,interpolation_duration: 1}
$data merge entity $(right_leg) {transformation: [-1.6545f,0.4574f,0.0702f,-0.8341f,0.28f,1.1971f,-1.2f,2.14f,-0.3683f,-1.1442f,-1.2274f,0.7009f,0f,0f,0f,1f],start_interpolation: 0,interpolation_duration: 1}
$data merge entity $(weist) {transformation: [-1.4445f,0.028f,-0.738f,-0.2361f,0.0005f,1.6212f,0.0605f,3.7937f,0.7385f,0.0537f,-1.4435f,0.3324f,0f,0f,0f,1f],start_interpolation: 0,interpolation_duration: 1}
data modify storage animated_java:temp entry.data merge value {"locators":{"consume":{"px":-4.1592424098,"py":5.738860457,"pz":2.273510971,"ry":143.6781265309,"rx":-33.0406676306}}}
# Data Manager: Prepare for Read / Write
execute store result storage animated_java:temp args.id int 1 run scoreboard players get @s aj.id
# Data Manager: Write
function animated_java:global/data_manager/write with storage animated_java:temp args