# This file was generated by Animated Java via MC-Build. It is not recommended to edit this file directly.
$data merge entity $(neck) {transformation: [-0.9368f,0.029f,-0.3487f,-0.0544f,0.0859f,0.9851f,-0.1487f,5.8109f,0.3392f,-0.1692f,-0.9254f,0.0363f,0f,0f,0f,1f],start_interpolation: 0,interpolation_duration: 1}
$data merge entity $(right_thumb_2) {transformation: [-0.8145f,0.2699f,0.5136f,-4.1987f,-0.5648f,-0.5716f,-0.5952f,5.644f,0.133f,-0.7748f,0.618f,1.7209f,0f,0f,0f,1f],start_interpolation: 0,interpolation_duration: 1}
$data merge entity $(right_thumb) {transformation: [-0.8145f,0.5036f,0.2882f,-4.1615f,-0.5648f,-0.8019f,-0.1948f,5.305f,0.133f,-0.3214f,0.9375f,1.624f,0f,0f,0f,1f],start_interpolation: 0,interpolation_duration: 1}
$data merge entity $(right_fingers2) {transformation: [0.2833f,-0.8255f,0.4882f,-4.2489f,0.839f,-0.0333f,-0.5431f,5.7926f,0.4646f,0.5634f,0.6832f,2.192f,0f,0f,0f,1f],start_interpolation: 0,interpolation_duration: 1}
$data merge entity $(right_fingers) {transformation: [-0.7446f,-0.4552f,0.4882f,-4.396f,0.1491f,-0.8263f,-0.5431f,5.5573f,0.6506f,-0.3316f,0.6832f,2.1209f,0f,0f,0f,1f],start_interpolation: 0,interpolation_duration: 1}
$data merge entity $(scout) {transformation: [0f,0f,0f,-4.1855f,0f,0f,0f,5.5717f,0f,0f,0f,2.138f,0f,0f,0f,1f],start_interpolation: 0,interpolation_duration: 1}
$data merge entity $(right_hand) {transformation: [-0.8145f,0.3136f,0.4882f,-4.1777f,-0.5648f,-0.6213f,-0.5431f,5.1545f,0.133f,-0.718f,0.6832f,1.7094f,0f,0f,0f,1f],start_interpolation: 0,interpolation_duration: 1}
$data merge entity $(right_forearm) {transformation: [-0.8104f,1.05f,0.3713f,-2.5492f,-0.8805f,-0.3229f,-1.0088f,4.6682f,-0.682f,-0.8309f,0.8612f,0.5179f,0f,0f,0f,1f],start_interpolation: 0,interpolation_duration: 1}
$data merge entity $(right_shoulder) {transformation: [-0.3962f,1.2329f,0.6877f,-0.9883f,0.1442f,0.7459f,-1.2541f,5.5889f,-1.4043f,-0.2712f,-0.3227f,0.4806f,0f,0f,0f,1f],start_interpolation: 0,interpolation_duration: 1}
$data merge entity $(right_arm) {transformation: [-0.9368f,0.029f,-0.3487f,-0.4546f,0.0859f,0.9851f,-0.1487f,5.8246f,0.3392f,-0.1692f,-0.9254f,0.2325f,0f,0f,0f,1f],start_interpolation: 0,interpolation_duration: 1}
$data merge entity $(left_thumb_2) {transformation: [-0.7692f,-0.6361f,-0.0616f,3.9649f,0.4816f,-0.5135f,-0.7102f,5.2495f,0.4201f,-0.5759f,0.7013f,-1.3763f,0f,0f,0f,1f],start_interpolation: 0,interpolation_duration: 1}
$data merge entity $(left_thumb) {transformation: [-0.7692f,-0.5696f,0.2898f,3.8916f,0.4816f,-0.8147f,-0.3231f,4.9206f,0.4201f,-0.1089f,0.9009f,-1.4863f,0f,0f,0f,1f],start_interpolation: 0,interpolation_duration: 1}
$data merge entity $(left_fingers2) {transformation: [0.0049f,1f,-0.0059f,4.2639f,-0.7488f,-0.0003f,-0.6627f,5.3525f,-0.6627f,0.0077f,0.7488f,-0.9935f,0f,0f,0f,1f],start_interpolation: 0,interpolation_duration: 1}
$data merge entity $(left_fingers) {transformation: [-0.9752f,0.2212f,-0.0059f,4.3544f,-0.1618f,-0.7312f,-0.6627f,5.1438f,-0.1509f,-0.6454f,0.7488f,-1.1677f,0f,0f,0f,1f],start_interpolation: 0,interpolation_duration: 1}
$data merge entity $(left_hand) {transformation: [-0.7692f,-0.639f,-0.0059f,3.9578f,0.4816f,-0.5735f,-0.6627f,4.7647f,0.4201f,-0.5126f,0.7488f,-1.4473f,0f,0f,0f,1f],start_interpolation: 0,interpolation_duration: 1}
$data merge entity $(left_forearm) {transformation: [-0.0019f,-1.3295f,0.3599f,1.9686f,0.664f,-0.3162f,-1.1646f,4.2738f,1.2068f,0.1719f,0.6413f,-1.115f,0f,0f,0f,1f],start_interpolation: 0,interpolation_duration: 1}
$data merge entity $(left_shoulder) {transformation: [0.5399f,-0.9925f,-0.9344f,0.8974f,-0.1927f,0.9394f,-1.1091f,5.416f,1.3495f,0.5312f,0.2155f,-0.2022f,0f,0f,0f,1f],start_interpolation: 0,interpolation_duration: 1}
$data merge entity $(left_arm) {transformation: [-0.9368f,0.029f,-0.3487f,0.3746f,0.0859f,0.9851f,-0.1487f,5.7486f,0.3392f,-0.1692f,-0.9254f,-0.0677f,0f,0f,0f,1f],start_interpolation: 0,interpolation_duration: 1}
$data merge entity $(chest) {transformation: [-1.1977f,0.0371f,-0.4458f,-0.1045f,0.1098f,1.2596f,-0.1901f,4.0022f,0.4337f,-0.2164f,-1.1831f,0.356f,0f,0f,0f,1f],start_interpolation: 0,interpolation_duration: 1}
$data merge entity $(left_cheek) {transformation: [-0.8895f,-0.4262f,-0.1645f,-0.1885f,-0.3537f,0.8704f,-0.3426f,2.9654f,0.2892f,-0.2465f,-0.925f,-0.5286f,0f,0f,0f,1f],start_interpolation: 0,interpolation_duration: 1}
$data merge entity $(left_foot) {transformation: [-0.8031f,0.0695f,-0.6288f,1.3654f,-0.0029f,1.0158f,0.116f,-3.8075f,0.6327f,0.0929f,-0.7977f,-1.7797f,0f,0f,0f,1f],start_interpolation: 0,interpolation_duration: 1}
$data merge entity $(left_knee) {transformation: [-2.5341f,0.1582f,-1.6749f,1.5885f,-0.8657f,2.474f,1.5434f,-0.2955f,1.4425f,1.7626f,-2.0161f,0.5358f,0f,0f,0f,1f],start_interpolation: 0,interpolation_duration: 1}
$data merge entity $(left_leg) {transformation: [-1.4313f,-0.7197f,-0.6204f,0.3942f,-0.489f,1.5197f,-0.6348f,2.1373f,0.8147f,-0.3523f,-1.4709f,0.0485f,0f,0f,0f,1f],start_interpolation: 0,interpolation_duration: 1}
$data merge entity $(right_cheek) {transformation: [-0.8677f,0.1269f,-0.4806f,-0.7576f,0.3713f,0.8082f,-0.457f,2.8409f,0.3304f,-0.575f,-0.7485f,-0.3228f,0f,0f,0f,1f],start_interpolation: 0,interpolation_duration: 1}
$data merge entity $(right_foot) {transformation: [-0.9794f,-0.0333f,0.2913f,-2.1372f,-0.0318f,1.0218f,0.0098f,-3.9499f,-0.2914f,0.0003f,-0.98f,1.9115f,0f,0f,0f,1f],start_interpolation: 0,interpolation_duration: 1}
$data merge entity $(right_knee) {transformation: [-2.9305f,0.3932f,0.7142f,-1.648f,0.4963f,2.9744f,0.3989f,0.1972f,-0.6468f,0.5008f,-2.9297f,2.4662f,0f,0f,0f,1f],start_interpolation: 0,interpolation_duration: 1}
$data merge entity $(right_leg) {transformation: [-1.6551f,0.4553f,0.0684f,-0.8517f,0.2803f,1.1988f,-1.1982f,2.1412f,-0.3653f,-1.1432f,-1.2292f,0.6859f,0f,0f,0f,1f],start_interpolation: 0,interpolation_duration: 1}
$data merge entity $(weist) {transformation: [-1.4443f,0.0315f,-0.7383f,-0.2501f,0.0045f,1.6212f,0.0605f,3.7932f,0.7389f,0.0519f,-1.4434f,0.3154f,0f,0f,0f,1f],start_interpolation: 0,interpolation_duration: 1}
data modify storage animated_java:temp entry.data merge value {"locators":{"consume":{"px":-4.2133629413,"py":5.7187441903,"pz":2.2183606099,"ry":144.45270246,"rx":-32.8947449733}}}
# Data Manager: Prepare for Read / Write
execute store result storage animated_java:temp args.id int 1 run scoreboard players get @s aj.id
# Data Manager: Write
function animated_java:global/data_manager/write with storage animated_java:temp args