# This file was generated by Animated Java via MC-Build. It is not recommended to edit this file directly.
$data merge entity $(neck) {transformation: [-0.9391f,0.0285f,-0.3425f,-0.0674f,0.0836f,0.9855f,-0.1474f,5.8119f,0.3333f,-0.1671f,-0.9279f,0.0241f,0f,0f,0f,1f],start_interpolation: 0,interpolation_duration: 1}
$data merge entity $(right_thumb_2) {transformation: [-0.8036f,0.2885f,0.5206f,-4.2331f,-0.5815f,-0.5671f,-0.5834f,5.5997f,0.1269f,-0.7715f,0.6235f,1.6791f,0f,0f,0f,1f],start_interpolation: 0,interpolation_duration: 1}
$data merge entity $(right_thumb) {transformation: [-0.8036f,0.523f,0.2841f,-4.188f,-0.5815f,-0.7917f,-0.1873f,5.2614f,0.1269f,-0.3157f,0.9403f,1.5831f,0f,0f,0f,1f],start_interpolation: 0,interpolation_duration: 1}
$data merge entity $(right_fingers2) {transformation: [0.2617f,-0.8295f,0.4935f,-4.2904f,0.8455f,-0.0496f,-0.5317f,5.7479f,0.4655f,0.5563f,0.6883f,2.1495f,0f,0f,0f,1f],start_interpolation: 0,interpolation_duration: 1}
$data merge entity $(right_fingers) {transformation: [-0.7532f,-0.435f,0.4935f,-4.432f,0.1346f,-0.8362f,-0.5317f,5.5095f,0.6439f,-0.3341f,0.6883f,2.0775f,0f,0f,0f,1f],start_interpolation: 0,interpolation_duration: 1}
$data merge entity $(scout) {transformation: [0f,0f,0f,-4.222f,0f,0f,0f,5.5283f,0f,0f,0f,2.0964f,0f,0f,0f,1f],start_interpolation: 0,interpolation_duration: 1}
$data merge entity $(right_hand) {transformation: [-0.8036f,0.3327f,0.4935f,-4.2018f,-0.5815f,-0.6158f,-0.5317f,5.1107f,0.1269f,-0.7142f,0.6883f,1.6686f,0f,0f,0f,1f],start_interpolation: 0,interpolation_duration: 1}
$data merge entity $(right_forearm) {transformation: [-0.7888f,1.0624f,0.3823f,-2.5551f,-0.8969f,-0.3062f,-0.9995f,4.6505f,-0.686f,-0.8213f,0.8672f,0.4918f,0f,0f,0f,1f],start_interpolation: 0,interpolation_duration: 1}
$data merge entity $(right_shoulder) {transformation: [-0.3867f,1.227f,0.7034f,-1.0038f,0.133f,0.7575f,-1.2483f,5.5874f,-1.408f,-0.2654f,-0.3111f,0.462f,0f,0f,0f,1f],start_interpolation: 0,interpolation_duration: 1}
$data merge entity $(right_arm) {transformation: [-0.9391f,0.0285f,-0.3425f,-0.4688f,0.0836f,0.9855f,-0.1474f,5.8245f,0.3333f,-0.1671f,-0.9279f,0.2178f,0f,0f,0f,1f],start_interpolation: 0,interpolation_duration: 1}
$data merge entity $(left_thumb_2) {transformation: [-0.7632f,-0.6417f,-0.0761f,3.9592f,0.5009f,-0.5131f,-0.6971f,5.1945f,0.4083f,-0.5701f,0.713f,-1.3802f,0f,0f,0f,1f],start_interpolation: 0,interpolation_duration: 1}
$data merge entity $(left_thumb) {transformation: [-0.7632f,-0.5821f,0.2806f,3.8811f,0.5009f,-0.8072f,-0.3122f,4.8649f,0.4083f,-0.0977f,0.9076f,-1.485f,0f,0f,0f,1f],start_interpolation: 0,interpolation_duration: 1}
$data merge entity $(left_fingers2) {transformation: [-0.0042f,0.9998f,-0.0198f,4.2581f,-0.76f,-0.0161f,-0.6497f,5.2991f,-0.6499f,0.0123f,0.7599f,-0.9978f,0f,0f,0f,1f],start_interpolation: 0,interpolation_duration: 1}
$data merge entity $(left_fingers) {transformation: [-0.977f,0.2123f,-0.0198f,4.346f,-0.1488f,-0.7455f,-0.6497f,5.0861f,-0.1527f,-0.6318f,0.7599f,-1.168f,0f,0f,0f,1f],start_interpolation: 0,interpolation_duration: 1}
$data merge entity $(left_hand) {transformation: [-0.7632f,-0.6459f,-0.0198f,3.9446f,0.5009f,-0.5719f,-0.6497f,4.7087f,0.4083f,-0.5058f,0.7599f,-1.443f,0f,0f,0f,1f],start_interpolation: 0,interpolation_duration: 1}
$data merge entity $(left_forearm) {transformation: [0.0075f,-1.3346f,0.3406f,1.9475f,0.6822f,-0.2923f,-1.1603f,4.2547f,1.1965f,0.175f,0.6594f,-1.1057f,0f,0f,0f,1f],start_interpolation: 0,interpolation_duration: 1}
$data merge entity $(left_shoulder) {transformation: [0.5368f,-0.9839f,-0.9454f,0.8866f,-0.1803f,0.9558f,-1.0971f,5.419f,1.3525f,0.5179f,0.229f,-0.209f,0f,0f,0f,1f],start_interpolation: 0,interpolation_duration: 1}
$data merge entity $(left_arm) {transformation: [-0.9391f,0.0285f,-0.3425f,0.3624f,0.0836f,0.9855f,-0.1474f,5.7504f,0.3333f,-0.1671f,-0.9279f,-0.0773f,0f,0f,0f,1f],start_interpolation: 0,interpolation_duration: 1}
$data merge entity $(chest) {transformation: [-1.2007f,0.0364f,-0.4378f,-0.1165f,0.1069f,1.26f,-0.1885f,4.0025f,0.4261f,-0.2136f,-1.1864f,0.3399f,0f,0f,0f,1f],start_interpolation: 0,interpolation_duration: 1}
$data merge entity $(left_cheek) {transformation: [-0.8896f,-0.4261f,-0.1648f,-0.204f,-0.3535f,0.8705f,-0.3425f,2.9632f,0.2894f,-0.2464f,-0.9249f,-0.543f,0f,0f,0f,1f],start_interpolation: 0,interpolation_duration: 1}
$data merge entity $(left_foot) {transformation: [-0.803f,0.0697f,-0.629f,1.3482f,-0.0028f,1.0157f,0.1161f,-3.81f,0.6328f,0.0929f,-0.7976f,-1.7946f,0f,0f,0f,1f],start_interpolation: 0,interpolation_duration: 1}
$data merge entity $(left_knee) {transformation: [-2.534f,0.1591f,-1.6751f,1.5726f,-0.8652f,2.4739f,1.5438f,-0.2981f,1.4431f,1.7626f,-2.0157f,0.5209f,0f,0f,0f,1f],start_interpolation: 0,interpolation_duration: 1}
$data merge entity $(left_leg) {transformation: [-1.4312f,-0.7194f,-0.6209f,0.3786f,-0.4887f,1.5198f,-0.6346f,2.135f,0.8151f,-0.3521f,-1.4708f,0.0339f,0f,0f,0f,1f],start_interpolation: 0,interpolation_duration: 1}
$data merge entity $(right_cheek) {transformation: [-0.8673f,0.1259f,-0.4817f,-0.7755f,0.3707f,0.8091f,-0.4561f,2.8426f,0.3323f,-0.5741f,-0.7483f,-0.3371f,0f,0f,0f,1f],start_interpolation: 0,interpolation_duration: 1}
$data merge entity $(right_foot) {transformation: [-0.9799f,-0.0334f,0.2896f,-2.15f,-0.0316f,1.0218f,0.0108f,-3.951f,-0.2898f,0.0014f,-0.9804f,1.8926f,0f,0f,0f,1f],start_interpolation: 0,interpolation_duration: 1}
$data merge entity $(right_knee) {transformation: [-2.9316f,0.3938f,0.7092f,-1.6602f,0.4967f,2.9739f,0.4019f,0.1956f,-0.6414f,0.5032f,-2.9305f,2.4506f,0f,0f,0f,1f],start_interpolation: 0,interpolation_duration: 1}
$data merge entity $(right_leg) {transformation: [-1.6557f,0.4533f,0.0666f,-0.867f,0.2805f,1.2004f,-1.1965f,2.1421f,-0.3623f,-1.1423f,-1.231f,0.6718f,0f,0f,0f,1f],start_interpolation: 0,interpolation_duration: 1}
$data merge entity $(weist) {transformation: [-1.444f,0.035f,-0.7387f,-0.2621f,0.0083f,1.6212f,0.0606f,3.7925f,0.7394f,0.0501f,-1.4432f,0.2993f,0f,0f,0f,1f],start_interpolation: 0,interpolation_duration: 1}
data modify storage animated_java:temp entry.data merge value {"locators":{"consume":{"px":-4.2536264129,"py":5.6748702901,"pz":2.1762478614,"ry":144.3638617055,"rx":-32.1209818309}}}
# Data Manager: Prepare for Read / Write
execute store result storage animated_java:temp args.id int 1 run scoreboard players get @s aj.id
# Data Manager: Write
function animated_java:global/data_manager/write with storage animated_java:temp args