# This file was generated by Animated Java via MC-Build. It is not recommended to edit this file directly.
$data merge entity $(neck) {transformation: [-0.9405f,0.0283f,-0.3385f,-0.0763f,0.0824f,0.9858f,-0.1465f,5.8129f,0.3296f,-0.1657f,-0.9295f,0.0162f,0f,0f,0f,1f],start_interpolation: 0,interpolation_duration: 1}
$data merge entity $(right_thumb_2) {transformation: [-0.7895f,0.3017f,0.5345f,-4.2525f,-0.5999f,-0.5638f,-0.5677f,5.5469f,0.1301f,-0.7688f,0.6261f,1.6594f,0f,0f,0f,1f],start_interpolation: 0,interpolation_duration: 1}
$data merge entity $(right_thumb) {transformation: [-0.7895f,0.5417f,0.2887f,-4.1994f,-0.5999f,-0.7805f,-0.1759f,5.2093f,0.1301f,-0.312f,0.9411f,1.5651f,0f,0f,0f,1f],start_interpolation: 0,interpolation_duration: 1}
$data merge entity $(right_fingers2) {transformation: [0.2415f,-0.8279f,0.5062f,-4.3133f,0.8537f,-0.0667f,-0.5164f,5.696f,0.4613f,0.5569f,0.6907f,2.1291f,0f,0f,0f,1f],start_interpolation: 0,interpolation_duration: 1}
$data merge entity $(right_fingers) {transformation: [-0.756f,-0.415f,0.5062f,-4.4492f,0.1197f,-0.8479f,-0.5164f,5.454f,0.6435f,-0.3298f,0.6907f,2.0583f,0f,0f,0f,1f],start_interpolation: 0,interpolation_duration: 1}
$data merge entity $(scout) {transformation: [0f,0f,0f,-4.2397f,0f,0f,0f,5.4778f,0f,0f,0f,2.077f,0f,0f,0f,1f],start_interpolation: 0,interpolation_duration: 1}
$data merge entity $(right_hand) {transformation: [-0.7895f,0.3471f,0.5062f,-4.2096f,-0.5999f,-0.6111f,-0.5164f,5.0588f,0.1301f,-0.7113f,0.6907f,1.6513f,0f,0f,0f,1f],start_interpolation: 0,interpolation_duration: 1}
$data merge entity $(right_forearm) {transformation: [-0.7685f,1.0696f,0.4031f,-2.5522f,-0.9172f,-0.2873f,-0.9866f,4.6284f,-0.6821f,-0.8189f,0.8725f,0.4782f,0f,0f,0f,1f],start_interpolation: 0,interpolation_duration: 1}
$data merge entity $(right_shoulder) {transformation: [-0.3814f,1.2175f,0.7225f,-1.0142f,0.1182f,0.7731f,-1.2403f,5.587f,-1.4108f,-0.2644f,-0.2993f,0.4498f,0f,0f,0f,1f],start_interpolation: 0,interpolation_duration: 1}
$data merge entity $(right_arm) {transformation: [-0.9405f,0.0283f,-0.3385f,-0.4785f,0.0824f,0.9858f,-0.1465f,5.8249f,0.3296f,-0.1657f,-0.9295f,0.2081f,0f,0f,0f,1f],start_interpolation: 0,interpolation_duration: 1}
$data merge entity $(left_thumb_2) {transformation: [-0.7516f,-0.6528f,-0.0945f,3.95f,0.5285f,-0.5102f,-0.6785f,5.1083f,0.3947f,-0.5599f,0.7285f,-1.3889f,0f,0f,0f,1f],start_interpolation: 0,interpolation_duration: 1}
$data merge entity $(left_thumb) {transformation: [-0.7516f,-0.6014f,0.271f,3.8641f,0.5285f,-0.7949f,-0.2981f,4.7784f,0.3947f,-0.0808f,0.9152f,-1.4863f,0f,0f,0f,1f],start_interpolation: 0,interpolation_duration: 1}
$data merge entity $(left_fingers2) {transformation: [-0.0214f,0.9991f,-0.0373f,4.2506f,-0.7744f,-0.0401f,-0.6315f,5.2143f,-0.6324f,0.0154f,0.7745f,-1.0082f,0f,0f,0f,1f],start_interpolation: 0,interpolation_duration: 1}
$data merge entity $(left_fingers) {transformation: [-0.98f,0.1954f,-0.0373f,4.3336f,-0.1284f,-0.7647f,-0.6315f,4.9954f,-0.1519f,-0.6141f,0.7745f,-1.1733f,0f,0f,0f,1f],start_interpolation: 0,interpolation_duration: 1}
$data merge entity $(left_hand) {transformation: [-0.7516f,-0.6586f,-0.0373f,3.9237f,0.5285f,-0.5674f,-0.6315f,4.6216f,0.3947f,-0.4943f,0.7745f,-1.4407f,0f,0f,0f,1f],start_interpolation: 0,interpolation_duration: 1}
$data merge entity $(left_forearm) {transformation: [0.0256f,-1.3408f,0.3141f,1.917f,0.707f,-0.2567f,-1.1538f,4.2224f,1.1818f,0.1827f,0.6835f,-1.0915f,0f,0f,0f,1f],start_interpolation: 0,interpolation_duration: 1}
$data merge entity $(left_shoulder) {transformation: [0.5382f,-0.9657f,-0.9631f,0.8791f,-0.1642f,0.982f,-1.0763f,5.4212f,1.354f,0.5029f,0.2523f,-0.2135f,0f,0f,0f,1f],start_interpolation: 0,interpolation_duration: 1}
$data merge entity $(left_arm) {transformation: [-0.9405f,0.0283f,-0.3385f,0.354f,0.0824f,0.9858f,-0.1465f,5.752f,0.3296f,-0.1657f,-0.9295f,-0.0836f,0f,0f,0f,1f],start_interpolation: 0,interpolation_duration: 1}
$data merge entity $(chest) {transformation: [-1.2025f,0.0361f,-0.4328f,-0.125f,0.1053f,1.2604f,-0.1873f,4.0031f,0.4213f,-0.2118f,-1.1884f,0.3294f,0f,0f,0f,1f],start_interpolation: 0,interpolation_duration: 1}
$data merge entity $(left_cheek) {transformation: [-0.8895f,-0.426f,-0.1651f,-0.2149f,-0.3534f,0.8705f,-0.3425f,2.9618f,0.2896f,-0.2463f,-0.9249f,-0.5524f,0f,0f,0f,1f],start_interpolation: 0,interpolation_duration: 1}
$data merge entity $(left_foot) {transformation: [-0.8028f,0.0699f,-0.6292f,1.3362f,-0.0027f,1.0157f,0.1162f,-3.8116f,0.6331f,0.0929f,-0.7974f,-1.8043f,0f,0f,0f,1f],start_interpolation: 0,interpolation_duration: 1}
$data merge entity $(left_knee) {transformation: [-2.5337f,0.1598f,-1.6754f,1.5616f,-0.8649f,2.4739f,1.544f,-0.2996f,1.4438f,1.7625f,-2.0153f,0.5112f,0f,0f,0f,1f],start_interpolation: 0,interpolation_duration: 1}
$data merge entity $(left_leg) {transformation: [-1.431f,-0.7194f,-0.6213f,0.3678f,-0.4885f,1.5199f,-0.6346f,2.1336f,0.8154f,-0.3519f,-1.4706f,0.0244f,0f,0f,0f,1f],start_interpolation: 0,interpolation_duration: 1}
$data merge entity $(right_cheek) {transformation: [-0.867f,0.1252f,-0.4824f,-0.7881f,0.3703f,0.8096f,-0.4554f,2.8433f,0.3335f,-0.5735f,-0.7482f,-0.3473f,0f,0f,0f,1f],start_interpolation: 0,interpolation_duration: 1}
$data merge entity $(right_foot) {transformation: [-0.9802f,-0.0334f,0.2886f,-2.1591f,-0.0315f,1.0218f,0.0115f,-3.9516f,-0.2888f,0.0021f,-0.9807f,1.8801f,0f,0f,0f,1f],start_interpolation: 0,interpolation_duration: 1}
$data merge entity $(right_knee) {transformation: [-2.9323f,0.3942f,0.7062f,-1.6689f,0.497f,2.9736f,0.4039f,0.1947f,-0.638f,0.5047f,-2.9309f,2.4405f,0f,0f,0f,1f],start_interpolation: 0,interpolation_duration: 1}
$data merge entity $(right_leg) {transformation: [-1.6561f,0.4521f,0.0655f,-0.8777f,0.2807f,1.2015f,-1.1954f,2.1429f,-0.3604f,-1.1417f,-1.2321f,0.6625f,0f,0f,0f,1f],start_interpolation: 0,interpolation_duration: 1}
$data merge entity $(weist) {transformation: [-1.4438f,0.0372f,-0.7389f,-0.2706f,0.0108f,1.6212f,0.0606f,3.7921f,0.7397f,0.049f,-1.443f,0.2887f,0f,0f,0f,1f],start_interpolation: 0,interpolation_duration: 1}
data modify storage animated_java:temp entry.data merge value {"locators":{"consume":{"px":-4.2747527128,"py":5.6240038971,"pz":2.1562173245,"ry":143.7628567109,"rx":-31.0916381166}}}
# Data Manager: Prepare for Read / Write
execute store result storage animated_java:temp args.id int 1 run scoreboard players get @s aj.id
# Data Manager: Write
function animated_java:global/data_manager/write with storage animated_java:temp args