# This file was generated by Animated Java via MC-Build. It is not recommended to edit this file directly.
$data merge entity $(neck) {transformation: [-0.9404f,0.0264f,-0.339f,-0.0811f,0.0828f,0.9848f,-0.1528f,5.8064f,0.3298f,-0.1718f,-0.9283f,0.0183f,0f,0f,0f,1f],start_interpolation: 0,interpolation_duration: 1}
$data merge entity $(right_thumb_2) {transformation: [-0.7752f,0.309f,0.551f,-4.254f,-0.6154f,-0.5659f,-0.5486f,5.4944f,0.1423f,-0.7644f,0.6289f,1.6751f,0f,0f,0f,1f],start_interpolation: 0,interpolation_duration: 1}
$data merge entity $(right_thumb) {transformation: [-0.7752f,0.5566f,0.2987f,-4.1941f,-0.6154f,-0.7721f,-0.1586f,5.157f,0.1423f,-0.3068f,0.9411f,1.5842f,0f,0f,0f,1f],start_interpolation: 0,interpolation_duration: 1}
$data merge entity $(right_fingers2) {transformation: [0.2257f,-0.8226f,0.5219f,-4.3149f,0.8641f,-0.0784f,-0.4972f,5.6476f,0.4499f,0.5632f,0.6931f,2.1434f,0f,0f,0f,1f],start_interpolation: 0,interpolation_duration: 1}
$data merge entity $(right_fingers) {transformation: [-0.7542f,-0.3984f,0.5219f,-4.4459f,0.1105f,-0.8606f,-0.4972f,5.4018f,0.6473f,-0.3173f,0.6931f,2.0763f,0f,0f,0f,1f],start_interpolation: 0,interpolation_duration: 1}
$data merge entity $(scout) {transformation: [0f,0f,0f,-4.2369f,0f,0f,0f,5.4305f,0f,0f,0f,2.0934f,0f,0f,0f,1f],start_interpolation: 0,interpolation_duration: 1}
$data merge entity $(right_hand) {transformation: [-0.7752f,0.3558f,0.5219f,-4.2004f,-0.6154f,-0.6116f,-0.4972f,5.0073f,0.1423f,-0.7067f,0.6931f,1.6722f,0f,0f,0f,1f],start_interpolation: 0,interpolation_duration: 1}
$data merge entity $(right_forearm) {transformation: [-0.7527f,1.071f,0.4283f,-2.5406f,-0.9407f,-0.274f,-0.9681f,4.5986f,-0.6676f,-0.8216f,0.8812f,0.4948f,0f,0f,0f,1f],start_interpolation: 0,interpolation_duration: 1}
$data merge entity $(right_shoulder) {transformation: [-0.3837f,1.2047f,0.7424f,-1.0183f,0.0949f,0.7894f,-1.2319f,5.5816f,-1.412f,-0.2743f,-0.2846f,0.4541f,0f,0f,0f,1f],start_interpolation: 0,interpolation_duration: 1}
$data merge entity $(right_arm) {transformation: [-0.9404f,0.0264f,-0.339f,-0.4832f,0.0828f,0.9848f,-0.1528f,5.8189f,0.3298f,-0.1718f,-0.9283f,0.2106f,0f,0f,0f,1f],start_interpolation: 0,interpolation_duration: 1}
$data merge entity $(left_thumb_2) {transformation: [-0.7364f,-0.6677f,-0.1088f,3.9338f,0.5586f,-0.5094f,-0.6546f,4.9992f,0.3817f,-0.5429f,0.7481f,-1.3973f,0f,0f,0f,1f],start_interpolation: 0,interpolation_duration: 1}
$data merge entity $(left_thumb) {transformation: [-0.7364f,-0.6216f,0.267f,3.8393f,0.5586f,-0.7813f,-0.2784f,4.669f,0.3817f,-0.0559f,0.9226f,-1.4849f,0f,0f,0f,1f],start_interpolation: 0,interpolation_duration: 1}
$data merge entity $(left_fingers2) {transformation: [-0.0434f,0.9978f,-0.0502f,4.2385f,-0.7915f,-0.0651f,-0.6077f,5.1085f,-0.6097f,0.0134f,0.7925f,-1.0209f,0f,0f,0f,1f],start_interpolation: 0,interpolation_duration: 1}
$data merge entity $(left_fingers) {transformation: [-0.9835f,0.1735f,-0.0502f,4.3153f,-0.1078f,-0.7868f,-0.6077f,4.8829f,-0.145f,-0.5923f,0.7925f,-1.1797f,0f,0f,0f,1f],start_interpolation: 0,interpolation_duration: 1}
$data merge entity $(left_hand) {transformation: [-0.7364f,-0.6746f,-0.0502f,3.895f,0.5586f,-0.5645f,-0.6077f,4.5121f,0.3817f,-0.4756f,0.7925f,-1.4349f,0f,0f,0f,1f],start_interpolation: 0,interpolation_duration: 1}
$data merge entity $(left_forearm) {transformation: [0.0503f,-1.3456f,0.2895f,1.8812f,0.7389f,-0.218f,-1.1418f,4.1729f,1.1613f,0.1971f,0.7139f,-1.0639f,0f,0f,0f,1f],start_interpolation: 0,interpolation_duration: 1}
$data merge entity $(left_shoulder) {transformation: [0.5459f,-0.9416f,-0.9824f,0.8748f,-0.1397f,1.0141f,-1.0497f,5.415f,1.3536f,0.4844f,0.2879f,-0.2097f,0f,0f,0f,1f],start_interpolation: 0,interpolation_duration: 1}
$data merge entity $(left_arm) {transformation: [-0.9404f,0.0264f,-0.339f,0.3492f,0.0828f,0.9848f,-0.1528f,5.7457f,0.3298f,-0.1718f,-0.9283f,-0.0813f,0f,0f,0f,1f],start_interpolation: 0,interpolation_duration: 1}
$data merge entity $(chest) {transformation: [-1.2024f,0.0338f,-0.4334f,-0.1264f,0.1058f,1.2591f,-0.1954f,3.9985f,0.4216f,-0.2196f,-1.1869f,0.3427f,0f,0f,0f,1f],start_interpolation: 0,interpolation_duration: 1}
$data merge entity $(left_cheek) {transformation: [-0.8904f,-0.4248f,-0.1636f,-0.2146f,-0.3526f,0.8709f,-0.3422f,2.9569f,0.2879f,-0.247f,-0.9253f,-0.5399f,0f,0f,0f,1f],start_interpolation: 0,interpolation_duration: 1}
$data merge entity $(left_foot) {transformation: [-0.804f,0.0706f,-0.6276f,1.3331f,-0.0021f,1.0157f,0.1168f,-3.8177f,0.6315f,0.0931f,-0.7986f,-1.7898f,0f,0f,0f,1f],start_interpolation: 0,interpolation_duration: 1}
$data merge entity $(left_knee) {transformation: [-2.5372f,0.1586f,-1.6702f,1.5571f,-0.8629f,2.4735f,1.5457f,-0.3063f,1.4388f,1.7632f,-2.0183f,0.5265f,0f,0f,0f,1f],start_interpolation: 0,interpolation_duration: 1}
$data merge entity $(left_leg) {transformation: [-1.433f,-0.7174f,-0.6191f,0.3664f,-0.4874f,1.5206f,-0.6338f,2.128f,0.8126f,-0.3531f,-1.4719f,0.0378f,0f,0f,0f,1f],start_interpolation: 0,interpolation_duration: 1}
$data merge entity $(right_cheek) {transformation: [-0.868f,0.126f,-0.4803f,-0.7891f,0.3699f,0.8094f,-0.4561f,2.8365f,0.3313f,-0.5736f,-0.7492f,-0.3363f,0f,0f,0f,1f],start_interpolation: 0,interpolation_duration: 1}
$data merge entity $(right_foot) {transformation: [-0.9795f,-0.0342f,0.2909f,-2.16f,-0.0322f,1.0218f,0.0117f,-3.9574f,-0.2911f,0.0021f,-0.98f,1.8923f,0f,0f,0f,1f],start_interpolation: 0,interpolation_duration: 1}
$data merge entity $(right_knee) {transformation: [-2.9311f,0.391f,0.7128f,-1.6738f,0.4948f,2.974f,0.403f,0.1894f,-0.6452f,0.5043f,-2.9294f,2.4519f,0f,0f,0f,1f],start_interpolation: 0,interpolation_duration: 1}
$data merge entity $(right_leg) {transformation: [-1.6555f,0.454f,0.0692f,-0.8797f,0.2795f,1.2013f,-1.1959f,2.1373f,-0.3644f,-1.1412f,-1.2314f,0.6749f,0f,0f,0f,1f],start_interpolation: 0,interpolation_duration: 1}
$data merge entity $(weist) {transformation: [-1.4445f,0.0374f,-0.7377f,-0.2721f,0.0108f,1.6212f,0.0611f,3.7866f,0.7385f,0.0495f,-1.4437f,0.3021f,0f,0f,0f,1f],start_interpolation: 0,interpolation_duration: 1}
data modify storage animated_java:temp entry.data merge value {"locators":{"consume":{"px":-4.2746525448,"py":5.5767423991,"pz":2.1711146219,"ry":143.0181405307,"rx":-29.8159320164}}}
# Data Manager: Prepare for Read / Write
execute store result storage animated_java:temp args.id int 1 run scoreboard players get @s aj.id
# Data Manager: Write
function animated_java:global/data_manager/write with storage animated_java:temp args