# This file was generated by Animated Java via MC-Build. It is not recommended to edit this file directly.
$data merge entity $(neck) {transformation: [-1f,-0.0026f,0.0076f,-0.0047f,-0.0005f,0.9664f,0.257f,6.1368f,-0.008f,0.257f,-0.9664f,-0.1572f,0f,0f,0f,1f],start_interpolation: 0,interpolation_duration: 1}
$data merge entity $(right_thumb_2) {transformation: [-0.6627f,-0.4457f,-0.6018f,-0.9306f,0.2278f,0.6455f,-0.729f,3.5001f,0.7134f,-0.6203f,-0.3262f,2.1813f,0f,0f,0f,1f],start_interpolation: 0,interpolation_duration: 1}
$data merge entity $(right_thumb) {transformation: [-0.6627f,-0.6992f,-0.268f,-1.25f,0.2278f,0.1527f,-0.9617f,3.5966f,0.7134f,-0.6984f,0.0581f,2.0616f,0f,0f,0f,1f],start_interpolation: 0,interpolation_duration: 1}
$data merge entity $(right_fingers2) {transformation: [0.8063f,-0.1886f,-0.5606f,-0.8435f,-0.5903f,-0.1979f,-0.7825f,3.0764f,0.0366f,0.9619f,-0.2709f,2.4251f,0f,0f,0f,1f],start_interpolation: 0,interpolation_duration: 1}
$data merge entity $(right_fingers) {transformation: [-0.0096f,-0.828f,-0.5606f,-1.0838f,-0.321f,0.5335f,-0.7825f,3.2137f,0.947f,0.1725f,-0.2709f,2.499f,0f,0f,0f,1f],start_interpolation: 0,interpolation_duration: 1}
$data merge entity $(scout) {transformation: [0f,0f,0f,-1.0484f,0f,0f,0f,3.1158f,0f,0f,0f,2.3147f,0f,0f,0f,1f],start_interpolation: 0,interpolation_duration: 1}
$data merge entity $(right_hand) {transformation: [-0.6627f,-0.4965f,-0.5606f,-1.4102f,0.2278f,0.5795f,-0.7825f,3.5339f,0.7134f,-0.6463f,-0.2709f,2.0865f,0f,0f,0f,1f],start_interpolation: 0,interpolation_duration: 1}
$data merge entity $(right_forearm) {transformation: [-1.2355f,-0.4964f,0.3525f,-2.0936f,-0.5643f,0.6339f,-1.0848f,4.4725f,0.2288f,-1.1175f,-0.772f,0.3659f,0f,0f,0f,1f],start_interpolation: 0,interpolation_duration: 1}
$data merge entity $(right_shoulder) {transformation: [-1.2899f,0.6699f,-0.1932f,-1.0107f,0.6948f,1.2015f,-0.4728f,5.8125f,-0.0577f,-0.5075f,-1.3744f,-0.197f,0f,0f,0f,1f],start_interpolation: 0,interpolation_duration: 1}
$data merge entity $(right_arm) {transformation: [-1f,-0.0026f,0.0076f,-0.4474f,-0.0005f,0.9664f,0.257f,6.095f,-0.008f,0.257f,-0.9664f,-0.1262f,0f,0f,0f,1f],start_interpolation: 0,interpolation_duration: 1}
$data merge entity $(left_thumb_2) {transformation: [-0.5884f,0.4919f,0.6417f,0.6833f,-0.3533f,0.5575f,-0.7513f,3.9103f,-0.7273f,-0.6687f,-0.1543f,2.5351f,0f,0f,0f,1f],start_interpolation: 0,interpolation_duration: 1}
$data merge entity $(left_thumb) {transformation: [-0.5884f,0.7597f,0.2769f,1.011f,-0.3533f,0.0665f,-0.9332f,3.9973f,-0.7273f,-0.6469f,0.2292f,2.4316f,0f,0f,0f,1f],start_interpolation: 0,interpolation_duration: 1}
$data merge entity $(left_fingers2) {transformation: [0.7965f,0.0998f,0.5964f,0.5803f,0.6024f,-0.0443f,-0.797f,3.526f,-0.0531f,0.994f,-0.0954f,2.832f,0f,0f,0f,1f],start_interpolation: 0,interpolation_duration: 1}
$data merge entity $(left_fingers) {transformation: [0.075f,0.7992f,0.5964f,0.8103f,0.1736f,0.5785f,-0.797f,3.6801f,-0.982f,0.1633f,-0.0954f,2.9056f,0f,0f,0f,1f],start_interpolation: 0,interpolation_duration: 1}
$data merge entity $(left_hand) {transformation: [-0.5884f,0.546f,0.5964f,1.1691f,-0.3533f,0.4899f,-0.797f,3.944f,-0.7273f,-0.6796f,-0.0954f,2.4803f,0f,0f,0f,1f],start_interpolation: 0,interpolation_duration: 1}
$data merge entity $(left_forearm) {transformation: [-1.2077f,0.6037f,-0.2725f,2.0181f,0.497f,0.4515f,-1.2026f,4.6008f,-0.4378f,-1.1527f,-0.6137f,0.7037f,0f,0f,0f,1f],start_interpolation: 0,interpolation_duration: 1}
$data merge entity $(left_shoulder) {transformation: [-1.2899f,-0.6111f,0.3355f,1.0022f,-0.6962f,1.0916f,-0.6881f,5.8136f,0.037f,-0.7647f,-1.2505f,-0.1809f,0f,0f,0f,1f],start_interpolation: 0,interpolation_duration: 1}
$data merge entity $(left_arm) {transformation: [-1f,-0.0026f,0.0076f,0.4376f,-0.0005f,0.9664f,0.257f,6.0954f,-0.008f,0.257f,-0.9664f,-0.1191f,0f,0f,0f,1f],start_interpolation: 0,interpolation_duration: 1}
$data merge entity $(chest) {transformation: [-1.2785f,-0.0033f,0.0097f,0f,-0.0007f,1.2356f,0.3286f,4.3588f,-0.0103f,0.3286f,-1.2355f,-0.6203f,0f,0f,0f,1f],start_interpolation: 0,interpolation_duration: 1}
$data merge entity $(left_cheek) {transformation: [-0.957f,-0.219f,-0.1905f,0.1246f,-0.2077f,0.9751f,-0.0778f,3.4636f,0.2028f,-0.0349f,-0.9786f,-1.3648f,0f,0f,0f,1f],start_interpolation: 0,interpolation_duration: 1}
$data merge entity $(left_foot) {transformation: [-0.8951f,0.0186f,-0.4937f,1.1272f,-0.0239f,1.0188f,0.0817f,-4.1362f,0.4935f,0.0831f,-0.8915f,-2.7624f,0f,0f,0f,1f],start_interpolation: 0,interpolation_duration: 1}
$data merge entity $(left_knee) {transformation: [-2.763f,-0.0208f,-1.2719f,1.1257f,-0.5856f,2.7206f,1.2277f,-0.3038f,1.1293f,1.3601f,-2.4753f,-1.0137f,0f,0f,0f,1f],start_interpolation: 0,interpolation_duration: 1}
$data merge entity $(left_leg) {transformation: [-1.5605f,-0.3464f,-0.6294f,0.5243f,-0.3308f,1.6825f,-0.1059f,2.381f,0.6378f,0.025f,-1.595f,-0.9003f,0f,0f,0f,1f],start_interpolation: 0,interpolation_duration: 1}
$data merge entity $(right_cheek) {transformation: [-0.9823f,0.0871f,-0.1658f,-0.6562f,0.0982f,0.9934f,-0.0599f,3.4757f,0.1594f,-0.0751f,-0.9843f,-1.1136f,0f,0f,0f,1f],start_interpolation: 0,interpolation_duration: 1}
$data merge entity $(right_foot) {transformation: [-0.9776f,-0.0318f,0.2977f,-1.3267f,-0.0335f,1.0218f,-0.001f,-4.1759f,-0.2975f,-0.0107f,-0.9781f,0.2189f,0f,0f,0f,1f],start_interpolation: 0,interpolation_duration: 1}
$data merge entity $(right_knee) {transformation: [-2.971f,0.0546f,0.6498f,-1.3099f,0.1578f,3.0011f,0.4695f,0.0014f,-0.6327f,0.4923f,-2.9342f,0.762f,0f,0f,0f,1f],start_interpolation: 0,interpolation_duration: 1}
$data merge entity $(right_leg) {transformation: [-1.678f,0.2602f,0.2607f,-0.831f,0.0891f,1.4667f,-0.89f,2.3736f,-0.3574f,-0.8558f,-1.4461f,-0.5517f,0f,0f,0f,1f],start_interpolation: 0,interpolation_duration: 1}
$data merge entity $(weist) {transformation: [-1.5712f,0.0362f,-0.4026f,-0.1456f,-0.0086f,1.6124f,0.1787f,4.0309f,0.4041f,0.1752f,-1.5614f,-0.6609f,0f,0f,0f,1f],start_interpolation: 0,interpolation_duration: 1}
data modify storage animated_java:temp entry.data merge value {"locators":{"consume":{"px":-0.9154726458,"py":3.0432048845,"pz":2.3916725616,"ry":295.7911865109,"rx":-51.4904610866}}}
# Data Manager: Prepare for Read / Write
execute store result storage animated_java:temp args.id int 1 run scoreboard players get @s aj.id
# Data Manager: Write
function animated_java:global/data_manager/write with storage animated_java:temp args