# This file was generated by Animated Java via MC-Build. It is not recommended to edit this file directly.
$data merge entity $(neck) {transformation: [-0.9381f,0.0174f,-0.346f,-0.0885f,0.0854f,0.9795f,-0.1822f,5.7738f,0.3357f,-0.2004f,-0.9204f,0.0403f,0f,0f,0f,1f],start_interpolation: 0,interpolation_duration: 1}
$data merge entity $(right_thumb_2) {transformation: [-0.7664f,0.3154f,0.5596f,-4.2347f,-0.6227f,-0.5786f,-0.5268f,5.4253f,0.1577f,-0.7522f,0.6398f,1.7381f,0f,0f,0f,1f],start_interpolation: 0,interpolation_duration: 1}
$data merge entity $(right_thumb) {transformation: [-0.7664f,0.5667f,0.3026f,-4.1703f,-0.6227f,-0.771f,-0.1334f,5.0868f,0.1577f,-0.2906f,0.9438f,1.6547f,0f,0f,0f,1f],start_interpolation: 0,interpolation_duration: 1}
$data merge entity $(right_fingers2) {transformation: [0.2146f,-0.8204f,0.53f,-4.2969f,0.877f,-0.077f,-0.4743f,5.588f,0.43f,0.5666f,0.7029f,2.203f,0f,0f,0f,1f],start_interpolation: 0,interpolation_duration: 1}
$data merge entity $(right_fingers) {transformation: [-0.7545f,-0.3871f,0.53f,-4.4246f,0.1146f,-0.8729f,-0.4743f,5.339f,0.6462f,-0.2971f,0.7029f,2.1417f,0f,0f,0f,1f],start_interpolation: 0,interpolation_duration: 1}
$data merge entity $(scout) {transformation: [0f,0f,0f,-4.216f,0f,0f,0f,5.3709f,0f,0f,0f,2.1577f,0f,0f,0f,1f],start_interpolation: 0,interpolation_duration: 1}
$data merge entity $(right_hand) {transformation: [-0.7664f,0.3629f,0.53f,-4.1745f,-0.6227f,-0.6223f,-0.4743f,4.939f,0.1577f,-0.6936f,0.7029f,1.746f,0f,0f,0f,1f],start_interpolation: 0,interpolation_duration: 1}
$data merge entity $(right_forearm) {transformation: [-0.7399f,1.0708f,0.4507f,-2.5148f,-0.969f,-0.2741f,-0.9397f,4.5324f,-0.6409f,-0.8219f,0.9005f,0.5677f,0f,0f,0f,1f],start_interpolation: 0,interpolation_duration: 1}
$data merge entity $(right_shoulder) {transformation: [-0.3976f,1.1806f,0.7732f,-1.0201f,0.0514f,0.8149f,-1.2178f,5.5548f,-1.4104f,-0.3031f,-0.2624f,0.4909f,0f,0f,0f,1f],start_interpolation: 0,interpolation_duration: 1}
$data merge entity $(right_arm) {transformation: [-0.9381f,0.0174f,-0.346f,-0.4889f,0.0854f,0.9795f,-0.1822f,5.7889f,0.3357f,-0.2004f,-0.9204f,0.2357f,0f,0f,0f,1f],start_interpolation: 0,interpolation_duration: 1}
$data merge entity $(left_thumb_2) {transformation: [-0.7082f,-0.6977f,-0.1082f,3.8823f,0.5969f,-0.5099f,-0.6194f,4.8065f,0.377f,-0.5033f,0.7776f,-1.4014f,0f,0f,0f,1f],start_interpolation: 0,interpolation_duration: 1}
$data merge entity $(left_thumb) {transformation: [-0.7082f,-0.6465f,0.2836f,3.7753f,0.5969f,-0.7629f,-0.2484f,4.4761f,0.377f,-0.0066f,0.9262f,-1.4725f,0f,0f,0f,1f],start_interpolation: 0,interpolation_duration: 1}
$data merge entity $(left_fingers2) {transformation: [-0.0844f,0.9953f,-0.047f,4.2004f,-0.8142f,-0.0961f,-0.5726f,4.9215f,-0.5744f,-0.0101f,0.8185f,-1.038f,0f,0f,0f,1f],start_interpolation: 0,interpolation_duration: 1}
$data merge entity $(left_fingers) {transformation: [-0.99f,0.133f,-0.047f,4.2659f,-0.0824f,-0.8157f,-0.5726f,4.6872f,-0.1145f,-0.563f,0.8185f,-1.1892f,0f,0f,0f,1f],start_interpolation: 0,interpolation_duration: 1}
$data merge entity $(left_hand) {transformation: [-0.7082f,-0.7044f,-0.047f,3.8276f,0.5969f,-0.562f,-0.5726f,4.3197f,0.377f,-0.4336f,0.8185f,-1.4174f,0f,0f,0f,1f],start_interpolation: 0,interpolation_duration: 1}
$data merge entity $(left_forearm) {transformation: [0.0965f,-1.3479f,0.2666f,1.8114f,0.7886f,-0.1645f,-1.1173f,4.0642f,1.1252f,0.2309f,0.7601f,-0.9952f,0f,0f,0f,1f],start_interpolation: 0,interpolation_duration: 1}
$data merge entity $(left_shoulder) {transformation: [0.5664f,-0.894f,-1.0148f,0.8683f,-0.0952f,1.0711f,-0.9968f,5.3829f,1.349f,0.451f,0.3557f,-0.1849f,0f,0f,0f,1f],start_interpolation: 0,interpolation_duration: 1}
$data merge entity $(left_arm) {transformation: [-0.9381f,0.0174f,-0.346f,0.3414f,0.0854f,0.9795f,-0.1822f,5.7133f,0.3357f,-0.2004f,-0.9204f,-0.0614f,0f,0f,0f,1f],start_interpolation: 0,interpolation_duration: 1}
$data merge entity $(chest) {transformation: [-1.1994f,0.0223f,-0.4424f,-0.1172f,0.1092f,1.2524f,-0.2329f,3.9757f,0.4293f,-0.2563f,-1.1767f,0.4173f,0f,0f,0f,1f],start_interpolation: 0,interpolation_duration: 1}
$data merge entity $(left_cheek) {transformation: [-0.8943f,-0.4192f,-0.1563f,-0.1936f,-0.3496f,0.8727f,-0.3408f,2.9366f,0.2793f,-0.2502f,-0.927f,-0.4713f,0f,0f,0f,1f],start_interpolation: 0,interpolation_duration: 1}
$data merge entity $(left_foot) {transformation: [-0.8099f,0.0735f,-0.6197f,1.3404f,0.0004f,1.0153f,0.1199f,-3.8427f,0.624f,0.0947f,-0.8043f,-1.7127f,0f,0f,0f,1f],start_interpolation: 0,interpolation_duration: 1}
$data merge entity $(left_knee) {transformation: [-2.5537f,0.1514f,-1.6456f,1.5559f,-0.8546f,2.4714f,1.5536f,-0.3341f,1.4144f,1.7667f,-2.0324f,0.6087f,0f,0f,0f,1f],start_interpolation: 0,interpolation_duration: 1}
$data merge entity $(left_leg) {transformation: [-1.4423f,-0.7084f,-0.6077f,0.3788f,-0.4827f,1.5235f,-0.6303f,2.1051f,0.7988f,-0.3584f,-1.4781f,0.1111f,0f,0f,0f,1f],start_interpolation: 0,interpolation_duration: 1}
$data merge entity $(right_cheek) {transformation: [-0.8728f,0.1305f,-0.4703f,-0.7701f,0.3685f,0.808f,-0.4597f,2.8066f,0.32f,-0.5745f,-0.7533f,-0.2704f,0f,0f,0f,1f],start_interpolation: 0,interpolation_duration: 1}
$data merge entity $(right_foot) {transformation: [-0.976f,-0.0377f,0.3022f,-2.1476f,-0.0358f,1.0217f,0.0118f,-3.9833f,-0.3024f,0.0007f,-0.9766f,1.9643f,0f,0f,0f,1f],start_interpolation: 0,interpolation_duration: 1}
$data merge entity $(right_knee) {transformation: [-2.9247f,0.3771f,0.7459f,-1.6791f,0.4848f,2.9766f,0.3961f,0.1665f,-0.6808f,0.4998f,-2.9221f,2.5169f,0f,0f,0f,1f],start_interpolation: 0,interpolation_duration: 1}
$data merge entity $(right_leg) {transformation: [-1.6518f,0.464f,0.0868f,-0.8696f,0.2738f,1.1991f,-1.1994f,2.1112f,-0.3845f,-1.1395f,-1.2269f,0.7434f,0f,0f,0f,1f],start_interpolation: 0,interpolation_duration: 1}
$data merge entity $(weist) {transformation: [-1.4473f,0.035f,-0.7323f,-0.2628f,0.0071f,1.6211f,0.0634f,3.7621f,0.7331f,0.0533f,-1.4463f,0.3767f,0f,0f,0f,1f],start_interpolation: 0,interpolation_duration: 1}
data modify storage animated_java:temp entry.data merge value {"locators":{"consume":{"px":-4.255630037,"py":5.5183906395,"pz":2.2322141117,"ry":142.9825098979,"rx":-28.3162635278}}}
# Data Manager: Prepare for Read / Write
execute store result storage animated_java:temp args.id int 1 run scoreboard players get @s aj.id
# Data Manager: Write
function animated_java:global/data_manager/write with storage animated_java:temp args