# This file was generated by Animated Java via MC-Build. It is not recommended to edit this file directly.
$data merge entity $(neck) {transformation: [-0.9373f,0.0152f,-0.3481f,-0.0888f,0.0861f,0.9782f,-0.189f,5.7663f,0.3376f,-0.2071f,-0.9182f,0.0467f,0f,0f,0f,1f],start_interpolation: 0,interpolation_duration: 1}
$data merge entity $(right_thumb_2) {transformation: [-0.7848f,0.3171f,0.5325f,-4.2277f,-0.6052f,-0.5771f,-0.5484f,5.44f,0.1334f,-0.7526f,0.6448f,1.7289f,0f,0f,0f,1f],start_interpolation: 0,interpolation_duration: 1}
$data merge entity $(right_thumb) {transformation: [-0.7848f,0.5535f,0.2787f,-4.1699f,-0.6052f,-0.7814f,-0.1524f,5.101f,0.1334f,-0.2883f,0.9482f,1.6426f,0f,0f,0f,1f],start_interpolation: 0,interpolation_duration: 1}
$data merge entity $(right_fingers2) {transformation: [0.227f,-0.8341f,0.5028f,-4.2958f,0.866f,-0.0633f,-0.496f,5.5986f,0.4455f,0.548f,0.7079f,2.1945f,0f,0f,0f,1f],start_interpolation: 0,interpolation_duration: 1}
$data merge entity $(right_fingers) {transformation: [-0.7652f,-0.4021f,0.5028f,-4.4283f,0.1256f,-0.8592f,-0.496f,5.3536f,0.6314f,-0.3164f,0.7079f,2.1273f,0f,0f,0f,1f],start_interpolation: 0,interpolation_duration: 1}
$data merge entity $(scout) {transformation: [0f,0f,0f,-4.2193f,0f,0f,0f,5.3801f,0f,0f,0f,2.1481f,0f,0f,0f,1f],start_interpolation: 0,interpolation_duration: 1}
$data merge entity $(right_hand) {transformation: [-0.7848f,0.3623f,0.5028f,-4.1797f,-0.6052f,-0.6227f,-0.496f,4.9523f,0.1334f,-0.6935f,0.7079f,1.732f,0f,0f,0f,1f],start_interpolation: 0,interpolation_duration: 1}
$data merge entity $(right_forearm) {transformation: [-0.7501f,1.0757f,0.4212f,-2.5132f,-0.9482f,-0.2865f,-0.9571f,4.5254f,-0.6598f,-0.8112f,0.8965f,0.5704f,0f,0f,0f,1f],start_interpolation: 0,interpolation_duration: 1}
$data merge entity $(right_shoulder) {transformation: [-0.4006f,1.1799f,0.7728f,-1.0188f,0.0663f,0.8182f,-1.2149f,5.5488f,-1.4089f,-0.297f,-0.2769f,0.5012f,0f,0f,0f,1f],start_interpolation: 0,interpolation_duration: 1}
$data merge entity $(right_arm) {transformation: [-0.9373f,0.0152f,-0.3481f,-0.4888f,0.0861f,0.9782f,-0.189f,5.782f,0.3376f,-0.2071f,-0.9182f,0.2431f,0f,0f,0f,1f],start_interpolation: 0,interpolation_duration: 1}
$data merge entity $(left_thumb_2) {transformation: [-0.6992f,-0.7092f,-0.0905f,3.8553f,0.5898f,-0.5007f,-0.6336f,4.787f,0.404f,-0.4964f,0.7684f,-1.4106f,0f,0f,0f,1f],start_interpolation: 0,interpolation_duration: 1}
$data merge entity $(left_thumb) {transformation: [-0.6992f,-0.6467f,0.3047f,3.7466f,0.5898f,-0.7627f,-0.2653f,4.4579f,0.404f,-0.0058f,0.9147f,-1.4852f,0f,0f,0f,1f],start_interpolation: 0,interpolation_duration: 1}
$data merge entity $(left_fingers2) {transformation: [-0.0978f,0.9948f,-0.0283f,4.1817f,-0.8035f,-0.0957f,-0.5875f,4.8954f,-0.5872f,-0.0347f,0.8087f,-1.0525f,0f,0f,0f,1f],start_interpolation: 0,interpolation_duration: 1}
$data merge entity $(left_fingers) {transformation: [-0.9924f,0.1199f,-0.0283f,4.2437f,-0.0805f,-0.8052f,-0.5875f,4.6639f,-0.0932f,-0.5808f,0.8087f,-1.2095f,0f,0f,0f,1f],start_interpolation: 0,interpolation_duration: 1}
$data merge entity $(left_hand) {transformation: [-0.6992f,-0.7144f,-0.0283f,3.8002f,0.5898f,-0.554f,-0.5875f,4.3006f,0.404f,-0.4275f,0.8087f,-1.4343f,0f,0f,0f,1f],start_interpolation: 0,interpolation_duration: 1}
$data merge entity $(left_forearm) {transformation: [0.1083f,-1.3463f,0.2701f,1.787f,0.7751f,-0.1637f,-1.1268f,4.0453f,1.1334f,0.2406f,0.7447f,-0.9977f,0f,0f,0f,1f],start_interpolation: 0,interpolation_duration: 1}
$data merge entity $(left_shoulder) {transformation: [0.5691f,-0.875f,-1.0297f,0.868f,-0.1106f,1.0834f,-0.9818f,5.3755f,1.3468f,0.4587f,0.3545f,-0.1784f,0f,0f,0f,1f],start_interpolation: 0,interpolation_duration: 1}
$data merge entity $(left_arm) {transformation: [-0.9373f,0.0152f,-0.3481f,0.3409f,0.0861f,0.9782f,-0.189f,5.7058f,0.3376f,-0.2071f,-0.9182f,-0.0558f,0f,0f,0f,1f],start_interpolation: 0,interpolation_duration: 1}
$data merge entity $(chest) {transformation: [-1.1984f,0.0194f,-0.4451f,-0.1134f,0.11f,1.2507f,-0.2417f,3.9707f,0.4317f,-0.2648f,-1.174f,0.4359f,0f,0f,0f,1f],start_interpolation: 0,interpolation_duration: 1}
$data merge entity $(left_cheek) {transformation: [-0.8952f,-0.4179f,-0.1545f,-0.1867f,-0.3489f,0.8731f,-0.3405f,2.9321f,0.2772f,-0.2509f,-0.9275f,-0.4543f,0f,0f,0f,1f],start_interpolation: 0,interpolation_duration: 1}
$data merge entity $(left_foot) {transformation: [-0.8112f,0.0741f,-0.6178f,1.3442f,0.001f,1.0152f,0.1206f,-3.8482f,0.6222f,0.0951f,-0.8056f,-1.6938f,0f,0f,0f,1f],start_interpolation: 0,interpolation_duration: 1}
$data merge entity $(left_knee) {transformation: [-2.5575f,0.1496f,-1.6398f,1.5576f,-0.8528f,2.4709f,1.5555f,-0.3403f,1.4085f,1.7676f,-2.0356f,0.6289f,0f,0f,0f,1f],start_interpolation: 0,interpolation_duration: 1}
$data merge entity $(left_leg) {transformation: [-1.4445f,-0.7063f,-0.605f,0.3837f,-0.4817f,1.5242f,-0.6294f,2.1f,0.7955f,-0.3596f,-1.4796f,0.1292f,0f,0f,0f,1f],start_interpolation: 0,interpolation_duration: 1}
$data merge entity $(right_cheek) {transformation: [-0.8739f,0.1317f,-0.4679f,-0.7633f,0.3683f,0.8076f,-0.4605f,2.8f,0.3173f,-0.5748f,-0.7543f,-0.2533f,0f,0f,0f,1f],start_interpolation: 0,interpolation_duration: 1}
$data merge entity $(right_foot) {transformation: [-0.9751f,-0.0385f,0.3049f,-2.1431f,-0.0366f,1.0216f,0.0118f,-3.9892f,-0.3051f,0.0003f,-0.9758f,1.9826f,0f,0f,0f,1f],start_interpolation: 0,interpolation_duration: 1}
$data merge entity $(right_knee) {transformation: [-2.923f,0.3739f,0.7538f,-1.6786f,0.4825f,2.9772f,0.3943f,0.1613f,-0.6893f,0.4985f,-2.9204f,2.5333f,0f,0f,0f,1f],start_interpolation: 0,interpolation_duration: 1}
$data merge entity $(right_leg) {transformation: [-1.6509f,0.4665f,0.0909f,-0.8653f,0.2725f,1.1984f,-1.2004f,2.1051f,-0.3893f,-1.1391f,-1.2257f,0.7605f,0f,0f,0f,1f],start_interpolation: 0,interpolation_duration: 1}
$data merge entity $(weist) {transformation: [-1.4479f,0.0341f,-0.7311f,-0.2591f,0.0059f,1.6211f,0.0639f,3.7566f,0.7318f,0.0544f,-1.4469f,0.3953f,0f,0f,0f,1f],start_interpolation: 0,interpolation_duration: 1}
data modify storage animated_java:temp entry.data merge value {"locators":{"consume":{"px":-4.2569040559,"py":5.5275566572,"pz":2.22361918,"ry":144.6168644636,"rx":-29.7345848154}}}
# Data Manager: Prepare for Read / Write
execute store result storage animated_java:temp args.id int 1 run scoreboard players get @s aj.id
# Data Manager: Write
function animated_java:global/data_manager/write with storage animated_java:temp args