# This file was generated by Animated Java via MC-Build. It is not recommended to edit this file directly.
$data merge entity $(neck) {transformation: [-0.9379f,0.0181f,-0.3464f,-0.085f,0.0853f,0.98f,-0.1799f,5.7778f,0.3362f,-0.1982f,-0.9207f,0.0407f,0f,0f,0f,1f],start_interpolation: 0,interpolation_duration: 1}
$data merge entity $(right_thumb_2) {transformation: [-0.8238f,0.3167f,0.4702f,-4.2238f,-0.5622f,-0.5629f,-0.6058f,5.5124f,0.0728f,-0.7634f,0.6418f,1.6661f,0f,0f,0f,1f],start_interpolation: 0,interpolation_duration: 1}
$data merge entity $(right_thumb) {transformation: [-0.8238f,0.5197f,0.2264f,-4.1819f,-0.5622f,-0.8003f,-0.2085f,5.1745f,0.0728f,-0.299f,0.9515f,1.5673f,0f,0f,0f,1f],start_interpolation: 0,interpolation_duration: 1}
$data merge entity $(right_fingers2) {transformation: [0.2564f,-0.8602f,0.4408f,-4.3036f,0.8314f,-0.0362f,-0.5545f,5.6551f,0.4929f,0.5087f,0.7059f,2.1349f,0f,0f,0f,1f],start_interpolation: 0,interpolation_duration: 1}
$data merge entity $(right_fingers) {transformation: [-0.7843f,-0.4365f,0.4408f,-4.4468f,0.1446f,-0.8196f,-0.5545f,5.4215f,0.6033f,-0.3711f,0.7059f,2.0513f,0f,0f,0f,1f],start_interpolation: 0,interpolation_duration: 1}
$data merge entity $(scout) {transformation: [0f,0f,0f,-4.2378f,0f,0f,0f,5.4346f,0f,0f,0f,2.0821f,0f,0f,0f,1f],start_interpolation: 0,interpolation_duration: 1}
$data merge entity $(right_hand) {transformation: [-0.8238f,0.3565f,0.4408f,-4.2043f,-0.5622f,-0.6136f,-0.5545f,5.023f,0.0728f,-0.7046f,0.7059f,1.6494f,0f,0f,0f,1f],start_interpolation: 0,interpolation_duration: 1}
$data merge entity $(right_forearm) {transformation: [-0.7761f,1.0836f,0.3472f,-2.5275f,-0.8834f,-0.309f,-1.0106f,4.5576f,-0.7172f,-0.7921f,0.8691f,0.518f,0f,0f,0f,1f],start_interpolation: 0,interpolation_duration: 1}
$data merge entity $(right_shoulder) {transformation: [-0.3974f,1.1934f,0.7534f,-1.0166f,0.1293f,0.8102f,-1.2152f,5.5585f,-1.4054f,-0.263f,-0.3248f,0.4912f,0f,0f,0f,1f],start_interpolation: 0,interpolation_duration: 1}
$data merge entity $(right_arm) {transformation: [-0.9379f,0.0181f,-0.3464f,-0.4853f,0.0853f,0.98f,-0.1799f,5.7928f,0.3362f,-0.1982f,-0.9207f,0.2363f,0f,0f,0f,1f],start_interpolation: 0,interpolation_duration: 1}
$data merge entity $(left_thumb_2) {transformation: [-0.6969f,-0.7146f,-0.0609f,3.8365f,0.5509f,-0.4791f,-0.6833f,4.8629f,0.4591f,-0.5098f,0.7275f,-1.4247f,0f,0f,0f,1f],start_interpolation: 0,interpolation_duration: 1}
$data merge entity $(left_thumb) {transformation: [-0.6969f,-0.6354f,0.3326f,3.7307f,0.5509f,-0.7712f,-0.3189f,4.5376f,0.4591f,-0.039f,0.8875f,-1.5178f,0f,0f,0f,1f],start_interpolation: 0,interpolation_duration: 1}
$data merge entity $(left_fingers2) {transformation: [-0.1014f,0.9948f,0.0016f,4.1706f,-0.7654f,-0.077f,-0.639f,4.9533f,-0.6356f,-0.066f,0.7692f,-1.0687f,0f,0f,0f,1f],start_interpolation: 0,interpolation_duration: 1}
$data merge entity $(left_fingers) {transformation: [-0.9932f,0.1163f,0.0016f,4.2318f,-0.0905f,-0.7639f,-0.639f,4.7334f,-0.0731f,-0.6348f,0.7692f,-1.2419f,0f,0f,0f,1f],start_interpolation: 0,interpolation_duration: 1}
$data merge entity $(left_hand) {transformation: [-0.6969f,-0.7171f,0.0016f,3.7879f,0.5509f,-0.5368f,-0.639f,4.3782f,0.4591f,-0.4444f,0.7692f,-1.4786f,0f,0f,0f,1f],start_interpolation: 0,interpolation_duration: 1}
$data merge entity $(left_forearm) {transformation: [0.1031f,-1.3439f,0.2835f,1.7786f,0.7138f,-0.1904f,-1.1625f,4.0788f,1.1734f,0.2339f,0.6822f,-1.0527f,0f,0f,0f,1f],start_interpolation: 0,interpolation_duration: 1}
$data merge entity $(left_shoulder) {transformation: [0.5567f,-0.8637f,-1.0459f,0.8714f,-0.1743f,1.0757f,-0.981f,5.3868f,1.3452f,0.4968f,0.3058f,-0.1857f,0f,0f,0f,1f],start_interpolation: 0,interpolation_duration: 1}
$data merge entity $(left_arm) {transformation: [-0.9379f,0.0181f,-0.3464f,0.3448f,0.0853f,0.98f,-0.1799f,5.7173f,0.3362f,-0.1982f,-0.9207f,-0.0613f,0f,0f,0f,1f],start_interpolation: 0,interpolation_duration: 1}
$data merge entity $(chest) {transformation: [-1.1992f,0.0231f,-0.4429f,-0.1149f,0.1091f,1.253f,-0.23f,3.9789f,0.4299f,-0.2535f,-1.1771f,0.4137f,0f,0f,0f,1f],start_interpolation: 0,interpolation_duration: 1}
$data merge entity $(left_cheek) {transformation: [-0.894f,-0.4197f,-0.1568f,-0.1916f,-0.3499f,0.8726f,-0.3409f,2.9387f,0.2799f,-0.2499f,-0.9269f,-0.4748f,0f,0f,0f,1f],start_interpolation: 0,interpolation_duration: 1}
$data merge entity $(left_foot) {transformation: [-0.8094f,0.0732f,-0.6202f,1.3439f,0.0002f,1.0153f,0.1196f,-3.84f,0.6245f,0.0946f,-0.8039f,-1.717f,0f,0f,0f,1f],start_interpolation: 0,interpolation_duration: 1}
$data merge entity $(left_knee) {transformation: [-2.5525f,0.1517f,-1.6475f,1.5597f,-0.8555f,2.4715f,1.553f,-0.3313f,1.4161f,1.7665f,-2.0313f,0.6042f,0f,0f,0f,1f],start_interpolation: 0,interpolation_duration: 1}
$data merge entity $(left_leg) {transformation: [-1.4416f,-0.7092f,-0.6085f,0.3815f,-0.4832f,1.5233f,-0.6305f,2.1075f,0.7998f,-0.358f,-1.4777f,0.1073f,0f,0f,0f,1f],start_interpolation: 0,interpolation_duration: 1}
$data merge entity $(right_cheek) {transformation: [-0.8724f,0.1303f,-0.471f,-0.7668f,0.3687f,0.808f,-0.4595f,2.8097f,0.3207f,-0.5746f,-0.753f,-0.2721f,0f,0f,0f,1f],start_interpolation: 0,interpolation_duration: 1}
$data merge entity $(right_foot) {transformation: [-0.9762f,-0.0374f,0.3014f,-2.1454f,-0.0355f,1.0217f,0.0116f,-3.981f,-0.3016f,0.0006f,-0.9769f,1.9616f,0f,0f,0f,1f],start_interpolation: 0,interpolation_duration: 1}
$data merge entity $(right_knee) {transformation: [-2.9251f,0.3783f,0.7436f,-1.6753f,0.4856f,2.9765f,0.3961f,0.1687f,-0.6784f,0.4997f,-2.9227f,2.5141f,0f,0f,0f,1f],start_interpolation: 0,interpolation_duration: 1}
$data merge entity $(right_leg) {transformation: [-1.6521f,0.4634f,0.0854f,-0.8667f,0.2743f,1.199f,-1.1994f,2.1133f,-0.3832f,-1.1397f,-1.227f,0.74f,0f,0f,0f,1f],start_interpolation: 0,interpolation_duration: 1}
$data merge entity $(weist) {transformation: [-1.447f,0.0346f,-0.7328f,-0.2605f,0.0067f,1.6211f,0.0632f,3.7644f,0.7335f,0.0533f,-1.446f,0.3731f,0f,0f,0f,1f],start_interpolation: 0,interpolation_duration: 1}
data modify storage animated_java:temp entry.data merge value {"locators":{"consume":{"px":-4.270157313,"py":5.5807174165,"pz":2.1625109201,"ry":148.0189531566,"rx":-33.6731555205}}}
# Data Manager: Prepare for Read / Write
execute store result storage animated_java:temp args.id int 1 run scoreboard players get @s aj.id
# Data Manager: Write
function animated_java:global/data_manager/write with storage animated_java:temp args