# This file was generated by Animated Java via MC-Build. It is not recommended to edit this file directly.
$data merge entity $(neck) {transformation: [-0.9405f,0.0283f,-0.3385f,-0.0763f,0.0824f,0.9858f,-0.1465f,5.8167f,0.3296f,-0.1657f,-0.9295f,0.0162f,0f,0f,0f,1f],start_interpolation: 0,interpolation_duration: 1}
$data merge entity $(right_thumb_2) {transformation: [-0.8798f,0.3095f,0.3608f,-4.21f,-0.4746f,-0.5301f,-0.7027f,5.6641f,-0.0262f,-0.7894f,0.6133f,1.5555f,0f,0f,0f,1f],start_interpolation: 0,interpolation_duration: 1}
$data merge entity $(right_thumb) {transformation: [-0.8798f,0.4549f,0.138f,-4.196f,-0.4746f,-0.8246f,-0.3078f,5.3327f,-0.0262f,-0.3363f,0.9414f,1.4301f,0f,0f,0f,1f],start_interpolation: 0,interpolation_duration: 1}
$data merge entity $(right_fingers2) {transformation: [0.3053f,-0.8923f,0.3325f,-4.3068f,0.7565f,0.0152f,-0.6538f,5.7762f,0.5783f,0.4511f,0.6797f,2.0293f,0f,0f,0f,1f],start_interpolation: 0,interpolation_duration: 1}
$data merge entity $(right_fingers) {transformation: [-0.8051f,-0.4912f,0.3325f,-4.4671f,0.1786f,-0.7353f,-0.6538f,5.5669f,0.5656f,-0.467f,0.6797f,1.9172f,0f,0f,0f,1f],start_interpolation: 0,interpolation_duration: 1}
$data merge entity $(scout) {transformation: [0f,0f,0f,-4.2604f,0f,0f,0f,5.5549f,0f,0f,0f,1.9615f,0f,0f,0f,1f],start_interpolation: 0,interpolation_duration: 1}
$data merge entity $(right_hand) {transformation: [-0.8798f,0.3397f,0.3325f,-4.2393f,-0.4746f,-0.5893f,-0.6538f,5.1784f,-0.0262f,-0.733f,0.6797f,1.4972f,0f,0f,0f,1f],start_interpolation: 0,interpolation_duration: 1}
$data merge entity $(right_forearm) {transformation: [-0.8187f,1.0861f,0.217f,-2.5616f,-0.7509f,-0.3459f,-1.1016f,4.6485f,-0.8142f,-0.7731f,0.7978f,0.3957f,0f,0f,0f,1f],start_interpolation: 0,interpolation_duration: 1}
$data merge entity $(right_shoulder) {transformation: [-0.3883f,1.2237f,0.7083f,-1.0142f,0.2576f,0.7834f,-1.2123f,5.5908f,-1.3902f,-0.1966f,-0.4224f,0.4498f,0f,0f,0f,1f],start_interpolation: 0,interpolation_duration: 1}
$data merge entity $(right_arm) {transformation: [-0.9405f,0.0283f,-0.3385f,-0.4785f,0.0824f,0.9858f,-0.1465f,5.8287f,0.3296f,-0.1657f,-0.9295f,0.2081f,0f,0f,0f,1f],start_interpolation: 0,interpolation_duration: 1}
$data merge entity $(left_thumb_2) {transformation: [-0.7072f,-0.7067f,-0.0203f,3.8365f,0.4616f,-0.4398f,-0.7704f,5.0638f,0.5355f,-0.5542f,0.6372f,-1.4124f,0f,0f,0f,1f],start_interpolation: 0,interpolation_duration: 1}
$data merge entity $(left_thumb) {transformation: [-0.7072f,-0.6069f,0.3626f,3.741f,0.4616f,-0.7849f,-0.4134f,4.7487f,0.5355f,-0.125f,0.8352f,-1.5438f,0f,0f,0f,1f],start_interpolation: 0,interpolation_duration: 1}
$data merge entity $(left_fingers2) {transformation: [-0.0861f,0.9954f,0.0414f,4.1743f,-0.6838f,-0.0288f,-0.7291f,5.1223f,-0.7246f,-0.0911f,0.6831f,-1.0533f,0f,0f,0f,1f],start_interpolation: 0,interpolation_duration: 1}
$data merge entity $(left_fingers) {transformation: [-0.9905f,0.1314f,0.0414f,4.24f,-0.1199f,-0.6738f,-0.7291f,4.9283f,-0.0679f,-0.7271f,0.6831f,-1.2536f,0f,0f,0f,1f],start_interpolation: 0,interpolation_duration: 1}
$data merge entity $(left_hand) {transformation: [-0.7072f,-0.7058f,0.0414f,3.8048f,0.4616f,-0.5053f,-0.7291f,4.5881f,0.5355f,-0.4965f,0.6831f,-1.5257f,0f,0f,0f,1f],start_interpolation: 0,interpolation_duration: 1}
$data merge entity $(left_forearm) {transformation: [0.0659f,-1.3412f,0.3065f,1.7989f,0.5836f,-0.2507f,-1.2222f,4.1903f,1.2459f,0.1883f,0.5563f,-1.17f,0f,0f,0f,1f],start_interpolation: 0,interpolation_duration: 1}
$data merge entity $(left_shoulder) {transformation: [0.5153f,-0.8677f,-1.0637f,0.8791f,-0.3025f,1.0365f,-0.992f,5.425f,1.339f,0.568f,0.1852f,-0.2135f,0f,0f,0f,1f],start_interpolation: 0,interpolation_duration: 1}
$data merge entity $(left_arm) {transformation: [-0.9405f,0.0283f,-0.3385f,0.354f,0.0824f,0.9858f,-0.1465f,5.7558f,0.3296f,-0.1657f,-0.9295f,-0.0836f,0f,0f,0f,1f],start_interpolation: 0,interpolation_duration: 1}
$data merge entity $(chest) {transformation: [-1.2025f,0.0361f,-0.4328f,-0.125f,0.1053f,1.2604f,-0.1873f,4.0068f,0.4213f,-0.2118f,-1.1884f,0.3294f,0f,0f,0f,1f],start_interpolation: 0,interpolation_duration: 1}
$data merge entity $(left_cheek) {transformation: [-0.8895f,-0.426f,-0.1651f,-0.2149f,-0.3534f,0.8705f,-0.3425f,2.9618f,0.2896f,-0.2463f,-0.9249f,-0.5524f,0f,0f,0f,1f],start_interpolation: 0,interpolation_duration: 1}
$data merge entity $(left_foot) {transformation: [-0.8028f,0.0699f,-0.6292f,1.3362f,-0.0027f,1.0157f,0.1162f,-3.8116f,0.6331f,0.0929f,-0.7974f,-1.8043f,0f,0f,0f,1f],start_interpolation: 0,interpolation_duration: 1}
$data merge entity $(left_knee) {transformation: [-2.5337f,0.1598f,-1.6754f,1.5616f,-0.8649f,2.4739f,1.544f,-0.2996f,1.4438f,1.7625f,-2.0153f,0.5112f,0f,0f,0f,1f],start_interpolation: 0,interpolation_duration: 1}
$data merge entity $(left_leg) {transformation: [-1.431f,-0.7194f,-0.6213f,0.3678f,-0.4885f,1.5199f,-0.6346f,2.1336f,0.8154f,-0.3519f,-1.4706f,0.0244f,0f,0f,0f,1f],start_interpolation: 0,interpolation_duration: 1}
$data merge entity $(right_cheek) {transformation: [-0.867f,0.1252f,-0.4824f,-0.7872f,0.3703f,0.8096f,-0.4554f,2.8442f,0.3335f,-0.5735f,-0.7482f,-0.3457f,0f,0f,0f,1f],start_interpolation: 0,interpolation_duration: 1}
$data merge entity $(right_foot) {transformation: [-0.9802f,-0.0334f,0.2886f,-2.1591f,-0.0315f,1.0218f,0.0115f,-3.9516f,-0.2888f,0.0021f,-0.9807f,1.8801f,0f,0f,0f,1f],start_interpolation: 0,interpolation_duration: 1}
$data merge entity $(right_knee) {transformation: [-2.9323f,0.3942f,0.7062f,-1.6689f,0.497f,2.9736f,0.4039f,0.1947f,-0.638f,0.5047f,-2.9309f,2.4405f,0f,0f,0f,1f],start_interpolation: 0,interpolation_duration: 1}
$data merge entity $(right_leg) {transformation: [-1.6561f,0.4521f,0.0655f,-0.8777f,0.2807f,1.2015f,-1.1954f,2.1429f,-0.3604f,-1.1417f,-1.2321f,0.6625f,0f,0f,0f,1f],start_interpolation: 0,interpolation_duration: 1}
$data merge entity $(weist) {transformation: [-1.4438f,0.0372f,-0.7389f,-0.2706f,0.0108f,1.6212f,0.0606f,3.7921f,0.7397f,0.049f,-1.443f,0.2887f,0f,0f,0f,1f],start_interpolation: 0,interpolation_duration: 1}
data modify storage animated_java:temp entry.data merge value {"locators":{"consume":{"px":-4.2831448311,"py":5.6966547072,"pz":2.0522535117,"ry":153.9367510111,"rx":-40.8270503948}}}
# Data Manager: Prepare for Read / Write
execute store result storage animated_java:temp args.id int 1 run scoreboard players get @s aj.id
# Data Manager: Write
function animated_java:global/data_manager/write with storage animated_java:temp args