# This file was generated by Animated Java via MC-Build. It is not recommended to edit this file directly.
$data merge entity $(neck) {transformation: [-0.9432f,0.0378f,-0.3302f,-0.0693f,0.0794f,0.9904f,-0.1133f,5.8528f,0.3227f,-0.1331f,-0.9371f,-0.008f,0f,0f,0f,1f],start_interpolation: 0,interpolation_duration: 1}
$data merge entity $(right_thumb_2) {transformation: [-0.9302f,0.2869f,0.229f,-4.1594f,-0.3487f,-0.4958f,-0.7953f,5.8508f,-0.1146f,-0.8197f,0.5613f,1.4991f,0f,0f,0f,1f],start_interpolation: 0,interpolation_duration: 1}
$data merge entity $(right_thumb) {transformation: [-0.9302f,0.365f,0.039f,-4.1804f,-0.3487f,-0.8455f,-0.4044f,5.5328f,-0.1146f,-0.3897f,0.9138f,1.3439f,0f,0f,0f,1f],start_interpolation: 0,interpolation_duration: 1}
$data merge entity $(right_fingers2) {transformation: [0.3637f,-0.9091f,0.2031f,-4.2701f,0.6557f,0.0949f,-0.7491f,5.9331f,0.6617f,0.4056f,0.6306f,1.9761f,0f,0f,0f,1f],start_interpolation: 0,interpolation_duration: 1}
$data merge entity $(right_fingers) {transformation: [-0.8088f,-0.5518f,0.2031f,-4.4487f,0.2346f,-0.6196f,-0.7491f,5.7577f,0.5392f,-0.5582f,0.6306f,1.8368f,0f,0f,0f,1f],start_interpolation: 0,interpolation_duration: 1}
$data merge entity $(scout) {transformation: [0f,0f,0f,-4.2484f,0f,0f,0f,5.7144f,0f,0f,0f,1.89f,0f,0f,0f,1f],start_interpolation: 0,interpolation_duration: 1}
$data merge entity $(right_hand) {transformation: [-0.9302f,0.3058f,0.2031f,-4.2472f,-0.3487f,-0.5633f,-0.7491f,5.3804f,-0.1146f,-0.7676f,0.6306f,1.3938f,0f,0f,0f,1f],start_interpolation: 0,interpolation_duration: 1}
$data merge entity $(right_forearm) {transformation: [-0.8693f,1.0664f,0.066f,-2.6027f,-0.5819f,-0.4012f,-1.1822f,4.7573f,-0.896f,-0.7739f,0.7038f,0.2911f,0f,0f,0f,1f],start_interpolation: 0,interpolation_duration: 1}
$data merge entity $(right_shoulder) {transformation: [-0.39f,1.2562f,0.6479f,-1.0134f,0.4006f,0.7428f,-1.199f,5.6207f,-1.3555f,-0.1419f,-0.5408f,0.4088f,0f,0f,0f,1f],start_interpolation: 0,interpolation_duration: 1}
$data merge entity $(right_arm) {transformation: [-0.9432f,0.0378f,-0.3302f,-0.4733f,0.0794f,0.9904f,-0.1133f,5.8619f,0.3227f,-0.1331f,-0.9371f,0.1803f,0f,0f,0f,1f],start_interpolation: 0,interpolation_duration: 1}
$data merge entity $(left_thumb_2) {transformation: [-0.7309f,-0.6817f,0.0318f,3.8466f,0.3368f,-0.4009f,-0.852f,5.3063f,0.5935f,-0.612f,0.5226f,-1.3213f,0f,0f,0f,1f],start_interpolation: 0,interpolation_duration: 1}
$data merge entity $(left_thumb) {transformation: [-0.7309f,-0.5579f,0.3931f,3.7699f,0.3368f,-0.7959f,-0.5031f,5.0074f,0.5935f,-0.2354f,0.7696f,-1.4958f,0f,0f,0f,1f],start_interpolation: 0,interpolation_duration: 1}
$data merge entity $(left_fingers2) {transformation: [-0.0483f,0.9947f,0.0911f,4.1825f,-0.5793f,0.0464f,-0.8138f,5.3348f,-0.8137f,-0.092f,0.574f,-0.9568f,0f,0f,0f,1f],start_interpolation: 0,interpolation_duration: 1}
$data merge entity $(left_fingers) {transformation: [-0.9815f,0.1682f,0.0911f,4.2588f,-0.1707f,-0.5556f,-0.8138f,5.1753f,-0.0862f,-0.8143f,0.574f,-1.1822f,0f,0f,0f,1f],start_interpolation: 0,interpolation_duration: 1}
$data merge entity $(left_hand) {transformation: [-0.7309f,-0.6763f,0.0911f,3.8437f,0.3368f,-0.4736f,-0.8138f,4.8502f,0.5935f,-0.5641f,0.574f,-1.5003f,0f,0f,0f,1f],start_interpolation: 0,interpolation_duration: 1}
$data merge entity $(left_forearm) {transformation: [-0.0041f,-1.3335f,0.3447f,1.8479f,0.4263f,-0.329f,-1.2677f,4.3263f,1.3097f,0.1029f,0.4137f,-1.2758f,0f,0f,0f,1f],start_interpolation: 0,interpolation_duration: 1}
$data merge entity $(left_shoulder) {transformation: [0.4505f,-0.8924f,-1.0726f,0.8852f,-0.4428f,0.9774f,-0.9992f,5.4609f,1.3232f,0.6309f,0.0308f,-0.2408f,0f,0f,0f,1f],start_interpolation: 0,interpolation_duration: 1}
$data merge entity $(left_arm) {transformation: [-0.9432f,0.0378f,-0.3302f,0.3614f,0.0794f,0.9904f,-0.1133f,5.7916f,0.3227f,-0.1331f,-0.9371f,-0.1053f,0f,0f,0f,1f],start_interpolation: 0,interpolation_duration: 1}
$data merge entity $(chest) {transformation: [-1.2059f,0.0484f,-0.4221f,-0.1357f,0.1015f,1.2662f,-0.1448f,4.0342f,0.4126f,-0.1701f,-1.1981f,0.2454f,0f,0f,0f,1f],start_interpolation: 0,interpolation_duration: 1}
$data merge entity $(left_cheek) {transformation: [-0.8849f,-0.4322f,-0.1733f,-0.2387f,-0.3568f,0.8685f,-0.3441f,2.9846f,0.2993f,-0.2427f,-0.9228f,-0.6294f,0f,0f,0f,1f],start_interpolation: 0,interpolation_duration: 1}
$data merge entity $(left_foot) {transformation: [-0.7961f,0.0666f,-0.638f,1.3276f,-0.0054f,1.0161f,0.1128f,-3.7835f,0.6414f,0.0912f,-0.7909f,-1.8912f,0f,0f,0f,1f],start_interpolation: 0,interpolation_duration: 1}
$data merge entity $(left_knee) {transformation: [-2.5148f,0.1679f,-1.7029f,1.5625f,-0.8741f,2.4763f,1.535f,-0.2684f,1.471f,1.7584f,-1.9991f,0.4185f,0f,0f,0f,1f],start_interpolation: 0,interpolation_duration: 1}
$data merge entity $(left_leg) {transformation: [-1.4204f,-0.7294f,-0.634f,0.3534f,-0.4937f,1.5165f,-0.6386f,2.1593f,0.8308f,-0.3458f,-1.4634f,-0.058f,0f,0f,0f,1f],start_interpolation: 0,interpolation_duration: 1}
$data merge entity $(right_cheek) {transformation: [-0.8614f,0.1203f,-0.4936f,-0.8069f,0.3719f,0.8112f,-0.4513f,2.8794f,0.3461f,-0.5723f,-0.7434f,-0.4171f,0f,0f,0f,1f],start_interpolation: 0,interpolation_duration: 1}
$data merge entity $(right_foot) {transformation: [-0.984f,-0.0295f,0.2759f,-2.1741f,-0.0274f,1.0219f,0.0114f,-3.9225f,-0.2761f,0.0036f,-0.9844f,1.7986f,0f,0f,0f,1f],start_interpolation: 0,interpolation_duration: 1}
$data merge entity $(right_knee) {transformation: [-2.9387f,0.4102f,0.6691f,-1.6634f,0.5084f,2.9705f,0.4119f,0.2202f,-0.5979f,0.5098f,-2.9385f,2.3668f,0f,0f,0f,1f],start_interpolation: 0,interpolation_duration: 1}
$data merge entity $(right_leg) {transformation: [-1.6598f,0.4409f,0.0456f,-0.8893f,0.2871f,1.204f,-1.1913f,2.1722f,-0.3377f,-1.1434f,-1.237f,0.5853f,0f,0f,0f,1f],start_interpolation: 0,interpolation_duration: 1}
$data merge entity $(weist) {transformation: [-1.4407f,0.0399f,-0.7449f,-0.2813f,0.0149f,1.6212f,0.058f,3.8195f,0.7458f,0.0447f,-1.44f,0.2048f,0f,0f,0f,1f],start_interpolation: 0,interpolation_duration: 1}
data modify storage animated_java:temp entry.data merge value {"locators":{"consume":{"px":-4.2582806867,"py":5.8494657771,"pz":1.9925198839,"ry":162.1436021487,"rx":-48.510485682}}}
# Data Manager: Prepare for Read / Write
execute store result storage animated_java:temp args.id int 1 run scoreboard players get @s aj.id
# Data Manager: Write
function animated_java:global/data_manager/write with storage animated_java:temp args