# This file was generated by Animated Java via MC-Build. It is not recommended to edit this file directly.
$data merge entity $(neck) {transformation: [-0.9466f,0.0499f,-0.3185f,-0.0615f,0.0753f,0.9948f,-0.068f,5.8986f,0.3134f,-0.0883f,-0.9455f,-0.0396f,0f,0f,0f,1f],start_interpolation: 0,interpolation_duration: 1}
$data merge entity $(right_thumb_2) {transformation: [-0.9702f,0.235f,0.0588f,-4.0371f,-0.1616f,-0.4469f,-0.8798f,6.0739f,-0.1805f,-0.8631f,0.4716f,1.5244f,0f,0f,0f,1f],start_interpolation: 0,interpolation_duration: 1}
$data merge entity $(right_thumb) {transformation: [-0.9702f,0.2298f,-0.0767f,-4.106f,-0.1616f,-0.8497f,-0.5019f,5.7836f,-0.1805f,-0.4746f,0.8615f,1.3329f,0f,0f,0f,1f],start_interpolation: 0,interpolation_duration: 1}
$data merge entity $(right_fingers2) {transformation: [0.4404f,-0.897f,0.0381f,-4.1547f,0.5037f,0.2117f,-0.8375f,6.1222f,0.7432f,0.388f,0.545f,2.0044f,0f,0f,0f,1f],start_interpolation: 0,interpolation_duration: 1}
$data merge entity $(right_fingers) {transformation: [-0.7804f,-0.6241f,0.0381f,-4.3543f,0.3157f,-0.4459f,-0.8375f,5.9979f,0.5397f,-0.6416f,0.545f,1.8408f,0f,0f,0f,1f],start_interpolation: 0,interpolation_duration: 1}
$data merge entity $(scout) {transformation: [0f,0f,0f,-4.1675f,0f,0f,0f,5.9138f,0f,0f,0f,1.8942f,0f,0f,0f,1f],start_interpolation: 0,interpolation_duration: 1}
$data merge entity $(right_hand) {transformation: [-0.9702f,0.2393f,0.0381f,-4.2008f,-0.1616f,-0.5219f,-0.8375f,5.6411f,-0.1805f,-0.8187f,0.545f,1.3629f,0f,0f,0f,1f],start_interpolation: 0,interpolation_duration: 1}
$data merge entity $(right_forearm) {transformation: [-0.934f,1.005f,-0.1213f,-2.6528f,-0.3439f,-0.4703f,-1.2481f,4.9018f,-0.9521f,-0.816f,0.5698f,0.1943f,0f,0f,0f,1f],start_interpolation: 0,interpolation_duration: 1}
$data merge entity $(right_shoulder) {transformation: [-0.4088f,1.2917f,0.5605f,-1.0136f,0.583f,0.6866f,-1.157f,5.6586f,-1.2817f,-0.0997f,-0.705f,0.3538f,0f,0f,0f,1f],start_interpolation: 0,interpolation_duration: 1}
$data merge entity $(right_arm) {transformation: [-0.9466f,0.0499f,-0.3185f,-0.468f,0.0753f,0.9948f,-0.068f,5.9037f,0.3134f,-0.0883f,-0.9455f,0.1435f,0f,0f,0f,1f],start_interpolation: 0,interpolation_duration: 1}
$data merge entity $(left_thumb_2) {transformation: [-0.7731f,-0.6261f,0.1016f,3.8606f,0.1613f,-0.349f,-0.9231f,5.5911f,0.6134f,-0.6973f,0.3708f,-1.0899f,0f,0f,0f,1f],start_interpolation: 0,interpolation_duration: 1}
$data merge entity $(left_thumb) {transformation: [-0.7731f,-0.4735f,0.4221f,3.8169f,0.1613f,-0.7904f,-0.591f,5.3212f,0.6134f,-0.3888f,0.6874f,-1.3157f,0f,0f,0f,1f],start_interpolation: 0,interpolation_duration: 1}
$data merge entity $(left_fingers2) {transformation: [0.0259f,0.9874f,0.1558f,4.1839f,-0.4317f,0.1516f,-0.8892f,5.5864f,-0.9017f,-0.0442f,0.4302f,-0.7132f,0f,0f,0f,1f],start_interpolation: 0,interpolation_duration: 1}
$data merge entity $(left_fingers) {transformation: [-0.9584f,0.239f,0.1558f,4.2802f,-0.2415f,-0.3886f,-0.8892f,5.4759f,-0.152f,-0.8899f,0.4302f,-0.9593f,0f,0f,0f,1f],start_interpolation: 0,interpolation_duration: 1}
$data merge entity $(left_hand) {transformation: [-0.7731f,-0.6149f,0.1558f,3.9055f,0.1613f,-0.4281f,-0.8892f,5.1745f,0.6134f,-0.6623f,0.4302f,-1.344f,0f,0f,0f,1f],start_interpolation: 0,interpolation_duration: 1}
$data merge entity $(left_forearm) {transformation: [-0.1304f,-1.3115f,0.4003f,1.9397f,0.2168f,-0.4167f,-1.2948f,4.5087f,1.3539f,-0.0596f,0.2458f,-1.3685f,0f,0f,0f,1f],start_interpolation: 0,interpolation_duration: 1}
$data merge entity $(left_shoulder) {transformation: [0.3382f,-0.9435f,-1.0702f,0.892f,-0.6173f,0.8948f,-0.9839f,5.5069f,1.2862f,0.6775f,-0.1908f,-0.2771f,0f,0f,0f,1f],start_interpolation: 0,interpolation_duration: 1}
$data merge entity $(left_arm) {transformation: [-0.9466f,0.0499f,-0.3185f,0.3699f,0.0753f,0.9948f,-0.068f,5.837f,0.3134f,-0.0883f,-0.9455f,-0.1339f,0f,0f,0f,1f],start_interpolation: 0,interpolation_duration: 1}
$data merge entity $(chest) {transformation: [-1.2103f,0.0638f,-0.4072f,-0.1502f,0.0963f,1.2719f,-0.0869f,4.0713f,0.4007f,-0.1129f,-1.2089f,0.1316f,0f,0f,0f,1f],start_interpolation: 0,interpolation_duration: 1}
$data merge entity $(left_cheek) {transformation: [-0.8786f,-0.4406f,-0.1844f,-0.2709f,-0.3614f,0.8657f,-0.3463f,3.0154f,0.3122f,-0.2376f,-0.9198f,-0.7337f,0f,0f,0f,1f],start_interpolation: 0,interpolation_duration: 1}
$data merge entity $(left_foot) {transformation: [-0.7869f,0.0621f,-0.6498f,1.3159f,-0.0091f,1.0166f,0.1081f,-3.7453f,0.6527f,0.089f,-0.7819f,-2.0093f,0f,0f,0f,1f],start_interpolation: 0,interpolation_duration: 1}
$data merge entity $(left_knee) {transformation: [-2.4886f,0.1787f,-1.7398f,1.5635f,-0.8864f,2.4795f,1.5227f,-0.226f,1.5077f,1.7528f,-1.9765f,0.2925f,0f,0f,0f,1f],start_interpolation: 0,interpolation_duration: 1}
$data merge entity $(left_leg) {transformation: [-1.4056f,-0.7428f,-0.6511f,0.334f,-0.5007f,1.5119f,-0.6441f,2.1942f,0.8515f,-0.3372f,-1.4535f,-0.1697f,0f,0f,0f,1f],start_interpolation: 0,interpolation_duration: 1}
$data merge entity $(right_cheek) {transformation: [-0.8534f,0.1138f,-0.5086f,-0.8329f,0.374f,0.8134f,-0.4455f,2.9272f,0.363f,-0.5705f,-0.7367f,-0.5136f,0f,0f,0f,1f],start_interpolation: 0,interpolation_duration: 1}
$data merge entity $(right_foot) {transformation: [-0.9888f,-0.0239f,0.2586f,-2.1955f,-0.0217f,1.0221f,0.0115f,-3.8828f,-0.2588f,0.0057f,-0.9891f,1.6875f,0f,0f,0f,1f],start_interpolation: 0,interpolation_duration: 1}
$data merge entity $(right_knee) {transformation: [-2.9465f,0.4324f,0.6189f,-1.6562f,0.5242f,2.9662f,0.4232f,0.2548f,-0.5434f,0.5166f,-2.9479f,2.2662f,0f,0f,0f,1f],start_interpolation: 0,interpolation_duration: 1}
$data merge entity $(right_leg) {transformation: [-1.6642f,0.4261f,0.0184f,-0.905f,0.2961f,1.2076f,-1.1855f,2.2119f,-0.3069f,-1.1452f,-1.2432f,0.4807f,0f,0f,0f,1f],start_interpolation: 0,interpolation_duration: 1}
$data merge entity $(weist) {transformation: [-1.4363f,0.0435f,-0.7531f,-0.2958f,0.0204f,1.6213f,0.0546f,3.8566f,0.7541f,0.0389f,-1.4359f,0.091f,0f,0f,0f,1f],start_interpolation: 0,interpolation_duration: 1}
data modify storage animated_java:temp entry.data merge value {"locators":{"consume":{"px":-4.1585237171,"py":6.0365261314,"pz":2.0113687853,"ry":176.0011298368,"rx":-56.8816931736}}}
# Data Manager: Prepare for Read / Write
execute store result storage animated_java:temp args.id int 1 run scoreboard players get @s aj.id
# Data Manager: Write
function animated_java:global/data_manager/write with storage animated_java:temp args