# This file was generated by Animated Java via MC-Build. It is not recommended to edit this file directly.
$data merge entity $(neck) {transformation: [-0.9506f,0.0631f,-0.3038f,-0.0546f,0.0704f,0.9974f,-0.0131f,5.9486f,0.3022f,-0.0338f,-0.9526f,-0.0765f,0f,0f,0f,1f],start_interpolation: 0,interpolation_duration: 1}
$data merge entity $(right_thumb_2) {transformation: [-0.9817f,0.1419f,-0.1272f,-3.8142f,0.0644f,-0.3809f,-0.9224f,6.2612f,-0.1793f,-0.9136f,0.3648f,1.6774f,0f,0f,0f,1f],start_interpolation: 0,interpolation_duration: 1}
$data merge entity $(right_thumb) {transformation: [-0.9817f,0.0514f,-0.1835f,-3.9406f,0.0644f,-0.8169f,-0.5732f,6.0161f,-0.1793f,-0.5746f,0.7986f,1.4547f,0f,0f,0f,1f],start_interpolation: 0,interpolation_duration: 1}
$data merge entity $(right_fingers2) {transformation: [0.5312f,-0.8358f,-0.139f,-3.9217f,0.3109f,0.3449f,-0.8856f,6.2759f,0.7882f,0.4272f,0.443f,2.1619f,0f,0f,0f,1f],start_interpolation: 0,interpolation_duration: 1}
$data merge entity $(right_fingers) {transformation: [-0.701f,-0.6995f,-0.139f,-4.1419f,0.404f,-0.2289f,-0.8856f,6.2156f,0.5877f,-0.677f,0.443f,1.9888f,0f,0f,0f,1f],start_interpolation: 0,interpolation_duration: 1}
$data merge entity $(scout) {transformation: [0f,0f,0f,-3.9768f,0f,0f,0f,6.0891f,0f,0f,0f,2.0285f,0f,0f,0f,1f],start_interpolation: 0,interpolation_duration: 1}
$data merge entity $(right_hand) {transformation: [-0.9817f,0.1303f,-0.139f,-4.0631f,0.0644f,-0.4599f,-0.8856f,5.8937f,-0.1793f,-0.8784f,0.443f,1.4698f,0f,0f,0f,1f],start_interpolation: 0,interpolation_duration: 1}
$data merge entity $(right_forearm) {transformation: [-1.0087f,0.8827f,-0.317f,-2.7033f,-0.0632f,-0.5284f,-1.2704f,5.0543f,-0.9358f,-0.9158f,0.4274f,0.1451f,0f,0f,0f,1f],start_interpolation: 0,interpolation_duration: 1}
$data merge entity $(right_shoulder) {transformation: [-0.456f,1.3205f,0.4451f,-1.0157f,0.7777f,0.6298f,-1.0716f,5.6999f,-1.1563f,-0.0972f,-0.8963f,0.2885f,0f,0f,0f,1f],start_interpolation: 0,interpolation_duration: 1}
$data merge entity $(right_arm) {transformation: [-0.9506f,0.0631f,-0.3038f,-0.4639f,0.0704f,0.9974f,-0.0131f,5.949f,0.3022f,-0.0338f,-0.9526f,0.1002f,0f,0f,0f,1f],start_interpolation: 0,interpolation_duration: 1}
$data merge entity $(left_thumb_2) {transformation: [-0.8299f,-0.5245f,0.1901f,3.8449f,-0.0376f,-0.2874f,-0.9571f,5.8386f,0.5566f,-0.8014f,0.2188f,-0.6827f,0f,0f,0f,1f],start_interpolation: 0,interpolation_duration: 1}
$data merge entity $(left_thumb) {transformation: [-0.8299f,-0.3402f,0.4421f,3.8523f,-0.0376f,-0.7566f,-0.6527f,5.61f,0.5566f,-0.5583f,0.6152f,-0.9535f,0f,0f,0f,1f],start_interpolation: 0,interpolation_duration: 1}
$data merge entity $(left_fingers2) {transformation: [0.1459f,0.961f,0.2351f,4.1379f,-0.2591f,0.2664f,-0.9284f,5.8033f,-0.9548f,0.0745f,0.2879f,-0.2834f,0f,0f,0f,1f],start_interpolation: 0,interpolation_duration: 1}
$data merge entity $(left_fingers) {transformation: [-0.9066f,0.3504f,0.2351f,4.2651f,-0.3162f,-0.1953f,-0.9284f,5.7497f,-0.2794f,-0.916f,0.2879f,-0.5345f,0f,0f,0f,1f],start_interpolation: 0,interpolation_duration: 1}
$data merge entity $(left_hand) {transformation: [-0.8299f,-0.5059f,0.2351f,3.9605f,-0.0376f,-0.3697f,-0.9284f,5.4814f,0.5566f,-0.7793f,0.2879f,-0.9976f,0f,0f,0f,1f],start_interpolation: 0,interpolation_duration: 1}
$data merge entity $(left_forearm) {transformation: [-0.322f,-1.2527f,0.4735f,2.0779f,-0.0138f,-0.4838f,-1.2895f,4.7053f,1.3391f,-0.3062f,0.1006f,-1.3994f,0f,0f,0f,1f],start_interpolation: 0,interpolation_duration: 1}
$data merge entity $(left_shoulder) {transformation: [0.1707f,-1.0234f,-1.0361f,0.8979f,-0.7978f,0.8069f,-0.9285f,5.5582f,1.2183f,0.6719f,-0.4629f,-0.3198f,0f,0f,0f,1f],start_interpolation: 0,interpolation_duration: 1}
$data merge entity $(left_arm) {transformation: [-0.9506f,0.0631f,-0.3038f,0.3775f,0.0704f,0.9974f,-0.0131f,5.8867f,0.3022f,-0.0338f,-0.9526f,-0.1673f,0f,0f,0f,1f],start_interpolation: 0,interpolation_duration: 1}
$data merge entity $(chest) {transformation: [-1.2154f,0.0807f,-0.3884f,-0.1677f,0.09f,1.2753f,-0.0167f,4.116f,0.3864f,-0.0433f,-1.218f,-0.0054f,0f,0f,0f,1f],start_interpolation: 0,interpolation_duration: 1}
$data merge entity $(left_cheek) {transformation: [-0.8706f,-0.4505f,-0.1978f,-0.3094f,-0.3669f,0.8623f,-0.3489f,3.0524f,0.3278f,-0.2312f,-0.916f,-0.8589f,0f,0f,0f,1f],start_interpolation: 0,interpolation_duration: 1}
$data merge entity $(left_foot) {transformation: [-0.7755f,0.0566f,-0.6638f,1.3016f,-0.0135f,1.0171f,0.1025f,-3.6992f,0.6661f,0.0865f,-0.7708f,-2.152f,0f,0f,0f,1f],start_interpolation: 0,interpolation_duration: 1}
$data merge entity $(left_knee) {transformation: [-2.4563f,0.1917f,-1.7838f,1.5644f,-0.9011f,2.4833f,1.5077f,-0.1747f,1.5513f,1.746f,-1.9486f,0.1403f,0f,0f,0f,1f],start_interpolation: 0,interpolation_duration: 1}
$data merge entity $(left_leg) {transformation: [-1.3873f,-0.7589f,-0.6715f,0.3107f,-0.5089f,1.5063f,-0.6508f,2.2363f,0.8762f,-0.3266f,-1.4412f,-0.3043f,0f,0f,0f,1f],start_interpolation: 0,interpolation_duration: 1}
$data merge entity $(right_cheek) {transformation: [-0.8434f,0.1063f,-0.5267f,-0.8636f,0.3765f,0.8161f,-0.4383f,2.9848f,0.3832f,-0.568f,-0.7284f,-0.6297f,0f,0f,0f,1f],start_interpolation: 0,interpolation_duration: 1}
$data merge entity $(right_foot) {transformation: [-0.9942f,-0.0171f,0.2377f,-2.2228f,-0.0147f,1.0222f,0.0118f,-3.8349f,-0.2379f,0.0081f,-0.9943f,1.553f,0f,0f,0f,1f],start_interpolation: 0,interpolation_duration: 1}
$data merge entity $(right_knee) {transformation: [-2.9544f,0.4601f,0.5587f,-1.648f,0.5438f,2.9606f,0.4373f,0.2962f,-0.4777f,0.5246f,-2.9578f,2.1443f,0f,0f,0f,1f],start_interpolation: 0,interpolation_duration: 1}
$data merge entity $(right_leg) {transformation: [-1.6686f,0.4085f,-0.0147f,-0.9237f,0.3071f,1.212f,-1.1782f,2.2597f,-0.2698f,-1.1469f,-1.2503f,0.3547f,0f,0f,0f,1f],start_interpolation: 0,interpolation_duration: 1}
$data merge entity $(weist) {transformation: [-1.431f,0.0477f,-0.7629f,-0.3132f,0.0271f,1.6213f,0.0506f,3.9013f,0.7639f,0.0319f,-1.4309f,-0.046f,0f,0f,0f,1f],start_interpolation: 0,interpolation_duration: 1}
data modify storage animated_java:temp entry.data merge value {"locators":{"consume":{"px":-3.9432728067,"py":6.1926219502,"pz":2.1589418,"ry":197.4233388692,"rx":-62.3315534858}}}
# Data Manager: Prepare for Read / Write
execute store result storage animated_java:temp args.id int 1 run scoreboard players get @s aj.id
# Data Manager: Write
function animated_java:global/data_manager/write with storage animated_java:temp args