# This file was generated by Animated Java via MC-Build. It is not recommended to edit this file directly.
$data merge entity $(neck) {transformation: [-0.955f,0.0761f,-0.2868f,-0.0502f,0.0648f,0.9967f,0.0487f,5.9979f,0.2896f,0.0279f,-0.9568f,-0.1167f,0f,0f,0f,1f],start_interpolation: 0,interpolation_duration: 1}
$data merge entity $(right_thumb_2) {transformation: [-0.9542f,0.002f,-0.2992f,-3.4729f,0.285f,-0.2994f,-0.9106f,6.3356f,-0.0914f,-0.9541f,0.2851f,1.9374f,0f,0f,0f,1f],start_interpolation: 0,interpolation_duration: 1}
$data merge entity $(right_thumb) {transformation: [-0.9542f,-0.1591f,-0.2534f,-3.662f,0.285f,-0.7418f,-0.6071f,6.1478f,-0.0914f,-0.6515f,0.7531f,1.7037f,0f,0f,0f,1f],start_interpolation: 0,interpolation_duration: 1}
$data merge entity $(right_fingers2) {transformation: [0.6318f,-0.7154f,-0.2983f,-3.5455f,0.1061f,0.461f,-0.881f,6.3189f,0.7678f,0.525f,0.3672f,2.4283f,0f,0f,0f,1f],start_interpolation: 0,interpolation_duration: 1}
$data merge entity $(right_fingers) {transformation: [-0.5617f,-0.7717f,-0.2983f,-3.7834f,0.473f,-0.0038f,-0.881f,6.3247f,0.6787f,-0.636f,0.3672f,2.2689f,0f,0f,0f,1f],start_interpolation: 0,interpolation_duration: 1}
$data merge entity $(scout) {transformation: [0f,0f,0f,-3.6471f,0f,0f,0f,6.1633f,0f,0f,0f,2.2828f,0f,0f,0f,1f],start_interpolation: 0,interpolation_duration: 1}
$data merge entity $(right_hand) {transformation: [-0.9542f,-0.0241f,-0.2983f,-3.8066f,0.285f,-0.3776f,-0.881f,6.0524f,-0.0914f,-0.9257f,0.3672f,1.7171f,0f,0f,0f,1f],start_interpolation: 0,interpolation_duration: 1}
$data merge entity $(right_forearm) {transformation: [-1.0878f,0.6891f,-0.4888f,-2.7414f,0.2126f,-0.5479f,-1.2457f,5.173f,-0.8177f,-1.0592f,0.3264f,0.1677f,0f,0f,0f,1f],start_interpolation: 0,interpolation_duration: 1}
$data merge entity $(right_shoulder) {transformation: [-0.5384f,1.3302f,0.3007f,-1.0207f,0.9518f,0.598f,-0.9414f,5.7406f,-0.9767f,-0.1505f,-1.0832f,0.216f,0f,0f,0f,1f],start_interpolation: 0,interpolation_duration: 1}
$data merge entity $(right_arm) {transformation: [-0.955f,0.0761f,-0.2868f,-0.4625f,0.0648f,0.9967f,0.0487f,5.9932f,0.2896f,0.0279f,-0.9568f,0.0527f,0f,0f,0f,1f],start_interpolation: 0,interpolation_duration: 1}
$data merge entity $(left_thumb_2) {transformation: [-0.8843f,-0.3649f,0.2912f,3.7375f,-0.2192f,-0.2264f,-0.9491f,5.9798f,0.4122f,-0.9031f,0.1202f,-0.1298f,0f,0f,0f,1f],start_interpolation: 0,interpolation_duration: 1}
$data merge entity $(left_thumb) {transformation: [-0.8843f,-0.1513f,0.4417f,3.8138f,-0.2192f,-0.7008f,-0.6788f,5.7964f,0.4122f,-0.6971f,0.5866f,-0.4234f,0f,0f,0f,1f],start_interpolation: 0,interpolation_duration: 1}
$data merge entity $(left_fingers2) {transformation: [0.3094f,0.8948f,0.3219f,3.9755f,-0.0952f,0.366f,-0.9257f,5.9211f,-0.9461f,0.2558f,0.1985f,0.302f,0f,0f,0f,1f],start_interpolation: 0,interpolation_duration: 1}
$data merge entity $(left_fingers) {transformation: [-0.8066f,0.4958f,0.3219f,4.1419f,-0.3779f,-0.0138f,-0.9257f,5.921f,-0.4545f,-0.8684f,0.1985f,0.0688f,0f,0f,0f,1f],start_interpolation: 0,interpolation_duration: 1}
$data merge entity $(left_hand) {transformation: [-0.8843f,-0.3381f,0.3219f,3.9441f,-0.2192f,-0.3082f,-0.9257f,5.6897f,0.4122f,-0.8892f,0.1985f,-0.4665f,0f,0f,0f,1f],start_interpolation: 0,interpolation_duration: 1}
$data merge entity $(left_forearm) {transformation: [-0.5691f,-1.1257f,0.5532f,2.2452f,-0.2186f,-0.5092f,-1.261f,4.8679f,1.2351f,-0.6088f,0.0317f,-1.3308f,0f,0f,0f,1f],start_interpolation: 0,interpolation_duration: 1}
$data merge entity $(left_shoulder) {transformation: [-0.0491f,-1.1189f,-0.9463f,0.9016f,-0.952f,0.7442f,-0.8305f,5.6101f,1.1141f,0.5866f,-0.7514f,-0.3669f,0f,0f,0f,1f],start_interpolation: 0,interpolation_duration: 1}
$data merge entity $(left_arm) {transformation: [-0.955f,0.0761f,-0.2868f,0.3827f,0.0648f,0.9967f,0.0487f,5.9358f,0.2896f,0.0279f,-0.9568f,-0.2036f,0f,0f,0f,1f],start_interpolation: 0,interpolation_duration: 1}
$data merge entity $(chest) {transformation: [-1.221f,0.0973f,-0.3667f,-0.1873f,0.0829f,1.2743f,0.0622f,4.1661f,0.3702f,0.0356f,-1.2233f,-0.1589f,0f,0f,0f,1f],start_interpolation: 0,interpolation_duration: 1}
$data merge entity $(left_cheek) {transformation: [-0.8613f,-0.4615f,-0.2127f,-0.3524f,-0.3731f,0.8585f,-0.352f,3.094f,0.345f,-0.2238f,-0.9115f,-0.999f,0f,0f,0f,1f],start_interpolation: 0,interpolation_duration: 1}
$data merge entity $(left_foot) {transformation: [-0.7624f,0.0504f,-0.6793f,1.2854f,-0.0183f,1.0177f,0.0961f,-3.6473f,0.6809f,0.0838f,-0.758f,-2.3125f,0f,0f,0f,1f],start_interpolation: 0,interpolation_duration: 1}
$data merge entity $(left_knee) {transformation: [-2.419f,0.2061f,-1.8325f,1.5652f,-0.9173f,2.4876f,1.4907f,-0.117f,1.5997f,1.7382f,-1.9162f,-0.0311f,0f,0f,0f,1f],start_interpolation: 0,interpolation_duration: 1}
$data merge entity $(left_leg) {transformation: [-1.3663f,-0.7766f,-0.694f,0.2846f,-0.5181f,1.4999f,-0.6583f,2.2836f,0.9035f,-0.3142f,-1.427f,-0.4551f,0f,0f,0f,1f],start_interpolation: 0,interpolation_duration: 1}
$data merge entity $(right_cheek) {transformation: [-0.8316f,0.0983f,-0.5467f,-0.8969f,0.3794f,0.8193f,-0.4299f,3.0494f,0.4056f,-0.5649f,-0.7186f,-0.7594f,0f,0f,0f,1f],start_interpolation: 0,interpolation_duration: 1}
$data merge entity $(right_foot) {transformation: [-0.9996f,-0.009f,0.2142f,-2.2556f,-0.0066f,1.0223f,0.0124f,-3.7807f,-0.2143f,0.0108f,-0.9996f,1.4013f,0f,0f,0f,1f],start_interpolation: 0,interpolation_duration: 1}
$data merge entity $(right_knee) {transformation: [-2.9611f,0.4921f,0.4915f,-1.6394f,0.5663f,2.9539f,0.4539f,0.3423f,-0.4039f,0.5334f,-2.9673f,2.0065f,0f,0f,0f,1f],start_interpolation: 0,interpolation_duration: 1}
$data merge entity $(right_leg) {transformation: [-1.6724f,0.3894f,-0.0521f,-0.9445f,0.3198f,1.2172f,-1.1694f,2.3133f,-0.2281f,-1.1482f,-1.2574f,0.2134f,0f,0f,0f,1f],start_interpolation: 0,interpolation_duration: 1}
$data merge entity $(weist) {transformation: [-1.4249f,0.0523f,-0.774f,-0.3328f,0.0345f,1.6213f,0.0462f,3.9514f,0.775f,0.0242f,-1.4251f,-0.1995f,0f,0f,0f,1f],start_interpolation: 0,interpolation_duration: 1}
data modify storage animated_java:temp entry.data merge value {"locators":{"consume":{"px":-3.5844279492,"py":6.2426937669,"pz":2.4192465479,"ry":219.0883333271,"rx":-61.7666055971}}}
# Data Manager: Prepare for Read / Write
execute store result storage animated_java:temp args.id int 1 run scoreboard players get @s aj.id
# Data Manager: Write
function animated_java:global/data_manager/write with storage animated_java:temp args