# This file was generated by Animated Java via MC-Build. It is not recommended to edit this file directly.
$data merge entity $(neck) {transformation: [-0.9593f,0.0878f,-0.2682f,-0.0493f,0.0588f,0.9917f,0.1144f,6.0426f,0.2761f,0.094f,-0.9565f,-0.1588f,0f,0f,0f,1f],start_interpolation: 0,interpolation_duration: 1}
$data merge entity $(right_thumb_2) {transformation: [-0.8876f,-0.1789f,-0.4245f,-3.0139f,0.4564f,-0.2171f,-0.8629f,6.2658f,0.0622f,-0.9596f,0.2743f,2.2157f,0f,0f,0f,1f],start_interpolation: 0,interpolation_duration: 1}
$data merge entity $(right_thumb) {transformation: [-0.8876f,-0.3789f,-0.2619f,-3.2637f,0.4564f,-0.6467f,-0.6111f,6.134f,0.0622f,-0.662f,0.747f,2.0015f,0f,0f,0f,1f],start_interpolation: 0,interpolation_duration: 1}
$data merge entity $(right_fingers2) {transformation: [0.7354f,-0.5416f,-0.4073f,-3.0235f,-0.0701f,0.537f,-0.8407f,6.2227f,0.674f,0.6468f,0.3569f,2.7102f,0f,0f,0f,1f],start_interpolation: 0,interpolation_duration: 1}
$data merge entity $(right_fingers) {transformation: [-0.3696f,-0.8352f,-0.4073f,-3.2749f,0.5091f,0.1847f,-0.8407f,6.2835f,0.7773f,-0.5181f,0.3569f,2.5872f,0f,0f,0f,1f],start_interpolation: 0,interpolation_duration: 1}
$data merge entity $(scout) {transformation: [0f,0f,0f,-3.1706f,0f,0f,0f,6.0999f,0f,0f,0f,2.5724f,0f,0f,0f,1f],start_interpolation: 0,interpolation_duration: 1}
$data merge entity $(right_hand) {transformation: [-0.8876f,-0.2152f,-0.4073f,-3.4206f,0.4564f,-0.2914f,-0.8407f,6.0651f,0.0622f,-0.9321f,0.3569f,2.0301f,0f,0f,0f,1f],start_interpolation: 0,interpolation_duration: 1}
$data merge entity $(right_forearm) {transformation: [-1.162f,0.4289f,-0.6025f,-2.7483f,0.4293f,-0.5227f,-1.1999f,5.2164f,-0.6023f,-1.2f,0.3073f,0.2592f,0f,0f,0f,1f],start_interpolation: 0,interpolation_duration: 1}
$data merge entity $(right_shoulder) {transformation: [-0.6549f,1.3054f,0.1302f,-1.029f,1.0732f,0.6168f,-0.7859f,5.7774f,-0.7544f,-0.2557f,-1.231f,0.1391f,0f,0f,0f,1f],start_interpolation: 0,interpolation_duration: 1}
$data merge entity $(right_arm) {transformation: [-0.9593f,0.0878f,-0.2682f,-0.4648f,0.0588f,0.9917f,0.1144f,6.0325f,0.2761f,0.094f,-0.9565f,0.0026f,0f,0f,0f,1f],start_interpolation: 0,interpolation_duration: 1}
$data merge entity $(left_thumb_2) {transformation: [-0.9125f,-0.1499f,0.3806f,3.4777f,-0.3517f,-0.1878f,-0.9171f,6.0011f,0.2089f,-0.9707f,0.1186f,0.4699f,0f,0f,0f,1f],start_interpolation: 0,interpolation_duration: 1}
$data merge entity $(left_thumb) {transformation: [-0.9125f,0.0781f,0.4015f,3.6325f,-0.3517f,-0.6511f,-0.6726f,5.8533f,0.2089f,-0.755f,0.6216f,0.1872f,0f,0f,0f,1f],start_interpolation: 0,interpolation_duration: 1}
$data merge entity $(left_fingers2) {transformation: [0.4976f,0.7737f,0.3922f,3.6324f,0.0216f,0.441f,-0.8972f,5.9328f,-0.8671f,0.4549f,0.2028f,0.9367f,0f,0f,0f,1f],start_interpolation: 0,interpolation_duration: 1}
$data merge entity $(left_fingers) {transformation: [-0.6476f,0.6532f,0.3922f,3.8397f,-0.4259f,0.1165f,-0.8972f,5.9714f,-0.6318f,-0.7481f,0.2028f,0.7428f,0f,0f,0f,1f],start_interpolation: 0,interpolation_duration: 1}
$data merge entity $(left_hand) {transformation: [-0.9125f,-0.1161f,0.3922f,3.7811f,-0.3517f,-0.267f,-0.8972f,5.766f,0.2089f,-0.9567f,0.2028f,0.1652f,0f,0f,0f,1f],start_interpolation: 0,interpolation_duration: 1}
$data merge entity $(left_forearm) {transformation: [-0.8378f,-0.9089f,0.6076f,2.3997f,-0.3506f,-0.5018f,-1.2339f,4.9509f,1.0355f,-0.9052f,0.0739f,-1.1522f,0f,0f,0f,1f],start_interpolation: 0,interpolation_duration: 1}
$data merge entity $(left_shoulder) {transformation: [-0.306f,-1.1985f,-0.7874f,0.9022f,-1.0498f,0.7356f,-0.7118f,5.6591f,0.9768f,0.4152f,-1.0116f,-0.4166f,0f,0f,0f,1f],start_interpolation: 0,interpolation_duration: 1}
$data merge entity $(left_arm) {transformation: [-0.9593f,0.0878f,-0.2682f,0.3843f,0.0588f,0.9917f,0.1144f,5.9805f,0.2761f,0.094f,-0.9565f,-0.2417f,0f,0f,0f,1f],start_interpolation: 0,interpolation_duration: 1}
$data merge entity $(chest) {transformation: [-1.2266f,0.1123f,-0.3429f,-0.2081f,0.0752f,1.2679f,0.1463f,4.2195f,0.3529f,0.1202f,-1.223f,-0.3224f,0f,0f,0f,1f],start_interpolation: 0,interpolation_duration: 1}
$data merge entity $(left_cheek) {transformation: [-0.8509f,-0.473f,-0.2285f,-0.3977f,-0.3795f,0.8543f,-0.3553f,3.1382f,0.3632f,-0.2156f,-0.9064f,-1.1477f,0f,0f,0f,1f],start_interpolation: 0,interpolation_duration: 1}
$data merge entity $(left_foot) {transformation: [-0.7481f,0.0438f,-0.6955f,1.268f,-0.0233f,1.0182f,0.0892f,-3.5918f,0.6964f,0.0812f,-0.7441f,-2.4841f,0f,0f,0f,1f],start_interpolation: 0,interpolation_duration: 1}
$data merge entity $(left_knee) {transformation: [-2.3781f,0.2214f,-1.8836f,1.5655f,-0.9343f,2.4922f,1.4724f,-0.0554f,1.6505f,1.7297f,-1.8805f,-0.2144f,0f,0f,0f,1f],start_interpolation: 0,interpolation_duration: 1}
$data merge entity $(left_leg) {transformation: [-1.3431f,-0.7951f,-0.7178f,0.2569f,-0.5277f,1.4929f,-0.6664f,2.3339f,0.9322f,-0.3006f,-1.4114f,-0.6158f,0f,0f,0f,1f],start_interpolation: 0,interpolation_duration: 1}
$data merge entity $(right_cheek) {transformation: [-0.8183f,0.0902f,-0.5677f,-0.9312f,0.3824f,0.8228f,-0.4205f,3.1182f,0.4292f,-0.5612f,-0.7077f,-0.8973f,0f,0f,0f,1f],start_interpolation: 0,interpolation_duration: 1}
$data merge entity $(right_foot) {transformation: [-1.0047f,-0.0002f,0.1892f,-2.2931f,0.0023f,1.0223f,0.0134f,-3.7226f,-0.1892f,0.0136f,-1.0046f,1.2388f,0f,0f,0f,1f],start_interpolation: 0,interpolation_duration: 1}
$data merge entity $(right_knee) {transformation: [-2.966f,0.5275f,0.4203f,-1.631f,0.5909f,2.9461f,0.4724f,0.3912f,-0.3252f,0.5423f,-2.9753f,1.8584f,0f,0f,0f,1f],start_interpolation: 0,interpolation_duration: 1}
$data merge entity $(right_leg) {transformation: [-1.6752f,0.3696f,-0.0924f,-0.9665f,0.3337f,1.2228f,-1.1596f,2.3704f,-0.1837f,-1.1487f,-1.2642f,0.0628f,0f,0f,0f,1f],start_interpolation: 0,interpolation_duration: 1}
$data merge entity $(weist) {transformation: [-1.4182f,0.0572f,-0.7857f,-0.3536f,0.0422f,1.6213f,0.0417f,4.0048f,0.7867f,0.016f,-1.4188f,-0.363f,0f,0f,0f,1f],start_interpolation: 0,interpolation_duration: 1}
data modify storage animated_java:temp entry.data merge value {"locators":{"consume":{"px":-3.0768532784,"py":6.1556233781,"pz":2.7026793492,"ry":228.7722571156,"rx":-57.2117690993}}}
# Data Manager: Prepare for Read / Write
execute store result storage animated_java:temp args.id int 1 run scoreboard players get @s aj.id
# Data Manager: Write
function animated_java:global/data_manager/write with storage animated_java:temp args
execute unless entity @s[tag=aj.transforms_only] at @s run function animated_java:female/animations/berserk_start/zzz/frames/38_root_function