# This file was generated by Animated Java via MC-Build. It is not recommended to edit this file directly.
$data merge entity $(neck) {transformation: [-0.9636f,0.0975f,-0.249f,-0.0525f,0.0526f,0.982f,0.1812f,6.08f,0.2622f,0.1615f,-0.9514f,-0.2015f,0f,0f,0f,1f],start_interpolation: 0,interpolation_duration: 1}
$data merge entity $(right_thumb_2) {transformation: [-0.7944f,-0.3791f,-0.4745f,-2.4669f,0.562f,-0.1627f,-0.811f,6.098f,0.2303f,-0.9109f,0.3423f,2.4045f,0f,0f,0f,1f],start_interpolation: 0,interpolation_duration: 1}
$data merge entity $(right_thumb) {transformation: [-0.7944f,-0.5747f,-0.1965f,-2.7668f,0.562f,-0.5729f,-0.5966f,6.0054f,0.2303f,-0.5844f,0.7781f,2.2396f,0f,0f,0f,1f],start_interpolation: 0,interpolation_duration: 1}
$data merge entity $(right_fingers2) {transformation: [0.8316f,-0.3392f,-0.4397f,-2.3907f,-0.183f,0.5801f,-0.7937f,6.041f,0.5243f,0.7405f,0.4204f,2.8918f,0f,0f,0f,1f],start_interpolation: 0,interpolation_duration: 1}
$data merge entity $(right_fingers) {transformation: [-0.1512f,-0.8853f,-0.4397f,-2.6505f,0.5268f,0.3042f,-0.7937f,6.1367f,0.8364f,-0.3516f,0.4204f,2.8182f,0f,0f,0f,1f],start_interpolation: 0,interpolation_duration: 1}
$data merge entity $(scout) {transformation: [0f,0f,0f,-2.5753f,0f,0f,0f,5.942f,0f,0f,0f,2.7829f,0f,0f,0f,1f],start_interpolation: 0,interpolation_duration: 1}
$data merge entity $(right_hand) {transformation: [-0.7944f,-0.419f,-0.4397f,-2.9233f,0.562f,-0.2327f,-0.7937f,5.9559f,0.2303f,-0.8776f,0.4204f,2.2966f,0f,0f,0f,1f],start_interpolation: 0,interpolation_duration: 1}
$data merge entity $(right_forearm) {transformation: [-1.219f,0.128f,-0.6283f,-2.7027f,0.5508f,-0.4819f,-1.1669f,5.1648f,-0.3282f,-1.284f,0.3753f,0.3903f,0f,0f,0f,1f],start_interpolation: 0,interpolation_duration: 1}
$data merge entity $(right_shoulder) {transformation: [-0.7958f,1.2303f,-0.0543f,-1.0406f,1.1194f,0.6957f,-0.6424f,5.8081f,-0.5132f,-0.3901f,-1.3169f,0.0606f,0f,0f,0f,1f],start_interpolation: 0,interpolation_duration: 1}
$data merge entity $(right_arm) {transformation: [-0.9636f,0.0975f,-0.249f,-0.471f,0.0526f,0.982f,0.1812f,6.0645f,0.2622f,0.1615f,-0.9514f,-0.0486f,0f,0f,0f,1f],start_interpolation: 0,interpolation_duration: 1}
$data merge entity $(left_thumb_2) {transformation: [-0.9028f,0.0933f,0.4198f,3.0543f,-0.43f,-0.1997f,-0.8804f,5.9605f,0.0017f,-0.9754f,0.2204f,0.9898f,0f,0f,0f,1f],start_interpolation: 0,interpolation_duration: 1}
$data merge entity $(left_thumb) {transformation: [-0.9028f,0.3043f,0.3039f,3.2818f,-0.43f,-0.6415f,-0.6353f,5.8269f,0.0017f,-0.7042f,0.71f,0.753f,0f,0f,0f,1f],start_interpolation: 0,interpolation_duration: 1}
$data merge entity $(left_fingers2) {transformation: [0.6796f,0.6083f,0.4101f,3.103f,0.0652f,0.5066f,-0.8597f,5.9058f,-0.7307f,0.611f,0.3046f,1.4808f,0f,0f,0f,1f],start_interpolation: 0,interpolation_duration: 1}
$data merge entity $(left_fingers) {transformation: [-0.4468f,0.7951f,0.4101f,3.3452f,-0.4805f,0.1734f,-0.8597f,5.9624f,-0.7546f,-0.5811f,0.3046f,1.3387f,0f,0f,0f,1f],start_interpolation: 0,interpolation_duration: 1}
$data merge entity $(left_hand) {transformation: [-0.9028f,0.1296f,0.4101f,3.4384f,-0.43f,-0.2757f,-0.8597f,5.753f,0.0017f,-0.9525f,0.3046f,0.7672f,0f,0f,0f,1f],start_interpolation: 0,interpolation_duration: 1}
$data merge entity $(left_forearm) {transformation: [-1.0799f,-0.6163f,0.5925f,2.487f,-0.3843f,-0.5027f,-1.2234f,4.9354f,0.7636f,-1.1245f,0.2222f,-0.8865f,0f,0f,0f,1f],start_interpolation: 0,interpolation_duration: 1}
$data merge entity $(left_shoulder) {transformation: [-0.5747f,-1.2224f,-0.5703f,0.8991f,-1.0723f,0.7901f,-0.613f,5.7022f,0.8183f,0.1768f,-1.2037f,-0.4673f,0f,0f,0f,1f],start_interpolation: 0,interpolation_duration: 1}
$data merge entity $(left_arm) {transformation: [-0.9636f,0.0975f,-0.249f,0.3818f,0.0526f,0.982f,0.1812f,6.0179f,0.2622f,0.1615f,-0.9514f,-0.2807f,0f,0f,0f,1f],start_interpolation: 0,interpolation_duration: 1}
$data merge entity $(chest) {transformation: [-1.232f,0.1247f,-0.3184f,-0.2294f,0.0672f,1.2556f,0.2317f,4.2739f,0.3352f,0.2065f,-1.2164f,-0.4892f,0f,0f,0f,1f],start_interpolation: 0,interpolation_duration: 1}
$data merge entity $(left_cheek) {transformation: [-0.8399f,-0.4846f,-0.2444f,-0.4436f,-0.386f,0.8499f,-0.3587f,3.1833f,0.3816f,-0.2069f,-0.9009f,-1.2991f,0f,0f,0f,1f],start_interpolation: 0,interpolation_duration: 1}
$data merge entity $(left_foot) {transformation: [-0.7331f,0.037f,-0.7116f,1.2499f,-0.0284f,1.0187f,0.0822f,-3.5348f,0.712f,0.0787f,-0.7294f,-2.6599f,0f,0f,0f,1f],start_interpolation: 0,interpolation_duration: 1}
$data merge entity $(left_knee) {transformation: [-2.335f,0.2367f,-1.9349f,1.5654f,-0.9513f,2.4969f,1.4535f,0.0078f,1.7014f,1.7209f,-1.8428f,-0.4024f,0f,0f,0f,1f],start_interpolation: 0,interpolation_duration: 1}
$data merge entity $(left_leg) {transformation: [-1.3188f,-0.8137f,-0.7416f,0.2287f,-0.5373f,1.4857f,-0.6748f,2.3854f,0.961f,-0.2861f,-1.395f,-0.7798f,0f,0f,0f,1f],start_interpolation: 0,interpolation_duration: 1}
$data merge entity $(right_cheek) {transformation: [-0.804f,0.0825f,-0.5889f,-0.9648f,0.3855f,0.8264f,-0.4105f,3.1885f,0.4528f,-0.557f,-0.6962f,-1.0376f,0f,0f,0f,1f],start_interpolation: 0,interpolation_duration: 1}
$data merge entity $(right_foot) {transformation: [-1.0092f,0.0092f,0.1636f,-2.334f,0.0117f,1.0222f,0.0147f,-3.6627f,-0.1634f,0.0164f,-1.0091f,1.0722f,0f,0f,0f,1f],start_interpolation: 0,interpolation_duration: 1}
$data merge entity $(right_knee) {transformation: [-2.9685f,0.5649f,0.3482f,-1.6232f,0.6167f,2.9376f,0.4923f,0.4408f,-0.2449f,0.5511f,-2.9814f,1.7059f,0f,0f,0f,1f],start_interpolation: 0,interpolation_duration: 1}
$data merge entity $(right_leg) {transformation: [-1.6766f,0.35f,-0.1339f,-0.9887f,0.3483f,1.2288f,-1.1489f,2.4286f,-0.1383f,-1.1484f,-1.2702f,-0.091f,0f,0f,0f,1f],start_interpolation: 0,interpolation_duration: 1}
$data merge entity $(weist) {transformation: [-1.4113f,0.0619f,-0.7977f,-0.3748f,0.0501f,1.6211f,0.0372f,4.0592f,0.7986f,0.0077f,-1.4122f,-0.5298f,0f,0f,0f,1f],start_interpolation: 0,interpolation_duration: 1}
data modify storage animated_java:temp entry.data merge value {"locators":{"consume":{"px":-2.4527664732,"py":5.9814087014,"pz":2.8937914401,"ry":226.2838574045,"rx":-52.5329289795}}}
# Data Manager: Prepare for Read / Write
execute store result storage animated_java:temp args.id int 1 run scoreboard players get @s aj.id
# Data Manager: Write
function animated_java:global/data_manager/write with storage animated_java:temp args