# This file was generated by Animated Java via MC-Build. It is not recommended to edit this file directly.
$data merge entity $(neck) {transformation: [-1f,-0.0029f,0.0065f,-0.0053f,-0.0005f,0.9362f,0.3514f,6.1902f,-0.0071f,0.3514f,-0.9362f,-0.2242f,0f,0f,0f,1f],start_interpolation: 0,interpolation_duration: 1}
$data merge entity $(right_thumb_2) {transformation: [-0.4118f,-0.6846f,-0.6015f,-0.4459f,0.2316f,0.5597f,-0.7956f,4.2233f,0.8814f,-0.467f,-0.0719f,2.1499f,0f,0f,0f,1f],start_interpolation: 0,interpolation_duration: 1}
$data merge entity $(right_thumb) {transformation: [-0.4118f,-0.9006f,-0.1395f,-0.7947f,0.2316f,0.0446f,-0.9718f,4.2857f,0.8814f,-0.4325f,0.1903f,2.1388f,0f,0f,0f,1f],start_interpolation: 0,interpolation_duration: 1}
$data merge entity $(right_fingers2) {transformation: [0.8273f,0.1566f,-0.5395f,-0.2431f,-0.5229f,-0.1364f,-0.8414f,3.8277f,-0.2054f,0.9782f,-0.0309f,2.3709f,0f,0f,0f,1f],start_interpolation: 0,interpolation_duration: 1}
$data merge entity $(right_fingers) {transformation: [0.332f,-0.7738f,-0.5395f,-0.4581f,-0.2463f,0.481f,-0.8414f,3.9516f,0.9106f,0.4122f,-0.0309f,2.5138f,0f,0f,0f,1f],start_interpolation: 0,interpolation_duration: 1}
$data merge entity $(scout) {transformation: [0f,0f,0f,-0.4756f,0f,0f,0f,3.8427f,0f,0f,0f,2.3332f,0f,0f,0f,1f],start_interpolation: 0,interpolation_duration: 1}
$data merge entity $(right_hand) {transformation: [-0.4118f,-0.7344f,-0.5395f,-0.931f,0.2316f,0.4883f,-0.8414f,4.2132f,0.8814f,-0.4714f,-0.0309f,2.2185f,0f,0f,0f,1f],start_interpolation: 0,interpolation_duration: 1}
$data merge entity $(right_forearm) {transformation: [-1.0893f,-0.819f,0.1996f,-2.1119f,-0.4995f,0.3644f,-1.2308f,4.738f,0.6791f,-1.0457f,-0.5852f,0.5942f,0f,0f,0f,1f],start_interpolation: 0,interpolation_duration: 1}
$data merge entity $(right_shoulder) {transformation: [-1.2355f,0.6883f,-0.3868f,-1.0112f,0.7886f,1.0419f,-0.6651f,5.8707f,-0.0374f,-0.7685f,-1.2482f,-0.2951f,0f,0f,0f,1f],start_interpolation: 0,interpolation_duration: 1}
$data merge entity $(right_arm) {transformation: [-1f,-0.0029f,0.0065f,-0.4481f,-0.0005f,0.9362f,0.3514f,6.1451f,-0.0071f,0.3514f,-0.9362f,-0.1972f,0f,0f,0f,1f],start_interpolation: 0,interpolation_duration: 1}
$data merge entity $(left_thumb_2) {transformation: [-0.2809f,0.7399f,0.6113f,0.0638f,-0.4235f,0.476f,-0.7708f,4.7633f,-0.8612f,-0.4754f,0.1796f,2.3612f,0f,0f,0f,1f],start_interpolation: 0,interpolation_duration: 1}
$data merge entity $(left_thumb) {transformation: [-0.2809f,0.9524f,0.118f,0.4102f,-0.4235f,-0.0127f,-0.9058f,4.8347f,-0.8612f,-0.3045f,0.407f,2.3852f,0f,0f,0f,1f],start_interpolation: 0,interpolation_duration: 1}
$data merge entity $(left_fingers2) {transformation: [0.786f,-0.2928f,0.5445f,-0.1655f,0.584f,0.0628f,-0.8093f,4.4146f,0.2028f,0.9541f,0.2204f,2.6302f,0f,0f,0f,1f],start_interpolation: 0,interpolation_duration: 1}
$data merge entity $(left_fingers) {transformation: [0.456f,0.704f,0.5445f,0.0262f,0.0651f,0.5838f,-0.8093f,4.5732f,-0.8876f,0.4045f,0.2204f,2.7721f,0f,0f,0f,1f],start_interpolation: 0,interpolation_duration: 1}
$data merge entity $(left_hand) {transformation: [-0.2809f,0.7903f,0.5445f,0.5343f,-0.4235f,0.407f,-0.8093f,4.7853f,-0.8612f,-0.458f,0.2204f,2.4963f,0f,0f,0f,1f],start_interpolation: 0,interpolation_duration: 1}
$data merge entity $(left_forearm) {transformation: [-0.9745f,0.9657f,-0.1226f,1.9436f,0.3182f,0.152f,-1.3315f,4.979f,-0.9199f,-0.9703f,-0.3306f,0.9847f,0f,0f,0f,1f],start_interpolation: 0,interpolation_duration: 1}
$data merge entity $(left_shoulder) {transformation: [-1.2352f,-0.5534f,0.5638f,1.0017f,-0.7898f,0.8388f,-0.9069f,5.8716f,0.0198f,-1.0677f,-1.0047f,-0.2807f,0f,0f,0f,1f],start_interpolation: 0,interpolation_duration: 1}
$data merge entity $(left_arm) {transformation: [-1f,-0.0029f,0.0065f,0.437f,-0.0005f,0.9362f,0.3514f,6.1456f,-0.0071f,0.3514f,-0.9362f,-0.1909f,0f,0f,0f,1f],start_interpolation: 0,interpolation_duration: 1}
$data merge entity $(chest) {transformation: [-1.2785f,-0.0038f,0.0083f,0f,-0.0006f,1.197f,0.4493f,4.4667f,-0.0091f,0.4493f,-1.197f,-0.861f,0f,0f,0f,1f],start_interpolation: 0,interpolation_duration: 1}
$data merge entity $(left_cheek) {transformation: [-0.9419f,-0.2862f,-0.1758f,0.0986f,-0.2675f,0.9557f,-0.1225f,3.5741f,0.2031f,-0.0683f,-0.9768f,-1.6862f,0f,0f,0f,1f],start_interpolation: 0,interpolation_duration: 1}
$data merge entity $(left_foot) {transformation: [-0.8873f,0.0281f,-0.5071f,1.3737f,-0.0238f,1.0174f,0.098f,-3.7291f,0.5073f,0.0969f,-0.8823f,-3.4465f,0f,0f,0f,1f],start_interpolation: 0,interpolation_duration: 1}
$data merge entity $(left_knee) {transformation: [-2.7296f,-0.0534f,-1.3412f,1.3233f,-0.7804f,2.5359f,1.4874f,-0.1361f,1.0921f,1.6788f,-2.2894f,-1.248f,0f,0f,0f,1f],start_interpolation: 0,interpolation_duration: 1}
$data merge entity $(left_leg) {transformation: [-1.5417f,-0.4826f,-0.5847f,0.5032f,-0.4408f,1.6486f,-0.1984f,2.4925f,0.6168f,-0.0281f,-1.6032f,-1.2203f,0f,0f,0f,1f],start_interpolation: 0,interpolation_duration: 1}
$data merge entity $(right_cheek) {transformation: [-0.9719f,0.1519f,-0.1799f,-0.6436f,0.1709f,0.9807f,-0.0951f,3.5896f,0.162f,-0.1232f,-0.9791f,-1.4424f,0f,0f,0f,1f],start_interpolation: 0,interpolation_duration: 1}
$data merge entity $(right_foot) {transformation: [-0.9513f,-0.0237f,0.3737f,-1.6382f,-0.0245f,1.0221f,0.0024f,-3.8035f,-0.3736f,-0.0067f,-0.9516f,-0.0864f,0f,0f,0f,1f],start_interpolation: 0,interpolation_duration: 1}
$data merge entity $(right_knee) {transformation: [-2.9092f,0.0825f,0.8844f,-1.5713f,0.2768f,2.962f,0.6343f,0.3298f,-0.844f,0.6871f,-2.8404f,0.7241f,0f,0f,0f,1f],start_interpolation: 0,interpolation_duration: 1}
$data merge entity $(right_leg) {transformation: [-1.6431f,0.4184f,0.2768f,-0.8408f,0.1564f,1.3278f,-1.0788f,2.4821f,-0.4767f,-1.0066f,-1.308f,-0.8303f,0f,0f,0f,1f],start_interpolation: 0,interpolation_duration: 1}
$data merge entity $(weist) {transformation: [-1.558f,0.0547f,-0.4489f,-0.1456f,-0.012f,1.6048f,0.2374f,4.1374f,0.4521f,0.2313f,-1.5408f,-0.9016f,0f,0f,0f,1f],start_interpolation: 0,interpolation_duration: 1}
data modify storage animated_java:temp entry.data merge value {"locators":{"consume":{"px":-0.3184509367,"py":3.7866011928,"pz":2.364999563,"ry":273.2803276119,"rx":-57.2877582815}}}
# Data Manager: Prepare for Read / Write
execute store result storage animated_java:temp args.id int 1 run scoreboard players get @s aj.id
# Data Manager: Write
function animated_java:global/data_manager/write with storage animated_java:temp args
execute unless entity @s[tag=aj.transforms_only] at @s run function animated_java:female/animations/berserk_start/zzz/frames/4_root_function