# This file was generated by Animated Java via MC-Build. It is not recommended to edit this file directly.
$data merge entity $(neck) {transformation: [-0.9675f,0.1049f,-0.2301f,-0.0597f,0.0464f,0.9681f,0.2461f,6.1084f,0.2486f,0.2274f,-0.9415f,-0.2438f,0f,0f,0f,1f],start_interpolation: 0,interpolation_duration: 1}
$data merge entity $(right_thumb_2) {transformation: [-0.699f,-0.565f,-0.4384f,-1.8948f,0.6159f,-0.164f,-0.7706f,5.9301f,0.3635f,-0.8087f,0.4626f,2.4412f,0f,0f,0f,1f],start_interpolation: 0,interpolation_duration: 1}
$data merge entity $(right_thumb) {transformation: [-0.699f,-0.7121f,-0.0662f,-2.2266f,0.6159f,-0.5523f,-0.5618f,5.8516f,0.3635f,-0.4335f,0.8246f,2.344f,0f,0f,0f,1f],start_interpolation: 0,interpolation_duration: 1}
$data merge entity $(right_fingers2) {transformation: [0.9097f,-0.1491f,-0.3875f,-1.7242f,-0.2193f,0.62f,-0.7534f,5.8818f,0.3526f,0.7703f,0.5313f,2.905f,0f,0f,0f,1f],start_interpolation: 0,interpolation_duration: 1}
$data merge entity $(right_fingers) {transformation: [0.0513f,-0.9204f,-0.3875f,-1.9879f,0.5578f,0.3483f,-0.7534f,5.9913f,0.8284f,-0.1775f,0.5313f,2.8817f,0f,0f,0f,1f],start_interpolation: 0,interpolation_duration: 1}
$data merge entity $(scout) {transformation: [0f,0f,0f,-1.9322f,0f,0f,0f,5.7915f,0f,0f,0f,2.8396f,0f,0f,0f,1f],start_interpolation: 0,interpolation_duration: 1}
$data merge entity $(right_hand) {transformation: [-0.699f,-0.601f,-0.3875f,-2.3707f,0.6159f,-0.2305f,-0.7534f,5.8133f,0.3635f,-0.7653f,0.5313f,2.4333f,0f,0f,0f,1f],start_interpolation: 0,interpolation_duration: 1}
$data merge entity $(right_forearm) {transformation: [-1.2502f,-0.1673f,-0.5532f,-2.5908f,0.5759f,-0.4736f,-1.1581f,5.034f,-0.0495f,-1.2825f,0.4998f,0.5221f,0f,0f,0f,1f],start_interpolation: 0,interpolation_duration: 1}
$data merge entity $(right_shoulder) {transformation: [-0.9447f,1.0974f,-0.2306f,-1.055f,1.0853f,0.819f,-0.5489f,5.8314f,-0.282f,-0.5243f,-1.3399f,-0.0172f,0f,0f,0f,1f],start_interpolation: 0,interpolation_duration: 1}
$data merge entity $(right_arm) {transformation: [-0.9675f,0.1049f,-0.2301f,-0.481f,0.0464f,0.9681f,0.2461f,6.0877f,0.2486f,0.2274f,-0.9415f,-0.0995f,0f,0f,0f,1f],start_interpolation: 0,interpolation_duration: 1}
$data merge entity $(left_thumb_2) {transformation: [-0.8682f,0.3167f,0.3819f,2.5315f,-0.47f,-0.2786f,-0.8375f,5.9486f,-0.1589f,-0.9067f,0.3907f,1.3365f,0f,0f,0f,1f],start_interpolation: 0,interpolation_duration: 1}
$data merge entity $(left_thumb) {transformation: [-0.8682f,0.4723f,0.152f,2.81f,-0.47f,-0.6849f,-0.5567f,5.8058f,-0.1589f,-0.5548f,0.8167f,1.1701f,0f,0f,0f,1f],start_interpolation: 0,interpolation_duration: 1}
$data merge entity $(left_fingers2) {transformation: [0.8253f,0.4409f,0.3529f,2.4693f,0.0336f,0.5854f,-0.8101f,5.9388f,-0.5637f,0.6804f,0.4683f,1.829f,0f,0f,0f,1f],start_interpolation: 0,interpolation_duration: 1}
$data merge entity $(left_fingers) {transformation: [-0.2518f,0.9011f,0.3529f,2.7358f,-0.5642f,0.1595f,-0.8101f,5.9942f,-0.7863f,-0.4031f,0.4683f,1.7397f,0f,0f,0f,1f],start_interpolation: 0,interpolation_duration: 1}
$data merge entity $(left_hand) {transformation: [-0.8682f,0.3488f,0.3529f,2.9612f,-0.47f,-0.3505f,-0.8101f,5.7408f,-0.1589f,-0.8692f,0.4683f,1.2258f,0f,0f,0f,1f],start_interpolation: 0,interpolation_duration: 1}
$data merge entity $(left_forearm) {transformation: [-1.2548f,-0.3046f,0.4795f,2.4677f,-0.3292f,-0.5574f,-1.2157f,4.8434f,0.4629f,-1.2221f,0.435f,-0.5796f,0f,0f,0f,1f],start_interpolation: 0,interpolation_duration: 1}
$data merge entity $(left_shoulder) {transformation: [-0.827f,-1.1641f,-0.333f,0.8925f,-1.0175f,0.8867f,-0.573f,5.7379f,0.6563f,-0.0921f,-1.3079f,-0.5176f,0f,0f,0f,1f],start_interpolation: 0,interpolation_duration: 1}
$data merge entity $(left_arm) {transformation: [-0.9675f,0.1049f,-0.2301f,0.3753f,0.0464f,0.9681f,0.2461f,6.0466f,0.2486f,0.2274f,-0.9415f,-0.3195f,0f,0f,0f,1f],start_interpolation: 0,interpolation_duration: 1}
$data merge entity $(chest) {transformation: [-1.237f,0.1341f,-0.2942f,-0.2502f,0.0594f,1.2378f,0.3146f,4.3272f,0.3178f,0.2907f,-1.2038f,-0.6527f,0f,0f,0f,1f],start_interpolation: 0,interpolation_duration: 1}
$data merge entity $(left_cheek) {transformation: [-0.8287f,-0.4957f,-0.26f,-0.4883f,-0.3922f,0.8456f,-0.3621f,3.2274f,0.3993f,-0.1981f,-0.8951f,-1.4471f,0f,0f,0f,1f],start_interpolation: 0,interpolation_duration: 1}
$data merge entity $(left_foot) {transformation: [-0.718f,0.0302f,-0.7272f,1.2321f,-0.0333f,1.0191f,0.0752f,-3.4787f,0.727f,0.0765f,-0.7147f,-2.8329f,0f,0f,0f,1f],start_interpolation: 0,interpolation_duration: 1}
$data merge entity $(left_knee) {transformation: [-2.2916f,0.2516f,-1.9843f,1.5649f,-0.9677f,2.5015f,1.4347f,0.0699f,1.7506f,1.7121f,-1.8046f,-0.5874f,0f,0f,0f,1f],start_interpolation: 0,interpolation_duration: 1}
$data merge entity $(left_leg) {transformation: [-1.2943f,-0.8316f,-0.7646f,0.2011f,-0.5465f,1.4786f,-0.683f,2.4359f,0.9887f,-0.2713f,-1.3785f,-0.9406f,0f,0f,0f,1f],start_interpolation: 0,interpolation_duration: 1}
$data merge entity $(right_cheek) {transformation: [-0.7893f,0.0755f,-0.6094f,-0.9965f,0.3884f,0.83f,-0.4002f,3.2575f,0.4756f,-0.5526f,-0.6844f,-1.1749f,0f,0f,0f,1f],start_interpolation: 0,interpolation_duration: 1}
$data merge entity $(right_foot) {transformation: [-1.0128f,0.0187f,0.1385f,-2.3767f,0.0211f,1.022f,0.0163f,-3.6034f,-0.1382f,0.019f,-1.0128f,0.9082f,0f,0f,0f,1f],start_interpolation: 0,interpolation_duration: 1}
$data merge entity $(right_knee) {transformation: [-2.9684f,0.6027f,0.2781f,-1.6164f,0.6426f,2.9285f,0.5128f,0.4891f,-0.1662f,0.5592f,-2.9853f,1.5552f,0f,0f,0f,1f],start_interpolation: 0,interpolation_duration: 1}
$data merge entity $(right_leg) {transformation: [-1.6766f,0.3316f,-0.1749f,-1.0103f,0.363f,1.2349f,-1.1379f,2.4857f,-0.0939f,-1.1474f,-1.2752f,-0.2418f,0f,0f,0f,1f],start_interpolation: 0,interpolation_duration: 1}
$data merge entity $(weist) {transformation: [-1.4044f,0.0664f,-0.8095f,-0.3957f,0.0577f,1.621f,0.0329f,4.1125f,0.8102f,-0.0003f,-1.4056f,-0.6933f,0f,0f,0f,1f],start_interpolation: 0,interpolation_duration: 1}
data modify storage animated_java:temp entry.data merge value {"locators":{"consume":{"px":-1.7877121226,"py":5.8262748915,"pz":2.9218413714,"ry":216.1063826064,"rx":-48.8831365565}}}
# Data Manager: Prepare for Read / Write
execute store result storage animated_java:temp args.id int 1 run scoreboard players get @s aj.id
# Data Manager: Write
function animated_java:global/data_manager/write with storage animated_java:temp args