# This file was generated by Animated Java via MC-Build. It is not recommended to edit this file directly.
$data merge entity $(neck) {transformation: [-0.971f,0.1099f,-0.2125f,-0.0699f,0.0406f,0.9511f,0.3062f,6.1277f,0.2358f,0.2887f,-0.9279f,-0.2846f,0f,0f,0f,1f],start_interpolation: 0,interpolation_duration: 1}
$data merge entity $(right_thumb_2) {transformation: [-0.6283f,-0.7031f,-0.3329f,-1.377f,0.6425f,-0.2277f,-0.7317f,5.8457f,0.4387f,-0.6736f,0.5948f,2.3362f,0f,0f,0f,1f],start_interpolation: 0,interpolation_duration: 1}
$data merge entity $(right_thumb) {transformation: [-0.6283f,-0.7719f,0.097f,-1.7198f,0.6425f,-0.5852f,-0.4947f,5.7597f,0.4387f,-0.2485f,0.8636f,2.3091f,0f,0f,0f,1f],start_interpolation: 0,interpolation_duration: 1}
$data merge entity $(right_fingers2) {transformation: [0.9627f,-0.0124f,-0.2704f,-1.1223f,-0.1904f,0.679f,-0.709f,5.8344f,0.1924f,0.734f,0.6513f,2.7623f,0f,0f,0f,1f],start_interpolation: 0,interpolation_duration: 1}
$data merge entity $(right_fingers) {transformation: [0.1962f,-0.9426f,-0.2704f,-1.3873f,0.6217f,0.3328f,-0.709f,5.9416f,0.7583f,-0.0289f,0.6513f,2.7802f,0f,0f,0f,1f],start_interpolation: 0,interpolation_duration: 1}
$data merge entity $(scout) {transformation: [0f,0f,0f,-1.3375f,0f,0f,0f,5.7391f,0f,0f,0f,2.7441f,0f,0f,0f,1f],start_interpolation: 0,interpolation_duration: 1}
$data merge entity $(right_hand) {transformation: [-0.6283f,-0.7295f,-0.2704f,-1.8442f,0.6425f,-0.2906f,-0.709f,5.7286f,0.4387f,-0.6192f,0.6513f,2.4264f,0f,0f,0f,1f],start_interpolation: 0,interpolation_duration: 1}
$data merge entity $(right_forearm) {transformation: [-1.256f,-0.4057f,-0.3936f,-2.4172f,0.5327f,-0.5288f,-1.1549f,4.8681f,0.189f,-1.2054f,0.6391f,0.6265f,0f,0f,0f,1f],start_interpolation: 0,interpolation_duration: 1}
$data merge entity $(right_shoulder) {transformation: [-1.0836f,0.9149f,-0.3724f,-1.0713f,0.984f,0.9519f,-0.5247f,5.8472f,-0.0857f,-0.6377f,-1.3175f,-0.0913f,0f,0f,0f,1f],start_interpolation: 0,interpolation_duration: 1}
$data merge entity $(right_arm) {transformation: [-0.971f,0.1099f,-0.2125f,-0.4937f,0.0406f,0.9511f,0.3062f,6.1024f,0.2358f,0.2887f,-0.9279f,-0.1485f,0f,0f,0f,1f],start_interpolation: 0,interpolation_duration: 1}
$data merge entity $(left_thumb_2) {transformation: [-0.8364f,0.4735f,0.2761f,2.0198f,-0.4877f,-0.4131f,-0.7691f,6.0247f,-0.2501f,-0.7779f,0.5765f,1.4859f,0f,0f,0f,1f],start_interpolation: 0,interpolation_duration: 1}
$data merge entity $(left_thumb) {transformation: [-0.8364f,0.5477f,-0.0215f,2.3203f,-0.4877f,-0.7616f,-0.4267f,5.858f,-0.2501f,-0.3464f,0.9042f,1.3988f,0f,0f,0f,1f],start_interpolation: 0,interpolation_duration: 1}
$data merge entity $(left_fingers2) {transformation: [0.9174f,0.3221f,0.2338f,1.8656f,-0.0531f,0.6812f,-0.7301f,6.0896f,-0.3944f,0.6574f,0.6421f,1.9534f,0f,0f,0f,1f],start_interpolation: 0,interpolation_duration: 1}
$data merge entity $(left_fingers) {transformation: [-0.1159f,0.9654f,0.2338f,2.1457f,-0.6766f,0.0956f,-0.7301f,6.1306f,-0.7272f,-0.2428f,0.6421f,1.9094f,0f,0f,0f,1f],start_interpolation: 0,interpolation_duration: 1}
$data merge entity $(left_hand) {transformation: [-0.8364f,0.4957f,0.2338f,2.4563f,-0.4877f,-0.4786f,-0.7301f,5.802f,-0.2501f,-0.7247f,0.6421f,1.4914f,0f,0f,0f,1f],start_interpolation: 0,interpolation_duration: 1}
$data merge entity $(left_forearm) {transformation: [-1.3475f,-0.0466f,0.2814f,2.3404f,-0.2223f,-0.6798f,-1.1771f,4.7261f,0.1787f,-1.197f,0.6576f,-0.2799f,0f,0f,0f,1f],start_interpolation: 0,interpolation_duration: 1}
$data merge entity $(left_shoulder) {transformation: [-1.0395f,-1.0266f,-0.1243f,0.8832f,-0.9006f,0.9853f,-0.6066f,5.7654f,0.5083f,-0.3537f,-1.3291f,-0.5659f,0f,0f,0f,1f],start_interpolation: 0,interpolation_duration: 1}
$data merge entity $(left_arm) {transformation: [-0.971f,0.1099f,-0.2125f,0.3657f,0.0406f,0.9511f,0.3062f,6.0664f,0.2358f,0.2887f,-0.9279f,-0.3571f,0f,0f,0f,1f],start_interpolation: 0,interpolation_duration: 1}
$data merge entity $(chest) {transformation: [-1.2414f,0.1405f,-0.2717f,-0.2698f,0.0519f,1.216f,0.3915f,4.3773f,0.3014f,0.3691f,-1.1864f,-0.8062f,0f,0f,0f,1f],start_interpolation: 0,interpolation_duration: 1}
$data merge entity $(left_cheek) {transformation: [-0.8177f,-0.506f,-0.2745f,-0.5299f,-0.398f,0.8415f,-0.3654f,3.2689f,0.4158f,-0.1895f,-0.8895f,-1.5857f,0f,0f,0f,1f],start_interpolation: 0,interpolation_duration: 1}
$data merge entity $(left_foot) {transformation: [-0.7035f,0.0238f,-0.7414f,1.2151f,-0.0378f,1.0194f,0.0686f,-3.4258f,0.7409f,0.0746f,-0.7006f,-2.9961f,0f,0f,0f,1f],start_interpolation: 0,interpolation_duration: 1}
$data merge entity $(left_knee) {transformation: [-2.2497f,0.2654f,-2.0299f,1.5639f,-0.9828f,2.5058f,1.4168f,0.1285f,1.7959f,1.7037f,-1.7676f,-0.762f,0f,0f,0f,1f],start_interpolation: 0,interpolation_duration: 1}
$data merge entity $(left_leg) {transformation: [-1.2706f,-0.8481f,-0.7859f,0.1753f,-0.5551f,1.4717f,-0.6909f,2.4835f,1.0143f,-0.2571f,-1.3625f,-1.0917f,0f,0f,0f,1f],start_interpolation: 0,interpolation_duration: 1}
$data merge entity $(right_cheek) {transformation: [-0.7748f,0.0694f,-0.6284f,-1.0252f,0.3911f,0.8335f,-0.3903f,3.3222f,0.4967f,-0.5482f,-0.673f,-1.3038f,0f,0f,0f,1f],start_interpolation: 0,interpolation_duration: 1}
$data merge entity $(right_foot) {transformation: [-1.0155f,0.028f,0.115f,-2.4193f,0.0302f,1.0218f,0.0181f,-3.5471f,-0.1144f,0.0214f,-1.0157f,0.7536f,0f,0f,0f,1f],start_interpolation: 0,interpolation_duration: 1}
$data merge entity $(right_knee) {transformation: [-2.9662f,0.6393f,0.2129f,-1.6109f,0.6675f,2.9194f,0.5328f,0.5343f,-0.0924f,0.5663f,-2.9871f,1.4125f,0f,0f,0f,1f],start_interpolation: 0,interpolation_duration: 1}
$data merge entity $(right_leg) {transformation: [-1.6753f,0.3149f,-0.2137f,-1.0304f,0.377f,1.2407f,-1.1269f,2.5394f,-0.0522f,-1.1458f,-1.279f,-0.3835f,0f,0f,0f,1f],start_interpolation: 0,interpolation_duration: 1}
$data merge entity $(weist) {transformation: [-1.3978f,0.0706f,-0.8205f,-0.4152f,0.0648f,1.6208f,0.029f,4.1626f,0.821f,-0.0078f,-1.3992f,-0.8469f,0f,0f,0f,1f],start_interpolation: 0,interpolation_duration: 1}
data modify storage animated_java:temp entry.data merge value {"locators":{"consume":{"px":-1.1807105808,"py":5.7803567066,"pz":2.7949431742,"ry":202.5437063361,"rx":-45.157439037}}}
# Data Manager: Prepare for Read / Write
execute store result storage animated_java:temp args.id int 1 run scoreboard players get @s aj.id
# Data Manager: Write
function animated_java:global/data_manager/write with storage animated_java:temp args