# This file was generated by Animated Java via MC-Build. It is not recommended to edit this file directly.
$data merge entity $(neck) {transformation: [-0.9739f,0.1128f,-0.1971f,-0.0819f,0.0354f,0.9327f,0.359f,6.1391f,0.2243f,0.3426f,-0.9123f,-0.3223f,0f,0f,0f,1f],start_interpolation: 0,interpolation_duration: 1}
$data merge entity $(right_thumb_2) {transformation: [-0.5979f,-0.7769f,-0.1973f,-0.9766f,0.6566f,-0.3335f,-0.6765f,5.868f,0.4598f,-0.534f,0.7095f,2.149f,0f,0f,0f,1f],start_interpolation: 0,interpolation_duration: 1}
$data merge entity $(right_thumb) {transformation: [-0.5979f,-0.7613f,0.2511f,-1.3136f,0.6566f,-0.6448f,-0.3914f,5.7634f,0.4598f,-0.0691f,0.8853f,2.1825f,0f,0f,0f,1f],start_interpolation: 0,interpolation_duration: 1}
$data merge entity $(right_fingers2) {transformation: [0.9904f,0.0506f,-0.1288f,-0.6631f,-0.1224f,0.7544f,-0.6449f,5.9157f,0.0646f,0.6544f,0.7534f,2.5311f,0f,0f,0f,1f],start_interpolation: 0,interpolation_duration: 1}
$data merge entity $(right_fingers) {transformation: [0.2637f,-0.956f,-0.1288f,-0.929f,0.7101f,0.2828f,-0.6449f,6.0116f,0.6529f,0.0786f,0.7534f,2.5774f,0f,0f,0f,1f],start_interpolation: 0,interpolation_duration: 1}
$data merge entity $(scout) {transformation: [0f,0f,0f,-0.8722f,0f,0f,0f,5.8089f,0f,0f,0f,2.5552f,0f,0f,0f,1f],start_interpolation: 0,interpolation_duration: 1}
$data merge entity $(right_hand) {transformation: [-0.5979f,-0.7912f,-0.1288f,-1.4176f,0.6566f,-0.3912f,-0.6449f,5.7396f,0.4598f,-0.4701f,0.7534f,2.3197f,0f,0f,0f,1f],start_interpolation: 0,interpolation_duration: 1}
$data merge entity $(right_forearm) {transformation: [-1.246f,-0.5545f,-0.1924f,-2.2079f,0.4592f,-0.6396f,-1.1301f,4.716f,0.3656f,-1.0865f,0.7635f,0.696f,0f,0f,0f,1f],start_interpolation: 0,interpolation_duration: 1}
$data merge entity $(right_shoulder) {transformation: [-1.1982f,0.7083f,-0.461f,-1.088f,0.8429f,1.0598f,-0.5623f,5.8564f,0.0616f,-0.7245f,-1.2733f,-0.1587f,0f,0f,0f,1f],start_interpolation: 0,interpolation_duration: 1}
$data merge entity $(right_arm) {transformation: [-0.9739f,0.1128f,-0.1971f,-0.5078f,0.0354f,0.9327f,0.359f,6.1097f,0.2243f,0.3426f,-0.9123f,-0.1936f,0f,0f,0f,1f],start_interpolation: 0,interpolation_duration: 1}
$data merge entity $(left_thumb_2) {transformation: [-0.827f,0.5437f,0.1433f,1.6153f,-0.4881f,-0.5678f,-0.6629f,6.1838f,-0.279f,-0.6181f,0.7349f,1.4761f,0f,0f,0f,1f],start_interpolation: 0,interpolation_duration: 1}
$data merge entity $(left_thumb) {transformation: [-0.827f,0.5355f,-0.1713f,1.9126f,-0.4881f,-0.835f,-0.254f,5.9911f,-0.279f,-0.1265f,0.9519f,1.4634f,0f,0f,0f,1f],start_interpolation: 0,interpolation_duration: 1}
$data merge entity $(left_fingers2) {transformation: [0.956f,0.2773f,0.0953f,1.4049f,-0.1638f,0.7746f,-0.6109f,6.3392f,-0.2433f,0.5684f,0.786f,1.8981f,0f,0f,0f,1f],start_interpolation: 0,interpolation_duration: 1}
$data merge entity $(left_fingers) {transformation: [-0.0638f,0.9934f,0.0953f,1.6904f,-0.7917f,0.0078f,-0.6109f,6.3593f,-0.6076f,-0.1145f,0.786f,1.8883f,0f,0f,0f,1f],start_interpolation: 0,interpolation_duration: 1}
$data merge entity $(left_hand) {transformation: [-0.827f,0.5541f,0.0953f,2.0308f,-0.4881f,-0.6234f,-0.6109f,5.947f,-0.279f,-0.5517f,0.786f,1.5828f,0f,0f,0f,1f],start_interpolation: 0,interpolation_duration: 1}
$data merge entity $(left_forearm) {transformation: [-1.372f,0.111f,0.0487f,2.1427f,-0.1066f,-0.8426f,-1.0844f,4.6342f,-0.0576f,-1.0839f,0.8479f,-0.0211f,0f,0f,0f,1f],start_interpolation: 0,interpolation_duration: 1}
$data merge entity $(left_shoulder) {transformation: [-1.1995f,-0.843f,0.02f,0.8724f,-0.7492f,1.0495f,-0.6979f,5.7852f,0.387f,-0.5812f,-1.2893f,-0.6102f,0f,0f,0f,1f],start_interpolation: 0,interpolation_duration: 1}
$data merge entity $(left_arm) {transformation: [-0.9739f,0.1128f,-0.1971f,0.3542f,0.0354f,0.9327f,0.359f,6.0784f,0.2243f,0.3426f,-0.9123f,-0.3921f,0f,0f,0f,1f],start_interpolation: 0,interpolation_duration: 1}
$data merge entity $(chest) {transformation: [-1.2451f,0.1442f,-0.2519f,-0.2873f,0.0452f,1.1925f,0.459f,4.422f,0.2867f,0.4381f,-1.1664f,-0.9432f,0f,0f,0f,1f],start_interpolation: 0,interpolation_duration: 1}
$data merge entity $(left_cheek) {transformation: [-0.8076f,-0.515f,-0.2873f,-0.5667f,-0.4031f,0.8377f,-0.3683f,3.3059f,0.4304f,-0.1817f,-0.8842f,-1.7091f,0f,0f,0f,1f],start_interpolation: 0,interpolation_duration: 1}
$data merge entity $(left_foot) {transformation: [-0.6903f,0.0181f,-0.7539f,1.1997f,-0.0417f,1.0196f,0.0626f,-3.3783f,0.753f,0.073f,-0.6877f,-3.1422f,0f,0f,0f,1f],start_interpolation: 0,interpolation_duration: 1}
$data merge entity $(left_knee) {transformation: [-2.2114f,0.2775f,-2.07f,1.5626f,-0.9961f,2.5097f,1.4006f,0.181f,1.8357f,1.6961f,-1.7337f,-0.9184f,0f,0f,0f,1f],start_interpolation: 0,interpolation_duration: 1}
$data merge entity $(left_leg) {transformation: [-1.249f,-0.8626f,-0.8046f,0.1523f,-0.5626f,1.4655f,-0.6979f,2.5259f,1.0368f,-0.2439f,-1.3479f,-1.2265f,0f,0f,0f,1f],start_interpolation: 0,interpolation_duration: 1}
$data merge entity $(right_cheek) {transformation: [-0.7614f,0.0644f,-0.645f,-1.0497f,0.3935f,0.8366f,-0.381f,3.3799f,0.5151f,-0.544f,-0.6624f,-1.4185f,0f,0f,0f,1f],start_interpolation: 0,interpolation_duration: 1}
$data merge entity $(right_foot) {transformation: [-1.0174f,0.0365f,0.094f,-2.4592f,0.0385f,1.0214f,0.0199f,-3.4964f,-0.0932f,0.0234f,-1.0178f,0.6153f,0f,0f,0f,1f],start_interpolation: 0,interpolation_duration: 1}
$data merge entity $(right_knee) {transformation: [-2.9623f,0.6728f,0.1553f,-1.6066f,0.69f,2.9107f,0.5514f,0.5744f,-0.0267f,0.5722f,-2.9873f,1.2843f,0f,0f,0f,1f],start_interpolation: 0,interpolation_duration: 1}
$data merge entity $(right_leg) {transformation: [-1.6731f,0.3006f,-0.2485f,-1.0482f,0.3897f,1.2461f,-1.1166f,2.5872f,-0.0151f,-1.1438f,-1.2817f,-0.51f,0f,0f,0f,1f],start_interpolation: 0,interpolation_duration: 1}
$data merge entity $(weist) {transformation: [-1.3918f,0.0742f,-0.8304f,-0.4326f,0.0711f,1.6206f,0.0257f,4.2073f,0.8306f,-0.0144f,-1.3935f,-0.9839f,0f,0f,0f,1f],start_interpolation: 0,interpolation_duration: 1}
data modify storage animated_java:temp entry.data merge value {"locators":{"consume":{"px":-0.7126764986,"py":5.8628903792,"pz":2.5774944177,"ry":189.7018336249,"rx":-40.1552079129}}}
# Data Manager: Prepare for Read / Write
execute store result storage animated_java:temp args.id int 1 run scoreboard players get @s aj.id
# Data Manager: Write
function animated_java:global/data_manager/write with storage animated_java:temp args
execute unless entity @s[tag=aj.transforms_only] at @s run function animated_java:female/animations/berserk_start/zzz/frames/42_root_function