# This file was generated by Animated Java via MC-Build. It is not recommended to edit this file directly.
$data merge entity $(neck) {transformation: [-0.9762f,0.1141f,-0.1845f,-0.0938f,0.031f,0.9151f,0.402f,6.1443f,0.2147f,0.3868f,-0.8968f,-0.3549f,0f,0f,0f,1f],start_interpolation: 0,interpolation_duration: 1}
$data merge entity $(right_thumb_2) {transformation: [-0.6037f,-0.7938f,-0.0736f,-0.7153f,0.6613f,-0.4471f,-0.6023f,5.9631f,0.4452f,-0.4122f,0.7949f,1.9478f,0f,0f,0f,1f],start_interpolation: 0,interpolation_duration: 1}
$data merge entity $(right_thumb) {transformation: [-0.6037f,-0.709f,0.3645f,-1.0381f,0.6613f,-0.7007f,-0.2677f,5.8395f,0.4452f,0.0794f,0.8919f,2.0268f,0f,0f,0f,1f],start_interpolation: 0,interpolation_duration: 1}
$data merge entity $(right_fingers2) {transformation: [0.9987f,0.05f,-0.0041f,-0.3722f,-0.0437f,0.8266f,-0.561f,6.0767f,-0.0247f,0.5605f,0.8278f,2.2883f,0f,0f,0f,1f],start_interpolation: 0,interpolation_duration: 1}
$data merge entity $(right_fingers) {transformation: [0.265f,-0.9642f,-0.0041f,-0.6396f,0.7976f,0.2216f,-0.561f,6.1582f,0.5419f,0.1454f,0.8278f,2.3511f,0f,0f,0f,1f],start_interpolation: 0,interpolation_duration: 1}
$data merge entity $(scout) {transformation: [0f,0f,0f,-0.5687f,0f,0f,0f,5.9589f,0f,0f,0f,2.3451f,0f,0f,0f,1f],start_interpolation: 0,interpolation_duration: 1}
$data merge entity $(right_hand) {transformation: [-0.6037f,-0.7972f,-0.0041f,-1.1264f,0.6613f,-0.4979f,-0.561f,5.8243f,0.4452f,-0.3414f,0.8278f,2.1757f,0f,0f,0f,1f],start_interpolation: 0,interpolation_duration: 1}
$data merge entity $(right_forearm) {transformation: [-1.2322f,-0.6155f,-0.0009f,-2.0022f,0.3856f,-0.7703f,-1.0748f,4.6092f,0.4798f,-0.9617f,0.8614f,0.7388f,0f,0f,0f,1f],start_interpolation: 0,interpolation_duration: 1}
$data merge entity $(right_shoulder) {transformation: [-1.2815f,0.5123f,-0.4952f,-1.1033f,0.6948f,1.1245f,-0.6345f,5.8606f,0.1581f,-0.7892f,-1.2256f,-0.2158f,0f,0f,0f,1f],start_interpolation: 0,interpolation_duration: 1}
$data merge entity $(right_arm) {transformation: [-0.9762f,0.1141f,-0.1845f,-0.5213f,0.031f,0.9151f,0.402f,6.1116f,0.2147f,0.3868f,-0.8968f,-0.2325f,0f,0f,0f,1f],start_interpolation: 0,interpolation_duration: 1}
$data merge entity $(left_thumb_2) {transformation: [-0.8396f,0.5425f,0.0277f,1.3552f,-0.472f,-0.7034f,-0.5315f,6.3759f,-0.2688f,-0.4594f,0.8466f,1.3756f,0f,0f,0f,1f],start_interpolation: 0,interpolation_duration: 1}
$data merge entity $(left_thumb) {transformation: [-0.8396f,0.4724f,-0.2681f,1.6355f,-0.472f,-0.8788f,-0.0703f,6.1641f,-0.2688f,0.0675f,0.9608f,1.4236f,0f,0f,0f,1f],start_interpolation: 0,interpolation_duration: 1}
$data merge entity $(left_fingers2) {transformation: [0.9555f,0.2943f,-0.0197f,1.1252f,-0.2689f,0.8417f,-0.4682f,6.6171f,-0.1212f,0.4526f,0.8834f,1.7436f,0f,0f,0f,1f],start_interpolation: 0,interpolation_duration: 1}
$data merge entity $(left_fingers) {transformation: [-0.0805f,0.9966f,-0.0197f,1.4113f,-0.88f,-0.0803f,-0.4682f,6.6156f,-0.4681f,-0.0204f,0.8834f,1.7574f,0f,0f,0f,1f],start_interpolation: 0,interpolation_duration: 1}
$data merge entity $(left_hand) {transformation: [-0.8396f,0.5428f,-0.0197f,1.7396f,-0.472f,-0.747f,-0.4682f,6.1337f,-0.2688f,-0.3838f,0.8834f,1.5594f,0f,0f,0f,1f],start_interpolation: 0,interpolation_duration: 1}
$data merge entity $(left_forearm) {transformation: [-1.3575f,0.169f,-0.1607f,1.9318f,-0.0123f,-0.9997f,-0.9474f,4.5932f,-0.2329f,-0.9323f,0.9868f,0.1816f,0f,0f,0f,1f],start_interpolation: 0,interpolation_duration: 1}
$data merge entity $(left_shoulder) {transformation: [-1.3064f,-0.6592f,0.093f,0.8617f,-0.5954f,1.0653f,-0.8126f,5.7982f,0.2978f,-0.7618f,-1.2169f,-0.6481f,0f,0f,0f,1f],start_interpolation: 0,interpolation_duration: 1}
$data merge entity $(left_arm) {transformation: [-0.9762f,0.1141f,-0.1845f,0.3427f,0.031f,0.9151f,0.402f,6.0842f,0.2147f,0.3868f,-0.8968f,-0.4225f,0f,0f,0f,1f],start_interpolation: 0,interpolation_duration: 1}
$data merge entity $(chest) {transformation: [-1.2481f,0.1459f,-0.2359f,-0.3018f,0.0396f,1.17f,0.514f,4.4591f,0.2745f,0.4945f,-1.1466f,-1.057f,0f,0f,0f,1f],start_interpolation: 0,interpolation_duration: 1}
$data merge entity $(left_cheek) {transformation: [-0.799f,-0.5223f,-0.2979f,-0.5971f,-0.4073f,0.8346f,-0.3708f,3.3365f,0.4423f,-0.175f,-0.8796f,-1.8114f,0f,0f,0f,1f],start_interpolation: 0,interpolation_duration: 1}
$data merge entity $(left_foot) {transformation: [-0.6792f,0.0133f,-0.7641f,1.1869f,-0.0449f,1.0198f,0.0576f,-3.3388f,0.7629f,0.0719f,-0.6768f,-3.2639f,0f,0f,0f,1f],start_interpolation: 0,interpolation_duration: 1}
$data merge entity $(left_knee) {transformation: [-2.179f,0.2875f,-2.1027f,1.5613f,-1.0069f,2.5128f,1.3871f,0.2247f,1.8682f,1.6897f,-1.7049f,-1.0487f,0f,0f,0f,1f],start_interpolation: 0,interpolation_duration: 1}
$data merge entity $(left_leg) {transformation: [-1.2307f,-0.8744f,-0.8199f,0.1333f,-0.5687f,1.4603f,-0.7038f,2.5612f,1.0552f,-0.2328f,-1.3356f,-1.3386f,0f,0f,0f,1f],start_interpolation: 0,interpolation_duration: 1}
$data merge entity $(right_cheek) {transformation: [-0.75f,0.0605f,-0.6587f,-1.0694f,0.3954f,0.8393f,-0.3732f,3.4278f,0.5302f,-0.5403f,-0.6534f,-1.5138f,0f,0f,0f,1f],start_interpolation: 0,interpolation_duration: 1}
$data merge entity $(right_foot) {transformation: [-1.0186f,0.0438f,0.0766f,-2.4937f,0.0455f,1.0211f,0.0217f,-3.4538f,-0.0756f,0.025f,-1.0193f,0.5003f,0f,0f,0f,1f],start_interpolation: 0,interpolation_duration: 1}
$data merge entity $(right_knee) {transformation: [-2.9578f,0.7013f,0.1079f,-1.6036f,0.709f,2.903f,0.5673f,0.6076f,0.0278f,0.5768f,-2.9864f,1.1772f,0f,0f,0f,1f],start_interpolation: 0,interpolation_duration: 1}
$data merge entity $(right_leg) {transformation: [-1.6706f,0.289f,-0.2776f,-1.0629f,0.4004f,1.2506f,-1.1077f,2.6269f,0.0157f,-1.1419f,-1.2835f,-0.6152f,0f,0f,0f,1f],start_interpolation: 0,interpolation_duration: 1}
$data merge entity $(weist) {transformation: [-1.3867f,0.0771f,-0.8385f,-0.4471f,0.0762f,1.6204f,0.0229f,4.2444f,0.8386f,-0.0198f,-1.3887f,-1.0976f,0f,0f,0f,1f],start_interpolation: 0,interpolation_duration: 1}
data modify storage animated_java:temp entry.data merge value {"locators":{"consume":{"px":-0.412752937,"py":6.0262195458,"pz":2.3449596771,"ry":180.2829654738,"rx":-34.1274482299}}}
# Data Manager: Prepare for Read / Write
execute store result storage animated_java:temp args.id int 1 run scoreboard players get @s aj.id
# Data Manager: Write
function animated_java:global/data_manager/write with storage animated_java:temp args