# This file was generated by Animated Java via MC-Build. It is not recommended to edit this file directly.
$data merge entity $(neck) {transformation: [-0.9778f,0.1145f,-0.1754f,-0.1037f,0.0278f,0.9008f,0.4333f,6.1457f,0.2076f,0.4189f,-0.884f,-0.3797f,0f,0f,0f,1f],start_interpolation: 0,interpolation_duration: 1}
$data merge entity $(right_thumb_2) {transformation: [-0.6274f,-0.7786f,0.0126f,-0.5744f,0.6581f,-0.5389f,-0.5258f,6.0761f,0.4162f,-0.3216f,0.8505f,1.7848f,0f,0f,0f,1f],start_interpolation: 0,interpolation_duration: 1}
$data merge entity $(right_thumb) {transformation: [-0.6274f,-0.6499f,0.429f,-0.8825f,0.6581f,-0.737f,-0.1539f,5.9388f,0.4162f,0.1858f,0.8901f,1.8938f,0f,0f,0f,1f],start_interpolation: 0,interpolation_duration: 1}
$data merge entity $(right_fingers2) {transformation: [0.9966f,0.0173f,0.0804f,-0.2236f,0.0233f,0.8787f,-0.4769f,6.2458f,-0.0789f,0.4771f,0.8753f,2.0925f,0f,0f,0f,1f],start_interpolation: 0,interpolation_duration: 1}
$data merge entity $(right_fingers) {transformation: [0.2325f,-0.9693f,0.0804f,-0.4927f,0.8629f,0.1675f,-0.4769f,6.3143f,0.4487f,0.1803f,0.8753f,2.163f,0f,0f,0f,1f],start_interpolation: 0,interpolation_duration: 1}
$data merge entity $(scout) {transformation: [0f,0f,0f,-0.4076f,0f,0f,0f,6.1207f,0f,0f,0f,2.1715f,0f,0f,0f,1f],start_interpolation: 0,interpolation_duration: 1}
$data merge entity $(right_hand) {transformation: [-0.6274f,-0.7745f,0.0804f,-0.9617f,0.6581f,-0.5826f,-0.4769f,5.9321f,0.4162f,-0.2462f,0.8753f,2.0483f,0f,0f,0f,1f],start_interpolation: 0,interpolation_duration: 1}
$data merge entity $(right_forearm) {transformation: [-1.2221f,-0.619f,0.1428f,-1.8378f,0.3291f,-0.8818f,-1.0056f,4.5538f,0.5433f,-0.8581f,0.9304f,0.7673f,0f,0f,0f,1f],start_interpolation: 0,interpolation_duration: 1}
$data merge entity $(right_shoulder) {transformation: [-1.3339f,0.359f,-0.4917f,-1.1154f,0.571f,1.1484f,-0.7106f,5.8617f,0.2112f,-0.8379f,-1.1845f,-0.2588f,0f,0f,0f,1f],start_interpolation: 0,interpolation_duration: 1}
$data merge entity $(right_arm) {transformation: [-0.9778f,0.1145f,-0.1754f,-0.5323f,0.0278f,0.9008f,0.4333f,6.1107f,0.2076f,0.4189f,-0.884f,-0.262f,0f,0f,0f,1f],start_interpolation: 0,interpolation_duration: 1}
$data merge entity $(left_thumb_2) {transformation: [-0.8606f,0.5071f,-0.0479f,1.2189f,-0.4469f,-0.7968f,-0.4066f,6.5463f,-0.2444f,-0.3285f,0.9123f,1.2549f,0f,0f,0f,1f],start_interpolation: 0,interpolation_duration: 1}
$data merge entity $(left_thumb) {transformation: [-0.8606f,0.4019f,-0.3128f,1.4802f,-0.4469f,-0.8905f,0.0852f,6.3249f,-0.2444f,0.2131f,0.946f,1.3463f,0f,0f,0f,1f],start_interpolation: 0,interpolation_duration: 1}
$data merge entity $(left_fingers2) {transformation: [0.9369f,0.3372f,-0.0919f,0.9923f,-0.348f,0.8754f,-0.3356f,6.8524f,-0.0327f,0.3465f,0.9375f,1.5733f,0f,0f,0f,1f],start_interpolation: 0,interpolation_duration: 1}
$data merge entity $(left_fingers) {transformation: [-0.1264f,0.9877f,-0.0919f,1.2767f,-0.9299f,-0.1503f,-0.3356f,6.8334f,-0.3453f,0.043f,0.9375f,1.6022f,0f,0f,0f,1f],start_interpolation: 0,interpolation_duration: 1}
$data merge entity $(left_hand) {transformation: [-0.8606f,0.501f,-0.0919f,1.576f,-0.4469f,-0.8292f,-0.3356f,6.307f,-0.2444f,-0.2478f,0.9375f,1.4902f,0f,0f,0f,1f],start_interpolation: 0,interpolation_duration: 1}
$data merge entity $(left_forearm) {transformation: [-1.3317f,0.1658f,-0.31f,1.759f,0.0484f,-1.1166f,-0.805f,4.5982f,-0.3482f,-0.7893f,1.0738f,0.3262f,0f,0f,0f,1f],start_interpolation: 0,interpolation_duration: 1}
$data merge entity $(left_shoulder) {transformation: [-1.3684f,-0.5139f,0.1145f,0.8529f,-0.4687f,1.0438f,-0.9169f,5.8058f,0.2399f,-0.8923f,-1.1384f,-0.6768f,0f,0f,0f,1f],start_interpolation: 0,interpolation_duration: 1}
$data merge entity $(left_arm) {transformation: [-0.9778f,0.1145f,-0.1754f,0.3331f,0.0278f,0.9008f,0.4333f,6.0861f,0.2076f,0.4189f,-0.884f,-0.4458f,0f,0f,0f,1f],start_interpolation: 0,interpolation_duration: 1}
$data merge entity $(chest) {transformation: [-1.2502f,0.1464f,-0.2243f,-0.3125f,0.0355f,1.1517f,0.554f,4.4865f,0.2655f,0.5355f,-1.1302f,-1.141f,0f,0f,0f,1f],start_interpolation: 0,interpolation_duration: 1}
$data merge entity $(left_cheek) {transformation: [-0.7925f,-0.5277f,-0.3057f,-0.6194f,-0.4104f,0.8323f,-0.3727f,3.3592f,0.4511f,-0.1699f,-0.8762f,-1.8868f,0f,0f,0f,1f],start_interpolation: 0,interpolation_duration: 1}
$data merge entity $(left_foot) {transformation: [-0.6708f,0.0097f,-0.7715f,1.1773f,-0.0473f,1.0199f,0.0539f,-3.3095f,0.7701f,0.0711f,-0.6687f,-3.3539f,0f,0f,0f,1f],start_interpolation: 0,interpolation_duration: 1}
$data merge entity $(left_knee) {transformation: [-2.1547f,0.2948f,-2.1266f,1.5602f,-1.0149f,2.5152f,1.377f,0.257f,1.8919f,1.685f,-1.6833f,-1.1451f,0f,0f,0f,1f],start_interpolation: 0,interpolation_duration: 1}
$data merge entity $(left_leg) {transformation: [-1.217f,-0.883f,-0.831f,0.1193f,-0.5732f,1.4565f,-0.7082f,2.5872f,1.0686f,-0.2244f,-1.3264f,-1.4212f,0f,0f,0f,1f],start_interpolation: 0,interpolation_duration: 1}
$data merge entity $(right_cheek) {transformation: [-0.7413f,0.0578f,-0.6686f,-1.0836f,0.3968f,0.8412f,-0.3672f,3.4631f,0.5413f,-0.5376f,-0.6466f,-1.5841f,0f,0f,0f,1f],start_interpolation: 0,interpolation_duration: 1}
$data merge entity $(right_foot) {transformation: [-1.0192f,0.0492f,0.0638f,-2.52f,0.0508f,1.0208f,0.023f,-3.4222f,-0.0626f,0.0261f,-1.0201f,0.4153f,0f,0f,0f,1f],start_interpolation: 0,interpolation_duration: 1}
$data merge entity $(right_knee) {transformation: [-2.9537f,0.7226f,0.0732f,-1.6017f,0.7231f,2.8972f,0.5793f,0.632f,0.0679f,0.58f,-2.9852f,1.0978f,0f,0f,0f,1f],start_interpolation: 0,interpolation_duration: 1}
$data merge entity $(right_leg) {transformation: [-1.6683f,0.2808f,-0.2991f,-1.0737f,0.4084f,1.254f,-1.101f,2.6563f,0.0383f,-1.1402f,-1.2845f,-0.6928f,0f,0f,0f,1f],start_interpolation: 0,interpolation_duration: 1}
$data merge entity $(weist) {transformation: [-1.3829f,0.0792f,-0.8445f,-0.4578f,0.08f,1.6202f,0.0209f,4.2718f,0.8445f,-0.0238f,-1.385f,-1.1816f,0f,0f,0f,1f],start_interpolation: 0,interpolation_duration: 1}
data modify storage animated_java:temp entry.data merge value {"locators":{"consume":{"px":-0.2572632879,"py":6.1983337583,"pz":2.1559501323,"ry":174.7489250712,"rx":-28.4802265851}}}
# Data Manager: Prepare for Read / Write
execute store result storage animated_java:temp args.id int 1 run scoreboard players get @s aj.id
# Data Manager: Write
function animated_java:global/data_manager/write with storage animated_java:temp args