# This file was generated by Animated Java via MC-Build. It is not recommended to edit this file directly.
$data merge entity $(neck) {transformation: [-0.9794f,0.1144f,-0.1664f,-0.1147f,0.0245f,0.8852f,0.4646f,6.1451f,0.2005f,0.4509f,-0.8698f,-0.4058f,0f,0f,0f,1f],start_interpolation: 0,interpolation_duration: 1}
$data merge entity $(right_thumb_2) {transformation: [-0.6675f,-0.7397f,0.0852f,-0.484f,0.6469f,-0.6328f,-0.4256f,6.238f,0.3687f,-0.229f,0.9009f,1.6266f,0f,0f,0f,1f],start_interpolation: 0,interpolation_duration: 1}
$data merge entity $(right_thumb) {transformation: [-0.6675f,-0.5781f,0.4693f,-0.7755f,0.6469f,-0.7624f,-0.019f,6.0889f,0.3687f,0.2909f,0.8829f,1.7624f,0f,0f,0f,1f],start_interpolation: 0,interpolation_duration: 1}
$data merge entity $(right_fingers2) {transformation: [0.9879f,-0.0425f,0.1493f,-0.1392f,0.0955f,0.9246f,-0.3689f,6.4687f,-0.1224f,0.3787f,0.9174f,1.8994f,0f,0f,0f,1f],start_interpolation: 0,interpolation_duration: 1}
$data merge entity $(right_fingers) {transformation: [0.1723f,-0.9737f,0.1493f,-0.4107f,0.9233f,0.1069f,-0.3689f,6.5225f,0.3432f,0.2014f,0.9174f,1.9732f,0f,0f,0f,1f],start_interpolation: 0,interpolation_duration: 1}
$data merge entity $(scout) {transformation: [0f,0f,0f,-0.3091f,0f,0f,0f,6.3386f,0f,0f,0f,1.999f,0f,0f,0f,1f],start_interpolation: 0,interpolation_duration: 1}
$data merge entity $(right_hand) {transformation: [-0.6675f,-0.7295f,0.1493f,-0.8487f,0.6469f,-0.6675f,-0.3689f,6.093f,0.3687f,-0.1497f,0.9174f,1.92f,0f,0f,0f,1f],start_interpolation: 0,interpolation_duration: 1}
$data merge entity $(right_forearm) {transformation: [-1.2156f,-0.5846f,0.2789f,-1.6684f,0.2744f,-1.002f,-0.9043f,4.5397f,0.5867f,-0.7425f,1.0008f,0.8138f,0f,0f,0f,1f],start_interpolation: 0,interpolation_duration: 1}
$data merge entity $(right_shoulder) {transformation: [-1.3782f,0.203f,-0.4573f,-1.1285f,0.4386f,1.1348f,-0.8183f,5.8611f,0.2406f,-0.906f,-1.1274f,-0.3031f,0f,0f,0f,1f],start_interpolation: 0,interpolation_duration: 1}
$data merge entity $(right_arm) {transformation: [-0.9794f,0.1144f,-0.1664f,-0.5444f,0.0245f,0.8852f,0.4646f,6.1077f,0.2005f,0.4509f,-0.8698f,-0.2929f,0f,0f,0f,1f],start_interpolation: 0,interpolation_duration: 1}
$data merge entity $(left_thumb_2) {transformation: [-0.8873f,0.4479f,-0.1101f,1.1222f,-0.4119f,-0.8768f,-0.2481f,6.7648f,-0.2077f,-0.1748f,0.9625f,1.0985f,0f,0f,0f,1f],start_interpolation: 0,interpolation_duration: 1}
$data merge entity $(left_thumb) {transformation: [-0.8873f,0.3186f,-0.3335f,1.361f,-0.4119f,-0.8728f,0.2619f,6.5414f,-0.2077f,0.3697f,0.9056f,1.2355f,0f,0f,0f,1f],start_interpolation: 0,interpolation_duration: 1}
$data merge entity $(left_fingers2) {transformation: [0.9048f,0.399f,-0.1487f,0.9125f,-0.4209f,0.8909f,-0.1707f,7.1354f,0.0644f,0.2171f,0.974f,1.3538f,0f,0f,0f,1f],start_interpolation: 0,interpolation_duration: 1}
$data merge entity $(left_fingers) {transformation: [-0.1937f,0.9697f,-0.1487f,1.1932f,-0.9609f,-0.2181f,-0.1707f,7.0991f,-0.198f,0.1098f,0.974f,1.3979f,0f,0f,0f,1f],start_interpolation: 0,interpolation_duration: 1}
$data merge entity $(left_hand) {transformation: [-0.8873f,0.4366f,-0.1487f,1.4504f,-0.4119f,-0.8951f,-0.1707f,6.5397f,-0.2077f,-0.0902f,0.974f,1.3845f,0f,0f,0f,1f],start_interpolation: 0,interpolation_duration: 1}
$data merge entity $(left_forearm) {transformation: [-1.2959f,0.1304f,-0.4482f,1.5766f,0.0886f,-1.2297f,-0.614f,4.6691f,-0.4583f,-0.6065f,1.1486f,0.4938f,0f,0f,0f,1f],start_interpolation: 0,interpolation_duration: 1}
$data merge entity $(left_shoulder) {transformation: [-1.4158f,-0.3647f,0.1114f,0.843f,-0.3313f,0.9643f,-1.0536f,5.8119f,0.1888f,-1.0426f,-1.0135f,-0.7066f,0f,0f,0f,1f],start_interpolation: 0,interpolation_duration: 1}
$data merge entity $(left_arm) {transformation: [-0.9794f,0.1144f,-0.1664f,0.3225f,0.0245f,0.8852f,0.4646f,6.0861f,0.2005f,0.4509f,-0.8698f,-0.4703f,0f,0f,0f,1f],start_interpolation: 0,interpolation_duration: 1}
$data merge entity $(chest) {transformation: [-1.2522f,0.1463f,-0.2128f,-0.3234f,0.0313f,1.1318f,0.594f,4.5143f,0.2563f,0.5765f,-1.112f,-1.226f,0f,0f,0f,1f],start_interpolation: 0,interpolation_duration: 1}
$data merge entity $(left_cheek) {transformation: [-0.7859f,-0.5331f,-0.3135f,-0.6419f,-0.4135f,0.8299f,-0.3746f,3.3821f,0.4598f,-0.1648f,-0.8726f,-1.9631f,0f,0f,0f,1f],start_interpolation: 0,interpolation_duration: 1}
$data merge entity $(left_foot) {transformation: [-0.6622f,0.0061f,-0.7789f,1.1676f,-0.0496f,1.0199f,0.0502f,-3.2798f,0.7773f,0.0703f,-0.6604f,-3.4453f,0f,0f,0f,1f],start_interpolation: 0,interpolation_duration: 1}
$data merge entity $(left_knee) {transformation: [-2.1298f,0.3022f,-2.1505f,1.5589f,-1.0228f,2.5176f,1.3667f,0.2898f,1.9157f,1.6801f,-1.6612f,-1.243f,0f,0f,0f,1f],start_interpolation: 0,interpolation_duration: 1}
$data merge entity $(left_leg) {transformation: [-1.2029f,-0.8917f,-0.8423f,0.1051f,-0.5777f,1.4525f,-0.7126f,2.6137f,1.082f,-0.2158f,-1.3169f,-1.5051f,0f,0f,0f,1f],start_interpolation: 0,interpolation_duration: 1}
$data merge entity $(right_cheek) {transformation: [-0.7324f,0.0552f,-0.6786f,-1.1017f,0.3982f,0.8432f,-0.3611f,3.4966f,0.5523f,-0.5347f,-0.6396f,-1.6592f,0f,0f,0f,1f],start_interpolation: 0,interpolation_duration: 1}
$data merge entity $(right_foot) {transformation: [-1.0196f,0.0548f,0.0508f,-2.5474f,0.0561f,1.0205f,0.0245f,-3.3899f,-0.0494f,0.0272f,-1.0208f,0.3292f,0f,0f,0f,1f],start_interpolation: 0,interpolation_duration: 1}
$data merge entity $(right_knee) {transformation: [-2.949f,0.7445f,0.0383f,-1.6f,0.7376f,2.891f,0.5918f,0.6567f,0.1084f,0.583f,-2.9834f,1.0171f,0f,0f,0f,1f],start_interpolation: 0,interpolation_duration: 1}
$data merge entity $(right_leg) {transformation: [-1.6656f,0.2726f,-0.3209f,-1.0845f,0.4166f,1.2574f,-1.0939f,2.686f,0.0612f,-1.1384f,-1.2852f,-0.7715f,0f,0f,0f,1f],start_interpolation: 0,interpolation_duration: 1}
$data merge entity $(weist) {transformation: [-1.3791f,0.0813f,-0.8506f,-0.4686f,0.0838f,1.6201f,0.019f,4.2996f,0.8504f,-0.0278f,-1.3813f,-1.2667f,0f,0f,0f,1f],start_interpolation: 0,interpolation_duration: 1}
data modify storage animated_java:temp entry.data merge value {"locators":{"consume":{"px":-0.1665597617,"py":6.426001495,"pz":1.9689074007,"ry":170.7558728796,"rx":-21.6466269376}}}
# Data Manager: Prepare for Read / Write
execute store result storage animated_java:temp args.id int 1 run scoreboard players get @s aj.id
# Data Manager: Write
function animated_java:global/data_manager/write with storage animated_java:temp args