# This file was generated by Animated Java via MC-Build. It is not recommended to edit this file directly.
$data merge entity $(neck) {transformation: [-0.9798f,0.1143f,-0.1639f,-0.1179f,0.0235f,0.8806f,0.4732f,6.1446f,0.1985f,0.4598f,-0.8656f,-0.4132f,0f,0f,0f,1f],start_interpolation: 0,interpolation_duration: 1}
$data merge entity $(right_thumb_2) {transformation: [-0.6817f,-0.7248f,0.0995f,-0.473f,0.6441f,-0.659f,-0.3883f,6.3267f,0.347f,-0.2006f,0.9161f,1.6102f,0f,0f,0f,1f],start_interpolation: 0,interpolation_duration: 1}
$data merge entity $(right_thumb) {transformation: [-0.6817f,-0.5579f,0.4733f,-0.7603f,0.6441f,-0.7645f,0.0266f,6.1759f,0.347f,0.323f,0.8805f,1.7531f,0f,0f,0f,1f],start_interpolation: 0,interpolation_duration: 1}
$data merge entity $(right_fingers2) {transformation: [0.9847f,-0.0636f,0.1623f,-0.1329f,0.1148f,0.9372f,-0.3294f,6.5761f,-0.1311f,0.343f,0.9301f,1.8721f,0f,0f,0f,1f],start_interpolation: 0,interpolation_duration: 1}
$data merge entity $(right_fingers) {transformation: [0.151f,-0.9751f,0.1623f,-0.4053f,0.9398f,0.0907f,-0.3294f,6.626f,0.3065f,0.2022f,0.9301f,1.9452f,0f,0f,0f,1f],start_interpolation: 0,interpolation_duration: 1}
$data merge entity $(scout) {transformation: [0f,0f,0f,-0.2991f,0f,0f,0f,6.4458f,0f,0f,0f,1.9775f,0f,0f,0f,1f],start_interpolation: 0,interpolation_duration: 1}
$data merge entity $(right_hand) {transformation: [-0.6817f,-0.7134f,0.1623f,-0.8329f,0.6441f,-0.6904f,-0.3294f,6.1842f,0.347f,-0.12f,0.9301f,1.9108f,0f,0f,0f,1f],start_interpolation: 0,interpolation_duration: 1}
$data merge entity $(right_forearm) {transformation: [-1.2159f,-0.5674f,0.3112f,-1.6255f,0.2639f,-1.0395f,-0.8643f,4.5764f,0.5909f,-0.7033f,1.0263f,0.8644f,0f,0f,0f,1f],start_interpolation: 0,interpolation_duration: 1}
$data merge entity $(right_shoulder) {transformation: [-1.3901f,0.1633f,-0.4369f,-1.1322f,0.4066f,1.0973f,-0.8835f,5.8607f,0.2286f,-0.9587f,-1.0856f,-0.3156f,0f,0f,0f,1f],start_interpolation: 0,interpolation_duration: 1}
$data merge entity $(right_arm) {transformation: [-0.9798f,0.1143f,-0.1639f,-0.5479f,0.0235f,0.8806f,0.4732f,6.1065f,0.1985f,0.4598f,-0.8656f,-0.3017f,0f,0f,0f,1f],start_interpolation: 0,interpolation_duration: 1}
$data merge entity $(left_thumb_2) {transformation: [-0.8904f,0.4356f,-0.1318f,1.0773f,-0.411f,-0.894f,-0.1784f,6.899f,-0.1956f,-0.1047f,0.9751f,1.0498f,0f,0f,0f,1f],start_interpolation: 0,interpolation_duration: 1}
$data merge entity $(left_thumb) {transformation: [-0.8904f,0.2966f,-0.3452f,1.3096f,-0.411f,-0.8499f,0.3298f,6.6819f,-0.1956f,0.4356f,0.8787f,1.2065f,0f,0f,0f,1f],start_interpolation: 0,interpolation_duration: 1}
$data merge entity $(left_fingers2) {transformation: [0.896f,0.4105f,-0.1693f,0.8695f,-0.43f,0.8973f,-0.0999f,7.2899f,0.1109f,0.1622f,0.9805f,1.2747f,0f,0f,0f,1f],start_interpolation: 0,interpolation_duration: 1}
$data merge entity $(left_fingers) {transformation: [-0.2069f,0.9636f,-0.1693f,1.1487f,-0.9691f,-0.2256f,-0.0999f,7.2522f,-0.1344f,0.1434f,0.9805f,1.3265f,0f,0f,0f,1f],start_interpolation: 0,interpolation_duration: 1}
$data merge entity $(left_hand) {transformation: [-0.8904f,0.4225f,-0.1693f,1.3963f,-0.411f,-0.9062f,-0.0999f,6.6891f,-0.1956f,-0.0194f,0.9805f,1.357f,0f,0f,0f,1f],start_interpolation: 0,interpolation_duration: 1}
$data merge entity $(left_forearm) {transformation: [-1.2806f,0.1298f,-0.4902f,1.5206f,0.0746f,-1.2687f,-0.5309f,4.7622f,-0.5015f,-0.5202f,1.1726f,0.5954f,0f,0f,0f,1f],start_interpolation: 0,interpolation_duration: 1}
$data merge entity $(left_shoulder) {transformation: [-1.4261f,-0.3192f,0.1187f,0.8402f,-0.2916f,0.8803f,-1.1357f,5.8133f,0.176f,-1.1283f,-0.9197f,-0.7151f,0f,0f,0f,1f],start_interpolation: 0,interpolation_duration: 1}
$data merge entity $(left_arm) {transformation: [-0.9798f,0.1143f,-0.1639f,0.3193f,0.0235f,0.8806f,0.4732f,6.0857f,0.1985f,0.4598f,-0.8656f,-0.4773f,0f,0f,0f,1f],start_interpolation: 0,interpolation_duration: 1}
$data merge entity $(chest) {transformation: [-1.2527f,0.1461f,-0.2096f,-0.3264f,0.0301f,1.1259f,0.605f,4.522f,0.2537f,0.5879f,-1.1066f,-1.2499f,0f,0f,0f,1f],start_interpolation: 0,interpolation_duration: 1}
$data merge entity $(left_cheek) {transformation: [-0.784f,-0.5346f,-0.3157f,-0.6481f,-0.4144f,0.8292f,-0.3751f,3.3885f,0.4623f,-0.1633f,-0.8716f,-1.9844f,0f,0f,0f,1f],start_interpolation: 0,interpolation_duration: 1}
$data merge entity $(left_foot) {transformation: [-0.6598f,0.0051f,-0.7809f,1.1648f,-0.0503f,1.02f,0.0491f,-3.2715f,0.7793f,0.0701f,-0.658f,-3.471f,0f,0f,0f,1f],start_interpolation: 0,interpolation_duration: 1}
$data merge entity $(left_knee) {transformation: [-2.1228f,0.3042f,-2.1572f,1.5585f,-1.0251f,2.5182f,1.3638f,0.299f,1.9223f,1.6787f,-1.6549f,-1.2705f,0f,0f,0f,1f],start_interpolation: 0,interpolation_duration: 1}
$data merge entity $(left_leg) {transformation: [-1.1989f,-0.894f,-0.8454f,0.1011f,-0.5789f,1.4514f,-0.7139f,2.6211f,1.0857f,-0.2133f,-1.3142f,-1.5285f,0f,0f,0f,1f],start_interpolation: 0,interpolation_duration: 1}
$data merge entity $(right_cheek) {transformation: [-0.7299f,0.0545f,-0.6814f,-1.1067f,0.3985f,0.8438f,-0.3594f,3.5061f,0.5554f,-0.5339f,-0.6376f,-1.6802f,0f,0f,0f,1f],start_interpolation: 0,interpolation_duration: 1}
$data merge entity $(right_foot) {transformation: [-1.0197f,0.0564f,0.0472f,-2.5552f,0.0576f,1.0204f,0.0249f,-3.3808f,-0.0457f,0.0275f,-1.021f,0.305f,0f,0f,0f,1f],start_interpolation: 0,interpolation_duration: 1}
$data merge entity $(right_knee) {transformation: [-2.9475f,0.7507f,0.0286f,-1.5996f,0.7416f,2.8893f,0.5953f,0.6636f,0.1198f,0.5838f,-2.9828f,0.9945f,0f,0f,0f,1f],start_interpolation: 0,interpolation_duration: 1}
$data merge entity $(right_leg) {transformation: [-1.6647f,0.2704f,-0.327f,-1.0876f,0.4189f,1.2584f,-1.0919f,2.6943f,0.0677f,-1.1378f,-1.2854f,-0.7935f,0f,0f,0f,1f],start_interpolation: 0,interpolation_duration: 1}
$data merge entity $(weist) {transformation: [-1.378f,0.0819f,-0.8523f,-0.4717f,0.0849f,1.62f,0.0184f,4.3073f,0.852f,-0.0289f,-1.3803f,-1.2905f,0f,0f,0f,1f],start_interpolation: 0,interpolation_duration: 1}
data modify storage animated_java:temp entry.data merge value {"locators":{"consume":{"px":-0.1589055046,"py":6.5354305976,"pz":1.9433131555,"ry":170.1044910271,"rx":-19.2321986862}}}
# Data Manager: Prepare for Read / Write
execute store result storage animated_java:temp args.id int 1 run scoreboard players get @s aj.id
# Data Manager: Write
function animated_java:global/data_manager/write with storage animated_java:temp args
execute unless entity @s[tag=aj.transforms_only] at @s run function animated_java:female/animations/berserk_start/zzz/frames/46_root_function