# This file was generated by Animated Java via MC-Build. It is not recommended to edit this file directly.
$data merge entity $(neck) {transformation: [-0.9795f,0.1144f,-0.1657f,-0.1156f,0.0242f,0.8839f,0.467f,6.145f,0.1999f,0.4535f,-0.8686f,-0.4079f,0f,0f,0f,1f],start_interpolation: 0,interpolation_duration: 1}
$data merge entity $(right_thumb_2) {transformation: [-0.6724f,-0.7352f,0.0856f,-0.4889f,0.6521f,-0.6431f,-0.4014f,6.358f,0.3502f,-0.2141f,0.9119f,1.6881f,0f,0f,0f,1f],start_interpolation: 0,interpolation_duration: 1}
$data merge entity $(right_thumb) {transformation: [-0.6724f,-0.5741f,0.4672f,-0.7799f,0.6521f,-0.7581f,0.007f,6.2107f,0.3502f,0.3094f,0.8841f,1.8271f,0f,0f,0f,1f],start_interpolation: 0,interpolation_duration: 1}
$data merge entity $(right_fingers2) {transformation: [0.9876f,-0.0491f,0.1493f,-0.1461f,0.0984f,0.9339f,-0.3438f,6.5978f,-0.1226f,0.3543f,0.9271f,1.9555f,0f,0f,0f,1f],start_interpolation: 0,interpolation_duration: 1}
$data merge entity $(right_fingers) {transformation: [0.1659f,-0.9748f,0.1493f,-0.4181f,0.933f,0.1061f,-0.3438f,6.6518f,0.3193f,0.1964f,0.9271f,2.0273f,0f,0f,0f,1f],start_interpolation: 0,interpolation_duration: 1}
$data merge entity $(scout) {transformation: [0f,0f,0f,-0.3155f,0f,0f,0f,6.4693f,0f,0f,0f,2.058f,0f,0f,0f,1f],start_interpolation: 0,interpolation_duration: 1}
$data merge entity $(right_hand) {transformation: [-0.6724f,-0.725f,0.1493f,-0.8535f,0.6521f,-0.6756f,-0.3438f,6.2184f,0.3502f,-0.1338f,0.9271f,1.9843f,0f,0f,0f,1f],start_interpolation: 0,interpolation_duration: 1}
$data merge entity $(right_forearm) {transformation: [-1.2177f,-0.5779f,0.2836f,-1.6628f,0.2812f,-1.0234f,-0.878f,4.6336f,0.5791f,-0.7183f,1.0227f,0.9158f,0f,0f,0f,1f],start_interpolation: 0,interpolation_duration: 1}
$data merge entity $(right_shoulder) {transformation: [-1.3838f,0.197f,-0.4429f,-1.1295f,0.4433f,1.0559f,-0.9157f,5.861f,0.1959f,-0.9981f,-1.0561f,-0.3067f,0f,0f,0f,1f],start_interpolation: 0,interpolation_duration: 1}
$data merge entity $(right_arm) {transformation: [-0.9795f,0.1144f,-0.1657f,-0.5454f,0.0242f,0.8839f,0.467f,6.1074f,0.1999f,0.4535f,-0.8686f,-0.2954f,0f,0f,0f,1f],start_interpolation: 0,interpolation_duration: 1}
$data merge entity $(left_thumb_2) {transformation: [-0.8737f,0.4662f,-0.139f,1.0339f,-0.441f,-0.8796f,-0.1783f,6.9752f,-0.2054f,-0.0945f,0.9741f,1.0914f,0f,0f,0f,1f],start_interpolation: 0,interpolation_duration: 1}
$data merge entity $(left_thumb) {transformation: [-0.8737f,0.3186f,-0.3677f,1.2711f,-0.441f,-0.8376f,0.3222f,6.7666f,-0.2054f,0.4437f,0.8723f,1.2523f,0f,0f,0f,1f],start_interpolation: 0,interpolation_duration: 1}
$data merge entity $(left_fingers2) {transformation: [0.9081f,0.3785f,-0.1791f,0.8103f,-0.3997f,0.9111f,-0.101f,7.36f,0.1249f,0.1632f,0.9786f,1.3116f,0f,0f,0f,1f],start_interpolation: 0,interpolation_duration: 1}
$data merge entity $(left_fingers) {transformation: [-0.173f,0.9685f,-0.1791f,1.0899f,-0.976f,-0.193f,-0.101f,7.3318f,-0.1323f,0.1573f,0.9786f,1.3673f,0f,0f,0f,1f],start_interpolation: 0,interpolation_duration: 1}
$data merge entity $(left_hand) {transformation: [-0.8737f,0.4524f,-0.1791f,1.3555f,-0.441f,-0.8918f,-0.101f,6.7774f,-0.2054f,-0.0092f,0.9786f,1.4039f,0f,0f,0f,1f],start_interpolation: 0,interpolation_duration: 1}
$data merge entity $(left_forearm) {transformation: [-1.2793f,0.1715f,-0.4808f,1.543f,0.0319f,-1.268f,-0.537f,4.8497f,-0.5094f,-0.5099f,1.1737f,0.6575f,0f,0f,0f,1f],start_interpolation: 0,interpolation_duration: 1}
$data merge entity $(left_shoulder) {transformation: [-1.4189f,-0.3361f,0.1538f,0.8422f,-0.32f,0.8114f,-1.1786f,5.8123f,0.1851f,-1.1741f,-0.8585f,-0.709f,0f,0f,0f,1f],start_interpolation: 0,interpolation_duration: 1}
$data merge entity $(left_arm) {transformation: [-0.9795f,0.1144f,-0.1657f,0.3216f,0.0242f,0.8839f,0.467f,6.086f,0.1999f,0.4535f,-0.8686f,-0.4723f,0f,0f,0f,1f],start_interpolation: 0,interpolation_duration: 1}
$data merge entity $(chest) {transformation: [-1.2524f,0.1462f,-0.2119f,-0.3242f,0.0309f,1.1301f,0.5971f,4.5165f,0.2556f,0.5798f,-1.1105f,-1.2329f,0f,0f,0f,1f],start_interpolation: 0,interpolation_duration: 1}
$data merge entity $(left_cheek) {transformation: [-0.7853f,-0.5335f,-0.3141f,-0.6437f,-0.4137f,0.8297f,-0.3747f,3.384f,0.4605f,-0.1643f,-0.8723f,-1.9692f,0f,0f,0f,1f],start_interpolation: 0,interpolation_duration: 1}
$data merge entity $(left_foot) {transformation: [-0.6616f,0.0058f,-0.7795f,1.1668f,-0.0498f,1.0199f,0.0499f,-3.2774f,0.7779f,0.0703f,-0.6597f,-3.4527f,0f,0f,0f,1f],start_interpolation: 0,interpolation_duration: 1}
$data merge entity $(left_knee) {transformation: [-2.1278f,0.3028f,-2.1524f,1.5588f,-1.0235f,2.5177f,1.3659f,0.2924f,1.9176f,1.6797f,-1.6594f,-1.2508f,0f,0f,0f,1f],start_interpolation: 0,interpolation_duration: 1}
$data merge entity $(left_leg) {transformation: [-1.2018f,-0.8923f,-0.8431f,0.1039f,-0.5781f,1.4522f,-0.713f,2.6158f,1.0831f,-0.2151f,-1.3161f,-1.5118f,0f,0f,0f,1f],start_interpolation: 0,interpolation_duration: 1}
$data merge entity $(right_cheek) {transformation: [-0.7317f,0.055f,-0.6794f,-1.1031f,0.3983f,0.8434f,-0.3606f,3.4993f,0.5532f,-0.5345f,-0.639f,-1.6652f,0f,0f,0f,1f],start_interpolation: 0,interpolation_duration: 1}
$data merge entity $(right_foot) {transformation: [-1.0197f,0.0553f,0.0498f,-2.5496f,0.0565f,1.0205f,0.0246f,-3.3873f,-0.0484f,0.0273f,-1.0209f,0.3223f,0f,0f,0f,1f],start_interpolation: 0,interpolation_duration: 1}
$data merge entity $(right_knee) {transformation: [-2.9486f,0.7463f,0.0355f,-1.5999f,0.7387f,2.8905f,0.5928f,0.6587f,0.1117f,0.5832f,-2.9832f,1.0106f,0f,0f,0f,1f],start_interpolation: 0,interpolation_duration: 1}
$data merge entity $(right_leg) {transformation: [-1.6653f,0.272f,-0.3226f,-1.0854f,0.4172f,1.2577f,-1.0934f,2.6884f,0.0631f,-1.1382f,-1.2853f,-0.7778f,0f,0f,0f,1f],start_interpolation: 0,interpolation_duration: 1}
$data merge entity $(weist) {transformation: [-1.3788f,0.0815f,-0.8511f,-0.4695f,0.0841f,1.62f,0.0188f,4.3018f,0.8509f,-0.0281f,-1.381f,-1.2735f,0f,0f,0f,1f],start_interpolation: 0,interpolation_duration: 1}
data modify storage animated_java:temp entry.data merge value {"locators":{"consume":{"px":-0.1734591323,"py":6.5567617178,"pz":2.0260353428,"ry":170.8496804696,"rx":-20.1115898927}}}
# Data Manager: Prepare for Read / Write
execute store result storage animated_java:temp args.id int 1 run scoreboard players get @s aj.id
# Data Manager: Write
function animated_java:global/data_manager/write with storage animated_java:temp args