# This file was generated by Animated Java via MC-Build. It is not recommended to edit this file directly.
$data merge entity $(neck) {transformation: [-0.9788f,0.1145f,-0.1696f,-0.1107f,0.0257f,0.8909f,0.4534f,6.1456f,0.2031f,0.4394f,-0.875f,-0.3963f,0f,0f,0f,1f],start_interpolation: 0,interpolation_duration: 1}
$data merge entity $(right_thumb_2) {transformation: [-0.6527f,-0.7555f,0.057f,-0.5203f,0.6634f,-0.6062f,-0.4387f,6.36f,0.366f,-0.2485f,0.8968f,1.8084f,0f,0f,0f,1f],start_interpolation: 0,interpolation_duration: 1}
$data merge entity $(right_thumb) {transformation: [-0.6527f,-0.6065f,0.454f,-0.8186f,0.6634f,-0.747f,-0.0443f,6.2186f,0.366f,0.2723f,0.8899f,1.9377f,0f,0f,0f,1f],start_interpolation: 0,interpolation_duration: 1}
$data merge entity $(right_fingers2) {transformation: [0.9923f,-0.0194f,0.1226f,-0.1728f,0.0655f,0.9209f,-0.3842f,6.5764f,-0.1055f,0.3892f,0.9151f,2.0895f,0f,0f,0f,1f],start_interpolation: 0,interpolation_duration: 1}
$data merge entity $(right_fingers) {transformation: [0.1958f,-0.9729f,0.1226f,-0.4437f,0.9133f,0.1354f,-0.3842f,6.6379f,0.3572f,0.1872f,0.9151f,2.1596f,0f,0f,0f,1f],start_interpolation: 0,interpolation_duration: 1}
$data merge entity $(scout) {transformation: [0f,0f,0f,-0.3484f,0f,0f,0f,6.4505f,0f,0f,0f,2.1847f,0f,0f,0f,1f],start_interpolation: 0,interpolation_duration: 1}
$data merge entity $(right_hand) {transformation: [-0.6527f,-0.7476f,0.1226f,-0.8942f,0.6634f,-0.6421f,-0.3842f,6.2232f,0.366f,-0.1694f,0.9151f,2.0942f,0f,0f,0f,1f],start_interpolation: 0,interpolation_duration: 1}
$data merge entity $(right_forearm) {transformation: [-1.2197f,-0.5984f,0.2266f,-1.7363f,0.3108f,-0.9804f,-0.9161f,4.7004f,0.5593f,-0.7602f,1.0032f,0.9626f,0f,0f,0f,1f],start_interpolation: 0,interpolation_duration: 1}
$data merge entity $(right_shoulder) {transformation: [-1.3658f,0.2644f,-0.4631f,-1.1237f,0.5111f,1.0123f,-0.9294f,5.8615f,0.1521f,-1.0272f,-1.0352f,-0.2871f,0f,0f,0f,1f],start_interpolation: 0,interpolation_duration: 1}
$data merge entity $(right_arm) {transformation: [-0.9788f,0.1145f,-0.1696f,-0.54f,0.0257f,0.8909f,0.4534f,6.109f,0.2031f,0.4394f,-0.875f,-0.2817f,0f,0f,0f,1f],start_interpolation: 0,interpolation_duration: 1}
$data merge entity $(left_thumb_2) {transformation: [-0.8454f,0.5166f,-0.1359f,0.991f,-0.4836f,-0.8482f,-0.2159f,7.0134f,-0.2268f,-0.1169f,0.9669f,1.1807f,0f,0f,0f,1f],start_interpolation: 0,interpolation_duration: 1}
$data merge entity $(left_thumb) {transformation: [-0.8454f,0.3627f,-0.3921f,1.2386f,-0.4836f,-0.8314f,0.2736f,6.8138f,-0.2268f,0.421f,0.8783f,1.3374f,0f,0f,0f,1f],start_interpolation: 0,interpolation_duration: 1}
$data merge entity $(left_fingers2) {transformation: [0.9286f,0.3244f,-0.1804f,0.7442f,-0.3509f,0.9257f,-0.1412f,7.3778f,0.1212f,0.1944f,0.9734f,1.4104f,0f,0f,0f,1f],start_interpolation: 0,interpolation_duration: 1}
$data merge entity $(left_fingers) {transformation: [-0.1158f,0.9768f,-0.1804f,1.0244f,-0.9797f,-0.1422f,-0.1412f,7.3639f,-0.1636f,0.1604f,0.9734f,1.4678f,0f,0f,0f,1f],start_interpolation: 0,interpolation_duration: 1}
$data merge entity $(left_hand) {transformation: [-0.8454f,0.5028f,-0.1804f,1.321f,-0.4836f,-0.8638f,-0.1412f,6.8247f,-0.2268f,-0.0321f,0.9734f,1.49f,0f,0f,0f,1f],start_interpolation: 0,interpolation_duration: 1}
$data merge entity $(left_forearm) {transformation: [-1.2835f,0.2323f,-0.4424f,1.6014f,-0.0223f,-1.2449f,-0.5889f,4.9275f,-0.4992f,-0.5416f,1.1639f,0.696f,0f,0f,0f,1f],start_interpolation: 0,interpolation_duration: 1}
$data merge entity $(left_shoulder) {transformation: [-1.4006f,-0.3821f,0.2054f,0.8467f,-0.3816f,0.7552f,-1.1974f,5.8099f,0.2063f,-1.1973f,-0.8209f,-0.6958f,0f,0f,0f,1f],start_interpolation: 0,interpolation_duration: 1}
$data merge entity $(left_arm) {transformation: [-0.9788f,0.1145f,-0.1696f,0.3264f,0.0257f,0.8909f,0.4534f,6.0863f,0.2031f,0.4394f,-0.875f,-0.4614f,0f,0f,0f,1f],start_interpolation: 0,interpolation_duration: 1}
$data merge entity $(chest) {transformation: [-1.2515f,0.1464f,-0.2169f,-0.3194f,0.0328f,1.1391f,0.5797f,4.5043f,0.2596f,0.5618f,-1.1188f,-1.1954f,0f,0f,0f,1f],start_interpolation: 0,interpolation_duration: 1}
$data merge entity $(left_cheek) {transformation: [-0.7883f,-0.5311f,-0.3107f,-0.6338f,-0.4124f,0.8307f,-0.3739f,3.3739f,0.4567f,-0.1666f,-0.8739f,-1.9356f,0f,0f,0f,1f],start_interpolation: 0,interpolation_duration: 1}
$data merge entity $(left_foot) {transformation: [-0.6653f,0.0074f,-0.7762f,1.1711f,-0.0488f,1.0199f,0.0515f,-3.2905f,0.7747f,0.0706f,-0.6634f,-3.4124f,0f,0f,0f,1f],start_interpolation: 0,interpolation_duration: 1}
$data merge entity $(left_knee) {transformation: [-2.1388f,0.2995f,-2.142f,1.5594f,-1.02f,2.5167f,1.3704f,0.278f,1.9072f,1.6819f,-1.6692f,-1.2077f,0f,0f,0f,1f],start_interpolation: 0,interpolation_duration: 1}
$data merge entity $(left_leg) {transformation: [-1.208f,-0.8886f,-0.8382f,0.1102f,-0.5761f,1.4539f,-0.711f,2.6042f,1.0772f,-0.2189f,-1.3203f,-1.4749f,0f,0f,0f,1f],start_interpolation: 0,interpolation_duration: 1}
$data merge entity $(right_cheek) {transformation: [-0.7356f,0.0561f,-0.675f,-1.0952f,0.3977f,0.8425f,-0.3633f,3.4846f,0.5483f,-0.5357f,-0.6421f,-1.6322f,0f,0f,0f,1f],start_interpolation: 0,interpolation_duration: 1}
$data merge entity $(right_foot) {transformation: [-1.0195f,0.0528f,0.0555f,-2.5374f,0.0542f,1.0207f,0.024f,-3.4015f,-0.0542f,0.0268f,-1.0206f,0.3602f,0f,0f,0f,1f],start_interpolation: 0,interpolation_duration: 1}
$data merge entity $(right_knee) {transformation: [-2.9508f,0.7366f,0.0508f,-1.6006f,0.7324f,2.8933f,0.5872f,0.6479f,0.0938f,0.5819f,-2.9841f,1.0462f,0f,0f,0f,1f],start_interpolation: 0,interpolation_duration: 1}
$data merge entity $(right_leg) {transformation: [-1.6666f,0.2756f,-0.313f,-1.0806f,0.4136f,1.2562f,-1.0965f,2.6753f,0.053f,-1.1391f,-1.285f,-0.7432f,0f,0f,0f,1f],start_interpolation: 0,interpolation_duration: 1}
$data merge entity $(weist) {transformation: [-1.3805f,0.0805f,-0.8484f,-0.4647f,0.0824f,1.6201f,0.0197f,4.2896f,0.8482f,-0.0264f,-1.3827f,-1.236f,0f,0f,0f,1f],start_interpolation: 0,interpolation_duration: 1}
data modify storage animated_java:temp entry.data merge value {"locators":{"consume":{"px":-0.20270355,"py":6.5337267412,"pz":2.1580007217,"ry":172.3680395809,"rx":-22.5927231883}}}
# Data Manager: Prepare for Read / Write
execute store result storage animated_java:temp args.id int 1 run scoreboard players get @s aj.id
# Data Manager: Write
function animated_java:global/data_manager/write with storage animated_java:temp args