# This file was generated by Animated Java via MC-Build. It is not recommended to edit this file directly.
$data merge entity $(neck) {transformation: [-0.9781f,0.1145f,-0.1736f,-0.1059f,0.0271f,0.8978f,0.4396f,6.1458f,0.2062f,0.4253f,-0.8812f,-0.3849f,0f,0f,0f,1f],start_interpolation: 0,interpolation_duration: 1}
$data merge entity $(right_thumb_2) {transformation: [-0.6351f,-0.772f,0.0268f,-0.5568f,0.6717f,-0.5691f,-0.4744f,6.3586f,0.3815f,-0.2833f,0.8799f,1.9203f,0f,0f,0f,1f],start_interpolation: 0,interpolation_duration: 1}
$data merge entity $(right_thumb) {transformation: [-0.6351f,-0.6366f,0.4374f,-0.8619f,0.6717f,-0.7348f,-0.0943f,6.2231f,0.3815f,0.2339f,0.8943f,2.0395f,0f,0f,0f,1f],start_interpolation: 0,interpolation_duration: 1}
$data merge entity $(right_fingers2) {transformation: [0.9956f,0.0063f,0.094f,-0.2067f,0.0342f,0.9055f,-0.423f,6.5516f,-0.0878f,0.4243f,0.9012f,2.2147f,0f,0f,0f,1f],start_interpolation: 0,interpolation_duration: 1}
$data merge entity $(right_fingers) {transformation: [0.2216f,-0.9706f,0.094f,-0.4763f,0.8914f,0.1626f,-0.423f,6.62f,0.3953f,0.1776f,0.9012f,2.2831f,0f,0f,0f,1f],start_interpolation: 0,interpolation_duration: 1}
$data merge entity $(scout) {transformation: [0f,0f,0f,-0.3881f,0f,0f,0f,6.4285f,0f,0f,0f,2.3024f,0f,0f,0f,1f],start_interpolation: 0,interpolation_duration: 1}
$data merge entity $(right_hand) {transformation: [-0.6351f,-0.7667f,0.094f,-0.9399f,0.6717f,-0.6082f,-0.423f,6.2243f,0.3815f,-0.2055f,0.9012f,2.1948f,0f,0f,0f,1f],start_interpolation: 0,interpolation_duration: 1}
$data merge entity $(right_forearm) {transformation: [-1.2216f,-0.6133f,0.1692f,-1.8065f,0.3386f,-0.9369f,-0.9511f,4.7647f,0.5386f,-0.802f,0.9817f,1.0003f,0f,0f,0f,1f],start_interpolation: 0,interpolation_duration: 1}
$data merge entity $(right_shoulder) {transformation: [-1.3447f,0.3297f,-0.4828f,-1.118f,0.5744f,0.9701f,-0.9375f,5.8617f,0.1086f,-1.0489f,-1.0188f,-0.2676f,0f,0f,0f,1f],start_interpolation: 0,interpolation_duration: 1}
$data merge entity $(right_arm) {transformation: [-0.9781f,0.1145f,-0.1736f,-0.5347f,0.0271f,0.8978f,0.4396f,6.1102f,0.2062f,0.4253f,-0.8812f,-0.2681f,0f,0f,0f,1f],start_interpolation: 0,interpolation_duration: 1}
$data merge entity $(left_thumb_2) {transformation: [-0.817f,0.5625f,-0.1268f,0.9562f,-0.5206f,-0.8141f,-0.2574f,7.0348f,-0.248f,-0.1443f,0.958f,1.2685f,0f,0f,0f,1f],start_interpolation: 0,interpolation_duration: 1}
$data merge entity $(left_thumb) {transformation: [-0.817f,0.4063f,-0.4091f,1.2138f,-0.5206f,-0.8249f,0.2203f,6.8435f,-0.248f,0.393f,0.8855f,1.4192f,0f,0f,0f,1f],start_interpolation: 0,interpolation_duration: 1}
$data merge entity $(left_fingers2) {transformation: [0.946f,0.2728f,-0.1753f,0.6891f,-0.3038f,0.9345f,-0.1855f,7.3768f,0.1132f,0.2287f,0.9669f,1.5097f,0f,0f,0f,1f],start_interpolation: 0,interpolation_duration: 1}
$data merge entity $(left_fingers) {transformation: [-0.0615f,0.9826f,-0.1753f,0.9695f,-0.9781f,-0.0944f,-0.1855f,7.3761f,-0.1988f,0.16f,0.9669f,1.568f,0f,0f,0f,1f],start_interpolation: 0,interpolation_duration: 1}
$data merge entity $(left_hand) {transformation: [-0.817f,0.5493f,-0.1753f,1.2951f,-0.5206f,-0.8334f,-0.1855f,6.8534f,-0.248f,-0.0603f,0.9669f,1.5725f,0f,0f,0f,1f],start_interpolation: 0,interpolation_duration: 1}
$data merge entity $(left_forearm) {transformation: [-1.2871f,0.2865f,-0.398f,1.6586f,-0.0723f,-1.2164f,-0.642f,4.9952f,-0.4851f,-0.5791f,1.1517f,0.7222f,0f,0f,0f,1f],start_interpolation: 0,interpolation_duration: 1}
$data merge entity $(left_shoulder) {transformation: [-1.3792f,-0.4277f,0.2545f,0.851f,-0.4418f,0.7072f,-1.206f,5.8072f,0.229f,-1.2111f,-0.7941f,-0.6827f,0f,0f,0f,1f],start_interpolation: 0,interpolation_duration: 1}
$data merge entity $(left_arm) {transformation: [-0.9781f,0.1145f,-0.1736f,0.3311f,0.0271f,0.8978f,0.4396f,6.0863f,0.2062f,0.4253f,-0.8812f,-0.4506f,0f,0f,0f,1f],start_interpolation: 0,interpolation_duration: 1}
$data merge entity $(chest) {transformation: [-1.2506f,0.1464f,-0.222f,-0.3147f,0.0347f,1.1478f,0.5621f,4.4921f,0.2636f,0.5438f,-1.1267f,-1.158f,0f,0f,0f,1f],start_interpolation: 0,interpolation_duration: 1}
$data merge entity $(left_cheek) {transformation: [-0.7912f,-0.5288f,-0.3072f,-0.6239f,-0.411f,0.8318f,-0.3731f,3.3638f,0.4528f,-0.1689f,-0.8755f,-1.902f,0f,0f,0f,1f],start_interpolation: 0,interpolation_duration: 1}
$data merge entity $(left_foot) {transformation: [-0.6691f,0.009f,-0.773f,1.1754f,-0.0478f,1.0199f,0.0532f,-3.3036f,0.7715f,0.0709f,-0.667f,-3.3722f,0f,0f,0f,1f],start_interpolation: 0,interpolation_duration: 1}
$data merge entity $(left_knee) {transformation: [-2.1498f,0.2963f,-2.1314f,1.56f,-1.0165f,2.5157f,1.3749f,0.2635f,1.8967f,1.684f,-1.6789f,-1.1646f,0f,0f,0f,1f],start_interpolation: 0,interpolation_duration: 1}
$data merge entity $(left_leg) {transformation: [-1.2142f,-0.8848f,-0.8333f,0.1164f,-0.5741f,1.4557f,-0.7091f,2.5925f,1.0713f,-0.2227f,-1.3245f,-1.438f,0f,0f,0f,1f],start_interpolation: 0,interpolation_duration: 1}
$data merge entity $(right_cheek) {transformation: [-0.7396f,0.0573f,-0.6706f,-1.0872f,0.3971f,0.8416f,-0.366f,3.4698f,0.5435f,-0.537f,-0.6452f,-1.5991f,0f,0f,0f,1f],start_interpolation: 0,interpolation_duration: 1}
$data merge entity $(right_foot) {transformation: [-1.0193f,0.0504f,0.0612f,-2.5254f,0.0518f,1.0208f,0.0233f,-3.4157f,-0.06f,0.0264f,-1.0203f,0.3981f,0f,0f,0f,1f],start_interpolation: 0,interpolation_duration: 1}
$data merge entity $(right_knee) {transformation: [-2.9528f,0.727f,0.0662f,-1.6013f,0.726f,2.896f,0.5818f,0.637f,0.076f,0.5806f,-2.9848f,1.0817f,0f,0f,0f,1f],start_interpolation: 0,interpolation_duration: 1}
$data merge entity $(right_leg) {transformation: [-1.6678f,0.2792f,-0.3034f,-1.0758f,0.4101f,1.2547f,-1.0996f,2.6622f,0.0429f,-1.1399f,-1.2846f,-0.7085f,0f,0f,0f,1f],start_interpolation: 0,interpolation_duration: 1}
$data merge entity $(weist) {transformation: [-1.3822f,0.0796f,-0.8457f,-0.46f,0.0808f,1.6202f,0.0205f,4.2774f,0.8456f,-0.0246f,-1.3843f,-1.1986f,0f,0f,0f,1f],start_interpolation: 0,interpolation_duration: 1}
data modify storage animated_java:temp entry.data merge value {"locators":{"consume":{"px":-0.2391532105,"py":6.5074600387,"pz":2.2811097784,"ry":174.0447067588,"rx":-25.0233227573}}}
# Data Manager: Prepare for Read / Write
execute store result storage animated_java:temp args.id int 1 run scoreboard players get @s aj.id
# Data Manager: Write
function animated_java:global/data_manager/write with storage animated_java:temp args