# This file was generated by Animated Java via MC-Build. It is not recommended to edit this file directly.
$data merge entity $(neck) {transformation: [-1f,0f,0f,0f,0f,0.9063f,0.4226f,6.2257f,0f,0.4226f,-0.9063f,-0.2765f,0f,0f,0f,1f],start_interpolation: 0,interpolation_duration: 1}
$data merge entity $(right_thumb_2) {transformation: [-0.1409f,-0.8018f,-0.5807f,-0.0602f,0.2694f,0.5334f,-0.8018f,4.7122f,0.9527f,-0.2694f,0.1409f,1.9186f,0f,0f,0f,1f],start_interpolation: 0,interpolation_duration: 1}
$data merge entity $(right_thumb) {transformation: [-0.1409f,-0.9883f,-0.059f,-0.3982f,0.2694f,0.019f,-0.9628f,4.7718f,0.9527f,-0.1515f,0.2636f,2.0074f,0f,0f,0f,1f],start_interpolation: 0,interpolation_duration: 1}
$data merge entity $(right_fingers2) {transformation: [0.7412f,0.438f,-0.5086f,0.206f,-0.5267f,-0.0902f,-0.8453f,4.3284f,-0.4161f,0.8944f,0.1638f,2.0871f,0f,0f,0f,1f],start_interpolation: 0,interpolation_duration: 1}
$data merge entity $(right_fingers) {transformation: [0.5881f,-0.6288f,-0.5086f,0.0396f,-0.2021f,0.4947f,-0.8453f,4.4575f,0.7831f,0.5999f,0.1638f,2.2813f,0f,0f,0f,1f],start_interpolation: 0,interpolation_duration: 1}
$data merge entity $(scout) {transformation: [0f,0f,0f,-0.0277f,0f,0f,0f,4.3403f,0f,0f,0f,2.1184f,0f,0f,0f,1f],start_interpolation: 0,interpolation_duration: 1}
$data merge entity $(right_hand) {transformation: [-0.1409f,-0.8494f,-0.5086f,-0.5038f,0.2694f,0.4615f,-0.8453f,4.7022f,0.9527f,-0.2561f,0.1638f,2.1265f,0f,0f,0f,1f],start_interpolation: 0,interpolation_duration: 1}
$data merge entity $(right_forearm) {transformation: [-0.8792f,-1.054f,0.1152f,-2.0504f,-0.396f,0.1876f,-1.3058f,4.9537f,0.9836f,-0.8666f,-0.4228f,0.7651f,0f,0f,0f,1f],start_interpolation: 0,interpolation_duration: 1}
$data merge entity $(right_shoulder) {transformation: [-1.1942f,0.6441f,-0.5557f,-1.0065f,0.8507f,0.9066f,-0.7773f,5.9125f,0.0021f,-0.9555f,-1.1121f,-0.3646f,0f,0f,0f,1f],start_interpolation: 0,interpolation_duration: 1}
$data merge entity $(right_arm) {transformation: [-1f,0f,0f,-0.4425f,0f,0.9063f,0.4226f,6.1787f,0f,0.4226f,-0.9063f,-0.2498f,0f,0f,0f,1f],start_interpolation: 0,interpolation_duration: 1}
$data merge entity $(left_thumb_2) {transformation: [0.0214f,0.8482f,0.5292f,-0.3501f,-0.4976f,0.4682f,-0.7302f,5.288f,-0.8672f,-0.2477f,0.4321f,1.9417f,0f,0f,0f,1f],start_interpolation: 0,interpolation_duration: 1}
$data merge entity $(left_thumb) {transformation: [0.0214f,0.9997f,-0.0094f,-0.0315f,-0.4976f,0.0025f,-0.8674f,5.3748f,-0.8672f,0.0233f,0.4975f,2.0708f,0f,0f,0f,1f],start_interpolation: 0,interpolation_duration: 1}
$data merge entity $(left_fingers2) {transformation: [0.6689f,-0.5892f,0.4533f,-0.65f,0.6283f,0.1223f,-0.7683f,4.9516f,0.3973f,0.7987f,0.452f,2.1499f,0f,0f,0f,1f],start_interpolation: 0,interpolation_duration: 1}
$data merge entity $(left_fingers) {transformation: [0.72f,0.5255f,0.4533f,-0.5173f,0.0166f,0.6399f,-0.7683f,5.1279f,-0.6938f,0.5607f,0.452f,2.3326f,0f,0f,0f,1f],start_interpolation: 0,interpolation_duration: 1}
$data merge entity $(left_hand) {transformation: [0.0214f,0.8911f,0.4533f,0.0502f,-0.4976f,0.4028f,-0.7683f,5.3388f,-0.8672f,-0.2091f,0.452f,2.2198f,0f,0f,0f,1f],start_interpolation: 0,interpolation_duration: 1}
$data merge entity $(left_forearm) {transformation: [-0.6851f,1.1929f,-0.0688f,1.8157f,0.124f,-0.0079f,-1.3717f,5.2822f,-1.1884f,-0.6885f,-0.1035f,1.1298f,0f,0f,0f,1f],start_interpolation: 0,interpolation_duration: 1}
$data merge entity $(left_shoulder) {transformation: [-1.1942f,-0.4472f,0.7237f,1.0065f,-0.8507f,0.6309f,-1.014f,5.9125f,-0.0021f,-1.2457f,-0.7733f,-0.3646f,0f,0f,0f,1f],start_interpolation: 0,interpolation_duration: 1}
$data merge entity $(left_arm) {transformation: [-1f,0f,0f,0.4426f,0f,0.9063f,0.4226f,6.1787f,0f,0.4226f,-0.9063f,-0.2498f,0f,0f,0f,1f],start_interpolation: 0,interpolation_duration: 1}
$data merge entity $(chest) {transformation: [-1.2785f,0f,0f,0f,0f,1.1588f,0.5403f,4.5565f,0f,0.5403f,-1.1588f,-1.0444f,0f,0f,0f,1f],start_interpolation: 0,interpolation_duration: 1}
$data merge entity $(left_cheek) {transformation: [-0.9305f,-0.3284f,-0.1626f,0.0772f,-0.3051f,0.94f,-0.1527f,3.6744f,0.203f,-0.0924f,-0.9748f,-1.9171f,0f,0f,0f,1f],start_interpolation: 0,interpolation_duration: 1}
$data merge entity $(left_foot) {transformation: [-0.8771f,0.0383f,-0.5238f,1.5129f,-0.0227f,1.0159f,0.1124f,-3.4219f,0.5248f,0.1081f,-0.8707f,-3.9029f,0f,0f,0f,1f],start_interpolation: 0,interpolation_duration: 1}
$data merge entity $(left_knee) {transformation: [-2.6971f,-0.068f,-1.4047f,1.4388f,-0.9069f,2.4062f,1.6248f,0.0008f,1.0749f,1.8596f,-2.1538f,-1.4482f,0f,0f,0f,1f],start_interpolation: 0,interpolation_duration: 1}
$data merge entity $(left_leg) {transformation: [-1.5233f,-0.5643f,-0.559f,0.4878f,-0.5122f,1.6219f,-0.2415f,2.585f,0.6071f,-0.0475f,-1.6064f,-1.452f,0f,0f,0f,1f],start_interpolation: 0,interpolation_duration: 1}
$data merge entity $(right_cheek) {transformation: [-0.959f,0.2033f,-0.1976f,-0.6306f,0.2295f,0.9658f,-0.1205f,3.6859f,0.1663f,-0.1609f,-0.9729f,-1.6872f,0f,0f,0f,1f],start_interpolation: 0,interpolation_duration: 1}
$data merge entity $(right_foot) {transformation: [-0.9311f,-0.0149f,0.4219f,-1.8607f,-0.0153f,1.0223f,0.0024f,-3.5231f,-0.4219f,-0.0041f,-0.9313f,-0.3113f,0f,0f,0f,1f],start_interpolation: 0,interpolation_duration: 1}
$data merge entity $(right_knee) {transformation: [-2.8575f,0.109f,1.0369f,-1.7494f,0.3692f,2.9349f,0.7088f,0.5784f,-0.9751f,0.7918f,-2.7703f,0.6432f,0f,0f,0f,1f],start_interpolation: 0,interpolation_duration: 1}
$data merge entity $(right_leg) {transformation: [-1.6139f,0.527f,0.2627f,-0.8456f,0.2085f,1.2283f,-1.1829f,2.5721f,-0.5507f,-1.0793f,-1.2178f,-1.0273f,0f,0f,0f,1f],start_interpolation: 0,interpolation_duration: 1}
$data merge entity $(weist) {transformation: [-1.5458f,0.0675f,-0.4878f,-0.1456f,-0.0149f,1.5999f,0.2687f,4.2259f,0.4923f,0.2605f,-1.5237f,-1.085f,0f,0f,0f,1f],start_interpolation: 0,interpolation_duration: 1}
data modify storage animated_java:temp entry.data merge value {"locators":{"consume":{"px":0.1329493453,"py":4.2866215799,"pz":2.1052212104,"ry":252.1446919162,"rx":-57.6988626282}}}
# Data Manager: Prepare for Read / Write
execute store result storage animated_java:temp args.id int 1 run scoreboard players get @s aj.id
# Data Manager: Write
function animated_java:global/data_manager/write with storage animated_java:temp args