# This file was generated by Animated Java via MC-Build. It is not recommended to edit this file directly.
$data merge entity $(neck) {transformation: [-0.9995f,0.0151f,-0.0289f,0.0275f,-0.0016f,0.862f,0.5068f,6.2821f,0.0325f,0.5066f,-0.8616f,-0.3252f,0f,0f,0f,1f],start_interpolation: 0,interpolation_duration: 1}
$data merge entity $(right_thumb_2) {transformation: [0.1131f,-0.8696f,-0.4807f,0.3733f,0.3297f,0.4892f,-0.8074f,5.1229f,0.9373f,-0.0672f,0.342f,1.5732f,0f,0f,0f,1f],start_interpolation: 0,interpolation_duration: 1}
$data merge entity $(right_thumb) {transformation: [0.1131f,-0.9917f,0.0618f,0.0701f,0.3297f,-0.0212f,-0.9439f,5.1783f,0.9373f,0.1271f,0.3245f,1.7485f,0f,0f,0f,1f],start_interpolation: 0,interpolation_duration: 1}
$data merge entity $(right_fingers2) {transformation: [0.623f,0.6704f,-0.4031f,0.6935f,-0.5313f,-0.0155f,-0.847f,4.7598f,-0.5741f,0.7419f,0.3466f,1.6832f,0f,0f,0f,1f],start_interpolation: 0,interpolation_duration: 1}
$data merge entity $(right_fingers) {transformation: [0.7893f,-0.4631f,-0.4031f,0.5808f,-0.1301f,0.5154f,-0.847f,4.8968f,0.6f,0.721f,0.3466f,1.9081f,0f,0f,0f,1f],start_interpolation: 0,interpolation_duration: 1}
$data merge entity $(scout) {transformation: [0f,0f,0f,0.4771f,0f,0f,0f,4.7667f,0f,0f,0f,1.7773f,0f,0f,0f,1f],start_interpolation: 0,interpolation_duration: 1}
$data merge entity $(right_hand) {transformation: [0.1131f,-0.9082f,-0.4031f,0.0046f,0.3297f,0.417f,-0.847f,5.1138f,0.9373f,-0.0371f,0.3466f,1.896f,0f,0f,0f,1f],start_interpolation: 0,interpolation_duration: 1}
$data merge entity $(right_forearm) {transformation: [-0.5841f,-1.2421f,0.1152f,-1.8374f,-0.3238f,0.0281f,-1.3385f,5.1209f,1.2046f,-0.5947f,-0.3039f,0.9393f,0f,0f,0f,1f],start_interpolation: 0,interpolation_duration: 1}
$data merge entity $(right_shoulder) {transformation: [-1.1762f,0.4881f,-0.7267f,-0.9818f,0.8664f,0.8231f,-0.8495f,5.9772f,0.1251f,-1.1109f,-0.9488f,-0.4098f,0f,0f,0f,1f],start_interpolation: 0,interpolation_duration: 1}
$data merge entity $(right_arm) {transformation: [-0.9995f,0.0151f,-0.0289f,-0.414f,-0.0016f,0.862f,0.5068f,6.2321f,0.0325f,0.5066f,-0.8616f,-0.2887f,0f,0f,0f,1f],start_interpolation: 0,interpolation_duration: 1}
$data merge entity $(left_thumb_2) {transformation: [0.2487f,0.914f,0.3205f,-0.5987f,-0.5691f,0.4056f,-0.7152f,5.7062f,-0.7838f,-0.0046f,0.621f,1.3843f,0f,0f,0f,1f],start_interpolation: 0,interpolation_duration: 1}
$data merge entity $(left_thumb) {transformation: [0.2487f,0.9431f,-0.2208f,-0.329f,-0.5691f,-0.0422f,-0.8212f,5.7886f,-0.7838f,0.3298f,0.5262f,1.5992f,0f,0f,0f,1f],start_interpolation: 0,interpolation_duration: 1}
$data merge entity $(left_fingers2) {transformation: [0.5591f,-0.7937f,0.2396f,-0.9705f,0.6276f,0.2163f,-0.7479f,5.4028f,0.5418f,0.5685f,0.6191f,1.5117f,0f,0f,0f,1f],start_interpolation: 0,interpolation_duration: 1}
$data merge entity $(left_fingers) {transformation: [0.8959f,0.374f,0.2396f,-0.8874f,-0.0753f,0.6596f,-0.7479f,5.5874f,-0.4378f,0.652f,0.6191f,1.7144f,0f,0f,0f,1f],start_interpolation: 0,interpolation_duration: 1}
$data merge entity $(left_hand) {transformation: [0.2487f,0.9385f,0.2396f,-0.2992f,-0.5691f,0.3418f,-0.7479f,5.7614f,-0.7838f,0.0496f,0.6191f,1.7683f,0f,0f,0f,1f],start_interpolation: 0,interpolation_duration: 1}
$data merge entity $(left_forearm) {transformation: [-0.3728f,1.321f,-0.1141f,1.6706f,-0.0173f,-0.1234f,-1.3717f,5.525f,-1.3258f,-0.3698f,0.05f,1.158f,0f,0f,0f,1f],start_interpolation: 0,interpolation_duration: 1}
$data merge entity $(left_shoulder) {transformation: [-1.1748f,-0.3094f,0.821f,1.0301f,-0.876f,0.4901f,-1.0688f,5.9803f,-0.0489f,-1.3468f,-0.5775f,-0.4753f,0f,0f,0f,1f],start_interpolation: 0,interpolation_duration: 1}
$data merge entity $(left_arm) {transformation: [-0.9995f,0.0151f,-0.0289f,0.4707f,-0.0016f,0.862f,0.5068f,6.2335f,0.0325f,0.5066f,-0.8616f,-0.3175f,0f,0f,0f,1f],start_interpolation: 0,interpolation_duration: 1}
$data merge entity $(chest) {transformation: [-1.2779f,0.0194f,-0.0369f,0f,-0.002f,1.1022f,0.648f,4.6934f,0.0416f,0.6477f,-1.1015f,-1.2478f,0f,0f,0f,1f],start_interpolation: 0,interpolation_duration: 1}
$data merge entity $(left_cheek) {transformation: [-0.9216f,-0.3519f,-0.164f,0.0531f,-0.3228f,0.9292f,-0.18f,3.831f,0.2157f,-0.1129f,-0.9699f,-2.1186f,0f,0f,0f,1f],start_interpolation: 0,interpolation_duration: 1}
$data merge entity $(left_foot) {transformation: [-0.8637f,0.0613f,-0.5436f,1.5788f,-0.0163f,1.0126f,0.14f,-3.2835f,0.5468f,0.1269f,-0.8545f,-4.1927f,0f,0f,0f,1f],start_interpolation: 0,interpolation_duration: 1}
$data merge entity $(left_knee) {transformation: [-2.648f,-0.09f,-1.4941f,1.4691f,-0.9709f,2.4141f,1.5753f,0.15f,1.1392f,1.8482f,-2.1304f,-1.7545f,0f,0f,0f,1f],start_interpolation: 0,interpolation_duration: 1}
$data merge entity $(left_leg) {transformation: [-1.4956f,-0.5855f,-0.6098f,0.4867f,-0.5484f,1.615f,-0.2058f,2.7206f,0.6434f,0.0154f,-1.5929f,-1.6564f,0f,0f,0f,1f],start_interpolation: 0,interpolation_duration: 1}
$data merge entity $(right_cheek) {transformation: [-0.9549f,0.2004f,-0.2189f,-0.6399f,0.2382f,0.9576f,-0.1624f,3.8313f,0.1771f,-0.2072f,-0.9621f,-1.8963f,0f,0f,0f,1f],start_interpolation: 0,interpolation_duration: 1}
$data merge entity $(right_foot) {transformation: [-0.925f,-0.0131f,0.4352f,-1.9989f,-0.008f,1.0222f,0.0136f,-3.4017f,-0.4354f,0.0089f,-0.925f,-0.4755f,0f,0f,0f,1f],start_interpolation: 0,interpolation_duration: 1}
$data merge entity $(right_knee) {transformation: [-2.8335f,0.1717f,1.0926f,-1.7978f,0.4308f,2.9389f,0.6554f,0.705f,-1.0186f,0.7653f,-2.7621f,0.4414f,0f,0f,0f,1f],start_interpolation: 0,interpolation_duration: 1}
$data merge entity $(right_leg) {transformation: [-1.6004f,0.5663f,0.2636f,-0.8317f,0.2433f,1.2328f,-1.1715f,2.7042f,-0.5753f,-1.054f,-1.2286f,-1.1872f,0f,0f,0f,1f],start_interpolation: 0,interpolation_duration: 1}
$data merge entity $(weist) {transformation: [-1.5283f,0.0649f,-0.5403f,-0.1456f,-0.0191f,1.6034f,0.2465f,4.3617f,0.5439f,0.2386f,-1.5097f,-1.2885f,0f,0f,0f,1f],start_interpolation: 0,interpolation_duration: 1}
data modify storage animated_java:temp entry.data merge value {"locators":{"consume":{"px":0.6303261619,"py":4.717185971,"pz":1.7232212457,"ry":229.3103227725,"rx":-57.8883733016}}}
# Data Manager: Prepare for Read / Write
execute store result storage animated_java:temp args.id int 1 run scoreboard players get @s aj.id
# Data Manager: Write
function animated_java:global/data_manager/write with storage animated_java:temp args