# This file was generated by Animated Java via MC-Build. It is not recommended to edit this file directly.
$data merge entity $(neck) {transformation: [-0.997f,0.0416f,-0.0653f,0.0758f,-0.0023f,0.827f,0.5623f,6.3338f,0.0774f,0.5607f,-0.8244f,-0.3488f,0f,0f,0f,1f],start_interpolation: 0,interpolation_duration: 1}
$data merge entity $(right_thumb_2) {transformation: [0.1823f,-0.9151f,-0.3597f,0.6767f,0.3902f,0.4031f,-0.8278f,5.3639f,0.9025f,0.0106f,0.4306f,1.3915f,0f,0f,0f,1f],start_interpolation: 0,interpolation_duration: 1}
$data merge entity $(right_thumb) {transformation: [0.1823f,-0.965f,0.1883f,0.3906f,0.3902f,-0.1048f,-0.9147f,5.4009f,0.9025f,0.2402f,0.3575f,1.5976f,0f,0f,0f,1f],start_interpolation: 0,interpolation_duration: 1}
$data merge entity $(right_fingers2) {transformation: [0.6052f,0.7458f,-0.2785f,1.0408f,-0.5032f,0.0872f,-0.8598f,5.0383f,-0.6169f,0.6605f,0.428f,1.4805f,0f,0f,0f,1f],start_interpolation: 0,interpolation_duration: 1}
$data merge entity $(right_fingers) {transformation: [0.8591f,-0.4294f,-0.2785f,0.9406f,-0.0238f,0.5101f,-0.8598f,5.1767f,0.5113f,0.7452f,0.428f,1.7104f,0f,0f,0f,1f],start_interpolation: 0,interpolation_duration: 1}
$data merge entity $(scout) {transformation: [0f,0f,0f,0.8363f,0f,0f,0f,5.0306f,0f,0f,0f,1.5983f,0f,0f,0f,1f],start_interpolation: 0,interpolation_duration: 1}
$data merge entity $(right_hand) {transformation: [0.1823f,-0.943f,-0.2785f,0.3482f,0.3902f,0.3294f,-0.8598f,5.339f,0.9025f,0.048f,0.428f,1.7543f,0f,0f,0f,1f],start_interpolation: 0,interpolation_duration: 1}
$data merge entity $(right_forearm) {transformation: [-0.3985f,-1.3064f,0.1782f,-1.5961f,-0.3214f,-0.0843f,-1.3367f,5.1768f,1.2787f,-0.4283f,-0.2804f,1.046f,0f,0f,0f,1f],start_interpolation: 0,interpolation_duration: 1}
$data merge entity $(right_shoulder) {transformation: [-1.1794f,0.3238f,-0.8087f,-0.9376f,0.8325f,0.8193f,-0.8863f,6.0364f,0.2562f,-1.1721f,-0.8429f,-0.4076f,0f,0f,0f,1f],start_interpolation: 0,interpolation_duration: 1}
$data merge entity $(right_arm) {transformation: [-0.997f,0.0416f,-0.0653f,-0.3638f,-0.0023f,0.827f,0.5623f,6.282f,0.0774f,0.5607f,-0.8244f,-0.2958f,0f,0f,0f,1f],start_interpolation: 0,interpolation_duration: 1}
$data merge entity $(left_thumb_2) {transformation: [0.2554f,0.9614f,0.1025f,-0.6046f,-0.6297f,0.2458f,-0.7369f,5.9712f,-0.7337f,0.1237f,0.6682f,1.0963f,0f,0f,0f,1f],start_interpolation: 0,interpolation_duration: 1}
$data merge entity $(left_thumb) {transformation: [0.2554f,0.8659f,-0.4301f,-0.3578f,-0.6297f,-0.1886f,-0.7536f,6.0145f,-0.7337f,0.4633f,0.497f,1.3471f,0f,0f,0f,1f],start_interpolation: 0,interpolation_duration: 1}
$data merge entity $(left_fingers2) {transformation: [0.5763f,-0.817f,0.0183f,-1.037f,0.5432f,0.3662f,-0.7556f,5.7392f,0.6106f,0.4454f,0.6548f,1.1715f,0f,0f,0f,1f],start_interpolation: 0,interpolation_duration: 1}
$data merge entity $(left_fingers) {transformation: [0.9224f,0.3858f,0.0183f,-0.953f,-0.24f,0.6095f,-0.7556f,5.9142f,-0.3026f,0.6925f,0.6548f,1.3822f,0f,0f,0f,1f],start_interpolation: 0,interpolation_duration: 1}
$data merge entity $(left_hand) {transformation: [0.2554f,0.9667f,0.0183f,-0.3572f,-0.6297f,0.1807f,-0.7556f,5.9886f,-0.7337f,0.1815f,0.6548f,1.5189f,0f,0f,0f,1f],start_interpolation: 0,interpolation_duration: 1}
$data merge entity $(left_forearm) {transformation: [-0.2519f,1.338f,-0.2081f,1.6398f,-0.0434f,-0.2196f,-1.3591f,5.6066f,-1.3534f,-0.242f,0.0823f,1.1013f,0f,0f,0f,1f],start_interpolation: 0,interpolation_duration: 1}
$data merge entity $(left_shoulder) {transformation: [-1.1925f,-0.2492f,0.8159f,1.0694f,-0.8499f,0.4678f,-1.0994f,6.0411f,-0.0734f,-1.3671f,-0.525f,-0.5634f,0f,0f,0f,1f],start_interpolation: 0,interpolation_duration: 1}
$data merge entity $(left_arm) {transformation: [-0.997f,0.0416f,-0.0653f,0.5186f,-0.0023f,0.827f,0.5623f,6.2841f,0.0774f,0.5607f,-0.8244f,-0.3643f,0f,0f,0f,1f],start_interpolation: 0,interpolation_duration: 1}
$data merge entity $(chest) {transformation: [-1.2747f,0.0532f,-0.0835f,0f,-0.003f,1.0573f,0.7189f,4.809f,0.099f,0.7169f,-1.054f,-1.3712f,0f,0f,0f,1f],start_interpolation: 0,interpolation_duration: 1}
$data merge entity $(left_cheek) {transformation: [-0.9199f,-0.3459f,-0.1846f,0.0385f,-0.3107f,0.9303f,-0.1949f,3.9694f,0.2391f,-0.122f,-0.9633f,-2.1888f,0f,0f,0f,1f],start_interpolation: 0,interpolation_duration: 1}
$data merge entity $(left_foot) {transformation: [-0.8542f,0.0871f,-0.555f,1.5616f,-0.0068f,1.0083f,0.1686f,-3.3846f,0.5617f,0.1446f,-0.8419f,-4.1589f,0f,0f,0f,1f],start_interpolation: 0,interpolation_duration: 1}
$data merge entity $(left_knee) {transformation: [-2.5999f,-0.132f,-1.5732f,1.3892f,-0.9434f,2.5603f,1.3443f,0.2409f,1.2659f,1.637f,-2.2293f,-2.0209f,0f,0f,0f,1f],start_interpolation: 0,interpolation_duration: 1}
$data merge entity $(left_leg) {transformation: [-1.4684f,-0.5271f,-0.7192f,0.5047f,-0.5328f,1.6298f,-0.1066f,2.8329f,0.715f,0.1319f,-1.5565f,-1.7341f,0f,0f,0f,1f],start_interpolation: 0,interpolation_duration: 1}
$data merge entity $(right_cheek) {transformation: [-0.9643f,0.1387f,-0.2254f,-0.6695f,0.186f,0.961f,-0.2044f,3.9627f,0.1883f,-0.2391f,-0.9526f,-1.9585f,0f,0f,0f,1f],start_interpolation: 0,interpolation_duration: 1}
$data merge entity $(right_foot) {transformation: [-0.9375f,-0.0195f,0.4073f,-1.9872f,-0.0065f,1.0218f,0.0341f,-3.5107f,-0.4077f,0.0286f,-0.9371f,-0.4953f,0f,0f,0f,1f],start_interpolation: 0,interpolation_duration: 1}
$data merge entity $(right_knee) {transformation: [-2.8543f,0.2466f,1.0218f,-1.6861f,0.4326f,2.9704f,0.4919f,0.6329f,-0.958f,0.6069f,-2.8224f,0.2017f,0f,0f,0f,1f],start_interpolation: 0,interpolation_duration: 1}
$data merge entity $(right_leg) {transformation: [-1.6121f,0.5168f,0.2922f,-0.7998f,0.2444f,1.3483f,-1.0362f,2.8132f,-0.541f,-0.9308f,-1.3388f,-1.2277f,0f,0f,0f,1f],start_interpolation: 0,interpolation_duration: 1}
$data merge entity $(weist) {transformation: [-1.5122f,0.0436f,-0.5859f,-0.1456f,-0.0228f,1.6123f,0.1788f,4.4765f,0.587f,0.1749f,-1.5023f,-1.4118f,0f,0f,0f,1f],start_interpolation: 0,interpolation_duration: 1}
data modify storage animated_java:temp entry.data merge value {"locators":{"consume":{"px":0.9868486372,"py":4.992331179,"pz":1.5293385471,"ry":213.0552976041,"rx":-59.2912737248}}}
# Data Manager: Prepare for Read / Write
execute store result storage animated_java:temp args.id int 1 run scoreboard players get @s aj.id
# Data Manager: Write
function animated_java:global/data_manager/write with storage animated_java:temp args
execute unless entity @s[tag=aj.transforms_only] at @s run function animated_java:female/animations/berserk_start/zzz/frames/7_root_function