# This file was generated by Animated Java via MC-Build. It is not recommended to edit this file directly.
$data merge entity $(neck) {transformation: [-0.9938f,0.0695f,-0.0872f,0.1269f,0.0073f,0.8206f,0.5714f,6.3485f,0.1112f,0.5672f,-0.816f,-0.3518f,0f,0f,0f,1f],start_interpolation: 0,interpolation_duration: 1}
$data merge entity $(right_thumb_2) {transformation: [0.1962f,-0.9337f,-0.2994f,0.8268f,0.4706f,0.3575f,-0.8067f,5.5567f,0.8603f,0.0174f,0.5095f,1.3611f,0f,0f,0f,1f],start_interpolation: 0,interpolation_duration: 1}
$data merge entity $(right_thumb) {transformation: [0.1962f,-0.9484f,0.2492f,0.5472f,0.4706f,-0.1319f,-0.8725f,5.5963f,0.8603f,0.2884f,0.4204f,1.5755f,0f,0f,0f,1f],start_interpolation: 0,interpolation_duration: 1}
$data merge entity $(right_fingers2) {transformation: [0.6065f,0.765f,-0.2169f,1.2104f,-0.5214f,0.1767f,-0.8348f,5.2575f,-0.6003f,0.6194f,0.5061f,1.46f,0f,0f,0f,1f],start_interpolation: 0,interpolation_duration: 1}
$data merge entity $(right_fingers) {transformation: [0.8781f,-0.4265f,-0.2169f,1.1121f,0.0597f,0.5473f,-0.8348f,5.409f,0.4748f,0.7201f,0.5061f,1.6823f,0f,0f,0f,1f],start_interpolation: 0,interpolation_duration: 1}
$data merge entity $(scout) {transformation: [0f,0f,0f,1.0113f,0f,0f,0f,5.2494f,0f,0f,0f,1.5866f,0f,0f,0f,1f],start_interpolation: 0,interpolation_duration: 1}
$data merge entity $(right_hand) {transformation: [0.1962f,-0.9563f,-0.2169f,0.5141f,0.4706f,0.2859f,-0.8348f,5.5454f,0.8603f,0.0617f,0.5061f,1.7383f,0f,0f,0f,1f],start_interpolation: 0,interpolation_duration: 1}
$data merge entity $(right_forearm) {transformation: [-0.3158f,-1.3252f,0.2034f,-1.461f,-0.249f,-0.1474f,-1.3466f,5.2848f,1.3173f,-0.3455f,-0.2058f,1.1557f,0f,0f,0f,1f],start_interpolation: 0,interpolation_duration: 1}
$data merge entity $(right_shoulder) {transformation: [-1.1643f,0.2524f,-0.8547f,-0.8911f,0.8464f,0.7532f,-0.9306f,6.0623f,0.2789f,-1.2324f,-0.7438f,-0.3791f,0f,0f,0f,1f],start_interpolation: 0,interpolation_duration: 1}
$data merge entity $(right_arm) {transformation: [-0.9938f,0.0695f,-0.0872f,-0.3113f,0.0073f,0.8206f,0.5714f,6.3008f,0.1112f,0.5672f,-0.816f,-0.2845f,0f,0f,0f,1f],start_interpolation: 0,interpolation_duration: 1}
$data merge entity $(left_thumb_2) {transformation: [0.2156f,0.9759f,-0.034f,-0.5203f,-0.7043f,0.1312f,-0.6977f,6.1871f,-0.6764f,0.1744f,0.7156f,0.9846f,0f,0f,0f,1f],start_interpolation: 0,interpolation_duration: 1}
$data merge entity $(left_thumb) {transformation: [0.2156f,0.8048f,-0.5531f,-0.2855f,-0.7043f,-0.2642f,-0.6589f,6.2158f,-0.6764f,0.5316f,0.5099f,1.2487f,0f,0f,0f,1f],start_interpolation: 0,interpolation_duration: 1}
$data merge entity $(left_fingers2) {transformation: [0.6039f,-0.7881f,-0.119f,-0.9828f,0.5063f,0.4946f,-0.7065f,6.0167f,0.6156f,0.3664f,0.6977f,1.0436f,0f,0f,0f,1f],start_interpolation: 0,interpolation_duration: 1}
$data merge entity $(left_fingers) {transformation: [0.9002f,0.419f,-0.119f,-0.8897f,-0.3733f,0.6013f,-0.7065f,6.1934f,-0.2245f,0.6803f,0.6977f,1.249f,0f,0f,0f,1f],start_interpolation: 0,interpolation_duration: 1}
$data merge entity $(left_hand) {transformation: [0.2156f,0.9692f,-0.119f,-0.2986f,-0.7043f,0.0699f,-0.7065f,6.2016f,-0.6764f,0.2361f,0.6977f,1.4214f,0f,0f,0f,1f],start_interpolation: 0,interpolation_duration: 1}
$data merge entity $(left_forearm) {transformation: [-0.2243f,1.3311f,-0.2738f,1.6868f,-0.1237f,-0.2963f,-1.3394f,5.7014f,-1.3533f,-0.1935f,0.1678f,1.0798f,0f,0f,0f,1f],start_interpolation: 0,interpolation_duration: 1}
$data merge entity $(left_shoulder) {transformation: [-1.2093f,-0.2528f,0.7897f,1.1093f,-0.8291f,0.3909f,-1.1444f,6.0477f,-0.0132f,-1.3904f,-0.4653f,-0.603f,0f,0f,0f,1f],start_interpolation: 0,interpolation_duration: 1}
$data merge entity $(left_arm) {transformation: [-0.9938f,0.0695f,-0.0872f,0.5683f,0.0073f,0.8206f,0.5714f,6.2944f,0.1112f,0.5672f,-0.816f,-0.3829f,0f,0f,0f,1f],start_interpolation: 0,interpolation_duration: 1}
$data merge entity $(chest) {transformation: [-1.2706f,0.0888f,-0.1114f,0f,0.0093f,1.0492f,0.7306f,4.8353f,0.1422f,0.7252f,-1.0433f,-1.3863f,0f,0f,0f,1f],start_interpolation: 0,interpolation_duration: 1}
$data merge entity $(left_cheek) {transformation: [-0.9194f,-0.3337f,-0.2082f,0.0264f,-0.2935f,0.9344f,-0.2016f,4.0111f,0.2618f,-0.1243f,-0.9571f,-2.1546f,0f,0f,0f,1f],start_interpolation: 0,interpolation_duration: 1}
$data merge entity $(left_foot) {transformation: [-0.8464f,0.1057f,-0.5636f,1.5386f,0.0032f,1.0057f,0.1838f,-3.527f,0.5734f,0.1504f,-0.8329f,-3.9927f,0f,0f,0f,1f],start_interpolation: 0,interpolation_duration: 1}
$data merge entity $(left_knee) {transformation: [-2.5584f,-0.18f,-1.6353f,1.296f,-0.9051f,2.6788f,1.1212f,0.2523f,1.3738f,1.4296f,-2.3067f,-2.1479f,0f,0f,0f,1f],start_interpolation: 0,interpolation_duration: 1}
$data merge entity $(left_leg) {transformation: [-1.445f,-0.4615f,-0.8065f,0.5202f,-0.5112f,1.64f,-0.0226f,2.8591f,0.7759f,0.221f,-1.5167f,-1.7171f,0f,0f,0f,1f],start_interpolation: 0,interpolation_duration: 1}
$data merge entity $(right_cheek) {transformation: [-0.968f,0.0899f,-0.2344f,-0.6917f,0.1439f,0.9638f,-0.2246f,3.9996f,0.2057f,-0.2511f,-0.9458f,-1.9111f,0f,0f,0f,1f],start_interpolation: 0,interpolation_duration: 1}
$data merge entity $(right_foot) {transformation: [-0.9501f,-0.0234f,0.3767f,-1.9588f,-0.0072f,1.0213f,0.0453f,-3.6727f,-0.3774f,0.0394f,-0.9493f,-0.4143f,0f,0f,0f,1f],start_interpolation: 0,interpolation_duration: 1}
$data merge entity $(right_knee) {transformation: [-2.8767f,0.3125f,0.9376f,-1.5704f,0.4277f,2.9951f,0.3137f,0.4977f,-0.891f,0.4285f,-2.8766f,0.0356f,0f,0f,0f,1f],start_interpolation: 0,interpolation_duration: 1}
$data merge entity $(right_leg) {transformation: [-1.6248f,0.4624f,0.3126f,-0.7712f,0.2415f,1.4499f,-0.8892f,2.8366f,-0.5032f,-0.797f,-1.4363f,-1.1783f,0f,0f,0f,1f],start_interpolation: 0,interpolation_duration: 1}
$data merge entity $(weist) {transformation: [-1.497f,0.0247f,-0.6247f,-0.1456f,-0.0261f,1.6172f,0.1264f,4.5024f,0.6247f,0.1267f,-1.4919f,-1.4269f,0f,0f,0f,1f],start_interpolation: 0,interpolation_duration: 1}
data modify storage animated_java:temp entry.data merge value {"locators":{"consume":{"px":1.1608282052,"py":5.2131028013,"pz":1.5145983521,"ry":203.1978286904,"rx":-56.5937410376}}}
# Data Manager: Prepare for Read / Write
execute store result storage animated_java:temp args.id int 1 run scoreboard players get @s aj.id
# Data Manager: Write
function animated_java:global/data_manager/write with storage animated_java:temp args