# This file was generated by Animated Java via MC-Build. It is not recommended to edit this file directly.
$data merge entity $(neck) {transformation: [-0.9929f,0.0888f,-0.0788f,0.1625f,0.0353f,0.8543f,0.5186f,6.2846f,0.1134f,0.5121f,-0.8514f,-0.3383f,0f,0f,0f,1f],start_interpolation: 0,interpolation_duration: 1}
$data merge entity $(right_thumb_2) {transformation: [0.2136f,-0.934f,-0.2865f,0.865f,0.6629f,0.3539f,-0.6598f,5.8693f,0.7176f,-0.049f,0.6947f,1.3667f,0f,0f,0f,1f],start_interpolation: 0,interpolation_duration: 1}
$data merge entity $(right_thumb) {transformation: [0.2136f,-0.9416f,0.2602f,0.59f,0.6629f,-0.056f,-0.7466f,5.9601f,0.7176f,0.332f,0.6123f,1.5713f,0f,0f,0f,1f],start_interpolation: 0,interpolation_duration: 1}
$data merge entity $(right_fingers2) {transformation: [0.5946f,0.7777f,-0.204f,1.2514f,-0.6522f,0.3182f,-0.6881f,5.6015f,-0.4702f,0.5422f,0.6964f,1.5264f,0f,0f,0f,1f],start_interpolation: 0,interpolation_duration: 1}
$data merge entity $(right_fingers) {transformation: [0.888f,-0.4122f,-0.204f,1.1574f,0.1695f,0.7056f,-0.6881f,5.8023f,0.4275f,0.5764f,0.6964f,1.7078f,0f,0f,0f,1f],start_interpolation: 0,interpolation_duration: 1}
$data merge entity $(scout) {transformation: [0f,0f,0f,1.055f,0f,0f,0f,5.6246f,0f,0f,0f,1.6554f,0f,0f,0f,1f],start_interpolation: 0,interpolation_duration: 1}
$data merge entity $(right_hand) {transformation: [0.2136f,-0.9554f,-0.204f,0.5606f,0.6629f,0.2951f,-0.6881f,5.9498f,0.7176f,0.0117f,0.6964f,1.7422f,0f,0f,0f,1f],start_interpolation: 0,interpolation_duration: 1}
$data merge entity $(right_forearm) {transformation: [-0.2553f,-1.337f,0.211f,-1.4346f,0.0282f,-0.2199f,-1.3594f,5.568f,1.3532f,-0.2476f,0.0681f,1.3155f,0f,0f,0f,1f],start_interpolation: 0,interpolation_duration: 1}
$data merge entity $(right_shoulder) {transformation: [-1.1526f,0.2567f,-0.8692f,-0.8613f,0.8999f,0.4907f,-1.0484f,6.0186f,0.1073f,-1.3576f,-0.5433f,-0.3439f,0f,0f,0f,1f],start_interpolation: 0,interpolation_duration: 1}
$data merge entity $(right_arm) {transformation: [-0.9929f,0.0888f,-0.0788f,-0.2763f,0.0353f,0.8543f,0.5186f,6.2506f,0.1134f,0.5121f,-0.8514f,-0.2666f,0f,0f,0f,1f],start_interpolation: 0,interpolation_duration: 1}
$data merge entity $(left_thumb_2) {transformation: [0.1747f,0.9774f,-0.1192f,-0.4359f,-0.8604f,0.0927f,-0.501f,6.5047f,-0.4786f,0.1901f,0.8572f,0.838f,0f,0f,0f,1f],start_interpolation: 0,interpolation_duration: 1}
$data merge entity $(left_thumb) {transformation: [0.1747f,0.7603f,-0.6257f,-0.2084f,-0.8604f,-0.191f,-0.4724f,6.5775f,-0.4786f,0.6209f,0.6208f,1.0999f,0f,0f,0f,1f],start_interpolation: 0,interpolation_duration: 1}
$data merge entity $(left_fingers2) {transformation: [0.6256f,-0.753f,-0.2039f,-0.9134f,0.5904f,0.6278f,-0.5072f,6.39f,0.51f,0.1969f,0.8373f,0.9109f,0f,0f,0f,1f],start_interpolation: 0,interpolation_duration: 1}
$data merge entity $(left_fingers) {transformation: [0.8706f,0.4478f,-0.2039f,-0.8119f,-0.4852f,0.7123f,-0.5072f,6.6029f,-0.0818f,0.5405f,0.8373f,1.0733f,0f,0f,0f,1f],start_interpolation: 0,interpolation_duration: 1}
$data merge entity $(left_hand) {transformation: [0.1747f,0.9633f,-0.2039f,-0.2284f,-0.8604f,0.0487f,-0.5072f,6.6061f,-0.4786f,0.2641f,0.8373f,1.2702f,0f,0f,0f,1f],start_interpolation: 0,interpolation_duration: 1}
$data merge entity $(left_forearm) {transformation: [-0.1844f,1.3153f,-0.3649f,1.7315f,-0.4036f,-0.4043f,-1.2533f,5.9348f,-1.3039f,-0.0608f,0.4395f,1.1403f,0f,0f,0f,1f],start_interpolation: 0,interpolation_duration: 1}
$data merge entity $(left_shoulder) {transformation: [-1.2437f,-0.2623f,0.731f,1.1375f,-0.7572f,0.1027f,-1.2514f,5.9476f,0.1727f,-1.4389f,-0.2226f,-0.5721f,0f,0f,0f,1f],start_interpolation: 0,interpolation_duration: 1}
$data merge entity $(left_arm) {transformation: [-0.9929f,0.0888f,-0.0788f,0.6026f,0.0353f,0.8543f,0.5186f,6.2194f,0.1134f,0.5121f,-0.8514f,-0.367f,0f,0f,0f,1f],start_interpolation: 0,interpolation_duration: 1}
$data merge entity $(chest) {transformation: [-1.2695f,0.1136f,-0.1007f,0f,0.0451f,1.0923f,0.663f,4.7101f,0.145f,0.6548f,-1.0886f,-1.2712f,0f,0f,0f,1f],start_interpolation: 0,interpolation_duration: 1}
$data merge entity $(left_cheek) {transformation: [-0.9174f,-0.3189f,-0.238f,0.0121f,-0.2784f,0.9417f,-0.1887f,3.8786f,0.2844f,-0.1068f,-0.9527f,-2.0035f,0f,0f,0f,1f],start_interpolation: 0,interpolation_duration: 1}
$data merge entity $(left_foot) {transformation: [-0.8427f,0.1141f,-0.5675f,1.5301f,0.0177f,1.0069f,0.1762f,-3.7524f,0.5786f,0.1354f,-0.8319f,-3.7661f,0f,0f,0f,1f],start_interpolation: 0,interpolation_duration: 1}
$data merge entity $(left_knee) {transformation: [-2.5286f,-0.2324f,-1.6747f,1.2126f,-0.8806f,2.753f,0.9476f,0.1218f,1.4433f,1.2725f,-2.3558f,-2.1427f,0f,0f,0f,1f],start_interpolation: 0,interpolation_duration: 1}
$data merge entity $(left_leg) {transformation: [-1.4281f,-0.4101f,-0.8624f,0.5216f,-0.4973f,1.6439f,0.042f,2.7335f,0.8152f,0.2845f,-1.4852f,-1.6094f,0f,0f,0f,1f],start_interpolation: 0,interpolation_duration: 1}
$data merge entity $(right_cheek) {transformation: [-0.9617f,0.0644f,-0.2662f,-0.7084f,0.1194f,0.9734f,-0.1955f,3.8556f,0.2466f,-0.2198f,-0.9439f,-1.7378f,0f,0f,0f,1f],start_interpolation: 0,interpolation_duration: 1}
$data merge entity $(right_foot) {transformation: [-0.9596f,-0.0239f,0.3519f,-1.9548f,-0.0122f,1.0217f,0.0361f,-3.9391f,-0.3525f,0.0297f,-0.9592f,-0.2143f,0f,0f,0f,1f],start_interpolation: 0,interpolation_duration: 1}
$data merge entity $(right_knee) {transformation: [-2.8916f,0.3749f,0.8663f,-1.4835f,0.4224f,3.0103f,0.1073f,0.2438f,-0.8441f,0.2223f,-2.9138f,-0.05f,0f,0f,0f,1f],start_interpolation: 0,interpolation_duration: 1}
$data merge entity $(right_leg) {transformation: [-1.6331f,0.4164f,0.333f,-0.7582f,0.2386f,1.5303f,-0.7434f,2.7073f,-0.4768f,-0.6604f,-1.5126f,-1.0438f,0f,0f,0f,1f],start_interpolation: 0,interpolation_duration: 1}
$data merge entity $(weist) {transformation: [-1.4836f,0.0199f,-0.6561f,-0.1456f,-0.0303f,1.6178f,0.1177f,4.375f,0.6557f,0.1199f,-1.4791f,-1.3118f,0f,0f,0f,1f],start_interpolation: 0,interpolation_duration: 1}
data modify storage animated_java:temp entry.data merge value {"locators":{"consume":{"px":1.203060949,"py":5.5716475412,"pz":1.5910780276,"ry":196.3253473038,"rx":-43.4794079502}}}
# Data Manager: Prepare for Read / Write
execute store result storage animated_java:temp args.id int 1 run scoreboard players get @s aj.id
# Data Manager: Write
function animated_java:global/data_manager/write with storage animated_java:temp args