# This file was generated by Animated Java via MC-Build. It is not recommended to edit this file directly.
$data merge entity $(neck) {transformation: [-0.9547f,-0.1432f,0.2608f,-0.0116f,-0.0123f,0.8948f,0.4463f,6.1592f,-0.2973f,0.4228f,-0.8561f,-0.2115f,0f,0f,0f,1f],start_interpolation: 0,interpolation_duration: 1}
$data merge entity $(right_thumb_2) {transformation: [-0.1239f,-0.0486f,-0.9911f,-1.1349f,0.9614f,-0.2531f,-0.1078f,6.5439f,-0.2456f,-0.9662f,0.0781f,1.8129f,0f,0f,0f,1f],start_interpolation: 0,interpolation_duration: 1}
$data merge entity $(right_thumb) {transformation: [-0.1239f,-0.8826f,-0.4535f,-1.4308f,0.9614f,-0.2199f,0.1653f,6.6134f,-0.2456f,-0.4155f,0.8758f,1.6305f,0f,0f,0f,1f],start_interpolation: 0,interpolation_duration: 1}
$data merge entity $(right_fingers2) {transformation: [0.3157f,0.6299f,-0.7096f,-1.0925f,-0.9487f,0.1958f,-0.2482f,6.6731f,-0.0174f,0.7516f,0.6594f,2.1392f,0f,0f,0f,1f],start_interpolation: 0,interpolation_duration: 1}
$data merge entity $(right_fingers) {transformation: [0.5058f,-0.4905f,-0.7096f,-1.2232f,0.472f,0.8459f,-0.2482f,6.9256f,0.722f,-0.2094f,0.6594f,2.1047f,0f,0f,0f,1f],start_interpolation: 0,interpolation_duration: 1}
$data merge entity $(scout) {transformation: [0f,0f,0f,-1.2446f,0f,0f,0f,6.7247f,0f,0f,0f,2.1678f,0f,0f,0f,1f],start_interpolation: 0,interpolation_duration: 1}
$data merge entity $(right_hand) {transformation: [-0.4445f,-0.5467f,-0.7096f,-1.5881f,0.8838f,-0.3965f,-0.2482f,6.6667f,-0.1457f,-0.7375f,0.6594f,1.6816f,0f,0f,0f,1f],start_interpolation: 0,interpolation_duration: 1}
$data merge entity $(right_forearm) {transformation: [-0.5339f,-0.5473f,-1.1457f,-2.4318f,1.0944f,-0.8285f,-0.1143f,5.3694f,-0.6437f,-0.9546f,0.756f,0.2983f,0f,0f,0f,1f],start_interpolation: 0,interpolation_duration: 1}
$data merge entity $(right_shoulder) {transformation: [-0.9292f,1.0556f,-0.415f,-0.9442f,1.0237f,0.5496f,-0.8943f,5.8619f,-0.4882f,-0.8565f,-1.0853f,-0.6126f,0f,0f,0f,1f],start_interpolation: 0,interpolation_duration: 1}
$data merge entity $(right_arm) {transformation: [-0.9283f,-0.0655f,0.3659f,-0.4365f,0.0266f,0.9701f,0.2414f,6.1299f,-0.3708f,0.2338f,-0.8988f,-0.3434f,0f,0f,0f,1f],start_interpolation: 0,interpolation_duration: 1}
$data merge entity $(left_thumb_2) {transformation: [0.1182f,0.1208f,0.9856f,0.0194f,-0.9609f,-0.2365f,0.1442f,7.3912f,0.2505f,-0.9641f,0.0882f,2.8744f,0f,0f,0f,1f],start_interpolation: 0,interpolation_duration: 1}
$data merge entity $(left_thumb) {transformation: [0.1182f,0.914f,0.3881f,0.2904f,-0.9609f,0.0067f,0.2769f,7.5319f,0.2505f,-0.4057f,0.879f,2.6944f,0f,0f,0f,1f],start_interpolation: 0,interpolation_duration: 1}
$data merge entity $(left_fingers2) {transformation: [0.0678f,-0.667f,0.742f,-0.0575f,0.9976f,0.0346f,-0.0601f,7.5068f,0.0144f,0.7443f,0.6677f,3.1995f,0f,0f,0f,1f],start_interpolation: 0,interpolation_duration: 1}
$data merge entity $(left_fingers) {transformation: [0.6157f,0.2653f,0.742f,0.0061f,-0.333f,0.941f,-0.0601f,7.784f,-0.7142f,-0.2101f,0.6677f,3.1647f,0f,0f,0f,1f],start_interpolation: 0,interpolation_duration: 1}
$data merge entity $(left_hand) {transformation: [-0.2106f,0.6365f,0.742f,0.4288f,-0.9665f,-0.2497f,-0.0601f,7.6231f,0.147f,-0.7298f,0.6677f,2.7467f,0f,0f,0f,1f],start_interpolation: 0,interpolation_duration: 1}
$data merge entity $(left_forearm) {transformation: [-1.2019f,0.666f,0.0953f,1.3852f,-0.6298f,-1.0453f,-0.6386f,5.9994f,-0.2364f,-0.6008f,1.2167f,1.8763f,0f,0f,0f,1f],start_interpolation: 0,interpolation_duration: 1}
$data merge entity $(left_shoulder) {transformation: [-0.7589f,-0.2197f,1.2352f,0.9246f,-1.2514f,0.0299f,-0.7635f,5.8082f,0.0892f,-1.4494f,-0.203f,0.1338f,0f,0f,0f,1f],start_interpolation: 0,interpolation_duration: 1}
$data merge entity $(left_arm) {transformation: [-0.9283f,-0.0655f,0.3659f,0.3851f,0.0266f,0.9701f,0.2414f,6.1063f,-0.3708f,0.2338f,-0.8988f,-0.0152f,0f,0f,0f,1f],start_interpolation: 0,interpolation_duration: 1}
$data merge entity $(chest) {transformation: [-1.1869f,-0.0838f,0.4678f,0.1053f,0.0341f,1.2403f,0.3086f,4.3745f,-0.474f,0.299f,-1.1492f,-0.6327f,0f,0f,0f,1f],start_interpolation: 0,interpolation_duration: 1}
$data merge entity $(left_cheek) {transformation: [-0.8219f,-0.2051f,0.5314f,0.604f,-0.3568f,0.9126f,-0.1996f,3.4192f,-0.444f,-0.3536f,-0.8233f,-0.7797f,0f,0f,0f,1f],start_interpolation: 0,interpolation_duration: 1}
$data merge entity $(left_foot) {transformation: [-1.0123f,-0.1011f,-0.1011f,1.5758f,-0.1349f,0.9149f,0.4358f,-3.1146f,0.0473f,0.4449f,-0.9193f,1.4207f,0f,0f,0f,1f],start_interpolation: 0,interpolation_duration: 1}
$data merge entity $(left_knee) {transformation: [-2.981f,-0.5972f,0.0966f,0.8387f,-0.5547f,2.8919f,0.7625f,0.935f,-0.2416f,0.7297f,-2.943f,2.3171f,0f,0f,0f,1f],start_interpolation: 0,interpolation_duration: 1}
$data merge entity $(left_leg) {transformation: [-1.6831f,-0.058f,0.3395f,0.6659f,-0.3095f,0.9971f,-1.3644f,2.5594f,-0.151f,-1.3978f,-0.9873f,0.1004f,0f,0f,0f,1f],start_interpolation: 0,interpolation_duration: 1}
$data merge entity $(right_cheek) {transformation: [-0.8003f,0.1678f,0.5756f,0.0241f,0.1043f,0.9844f,-0.1419f,3.4267f,-0.5904f,-0.0535f,-0.8053f,-1.0609f,0f,0f,0f,1f],start_interpolation: 0,interpolation_duration: 1}
$data merge entity $(right_foot) {transformation: [-0.556f,0.0759f,0.8546f,-1.9793f,0.1707f,1.0078f,0.0215f,-4.0051f,-0.8408f,0.1544f,-0.5607f,-1.787f,0f,0f,0f,1f],start_interpolation: 0,interpolation_duration: 1}
$data merge entity $(right_knee) {transformation: [-1.7967f,0.0296f,2.4542f,-1.8894f,0.846f,2.8626f,0.5847f,0.005f,-2.304f,1.028f,-1.6991f,-0.4999f,0f,0f,0f,1f],start_interpolation: 0,interpolation_duration: 1}
$data merge entity $(right_leg) {transformation: [-1.0148f,0.8222f,1.1161f,-0.5627f,0.4778f,1.5059f,-0.6749f,2.4174f,-1.3013f,-0.0882f,-1.1181f,-0.5544f,0f,0f,0f,1f],start_interpolation: 0,interpolation_duration: 1}
$data merge entity $(weist) {transformation: [-1.4243f,-0.0025f,0.7767f,0.1053f,-0.1647f,1.5864f,-0.2968f,4.0811f,-0.7591f,-0.3394f,-1.393f,-0.6733f,0f,0f,0f,1f],start_interpolation: 0,interpolation_duration: 1}
data modify storage animated_java:temp entry.data merge value {"locators":{"consume":{"px":-1.1088665752,"py":6.7529653606,"pz":2.2660416813,"ry":227.0997729972,"rx":-14.3734890023}}}
# Data Manager: Prepare for Read / Write
execute store result storage animated_java:temp args.id int 1 run scoreboard players get @s aj.id
# Data Manager: Write
function animated_java:global/data_manager/write with storage animated_java:temp args