# This file was generated by Animated Java via MC-Build. It is not recommended to edit this file directly.
$data merge entity $(neck) {transformation: [-0.9554f,-0.0604f,0.2891f,0.0018f,0.0732f,0.8998f,0.43f,6.1347f,-0.2861f,0.432f,-0.8553f,-0.1937f,0f,0f,0f,1f],start_interpolation: 0,interpolation_duration: 1}
$data merge entity $(right_thumb_2) {transformation: [0.0588f,-0.0332f,-0.9977f,-1.1735f,0.9644f,-0.2562f,0.0653f,6.666f,-0.2578f,-0.966f,0.0169f,1.8192f,0f,0f,0f,1f],start_interpolation: 0,interpolation_duration: 1}
$data merge entity $(right_thumb) {transformation: [0.0588f,-0.8806f,-0.4701f,-1.4415f,0.9644f,-0.0715f,0.2546f,6.7824f,-0.2578f,-0.4684f,0.8451f,1.6183f,0f,0f,0f,1f],start_interpolation: 0,interpolation_duration: 1}
$data merge entity $(right_fingers2) {transformation: [0.1479f,0.6078f,-0.7802f,-1.1292f,-0.989f,0.0966f,-0.1122f,6.7912f,0.0072f,0.7882f,0.6154f,2.1468f,0f,0f,0f,1f],start_interpolation: 0,interpolation_duration: 1}
$data merge entity $(right_fingers) {transformation: [0.5352f,-0.3238f,-0.7802f,-1.2121f,0.3895f,0.9142f,-0.1122f,7.0618f,0.7496f,-0.2439f,0.6154f,2.103f,0f,0f,0f,1f],start_interpolation: 0,interpolation_duration: 1}
$data merge entity $(scout) {transformation: [0f,0f,0f,-1.2716f,0f,0f,0f,6.8686f,0f,0f,0f,2.1656f,0f,0f,0f,1f],start_interpolation: 0,interpolation_duration: 1}
$data merge entity $(right_hand) {transformation: [-0.2759f,-0.5614f,-0.7802f,-1.59f,0.9446f,-0.3083f,-0.1122f,6.8628f,-0.1776f,-0.768f,0.6154f,1.6593f,0f,0f,0f,1f],start_interpolation: 0,interpolation_duration: 1}
$data merge entity $(right_forearm) {transformation: [-0.2974f,-0.6234f,-1.1917f,-2.5598f,1.1595f,-0.7372f,0.0962f,5.7079f,-0.6813f,-0.9824f,0.684f,0.2331f,0f,0f,0f,1f],start_interpolation: 0,interpolation_duration: 1}
$data merge entity $(right_shoulder) {transformation: [-0.7076f,1.1842f,-0.4968f,-0.9574f,1.1603f,0.3465f,-0.8268f,5.923f,-0.5504f,-0.7921f,-1.1043f,-0.5862f,0f,0f,0f,1f],start_interpolation: 0,interpolation_duration: 1}
$data merge entity $(right_arm) {transformation: [-0.9266f,0.0214f,0.3755f,-0.4255f,0.1104f,0.9698f,0.2173f,6.1436f,-0.3595f,0.2428f,-0.901f,-0.3207f,0f,0f,0f,1f],start_interpolation: 0,interpolation_duration: 1}
$data merge entity $(left_thumb_2) {transformation: [0.1204f,0.144f,0.9822f,-0.0703f,-0.9625f,-0.2253f,0.151f,7.2474f,0.243f,-0.9636f,0.1115f,2.8739f,0f,0f,0f,1f],start_interpolation: 0,interpolation_duration: 1}
$data merge entity $(left_thumb) {transformation: [0.1204f,0.9226f,0.3664f,0.2035f,-0.9625f,0.0181f,0.2706f,7.3921f,0.243f,-0.3853f,0.8902f,2.7014f,0f,0f,0f,1f],start_interpolation: 0,interpolation_duration: 1}
$data merge entity $(left_fingers2) {transformation: [0.0595f,-0.6835f,0.7276f,-0.1553f,0.9979f,0.0215f,-0.0614f,7.359f,0.0263f,0.7297f,0.6833f,3.1984f,0f,0f,0f,1f],start_interpolation: 0,interpolation_duration: 1}
$data merge entity $(left_fingers) {transformation: [0.6339f,0.2623f,0.7276f,-0.0931f,-0.3206f,0.9452f,-0.0614f,7.6369f,-0.7038f,-0.1943f,0.6833f,3.1679f,0f,0f,0f,1f],start_interpolation: 0,interpolation_duration: 1}
$data merge entity $(left_hand) {transformation: [-0.206f,0.6544f,0.7276f,0.34f,-0.9696f,-0.237f,-0.0614f,7.4838f,0.1322f,-0.7181f,0.6833f,2.7577f,0f,0f,0f,1f],start_interpolation: 0,interpolation_duration: 1}
$data merge entity $(left_forearm) {transformation: [-1.1913f,0.6874f,0.0736f,1.3283f,-0.6366f,-1.0336f,-0.6507f,5.877f,-0.2695f,-0.5968f,1.2117f,1.8918f,0f,0f,0f,1f],start_interpolation: 0,interpolation_duration: 1}
$data merge entity $(left_shoulder) {transformation: [-0.7506f,-0.188f,1.2454f,0.9078f,-1.2581f,0.0436f,-0.7517f,5.7008f,0.0593f,-1.4535f,-0.1836f,0.1376f,0f,0f,0f,1f],start_interpolation: 0,interpolation_duration: 1}
$data merge entity $(left_arm) {transformation: [-0.9266f,0.0214f,0.3755f,0.3946f,0.1104f,0.9698f,0.2173f,6.0458f,-0.3595f,0.2428f,-0.901f,-0.0025f,0f,0f,0f,1f],start_interpolation: 0,interpolation_duration: 1}
$data merge entity $(chest) {transformation: [-1.1847f,0.0273f,0.4801f,-0.0411f,0.1412f,1.24f,0.2778f,4.3507f,-0.4597f,0.3104f,-1.152f,-0.6312f,0f,0f,0f,1f],start_interpolation: 0,interpolation_duration: 1}
$data merge entity $(left_cheek) {transformation: [-0.8828f,-0.1271f,0.4522f,0.5001f,-0.238f,0.951f,-0.1975f,3.4692f,-0.4049f,-0.282f,-0.8698f,-0.7191f,0f,0f,0f,1f],start_interpolation: 0,interpolation_duration: 1}
$data merge entity $(left_foot) {transformation: [-1.0166f,0.0209f,-0.1066f,0.9733f,-0.0331f,0.8959f,0.4914f,-3.4172f,0.1034f,0.4921f,-0.8902f,1.8568f,0f,0f,0f,1f],start_interpolation: 0,interpolation_duration: 1}
$data merge entity $(left_knee) {transformation: [-3.0295f,-0.2719f,0.026f,0.6851f,-0.2671f,3.0101f,0.3463f,0.7707f,-0.0567f,0.3426f,-3.0218f,2.2091f,0f,0f,0f,1f],start_interpolation: 0,interpolation_duration: 1}
$data merge entity $(left_leg) {transformation: [-1.7111f,-0.0563f,0.1428f,0.5195f,-0.1463f,1.0812f,-1.327f,2.5356f,-0.0464f,-1.3339f,-1.0816f,0.1019f,0f,0f,0f,1f],start_interpolation: 0,interpolation_duration: 1}
$data merge entity $(right_cheek) {transformation: [-0.7988f,0.1851f,0.5724f,-0.1472f,0.1389f,0.9825f,-0.124f,3.3775f,-0.5854f,-0.0196f,-0.8105f,-1.0486f,0f,0f,0f,1f],start_interpolation: 0,interpolation_duration: 1}
$data merge entity $(right_foot) {transformation: [-0.5363f,-0.1081f,0.8637f,-1.7692f,0.2025f,0.9711f,0.2473f,-3.423f,-0.8466f,0.3007f,-0.488f,-1.9295f,0f,0f,0f,1f],start_interpolation: 0,interpolation_duration: 1}
$data merge entity $(right_knee) {transformation: [-1.804f,-0.5183f,2.3935f,-2.4404f,0.8782f,2.6383f,1.2331f,0.3041f,-2.2862f,1.4224f,-1.4151f,-0.0845f,0f,0f,0f,1f],start_interpolation: 0,interpolation_duration: 1}
$data merge entity $(right_leg) {transformation: [-1.0189f,1.0702f,0.8763f,-0.7091f,0.496f,1.2986f,-1.0094f,2.3935f,-1.2912f,-0.3457f,-1.0792f,-0.5529f,0f,0f,0f,1f],start_interpolation: 0,interpolation_duration: 1}
$data merge entity $(weist) {transformation: [-1.4243f,-0.0025f,0.7767f,-0.0411f,-0.1647f,1.5864f,-0.2968f,4.0572f,-0.7591f,-0.3394f,-1.393f,-0.6718f,0f,0f,0f,1f],start_interpolation: 0,interpolation_duration: 1}
data modify storage animated_java:temp entry.data merge value {"locators":{"consume":{"px":-1.1391855707,"py":6.874674731,"pz":2.2719511707,"ry":231.7373572511,"rx":-6.440736991}}}
# Data Manager: Prepare for Read / Write
execute store result storage animated_java:temp args.id int 1 run scoreboard players get @s aj.id
# Data Manager: Write
function animated_java:global/data_manager/write with storage animated_java:temp args