# This file was generated by Animated Java via MC-Build. It is not recommended to edit this file directly.
$data merge entity $(neck) {transformation: [-0.9606f,-0.0868f,0.2642f,-0.0305f,0.0284f,0.9144f,0.4037f,6.1203f,-0.2766f,0.3953f,-0.8759f,-0.2204f,0f,0f,0f,1f],start_interpolation: 0,interpolation_duration: 1}
$data merge entity $(right_thumb_2) {transformation: [-0.0783f,-0.0314f,-0.9964f,-1.0676f,0.9567f,-0.2835f,-0.0662f,6.6772f,-0.2804f,-0.9585f,0.0523f,1.8243f,0f,0f,0f,1f],start_interpolation: 0,interpolation_duration: 1}
$data merge entity $(right_thumb) {transformation: [-0.0783f,-0.8787f,-0.471f,-1.3552f,0.9567f,-0.1991f,0.2124f,6.752f,-0.2804f,-0.434f,0.8562f,1.631f,0f,0f,0f,1f],start_interpolation: 0,interpolation_duration: 1}
$data merge entity $(right_fingers2) {transformation: [0.2778f,0.6158f,-0.7373f,-1.0293f,-0.9604f,0.1963f,-0.1978f,6.8156f,0.0229f,0.763f,0.646f,2.1473f,0f,0f,0f,1f],start_interpolation: 0,interpolation_duration: 1}
$data merge entity $(right_fingers) {transformation: [0.5038f,-0.4501f,-0.7373f,-1.1487f,0.476f,0.8569f,-0.1978f,7.0717f,0.7208f,-0.2513f,0.646f,2.1007f,0f,0f,0f,1f],start_interpolation: 0,interpolation_duration: 1}
$data merge entity $(scout) {transformation: [0f,0f,0f,-1.1799f,0f,0f,0f,6.8741f,0f,0f,0f,2.1697f,0f,0f,0f,1f],start_interpolation: 0,interpolation_duration: 1}
$data merge entity $(right_hand) {transformation: [-0.4045f,-0.5411f,-0.7373f,-1.5116f,0.8951f,-0.3995f,-0.1978f,6.8131f,-0.1875f,-0.74f,0.646f,1.6757f,0f,0f,0f,1f],start_interpolation: 0,interpolation_duration: 1}
$data merge entity $(right_forearm) {transformation: [-0.4734f,-0.6286f,-1.1305f,-2.4797f,1.0985f,-0.8309f,0.0021f,5.5162f,-0.6829f,-0.9009f,0.7869f,0.376f,0f,0f,0f,1f],start_interpolation: 0,interpolation_duration: 1}
$data merge entity $(right_shoulder) {transformation: [-0.8683f,1.0682f,-0.5047f,-0.9861f,1.0632f,0.4334f,-0.9119f,5.8597f,-0.5152f,-0.906f,-1.0313f,-0.5915f,0f,0f,0f,1f],start_interpolation: 0,interpolation_duration: 1}
$data merge entity $(right_arm) {transformation: [-0.9339f,-0.0097f,0.3574f,-0.4592f,0.0634f,0.9793f,0.1923f,6.1092f,-0.3519f,0.2023f,-0.9139f,-0.3422f,0f,0f,0f,1f],start_interpolation: 0,interpolation_duration: 1}
$data merge entity $(left_thumb_2) {transformation: [0.1318f,0.071f,0.9887f,0.1395f,-0.9527f,-0.2666f,0.1462f,7.3845f,0.2739f,-0.9612f,0.0325f,2.8978f,0f,0f,0f,1f],start_interpolation: 0,interpolation_duration: 1}
$data merge entity $(left_thumb) {transformation: [0.1318f,0.8917f,0.4329f,0.4007f,-0.9527f,-0.0067f,0.3039f,7.5194f,0.2739f,-0.4525f,0.8487f,2.6997f,0f,0f,0f,1f],start_interpolation: 0,interpolation_duration: 1}
$data merge entity $(left_fingers2) {transformation: [0.0676f,-0.6276f,0.7756f,0.0794f,0.9975f,0.0584f,-0.0397f,7.5104f,-0.0203f,0.7764f,0.6299f,3.2227f,0f,0f,0f,1f],start_interpolation: 0,interpolation_duration: 1}
$data merge entity $(left_fingers) {transformation: [0.5782f,0.2532f,0.7756f,0.1409f,-0.3556f,0.9338f,-0.0397f,7.7862f,-0.7343f,-0.2529f,0.6299f,3.1759f,0f,0f,0f,1f],start_interpolation: 0,interpolation_duration: 1}
$data merge entity $(left_hand) {transformation: [-0.2019f,0.598f,0.7756f,0.5415f,-0.9612f,-0.2729f,-0.0397f,7.612f,0.1879f,-0.7536f,0.6299f,2.7419f,0f,0f,0f,1f],start_interpolation: 0,interpolation_duration: 1}
$data merge entity $(left_forearm) {transformation: [-1.2285f,0.6093f,0.1289f,1.4127f,-0.5956f,-1.066f,-0.6372f,5.9587f,-0.1821f,-0.6241f,1.2143f,1.8386f,0f,0f,0f,1f],start_interpolation: 0,interpolation_duration: 1}
$data merge entity $(left_shoulder) {transformation: [-0.7966f,-0.2622f,1.2027f,0.8938f,-1.2219f,-0.0053f,-0.8104f,5.732f,0.1493f,-1.4426f,-0.2156f,0.1168f,0f,0f,0f,1f],start_interpolation: 0,interpolation_duration: 1}
$data merge entity $(left_arm) {transformation: [-0.9339f,-0.0097f,0.3574f,0.3674f,0.0634f,0.9793f,0.1923f,6.0531f,-0.3519f,0.2023f,-0.9139f,-0.0308f,0f,0f,0f,1f],start_interpolation: 0,interpolation_duration: 1}
$data merge entity $(chest) {transformation: [-1.194f,-0.0124f,0.457f,-0.016f,0.0811f,1.252f,0.2459f,4.3192f,-0.4499f,0.2586f,-1.1685f,-0.5834f,0f,0f,0f,1f],start_interpolation: 0,interpolation_duration: 1}
$data merge entity $(left_cheek) {transformation: [-0.88f,-0.1543f,0.4492f,0.525f,-0.2595f,0.9483f,-0.1828f,3.4586f,-0.3978f,-0.2774f,-0.8745f,-0.6864f,0f,0f,0f,1f],start_interpolation: 0,interpolation_duration: 1}
$data merge entity $(left_foot) {transformation: [-1.0152f,0.0291f,-0.1173f,0.8935f,-0.0402f,0.8544f,0.56f,-3.5059f,0.114f,0.5607f,-0.8473f,1.9455f,0f,0f,0f,1f],start_interpolation: 0,interpolation_duration: 1}
$data merge entity $(left_knee) {transformation: [-3.036f,-0.1846f,0.0264f,0.7262f,-0.1815f,3.024f,0.2737f,0.6957f,-0.0428f,0.2716f,-3.0293f,2.1987f,0f,0f,0f,1f],start_interpolation: 0,interpolation_duration: 1}
$data merge entity $(left_leg) {transformation: [-1.7148f,-0.0343f,0.099f,0.597f,-0.0975f,1.117f,-1.3016f,2.5193f,-0.0384f,-1.3048f,-1.1169f,0.1395f,0f,0f,0f,1f],start_interpolation: 0,interpolation_duration: 1}
$data merge entity $(right_cheek) {transformation: [-0.8128f,0.1564f,0.5611f,-0.0957f,0.1072f,0.987f,-0.1199f,3.3646f,-0.5726f,-0.0373f,-0.819f,-0.9945f,0f,0f,0f,1f],start_interpolation: 0,interpolation_duration: 1}
$data merge entity $(right_foot) {transformation: [-0.548f,-0.024f,0.8628f,-1.3572f,0.1409f,1.0058f,0.1175f,-3.9f,-0.8515f,0.1818f,-0.5358f,-1.8233f,0f,0f,0f,1f],start_interpolation: 0,interpolation_duration: 1}
$data merge entity $(right_knee) {transformation: [-1.8345f,-0.4887f,2.3765f,-1.989f,0.7124f,2.7396f,1.1133f,-0.0424f,-2.3193f,1.2281f,-1.5378f,-0.2531f,0f,0f,0f,1f],start_interpolation: 0,interpolation_duration: 1}
$data merge entity $(right_leg) {transformation: [-1.0361f,0.8358f,1.086f,-0.6388f,0.4024f,1.487f,-0.7605f,2.3454f,-1.3099f,-0.2043f,-1.0926f,-0.4939f,0f,0f,0f,1f],start_interpolation: 0,interpolation_duration: 1}
$data merge entity $(weist) {transformation: [-1.4326f,-0.0493f,0.7598f,-0.016f,-0.2015f,1.5858f,-0.277f,4.0257f,-0.7343f,-0.339f,-1.4064f,-0.6241f,0f,0f,0f,1f],start_interpolation: 0,interpolation_duration: 1}
data modify storage animated_java:temp entry.data merge value {"locators":{"consume":{"px":-1.046003606,"py":6.9002631325,"pz":2.2708945019,"ry":228.7783224517,"rx":-11.4097947903}}}
# Data Manager: Prepare for Read / Write
execute store result storage animated_java:temp args.id int 1 run scoreboard players get @s aj.id
# Data Manager: Write
function animated_java:global/data_manager/write with storage animated_java:temp args