# This file was generated by Animated Java via MC-Build. It is not recommended to edit this file directly.
$data merge entity $(neck) {transformation: [-0.9454f,-0.1643f,0.2816f,0.0223f,0.0015f,0.8615f,0.5078f,6.2118f,-0.326f,0.4805f,-0.8141f,-0.1957f,0f,0f,0f,1f],start_interpolation: 0,interpolation_duration: 1}
$data merge entity $(right_thumb_2) {transformation: [-0.0328f,-0.0997f,-0.9945f,-1.3257f,0.9829f,-0.1835f,-0.014f,6.3839f,-0.1811f,-0.978f,0.104f,1.7389f,0f,0f,0f,1f],start_interpolation: 0,interpolation_duration: 1}
$data merge entity $(right_thumb) {transformation: [-0.0328f,-0.9111f,-0.4109f,-1.6178f,0.9829f,-0.1039f,0.1519f,6.4941f,-0.1811f,-0.3989f,0.8989f,1.571f,0f,0f,0f,1f],start_interpolation: 0,interpolation_duration: 1}
$data merge entity $(right_fingers2) {transformation: [0.2178f,0.6663f,-0.7132f,-1.2617f,-0.9721f,0.0831f,-0.2192f,6.4867f,-0.0868f,0.741f,0.6658f,2.071f,0f,0f,0f,1f],start_interpolation: 0,interpolation_duration: 1}
$data merge entity $(right_fingers) {transformation: [0.57f,-0.4081f,-0.7132f,-1.3672f,0.3716f,0.9021f,-0.2192f,6.7527f,0.7328f,-0.14f,0.6658f,2.0567f,0f,0f,0f,1f],start_interpolation: 0,interpolation_duration: 1}
$data merge entity $(scout) {transformation: [0f,0f,0f,-1.407f,0f,0f,0f,6.5512f,0f,0f,0f,2.1078f,0f,0f,0f,1f],start_interpolation: 0,interpolation_duration: 1}
$data merge entity $(right_hand) {transformation: [-0.3569f,-0.6034f,-0.7132f,-1.7675f,0.9311f,-0.2916f,-0.2192f,6.5592f,-0.0756f,-0.7422f,0.6658f,1.6306f,0f,0f,0f,1f],start_interpolation: 0,interpolation_duration: 1}
$data merge entity $(right_forearm) {transformation: [-0.4258f,-0.4614f,-1.226f,-2.4892f,1.1676f,-0.7179f,-0.1354f,5.4246f,-0.5937f,-1.0811f,0.613f,0.0494f,0f,0f,0f,1f],start_interpolation: 0,interpolation_duration: 1}
$data merge entity $(right_shoulder) {transformation: [-0.8379f,1.1606f,-0.3173f,-0.895f,1.0992f,0.5811f,-0.777f,5.9366f,-0.4893f,-0.6819f,-1.2022f,-0.6447f,0f,0f,0f,1f],start_interpolation: 0,interpolation_duration: 1}
$data merge entity $(right_arm) {transformation: [-0.9172f,-0.0819f,0.3899f,-0.3982f,0.0458f,0.9505f,0.3073f,6.1887f,-0.3958f,0.2997f,-0.8681f,-0.342f,0f,0f,0f,1f],start_interpolation: 0,interpolation_duration: 1}
$data merge entity $(left_thumb_2) {transformation: [0.0545f,0.2508f,0.9665f,-0.2861f,-0.9803f,-0.1706f,0.0996f,7.2983f,0.1899f,-0.9529f,0.2365f,2.7393f,0f,0f,0f,1f],start_interpolation: 0,interpolation_duration: 1}
$data merge entity $(left_thumb) {transformation: [0.0545f,0.9624f,0.2661f,0.0117f,-0.9803f,0.0009f,0.1975f,7.4412f,0.1899f,-0.2716f,0.9435f,2.6105f,0f,0f,0f,1f],start_interpolation: 0,interpolation_duration: 1}
$data merge entity $(left_fingers2) {transformation: [0.0927f,-0.7652f,0.637f,-0.4054f,0.9906f,0.0063f,-0.1366f,7.3931f,0.1005f,0.6437f,0.7586f,3.0583f,0f,0f,0f,1f],start_interpolation: 0,interpolation_duration: 1}
$data merge entity $(left_fingers) {transformation: [0.702f,0.3185f,0.637f,-0.3298f,-0.3039f,0.9429f,-0.1366f,7.6693f,-0.6441f,-0.0977f,0.7586f,3.0542f,0f,0f,0f,1f],start_interpolation: 0,interpolation_duration: 1}
$data merge entity $(left_hand) {transformation: [-0.2561f,0.727f,0.637f,0.1436f,-0.9658f,-0.2205f,-0.1366f,7.523f,0.0412f,-0.6502f,0.7586f,2.6886f,0f,0f,0f,1f],start_interpolation: 0,interpolation_duration: 1}
$data merge entity $(left_forearm) {transformation: [-1.1416f,0.7702f,-0.0269f,1.255f,-0.6713f,-1.0174f,-0.6414f,5.9396f,-0.3785f,-0.5185f,1.2186f,1.9364f,0f,0f,0f,1f],start_interpolation: 0,interpolation_duration: 1}
$data merge entity $(left_shoulder) {transformation: [-0.6934f,-0.1005f,1.288f,0.9513f,-1.2907f,0.1173f,-0.6857f,5.8444f,-0.056f,-1.4581f,-0.1439f,0.152f,0f,0f,0f,1f],start_interpolation: 0,interpolation_duration: 1}
$data merge entity $(left_arm) {transformation: [-0.9172f,-0.0819f,0.3899f,0.4136f,0.0458f,0.9505f,0.3073f,6.1482f,-0.3958f,0.2997f,-0.8681f,0.0083f,0f,0f,0f,1f],start_interpolation: 0,interpolation_duration: 1}
$data merge entity $(chest) {transformation: [-1.1727f,-0.1047f,0.4985f,0.1691f,0.0585f,1.2153f,0.3929f,4.4625f,-0.506f,0.3832f,-1.1099f,-0.7381f,0f,0f,0f,1f],start_interpolation: 0,interpolation_duration: 1}
$data merge entity $(left_cheek) {transformation: [-0.7744f,-0.1974f,0.6011f,0.6299f,-0.394f,0.8939f,-0.214f,3.4322f,-0.495f,-0.4026f,-0.77f,-0.8682f,0f,0f,0f,1f],start_interpolation: 0,interpolation_duration: 1}
$data merge entity $(left_foot) {transformation: [-1.0018f,-0.1922f,-0.0685f,2.1496f,-0.2027f,0.9763f,0.2256f,-2.4453f,0.023f,0.2346f,-0.9948f,0.9002f,0f,0f,0f,1f],start_interpolation: 0,interpolation_duration: 1}
$data merge entity $(left_knee) {transformation: [-2.8611f,-1.0313f,-0.0505f,0.8024f,-0.9644f,2.616f,1.216f,1.2527f,-0.3689f,1.1598f,-2.7876f,2.4019f,0f,0f,0f,1f],start_interpolation: 0,interpolation_duration: 1}
$data merge entity $(left_leg) {transformation: [-1.6148f,-0.0753f,0.5816f,0.5974f,-0.5423f,0.8401f,-1.3969f,2.6171f,-0.2231f,-1.4966f,-0.8135f,0.0188f,0f,0f,0f,1f],start_interpolation: 0,interpolation_duration: 1}
$data merge entity $(right_cheek) {transformation: [-0.7635f,0.213f,0.6097f,0.0438f,0.1334f,0.9757f,-0.1738f,3.4922f,-0.6319f,-0.0514f,-0.7733f,-1.1952f,0f,0f,0f,1f],start_interpolation: 0,interpolation_duration: 1}
$data merge entity $(right_foot) {transformation: [-0.5477f,0.1411f,0.8517f,-3.416f,0.2812f,0.9828f,0.0181f,-3.5225f,-0.8162f,0.244f,-0.5653f,-1.8322f,0f,0f,0f,1f],start_interpolation: 0,interpolation_duration: 1}
$data merge entity $(right_knee) {transformation: [-1.6753f,0.7731f,2.4182f,-2.2951f,1.2033f,2.793f,-0.0593f,0.3751f,-2.2355f,0.924f,-1.8442f,-0.6931f,0f,0f,0f,1f],start_interpolation: 0,interpolation_duration: 1}
$data merge entity $(right_leg) {transformation: [-0.9462f,1.0461f,0.9806f,-0.6085f,0.6796f,1.3618f,-0.7969f,2.5518f,-1.2626f,-0.051f,-1.1639f,-0.6881f,0f,0f,0f,1f],start_interpolation: 0,interpolation_duration: 1}
$data merge entity $(weist) {transformation: [-1.3981f,0.1136f,0.8152f,0.1691f,-0.0756f,1.5823f,-0.3502f,4.169f,-0.8196f,-0.3398f,-1.3583f,-0.7788f,0f,0f,0f,1f],start_interpolation: 0,interpolation_duration: 1}
data modify storage animated_java:temp entry.data merge value {"locators":{"consume":{"px":-1.2665838825,"py":6.5593719424,"pz":2.2030463816,"ry":226.9646796562,"rx":-12.6640409781}}}
# Data Manager: Prepare for Read / Write
execute store result storage animated_java:temp args.id int 1 run scoreboard players get @s aj.id
# Data Manager: Write
function animated_java:global/data_manager/write with storage animated_java:temp args