# This file was generated by Animated Java via MC-Build. It is not recommended to edit this file directly.
$data merge entity $(neck) {transformation: [-0.9364f,-0.0996f,0.3366f,-0.0058f,0.0965f,0.849f,0.5195f,6.2603f,-0.3375f,0.5189f,-0.7854f,-0.2436f,0f,0f,0f,1f],start_interpolation: 0,interpolation_duration: 1}
$data merge entity $(right_thumb_2) {transformation: [0.1366f,-0.1683f,-0.9762f,-1.528f,0.9822f,-0.1051f,0.1556f,6.4443f,-0.1288f,-0.9801f,0.1509f,1.5851f,0f,0f,0f,1f],start_interpolation: 0,interpolation_duration: 1}
$data merge entity $(right_thumb) {transformation: [0.1366f,-0.9296f,-0.3424f,-1.802f,0.9822f,0.0822f,0.1688f,6.614f,-0.1288f,-0.3594f,0.9243f,1.4373f,0f,0f,0f,1f],start_interpolation: 0,interpolation_duration: 1}
$data merge entity $(right_fingers2) {transformation: [0.037f,0.6983f,-0.7148f,-1.4341f,-0.9885f,-0.0796f,-0.1288f,6.5144f,-0.1468f,0.7113f,0.6873f,1.9186f,0f,0f,0f,1f],start_interpolation: 0,interpolation_duration: 1}
$data merge entity $(right_fingers) {transformation: [0.6549f,-0.2452f,-0.7148f,-1.4907f,0.2214f,0.9666f,-0.1288f,6.7952f,0.7226f,-0.0739f,0.6873f,1.9229f,0f,0f,0f,1f],start_interpolation: 0,interpolation_duration: 1}
$data merge entity $(scout) {transformation: [0f,0f,0f,-1.564f,0f,0f,0f,6.6013f,0f,0f,0f,1.9655f,0f,0f,0f,1f],start_interpolation: 0,interpolation_duration: 1}
$data merge entity $(right_hand) {transformation: [-0.1872f,-0.6738f,-0.7148f,-1.9352f,0.9823f,-0.1363f,-0.1288f,6.7009f,-0.0106f,-0.7263f,0.6873f,1.5073f,0f,0f,0f,1f],start_interpolation: 0,interpolation_duration: 1}
$data merge entity $(right_forearm) {transformation: [-0.2124f,-0.4439f,-1.2865f,-2.6417f,1.2433f,-0.5927f,-0.0007f,5.7566f,-0.5533f,-1.1614f,0.4921f,-0.2008f,0f,0f,0f,1f],start_interpolation: 0,interpolation_duration: 1}
$data merge entity $(right_shoulder) {transformation: [-0.638f,1.2862f,-0.2976f,-0.9354f,1.2256f,0.4542f,-0.6643f,6.0847f,-0.4906f,-0.5379f,-1.2728f,-0.7167f,0f,0f,0f,1f],start_interpolation: 0,interpolation_duration: 1}
$data merge entity $(right_arm) {transformation: [-0.9035f,-0.007f,0.4286f,-0.4243f,0.1414f,0.9391f,0.3133f,6.2796f,-0.4047f,0.3437f,-0.8474f,-0.3961f,0f,0f,0f,1f],start_interpolation: 0,interpolation_duration: 1}
$data merge entity $(left_thumb_2) {transformation: [-0.0865f,0.3503f,0.9326f,-0.4733f,-0.9871f,-0.1565f,-0.0327f,7.3011f,0.1345f,-0.9235f,0.3594f,2.5034f,0f,0f,0f,1f],start_interpolation: 0,interpolation_duration: 1}
$data merge entity $(left_thumb) {transformation: [-0.0865f,0.9828f,0.1629f,-0.1466f,-0.9871f,-0.1066f,0.1192f,7.4115f,0.1345f,-0.1505f,0.9794f,2.4213f,0f,0f,0f,1f],start_interpolation: 0,interpolation_duration: 1}
$data merge entity $(left_fingers2) {transformation: [0.195f,-0.8361f,0.5127f,-0.621f,0.9656f,0.072f,-0.2497f,7.3952f,0.1719f,0.5438f,0.8214f,2.8105f,0f,0f,0f,1f],start_interpolation: 0,interpolation_duration: 1}
$data merge entity $(left_fingers) {transformation: [0.7388f,0.4374f,0.5127f,-0.5135f,-0.3591f,0.8993f,-0.2497f,7.6598f,-0.5703f,0.0004f,0.8214f,2.8327f,0f,0f,0f,1f],start_interpolation: 0,interpolation_duration: 1}
$data merge entity $(left_hand) {transformation: [-0.3713f,0.7741f,0.5127f,-0.0172f,-0.9272f,-0.2793f,-0.2497f,7.4726f,-0.0501f,-0.5681f,0.8214f,2.5199f,0f,0f,0f,1f],start_interpolation: 0,interpolation_duration: 1}
$data merge entity $(left_forearm) {transformation: [-1.1375f,0.7531f,-0.1895f,1.0628f,-0.6065f,-1.0714f,-0.6176f,5.8114f,-0.4851f,-0.4267f,1.2165f,1.9014f,0f,0f,0f,1f],start_interpolation: 0,interpolation_duration: 1}
$data merge entity $(left_shoulder) {transformation: [-0.7384f,0.0083f,1.2667f,0.8833f,-1.2567f,0.1791f,-0.7337f,5.8001f,-0.1589f,-1.4552f,-0.0831f,0.0978f,0f,0f,0f,1f],start_interpolation: 0,interpolation_duration: 1}
$data merge entity $(left_arm) {transformation: [-0.9035f,-0.007f,0.4286f,0.3754f,0.1414f,0.9391f,0.3133f,6.1545f,-0.4047f,0.3437f,-0.8474f,-0.038f,0f,0f,0f,1f],start_interpolation: 0,interpolation_duration: 1}
$data merge entity $(chest) {transformation: [-1.1551f,-0.0089f,0.548f,0.003f,0.1808f,1.2006f,0.4006f,4.5319f,-0.5174f,0.4394f,-1.0835f,-0.8671f,0f,0f,0f,1f],start_interpolation: 0,interpolation_duration: 1}
$data merge entity $(left_cheek) {transformation: [-0.8173f,-0.1374f,0.5596f,0.4195f,-0.3199f,0.9159f,-0.2423f,3.5019f,-0.4793f,-0.377f,-0.7926f,-0.9487f,0f,0f,0f,1f],start_interpolation: 0,interpolation_duration: 1}
$data merge entity $(left_foot) {transformation: [-1.0117f,-0.1152f,-0.0921f,1.9778f,-0.1182f,1.0151f,0.0285f,-2.3152f,0.0883f,0.0389f,-1.0178f,0.9554f,0f,0f,0f,1f],start_interpolation: 0,interpolation_duration: 1}
$data merge entity $(left_knee) {transformation: [-2.8591f,-1.0192f,-0.1981f,0.6412f,-1.0206f,2.6525f,1.0838f,1.4295f,-0.1904f,1.0852f,-2.8352f,2.3468f,0f,0f,0f,1f],start_interpolation: 0,interpolation_duration: 1}
$data merge entity $(left_leg) {transformation: [-1.6143f,-0.1551f,0.5669f,0.309f,-0.5748f,0.7619f,-1.4284f,2.6682f,-0.1225f,-1.5319f,-0.7678f,-0.09f,0f,0f,0f,1f],start_interpolation: 0,interpolation_duration: 1}
$data merge entity $(right_cheek) {transformation: [-0.7344f,0.2397f,0.6349f,-0.174f,0.1521f,0.9699f,-0.1903f,3.5568f,-0.6614f,-0.0432f,-0.7488f,-1.3444f,0f,0f,0f,1f],start_interpolation: 0,interpolation_duration: 1}
$data merge entity $(right_foot) {transformation: [-0.5261f,0.1919f,0.8554f,-4.8387f,0.3884f,0.9453f,0.0268f,-2.8104f,-0.7859f,0.3387f,-0.5594f,-1.8971f,0f,0f,0f,1f],start_interpolation: 0,interpolation_duration: 1}
$data merge entity $(right_knee) {transformation: [-1.5217f,1.3936f,2.2348f,-2.8621f,1.5238f,2.571f,-0.5657f,0.7685f,-2.1482f,0.8365f,-1.9844f,-0.8821f,0f,0f,0f,1f],start_interpolation: 0,interpolation_duration: 1}
$data merge entity $(right_leg) {transformation: [-0.8595f,1.236f,0.8276f,-0.8705f,0.8606f,1.1928f,-0.8876f,2.6697f,-1.2133f,-0.0294f,-1.2159f,-0.8432f,0f,0f,0f,1f],start_interpolation: 0,interpolation_duration: 1}
$data merge entity $(weist) {transformation: [-1.3673f,0.2186f,0.8453f,0.003f,0.0018f,1.5714f,-0.4035f,4.2385f,-0.8731f,-0.3392f,-1.3246f,-0.9077f,0f,0f,0f,1f],start_interpolation: 0,interpolation_duration: 1}
data modify storage animated_java:temp entry.data merge value {"locators":{"consume":{"px":-1.4207717794,"py":6.5789159257,"pz":2.0542119295,"ry":226.1228906979,"rx":-7.4017069911}}}
# Data Manager: Prepare for Read / Write
execute store result storage animated_java:temp args.id int 1 run scoreboard players get @s aj.id
# Data Manager: Write
function animated_java:global/data_manager/write with storage animated_java:temp args