# This file was generated by Animated Java via MC-Build. It is not recommended to edit this file directly.
$data merge entity $(neck) {transformation: [-0.9226f,-0.0282f,0.3846f,-0.0256f,0.1856f,0.8419f,0.5068f,6.2566f,-0.3381f,0.539f,-0.7715f,-0.2607f,0f,0f,0f,1f],start_interpolation: 0,interpolation_duration: 1}
$data merge entity $(right_thumb_2) {transformation: [0.2743f,-0.1856f,-0.9435f,-1.6329f,0.9563f,-0.0504f,0.288f,6.5604f,-0.101f,-0.9813f,0.1637f,1.5082f,0f,0f,0f,1f],start_interpolation: 0,interpolation_duration: 1}
$data merge entity $(right_thumb) {transformation: [0.2743f,-0.9099f,-0.311f,-1.8806f,0.9563f,0.2242f,0.1876f,6.7717f,-0.101f,-0.3489f,0.9317f,1.3679f,0f,0f,0f,1f],start_interpolation: 0,interpolation_duration: 1}
$data merge entity $(right_fingers2) {transformation: [-0.1046f,0.6829f,-0.723f,-1.5285f,-0.9788f,-0.1994f,-0.0468f,6.6064f,-0.1761f,0.7028f,0.6893f,1.8428f,0f,0f,0f,1f],start_interpolation: 0,interpolation_duration: 1}
$data merge entity $(right_fingers) {transformation: [0.6827f,-0.1056f,-0.723f,-1.5447f,0.1042f,0.9935f,-0.0468f,6.8921f,0.7232f,-0.0434f,0.6893f,1.8559f,0f,0f,0f,1f],start_interpolation: 0,interpolation_duration: 1}
$data merge entity $(scout) {transformation: [0f,0f,0f,-1.6446f,0f,0f,0f,6.7093f,0f,0f,0f,1.8935f,0f,0f,0f,1f],start_interpolation: 0,interpolation_duration: 1}
$data merge entity $(right_hand) {transformation: [-0.0457f,-0.6894f,-0.723f,-1.9998f,0.9988f,-0.0172f,-0.0468f,6.8745f,0.0198f,-0.7242f,0.6893f,1.4415f,0f,0f,0f,1f],start_interpolation: 0,interpolation_duration: 1}
$data merge entity $(right_forearm) {transformation: [-0.0237f,-0.4502f,-1.3015f,-2.7242f,1.2693f,-0.5122f,0.154f,6.056f,-0.5343f,-1.1967f,0.4237f,-0.3231f,0f,0f,0f,1f],start_interpolation: 0,interpolation_duration: 1}
$data merge entity $(right_shoulder) {transformation: [-0.451f,1.3607f,-0.3082f,-0.9644f,1.3046f,0.2965f,-0.5999f,6.1738f,-0.4944f,-0.4588f,-1.3019f,-0.7409f,0f,0f,0f,1f],start_interpolation: 0,interpolation_duration: 1}
$data merge entity $(right_arm) {transformation: [-0.8856f,0.0728f,0.4587f,-0.44f,0.229f,0.9277f,0.2949f,6.3159f,-0.404f,0.3662f,-0.8382f,-0.414f,0f,0f,0f,1f],start_interpolation: 0,interpolation_duration: 1}
$data merge entity $(left_thumb_2) {transformation: [-0.1815f,0.3975f,0.8995f,-0.5472f,-0.978f,-0.1682f,-0.1231f,7.2857f,0.1024f,-0.9021f,0.4193f,2.3831f,0f,0f,0f,1f],start_interpolation: 0,interpolation_duration: 1}
$data merge entity $(left_thumb) {transformation: [-0.1815f,0.9777f,0.1055f,-0.2072f,-0.978f,-0.1907f,0.0841f,7.3682f,0.1024f,-0.0879f,0.9909f,2.3257f,0f,0f,0f,1f],start_interpolation: 0,interpolation_duration: 1}
$data merge entity $(left_fingers2) {transformation: [0.2666f,-0.8618f,0.4316f,-0.7067f,0.9407f,0.1351f,-0.3112f,7.3863f,0.2099f,0.489f,0.8467f,2.6821f,0f,0f,0f,1f],start_interpolation: 0,interpolation_duration: 1}
$data merge entity $(left_fingers) {transformation: [0.7417f,0.5134f,0.4316f,-0.5781f,-0.4117f,0.8565f,-0.3112f,7.6397f,-0.5294f,0.0531f,0.8467f,2.7184f,0f,0f,0f,1f],start_interpolation: 0,interpolation_duration: 1}
$data merge entity $(left_hand) {transformation: [-0.4468f,0.7836f,0.4316f,-0.08f,-0.8891f,-0.3355f,-0.3112f,7.4154f,-0.099f,-0.5228f,0.8467f,2.4342f,0f,0f,0f,1f],start_interpolation: 0,interpolation_duration: 1}
$data merge entity $(left_forearm) {transformation: [-1.1466f,0.705f,-0.2922f,0.9234f,-0.5372f,-1.1202f,-0.5947f,5.6844f,-0.5421f,-0.3811f,1.2075f,1.8817f,0f,0f,0f,1f],start_interpolation: 0,interpolation_duration: 1}
$data merge entity $(left_shoulder) {transformation: [-0.7958f,0.0778f,1.229f,0.8183f,-1.213f,0.2027f,-0.7983f,5.7127f,-0.2123f,-1.4501f,-0.0456f,0.0724f,0f,0f,0f,1f],start_interpolation: 0,interpolation_duration: 1}
$data merge entity $(left_arm) {transformation: [-0.8856f,0.0728f,0.4587f,0.3439f,0.229f,0.9277f,0.2949f,6.1131f,-0.404f,0.3662f,-0.8382f,-0.0564f,0f,0f,0f,1f],start_interpolation: 0,interpolation_duration: 1}
$data merge entity $(chest) {transformation: [-1.1323f,0.0931f,0.5864f,-0.1637f,0.2928f,1.1861f,0.377f,4.5493f,-0.5166f,0.4682f,-1.0717f,-0.9256f,0f,0f,0f,1f],start_interpolation: 0,interpolation_duration: 1}
$data merge entity $(left_cheek) {transformation: [-0.8687f,-0.0499f,0.4928f,0.2748f,-0.2032f,0.9432f,-0.2627f,3.5467f,-0.4517f,-0.3283f,-0.8296f,-0.9671f,0f,0f,0f,1f],start_interpolation: 0,interpolation_duration: 1}
$data merge entity $(left_foot) {transformation: [-1.0154f,-0.0094f,-0.1191f,1.562f,-0.0061f,1.022f,-0.0282f,-2.5412f,0.1193f,-0.0273f,-1.015f,1.2651f,0f,0f,0f,1f],start_interpolation: 0,interpolation_duration: 1}
$data merge entity $(left_knee) {transformation: [-2.9197f,-0.828f,-0.205f,0.4914f,-0.8527f,2.8123f,0.7849f,1.4076f,-0.0241f,0.8109f,-2.9316f,2.2681f,0f,0f,0f,1f],start_interpolation: 0,interpolation_duration: 1}
$data merge entity $(left_leg) {transformation: [-1.6493f,-0.2007f,0.4368f,0.0884f,-0.4799f,0.7803f,-1.4534f,2.6803f,-0.0286f,-1.5173f,-0.8052f,-0.1404f,0f,0f,0f,1f],start_interpolation: 0,interpolation_duration: 1}
$data merge entity $(right_cheek) {transformation: [-0.7299f,0.2387f,0.6406f,-0.3744f,0.1569f,0.9705f,-0.1829f,3.5782f,-0.6654f,-0.033f,-0.7458f,-1.4074f,0f,0f,0f,1f],start_interpolation: 0,interpolation_duration: 1}
$data merge entity $(right_foot) {transformation: [-0.511f,0.2072f,0.861f,-5.5437f,0.4464f,0.9187f,0.0439f,-2.371f,-0.7648f,0.3979f,-0.5496f,-1.9208f,0f,0f,0f,1f],start_interpolation: 0,interpolation_duration: 1}
$data merge entity $(right_knee) {transformation: [-1.4402f,1.6306f,2.1258f,-3.2413f,1.6879f,2.4265f,-0.7177f,1.0064f,-2.0806f,0.8398f,-2.0538f,-0.9022f,0f,0f,0f,1f],start_interpolation: 0,interpolation_duration: 1}
$data merge entity $(right_leg) {transformation: [-0.8134f,1.3421f,0.6989f,-1.0778f,0.9533f,1.0708f,-0.9466f,2.71f,-1.1751f,-0.0603f,-1.2518f,-0.9133f,0f,0f,0f,1f],start_interpolation: 0,interpolation_duration: 1}
$data merge entity $(weist) {transformation: [-1.352f,0.2643f,0.8569f,-0.1637f,0.0344f,1.5644f,-0.4282f,4.2559f,-0.8961f,-0.3386f,-1.3093f,-0.9663f,0f,0f,0f,1f],start_interpolation: 0,interpolation_duration: 1}
data modify storage animated_java:temp entry.data merge value {"locators":{"consume":{"px":-1.5056384513,"py":6.6642124631,"pz":1.9802101198,"ry":226.3671072803,"rx":-2.6798198902}}}
# Data Manager: Prepare for Read / Write
execute store result storage animated_java:temp args.id int 1 run scoreboard players get @s aj.id
# Data Manager: Write
function animated_java:global/data_manager/write with storage animated_java:temp args