# This file was generated by Animated Java via MC-Build. It is not recommended to edit this file directly.
$data merge entity $(neck) {transformation: [-0.9224f,-0.0159f,0.386f,-0.0052f,0.1951f,0.8432f,0.501f,6.2393f,-0.3334f,0.5374f,-0.7746f,-0.2424f,0f,0f,0f,1f],start_interpolation: 0,interpolation_duration: 1}
$data merge entity $(right_thumb_2) {transformation: [0.315f,-0.1629f,-0.935f,-1.6182f,0.9426f,-0.0612f,0.3282f,6.6149f,-0.1107f,-0.9847f,0.1343f,1.5271f,0f,0f,0f,1f],start_interpolation: 0,interpolation_duration: 1}
$data merge entity $(right_thumb) {transformation: [0.315f,-0.8912f,-0.3264f,-1.8536f,0.9426f,0.2537f,0.2171f,6.8332f,-0.1107f,-0.3761f,0.92f,1.3767f,0f,0f,0f,1f],start_interpolation: 0,interpolation_duration: 1}
$data merge entity $(right_fingers2) {transformation: [-0.1394f,0.6566f,-0.7413f,-1.5204f,-0.977f,-0.2133f,-0.0052f,6.6629f,-0.1615f,0.7235f,0.6712f,1.8634f,0f,0f,0f,1f],start_interpolation: 0,interpolation_duration: 1}
$data merge entity $(right_fingers) {transformation: [0.6681f,-0.0644f,-0.7413f,-1.5254f,0.0903f,0.9959f,-0.0052f,6.9492f,0.7386f,-0.0635f,0.6712f,1.8711f,0f,0f,0f,1f],start_interpolation: 0,interpolation_duration: 1}
$data merge entity $(scout) {transformation: [0f,0f,0f,-1.6335f,0f,0f,0f,6.7712f,0f,0f,0f,1.9092f,0f,0f,0f,1f],start_interpolation: 0,interpolation_duration: 1}
$data merge entity $(right_hand) {transformation: [-0.006f,-0.6712f,-0.7413f,-1.9704f,1f,-0.0032f,-0.0052f,6.942f,0.0011f,-0.7413f,0.6712f,1.4454f,0f,0f,0f,1f],start_interpolation: 0,interpolation_duration: 1}
$data merge entity $(right_forearm) {transformation: [0.0371f,-0.4617f,-1.2971f,-2.7144f,1.2615f,-0.5085f,0.2171f,6.1316f,-0.5517f,-1.1939f,0.4091f,-0.3147f,0f,0f,0f,1f],start_interpolation: 0,interpolation_duration: 1}
$data merge entity $(right_shoulder) {transformation: [-0.3885f,1.3765f,-0.3228f,-0.9475f,1.3162f,0.2299f,-0.6039f,6.166f,-0.5163f,-0.4498f,-1.2965f,-0.7173f,0f,0f,0f,1f],start_interpolation: 0,interpolation_duration: 1}
$data merge entity $(right_arm) {transformation: [-0.8852f,0.0851f,0.4573f,-0.4197f,0.2381f,0.9275f,0.2881f,6.3028f,-0.3996f,0.3639f,-0.8413f,-0.3936f,0f,0f,0f,1f],start_interpolation: 0,interpolation_duration: 1}
$data merge entity $(left_thumb_2) {transformation: [-0.1509f,0.4022f,0.903f,-0.5827f,-0.9826f,-0.1612f,-0.0924f,7.2288f,0.1084f,-0.9013f,0.4195f,2.3995f,0f,0f,0f,1f],start_interpolation: 0,interpolation_duration: 1}
$data merge entity $(left_thumb) {transformation: [-0.1509f,0.9831f,0.1032f,-0.2454f,-0.9826f,-0.1607f,0.0934f,7.3215f,0.1084f,-0.0873f,0.9903f,2.3414f,0f,0f,0f,1f],start_interpolation: 0,interpolation_duration: 1}
$data merge entity $(left_fingers2) {transformation: [0.2372f,-0.8654f,0.4414f,-0.7451f,0.9498f,0.1112f,-0.2924f,7.3262f,0.204f,0.4886f,0.8483f,2.698f,0f,0f,0f,1f],start_interpolation: 0,interpolation_duration: 1}
$data merge entity $(left_fingers) {transformation: [0.754f,0.4865f,0.4414f,-0.6245f,-0.3916f,0.8724f,-0.2924f,7.5837f,-0.5274f,0.0476f,0.8483f,2.7327f,0f,0f,0f,1f],start_interpolation: 0,interpolation_duration: 1}
$data merge entity $(left_hand) {transformation: [-0.4189f,0.7935f,0.4414f,-0.1197f,-0.9032f,-0.3141f,-0.2924f,7.3733f,-0.0934f,-0.5212f,0.8483f,2.4496f,0f,0f,0f,1f],start_interpolation: 0,interpolation_duration: 1}
$data merge entity $(left_forearm) {transformation: [-1.1312f,0.7336f,-0.2819f,0.9277f,-0.5639f,-1.1018f,-0.6043f,5.6686f,-0.5474f,-0.3808f,1.2052f,1.8972f,0f,0f,0f,1f],start_interpolation: 0,interpolation_duration: 1}
$data merge entity $(left_shoulder) {transformation: [-0.7683f,0.0834f,1.2461f,0.8345f,-1.2307f,0.198f,-0.772f,5.6868f,-0.2122f,-1.4504f,-0.0337f,0.0871f,0f,0f,0f,1f],start_interpolation: 0,interpolation_duration: 1}
$data merge entity $(left_arm) {transformation: [-0.8852f,0.0851f,0.4573f,0.3638f,0.2381f,0.9275f,0.2881f,6.0921f,-0.3996f,0.3639f,-0.8413f,-0.0399f,0f,0f,0f,1f],start_interpolation: 0,interpolation_duration: 1}
$data merge entity $(chest) {transformation: [-1.1318f,0.1089f,0.5847f,-0.1659f,0.3044f,1.1859f,0.3684f,4.5323f,-0.5109f,0.4653f,-1.0757f,-0.9031f,0f,0f,0f,1f],start_interpolation: 0,interpolation_duration: 1}
$data merge entity $(left_cheek) {transformation: [-0.8746f,-0.0274f,0.484f,0.3048f,-0.1735f,0.95f,-0.2597f,3.547f,-0.4527f,-0.3111f,-0.8356f,-0.9343f,0f,0f,0f,1f],start_interpolation: 0,interpolation_duration: 1}
$data merge entity $(left_foot) {transformation: [-1.0163f,0.006f,-0.1106f,1.4474f,0.0039f,1.0222f,0.0203f,-2.6613f,0.1107f,0.0198f,-1.0162f,1.3529f,0f,0f,0f,1f],start_interpolation: 0,interpolation_duration: 1}
$data merge entity $(left_knee) {transformation: [-2.9413f,-0.7589f,-0.1584f,0.475f,-0.7746f,2.8501f,0.7273f,1.3353f,-0.0331f,0.7436f,-2.9493f,2.2623f,0f,0f,0f,1f],start_interpolation: 0,interpolation_duration: 1}
$data merge entity $(left_leg) {transformation: [-1.6615f,-0.1831f,0.3965f,0.1009f,-0.4355f,0.8145f,-1.4486f,2.6645f,-0.0336f,-1.5015f,-0.8342f,-0.1201f,0f,0f,0f,1f],start_interpolation: 0,interpolation_duration: 1}
$data merge entity $(right_cheek) {transformation: [-0.7492f,0.227f,0.6223f,-0.3833f,0.1597f,0.9736f,-0.1628f,3.5617f,-0.6428f,-0.0226f,-0.7657f,-1.3738f,0f,0f,0f,1f],start_interpolation: 0,interpolation_duration: 1}
$data merge entity $(right_foot) {transformation: [-0.5053f,0.1355f,0.8784f,-5.2909f,0.4439f,0.9138f,0.1144f,-2.3843f,-0.77f,0.4379f,-0.5105f,-1.9838f,0f,0f,0f,1f],start_interpolation: 0,interpolation_duration: 1}
$data merge entity $(right_knee) {transformation: [-1.4617f,1.3922f,2.2754f,-3.313f,1.6752f,2.4983f,-0.4524f,1.1029f,-2.0759f,1.0358f,-1.9672f,-0.6903f,0f,0f,0f,1f],start_interpolation: 0,interpolation_duration: 1}
$data merge entity $(right_leg) {transformation: [-0.8255f,1.3899f,0.5814f,-1.069f,0.9461f,0.9942f,-1.0333f,2.6866f,-1.1725f,-0.1764f,-1.2432f,-0.8877f,0f,0f,0f,1f],start_interpolation: 0,interpolation_duration: 1}
$data merge entity $(weist) {transformation: [-1.3563f,0.2519f,0.8539f,-0.1659f,0.0256f,1.5665f,-0.4214f,4.2389f,-0.8899f,-0.3388f,-1.3135f,-0.9438f,0f,0f,0f,1f],start_interpolation: 0,interpolation_duration: 1}
data modify storage animated_java:temp entry.data merge value {"locators":{"consume":{"px":-1.4986719341,"py":6.7222359491,"pz":2.0002859304,"ry":227.8412092074,"rx":-0.2967236088}}}
# Data Manager: Prepare for Read / Write
execute store result storage animated_java:temp args.id int 1 run scoreboard players get @s aj.id
# Data Manager: Write
function animated_java:global/data_manager/write with storage animated_java:temp args