# This file was generated by Animated Java via MC-Build. It is not recommended to edit this file directly.
$data merge entity $(neck) {transformation: [-0.9264f,-0.012f,0.3764f,0.01f,0.1898f,0.8484f,0.4942f,6.218f,-0.3253f,0.5292f,-0.7836f,-0.2205f,0f,0f,0f,1f],start_interpolation: 0,interpolation_duration: 1}
$data merge entity $(right_thumb_2) {transformation: [0.3338f,-0.1384f,-0.9324f,-1.5571f,0.9327f,-0.095f,0.348f,6.6654f,-0.1367f,-0.9858f,0.0974f,1.5775f,0f,0f,0f,1f],start_interpolation: 0,interpolation_duration: 1}
$data merge entity $(right_thumb) {transformation: [0.3338f,-0.8767f,-0.3463f,-1.7848f,0.9327f,0.2539f,0.2562f,6.8818f,-0.1367f,-0.4085f,0.9024f,1.4131f,0f,0f,0f,1f],start_interpolation: 0,interpolation_duration: 1}
$data merge entity $(right_fingers2) {transformation: [-0.1518f,0.6339f,-0.7584f,-1.4673f,-0.9799f,-0.1969f,0.0316f,6.7243f,-0.1293f,0.7479f,0.6511f,1.9143f,0f,0f,0f,1f],start_interpolation: 0,interpolation_duration: 1}
$data merge entity $(right_fingers) {transformation: [0.6502f,-0.0458f,-0.7584f,-1.4676f,0.1068f,0.9938f,0.0316f,7.0107f,0.7522f,-0.1016f,0.6511f,1.9113f,0f,0f,0f,1f],start_interpolation: 0,interpolation_duration: 1}
$data merge entity $(scout) {transformation: [0f,0f,0f,-1.5796f,0f,0f,0f,6.8361f,0f,0f,0f,1.9531f,0f,0f,0f,1f],start_interpolation: 0,interpolation_duration: 1}
$data merge entity $(right_hand) {transformation: [0.011f,-0.6517f,-0.7584f,-1.9014f,0.9993f,-0.0198f,0.0316f,6.9949f,-0.0356f,-0.7582f,0.6511f,1.4746f,0f,0f,0f,1f],start_interpolation: 0,interpolation_duration: 1}
$data merge entity $(right_forearm) {transformation: [0.064f,-0.4958f,-1.2834f,-2.6975f,1.2463f,-0.5234f,0.2644f,6.1644f,-0.5829f,-1.1736f,0.4243f,-0.2531f,0f,0f,0f,1f],start_interpolation: 0,interpolation_duration: 1}
$data merge entity $(right_shoulder) {transformation: [-0.3592f,1.3748f,-0.3614f,-0.9372f,1.3141f,0.179f,-0.6252f,6.1379f,-0.5421f,-0.4771f,-1.2761f,-0.6844f,0f,0f,0f,1f],start_interpolation: 0,interpolation_duration: 1}
$data merge entity $(right_arm) {transformation: [-0.89f,0.0869f,0.4476f,-0.4063f,0.2321f,0.9312f,0.2809f,6.2791f,-0.3924f,0.3539f,-0.849f,-0.3678f,0f,0f,0f,1f],start_interpolation: 0,interpolation_duration: 1}
$data merge entity $(left_thumb_2) {transformation: [-0.0864f,0.3824f,0.92f,-0.5905f,-0.9882f,-0.1503f,-0.0304f,7.1535f,0.1267f,-0.9117f,0.3908f,2.4706f,0f,0f,0f,1f],start_interpolation: 0,interpolation_duration: 1}
$data merge entity $(left_thumb) {transformation: [-0.0864f,0.9879f,0.1288f,-0.2617f,-0.9882f,-0.1015f,0.115f,7.2657f,0.1267f,-0.1174f,0.985f,2.4001f,0f,0f,0f,1f],start_interpolation: 0,interpolation_duration: 1}
$data merge entity $(left_fingers2) {transformation: [0.1845f,-0.8545f,0.4855f,-0.749f,0.9656f,0.0656f,-0.2516f,7.2454f,0.1831f,0.5152f,0.8372f,2.7729f,0f,0f,0f,1f],start_interpolation: 0,interpolation_duration: 1}
$data merge entity $(left_fingers) {transformation: [0.7595f,0.4329f,0.4855f,-0.6435f,-0.3529f,0.9012f,-0.2516f,7.5103f,-0.5465f,0.0197f,0.8372f,2.8f,0f,0f,0f,1f],start_interpolation: 0,interpolation_duration: 1}
$data merge entity $(left_hand) {transformation: [-0.3651f,0.7943f,0.4855f,-0.136f,-0.9285f,-0.273f,-0.2516f,7.3269f,-0.0673f,-0.5427f,0.8372f,2.5034f,0f,0f,0f,1f],start_interpolation: 0,interpolation_duration: 1}
$data merge entity $(left_forearm) {transformation: [-1.1175f,0.7722f,-0.228f,0.9722f,-0.6091f,-1.0659f,-0.6246f,5.6736f,-0.5266f,-0.4059f,1.2062f,1.9141f,0f,0f,0f,1f],start_interpolation: 0,interpolation_duration: 1}
$data merge entity $(left_shoulder) {transformation: [-0.7267f,0.0571f,1.2722f,0.8544f,-1.2592f,0.1865f,-0.7276f,5.6706f,-0.1901f,-1.4532f,-0.0434f,0.1054f,0f,0f,0f,1f],start_interpolation: 0,interpolation_duration: 1}
$data merge entity $(left_arm) {transformation: [-0.89f,0.0869f,0.4476f,0.3814f,0.2321f,0.9312f,0.2809f,6.0737f,-0.3924f,0.3539f,-0.849f,-0.0205f,0f,0f,0f,1f],start_interpolation: 0,interpolation_duration: 1}
$data merge entity $(chest) {transformation: [-1.1379f,0.1111f,0.5722f,-0.1539f,0.2968f,1.1906f,0.3591f,4.5043f,-0.5017f,0.4524f,-1.0855f,-0.8627f,0f,0f,0f,1f],start_interpolation: 0,interpolation_duration: 1}
$data merge entity $(left_cheek) {transformation: [-0.8783f,-0.0373f,0.4767f,0.3256f,-0.1782f,0.9506f,-0.254f,3.5321f,-0.4437f,-0.308f,-0.8416f,-0.9019f,0f,0f,0f,1f],start_interpolation: 0,interpolation_duration: 1}
$data merge entity $(left_foot) {transformation: [-1.0173f,0.0138f,-0.1004f,1.3457f,0.004f,1.0175f,0.0995f,-2.815f,0.1013f,0.0986f,-1.0125f,1.4494f,0f,0f,0f,1f],start_interpolation: 0,interpolation_duration: 1}
$data merge entity $(left_knee) {transformation: [-2.9637f,-0.6767f,-0.1048f,0.4899f,-0.6831f,2.8891f,0.6625f,1.2303f,-0.0478f,0.669f,-2.9669f,2.2553f,0f,0f,0f,1f],start_interpolation: 0,interpolation_duration: 1}
$data merge entity $(left_leg) {transformation: [-1.6741f,-0.1609f,0.3504f,0.1521f,-0.3833f,0.864f,-1.4346f,2.6405f,-0.0419f,-1.4762f,-0.8778f,-0.0856f,0f,0f,0f,1f],start_interpolation: 0,interpolation_duration: 1}
$data merge entity $(right_cheek) {transformation: [-0.7713f,0.2237f,0.5959f,-0.3535f,0.1704f,0.9746f,-0.1453f,3.5388f,-0.6133f,-0.0105f,-0.7898f,-1.3176f,0f,0f,0f,1f],start_interpolation: 0,interpolation_duration: 1}
$data merge entity $(right_foot) {transformation: [-0.4968f,-0.0156f,0.8934f,-4.505f,0.4117f,0.9033f,0.2447f,-2.4849f,-0.7931f,0.4787f,-0.4326f,-2.1012f,0f,0f,0f,1f],start_interpolation: 0,interpolation_duration: 1}
$data merge entity $(right_knee) {transformation: [-1.5211f,0.8197f,2.5033f,-3.3118f,1.5632f,2.6076f,0.096f,1.1728f,-2.1201f,1.3345f,-1.7252f,-0.3857f,0f,0f,0f,1f],start_interpolation: 0,interpolation_duration: 1}
$data merge entity $(right_leg) {transformation: [-0.8591f,1.4122f,0.468f,-1.0273f,0.8829f,0.9189f,-1.1521f,2.642f,-1.1974f,-0.3356f,-1.1853f,-0.8388f,0f,0f,0f,1f],start_interpolation: 0,interpolation_duration: 1}
$data merge entity $(weist) {transformation: [-1.3673f,0.2186f,0.8453f,-0.1539f,0.0018f,1.5714f,-0.4035f,4.2108f,-0.8731f,-0.3392f,-1.3246f,-0.9033f,0f,0f,0f,1f],start_interpolation: 0,interpolation_duration: 1}
data modify storage animated_java:temp entry.data merge value {"locators":{"consume":{"px":-1.4480621336,"py":6.7883095137,"pz":2.0494255858,"ry":229.3532626287,"rx":1.8095904209}}}
# Data Manager: Prepare for Read / Write
execute store result storage animated_java:temp args.id int 1 run scoreboard players get @s aj.id
# Data Manager: Write
function animated_java:global/data_manager/write with storage animated_java:temp args
execute unless entity @s[tag=aj.transforms_only] at @s run function animated_java:female/animations/ghost_left/zzz/frames/6_root_function