# This file was generated by Animated Java via MC-Build. It is not recommended to edit this file directly.
$data merge entity $(neck) {transformation: [-0.9328f,-0.0146f,0.3602f,0.0214f,0.174f,0.8568f,0.4854f,6.1944f,-0.3157f,0.5154f,-0.7967f,-0.198f,0f,0f,0f,1f],start_interpolation: 0,interpolation_duration: 1}
$data merge entity $(right_thumb_2) {transformation: [0.3257f,-0.1102f,-0.939f,-1.4713f,0.9301f,-0.1408f,0.3391f,6.6988f,-0.1696f,-0.9839f,0.0567f,1.6448f,0f,0f,0f,1f],start_interpolation: 0,interpolation_duration: 1}
$data merge entity $(right_thumb) {transformation: [0.3257f,-0.8683f,-0.3741f,-1.6971f,0.9301f,0.2233f,0.2915f,6.9044f,-0.1696f,-0.4429f,0.8804f,1.4648f,0f,0f,0f,1f],start_interpolation: 0,interpolation_duration: 1}
$data merge entity $(right_fingers2) {transformation: [-0.136f,0.6156f,-0.7762f,-1.3915f,-0.9867f,-0.1546f,0.0502f,6.7739f,-0.0891f,0.7727f,0.6285f,1.9809f,0f,0f,0f,1f],start_interpolation: 0,interpolation_duration: 1}
$data merge entity $(right_fingers) {transformation: [0.628f,-0.0555f,-0.7762f,-1.3953f,0.1493f,0.9875f,0.0502f,7.0599f,0.7637f,-0.1474f,0.6285f,1.9651f,0f,0f,0f,1f],start_interpolation: 0,interpolation_duration: 1}
$data merge entity $(scout) {transformation: [0f,0f,0f,-1.5062f,0f,0f,0f,6.8857f,0f,0f,0f,2.0116f,0f,0f,0f,1f],start_interpolation: 0,interpolation_duration: 1}
$data merge entity $(right_hand) {transformation: [-0.0005f,-0.6305f,-0.7762f,-1.8168f,0.9968f,-0.0626f,0.0502f,7.0186f,-0.0803f,-0.7737f,0.6285f,1.518f,0f,0f,0f,1f],start_interpolation: 0,interpolation_duration: 1}
$data merge entity $(right_forearm) {transformation: [0.0534f,-0.5383f,-1.2667f,-2.6757f,1.2296f,-0.5509f,0.2859f,6.1482f,-0.6184f,-1.1419f,0.4592f,-0.1592f,0f,0f,0f,1f],start_interpolation: 0,interpolation_duration: 1}
$data merge entity $(right_shoulder) {transformation: [-0.3678f,1.3594f,-0.4081f,-0.931f,1.3018f,0.1552f,-0.6565f,6.0961f,-0.5655f,-0.527f,-1.2459f,-0.6476f,0f,0f,0f,1f],start_interpolation: 0,interpolation_duration: 1}
$data merge entity $(right_arm) {transformation: [-0.8978f,0.081f,0.4329f,-0.3976f,0.2156f,0.9379f,0.2718f,6.2485f,-0.384f,0.3374f,-0.8595f,-0.3406f,0f,0f,0f,1f],start_interpolation: 0,interpolation_duration: 1}
$data merge entity $(left_thumb_2) {transformation: [-0.0097f,0.3432f,0.9392f,-0.5528f,-0.9884f,-0.1456f,0.043f,7.0883f,0.1515f,-0.9279f,0.3406f,2.5779f,0f,0f,0f,1f],start_interpolation: 0,interpolation_duration: 1}
$data merge entity $(left_thumb) {transformation: [-0.0097f,0.985f,0.1724f,-0.2369f,-0.9884f,-0.0356f,0.1475f,7.2213f,0.1515f,-0.169f,0.9739f,2.4873f,0f,0f,0f,1f],start_interpolation: 0,interpolation_duration: 1}
$data merge entity $(left_fingers2) {transformation: [0.1254f,-0.8285f,0.5457f,-0.7011f,0.9802f,0.0187f,-0.1969f,7.1763f,0.1529f,0.5597f,0.8145f,2.8865f,0f,0f,0f,1f],start_interpolation: 0,interpolation_duration: 1}
$data merge entity $(left_fingers) {transformation: [0.7524f,0.3688f,0.5457f,-0.6132f,-0.3126f,0.9293f,-0.1969f,7.4485f,-0.5798f,-0.0224f,0.8145f,2.9024f,0f,0f,0f,1f],start_interpolation: 0,interpolation_duration: 1}
$data merge entity $(left_hand) {transformation: [-0.3018f,0.7817f,0.5457f,-0.1105f,-0.953f,-0.2304f,-0.1969f,7.2935f,-0.0282f,-0.5795f,0.8145f,2.5823f,0f,0f,0f,1f],start_interpolation: 0,interpolation_duration: 1}
$data merge entity $(left_forearm) {transformation: [-1.1108f,0.8005f,-0.1499f,1.0433f,-0.653f,-1.027f,-0.6449f,5.6962f,-0.4866f,-0.449f,1.2078f,1.9298f,0f,0f,0f,1f],start_interpolation: 0,interpolation_duration: 1}
$data merge entity $(left_shoulder) {transformation: [-0.6897f,0.0111f,1.2938f,0.8763f,-1.2849f,0.1662f,-0.6864f,5.662f,-0.1519f,-1.4567f,-0.0684f,0.1253f,0f,0f,0f,1f],start_interpolation: 0,interpolation_duration: 1}
$data merge entity $(left_arm) {transformation: [-0.8978f,0.081f,0.4329f,0.3971f,0.2156f,0.9379f,0.2718f,6.0576f,-0.384f,0.3374f,-0.8595f,-0.0008f,0f,0f,0f,1f],start_interpolation: 0,interpolation_duration: 1}
$data merge entity $(chest) {transformation: [-1.1479f,0.1035f,0.5534f,-0.1315f,0.2757f,1.1991f,0.3475f,4.4686f,-0.4909f,0.4314f,-1.0989f,-0.8097f,0f,0f,0f,1f],start_interpolation: 0,interpolation_duration: 1}
$data merge entity $(left_cheek) {transformation: [-0.8804f,-0.0616f,0.4703f,0.3529f,-0.1967f,0.9497f,-0.2438f,3.514f,-0.4316f,-0.3071f,-0.8482f,-0.8643f,0f,0f,0f,1f],start_interpolation: 0,interpolation_duration: 1}
$data merge entity $(left_foot) {transformation: [-1.018f,0.0158f,-0.0929f,1.2497f,-0.0025f,1.0031f,0.1976f,-2.9833f,0.0942f,0.197f,-0.9988f,1.5505f,0f,0f,0f,1f],start_interpolation: 0,interpolation_duration: 1}
$data merge entity $(left_knee) {transformation: [-2.985f,-0.5824f,-0.0537f,0.5271f,-0.5817f,2.9267f,0.5901f,1.1082f,-0.0613f,0.5894f,-2.9835f,2.2459f,0f,0f,0f,1f],start_interpolation: 0,interpolation_duration: 1}
$data merge entity $(left_leg) {transformation: [-1.6861f,-0.1356f,0.3f,0.2308f,-0.3255f,0.9214f,-1.413f,2.6122f,-0.0494f,-1.4436f,-0.93f,-0.0417f,0f,0f,0f,1f],start_interpolation: 0,interpolation_duration: 1}
$data merge entity $(right_cheek) {transformation: [-0.7844f,0.2248f,0.5781f,-0.295f,0.1805f,0.9744f,-0.1339f,3.5129f,-0.5934f,-0.0007f,-0.8049f,-1.2536f,0f,0f,0f,1f],start_interpolation: 0,interpolation_duration: 1}
$data merge entity $(right_foot) {transformation: [-0.4924f,-0.1635f,0.8809f,-3.4952f,0.368f,0.8796f,0.369f,-2.494f,-0.8169f,0.4948f,-0.3648f,-2.1528f,0f,0f,0f,1f],start_interpolation: 0,interpolation_duration: 1}
$data merge entity $(right_knee) {transformation: [-1.598f,0.1451f,2.5841f,-3.2346f,1.3984f,2.6039f,0.7186f,1.1794f,-2.1778f,1.5655f,-1.4347f,-0.1073f,0f,0f,0f,1f],start_interpolation: 0,interpolation_duration: 1}
$data merge entity $(right_leg) {transformation: [-0.9026f,1.4029f,0.4106f,-0.9615f,0.7898f,0.8741f,-1.2504f,2.5835f,-1.23f,-0.4682f,-1.1042f,-0.7738f,0f,0f,0f,1f],start_interpolation: 0,interpolation_duration: 1}
$data merge entity $(weist) {transformation: [-1.3822f,0.1705f,0.8321f,-0.1315f,-0.0333f,1.5772f,-0.3785f,4.1752f,-0.8487f,-0.3395f,-1.3403f,-0.8504f,0f,0f,0f,1f],start_interpolation: 0,interpolation_duration: 1}
data modify storage animated_java:temp entry.data merge value {"locators":{"consume":{"px":-1.3767514073,"py":6.8441441177,"pz":2.113507904,"ry":231.0043036564,"rx":2.8792660042}}}
# Data Manager: Prepare for Read / Write
execute store result storage animated_java:temp args.id int 1 run scoreboard players get @s aj.id
# Data Manager: Write
function animated_java:global/data_manager/write with storage animated_java:temp args