# This file was generated by Animated Java via MC-Build. It is not recommended to edit this file directly.
$data merge entity $(neck) {transformation: [-0.9397f,-0.0215f,0.3414f,0.0305f,0.1522f,0.8675f,0.4735f,6.1698f,-0.3064f,0.4969f,-0.8119f,-0.1778f,0f,0f,0f,1f],start_interpolation: 0,interpolation_duration: 1}
$data merge entity $(right_thumb_2) {transformation: [0.2858f,-0.075f,-0.9553f,-1.3819f,0.9372f,-0.1858f,0.295f,6.7054f,-0.1997f,-0.9797f,0.0172f,1.7173f,0f,0f,0f,1f],start_interpolation: 0,interpolation_duration: 1}
$data merge entity $(right_thumb) {transformation: [0.2858f,-0.8649f,-0.4127f,-1.6119f,0.9372f,0.1626f,0.3084f,6.8923f,-0.1997f,-0.475f,0.8571f,1.5228f,0f,0f,0f,1f],start_interpolation: 0,interpolation_duration: 1}
$data merge entity $(right_fingers2) {transformation: [-0.0863f,0.5998f,-0.7955f,-1.3155f,-0.995f,-0.0929f,0.0378f,6.7978f,-0.0512f,0.7948f,0.6048f,2.052f,0f,0f,0f,1f],start_interpolation: 0,interpolation_duration: 1}
$data merge entity $(right_fingers) {transformation: [0.598f,-0.0981f,-0.7955f,-1.3324f,0.2106f,0.9769f,0.0378f,7.0824f,0.7734f,-0.1901f,0.6048f,2.0241f,0f,0f,0f,1f],start_interpolation: 0,interpolation_duration: 1}
$data merge entity $(scout) {transformation: [0f,0f,0f,-1.4362f,0f,0f,0f,6.9051f,0f,0f,0f,2.0749f,0f,0f,0f,1f],start_interpolation: 0,interpolation_duration: 1}
$data merge entity $(right_hand) {transformation: [-0.0456f,-0.6042f,-0.7955f,-1.7384f,0.9915f,-0.1246f,0.0378f,7.0026f,-0.122f,-0.787f,0.6048f,1.568f,0f,0f,0f,1f],start_interpolation: 0,interpolation_duration: 1}
$data merge entity $(right_forearm) {transformation: [0.0022f,-0.5746f,-1.2518f,-2.6494f,1.2155f,-0.588f,0.2721f,6.0763f,-0.6479f,-1.1051f,0.5061f,-0.0508f,0f,0f,0f,1f],start_interpolation: 0,interpolation_duration: 1}
$data merge entity $(right_shoulder) {transformation: [-0.4177f,1.3326f,-0.4468f,-0.9261f,1.2808f,0.169f,-0.6935f,6.0465f,-0.5788f,-0.5878f,-1.2121f,-0.6119f,0f,0f,0f,1f],start_interpolation: 0,interpolation_duration: 1}
$data merge entity $(right_arm) {transformation: [-0.9063f,0.0704f,0.4167f,-0.3911f,0.1929f,0.9462f,0.2598f,6.214f,-0.376f,0.3159f,-0.8711f,-0.3157f,0f,0f,0f,1f],start_interpolation: 0,interpolation_duration: 1}
$data merge entity $(left_thumb_2) {transformation: [0.0566f,0.2918f,0.9548f,-0.4601f,-0.9824f,-0.1541f,0.1053f,7.0619f,0.1779f,-0.944f,0.2779f,2.6992f,0f,0f,0f,1f],start_interpolation: 0,interpolation_duration: 1}
$data merge entity $(left_thumb) {transformation: [0.0566f,0.9728f,0.2247f,-0.1587f,-0.9824f,0.0141f,0.1861f,7.2095f,0.1779f,-0.2313f,0.9565f,2.5849f,0f,0f,0f,1f],start_interpolation: 0,interpolation_duration: 1}
$data merge entity $(left_fingers2) {transformation: [0.0784f,-0.7913f,0.6064f,-0.5935f,0.9899f,-0.0105f,-0.1417f,7.1508f,0.1185f,0.6113f,0.7825f,3.0142f,0f,0f,0f,1f],start_interpolation: 0,interpolation_duration: 1}
$data merge entity $(left_fingers) {transformation: [0.7311f,0.3127f,0.6064f,-0.5206f,-0.2876f,0.9472f,-0.1417f,7.4277f,-0.6187f,-0.0708f,0.7825f,3.0173f,0f,0f,0f,1f],start_interpolation: 0,interpolation_duration: 1}
$data merge entity $(left_hand) {transformation: [-0.2478f,0.7556f,0.6064f,-0.0309f,-0.9687f,-0.204f,-0.1417f,7.2914f,0.0166f,-0.6225f,0.7825f,2.6696f,0f,0f,0f,1f],start_interpolation: 0,interpolation_duration: 1}
$data merge entity $(left_forearm) {transformation: [-1.118f,0.8013f,-0.0709f,1.1268f,-0.6765f,-1.0022f,-0.6595f,5.7299f,-0.4353f,-0.5005f,1.2071f,1.9416f,0f,0f,0f,1f],start_interpolation: 0,interpolation_duration: 1}
$data merge entity $(left_shoulder) {transformation: [-0.6773f,-0.0411f,1.2998f,0.8983f,-1.2963f,0.1378f,-0.6711f,5.6582f,-0.1033f,-1.4592f,-0.1f,0.145f,0f,0f,0f,1f],start_interpolation: 0,interpolation_duration: 1}
$data merge entity $(left_arm) {transformation: [-0.9063f,0.0704f,0.4167f,0.4111f,0.1929f,0.9462f,0.2598f,6.0433f,-0.376f,0.3159f,-0.8711f,0.0171f,0f,0f,0f,1f],start_interpolation: 0,interpolation_duration: 1}
$data merge entity $(chest) {transformation: [-1.1588f,0.09f,0.5328f,-0.1027f,0.2466f,1.2098f,0.3322f,4.4288f,-0.4807f,0.4038f,-1.1138f,-0.7499f,0f,0f,0f,1f],start_interpolation: 0,interpolation_duration: 1}
$data merge entity $(left_cheek) {transformation: [-0.8823f,-0.0813f,0.4636f,0.403f,-0.2082f,0.9508f,-0.2294f,3.4995f,-0.4221f,-0.2989f,-0.8558f,-0.815f,0f,0f,0f,1f],start_interpolation: 0,interpolation_duration: 1}
$data merge entity $(left_foot) {transformation: [-1.0182f,0.0153f,-0.0915f,1.1553f,-0.0125f,0.9765f,0.3026f,-3.1486f,0.0919f,0.3024f,-0.9723f,1.6538f,0f,0f,0f,1f],start_interpolation: 0,interpolation_duration: 1}
$data merge entity $(left_knee) {transformation: [-3.0037f,-0.4793f,-0.0126f,0.5777f,-0.4746f,2.9607f,0.5109f,0.9836f,-0.0682f,0.5065f,-2.9985f,2.2342f,0f,0f,0f,1f],start_interpolation: 0,interpolation_duration: 1}
$data merge entity $(left_leg) {transformation: [-1.6967f,-0.1087f,0.2469f,0.3257f,-0.2645f,0.9801f,-1.3859f,2.5834f,-0.0531f,-1.4067f,-0.9847f,0.0071f,0f,0f,0f,1f],start_interpolation: 0,interpolation_duration: 1}
$data merge entity $(right_cheek) {transformation: [-0.7903f,0.219f,0.5722f,-0.2361f,0.1787f,0.9757f,-0.1266f,3.4765f,-0.5861f,0.0022f,-0.8102f,-1.1864f,0f,0f,0f,1f],start_interpolation: 0,interpolation_duration: 1}
$data merge entity $(right_foot) {transformation: [-0.5003f,-0.2266f,0.8623f,-2.6893f,0.323f,0.8756f,0.4175f,-2.5344f,-0.831f,0.4767f,-0.3569f,-2.1139f,0f,0f,0f,1f],start_interpolation: 0,interpolation_duration: 1}
$data merge entity $(right_knee) {transformation: [-1.6781f,-0.3259f,2.5159f,-3.0857f,1.2312f,2.5329f,1.1493f,1.0536f,-2.2182f,1.6524f,-1.2654f,0.0576f,0f,0f,0f,1f],start_interpolation: 0,interpolation_duration: 1}
$data merge entity $(right_leg) {transformation: [-0.9478f,1.3602f,0.4504f,-0.8803f,0.6954f,0.9088f,-1.2814f,2.5182f,-1.2528f,-0.5246f,-1.0519f,-0.6999f,0f,0f,0f,1f],start_interpolation: 0,interpolation_duration: 1}
$data merge entity $(weist) {transformation: [-1.3981f,0.1136f,0.8152f,-0.1027f,-0.0756f,1.5823f,-0.3502f,4.1354f,-0.8196f,-0.3398f,-1.3583f,-0.7905f,0f,0f,0f,1f],start_interpolation: 0,interpolation_duration: 1}
data modify storage animated_java:temp entry.data merge value {"locators":{"consume":{"px":-1.3079160399,"py":6.8740379145,"pz":2.1818655631,"ry":232.7566247633,"rx":2.1678510751}}}
# Data Manager: Prepare for Read / Write
execute store result storage animated_java:temp args.id int 1 run scoreboard players get @s aj.id
# Data Manager: Write
function animated_java:global/data_manager/write with storage animated_java:temp args