# This file was generated by Animated Java via MC-Build. It is not recommended to edit this file directly.
$data merge entity $(neck) {transformation: [-0.9476f,-0.0362f,0.3175f,0.0261f,0.1188f,0.8824f,0.4552f,6.1498f,-0.2967f,0.469f,-0.8319f,-0.1748f,0f,0f,0f,1f],start_interpolation: 0,interpolation_duration: 1}
$data merge entity $(right_thumb_2) {transformation: [0.1943f,-0.0458f,-0.9799f,-1.2854f,0.954f,-0.2237f,0.1996f,6.6833f,-0.2284f,-0.9736f,0.0002f,1.7816f,0f,0f,0f,1f],start_interpolation: 0,interpolation_duration: 1}
$data merge entity $(right_thumb) {transformation: [0.1943f,-0.8715f,-0.4503f,-1.5307f,0.954f,0.061f,0.2936f,6.8403f,-0.2284f,-0.4866f,0.8432f,1.5793f,0f,0f,0f,1f],start_interpolation: 0,interpolation_duration: 1}
$data merge entity $(right_fingers2) {transformation: [0.0127f,0.5974f,-0.8018f,-1.232f,-0.9997f,-0.0076f,-0.0215f,6.7926f,-0.019f,0.8019f,0.5972f,2.1135f,0f,0f,0f,1f],start_interpolation: 0,interpolation_duration: 1}
$data merge entity $(right_fingers) {transformation: [0.5659f,-0.1918f,-0.8018f,-1.2766f,0.2934f,0.9558f,-0.0215f,7.0731f,0.7705f,-0.223f,0.5972f,2.076f,0f,0f,0f,1f],start_interpolation: 0,interpolation_duration: 1}
$data merge entity $(scout) {transformation: [0f,0f,0f,-1.363f,0f,0f,0f,6.8881f,0f,0f,0f,2.1319f,0f,0f,0f,1f],start_interpolation: 0,interpolation_duration: 1}
$data merge entity $(right_hand) {transformation: [-0.1417f,-0.5805f,-0.8018f,-1.6679f,0.9777f,-0.209f,-0.0215f,6.9389f,-0.155f,-0.787f,0.5972f,1.6198f,0f,0f,0f,1f],start_interpolation: 0,interpolation_duration: 1}
$data merge entity $(right_forearm) {transformation: [-0.1187f,-0.6031f,-1.2326f,-2.616f,1.1982f,-0.6485f,0.2019f,5.9198f,-0.6688f,-1.0549f,0.5805f,0.0801f,0f,0f,0f,1f],start_interpolation: 0,interpolation_duration: 1}
$data merge entity $(right_shoulder) {transformation: [-0.5368f,1.2789f,-0.4756f,-0.9333f,1.2378f,0.2415f,-0.7478f,5.9887f,-0.574f,-0.6753f,-1.1681f,-0.59f,0f,0f,0f,1f],start_interpolation: 0,interpolation_duration: 1}
$data merge entity $(right_arm) {transformation: [-0.9163f,0.051f,0.3973f,-0.3985f,0.158f,0.9574f,0.2416f,6.179f,-0.3681f,0.2842f,-0.8853f,-0.3076f,0f,0f,0f,1f],start_interpolation: 0,interpolation_duration: 1}
$data merge entity $(left_thumb_2) {transformation: [0.0979f,0.2241f,0.9697f,-0.2913f,-0.9731f,-0.1827f,0.1404f,7.119f,0.2087f,-0.9573f,0.2001f,2.8066f,0f,0f,0f,1f],start_interpolation: 0,interpolation_duration: 1}
$data merge entity $(left_thumb) {transformation: [0.0979f,0.9518f,0.2908f,-0.0037f,-0.9731f,0.0302f,0.2285f,7.2698f,0.2087f,-0.3053f,0.9291f,2.6643f,0f,0f,0f,1f],start_interpolation: 0,interpolation_duration: 1}
$data merge entity $(left_fingers2) {transformation: [0.0588f,-0.7423f,0.6675f,-0.4031f,0.9954f,-0.0074f,-0.0959f,7.2165f,0.0761f,0.67f,0.7385f,3.1274f,0f,0f,0f,1f],start_interpolation: 0,interpolation_duration: 1}
$data merge entity $(left_fingers) {transformation: [0.6903f,0.2793f,0.6675f,-0.3381f,-0.2923f,0.9515f,-0.0959f,7.4952f,-0.6619f,-0.1289f,0.7385f,3.1148f,0f,0f,0f,1f],start_interpolation: 0,interpolation_duration: 1}
$data merge entity $(left_hand) {transformation: [-0.2181f,0.712f,0.6675f,0.1276f,-0.9734f,-0.2082f,-0.0959f,7.3582f,0.0707f,-0.6706f,0.7385f,2.7359f,0f,0f,0f,1f],start_interpolation: 0,interpolation_duration: 1}
$data merge entity $(left_forearm) {transformation: [-1.1485f,0.7602f,0.0033f,1.2249f,-0.6682f,-1.0067f,-0.6612f,5.7903f,-0.3625f,-0.553f,1.2083f,1.9321f,0f,0f,0f,1f],start_interpolation: 0,interpolation_duration: 1}
$data merge entity $(left_shoulder) {transformation: [-0.7033f,-0.1072f,1.2821f,0.9111f,-1.2861f,0.0961f,-0.6975f,5.6707f,-0.033f,-1.4591f,-0.1402f,0.1509f,0f,0f,0f,1f],start_interpolation: 0,interpolation_duration: 1}
$data merge entity $(left_arm) {transformation: [-0.9163f,0.051f,0.3973f,0.4125f,0.158f,0.9574f,0.2416f,6.0392f,-0.3681f,0.2842f,-0.8853f,0.0182f,0f,0f,0f,1f],start_interpolation: 0,interpolation_duration: 1}
$data merge entity $(chest) {transformation: [-1.1715f,0.0651f,0.5079f,-0.0712f,0.202f,1.2241f,0.3089f,4.3883f,-0.4706f,0.3633f,-1.1319f,-0.6885f,0f,0f,0f,1f],start_interpolation: 0,interpolation_duration: 1}
$data merge entity $(left_cheek) {transformation: [-0.8839f,-0.0997f,0.4569f,0.4605f,-0.2177f,0.9524f,-0.2135f,3.4845f,-0.4138f,-0.2882f,-0.8635f,-0.7621f,0f,0f,0f,1f],start_interpolation: 0,interpolation_duration: 1}
$data merge entity $(left_foot) {transformation: [-1.0177f,0.0162f,-0.0967f,1.0623f,-0.0234f,0.9391f,0.4034f,-3.2966f,0.0953f,0.4038f,-0.9344f,1.7573f,0f,0f,0f,1f],start_interpolation: 0,interpolation_duration: 1}
$data merge entity $(left_knee) {transformation: [-3.0187f,-0.3731f,0.0141f,0.6331f,-0.3674f,2.989f,0.4279f,0.8683f,-0.0664f,0.4229f,-3.0115f,2.2213f,0f,0f,0f,1f],start_interpolation: 0,interpolation_duration: 1}
$data merge entity $(left_leg) {transformation: [-1.7051f,-0.0817f,0.1934f,0.4256f,-0.2034f,1.0347f,-1.3562f,2.5573f,-0.0519f,-1.369f,-1.0366f,0.0564f,0f,0f,0f,1f],start_interpolation: 0,interpolation_duration: 1}
$data merge entity $(right_cheek) {transformation: [-0.7928f,0.2051f,0.574f,-0.1929f,0.1627f,0.9787f,-0.125f,3.4235f,-0.5874f,-0.0057f,-0.8093f,-1.1152f,0f,0f,0f,1f],start_interpolation: 0,interpolation_duration: 1}
$data merge entity $(right_foot) {transformation: [-0.5189f,-0.1881f,0.8606f,-2.1963f,0.2684f,0.9175f,0.3624f,-2.8823f,-0.839f,0.4099f,-0.4163f,-2.0298f,0f,0f,0f,1f],start_interpolation: 0,interpolation_duration: 1}
$data merge entity $(right_knee) {transformation: [-1.751f,-0.4933f,2.4378f,-2.8295f,1.0622f,2.5474f,1.2785f,0.7262f,-2.249f,1.5873f,-1.2942f,0.0495f,0f,0f,0f,1f],start_interpolation: 0,interpolation_duration: 1}
$data merge entity $(right_leg) {transformation: [-0.989f,1.257f,0.6271f,-0.7929f,0.5999f,1.0714f,-1.2015f,2.4529f,-1.2702f,-0.4727f,-1.0557f,-0.6239f,0f,0f,0f,1f],start_interpolation: 0,interpolation_duration: 1}
$data merge entity $(weist) {transformation: [-1.4126f,0.0538f,0.7961f,-0.0712f,-0.121f,1.5855f,-0.322f,4.0949f,-0.7886f,-0.3397f,-1.3765f,-0.7292f,0f,0f,0f,1f],start_interpolation: 0,interpolation_duration: 1}
data modify storage animated_java:temp entry.data merge value {"locators":{"consume":{"px":-1.233442681,"py":6.8733368534,"pz":2.2408321088,"ry":233.3238748981,"rx":-1.2345217335}}}
# Data Manager: Prepare for Read / Write
execute store result storage animated_java:temp args.id int 1 run scoreboard players get @s aj.id
# Data Manager: Write
function animated_java:global/data_manager/write with storage animated_java:temp args