# This file was generated by Animated Java via MC-Build. It is not recommended to edit this file directly.
$data merge entity $(neck) {transformation: [-0.9989f,0.0131f,0.0457f,-0.0048f,0.023f,0.9745f,0.2234f,6.3852f,-0.0416f,0.2242f,-0.9737f,-0.2723f,0f,0f,0f,1f],start_interpolation: 0,interpolation_duration: 1}
$data merge entity $(right_thumb_2) {transformation: [-0.7543f,0.1834f,-0.6304f,-2.1749f,0.0385f,0.9709f,0.2364f,2.78f,0.6554f,0.154f,-0.7394f,-1.8185f,0f,0f,0f,1f],start_interpolation: 0,interpolation_duration: 1}
$data merge entity $(right_thumb) {transformation: [-0.7543f,-0.1965f,-0.6265f,-2.3411f,0.0385f,0.9393f,-0.341f,3.0927f,0.6554f,-0.2814f,-0.7009f,-1.802f,0f,0f,0f,1f],start_interpolation: 0,interpolation_duration: 1}
$data merge entity $(right_fingers2) {transformation: [0.2265f,-0.7994f,-0.5565f,-2.4532f,-0.9239f,-0.3572f,0.137f,2.3309f,-0.3083f,0.4831f,-0.8195f,-1.9516f,0f,0f,0f,1f],start_interpolation: 0,interpolation_duration: 1}
$data merge entity $(right_fingers) {transformation: [-0.7179f,-0.4182f,-0.5565f,-2.5968f,-0.5758f,0.8061f,0.137f,2.5454f,0.3912f,0.4188f,-0.8195f,-1.8272f,0f,0f,0f,1f],start_interpolation: 0,interpolation_duration: 1}
$data merge entity $(scout) {transformation: [0f,0f,0f,-2.5042f,0f,0f,0f,2.5788f,0f,0f,0f,-2.0146f,0f,0f,0f,1f],start_interpolation: 0,interpolation_duration: 1}
$data merge entity $(right_hand) {transformation: [-0.8078f,0.1945f,-0.5565f,-2.4979f,0.1417f,0.9804f,0.137f,3.1529f,0.5722f,0.0319f,-0.8195f,-1.8467f,0f,0f,0f,1f],start_interpolation: 0,interpolation_duration: 1}
$data merge entity $(right_forearm) {transformation: [-1.0912f,0.3046f,0.7833f,-1.9653f,0.3206f,1.3375f,-0.0734f,5.1511f,-0.7769f,0.1242f,-1.1306f,-1.6686f,0f,0f,0f,1f],start_interpolation: 0,interpolation_duration: 1}
$data merge entity $(right_shoulder) {transformation: [-1.3183f,0.5738f,0.2877f,-1.0092f,0.6138f,0.9348f,0.9482f,6.1367f,0.1877f,0.973f,-1.0807f,-0.4854f,0f,0f,0f,1f],start_interpolation: 0,interpolation_duration: 1}
$data merge entity $(right_arm) {transformation: [-0.9989f,-0.0012f,0.0475f,-0.4459f,0.023f,0.8622f,0.5061f,6.3777f,-0.0416f,0.5066f,-0.8612f,-0.3224f,0f,0f,0f,1f],start_interpolation: 0,interpolation_duration: 1}
$data merge entity $(left_thumb_2) {transformation: [-0.1988f,0.5901f,0.7825f,0.2705f,-0.5317f,0.6058f,-0.5919f,4.1757f,-0.8233f,-0.5337f,0.1933f,0.6818f,0f,0f,0f,1f],start_interpolation: 0,interpolation_duration: 1}
$data merge entity $(left_thumb) {transformation: [-0.1988f,0.9665f,-0.1621f,0.6132f,-0.5317f,-0.2453f,-0.8106f,4.1871f,-0.8233f,-0.075f,0.5627f,0.7717f,0f,0f,0f,1f],start_interpolation: 0,interpolation_duration: 1}
$data merge entity $(left_fingers2) {transformation: [0.895f,0.1318f,0.4262f,0.1154f,0.1212f,0.8476f,-0.5166f,3.6241f,-0.4293f,0.5139f,0.7427f,1.0133f,0f,0f,0f,1f],start_interpolation: 0,interpolation_duration: 1}
$data merge entity $(left_fingers) {transformation: [0.7554f,0.4977f,0.4262f,0.239f,-0.2484f,0.8194f,-0.5166f,3.8608f,-0.6063f,0.2843f,0.7427f,1.1168f,0f,0f,0f,1f],start_interpolation: 0,interpolation_duration: 1}
$data merge entity $(left_hand) {transformation: [0.0581f,0.7283f,0.6828f,0.7168f,-0.5771f,0.5826f,-0.5723f,4.1905f,-0.8146f,-0.3608f,0.4541f,0.9112f,0f,0f,0f,1f],start_interpolation: 0,interpolation_duration: 1}
$data merge entity $(left_forearm) {transformation: [-1.0013f,0.9087f,-0.2624f,2.0341f,0.5871f,0.2976f,-1.2099f,4.619f,-0.7415f,-0.9914f,-0.6036f,-0.6346f,0f,0f,0f,1f],start_interpolation: 0,interpolation_duration: 1}
$data merge entity $(left_shoulder) {transformation: [-1.2983f,-0.6251f,0.2711f,1.0015f,-0.5538f,1.3079f,0.364f,6.0903f,-0.3971f,0.2199f,-1.3942f,-0.4017f,0f,0f,0f,1f],start_interpolation: 0,interpolation_duration: 1}
$data merge entity $(left_arm) {transformation: [-0.9989f,-0.0012f,0.0475f,0.4382f,0.023f,0.8622f,0.5061f,6.3573f,-0.0416f,0.5066f,-0.8612f,-0.2856f,0f,0f,0f,1f],start_interpolation: 0,interpolation_duration: 1}
$data merge entity $(chest) {transformation: [-1.2771f,-0.0016f,0.0607f,0f,0.0294f,1.1023f,0.6471f,4.8279f,-0.0532f,0.6477f,-1.101f,-1.2488f,0f,0f,0f,1f],start_interpolation: 0,interpolation_duration: 1}
$data merge entity $(left_cheek) {transformation: [-0.9968f,-0.0213f,0.0766f,0.476f,-0.0268f,0.997f,-0.0722f,3.9874f,-0.0748f,-0.074f,-0.9944f,-2.1059f,0f,0f,0f,1f],start_interpolation: 0,interpolation_duration: 1}
$data merge entity $(left_foot) {transformation: [-1.0224f,0f,0f,0.6895f,0f,1.0224f,0f,0.3085f,0f,0f,-1.0224f,-1.7166f,0f,0f,0f,1f],start_interpolation: 0,interpolation_duration: 1}
$data merge entity $(left_knee) {transformation: [-3.0417f,0f,0f,0.7768f,0f,2.4132f,1.8517f,3.4266f,0f,1.8517f,-2.4132f,0.5191f,0f,0f,0f,1f],start_interpolation: 0,interpolation_duration: 1}
$data merge entity $(left_leg) {transformation: [-1.718f,0f,0f,0.7054f,0f,-0.1497f,-1.7114f,2.896f,0f,-1.7114f,0.1497f,-1.8208f,0f,0f,0f,1f],start_interpolation: 0,interpolation_duration: 1}
$data merge entity $(right_cheek) {transformation: [-0.9829f,0.1027f,0.1529f,-0.3797f,0.1164f,0.9897f,0.0838f,3.9954f,-0.1427f,0.1002f,-0.9847f,-2.1184f,0f,0f,0f,1f],start_interpolation: 0,interpolation_duration: 1}
$data merge entity $(right_foot) {transformation: [-0.9751f,-0.2077f,0.2267f,0.1174f,0f,0.7538f,0.6907f,0.8476f,-0.3074f,0.6587f,-0.7189f,-4.3303f,0f,0f,0f,1f],start_interpolation: 0,interpolation_duration: 1}
$data merge entity $(right_knee) {transformation: [-2.901f,-0.9112f,-0.0797f,-1.2302f,0f,-0.2651f,3.0302f,0.6046f,-0.9147f,2.8899f,0.2528f,-0.3465f,0f,0f,0f,1f],start_interpolation: 0,interpolation_duration: 1}
$data merge entity $(right_leg) {transformation: [-1.6385f,0.2963f,0.4232f,-0.6997f,0f,1.4073f,-0.9854f,2.8881f,-0.5166f,-0.9398f,-1.3421f,-1.7912f,0f,0f,0f,1f],start_interpolation: 0,interpolation_duration: 1}
$data merge entity $(weist) {transformation: [-1.6223f,0f,0f,0f,0f,1.5671f,0.4199f,4.5129f,0f,0.4199f,-1.5671f,-1.4776f,0f,0f,0f,1f],start_interpolation: 0,interpolation_duration: 1}
data modify storage animated_java:temp entry.data merge value {"locators":{"consume":{"px":-2.4733081614,"py":2.4117568483,"pz":-2.0164649247,"ry":325.8225026645,"rx":7.876250317}}}
# Data Manager: Prepare for Read / Write
execute store result storage animated_java:temp args.id int 1 run scoreboard players get @s aj.id
# Data Manager: Write
function animated_java:global/data_manager/write with storage animated_java:temp args