# This file was generated by Animated Java via MC-Build. It is not recommended to edit this file directly.
$data merge entity $(neck) {transformation: [-0.9997f,-0.022f,0.0105f,-0.0445f,-0.016f,0.9173f,0.3979f,6.1807f,-0.0184f,0.3976f,-0.9174f,-0.4224f,0f,0f,0f,1f],start_interpolation: 0,interpolation_duration: 1}
$data merge entity $(right_thumb_2) {transformation: [0.0857f,-0.343f,-0.9354f,-1.3058f,0.5727f,0.7853f,-0.2355f,2.5432f,0.8153f,-0.5155f,0.2637f,1.3892f,0f,0f,0f,1f],start_interpolation: 0,interpolation_duration: 1}
$data merge entity $(right_thumb) {transformation: [0.0857f,-0.864f,-0.4961f,-1.5641f,0.5727f,0.4502f,-0.6851f,2.7826f,0.8153f,-0.2254f,0.5333f,1.43f,0f,0f,0f,1f],start_interpolation: 0,interpolation_duration: 1}
$data merge entity $(right_fingers2) {transformation: [-0.2592f,-0.6598f,-0.7053f,-1.6069f,-0.1623f,0.7497f,-0.6416f,2.344f,0.9521f,-0.0518f,-0.3014f,2.1965f,0f,0f,0f,1f],start_interpolation: 0,interpolation_duration: 1}
$data merge entity $(right_fingers) {transformation: [-0.7075f,-0.0439f,-0.7053f,-1.6445f,0.6108f,0.4639f,-0.6416f,2.4887f,0.3554f,-0.8848f,-0.3014f,1.9522f,0f,0f,0f,1f],start_interpolation: 0,interpolation_duration: 1}
$data merge entity $(scout) {transformation: [0f,0f,0f,-1.6002f,0f,0f,0f,2.3427f,0f,0f,0f,1.8055f,0f,0f,0f,1f],start_interpolation: 0,interpolation_duration: 1}
$data merge entity $(right_hand) {transformation: [-0.701f,-0.1054f,-0.7053f,-1.7369f,0.5681f,0.5154f,-0.6416f,2.7741f,0.4311f,-0.8504f,-0.3014f,1.4144f,0f,0f,0f,1f],start_interpolation: 0,interpolation_duration: 1}
$data merge entity $(right_forearm) {transformation: [-1.1093f,0.0354f,-0.8157f,-1.6672f,0.4319f,1.1932f,-0.5356f,4.5335f,0.6929f,-0.6872f,-0.972f,0.3153f,0f,0f,0f,1f],start_interpolation: 0,interpolation_duration: 1}
$data merge entity $(right_shoulder) {transformation: [0.1109f,0.4941f,-1.376f,-1.0429f,0.5775f,1.2529f,0.4965f,5.9287f,1.3432f,-0.5795f,-0.0998f,-0.6588f,0f,0f,0f,1f],start_interpolation: 0,interpolation_duration: 1}
$data merge entity $(right_arm) {transformation: [-0.9997f,-0.0241f,0.0034f,-0.4861f,-0.016f,0.7552f,0.6553f,6.162f,-0.0184f,0.6551f,-0.7553f,-0.465f,0f,0f,0f,1f],start_interpolation: 0,interpolation_duration: 1}
$data merge entity $(left_thumb_2) {transformation: [-0.0981f,0.7763f,0.6227f,-0.0906f,-0.6068f,0.4493f,-0.6557f,4.4082f,-0.7888f,-0.4421f,0.427f,0.2247f,0f,0f,0f,1f],start_interpolation: 0,interpolation_duration: 1}
$data merge entity $(left_thumb) {transformation: [-0.0981f,0.9108f,-0.4011f,0.2226f,-0.6068f,-0.3742f,-0.7013f,4.3877f,-0.7888f,0.1746f,0.5893f,0.3895f,0f,0f,0f,1f],start_interpolation: 0,interpolation_duration: 1}
$data merge entity $(left_fingers2) {transformation: [0.9737f,0.148f,0.1734f,-0.3958f,-0.052f,0.8847f,-0.4632f,3.9298f,-0.2219f,0.442f,0.8691f,0.5657f,0f,0f,0f,1f],start_interpolation: 0,interpolation_duration: 1}
$data merge entity $(left_fingers) {transformation: [0.8199f,0.5456f,0.1734f,-0.2622f,-0.421f,0.7799f,-0.4632f,4.1605f,-0.3879f,0.3068f,0.8691f,0.6704f,0f,0f,0f,1f],start_interpolation: 0,interpolation_duration: 1}
$data merge entity $(left_hand) {transformation: [0.141f,0.8692f,0.4739f,0.2933f,-0.6829f,0.432f,-0.5891f,4.3964f,-0.7168f,-0.2406f,0.6545f,0.548f,0f,0f,0f,1f],start_interpolation: 0,interpolation_duration: 1}
$data merge entity $(left_forearm) {transformation: [-0.7176f,1.1339f,-0.3105f,1.9598f,0.6059f,0.045f,-1.2361f,4.4443f,-1.0075f,-0.7806f,-0.5223f,-0.6885f,0f,0f,0f,1f],start_interpolation: 0,interpolation_duration: 1}
$data merge entity $(left_shoulder) {transformation: [-1.2839f,-0.5897f,0.3922f,0.9695f,-0.5321f,1.339f,0.2715f,5.9609f,-0.4674f,0.0954f,-1.3865f,-0.6218f,0f,0f,0f,1f],start_interpolation: 0,interpolation_duration: 1}
$data merge entity $(left_arm) {transformation: [-0.9997f,-0.0241f,0.0034f,0.3988f,-0.016f,0.7552f,0.6553f,6.1762f,-0.0184f,0.6551f,-0.7553f,-0.4488f,0f,0f,0f,1f],start_interpolation: 0,interpolation_duration: 1}
$data merge entity $(chest) {transformation: [-1.2782f,-0.0308f,0.0043f,0f,-0.0204f,0.9655f,0.8379f,4.8279f,-0.0235f,0.8376f,-0.9657f,-1.6661f,0f,0f,0f,1f],start_interpolation: 0,interpolation_duration: 1}
$data merge entity $(left_cheek) {transformation: [-0.9968f,-0.0213f,0.0766f,0.476f,-0.0268f,0.997f,-0.0722f,3.9874f,-0.0748f,-0.074f,-0.9944f,-2.5232f,0f,0f,0f,1f],start_interpolation: 0,interpolation_duration: 1}
$data merge entity $(left_foot) {transformation: [-1.0224f,0f,0f,0.6895f,0f,1.0224f,0f,0.3085f,0f,0f,-1.0224f,-2.134f,0f,0f,0f,1f],start_interpolation: 0,interpolation_duration: 1}
$data merge entity $(left_knee) {transformation: [-3.0417f,0f,0f,0.7768f,0f,2.4132f,1.8517f,3.4266f,0f,1.8517f,-2.4132f,0.1018f,0f,0f,0f,1f],start_interpolation: 0,interpolation_duration: 1}
$data merge entity $(left_leg) {transformation: [-1.718f,0f,0f,0.7054f,0f,-0.1497f,-1.7114f,2.896f,0f,-1.7114f,0.1497f,-2.2382f,0f,0f,0f,1f],start_interpolation: 0,interpolation_duration: 1}
$data merge entity $(right_cheek) {transformation: [-0.9829f,0.1027f,0.1529f,-0.3797f,0.1164f,0.9897f,0.0838f,3.9954f,-0.1427f,0.1002f,-0.9847f,-2.5357f,0f,0f,0f,1f],start_interpolation: 0,interpolation_duration: 1}
$data merge entity $(right_foot) {transformation: [-0.9751f,-0.2077f,0.2267f,0.1174f,0f,0.7538f,0.6907f,0.8476f,-0.3074f,0.6587f,-0.7189f,-4.7476f,0f,0f,0f,1f],start_interpolation: 0,interpolation_duration: 1}
$data merge entity $(right_knee) {transformation: [-2.901f,-0.9112f,-0.0797f,-1.2302f,0f,-0.2651f,3.0302f,0.6046f,-0.9147f,2.8899f,0.2528f,-0.7638f,0f,0f,0f,1f],start_interpolation: 0,interpolation_duration: 1}
$data merge entity $(right_leg) {transformation: [-1.6385f,0.2963f,0.4232f,-0.6997f,0f,1.4073f,-0.9854f,2.8881f,-0.5166f,-0.9398f,-1.3421f,-2.2086f,0f,0f,0f,1f],start_interpolation: 0,interpolation_duration: 1}
$data merge entity $(weist) {transformation: [-1.6223f,0f,0f,0f,0f,1.5671f,0.4199f,4.5129f,0f,0.4199f,-1.5671f,-1.8949f,0f,0f,0f,1f],start_interpolation: 0,interpolation_duration: 1}
data modify storage animated_java:temp entry.data merge value {"locators":{"consume":{"px":-1.5215639745,"py":2.2578463949,"pz":1.9299367191,"ry":293.1409617312,"rx":-39.9115484351}}}
# Data Manager: Prepare for Read / Write
execute store result storage animated_java:temp args.id int 1 run scoreboard players get @s aj.id
# Data Manager: Write
function animated_java:global/data_manager/write with storage animated_java:temp args