# This file was generated by Animated Java via MC-Build. It is not recommended to edit this file directly.
$data merge entity $(neck) {transformation: [-0.9985f,-0.0302f,-0.045f,-0.0253f,-0.0462f,0.9085f,0.4152f,6.1551f,0.0283f,0.4167f,-0.9086f,-0.4239f,0f,0f,0f,1f],start_interpolation: 0,interpolation_duration: 1}
$data merge entity $(right_thumb_2) {transformation: [0.2026f,-0.6369f,-0.9966f,0.1966f,0.4929f,0.9646f,-0.5163f,1.9994f,1.0752f,-0.3222f,0.4244f,1.5475f,0f,0f,0f,1f],start_interpolation: 0,interpolation_duration: 1}
$data merge entity $(right_thumb) {transformation: [0.2026f,-1.1731f,-0.1514f,-0.1486f,0.4929f,0.2233f,-1.0711f,2.1595f,1.0752f,0.1186f,0.5195f,1.7377f,0f,0f,0f,1f],start_interpolation: 0,interpolation_duration: 1}
$data merge entity $(right_fingers2) {transformation: [0.7508f,-0.7065f,-0.6141f,0.3735f,-0.6986f,0.1012f,-0.9704f,1.5057f,0.6232f,0.9647f,-0.348f,2.3062f,0f,0f,0f,1f],start_interpolation: 0,interpolation_duration: 1}
$data merge entity $(right_fingers) {transformation: [-0.4731f,-0.916f,-0.6141f,0.0946f,-0.0946f,0.6995f,-0.9704f,1.6952f,1.0987f,-0.3342f,-0.348f,2.2394f,0f,0f,0f,1f],start_interpolation: 0,interpolation_duration: 1}
$data merge entity $(scout) {transformation: [0f,0f,0f,0.1398f,0f,0f,0f,1.5896f,0f,0f,0f,2.0129f,0f,0f,0f,1f],start_interpolation: 0,interpolation_duration: 1}
$data merge entity $(right_hand) {transformation: [-0.7914f,-0.6607f,-0.6141f,-0.3344f,0.1842f,0.6814f,-0.9704f,2.0699f,0.883f,-0.7343f,-0.348f,1.7686f,0f,0f,0f,1f],start_interpolation: 0,interpolation_duration: 1}
$data merge entity $(right_forearm) {transformation: [-1.19f,-0.5822f,-0.9883f,-1.1977f,0.0602f,1.3904f,-0.8916f,4.1289f,1.1455f,-0.6779f,-0.9798f,0.6644f,0f,0f,0f,1f],start_interpolation: 0,interpolation_duration: 1}
$data merge entity $(right_shoulder) {transformation: [0.1569f,0.1207f,-1.7483f,-1.026f,0.7792f,1.5675f,0.1781f,5.8772f,1.5697f,-0.7901f,0.0863f,-0.6181f,0f,0f,0f,1f],start_interpolation: 0,interpolation_duration: 1}
$data merge entity $(right_arm) {transformation: [-0.9985f,-0.0153f,-0.052f,-0.4677f,-0.0462f,0.7416f,0.6692f,6.1237f,0.0283f,0.6706f,-0.7413f,-0.4461f,0f,0f,0f,1f],start_interpolation: 0,interpolation_duration: 1}
$data merge entity $(left_thumb_2) {transformation: [-0.0752f,0.7757f,0.6267f,-0.0804f,-0.6399f,0.4445f,-0.6269f,4.4234f,-0.7648f,-0.4481f,0.4629f,0.197f,0f,0f,0f,1f],start_interpolation: 0,interpolation_duration: 1}
$data merge entity $(left_thumb) {transformation: [-0.0752f,0.914f,-0.3987f,0.2304f,-0.6399f,-0.3509f,-0.6837f,4.415f,-0.7648f,0.2037f,0.6112f,0.3673f,0f,0f,0f,1f],start_interpolation: 0,interpolation_duration: 1}
$data merge entity $(left_fingers2) {transformation: [0.9779f,0.126f,0.1671f,-0.383f,-0.044f,0.9043f,-0.4245f,3.954f,-0.2046f,0.4078f,0.8899f,0.5525f,0f,0f,0f,1f],start_interpolation: 0,interpolation_duration: 1}
$data merge entity $(left_fingers) {transformation: [0.833f,0.5274f,0.1671f,-0.2549f,-0.422f,0.801f,-0.4245f,4.1911f,-0.3578f,0.2831f,0.8899f,0.6498f,0f,0f,0f,1f],start_interpolation: 0,interpolation_duration: 1}
$data merge entity $(left_hand) {transformation: [0.1639f,0.8656f,0.4732f,0.2985f,-0.7089f,0.4369f,-0.5537f,4.4314f,-0.686f,-0.2447f,0.6852f,0.5264f,0f,0f,0f,1f],start_interpolation: 0,interpolation_duration: 1}
$data merge entity $(left_forearm) {transformation: [-0.7114f,1.1454f,-0.2813f,1.9835f,0.552f,0.033f,-1.2615f,4.4582f,-1.0423f,-0.7643f,-0.4761f,-0.6853f,0f,0f,0f,1f],start_interpolation: 0,interpolation_duration: 1}
$data merge entity $(left_shoulder) {transformation: [-1.2883f,-0.5971f,0.3655f,0.9841f,-0.5622f,1.3385f,0.2052f,5.9702f,-0.4172f,0.0402f,-1.4051f,-0.6752f,0f,0f,0f,1f],start_interpolation: 0,interpolation_duration: 1}
$data merge entity $(left_arm) {transformation: [-0.9985f,-0.0153f,-0.052f,0.4161f,-0.0462f,0.7416f,0.6692f,6.1646f,0.0283f,0.6706f,-0.7413f,-0.4712f,0f,0f,0f,1f],start_interpolation: 0,interpolation_duration: 1}
$data merge entity $(chest) {transformation: [-1.2767f,-0.0196f,-0.0665f,0f,-0.0591f,0.9482f,0.8556f,4.8279f,0.0362f,0.8574f,-0.9477f,-1.6955f,0f,0f,0f,1f],start_interpolation: 0,interpolation_duration: 1}
$data merge entity $(left_cheek) {transformation: [-0.9968f,-0.0213f,0.0766f,0.476f,-0.0268f,0.997f,-0.0722f,3.9874f,-0.0748f,-0.074f,-0.9944f,-2.5526f,0f,0f,0f,1f],start_interpolation: 0,interpolation_duration: 1}
$data merge entity $(left_foot) {transformation: [-1.0224f,0f,0f,0.6895f,0f,1.0224f,0f,0.3085f,0f,0f,-1.0224f,-2.1633f,0f,0f,0f,1f],start_interpolation: 0,interpolation_duration: 1}
$data merge entity $(left_knee) {transformation: [-3.0417f,0f,0f,0.7768f,0f,2.4132f,1.8517f,3.4266f,0f,1.8517f,-2.4132f,0.0724f,0f,0f,0f,1f],start_interpolation: 0,interpolation_duration: 1}
$data merge entity $(left_leg) {transformation: [-1.718f,0f,0f,0.7054f,0f,-0.1497f,-1.7114f,2.896f,0f,-1.7114f,0.1497f,-2.2675f,0f,0f,0f,1f],start_interpolation: 0,interpolation_duration: 1}
$data merge entity $(right_cheek) {transformation: [-0.9829f,0.1027f,0.1529f,-0.3797f,0.1164f,0.9897f,0.0838f,3.9954f,-0.1427f,0.1002f,-0.9847f,-2.565f,0f,0f,0f,1f],start_interpolation: 0,interpolation_duration: 1}
$data merge entity $(right_foot) {transformation: [-0.9751f,-0.2077f,0.2267f,0.1174f,0f,0.7538f,0.6907f,0.8476f,-0.3074f,0.6587f,-0.7189f,-4.777f,0f,0f,0f,1f],start_interpolation: 0,interpolation_duration: 1}
$data merge entity $(right_knee) {transformation: [-2.901f,-0.9112f,-0.0797f,-1.2302f,0f,-0.2651f,3.0302f,0.6046f,-0.9147f,2.8899f,0.2528f,-0.7932f,0f,0f,0f,1f],start_interpolation: 0,interpolation_duration: 1}
$data merge entity $(right_leg) {transformation: [-1.6385f,0.2963f,0.4232f,-0.6997f,0f,1.4073f,-0.9854f,2.8881f,-0.5166f,-0.9398f,-1.3421f,-2.2379f,0f,0f,0f,1f],start_interpolation: 0,interpolation_duration: 1}
$data merge entity $(weist) {transformation: [-1.6223f,0f,0f,0f,0f,1.5671f,0.4199f,4.5129f,0f,0.4199f,-1.5671f,-1.9242f,0f,0f,0f,1f],start_interpolation: 0,interpolation_duration: 1}
data modify storage animated_java:temp entry.data merge value {"locators":{"consume":{"px":0.3070335227,"py":1.5103159467,"pz":2.0982943156,"ry":299.5361461766,"rx":-53.9692655301}}}
# Data Manager: Prepare for Read / Write
execute store result storage animated_java:temp args.id int 1 run scoreboard players get @s aj.id
# Data Manager: Write
function animated_java:global/data_manager/write with storage animated_java:temp args