# This file was generated by Animated Java via MC-Build. It is not recommended to edit this file directly.
$data merge entity $(neck) {transformation: [-0.9962f,-0.0346f,-0.0799f,-0.0118f,-0.0655f,0.9024f,0.4259f,6.138f,0.0574f,0.4295f,-0.9012f,-0.4254f,0f,0f,0f,1f],start_interpolation: 0,interpolation_duration: 1}
$data merge entity $(right_thumb_2) {transformation: [0.5237f,-0.6959f,-0.6922f,0.958f,0.4476f,0.8676f,-0.5335f,3.0508f,0.8735f,-0.0274f,0.6884f,1.1804f,0f,0f,0f,1f],start_interpolation: 0,interpolation_duration: 1}
$data merge entity $(right_thumb) {transformation: [0.5237f,-0.9305f,0.3123f,0.7318f,0.4476f,-0.0886f,-1.0146f,3.103f,0.8735f,0.6033f,0.3327f,1.4993f,0f,0f,0f,1f],start_interpolation: 0,interpolation_duration: 1}
$data merge entity $(right_fingers2) {transformation: [0.749f,0.7444f,-0.35f,1.4615f,-0.0778f,-0.4072f,-1.0324f,2.7736f,-0.8189f,0.7196f,-0.2221f,1.4314f,0f,0f,0f,1f],start_interpolation: 0,interpolation_duration: 1}
$data merge entity $(right_fingers) {transformation: [0.7914f,-0.6991f,-0.35f,1.282f,-0.4114f,0.0512f,-1.0324f,2.769f,0.6649f,0.8639f,-0.2221f,1.6947f,0f,0f,0f,1f],start_interpolation: 0,interpolation_duration: 1}
$data merge entity $(scout) {transformation: [0f,0f,0f,1.2375f,0f,0f,0f,2.704f,0f,0f,0f,1.4728f,0f,0f,0f,1f],start_interpolation: 0,interpolation_duration: 1}
$data merge entity $(right_hand) {transformation: [-0.2209f,-1.0326f,-0.35f,0.6334f,-0.1573f,0.3836f,-1.0324f,2.9597f,1.0789f,-0.1555f,-0.2221f,1.584f,0f,0f,0f,1f],start_interpolation: 0,interpolation_duration: 1}
$data merge entity $(right_forearm) {transformation: [-0.7749f,-1.0692f,-0.7774f,-0.9728f,-0.2808f,1.0137f,-1.1142f,4.4575f,1.2918f,-0.421f,-0.7086f,0.8704f,0f,0f,0f,1f],start_interpolation: 0,interpolation_duration: 1}
$data merge entity $(right_shoulder) {transformation: [0.0107f,-0.0737f,-1.6295f,-1.0125f,0.9858f,1.2985f,-0.0523f,5.8437f,1.2995f,-0.9845f,0.0531f,-0.5935f,0f,0f,0f,1f],start_interpolation: 0,interpolation_duration: 1}
$data merge entity $(right_arm) {transformation: [-0.9962f,-0.0089f,-0.0866f,-0.454f,-0.0655f,0.7326f,0.6775f,6.0985f,0.0574f,0.6806f,-0.7304f,-0.4349f,0f,0f,0f,1f],start_interpolation: 0,interpolation_duration: 1}
$data merge entity $(left_thumb_2) {transformation: [-0.062f,0.7677f,0.6378f,-0.0599f,-0.6519f,0.4527f,-0.6083f,4.4098f,-0.7557f,-0.4536f,0.4724f,0.18f,0f,0f,0f,1f],start_interpolation: 0,interpolation_duration: 1}
$data merge entity $(left_thumb) {transformation: [-0.062f,0.9202f,-0.3864f,0.2508f,-0.6519f,-0.3305f,-0.6825f,4.4098f,-0.7557f,0.2096f,0.6204f,0.3507f,0f,0f,0f,1f],start_interpolation: 0,interpolation_duration: 1}
$data merge entity $(left_fingers2) {transformation: [0.9788f,0.1082f,0.174f,-0.354f,-0.0282f,0.9123f,-0.4086f,3.9398f,-0.2029f,0.395f,0.896f,0.5418f,0f,0f,0f,1f],start_interpolation: 0,interpolation_duration: 1}
$data merge entity $(left_fingers) {transformation: [0.8413f,0.5117f,0.174f,-0.2306f,-0.4111f,0.8149f,-0.4086f,4.1807f,-0.3509f,0.2723f,0.896f,0.6358f,0f,0f,0f,1f],start_interpolation: 0,interpolation_duration: 1}
$data merge entity $(left_hand) {transformation: [0.1783f,0.8575f,0.4827f,0.3183f,-0.7153f,0.4498f,-0.5349f,4.4297f,-0.6757f,-0.2499f,0.6935f,0.5096f,0f,0f,0f,1f],start_interpolation: 0,interpolation_duration: 1}
$data merge entity $(left_forearm) {transformation: [-0.7204f,1.1456f,-0.2567f,2.0042f,0.5236f,0.0439f,-1.2732f,4.4713f,-1.0508f,-0.7635f,-0.4584f,-0.7005f,0f,0f,0f,1f],start_interpolation: 0,interpolation_duration: 1}
$data merge entity $(left_shoulder) {transformation: [-1.2896f,-0.6072f,0.3437f,0.9929f,-0.5811f,1.3345f,0.1771f,5.9755f,-0.3861f,0.0195f,-1.4143f,-0.709f,0f,0f,0f,1f],start_interpolation: 0,interpolation_duration: 1}
$data merge entity $(left_arm) {transformation: [-0.9962f,-0.0089f,-0.0866f,0.4277f,-0.0655f,0.7326f,0.6775f,6.1565f,0.0574f,0.6806f,-0.7304f,-0.4857f,0f,0f,0f,1f],start_interpolation: 0,interpolation_duration: 1}
$data merge entity $(chest) {transformation: [-1.2737f,-0.0114f,-0.1108f,0f,-0.0837f,0.9366f,0.8663f,4.8279f,0.0734f,0.8702f,-0.9338f,-1.7148f,0f,0f,0f,1f],start_interpolation: 0,interpolation_duration: 1}
$data merge entity $(left_cheek) {transformation: [-0.9968f,-0.0213f,0.0766f,0.476f,-0.0268f,0.997f,-0.0722f,3.9874f,-0.0748f,-0.074f,-0.9944f,-2.5719f,0f,0f,0f,1f],start_interpolation: 0,interpolation_duration: 1}
$data merge entity $(left_foot) {transformation: [-1.0224f,0f,0f,0.6895f,0f,1.0224f,0f,0.3085f,0f,0f,-1.0224f,-2.1826f,0f,0f,0f,1f],start_interpolation: 0,interpolation_duration: 1}
$data merge entity $(left_knee) {transformation: [-3.0417f,0f,0f,0.7768f,0f,2.4132f,1.8517f,3.4266f,0f,1.8517f,-2.4132f,0.0531f,0f,0f,0f,1f],start_interpolation: 0,interpolation_duration: 1}
$data merge entity $(left_leg) {transformation: [-1.718f,0f,0f,0.7054f,0f,-0.1497f,-1.7114f,2.896f,0f,-1.7114f,0.1497f,-2.2868f,0f,0f,0f,1f],start_interpolation: 0,interpolation_duration: 1}
$data merge entity $(right_cheek) {transformation: [-0.9829f,0.1027f,0.1529f,-0.3797f,0.1164f,0.9897f,0.0838f,3.9954f,-0.1427f,0.1002f,-0.9847f,-2.5844f,0f,0f,0f,1f],start_interpolation: 0,interpolation_duration: 1}
$data merge entity $(right_foot) {transformation: [-0.9751f,-0.2077f,0.2267f,0.1174f,0f,0.7538f,0.6907f,0.8476f,-0.3074f,0.6587f,-0.7189f,-4.7963f,0f,0f,0f,1f],start_interpolation: 0,interpolation_duration: 1}
$data merge entity $(right_knee) {transformation: [-2.901f,-0.9112f,-0.0797f,-1.2302f,0f,-0.2651f,3.0302f,0.6046f,-0.9147f,2.8899f,0.2528f,-0.8125f,0f,0f,0f,1f],start_interpolation: 0,interpolation_duration: 1}
$data merge entity $(right_leg) {transformation: [-1.6385f,0.2963f,0.4232f,-0.6997f,0f,1.4073f,-0.9854f,2.8881f,-0.5166f,-0.9398f,-1.3421f,-2.2572f,0f,0f,0f,1f],start_interpolation: 0,interpolation_duration: 1}
$data merge entity $(weist) {transformation: [-1.6223f,0f,0f,0f,0f,1.5671f,0.4199f,4.5129f,0f,0.4199f,-1.5671f,-1.9436f,0f,0f,0f,1f],start_interpolation: 0,interpolation_duration: 1}
data modify storage animated_java:temp entry.data merge value {"locators":{"consume":{"px":1.4249844706,"py":2.6910394283,"pz":1.4522577797,"ry":302.4013723768,"rx":-68.1208571348}}}
# Data Manager: Prepare for Read / Write
execute store result storage animated_java:temp args.id int 1 run scoreboard players get @s aj.id
# Data Manager: Write
function animated_java:global/data_manager/write with storage animated_java:temp args
execute unless entity @s[tag=aj.transforms_only] at @s run function animated_java:female/animations/consume/zzz/frames/12_root_function