# This file was generated by Animated Java via MC-Build. It is not recommended to edit this file directly.
$data merge entity $(neck) {transformation: [-0.9955f,-0.0356f,-0.0877f,-0.009f,-0.07f,0.9006f,0.4289f,6.1331f,0.0637f,0.4331f,-0.8991f,-0.4259f,0f,0f,0f,1f],start_interpolation: 0,interpolation_duration: 1}
$data merge entity $(right_thumb_2) {transformation: [0.5469f,-0.783f,-0.2962f,1.1387f,0.5786f,0.6092f,-0.5423f,4.3091f,0.6051f,0.1253f,0.7862f,0.841f,0f,0f,0f,1f],start_interpolation: 0,interpolation_duration: 1}
$data merge entity $(right_thumb) {transformation: [0.5469f,-0.5527f,0.6288f,1.0331f,0.5786f,-0.2933f,-0.7611f,4.3113f,0.6051f,0.78f,0.1594f,1.1795f,0f,0f,0f,1f],start_interpolation: 0,interpolation_duration: 1}
$data merge entity $(right_fingers2) {transformation: [-0.2405f,0.9702f,0.0279f,1.5519f,0.1045f,0.0545f,-0.993f,4.2828f,-0.965f,-0.236f,-0.1145f,0.8492f,0f,0f,0f,1f],start_interpolation: 0,interpolation_duration: 1}
$data merge entity $(right_fingers) {transformation: [0.9831f,0.1809f,0.0279f,1.6314f,0.048f,-0.1076f,-0.993f,4.2462f,-0.1766f,0.9776f,-0.1145f,1.122f,0f,0f,0f,1f],start_interpolation: 0,interpolation_duration: 1}
$data merge entity $(scout) {transformation: [0f,0f,0f,1.543f,0f,0f,0f,4.1559f,0f,0f,0f,0.9522f,0f,0f,0f,1f],start_interpolation: 0,interpolation_duration: 1}
$data merge entity $(right_hand) {transformation: [0.2723f,-0.9618f,0.0279f,1.0405f,-0.1027f,-0.0579f,-0.993f,4.1672f,0.9567f,0.2675f,-0.1145f,1.2764f,0f,0f,0f,1f],start_interpolation: 0,interpolation_duration: 1}
$data merge entity $(right_forearm) {transformation: [-0.3407f,-1.2826f,-0.3687f,-0.8903f,-0.4307f,0.4658f,-1.2226f,4.8422f,1.2632f,-0.1871f,-0.5162f,0.9233f,0f,0f,0f,1f],start_interpolation: 0,interpolation_duration: 1}
$data merge entity $(right_shoulder) {transformation: [-0.1575f,-0.1619f,-1.4487f,-1.0094f,1.0632f,0.9842f,-0.2256f,5.8351f,0.9974f,-1.0747f,0.0117f,-0.5884f,0f,0f,0f,1f],start_interpolation: 0,interpolation_duration: 1}
$data merge entity $(right_arm) {transformation: [-0.9955f,-0.0076f,-0.0944f,-0.451f,-0.07f,0.73f,0.6799f,6.0918f,0.0637f,0.6834f,-0.7272f,-0.4325f,0f,0f,0f,1f],start_interpolation: 0,interpolation_duration: 1}
$data merge entity $(left_thumb_2) {transformation: [-0.0616f,0.7623f,0.6443f,-0.0477f,-0.6497f,0.4593f,-0.6057f,4.3975f,-0.7577f,-0.4559f,0.467f,0.1749f,0f,0f,0f,1f],start_interpolation: 0,interpolation_duration: 1}
$data merge entity $(left_thumb) {transformation: [-0.0616f,0.9235f,-0.3787f,0.2639f,-0.6497f,-0.3251f,-0.6871f,4.3989f,-0.7577f,0.2037f,0.6201f,0.3441f,0f,0f,0f,1f],start_interpolation: 0,interpolation_duration: 1}
$data merge entity $(left_fingers2) {transformation: [0.9779f,0.1043f,0.1813f,-0.3368f,-0.0211f,0.9116f,-0.4105f,3.9244f,-0.2081f,0.3976f,0.8936f,0.5366f,0f,0f,0f,1f],start_interpolation: 0,interpolation_duration: 1}
$data merge entity $(left_fingers) {transformation: [0.8422f,0.5078f,0.1813f,-0.2145f,-0.4044f,0.8173f,-0.4105f,4.1656f,-0.3566f,0.2724f,0.8936f,0.6309f,0f,0f,0f,1f],start_interpolation: 0,interpolation_duration: 1}
$data merge entity $(left_hand) {transformation: [0.1795f,0.8532f,0.4898f,0.3321f,-0.7118f,0.4563f,-0.534f,4.4187f,-0.6791f,-0.2528f,0.6891f,0.5027f,0f,0f,0f,1f],start_interpolation: 0,interpolation_duration: 1}
$data merge entity $(left_forearm) {transformation: [-0.7292f,1.1413f,-0.2507f,2.0114f,0.5224f,0.0541f,-1.2733f,4.4756f,-1.0452f,-0.7692f,-0.4615f,-0.716f,0f,0f,0f,1f],start_interpolation: 0,interpolation_duration: 1}
$data merge entity $(left_shoulder) {transformation: [-1.2896f,-0.612f,0.3352f,0.9945f,-0.5853f,1.3322f,0.1804f,5.976f,-0.3798f,0.0248f,-1.416f,-0.7167f,0f,0f,0f,1f],start_interpolation: 0,interpolation_duration: 1}
$data merge entity $(left_arm) {transformation: [-0.9955f,-0.0076f,-0.0944f,0.4301f,-0.07f,0.73f,0.6799f,6.1538f,0.0637f,0.6834f,-0.7272f,-0.4889f,0f,0f,0f,1f],start_interpolation: 0,interpolation_duration: 1}
$data merge entity $(chest) {transformation: [-1.2728f,-0.0097f,-0.1207f,0f,-0.0895f,0.9333f,0.8692f,4.8279f,0.0815f,0.8738f,-0.9298f,-1.7201f,0f,0f,0f,1f],start_interpolation: 0,interpolation_duration: 1}
$data merge entity $(left_cheek) {transformation: [-0.9968f,-0.0213f,0.0766f,0.476f,-0.0268f,0.997f,-0.0722f,3.9874f,-0.0748f,-0.074f,-0.9944f,-2.5772f,0f,0f,0f,1f],start_interpolation: 0,interpolation_duration: 1}
$data merge entity $(left_foot) {transformation: [-1.0224f,0f,0f,0.6895f,0f,1.0224f,0f,0.3085f,0f,0f,-1.0224f,-2.188f,0f,0f,0f,1f],start_interpolation: 0,interpolation_duration: 1}
$data merge entity $(left_knee) {transformation: [-3.0417f,0f,0f,0.7768f,0f,2.4132f,1.8517f,3.4266f,0f,1.8517f,-2.4132f,0.0478f,0f,0f,0f,1f],start_interpolation: 0,interpolation_duration: 1}
$data merge entity $(left_leg) {transformation: [-1.718f,0f,0f,0.7054f,0f,-0.1497f,-1.7114f,2.896f,0f,-1.7114f,0.1497f,-2.2922f,0f,0f,0f,1f],start_interpolation: 0,interpolation_duration: 1}
$data merge entity $(right_cheek) {transformation: [-0.9829f,0.1027f,0.1529f,-0.3797f,0.1164f,0.9897f,0.0838f,3.9954f,-0.1427f,0.1002f,-0.9847f,-2.5897f,0f,0f,0f,1f],start_interpolation: 0,interpolation_duration: 1}
$data merge entity $(right_foot) {transformation: [-0.9751f,-0.2077f,0.2267f,0.1174f,0f,0.7538f,0.6907f,0.8476f,-0.3074f,0.6587f,-0.7189f,-4.8016f,0f,0f,0f,1f],start_interpolation: 0,interpolation_duration: 1}
$data merge entity $(right_knee) {transformation: [-2.901f,-0.9112f,-0.0797f,-1.2302f,0f,-0.2651f,3.0302f,0.6046f,-0.9147f,2.8899f,0.2528f,-0.8179f,0f,0f,0f,1f],start_interpolation: 0,interpolation_duration: 1}
$data merge entity $(right_leg) {transformation: [-1.6385f,0.2963f,0.4232f,-0.6997f,0f,1.4073f,-0.9854f,2.8881f,-0.5166f,-0.9398f,-1.3421f,-2.2626f,0f,0f,0f,1f],start_interpolation: 0,interpolation_duration: 1}
$data merge entity $(weist) {transformation: [-1.6223f,0f,0f,0f,0f,1.5671f,0.4199f,4.5129f,0f,0.4199f,-1.5671f,-1.9489f,0f,0f,0f,1f],start_interpolation: 0,interpolation_duration: 1}
data modify storage animated_java:temp entry.data merge value {"locators":{"consume":{"px":1.6801965637,"py":4.2083743285,"pz":0.8668361947,"ry":13.6870061282,"rx":-83.2319643423}}}
# Data Manager: Prepare for Read / Write
execute store result storage animated_java:temp args.id int 1 run scoreboard players get @s aj.id
# Data Manager: Write
function animated_java:global/data_manager/write with storage animated_java:temp args