# This file was generated by Animated Java via MC-Build. It is not recommended to edit this file directly.
$data merge entity $(neck) {transformation: [-0.995f,-0.0365f,-0.0925f,-0.0076f,-0.0731f,0.8992f,0.4314f,6.129f,0.0675f,0.4361f,-0.8974f,-0.4261f,0f,0f,0f,1f],start_interpolation: 0,interpolation_duration: 1}
$data merge entity $(right_thumb_2) {transformation: [0.4825f,-0.8756f,-0.0224f,1.2803f,0.7233f,0.4128f,-0.5536f,4.9153f,0.494f,0.2509f,0.8325f,0.6926f,0f,0f,0f,1f],start_interpolation: 0,interpolation_duration: 1}
$data merge entity $(right_thumb) {transformation: [0.4825f,-0.3341f,0.8097f,1.2329f,0.7233f,-0.3693f,-0.5834f,4.912f,0.494f,0.8672f,0.0635f,1.0439f,0f,0f,0f,1f],start_interpolation: 0,interpolation_duration: 1}
$data merge entity $(right_fingers2) {transformation: [-0.4369f,0.8608f,0.2612f,1.6738f,-0.0341f,0.2744f,-0.961f,4.9872f,-0.8989f,-0.4288f,-0.0905f,0.6278f,0f,0f,0f,1f],start_interpolation: 0,interpolation_duration: 1}
$data merge entity $(right_fingers) {transformation: [0.8869f,0.3809f,0.2612f,1.8093f,0.276f,0.0165f,-0.961f,4.9926f,-0.3704f,0.9245f,-0.0905f,0.8801f,0f,0f,0f,1f],start_interpolation: 0,interpolation_duration: 1}
$data merge entity $(scout) {transformation: [0f,0f,0f,1.7195f,0f,0f,0f,4.8712f,0f,0f,0f,0.7318f,0f,0f,0f,1f],start_interpolation: 0,interpolation_duration: 1}
$data merge entity $(right_hand) {transformation: [0.4475f,-0.8553f,0.2612f,1.2933f,0.0375f,-0.2739f,-0.961f,4.7817f,0.8935f,0.4399f,-0.0905f,1.1418f,0f,0f,0f,1f],start_interpolation: 0,interpolation_duration: 1}
$data merge entity $(right_forearm) {transformation: [-0.0963f,-1.3691f,-0.116f,-0.7687f,-0.4308f,0.1405f,-1.3007f,4.9639f,1.3047f,-0.0546f,-0.4381f,0.9893f,0f,0f,0f,1f],start_interpolation: 0,interpolation_duration: 1}
$data merge entity $(right_shoulder) {transformation: [-0.247f,-0.2744f,-1.419f,-1.0078f,1.112f,0.8835f,-0.3643f,5.8286f,0.9232f,-1.1376f,0.0593f,-0.5856f,0f,0f,0f,1f],start_interpolation: 0,interpolation_duration: 1}
$data merge entity $(right_arm) {transformation: [-0.995f,-0.007f,-0.0992f,-0.4495f,-0.0731f,0.7278f,0.6819f,6.0864f,0.0675f,0.6857f,-0.7247f,-0.4311f,0f,0f,0f,1f],start_interpolation: 0,interpolation_duration: 1}
$data merge entity $(left_thumb_2) {transformation: [-0.0616f,0.7571f,0.6504f,-0.0374f,-0.6458f,0.4666f,-0.6043f,4.3826f,-0.761f,-0.4573f,0.4602f,0.171f,0f,0f,0f,1f],start_interpolation: 0,interpolation_duration: 1}
$data merge entity $(left_thumb) {transformation: [-0.0616f,0.9265f,-0.3713f,0.275f,-0.6458f,-0.3206f,-0.6929f,4.385f,-0.761f,0.1971f,0.6181f,0.3385f,0f,0f,0f,1f],start_interpolation: 0,interpolation_duration: 1}
$data merge entity $(left_fingers2) {transformation: [0.9769f,0.1008f,0.1884f,-0.3217f,-0.0139f,0.91f,-0.4145f,3.9057f,-0.2132f,0.4023f,0.8903f,0.5315f,0f,0f,0f,1f],start_interpolation: 0,interpolation_duration: 1}
$data merge entity $(left_fingers) {transformation: [0.8428f,0.5042f,0.1884f,-0.2004f,-0.3972f,0.8188f,-0.4145f,4.1472f,-0.3633f,0.2745f,0.8903f,0.6265f,0f,0f,0f,1f],start_interpolation: 0,interpolation_duration: 1}
$data merge entity $(left_hand) {transformation: [0.1803f,0.849f,0.4966f,0.3439f,-0.7068f,0.4629f,-0.5349f,4.4043f,-0.6841f,-0.2546f,0.6836f,0.4969f,0f,0f,0f,1f],start_interpolation: 0,interpolation_duration: 1}
$data merge entity $(left_forearm) {transformation: [-0.7378f,1.1369f,-0.2453f,2.0165f,0.5238f,0.0655f,-1.2722f,4.4784f,-1.0385f,-0.7748f,-0.4674f,-0.7301f,0f,0f,0f,1f],start_interpolation: 0,interpolation_duration: 1}
$data merge entity $(left_shoulder) {transformation: [-1.2894f,-0.6158f,0.3288f,0.9952f,-0.5878f,1.3303f,0.1863f,5.9758f,-0.3765f,0.032f,-1.4167f,-0.7214f,0f,0f,0f,1f],start_interpolation: 0,interpolation_duration: 1}
$data merge entity $(left_arm) {transformation: [-0.995f,-0.007f,-0.0992f,0.4312f,-0.0731f,0.7278f,0.6819f,6.1512f,0.0675f,0.6857f,-0.7247f,-0.4908f,0f,0f,0f,1f],start_interpolation: 0,interpolation_duration: 1}
$data merge entity $(chest) {transformation: [-1.2722f,-0.0089f,-0.1269f,0f,-0.0935f,0.9305f,0.8718f,4.8279f,0.0862f,0.8767f,-0.9266f,-1.7245f,0f,0f,0f,1f],start_interpolation: 0,interpolation_duration: 1}
$data merge entity $(left_cheek) {transformation: [-0.9968f,-0.0213f,0.0766f,0.476f,-0.0268f,0.997f,-0.0722f,3.9874f,-0.0748f,-0.074f,-0.9944f,-2.5816f,0f,0f,0f,1f],start_interpolation: 0,interpolation_duration: 1}
$data merge entity $(left_foot) {transformation: [-1.0224f,0f,0f,0.6895f,0f,1.0224f,0f,0.3085f,0f,0f,-1.0224f,-2.1923f,0f,0f,0f,1f],start_interpolation: 0,interpolation_duration: 1}
$data merge entity $(left_knee) {transformation: [-3.0417f,0f,0f,0.7768f,0f,2.4132f,1.8517f,3.4266f,0f,1.8517f,-2.4132f,0.0434f,0f,0f,0f,1f],start_interpolation: 0,interpolation_duration: 1}
$data merge entity $(left_leg) {transformation: [-1.718f,0f,0f,0.7054f,0f,-0.1497f,-1.7114f,2.896f,0f,-1.7114f,0.1497f,-2.2965f,0f,0f,0f,1f],start_interpolation: 0,interpolation_duration: 1}
$data merge entity $(right_cheek) {transformation: [-0.9829f,0.1027f,0.1529f,-0.3797f,0.1164f,0.9897f,0.0838f,3.9954f,-0.1427f,0.1002f,-0.9847f,-2.5941f,0f,0f,0f,1f],start_interpolation: 0,interpolation_duration: 1}
$data merge entity $(right_foot) {transformation: [-0.9751f,-0.2077f,0.2267f,0.1174f,0f,0.7538f,0.6907f,0.8476f,-0.3074f,0.6587f,-0.7189f,-4.806f,0f,0f,0f,1f],start_interpolation: 0,interpolation_duration: 1}
$data merge entity $(right_knee) {transformation: [-2.901f,-0.9112f,-0.0797f,-1.2302f,0f,-0.2651f,3.0302f,0.6046f,-0.9147f,2.8899f,0.2528f,-0.8222f,0f,0f,0f,1f],start_interpolation: 0,interpolation_duration: 1}
$data merge entity $(right_leg) {transformation: [-1.6385f,0.2963f,0.4232f,-0.6997f,0f,1.4073f,-0.9854f,2.8881f,-0.5166f,-0.9398f,-1.3421f,-2.2669f,0f,0f,0f,1f],start_interpolation: 0,interpolation_duration: 1}
$data merge entity $(weist) {transformation: [-1.6223f,0f,0f,0f,0f,1.5671f,0.4199f,4.5129f,0f,0.4199f,-1.5671f,-1.9533f,0f,0f,0f,1f],start_interpolation: 0,interpolation_duration: 1}
data modify storage animated_java:temp entry.data merge value {"locators":{"consume":{"px":1.8221395751,"py":4.9495976169,"pz":0.6214487156,"ry":70.8978374392,"rx":-73.9502331511}}}
# Data Manager: Prepare for Read / Write
execute store result storage animated_java:temp args.id int 1 run scoreboard players get @s aj.id
# Data Manager: Write
function animated_java:global/data_manager/write with storage animated_java:temp args