# This file was generated by Animated Java via MC-Build. It is not recommended to edit this file directly.
$data merge entity $(neck) {transformation: [-0.9948f,-0.0372f,-0.0946f,-0.0076f,-0.0748f,0.898f,0.4336f,6.1258f,0.0688f,0.4384f,-0.8961f,-0.4261f,0f,0f,0f,1f],start_interpolation: 0,interpolation_duration: 1}
$data merge entity $(right_thumb_2) {transformation: [0.3536f,-0.904f,0.2404f,1.2854f,0.8491f,0.2023f,-0.488f,5.5396f,0.3925f,0.3767f,0.8391f,0.5127f,0f,0f,0f,1f],start_interpolation: 0,interpolation_duration: 1}
$data merge entity $(right_thumb) {transformation: [0.3536f,-0.1103f,0.9289f,1.2893f,0.8491f,-0.3789f,-0.3682f,5.5488f,0.3925f,0.9189f,-0.0403f,0.8671f,0f,0f,0f,1f],start_interpolation: 0,interpolation_duration: 1}
$data merge entity $(right_fingers2) {transformation: [-0.5404f,0.6828f,0.4917f,1.6286f,-0.2256f,0.4454f,-0.8664f,5.6967f,-0.8106f,-0.5791f,-0.0866f,0.3835f,0f,0f,0f,1f],start_interpolation: 0,interpolation_duration: 1}
$data merge entity $(right_fingers) {transformation: [0.7155f,0.4963f,0.4917f,1.7938f,0.4587f,0.1971f,-0.8664f,5.7594f,-0.5269f,0.8455f,-0.0866f,0.609f,0f,0f,0f,1f],start_interpolation: 0,interpolation_duration: 1}
$data merge entity $(scout) {transformation: [0f,0f,0f,1.7192f,0f,0f,0f,5.6066f,0f,0f,0f,0.4829f,0f,0f,0f,1f],start_interpolation: 0,interpolation_duration: 1}
$data merge entity $(right_hand) {transformation: [0.5447f,-0.6794f,0.4917f,1.3955f,0.2284f,-0.444f,-0.8664f,5.4473f,0.8069f,0.5842f,-0.0866f,0.96f,0f,0f,0f,1f],start_interpolation: 0,interpolation_duration: 1}
$data merge entity $(right_forearm) {transformation: [0.1482f,-1.3586f,0.171f,-0.6505f,-0.3431f,-0.2034f,-1.3184f,5.1073f,1.3257f,0.0993f,-0.3603f,1.0413f,0f,0f,0f,1f],start_interpolation: 0,interpolation_duration: 1}
$data merge entity $(right_shoulder) {transformation: [-0.3443f,-0.386f,-1.372f,-1.0076f,1.146f,0.7641f,-0.5026f,5.8242f,0.8473f,-1.1903f,0.1222f,-0.5848f,0f,0f,0f,1f],start_interpolation: 0,interpolation_duration: 1}
$data merge entity $(right_arm) {transformation: [-0.9948f,-0.007f,-0.1014f,-0.4495f,-0.0748f,0.7261f,0.6835f,6.0825f,0.0688f,0.6876f,-0.7228f,-0.4305f,0f,0f,0f,1f],start_interpolation: 0,interpolation_duration: 1}
$data merge entity $(left_thumb_2) {transformation: [-0.0619f,0.752f,0.6562f,-0.0287f,-0.6403f,0.4744f,-0.6041f,4.3654f,-0.7656f,-0.4576f,0.4522f,0.1682f,0f,0f,0f,1f],start_interpolation: 0,interpolation_duration: 1}
$data merge entity $(left_thumb) {transformation: [-0.0619f,0.9293f,-0.364f,0.2846f,-0.6403f,-0.3168f,-0.6997f,4.3683f,-0.7656f,0.1898f,0.6147f,0.3341f,0f,0f,0f,1f],start_interpolation: 0,interpolation_duration: 1}
$data merge entity $(left_fingers2) {transformation: [0.9758f,0.0977f,0.1955f,-0.3084f,-0.0067f,0.9074f,-0.4201f,3.8841f,-0.2185f,0.4087f,0.8861f,0.5265f,0f,0f,0f,1f],start_interpolation: 0,interpolation_duration: 1}
$data merge entity $(left_fingers) {transformation: [0.8431f,0.5009f,0.1955f,-0.188f,-0.3895f,0.8196f,-0.4201f,4.1256f,-0.3707f,0.2781f,0.8861f,0.6227f,0f,0f,0f,1f],start_interpolation: 0,interpolation_duration: 1}
$data merge entity $(left_hand) {transformation: [0.1807f,0.845f,0.5033f,0.3542f,-0.7005f,0.4698f,-0.5372f,4.3869f,-0.6904f,-0.2555f,0.6768f,0.4922f,0f,0f,0f,1f],start_interpolation: 0,interpolation_duration: 1}
$data merge entity $(left_forearm) {transformation: [-0.7463f,1.1324f,-0.2405f,2.0198f,0.5275f,0.0779f,-1.27f,4.4799f,-1.0305f,-0.7802f,-0.4759f,-0.7429f,0f,0f,0f,1f],start_interpolation: 0,interpolation_duration: 1}
$data merge entity $(left_shoulder) {transformation: [-1.2891f,-0.6189f,0.3243f,0.995f,-0.5889f,1.3286f,0.1946f,5.9748f,-0.376f,0.0408f,-1.4166f,-0.7233f,0f,0f,0f,1f],start_interpolation: 0,interpolation_duration: 1}
$data merge entity $(left_arm) {transformation: [-0.9948f,-0.007f,-0.1014f,0.431f,-0.0748f,0.7261f,0.6835f,6.1487f,0.0688f,0.6876f,-0.7228f,-0.4914f,0f,0f,0f,1f],start_interpolation: 0,interpolation_duration: 1}
$data merge entity $(chest) {transformation: [-1.2719f,-0.009f,-0.1297f,0f,-0.0957f,0.9283f,0.8739f,4.8279f,0.088f,0.8791f,-0.9242f,-1.7277f,0f,0f,0f,1f],start_interpolation: 0,interpolation_duration: 1}
$data merge entity $(left_cheek) {transformation: [-0.9968f,-0.0213f,0.0766f,0.476f,-0.0268f,0.997f,-0.0722f,3.9874f,-0.0748f,-0.074f,-0.9944f,-2.5849f,0f,0f,0f,1f],start_interpolation: 0,interpolation_duration: 1}
$data merge entity $(left_foot) {transformation: [-1.0224f,0f,0f,0.6895f,0f,1.0224f,0f,0.3085f,0f,0f,-1.0224f,-2.1956f,0f,0f,0f,1f],start_interpolation: 0,interpolation_duration: 1}
$data merge entity $(left_knee) {transformation: [-3.0417f,0f,0f,0.7768f,0f,2.4132f,1.8517f,3.4266f,0f,1.8517f,-2.4132f,0.0401f,0f,0f,0f,1f],start_interpolation: 0,interpolation_duration: 1}
$data merge entity $(left_leg) {transformation: [-1.718f,0f,0f,0.7054f,0f,-0.1497f,-1.7114f,2.896f,0f,-1.7114f,0.1497f,-2.2998f,0f,0f,0f,1f],start_interpolation: 0,interpolation_duration: 1}
$data merge entity $(right_cheek) {transformation: [-0.9829f,0.1027f,0.1529f,-0.3797f,0.1164f,0.9897f,0.0838f,3.9954f,-0.1427f,0.1002f,-0.9847f,-2.5973f,0f,0f,0f,1f],start_interpolation: 0,interpolation_duration: 1}
$data merge entity $(right_foot) {transformation: [-0.9751f,-0.2077f,0.2267f,0.1174f,0f,0.7538f,0.6907f,0.8476f,-0.3074f,0.6587f,-0.7189f,-4.8092f,0f,0f,0f,1f],start_interpolation: 0,interpolation_duration: 1}
$data merge entity $(right_knee) {transformation: [-2.901f,-0.9112f,-0.0797f,-1.2302f,0f,-0.2651f,3.0302f,0.6046f,-0.9147f,2.8899f,0.2528f,-0.8255f,0f,0f,0f,1f],start_interpolation: 0,interpolation_duration: 1}
$data merge entity $(right_leg) {transformation: [-1.6385f,0.2963f,0.4232f,-0.6997f,0f,1.4073f,-0.9854f,2.8881f,-0.5166f,-0.9398f,-1.3421f,-2.2702f,0f,0f,0f,1f],start_interpolation: 0,interpolation_duration: 1}
$data merge entity $(weist) {transformation: [-1.6223f,0f,0f,0f,0f,1.5671f,0.4199f,4.5129f,0f,0.4199f,-1.5671f,-1.9565f,0f,0f,0f,1f],start_interpolation: 0,interpolation_duration: 1}
data modify storage animated_java:temp entry.data merge value {"locators":{"consume":{"px":1.7804406069,"py":5.6987464408,"pz":0.3539387854,"ry":80.0116730231,"rx":-60.0477219735}}}
# Data Manager: Prepare for Read / Write
execute store result storage animated_java:temp args.id int 1 run scoreboard players get @s aj.id
# Data Manager: Write
function animated_java:global/data_manager/write with storage animated_java:temp args
execute unless entity @s[tag=aj.transforms_only] at @s run function animated_java:female/animations/consume/zzz/frames/15_root_function