# This file was generated by Animated Java via MC-Build. It is not recommended to edit this file directly.
$data merge entity $(neck) {transformation: [-0.9948f,-0.0378f,-0.0943f,-0.0088f,-0.0754f,0.8972f,0.4352f,6.1233f,0.0682f,0.4401f,-0.8954f,-0.4258f,0f,0f,0f,1f],start_interpolation: 0,interpolation_duration: 1}
$data merge entity $(right_thumb_2) {transformation: [0.2025f,-0.866f,0.4572f,1.1508f,0.9275f,0.0199f,-0.3732f,6.0844f,0.3141f,0.4997f,0.8073f,0.3219f,0f,0f,0f,1f],start_interpolation: 0,interpolation_duration: 1}
$data merge entity $(right_thumb) {transformation: [0.2025f,0.0879f,0.9753f,1.1954f,0.9275f,-0.3367f,-0.1622f,6.1159f,0.3141f,0.9375f,-0.1497f,0.6722f,0f,0f,0f,1f],start_interpolation: 0,interpolation_duration: 1}
$data merge entity $(right_fingers2) {transformation: [-0.56f,0.4808f,0.6747f,1.4268f,-0.4094f,0.5474f,-0.7299f,6.2996f,-0.7203f,-0.685f,-0.1097f,0.1389f,0f,0f,0f,1f],start_interpolation: 0,interpolation_duration: 1}
$data merge entity $(right_fingers) {transformation: [0.5128f,0.5309f,0.6747f,1.5975f,0.5704f,0.3767f,-0.7299f,6.4176f,-0.6416f,0.7591f,-0.1097f,0.3364f,0f,0f,0f,1f],start_interpolation: 0,interpolation_duration: 1}
$data merge entity $(scout) {transformation: [0f,0f,0f,1.5479f,0f,0f,0f,6.2417f,0f,0f,0f,0.2297f,0f,0f,0f,1f],start_interpolation: 0,interpolation_duration: 1}
$data merge entity $(right_hand) {transformation: [0.5663f,-0.4734f,0.6747f,1.3338f,0.4166f,-0.542f,-0.7299f,6.0504f,0.7112f,0.6944f,-0.1097f,0.7544f,0f,0f,0f,1f],start_interpolation: 0,interpolation_duration: 1}
$data merge entity $(right_forearm) {transformation: [0.35f,-1.257f,0.4412f,-0.5577f,-0.1993f,-0.5005f,-1.2676f,5.2589f,1.3171f,0.2583f,-0.3091f,1.0774f,0f,0f,0f,1f],start_interpolation: 0,interpolation_duration: 1}
$data merge entity $(right_shoulder) {transformation: [-0.4399f,-0.4772f,-1.3148f,-1.0086f,1.165f,0.6377f,-0.6212f,5.8216f,0.7741f,-1.231f,0.1879f,-0.5856f,0f,0f,0f,1f],start_interpolation: 0,interpolation_duration: 1}
$data merge entity $(right_arm) {transformation: [-0.9948f,-0.0077f,-0.1013f,-0.4507f,-0.0754f,0.7248f,0.6849f,6.0798f,0.0682f,0.689f,-0.7216f,-0.4305f,0f,0f,0f,1f],start_interpolation: 0,interpolation_duration: 1}
$data merge entity $(left_thumb_2) {transformation: [-0.0627f,0.7469f,0.662f,-0.0213f,-0.6334f,0.4828f,-0.6047f,4.3463f,-0.7713f,-0.4572f,0.4429f,0.1665f,0f,0f,0f,1f],start_interpolation: 0,interpolation_duration: 1}
$data merge entity $(left_thumb) {transformation: [-0.0627f,0.9321f,-0.3568f,0.2929f,-0.6334f,-0.3134f,-0.7075f,4.3493f,-0.7713f,0.1817f,0.61f,0.3307f,0f,0f,0f,1f],start_interpolation: 0,interpolation_duration: 1}
$data merge entity $(left_fingers2) {transformation: [0.9746f,0.095f,0.2026f,-0.2963f,0.0007f,0.9041f,-0.4274f,3.8601f,-0.2238f,0.4167f,0.8811f,0.5217f,0f,0f,0f,1f],start_interpolation: 0,interpolation_duration: 1}
$data merge entity $(left_fingers) {transformation: [0.8432f,0.498f,0.2026f,-0.1767f,-0.3814f,0.8197f,-0.4274f,4.1013f,-0.3789f,0.2831f,0.8811f,0.6195f,0f,0f,0f,1f],start_interpolation: 0,interpolation_duration: 1}
$data merge entity $(left_hand) {transformation: [0.1807f,0.841f,0.5099f,0.3633f,-0.693f,0.4768f,-0.5408f,4.3667f,-0.6979f,-0.2556f,0.669f,0.4886f,0f,0f,0f,1f],start_interpolation: 0,interpolation_duration: 1}
$data merge entity $(left_forearm) {transformation: [-0.7548f,1.1277f,-0.2362f,2.0215f,0.533f,0.0915f,-1.2667f,4.4805f,-1.0214f,-0.7856f,-0.4865f,-0.7546f,0f,0f,0f,1f],start_interpolation: 0,interpolation_duration: 1}
$data merge entity $(left_shoulder) {transformation: [-1.2886f,-0.6213f,0.3214f,0.994f,-0.5887f,1.3271f,0.2051f,5.9733f,-0.3778f,0.0512f,-1.4158f,-0.7228f,0f,0f,0f,1f],start_interpolation: 0,interpolation_duration: 1}
$data merge entity $(left_arm) {transformation: [-0.9948f,-0.0077f,-0.1013f,0.4299f,-0.0754f,0.7248f,0.6849f,6.1465f,0.0682f,0.689f,-0.7216f,-0.4909f,0f,0f,0f,1f],start_interpolation: 0,interpolation_duration: 1}
$data merge entity $(chest) {transformation: [-1.2719f,-0.0098f,-0.1295f,0f,-0.0964f,0.9266f,0.8756f,4.8279f,0.0872f,0.8809f,-0.9226f,-1.7299f,0f,0f,0f,1f],start_interpolation: 0,interpolation_duration: 1}
$data merge entity $(left_cheek) {transformation: [-0.9968f,-0.0213f,0.0766f,0.476f,-0.0268f,0.997f,-0.0722f,3.9874f,-0.0748f,-0.074f,-0.9944f,-2.587f,0f,0f,0f,1f],start_interpolation: 0,interpolation_duration: 1}
$data merge entity $(left_foot) {transformation: [-1.0224f,0f,0f,0.6895f,0f,1.0224f,0f,0.3085f,0f,0f,-1.0224f,-2.1978f,0f,0f,0f,1f],start_interpolation: 0,interpolation_duration: 1}
$data merge entity $(left_knee) {transformation: [-3.0417f,0f,0f,0.7768f,0f,2.4132f,1.8517f,3.4266f,0f,1.8517f,-2.4132f,0.038f,0f,0f,0f,1f],start_interpolation: 0,interpolation_duration: 1}
$data merge entity $(left_leg) {transformation: [-1.718f,0f,0f,0.7054f,0f,-0.1497f,-1.7114f,2.896f,0f,-1.7114f,0.1497f,-2.302f,0f,0f,0f,1f],start_interpolation: 0,interpolation_duration: 1}
$data merge entity $(right_cheek) {transformation: [-0.9829f,0.1027f,0.1529f,-0.3797f,0.1164f,0.9897f,0.0838f,3.9954f,-0.1427f,0.1002f,-0.9847f,-2.5995f,0f,0f,0f,1f],start_interpolation: 0,interpolation_duration: 1}
$data merge entity $(right_foot) {transformation: [-0.9751f,-0.2077f,0.2267f,0.1174f,0f,0.7538f,0.6907f,0.8476f,-0.3074f,0.6587f,-0.7189f,-4.8114f,0f,0f,0f,1f],start_interpolation: 0,interpolation_duration: 1}
$data merge entity $(right_knee) {transformation: [-2.901f,-0.9112f,-0.0797f,-1.2302f,0f,-0.2651f,3.0302f,0.6046f,-0.9147f,2.8899f,0.2528f,-0.8276f,0f,0f,0f,1f],start_interpolation: 0,interpolation_duration: 1}
$data merge entity $(right_leg) {transformation: [-1.6385f,0.2963f,0.4232f,-0.6997f,0f,1.4073f,-0.9854f,2.8881f,-0.5166f,-0.9398f,-1.3421f,-2.2724f,0f,0f,0f,1f],start_interpolation: 0,interpolation_duration: 1}
$data merge entity $(weist) {transformation: [-1.6223f,0f,0f,0f,0f,1.5671f,0.4199f,4.5129f,0f,0.4199f,-1.5671f,-1.9587f,0f,0f,0f,1f],start_interpolation: 0,interpolation_duration: 1}
data modify storage animated_java:temp entry.data merge value {"locators":{"consume":{"px":1.5684596729,"py":6.3346419269,"pz":0.0890180961,"ry":80.7654007401,"rx":-46.8779422945}}}
# Data Manager: Prepare for Read / Write
execute store result storage animated_java:temp args.id int 1 run scoreboard players get @s aj.id
# Data Manager: Write
function animated_java:global/data_manager/write with storage animated_java:temp args