# This file was generated by Animated Java via MC-Build. It is not recommended to edit this file directly.
$data merge entity $(neck) {transformation: [-0.995f,-0.0383f,-0.092f,-0.011f,-0.0748f,0.8966f,0.4364f,6.1216f,0.0657f,0.4411f,-0.895f,-0.4252f,0f,0f,0f,1f],start_interpolation: 0,interpolation_duration: 1}
$data merge entity $(right_thumb_2) {transformation: [0.0685f,-0.7897f,0.6097f,0.9364f,0.9614f,-0.1109f,-0.2517f,6.4914f,0.2664f,0.6034f,0.7516f,0.1651f,0f,0f,0f,1f],start_interpolation: 0,interpolation_duration: 1}
$data merge entity $(right_thumb) {transformation: [0.0685f,0.236f,0.9693f,1.0089f,0.9614f,-0.2751f,-0.001f,6.5455f,0.2664f,0.932f,-0.2458f,0.5079f,0f,0f,0f,1f],start_interpolation: 0,interpolation_duration: 1}
$data merge entity $(right_fingers2) {transformation: [-0.5261f,0.3031f,0.7946f,1.1477f,-0.5468f,0.5951f,-0.589f,6.7373f,-0.6514f,-0.7443f,-0.1474f,-0.0571f,0f,0f,0f,1f],start_interpolation: 0,interpolation_duration: 1}
$data merge entity $(right_fingers) {transformation: [0.3295f,0.51f,0.7946f,1.3081f,0.6221f,0.5158f,-0.589f,6.8975f,-0.7102f,0.6884f,-0.1474f,0.1179f,0f,0f,0f,1f],start_interpolation: 0,interpolation_duration: 1}
$data merge entity $(scout) {transformation: [0f,0f,0f,1.2851f,0f,0f,0f,6.7086f,0f,0f,0f,0.0253f,0f,0f,0f,1f],start_interpolation: 0,interpolation_duration: 1}
$data merge entity $(right_hand) {transformation: [0.5354f,-0.2862f,0.7946f,1.1648f,0.5654f,-0.5774f,-0.589f,6.514f,0.6274f,0.7646f,-0.1474f,0.5779f,0f,0f,0f,1f],start_interpolation: 0,interpolation_duration: 1}
$data merge entity $(right_forearm) {transformation: [0.4854f,-1.1106f,0.6542f,-0.5042f,-0.0525f,-0.7156f,-1.1757f,5.3958f,1.2879f,0.3894f,-0.2945f,1.1f,0f,0f,0f,1f],start_interpolation: 0,interpolation_duration: 1}
$data merge entity $(right_shoulder) {transformation: [-0.5254f,-0.5355f,-1.2598f,-1.0107f,1.1708f,0.5234f,-0.7107f,5.8207f,0.7093f,-1.2606f,0.2401f,-0.5877f,0f,0f,0f,1f],start_interpolation: 0,interpolation_duration: 1}
$data merge entity $(right_arm) {transformation: [-0.995f,-0.0089f,-0.0992f,-0.4529f,-0.0748f,0.7239f,0.6858f,6.0784f,0.0657f,0.6899f,-0.721f,-0.431f,0f,0f,0f,1f],start_interpolation: 0,interpolation_duration: 1}
$data merge entity $(left_thumb_2) {transformation: [-0.0638f,0.7417f,0.6677f,-0.0147f,-0.6253f,0.4917f,-0.606f,4.3253f,-0.7778f,-0.4561f,0.4324f,0.1658f,0f,0f,0f,1f],start_interpolation: 0,interpolation_duration: 1}
$data merge entity $(left_thumb) {transformation: [-0.0638f,0.9347f,-0.3496f,0.3004f,-0.6253f,-0.3105f,-0.716f,4.3282f,-0.7778f,0.173f,0.6043f,0.3283f,0f,0f,0f,1f],start_interpolation: 0,interpolation_duration: 1}
$data merge entity $(left_fingers2) {transformation: [0.9733f,0.0927f,0.2099f,-0.2851f,0.0084f,0.8999f,-0.4359f,3.8338f,-0.2293f,0.426f,0.8752f,0.5173f,0f,0f,0f,1f],start_interpolation: 0,interpolation_duration: 1}
$data merge entity $(left_fingers) {transformation: [0.843f,0.4953f,0.2099f,-0.1662f,-0.3728f,0.8192f,-0.4359f,4.0746f,-0.3879f,0.2892f,0.8752f,0.6171f,0f,0f,0f,1f],start_interpolation: 0,interpolation_duration: 1}
$data merge entity $(left_hand) {transformation: [0.1803f,0.837f,0.5166f,0.3716f,-0.6843f,0.484f,-0.5454f,4.3443f,-0.7065f,-0.2551f,0.6601f,0.486f,0f,0f,0f,1f],start_interpolation: 0,interpolation_duration: 1}
$data merge entity $(left_forearm) {transformation: [-0.7634f,1.1226f,-0.2323f,2.0221f,0.5401f,0.106f,-1.2626f,4.4805f,-1.0112f,-0.7909f,-0.499f,-0.7653f,0f,0f,0f,1f],start_interpolation: 0,interpolation_duration: 1}
$data merge entity $(left_shoulder) {transformation: [-1.2881f,-0.6232f,0.3198f,0.9923f,-0.5874f,1.3257f,0.2175f,5.9714f,-0.3815f,0.0629f,-1.4143f,-0.72f,0f,0f,0f,1f],start_interpolation: 0,interpolation_duration: 1}
$data merge entity $(left_arm) {transformation: [-0.995f,-0.0089f,-0.0992f,0.4278f,-0.0748f,0.7239f,0.6858f,6.1447f,0.0657f,0.6899f,-0.721f,-0.4892f,0f,0f,0f,1f],start_interpolation: 0,interpolation_duration: 1}
$data merge entity $(chest) {transformation: [-1.2722f,-0.0113f,-0.1269f,0f,-0.0957f,0.9255f,0.8769f,4.8279f,0.0841f,0.882f,-0.9218f,-1.7309f,0f,0f,0f,1f],start_interpolation: 0,interpolation_duration: 1}
$data merge entity $(left_cheek) {transformation: [-0.9968f,-0.0213f,0.0766f,0.476f,-0.0268f,0.997f,-0.0722f,3.9874f,-0.0748f,-0.074f,-0.9944f,-2.588f,0f,0f,0f,1f],start_interpolation: 0,interpolation_duration: 1}
$data merge entity $(left_foot) {transformation: [-1.0224f,0f,0f,0.6895f,0f,1.0224f,0f,0.3085f,0f,0f,-1.0224f,-2.1988f,0f,0f,0f,1f],start_interpolation: 0,interpolation_duration: 1}
$data merge entity $(left_knee) {transformation: [-3.0417f,0f,0f,0.7768f,0f,2.4132f,1.8517f,3.4266f,0f,1.8517f,-2.4132f,0.037f,0f,0f,0f,1f],start_interpolation: 0,interpolation_duration: 1}
$data merge entity $(left_leg) {transformation: [-1.718f,0f,0f,0.7054f,0f,-0.1497f,-1.7114f,2.896f,0f,-1.7114f,0.1497f,-2.303f,0f,0f,0f,1f],start_interpolation: 0,interpolation_duration: 1}
$data merge entity $(right_cheek) {transformation: [-0.9829f,0.1027f,0.1529f,-0.3797f,0.1164f,0.9897f,0.0838f,3.9954f,-0.1427f,0.1002f,-0.9847f,-2.6005f,0f,0f,0f,1f],start_interpolation: 0,interpolation_duration: 1}
$data merge entity $(right_foot) {transformation: [-0.9751f,-0.2077f,0.2267f,0.1174f,0f,0.7538f,0.6907f,0.8476f,-0.3074f,0.6587f,-0.7189f,-4.8124f,0f,0f,0f,1f],start_interpolation: 0,interpolation_duration: 1}
$data merge entity $(right_knee) {transformation: [-2.901f,-0.9112f,-0.0797f,-1.2302f,0f,-0.2651f,3.0302f,0.6046f,-0.9147f,2.8899f,0.2528f,-0.8286f,0f,0f,0f,1f],start_interpolation: 0,interpolation_duration: 1}
$data merge entity $(right_leg) {transformation: [-1.6385f,0.2963f,0.4232f,-0.6997f,0f,1.4073f,-0.9854f,2.8881f,-0.5166f,-0.9398f,-1.3421f,-2.2734f,0f,0f,0f,1f],start_interpolation: 0,interpolation_duration: 1}
$data merge entity $(weist) {transformation: [-1.6223f,0f,0f,0f,0f,1.5671f,0.4199f,4.5129f,0f,0.4199f,-1.5671f,-1.9597f,0f,0f,0f,1f],start_interpolation: 0,interpolation_duration: 1}
data modify storage animated_java:temp entry.data merge value {"locators":{"consume":{"px":1.2730719338,"py":6.7943431767,"pz":-0.1209021292,"ry":79.4930874606,"rx":-36.0855791343}}}
# Data Manager: Prepare for Read / Write
execute store result storage animated_java:temp args.id int 1 run scoreboard players get @s aj.id
# Data Manager: Write
function animated_java:global/data_manager/write with storage animated_java:temp args