# This file was generated by Animated Java via MC-Build. It is not recommended to edit this file directly.
$data merge entity $(neck) {transformation: [-0.9954f,-0.0387f,-0.0879f,-0.0142f,-0.0734f,0.8964f,0.4371f,6.1208f,0.0619f,0.4415f,-0.8951f,-0.4242f,0f,0f,0f,1f],start_interpolation: 0,interpolation_duration: 1}
$data merge entity $(right_thumb_2) {transformation: [-0.0248f,-0.7173f,0.6963f,0.7269f,0.9674f,-0.1928f,-0.1641f,6.7539f,0.252f,0.6696f,0.6987f,0.0914f,0f,0f,0f,1f],start_interpolation: 0,interpolation_duration: 1}
$data merge entity $(right_thumb) {transformation: [-0.0248f,0.3191f,0.9474f,0.8125f,0.9674f,-0.2312f,0.1032f,6.8215f,0.252f,0.9191f,-0.3029f,0.4288f,0f,0f,0f,1f],start_interpolation: 0,interpolation_duration: 1}
$data merge entity $(right_fingers2) {transformation: [-0.4695f,0.1884f,0.8626f,0.8933f,-0.6225f,0.6222f,-0.4747f,7.0129f,-0.6262f,-0.7598f,-0.1749f,-0.1529f,0f,0f,0f,1f],start_interpolation: 0,interpolation_duration: 1}
$data merge entity $(right_fingers) {transformation: [0.2072f,0.4615f,0.8626f,1.037f,0.6469f,0.5969f,-0.4747f,7.1978f,-0.7339f,0.6564f,-0.1749f,0.0121f,0f,0f,0f,1f],start_interpolation: 0,interpolation_duration: 1}
$data merge entity $(scout) {transformation: [0f,0f,0f,1.0367f,0f,0f,0f,7.0041f,0f,0f,0f,-0.0734f,0f,0f,0f,1f],start_interpolation: 0,interpolation_duration: 1}
$data merge entity $(right_hand) {transformation: [0.4801f,-0.1595f,0.8626f,0.9747f,0.6592f,-0.5833f,-0.4747f,6.8152f,0.5789f,0.7965f,-0.1749f,0.4907f,0f,0f,0f,1f],start_interpolation: 0,interpolation_duration: 1}
$data merge entity $(right_forearm) {transformation: [0.551f,-0.9811f,0.7943f,-0.4968f,0.0419f,-0.852f,-1.0814f,5.4911f,1.2616f,0.4568f,-0.311f,1.1149f,0f,0f,0f,1f],start_interpolation: 0,interpolation_duration: 1}
$data merge entity $(right_shoulder) {transformation: [-0.5948f,-0.5544f,-1.2201f,-1.0136f,1.1663f,0.4435f,-0.7701f,5.8215f,0.6602f,-1.2829f,0.2611f,-0.5907f,0f,0f,0f,1f],start_interpolation: 0,interpolation_duration: 1}
$data merge entity $(right_arm) {transformation: [-0.9954f,-0.0105f,-0.0954f,-0.4561f,-0.0734f,0.7235f,0.6864f,6.0783f,0.0619f,0.6903f,-0.7209f,-0.4317f,0f,0f,0f,1f],start_interpolation: 0,interpolation_duration: 1}
$data merge entity $(left_thumb_2) {transformation: [-0.0653f,0.7364f,0.6734f,-0.0085f,-0.616f,0.5012f,-0.6077f,4.3029f,-0.785f,-0.4545f,0.4209f,0.1662f,0f,0f,0f,1f],start_interpolation: 0,interpolation_duration: 1}
$data merge entity $(left_thumb) {transformation: [-0.0653f,0.9374f,-0.3422f,0.3075f,-0.616f,-0.3076f,-0.7252f,4.3055f,-0.785f,0.1635f,0.5975f,0.3268f,0f,0f,0f,1f],start_interpolation: 0,interpolation_duration: 1}
$data merge entity $(left_fingers2) {transformation: [0.9718f,0.0906f,0.2175f,-0.2743f,0.0163f,0.8951f,-0.4455f,3.8057f,-0.2351f,0.4365f,0.8685f,0.5132f,0f,0f,0f,1f],start_interpolation: 0,interpolation_duration: 1}
$data merge entity $(left_fingers) {transformation: [0.8425f,0.4928f,0.2175f,-0.156f,-0.3635f,0.8182f,-0.4455f,4.0458f,-0.3975f,0.2963f,0.8685f,0.6152f,0f,0f,0f,1f],start_interpolation: 0,interpolation_duration: 1}
$data merge entity $(left_hand) {transformation: [0.1796f,0.833f,0.5234f,0.3796f,-0.6747f,0.4915f,-0.5507f,4.32f,-0.7159f,-0.2542f,0.6502f,0.4842f,0f,0f,0f,1f],start_interpolation: 0,interpolation_duration: 1}
$data merge entity $(left_forearm) {transformation: [-0.7724f,1.1172f,-0.2288f,2.0217f,0.5485f,0.1216f,-1.2576f,4.4802f,-0.9999f,-0.7963f,-0.5131f,-0.7752f,0f,0f,0f,1f],start_interpolation: 0,interpolation_duration: 1}
$data merge entity $(left_shoulder) {transformation: [-1.2875f,-0.6248f,0.3191f,0.9901f,-0.5853f,1.3243f,0.2315f,5.9693f,-0.3869f,0.0759f,-1.4122f,-0.7152f,0f,0f,0f,1f],start_interpolation: 0,interpolation_duration: 1}
$data merge entity $(left_arm) {transformation: [-0.9954f,-0.0105f,-0.0954f,0.4249f,-0.0734f,0.7235f,0.6864f,6.1433f,0.0619f,0.6903f,-0.7209f,-0.4865f,0f,0f,0f,1f],start_interpolation: 0,interpolation_duration: 1}
$data merge entity $(chest) {transformation: [-1.2726f,-0.0134f,-0.122f,0f,-0.0939f,0.925f,0.8776f,4.8279f,0.0791f,0.8825f,-0.9217f,-1.7307f,0f,0f,0f,1f],start_interpolation: 0,interpolation_duration: 1}
$data merge entity $(left_cheek) {transformation: [-0.9968f,-0.0213f,0.0766f,0.476f,-0.0268f,0.997f,-0.0722f,3.9874f,-0.0748f,-0.074f,-0.9944f,-2.5878f,0f,0f,0f,1f],start_interpolation: 0,interpolation_duration: 1}
$data merge entity $(left_foot) {transformation: [-1.0224f,0f,0f,0.6895f,0f,1.0224f,0f,0.3085f,0f,0f,-1.0224f,-2.1986f,0f,0f,0f,1f],start_interpolation: 0,interpolation_duration: 1}
$data merge entity $(left_knee) {transformation: [-3.0417f,0f,0f,0.7768f,0f,2.4132f,1.8517f,3.4266f,0f,1.8517f,-2.4132f,0.0372f,0f,0f,0f,1f],start_interpolation: 0,interpolation_duration: 1}
$data merge entity $(left_leg) {transformation: [-1.718f,0f,0f,0.7054f,0f,-0.1497f,-1.7114f,2.896f,0f,-1.7114f,0.1497f,-2.3027f,0f,0f,0f,1f],start_interpolation: 0,interpolation_duration: 1}
$data merge entity $(right_cheek) {transformation: [-0.9829f,0.1027f,0.1529f,-0.3797f,0.1164f,0.9897f,0.0838f,3.9954f,-0.1427f,0.1002f,-0.9847f,-2.6003f,0f,0f,0f,1f],start_interpolation: 0,interpolation_duration: 1}
$data merge entity $(right_foot) {transformation: [-0.9751f,-0.2077f,0.2267f,0.1174f,0f,0.7538f,0.6907f,0.8476f,-0.3074f,0.6587f,-0.7189f,-4.8122f,0f,0f,0f,1f],start_interpolation: 0,interpolation_duration: 1}
$data merge entity $(right_knee) {transformation: [-2.901f,-0.9112f,-0.0797f,-1.2302f,0f,-0.2651f,3.0302f,0.6046f,-0.9147f,2.8899f,0.2528f,-0.8284f,0f,0f,0f,1f],start_interpolation: 0,interpolation_duration: 1}
$data merge entity $(right_leg) {transformation: [-1.6385f,0.2963f,0.4232f,-0.6997f,0f,1.4073f,-0.9854f,2.8881f,-0.5166f,-0.9398f,-1.3421f,-2.2732f,0f,0f,0f,1f],start_interpolation: 0,interpolation_duration: 1}
$data merge entity $(weist) {transformation: [-1.6223f,0f,0f,0f,0f,1.5671f,0.4199f,4.5129f,0f,0.4199f,-1.5671f,-1.9595f,0f,0f,0f,1f],start_interpolation: 0,interpolation_duration: 1}
data modify storage animated_java:temp entry.data merge value {"locators":{"consume":{"px":1.0047885853,"py":7.0817465983,"pz":-0.221142638,"ry":78.5414732733,"rx":-28.3385871448}}}
# Data Manager: Prepare for Read / Write
execute store result storage animated_java:temp args.id int 1 run scoreboard players get @s aj.id
# Data Manager: Write
function animated_java:global/data_manager/write with storage animated_java:temp args