# This file was generated by Animated Java via MC-Build. It is not recommended to edit this file directly.
$data merge entity $(neck) {transformation: [-0.9958f,-0.039f,-0.0824f,-0.018f,-0.0713f,0.8965f,0.4373f,6.1209f,0.0568f,0.4413f,-0.8955f,-0.4228f,0f,0f,0f,1f],start_interpolation: 0,interpolation_duration: 1}
$data merge entity $(right_thumb_2) {transformation: [-0.0614f,-0.6785f,0.7321f,0.6076f,0.9611f,-0.2382f,-0.14f,6.89f,0.2694f,0.695f,0.6667f,0.1013f,0f,0f,0f,1f],start_interpolation: 0,interpolation_duration: 1}
$data merge entity $(right_thumb) {transformation: [-0.0614f,0.3393f,0.9387f,0.6944f,0.9611f,-0.2337f,0.1474f,6.9552f,0.2694f,0.9112f,-0.3117f,0.4387f,0f,0f,0f,1f],start_interpolation: 0,interpolation_duration: 1}
$data merge entity $(right_fingers2) {transformation: [-0.4182f,0.1545f,0.8951f,0.7594f,-0.6333f,0.6569f,-0.4092f,7.1546f,-0.6512f,-0.738f,-0.1769f,-0.1495f,0f,0f,0f,1f],start_interpolation: 0,interpolation_duration: 1}
$data merge entity $(right_fingers) {transformation: [0.1659f,0.4138f,0.8951f,0.8885f,0.674f,0.615f,-0.4092f,7.3459f,-0.7199f,0.6712f,-0.1769f,0.0201f,0f,0f,0f,1f],start_interpolation: 0,interpolation_duration: 1}
$data merge entity $(scout) {transformation: [0f,0f,0f,0.9025f,0f,0f,0f,7.1525f,0f,0f,0f,-0.0649f,0f,0f,0f,1f],start_interpolation: 0,interpolation_duration: 1}
$data merge entity $(right_hand) {transformation: [0.4314f,-0.1124f,0.8951f,0.8569f,0.6952f,-0.591f,-0.4092f,6.9613f,0.575f,0.7988f,-0.1769f,0.5001f,0f,0f,0f,1f],start_interpolation: 0,interpolation_duration: 1}
$data merge entity $(right_forearm) {transformation: [0.5635f,-0.9134f,0.8633f,-0.5106f,0.0609f,-0.9252f,-1.0186f,5.5284f,1.2553f,0.4549f,-0.3381f,1.1206f,0f,0f,0f,1f],start_interpolation: 0,interpolation_duration: 1}
$data merge entity $(right_shoulder) {transformation: [-0.6355f,-0.5523f,-1.2004f,-1.0172f,1.1563f,0.4122f,-0.8018f,5.8237f,0.6395f,-1.2942f,0.2569f,-0.5944f,0f,0f,0f,1f],start_interpolation: 0,interpolation_duration: 1}
$data merge entity $(right_arm) {transformation: [-0.9958f,-0.0124f,-0.0903f,-0.46f,-0.0713f,0.7235f,0.6866f,6.0793f,0.0568f,0.6902f,-0.7214f,-0.4326f,0f,0f,0f,1f],start_interpolation: 0,interpolation_duration: 1}
$data merge entity $(left_thumb_2) {transformation: [-0.0672f,0.7308f,0.6793f,-0.0025f,-0.6059f,0.5111f,-0.6097f,4.2792f,-0.7927f,-0.4525f,0.4084f,0.1676f,0f,0f,0f,1f],start_interpolation: 0,interpolation_duration: 1}
$data merge entity $(left_thumb) {transformation: [-0.0672f,0.94f,-0.3345f,0.3146f,-0.6059f,-0.3048f,-0.7349f,4.2814f,-0.7927f,0.1533f,0.59f,0.3261f,0f,0f,0f,1f],start_interpolation: 0,interpolation_duration: 1}
$data merge entity $(left_fingers2) {transformation: [0.9702f,0.0887f,0.2255f,-0.2634f,0.0246f,0.8897f,-0.4559f,3.776f,-0.2411f,0.4478f,0.861f,0.5096f,0f,0f,0f,1f],start_interpolation: 0,interpolation_duration: 1}
$data merge entity $(left_fingers) {transformation: [0.8418f,0.4904f,0.2255f,-0.1457f,-0.3537f,0.8167f,-0.4559f,4.0154f,-0.4078f,0.304f,0.861f,0.6141f,0f,0f,0f,1f],start_interpolation: 0,interpolation_duration: 1}
$data merge entity $(left_hand) {transformation: [0.1784f,0.8287f,0.5305f,0.3876f,-0.6641f,0.4993f,-0.5565f,4.2941f,-0.726f,-0.253f,0.6394f,0.4833f,0f,0f,0f,1f],start_interpolation: 0,interpolation_duration: 1}
$data merge entity $(left_forearm) {transformation: [-0.7817f,1.1114f,-0.2256f,2.0206f,0.5576f,0.1382f,-1.2518f,4.4799f,-0.9875f,-0.8018f,-0.5284f,-0.7845f,0f,0f,0f,1f],start_interpolation: 0,interpolation_duration: 1}
$data merge entity $(left_shoulder) {transformation: [-1.2868f,-0.6263f,0.3192f,0.9874f,-0.5825f,1.3227f,0.247f,5.9672f,-0.3934f,0.0899f,-1.4096f,-0.7088f,0f,0f,0f,1f],start_interpolation: 0,interpolation_duration: 1}
$data merge entity $(left_arm) {transformation: [-0.9958f,-0.0124f,-0.0903f,0.4214f,-0.0713f,0.7235f,0.6866f,6.1424f,0.0568f,0.6902f,-0.7214f,-0.4829f,0f,0f,0f,1f],start_interpolation: 0,interpolation_duration: 1}
$data merge entity $(chest) {transformation: [-1.2732f,-0.0158f,-0.1154f,0f,-0.0911f,0.925f,0.8779f,4.8279f,0.0726f,0.8825f,-0.9223f,-1.7292f,0f,0f,0f,1f],start_interpolation: 0,interpolation_duration: 1}
$data merge entity $(left_cheek) {transformation: [-0.9968f,-0.0213f,0.0766f,0.476f,-0.0268f,0.997f,-0.0722f,3.9874f,-0.0748f,-0.074f,-0.9944f,-2.5864f,0f,0f,0f,1f],start_interpolation: 0,interpolation_duration: 1}
$data merge entity $(left_foot) {transformation: [-1.0224f,0f,0f,0.6895f,0f,1.0224f,0f,0.3085f,0f,0f,-1.0224f,-2.1971f,0f,0f,0f,1f],start_interpolation: 0,interpolation_duration: 1}
$data merge entity $(left_knee) {transformation: [-3.0417f,0f,0f,0.7768f,0f,2.4132f,1.8517f,3.4266f,0f,1.8517f,-2.4132f,0.0386f,0f,0f,0f,1f],start_interpolation: 0,interpolation_duration: 1}
$data merge entity $(left_leg) {transformation: [-1.718f,0f,0f,0.7054f,0f,-0.1497f,-1.7114f,2.896f,0f,-1.7114f,0.1497f,-2.3013f,0f,0f,0f,1f],start_interpolation: 0,interpolation_duration: 1}
$data merge entity $(right_cheek) {transformation: [-0.9829f,0.1027f,0.1529f,-0.3797f,0.1164f,0.9897f,0.0838f,3.9954f,-0.1427f,0.1002f,-0.9847f,-2.5988f,0f,0f,0f,1f],start_interpolation: 0,interpolation_duration: 1}
$data merge entity $(right_foot) {transformation: [-0.9751f,-0.2077f,0.2267f,0.1174f,0f,0.7538f,0.6907f,0.8476f,-0.3074f,0.6587f,-0.7189f,-4.8107f,0f,0f,0f,1f],start_interpolation: 0,interpolation_duration: 1}
$data merge entity $(right_knee) {transformation: [-2.901f,-0.9112f,-0.0797f,-1.2302f,0f,-0.2651f,3.0302f,0.6046f,-0.9147f,2.8899f,0.2528f,-0.827f,0f,0f,0f,1f],start_interpolation: 0,interpolation_duration: 1}
$data merge entity $(right_leg) {transformation: [-1.6385f,0.2963f,0.4232f,-0.6997f,0f,1.4073f,-0.9854f,2.8881f,-0.5166f,-0.9398f,-1.3421f,-2.2717f,0f,0f,0f,1f],start_interpolation: 0,interpolation_duration: 1}
$data merge entity $(weist) {transformation: [-1.6223f,0f,0f,0f,0f,1.5671f,0.4199f,4.5129f,0f,0.4199f,-1.5671f,-1.958f,0f,0f,0f,1f],start_interpolation: 0,interpolation_duration: 1}
data modify storage animated_java:temp entry.data merge value {"locators":{"consume":{"px":0.8642777422,"py":7.2270244888,"pz":-0.2126865292,"ry":78.8234281701,"rx":-24.1575880722}}}
# Data Manager: Prepare for Read / Write
execute store result storage animated_java:temp args.id int 1 run scoreboard players get @s aj.id
# Data Manager: Write
function animated_java:global/data_manager/write with storage animated_java:temp args