# This file was generated by Animated Java via MC-Build. It is not recommended to edit this file directly.
$data merge entity $(neck) {transformation: [-0.9927f,0.0323f,0.1159f,-0.0138f,0.0585f,0.9714f,0.2303f,6.3757f,-0.1052f,0.2354f,-0.9662f,-0.3053f,0f,0f,0f,1f],start_interpolation: 0,interpolation_duration: 1}
$data merge entity $(right_thumb_2) {transformation: [-0.7629f,0.2003f,-0.6147f,-2.5462f,0.0968f,0.9755f,0.1977f,3.2986f,0.6392f,0.0914f,-0.7636f,-2.038f,0f,0f,0f,1f],start_interpolation: 0,interpolation_duration: 1}
$data merge entity $(right_thumb) {transformation: [-0.7629f,-0.1919f,-0.6173f,-2.7124f,0.0968f,0.9102f,-0.4026f,3.6115f,0.6392f,-0.3669f,-0.6759f,-2.0518f,0f,0f,0f,1f],start_interpolation: 0,interpolation_duration: 1}
$data merge entity $(right_fingers2) {transformation: [-0.1148f,-0.9096f,-0.3992f,-2.9636f,-0.9933f,0.0988f,0.0606f,2.8283f,-0.0157f,0.4035f,-0.9149f,-2.0821f,0f,0f,0f,1f],start_interpolation: 0,interpolation_duration: 1}
$data merge entity $(right_fingers) {transformation: [-0.9029f,-0.1593f,-0.3992f,-3.0374f,-0.1994f,0.978f,0.0606f,3.1019f,0.3808f,0.1343f,-0.9149f,-2.0398f,0f,0f,0f,1f],start_interpolation: 0,interpolation_duration: 1}
$data merge entity $(scout) {transformation: [0f,0f,0f,-2.9135f,0f,0f,0f,3.0919f,0f,0f,0f,-2.2111f,0f,0f,0f,1f],start_interpolation: 0,interpolation_duration: 1}
$data merge entity $(right_hand) {transformation: [-0.8567f,0.3267f,-0.3992f,-2.8501f,0.3309f,0.9417f,0.0606f,3.6813f,0.3957f,-0.0802f,-0.9149f,-2.1314f,0f,0f,0f,1f],start_interpolation: 0,interpolation_duration: 1}
$data merge entity $(right_forearm) {transformation: [-0.9244f,0.4961f,0.8925f,-2.0322f,0.4376f,1.2802f,-0.2583f,5.5816f,-0.9225f,0.1102f,-1.0168f,-1.964f,0f,0f,0f,1f],start_interpolation: 0,interpolation_duration: 1}
$data merge entity $(right_shoulder) {transformation: [-1.1314f,0.6681f,0.6507f,-1.0105f,0.9229f,0.6552f,0.932f,6.1645f,0.1339f,1.1288f,-0.9262f,-0.585f,0f,0f,0f,1f],start_interpolation: 0,interpolation_duration: 1}
$data merge entity $(right_arm) {transformation: [-0.9927f,-0.004f,0.1203f,-0.4508f,0.0585f,0.8572f,0.5117f,6.3841f,-0.1052f,0.515f,-0.8507f,-0.3837f,0f,0f,0f,1f],start_interpolation: 0,interpolation_duration: 1}
$data merge entity $(left_thumb_2) {transformation: [-0.2054f,0.6207f,0.7567f,0.2097f,-0.4937f,0.6018f,-0.6277f,4.1552f,-0.845f,-0.5025f,0.1828f,0.6065f,0f,0f,0f,1f],start_interpolation: 0,interpolation_duration: 1}
$data merge entity $(left_thumb) {transformation: [-0.2054f,0.9578f,-0.2012f,0.5511f,-0.4937f,-0.2789f,-0.8237f,4.1503f,-0.845f,-0.0699f,0.5302f,0.7018f,0f,0f,0f,1f],start_interpolation: 0,interpolation_duration: 1}
$data merge entity $(left_fingers2) {transformation: [0.9056f,0.1551f,0.3947f,0.0289f,0.1026f,0.8229f,-0.5588f,3.5983f,-0.4115f,0.5465f,0.7293f,0.9153f,0f,0f,0f,1f],start_interpolation: 0,interpolation_duration: 1}
$data merge entity $(left_fingers) {transformation: [0.7552f,0.5233f,0.3947f,0.1596f,-0.2548f,0.7892f,-0.5588f,3.8262f,-0.6039f,0.3214f,0.7293f,1.0293f,0f,0f,0f,1f],start_interpolation: 0,interpolation_duration: 1}
$data merge entity $(left_hand) {transformation: [0.0495f,0.7552f,0.6537f,0.6526f,-0.5491f,0.5673f,-0.6138f,4.1448f,-0.8343f,-0.3285f,0.4427f,0.8429f,0f,0f,0f,1f],start_interpolation: 0,interpolation_duration: 1}
$data merge entity $(left_forearm) {transformation: [-0.9667f,0.9349f,-0.2977f,2.0094f,0.651f,0.2985f,-1.1765f,4.5786f,-0.734f,-0.9665f,-0.6514f,-0.6668f,0f,0f,0f,1f],start_interpolation: 0,interpolation_duration: 1}
$data merge entity $(left_shoulder) {transformation: [-1.2884f,-0.6161f,0.3322f,0.9879f,-0.5042f,1.2996f,0.4547f,6.0467f,-0.4855f,0.2853f,-1.3538f,-0.3733f,0f,0f,0f,1f],start_interpolation: 0,interpolation_duration: 1}
$data merge entity $(left_arm) {transformation: [-0.9927f,-0.004f,0.1203f,0.4279f,0.0585f,0.8572f,0.5117f,6.3324f,-0.1052f,0.515f,-0.8507f,-0.2906f,0f,0f,0f,1f],start_interpolation: 0,interpolation_duration: 1}
$data merge entity $(chest) {transformation: [-1.2693f,-0.0052f,0.1538f,0f,0.0748f,1.0959f,0.6543f,4.8279f,-0.1345f,0.6585f,-1.0876f,-1.2968f,0f,0f,0f,1f],start_interpolation: 0,interpolation_duration: 1}
$data merge entity $(left_cheek) {transformation: [-0.9968f,-0.0213f,0.0766f,0.476f,-0.0268f,0.997f,-0.0722f,3.9874f,-0.0748f,-0.074f,-0.9944f,-2.1539f,0f,0f,0f,1f],start_interpolation: 0,interpolation_duration: 1}
$data merge entity $(left_foot) {transformation: [-1.0224f,0f,0f,0.6895f,0f,1.0224f,0f,0.3085f,0f,0f,-1.0224f,-1.7646f,0f,0f,0f,1f],start_interpolation: 0,interpolation_duration: 1}
$data merge entity $(left_knee) {transformation: [-3.0417f,0f,0f,0.7768f,0f,2.4132f,1.8517f,3.4266f,0f,1.8517f,-2.4132f,0.4711f,0f,0f,0f,1f],start_interpolation: 0,interpolation_duration: 1}
$data merge entity $(left_leg) {transformation: [-1.718f,0f,0f,0.7054f,0f,-0.1497f,-1.7114f,2.896f,0f,-1.7114f,0.1497f,-1.8688f,0f,0f,0f,1f],start_interpolation: 0,interpolation_duration: 1}
$data merge entity $(right_cheek) {transformation: [-0.9829f,0.1027f,0.1529f,-0.3797f,0.1164f,0.9897f,0.0838f,3.9954f,-0.1427f,0.1002f,-0.9847f,-2.1664f,0f,0f,0f,1f],start_interpolation: 0,interpolation_duration: 1}
$data merge entity $(right_foot) {transformation: [-0.9751f,-0.2077f,0.2267f,0.1174f,0f,0.7538f,0.6907f,0.8476f,-0.3074f,0.6587f,-0.7189f,-4.3783f,0f,0f,0f,1f],start_interpolation: 0,interpolation_duration: 1}
$data merge entity $(right_knee) {transformation: [-2.901f,-0.9112f,-0.0797f,-1.2302f,0f,-0.2651f,3.0302f,0.6046f,-0.9147f,2.8899f,0.2528f,-0.3945f,0f,0f,0f,1f],start_interpolation: 0,interpolation_duration: 1}
$data merge entity $(right_leg) {transformation: [-1.6385f,0.2963f,0.4232f,-0.6997f,0f,1.4073f,-0.9854f,2.8881f,-0.5166f,-0.9398f,-1.3421f,-1.8392f,0f,0f,0f,1f],start_interpolation: 0,interpolation_duration: 1}
$data merge entity $(weist) {transformation: [-1.6223f,0f,0f,0f,0f,1.5671f,0.4199f,4.5129f,0f,0.4199f,-1.5671f,-1.5256f,0f,0f,0f,1f],start_interpolation: 0,interpolation_duration: 1}
data modify storage animated_java:temp entry.data merge value {"locators":{"consume":{"px":-2.9070870943,"py":2.9244749565,"pz":-2.1828114535,"ry":336.4255320957,"rx":3.4733563133}}}
# Data Manager: Prepare for Read / Write
execute store result storage animated_java:temp args.id int 1 run scoreboard players get @s aj.id
# Data Manager: Write
function animated_java:global/data_manager/write with storage animated_java:temp args