# This file was generated by Animated Java via MC-Build. It is not recommended to edit this file directly.
$data merge entity $(neck) {transformation: [-0.9964f,-0.0391f,-0.0758f,-0.0223f,-0.0685f,0.8969f,0.4369f,6.1218f,0.0509f,0.4405f,-0.8963f,-0.4211f,0f,0f,0f,1f],start_interpolation: 0,interpolation_duration: 1}
$data merge entity $(right_thumb_2) {transformation: [-0.0899f,-0.6524f,0.7526f,0.513f,0.9473f,-0.2892f,-0.1376f,7.0115f,0.3074f,0.7005f,0.644f,0.1512f,0f,0f,0f,1f],start_interpolation: 0,interpolation_duration: 1}
$data merge entity $(right_thumb) {transformation: [-0.0899f,0.3377f,0.9369f,0.5951f,0.9473f,-0.2614f,0.1851f,7.0653f,0.3074f,0.9042f,-0.2965f,0.4919f,0f,0f,0f,1f],start_interpolation: 0,interpolation_duration: 1}
$data merge entity $(right_fingers2) {transformation: [-0.3587f,0.145f,0.9221f,0.6603f,-0.6132f,0.7082f,-0.35f,7.2852f,-0.7038f,-0.691f,-0.1651f,-0.098f,0f,0f,0f,1f],start_interpolation: 0,interpolation_duration: 1}
$data merge entity $(right_fingers) {transformation: [0.1494f,0.3569f,0.9221f,0.773f,0.7157f,0.6044f,-0.35f,7.4751f,-0.6823f,0.7122f,-0.1651f,0.0845f,0f,0f,0f,1f],start_interpolation: 0,interpolation_duration: 1}
$data merge entity $(scout) {transformation: [0f,0f,0f,0.8006f,0f,0f,0f,7.2846f,0f,0f,0f,-0.0036f,0f,0f,0f,1f],start_interpolation: 0,interpolation_duration: 1}
$data merge entity $(right_hand) {transformation: [0.376f,-0.0916f,0.9221f,0.7556f,0.7093f,-0.612f,-0.35f,7.0802f,0.5963f,0.7856f,-0.1651f,0.5567f,0f,0f,0f,1f],start_interpolation: 0,interpolation_duration: 1}
$data merge entity $(right_forearm) {transformation: [0.5585f,-0.8571f,0.9223f,-0.5248f,0.049f,-0.9934f,-0.9529f,5.5475f,1.2581f,0.4192f,-0.3722f,1.1221f,0f,0f,0f,1f],start_interpolation: 0,interpolation_duration: 1}
$data merge entity $(right_shoulder) {transformation: [-0.6723f,-0.5495f,-1.1815f,-1.0213f,1.1399f,0.396f,-0.8329f,5.8273f,0.6312f,-1.3004f,0.2456f,-0.5985f,0f,0f,0f,1f],start_interpolation: 0,interpolation_duration: 1}
$data merge entity $(right_arm) {transformation: [-0.9964f,-0.0146f,-0.084f,-0.4643f,-0.0685f,0.724f,0.6864f,6.0815f,0.0509f,0.6896f,-0.7224f,-0.4335f,0f,0f,0f,1f],start_interpolation: 0,interpolation_duration: 1}
$data merge entity $(left_thumb_2) {transformation: [-0.0695f,0.7248f,0.6855f,0.0039f,-0.5949f,0.5215f,-0.6117f,4.2546f,-0.8008f,-0.4503f,0.395f,0.17f,0f,0f,0f,1f],start_interpolation: 0,interpolation_duration: 1}
$data merge entity $(left_thumb) {transformation: [-0.0695f,0.9427f,-0.3264f,0.3221f,-0.5949f,-0.3018f,-0.745f,4.2562f,-0.8008f,0.1424f,0.5818f,0.3263f,0f,0f,0f,1f],start_interpolation: 0,interpolation_duration: 1}
$data merge entity $(left_fingers2) {transformation: [0.9683f,0.0871f,0.234f,-0.2519f,0.0333f,0.8837f,-0.4668f,3.7452f,-0.2475f,0.4598f,0.8528f,0.5066f,0f,0f,0f,1f],start_interpolation: 0,interpolation_duration: 1}
$data merge entity $(left_fingers) {transformation: [0.8408f,0.4881f,0.234f,-0.1348f,-0.3433f,0.815f,-0.4668f,3.9837f,-0.4186f,0.3121f,0.8528f,0.6136f,0f,0f,0f,1f],start_interpolation: 0,interpolation_duration: 1}
$data merge entity $(left_hand) {transformation: [0.1769f,0.8242f,0.538f,0.3961f,-0.6527f,0.5073f,-0.5626f,4.2672f,-0.7366f,-0.2516f,0.6277f,0.4831f,0f,0f,0f,1f],start_interpolation: 0,interpolation_duration: 1}
$data merge entity $(left_forearm) {transformation: [-0.7916f,1.1049f,-0.2225f,2.0191f,0.5673f,0.1556f,-1.2454f,4.4799f,-0.974f,-0.8075f,-0.5445f,-0.7932f,0f,0f,0f,1f],start_interpolation: 0,interpolation_duration: 1}
$data merge entity $(left_shoulder) {transformation: [-1.286f,-0.6277f,0.3196f,0.9844f,-0.5792f,1.3209f,0.2635f,5.9651f,-0.4008f,0.1049f,-1.4065f,-0.7009f,0f,0f,0f,1f],start_interpolation: 0,interpolation_duration: 1}
$data merge entity $(left_arm) {transformation: [-0.9964f,-0.0146f,-0.084f,0.4176f,-0.0685f,0.724f,0.6864f,6.1421f,0.0509f,0.6896f,-0.7224f,-0.4785f,0f,0f,0f,1f],start_interpolation: 0,interpolation_duration: 1}
$data merge entity $(chest) {transformation: [-1.2739f,-0.0186f,-0.1074f,0f,-0.0875f,0.9257f,0.8776f,4.8279f,0.065f,0.8817f,-0.9236f,-1.7265f,0f,0f,0f,1f],start_interpolation: 0,interpolation_duration: 1}
$data merge entity $(left_cheek) {transformation: [-0.9968f,-0.0213f,0.0766f,0.476f,-0.0268f,0.997f,-0.0722f,3.9874f,-0.0748f,-0.074f,-0.9944f,-2.5836f,0f,0f,0f,1f],start_interpolation: 0,interpolation_duration: 1}
$data merge entity $(left_foot) {transformation: [-1.0224f,0f,0f,0.6895f,0f,1.0224f,0f,0.3085f,0f,0f,-1.0224f,-2.1944f,0f,0f,0f,1f],start_interpolation: 0,interpolation_duration: 1}
$data merge entity $(left_knee) {transformation: [-3.0417f,0f,0f,0.7768f,0f,2.4132f,1.8517f,3.4266f,0f,1.8517f,-2.4132f,0.0414f,0f,0f,0f,1f],start_interpolation: 0,interpolation_duration: 1}
$data merge entity $(left_leg) {transformation: [-1.718f,0f,0f,0.7054f,0f,-0.1497f,-1.7114f,2.896f,0f,-1.7114f,0.1497f,-2.2985f,0f,0f,0f,1f],start_interpolation: 0,interpolation_duration: 1}
$data merge entity $(right_cheek) {transformation: [-0.9829f,0.1027f,0.1529f,-0.3797f,0.1164f,0.9897f,0.0838f,3.9954f,-0.1427f,0.1002f,-0.9847f,-2.5961f,0f,0f,0f,1f],start_interpolation: 0,interpolation_duration: 1}
$data merge entity $(right_foot) {transformation: [-0.9751f,-0.2077f,0.2267f,0.1174f,0f,0.7538f,0.6907f,0.8476f,-0.3074f,0.6587f,-0.7189f,-4.808f,0f,0f,0f,1f],start_interpolation: 0,interpolation_duration: 1}
$data merge entity $(right_knee) {transformation: [-2.901f,-0.9112f,-0.0797f,-1.2302f,0f,-0.2651f,3.0302f,0.6046f,-0.9147f,2.8899f,0.2528f,-0.8242f,0f,0f,0f,1f],start_interpolation: 0,interpolation_duration: 1}
$data merge entity $(right_leg) {transformation: [-1.6385f,0.2963f,0.4232f,-0.6997f,0f,1.4073f,-0.9854f,2.8881f,-0.5166f,-0.9398f,-1.3421f,-2.269f,0f,0f,0f,1f],start_interpolation: 0,interpolation_duration: 1}
$data merge entity $(weist) {transformation: [-1.6223f,0f,0f,0f,0f,1.5671f,0.4199f,4.5129f,0f,0.4199f,-1.5671f,-1.9553f,0f,0f,0f,1f],start_interpolation: 0,interpolation_duration: 1}
data modify storage animated_java:temp entry.data merge value {"locators":{"consume":{"px":0.7608245854,"py":7.3594217092,"pz":-0.1508305263,"ry":79.8472424753,"rx":-20.4844700464}}}
# Data Manager: Prepare for Read / Write
execute store result storage animated_java:temp args.id int 1 run scoreboard players get @s aj.id
# Data Manager: Write
function animated_java:global/data_manager/write with storage animated_java:temp args