# This file was generated by Animated Java via MC-Build. It is not recommended to edit this file directly.
$data merge entity $(neck) {transformation: [-0.9969f,-0.0392f,-0.0684f,-0.0268f,-0.0652f,0.8976f,0.4359f,6.1237f,0.0443f,0.439f,-0.8974f,-0.4189f,0f,0f,0f,1f],start_interpolation: 0,interpolation_duration: 1}
$data merge entity $(right_thumb_2) {transformation: [-0.1106f,-0.6409f,0.7596f,0.4437f,0.9264f,-0.3433f,-0.1548f,7.1094f,0.3599f,0.6866f,0.6317f,0.2371f,0f,0f,0f,1f],start_interpolation: 0,interpolation_duration: 1}
$data merge entity $(right_thumb) {transformation: [-0.1106f,0.3152f,0.9426f,0.5154f,0.9264f,-0.3108f,0.2126f,7.1438f,0.3599f,0.8967f,-0.2576f,0.5826f,0f,0f,0f,1f],start_interpolation: 0,interpolation_duration: 1}
$data merge entity $(right_fingers2) {transformation: [-0.2906f,0.1576f,0.9438f,0.5973f,-0.5631f,0.7692f,-0.3019f,7.3946f,-0.7736f,-0.6192f,-0.1348f,-0.0032f,0f,0f,0f,1f],start_interpolation: 0,interpolation_duration: 1}
$data merge entity $(right_fingers) {transformation: [0.1562f,0.2914f,0.9438f,0.6917f,0.7666f,0.5667f,-0.3019f,7.5755f,-0.6228f,0.7707f,-0.1348f,0.1979f,0f,0f,0f,1f],start_interpolation: 0,interpolation_duration: 1}
$data merge entity $(scout) {transformation: [0f,0f,0f,0.7319f,0f,0f,0f,7.3898f,0f,0f,0f,0.1047f,0f,0f,0f,1f],start_interpolation: 0,interpolation_duration: 1}
$data merge entity $(right_hand) {transformation: [0.316f,-0.0973f,0.9438f,0.6721f,0.7036f,-0.6433f,-0.3019f,7.1636f,0.6365f,0.7594f,-0.1348f,0.6552f,0f,0f,0f,1f],start_interpolation: 0,interpolation_duration: 1}
$data merge entity $(right_forearm) {transformation: [0.5354f,-0.8173f,0.9709f,-0.5456f,0.0121f,-1.0504f,-0.8909f,5.5488f,1.269f,0.3548f,-0.4011f,1.1221f,0f,0f,0f,1f],start_interpolation: 0,interpolation_duration: 1}
$data merge entity $(right_shoulder) {transformation: [-0.7057f,-0.5411f,-1.1658f,-1.0255f,1.1194f,0.3947f,-0.8608f,5.8321f,0.6315f,-1.3043f,0.2231f,-0.6026f,0f,0f,0f,1f],start_interpolation: 0,interpolation_duration: 1}
$data merge entity $(right_arm) {transformation: [-0.9969f,-0.0168f,-0.077f,-0.4689f,-0.0652f,0.725f,0.6857f,6.0847f,0.0443f,0.6885f,-0.7238f,-0.4342f,0f,0f,0f,1f],start_interpolation: 0,interpolation_duration: 1}
$data merge entity $(left_thumb_2) {transformation: [-0.0722f,0.7184f,0.6919f,0.011f,-0.5834f,0.5323f,-0.6135f,4.2294f,-0.809f,-0.4479f,0.3807f,0.1733f,0f,0f,0f,1f],start_interpolation: 0,interpolation_duration: 1}
$data merge entity $(left_thumb) {transformation: [-0.0722f,0.9454f,-0.3177f,0.3304f,-0.5834f,-0.2984f,-0.7554f,4.2305f,-0.809f,0.1308f,0.5731f,0.3273f,0f,0f,0f,1f],start_interpolation: 0,interpolation_duration: 1}
$data merge entity $(left_fingers2) {transformation: [0.9662f,0.0856f,0.2432f,-0.2393f,0.0426f,0.8773f,-0.478f,3.7136f,-0.2542f,0.4722f,0.844f,0.5043f,0f,0f,0f,1f],start_interpolation: 0,interpolation_duration: 1}
$data merge entity $(left_fingers) {transformation: [0.8395f,0.4859f,0.2432f,-0.1227f,-0.3322f,0.8131f,-0.478f,3.9511f,-0.43f,0.3205f,0.844f,0.614f,0f,0f,0f,1f],start_interpolation: 0,interpolation_duration: 1}
$data merge entity $(left_hand) {transformation: [0.175f,0.8194f,0.5459f,0.4055f,-0.6407f,0.5157f,-0.5687f,4.2396f,-0.7476f,-0.2503f,0.6152f,0.4837f,0f,0f,0f,1f],start_interpolation: 0,interpolation_duration: 1}
$data merge entity $(left_forearm) {transformation: [-0.8022f,1.0979f,-0.2196f,2.0175f,0.5771f,0.1739f,-1.2385f,4.4804f,-0.9594f,-0.8134f,-0.5613f,-0.8015f,0f,0f,0f,1f],start_interpolation: 0,interpolation_duration: 1}
$data merge entity $(left_shoulder) {transformation: [-1.2851f,-0.6291f,0.3202f,0.9812f,-0.5757f,1.3189f,0.2809f,5.9634f,-0.4085f,0.1205f,-1.403f,-0.6918f,0f,0f,0f,1f],start_interpolation: 0,interpolation_duration: 1}
$data merge entity $(left_arm) {transformation: [-0.9969f,-0.0168f,-0.077f,0.4135f,-0.0652f,0.725f,0.6857f,6.1424f,0.0443f,0.6885f,-0.7238f,-0.4734f,0f,0f,0f,1f],start_interpolation: 0,interpolation_duration: 1}
$data merge entity $(chest) {transformation: [-1.2746f,-0.0215f,-0.0985f,0f,-0.0834f,0.9269f,0.8766f,4.8279f,0.0567f,0.8803f,-0.9255f,-1.7224f,0f,0f,0f,1f],start_interpolation: 0,interpolation_duration: 1}
$data merge entity $(left_cheek) {transformation: [-0.9968f,-0.0213f,0.0766f,0.476f,-0.0268f,0.997f,-0.0722f,3.9874f,-0.0748f,-0.074f,-0.9944f,-2.5795f,0f,0f,0f,1f],start_interpolation: 0,interpolation_duration: 1}
$data merge entity $(left_foot) {transformation: [-1.0224f,0f,0f,0.6895f,0f,1.0224f,0f,0.3085f,0f,0f,-1.0224f,-2.1903f,0f,0f,0f,1f],start_interpolation: 0,interpolation_duration: 1}
$data merge entity $(left_knee) {transformation: [-3.0417f,0f,0f,0.7768f,0f,2.4132f,1.8517f,3.4266f,0f,1.8517f,-2.4132f,0.0455f,0f,0f,0f,1f],start_interpolation: 0,interpolation_duration: 1}
$data merge entity $(left_leg) {transformation: [-1.718f,0f,0f,0.7054f,0f,-0.1497f,-1.7114f,2.896f,0f,-1.7114f,0.1497f,-2.2944f,0f,0f,0f,1f],start_interpolation: 0,interpolation_duration: 1}
$data merge entity $(right_cheek) {transformation: [-0.9829f,0.1027f,0.1529f,-0.3797f,0.1164f,0.9897f,0.0838f,3.9954f,-0.1427f,0.1002f,-0.9847f,-2.592f,0f,0f,0f,1f],start_interpolation: 0,interpolation_duration: 1}
$data merge entity $(right_foot) {transformation: [-0.9751f,-0.2077f,0.2267f,0.1174f,0f,0.7538f,0.6907f,0.8476f,-0.3074f,0.6587f,-0.7189f,-4.8039f,0f,0f,0f,1f],start_interpolation: 0,interpolation_duration: 1}
$data merge entity $(right_knee) {transformation: [-2.901f,-0.9112f,-0.0797f,-1.2302f,0f,-0.2651f,3.0302f,0.6046f,-0.9147f,2.8899f,0.2528f,-0.8201f,0f,0f,0f,1f],start_interpolation: 0,interpolation_duration: 1}
$data merge entity $(right_leg) {transformation: [-1.6385f,0.2963f,0.4232f,-0.6997f,0f,1.4073f,-0.9854f,2.8881f,-0.5166f,-0.9398f,-1.3421f,-2.2649f,0f,0f,0f,1f],start_interpolation: 0,interpolation_duration: 1}
$data merge entity $(weist) {transformation: [-1.6223f,0f,0f,0f,0f,1.5671f,0.4199f,4.5129f,0f,0.4199f,-1.5671f,-1.9512f,0f,0f,0f,1f],start_interpolation: 0,interpolation_duration: 1}
data modify storage animated_java:temp entry.data merge value {"locators":{"consume":{"px":0.6952114269,"py":7.4679991535,"pz":-0.0415795021,"ry":81.8698632203,"rx":-17.5691711565}}}
# Data Manager: Prepare for Read / Write
execute store result storage animated_java:temp args.id int 1 run scoreboard players get @s aj.id
# Data Manager: Write
function animated_java:global/data_manager/write with storage animated_java:temp args