# This file was generated by Animated Java via MC-Build. It is not recommended to edit this file directly.
$data merge entity $(neck) {transformation: [-0.9974f,-0.0391f,-0.0606f,-0.0314f,-0.0616f,0.8987f,0.4343f,6.1264f,0.0375f,0.4369f,-0.8987f,-0.4163f,0f,0f,0f,1f],start_interpolation: 0,interpolation_duration: 1}
$data merge entity $(right_thumb_2) {transformation: [-0.1249f,-0.6455f,0.7535f,0.4003f,0.8985f,-0.3957f,-0.19f,7.1732f,0.4208f,0.6533f,0.6294f,0.353f,0f,0f,0f,1f],start_interpolation: 0,interpolation_duration: 1}
$data merge entity $(right_thumb) {transformation: [-0.1249f,0.2709f,0.9545f,0.4554f,0.8985f,-0.3772f,0.2246f,7.1819f,0.4208f,0.8856f,-0.1963f,0.7031f,0f,0f,0f,1f],start_interpolation: 0,interpolation_duration: 1}
$data merge entity $(right_fingers2) {transformation: [-0.2112f,0.1894f,0.9589f,0.5711f,-0.4859f,0.8309f,-0.2711f,7.4706f,-0.8481f,-0.5232f,-0.0835f,0.1288f,0f,0f,0f,1f],start_interpolation: 0,interpolation_duration: 1}
$data merge entity $(right_fingers) {transformation: [0.1845f,0.2155f,0.9589f,0.6448f,0.8196f,0.5048f,-0.2711f,7.6355f,-0.5425f,0.8359f,-0.0835f,0.3511f,0f,0f,0f,1f],start_interpolation: 0,interpolation_duration: 1}
$data merge entity $(scout) {transformation: [0f,0f,0f,0.6965f,0f,0f,0f,7.4554f,0f,0f,0f,0.2527f,0f,0f,0f,1f],start_interpolation: 0,interpolation_duration: 1}
$data merge entity $(right_hand) {transformation: [0.2523f,-0.1296f,0.9589f,0.6063f,0.6808f,-0.6805f,-0.2711f,7.2022f,0.6876f,0.7212f,-0.0835f,0.787f,0f,0f,0f,1f],start_interpolation: 0,interpolation_duration: 1}
$data merge entity $(right_forearm) {transformation: [0.4925f,-0.7981f,1.0088f,-0.5794f,-0.0442f,-1.09f,-0.8408f,5.5319f,1.2855f,0.2683f,-0.4154f,1.1224f,0f,0f,0f,1f],start_interpolation: 0,interpolation_duration: 1}
$data merge entity $(right_shoulder) {transformation: [-0.7357f,-0.5216f,-1.1561f,-1.0298f,1.0969f,0.4091f,-0.8827f,5.838f,0.6366f,-1.3078f,0.1849f,-0.6064f,0f,0f,0f,1f],start_interpolation: 0,interpolation_duration: 1}
$data merge entity $(right_arm) {transformation: [-0.9974f,-0.0191f,-0.0696f,-0.4735f,-0.0616f,0.7265f,0.6844f,6.089f,0.0375f,0.6869f,-0.7258f,-0.4346f,0f,0f,0f,1f],start_interpolation: 0,interpolation_duration: 1}
$data merge entity $(left_thumb_2) {transformation: [-0.0754f,0.7114f,0.6987f,0.0193f,-0.5715f,0.5434f,-0.6149f,4.2037f,-0.8172f,-0.4457f,0.3656f,0.1777f,0f,0f,0f,1f],start_interpolation: 0,interpolation_duration: 1}
$data merge entity $(left_thumb) {transformation: [-0.0754f,0.9483f,-0.3084f,0.3399f,-0.5715f,-0.2946f,-0.7659f,4.2045f,-0.8172f,0.1185f,0.5641f,0.329f,0f,0f,0f,1f],start_interpolation: 0,interpolation_duration: 1}
$data merge entity $(left_fingers2) {transformation: [0.9638f,0.0842f,0.253f,-0.2251f,0.0524f,0.8706f,-0.4893f,3.6815f,-0.2615f,0.4848f,0.8346f,0.5028f,0f,0f,0f,1f],start_interpolation: 0,interpolation_duration: 1}
$data merge entity $(left_fingers) {transformation: [0.8379f,0.4837f,0.253f,-0.1091f,-0.3205f,0.8111f,-0.4893f,3.9181f,-0.4419f,0.3289f,0.8346f,0.6151f,0f,0f,0f,1f],start_interpolation: 0,interpolation_duration: 1}
$data merge entity $(left_hand) {transformation: [0.1726f,0.8142f,0.5544f,0.4163f,-0.6282f,0.5245f,-0.5747f,4.2117f,-0.7586f,-0.2491f,0.602f,0.4849f,0f,0f,0f,1f],start_interpolation: 0,interpolation_duration: 1}
$data merge entity $(left_forearm) {transformation: [-0.8136f,1.09f,-0.2168f,2.0161f,0.5866f,0.193f,-1.2312f,4.4819f,-0.9439f,-0.8196f,-0.5782f,-0.8097f,0f,0f,0f,1f],start_interpolation: 0,interpolation_duration: 1}
$data merge entity $(left_shoulder) {transformation: [-1.2842f,-0.6308f,0.3205f,0.9779f,-0.572f,1.3165f,0.299f,5.9621f,-0.4164f,0.1368f,-1.3992f,-0.6818f,0f,0f,0f,1f],start_interpolation: 0,interpolation_duration: 1}
$data merge entity $(left_arm) {transformation: [-0.9974f,-0.0191f,-0.0696f,0.4093f,-0.0616f,0.7265f,0.6844f,6.1436f,0.0375f,0.6869f,-0.7258f,-0.4678f,0f,0f,0f,1f],start_interpolation: 0,interpolation_duration: 1}
$data merge entity $(chest) {transformation: [-1.2752f,-0.0244f,-0.0889f,0f,-0.0788f,0.9288f,0.8751f,4.8279f,0.0479f,0.8783f,-0.9279f,-1.7169f,0f,0f,0f,1f],start_interpolation: 0,interpolation_duration: 1}
$data merge entity $(left_cheek) {transformation: [-0.9968f,-0.0213f,0.0766f,0.476f,-0.0268f,0.997f,-0.0722f,3.9874f,-0.0748f,-0.074f,-0.9944f,-2.574f,0f,0f,0f,1f],start_interpolation: 0,interpolation_duration: 1}
$data merge entity $(left_foot) {transformation: [-1.0224f,0f,0f,0.6895f,0f,1.0224f,0f,0.3085f,0f,0f,-1.0224f,-2.1848f,0f,0f,0f,1f],start_interpolation: 0,interpolation_duration: 1}
$data merge entity $(left_knee) {transformation: [-3.0417f,0f,0f,0.7768f,0f,2.4132f,1.8517f,3.4266f,0f,1.8517f,-2.4132f,0.051f,0f,0f,0f,1f],start_interpolation: 0,interpolation_duration: 1}
$data merge entity $(left_leg) {transformation: [-1.718f,0f,0f,0.7054f,0f,-0.1497f,-1.7114f,2.896f,0f,-1.7114f,0.1497f,-2.289f,0f,0f,0f,1f],start_interpolation: 0,interpolation_duration: 1}
$data merge entity $(right_cheek) {transformation: [-0.9829f,0.1027f,0.1529f,-0.3797f,0.1164f,0.9897f,0.0838f,3.9954f,-0.1427f,0.1002f,-0.9847f,-2.5865f,0f,0f,0f,1f],start_interpolation: 0,interpolation_duration: 1}
$data merge entity $(right_foot) {transformation: [-0.9751f,-0.2077f,0.2267f,0.1174f,0f,0.7538f,0.6907f,0.8476f,-0.3074f,0.6587f,-0.7189f,-4.7984f,0f,0f,0f,1f],start_interpolation: 0,interpolation_duration: 1}
$data merge entity $(right_knee) {transformation: [-2.901f,-0.9112f,-0.0797f,-1.2302f,0f,-0.2651f,3.0302f,0.6046f,-0.9147f,2.8899f,0.2528f,-0.8146f,0f,0f,0f,1f],start_interpolation: 0,interpolation_duration: 1}
$data merge entity $(right_leg) {transformation: [-1.6385f,0.2963f,0.4232f,-0.6997f,0f,1.4073f,-0.9854f,2.8881f,-0.5166f,-0.9398f,-1.3421f,-2.2594f,0f,0f,0f,1f],start_interpolation: 0,interpolation_duration: 1}
$data merge entity $(weist) {transformation: [-1.6223f,0f,0f,0f,0f,1.5671f,0.4199f,4.5129f,0f,0.4199f,-1.5671f,-1.9457f,0f,0f,0f,1f],start_interpolation: 0,interpolation_duration: 1}
data modify storage animated_java:temp entry.data merge value {"locators":{"consume":{"px":0.6674316613,"py":7.5394560887,"pz":0.1078959756,"ry":85.0247946822,"rx":-15.7312189341}}}
# Data Manager: Prepare for Read / Write
execute store result storage animated_java:temp args.id int 1 run scoreboard players get @s aj.id
# Data Manager: Write
function animated_java:global/data_manager/write with storage animated_java:temp args