# This file was generated by Animated Java via MC-Build. It is not recommended to edit this file directly.
$data merge entity $(neck) {transformation: [-0.9979f,-0.0389f,-0.0527f,-0.0358f,-0.0579f,0.9f,0.432f,6.1302f,0.0306f,0.4341f,-0.9003f,-0.4132f,0f,0f,0f,1f],start_interpolation: 0,interpolation_duration: 1}
$data merge entity $(right_thumb_2) {transformation: [-0.1348f,-0.6667f,0.7331f,0.3823f,0.8645f,-0.4407f,-0.2418f,7.1919f,0.4842f,0.6011f,0.6357f,0.4921f,0f,0f,0f,1f],start_interpolation: 0,interpolation_duration: 1}
$data merge entity $(right_thumb) {transformation: [-0.1348f,0.2033f,0.9698f,0.414f,0.8645f,-0.4542f,0.2154f,7.1709f,0.4842f,0.8674f,-0.1146f,0.8445f,0f,0f,0f,1f],start_interpolation: 0,interpolation_duration: 1}
$data merge entity $(right_fingers2) {transformation: [-0.1163f,0.237f,0.9645f,0.5811f,-0.3876f,0.8833f,-0.2638f,7.4992f,-0.9145f,-0.4045f,-0.0109f,0.2917f,0f,0f,0f,1f],start_interpolation: 0,interpolation_duration: 1}
$data merge entity $(right_fingers) {transformation: [0.2319f,0.1263f,0.9645f,0.6307f,0.8661f,0.4246f,-0.2638f,7.6426f,-0.4429f,0.8965f,-0.0109f,0.5346f,0f,0f,0f,1f],start_interpolation: 0,interpolation_duration: 1}
$data merge entity $(scout) {transformation: [0f,0f,0f,0.6923f,0f,0f,0f,7.468f,0f,0f,0f,0.4321f,0f,0f,0f,1f],start_interpolation: 0,interpolation_duration: 1}
$data merge entity $(right_hand) {transformation: [0.1848f,-0.1886f,0.9645f,0.5566f,0.6451f,-0.7171f,-0.2638f,7.1873f,0.7414f,0.6709f,-0.0109f,0.9425f,0f,0f,0f,1f],start_interpolation: 0,interpolation_duration: 1}
$data merge entity $(right_forearm) {transformation: [0.4266f,-0.8032f,1.0344f,-0.6331f,-0.1139f,-1.1066f,-0.8122f,5.496f,1.3047f,0.166f,-0.4092f,1.1234f,0f,0f,0f,1f],start_interpolation: 0,interpolation_duration: 1}
$data merge entity $(right_shoulder) {transformation: [-0.7624f,-0.4853f,-1.1546f,-1.0339f,1.0749f,0.4402f,-0.8948f,5.8448f,0.6428f,-1.3117f,0.1269f,-0.6095f,0f,0f,0f,1f],start_interpolation: 0,interpolation_duration: 1}
$data merge entity $(right_arm) {transformation: [-0.9979f,-0.0213f,-0.0619f,-0.4779f,-0.0579f,0.7285f,0.6826f,6.0943f,0.0306f,0.6848f,-0.7281f,-0.4346f,0f,0f,0f,1f],start_interpolation: 0,interpolation_duration: 1}
$data merge entity $(left_thumb_2) {transformation: [-0.0792f,0.7038f,0.7059f,0.0292f,-0.5593f,0.5548f,-0.6159f,4.1781f,-0.8251f,-0.4436f,0.3498f,0.1831f,0f,0f,0f,1f],start_interpolation: 0,interpolation_duration: 1}
$data merge entity $(left_thumb) {transformation: [-0.0792f,0.9512f,-0.2983f,0.3511f,-0.5593f,-0.2901f,-0.7765f,4.1786f,-0.8251f,0.1054f,0.555f,0.3315f,0f,0f,0f,1f],start_interpolation: 0,interpolation_duration: 1}
$data merge entity $(left_fingers2) {transformation: [0.961f,0.0831f,0.2637f,-0.209f,0.0627f,0.8636f,-0.5003f,3.6493f,-0.2693f,0.4974f,0.8247f,0.5023f,0f,0f,0f,1f],start_interpolation: 0,interpolation_duration: 1}
$data merge entity $(left_fingers) {transformation: [0.8359f,0.4814f,0.2637f,-0.0934f,-0.3081f,0.8091f,-0.5003f,3.8849f,-0.4543f,0.337f,0.8247f,0.6172f,0f,0f,0f,1f],start_interpolation: 0,interpolation_duration: 1}
$data merge entity $(left_hand) {transformation: [0.1697f,0.8085f,0.5635f,0.4289f,-0.6154f,0.5336f,-0.5802f,4.1839f,-0.7698f,-0.2483f,0.5881f,0.4868f,0f,0f,0f,1f],start_interpolation: 0,interpolation_duration: 1}
$data merge entity $(left_forearm) {transformation: [-0.8259f,1.0812f,-0.2142f,2.0151f,0.5957f,0.2127f,-1.2235f,4.4844f,-0.9274f,-0.8263f,-0.5952f,-0.8178f,0f,0f,0f,1f],start_interpolation: 0,interpolation_duration: 1}
$data merge entity $(left_shoulder) {transformation: [-1.2834f,-0.6327f,0.3202f,0.9747f,-0.5685f,1.3138f,0.3173f,5.9614f,-0.4238f,0.1536f,-1.3952f,-0.6711f,0f,0f,0f,1f],start_interpolation: 0,interpolation_duration: 1}
$data merge entity $(left_arm) {transformation: [-0.9979f,-0.0213f,-0.0619f,0.4053f,-0.0579f,0.7285f,0.6826f,6.1455f,0.0306f,0.6848f,-0.7281f,-0.4616f,0f,0f,0f,1f],start_interpolation: 0,interpolation_duration: 1}
$data merge entity $(chest) {transformation: [-1.2758f,-0.0272f,-0.0792f,0f,-0.074f,0.9314f,0.8728f,4.8279f,0.0391f,0.8755f,-0.9309f,-1.71f,0f,0f,0f,1f],start_interpolation: 0,interpolation_duration: 1}
$data merge entity $(left_cheek) {transformation: [-0.9968f,-0.0213f,0.0766f,0.476f,-0.0268f,0.997f,-0.0722f,3.9874f,-0.0748f,-0.074f,-0.9944f,-2.5671f,0f,0f,0f,1f],start_interpolation: 0,interpolation_duration: 1}
$data merge entity $(left_foot) {transformation: [-1.0224f,0f,0f,0.6895f,0f,1.0224f,0f,0.3085f,0f,0f,-1.0224f,-2.1779f,0f,0f,0f,1f],start_interpolation: 0,interpolation_duration: 1}
$data merge entity $(left_knee) {transformation: [-3.0417f,0f,0f,0.7768f,0f,2.4132f,1.8517f,3.4266f,0f,1.8517f,-2.4132f,0.0579f,0f,0f,0f,1f],start_interpolation: 0,interpolation_duration: 1}
$data merge entity $(left_leg) {transformation: [-1.718f,0f,0f,0.7054f,0f,-0.1497f,-1.7114f,2.896f,0f,-1.7114f,0.1497f,-2.282f,0f,0f,0f,1f],start_interpolation: 0,interpolation_duration: 1}
$data merge entity $(right_cheek) {transformation: [-0.9829f,0.1027f,0.1529f,-0.3797f,0.1164f,0.9897f,0.0838f,3.9954f,-0.1427f,0.1002f,-0.9847f,-2.5796f,0f,0f,0f,1f],start_interpolation: 0,interpolation_duration: 1}
$data merge entity $(right_foot) {transformation: [-0.9751f,-0.2077f,0.2267f,0.1174f,0f,0.7538f,0.6907f,0.8476f,-0.3074f,0.6587f,-0.7189f,-4.7915f,0f,0f,0f,1f],start_interpolation: 0,interpolation_duration: 1}
$data merge entity $(right_knee) {transformation: [-2.901f,-0.9112f,-0.0797f,-1.2302f,0f,-0.2651f,3.0302f,0.6046f,-0.9147f,2.8899f,0.2528f,-0.8077f,0f,0f,0f,1f],start_interpolation: 0,interpolation_duration: 1}
$data merge entity $(right_leg) {transformation: [-1.6385f,0.2963f,0.4232f,-0.6997f,0f,1.4073f,-0.9854f,2.8881f,-0.5166f,-0.9398f,-1.3421f,-2.2524f,0f,0f,0f,1f],start_interpolation: 0,interpolation_duration: 1}
$data merge entity $(weist) {transformation: [-1.6223f,0f,0f,0f,0f,1.5671f,0.4199f,4.5129f,0f,0.4199f,-1.5671f,-1.9388f,0f,0f,0f,1f],start_interpolation: 0,interpolation_duration: 1}
data modify storage animated_java:temp entry.data merge value {"locators":{"consume":{"px":0.6757421703,"py":7.5593326284,"pz":0.2898161346,"ry":89.3526766022,"rx":-15.2967009896}}}
# Data Manager: Prepare for Read / Write
execute store result storage animated_java:temp args.id int 1 run scoreboard players get @s aj.id
# Data Manager: Write
function animated_java:global/data_manager/write with storage animated_java:temp args