# This file was generated by Animated Java via MC-Build. It is not recommended to edit this file directly.
$data merge entity $(neck) {transformation: [-0.9982f,-0.0386f,-0.0449f,-0.0398f,-0.0541f,0.9017f,0.429f,6.1348f,0.024f,0.4307f,-0.9022f,-0.4096f,0f,0f,0f,1f],start_interpolation: 0,interpolation_duration: 1}
$data merge entity $(right_thumb_2) {transformation: [-0.1429f,-0.7044f,0.6952f,0.387f,0.8265f,-0.4713f,-0.3077f,7.1539f,0.5444f,0.5307f,0.6496f,0.6475f,0f,0f,0f,1f],start_interpolation: 0,interpolation_duration: 1}
$data merge entity $(right_thumb) {transformation: [-0.1429f,0.1103f,0.9836f,0.3874f,0.8265f,-0.5333f,0.1799f,7.1023f,0.5444f,0.8387f,-0.015f,0.9982f,0f,0f,0f,1f],start_interpolation: 0,interpolation_duration: 1}
$data merge entity $(right_fingers2) {transformation: [-0.0017f,0.296f,0.9552f,0.6239f,-0.2792f,0.9171f,-0.2846f,7.465f,-0.9602f,-0.2671f,0.0811f,0.4793f,0f,0f,0f,1f],start_interpolation: 0,interpolation_duration: 1}
$data merge entity $(right_fingers) {transformation: [0.2953f,0.0201f,0.9552f,0.645f,0.8979f,0.3359f,-0.2846f,7.584f,-0.3266f,0.9417f,0.0811f,0.739f,0f,0f,0f,1f],start_interpolation: 0,interpolation_duration: 1}
$data merge entity $(scout) {transformation: [0f,0f,0f,0.7147f,0f,0f,0f,7.4134f,0f,0f,0f,0.6349f,0f,0f,0f,1f],start_interpolation: 0,interpolation_duration: 1}
$data merge entity $(right_hand) {transformation: [0.1125f,-0.2737f,0.9552f,0.5185f,0.6028f,-0.7454f,-0.2846f,7.1105f,0.7899f,0.6078f,0.0811f,1.112f,0f,0f,0f,1f],start_interpolation: 0,interpolation_duration: 1}
$data merge entity $(right_forearm) {transformation: [0.3334f,-0.8347f,1.0437f,-0.7144f,-0.1897f,-1.0943f,-0.8146f,5.4408f,1.3229f,0.0534f,-0.3799f,1.1236f,0f,0f,0f,1f],start_interpolation: 0,interpolation_duration: 1}
$data merge entity $(right_shoulder) {transformation: [-0.7854f,-0.4257f,-1.1626f,-1.0376f,1.0559f,0.4887f,-0.8922f,5.8525f,0.6465f,-1.3152f,0.0447f,-0.6118f,0f,0f,0f,1f],start_interpolation: 0,interpolation_duration: 1}
$data merge entity $(right_arm) {transformation: [-0.9982f,-0.0233f,-0.0545f,-0.4819f,-0.0541f,0.7309f,0.6803f,6.1005f,0.024f,0.6821f,-0.7309f,-0.4339f,0f,0f,0f,1f],start_interpolation: 0,interpolation_duration: 1}
$data merge entity $(left_thumb_2) {transformation: [-0.0835f,0.6955f,0.7136f,0.041f,-0.5472f,0.5665f,-0.6162f,4.1527f,-0.8328f,-0.442f,0.3333f,0.1896f,0f,0f,0f,1f],start_interpolation: 0,interpolation_duration: 1}
$data merge entity $(left_thumb) {transformation: [-0.0835f,0.9542f,-0.2874f,0.3644f,-0.5472f,-0.285f,-0.787f,4.1533f,-0.8328f,0.0915f,0.5459f,0.3348f,0f,0f,0f,1f],start_interpolation: 0,interpolation_duration: 1}
$data merge entity $(left_fingers2) {transformation: [0.9578f,0.082f,0.2754f,-0.1903f,0.0736f,0.8564f,-0.511f,3.6175f,-0.2778f,0.5097f,0.8143f,0.503f,0f,0f,0f,1f],start_interpolation: 0,interpolation_duration: 1}
$data merge entity $(left_fingers) {transformation: [0.8334f,0.4792f,0.2754f,-0.0752f,-0.2953f,0.8073f,-0.511f,3.8521f,-0.4672f,0.3446f,0.8143f,0.6204f,0f,0f,0f,1f],start_interpolation: 0,interpolation_duration: 1}
$data merge entity $(left_hand) {transformation: [0.1663f,0.8023f,0.5734f,0.4437f,-0.6023f,0.543f,-0.5851f,4.1567f,-0.7807f,-0.2481f,0.5735f,0.4894f,0f,0f,0f,1f],start_interpolation: 0,interpolation_duration: 1}
$data merge entity $(left_forearm) {transformation: [-0.8392f,1.0715f,-0.2117f,2.0147f,0.604f,0.2329f,-1.2158f,4.4883f,-0.91f,-0.8336f,-0.6117f,-0.826f,0f,0f,0f,1f],start_interpolation: 0,interpolation_duration: 1}
$data merge entity $(left_shoulder) {transformation: [-1.2825f,-0.6349f,0.3191f,0.9718f,-0.5653f,1.3106f,0.3357f,5.9614f,-0.4306f,0.1706f,-1.3912f,-0.66f,0f,0f,0f,1f],start_interpolation: 0,interpolation_duration: 1}
$data merge entity $(left_arm) {transformation: [-0.9982f,-0.0233f,-0.0545f,0.4017f,-0.0541f,0.7309f,0.6803f,6.1484f,0.024f,0.6821f,-0.7309f,-0.4551f,0f,0f,0f,1f],start_interpolation: 0,interpolation_duration: 1}
$data merge entity $(chest) {transformation: [-1.2763f,-0.0297f,-0.0696f,0f,-0.0692f,0.9345f,0.8698f,4.8279f,0.0307f,0.872f,-0.9345f,-1.7016f,0f,0f,0f,1f],start_interpolation: 0,interpolation_duration: 1}
$data merge entity $(left_cheek) {transformation: [-0.9968f,-0.0213f,0.0766f,0.476f,-0.0268f,0.997f,-0.0722f,3.9874f,-0.0748f,-0.074f,-0.9944f,-2.5587f,0f,0f,0f,1f],start_interpolation: 0,interpolation_duration: 1}
$data merge entity $(left_foot) {transformation: [-1.0224f,0f,0f,0.6895f,0f,1.0224f,0f,0.3085f,0f,0f,-1.0224f,-2.1695f,0f,0f,0f,1f],start_interpolation: 0,interpolation_duration: 1}
$data merge entity $(left_knee) {transformation: [-3.0417f,0f,0f,0.7768f,0f,2.4132f,1.8517f,3.4266f,0f,1.8517f,-2.4132f,0.0663f,0f,0f,0f,1f],start_interpolation: 0,interpolation_duration: 1}
$data merge entity $(left_leg) {transformation: [-1.718f,0f,0f,0.7054f,0f,-0.1497f,-1.7114f,2.896f,0f,-1.7114f,0.1497f,-2.2736f,0f,0f,0f,1f],start_interpolation: 0,interpolation_duration: 1}
$data merge entity $(right_cheek) {transformation: [-0.9829f,0.1027f,0.1529f,-0.3797f,0.1164f,0.9897f,0.0838f,3.9954f,-0.1427f,0.1002f,-0.9847f,-2.5712f,0f,0f,0f,1f],start_interpolation: 0,interpolation_duration: 1}
$data merge entity $(right_foot) {transformation: [-0.9751f,-0.2077f,0.2267f,0.1174f,0f,0.7538f,0.6907f,0.8476f,-0.3074f,0.6587f,-0.7189f,-4.7831f,0f,0f,0f,1f],start_interpolation: 0,interpolation_duration: 1}
$data merge entity $(right_knee) {transformation: [-2.901f,-0.9112f,-0.0797f,-1.2302f,0f,-0.2651f,3.0302f,0.6046f,-0.9147f,2.8899f,0.2528f,-0.7993f,0f,0f,0f,1f],start_interpolation: 0,interpolation_duration: 1}
$data merge entity $(right_leg) {transformation: [-1.6385f,0.2963f,0.4232f,-0.6997f,0f,1.4073f,-0.9854f,2.8881f,-0.5166f,-0.9398f,-1.3421f,-2.244f,0f,0f,0f,1f],start_interpolation: 0,interpolation_duration: 1}
$data merge entity $(weist) {transformation: [-1.6223f,0f,0f,0f,0f,1.5671f,0.4199f,4.5129f,0f,0.4199f,-1.5671f,-1.9304f,0f,0f,0f,1f],start_interpolation: 0,interpolation_duration: 1}
data modify storage animated_java:temp entry.data merge value {"locators":{"consume":{"px":0.7154531478,"py":7.5120280716,"pz":0.4965952836,"ry":94.8535483863,"rx":-16.5373547794}}}
# Data Manager: Prepare for Read / Write
execute store result storage animated_java:temp args.id int 1 run scoreboard players get @s aj.id
# Data Manager: Write
function animated_java:global/data_manager/write with storage animated_java:temp args