# This file was generated by Animated Java via MC-Build. It is not recommended to edit this file directly.
$data merge entity $(neck) {transformation: [-0.9986f,-0.038f,-0.0378f,-0.0433f,-0.0505f,0.9036f,0.4253f,6.1404f,0.0179f,0.4266f,-0.9042f,-0.4055f,0f,0f,0f,1f],start_interpolation: 0,interpolation_duration: 1}
$data merge entity $(right_thumb_2) {transformation: [-0.1677f,-0.7685f,0.6174f,0.4208f,0.7868f,-0.4817f,-0.3858f,7.0468f,0.5939f,0.4211f,0.6855f,0.8116f,0f,0f,0f,1f],start_interpolation: 0,interpolation_duration: 1}
$data merge entity $(right_thumb) {transformation: [-0.1677f,-0.0312f,0.9853f,0.372f,0.7868f,-0.6064f,0.1148f,6.9668f,0.5939f,0.7946f,0.1263f,1.1535f,0f,0f,0f,1f],start_interpolation: 0,interpolation_duration: 1}
$data merge entity $(right_fingers2) {transformation: [0.1618f,0.3629f,0.9177f,0.7074f,-0.1736f,0.9259f,-0.3356f,7.3518f,-0.9714f,-0.105f,0.2129f,0.6931f,0f,0f,0f,1f],start_interpolation: 0,interpolation_duration: 1}
$data merge entity $(right_fingers) {transformation: [0.3751f,-0.1312f,0.9177f,0.6873f,0.9083f,0.2498f,-0.3356f,7.4461f,-0.1852f,0.9594f,0.2129f,0.9628f,0f,0f,0f,1f],start_interpolation: 0,interpolation_duration: 1}
$data merge entity $(scout) {transformation: [0f,0f,0f,0.7651f,0f,0f,0f,7.2771f,0f,0f,0f,0.8619f,0f,0f,0f,1f],start_interpolation: 0,interpolation_duration: 1}
$data merge entity $(right_hand) {transformation: [0.0127f,-0.3972f,0.9177f,0.4839f,0.5602f,-0.7573f,-0.3356f,6.9633f,0.8282f,0.5184f,0.2129f,1.2864f,0f,0f,0f,1f],start_interpolation: 0,interpolation_duration: 1}
$data merge entity $(right_forearm) {transformation: [0.2082f,-0.8931f,1.0277f,-0.8323f,-0.2626f,-1.0465f,-0.8562f,5.3671f,1.336f,-0.0665f,-0.3284f,1.1188f,0f,0f,0f,1f],start_interpolation: 0,interpolation_duration: 1}
$data merge entity $(right_shoulder) {transformation: [-0.8047f,-0.3352f,-1.179f,-1.0408f,1.0426f,0.5544f,-0.8692f,5.8608f,0.6444f,-1.3154f,-0.0659f,-0.6127f,0f,0f,0f,1f],start_interpolation: 0,interpolation_duration: 1}
$data merge entity $(right_arm) {transformation: [-0.9986f,-0.0249f,-0.0474f,-0.4853f,-0.0505f,0.7339f,0.6774f,6.1076f,0.0179f,0.6788f,-0.7341f,-0.4324f,0f,0f,0f,1f],start_interpolation: 0,interpolation_duration: 1}
$data merge entity $(left_thumb_2) {transformation: [-0.0886f,0.6864f,0.7218f,0.0552f,-0.5353f,0.5783f,-0.6157f,4.128f,-0.84f,-0.4409f,0.3162f,0.1973f,0f,0f,0f,1f],start_interpolation: 0,interpolation_duration: 1}
$data merge entity $(left_thumb) {transformation: [-0.0886f,0.9572f,-0.2756f,0.3802f,-0.5353f,-0.2791f,-0.7972f,4.1288f,-0.84f,0.0769f,0.5371f,0.339f,0f,0f,0f,1f],start_interpolation: 0,interpolation_duration: 1}
$data merge entity $(left_fingers2) {transformation: [0.9541f,0.0813f,0.2881f,-0.1686f,0.085f,0.8493f,-0.5211f,3.5863f,-0.287f,0.5216f,0.8034f,0.5051f,0f,0f,0f,1f],start_interpolation: 0,interpolation_duration: 1}
$data merge entity $(left_fingers) {transformation: [0.8304f,0.4769f,0.2881f,-0.054f,-0.2819f,0.8056f,-0.5211f,3.82f,-0.4806f,0.3515f,0.8034f,0.6247f,0f,0f,0f,1f],start_interpolation: 0,interpolation_duration: 1}
$data merge entity $(left_hand) {transformation: [0.1622f,0.7954f,0.5839f,0.4612f,-0.5893f,0.5527f,-0.5893f,4.1305f,-0.7915f,-0.2485f,0.5584f,0.4927f,0f,0f,0f,1f],start_interpolation: 0,interpolation_duration: 1}
$data merge entity $(left_forearm) {transformation: [-0.8536f,1.0605f,-0.2093f,2.0151f,0.6112f,0.2535f,-1.208f,4.4937f,-0.8916f,-0.8416f,-0.6277f,-0.8345f,0f,0f,0f,1f],start_interpolation: 0,interpolation_duration: 1}
$data merge entity $(left_shoulder) {transformation: [-1.2818f,-0.6375f,0.3168f,0.9693f,-0.5625f,1.307f,0.3539f,5.9624f,-0.4362f,0.1878f,-1.3872f,-0.6488f,0f,0f,0f,1f],start_interpolation: 0,interpolation_duration: 1}
$data merge entity $(left_arm) {transformation: [-0.9986f,-0.0249f,-0.0474f,0.3986f,-0.0505f,0.7339f,0.6774f,6.1523f,0.0179f,0.6788f,-0.7341f,-0.4483f,0f,0f,0f,1f],start_interpolation: 0,interpolation_duration: 1}
$data merge entity $(chest) {transformation: [-1.2767f,-0.0319f,-0.0607f,0f,-0.0646f,0.9383f,0.8661f,4.8279f,0.0229f,0.8679f,-0.9386f,-1.6917f,0f,0f,0f,1f],start_interpolation: 0,interpolation_duration: 1}
$data merge entity $(left_cheek) {transformation: [-0.9968f,-0.0213f,0.0766f,0.476f,-0.0268f,0.997f,-0.0722f,3.9874f,-0.0748f,-0.074f,-0.9944f,-2.5488f,0f,0f,0f,1f],start_interpolation: 0,interpolation_duration: 1}
$data merge entity $(left_foot) {transformation: [-1.0224f,0f,0f,0.6895f,0f,1.0224f,0f,0.3085f,0f,0f,-1.0224f,-2.1595f,0f,0f,0f,1f],start_interpolation: 0,interpolation_duration: 1}
$data merge entity $(left_knee) {transformation: [-3.0417f,0f,0f,0.7768f,0f,2.4132f,1.8517f,3.4266f,0f,1.8517f,-2.4132f,0.0762f,0f,0f,0f,1f],start_interpolation: 0,interpolation_duration: 1}
$data merge entity $(left_leg) {transformation: [-1.718f,0f,0f,0.7054f,0f,-0.1497f,-1.7114f,2.896f,0f,-1.7114f,0.1497f,-2.2637f,0f,0f,0f,1f],start_interpolation: 0,interpolation_duration: 1}
$data merge entity $(right_cheek) {transformation: [-0.9829f,0.1027f,0.1529f,-0.3797f,0.1164f,0.9897f,0.0838f,3.9954f,-0.1427f,0.1002f,-0.9847f,-2.5613f,0f,0f,0f,1f],start_interpolation: 0,interpolation_duration: 1}
$data merge entity $(right_foot) {transformation: [-0.9751f,-0.2077f,0.2267f,0.1174f,0f,0.7538f,0.6907f,0.8476f,-0.3074f,0.6587f,-0.7189f,-4.7732f,0f,0f,0f,1f],start_interpolation: 0,interpolation_duration: 1}
$data merge entity $(right_knee) {transformation: [-2.901f,-0.9112f,-0.0797f,-1.2302f,0f,-0.2651f,3.0302f,0.6046f,-0.9147f,2.8899f,0.2528f,-0.7894f,0f,0f,0f,1f],start_interpolation: 0,interpolation_duration: 1}
$data merge entity $(right_leg) {transformation: [-1.6385f,0.2963f,0.4232f,-0.6997f,0f,1.4073f,-0.9854f,2.8881f,-0.5166f,-0.9398f,-1.3421f,-2.2341f,0f,0f,0f,1f],start_interpolation: 0,interpolation_duration: 1}
$data merge entity $(weist) {transformation: [-1.6223f,0f,0f,0f,0f,1.5671f,0.4199f,4.5129f,0f,0.4199f,-1.5671f,-1.9204f,0f,0f,0f,1f],start_interpolation: 0,interpolation_duration: 1}
data modify storage animated_java:temp entry.data merge value {"locators":{"consume":{"px":0.7918191609,"py":7.381687495,"pz":0.7307472941,"ry":103.0588178927,"rx":-19.6062591706}}}
# Data Manager: Prepare for Read / Write
execute store result storage animated_java:temp args.id int 1 run scoreboard players get @s aj.id
# Data Manager: Write
function animated_java:global/data_manager/write with storage animated_java:temp args