# This file was generated by Animated Java via MC-Build. It is not recommended to edit this file directly.
$data merge entity $(neck) {transformation: [-0.9988f,-0.0374f,-0.0314f,-0.0459f,-0.0471f,0.9059f,0.4209f,6.147f,0.0128f,0.4219f,-0.9065f,-0.4008f,0f,0f,0f,1f],start_interpolation: 0,interpolation_duration: 1}
$data merge entity $(right_thumb_2) {transformation: [-0.1176f,-0.9591f,0.2573f,0.5049f,0.7279f,-0.2596f,-0.6347f,6.2703f,0.6756f,0.1126f,0.7286f,1.2717f,0f,0f,0f,1f],start_interpolation: 0,interpolation_duration: 1}
$data merge entity $(right_thumb) {transformation: [-0.1176f,-0.465f,0.8774f,0.3255f,0.7279f,-0.6415f,-0.2424f,6.1753f,0.6756f,0.6101f,0.4139f,1.5623f,0f,0f,0f,1f],start_interpolation: 0,interpolation_duration: 1}
$data merge entity $(right_fingers2) {transformation: [0.4657f,0.6027f,0.648f,0.9045f,-0.105f,0.7647f,-0.6358f,6.4638f,-0.8787f,0.228f,0.4194f,1.2973f,0f,0f,0f,1f],start_interpolation: 0,interpolation_duration: 1}
$data merge entity $(right_fingers) {transformation: [0.6476f,-0.4009f,0.648f,0.8132f,0.7497f,0.1835f,-0.6358f,6.5326f,0.136f,0.8976f,0.4194f,1.56f,0f,0f,0f,1f],start_interpolation: 0,interpolation_duration: 1}
$data merge entity $(scout) {transformation: [0f,0f,0f,0.8672f,0f,0f,0f,6.3539f,0f,0f,0f,1.4601f,0f,0f,0f,1f],start_interpolation: 0,interpolation_duration: 1}
$data merge entity $(right_hand) {transformation: [-0.1054f,-0.7543f,0.648f,0.3791f,0.4705f,-0.6119f,-0.6358f,6.1263f,0.8761f,0.2378f,0.4194f,1.7202f,0f,0f,0f,1f],start_interpolation: 0,interpolation_duration: 1}
$data merge entity $(right_forearm) {transformation: [-0.2394f,-1.122f,0.7622f,-1.2729f,-0.4269f,-0.6723f,-1.1238f,5.0907f,1.2875f,-0.4315f,-0.2309f,1.0084f,0f,0f,0f,1f],start_interpolation: 0,interpolation_duration: 1}
$data merge entity $(right_shoulder) {transformation: [-0.8057f,0.0229f,-1.2248f,-1.0432f,1.0372f,0.7927f,-0.6675f,5.8696f,0.6517f,-1.2333f,-0.4518f,-0.6121f,0f,0f,0f,1f],start_interpolation: 0,interpolation_duration: 1}
$data merge entity $(right_arm) {transformation: [-0.9988f,-0.0262f,-0.0412f,-0.4879f,-0.0471f,0.7374f,0.6738f,6.1155f,0.0128f,0.675f,-0.7377f,-0.43f,0f,0f,0f,1f],start_interpolation: 0,interpolation_duration: 1}
$data merge entity $(left_thumb_2) {transformation: [-0.0944f,0.6764f,0.7304f,0.0723f,-0.5238f,0.5902f,-0.6143f,4.1042f,-0.8466f,-0.4406f,0.2986f,0.2061f,0f,0f,0f,1f],start_interpolation: 0,interpolation_duration: 1}
$data merge entity $(left_thumb) {transformation: [-0.0944f,0.9602f,-0.2627f,0.3989f,-0.5238f,-0.2723f,-0.8071f,4.1057f,-0.8466f,0.0614f,0.5287f,0.344f,0f,0f,0f,1f],start_interpolation: 0,interpolation_duration: 1}
$data merge entity $(left_fingers2) {transformation: [0.9499f,0.0808f,0.3019f,-0.1435f,0.0969f,0.8423f,-0.5303f,3.5564f,-0.2971f,0.533f,0.7923f,0.5087f,0f,0f,0f,1f],start_interpolation: 0,interpolation_duration: 1}
$data merge entity $(left_fingers) {transformation: [0.8268f,0.4747f,0.3019f,-0.0294f,-0.2681f,0.8043f,-0.5303f,3.7892f,-0.4945f,0.3575f,0.7923f,0.6303f,0f,0f,0f,1f],start_interpolation: 0,interpolation_duration: 1}
$data merge entity $(left_hand) {transformation: [0.1573f,0.7879f,0.5953f,0.4817f,-0.5764f,0.5627f,-0.5925f,4.1058f,-0.8019f,-0.2499f,0.5427f,0.4968f,0f,0f,0f,1f],start_interpolation: 0,interpolation_duration: 1}
$data merge entity $(left_forearm) {transformation: [-0.8692f,1.0482f,-0.2072f,2.0166f,0.617f,0.2743f,-1.2005f,4.5008f,-0.8723f,-0.8504f,-0.6426f,-0.8435f,0f,0f,0f,1f],start_interpolation: 0,interpolation_duration: 1}
$data merge entity $(left_shoulder) {transformation: [-1.2813f,-0.6405f,0.3129f,0.9674f,-0.5605f,1.3029f,0.3716f,5.9644f,-0.4404f,0.2051f,-1.3834f,-0.6377f,0f,0f,0f,1f],start_interpolation: 0,interpolation_duration: 1}
$data merge entity $(left_arm) {transformation: [-0.9988f,-0.0262f,-0.0412f,0.3962f,-0.0471f,0.7374f,0.6738f,6.1572f,0.0128f,0.675f,-0.7377f,-0.4413f,0f,0f,0f,1f],start_interpolation: 0,interpolation_duration: 1}
$data merge entity $(chest) {transformation: [-1.277f,-0.0335f,-0.0527f,0f,-0.0603f,0.9428f,0.8615f,4.8279f,0.0163f,0.863f,-0.9432f,-1.6802f,0f,0f,0f,1f],start_interpolation: 0,interpolation_duration: 1}
$data merge entity $(left_cheek) {transformation: [-0.9968f,-0.0213f,0.0766f,0.476f,-0.0268f,0.997f,-0.0722f,3.9874f,-0.0748f,-0.074f,-0.9944f,-2.5373f,0f,0f,0f,1f],start_interpolation: 0,interpolation_duration: 1}
$data merge entity $(left_foot) {transformation: [-1.0224f,0f,0f,0.6895f,0f,1.0224f,0f,0.3085f,0f,0f,-1.0224f,-2.148f,0f,0f,0f,1f],start_interpolation: 0,interpolation_duration: 1}
$data merge entity $(left_knee) {transformation: [-3.0417f,0f,0f,0.7768f,0f,2.4132f,1.8517f,3.4266f,0f,1.8517f,-2.4132f,0.0877f,0f,0f,0f,1f],start_interpolation: 0,interpolation_duration: 1}
$data merge entity $(left_leg) {transformation: [-1.718f,0f,0f,0.7054f,0f,-0.1497f,-1.7114f,2.896f,0f,-1.7114f,0.1497f,-2.2522f,0f,0f,0f,1f],start_interpolation: 0,interpolation_duration: 1}
$data merge entity $(right_cheek) {transformation: [-0.9829f,0.1027f,0.1529f,-0.3797f,0.1164f,0.9897f,0.0838f,3.9954f,-0.1427f,0.1002f,-0.9847f,-2.5498f,0f,0f,0f,1f],start_interpolation: 0,interpolation_duration: 1}
$data merge entity $(right_foot) {transformation: [-0.9751f,-0.2077f,0.2267f,0.1174f,0f,0.7538f,0.6907f,0.8476f,-0.3074f,0.6587f,-0.7189f,-4.7617f,0f,0f,0f,1f],start_interpolation: 0,interpolation_duration: 1}
$data merge entity $(right_knee) {transformation: [-2.901f,-0.9112f,-0.0797f,-1.2302f,0f,-0.2651f,3.0302f,0.6046f,-0.9147f,2.8899f,0.2528f,-0.7779f,0f,0f,0f,1f],start_interpolation: 0,interpolation_duration: 1}
$data merge entity $(right_leg) {transformation: [-1.6385f,0.2963f,0.4232f,-0.6997f,0f,1.4073f,-0.9854f,2.8881f,-0.5166f,-0.9398f,-1.3421f,-2.2226f,0f,0f,0f,1f],start_interpolation: 0,interpolation_duration: 1}
$data merge entity $(weist) {transformation: [-1.6223f,0f,0f,0f,0f,1.5671f,0.4199f,4.5129f,0f,0.4199f,-1.5671f,-1.909f,0f,0f,0f,1f],start_interpolation: 0,interpolation_duration: 1}
data modify storage animated_java:temp entry.data merge value {"locators":{"consume":{"px":0.9665280824,"py":6.4516535741,"pz":1.3628190422,"ry":122.909981782,"rx":-39.4786521866}}}
# Data Manager: Prepare for Read / Write
execute store result storage animated_java:temp args.id int 1 run scoreboard players get @s aj.id
# Data Manager: Write
function animated_java:global/data_manager/write with storage animated_java:temp args
execute unless entity @s[tag=aj.transforms_only] at @s run function animated_java:female/animations/consume/zzz/frames/26_root_function