# This file was generated by Animated Java via MC-Build. It is not recommended to edit this file directly.
$data merge entity $(neck) {transformation: [-0.999f,-0.0365f,-0.0263f,-0.0476f,-0.0442f,0.9084f,0.4158f,6.1545f,0.0087f,0.4165f,-0.9091f,-0.3956f,0f,0f,0f,1f],start_interpolation: 0,interpolation_duration: 1}
$data merge entity $(right_thumb_2) {transformation: [-0.0571f,-0.9499f,-0.3072f,0.1006f,0.5883f,0.2167f,-0.7791f,4.9301f,0.8067f,-0.2252f,0.5464f,1.6313f,0f,0f,0f,1f],start_interpolation: 0,interpolation_duration: 1}
$data merge entity $(right_thumb) {transformation: [-0.0571f,-0.8909f,0.4506f,-0.2008f,0.5883f,-0.3947f,-0.7058f,4.9003f,0.8067f,0.2248f,0.5466f,1.8155f,0f,0f,0f,1f],start_interpolation: 0,interpolation_duration: 1}
$data merge entity $(right_fingers2) {transformation: [0.7165f,0.6932f,0.0788f,0.5089f,-0.2262f,0.3376f,-0.9137f,4.8769f,-0.66f,0.6368f,0.3986f,1.8239f,0f,0f,0f,1f],start_interpolation: 0,interpolation_duration: 1}
$data merge entity $(right_fingers) {transformation: [0.7763f,-0.6254f,0.0788f,0.3532f,0.3071f,0.2661f,-0.9137f,4.9547f,0.5505f,0.7335f,0.3986f,2.0514f,0f,0f,0f,1f],start_interpolation: 0,interpolation_duration: 1}
$data merge entity $(scout) {transformation: [0f,0f,0f,0.3559f,0f,0f,0f,4.7838f,0f,0f,0f,1.9266f,0f,0f,0f,1f],start_interpolation: 0,interpolation_duration: 1}
$data merge entity $(right_hand) {transformation: [-0.214f,-0.9737f,0.0788f,-0.2403f,0.3751f,-0.1563f,-0.9137f,4.8164f,0.902f,-0.1659f,0.3986f,1.9625f,0f,0f,0f,1f],start_interpolation: 0,interpolation_duration: 1}
$data merge entity $(right_forearm) {transformation: [-0.7963f,-1.1011f,0.2253f,-1.8571f,-0.448f,0.0578f,-1.3012f,4.8748f,1.0307f,-0.8255f,-0.3916f,0.6623f,0f,0f,0f,1f],start_interpolation: 0,interpolation_duration: 1}
$data merge entity $(right_shoulder) {transformation: [-0.7886f,0.5062f,-1.1277f,-1.0448f,1.0443f,0.9885f,-0.2866f,5.8787f,0.6614f,-0.9573f,-0.8922f,-0.6095f,0f,0f,0f,1f],start_interpolation: 0,interpolation_duration: 1}
$data merge entity $(right_arm) {transformation: [-0.999f,-0.0269f,-0.0361f,-0.4895f,-0.0442f,0.7413f,0.6697f,6.1241f,0.0087f,0.6706f,-0.7418f,-0.4264f,0f,0f,0f,1f],start_interpolation: 0,interpolation_duration: 1}
$data merge entity $(left_thumb_2) {transformation: [-0.1012f,0.6654f,0.7396f,0.0925f,-0.5129f,0.6021f,-0.6119f,4.0818f,-0.8525f,-0.4412f,0.2804f,0.2164f,0f,0f,0f,1f],start_interpolation: 0,interpolation_duration: 1}
$data merge entity $(left_thumb) {transformation: [-0.1012f,0.9633f,-0.2487f,0.4209f,-0.5129f,-0.2647f,-0.8166f,4.0842f,-0.8525f,0.0449f,0.5208f,0.3499f,0f,0f,0f,1f],start_interpolation: 0,interpolation_duration: 1}
$data merge entity $(left_fingers2) {transformation: [0.945f,0.0806f,0.3169f,-0.1146f,0.1093f,0.8355f,-0.5385f,3.528f,-0.3082f,0.5435f,0.7808f,0.5141f,0f,0f,0f,1f],start_interpolation: 0,interpolation_duration: 1}
$data merge entity $(left_fingers) {transformation: [0.8224f,0.4725f,0.3169f,-0.0008f,-0.2541f,0.8034f,-0.5385f,3.7602f,-0.509f,0.3623f,0.7808f,0.6374f,0f,0f,0f,1f],start_interpolation: 0,interpolation_duration: 1}
$data merge entity $(left_hand) {transformation: [0.1516f,0.7797f,0.6075f,0.5057f,-0.5639f,0.573f,-0.5947f,4.083f,-0.8118f,-0.2525f,0.5266f,0.5016f,0f,0f,0f,1f],start_interpolation: 0,interpolation_duration: 1}
$data merge entity $(left_forearm) {transformation: [-0.8859f,1.0344f,-0.2054f,2.0192f,0.6213f,0.2951f,-1.1933f,4.5098f,-0.8522f,-0.8602f,-0.6565f,-0.8532f,0f,0f,0f,1f],start_interpolation: 0,interpolation_duration: 1}
$data merge entity $(left_shoulder) {transformation: [-1.281f,-0.6438f,0.3072f,0.9662f,-0.5594f,1.2984f,0.3886f,5.9677f,-0.4427f,0.2223f,-1.38f,-0.627f,0f,0f,0f,1f],start_interpolation: 0,interpolation_duration: 1}
$data merge entity $(left_arm) {transformation: [-0.999f,-0.0269f,-0.0361f,0.3947f,-0.0442f,0.7413f,0.6697f,6.1632f,0.0087f,0.6706f,-0.7418f,-0.4341f,0f,0f,0f,1f],start_interpolation: 0,interpolation_duration: 1}
$data merge entity $(chest) {transformation: [-1.2772f,-0.0344f,-0.0461f,0f,-0.0565f,0.9478f,0.8562f,4.8279f,0.0111f,0.8574f,-0.9484f,-1.667f,0f,0f,0f,1f],start_interpolation: 0,interpolation_duration: 1}
$data merge entity $(left_cheek) {transformation: [-0.9968f,-0.0213f,0.0766f,0.476f,-0.0268f,0.997f,-0.0722f,3.9874f,-0.0748f,-0.074f,-0.9944f,-2.5242f,0f,0f,0f,1f],start_interpolation: 0,interpolation_duration: 1}
$data merge entity $(left_foot) {transformation: [-1.0224f,0f,0f,0.6895f,0f,1.0224f,0f,0.3085f,0f,0f,-1.0224f,-2.1349f,0f,0f,0f,1f],start_interpolation: 0,interpolation_duration: 1}
$data merge entity $(left_knee) {transformation: [-3.0417f,0f,0f,0.7768f,0f,2.4132f,1.8517f,3.4266f,0f,1.8517f,-2.4132f,0.1008f,0f,0f,0f,1f],start_interpolation: 0,interpolation_duration: 1}
$data merge entity $(left_leg) {transformation: [-1.718f,0f,0f,0.7054f,0f,-0.1497f,-1.7114f,2.896f,0f,-1.7114f,0.1497f,-2.2391f,0f,0f,0f,1f],start_interpolation: 0,interpolation_duration: 1}
$data merge entity $(right_cheek) {transformation: [-0.9829f,0.1027f,0.1529f,-0.3797f,0.1164f,0.9897f,0.0838f,3.9954f,-0.1427f,0.1002f,-0.9847f,-2.5366f,0f,0f,0f,1f],start_interpolation: 0,interpolation_duration: 1}
$data merge entity $(right_foot) {transformation: [-0.9751f,-0.2077f,0.2267f,0.1174f,0f,0.7538f,0.6907f,0.8476f,-0.3074f,0.6587f,-0.7189f,-4.7485f,0f,0f,0f,1f],start_interpolation: 0,interpolation_duration: 1}
$data merge entity $(right_knee) {transformation: [-2.901f,-0.9112f,-0.0797f,-1.2302f,0f,-0.2651f,3.0302f,0.6046f,-0.9147f,2.8899f,0.2528f,-0.7648f,0f,0f,0f,1f],start_interpolation: 0,interpolation_duration: 1}
$data merge entity $(right_leg) {transformation: [-1.6385f,0.2963f,0.4232f,-0.6997f,0f,1.4073f,-0.9854f,2.8881f,-0.5166f,-0.9398f,-1.3421f,-2.2095f,0f,0f,0f,1f],start_interpolation: 0,interpolation_duration: 1}
$data merge entity $(weist) {transformation: [-1.6223f,0f,0f,0f,0f,1.5671f,0.4199f,4.5129f,0f,0.4199f,-1.5671f,-1.8958f,0f,0f,0f,1f],start_interpolation: 0,interpolation_duration: 1}
data modify storage animated_java:temp entry.data merge value {"locators":{"consume":{"px":0.5171561639,"py":4.8250642655,"pz":1.8925674611,"ry":168.8217777287,"rx":-66.0246349671}}}
# Data Manager: Prepare for Read / Write
execute store result storage animated_java:temp args.id int 1 run scoreboard players get @s aj.id
# Data Manager: Write
function animated_java:global/data_manager/write with storage animated_java:temp args