# This file was generated by Animated Java via MC-Build. It is not recommended to edit this file directly.
$data merge entity $(neck) {transformation: [-0.9991f,-0.0356f,-0.0227f,-0.0481f,-0.0418f,0.9112f,0.4098f,6.1629f,0.0061f,0.4104f,-0.9119f,-0.3897f,0f,0f,0f,1f],start_interpolation: 0,interpolation_duration: 1}
$data merge entity $(right_thumb_2) {transformation: [-0.168f,-0.6704f,-0.7228f,-0.8472f,0.3972f,0.625f,-0.672f,3.7739f,0.9022f,-0.4f,0.1613f,1.4831f,0f,0f,0f,1f],start_interpolation: 0,interpolation_duration: 1}
$data merge entity $(right_thumb) {transformation: [-0.168f,-0.9826f,-0.0794f,-1.1871f,0.3972f,0.0062f,-0.9177f,3.8477f,0.9022f,-0.1857f,0.3893f,1.5516f,0f,0f,0f,1f],start_interpolation: 0,interpolation_duration: 1}
$data merge entity $(right_fingers2) {transformation: [0.7969f,0.4243f,-0.43f,-0.5912f,-0.4331f,-0.095f,-0.8963f,3.4963f,-0.4212f,0.9005f,0.1081f,1.7535f,0f,0f,0f,1f],start_interpolation: 0,interpolation_duration: 1}
$data merge entity $(right_fingers) {transformation: [0.5338f,-0.7281f,-0.43f,-0.7867f,-0.1559f,0.4151f,-0.8963f,3.6036f,0.8311f,0.5455f,0.1081f,1.9332f,0f,0f,0f,1f],start_interpolation: 0,interpolation_duration: 1}
$data merge entity $(scout) {transformation: [0f,0f,0f,-0.8024f,0f,0f,0f,3.4722f,0f,0f,0f,1.768f,0f,0f,0f,1f],start_interpolation: 0,interpolation_duration: 1}
$data merge entity $(right_hand) {transformation: [-0.3776f,-0.8201f,-0.43f,-1.3076f,0.2873f,0.3377f,-0.8963f,3.77f,0.8803f,-0.4619f,0.1081f,1.6498f,0f,0f,0f,1f],start_interpolation: 0,interpolation_duration: 1}
$data merge entity $(right_forearm) {transformation: [-1.1931f,-0.6828f,-0.0861f,-2.2893f,-0.3194f,0.702f,-1.1412f,4.7989f,0.6096f,-0.9686f,-0.7665f,0.138f,0f,0f,0f,1f],start_interpolation: 0,interpolation_duration: 1}
$data merge entity $(right_shoulder) {transformation: [-0.8436f,0.8588f,-0.8371f,-1.0453f,1.0083f,1.062f,0.0734f,5.8881f,0.6493f,-0.5335f,-1.2015f,-0.6047f,0f,0f,0f,1f],start_interpolation: 0,interpolation_duration: 1}
$data merge entity $(right_arm) {transformation: [-0.9991f,-0.0271f,-0.0324f,-0.49f,-0.0418f,0.7458f,0.6649f,6.1333f,0.0061f,0.6656f,-0.7462f,-0.4216f,0f,0f,0f,1f],start_interpolation: 0,interpolation_duration: 1}
$data merge entity $(left_thumb_2) {transformation: [-0.1089f,0.6534f,0.7492f,0.1162f,-0.5028f,0.6139f,-0.6085f,4.0611f,-0.8575f,-0.443f,0.2617f,0.228f,0f,0f,0f,1f],start_interpolation: 0,interpolation_duration: 1}
$data merge entity $(left_thumb) {transformation: [-0.1089f,0.9662f,-0.2336f,0.4465f,-0.5028f,-0.2563f,-0.8255f,4.0649f,-0.8575f,0.0275f,0.5138f,0.3567f,0f,0f,0f,1f],start_interpolation: 0,interpolation_duration: 1}
$data merge entity $(left_fingers2) {transformation: [0.9394f,0.0809f,0.3332f,-0.0814f,0.1221f,0.8292f,-0.5454f,3.5016f,-0.3204f,0.553f,0.7691f,0.5215f,0f,0f,0f,1f],start_interpolation: 0,interpolation_duration: 1}
$data merge entity $(left_fingers) {transformation: [0.8172f,0.4703f,0.3332f,0.032f,-0.2398f,0.8031f,-0.5454f,3.7332f,-0.5242f,0.3658f,0.7691f,0.6461f,0f,0f,0f,1f],start_interpolation: 0,interpolation_duration: 1}
$data merge entity $(left_hand) {transformation: [0.1448f,0.7707f,0.6206f,0.5335f,-0.552f,0.5834f,-0.5957f,4.0625f,-0.8211f,-0.2563f,0.5099f,0.5071f,0f,0f,0f,1f],start_interpolation: 0,interpolation_duration: 1}
$data merge entity $(left_forearm) {transformation: [-0.9039f,1.019f,-0.2041f,2.0231f,0.6239f,0.3158f,-1.1867f,4.5208f,-0.8311f,-0.8712f,-0.6688f,-0.8638f,0f,0f,0f,1f],start_interpolation: 0,interpolation_duration: 1}
$data merge entity $(left_shoulder) {transformation: [-1.281f,-0.6475f,0.2993f,0.9658f,-0.5593f,1.2936f,0.4046f,5.9722f,-0.4427f,0.2393f,-1.3772f,-0.617f,0f,0f,0f,1f],start_interpolation: 0,interpolation_duration: 1}
$data merge entity $(left_arm) {transformation: [-0.9991f,-0.0271f,-0.0324f,0.3943f,-0.0418f,0.7458f,0.6649f,6.1703f,0.0061f,0.6656f,-0.7462f,-0.427f,0f,0f,0f,1f],start_interpolation: 0,interpolation_duration: 1}
$data merge entity $(chest) {transformation: [-1.2774f,-0.0347f,-0.0414f,0f,-0.0534f,0.9535f,0.8501f,4.8279f,0.0078f,0.851f,-0.9541f,-1.6523f,0f,0f,0f,1f],start_interpolation: 0,interpolation_duration: 1}
$data merge entity $(left_cheek) {transformation: [-0.9968f,-0.0213f,0.0766f,0.476f,-0.0268f,0.997f,-0.0722f,3.9874f,-0.0748f,-0.074f,-0.9944f,-2.5094f,0f,0f,0f,1f],start_interpolation: 0,interpolation_duration: 1}
$data merge entity $(left_foot) {transformation: [-1.0224f,0f,0f,0.6895f,0f,1.0224f,0f,0.3085f,0f,0f,-1.0224f,-2.1201f,0f,0f,0f,1f],start_interpolation: 0,interpolation_duration: 1}
$data merge entity $(left_knee) {transformation: [-3.0417f,0f,0f,0.7768f,0f,2.4132f,1.8517f,3.4266f,0f,1.8517f,-2.4132f,0.1156f,0f,0f,0f,1f],start_interpolation: 0,interpolation_duration: 1}
$data merge entity $(left_leg) {transformation: [-1.718f,0f,0f,0.7054f,0f,-0.1497f,-1.7114f,2.896f,0f,-1.7114f,0.1497f,-2.2243f,0f,0f,0f,1f],start_interpolation: 0,interpolation_duration: 1}
$data merge entity $(right_cheek) {transformation: [-0.9829f,0.1027f,0.1529f,-0.3797f,0.1164f,0.9897f,0.0838f,3.9954f,-0.1427f,0.1002f,-0.9847f,-2.5219f,0f,0f,0f,1f],start_interpolation: 0,interpolation_duration: 1}
$data merge entity $(right_foot) {transformation: [-0.9751f,-0.2077f,0.2267f,0.1174f,0f,0.7538f,0.6907f,0.8476f,-0.3074f,0.6587f,-0.7189f,-4.7338f,0f,0f,0f,1f],start_interpolation: 0,interpolation_duration: 1}
$data merge entity $(right_knee) {transformation: [-2.901f,-0.9112f,-0.0797f,-1.2302f,0f,-0.2651f,3.0302f,0.6046f,-0.9147f,2.8899f,0.2528f,-0.75f,0f,0f,0f,1f],start_interpolation: 0,interpolation_duration: 1}
$data merge entity $(right_leg) {transformation: [-1.6385f,0.2963f,0.4232f,-0.6997f,0f,1.4073f,-0.9854f,2.8881f,-0.5166f,-0.9398f,-1.3421f,-2.1947f,0f,0f,0f,1f],start_interpolation: 0,interpolation_duration: 1}
$data merge entity $(weist) {transformation: [-1.6223f,0f,0f,0f,0f,1.5671f,0.4199f,4.5129f,0f,0.4199f,-1.5671f,-1.8811f,0f,0f,0f,1f],start_interpolation: 0,interpolation_duration: 1}
data modify storage animated_java:temp entry.data merge value {"locators":{"consume":{"px":-0.6376666784,"py":3.4392043705,"pz":1.7929726443,"ry":255.8909611352,"rx":-63.6819034485}}}
# Data Manager: Prepare for Read / Write
execute store result storage animated_java:temp args.id int 1 run scoreboard players get @s aj.id
# Data Manager: Write
function animated_java:global/data_manager/write with storage animated_java:temp args