# This file was generated by Animated Java via MC-Build. It is not recommended to edit this file directly.
$data merge entity $(neck) {transformation: [-0.9993f,-0.0336f,-0.0185f,-0.0471f,-0.0382f,0.9169f,0.3973f,6.1804f,0.0036f,0.3977f,-0.9175f,-0.3779f,0f,0f,0f,1f],start_interpolation: 0,interpolation_duration: 1}
$data merge entity $(right_thumb_2) {transformation: [-0.303f,-0.505f,-0.8082f,-1.3045f,0.3387f,0.7356f,-0.5867f,3.393f,0.8908f,-0.4515f,-0.0518f,1.2608f,0f,0f,0f,1f],start_interpolation: 0,interpolation_duration: 1}
$data merge entity $(right_thumb) {transformation: [-0.303f,-0.9085f,-0.2876f,-1.6377f,0.3387f,0.1795f,-0.9236f,3.514f,0.8908f,-0.3773f,0.2534f,1.2679f,0f,0f,0f,1f],start_interpolation: 0,interpolation_duration: 1}
$data merge entity $(right_fingers2) {transformation: [0.7897f,0.1802f,-0.5864f,-1.152f,-0.552f,-0.2083f,-0.8074f,3.0398f,-0.2677f,0.9613f,-0.065f,1.5378f,0f,0f,0f,1f],start_interpolation: 0,interpolation_duration: 1}
$data merge entity $(right_fingers) {transformation: [0.3052f,-0.7503f,-0.5864f,-1.3615f,-0.2945f,0.5112f,-0.8074f,3.1712f,0.9056f,0.4191f,-0.065f,1.6823f,0f,0f,0f,1f],start_interpolation: 0,interpolation_duration: 1}
$data merge entity $(scout) {transformation: [0f,0f,0f,-1.3681f,0f,0f,0f,3.0583f,0f,0f,0f,1.5034f,0f,0f,0f,1f],start_interpolation: 0,interpolation_duration: 1}
$data merge entity $(right_hand) {transformation: [-0.4806f,-0.652f,-0.5864f,-1.7855f,0.2822f,0.5181f,-0.8074f,3.4523f,0.8303f,-0.5536f,-0.065f,1.3353f,0f,0f,0f,1f],start_interpolation: 0,interpolation_duration: 1}
$data merge entity $(right_forearm) {transformation: [-1.3049f,-0.4364f,-0.063f,-2.3907f,-0.2516f,0.8984f,-1.0133f,4.7789f,0.3621f,-0.9485f,-0.9308f,-0.142f,0f,0f,0f,1f],start_interpolation: 0,interpolation_duration: 1}
$data merge entity $(right_shoulder) {transformation: [-0.9226f,0.9343f,-0.6525f,-1.0447f,0.9615f,1.0888f,0.1996f,5.9062f,0.6117f,-0.3023f,-1.2978f,-0.5921f,0f,0f,0f,1f],start_interpolation: 0,interpolation_duration: 1}
$data merge entity $(right_arm) {transformation: [-0.9993f,-0.0265f,-0.0277f,-0.489f,-0.0382f,0.755f,0.6546f,6.152f,0.0036f,0.6552f,-0.7555f,-0.4107f,0f,0f,0f,1f],start_interpolation: 0,interpolation_duration: 1}
$data merge entity $(left_thumb_2) {transformation: [-0.1172f,0.6422f,0.7576f,0.1388f,-0.4992f,0.6214f,-0.6039f,4.0544f,-0.8586f,-0.4489f,0.2477f,0.2604f,0f,0f,0f,1f],start_interpolation: 0,interpolation_duration: 1}
$data merge entity $(left_thumb) {transformation: [-0.1172f,0.9685f,-0.2198f,0.4709f,-0.4992f,-0.2488f,-0.83f,4.0601f,-0.8586f,0.0125f,0.5126f,0.3845f,0f,0f,0f,1f],start_interpolation: 0,interpolation_duration: 1}
$data merge entity $(left_fingers2) {transformation: [0.9337f,0.0823f,0.3484f,-0.0502f,0.1312f,0.8269f,-0.5468f,3.4918f,-0.3331f,0.5563f,0.7613f,0.5536f,0f,0f,0f,1f],start_interpolation: 0,interpolation_duration: 1}
$data merge entity $(left_fingers) {transformation: [0.8115f,0.4692f,0.3484f,0.0632f,-0.2306f,0.8049f,-0.5468f,3.7237f,-0.537f,0.3634f,0.7613f,0.6779f,0f,0f,0f,1f],start_interpolation: 0,interpolation_duration: 1}
$data merge entity $(left_hand) {transformation: [0.1375f,0.7623f,0.6324f,0.56f,-0.5465f,0.5909f,-0.5934f,4.0576f,-0.8261f,-0.264f,0.4979f,0.5336f,0f,0f,0f,1f],start_interpolation: 0,interpolation_duration: 1}
$data merge entity $(left_forearm) {transformation: [-0.9205f,1.004f,-0.2043f,2.0263f,0.6211f,0.3284f,-1.1847f,4.5349f,-0.8149f,-0.8839f,-0.6722f,-0.8558f,0f,0f,0f,1f],start_interpolation: 0,interpolation_duration: 1}
$data merge entity $(left_shoulder) {transformation: [-1.2817f,-0.6494f,0.2922f,0.9668f,-0.5608f,1.2913f,0.4099f,5.983f,-0.4389f,0.2465f,-1.3771f,-0.5994f,0f,0f,0f,1f],start_interpolation: 0,interpolation_duration: 1}
$data merge entity $(left_arm) {transformation: [-0.9993f,-0.0265f,-0.0277f,0.3954f,-0.0382f,0.755f,0.6546f,6.1857f,0.0036f,0.6552f,-0.7555f,-0.4139f,0f,0f,0f,1f],start_interpolation: 0,interpolation_duration: 1}
$data merge entity $(chest) {transformation: [-1.2776f,-0.0338f,-0.0355f,0f,-0.0488f,0.9653f,0.8369f,4.8279f,0.0046f,0.8377f,-0.9659f,-1.6217f,0f,0f,0f,1f],start_interpolation: 0,interpolation_duration: 1}
$data merge entity $(left_cheek) {transformation: [-0.9968f,-0.0213f,0.0766f,0.476f,-0.0268f,0.997f,-0.0722f,3.9874f,-0.0748f,-0.074f,-0.9944f,-2.4788f,0f,0f,0f,1f],start_interpolation: 0,interpolation_duration: 1}
$data merge entity $(left_foot) {transformation: [-1.0224f,0f,0f,0.6895f,0f,1.0224f,0f,0.3085f,0f,0f,-1.0224f,-2.0896f,0f,0f,0f,1f],start_interpolation: 0,interpolation_duration: 1}
$data merge entity $(left_knee) {transformation: [-3.0417f,0f,0f,0.7768f,0f,2.4132f,1.8517f,3.4266f,0f,1.8517f,-2.4132f,0.1462f,0f,0f,0f,1f],start_interpolation: 0,interpolation_duration: 1}
$data merge entity $(left_leg) {transformation: [-1.718f,0f,0f,0.7054f,0f,-0.1497f,-1.7114f,2.896f,0f,-1.7114f,0.1497f,-2.1938f,0f,0f,0f,1f],start_interpolation: 0,interpolation_duration: 1}
$data merge entity $(right_cheek) {transformation: [-0.9829f,0.1027f,0.1529f,-0.3797f,0.1164f,0.9897f,0.0838f,3.9954f,-0.1427f,0.1002f,-0.9847f,-2.4913f,0f,0f,0f,1f],start_interpolation: 0,interpolation_duration: 1}
$data merge entity $(right_foot) {transformation: [-0.9751f,-0.2077f,0.2267f,0.1174f,0f,0.7538f,0.6907f,0.8476f,-0.3074f,0.6587f,-0.7189f,-4.7032f,0f,0f,0f,1f],start_interpolation: 0,interpolation_duration: 1}
$data merge entity $(right_knee) {transformation: [-2.901f,-0.9112f,-0.0797f,-1.2302f,0f,-0.2651f,3.0302f,0.6046f,-0.9147f,2.8899f,0.2528f,-0.7195f,0f,0f,0f,1f],start_interpolation: 0,interpolation_duration: 1}
$data merge entity $(right_leg) {transformation: [-1.6385f,0.2963f,0.4232f,-0.6997f,0f,1.4073f,-0.9854f,2.8881f,-0.5166f,-0.9398f,-1.3421f,-2.1642f,0f,0f,0f,1f],start_interpolation: 0,interpolation_duration: 1}
$data merge entity $(weist) {transformation: [-1.6223f,0f,0f,0f,0f,1.5671f,0.4199f,4.5129f,0f,0.4199f,-1.5671f,-1.8505f,0f,0f,0f,1f],start_interpolation: 0,interpolation_duration: 1}
data modify storage animated_java:temp entry.data merge value {"locators":{"consume":{"px":-1.2187113993,"py":2.9936271828,"pz":1.5520077866,"ry":276.3261778526,"rx":-53.8438652832}}}
# Data Manager: Prepare for Read / Write
execute store result storage animated_java:temp args.id int 1 run scoreboard players get @s aj.id
# Data Manager: Write
function animated_java:global/data_manager/write with storage animated_java:temp args