# This file was generated by Animated Java via MC-Build. It is not recommended to edit this file directly.
$data merge entity $(neck) {transformation: [-0.9806f,0.05f,0.1897f,-0.0275f,0.0952f,0.9668f,0.2372f,6.3635f,-0.1715f,0.2507f,-0.9528f,-0.3429f,0f,0f,0f,1f],start_interpolation: 0,interpolation_duration: 1}
$data merge entity $(right_thumb_2) {transformation: [-0.7149f,0.2917f,-0.6354f,-2.8918f,0.2669f,0.9538f,0.1376f,3.9179f,0.6462f,-0.0712f,-0.7598f,-2.127f,0f,0f,0f,1f],start_interpolation: 0,interpolation_duration: 1}
$data merge entity $(right_thumb) {transformation: [-0.7149f,-0.1516f,-0.6826f,-3.0369f,0.2669f,0.8431f,-0.4668f,4.2353f,0.6462f,-0.5159f,-0.5623f,-2.1892f,0f,0f,0f,1f],start_interpolation: 0,interpolation_duration: 1}
$data merge entity $(right_fingers2) {transformation: [-0.5816f,-0.7643f,-0.2787f,-3.517f,-0.7736f,0.6256f,-0.1013f,3.5387f,0.2518f,0.1566f,-0.955f,-2.0596f,0f,0f,0f,1f],start_interpolation: 0,interpolation_duration: 1}
$data merge entity $(right_fingers) {transformation: [-0.9186f,0.2803f,-0.2787f,-3.465f,0.3183f,0.9425f,-0.1013f,3.8155f,0.2342f,-0.1818f,-0.955f,-2.1118f,0f,0f,0f,1f],start_interpolation: 0,interpolation_duration: 1}
$data merge entity $(scout) {transformation: [0f,0f,0f,-3.3291f,0f,0f,0f,3.7392f,0f,0f,0f,-2.255f,0f,0f,0f,1f],start_interpolation: 0,interpolation_duration: 1}
$data merge entity $(right_hand) {transformation: [-0.8f,0.5313f,-0.2787f,-3.147f,0.5746f,0.8121f,-0.1013f,4.3069f,0.1725f,-0.2412f,-0.955f,-2.303f,0f,0f,0f,1f],start_interpolation: 0,interpolation_duration: 1}
$data merge entity $(right_forearm) {transformation: [-0.7152f,0.7398f,0.9156f,-1.9699f,0.499f,1.1609f,-0.5482f,6.0145f,-1.0661f,0.047f,-0.8708f,-2.2195f,0f,0f,0f,1f],start_interpolation: 0,interpolation_duration: 1}
$data merge entity $(right_shoulder) {transformation: [-0.8466f,0.6738f,0.9895f,-1.0095f,1.192f,0.3626f,0.7729f,6.1914f,0.1105f,1.2507f,-0.7572f,-0.6926f,0f,0f,0f,1f],start_interpolation: 0,interpolation_duration: 1}
$data merge entity $(right_arm) {transformation: [-0.9806f,-0.0093f,0.196f,-0.4576f,0.0952f,0.8507f,0.517f,6.3885f,-0.1715f,0.5256f,-0.8333f,-0.4506f,0f,0f,0f,1f],start_interpolation: 0,interpolation_duration: 1}
$data merge entity $(left_thumb_2) {transformation: [-0.2058f,0.6517f,0.73f,0.1462f,-0.4538f,0.5973f,-0.6612f,4.1386f,-0.867f,-0.4674f,0.1728f,0.5233f,0f,0f,0f,1f],start_interpolation: 0,interpolation_duration: 1}
$data merge entity $(left_thumb) {transformation: [-0.2058f,0.9485f,-0.241f,0.4853f,-0.4538f,-0.3107f,-0.8352f,4.1177f,-0.867f,-0.0626f,0.4944f,0.6248f,0f,0f,0f,1f],start_interpolation: 0,interpolation_duration: 1}
$data merge entity $(left_fingers2) {transformation: [0.9168f,0.1733f,0.3599f,-0.0605f,0.085f,0.7957f,-0.5998f,3.5773f,-0.3903f,0.5804f,0.7147f,0.8071f,0f,0f,0f,1f],start_interpolation: 0,interpolation_duration: 1}
$data merge entity $(left_fingers) {transformation: [0.7576f,0.5445f,0.3599f,0.0759f,-0.2592f,0.757f,-0.5998f,3.796f,-0.599f,0.3611f,0.7147f,0.9322f,0f,0f,0f,1f],start_interpolation: 0,interpolation_duration: 1}
$data merge entity $(left_hand) {transformation: [0.0466f,0.7813f,0.6224f,0.5836f,-0.5188f,0.5514f,-0.6533f,4.1032f,-0.8536f,-0.2924f,0.4311f,0.7674f,0f,0f,0f,1f],start_interpolation: 0,interpolation_duration: 1}
$data merge entity $(left_forearm) {transformation: [-0.928f,0.9641f,-0.3262f,1.985f,0.7128f,0.3004f,-1.1397f,4.5438f,-0.7265f,-0.9367f,-0.7013f,-0.699f,0f,0f,0f,1f],start_interpolation: 0,interpolation_duration: 1}
$data merge entity $(left_shoulder) {transformation: [-1.269f,-0.6168f,0.3988f,0.9644f,-0.4521f,1.2833f,0.5463f,5.9998f,-0.5789f,0.3498f,-1.3009f,-0.3473f,0f,0f,0f,1f],start_interpolation: 0,interpolation_duration: 1}
$data merge entity $(left_arm) {transformation: [-0.9806f,-0.0093f,0.196f,0.4103f,0.0952f,0.8507f,0.517f,6.3043f,-0.1715f,0.5256f,-0.8333f,-0.2988f,0f,0f,0f,1f],start_interpolation: 0,interpolation_duration: 1}
$data merge entity $(chest) {transformation: [-1.2537f,-0.0119f,0.2505f,0f,0.1217f,1.0876f,0.661f,4.8279f,-0.2193f,0.672f,-1.0654f,-1.3528f,0f,0f,0f,1f],start_interpolation: 0,interpolation_duration: 1}
$data merge entity $(left_cheek) {transformation: [-0.9968f,-0.0213f,0.0766f,0.476f,-0.0268f,0.997f,-0.0722f,3.9874f,-0.0748f,-0.074f,-0.9944f,-2.2099f,0f,0f,0f,1f],start_interpolation: 0,interpolation_duration: 1}
$data merge entity $(left_foot) {transformation: [-1.0224f,0f,0f,0.6895f,0f,1.0224f,0f,0.3085f,0f,0f,-1.0224f,-1.8206f,0f,0f,0f,1f],start_interpolation: 0,interpolation_duration: 1}
$data merge entity $(left_knee) {transformation: [-3.0417f,0f,0f,0.7768f,0f,2.4132f,1.8517f,3.4266f,0f,1.8517f,-2.4132f,0.4151f,0f,0f,0f,1f],start_interpolation: 0,interpolation_duration: 1}
$data merge entity $(left_leg) {transformation: [-1.718f,0f,0f,0.7054f,0f,-0.1497f,-1.7114f,2.896f,0f,-1.7114f,0.1497f,-1.9248f,0f,0f,0f,1f],start_interpolation: 0,interpolation_duration: 1}
$data merge entity $(right_cheek) {transformation: [-0.9829f,0.1027f,0.1529f,-0.3797f,0.1164f,0.9897f,0.0838f,3.9954f,-0.1427f,0.1002f,-0.9847f,-2.2224f,0f,0f,0f,1f],start_interpolation: 0,interpolation_duration: 1}
$data merge entity $(right_foot) {transformation: [-0.9751f,-0.2077f,0.2267f,0.1174f,0f,0.7538f,0.6907f,0.8476f,-0.3074f,0.6587f,-0.7189f,-4.4343f,0f,0f,0f,1f],start_interpolation: 0,interpolation_duration: 1}
$data merge entity $(right_knee) {transformation: [-2.901f,-0.9112f,-0.0797f,-1.2302f,0f,-0.2651f,3.0302f,0.6046f,-0.9147f,2.8899f,0.2528f,-0.4505f,0f,0f,0f,1f],start_interpolation: 0,interpolation_duration: 1}
$data merge entity $(right_leg) {transformation: [-1.6385f,0.2963f,0.4232f,-0.6997f,0f,1.4073f,-0.9854f,2.8881f,-0.5166f,-0.9398f,-1.3421f,-1.8952f,0f,0f,0f,1f],start_interpolation: 0,interpolation_duration: 1}
$data merge entity $(weist) {transformation: [-1.6223f,0f,0f,0f,0f,1.5671f,0.4199f,4.5129f,0f,0.4199f,-1.5671f,-1.5816f,0f,0f,0f,1f],start_interpolation: 0,interpolation_duration: 1}
data modify storage animated_java:temp entry.data merge value {"locators":{"consume":{"px":-3.3624835342,"py":3.5864079755,"pz":-2.1887374688,"ry":343.7340049798,"rx":-5.8150026167}}}
# Data Manager: Prepare for Read / Write
execute store result storage animated_java:temp args.id int 1 run scoreboard players get @s aj.id
# Data Manager: Write
function animated_java:global/data_manager/write with storage animated_java:temp args