# This file was generated by Animated Java via MC-Build. It is not recommended to edit this file directly.
$data merge entity $(neck) {transformation: [-0.9994f,-0.0307f,-0.0147f,-0.0444f,-0.0339f,0.9242f,0.3804f,6.2033f,0.0019f,0.3807f,-0.9247f,-0.3631f,0f,0f,0f,1f],start_interpolation: 0,interpolation_duration: 1}
$data merge entity $(right_thumb_2) {transformation: [-0.4416f,-0.3271f,-0.8355f,-1.6921f,0.2955f,0.8262f,-0.4797f,3.0575f,0.8472f,-0.4587f,-0.2681f,0.906f,0f,0f,0f,1f],start_interpolation: 0,interpolation_duration: 1}
$data merge entity $(right_thumb) {transformation: [-0.4416f,-0.7759f,-0.4505f,-2.0008f,0.2955f,0.3484f,-0.8896f,3.2259f,0.8472f,-0.5259f,0.0755f,0.8613f,0f,0f,0f,1f],start_interpolation: 0,interpolation_duration: 1}
$data merge entity $(right_fingers2) {transformation: [0.7292f,-0.074f,-0.6802f,-1.649f,-0.6684f,-0.29f,-0.685f,2.6464f,-0.1466f,0.9542f,-0.261f,1.1564f,0f,0f,0f,1f],start_interpolation: 0,interpolation_duration: 1}
$data merge entity $(right_fingers) {transformation: [0.057f,-0.7308f,-0.6802f,-1.8606f,-0.4044f,0.6061f,-0.685f,2.8027f,0.9128f,0.3141f,-0.261f,1.2697f,0f,0f,0f,1f],start_interpolation: 0,interpolation_duration: 1}
$data merge entity $(scout) {transformation: [0f,0f,0f,-1.8514f,0f,0f,0f,2.7103f,0f,0f,0f,1.0795f,0f,0f,0f,1f],start_interpolation: 0,interpolation_duration: 1}
$data merge entity $(right_hand) {transformation: [-0.5762f,-0.4531f,-0.6802f,-2.1661f,0.2796f,0.6728f,-0.685f,3.1843f,0.768f,-0.5848f,-0.261f,0.8951f,0f,0f,0f,1f],start_interpolation: 0,interpolation_duration: 1}
$data merge entity $(right_forearm) {transformation: [-1.3616f,-0.2027f,0.0461f,-2.4131f,-0.1865f,1.0557f,-0.8648f,4.7504f,0.092f,-0.8611f,-1.071f,-0.4445f,0f,0f,0f,1f],start_interpolation: 0,interpolation_duration: 1}
$data merge entity $(right_shoulder) {transformation: [-1.0272f,0.9423f,-0.4547f,-1.0426f,0.8877f,1.1222f,0.3202f,5.9293f,0.5538f,-0.051f,-1.3567f,-0.5747f,0f,0f,0f,1f],start_interpolation: 0,interpolation_duration: 1}
$data merge entity $(right_arm) {transformation: [-0.9994f,-0.0248f,-0.0232f,-0.4863f,-0.0339f,0.767f,0.6407f,6.1761f,0.0019f,0.6411f,-0.7674f,-0.3965f,0f,0f,0f,1f],start_interpolation: 0,interpolation_duration: 1}
$data merge entity $(left_thumb_2) {transformation: [-0.1261f,0.6313f,0.7652f,0.1618f,-0.4998f,0.6259f,-0.5988f,4.057f,-0.8569f,-0.4579f,0.2366f,0.3054f,0f,0f,0f,1f],start_interpolation: 0,interpolation_duration: 1}
$data merge entity $(left_thumb) {transformation: [-0.1261f,0.9702f,-0.2067f,0.4956f,-0.4998f,-0.2421f,-0.8316f,4.0649f,-0.8569f,-0.0016f,0.5154f,0.4247f,0f,0f,0f,1f],start_interpolation: 0,interpolation_duration: 1}
$data merge entity $(left_fingers2) {transformation: [0.9279f,0.0846f,0.3631f,-0.019f,0.1377f,0.8273f,-0.5446f,3.493f,-0.3465f,0.5553f,0.756f,0.6012f,0f,0f,0f,1f],start_interpolation: 0,interpolation_duration: 1}
$data merge entity $(left_fingers) {transformation: [0.8052f,0.4688f,0.3631f,0.0945f,-0.2249f,0.808f,-0.5446f,3.7256f,-0.5487f,0.3568f,0.756f,0.7239f,0f,0f,0f,1f],start_interpolation: 0,interpolation_duration: 1}
$data merge entity $(left_hand) {transformation: [0.1293f,0.7544f,0.6436f,0.5869f,-0.5454f,0.5962f,-0.5892f,4.063f,-0.8281f,-0.2749f,0.4885f,0.5725f,0f,0f,0f,1f],start_interpolation: 0,interpolation_duration: 1}
$data merge entity $(left_forearm) {transformation: [-0.9365f,0.9889f,-0.2058f,2.0297f,0.6149f,0.3355f,-1.1859f,4.5507f,-0.8013f,-0.8982f,-0.6696f,-0.8378f,0f,0f,0f,1f],start_interpolation: 0,interpolation_duration: 1}
$data merge entity $(left_shoulder) {transformation: [-1.283f,-0.6501f,0.2848f,0.9693f,-0.5634f,1.2907f,0.4081f,5.9976f,-0.4316f,0.2477f,-1.3792f,-0.5785f,0f,0f,0f,1f],start_interpolation: 0,interpolation_duration: 1}
$data merge entity $(left_arm) {transformation: [-0.9994f,-0.0248f,-0.0232f,0.3983f,-0.0339f,0.767f,0.6407f,6.2061f,0.0019f,0.6411f,-0.7674f,-0.3982f,0f,0f,0f,1f],start_interpolation: 0,interpolation_duration: 1}
$data merge entity $(chest) {transformation: [-1.2778f,-0.0317f,-0.0297f,0f,-0.0434f,0.9807f,0.8191f,4.8279f,0.0024f,0.8197f,-0.9812f,-1.5818f,0f,0f,0f,1f],start_interpolation: 0,interpolation_duration: 1}
$data merge entity $(left_cheek) {transformation: [-0.9968f,-0.0213f,0.0766f,0.476f,-0.0268f,0.997f,-0.0722f,3.9874f,-0.0748f,-0.074f,-0.9944f,-2.4389f,0f,0f,0f,1f],start_interpolation: 0,interpolation_duration: 1}
$data merge entity $(left_foot) {transformation: [-1.0224f,0f,0f,0.6895f,0f,1.0224f,0f,0.3085f,0f,0f,-1.0224f,-2.0496f,0f,0f,0f,1f],start_interpolation: 0,interpolation_duration: 1}
$data merge entity $(left_knee) {transformation: [-3.0417f,0f,0f,0.7768f,0f,2.4132f,1.8517f,3.4266f,0f,1.8517f,-2.4132f,0.1861f,0f,0f,0f,1f],start_interpolation: 0,interpolation_duration: 1}
$data merge entity $(left_leg) {transformation: [-1.718f,0f,0f,0.7054f,0f,-0.1497f,-1.7114f,2.896f,0f,-1.7114f,0.1497f,-2.1538f,0f,0f,0f,1f],start_interpolation: 0,interpolation_duration: 1}
$data merge entity $(right_cheek) {transformation: [-0.9829f,0.1027f,0.1529f,-0.3797f,0.1164f,0.9897f,0.0838f,3.9954f,-0.1427f,0.1002f,-0.9847f,-2.4514f,0f,0f,0f,1f],start_interpolation: 0,interpolation_duration: 1}
$data merge entity $(right_foot) {transformation: [-0.9751f,-0.2077f,0.2267f,0.1174f,0f,0.7538f,0.6907f,0.8476f,-0.3074f,0.6587f,-0.7189f,-4.6633f,0f,0f,0f,1f],start_interpolation: 0,interpolation_duration: 1}
$data merge entity $(right_knee) {transformation: [-2.901f,-0.9112f,-0.0797f,-1.2302f,0f,-0.2651f,3.0302f,0.6046f,-0.9147f,2.8899f,0.2528f,-0.6795f,0f,0f,0f,1f],start_interpolation: 0,interpolation_duration: 1}
$data merge entity $(right_leg) {transformation: [-1.6385f,0.2963f,0.4232f,-0.6997f,0f,1.4073f,-0.9854f,2.8881f,-0.5166f,-0.9398f,-1.3421f,-2.1242f,0f,0f,0f,1f],start_interpolation: 0,interpolation_duration: 1}
$data merge entity $(weist) {transformation: [-1.6223f,0f,0f,0f,0f,1.5671f,0.4199f,4.5129f,0f,0.4199f,-1.5671f,-1.8106f,0f,0f,0f,1f],start_interpolation: 0,interpolation_duration: 1}
data modify storage animated_java:temp entry.data merge value {"locators":{"consume":{"px":-1.7249919575,"py":2.6165882672,"pz":1.143720983,"ry":290.9894174543,"rx":-43.2320088589}}}
# Data Manager: Prepare for Read / Write
execute store result storage animated_java:temp args.id int 1 run scoreboard players get @s aj.id
# Data Manager: Write
function animated_java:global/data_manager/write with storage animated_java:temp args