# This file was generated by Animated Java via MC-Build. It is not recommended to edit this file directly.
$data merge entity $(neck) {transformation: [-0.9996f,-0.027f,-0.0112f,-0.0402f,-0.0293f,0.9324f,0.3602f,6.2298f,0.0007f,0.3603f,-0.9328f,-0.3465f,0f,0f,0f,1f],start_interpolation: 0,interpolation_duration: 1}
$data merge entity $(right_thumb_2) {transformation: [-0.5579f,-0.1645f,-0.8135f,-1.9447f,0.2566f,0.898f,-0.3575f,2.7773f,0.7893f,-0.4082f,-0.4588f,0.4406f,0f,0f,0f,1f],start_interpolation: 0,interpolation_duration: 1}
$data merge entity $(right_thumb) {transformation: [-0.5579f,-0.618f,-0.5539f,-2.2185f,0.2566f,0.5063f,-0.8233f,2.9899f,0.7893f,-0.6014f,-0.1239f,0.3659f,0f,0f,0f,1f],start_interpolation: 0,interpolation_duration: 1}
$data merge entity $(right_fingers2) {transformation: [0.636f,-0.2949f,-0.7131f,-1.9975f,-0.7662f,-0.3516f,-0.5379f,2.3267f,-0.0921f,0.8885f,-0.4496f,0.6295f,0f,0f,0f,1f],start_interpolation: 0,interpolation_duration: 1}
$data merge entity $(right_fingers) {transformation: [-0.1665f,-0.681f,-0.7131f,-2.2015f,-0.493f,0.6838f,-0.5379f,2.5038f,0.8539f,0.262f,-0.4496f,0.725f,0f,0f,0f,1f],start_interpolation: 0,interpolation_duration: 1}
$data merge entity $(scout) {transformation: [0f,0f,0f,-2.1741f,0f,0f,0f,2.4349f,0f,0f,0f,0.5267f,0f,0f,0f,1f],start_interpolation: 0,interpolation_duration: 1}
$data merge entity $(right_hand) {transformation: [-0.65f,-0.2626f,-0.7131f,-2.391f,0.2671f,0.7996f,-0.5379f,2.9698f,0.7114f,-0.5401f,-0.4496f,0.3698f,0f,0f,0f,1f],start_interpolation: 0,interpolation_duration: 1}
$data merge entity $(right_forearm) {transformation: [-1.3621f,-0.02f,0.2034f,-2.3571f,-0.122f,1.1792f,-0.7013f,4.7251f,-0.1639f,-0.7116f,-1.1679f,-0.7375f,0f,0f,0f,1f],start_interpolation: 0,interpolation_duration: 1}
$data merge entity $(right_shoulder) {transformation: [-1.1359f,0.8859f,-0.2734f,-1.0392f,0.7924f,1.1521f,0.441f,5.9558f,0.4813f,0.1939f,-1.3714f,-0.554f,0f,0f,0f,1f],start_interpolation: 0,interpolation_duration: 1}
$data merge entity $(right_arm) {transformation: [-0.9996f,-0.0224f,-0.0189f,-0.4822f,-0.0293f,0.781f,0.6239f,6.2038f,0.0007f,0.6242f,-0.7813f,-0.3802f,0f,0f,0f,1f],start_interpolation: 0,interpolation_duration: 1}
$data merge entity $(left_thumb_2) {transformation: [-0.1356f,0.6209f,0.7721f,0.185f,-0.5038f,0.6278f,-0.5933f,4.067f,-0.8531f,-0.4694f,0.2277f,0.3597f,0f,0f,0f,1f],start_interpolation: 0,interpolation_duration: 1}
$data merge entity $(left_thumb) {transformation: [-0.1356f,0.9715f,-0.1942f,0.5204f,-0.5038f,-0.2364f,-0.8308f,4.0773f,-0.8531f,-0.0148f,0.5215f,0.4741f,0f,0f,0f,1f],start_interpolation: 0,interpolation_duration: 1}
$data merge entity $(left_fingers2) {transformation: [0.9219f,0.0878f,0.3773f,0.0117f,0.1418f,0.83f,-0.5395f,3.5031f,-0.3605f,0.5509f,0.7527f,0.6603f,0f,0f,0f,1f],start_interpolation: 0,interpolation_duration: 1}
$data merge entity $(left_fingers) {transformation: [0.7985f,0.4692f,0.3773f,0.1257f,-0.2223f,0.8121f,-0.5395f,3.7368f,-0.5595f,0.3469f,0.7527f,0.7804f,0f,0f,0f,1f],start_interpolation: 0,interpolation_duration: 1}
$data merge entity $(left_hand) {transformation: [0.1205f,0.7467f,0.6541f,0.6138f,-0.5478f,0.5995f,-0.5835f,4.0765f,-0.8279f,-0.288f,0.4813f,0.6206f,0f,0f,0f,1f],start_interpolation: 0,interpolation_duration: 1}
$data merge entity $(left_forearm) {transformation: [-0.9516f,0.9737f,-0.2085f,2.0331f,0.6063f,0.3378f,-1.1897f,4.5672f,-0.7899f,-0.9137f,-0.662f,-0.8124f,0f,0f,0f,1f],start_interpolation: 0,interpolation_duration: 1}
$data merge entity $(left_shoulder) {transformation: [-1.2848f,-0.6498f,0.2771f,0.9729f,-0.5668f,1.2916f,0.4006f,6.0147f,-0.4216f,0.2439f,-1.383f,-0.5555f,0f,0f,0f,1f],start_interpolation: 0,interpolation_duration: 1}
$data merge entity $(left_arm) {transformation: [-0.9996f,-0.0224f,-0.0189f,0.4026f,-0.0293f,0.781f,0.6239f,6.2298f,0.0007f,0.6242f,-0.7813f,-0.3809f,0f,0f,0f,1f],start_interpolation: 0,interpolation_duration: 1}
$data merge entity $(chest) {transformation: [-1.278f,-0.0286f,-0.0241f,0f,-0.0374f,0.9985f,0.7977f,4.8279f,0.001f,0.798f,-0.9989f,-1.5348f,0f,0f,0f,1f],start_interpolation: 0,interpolation_duration: 1}
$data merge entity $(left_cheek) {transformation: [-0.9968f,-0.0213f,0.0766f,0.476f,-0.0268f,0.997f,-0.0722f,3.9874f,-0.0748f,-0.074f,-0.9944f,-2.3919f,0f,0f,0f,1f],start_interpolation: 0,interpolation_duration: 1}
$data merge entity $(left_foot) {transformation: [-1.0224f,0f,0f,0.6895f,0f,1.0224f,0f,0.3085f,0f,0f,-1.0224f,-2.0027f,0f,0f,0f,1f],start_interpolation: 0,interpolation_duration: 1}
$data merge entity $(left_knee) {transformation: [-3.0417f,0f,0f,0.7768f,0f,2.4132f,1.8517f,3.4266f,0f,1.8517f,-2.4132f,0.2331f,0f,0f,0f,1f],start_interpolation: 0,interpolation_duration: 1}
$data merge entity $(left_leg) {transformation: [-1.718f,0f,0f,0.7054f,0f,-0.1497f,-1.7114f,2.896f,0f,-1.7114f,0.1497f,-2.1068f,0f,0f,0f,1f],start_interpolation: 0,interpolation_duration: 1}
$data merge entity $(right_cheek) {transformation: [-0.9829f,0.1027f,0.1529f,-0.3797f,0.1164f,0.9897f,0.0838f,3.9954f,-0.1427f,0.1002f,-0.9847f,-2.4044f,0f,0f,0f,1f],start_interpolation: 0,interpolation_duration: 1}
$data merge entity $(right_foot) {transformation: [-0.9751f,-0.2077f,0.2267f,0.1174f,0f,0.7538f,0.6907f,0.8476f,-0.3074f,0.6587f,-0.7189f,-4.6163f,0f,0f,0f,1f],start_interpolation: 0,interpolation_duration: 1}
$data merge entity $(right_knee) {transformation: [-2.901f,-0.9112f,-0.0797f,-1.2302f,0f,-0.2651f,3.0302f,0.6046f,-0.9147f,2.8899f,0.2528f,-0.6325f,0f,0f,0f,1f],start_interpolation: 0,interpolation_duration: 1}
$data merge entity $(right_leg) {transformation: [-1.6385f,0.2963f,0.4232f,-0.6997f,0f,1.4073f,-0.9854f,2.8881f,-0.5166f,-0.9398f,-1.3421f,-2.0773f,0f,0f,0f,1f],start_interpolation: 0,interpolation_duration: 1}
$data merge entity $(weist) {transformation: [-1.6223f,0f,0f,0f,0f,1.5671f,0.4199f,4.5129f,0f,0.4199f,-1.5671f,-1.7636f,0f,0f,0f,1f],start_interpolation: 0,interpolation_duration: 1}
data modify storage animated_java:temp entry.data merge value {"locators":{"consume":{"px":-2.0728807061,"py":2.3161500376,"pz":0.5939244691,"ry":302.2288708953,"rx":-32.5391840478}}}
# Data Manager: Prepare for Read / Write
execute store result storage animated_java:temp args.id int 1 run scoreboard players get @s aj.id
# Data Manager: Write
function animated_java:global/data_manager/write with storage animated_java:temp args