# This file was generated by Animated Java via MC-Build. It is not recommended to edit this file directly.
$data merge entity $(neck) {transformation: [-0.9997f,-0.0229f,-0.0083f,-0.0347f,-0.0244f,0.941f,0.3376f,6.2582f,0.0001f,0.3377f,-0.9412f,-0.3292f,0f,0f,0f,1f],start_interpolation: 0,interpolation_duration: 1}
$data merge entity $(right_thumb_2) {transformation: [-0.6429f,-0.0391f,-0.765f,-2.0444f,0.215f,0.9493f,-0.2292f,2.5708f,0.7352f,-0.3118f,-0.6019f,-0.0727f,0f,0f,0f,1f],start_interpolation: 0,interpolation_duration: 1}
$data merge entity $(right_thumb) {transformation: [-0.6429f,-0.4723f,-0.603f,-2.2831f,0.215f,0.6444f,-0.7339f,2.8204f,0.7352f,-0.6014f,-0.3127f,-0.1528f,0f,0f,0f,1f],start_interpolation: 0,interpolation_duration: 1}
$data merge entity $(right_fingers2) {transformation: [0.5412f,-0.4592f,-0.7045f,-2.1672f,-0.8338f,-0.4013f,-0.3791f,2.0993f,-0.1086f,0.7926f,-0.6f,0.0324f,0f,0f,0f,1f],start_interpolation: 0,interpolation_duration: 1}
$data merge entity $(right_fingers) {transformation: [-0.3376f,-0.6243f,-0.7045f,-2.3598f,-0.5647f,0.7331f,-0.3791f,2.2895f,0.7531f,0.2698f,-0.6f,0.1261f,0f,0f,0f,1f],start_interpolation: 0,interpolation_duration: 1}
$data merge entity $(scout) {transformation: [0f,0f,0f,-2.3157f,0f,0f,0f,2.2468f,0f,0f,0f,-0.0765f,0f,0f,0f,1f],start_interpolation: 0,interpolation_duration: 1}
$data merge entity $(right_hand) {transformation: [-0.7009f,-0.1116f,-0.7045f,-2.456f,0.2386f,0.8941f,-0.3791f,2.8207f,0.6722f,-0.4338f,-0.6f,-0.1702f,0f,0f,0f,1f],start_interpolation: 0,interpolation_duration: 1}
$data merge entity $(right_forearm) {transformation: [-1.3241f,0.0951f,0.3672f,-2.2443f,-0.0564f,1.2692f,-0.532f,4.7151f,-0.3751f,-0.5264f,-1.2163f,-0.9916f,0f,0f,0f,1f],start_interpolation: 0,interpolation_duration: 1}
$data merge entity $(right_shoulder) {transformation: [-1.2315f,0.785f,-0.1306f,-1.0349f,0.6858f,1.169f,0.5593f,5.9842f,0.4036f,0.4087f,-1.3491f,-0.5313f,0f,0f,0f,1f],start_interpolation: 0,interpolation_duration: 1}
$data merge entity $(right_arm) {transformation: [-0.9997f,-0.0193f,-0.0148f,-0.4768f,-0.0244f,0.7959f,0.605f,6.2336f,0.0001f,0.6051f,-0.7961f,-0.3628f,0f,0f,0f,1f],start_interpolation: 0,interpolation_duration: 1}
$data merge entity $(left_thumb_2) {transformation: [-0.1453f,0.611f,0.7782f,0.2079f,-0.5104f,0.6275f,-0.588f,4.0825f,-0.8476f,-0.4826f,0.2206f,0.4202f,0f,0f,0f,1f],start_interpolation: 0,interpolation_duration: 1}
$data merge entity $(left_thumb) {transformation: [-0.1453f,0.9724f,-0.1826f,0.5448f,-0.5104f,-0.2318f,-0.8281f,4.0953f,-0.8476f,-0.0271f,0.53f,0.5296f,0f,0f,0f,1f],start_interpolation: 0,interpolation_duration: 1}
$data merge entity $(left_fingers2) {transformation: [0.916f,0.0915f,0.3907f,0.0418f,0.1438f,0.8342f,-0.5324f,3.5199f,-0.3747f,0.5438f,0.7509f,0.727f,0f,0f,0f,1f],start_interpolation: 0,interpolation_duration: 1}
$data merge entity $(left_fingers) {transformation: [0.7915f,0.47f,0.3907f,0.1563f,-0.2222f,0.8168f,-0.5324f,3.7551f,-0.5694f,0.3345f,0.7509f,0.8439f,0f,0f,0f,1f],start_interpolation: 0,interpolation_duration: 1}
$data merge entity $(left_hand) {transformation: [0.1113f,0.7395f,0.6639f,0.6404f,-0.553f,0.6011f,-0.5769f,4.096f,-0.8257f,-0.3029f,0.4759f,0.6748f,0f,0f,0f,1f],start_interpolation: 0,interpolation_duration: 1}
$data merge entity $(left_forearm) {transformation: [-0.9659f,0.9588f,-0.212f,2.0364f,0.5961f,0.3362f,-1.1953f,4.5836f,-0.7803f,-0.9299f,-0.6507f,-0.7818f,0f,0f,0f,1f],start_interpolation: 0,interpolation_duration: 1}
$data merge entity $(left_shoulder) {transformation: [-1.2871f,-0.6486f,0.2693f,0.9775f,-0.5705f,1.2935f,0.3887f,6.0332f,-0.4096f,0.2364f,-1.3879f,-0.5315f,0f,0f,0f,1f],start_interpolation: 0,interpolation_duration: 1}
$data merge entity $(left_arm) {transformation: [-0.9997f,-0.0193f,-0.0148f,0.408f,-0.0244f,0.7959f,0.605f,6.2552f,0.0001f,0.6051f,-0.7961f,-0.3629f,0f,0f,0f,1f],start_interpolation: 0,interpolation_duration: 1}
$data merge entity $(chest) {transformation: [-1.2782f,-0.0247f,-0.019f,0f,-0.0312f,1.0176f,0.7735f,4.8279f,0.0001f,0.7737f,-1.0179f,-1.4833f,0f,0f,0f,1f],start_interpolation: 0,interpolation_duration: 1}
$data merge entity $(left_cheek) {transformation: [-0.9968f,-0.0213f,0.0766f,0.476f,-0.0268f,0.997f,-0.0722f,3.9874f,-0.0748f,-0.074f,-0.9944f,-2.3404f,0f,0f,0f,1f],start_interpolation: 0,interpolation_duration: 1}
$data merge entity $(left_foot) {transformation: [-1.0224f,0f,0f,0.6895f,0f,1.0224f,0f,0.3085f,0f,0f,-1.0224f,-1.9511f,0f,0f,0f,1f],start_interpolation: 0,interpolation_duration: 1}
$data merge entity $(left_knee) {transformation: [-3.0417f,0f,0f,0.7768f,0f,2.4132f,1.8517f,3.4266f,0f,1.8517f,-2.4132f,0.2846f,0f,0f,0f,1f],start_interpolation: 0,interpolation_duration: 1}
$data merge entity $(left_leg) {transformation: [-1.718f,0f,0f,0.7054f,0f,-0.1497f,-1.7114f,2.896f,0f,-1.7114f,0.1497f,-2.0553f,0f,0f,0f,1f],start_interpolation: 0,interpolation_duration: 1}
$data merge entity $(right_cheek) {transformation: [-0.9829f,0.1027f,0.1529f,-0.3797f,0.1164f,0.9897f,0.0838f,3.9954f,-0.1427f,0.1002f,-0.9847f,-2.3529f,0f,0f,0f,1f],start_interpolation: 0,interpolation_duration: 1}
$data merge entity $(right_foot) {transformation: [-0.9751f,-0.2077f,0.2267f,0.1174f,0f,0.7538f,0.6907f,0.8476f,-0.3074f,0.6587f,-0.7189f,-4.5648f,0f,0f,0f,1f],start_interpolation: 0,interpolation_duration: 1}
$data merge entity $(right_knee) {transformation: [-2.901f,-0.9112f,-0.0797f,-1.2302f,0f,-0.2651f,3.0302f,0.6046f,-0.9147f,2.8899f,0.2528f,-0.581f,0f,0f,0f,1f],start_interpolation: 0,interpolation_duration: 1}
$data merge entity $(right_leg) {transformation: [-1.6385f,0.2963f,0.4232f,-0.6997f,0f,1.4073f,-0.9854f,2.8881f,-0.5166f,-0.9398f,-1.3421f,-2.0257f,0f,0f,0f,1f],start_interpolation: 0,interpolation_duration: 1}
$data merge entity $(weist) {transformation: [-1.6223f,0f,0f,0f,0f,1.5671f,0.4199f,4.5129f,0f,0.4199f,-1.5671f,-1.7121f,0f,0f,0f,1f],start_interpolation: 0,interpolation_duration: 1}
data modify storage animated_java:temp entry.data merge value {"locators":{"consume":{"px":-2.2361208638,"py":2.1084832687,"pz":-0.0182739084,"ry":310.422942136,"rx":-22.2763695039}}}
# Data Manager: Prepare for Read / Write
execute store result storage animated_java:temp args.id int 1 run scoreboard players get @s aj.id
# Data Manager: Write
function animated_java:global/data_manager/write with storage animated_java:temp args