# This file was generated by Animated Java via MC-Build. It is not recommended to edit this file directly.
$data merge entity $(neck) {transformation: [-0.9998f,-0.0185f,-0.0059f,-0.0285f,-0.0194f,0.9493f,0.3139f,6.2869f,-0.0002f,0.3139f,-0.9494f,-0.3119f,0f,0f,0f,1f],start_interpolation: 0,interpolation_duration: 1}
$data merge entity $(right_thumb_2) {transformation: [-0.6982f,0.043f,-0.7146f,-2.0271f,0.1702f,0.9795f,-0.1074f,2.4494f,0.6954f,-0.1966f,-0.6912f,-0.558f,0f,0f,0f,1f],start_interpolation: 0,interpolation_duration: 1}
$data merge entity $(right_thumb) {transformation: [-0.6982f,-0.3621f,-0.6176f,-2.2384f,0.1702f,0.7539f,-0.6345f,2.7261f,0.6954f,-0.5482f,-0.4647f,-0.6247f,0f,0f,0f,1f],start_interpolation: 0,interpolation_duration: 1}
$data merge entity $(right_fingers2) {transformation: [0.4661f,-0.5652f,-0.6806f,-2.1933f,-0.8675f,-0.4429f,-0.2263f,1.9737f,-0.1735f,0.696f,-0.6968f,-0.54f,0f,0f,0f,1f],start_interpolation: 0,interpolation_duration: 1}
$data merge entity $(right_fingers) {transformation: [-0.4506f,-0.5776f,-0.6806f,-2.3756f,-0.6206f,0.7508f,-0.2263f,2.1684f,0.6417f,0.3204f,-0.6968f,-0.4357f,0f,0f,0f,1f],start_interpolation: 0,interpolation_duration: 1}
$data merge entity $(scout) {transformation: [0f,0f,0f,-2.3189f,0f,0f,0f,2.1524f,0f,0f,0f,-0.639f,0f,0f,0f,1f],start_interpolation: 0,interpolation_duration: 1}
$data merge entity $(right_hand) {transformation: [-0.7325f,-0.0111f,-0.6806f,-2.4089f,0.1957f,0.9542f,-0.2263f,2.7435f,0.652f,-0.299f,-0.6968f,-0.6534f,0f,0f,0f,1f],start_interpolation: 0,interpolation_duration: 1}
$data merge entity $(right_forearm) {transformation: [-1.2727f,0.1502f,0.5048f,-2.1113f,0.0093f,1.3263f,-0.3714f,4.727f,-0.5266f,-0.3398f,-1.2265f,-1.1878f,0f,0f,0f,1f],start_interpolation: 0,interpolation_duration: 1}
$data merge entity $(right_shoulder) {transformation: [-1.3034f,0.6706f,-0.0349f,-1.0298f,0.5835f,1.1687f,0.666f,6.0129f,0.3324f,0.5781f,-1.3058f,-0.508f,0f,0f,0f,1f],start_interpolation: 0,interpolation_duration: 1}
$data merge entity $(right_arm) {transformation: [-0.9998f,-0.0158f,-0.0112f,-0.4707f,-0.0194f,0.811f,0.5848f,6.2637f,-0.0002f,0.5849f,-0.8111f,-0.3453f,0f,0f,0f,1f],start_interpolation: 0,interpolation_duration: 1}
$data merge entity $(left_thumb_2) {transformation: [-0.155f,0.6016f,0.7836f,0.2302f,-0.5186f,0.6256f,-0.5828f,4.1018f,-0.8408f,-0.4968f,0.215f,0.4834f,0f,0f,0f,1f],start_interpolation: 0,interpolation_duration: 1}
$data merge entity $(left_thumb) {transformation: [-0.155f,0.9729f,-0.1718f,0.5685f,-0.5186f,-0.2281f,-0.824f,4.117f,-0.8408f,-0.0386f,0.5399f,0.588f,0f,0f,0f,1f],start_interpolation: 0,interpolation_duration: 1}
$data merge entity $(left_fingers2) {transformation: [0.91f,0.0956f,0.4033f,0.0707f,0.144f,0.8394f,-0.524f,3.5414f,-0.3887f,0.535f,0.7502f,0.7976f,0f,0f,0f,1f],start_interpolation: 0,interpolation_duration: 1}
$data merge entity $(left_fingers) {transformation: [0.7844f,0.4713f,0.4033f,0.1858f,-0.2242f,0.8217f,-0.524f,3.778f,-0.5784f,0.3206f,0.7502f,0.9107f,0f,0f,0f,1f],start_interpolation: 0,interpolation_duration: 1}
$data merge entity $(left_hand) {transformation: [0.1021f,0.7328f,0.6728f,0.6661f,-0.56f,0.6013f,-0.5699f,4.1193f,-0.8222f,-0.3186f,0.4717f,0.7318f,0f,0f,0f,1f],start_interpolation: 0,interpolation_duration: 1}
$data merge entity $(left_forearm) {transformation: [-0.9791f,0.9443f,-0.2161f,2.0397f,0.5852f,0.3316f,-1.202f,4.5993f,-0.7721f,-0.9462f,-0.6369f,-0.7485f,0f,0f,0f,1f],start_interpolation: 0,interpolation_duration: 1}
$data merge entity $(left_shoulder) {transformation: [-1.2896f,-0.6468f,0.2616f,0.9828f,-0.5743f,1.2963f,0.3738f,6.052f,-0.3962f,0.2263f,-1.3934f,-0.5076f,0f,0f,0f,1f],start_interpolation: 0,interpolation_duration: 1}
$data merge entity $(left_arm) {transformation: [-0.9998f,-0.0158f,-0.0112f,0.4142f,-0.0194f,0.811f,0.5848f,6.2809f,-0.0002f,0.5849f,-0.8111f,-0.3451f,0f,0f,0f,1f],start_interpolation: 0,interpolation_duration: 1}
$data merge entity $(chest) {transformation: [-1.2783f,-0.0203f,-0.0144f,0f,-0.0248f,1.0368f,0.7477f,4.8279f,-0.0002f,0.7478f,-1.037f,-1.4296f,0f,0f,0f,1f],start_interpolation: 0,interpolation_duration: 1}
$data merge entity $(left_cheek) {transformation: [-0.9968f,-0.0213f,0.0766f,0.476f,-0.0268f,0.997f,-0.0722f,3.9874f,-0.0748f,-0.074f,-0.9944f,-2.2867f,0f,0f,0f,1f],start_interpolation: 0,interpolation_duration: 1}
$data merge entity $(left_foot) {transformation: [-1.0224f,0f,0f,0.6895f,0f,1.0224f,0f,0.3085f,0f,0f,-1.0224f,-1.8975f,0f,0f,0f,1f],start_interpolation: 0,interpolation_duration: 1}
$data merge entity $(left_knee) {transformation: [-3.0417f,0f,0f,0.7768f,0f,2.4132f,1.8517f,3.4266f,0f,1.8517f,-2.4132f,0.3383f,0f,0f,0f,1f],start_interpolation: 0,interpolation_duration: 1}
$data merge entity $(left_leg) {transformation: [-1.718f,0f,0f,0.7054f,0f,-0.1497f,-1.7114f,2.896f,0f,-1.7114f,0.1497f,-2.0017f,0f,0f,0f,1f],start_interpolation: 0,interpolation_duration: 1}
$data merge entity $(right_cheek) {transformation: [-0.9829f,0.1027f,0.1529f,-0.3797f,0.1164f,0.9897f,0.0838f,3.9954f,-0.1427f,0.1002f,-0.9847f,-2.2992f,0f,0f,0f,1f],start_interpolation: 0,interpolation_duration: 1}
$data merge entity $(right_foot) {transformation: [-0.9751f,-0.2077f,0.2267f,0.1174f,0f,0.7538f,0.6907f,0.8476f,-0.3074f,0.6587f,-0.7189f,-4.5111f,0f,0f,0f,1f],start_interpolation: 0,interpolation_duration: 1}
$data merge entity $(right_knee) {transformation: [-2.901f,-0.9112f,-0.0797f,-1.2302f,0f,-0.2651f,3.0302f,0.6046f,-0.9147f,2.8899f,0.2528f,-0.5273f,0f,0f,0f,1f],start_interpolation: 0,interpolation_duration: 1}
$data merge entity $(right_leg) {transformation: [-1.6385f,0.2963f,0.4232f,-0.6997f,0f,1.4073f,-0.9854f,2.8881f,-0.5166f,-0.9398f,-1.3421f,-1.9721f,0f,0f,0f,1f],start_interpolation: 0,interpolation_duration: 1}
$data merge entity $(weist) {transformation: [-1.6223f,0f,0f,0f,0f,1.5671f,0.4199f,4.5129f,0f,0.4199f,-1.5671f,-1.6584f,0f,0f,0f,1f],start_interpolation: 0,interpolation_duration: 1}
data modify storage animated_java:temp entry.data merge value {"locators":{"consume":{"px":-2.2544724801,"py":2.0007781194,"pz":-0.5973456296,"ry":315.6726184525,"rx":-13.0785752012}}}
# Data Manager: Prepare for Read / Write
execute store result storage animated_java:temp args.id int 1 run scoreboard players get @s aj.id
# Data Manager: Write
function animated_java:global/data_manager/write with storage animated_java:temp args