# This file was generated by Animated Java via MC-Build. It is not recommended to edit this file directly.
$data merge entity $(neck) {transformation: [-0.9999f,-0.014f,-0.0041f,-0.0219f,-0.0146f,0.9569f,0.29f,6.3146f,-0.0002f,0.29f,-0.957f,-0.2955f,0f,0f,0f,1f],start_interpolation: 0,interpolation_duration: 1}
$data merge entity $(right_thumb_2) {transformation: [-0.7297f,0.091f,-0.6777f,-1.9657f,0.1285f,0.9917f,-0.0052f,2.4067f,0.6716f,-0.0909f,-0.7353f,-0.9512f,0f,0f,0f,1f],start_interpolation: 0,interpolation_duration: 1}
$data merge entity $(right_thumb) {transformation: [-0.7297f,-0.2907f,-0.6189f,-2.1587f,0.1285f,0.8307f,-0.5416f,2.7006f,0.6716f,-0.4747f,-0.5688f,-0.9963f,0f,0f,0f,1f],start_interpolation: 0,interpolation_duration: 1}
$data merge entity $(right_fingers2) {transformation: [0.4147f,-0.6252f,-0.6612f,-2.1559f,-0.8738f,-0.4764f,-0.0977f,1.9386f,-0.2539f,0.6183f,-0.7438f,-1.0071f,0f,0f,0f,1f],start_interpolation: 0,interpolation_duration: 1}
$data merge entity $(right_fingers) {transformation: [-0.5159f,-0.5447f,-0.6612f,-2.3305f,-0.6607f,0.7443f,-0.0977f,2.1314f,0.5453f,0.3865f,-0.7438f,-0.8871f,0f,0f,0f,1f],start_interpolation: 0,interpolation_duration: 1}
$data merge entity $(scout) {transformation: [0f,0f,0f,-2.2662f,0f,0f,0f,2.1387f,0f,0f,0f,-1.0886f,0f,0f,0f,1f],start_interpolation: 0,interpolation_duration: 1}
$data merge entity $(right_hand) {transformation: [-0.7487f,0.0475f,-0.6612f,-2.3268f,0.1487f,0.984f,-0.0977f,2.7307f,0.646f,-0.1715f,-0.7438f,-1.0285f,0f,0f,0f,1f],start_interpolation: 0,interpolation_duration: 1}
$data merge entity $(right_forearm) {transformation: [-1.2289f,0.1695f,0.5986f,-1.9987f,0.0714f,1.3549f,-0.2371f,4.7596f,-0.618f,-0.1805f,-1.2176f,-1.3189f,0f,0f,0f,1f],start_interpolation: 0,interpolation_duration: 1}
$data merge entity $(right_shoulder) {transformation: [-1.3479f,0.5768f,0.0201f,-1.0244f,0.505f,1.154f,0.7505f,6.0406f,0.2794f,0.6968f,-1.2595f,-0.4851f,0f,0f,0f,1f],start_interpolation: 0,interpolation_duration: 1}
$data merge entity $(right_arm) {transformation: [-0.9999f,-0.0121f,-0.0081f,-0.4641f,-0.0146f,0.8254f,0.5643f,6.2927f,-0.0002f,0.5644f,-0.8255f,-0.3285f,0f,0f,0f,1f],start_interpolation: 0,interpolation_duration: 1}
$data merge entity $(left_thumb_2) {transformation: [-0.1644f,0.5928f,0.7884f,0.2514f,-0.5277f,0.6224f,-0.5781f,4.123f,-0.8334f,-0.511f,0.2105f,0.5462f,0f,0f,0f,1f],start_interpolation: 0,interpolation_duration: 1}
$data merge entity $(left_thumb) {transformation: [-0.1644f,0.973f,-0.1618f,0.5911f,-0.5277f,-0.2254f,-0.819f,4.1403f,-0.8334f,-0.0493f,0.5505f,0.6462f,0f,0f,0f,1f],start_interpolation: 0,interpolation_duration: 1}
$data merge entity $(left_fingers2) {transformation: [0.9043f,0.0999f,0.415f,0.098f,0.143f,0.8451f,-0.5151f,3.5653f,-0.4022f,0.5251f,0.75f,0.8681f,0f,0f,0f,1f],start_interpolation: 0,interpolation_duration: 1}
$data merge entity $(left_fingers) {transformation: [0.7774f,0.4728f,0.415f,0.2138f,-0.2276f,0.8264f,-0.5151f,3.8034f,-0.5864f,0.3059f,0.75f,0.9774f,0f,0f,0f,1f],start_interpolation: 0,interpolation_duration: 1}
$data merge entity $(left_hand) {transformation: [0.093f,0.7265f,0.6809f,0.6906f,-0.568f,0.6004f,-0.563f,4.1445f,-0.8177f,-0.3344f,0.4685f,0.7886f,0f,0f,0f,1f],start_interpolation: 0,interpolation_duration: 1}
$data merge entity $(left_forearm) {transformation: [-0.9912f,0.9306f,-0.2206f,2.0428f,0.5742f,0.325f,-1.2091f,4.6137f,-0.7649f,-0.962f,-0.6218f,-0.7146f,0f,0f,0f,1f],start_interpolation: 0,interpolation_duration: 1}
$data merge entity $(left_shoulder) {transformation: [-1.2922f,-0.6445f,0.2542f,0.9883f,-0.5778f,1.2993f,0.3574f,6.0699f,-0.3823f,0.2148f,-1.3991f,-0.4848f,0f,0f,0f,1f],start_interpolation: 0,interpolation_duration: 1}
$data merge entity $(left_arm) {transformation: [-0.9999f,-0.0121f,-0.0081f,0.4209f,-0.0146f,0.8254f,0.5643f,6.3056f,-0.0002f,0.5644f,-0.8255f,-0.3284f,0f,0f,0f,1f],start_interpolation: 0,interpolation_duration: 1}
$data merge entity $(chest) {transformation: [-1.2784f,-0.0155f,-0.0103f,0f,-0.0186f,1.0554f,0.7215f,4.8279f,-0.0002f,0.7216f,-1.0555f,-1.3763f,0f,0f,0f,1f],start_interpolation: 0,interpolation_duration: 1}
$data merge entity $(left_cheek) {transformation: [-0.9968f,-0.0213f,0.0766f,0.476f,-0.0268f,0.997f,-0.0722f,3.9874f,-0.0748f,-0.074f,-0.9944f,-2.2334f,0f,0f,0f,1f],start_interpolation: 0,interpolation_duration: 1}
$data merge entity $(left_foot) {transformation: [-1.0224f,0f,0f,0.6895f,0f,1.0224f,0f,0.3085f,0f,0f,-1.0224f,-1.8441f,0f,0f,0f,1f],start_interpolation: 0,interpolation_duration: 1}
$data merge entity $(left_knee) {transformation: [-3.0417f,0f,0f,0.7768f,0f,2.4132f,1.8517f,3.4266f,0f,1.8517f,-2.4132f,0.3916f,0f,0f,0f,1f],start_interpolation: 0,interpolation_duration: 1}
$data merge entity $(left_leg) {transformation: [-1.718f,0f,0f,0.7054f,0f,-0.1497f,-1.7114f,2.896f,0f,-1.7114f,0.1497f,-1.9483f,0f,0f,0f,1f],start_interpolation: 0,interpolation_duration: 1}
$data merge entity $(right_cheek) {transformation: [-0.9829f,0.1027f,0.1529f,-0.3797f,0.1164f,0.9897f,0.0838f,3.9954f,-0.1427f,0.1002f,-0.9847f,-2.2459f,0f,0f,0f,1f],start_interpolation: 0,interpolation_duration: 1}
$data merge entity $(right_foot) {transformation: [-0.9751f,-0.2077f,0.2267f,0.1174f,0f,0.7538f,0.6907f,0.8476f,-0.3074f,0.6587f,-0.7189f,-4.4578f,0f,0f,0f,1f],start_interpolation: 0,interpolation_duration: 1}
$data merge entity $(right_knee) {transformation: [-2.901f,-0.9112f,-0.0797f,-1.2302f,0f,-0.2651f,3.0302f,0.6046f,-0.9147f,2.8899f,0.2528f,-0.474f,0f,0f,0f,1f],start_interpolation: 0,interpolation_duration: 1}
$data merge entity $(right_leg) {transformation: [-1.6385f,0.2963f,0.4232f,-0.6997f,0f,1.4073f,-0.9854f,2.8881f,-0.5166f,-0.9398f,-1.3421f,-1.9187f,0f,0f,0f,1f],start_interpolation: 0,interpolation_duration: 1}
$data merge entity $(weist) {transformation: [-1.6223f,0f,0f,0f,0f,1.5671f,0.4199f,4.5129f,0f,0.4199f,-1.5671f,-1.6051f,0f,0f,0f,1f],start_interpolation: 0,interpolation_duration: 1}
data modify storage animated_java:temp entry.data merge value {"locators":{"consume":{"px":-2.2110144935,"py":1.9797796545,"pz":-1.064941128,"ry":318.3656237178,"rx":-5.6051322595}}}
# Data Manager: Prepare for Read / Write
execute store result storage animated_java:temp args.id int 1 run scoreboard players get @s aj.id
# Data Manager: Write
function animated_java:global/data_manager/write with storage animated_java:temp args