# This file was generated by Animated Java via MC-Build. It is not recommended to edit this file directly.
$data merge entity $(neck) {transformation: [-0.9999f,-0.0097f,-0.0026f,-0.0152f,-0.01f,0.9636f,0.2671f,6.34f,0f,0.2671f,-0.9637f,-0.2807f,0f,0f,0f,1f],start_interpolation: 0,interpolation_duration: 1}
$data merge entity $(right_thumb_2) {transformation: [-0.768f,0.1194f,-0.6293f,-1.891f,0.1062f,0.9926f,0.0587f,2.4148f,0.6316f,-0.0218f,-0.775f,-1.3404f,0f,0f,0f,1f],start_interpolation: 0,interpolation_duration: 1}
$data merge entity $(right_thumb) {transformation: [-0.768f,-0.213f,-0.6041f,-2.0649f,0.1062f,0.8877f,-0.448f,2.7225f,0.6316f,-0.4082f,-0.6591f,-1.3688f,0f,0f,0f,1f],start_interpolation: 0,interpolation_duration: 1}
$data merge entity $(right_fingers2) {transformation: [0.3508f,-0.675f,-0.6491f,-2.0963f,-0.8731f,-0.4863f,0.034f,1.9625f,-0.3386f,0.5548f,-0.76f,-1.482f,0f,0f,0f,1f],start_interpolation: 0,interpolation_duration: 1}
$data merge entity $(right_fingers) {transformation: [-0.5696f,-0.5042f,-0.6491f,-2.2608f,-0.6839f,0.7288f,0.034f,2.1511f,0.4559f,0.4632f,-0.76f,-1.3427f,0f,0f,0f,1f],start_interpolation: 0,interpolation_duration: 1}
$data merge entity $(scout) {transformation: [0f,0f,0f,-2.1921f,0f,0f,0f,2.1838f,0f,0f,0f,-1.5402f,0f,0f,0f,1f],start_interpolation: 0,interpolation_duration: 1}
$data merge entity $(right_hand) {transformation: [-0.7555f,0.0891f,-0.6491f,-2.231f,0.0882f,0.9955f,0.034f,2.7636f,0.6492f,-0.0315f,-0.76f,-1.3989f,0f,0f,0f,1f],start_interpolation: 0,interpolation_duration: 1}
$data merge entity $(right_forearm) {transformation: [-1.1911f,0.1728f,0.6697f,-1.8969f,0.1441f,1.3664f,-0.0962f,4.8119f,-0.6765f,-0.0132f,-1.1997f,-1.4343f,0f,0f,0f,1f],start_interpolation: 0,interpolation_duration: 1}
$data merge entity $(right_shoulder) {transformation: [-1.3797f,0.4934f,0.0534f,-1.019f,0.4338f,1.1225f,0.8376f,6.0661f,0.241f,0.804f,-1.2022f,-0.4639f,0f,0f,0f,1f],start_interpolation: 0,interpolation_duration: 1}
$data merge entity $(right_arm) {transformation: [-0.9999f,-0.0084f,-0.0054f,-0.4576f,-0.01f,0.8387f,0.5445f,6.3194f,0f,0.5445f,-0.8387f,-0.3132f,0f,0f,0f,1f],start_interpolation: 0,interpolation_duration: 1}
$data merge entity $(left_thumb_2) {transformation: [-0.1732f,0.5849f,0.7924f,0.2712f,-0.5366f,0.6186f,-0.5739f,4.1442f,-0.8258f,-0.5246f,0.2067f,0.6056f,0f,0f,0f,1f],start_interpolation: 0,interpolation_duration: 1}
$data merge entity $(left_thumb) {transformation: [-0.1732f,0.9729f,-0.1529f,0.612f,-0.5366f,-0.2234f,-0.8137f,4.1634f,-0.8258f,-0.0589f,0.5608f,0.7012f,0f,0f,0f,1f],start_interpolation: 0,interpolation_duration: 1}
$data merge entity $(left_fingers2) {transformation: [0.8989f,0.1041f,0.4255f,0.1232f,0.1411f,0.8508f,-0.5062f,3.5895f,-0.4147f,0.5151f,0.7501f,0.9351f,0f,0f,0f,1f],start_interpolation: 0,interpolation_duration: 1}
$data merge entity $(left_fingers) {transformation: [0.7707f,0.4743f,0.4255f,0.2397f,-0.2317f,0.8307f,-0.5062f,3.829f,-0.5936f,0.2916f,0.7501f,1.0404f,0f,0f,0f,1f],start_interpolation: 0,interpolation_duration: 1}
$data merge entity $(left_hand) {transformation: [0.0845f,0.7207f,0.6881f,0.7132f,-0.5762f,0.5987f,-0.5564f,4.1693f,-0.8129f,-0.3494f,0.4659f,0.8423f,0f,0f,0f,1f],start_interpolation: 0,interpolation_duration: 1}
$data merge entity $(left_forearm) {transformation: [-1.002f,0.9179f,-0.225f,2.0457f,0.5637f,0.3174f,-1.216f,4.6264f,-0.7585f,-0.9767f,-0.6066f,-0.6821f,0f,0f,0f,1f],start_interpolation: 0,interpolation_duration: 1}
$data merge entity $(left_shoulder) {transformation: [-1.2948f,-0.6421f,0.2471f,0.9939f,-0.5809f,1.3024f,0.3407f,6.0863f,-0.3687f,0.2029f,-1.4045f,-0.4638f,0f,0f,0f,1f],start_interpolation: 0,interpolation_duration: 1}
$data merge entity $(left_arm) {transformation: [-0.9999f,-0.0084f,-0.0054f,0.4275f,-0.01f,0.8387f,0.5445f,6.3282f,0f,0.5445f,-0.8387f,-0.3132f,0f,0f,0f,1f],start_interpolation: 0,interpolation_duration: 1}
$data merge entity $(chest) {transformation: [-1.2785f,-0.0108f,-0.0069f,0f,-0.0128f,1.0723f,0.6962f,4.8279f,-0.0001f,0.6962f,-1.0724f,-1.3257f,0f,0f,0f,1f],start_interpolation: 0,interpolation_duration: 1}
$data merge entity $(left_cheek) {transformation: [-0.9968f,-0.0213f,0.0766f,0.476f,-0.0268f,0.997f,-0.0722f,3.9874f,-0.0748f,-0.074f,-0.9944f,-2.1828f,0f,0f,0f,1f],start_interpolation: 0,interpolation_duration: 1}
$data merge entity $(left_foot) {transformation: [-1.0224f,0f,0f,0.6895f,0f,1.0224f,0f,0.3085f,0f,0f,-1.0224f,-1.7935f,0f,0f,0f,1f],start_interpolation: 0,interpolation_duration: 1}
$data merge entity $(left_knee) {transformation: [-3.0417f,0f,0f,0.7768f,0f,2.4132f,1.8517f,3.4266f,0f,1.8517f,-2.4132f,0.4422f,0f,0f,0f,1f],start_interpolation: 0,interpolation_duration: 1}
$data merge entity $(left_leg) {transformation: [-1.718f,0f,0f,0.7054f,0f,-0.1497f,-1.7114f,2.896f,0f,-1.7114f,0.1497f,-1.8977f,0f,0f,0f,1f],start_interpolation: 0,interpolation_duration: 1}
$data merge entity $(right_cheek) {transformation: [-0.9829f,0.1027f,0.1529f,-0.3797f,0.1164f,0.9897f,0.0838f,3.9954f,-0.1427f,0.1002f,-0.9847f,-2.1953f,0f,0f,0f,1f],start_interpolation: 0,interpolation_duration: 1}
$data merge entity $(right_foot) {transformation: [-0.9751f,-0.2077f,0.2267f,0.1174f,0f,0.7538f,0.6907f,0.8476f,-0.3074f,0.6587f,-0.7189f,-4.4072f,0f,0f,0f,1f],start_interpolation: 0,interpolation_duration: 1}
$data merge entity $(right_knee) {transformation: [-2.901f,-0.9112f,-0.0797f,-1.2302f,0f,-0.2651f,3.0302f,0.6046f,-0.9147f,2.8899f,0.2528f,-0.4234f,0f,0f,0f,1f],start_interpolation: 0,interpolation_duration: 1}
$data merge entity $(right_leg) {transformation: [-1.6385f,0.2963f,0.4232f,-0.6997f,0f,1.4073f,-0.9854f,2.8881f,-0.5166f,-0.9398f,-1.3421f,-1.8681f,0f,0f,0f,1f],start_interpolation: 0,interpolation_duration: 1}
$data merge entity $(weist) {transformation: [-1.6223f,0f,0f,0f,0f,1.5671f,0.4199f,4.5129f,0f,0.4199f,-1.5671f,-1.5545f,0f,0f,0f,1f],start_interpolation: 0,interpolation_duration: 1}
data modify storage animated_java:temp entry.data merge value {"locators":{"consume":{"px":-2.1436285694,"py":2.0209389411,"pz":-1.5382326443,"ry":319.5004808638,"rx":1.9480530718}}}
# Data Manager: Prepare for Read / Write
execute store result storage animated_java:temp args.id int 1 run scoreboard players get @s aj.id
# Data Manager: Write
function animated_java:global/data_manager/write with storage animated_java:temp args