# This file was generated by Animated Java via MC-Build. It is not recommended to edit this file directly.
$data merge entity $(neck) {transformation: [-1f,-0.0058f,-0.0016f,-0.0091f,-0.006f,0.9691f,0.2464f,6.3621f,0.0001f,0.2464f,-0.9692f,-0.2679f,0f,0f,0f,1f],start_interpolation: 0,interpolation_duration: 1}
$data merge entity $(right_thumb_2) {transformation: [-0.7676f,0.1453f,-0.6243f,-1.8538f,0.0816f,0.9882f,0.1297f,2.4424f,0.6358f,0.0486f,-0.7704f,-1.5172f,0f,0f,0f,1f],start_interpolation: 0,interpolation_duration: 1}
$data merge entity $(right_thumb) {transformation: [-0.7676f,-0.1902f,-0.6121f,-2.0201f,0.0816f,0.9182f,-0.3876f,2.7553f,0.6358f,-0.3475f,-0.6893f,-1.525f,0f,0f,0f,1f],start_interpolation: 0,interpolation_duration: 1}
$data merge entity $(right_fingers2) {transformation: [0.3477f,-0.6773f,-0.6484f,-2.0643f,-0.8437f,-0.5277f,0.0987f,2.0093f,-0.4089f,0.5127f,-0.7549f,-1.6913f,0f,0f,0f,1f],start_interpolation: 0,interpolation_duration: 1}
$data merge entity $(right_fingers) {transformation: [-0.5749f,-0.4991f,-0.6484f,-2.2275f,-0.7134f,0.6937f,0.0987f,2.1875f,0.4006f,0.5193f,-0.7549f,-1.5375f,0f,0f,0f,1f],start_interpolation: 0,interpolation_duration: 1}
$data merge entity $(scout) {transformation: [0f,0f,0f,-2.1582f,0f,0f,0f,2.2322f,0f,0f,0f,-1.7325f,0f,0f,0f,1f],start_interpolation: 0,interpolation_duration: 1}
$data merge entity $(right_hand) {transformation: [-0.7535f,0.109f,-0.6484f,-2.1854f,0.0588f,0.9934f,0.0987f,2.8017f,0.6548f,0.0362f,-0.7549f,-1.5519f,0f,0f,0f,1f],start_interpolation: 0,interpolation_duration: 1}
$data merge entity $(right_forearm) {transformation: [-1.1758f,0.1734f,0.6961f,-1.85f,0.1821f,1.3649f,-0.0324f,4.8485f,-0.6939f,0.0644f,-1.1881f,-1.4694f,0f,0f,0f,1f],start_interpolation: 0,interpolation_duration: 1}
$data merge entity $(right_shoulder) {transformation: [-1.3918f,0.4573f,0.0609f,-1.0139f,0.4018f,1.1065f,0.8741f,6.0884f,0.2266f,0.8464f,-1.1756f,-0.4453f,0f,0f,0f,1f],start_interpolation: 0,interpolation_duration: 1}
$data merge entity $(right_arm) {transformation: [-1f,-0.005f,-0.0032f,-0.4515f,-0.006f,0.8502f,0.5264f,6.3425f,0.0001f,0.5265f,-0.8502f,-0.3f,0f,0f,0f,1f],start_interpolation: 0,interpolation_duration: 1}
$data merge entity $(left_thumb_2) {transformation: [-0.1811f,0.5778f,0.7958f,0.2889f,-0.5448f,0.6148f,-0.5703f,4.1636f,-0.8188f,-0.5368f,0.2035f,0.6585f,0f,0f,0f,1f],start_interpolation: 0,interpolation_duration: 1}
$data merge entity $(left_thumb) {transformation: [-0.1811f,0.9727f,-0.1451f,0.6307f,-0.5448f,-0.222f,-0.8086f,4.1843f,-0.8188f,-0.0674f,0.5701f,0.7502f,0f,0f,0f,1f],start_interpolation: 0,interpolation_duration: 1}
$data merge entity $(left_fingers2) {transformation: [0.8941f,0.1079f,0.4347f,0.1457f,0.139f,0.8558f,-0.4982f,3.6117f,-0.4258f,0.5059f,0.7502f,0.9949f,0f,0f,0f,1f],start_interpolation: 0,interpolation_duration: 1}
$data merge entity $(left_fingers) {transformation: [0.7647f,0.4757f,0.4347f,0.2628f,-0.2358f,0.8344f,-0.4982f,3.8524f,-0.5997f,0.2785f,0.7502f,1.0967f,0f,0f,0f,1f],start_interpolation: 0,interpolation_duration: 1}
$data merge entity $(left_hand) {transformation: [0.0769f,0.7156f,0.6943f,0.7334f,-0.5837f,0.5968f,-0.5505f,4.1918f,-0.8083f,-0.3629f,0.4636f,0.8902f,0f,0f,0f,1f],start_interpolation: 0,interpolation_duration: 1}
$data merge entity $(left_forearm) {transformation: [-1.0114f,0.9065f,-0.229f,2.0482f,0.5545f,0.3099f,-1.2221f,4.6371f,-0.7528f,-0.9896f,-0.5925f,-0.653f,0f,0f,0f,1f],start_interpolation: 0,interpolation_duration: 1}
$data merge entity $(left_shoulder) {transformation: [-1.2971f,-0.6397f,0.2408f,0.999f,-0.5834f,1.3053f,0.3252f,6.1004f,-0.3563f,0.1919f,-1.4093f,-0.4455f,0f,0f,0f,1f],start_interpolation: 0,interpolation_duration: 1}
$data merge entity $(left_arm) {transformation: [-1f,-0.005f,-0.0032f,0.4336f,-0.006f,0.8502f,0.5264f,6.3478f,0.0001f,0.5265f,-0.8502f,-0.3001f,0f,0f,0f,1f],start_interpolation: 0,interpolation_duration: 1}
$data merge entity $(chest) {transformation: [-1.2785f,-0.0064f,-0.0041f,0f,-0.0076f,1.087f,0.6731f,4.8279f,0.0001f,0.6731f,-1.087f,-1.2803f,0f,0f,0f,1f],start_interpolation: 0,interpolation_duration: 1}
$data merge entity $(left_cheek) {transformation: [-0.9968f,-0.0213f,0.0766f,0.476f,-0.0268f,0.997f,-0.0722f,3.9874f,-0.0748f,-0.074f,-0.9944f,-2.1374f,0f,0f,0f,1f],start_interpolation: 0,interpolation_duration: 1}
$data merge entity $(left_foot) {transformation: [-1.0224f,0f,0f,0.6895f,0f,1.0224f,0f,0.3085f,0f,0f,-1.0224f,-1.7481f,0f,0f,0f,1f],start_interpolation: 0,interpolation_duration: 1}
$data merge entity $(left_knee) {transformation: [-3.0417f,0f,0f,0.7768f,0f,2.4132f,1.8517f,3.4266f,0f,1.8517f,-2.4132f,0.4876f,0f,0f,0f,1f],start_interpolation: 0,interpolation_duration: 1}
$data merge entity $(left_leg) {transformation: [-1.718f,0f,0f,0.7054f,0f,-0.1497f,-1.7114f,2.896f,0f,-1.7114f,0.1497f,-1.8523f,0f,0f,0f,1f],start_interpolation: 0,interpolation_duration: 1}
$data merge entity $(right_cheek) {transformation: [-0.9829f,0.1027f,0.1529f,-0.3797f,0.1164f,0.9897f,0.0838f,3.9954f,-0.1427f,0.1002f,-0.9847f,-2.1499f,0f,0f,0f,1f],start_interpolation: 0,interpolation_duration: 1}
$data merge entity $(right_foot) {transformation: [-0.9751f,-0.2077f,0.2267f,0.1174f,0f,0.7538f,0.6907f,0.8476f,-0.3074f,0.6587f,-0.7189f,-4.3618f,0f,0f,0f,1f],start_interpolation: 0,interpolation_duration: 1}
$data merge entity $(right_knee) {transformation: [-2.901f,-0.9112f,-0.0797f,-1.2302f,0f,-0.2651f,3.0302f,0.6046f,-0.9147f,2.8899f,0.2528f,-0.378f,0f,0f,0f,1f],start_interpolation: 0,interpolation_duration: 1}
$data merge entity $(right_leg) {transformation: [-1.6385f,0.2963f,0.4232f,-0.6997f,0f,1.4073f,-0.9854f,2.8881f,-0.5166f,-0.9398f,-1.3421f,-1.8227f,0f,0f,0f,1f],start_interpolation: 0,interpolation_duration: 1}
$data merge entity $(weist) {transformation: [-1.6223f,0f,0f,0f,0f,1.5671f,0.4199f,4.5129f,0f,0.4199f,-1.5671f,-1.5091f,0f,0f,0f,1f],start_interpolation: 0,interpolation_duration: 1}
data modify storage animated_java:temp entry.data merge value {"locators":{"consume":{"px":-2.1129699086,"py":2.0686528862,"pz":-1.7416388679,"ry":319.3414738146,"rx":5.6620630736}}}
# Data Manager: Prepare for Read / Write
execute store result storage animated_java:temp args.id int 1 run scoreboard players get @s aj.id
# Data Manager: Write
function animated_java:global/data_manager/write with storage animated_java:temp args