# This file was generated by Animated Java via MC-Build. It is not recommended to edit this file directly.
$data merge entity $(neck) {transformation: [-1f,-0.0025f,-0.0007f,-0.0038f,-0.0026f,0.9734f,0.2291f,6.3799f,0.0002f,0.2291f,-0.9734f,-0.2576f,0f,0f,0f,1f],start_interpolation: 0,interpolation_duration: 1}
$data merge entity $(right_thumb_2) {transformation: [-0.7542f,0.1696f,-0.6344f,-1.8458f,0.0577f,0.9794f,0.1933f,2.4639f,0.6541f,0.1092f,-0.7485f,-1.5822f,0f,0f,0f,1f],start_interpolation: 0,interpolation_duration: 1}
$data merge entity $(right_thumb) {transformation: [-0.7542f,-0.1891f,-0.6288f,-2.0095f,0.0577f,0.9349f,-0.3502f,2.7781f,0.6541f,-0.3004f,-0.6942f,-1.572f,0f,0f,0f,1f],start_interpolation: 0,interpolation_duration: 1}
$data merge entity $(right_fingers2) {transformation: [0.3684f,-0.6635f,-0.6512f,-2.0583f,-0.8086f,-0.5744f,0.1277f,2.0457f,-0.4588f,0.4795f,-0.7481f,-1.7623f,0f,0f,0f,1f],start_interpolation: 0,interpolation_duration: 1}
$data merge entity $(right_fingers) {transformation: [-0.5637f,-0.5081f,-0.6512f,-2.2238f,-0.7414f,0.6588f,0.1277f,2.2134f,0.3641f,0.5548f,-0.7481f,-1.5994f,0f,0f,0f,1f],start_interpolation: 0,interpolation_duration: 1}
$data merge entity $(scout) {transformation: [0f,0f,0f,-2.155f,0f,0f,0f,2.2627f,0f,0f,0f,-1.7935f,0f,0f,0f,1f],start_interpolation: 0,interpolation_duration: 1}
$data merge entity $(right_hand) {transformation: [-0.7491f,0.1212f,-0.6512f,-2.1744f,0.0493f,0.9906f,0.1277f,2.8273f,0.6606f,0.0636f,-0.7481f,-1.5968f,0f,0f,0f,1f],start_interpolation: 0,interpolation_duration: 1}
$data merge entity $(right_forearm) {transformation: [-1.1709f,0.1772f,0.7033f,-1.8332f,0.2004f,1.3627f,-0.0098f,4.8707f,-0.697f,0.094f,-1.1842f,-1.4693f,0f,0f,0f,1f],start_interpolation: 0,interpolation_duration: 1}
$data merge entity $(right_shoulder) {transformation: [-1.3953f,0.4464f,0.061f,-1.0096f,0.3911f,1.1016f,0.885f,6.1065f,0.2236f,0.8585f,-1.1674f,-0.4301f,0f,0f,0f,1f],start_interpolation: 0,interpolation_duration: 1}
$data merge entity $(right_arm) {transformation: [-1f,-0.0021f,-0.0014f,-0.4463f,-0.0026f,0.8594f,0.5112f,6.3613f,0.0002f,0.5112f,-0.8594f,-0.2894f,0f,0f,0f,1f],start_interpolation: 0,interpolation_duration: 1}
$data merge entity $(left_thumb_2) {transformation: [-0.1876f,0.5718f,0.7987f,0.3039f,-0.5514f,0.6116f,-0.5674f,4.1792f,-0.8129f,-0.5469f,0.2005f,0.7022f,0f,0f,0f,1f],start_interpolation: 0,interpolation_duration: 1}
$data merge entity $(left_thumb) {transformation: [-0.1876f,0.9724f,-0.1384f,0.6465f,-0.5514f,-0.2209f,-0.8045f,4.2012f,-0.8129f,-0.0746f,0.5777f,0.7906f,0f,0f,0f,1f],start_interpolation: 0,interpolation_duration: 1}
$data merge entity $(left_fingers2) {transformation: [0.8899f,0.1111f,0.4425f,0.1647f,0.1372f,0.8599f,-0.4917f,3.6296f,-0.4351f,0.4982f,0.75f,1.0441f,0f,0f,0f,1f],start_interpolation: 0,interpolation_duration: 1}
$data merge entity $(left_fingers) {transformation: [0.7595f,0.4767f,0.4425f,0.2824f,-0.2391f,0.8373f,-0.4917f,3.8714f,-0.6049f,0.2677f,0.75f,1.143f,0f,0f,0f,1f],start_interpolation: 0,interpolation_duration: 1}
$data merge entity $(left_hand) {transformation: [0.0704f,0.7112f,0.6995f,0.7505f,-0.5898f,0.5952f,-0.5458f,4.2099f,-0.8045f,-0.3741f,0.4614f,0.9296f,0f,0f,0f,1f],start_interpolation: 0,interpolation_duration: 1}
$data merge entity $(left_forearm) {transformation: [-1.0193f,0.8968f,-0.2323f,2.0502f,0.547f,0.3038f,-1.2271f,4.6455f,-0.7477f,-1.0003f,-0.5809f,-0.629f,0f,0f,0f,1f],start_interpolation: 0,interpolation_duration: 1}
$data merge entity $(left_shoulder) {transformation: [-1.2991f,-0.6377f,0.2355f,1.0033f,-0.5852f,1.3076f,0.3124f,6.1117f,-0.3459f,0.1828f,-1.4131f,-0.4304f,0f,0f,0f,1f],start_interpolation: 0,interpolation_duration: 1}
$data merge entity $(left_arm) {transformation: [-1f,-0.0021f,-0.0014f,0.4388f,-0.0026f,0.8594f,0.5112f,6.3635f,0.0002f,0.5112f,-0.8594f,-0.2895f,0f,0f,0f,1f],start_interpolation: 0,interpolation_duration: 1}
$data merge entity $(chest) {transformation: [-1.2785f,-0.0027f,-0.0019f,0f,-0.0033f,1.0988f,0.6536f,4.8279f,0.0002f,0.6536f,-1.0988f,-1.2425f,0f,0f,0f,1f],start_interpolation: 0,interpolation_duration: 1}
$data merge entity $(left_cheek) {transformation: [-0.9968f,-0.0213f,0.0766f,0.476f,-0.0268f,0.997f,-0.0722f,3.9874f,-0.0748f,-0.074f,-0.9944f,-2.0996f,0f,0f,0f,1f],start_interpolation: 0,interpolation_duration: 1}
$data merge entity $(left_foot) {transformation: [-1.0224f,0f,0f,0.6895f,0f,1.0224f,0f,0.3085f,0f,0f,-1.0224f,-1.7104f,0f,0f,0f,1f],start_interpolation: 0,interpolation_duration: 1}
$data merge entity $(left_knee) {transformation: [-3.0417f,0f,0f,0.7768f,0f,2.4132f,1.8517f,3.4266f,0f,1.8517f,-2.4132f,0.5254f,0f,0f,0f,1f],start_interpolation: 0,interpolation_duration: 1}
$data merge entity $(left_leg) {transformation: [-1.718f,0f,0f,0.7054f,0f,-0.1497f,-1.7114f,2.896f,0f,-1.7114f,0.1497f,-1.8145f,0f,0f,0f,1f],start_interpolation: 0,interpolation_duration: 1}
$data merge entity $(right_cheek) {transformation: [-0.9829f,0.1027f,0.1529f,-0.3797f,0.1164f,0.9897f,0.0838f,3.9954f,-0.1427f,0.1002f,-0.9847f,-2.1121f,0f,0f,0f,1f],start_interpolation: 0,interpolation_duration: 1}
$data merge entity $(right_foot) {transformation: [-0.9751f,-0.2077f,0.2267f,0.1174f,0f,0.7538f,0.6907f,0.8476f,-0.3074f,0.6587f,-0.7189f,-4.324f,0f,0f,0f,1f],start_interpolation: 0,interpolation_duration: 1}
$data merge entity $(right_knee) {transformation: [-2.901f,-0.9112f,-0.0797f,-1.2302f,0f,-0.2651f,3.0302f,0.6046f,-0.9147f,2.8899f,0.2528f,-0.3402f,0f,0f,0f,1f],start_interpolation: 0,interpolation_duration: 1}
$data merge entity $(right_leg) {transformation: [-1.6385f,0.2963f,0.4232f,-0.6997f,0f,1.4073f,-0.9854f,2.8881f,-0.5166f,-0.9398f,-1.3421f,-1.785f,0f,0f,0f,1f],start_interpolation: 0,interpolation_duration: 1}
$data merge entity $(weist) {transformation: [-1.6223f,0f,0f,0f,0f,1.5671f,0.4199f,4.5129f,0f,0.4199f,-1.5671f,-1.4713f,0f,0f,0f,1f],start_interpolation: 0,interpolation_duration: 1}
data modify storage animated_java:temp entry.data merge value {"locators":{"consume":{"px":-2.1118468264,"py":2.0990173476,"pz":-1.807482662,"ry":318.958690285,"rx":7.3380304519}}}
# Data Manager: Prepare for Read / Write
execute store result storage animated_java:temp args.id int 1 run scoreboard players get @s aj.id
# Data Manager: Write
function animated_java:global/data_manager/write with storage animated_java:temp args