# This file was generated by Animated Java via MC-Build. It is not recommended to edit this file directly.
$data merge entity $(neck) {transformation: [-0.9673f,0.0597f,0.2463f,-0.0448f,0.1223f,0.9612f,0.2471f,6.3479f,-0.222f,0.2692f,-0.9372f,-0.3782f,0f,0f,0f,1f],start_interpolation: 0,interpolation_duration: 1}
$data merge entity $(right_thumb_2) {transformation: [-0.5527f,0.4179f,-0.721f,-3.2257f,0.4747f,0.869f,0.1397f,4.5185f,0.6849f,-0.265f,-0.6787f,-2.0547f,0f,0f,0f,1f],start_interpolation: 0,interpolation_duration: 1}
$data merge entity $(right_thumb) {transformation: [-0.5527f,-0.1269f,-0.8236f,-3.3368f,0.4747f,0.7643f,-0.4364f,4.841f,0.6849f,-0.6322f,-0.3622f,-2.1515f,0f,0f,0f,1f],start_interpolation: 0,interpolation_duration: 1}
$data merge entity $(right_fingers2) {transformation: [-0.8786f,-0.3714f,-0.3002f,-4.0183f,-0.2986f,0.9178f,-0.2617f,4.3624f,0.3727f,-0.1402f,-0.9173f,-1.8797f,0f,0f,0f,1f],start_interpolation: 0,interpolation_duration: 1}
$data merge entity $(right_fingers) {transformation: [-0.6863f,0.6624f,-0.3002f,-3.8511f,0.7271f,0.6347f,-0.2617f,4.5619f,0.0172f,-0.3979f,-0.9173f,-1.9994f,0f,0f,0f,1f],start_interpolation: 0,interpolation_duration: 1}
$data merge entity $(scout) {transformation: [0f,0f,0f,-3.7378f,0f,0f,0f,4.4243f,0f,0f,0f,-2.1135f,0f,0f,0f,1f],start_interpolation: 0,interpolation_duration: 1}
$data merge entity $(right_hand) {transformation: [-0.6416f,0.7058f,-0.3002f,-3.4277f,0.767f,0.5859f,-0.2617f,4.9063f,-0.0088f,-0.3982f,-0.9173f,-2.2844f,0f,0f,0f,1f],start_interpolation: 0,interpolation_duration: 1}
$data merge entity $(right_forearm) {transformation: [-0.5889f,0.965f,0.7869f,-1.9213f,0.5188f,0.9815f,-0.8153f,6.3331f,-1.1319f,-0.0522f,-0.7831f,-2.3444f,0f,0f,0f,1f],start_interpolation: 0,interpolation_duration: 1}
$data merge entity $(right_shoulder) {transformation: [-0.5477f,0.6876f,1.1735f,-1.0104f,1.3516f,0.1336f,0.5525f,6.2058f,0.1521f,1.2881f,-0.6837f,-0.7826f,0f,0f,0f,1f],start_interpolation: 0,interpolation_duration: 1}
$data merge entity $(right_arm) {transformation: [-0.9673f,-0.0171f,0.2529f,-0.4677f,0.1223f,0.8424f,0.5247f,6.3853f,-0.222f,0.5385f,-0.8128f,-0.5083f,0f,0f,0f,1f],start_interpolation: 0,interpolation_duration: 1}
$data merge entity $(left_thumb_2) {transformation: [-0.1995f,0.6793f,0.7062f,0.087f,-0.4242f,0.5898f,-0.6871f,4.1352f,-0.8833f,-0.4367f,0.1705f,0.4462f,0f,0f,0f,1f],start_interpolation: 0,interpolation_duration: 1}
$data merge entity $(left_thumb) {transformation: [-0.1995f,0.9401f,-0.2764f,0.423f,-0.4242f,-0.3372f,-0.8405f,4.1015f,-0.8833f,-0.0504f,0.4661f,0.5543f,0f,0f,0f,1f],start_interpolation: 0,interpolation_duration: 1}
$data merge entity $(left_fingers2) {transformation: [0.9274f,0.1835f,0.3259f,-0.1424f,0.0679f,0.7743f,-0.6291f,3.5731f,-0.3678f,0.6056f,0.7057f,0.71f,0f,0f,0f,1f],start_interpolation: 0,interpolation_duration: 1}
$data merge entity $(left_fingers) {transformation: [0.763f,0.5582f,0.3259f,-0.0024f,-0.2657f,0.7305f,-0.6291f,3.7841f,-0.5893f,0.3934f,0.7057f,0.8439f,0f,0f,0f,1f],start_interpolation: 0,interpolation_duration: 1}
$data merge entity $(left_hand) {transformation: [0.0506f,0.8035f,0.5931f,0.5176f,-0.497f,0.5354f,-0.6829f,4.0803f,-0.8663f,-0.2602f,0.4265f,0.6986f,0f,0f,0f,1f],start_interpolation: 0,interpolation_duration: 1}
$data merge entity $(left_forearm) {transformation: [-0.8901f,0.9933f,-0.3437f,1.964f,0.7594f,0.2963f,-1.1103f,4.5177f,-0.7268f,-0.907f,-0.7391f,-0.7244f,0f,0f,0f,1f],start_interpolation: 0,interpolation_duration: 1}
$data merge entity $(left_shoulder) {transformation: [-1.2465f,-0.6244f,0.454f,0.9368f,-0.4113f,1.2669f,0.613f,5.9596f,-0.6533f,0.3938f,-1.2522f,-0.3357f,0f,0f,0f,1f],start_interpolation: 0,interpolation_duration: 1}
$data merge entity $(left_arm) {transformation: [-0.9673f,-0.0171f,0.2529f,0.3885f,0.1223f,0.8424f,0.5247f,6.2771f,-0.222f,0.5385f,-0.8128f,-0.3118f,0f,0f,0f,1f],start_interpolation: 0,interpolation_duration: 1}
$data merge entity $(chest) {transformation: [-1.2368f,-0.0218f,0.3233f,0f,0.1564f,1.0771f,0.6709f,4.8279f,-0.2838f,0.6885f,-1.0392f,-1.4108f,0f,0f,0f,1f],start_interpolation: 0,interpolation_duration: 1}
$data merge entity $(left_cheek) {transformation: [-0.9968f,-0.0213f,0.0766f,0.476f,-0.0268f,0.997f,-0.0722f,3.9874f,-0.0748f,-0.074f,-0.9944f,-2.2679f,0f,0f,0f,1f],start_interpolation: 0,interpolation_duration: 1}
$data merge entity $(left_foot) {transformation: [-1.0224f,0f,0f,0.6895f,0f,1.0224f,0f,0.3085f,0f,0f,-1.0224f,-1.8786f,0f,0f,0f,1f],start_interpolation: 0,interpolation_duration: 1}
$data merge entity $(left_knee) {transformation: [-3.0417f,0f,0f,0.7768f,0f,2.4132f,1.8517f,3.4266f,0f,1.8517f,-2.4132f,0.3571f,0f,0f,0f,1f],start_interpolation: 0,interpolation_duration: 1}
$data merge entity $(left_leg) {transformation: [-1.718f,0f,0f,0.7054f,0f,-0.1497f,-1.7114f,2.896f,0f,-1.7114f,0.1497f,-1.9828f,0f,0f,0f,1f],start_interpolation: 0,interpolation_duration: 1}
$data merge entity $(right_cheek) {transformation: [-0.9829f,0.1027f,0.1529f,-0.3797f,0.1164f,0.9897f,0.0838f,3.9954f,-0.1427f,0.1002f,-0.9847f,-2.2804f,0f,0f,0f,1f],start_interpolation: 0,interpolation_duration: 1}
$data merge entity $(right_foot) {transformation: [-0.9751f,-0.2077f,0.2267f,0.1174f,0f,0.7538f,0.6907f,0.8476f,-0.3074f,0.6587f,-0.7189f,-4.4923f,0f,0f,0f,1f],start_interpolation: 0,interpolation_duration: 1}
$data merge entity $(right_knee) {transformation: [-2.901f,-0.9112f,-0.0797f,-1.2302f,0f,-0.2651f,3.0302f,0.6046f,-0.9147f,2.8899f,0.2528f,-0.5085f,0f,0f,0f,1f],start_interpolation: 0,interpolation_duration: 1}
$data merge entity $(right_leg) {transformation: [-1.6385f,0.2963f,0.4232f,-0.6997f,0f,1.4073f,-0.9854f,2.8881f,-0.5166f,-0.9398f,-1.3421f,-1.9532f,0f,0f,0f,1f],start_interpolation: 0,interpolation_duration: 1}
$data merge entity $(weist) {transformation: [-1.6223f,0f,0f,0f,0f,1.5671f,0.4199f,4.5129f,0f,0.4199f,-1.5671f,-1.6396f,0f,0f,0f,1f],start_interpolation: 0,interpolation_duration: 1}
data modify storage animated_java:temp entry.data merge value {"locators":{"consume":{"px":-3.8057070324,"py":4.303765961,"pz":-2.0148518299,"ry":341.8755540099,"rx":-15.1681408141}}}
# Data Manager: Prepare for Read / Write
execute store result storage animated_java:temp args.id int 1 run scoreboard players get @s aj.id
# Data Manager: Write
function animated_java:global/data_manager/write with storage animated_java:temp args
execute unless entity @s[tag=aj.transforms_only] at @s run function animated_java:female/animations/consume/zzz/frames/4_root_function