# This file was generated by Animated Java via MC-Build. It is not recommended to edit this file directly.
$data merge entity $(neck) {transformation: [-0.9624f,0.0566f,0.2658f,-0.062f,0.1294f,0.9556f,0.2649f,6.3274f,-0.239f,0.2893f,-0.9269f,-0.4034f,0f,0f,0f,1f],start_interpolation: 0,interpolation_duration: 1}
$data merge entity $(right_thumb_2) {transformation: [-0.3272f,0.4644f,-0.823f,-3.5661f,0.5729f,0.7901f,0.2181f,4.9228f,0.7515f,-0.4001f,-0.5246f,-1.7928f,0f,0f,0f,1f],start_interpolation: 0,interpolation_duration: 1}
$data merge entity $(right_thumb) {transformation: [-0.3272f,-0.1732f,-0.9289f,-3.6572f,0.5729f,0.7454f,-0.3408f,5.2524f,0.7515f,-0.6437f,-0.1446f,-1.8864f,0f,0f,0f,1f],start_interpolation: 0,interpolation_duration: 1}
$data merge entity $(right_fingers2) {transformation: [-0.8998f,-0.0687f,-0.431f,-4.3992f,0.0765f,0.9475f,-0.3106f,4.967f,0.4297f,-0.3124f,-0.8472f,-1.4994f,0f,0f,0f,1f],start_interpolation: 0,interpolation_duration: 1}
$data merge entity $(right_fingers) {transformation: [-0.4425f,0.7864f,-0.431f,-4.1908f,0.891f,0.3311f,-0.3106f,5.0842f,-0.1015f,-0.5214f,-0.8472f,-1.6571f,0f,0f,0f,1f],start_interpolation: 0,interpolation_duration: 1}
$data merge entity $(scout) {transformation: [0f,0f,0f,-4.1131f,0f,0f,0f,4.9171f,0f,0f,0f,-1.7613f,0f,0f,0f,1f],start_interpolation: 0,interpolation_duration: 1}
$data merge entity $(right_hand) {transformation: [-0.5093f,0.7449f,-0.431f,-3.7498f,0.8588f,0.4075f,-0.3106f,5.3165f,-0.0557f,-0.5283f,-0.8472f,-2.0187f,0f,0f,0f,1f],start_interpolation: 0,interpolation_duration: 1}
$data merge entity $(right_forearm) {transformation: [-0.6366f,1.0759f,0.5782f,-2.082f,0.5987f,0.8432f,-0.9098f,6.5283f,-1.0646f,-0.1692f,-0.8574f,-2.2604f,0f,0f,0f,1f],start_interpolation: 0,interpolation_duration: 1}
$data merge entity $(right_shoulder) {transformation: [-0.34f,0.8455f,1.1487f,-1.0196f,1.3996f,-0.0296f,0.436f,6.196f,0.2746f,1.1975f,-0.8002f,-0.83f,0f,0f,0f,1f],start_interpolation: 0,interpolation_duration: 1}
$data merge entity $(right_arm) {transformation: [-0.9624f,-0.0259f,0.2705f,-0.4821f,0.1294f,0.8317f,0.54f,6.3685f,-0.239f,0.5547f,-0.797f,-0.5413f,0f,0f,0f,1f],start_interpolation: 0,interpolation_duration: 1}
$data merge entity $(left_thumb_2) {transformation: [-0.1895f,0.7024f,0.6861f,0.0362f,-0.4161f,0.5755f,-0.704f,4.1531f,-0.8893f,-0.4189f,0.1832f,0.3863f,0f,0f,0f,1f],start_interpolation: 0,interpolation_duration: 1}
$data merge entity $(left_thumb) {transformation: [-0.1895f,0.9329f,-0.3062f,0.3687f,-0.4161f,-0.3588f,-0.8355f,4.1111f,-0.8893f,-0.0309f,0.4562f,0.5018f,0f,0f,0f,1f],start_interpolation: 0,interpolation_duration: 1}
$data merge entity $(left_fingers2) {transformation: [0.9367f,0.1878f,0.2954f,-0.2121f,0.0477f,0.7676f,-0.6392f,3.5954f,-0.3468f,0.6128f,0.7101f,0.6426f,0f,0f,0f,1f],start_interpolation: 0,interpolation_duration: 1}
$data merge entity $(left_fingers) {transformation: [0.7696f,0.5661f,0.2954f,-0.0703f,-0.2812f,0.7158f,-0.6392f,3.8027f,-0.5733f,0.4088f,0.7101f,0.7805f,0f,0f,0f,1f],start_interpolation: 0,interpolation_duration: 1}
$data merge entity $(left_hand) {transformation: [0.0584f,0.8213f,0.5674f,0.4596f,-0.4948f,0.5175f,-0.6981f,4.0872f,-0.867f,-0.24f,0.4366f,0.648f,0f,0f,0f,1f],start_interpolation: 0,interpolation_duration: 1}
$data merge entity $(left_forearm) {transformation: [-0.8558f,1.02f,-0.3527f,1.9472f,0.7826f,0.2765f,-1.0992f,4.4961f,-0.7432f,-0.8834f,-0.7513f,-0.7406f,0f,0f,0f,1f],start_interpolation: 0,interpolation_duration: 1}
$data merge entity $(left_shoulder) {transformation: [-1.2341f,-0.6276f,0.4827f,0.9176f,-0.3948f,1.2626f,0.6323f,5.9356f,-0.6863f,0.4022f,-1.2317f,-0.3489f,0f,0f,0f,1f],start_interpolation: 0,interpolation_duration: 1}
$data merge entity $(left_arm) {transformation: [-0.9624f,-0.0259f,0.2705f,0.3697f,0.1294f,0.8317f,0.54f,6.254f,-0.239f,0.5547f,-0.797f,-0.3297f,0f,0f,0f,1f],start_interpolation: 0,interpolation_duration: 1}
$data merge entity $(chest) {transformation: [-1.2304f,-0.0331f,0.3459f,0f,0.1654f,1.0633f,0.6904f,4.8279f,-0.3056f,0.7091f,-1.019f,-1.4648f,0f,0f,0f,1f],start_interpolation: 0,interpolation_duration: 1}
$data merge entity $(left_cheek) {transformation: [-0.9968f,-0.0213f,0.0766f,0.476f,-0.0268f,0.997f,-0.0722f,3.9874f,-0.0748f,-0.074f,-0.9944f,-2.3219f,0f,0f,0f,1f],start_interpolation: 0,interpolation_duration: 1}
$data merge entity $(left_foot) {transformation: [-1.0224f,0f,0f,0.6895f,0f,1.0224f,0f,0.3085f,0f,0f,-1.0224f,-1.9326f,0f,0f,0f,1f],start_interpolation: 0,interpolation_duration: 1}
$data merge entity $(left_knee) {transformation: [-3.0417f,0f,0f,0.7768f,0f,2.4132f,1.8517f,3.4266f,0f,1.8517f,-2.4132f,0.3031f,0f,0f,0f,1f],start_interpolation: 0,interpolation_duration: 1}
$data merge entity $(left_leg) {transformation: [-1.718f,0f,0f,0.7054f,0f,-0.1497f,-1.7114f,2.896f,0f,-1.7114f,0.1497f,-2.0368f,0f,0f,0f,1f],start_interpolation: 0,interpolation_duration: 1}
$data merge entity $(right_cheek) {transformation: [-0.9829f,0.1027f,0.1529f,-0.3797f,0.1164f,0.9897f,0.0838f,3.9954f,-0.1427f,0.1002f,-0.9847f,-2.3344f,0f,0f,0f,1f],start_interpolation: 0,interpolation_duration: 1}
$data merge entity $(right_foot) {transformation: [-0.9751f,-0.2077f,0.2267f,0.1174f,0f,0.7538f,0.6907f,0.8476f,-0.3074f,0.6587f,-0.7189f,-4.5463f,0f,0f,0f,1f],start_interpolation: 0,interpolation_duration: 1}
$data merge entity $(right_knee) {transformation: [-2.901f,-0.9112f,-0.0797f,-1.2302f,0f,-0.2651f,3.0302f,0.6046f,-0.9147f,2.8899f,0.2528f,-0.5625f,0f,0f,0f,1f],start_interpolation: 0,interpolation_duration: 1}
$data merge entity $(right_leg) {transformation: [-1.6385f,0.2963f,0.4232f,-0.6997f,0f,1.4073f,-0.9854f,2.8881f,-0.5166f,-0.9398f,-1.3421f,-2.0072f,0f,0f,0f,1f],start_interpolation: 0,interpolation_duration: 1}
$data merge entity $(weist) {transformation: [-1.6223f,0f,0f,0f,0f,1.5671f,0.4199f,4.5129f,0f,0.4199f,-1.5671f,-1.6936f,0f,0f,0f,1f],start_interpolation: 0,interpolation_duration: 1}
data modify storage animated_java:temp entry.data merge value {"locators":{"consume":{"px":-4.1887060155,"py":4.8221165931,"pz":-1.6424609606,"ry":333.0388460252,"rx":-18.0933641497}}}
# Data Manager: Prepare for Read / Write
execute store result storage animated_java:temp args.id int 1 run scoreboard players get @s aj.id
# Data Manager: Write
function animated_java:global/data_manager/write with storage animated_java:temp args