# This file was generated by Animated Java via MC-Build. It is not recommended to edit this file directly.
$data merge entity $(neck) {transformation: [-0.968f,0.0446f,0.2471f,-0.0716f,0.117f,0.9509f,0.2865f,6.3063f,-0.2222f,0.3063f,-0.9257f,-0.4132f,0f,0f,0f,1f],start_interpolation: 0,interpolation_duration: 1}
$data merge entity $(right_thumb_2) {transformation: [-0.1083f,0.4267f,-0.8979f,-3.9754f,0.5198f,0.7942f,0.3147f,5.0081f,0.8474f,-0.4326f,-0.3078f,-1.2249f,0f,0f,0f,1f],start_interpolation: 0,interpolation_duration: 1}
$data merge entity $(right_thumb) {transformation: [-0.1083f,-0.2505f,-0.9621f,-4.0584f,0.5198f,0.8107f,-0.2696f,5.3498f,0.8474f,-0.5292f,0.0424f,-1.2701f,0f,0f,0f,1f],start_interpolation: 0,interpolation_duration: 1}
$data merge entity $(right_fingers2) {transformation: [-0.8042f,0.056f,-0.5917f,-4.7592f,0.2305f,0.947f,-0.2236f,5.1268f,0.5479f,-0.3162f,-0.7745f,-0.7743f,0f,0f,0f,1f],start_interpolation: 0,interpolation_duration: 1}
$data merge entity $(right_fingers) {transformation: [-0.3056f,0.746f,-0.5917f,-4.5596f,0.9513f,0.2123f,-0.2236f,5.2124f,-0.0412f,-0.6313f,-0.7745f,-0.9611f,0f,0f,0f,1f],start_interpolation: 0,interpolation_duration: 1}
$data merge entity $(scout) {transformation: [0f,0f,0f,-4.5156f,0f,0f,0f,5.0461f,0f,0f,0f,-1.0843f,0f,0f,0f,1f],start_interpolation: 0,interpolation_duration: 1}
$data merge entity $(right_hand) {transformation: [-0.4318f,0.6807f,-0.5917f,-4.1655f,0.8992f,0.376f,-0.2236f,5.429f,0.0703f,-0.6287f,-0.7745f,-1.3818f,0f,0f,0f,1f],start_interpolation: 0,interpolation_duration: 1}
$data merge entity $(right_forearm) {transformation: [-0.8078f,1.0767f,0.2919f,-2.4998f,0.8102f,0.814f,-0.7603f,6.5935f,-0.7669f,-0.2742f,-1.1108f,-1.8033f,0f,0f,0f,1f],start_interpolation: 0,interpolation_duration: 1}
$data merge entity $(right_shoulder) {transformation: [-0.2366f,1.1857f,0.8294f,-1.0331f,1.3558f,-0.112f,0.5469f,6.1661f,0.5056f,0.8552f,-1.0783f,-0.8278f,0f,0f,0f,1f],start_interpolation: 0,interpolation_duration: 1}
$data merge entity $(right_arm) {transformation: [-0.968f,-0.0318f,0.2491f,-0.4943f,0.117f,0.8207f,0.5592f,6.3426f,-0.2222f,0.5704f,-0.7907f,-0.544f,0f,0f,0f,1f],start_interpolation: 0,interpolation_duration: 1}
$data merge entity $(left_thumb_2) {transformation: [-0.1797f,0.7196f,0.6708f,-0.0002f,-0.4316f,0.5551f,-0.7111f,4.1897f,-0.884f,-0.4173f,0.2108f,0.3542f,0f,0f,0f,1f],start_interpolation: 0,interpolation_duration: 1}
$data merge entity $(left_thumb) {transformation: [-0.1797f,0.9272f,-0.3285f,0.3294f,-0.4316f,-0.3744f,-0.8207f,4.1448f,-0.884f,-0.0057f,0.4675f,0.4769f,0f,0f,0f,1f],start_interpolation: 0,interpolation_duration: 1}
$data merge entity $(left_fingers2) {transformation: [0.9437f,0.1891f,0.2714f,-0.2624f,0.0252f,0.7771f,-0.6289f,3.6417f,-0.3298f,0.6003f,0.7286f,0.6172f,0f,0f,0f,1f],start_interpolation: 0,interpolation_duration: 1}
$data merge entity $(left_fingers) {transformation: [0.7754f,0.5702f,0.2714f,-0.1198f,-0.3056f,0.7149f,-0.6289f,3.8494f,-0.5526f,0.4047f,0.7286f,0.7534f,0f,0f,0f,1f],start_interpolation: 0,interpolation_duration: 1}
$data merge entity $(left_hand) {transformation: [0.0664f,0.8342f,0.5475f,0.4171f,-0.5138f,0.4989f,-0.6979f,4.1224f,-0.8554f,-0.2349f,0.4617f,0.6252f,0f,0f,0f,1f],start_interpolation: 0,interpolation_duration: 1}
$data merge entity $(left_forearm) {transformation: [-0.8286f,1.0408f,-0.3568f,1.937f,0.7806f,0.2413f,-1.1088f,4.478f,-0.7753f,-0.8693f,-0.735f,-0.7429f,0f,0f,0f,1f],start_interpolation: 0,interpolation_duration: 1}
$data merge entity $(left_shoulder) {transformation: [-1.2374f,-0.6206f,0.4832f,0.9154f,-0.4035f,1.2741f,0.603f,5.9306f,-0.6752f,0.3759f,-1.2461f,-0.3806f,0f,0f,0f,1f],start_interpolation: 0,interpolation_duration: 1}
$data merge entity $(left_arm) {transformation: [-0.968f,-0.0318f,0.2491f,0.3624f,0.117f,0.8207f,0.5592f,6.2391f,-0.2222f,0.5704f,-0.7907f,-0.3473f,0f,0f,0f,1f],start_interpolation: 0,interpolation_duration: 1}
$data merge entity $(chest) {transformation: [-1.2376f,-0.0406f,0.3184f,0f,0.1495f,1.0493f,0.715f,4.8279f,-0.2841f,0.7293f,-1.011f,-1.5032f,0f,0f,0f,1f],start_interpolation: 0,interpolation_duration: 1}
$data merge entity $(left_cheek) {transformation: [-0.9968f,-0.0213f,0.0766f,0.476f,-0.0268f,0.997f,-0.0722f,3.9874f,-0.0748f,-0.074f,-0.9944f,-2.3603f,0f,0f,0f,1f],start_interpolation: 0,interpolation_duration: 1}
$data merge entity $(left_foot) {transformation: [-1.0224f,0f,0f,0.6895f,0f,1.0224f,0f,0.3085f,0f,0f,-1.0224f,-1.9711f,0f,0f,0f,1f],start_interpolation: 0,interpolation_duration: 1}
$data merge entity $(left_knee) {transformation: [-3.0417f,0f,0f,0.7768f,0f,2.4132f,1.8517f,3.4266f,0f,1.8517f,-2.4132f,0.2647f,0f,0f,0f,1f],start_interpolation: 0,interpolation_duration: 1}
$data merge entity $(left_leg) {transformation: [-1.718f,0f,0f,0.7054f,0f,-0.1497f,-1.7114f,2.896f,0f,-1.7114f,0.1497f,-2.0753f,0f,0f,0f,1f],start_interpolation: 0,interpolation_duration: 1}
$data merge entity $(right_cheek) {transformation: [-0.9829f,0.1027f,0.1529f,-0.3797f,0.1164f,0.9897f,0.0838f,3.9954f,-0.1427f,0.1002f,-0.9847f,-2.3728f,0f,0f,0f,1f],start_interpolation: 0,interpolation_duration: 1}
$data merge entity $(right_foot) {transformation: [-0.9751f,-0.2077f,0.2267f,0.1174f,0f,0.7538f,0.6907f,0.8476f,-0.3074f,0.6587f,-0.7189f,-4.5847f,0f,0f,0f,1f],start_interpolation: 0,interpolation_duration: 1}
$data merge entity $(right_knee) {transformation: [-2.901f,-0.9112f,-0.0797f,-1.2302f,0f,-0.2651f,3.0302f,0.6046f,-0.9147f,2.8899f,0.2528f,-0.6009f,0f,0f,0f,1f],start_interpolation: 0,interpolation_duration: 1}
$data merge entity $(right_leg) {transformation: [-1.6385f,0.2963f,0.4232f,-0.6997f,0f,1.4073f,-0.9854f,2.8881f,-0.5166f,-0.9398f,-1.3421f,-2.0457f,0f,0f,0f,1f],start_interpolation: 0,interpolation_duration: 1}
$data merge entity $(weist) {transformation: [-1.6223f,0f,0f,0f,0f,1.5671f,0.4199f,4.5129f,0f,0.4199f,-1.5671f,-1.732f,0f,0f,0f,1f],start_interpolation: 0,interpolation_duration: 1}
data modify storage animated_java:temp entry.data merge value {"locators":{"consume":{"px":-4.5788090145,"py":4.9506515325,"pz":-0.9587096218,"ry":322.618143415,"rx":-12.9234351581}}}
# Data Manager: Prepare for Read / Write
execute store result storage animated_java:temp args.id int 1 run scoreboard players get @s aj.id
# Data Manager: Write
function animated_java:global/data_manager/write with storage animated_java:temp args