# This file was generated by Animated Java via MC-Build. It is not recommended to edit this file directly.
$data merge entity $(neck) {transformation: [-0.9895f,0.0078f,0.1446f,-0.0736f,0.0579f,0.9366f,0.3457f,6.2457f,-0.1327f,0.3504f,-0.9271f,-0.4207f,0f,0f,0f,1f],start_interpolation: 0,interpolation_duration: 1}
$data merge entity $(right_thumb_2) {transformation: [0.2748f,0.1746f,-0.9455f,-3.7262f,0.4695f,0.8338f,0.2904f,3.9056f,0.8391f,-0.5237f,0.1472f,0.8286f,0f,0f,0f,1f],start_interpolation: 0,interpolation_duration: 1}
$data merge entity $(right_thumb) {transformation: [0.2748f,-0.4481f,-0.8507f,-3.8176f,0.4695f,0.8346f,-0.288f,4.2478f,0.8391f,-0.3202f,0.4398f,0.8438f,0f,0f,0f,1f],start_interpolation: 0,interpolation_duration: 1}
$data merge entity $(right_fingers2) {transformation: [-0.485f,-0.0179f,-0.8743f,-4.245f,0.2825f,0.943f,-0.176f,4.0091f,0.8276f,-0.3324f,-0.4523f,1.5847f,0f,0f,0f,1f],start_interpolation: 0,interpolation_duration: 1}
$data merge entity $(right_fingers) {transformation: [-0.241f,0.4213f,-0.8743f,-4.1382f,0.9664f,0.1874f,-0.176f,4.0885f,0.0897f,-0.8873f,-0.4523f,1.331f,0f,0f,0f,1f],start_interpolation: 0,interpolation_duration: 1}
$data merge entity $(scout) {transformation: [0f,0f,0f,-4.156f,0f,0f,0f,3.9306f,0f,0f,0f,1.1912f,0f,0f,0f,1f],start_interpolation: 0,interpolation_duration: 1}
$data merge entity $(right_hand) {transformation: [-0.337f,0.3492f,-0.8743f,-3.9606f,0.8908f,0.4189f,-0.176f,4.3335f,0.3048f,-0.8382f,-0.4523f,0.7947f,0f,0f,0f,1f],start_interpolation: 0,interpolation_duration: 1}
$data merge entity $(right_forearm) {transformation: [-0.9767f,0.8016f,-0.5484f,-2.7328f,0.9521f,0.9436f,-0.3166f,5.7034f,0.1914f,-0.6036f,-1.2232f,-0.1667f,0f,0f,0f,1f],start_interpolation: 0,interpolation_duration: 1}
$data merge entity $(right_shoulder) {transformation: [-0.0782f,1.3468f,-0.5743f,-1.0566f,0.9752f,0.4769f,0.9856f,6.0566f,1.0921f,-0.3294f,-0.9212f,-0.7588f,0f,0f,0f,1f],start_interpolation: 0,interpolation_duration: 1}
$data merge entity $(right_arm) {transformation: [-0.9895f,-0.036f,0.1402f,-0.5078f,0.0579f,0.7893f,0.6113f,6.2578f,-0.1327f,0.613f,-0.7789f,-0.513f,0f,0f,0f,1f],start_interpolation: 0,interpolation_duration: 1}
$data merge entity $(left_thumb_2) {transformation: [-0.147f,0.7568f,0.637f,-0.0693f,-0.5104f,0.4936f,-0.7042f,4.311f,-0.8473f,-0.4286f,0.3137f,0.2919f,0f,0f,0f,1f],start_interpolation: 0,interpolation_duration: 1}
$data merge entity $(left_thumb) {transformation: [-0.147f,0.9144f,-0.3771f,0.252f,-0.5104f,-0.3967f,-0.763f,4.2698f,-0.8473f,0.0803f,0.525f,0.4359f,0f,0f,0f,1f],start_interpolation: 0,interpolation_duration: 1}
$data merge entity $(left_fingers2) {transformation: [0.9598f,0.1815f,0.2141f,-0.3614f,-0.0309f,0.8265f,-0.5621f,3.7978f,-0.279f,0.5329f,0.7989f,0.5912f,0f,0f,0f,1f],start_interpolation: 0,interpolation_duration: 1}
$data merge entity $(left_fingers) {transformation: [0.7932f,0.5701f,0.2141f,-0.2197f,-0.3773f,0.736f,-0.5621f,4.0141f,-0.478f,0.365f,0.7989f,0.7146f,0f,0f,0f,1f],start_interpolation: 0,interpolation_duration: 1}
$data merge entity $(left_hand) {transformation: [0.0947f,0.8601f,0.5013f,0.3312f,-0.5957f,0.4525f,-0.6637f,4.2597f,-0.7976f,-0.2358f,0.5552f,0.5903f,0f,0f,0f,1f],start_interpolation: 0,interpolation_duration: 1}
$data merge entity $(left_forearm) {transformation: [-0.7633f,1.0911f,-0.3522f,1.9298f,0.7227f,0.1295f,-1.1653f,4.4423f,-0.8901f,-0.8306f,-0.6443f,-0.721f,0f,0f,0f,1f],start_interpolation: 0,interpolation_duration: 1}
$data merge entity $(left_shoulder) {transformation: [-1.2625f,-0.5952f,0.4492f,0.9352f,-0.459f,1.3164f,0.4541f,5.9401f,-0.5876f,0.2504f,-1.3198f,-0.4917f,0f,0f,0f,1f],start_interpolation: 0,interpolation_duration: 1}
$data merge entity $(left_arm) {transformation: [-0.9895f,-0.036f,0.1402f,0.368f,0.0579f,0.7893f,0.6113f,6.2066f,-0.1327f,0.613f,-0.7789f,-0.3955f,0f,0f,0f,1f],start_interpolation: 0,interpolation_duration: 1}
$data merge entity $(chest) {transformation: [-1.2651f,-0.0461f,0.1793f,0f,0.074f,1.0091f,0.7816f,4.8279f,-0.1697f,0.7838f,-0.9958f,-1.5883f,0f,0f,0f,1f],start_interpolation: 0,interpolation_duration: 1}
$data merge entity $(left_cheek) {transformation: [-0.9968f,-0.0213f,0.0766f,0.476f,-0.0268f,0.997f,-0.0722f,3.9874f,-0.0748f,-0.074f,-0.9944f,-2.4454f,0f,0f,0f,1f],start_interpolation: 0,interpolation_duration: 1}
$data merge entity $(left_foot) {transformation: [-1.0224f,0f,0f,0.6895f,0f,1.0224f,0f,0.3085f,0f,0f,-1.0224f,-2.0562f,0f,0f,0f,1f],start_interpolation: 0,interpolation_duration: 1}
$data merge entity $(left_knee) {transformation: [-3.0417f,0f,0f,0.7768f,0f,2.4132f,1.8517f,3.4266f,0f,1.8517f,-2.4132f,0.1796f,0f,0f,0f,1f],start_interpolation: 0,interpolation_duration: 1}
$data merge entity $(left_leg) {transformation: [-1.718f,0f,0f,0.7054f,0f,-0.1497f,-1.7114f,2.896f,0f,-1.7114f,0.1497f,-2.1604f,0f,0f,0f,1f],start_interpolation: 0,interpolation_duration: 1}
$data merge entity $(right_cheek) {transformation: [-0.9829f,0.1027f,0.1529f,-0.3797f,0.1164f,0.9897f,0.0838f,3.9954f,-0.1427f,0.1002f,-0.9847f,-2.4579f,0f,0f,0f,1f],start_interpolation: 0,interpolation_duration: 1}
$data merge entity $(right_foot) {transformation: [-0.9751f,-0.2077f,0.2267f,0.1174f,0f,0.7538f,0.6907f,0.8476f,-0.3074f,0.6587f,-0.7189f,-4.6698f,0f,0f,0f,1f],start_interpolation: 0,interpolation_duration: 1}
$data merge entity $(right_knee) {transformation: [-2.901f,-0.9112f,-0.0797f,-1.2302f,0f,-0.2651f,3.0302f,0.6046f,-0.9147f,2.8899f,0.2528f,-0.686f,0f,0f,0f,1f],start_interpolation: 0,interpolation_duration: 1}
$data merge entity $(right_leg) {transformation: [-1.6385f,0.2963f,0.4232f,-0.6997f,0f,1.4073f,-0.9854f,2.8881f,-0.5166f,-0.9398f,-1.3421f,-2.1308f,0f,0f,0f,1f],start_interpolation: 0,interpolation_duration: 1}
$data merge entity $(weist) {transformation: [-1.6223f,0f,0f,0f,0f,1.5671f,0.4199f,4.5129f,0f,0.4199f,-1.5671f,-1.8171f,0f,0f,0f,1f],start_interpolation: 0,interpolation_duration: 1}
data modify storage animated_java:temp entry.data merge value {"locators":{"consume":{"px":-4.160678364,"py":3.8269693641,"pz":1.3257588852,"ry":297.3535043159,"rx":-10.1393131526}}}
# Data Manager: Prepare for Read / Write
execute store result storage animated_java:temp args.id int 1 run scoreboard players get @s aj.id
# Data Manager: Write
function animated_java:global/data_manager/write with storage animated_java:temp args
execute unless entity @s[tag=aj.transforms_only] at @s run function animated_java:female/animations/consume/zzz/frames/8_root_function