# This file was generated by Animated Java via MC-Build. It is not recommended to edit this file directly.
$data merge entity $(neck) {transformation: [-0.997f,-0.0091f,0.0769f,-0.0623f,0.0204f,0.9271f,0.3743f,6.212f,-0.0747f,0.3747f,-0.9241f,-0.4215f,0f,0f,0f,1f],start_interpolation: 0,interpolation_duration: 1}
$data merge entity $(right_thumb_2) {transformation: [0.2211f,-0.1028f,-0.9698f,-2.5466f,0.5743f,0.8174f,0.0443f,3.0142f,0.7882f,-0.5668f,0.2398f,1.3778f,0f,0f,0f,1f],start_interpolation: 0,interpolation_duration: 1}
$data merge entity $(right_thumb) {transformation: [0.2211f,-0.681f,-0.6981f,-2.7231f,0.5743f,0.6694f,-0.4712f,3.3214f,0.7882f,-0.2967f,0.5392f,1.3916f,0f,0f,0f,1f],start_interpolation: 0,interpolation_duration: 1}
$data merge entity $(right_fingers2) {transformation: [-0.4151f,-0.3295f,-0.848f,-2.9691f,0.1374f,0.8987f,-0.4165f,3.0055f,0.8993f,-0.2894f,-0.3278f,2.1836f,0f,0f,0f,1f],start_interpolation: 0,interpolation_duration: 1}
$data merge entity $(right_fingers) {transformation: [-0.4822f,0.22f,-0.848f,-2.9262f,0.863f,0.2859f,-0.4165f,3.1082f,0.1508f,-0.9327f,-0.3278f,1.9197f,0f,0f,0f,1f],start_interpolation: 0,interpolation_duration: 1}
$data merge entity $(scout) {transformation: [0f,0f,0f,-2.9197f,0f,0f,0f,2.9446f,0f,0f,0f,1.7856f,0f,0f,0f,1f],start_interpolation: 0,interpolation_duration: 1}
$data merge entity $(right_hand) {transformation: [-0.5167f,0.1181f,-0.848f,-2.8885f,0.7874f,0.4544f,-0.4165f,3.365f,0.3361f,-0.883f,-0.3278f,1.3612f,0f,0f,0f,1f],start_interpolation: 0,interpolation_duration: 1}
$data merge entity $(right_forearm) {transformation: [-1.059f,0.4301f,-0.7685f,-2.2247f,0.7315f,1.0989f,-0.393f,4.9751f,0.4904f,-0.7104f,-1.0733f,0.232f,0f,0f,0f,1f],start_interpolation: 0,interpolation_duration: 1}
$data merge entity $(right_shoulder) {transformation: [0.0195f,0.9329f,-1.131f,-1.0548f,0.7286f,0.9754f,0.8171f,5.9911f,1.2723f,-0.5728f,-0.4506f,-0.7083f,0f,0f,0f,1f],start_interpolation: 0,interpolation_duration: 1}
$data merge entity $(right_arm) {transformation: [-0.997f,-0.0319f,0.0706f,-0.5012f,0.0204f,0.7716f,0.6357f,6.2085f,-0.0747f,0.6353f,-0.7687f,-0.4887f,0f,0f,0f,1f],start_interpolation: 0,interpolation_duration: 1}
$data merge entity $(left_thumb_2) {transformation: [-0.1236f,0.7698f,0.6262f,-0.0874f,-0.5606f,0.4665f,-0.6841f,4.3684f,-0.8188f,-0.4357f,0.3739f,0.2579f,0f,0f,0f,1f],start_interpolation: 0,interpolation_duration: 1}
$data merge entity $(left_thumb) {transformation: [-0.1236f,0.9109f,-0.3936f,0.2296f,-0.5606f,-0.3914f,-0.7297f,4.3358f,-0.8188f,0.1305f,0.5591f,0.4134f,0f,0f,0f,1f],start_interpolation: 0,interpolation_duration: 1}
$data merge entity $(left_fingers2) {transformation: [0.9674f,0.1678f,0.1899f,-0.389f,-0.048f,0.8572f,-0.5128f,3.8743f,-0.2488f,0.487f,0.8372f,0.5792f,0f,0f,0f,1f],start_interpolation: 0,interpolation_duration: 1}
$data merge entity $(left_fingers) {transformation: [0.8058f,0.5609f,0.1899f,-0.2505f,-0.4058f,0.7565f,-0.5128f,4.0976f,-0.4313f,0.3362f,0.8372f,0.6933f,0f,0f,0f,1f],start_interpolation: 0,interpolation_duration: 1}
$data merge entity $(left_hand) {transformation: [0.1163f,0.8674f,0.4838f,0.3042f,-0.6428f,0.4371f,-0.6291f,4.335f,-0.7571f,-0.2378f,0.6084f,0.5703f,0f,0f,0f,1f],start_interpolation: 0,interpolation_duration: 1}
$data merge entity $(left_forearm) {transformation: [-0.7359f,1.1148f,-0.3359f,1.9403f,0.6679f,0.0787f,-1.202f,4.4376f,-0.9537f,-0.8051f,-0.5826f,-0.703f,0f,0f,0f,1f],start_interpolation: 0,interpolation_duration: 1}
$data merge entity $(left_shoulder) {transformation: [-1.2751f,-0.5885f,0.4214f,0.9521f,-0.4959f,1.3321f,0.3598f,5.9501f,-0.5273f,0.1703f,-1.3575f,-0.5579f,0f,0f,0f,1f],start_interpolation: 0,interpolation_duration: 1}
$data merge entity $(left_arm) {transformation: [-0.997f,-0.0319f,0.0706f,0.3813f,0.0204f,0.7716f,0.6357f,6.1905f,-0.0747f,0.6353f,-0.7687f,-0.4225f,0f,0f,0f,1f],start_interpolation: 0,interpolation_duration: 1}
$data merge entity $(chest) {transformation: [-1.2747f,-0.0407f,0.0903f,0f,0.026f,0.9866f,0.8128f,4.8279f,-0.0955f,0.8122f,-0.9828f,-1.6295f,0f,0f,0f,1f],start_interpolation: 0,interpolation_duration: 1}
$data merge entity $(left_cheek) {transformation: [-0.9968f,-0.0213f,0.0766f,0.476f,-0.0268f,0.997f,-0.0722f,3.9874f,-0.0748f,-0.074f,-0.9944f,-2.4866f,0f,0f,0f,1f],start_interpolation: 0,interpolation_duration: 1}
$data merge entity $(left_foot) {transformation: [-1.0224f,0f,0f,0.6895f,0f,1.0224f,0f,0.3085f,0f,0f,-1.0224f,-2.0974f,0f,0f,0f,1f],start_interpolation: 0,interpolation_duration: 1}
$data merge entity $(left_knee) {transformation: [-3.0417f,0f,0f,0.7768f,0f,2.4132f,1.8517f,3.4266f,0f,1.8517f,-2.4132f,0.1384f,0f,0f,0f,1f],start_interpolation: 0,interpolation_duration: 1}
$data merge entity $(left_leg) {transformation: [-1.718f,0f,0f,0.7054f,0f,-0.1497f,-1.7114f,2.896f,0f,-1.7114f,0.1497f,-2.2015f,0f,0f,0f,1f],start_interpolation: 0,interpolation_duration: 1}
$data merge entity $(right_cheek) {transformation: [-0.9829f,0.1027f,0.1529f,-0.3797f,0.1164f,0.9897f,0.0838f,3.9954f,-0.1427f,0.1002f,-0.9847f,-2.4991f,0f,0f,0f,1f],start_interpolation: 0,interpolation_duration: 1}
$data merge entity $(right_foot) {transformation: [-0.9751f,-0.2077f,0.2267f,0.1174f,0f,0.7538f,0.6907f,0.8476f,-0.3074f,0.6587f,-0.7189f,-4.711f,0f,0f,0f,1f],start_interpolation: 0,interpolation_duration: 1}
$data merge entity $(right_knee) {transformation: [-2.901f,-0.9112f,-0.0797f,-1.2302f,0f,-0.2651f,3.0302f,0.6046f,-0.9147f,2.8899f,0.2528f,-0.7272f,0f,0f,0f,1f],start_interpolation: 0,interpolation_duration: 1}
$data merge entity $(right_leg) {transformation: [-1.6385f,0.2963f,0.4232f,-0.6997f,0f,1.4073f,-0.9854f,2.8881f,-0.5166f,-0.9398f,-1.3421f,-2.172f,0f,0f,0f,1f],start_interpolation: 0,interpolation_duration: 1}
$data merge entity $(weist) {transformation: [-1.6223f,0f,0f,0f,0f,1.5671f,0.4199f,4.5129f,0f,0.4199f,-1.5671f,-1.8583f,0f,0f,0f,1f],start_interpolation: 0,interpolation_duration: 1}
data modify storage animated_java:temp entry.data merge value {"locators":{"consume":{"px":-2.8800145681,"py":2.8498182094,"pz":1.92089933,"ry":291.1315549231,"rx":-24.6144642839}}}
# Data Manager: Prepare for Read / Write
execute store result storage animated_java:temp args.id int 1 run scoreboard players get @s aj.id
# Data Manager: Write
function animated_java:global/data_manager/write with storage animated_java:temp args