# This file was generated by Animated Java via MC-Build. It is not recommended to edit this file directly.
$data merge entity $(neck) {transformation: [-0.9989f,-0.0227f,-0.0421f,-0.0016f,-0.0329f,0.9652f,0.2596f,6.0149f,0.0348f,0.2607f,-0.9648f,-0.5156f,0f,0f,0f,1f],start_interpolation: 0,interpolation_duration: 1}
$data merge entity $(right_thumb_2) {transformation: [-0.109f,0.8815f,-0.4595f,-4.6464f,0.8682f,0.3095f,0.3879f,4.7502f,0.4841f,-0.3566f,-0.799f,0.7698f,0f,0f,0f,1f],start_interpolation: 0,interpolation_duration: 1}
$data merge entity $(right_thumb) {transformation: [-0.109f,0.4966f,-0.8611f,-4.4906f,0.8682f,0.4694f,0.1609f,5.0277f,0.4841f,-0.7301f,-0.4823f,0.6135f,0f,0f,0f,1f],start_interpolation: 0,interpolation_duration: 1}
$data merge entity $(right_fingers2) {transformation: [-0.572f,-0.6222f,-0.5345f,-5.1383f,-0.8201f,0.4452f,0.3595f,4.6924f,0.0143f,0.644f,-0.7649f,0.8033f,0f,0f,0f,1f],start_interpolation: 0,interpolation_duration: 1}
$data merge entity $(right_fingers) {transformation: [-0.7312f,0.4238f,-0.5345f,-5.0421f,0.2571f,0.897f,0.3595f,4.9579f,0.6318f,0.1254f,-0.7649f,0.8512f,0f,0f,0f,1f],start_interpolation: 0,interpolation_duration: 1}
$data merge entity $(scout) {transformation: [0f,0f,0f,-5.0422f,0f,0f,0f,4.8577f,0f,0f,0f,0.6648f,0f,0f,0f,1f],start_interpolation: 0,interpolation_duration: 1}
$data merge entity $(right_hand) {transformation: [-0.109f,0.8381f,-0.5345f,-4.5504f,0.8682f,0.3421f,0.3595f,5.1796f,0.4841f,-0.4249f,-0.7649f,0.554f,0f,0f,0f,1f],start_interpolation: 0,interpolation_duration: 1}
$data merge entity $(right_forearm) {transformation: [-0.7473f,1.1544f,-0.0783f,-2.7838f,0.8318f,0.4712f,-0.9916f,5.8186f,-0.8043f,-0.5853f,-0.9528f,-0.3286f,0f,0f,0f,1f],start_interpolation: 0,interpolation_duration: 1}
$data merge entity $(right_shoulder) {transformation: [-0.1145f,1.4533f,-0.1566f,-0.9837f,1.4143f,0.0704f,-0.3804f,5.6316f,-0.3695f,-0.1808f,-1.4073f,-0.4292f,0f,0f,0f,1f],start_interpolation: 0,interpolation_duration: 1}
$data merge entity $(right_arm) {transformation: [-0.9848f,0f,-0.1736f,-0.4298f,-0.0665f,0.9239f,0.3769f,5.9399f,0.1604f,0.3827f,-0.9098f,-0.4165f,0f,0f,0f,1f],start_interpolation: 0,interpolation_duration: 1}
$data merge entity $(left_thumb_2) {transformation: [-0.1417f,-0.9815f,0.1285f,4.9347f,-0.8851f,0.1838f,0.4276f,5.3967f,-0.4433f,-0.0531f,-0.8948f,-0.791f,0f,0f,0f,1f],start_interpolation: 0,interpolation_duration: 1}
$data merge entity $(left_thumb) {transformation: [-0.1417f,-0.7588f,0.6357f,4.7026f,-0.8851f,0.3847f,0.2619f,5.648f,-0.4433f,-0.5256f,-0.7261f,-0.8841f,0f,0f,0f,1f],start_interpolation: 0,interpolation_duration: 1}
$data merge entity $(left_fingers2) {transformation: [-0.6494f,0.7299f,0.2135f,5.4151f,0.7377f,0.5364f,0.4099f,5.4045f,0.1847f,0.4237f,-0.8868f,-0.9159f,0f,0f,0f,1f],start_interpolation: 0,interpolation_duration: 1}
$data merge entity $(left_fingers) {transformation: [-0.8531f,-0.476f,0.2135f,5.3051f,-0.364f,0.8363f,0.4099f,5.6561f,-0.3737f,0.272f,-0.8868f,-0.8344f,0f,0f,0f,1f],start_interpolation: 0,interpolation_duration: 1}
$data merge entity $(left_hand) {transformation: [-0.1417f,-0.9666f,0.2135f,4.7201f,-0.8851f,0.2203f,0.4099f,5.8051f,-0.4433f,-0.1309f,-0.8868f,-0.9562f,0f,0f,0f,1f],start_interpolation: 0,interpolation_duration: 1}
$data merge entity $(left_forearm) {transformation: [-0.3392f,-1.3314f,-0.0977f,2.6975f,-0.9051f,0.3035f,-0.9929f,6.1884f,0.9813f,-0.1803f,-0.9496f,-1.2215f,0f,0f,0f,1f],start_interpolation: 0,interpolation_duration: 1}
$data merge entity $(left_shoulder) {transformation: [0.1943f,-1.432f,-0.2478f,0.9987f,-1.4089f,-0.1243f,-0.3865f,5.7654f,0.3565f,0.2893f,-1.3925f,-0.7522f,0f,0f,0f,1f],start_interpolation: 0,interpolation_duration: 1}
$data merge entity $(left_arm) {transformation: [-0.9848f,0f,-0.1736f,0.4418f,-0.0665f,0.9239f,0.3769f,5.9987f,0.1604f,0.3827f,-0.9098f,-0.5585f,0f,0f,0f,1f],start_interpolation: 0,interpolation_duration: 1}
$data merge entity $(chest) {transformation: [-1.2591f,0f,-0.222f,0f,-0.085f,1.1812f,0.4818f,4.3138f,0.2051f,0.4893f,-1.1633f,-1.2101f,0f,0f,0f,1f],start_interpolation: 0,interpolation_duration: 1}
$data merge entity $(left_cheek) {transformation: [-0.9969f,-0.0781f,0.0084f,0.4185f,-0.0756f,0.9831f,0.167f,3.5196f,-0.0213f,0.1658f,-0.9859f,-1.8155f,0f,0f,0f,1f],start_interpolation: 0,interpolation_duration: 1}
$data merge entity $(left_foot) {transformation: [-0.9461f,0.0429f,-0.385f,1.3734f,0.0418f,1.0215f,0.0112f,-3.4583f,0.3851f,-0.0053f,-0.947f,-2.5739f,0f,0f,0f,1f],start_interpolation: 0,interpolation_duration: 1}
$data merge entity $(left_knee) {transformation: [-2.805f,0.1605f,-1.1654f,1.6283f,-0.5308f,2.5165f,1.6241f,0.1063f,1.0498f,1.7011f,-2.2927f,-0.3435f,0f,0f,0f,1f],start_interpolation: 0,interpolation_duration: 1}
$data merge entity $(left_leg) {transformation: [-1.5843f,-0.542f,-0.3843f,0.7054f,-0.2998f,1.4699f,-0.8372f,2.4732f,0.5929f,-0.7049f,-1.4501f,-1.4057f,0f,0f,0f,1f],start_interpolation: 0,interpolation_duration: 1}
$data merge entity $(right_cheek) {transformation: [-0.9943f,0.1029f,0.0278f,-0.4173f,0.1018f,0.9941f,-0.0386f,3.5427f,-0.0316f,-0.0356f,-0.9989f,-1.8726f,0f,0f,0f,1f],start_interpolation: 0,interpolation_duration: 1}
$data merge entity $(right_foot) {transformation: [-1.0185f,0.0683f,0.0573f,-1.1965f,0.0707f,1.019f,0.0426f,-3.5247f,-0.0542f,0.0464f,-1.0199f,0.5675f,0f,0f,0f,1f],start_interpolation: 0,interpolation_duration: 1}
$data merge entity $(right_knee) {transformation: [-3.0302f,0.2031f,0.1704f,-0.9954f,0.2103f,3.0318f,0.1268f,0.6826f,-0.1614f,0.1381f,-3.0343f,0.6299f,0f,0f,0f,1f],start_interpolation: 0,interpolation_duration: 1}
$data merge entity $(right_leg) {transformation: [-1.7114f,0.1462f,-0.0324f,-0.6891f,0.1188f,1.0992f,-1.3149f,2.4772f,-0.0912f,-1.3122f,-1.1051f,-1.4361f,0f,0f,0f,1f],start_interpolation: 0,interpolation_duration: 1}
$data merge entity $(weist) {transformation: [-1.6223f,0f,0f,0f,0f,1.6085f,0.2118f,4.1211f,0f,0.2118f,-1.6085f,-1.2765f,0f,0f,0f,1f],start_interpolation: 0,interpolation_duration: 1}
data modify storage animated_java:temp entry.data merge value {"locators":{"consume":{"px":-5.1485062389,"py":4.7467063684,"pz":0.7372755752,"ry":325.0532292218,"rx":21.0667494013}}}
# Data Manager: Prepare for Read / Write
execute store result storage animated_java:temp args.id int 1 run scoreboard players get @s aj.id
# Data Manager: Write
function animated_java:global/data_manager/write with storage animated_java:temp args