# This file was generated by Animated Java via MC-Build. It is not recommended to edit this file directly.
$data merge entity $(neck) {transformation: [-0.9983f,-0.0318f,-0.0491f,-0.0381f,-0.0459f,0.9456f,0.322f,6.2173f,0.0362f,0.3237f,-0.9455f,-0.6706f,0f,0f,0f,1f],start_interpolation: 0,interpolation_duration: 1}
$data merge entity $(right_thumb_2) {transformation: [-0.1471f,0.419f,-0.896f,-3.2638f,0.6456f,0.7269f,0.234f,3.5808f,0.7494f,-0.544f,-0.3774f,1.3533f,0f,0f,0f,1f],start_interpolation: 0,interpolation_duration: 1}
$data merge entity $(right_thumb) {transformation: [-0.1471f,-0.128f,-0.9808f,-3.3129f,0.6456f,0.7388f,-0.1932f,3.9169f,0.7494f,-0.6616f,-0.026f,1.2519f,0f,0f,0f,1f],start_interpolation: 0,interpolation_duration: 1}
$data merge entity $(right_fingers2) {transformation: [-0.1654f,-0.3308f,-0.9291f,-3.6194f,-0.9854f,0.016f,0.1697f,3.2979f,-0.0413f,0.9436f,-0.3286f,1.5534f,0f,0f,0f,1f],start_interpolation: 0,interpolation_duration: 1}
$data merge entity $(right_fingers) {transformation: [-0.3587f,0.0899f,-0.9291f,-3.6107f,-0.1977f,0.9655f,0.1697f,3.5687f,0.9123f,0.2446f,-0.3286f,1.6464f,0f,0f,0f,1f],start_interpolation: 0,interpolation_duration: 1}
$data merge entity $(scout) {transformation: [0f,0f,0f,-3.6685f,0f,0f,0f,3.5057f,0f,0f,0f,1.4528f,0f,0f,0f,1f],start_interpolation: 0,interpolation_duration: 1}
$data merge entity $(right_hand) {transformation: [-0.1471f,0.3393f,-0.9291f,-3.4426f,0.6456f,0.7446f,0.1697f,4.0303f,0.7494f,-0.5749f,-0.3286f,1.2751f,0f,0f,0f,1f],start_interpolation: 0,interpolation_duration: 1}
$data merge entity $(right_forearm) {transformation: [-1.2814f,0.4674f,-0.1916f,-2.6924f,0.4904f,1.0255f,-0.7778f,5.526f,-0.1212f,-0.7918f,-1.1205f,0.0469f,0f,0f,0f,1f],start_interpolation: 0,interpolation_duration: 1}
$data merge entity $(right_shoulder) {transformation: [-0.4913f,1.2929f,-0.4868f,-1.0014f,1.381f,0.4464f,-0.2084f,5.7986f,-0.0356f,-0.5283f,-1.3673f,-0.5461f,0f,0f,0f,1f],start_interpolation: 0,interpolation_duration: 1}
$data merge entity $(right_arm) {transformation: [-0.9697f,0.0004f,-0.2442f,-0.4565f,-0.1075f,0.8972f,0.4284f,6.1227f,0.2193f,0.4417f,-0.87f,-0.5491f,0f,0f,0f,1f],start_interpolation: 0,interpolation_duration: 1}
$data merge entity $(left_thumb_2) {transformation: [-0.4071f,-0.9056f,0.1188f,4.5152f,-0.8532f,0.4234f,0.3045f,4.8935f,-0.3261f,0.0226f,-0.9451f,-1.6078f,0f,0f,0f,1f],start_interpolation: 0,interpolation_duration: 1}
$data merge entity $(left_thumb) {transformation: [-0.4071f,-0.7f,0.5868f,4.3421f,-0.8532f,0.5207f,0.0293f,5.1871f,-0.3261f,-0.4887f,-0.8092f,-1.7052f,0f,0f,0f,1f],start_interpolation: 0,interpolation_duration: 1}
$data merge entity $(left_fingers2) {transformation: [-0.4215f,0.8851f,0.1972f,4.964f,0.8919f,0.3654f,0.2664f,4.7678f,0.1638f,0.2882f,-0.9435f,-1.7791f,0f,0f,0f,1f],start_interpolation: 0,interpolation_duration: 1}
$data merge entity $(left_fingers) {transformation: [-0.9554f,-0.22f,0.1972f,4.9297f,-0.1637f,0.9498f,0.2664f,5.0451f,-0.246f,0.2223f,-0.9435f,-1.7157f,0f,0f,0f,1f],start_interpolation: 0,interpolation_duration: 1}
$data merge entity $(left_hand) {transformation: [-0.4071f,-0.8919f,0.1972f,4.3886f,-0.8532f,0.4484f,0.2664f,5.328f,-0.3261f,-0.0598f,-0.9435f,-1.7958f,0f,0f,0f,1f],start_interpolation: 0,interpolation_duration: 1}
$data merge entity $(left_forearm) {transformation: [-0.4277f,-1.2284f,-0.453f,2.5044f,-0.7034f,0.6175f,-1.0104f,6.1919f,1.1043f,-0.0824f,-0.8191f,-1.9038f,0f,0f,0f,1f],start_interpolation: 0,interpolation_duration: 1}
$data merge entity $(left_shoulder) {transformation: [0.135f,-1.3135f,-0.6373f,0.9506f,-1.3945f,0.0736f,-0.447f,6.0149f,0.4324f,0.6473f,-1.2425f,-0.9874f,0f,0f,0f,1f],start_interpolation: 0,interpolation_duration: 1}
$data merge entity $(left_arm) {transformation: [-0.9697f,0.0004f,-0.2442f,0.4018f,-0.1075f,0.8972f,0.4284f,6.2178f,0.2193f,0.4417f,-0.87f,-0.7432f,0f,0f,0f,1f],start_interpolation: 0,interpolation_duration: 1}
$data merge entity $(chest) {transformation: [-1.2398f,0.0005f,-0.3122f,-0.0366f,-0.1374f,1.1471f,0.5477f,4.5648f,0.2803f,0.5647f,-1.1123f,-1.4739f,0f,0f,0f,1f],start_interpolation: 0,interpolation_duration: 1}
$data merge entity $(left_cheek) {transformation: [-0.996f,-0.0862f,-0.023f,0.3875f,-0.0882f,0.9897f,0.1127f,3.887f,0.013f,0.1143f,-0.9934f,-2.0729f,0f,0f,0f,1f],start_interpolation: 0,interpolation_duration: 1}
$data merge entity $(left_foot) {transformation: [-0.945f,0.048f,-0.3873f,1.3486f,0.0413f,1.0212f,0.0258f,-2.9713f,0.3881f,0.0082f,-0.9458f,-2.7502f,0f,0f,0f,1f],start_interpolation: 0,interpolation_duration: 1}
$data merge entity $(left_knee) {transformation: [-2.805f,0.1774f,-1.163f,1.627f,-0.5308f,2.4926f,1.6605f,0.5617f,1.0498f,1.7342f,-2.2677f,-0.4729f,0f,0f,0f,1f],start_interpolation: 0,interpolation_duration: 1}
$data merge entity $(left_leg) {transformation: [-1.5843f,-0.5634f,-0.3522f,0.6688f,-0.2998f,1.4188f,-0.9212f,2.8492f,0.5929f,-0.7881f,-1.4067f,-1.6695f,0f,0f,0f,1f],start_interpolation: 0,interpolation_duration: 1}
$data merge entity $(right_cheek) {transformation: [-0.9933f,0.1074f,0.0427f,-0.4532f,0.1062f,0.9939f,-0.0287f,3.9113f,-0.0455f,-0.024f,-0.9987f,-2.1105f,0f,0f,0f,1f],start_interpolation: 0,interpolation_duration: 1}
$data merge entity $(right_foot) {transformation: [-1.0184f,0.0718f,0.0548f,-1.2275f,0.0734f,1.0194f,0.0277f,-3.0588f,-0.0527f,0.0315f,-1.0205f,0.3168f,0f,0f,0f,1f],start_interpolation: 0,interpolation_duration: 1}
$data merge entity $(right_knee) {transformation: [-3.0302f,0.2006f,0.1733f,-1.0298f,0.2103f,3.0296f,0.1709f,1.1473f,-0.1614f,0.1822f,-3.032f,0.4402f,0f,0f,0f,1f],start_interpolation: 0,interpolation_duration: 1}
$data merge entity $(right_leg) {transformation: [-1.7114f,0.1447f,-0.0385f,-0.7257f,0.1188f,1.043f,-1.3599f,2.8532f,-0.0912f,-1.3574f,-1.0491f,-1.6999f,0f,0f,0f,1f],start_interpolation: 0,interpolation_duration: 1}
$data merge entity $(weist) {transformation: [-1.6223f,0f,0f,-0.0366f,0f,1.6085f,0.2118f,4.4971f,0f,0.2118f,-1.6085f,-1.5402f,0f,0f,0f,1f],start_interpolation: 0,interpolation_duration: 1}
data modify storage animated_java:temp entry.data merge value {"locators":{"consume":{"px":-3.6789357682,"py":3.3496009601,"pz":1.5189443931,"ry":289.4760443594,"rx":9.7730897532}}}
# Data Manager: Prepare for Read / Write
execute store result storage animated_java:temp args.id int 1 run scoreboard players get @s aj.id
# Data Manager: Write
function animated_java:global/data_manager/write with storage animated_java:temp args