# This file was generated by Animated Java via MC-Build. It is not recommended to edit this file directly.
$data merge entity $(neck) {transformation: [-0.9784f,-0.0218f,-0.2057f,-0.09f,-0.1333f,0.8271f,0.546f,6.3076f,0.1582f,0.5616f,-0.8122f,-0.7887f,0f,0f,0f,1f],start_interpolation: 0,interpolation_duration: 1}
$data merge entity $(right_thumb_2) {transformation: [0.091f,-0.9443f,-0.3164f,0.9414f,0.3615f,0.3273f,-0.873f,4.0082f,0.9279f,-0.0349f,0.3711f,0.4296f,0f,0f,0f,1f],start_interpolation: 0,interpolation_duration: 1}
$data merge entity $(right_thumb) {transformation: [0.091f,-0.9664f,0.2405f,0.6406f,0.3615f,-0.193f,-0.9122f,4.0126f,0.9279f,0.17f,0.3318f,0.6172f,0f,0f,0f,1f],start_interpolation: 0,interpolation_duration: 1}
$data merge entity $(right_fingers2) {transformation: [0.6832f,0.6921f,-0.2329f,1.3249f,-0.4239f,0.1162f,-0.8982f,3.7091f,-0.5946f,0.7124f,0.3728f,0.5296f,0f,0f,0f,1f],start_interpolation: 0,interpolation_duration: 1}
$data merge entity $(right_fingers) {transformation: [0.8236f,-0.5172f,-0.2329f,1.199f,0.0217f,0.439f,-0.8982f,3.8282f,0.5668f,0.7347f,0.3728f,0.7577f,0f,0f,0f,1f],start_interpolation: 0,interpolation_duration: 1}
$data merge entity $(scout) {transformation: [0f,0f,0f,1.1147f,0f,0f,0f,3.6796f,0f,0f,0f,0.6329f,0f,0f,0f,1f],start_interpolation: 0,interpolation_duration: 1}
$data merge entity $(right_hand) {transformation: [0.091f,-0.9682f,-0.2329f,0.5936f,0.3615f,0.25f,-0.8982f,3.9403f,0.9279f,-0.0024f,0.3728f,0.7681f,0f,0f,0f,1f],start_interpolation: 0,interpolation_duration: 1}
$data merge entity $(right_forearm) {transformation: [-0.2682f,-1.3336f,-0.216f,-1.4115f,-1.0302f,0.3443f,-0.8469f,4.4709f,0.874f,-0.0033f,-1.0645f,0.688f,0f,0f,0f,1f],start_interpolation: 0,interpolation_duration: 1}
$data merge entity $(right_shoulder) {transformation: [-1.1127f,0.1845f,-0.9368f,-0.9321f,0.7077f,1.1252f,-0.6189f,5.7199f,0.641f,-0.9218f,-0.9429f,-0.5348f,0f,0f,0f,1f],start_interpolation: 0,interpolation_duration: 1}
$data merge entity $(right_arm) {transformation: [-0.849f,0.0473f,-0.5263f,-0.4441f,-0.312f,0.759f,0.5714f,6.1206f,0.4265f,0.6493f,-0.6297f,-0.5926f,0f,0f,0f,1f],start_interpolation: 0,interpolation_duration: 1}
$data merge entity $(left_thumb_2) {transformation: [-0.5902f,-0.7415f,-0.3192f,2.8741f,-0.7963f,0.5996f,0.0798f,4.9937f,0.1322f,0.3012f,-0.9443f,-3.4344f,0f,0f,0f,1f],start_interpolation: 0,interpolation_duration: 1}
$data merge entity $(left_thumb) {transformation: [-0.5902f,-0.7968f,0.1292f,2.7034f,-0.7963f,0.5485f,-0.2549f,5.2919f,0.1322f,-0.2533f,-0.9583f,-3.522f,0f,0f,0f,1f],start_interpolation: 0,interpolation_duration: 1}
$data merge entity $(left_fingers2) {transformation: [-0.2078f,0.9448f,-0.2533f,3.1728f,0.9748f,0.2216f,0.0272f,4.7456f,0.0818f,-0.2413f,-0.967f,-3.7437f,0f,0f,0f,1f],start_interpolation: 0,interpolation_duration: 1}
$data merge entity $(left_fingers) {transformation: [-0.9674f,0.0017f,-0.2533f,3.1987f,-0.0054f,0.9996f,0.0272f,5.0308f,0.2533f,0.0277f,-0.967f,-3.75f,0f,0f,0f,1f],start_interpolation: 0,interpolation_duration: 1}
$data merge entity $(left_hand) {transformation: [-0.5902f,-0.7665f,-0.2533f,2.7138f,-0.7963f,0.6042f,0.0272f,5.3991f,0.1322f,0.2178f,-0.967f,-3.6583f,0f,0f,0f,1f],start_interpolation: 0,interpolation_duration: 1}
$data merge entity $(left_forearm) {transformation: [0.0883f,-1.0557f,-0.8803f,1.0956f,-0.3655f,0.8323f,-1.0348f,6.5996f,1.325f,0.3f,-0.2268f,-3.1597f,0f,0f,0f,1f],start_interpolation: 0,interpolation_duration: 1}
$data merge entity $(left_shoulder) {transformation: [0.4276f,-0.3678f,-1.3534f,0.7769f,-1.3971f,0.0128f,-0.4448f,6.3479f,0.1234f,1.4193f,-0.3467f,-1.3933f,0f,0f,0f,1f],start_interpolation: 0,interpolation_duration: 1}
$data merge entity $(left_arm) {transformation: [-0.849f,0.0473f,-0.5263f,0.3074f,-0.312f,0.759f,0.5714f,6.3967f,0.4265f,0.6493f,-0.6297f,-0.97f,0f,0f,0f,1f],start_interpolation: 0,interpolation_duration: 1}
$data merge entity $(chest) {transformation: [-1.0855f,0.0604f,-0.6728f,-0.1719f,-0.3989f,0.9705f,0.7306f,4.9076f,0.5452f,0.8302f,-0.8051f,-1.9757f,0f,0f,0f,1f],start_interpolation: 0,interpolation_duration: 1}
$data merge entity $(left_cheek) {transformation: [-0.9919f,-0.0388f,-0.1207f,0.2869f,-0.054f,0.9907f,0.1249f,4.1777f,0.1147f,0.1304f,-0.9848f,-2.571f,0f,0f,0f,1f],start_interpolation: 0,interpolation_duration: 1}
$data merge entity $(left_foot) {transformation: [-0.9461f,0.0429f,-0.385f,1.2014f,0.0418f,1.0215f,0.0112f,-2.8645f,0.3851f,-0.0053f,-0.947f,-3.3396f,0f,0f,0f,1f],start_interpolation: 0,interpolation_duration: 1}
$data merge entity $(left_knee) {transformation: [-2.805f,0.1605f,-1.1654f,1.4563f,-0.5308f,2.5165f,1.6241f,0.7f,1.0498f,1.7011f,-2.2927f,-1.1092f,0f,0f,0f,1f],start_interpolation: 0,interpolation_duration: 1}
$data merge entity $(left_leg) {transformation: [-1.5843f,-0.542f,-0.3843f,0.5334f,-0.2998f,1.4699f,-0.8372f,3.067f,0.5929f,-0.7049f,-1.4501f,-2.1714f,0f,0f,0f,1f],start_interpolation: 0,interpolation_duration: 1}
$data merge entity $(right_cheek) {transformation: [-0.9926f,0.0912f,0.0808f,-0.589f,0.0949f,0.9945f,0.0434f,4.162f,-0.0764f,0.0508f,-0.9958f,-2.5864f,0f,0f,0f,1f],start_interpolation: 0,interpolation_duration: 1}
$data merge entity $(right_foot) {transformation: [-1.0185f,0.0683f,0.0573f,-1.366f,0.0707f,1.019f,0.0426f,-2.8387f,-0.0542f,0.0464f,-1.0199f,-0.1213f,0f,0f,0f,1f],start_interpolation: 0,interpolation_duration: 1}
$data merge entity $(right_knee) {transformation: [-3.0302f,0.2031f,0.1704f,-1.1649f,0.2103f,3.0318f,0.1268f,1.3686f,-0.1614f,0.1381f,-3.0343f,-0.059f,0f,0f,0f,1f],start_interpolation: 0,interpolation_duration: 1}
$data merge entity $(right_leg) {transformation: [-1.7114f,0.1446f,-0.0388f,-0.8609f,0.1188f,1.0408f,-1.3616f,3.071f,-0.0912f,-1.3591f,-1.0469f,-2.2019f,0f,0f,0f,1f],start_interpolation: 0,interpolation_duration: 1}
$data merge entity $(weist) {transformation: [-1.6223f,0f,0f,-0.1719f,0f,1.6085f,0.2118f,4.7149f,0f,0.2118f,-1.6085f,-2.0421f,0f,0f,0f,1f],start_interpolation: 0,interpolation_duration: 1}
data modify storage animated_java:temp entry.data merge value {"locators":{"consume":{"px":1.2719479516,"py":3.656790491,"pz":0.5727984261,"ry":211.9923258797,"rx":-63.9274224196}}}
# Data Manager: Prepare for Read / Write
execute store result storage animated_java:temp args.id int 1 run scoreboard players get @s aj.id
# Data Manager: Write
function animated_java:global/data_manager/write with storage animated_java:temp args