# This file was generated by Animated Java via MC-Build. It is not recommended to edit this file directly.
$data merge entity $(neck) {transformation: [-0.9792f,-0.0341f,-0.2002f,-0.113f,-0.1375f,0.8368f,0.5299f,6.3045f,0.1495f,0.5464f,-0.8241f,-0.7322f,0f,0f,0f,1f],start_interpolation: 0,interpolation_duration: 1}
$data merge entity $(right_thumb_2) {transformation: [0.0283f,-0.9222f,-0.3857f,0.8288f,0.3388f,0.3718f,-0.8643f,3.87f,0.9404f,-0.1063f,0.323f,0.5939f,0f,0f,0f,1f],start_interpolation: 0,interpolation_duration: 1}
$data merge entity $(right_thumb) {transformation: [0.0283f,-0.985f,0.1702f,0.5137f,0.3388f,-0.1508f,-0.9287f,3.8849f,0.9404f,0.0839f,0.3295f,0.7557f,0f,0f,0f,1f],start_interpolation: 0,interpolation_duration: 1}
$data merge entity $(right_fingers2) {transformation: [0.7113f,0.6338f,-0.3038f,1.1885f,-0.4438f,0.0699f,-0.8934f,3.5515f,-0.545f,0.7704f,0.331f,0.7187f,0f,0f,0f,1f],start_interpolation: 0,interpolation_duration: 1}
$data merge entity $(right_fingers) {transformation: [0.7727f,-0.5573f,-0.3038f,1.0493f,-0.0278f,0.4484f,-0.8934f,3.6719f,0.6341f,0.6988f,0.331f,0.9382f,0f,0f,0f,1f],start_interpolation: 0,interpolation_duration: 1}
$data merge entity $(scout) {transformation: [0f,0f,0f,0.9692f,0f,0f,0f,3.5298f,0f,0f,0f,0.8033f,0f,0f,0f,1f],start_interpolation: 0,interpolation_duration: 1}
$data merge entity $(right_hand) {transformation: [0.0283f,-0.9523f,-0.3038f,0.4508f,0.3388f,0.2951f,-0.8934f,3.812f,0.9404f,-0.0777f,0.331f,0.9004f,0f,0f,0f,1f],start_interpolation: 0,interpolation_duration: 1}
$data merge entity $(right_forearm) {transformation: [-0.3874f,-1.3117f,-0.163f,-1.5144f,-1.0332f,0.4064f,-0.8151f,4.4374f,0.8243f,-0.107f,-1.0983f,0.665f,0f,0f,0f,1f],start_interpolation: 0,interpolation_duration: 1}
$data merge entity $(right_shoulder) {transformation: [-1.1366f,0.2414f,-0.8942f,-0.9622f,0.6971f,1.155f,-0.5743f,5.7236f,0.6099f,-0.8703f,-1.0101f,-0.4866f,0f,0f,0f,1f],start_interpolation: 0,interpolation_duration: 1}
$data merge entity $(right_arm) {transformation: [-0.8601f,0.0316f,-0.5091f,-0.4723f,-0.3013f,0.7738f,0.5572f,6.1223f,0.4116f,0.6326f,-0.6561f,-0.541f,0f,0f,0f,1f],start_interpolation: 0,interpolation_duration: 1}
$data merge entity $(left_thumb_2) {transformation: [-0.615f,-0.721f,-0.3193f,2.8521f,-0.78f,0.6157f,0.1122f,4.9056f,0.1157f,0.318f,-0.941f,-3.3959f,0f,0f,0f,1f],start_interpolation: 0,interpolation_duration: 1}
$data merge entity $(left_thumb) {transformation: [-0.615f,-0.7796f,0.1181f,2.6908f,-0.78f,0.5795f,-0.2362f,5.211f,0.1157f,-0.2374f,-0.9645f,-3.4759f,0f,0f,0f,1f],start_interpolation: 0,interpolation_duration: 1}
$data merge entity $(left_fingers2) {transformation: [-0.1762f,0.9507f,-0.2552f,3.1418f,0.9787f,0.197f,0.0581f,4.6554f,0.1055f,-0.2396f,-0.9651f,-3.7121f,0f,0f,0f,1f],start_interpolation: 0,interpolation_duration: 1}
$data merge entity $(left_fingers) {transformation: [-0.9663f,0.0337f,-0.2552f,3.1768f,0.0195f,0.9981f,0.0581f,4.9397f,0.2567f,0.0511f,-0.9651f,-3.7118f,0f,0f,0f,1f],start_interpolation: 0,interpolation_duration: 1}
$data merge entity $(left_hand) {transformation: [-0.615f,-0.7461f,-0.2552f,2.7042f,-0.78f,0.6231f,0.0581f,5.3211f,0.1157f,0.2348f,-0.9651f,-3.6097f,0f,0f,0f,1f],start_interpolation: 0,interpolation_duration: 1}
$data merge entity $(left_forearm) {transformation: [0.0806f,-1.0276f,-0.9136f,1.1267f,-0.3993f,0.8582f,-1.0006f,6.5605f,1.3157f,0.3234f,-0.2477f,-3.077f,0f,0f,0f,1f],start_interpolation: 0,interpolation_duration: 1}
$data merge entity $(left_shoulder) {transformation: [0.3551f,-0.388f,-1.3686f,0.7693f,-1.4164f,0.0352f,-0.3774f,6.33f,0.1327f,1.4135f,-0.3663f,-1.315f,0f,0f,0f,1f],start_interpolation: 0,interpolation_duration: 1}
$data merge entity $(left_arm) {transformation: [-0.8601f,0.0316f,-0.5091f,0.289f,-0.3013f,0.7738f,0.5572f,6.389f,0.4116f,0.6326f,-0.6561f,-0.9052f,0f,0f,0f,1f],start_interpolation: 0,interpolation_duration: 1}
$data merge entity $(chest) {transformation: [-1.0997f,0.0405f,-0.6509f,-0.1664f,-0.3852f,0.9894f,0.7124f,4.8774f,0.5262f,0.8088f,-0.8388f,-1.8883f,0f,0f,0f,1f],start_interpolation: 0,interpolation_duration: 1}
$data merge entity $(left_cheek) {transformation: [-0.9909f,-0.0338f,-0.13f,0.2906f,-0.0503f,0.9908f,0.1258f,4.1181f,0.1245f,0.1312f,-0.9835f,-2.4854f,0f,0f,0f,1f],start_interpolation: 0,interpolation_duration: 1}
$data merge entity $(left_foot) {transformation: [-0.9455f,0.039f,-0.3868f,1.1723f,0.0368f,1.0216f,0.013f,-3.0125f,0.3871f,-0.0019f,-0.9463f,-3.2496f,0f,0f,0f,1f],start_interpolation: 0,interpolation_duration: 1}
$data merge entity $(left_knee) {transformation: [-2.8064f,0.1576f,-1.1624f,1.4234f,-0.5077f,2.5541f,1.5719f,0.6013f,1.0575f,1.6443f,-2.3302f,-1.0995f,0f,0f,0f,1f],start_interpolation: 0,interpolation_duration: 1}
$data merge entity $(left_leg) {transformation: [-1.5851f,-0.5181f,-0.413f,0.5396f,-0.2867f,1.5018f,-0.7835f,3.0183f,0.5973f,-0.6539f,-1.4721f,-2.0791f,0f,0f,0f,1f],start_interpolation: 0,interpolation_duration: 1}
$data merge entity $(right_cheek) {transformation: [-0.993f,0.0933f,0.0723f,-0.5886f,0.0967f,0.9943f,0.0449f,4.0972f,-0.0677f,0.0516f,-0.9964f,-2.4898f,0f,0f,0f,1f],start_interpolation: 0,interpolation_duration: 1}
$data merge entity $(right_foot) {transformation: [-1.0187f,0.0636f,0.059f,-1.3318f,0.0659f,1.0195f,0.0394f,-2.9702f,-0.0564f,0.0431f,-1.0199f,-0.0565f,0f,0f,0f,1f],start_interpolation: 0,interpolation_duration: 1}
$data merge entity $(right_knee) {transformation: [-3.0314f,0.1906f,0.1622f,-1.1484f,0.1966f,3.0334f,0.1093f,1.2382f,-0.1549f,0.1194f,-3.0354f,-0.0199f,0f,0f,0f,1f],start_interpolation: 0,interpolation_duration: 1}
$data merge entity $(right_leg) {transformation: [-1.7121f,0.1382f,-0.0297f,-0.8549f,0.111f,1.0913f,-1.3222f,3.0207f,-0.0875f,-1.3196f,-1.0965f,-2.0982f,0f,0f,0f,1f],start_interpolation: 0,interpolation_duration: 1}
$data merge entity $(weist) {transformation: [-1.6223f,0f,-0.0133f,-0.1664f,-0.0017f,1.6097f,0.2019f,4.6662f,0.0132f,0.2019f,-1.6097f,-1.9541f,0f,0f,0f,1f],start_interpolation: 0,interpolation_duration: 1}
data modify storage animated_java:temp entry.data merge value {"locators":{"consume":{"px":1.1297785333,"py":3.5008254341,"pz":0.7560783571,"ry":222.5493597098,"rx":-63.3005521619}}}
# Data Manager: Prepare for Read / Write
execute store result storage animated_java:temp args.id int 1 run scoreboard players get @s aj.id
# Data Manager: Write
function animated_java:global/data_manager/write with storage animated_java:temp args