# This file was generated by Animated Java via MC-Build. It is not recommended to edit this file directly.
$data merge entity $(neck) {transformation: [-0.9824f,-0.0642f,-0.1755f,-0.167f,-0.1417f,0.8684f,0.4752f,6.2818f,0.1219f,0.4917f,-0.8622f,-0.5777f,0f,0f,0f,1f],start_interpolation: 0,interpolation_duration: 1}
$data merge entity $(right_thumb_2) {transformation: [-0.1551f,-0.8189f,-0.5526f,0.442f,0.2842f,0.4987f,-0.8189f,3.4692f,0.9462f,-0.284f,0.1554f,0.987f,0f,0f,0f,1f],start_interpolation: 0,interpolation_duration: 1}
$data merge entity $(right_thumb) {transformation: [-0.1551f,-0.9876f,-0.026f,0.1017f,0.2842f,-0.0194f,-0.9586f,3.5186f,0.9462f,-0.156f,0.2836f,1.0731f,0f,0f,0f,1f],start_interpolation: 0,interpolation_duration: 1}
$data merge entity $(right_fingers2) {transformation: [0.7615f,0.4365f,-0.4791f,0.7208f,-0.5086f,-0.0558f,-0.8592f,3.0988f,-0.4018f,0.8979f,0.1795f,1.1647f,0f,0f,0f,1f],start_interpolation: 0,interpolation_duration: 1}
$data merge entity $(right_fingers) {transformation: [0.591f,-0.649f,-0.4791f,0.549f,-0.1645f,0.4844f,-0.8592f,3.2259f,0.7897f,0.5866f,0.1795f,1.3554f,0f,0f,0f,1f],start_interpolation: 0,interpolation_duration: 1}
$data merge entity $(scout) {transformation: [0f,0f,0f,0.4867f,0f,0f,0f,3.103f,0f,0f,0f,1.1948f,0f,0f,0f,1f],start_interpolation: 0,interpolation_duration: 1}
$data merge entity $(right_hand) {transformation: [-0.1551f,-0.864f,-0.4791f,-0.002f,0.2842f,0.4254f,-0.8592f,3.4478f,0.9462f,-0.2694f,0.1795f,1.1932f,0f,0f,0f,1f],start_interpolation: 0,interpolation_duration: 1}
$data merge entity $(right_forearm) {transformation: [-0.6936f,-1.19f,0.0053f,-1.7651f,-1.011f,0.586f,-0.7291f,4.3458f,0.6277f,-0.371f,-1.1685f,0.5658f,0f,0f,0f,1f],start_interpolation: 0,interpolation_duration: 1}
$data merge entity $(right_shoulder) {transformation: [-1.2027f,0.376f,-0.7496f,-1.0401f,0.662f,1.2303f,-0.445f,5.7266f,0.5148f,-0.7035f,-1.1789f,-0.3578f,0f,0f,0f,1f],start_interpolation: 0,interpolation_duration: 1}
$data merge entity $(right_arm) {transformation: [-0.8938f,-0.0093f,-0.4484f,-0.5425f,-0.2636f,0.8197f,0.5085f,6.1171f,0.3629f,0.5727f,-0.7351f,-0.4027f,0f,0f,0f,1f],start_interpolation: 0,interpolation_duration: 1}
$data merge entity $(left_thumb_2) {transformation: [-0.6972f,-0.6615f,-0.2761f,2.8229f,-0.7143f,0.6736f,0.1898f,4.5506f,0.0604f,0.3296f,-0.9422f,-3.1796f,0f,0f,0f,1f],start_interpolation: 0,interpolation_duration: 1}
$data merge entity $(left_thumb) {transformation: [-0.6972f,-0.7063f,0.1226f,2.6973f,-0.7143f,0.6701f,-0.2018f,4.875f,0.0604f,-0.2283f,-0.9717f,-3.2483f,0f,0f,0f,1f],start_interpolation: 0,interpolation_duration: 1}
$data merge entity $(left_fingers2) {transformation: [-0.0751f,0.9732f,-0.2174f,3.0943f,0.9859f,0.1052f,0.1304f,4.286f,0.1498f,-0.2045f,-0.9673f,-3.5002f,0f,0f,0f,1f],start_interpolation: 0,interpolation_duration: 1}
$data merge entity $(left_fingers) {transformation: [-0.9664f,0.1373f,-0.2174f,3.1591f,0.1107f,0.9853f,0.1304f,4.5646f,0.2321f,0.102f,-0.9673f,-3.4848f,0f,0f,0f,1f],start_interpolation: 0,interpolation_duration: 1}
$data merge entity $(left_hand) {transformation: [-0.6972f,-0.6831f,-0.2174f,2.7264f,-0.7143f,0.6876f,0.1304f,4.9891f,0.0604f,0.2462f,-0.9673f,-3.3761f,0f,0f,0f,1f],start_interpolation: 0,interpolation_duration: 1}
$data merge entity $(left_forearm) {transformation: [-0.0032f,-0.9409f,-1.0059f,1.2728f,-0.4671f,0.9471f,-0.8843f,6.3637f,1.2957f,0.3391f,-0.3213f,-2.8232f,0f,0f,0f,1f],start_interpolation: 0,interpolation_duration: 1}
$data merge entity $(left_shoulder) {transformation: [0.1077f,-0.4757f,-1.3827f,0.7591f,-1.4495f,0.1481f,-0.1638f,6.2573f,0.1928f,1.379f,-0.4594f,-1.0882f,0f,0f,0f,1f],start_interpolation: 0,interpolation_duration: 1}
$data merge entity $(left_arm) {transformation: [-0.8938f,-0.0093f,-0.4484f,0.2486f,-0.2636f,0.8197f,0.5085f,6.3504f,0.3629f,0.5727f,-0.7351f,-0.7239f,0f,0f,0f,1f],start_interpolation: 0,interpolation_duration: 1}
$data merge entity $(chest) {transformation: [-1.1427f,-0.0118f,-0.5734f,-0.1458f,-0.3371f,1.048f,0.6502f,4.771f,0.464f,0.7323f,-0.9398f,-1.6231f,0f,0f,0f,1f],start_interpolation: 0,interpolation_duration: 1}
$data merge entity $(left_cheek) {transformation: [-0.988f,-0.0244f,-0.1522f,0.3006f,-0.0431f,0.9917f,0.1211f,3.9487f,0.148f,0.1262f,-0.9809f,-2.2216f,0f,0f,0f,1f],start_interpolation: 0,interpolation_duration: 1}
$data merge entity $(left_foot) {transformation: [-0.9425f,0.0292f,-0.3951f,1.0826f,0.0233f,1.0219f,0.0198f,-3.3954f,0.3955f,0.0092f,-0.9427f,-2.9543f,0f,0f,0f,1f],start_interpolation: 0,interpolation_duration: 1}
$data merge entity $(left_knee) {transformation: [-2.8099f,0.1531f,-1.1547f,1.3279f,-0.4394f,2.6532f,1.4211f,0.3475f,1.0787f,1.4796f,-2.4289f,-1.0368f,0f,0f,0f,1f],start_interpolation: 0,interpolation_duration: 1}
$data merge entity $(left_leg) {transformation: [-1.587f,-0.4458f,-0.4838f,0.5619f,-0.2482f,1.5758f,-0.6378f,2.8803f,0.6093f,-0.5193f,-1.52f,-1.7989f,0f,0f,0f,1f],start_interpolation: 0,interpolation_duration: 1}
$data merge entity $(right_cheek) {transformation: [-0.9941f,0.0985f,0.0449f,-0.5803f,0.1006f,0.9938f,0.0468f,3.9176f,-0.0401f,0.0511f,-0.9979f,-2.1995f,0f,0f,0f,1f],start_interpolation: 0,interpolation_duration: 1}
$data merge entity $(right_foot) {transformation: [-1.0191f,0.0508f,0.0635f,-1.2229f,0.0526f,1.0206f,0.0278f,-3.3226f,-0.062f,0.031f,-1.02f,0.1251f,0f,0f,0f,1f],start_interpolation: 0,interpolation_duration: 1}
$data merge entity $(right_knee) {transformation: [-3.0347f,0.1539f,0.1388f,-1.0913f,0.1571f,3.0369f,0.067f,0.8879f,-0.1352f,0.0741f,-3.0378f,0.0995f,0f,0f,0f,1f],start_interpolation: 0,interpolation_duration: 1}
$data merge entity $(right_leg) {transformation: [-1.714f,0.1168f,-0.0077f,-0.8326f,0.0887f,1.223f,-1.2032f,2.8788f,-0.0764f,-1.2008f,-1.2262f,-1.7852f,0f,0f,0f,1f],start_interpolation: 0,interpolation_duration: 1}
$data merge entity $(weist) {transformation: [-1.6215f,0f,-0.0518f,-0.1458f,-0.0055f,1.6131f,0.1731f,4.5284f,0.0515f,0.1732f,-1.6122f,-1.6866f,0f,0f,0f,1f],start_interpolation: 0,interpolation_duration: 1}
data modify storage animated_java:temp entry.data merge value {"locators":{"consume":{"px":0.6492260867,"py":3.0548241866,"pz":1.1833629099,"ry":249.4575071924,"rx":-59.2287164126}}}
# Data Manager: Prepare for Read / Write
execute store result storage animated_java:temp args.id int 1 run scoreboard players get @s aj.id
# Data Manager: Write
function animated_java:global/data_manager/write with storage animated_java:temp args