# This file was generated by Animated Java via MC-Build. It is not recommended to edit this file directly.
$data merge entity $(neck) {transformation: [-0.9844f,-0.0779f,-0.1575f,-0.1902f,-0.1402f,0.8884f,0.4371f,6.2797f,0.1058f,0.4524f,-0.8855f,-0.4921f,0f,0f,0f,1f],start_interpolation: 0,interpolation_duration: 1}
$data merge entity $(right_thumb_2) {transformation: [-0.2625f,-0.7324f,-0.6283f,0.1756f,0.2602f,0.5733f,-0.777f,3.2477f,0.9292f,-0.3674f,0.0401f,1.1589f,0f,0f,0f,1f],start_interpolation: 0,interpolation_duration: 1}
$data merge entity $(right_thumb) {transformation: [-0.2625f,-0.9553f,-0.1364f,-0.1687f,0.2602f,0.066f,-0.9633f,3.3211f,0.9292f,-0.2883f,0.2312f,1.2006f,0f,0f,0f,1f],start_interpolation: 0,interpolation_duration: 1}
$data merge entity $(right_fingers2) {transformation: [0.7696f,0.3031f,-0.5621f,0.3987f,-0.5529f,-0.1243f,-0.824f,2.8497f,-0.3196f,0.9448f,0.072f,1.3545f,0f,0f,0f,1f],start_interpolation: 0,interpolation_duration: 1}
$data merge entity $(right_fingers) {transformation: [0.4625f,-0.6857f,-0.5621f,0.2123f,-0.241f,0.5129f,-0.824f,2.983f,0.8533f,0.5165f,0.072f,1.5262f,0f,0f,0f,1f],start_interpolation: 0,interpolation_duration: 1}
$data merge entity $(scout) {transformation: [0f,0f,0f,0.1637f,0f,0f,0f,2.8716f,0f,0f,0f,1.353f,0f,0f,0f,1f],start_interpolation: 0,interpolation_duration: 1}
$data merge entity $(right_hand) {transformation: [-0.2625f,-0.7843f,-0.5621f,-0.293f,0.2602f,0.5034f,-0.824f,3.2544f,0.9292f,-0.3625f,0.072f,1.3021f,0f,0f,0f,1f],start_interpolation: 0,interpolation_duration: 1}
$data merge entity $(right_forearm) {transformation: [-0.847f,-1.0803f,0.112f,-1.8807f,-0.9746f,0.6933f,-0.6831f,4.3143f,0.4794f,-0.4993f,-1.1908f,0.4869f,0f,0f,0f,1f],start_interpolation: 0,interpolation_duration: 1}
$data merge entity $(right_shoulder) {transformation: [-1.239f,0.4359f,-0.6516f,-1.0784f,0.639f,1.2677f,-0.3668f,5.7428f,0.4543f,-0.5939f,-1.2612f,-0.2882f,0f,0f,0f,1f],start_interpolation: 0,interpolation_duration: 1}
$data merge entity $(right_arm) {transformation: [-0.9132f,-0.0297f,-0.4064f,-0.5755f,-0.2382f,0.8481f,0.4734f,6.1268f,0.3306f,0.5291f,-0.7815f,-0.328f,0f,0f,0f,1f],start_interpolation: 0,interpolation_duration: 1}
$data merge entity $(left_thumb_2) {transformation: [-0.7471f,-0.6265f,-0.2224f,2.8196f,-0.6645f,0.7121f,0.2264f,4.3059f,0.0165f,0.3169f,-0.9483f,-2.9871f,0f,0f,0f,1f],start_interpolation: 0,interpolation_duration: 1}
$data merge entity $(left_thumb) {transformation: [-0.7471f,-0.6478f,0.1491f,2.7198f,-0.6645f,0.7222f,-0.1917f,4.6395f,0.0165f,-0.2422f,-0.9701f,-3.0538f,0f,0f,0f,1f],start_interpolation: 0,interpolation_duration: 1}
$data merge entity $(left_fingers2) {transformation: [-0.0127f,0.9859f,-0.1669f,3.0852f,0.9857f,0.0404f,0.1635f,4.029f,0.1679f,-0.1625f,-0.9723f,-3.3021f,0f,0f,0f,1f],start_interpolation: 0,interpolation_duration: 1}
$data merge entity $(left_fingers) {transformation: [-0.9653f,0.201f,-0.1669f,3.1685f,0.1739f,0.9711f,0.1635f,4.302f,0.195f,0.1288f,-0.9723f,-3.278f,0f,0f,0f,1f],start_interpolation: 0,interpolation_duration: 1}
$data merge entity $(left_hand) {transformation: [-0.7471f,-0.6435f,-0.1669f,2.7622f,-0.6645f,0.7291f,0.1635f,4.7537f,0.0165f,0.2331f,-0.9723f,-3.1778f,0f,0f,0f,1f],start_interpolation: 0,interpolation_duration: 1}
$data merge entity $(left_forearm) {transformation: [-0.0902f,-0.8863f,-1.0505f,1.3855f,-0.49f,1.0043f,-0.8052f,6.2165f,1.2841f,0.321f,-0.381f,-2.6548f,0f,0f,0f,1f],start_interpolation: 0,interpolation_duration: 1}
$data merge entity $(left_shoulder) {transformation: [-0.0637f,-0.5386f,-1.3623f,0.7599f,-1.4457f,0.243f,-0.0285f,6.2223f,0.2363f,1.3419f,-0.5416f,-0.9537f,0f,0f,0f,1f],start_interpolation: 0,interpolation_duration: 1}
$data merge entity $(left_arm) {transformation: [-0.9132f,-0.0297f,-0.4064f,0.2328f,-0.2382f,0.8481f,0.4734f,6.3377f,0.3306f,0.5291f,-0.7815f,-0.6206f,0f,0f,0f,1f],start_interpolation: 0,interpolation_duration: 1}
$data merge entity $(chest) {transformation: [-1.1676f,-0.0379f,-0.5196f,-0.1318f,-0.3045f,1.0843f,0.6052f,4.717f,0.4227f,0.6764f,-0.9992f,-1.4568f,0f,0f,0f,1f],start_interpolation: 0,interpolation_duration: 1}
$data merge entity $(left_cheek) {transformation: [-0.9864f,-0.0207f,-0.1631f,0.3064f,-0.0401f,0.9924f,0.1164f,3.8686f,0.1594f,0.1214f,-0.9797f,-2.0544f,0f,0f,0f,1f],start_interpolation: 0,interpolation_duration: 1}
$data merge entity $(left_foot) {transformation: [-0.9397f,0.0239f,-0.4021f,1.0218f,0.0158f,1.022f,0.0239f,-3.591f,0.4025f,0.0158f,-0.9397f,-2.76f,0f,0f,0f,1f],start_interpolation: 0,interpolation_duration: 1}
$data merge entity $(left_knee) {transformation: [-2.8116f,0.1517f,-1.1508f,1.2654f,-0.3966f,2.7086f,1.326f,0.2234f,1.0909f,1.3757f,-2.4839f,-0.9889f,0f,0f,0f,1f],start_interpolation: 0,interpolation_duration: 1}
$data merge entity $(left_leg) {transformation: [-1.588f,-0.3982f,-0.5208f,0.5767f,-0.224f,1.6122f,-0.5496f,2.8131f,0.6161f,-0.4401f,-1.5421f,-1.6232f,0f,0f,0f,1f],start_interpolation: 0,interpolation_duration: 1}
$data merge entity $(right_cheek) {transformation: [-0.9946f,0.1002f,0.0261f,-0.5729f,0.1014f,0.9937f,0.0475f,3.8337f,-0.0212f,0.0499f,-0.9985f,-2.0176f,0f,0f,0f,1f],start_interpolation: 0,interpolation_duration: 1}
$data merge entity $(right_foot) {transformation: [-1.0193f,0.0431f,0.0661f,-1.152f,0.0445f,1.0212f,0.0203f,-3.5077f,-0.0652f,0.0231f,-1.02f,0.2287f,0f,0f,0f,1f],start_interpolation: 0,interpolation_duration: 1}
$data merge entity $(right_knee) {transformation: [-3.0364f,0.1313f,0.1243f,-1.0522f,0.1332f,3.0385f,0.0437f,0.7033f,-0.1223f,0.0491f,-3.0389f,0.1688f,0f,0f,0f,1f],start_interpolation: 0,interpolation_duration: 1}
$data merge entity $(right_leg) {transformation: [-1.7149f,0.1021f,0.003f,-0.8174f,0.0752f,1.2962f,-1.1249f,2.8098f,-0.0691f,-1.1228f,-1.2984f,-1.5891f,0f,0f,0f,1f],start_interpolation: 0,interpolation_duration: 1}
$data merge entity $(weist) {transformation: [-1.6206f,0f,-0.0755f,-0.1318f,-0.0072f,1.6149f,0.1553f,4.4613f,0.0751f,0.1555f,-1.6131f,-1.5186f,0f,0f,0f,1f],start_interpolation: 0,interpolation_duration: 1}
data modify storage animated_java:temp entry.data merge value {"locators":{"consume":{"px":0.322178483,"py":2.8109443945,"pz":1.3612281285,"ry":262.7047602039,"rx":-55.4834876177}}}
# Data Manager: Prepare for Read / Write
execute store result storage animated_java:temp args.id int 1 run scoreboard players get @s aj.id
# Data Manager: Write
function animated_java:global/data_manager/write with storage animated_java:temp args