# This file was generated by Animated Java via MC-Build. It is not recommended to edit this file directly.
$data merge entity $(neck) {transformation: [-0.9867f,-0.0879f,-0.1366f,-0.2057f,-0.1354f,0.9097f,0.3925f,6.2534f,0.0898f,0.4058f,-0.9095f,-0.4078f,0f,0f,0f,1f],start_interpolation: 0,interpolation_duration: 1}
$data merge entity $(right_thumb_2) {transformation: [-0.3697f,-0.6255f,-0.6871f,-0.1222f,0.2431f,0.6486f,-0.7212f,3.0005f,0.8968f,-0.4337f,-0.0877f,1.283f,0f,0f,0f,1f],start_interpolation: 0,interpolation_duration: 1}
$data merge entity $(right_thumb) {transformation: [-0.3697f,-0.8967f,-0.2435f,-0.462f,0.2431f,0.1596f,-0.9568f,3.1014f,0.8968f,-0.4129f,0.159f,1.2808f,0f,0f,0f,1f],start_interpolation: 0,interpolation_duration: 1}
$data merge entity $(right_fingers2) {transformation: [0.7608f,0.1558f,-0.63f,0.0389f,-0.6031f,-0.1887f,-0.775f,2.5771f,-0.2396f,0.9696f,-0.0496f,1.486f,0f,0f,0f,1f],start_interpolation: 0,interpolation_duration: 1}
$data merge entity $(right_fingers) {transformation: [0.3168f,-0.709f,-0.63f,-0.1588f,-0.3148f,0.548f,-0.775f,2.7187f,0.8947f,0.4438f,-0.0496f,1.6374f,0f,0f,0f,1f],start_interpolation: 0,interpolation_duration: 1}
$data merge entity $(scout) {transformation: [0f,0f,0f,-0.1911f,0f,0f,0f,2.6191f,0f,0f,0f,1.4534f,0f,0f,0f,1f],start_interpolation: 0,interpolation_duration: 1}
$data merge entity $(right_hand) {transformation: [-0.3697f,-0.683f,-0.63f,-0.6043f,0.2431f,0.5833f,-0.775f,3.0415f,0.8968f,-0.4397f,-0.0496f,1.3606f,0f,0f,0f,1f],start_interpolation: 0,interpolation_duration: 1}
$data merge entity $(right_forearm) {transformation: [-0.9807f,-0.9407f,0.2247f,-1.972f,-0.9174f,0.8034f,-0.6404f,4.2663f,0.3063f,-0.6056f,-1.1986f,0.3923f,0f,0f,0f,1f],start_interpolation: 0,interpolation_duration: 1}
$data merge entity $(right_shoulder) {transformation: [-1.2739f,0.4817f,-0.5431f,-1.1104f,0.6132f,1.3011f,-0.2844f,5.7381f,0.3884f,-0.4743f,-1.3319f,-0.2214f,0f,0f,0f,1f],start_interpolation: 0,interpolation_duration: 1}
$data merge entity $(right_arm) {transformation: [-0.9325f,-0.0469f,-0.358f,-0.6011f,-0.2095f,0.8778f,0.4307f,6.1142f,0.2941f,0.4767f,-0.8284f,-0.2561f,0f,0f,0f,1f],start_interpolation: 0,interpolation_duration: 1}
$data merge entity $(left_thumb_2) {transformation: [-0.7947f,-0.5898f,-0.1435f,2.82f,-0.6057f,0.7545f,0.2526f,3.9926f,-0.0407f,0.2877f,-0.9569f,-2.7268f,0f,0f,0f,1f],start_interpolation: 0,interpolation_duration: 1}
$data merge entity $(left_thumb) {transformation: [-0.7947f,-0.5746f,0.1959f,2.7502f,-0.6057f,0.7721f,-0.1923f,4.3335f,-0.0407f,-0.2715f,-0.9616f,-2.7945f,0f,0f,0f,1f],start_interpolation: 0,interpolation_duration: 1}
$data merge entity $(left_fingers2) {transformation: [0.0511f,0.9945f,-0.0916f,3.0836f,0.982f,-0.0333f,0.1859f,3.6994f,0.1818f,-0.0994f,-0.9783f,-3.0286f,0f,0f,0f,1f],start_interpolation: 0,interpolation_duration: 1}
$data merge entity $(left_fingers) {transformation: [-0.9599f,0.2651f,-0.0916f,3.1856f,0.2451f,0.9515f,0.1859f,3.965f,0.1364f,0.156f,-0.9783f,-2.9951f,0f,0f,0f,1f],start_interpolation: 0,interpolation_duration: 1}
$data merge entity $(left_hand) {transformation: [-0.7947f,-0.6001f,-0.0916f,2.809f,-0.6057f,0.7737f,0.1859f,4.4454f,-0.0407f,0.2032f,-0.9783f,-2.9138f,0f,0f,0f,1f],start_interpolation: 0,interpolation_duration: 1}
$data merge entity $(left_forearm) {transformation: [-0.2089f,-0.8266f,-1.0818f,1.5161f,-0.4951f,1.0656f,-0.7186f,6.0035f,1.2682f,0.2799f,-0.4587f,-2.4563f,0f,0f,0f,1f],start_interpolation: 0,interpolation_duration: 1}
$data merge entity $(left_shoulder) {transformation: [-0.26f,-0.6062f,-1.3095f,0.7668f,-1.4156f,0.3652f,0.112f,6.1598f,0.2799f,1.2841f,-0.65f,-0.8133f,0f,0f,0f,1f],start_interpolation: 0,interpolation_duration: 1}
$data merge entity $(left_arm) {transformation: [-0.9325f,-0.0469f,-0.358f,0.2243f,-0.2095f,0.8778f,0.4307f,6.2996f,0.2941f,0.4767f,-0.8284f,-0.5164f,0f,0f,0f,1f],start_interpolation: 0,interpolation_duration: 1}
$data merge entity $(chest) {transformation: [-1.1923f,-0.0599f,-0.4577f,-0.1162f,-0.2678f,1.1223f,0.5507f,4.6365f,0.376f,0.6095f,-1.0592f,-1.2758f,0f,0f,0f,1f],start_interpolation: 0,interpolation_duration: 1}
$data merge entity $(left_cheek) {transformation: [-0.9849f,-0.0178f,-0.1724f,0.3134f,-0.0373f,0.9932f,0.1107f,3.7692f,0.1693f,0.1154f,-0.9788f,-1.8701f,0f,0f,0f,1f],start_interpolation: 0,interpolation_duration: 1}
$data merge entity $(left_foot) {transformation: [-0.9359f,0.0189f,-0.411f,0.9516f,0.0084f,1.022f,0.028f,-3.8054f,0.4114f,0.0223f,-0.9357f,-2.5422f,0f,0f,0f,1f],start_interpolation: 0,interpolation_duration: 1}
$data merge entity $(left_knee) {transformation: [-2.813f,0.1509f,-1.1475f,1.1942f,-0.3496f,2.7641f,1.2206f,0.0801f,1.1033f,1.2607f,-2.5388f,-0.9329f,0f,0f,0f,1f],start_interpolation: 0,interpolation_duration: 1}
$data merge entity $(left_leg) {transformation: [-1.5887f,-0.3441f,-0.5557f,0.5931f,-0.1975f,1.645f,-0.4541f,2.7207f,0.6231f,-0.3561f,-1.5609f,-1.4317f,0f,0f,0f,1f],start_interpolation: 0,interpolation_duration: 1}
$data merge entity $(right_cheek) {transformation: [-0.9949f,0.1004f,0.0043f,-0.5639f,0.1005f,0.9938f,0.048f,3.7321f,0.0006f,0.0482f,-0.9988f,-1.8174f,0f,0f,0f,1f],start_interpolation: 0,interpolation_duration: 1}
$data merge entity $(right_foot) {transformation: [-1.0195f,0.0349f,0.0688f,-1.0732f,0.0358f,1.0217f,0.0121f,-3.7164f,-0.0684f,0.0144f,-1.02f,0.3331f,0f,0f,0f,1f],start_interpolation: 0,interpolation_duration: 1}
$data merge entity $(right_knee) {transformation: [-3.0379f,0.107f,0.1086f,-1.0079f,0.1078f,3.0398f,0.0198f,0.4946f,-0.1078f,0.0236f,-3.0397f,0.2383f,0f,0f,0f,1f],start_interpolation: 0,interpolation_duration: 1}
$data merge entity $(right_leg) {transformation: [-1.7158f,0.0853f,0.0119f,-0.8003f,0.0609f,1.3692f,-1.0358f,2.7159f,-0.0609f,-1.0341f,-1.3705f,-1.3757f,0f,0f,0f,1f],start_interpolation: 0,interpolation_duration: 1}
$data merge entity $(weist) {transformation: [-1.6192f,0f,-0.1011f,-0.1162f,-0.0085f,1.6166f,0.1361f,4.3691f,0.1007f,0.1363f,-1.6135f,-1.3356f,0f,0f,0f,1f],start_interpolation: 0,interpolation_duration: 1}
data modify storage animated_java:temp entry.data merge value {"locators":{"consume":{"px":-0.0406612404,"py":2.5447982652,"pz":1.4801532532,"ry":274.5016137768,"rx":-50.8055904051}}}
# Data Manager: Prepare for Read / Write
execute store result storage animated_java:temp args.id int 1 run scoreboard players get @s aj.id
# Data Manager: Write
function animated_java:global/data_manager/write with storage animated_java:temp args
execute unless entity @s[tag=aj.transforms_only] at @s run function animated_java:female/animations/jump_end/zzz/frames/15_root_function