# This file was generated by Animated Java via MC-Build. It is not recommended to edit this file directly.
$data merge entity $(neck) {transformation: [-0.9891f,-0.0927f,-0.1142f,-0.2107f,-0.1267f,0.931f,0.3423f,6.2218f,0.0746f,0.3531f,-0.9326f,-0.3285f,0f,0f,0f,1f],start_interpolation: 0,interpolation_duration: 1}
$data merge entity $(right_thumb_2) {transformation: [-0.4691f,-0.5046f,-0.7248f,-0.4315f,0.2352f,0.7197f,-0.6532f,2.7603f,0.8513f,-0.4769f,-0.2189f,1.347f,0f,0f,0f,1f],start_interpolation: 0,interpolation_duration: 1}
$data merge entity $(right_thumb) {transformation: [-0.4691f,-0.815f,-0.3402f,-0.7585f,0.2352f,0.256f,-0.9376f,2.8907f,0.8513f,-0.5198f,0.0716f,1.3049f,0f,0f,0f,1f],start_interpolation: 0,interpolation_duration: 1}
$data merge entity $(right_fingers2) {transformation: [0.735f,0.0044f,-0.6781f,-0.3351f,-0.6568f,-0.2441f,-0.7135f,2.3158f,-0.1686f,0.9697f,-0.1765f,1.546f,0f,0f,0f,1f],start_interpolation: 0,interpolation_duration: 1}
$data merge entity $(right_fingers) {transformation: [0.1634f,-0.7166f,-0.6781f,-0.5396f,-0.3805f,0.5884f,-0.7135f,2.4675f,0.9103f,0.3745f,-0.1765f,1.6771f,0f,0f,0f,1f],start_interpolation: 0,interpolation_duration: 1}
$data merge entity $(scout) {transformation: [0f,0f,0f,-0.5542f,0f,0f,0f,2.3793f,0f,0f,0f,1.4852f,0f,0f,0f,1f],start_interpolation: 0,interpolation_duration: 1}
$data merge entity $(right_hand) {transformation: [-0.4691f,-0.5659f,-0.6781f,-0.9148f,0.2352f,0.66f,-0.7135f,2.8402f,0.8513f,-0.4941f,-0.1765f,1.3615f,0f,0f,0f,1f],start_interpolation: 0,interpolation_duration: 1}
$data merge entity $(right_forearm) {transformation: [-1.085f,-0.7794f,0.3353f,-2.0312f,-0.8398f,0.9091f,-0.6045f,4.2221f,0.1207f,-0.6806f,-1.1913f,0.2881f,0f,0f,0f,1f],start_interpolation: 0,interpolation_duration: 1}
$data merge entity $(right_shoulder) {transformation: [-1.3054f,0.51f,-0.4308f,-1.1324f,0.5858f,1.3289f,-0.2015f,5.7308f,0.3204f,-0.3515f,-1.3869f,-0.1604f,0f,0f,0f,1f],start_interpolation: 0,interpolation_duration: 1}
$data merge entity $(right_arm) {transformation: [-0.9505f,-0.059f,-0.3051f,-0.616f,-0.1786f,0.9071f,0.381f,6.0976f,0.2543f,0.4167f,-0.8728f,-0.1905f,0f,0f,0f,1f],start_interpolation: 0,interpolation_duration: 1}
$data merge entity $(left_thumb_2) {transformation: [-0.8329f,-0.5518f,-0.0413f,2.814f,-0.5421f,0.7987f,0.261f,3.6395f,-0.111f,0.2398f,-0.9645f,-2.3917f,0f,0f,0f,1f],start_interpolation: 0,interpolation_duration: 1}
$data merge entity $(left_thumb) {transformation: [-0.8329f,-0.4876f,0.2617f,2.777f,-0.5421f,0.8139f,-0.209f,3.9846f,-0.111f,-0.316f,-0.9423f,-2.4636f,0f,0f,0f,1f],start_interpolation: 0,interpolation_duration: 1}
$data merge entity $(left_fingers2) {transformation: [0.1115f,0.9937f,0.0069f,3.0788f,0.9754f,-0.1108f,0.1904f,3.3261f,0.19f,-0.0145f,-0.9817f,-2.6713f,0f,0f,0f,1f],start_interpolation: 0,interpolation_duration: 1}
$data merge entity $(left_fingers) {transformation: [-0.946f,0.324f,0.0069f,3.1979f,0.3193f,0.9283f,0.1904f,3.583f,0.0552f,0.1823f,-0.9817f,-2.6281f,0f,0f,0f,1f],start_interpolation: 0,interpolation_duration: 1}
$data merge entity $(left_hand) {transformation: [-0.8329f,-0.5533f,0.0069f,2.8541f,-0.5421f,0.8184f,0.1904f,4.0914f,-0.111f,0.1548f,-0.9817f,-2.577f,0f,0f,0f,1f],start_interpolation: 0,interpolation_duration: 1}
$data merge entity $(left_forearm) {transformation: [-0.3541f,-0.7621f,-1.0913f,1.6519f,-0.4746f,1.1273f,-0.6333f,5.7463f,1.2436f,0.2132f,-0.5524f,-2.2242f,0f,0f,0f,1f],start_interpolation: 0,interpolation_duration: 1}
$data merge entity $(left_shoulder) {transformation: [-0.4714f,-0.6686f,-1.2168f,0.7809f,-1.3523f,0.5122f,0.2425f,6.0904f,0.3145f,1.2002f,-0.7813f,-0.6724f,0f,0f,0f,1f],start_interpolation: 0,interpolation_duration: 1}
$data merge entity $(left_arm) {transformation: [-0.9505f,-0.059f,-0.3051f,0.2253f,-0.1786f,0.9071f,0.381f,6.2557f,0.2543f,0.4167f,-0.8728f,-0.4156f,0f,0f,0f,1f],start_interpolation: 0,interpolation_duration: 1}
$data merge entity $(chest) {transformation: [-1.2152f,-0.0754f,-0.3901f,-0.0994f,-0.2284f,1.1598f,0.4872f,4.5515f,0.3252f,0.5327f,-1.1159f,-1.0858f,0f,0f,0f,1f],start_interpolation: 0,interpolation_duration: 1}
$data merge entity $(left_cheek) {transformation: [-0.9836f,-0.0155f,-0.1796f,0.3228f,-0.0347f,0.994f,0.1041f,3.6743f,0.1769f,0.1086f,-0.9782f,-1.6726f,0f,0f,0f,1f],start_interpolation: 0,interpolation_duration: 1}
$data merge entity $(left_foot) {transformation: [-0.9311f,0.0146f,-0.4219f,0.8737f,0.0016f,1.0219f,0.0318f,-4.0104f,0.4222f,0.0283f,-0.9307f,-2.307f,0f,0f,0f,1f],start_interpolation: 0,interpolation_duration: 1}
$data merge entity $(left_knee) {transformation: [-2.814f,0.1506f,-1.145f,1.1161f,-0.2998f,2.817f,1.1075f,-0.0577f,1.1153f,1.1374f,-2.5912f,-0.8708f,0f,0f,0f,1f],start_interpolation: 0,interpolation_duration: 1}
$data merge entity $(left_leg) {transformation: [-1.5893f,-0.2851f,-0.5867f,0.6104f,-0.1694f,1.6725f,-0.3541f,2.6251f,0.6299f,-0.2697f,-1.5754f,-1.2306f,0f,0f,0f,1f],start_interpolation: 0,interpolation_duration: 1}
$data merge entity $(right_cheek) {transformation: [-0.9949f,0.0987f,-0.02f,-0.5539f,0.0977f,0.994f,0.0484f,3.6369f,0.0246f,0.0462f,-0.9986f,-1.6023f,0f,0f,0f,1f],start_interpolation: 0,interpolation_duration: 1}
$data merge entity $(right_foot) {transformation: [-1.0195f,0.0265f,0.0716f,-0.9895f,0.0268f,1.022f,0.0036f,-3.9212f,-0.0715f,0.0054f,-1.0199f,0.434f,0f,0f,0f,1f],start_interpolation: 0,interpolation_duration: 1}
$data merge entity $(right_knee) {transformation: [-3.0393f,0.0816f,0.0919f,-0.96f,0.0816f,3.0406f,-0.004f,0.2892f,-0.092f,-0.0016f,-3.0403f,0.3048f,0f,0f,0f,1f],start_interpolation: 0,interpolation_duration: 1}
$data merge entity $(right_leg) {transformation: [-1.7166f,0.067f,0.0184f,-0.7818f,0.0461f,1.4386f,-0.938f,2.6195f,-0.052f,-0.9367f,-1.4392f,-1.1515f,0f,0f,0f,1f],start_interpolation: 0,interpolation_duration: 1}
$data merge entity $(weist) {transformation: [-1.6173f,0f,-0.1278f,-0.0994f,-0.0092f,1.6182f,0.1159f,4.2738f,0.1275f,0.1163f,-1.6131f,-1.1432f,0f,0f,0f,1f],start_interpolation: 0,interpolation_duration: 1}
data modify storage animated_java:temp entry.data merge value {"locators":{"consume":{"px":-0.4154204858,"py":2.2909335371,"pz":1.5277096623,"ry":284.5902348225,"rx":-45.5187590206}}}
# Data Manager: Prepare for Read / Write
execute store result storage animated_java:temp args.id int 1 run scoreboard players get @s aj.id
# Data Manager: Write
function animated_java:global/data_manager/write with storage animated_java:temp args