# This file was generated by Animated Java via MC-Build. It is not recommended to edit this file directly.
$data merge entity $(neck) {transformation: [-0.9916f,-0.0913f,-0.0912f,-0.2034f,-0.114f,0.9508f,0.288f,6.2004f,0.0604f,0.296f,-0.9533f,-0.2563f,0f,0f,0f,1f],start_interpolation: 0,interpolation_duration: 1}
$data merge entity $(right_thumb_2) {transformation: [-0.5548f,-0.3778f,-0.7413f,-0.7324f,0.2373f,0.7821f,-0.5762f,2.5542f,0.7974f,-0.4956f,-0.3442f,1.3499f,0f,0f,0f,1f],start_interpolation: 0,interpolation_duration: 1}
$data merge entity $(right_thumb) {transformation: [-0.5548f,-0.7169f,-0.4222f,-1.0394f,0.2373f,0.35f,-0.9062f,2.7148f,0.7974f,-0.6029f,-0.0241f,1.2745f,0f,0f,0f,1f],start_interpolation: 0,interpolation_duration: 1}
$data merge entity $(right_fingers2) {transformation: [0.6944f,-0.1415f,-0.7055f,-0.6993f,-0.7109f,-0.2867f,-0.6422f,2.0945f,-0.1114f,0.9475f,-0.2997f,1.5344f,0f,0f,0f,1f],start_interpolation: 0,interpolation_duration: 1}
$data merge entity $(right_fingers) {transformation: [0.0121f,-0.7086f,-0.7055f,-0.9061f,-0.4338f,0.632f,-0.6422f,2.2576f,0.9009f,0.3138f,-0.2997f,1.647f,0f,0f,0f,1f],start_interpolation: 0,interpolation_duration: 1}
$data merge entity $(scout) {transformation: [0f,0f,0f,-0.9027f,0f,0f,0f,2.1797f,0f,0f,0f,1.4502f,0f,0f,0f,1f],start_interpolation: 0,interpolation_duration: 1}
$data merge entity $(right_hand) {transformation: [-0.5548f,-0.441f,-0.7055f,-1.2053f,0.2373f,0.7289f,-0.6422f,2.6757f,0.7974f,-0.5237f,-0.2997f,1.3081f,0f,0f,0f,1f],start_interpolation: 0,interpolation_duration: 1}
$data merge entity $(right_forearm) {transformation: [-1.1566f,-0.6074f,0.4366f,-2.0561f,-0.7453f,1.0039f,-0.5777f,4.1976f,-0.0635f,-0.7213f,-1.1717f,0.1818f,0f,0f,0f,1f],start_interpolation: 0,interpolation_duration: 1}
$data merge entity $(right_shoulder) {transformation: [-1.3322f,0.5211f,-0.322f,-1.1419f,0.5577f,1.3506f,-0.1214f,5.7358f,0.2534f,-0.2328f,-1.4253f,-0.1072f,0f,0f,0f,1f],start_interpolation: 0,interpolation_duration: 1}
$data merge entity $(right_arm) {transformation: [-0.9661f,-0.0647f,-0.25f,-0.6179f,-0.1467f,0.9342f,0.3252f,6.0919f,0.2125f,0.3509f,-0.912f,-0.1331f,0f,0f,0f,1f],start_interpolation: 0,interpolation_duration: 1}
$data merge entity $(left_thumb_2) {transformation: [-0.8559f,-0.5111f,0.0782f,2.7857f,-0.4803f,0.842f,0.2457f,3.2792f,-0.1914f,0.1728f,-0.9662f,-1.9808f,0f,0f,0f,1f],start_interpolation: 0,interpolation_duration: 1}
$data merge entity $(left_thumb) {transformation: [-0.8559f,-0.3891f,0.3406f,2.7826f,-0.4803f,0.8421f,-0.2451f,3.6248f,-0.1914f,-0.3734f,-0.9077f,-2.0598f,0f,0f,0f,1f],start_interpolation: 0,interpolation_duration: 1}
$data merge entity $(left_fingers2) {transformation: [0.1653f,0.9786f,0.1224f,3.0532f,0.9677f,-0.1849f,0.1714f,2.9419f,0.1904f,0.0901f,-0.9776f,-2.2281f,0f,0f,0f,1f],start_interpolation: 0,interpolation_duration: 1}
$data merge entity $(left_fingers) {transformation: [-0.9196f,0.3732f,0.1224f,3.1864f,0.39f,0.9047f,0.1714f,3.19f,-0.0468f,0.2054f,-0.9776f,-2.1754f,0f,0f,0f,1f],start_interpolation: 0,interpolation_duration: 1}
$data merge entity $(left_hand) {transformation: [-0.8559f,-0.5024f,0.1224f,2.879f,-0.4803f,0.8602f,0.1714f,3.7235f,-0.1914f,0.0879f,-0.9776f,-2.1655f,0f,0f,0f,1f],start_interpolation: 0,interpolation_duration: 1}
$data merge entity $(left_forearm) {transformation: [-0.5153f,-0.692f,-1.0737f,1.7764f,-0.4241f,1.1848f,-0.56f,5.4696f,1.2049f,0.1211f,-0.6563f,-1.957f,0f,0f,0f,1f],start_interpolation: 0,interpolation_duration: 1}
$data merge entity $(left_shoulder) {transformation: [-0.6847f,-0.7139f,-1.0823f,0.8028f,-1.2536f,0.6769f,0.3466f,6.0311f,0.3309f,1.0872f,-0.9265f,-0.5349f,0f,0f,0f,1f],start_interpolation: 0,interpolation_duration: 1}
$data merge entity $(left_arm) {transformation: [-0.9661f,-0.0647f,-0.25f,0.2372f,-0.1467f,0.9342f,0.3252f,6.2218f,0.2125f,0.3509f,-0.912f,-0.3211f,0f,0f,0f,1f],start_interpolation: 0,interpolation_duration: 1}
$data merge entity $(chest) {transformation: [-1.2352f,-0.0827f,-0.3196f,-0.0822f,-0.1876f,1.1944f,0.4158f,4.4809f,0.2717f,0.4486f,-1.166f,-0.8924f,0f,0f,0f,1f],start_interpolation: 0,interpolation_duration: 1}
$data merge entity $(left_cheek) {transformation: [-0.9828f,-0.0138f,-0.1842f,0.3363f,-0.0321f,0.9948f,0.097f,3.6035f,0.1819f,0.1013f,-0.9781f,-1.4656f,0f,0f,0f,1f],start_interpolation: 0,interpolation_duration: 1}
$data merge entity $(left_foot) {transformation: [-0.9254f,0.0112f,-0.4345f,0.791f,-0.0041f,1.0218f,0.0351f,-4.1829f,0.4346f,0.0335f,-0.9248f,-2.0613f,0f,0f,0f,1f],start_interpolation: 0,interpolation_duration: 1}
$data merge entity $(left_knee) {transformation: [-2.8145f,0.1508f,-1.1437f,1.0337f,-0.2487f,2.8655f,0.9897f,-0.1694f,1.1265f,1.0093f,-2.6391f,-0.8047f,0f,0f,0f,1f],start_interpolation: 0,interpolation_duration: 1}
$data merge entity $(left_leg) {transformation: [-1.5896f,-0.2231f,-0.6122f,0.6281f,-0.1404f,1.6935f,-0.2524f,2.5452f,0.6362f,-0.1835f,-1.5852f,-1.0258f,0f,0f,0f,1f],start_interpolation: 0,interpolation_duration: 1}
$data merge entity $(right_cheek) {transformation: [-0.9944f,0.0948f,-0.0459f,-0.5437f,0.0926f,0.9945f,0.0485f,3.5672f,0.0502f,0.044f,-0.9978f,-1.3751f,0f,0f,0f,1f],start_interpolation: 0,interpolation_duration: 1}
$data merge entity $(right_foot) {transformation: [-1.0195f,0.018f,0.0743f,-0.9038f,0.0177f,1.0222f,-0.0049f,-4.099f,-0.0744f,-0.0036f,-1.0197f,0.5282f,0f,0f,0f,1f],start_interpolation: 0,interpolation_duration: 1}
$data merge entity $(right_knee) {transformation: [-3.0403f,0.0561f,0.0748f,-0.9103f,0.0554f,3.0411f,-0.0273f,0.1105f,-0.0753f,-0.0259f,-3.0407f,0.3658f,0f,0f,0f,1f],start_interpolation: 0,interpolation_duration: 1}
$data merge entity $(right_leg) {transformation: [-1.7172f,0.048f,0.022f,-0.7626f,0.0313f,1.5015f,-0.8341f,2.5392f,-0.0425f,-0.8333f,-1.5017f,-0.9234f,0f,0f,0f,1f],start_interpolation: 0,interpolation_duration: 1}
$data merge entity $(weist) {transformation: [-1.6149f,0f,-0.1549f,-0.0822f,-0.0092f,1.6195f,0.0955f,4.1942f,0.1547f,0.0959f,-1.6121f,-0.9473f,0f,0f,0f,1f],start_interpolation: 0,interpolation_duration: 1}
data modify storage animated_java:temp entry.data merge value {"locators":{"consume":{"px":-0.778383302,"py":2.0776424694,"pz":1.5048036796,"ry":293.0180661958,"rx":-39.9552998799}}}
# Data Manager: Prepare for Read / Write
execute store result storage animated_java:temp args.id int 1 run scoreboard players get @s aj.id
# Data Manager: Write
function animated_java:global/data_manager/write with storage animated_java:temp args