# This file was generated by Animated Java via MC-Build. It is not recommended to edit this file directly.
$data merge entity $(neck) {transformation: [-0.9941f,-0.0837f,-0.069f,-0.1837f,-0.0976f,0.9679f,0.2315f,6.1484f,0.0474f,0.2368f,-0.9704f,-0.1923f,0f,0f,0f,1f],start_interpolation: 0,interpolation_duration: 1}
$data merge entity $(right_thumb_2) {transformation: [-0.6236f,-0.2528f,-0.7398f,-1.0087f,0.2489f,0.8328f,-0.4944f,2.3496f,0.7411f,-0.4924f,-0.4564f,1.3008f,0f,0f,0f,1f],start_interpolation: 0,interpolation_duration: 1}
$data merge entity $(right_thumb) {transformation: [-0.6236f,-0.6107f,-0.4881f,-1.2907f,0.2489f,0.4368f,-0.8644f,2.5393f,0.7411f,-0.6605f,-0.1204f,1.1998f,0f,0f,0f,1f],start_interpolation: 0,interpolation_duration: 1}
$data merge entity $(right_fingers2) {transformation: [0.6431f,-0.2744f,-0.7149f,-1.0347f,-0.7626f,-0.3149f,-0.5651f,1.881f,-0.0701f,0.9086f,-0.4118f,1.4628f,0f,0f,0f,1f],start_interpolation: 0,interpolation_duration: 1}
$data merge entity $(right_fingers) {transformation: [-0.1287f,-0.6872f,-0.7149f,-1.2394f,-0.4725f,0.6763f,-0.5651f,2.0563f,0.8719f,0.2651f,-0.4118f,1.5599f,0f,0f,0f,1f],start_interpolation: 0,interpolation_duration: 1}
$data merge entity $(scout) {transformation: [0f,0f,0f,-1.2193f,0f,0f,0f,1.9872f,0f,0f,0f,1.3609f,0f,0f,0f,1f],start_interpolation: 0,interpolation_duration: 1}
$data merge entity $(right_hand) {transformation: [-0.6236f,-0.3163f,-0.7149f,-1.4621f,0.2489f,0.7866f,-0.5651f,2.5132f,0.7411f,-0.5303f,-0.4118f,1.2123f,0f,0f,0f,1f],start_interpolation: 0,interpolation_duration: 1}
$data merge entity $(right_forearm) {transformation: [-1.1974f,-0.4356f,0.523f,-2.0493f,-0.6392f,1.0834f,-0.561f,4.151f,-0.234f,-0.7305f,-1.144f,0.0803f,0f,0f,0f,1f],start_interpolation: 0,interpolation_duration: 1}
$data merge entity $(right_shoulder) {transformation: [-1.3536f,0.5177f,-0.2225f,-1.1381f,0.5302f,1.3662f,-0.0467f,5.7113f,0.1908f,-0.1236f,-1.4485f,-0.0622f,0f,0f,0f,1f],start_interpolation: 0,interpolation_duration: 1}
$data merge entity $(right_arm) {transformation: [-0.9787f,-0.0636f,-0.1951f,-0.6062f,-0.1151f,0.9573f,0.2651f,6.0558f,0.1699f,0.2819f,-0.9443f,-0.0843f,0f,0f,0f,1f],start_interpolation: 0,interpolation_duration: 1}
$data merge entity $(left_thumb_2) {transformation: [-0.8609f,-0.4655f,0.2054f,2.718f,-0.4273f,0.8806f,0.2048f,2.8953f,-0.2762f,0.0886f,-0.957f,-1.5028f,0f,0f,0f,1f],start_interpolation: 0,interpolation_duration: 1}
$data merge entity $(left_thumb) {transformation: [-0.8609f,-0.2823f,0.4233f,2.7489f,-0.4273f,0.8528f,-0.3004f,3.2372f,-0.2762f,-0.4395f,-0.8547f,-1.5912f,0f,0f,0f,1f],start_interpolation: 0,interpolation_duration: 1}
$data merge entity $(left_fingers2) {transformation: [0.2118f,0.9461f,0.2452f,2.987f,0.9603f,-0.248f,0.1273f,2.5318f,0.1813f,0.2085f,-0.9611f,-1.7078f,0f,0f,0f,1f],start_interpolation: 0,interpolation_duration: 1}
$data merge entity $(left_fingers) {transformation: [-0.8778f,0.4116f,0.2452f,3.1308f,0.45f,0.8839f,0.1273f,2.7719f,-0.1643f,0.2221f,-0.9611f,-1.6469f,0f,0f,0f,1f],start_interpolation: 0,interpolation_duration: 1}
$data merge entity $(left_hand) {transformation: [-0.8609f,-0.4458f,0.2452f,2.8635f,-0.4273f,0.8951f,0.1273f,3.3251f,-0.2762f,0.0048f,-0.9611f,-1.6878f,0f,0f,0f,1f],start_interpolation: 0,interpolation_duration: 1}
$data merge entity $(left_forearm) {transformation: [-0.6786f,-0.6141f,-1.0293f,1.8731f,-0.3442f,1.2329f,-0.5086f,5.149f,1.1481f,0.0067f,-0.7609f,-1.6577f,0f,0f,0f,1f],start_interpolation: 0,interpolation_duration: 1}
$data merge entity $(left_shoulder) {transformation: [-0.8853f,-0.7316f,-0.9116f,0.832f,-1.1235f,0.8478f,0.4108f,5.943f,0.3221f,0.9465f,-1.0725f,-0.4042f,0f,0f,0f,1f],start_interpolation: 0,interpolation_duration: 1}
$data merge entity $(left_arm) {transformation: [-0.9787f,-0.0636f,-0.1951f,0.26f,-0.1151f,0.9573f,0.2651f,6.1576f,0.1699f,0.2819f,-0.9443f,-0.2347f,0f,0f,0f,1f],start_interpolation: 0,interpolation_duration: 1}
$data merge entity $(chest) {transformation: [-1.2513f,-0.0813f,-0.2495f,-0.065f,-0.1471f,1.224f,0.339f,4.3869f,0.2172f,0.3605f,-1.2073f,-0.7014f,0f,0f,0f,1f],start_interpolation: 0,interpolation_duration: 1}
$data merge entity $(left_cheek) {transformation: [-0.9824f,-0.0122f,-0.1862f,0.3489f,-0.0294f,0.9955f,0.0897f,3.5141f,0.1842f,0.0936f,-0.9784f,-1.2541f,0f,0f,0f,1f],start_interpolation: 0,interpolation_duration: 1}
$data merge entity $(left_foot) {transformation: [-0.9188f,0.0089f,-0.4483f,0.7065f,-0.0085f,1.0216f,0.0379f,-4.3582f,0.4483f,0.0378f,-0.9181f,-1.8124f,0f,0f,0f,1f],start_interpolation: 0,interpolation_duration: 1}
$data merge entity $(left_knee) {transformation: [-2.8145f,0.1512f,-1.1435f,0.9497f,-0.1976f,2.9078f,0.8707f,-0.2926f,1.1364f,0.8799f,-2.6808f,-0.7369f,0f,0f,0f,1f],start_interpolation: 0,interpolation_duration: 1}
$data merge entity $(left_leg) {transformation: [-1.5896f,-0.1602f,-0.6315f,0.6455f,-0.1116f,1.7076f,-0.1522f,2.4429f,0.6419f,-0.0998f,-1.5904f,-0.8235f,0f,0f,0f,1f],start_interpolation: 0,interpolation_duration: 1}
$data merge entity $(right_cheek) {transformation: [-0.9934f,0.0887f,-0.0723f,-0.5334f,0.0853f,0.9952f,0.0483f,3.4803f,0.0763f,0.0418f,-0.9962f,-1.146f,0f,0f,0f,1f],start_interpolation: 0,interpolation_duration: 1}
$data merge entity $(right_foot) {transformation: [-1.0194f,0.0098f,0.0769f,-0.8193f,0.0088f,1.0222f,-0.013f,-4.2846f,-0.077f,-0.0123f,-1.0194f,0.6136f,0f,0f,0f,1f],start_interpolation: 0,interpolation_duration: 1}
$data merge entity $(right_knee) {transformation: [-3.041f,0.0311f,0.0578f,-0.8611f,0.0302f,3.0412f,-0.0494f,-0.0767f,-0.0583f,-0.0488f,-3.0408f,0.42f,0f,0f,0f,1f],start_interpolation: 0,interpolation_duration: 1}
$data merge entity $(right_leg) {transformation: [-1.7176f,0.0294f,0.0226f,-0.7433f,0.017f,1.5562f,-0.7277f,2.437f,-0.0329f,-0.7273f,-1.5561f,-0.6981f,0f,0f,0f,1f],start_interpolation: 0,interpolation_duration: 1}
$data merge entity $(weist) {transformation: [-1.6121f,0f,-0.1816f,-0.065f,-0.0085f,1.6206f,0.0754f,4.0921f,0.1814f,0.0759f,-1.6104f,-0.7536f,0f,0f,0f,1f],start_interpolation: 0,interpolation_duration: 1}
data modify storage animated_java:temp entry.data merge value {"locators":{"consume":{"px":-1.1108063938,"py":1.8724445565,"pz":1.4236261829,"ry":299.9394929906,"rx":-34.4075340718}}}
# Data Manager: Prepare for Read / Write
execute store result storage animated_java:temp args.id int 1 run scoreboard players get @s aj.id
# Data Manager: Write
function animated_java:global/data_manager/write with storage animated_java:temp args