# This file was generated by Animated Java via MC-Build. It is not recommended to edit this file directly.
$data merge entity $(neck) {transformation: [-0.9963f,-0.0706f,-0.0488f,-0.1531f,-0.0781f,0.9815f,0.1749f,6.1104f,0.0355f,0.1781f,-0.9834f,-0.1365f,0f,0f,0f,1f],start_interpolation: 0,interpolation_duration: 1}
$data merge entity $(right_thumb_2) {transformation: [-0.6747f,-0.1355f,-0.7256f,-1.2504f,0.2684f,0.8706f,-0.4123f,2.1951f,0.6876f,-0.4729f,-0.551f,1.2149f,0f,0f,0f,1f],start_interpolation: 0,interpolation_duration: 1}
$data merge entity $(right_thumb) {transformation: [-0.6747f,-0.5042f,-0.5391f,-1.505f,0.2684f,0.5128f,-0.8155f,2.4114f,0.6876f,-0.6949f,-0.2106f,1.0962f,0f,0f,0f,1f],start_interpolation: 0,interpolation_duration: 1}
$data merge entity $(right_fingers2) {transformation: [0.5856f,-0.3894f,-0.711f,-1.3292f,-0.8094f,-0.3288f,-0.4866f,1.7239f,-0.0443f,0.8604f,-0.5077f,1.3501f,0f,0f,0f,1f],start_interpolation: 0,interpolation_duration: 1}
$data merge entity $(right_fingers) {transformation: [-0.2534f,-0.656f,-0.711f,-1.5284f,-0.4962f,0.7191f,-0.4866f,1.9113f,0.8304f,0.2294f,-0.5077f,1.4352f,0f,0f,0f,1f],start_interpolation: 0,interpolation_duration: 1}
$data merge entity $(scout) {transformation: [0f,0f,0f,-1.4936f,0f,0f,0f,1.8491f,0f,0f,0f,1.2359f,0f,0f,0f,1f],start_interpolation: 0,interpolation_duration: 1}
$data merge entity $(right_hand) {transformation: [-0.6747f,-0.1983f,-0.711f,-1.6783f,0.2684f,0.8314f,-0.4866f,2.399f,0.6876f,-0.5191f,-0.5077f,1.0904f,0f,0f,0f,1f],start_interpolation: 0,interpolation_duration: 1}
$data merge entity $(right_forearm) {transformation: [-1.2134f,-0.2731f,0.5918f,-2.0175f,-0.528f,1.1451f,-0.5542f,4.1253f,-0.3821f,-0.715f,-1.1135f,-0.011f,0f,0f,0f,1f],start_interpolation: 0,interpolation_duration: 1}
$data merge entity $(right_shoulder) {transformation: [-1.37f,0.5044f,-0.1363f,-1.122f,0.5047f,1.3765f,0.0205f,5.7011f,0.135f,-0.0278f,-1.4597f,-0.0251f,0f,0f,0f,1f],start_interpolation: 0,interpolation_duration: 1}
$data merge entity $(right_arm) {transformation: [-0.9881f,-0.0562f,-0.143f,-0.5823f,-0.0849f,0.9755f,0.2031f,6.0333f,0.128f,0.2129f,-0.9687f,-0.0439f,0f,0f,0f,1f],start_interpolation: 0,interpolation_duration: 1}
$data merge entity $(left_thumb_2) {transformation: [-0.8491f,-0.4132f,0.3291f,2.5994f,-0.3884f,0.9106f,0.1412f,2.5603f,-0.358f,-0.008f,-0.9337f,-0.9795f,0f,0f,0f,1f],start_interpolation: 0,interpolation_duration: 1}
$data merge entity $(left_thumb) {transformation: [-0.8491f,-0.1716f,0.4996f,2.663f,-0.3884f,0.8438f,-0.3702f,2.8946f,-0.358f,-0.5084f,-0.7832f,-1.0789f,0f,0f,0f,1f],start_interpolation: 0,interpolation_duration: 1}
$data merge entity $(left_fingers2) {transformation: [0.2524f,0.8966f,0.3639f,2.8658f,0.954f,-0.2935f,0.0613f,2.1708f,0.1617f,0.3317f,-0.9294f,-1.1339f,0f,0f,0f,1f],start_interpolation: 0,interpolation_duration: 1}
$data merge entity $(left_fingers) {transformation: [-0.8207f,0.4405f,0.3639f,3.0171f,0.493f,0.8679f,0.0613f,2.4047f,-0.2888f,0.2297f,-0.9294f,-1.0671f,0f,0f,0f,1f],start_interpolation: 0,interpolation_duration: 1}
$data merge entity $(left_hand) {transformation: [-0.8491f,-0.3829f,0.3639f,2.7938f,-0.3884f,0.9194f,0.0613f,2.9702f,-0.358f,-0.0893f,-0.9294f,-1.1649f,0f,0f,0f,1f],start_interpolation: 0,interpolation_duration: 1}
$data merge entity $(left_forearm) {transformation: [-0.8297f,-0.5275f,-0.9646f,1.9298f,-0.2413f,1.2664f,-0.4849f,4.8497f,1.0726f,-0.1231f,-0.8553f,-1.3367f,0f,0f,0f,1f],start_interpolation: 0,interpolation_duration: 1}
$data merge entity $(left_shoulder) {transformation: [-1.0596f,-0.7155f,-0.7177f,0.867f,-0.9723f,1.0106f,0.4281f,5.872f,0.2858f,0.7853f,-1.2048f,-0.2829f,0f,0f,0f,1f],start_interpolation: 0,interpolation_duration: 1}
$data merge entity $(left_arm) {transformation: [-0.9881f,-0.0562f,-0.143f,0.2923f,-0.0849f,0.9755f,0.2031f,6.1084f,0.128f,0.2129f,-0.9687f,-0.1572f,0f,0f,0f,1f],start_interpolation: 0,interpolation_duration: 1}
$data merge entity $(chest) {transformation: [-1.2634f,-0.0719f,-0.1828f,-0.0484f,-0.1085f,1.2472f,0.2597f,4.3162f,0.1637f,0.2721f,-1.2385f,-0.5185f,0f,0f,0f,1f],start_interpolation: 0,interpolation_duration: 1}
$data merge entity $(left_cheek) {transformation: [-0.9826f,-0.0106f,-0.1856f,0.3594f,-0.0263f,0.9963f,0.0823f,3.4508f,0.184f,0.0857f,-0.9792f,-1.0544f,0f,0f,0f,1f],start_interpolation: 0,interpolation_duration: 1}
$data merge entity $(left_foot) {transformation: [-0.9117f,0.0079f,-0.4626f,0.6237f,-0.0114f,1.0215f,0.04f,-4.4893f,0.4625f,0.0409f,-0.9108f,-1.5686f,0f,0f,0f,1f],start_interpolation: 0,interpolation_duration: 1}
$data merge entity $(left_knee) {transformation: [-2.8141f,0.1516f,-1.1445f,0.8676f,-0.1481f,2.943f,0.7542f,-0.381f,1.145f,0.7535f,-2.7154f,-0.6697f,0f,0f,0f,1f],start_interpolation: 0,interpolation_duration: 1}
$data merge entity $(left_leg) {transformation: [-1.5894f,-0.0988f,-0.6445f,0.6621f,-0.0837f,1.715f,-0.0565f,2.3647f,0.6467f,-0.0209f,-1.5915f,-0.6296f,0f,0f,0f,1f],start_interpolation: 0,interpolation_duration: 1}
$data merge entity $(right_cheek) {transformation: [-0.9919f,0.0806f,-0.0983f,-0.5232f,0.0762f,0.9959f,0.0478f,3.421f,0.1018f,0.0399f,-0.994f,-0.9296f,0f,0f,0f,1f],start_interpolation: 0,interpolation_duration: 1}
$data merge entity $(right_foot) {transformation: [-1.0193f,0.002f,0.0793f,-0.7391f,0.0004f,1.0222f,-0.0206f,-4.4299f,-0.0794f,-0.0205f,-1.0191f,0.6889f,0f,0f,0f,1f],start_interpolation: 0,interpolation_duration: 1}
$data merge entity $(right_knee) {transformation: [-3.0414f,0.0074f,0.0412f,-0.8144f,0.0065f,3.0409f,-0.0699f,-0.2239f,-0.0414f,-0.0698f,-3.0407f,0.4668f,0f,0f,0f,1f],start_interpolation: 0,interpolation_duration: 1}
$data merge entity $(right_leg) {transformation: [-1.7178f,0.0119f,0.0204f,-0.7245f,0.0037f,1.6013f,-0.6224f,2.3595f,-0.0234f,-0.6223f,-1.6011f,-0.4822f,0f,0f,0f,1f],start_interpolation: 0,interpolation_duration: 1}
$data merge entity $(weist) {transformation: [-1.6091f,0f,-0.2071f,-0.0484f,-0.0072f,1.6214f,0.0562f,4.0142f,0.2069f,0.0566f,-1.6081f,-0.5681f,0f,0f,0f,1f],start_interpolation: 0,interpolation_duration: 1}
data modify storage animated_java:temp entry.data merge value {"locators":{"consume":{"px":-1.4013375653,"py":1.7232630811,"pz":1.303232241,"ry":305.5299318592,"rx":-29.1159990289}}}
# Data Manager: Prepare for Read / Write
execute store result storage animated_java:temp args.id int 1 run scoreboard players get @s aj.id
# Data Manager: Write
function animated_java:global/data_manager/write with storage animated_java:temp args
execute unless entity @s[tag=aj.transforms_only] at @s run function animated_java:female/animations/jump_end/zzz/frames/19_root_function