# This file was generated by Animated Java via MC-Build. It is not recommended to edit this file directly.
$data merge entity $(neck) {transformation: [-0.9976f,-0.029f,-0.0624f,-0.047f,-0.0518f,0.9136f,0.4034f,6.3529f,0.0453f,0.4057f,-0.9129f,-0.7981f,0f,0f,0f,1f],start_interpolation: 0,interpolation_duration: 1}
$data merge entity $(right_thumb_2) {transformation: [-0.0221f,-0.5157f,-0.8565f,-0.4899f,0.4092f,0.777f,-0.4784f,3.2105f,0.9122f,-0.361f,0.1938f,1.0307f,0f,0f,0f,1f],start_interpolation: 0,interpolation_duration: 1}
$data merge entity $(right_thumb) {transformation: [-0.0221f,-0.8951f,-0.4452f,-0.7749f,0.4092f,0.3982f,-0.821f,3.4108f,0.9122f,-0.2003f,0.3575f,1.0964f,0f,0f,0f,1f],start_interpolation: 0,interpolation_duration: 1}
$data merge entity $(right_fingers2) {transformation: [0.465f,0.3613f,-0.8083f,-0.4028f,-0.824f,-0.1573f,-0.5443f,2.7737f,-0.3238f,0.9191f,0.2246f,1.2502f,0f,0f,0f,1f],start_interpolation: 0,interpolation_duration: 1}
$data merge entity $(right_fingers) {transformation: [0.4534f,-0.3758f,-0.8083f,-0.503f,-0.3319f,0.7704f,-0.5443f,2.9799f,0.8272f,0.515f,0.2246f,1.4219f,0f,0f,0f,1f],start_interpolation: 0,interpolation_duration: 1}
$data merge entity $(scout) {transformation: [0f,0f,0f,-0.6116f,0f,0f,0f,2.8822f,0f,0f,0f,1.2688f,0f,0f,0f,1f],start_interpolation: 0,interpolation_duration: 1}
$data merge entity $(right_hand) {transformation: [-0.0221f,-0.5884f,-0.8083f,-0.9f,0.4092f,0.7323f,-0.5443f,3.4036f,0.9122f,-0.3428f,0.2246f,1.2168f,0f,0f,0f,1f],start_interpolation: 0,interpolation_duration: 1}
$data merge entity $(right_forearm) {transformation: [-1.0709f,-0.8105f,-0.3057f,-2.0872f,-0.5456f,1.0086f,-0.763f,4.9175f,0.6728f,-0.4721f,-1.1052f,0.4376f,0f,0f,0f,1f],start_interpolation: 0,interpolation_duration: 1}
$data merge entity $(right_shoulder) {transformation: [-0.9453f,0.729f,-0.8514f,-0.9804f,1.0522f,0.961f,-0.3453f,5.8882f,0.3864f,-0.8335f,-1.1427f,-0.6198f,0f,0f,0f,1f],start_interpolation: 0,interpolation_duration: 1}
$data merge entity $(right_arm) {transformation: [-0.94f,0.016f,-0.3407f,-0.4485f,-0.1628f,0.8568f,0.4893f,6.2324f,0.2997f,0.5155f,-0.8028f,-0.6463f,0f,0f,0f,1f],start_interpolation: 0,interpolation_duration: 1}
$data merge entity $(left_thumb_2) {transformation: [-0.6605f,-0.7508f,0.0032f,3.658f,-0.7503f,0.6603f,0.0332f,4.3338f,-0.0271f,0.0195f,-0.9994f,-2.2699f,0f,0f,0f,1f],start_interpolation: 0,interpolation_duration: 1}
$data merge entity $(left_thumb) {transformation: [-0.6605f,-0.6315f,0.4061f,3.5471f,-0.7503f,0.5747f,-0.3267f,4.6345f,-0.0271f,-0.5205f,-0.8534f,-2.4214f,0f,0f,0f,1f],start_interpolation: 0,interpolation_duration: 1}
$data merge entity $(left_fingers2) {transformation: [-0.1482f,0.9866f,0.0686f,4.0195f,0.9884f,0.1501f,-0.0245f,4.0484f,-0.0344f,0.0642f,-0.9973f,-2.4553f,0f,0f,0f,1f],start_interpolation: 0,interpolation_duration: 1}
$data merge entity $(left_fingers) {transformation: [-0.9953f,0.0689f,0.0686f,4.0678f,0.0674f,0.9974f,-0.0245f,4.3305f,-0.0701f,-0.0197f,-0.9973f,-2.4662f,0f,0f,0f,1f],start_interpolation: 0,interpolation_duration: 1}
$data merge entity $(left_hand) {transformation: [-0.6605f,-0.7477f,0.0686f,3.6083f,-0.7503f,0.6606f,-0.0245f,4.7315f,-0.0271f,-0.0677f,-0.9973f,-2.552f,0f,0f,0f,1f],start_interpolation: 0,interpolation_duration: 1}
$data merge entity $(left_forearm) {transformation: [-0.3637f,-1.0298f,-0.8393f,2.0118f,-0.2786f,0.9099f,-0.9957f,6.054f,1.2989f,-0.0932f,-0.4486f,-2.6547f,0f,0f,0f,1f],start_interpolation: 0,interpolation_duration: 1}
$data merge entity $(left_shoulder) {transformation: [0.1255f,-0.9521f,-1.108f,0.9119f,-1.3525f,0.3446f,-0.4493f,6.216f,0.5522f,1.0605f,-0.8488f,-1.2231f,0f,0f,0f,1f],start_interpolation: 0,interpolation_duration: 1}
$data merge entity $(left_arm) {transformation: [-0.94f,0.016f,-0.3407f,0.3835f,-0.1628f,0.8568f,0.4893f,6.3765f,0.2997f,0.5155f,-0.8028f,-0.9116f,0f,0f,0f,1f],start_interpolation: 0,interpolation_duration: 1}
$data merge entity $(chest) {transformation: [-1.2019f,0.0204f,-0.4356f,-0.0731f,-0.2082f,1.0954f,0.6256f,4.774f,0.3832f,0.659f,-1.0264f,-1.7376f,0f,0f,0f,1f],start_interpolation: 0,interpolation_duration: 1}
$data merge entity $(left_cheek) {transformation: [-0.9933f,-0.0959f,-0.0647f,0.3571f,-0.0985f,0.9945f,0.037f,4.2592f,0.0608f,0.0431f,-0.9972f,-2.329f,0f,0f,0f,1f],start_interpolation: 0,interpolation_duration: 1}
$data merge entity $(left_foot) {transformation: [-0.9434f,0.0549f,-0.3903f,1.323f,0.0407f,1.0206f,0.0453f,-2.434f,0.392f,0.0263f,-0.9439f,-2.903f,0f,0f,0f,1f],start_interpolation: 0,interpolation_duration: 1}
$data merge entity $(left_knee) {transformation: [-2.805f,0.1999f,-1.1593f,1.6328f,-0.5308f,2.4599f,1.7085f,1.0557f,1.0498f,1.7779f,-2.2336f,-0.5639f,0f,0f,0f,1f],start_interpolation: 0,interpolation_duration: 1}
$data merge entity $(left_leg) {transformation: [-1.5843f,-0.589f,-0.3074f,0.6322f,-0.2998f,1.3431f,-1.0284f,3.2251f,0.5929f,-0.8947f,-1.3414f,-1.9333f,0f,0f,0f,1f],start_interpolation: 0,interpolation_duration: 1}
$data merge entity $(right_cheek) {transformation: [-0.9918f,0.1108f,0.0639f,-0.4885f,0.1101f,0.9938f,-0.0147f,4.2842f,-0.0651f,-0.0076f,-0.9978f,-2.3397f,0f,0f,0f,1f],start_interpolation: 0,interpolation_duration: 1}
$data merge entity $(right_foot) {transformation: [-1.0182f,0.0764f,0.0513f,-1.2559f,0.0769f,1.0194f,0.0079f,-2.5558f,-0.0505f,0.0117f,-1.0211f,0.0653f,0f,0f,0f,1f],start_interpolation: 0,interpolation_duration: 1}
$data merge entity $(right_knee) {transformation: [-3.0302f,0.1972f,0.1772f,-1.0627f,0.2103f,3.0258f,0.2296f,1.6474f,-0.1614f,0.241f,-3.0279f,0.2703f,0f,0f,0f,1f],start_interpolation: 0,interpolation_duration: 1}
$data merge entity $(right_leg) {transformation: [-1.7114f,0.1423f,-0.0466f,-0.7622f,0.1188f,0.9645f,-1.4167f,3.2291f,-0.0912f,-1.4145f,-0.9706f,-1.9636f,0f,0f,0f,1f],start_interpolation: 0,interpolation_duration: 1}
$data merge entity $(weist) {transformation: [-1.6223f,0f,0f,-0.0731f,0f,1.6085f,0.2118f,4.873f,0f,0.2118f,-1.6085f,-1.804f,0f,0f,0f,1f],start_interpolation: 0,interpolation_duration: 1}
data modify storage animated_java:temp entry.data merge value {"locators":{"consume":{"px":-0.4865229703,"py":2.7672402013,"pz":1.2689595389,"ry":254.471901819,"rx":-32.9787776834}}}
# Data Manager: Prepare for Read / Write
execute store result storage animated_java:temp args.id int 1 run scoreboard players get @s aj.id
# Data Manager: Write
function animated_java:global/data_manager/write with storage animated_java:temp args
execute unless entity @s[tag=aj.transforms_only] at @s run function animated_java:female/animations/jump_end/zzz/frames/2_root_function