# This file was generated by Animated Java via MC-Build. It is not recommended to edit this file directly.
$data merge entity $(neck) {transformation: [-0.9981f,-0.0534f,-0.0314f,-0.1146f,-0.0568f,0.991f,0.1209f,6.0581f,0.0247f,0.1225f,-0.9922f,-0.0887f,0f,0f,0f,1f],start_interpolation: 0,interpolation_duration: 1}
$data merge entity $(right_thumb_2) {transformation: [-0.7095f,-0.0305f,-0.7041f,-1.4535f,0.2933f,0.8957f,-0.3343f,2.0619f,0.6408f,-0.4437f,-0.6265f,1.1098f,0f,0f,0f,1f],start_interpolation: 0,interpolation_duration: 1}
$data merge entity $(right_thumb) {transformation: [-0.7095f,-0.404f,-0.5774f,-1.6805f,0.2933f,0.5758f,-0.7632f,2.3013f,0.6408f,-0.7108f,-0.29f,0.9802f,0f,0f,0f,1f],start_interpolation: 0,interpolation_duration: 1}
$data merge entity $(right_fingers2) {transformation: [0.5263f,-0.4845f,-0.6987f,-1.5778f,-0.8497f,-0.3301f,-0.4111f,1.5933f,-0.0315f,0.8101f,-0.5855f,1.2172f,0f,0f,0f,1f],start_interpolation: 0,interpolation_duration: 1}
$data merge entity $(right_fingers) {transformation: [-0.3591f,-0.6187f,-0.6987f,-1.7694f,-0.5062f,0.7581f,-0.4111f,1.7921f,0.7841f,0.2061f,-0.5855f,1.2938f,0f,0f,0f,1f],start_interpolation: 0,interpolation_duration: 1}
$data merge entity $(scout) {transformation: [0f,0f,0f,-1.7222f,0f,0f,0f,1.7349f,0f,0f,0f,1.0955f,0f,0f,0f,1f],start_interpolation: 0,interpolation_duration: 1}
$data merge entity $(right_hand) {transformation: [-0.7095f,-0.0917f,-0.6987f,-1.853f,0.2933f,0.8631f,-0.4111f,2.3026f,0.6408f,-0.4966f,-0.5855f,0.9597f,0f,0f,0f,1f],start_interpolation: 0,interpolation_duration: 1}
$data merge entity $(right_forearm) {transformation: [-1.2117f,-0.1263f,0.6426f,-1.9695f,-0.4186f,1.1888f,-0.5555f,4.0901f,-0.5037f,-0.684f,-1.0842f,-0.0889f,0f,0f,0f,1f],start_interpolation: 0,interpolation_duration: 1}
$data merge entity $(right_shoulder) {transformation: [-1.3818f,0.486f,-0.0652f,-1.0964f,0.4825f,1.3823f,0.0788f,5.6757f,0.0876f,0.0528f,-1.4627f,0.0049f,0f,0f,0f,1f],start_interpolation: 0,interpolation_duration: 1}
$data merge entity $(right_arm) {transformation: [-0.9944f,-0.0439f,-0.0958f,-0.5491f,-0.0573f,0.9882f,0.1422f,5.9955f,0.0884f,0.1469f,-0.9852f,-0.0108f,0f,0f,0f,1f],start_interpolation: 0,interpolation_duration: 1}
$data merge entity $(left_thumb_2) {transformation: [-0.8254f,-0.3546f,0.4393f,2.4304f,-0.3659f,0.9286f,0.0621f,2.2708f,-0.43f,-0.1095f,-0.8962f,-0.4445f,0f,0f,0f,1f],start_interpolation: 0,interpolation_duration: 1}
$data merge entity $(left_thumb) {transformation: [-0.8254f,-0.063f,0.561f,2.5246f,-0.3659f,0.8165f,-0.4466f,2.5941f,-0.43f,-0.5739f,-0.697f,-0.5555f,0f,0f,0f,1f],start_interpolation: 0,interpolation_duration: 1}
$data merge entity $(left_fingers2) {transformation: [0.2893f,0.8347f,0.4686f,2.6887f,0.948f,-0.3178f,-0.0191f,1.8586f,0.133f,0.4497f,-0.8832f,-0.5438f,0f,0f,0f,1f],start_interpolation: 0,interpolation_duration: 1}
$data merge entity $(left_fingers) {transformation: [-0.7523f,0.4631f,0.4686f,2.8453f,0.5155f,0.8567f,-0.0191f,2.0881f,-0.4102f,0.2272f,-0.8832f,-0.474f,0f,0f,0f,1f],start_interpolation: 0,interpolation_duration: 1}
$data merge entity $(left_hand) {transformation: [-0.8254f,-0.315f,0.4686f,2.6685f,-0.3659f,0.9305f,-0.0191f,2.6569f,-0.43f,-0.1872f,-0.8832f,-0.6302f,0f,0f,0f,1f],start_interpolation: 0,interpolation_duration: 1}
$data merge entity $(left_forearm) {transformation: [-0.9574f,-0.4338f,-0.8902f,1.9429f,-0.1265f,1.2816f,-0.4885f,4.5639f,0.9821f,-0.2578f,-0.9306f,-1.0114f,0f,0f,0f,1f],start_interpolation: 0,interpolation_duration: 1}
$data merge entity $(left_shoulder) {transformation: [-1.1985f,-0.6665f,-0.5188f,0.9054f,-0.814f,1.1517f,0.4009f,5.7911f,0.2252f,0.6157f,-1.3115f,-0.1732f,0f,0f,0f,1f],start_interpolation: 0,interpolation_duration: 1}
$data merge entity $(left_arm) {transformation: [-0.9944f,-0.0439f,-0.0958f,0.3311f,-0.0573f,0.9882f,0.1422f,6.0462f,0.0884f,0.1469f,-0.9852f,-0.0891f,0f,0f,0f,1f],start_interpolation: 0,interpolation_duration: 1}
$data merge entity $(chest) {transformation: [-1.2714f,-0.0561f,-0.1225f,-0.033f,-0.0733f,1.2634f,0.1818f,4.2411f,0.1131f,0.1878f,-1.2596f,-0.3493f,0f,0f,0f,1f],start_interpolation: 0,interpolation_duration: 1}
$data merge entity $(left_cheek) {transformation: [-0.9831f,-0.0089f,-0.183f,0.3661f,-0.023f,0.9969f,0.0751f,3.3849f,0.1818f,0.0781f,-0.9802f,-0.8734f,0f,0f,0f,1f],start_interpolation: 0,interpolation_duration: 1}
$data merge entity $(left_foot) {transformation: [-0.9043f,0.008f,-0.4769f,0.5462f,-0.0129f,1.0214f,0.0417f,-4.6052f,0.4767f,0.0429f,-0.9034f,-1.3386f,0f,0f,0f,1f],start_interpolation: 0,interpolation_duration: 1}
$data merge entity $(left_knee) {transformation: [-2.8133f,0.152f,-1.1464f,0.7905f,-0.102f,2.971f,0.6444f,-0.4641f,1.1519f,0.6344f,-2.7427f,-0.6058f,0f,0f,0f,1f],start_interpolation: 0,interpolation_duration: 1}
$data merge entity $(left_leg) {transformation: [-1.589f,-0.0413f,-0.6519f,0.6773f,-0.0576f,1.7167f,0.0317f,2.2828f,0.6506f,0.0512f,-1.5892f,-0.4502f,0f,0f,0f,1f],start_interpolation: 0,interpolation_duration: 1}
$data merge entity $(right_cheek) {transformation: [-0.9899f,0.0711f,-0.1227f,-0.5136f,0.0658f,0.9967f,0.047f,3.3605f,0.1256f,0.0385f,-0.9913f,-0.734f,0f,0f,0f,1f],start_interpolation: 0,interpolation_duration: 1}
$data merge entity $(right_foot) {transformation: [-1.0191f,-0.0051f,0.0815f,-0.666f,-0.0073f,1.022f,-0.0274f,-4.5627f,-0.0813f,-0.0279f,-1.0187f,0.7534f,0f,0f,0f,1f],start_interpolation: 0,interpolation_duration: 1}
$data merge entity $(right_knee) {transformation: [-3.0416f,-0.0143f,0.0257f,-0.772f,-0.015f,3.0404f,-0.0883f,-0.3588f,-0.0253f,-0.0885f,-3.0403f,0.5058f,0f,0f,0f,1f],start_interpolation: 0,interpolation_duration: 1}
$data merge entity $(right_leg) {transformation: [-1.7179f,-0.0037f,0.0162f,-0.707f,-0.0085f,1.6366f,-0.5224f,2.2788f,-0.0143f,-0.5224f,-1.6365f,-0.2826f,0f,0f,0f,1f],start_interpolation: 0,interpolation_duration: 1}
$data merge entity $(weist) {transformation: [-1.6059f,0f,-0.2306f,-0.033f,-0.0055f,1.6219f,0.0385f,3.9327f,0.2305f,0.0389f,-1.6054f,-0.3964f,0f,0f,0f,1f],start_interpolation: 0,interpolation_duration: 1}
data modify storage animated_java:temp entry.data merge value {"locators":{"consume":{"px":-1.6455603885,"py":1.599991104,"pz":1.1645747003,"ry":309.9599454487,"rx":-24.2745229986}}}
# Data Manager: Prepare for Read / Write
execute store result storage animated_java:temp args.id int 1 run scoreboard players get @s aj.id
# Data Manager: Write
function animated_java:global/data_manager/write with storage animated_java:temp args