# This file was generated by Animated Java via MC-Build. It is not recommended to edit this file directly.
$data merge entity $(neck) {transformation: [-0.9999f,-0.0155f,-0.0069f,-0.0327f,-0.0157f,0.9994f,0.031f,5.9606f,0.0064f,0.0311f,-0.9995f,-0.0158f,0f,0f,0f,1f],start_interpolation: 0,interpolation_duration: 1}
$data merge entity $(right_thumb_2) {transformation: [-0.7417f,0.1326f,-0.6575f,-1.7454f,0.3461f,0.9153f,-0.2059f,1.8898f,0.5745f,-0.3803f,-0.7248f,0.9043f,0f,0f,0f,1f],start_interpolation: 0,interpolation_duration: 1}
$data merge entity $(right_thumb) {transformation: [-0.7417f,-0.2415f,-0.6258f,-1.9242f,0.3461f,0.6614f,-0.6654f,2.1633f,0.5745f,-0.7101f,-0.407f,0.7668f,0f,0f,0f,1f],start_interpolation: 0,interpolation_duration: 1}
$data merge entity $(right_fingers2) {transformation: [0.4195f,-0.6162f,-0.6666f,-1.9377f,-0.9072f,-0.3095f,-0.2849f,1.4359f,-0.0307f,0.7242f,-0.6889f,0.9636f,0f,0f,0f,1f],start_interpolation: 0,interpolation_duration: 1}
$data merge entity $(right_fingers) {transformation: [-0.5108f,-0.5429f,-0.6666f,-2.1117f,-0.4985f,0.8188f,-0.2849f,1.6531f,0.7004f,0.1868f,-0.6889f,1.0315f,0f,0f,0f,1f],start_interpolation: 0,interpolation_duration: 1}
$data merge entity $(scout) {transformation: [0f,0f,0f,-2.048f,0f,0f,0f,1.6014f,0f,0f,0f,0.8364f,0f,0f,0f,1f],start_interpolation: 0,interpolation_duration: 1}
$data merge entity $(right_hand) {transformation: [-0.7417f,0.0748f,-0.6666f,-2.0915f,0.3461f,0.8939f,-0.2849f,2.1878f,0.5745f,-0.442f,-0.6889f,0.7267f,0f,0f,0f,1f],start_interpolation: 0,interpolation_duration: 1}
$data merge entity $(right_forearm) {transformation: [-1.1828f,0.103f,0.6982f,-1.8619f,-0.2309f,1.2312f,-0.5726f,4.0308f,-0.667f,-0.6088f,-1.0401f,-0.2002f,0f,0f,0f,1f],start_interpolation: 0,interpolation_duration: 1}
$data merge entity $(right_shoulder) {transformation: [-1.3952f,0.4497f,0.0324f,-1.0334f,0.4504f,1.3854f,0.1661f,5.6237f,0.0204f,0.168f,-1.4564f,0.0475f,0f,0f,0f,1f],start_interpolation: 0,interpolation_duration: 1}
$data merge entity $(right_arm) {transformation: [-0.9996f,-0.0132f,-0.0232f,-0.4737f,-0.0141f,0.9992f,0.0372f,5.9215f,0.0227f,0.0375f,-0.999f,0.0371f,0f,0f,0f,1f],start_interpolation: 0,interpolation_duration: 1}
$data merge entity $(left_thumb_2) {transformation: [-0.7686f,-0.2345f,0.5952f,2.0173f,-0.3603f,0.9275f,-0.0999f,1.918f,-0.5286f,-0.2912f,-0.7974f,0.4964f,0f,0f,0f,1f],start_interpolation: 0,interpolation_duration: 1}
$data merge entity $(left_thumb) {transformation: [-0.7686f,0.122f,0.6279f,2.1616f,-0.3603f,0.7286f,-0.5826f,2.214f,-0.5286f,-0.674f,-0.516f,0.3652f,0f,0f,0f,1f],start_interpolation: 0,interpolation_duration: 1}
$data merge entity $(left_fingers2) {transformation: [0.3548f,0.7056f,0.6133f,2.2464f,0.9327f,-0.3123f,-0.1803f,1.4775f,0.0643f,0.636f,-0.769f,0.5007f,0f,0f,0f,1f],start_interpolation: 0,interpolation_duration: 1}
$data merge entity $(left_fingers) {transformation: [-0.6121f,0.4992f,0.6133f,2.4104f,0.5068f,0.843f,-0.1803f,1.7021f,-0.607f,0.2004f,-0.769f,0.5693f,0f,0f,0f,1f],start_interpolation: 0,interpolation_duration: 1}
$data merge entity $(left_hand) {transformation: [-0.7686f,-0.1817f,0.6133f,2.322f,-0.3603f,0.9152f,-0.1803f,2.2545f,-0.5286f,-0.3596f,-0.769f,0.3118f,0f,0f,0f,1f],start_interpolation: 0,interpolation_duration: 1}
$data merge entity $(left_forearm) {transformation: [-1.124f,-0.2503f,-0.7557f,1.8707f,0.0876f,1.2606f,-0.548f,4.1367f,0.7912f,-0.4953f,-1.0128f,-0.4381f,0f,0f,0f,1f],start_interpolation: 0,interpolation_duration: 1}
$data merge entity $(left_shoulder) {transformation: [-1.3628f,-0.5109f,-0.1775f,0.9788f,-0.5363f,1.3386f,0.2652f,5.652f,0.0696f,0.3114f,-1.4311f,0.0017f,0f,0f,0f,1f],start_interpolation: 0,interpolation_duration: 1}
$data merge entity $(left_arm) {transformation: [-0.9996f,-0.0132f,-0.0232f,0.4111f,-0.0141f,0.9992f,0.0372f,5.9339f,0.0227f,0.0375f,-0.999f,0.017f,0f,0f,0f,1f],start_interpolation: 0,interpolation_duration: 1}
$data merge entity $(chest) {transformation: [-1.2781f,-0.0169f,-0.0297f,-0.0083f,-0.018f,1.2775f,0.0476f,4.1244f,0.0291f,0.048f,-1.2773f,-0.0753f,0f,0f,0f,1f],start_interpolation: 0,interpolation_duration: 1}
$data merge entity $(left_cheek) {transformation: [-0.9846f,-0.0047f,-0.1747f,0.3616f,-0.016f,0.9979f,0.0632f,3.2882f,0.174f,0.0651f,-0.9826f,-0.5969f,0f,0f,0f,1f],start_interpolation: 0,interpolation_duration: 1}
$data merge entity $(left_foot) {transformation: [-0.8907f,0.0104f,-0.5017f,0.4193f,-0.0126f,1.0214f,0.0435f,-4.7584f,0.5017f,0.0441f,-0.8897f,-0.9573f,0f,0f,0f,1f],start_interpolation: 0,interpolation_duration: 1}
$data merge entity $(left_knee) {transformation: [-2.8112f,0.1522f,-1.1516f,0.6635f,-0.0263f,3.0064f,0.4615f,-0.5779f,1.1614f,0.4365f,-2.7772f,-0.5002f,0f,0f,0f,1f],start_interpolation: 0,interpolation_duration: 1}
$data merge entity $(left_leg) {transformation: [-1.5877f,0.053f,-0.654f,0.7015f,-0.0148f,1.709f,0.1745f,2.1543f,0.6559f,0.167f,-1.579f,-0.1591f,0f,0f,0f,1f],start_interpolation: 0,interpolation_duration: 1}
$data merge entity $(right_cheek) {transformation: [-0.9854f,0.0516f,-0.1624f,-0.4977f,0.0448f,0.998f,0.0451f,3.2772f,0.1644f,0.0372f,-0.9857f,-0.4401f,0f,0f,0f,1f],start_interpolation: 0,interpolation_duration: 1}
$data merge entity $(right_foot) {transformation: [-1.0187f,-0.0165f,0.085f,-0.5506f,-0.0198f,1.0215f,-0.0379f,-4.7509f,-0.0843f,-0.0394f,-1.0181f,0.8483f,0f,0f,0f,1f],start_interpolation: 0,interpolation_duration: 1}
$data merge entity $(right_knee) {transformation: [-3.0413f,-0.0491f,0.0001f,-0.7059f,-0.0491f,3.0391f,-0.1179f,-0.551f,0.0018f,-0.1178f,-3.0395f,0.5609f,0f,0f,0f,1f],start_interpolation: 0,interpolation_duration: 1}
$data merge entity $(right_leg) {transformation: [-1.7177f,-0.0273f,0.0047f,-0.6784f,-0.0277f,1.6807f,-0.355f,2.1531f,0.001f,-0.355f,-1.6809f,0.0414f,0f,0f,0f,1f],start_interpolation: 0,interpolation_duration: 1}
$data merge entity $(weist) {transformation: [-1.5999f,0f,-0.2686f,-0.0083f,-0.0016f,1.6223f,0.0098f,3.8048f,0.2686f,0.01f,-1.5999f,-0.1178f,0f,0f,0f,1f],start_interpolation: 0,interpolation_duration: 1}
data modify storage animated_java:temp entry.data merge value {"locators":{"consume":{"px":-1.9972099838,"py":1.4541338289,"pz":0.9041612206,"ry":315.9433564848,"rx":-16.5508131224}}}
# Data Manager: Prepare for Read / Write
execute store result storage animated_java:temp args.id int 1 run scoreboard players get @s aj.id
# Data Manager: Write
function animated_java:global/data_manager/write with storage animated_java:temp args