# This file was generated by Animated Java via MC-Build. It is not recommended to edit this file directly.
$data merge entity $(neck) {transformation: [-0.9963f,-0.0174f,-0.0843f,-0.0287f,-0.0549f,0.8827f,0.4666f,6.1951f,0.0663f,0.4695f,-0.8804f,-0.7313f,0f,0f,0f,1f],start_interpolation: 0,interpolation_duration: 1}
$data merge entity $(right_thumb_2) {transformation: [0.0491f,-0.9572f,-0.2851f,0.9928f,0.3618f,0.2831f,-0.8882f,4.0651f,0.931f,-0.0595f,0.3602f,0.5003f,0f,0f,0f,1f],start_interpolation: 0,interpolation_duration: 1}
$data merge entity $(right_thumb) {transformation: [0.0491f,-0.9605f,0.2739f,0.6872f,0.3618f,-0.2385f,-0.9012f,4.0547f,0.931f,0.1433f,0.3358f,0.6797f,0f,0f,0f,1f],start_interpolation: 0,interpolation_duration: 1}
$data merge entity $(right_fingers2) {transformation: [0.718f,0.6665f,-0.2006f,1.387f,-0.3893f,0.1456f,-0.9095f,3.7838f,-0.577f,0.7311f,0.3641f,0.6099f,0f,0f,0f,1f],start_interpolation: 0,interpolation_duration: 1}
$data merge entity $(right_fingers) {transformation: [0.8061f,-0.5567f,-0.2006f,1.2497f,0.0579f,0.4116f,-0.9095f,3.8961f,0.5889f,0.7216f,0.3641f,0.8348f,0f,0f,0f,1f],start_interpolation: 0,interpolation_duration: 1}
$data merge entity $(scout) {transformation: [0f,0f,0f,1.1757f,0f,0f,0f,3.7441f,0f,0f,0f,0.7074f,0f,0f,0f,1f],start_interpolation: 0,interpolation_duration: 1}
$data merge entity $(right_hand) {transformation: [0.0491f,-0.9784f,-0.2006f,0.6396f,0.3618f,0.2046f,-0.9095f,3.9797f,0.931f,-0.0279f,0.3641f,0.8291f,0f,0f,0f,1f],start_interpolation: 0,interpolation_duration: 1}
$data merge entity $(right_forearm) {transformation: [-0.2432f,-1.3477f,-0.1476f,-1.3852f,-1.0449f,0.2818f,-0.852f,4.4166f,0.8638f,-0.0385f,-1.0721f,0.6962f,0f,0f,0f,1f],start_interpolation: 0,interpolation_duration: 1}
$data merge entity $(right_shoulder) {transformation: [-1.1613f,0.1565f,-0.8813f,-0.932f,0.6526f,1.136f,-0.6583f,5.6913f,0.6125f,-0.9137f,-0.9694f,-0.51f,0f,0f,0f,1f],start_interpolation: 0,interpolation_duration: 1}
$data merge entity $(right_arm) {transformation: [-0.9074f,0.0376f,-0.4186f,-0.4129f,-0.2112f,0.8204f,0.5314f,6.0525f,0.3634f,0.5705f,-0.7365f,-0.5559f,0f,0f,0f,1f],start_interpolation: 0,interpolation_duration: 1}
$data merge entity $(left_thumb_2) {transformation: [-0.7142f,-0.6799f,-0.1663f,3.0371f,-0.6546f,0.7329f,-0.1854f,3.9988f,0.248f,-0.0235f,-0.9685f,-2.3918f,0f,0f,0f,1f],start_interpolation: 0,interpolation_duration: 1}
$data merge entity $(left_thumb) {transformation: [-0.7142f,-0.6628f,0.225f,2.9266f,-0.6546f,0.5185f,-0.5502f,4.2705f,0.248f,-0.5402f,-0.8042f,-2.591f,0f,0f,0f,1f],start_interpolation: 0,interpolation_duration: 1}
$data merge entity $(left_fingers2) {transformation: [-0.0709f,0.9918f,-0.1064f,3.3369f,0.9677f,0.0425f,-0.2486f,3.6392f,-0.242f,-0.1206f,-0.9627f,-2.5571f,0f,0f,0f,1f],start_interpolation: 0,interpolation_duration: 1}
$data merge entity $(left_fingers) {transformation: [-0.9836f,0.1454f,-0.1064f,3.4053f,0.1679f,0.9539f,-0.2486f,3.9045f,0.0654f,-0.2624f,-0.9627f,-2.6408f,0f,0f,0f,1f],start_interpolation: 0,interpolation_duration: 1}
$data merge entity $(left_hand) {transformation: [-0.7142f,-0.6918f,-0.1064f,2.9721f,-0.6546f,0.714f,-0.2486f,4.3287f,0.248f,-0.1078f,-0.9627f,-2.7483f,0f,0f,0f,1f],start_interpolation: 0,interpolation_duration: 1}
$data merge entity $(left_forearm) {transformation: [-0.156f,-0.9529f,-0.9822f,1.4948f,0.0554f,0.9834f,-0.9628f,5.7769f,1.3674f,-0.1485f,-0.073f,-2.9178f,0f,0f,0f,1f],start_interpolation: 0,interpolation_duration: 1}
$data merge entity $(left_shoulder) {transformation: [0.1945f,-0.5599f,-1.3411f,0.8945f,-1.3252f,0.4871f,-0.3955f,6.1164f,0.5965f,1.2646f,-0.4414f,-1.2416f,0f,0f,0f,1f],start_interpolation: 0,interpolation_duration: 1}
$data merge entity $(left_arm) {transformation: [-0.9074f,0.0376f,-0.4186f,0.3902f,-0.2112f,0.8204f,0.5314f,6.2394f,0.3634f,0.5705f,-0.7365f,-0.8776f,0f,0f,0f,1f],start_interpolation: 0,interpolation_duration: 1}
$data merge entity $(chest) {transformation: [-1.1601f,0.0481f,-0.5353f,-0.0937f,-0.27f,1.0489f,0.6794f,4.6827f,0.4647f,0.7295f,-0.9416f,-1.7726f,0f,0f,0f,1f],start_interpolation: 0,interpolation_duration: 1}
$data merge entity $(left_cheek) {transformation: [-0.9906f,-0.097f,-0.0964f,0.3422f,-0.0968f,0.9953f,-0.0065f,4.2583f,0.0966f,0.0029f,-0.9953f,-2.3609f,0f,0f,0f,1f],start_interpolation: 0,interpolation_duration: 1}
$data merge entity $(left_foot) {transformation: [-0.9426f,0.0584f,-0.3917f,1.3058f,0.0403f,1.0201f,0.0551f,-2.3559f,0.394f,0.0353f,-0.9428f,-2.8853f,0f,0f,0f,1f],start_interpolation: 0,interpolation_duration: 1}
$data merge entity $(left_knee) {transformation: [-2.805f,0.2111f,-1.1573f,1.6312f,-0.5308f,2.4433f,1.7323f,1.1117f,1.0498f,1.7995f,-2.2163f,-0.5156f,0f,0f,0f,1f],start_interpolation: 0,interpolation_duration: 1}
$data merge entity $(left_leg) {transformation: [-1.5843f,-0.6005f,-0.2844f,0.6116f,-0.2998f,1.3022f,-1.0797f,3.2171f,0.5929f,-0.946f,-1.3057f,-1.9683f,0f,0f,0f,1f],start_interpolation: 0,interpolation_duration: 1}
$data merge entity $(right_cheek) {transformation: [-0.9908f,0.1098f,0.0796f,-0.5081f,0.1101f,0.9939f,-0.0002f,4.2809f,-0.0792f,0.0085f,-0.9968f,-2.3535f,0f,0f,0f,1f],start_interpolation: 0,interpolation_duration: 1}
$data merge entity $(right_foot) {transformation: [-1.0181f,0.0787f,0.0494f,-1.2718f,0.0787f,1.0193f,-0.002f,-2.4884f,-0.0494f,0.0018f,-1.0212f,0.04f,0f,0f,0f,1f],start_interpolation: 0,interpolation_duration: 1}
$data merge entity $(right_knee) {transformation: [-3.0302f,0.1955f,0.1791f,-1.0809f,0.2103f,3.0234f,0.2589f,1.7126f,-0.1614f,0.2703f,-3.0254f,0.2857f,0f,0f,0f,1f],start_interpolation: 0,interpolation_duration: 1}
$data merge entity $(right_leg) {transformation: [-1.7114f,0.1407f,-0.0512f,-0.7828f,0.1188f,0.9182f,-1.4471f,3.2211f,-0.0912f,-1.4452f,-0.9244f,-1.9986f,0f,0f,0f,1f],start_interpolation: 0,interpolation_duration: 1}
$data merge entity $(weist) {transformation: [-1.6223f,0f,0f,-0.0937f,0f,1.6085f,0.2118f,4.865f,0f,0.2118f,-1.6085f,-1.839f,0f,0f,0f,1f],start_interpolation: 0,interpolation_duration: 1}
data modify storage animated_java:temp entry.data merge value {"locators":{"consume":{"px":1.3354345207,"py":3.7289095859,"pz":0.6514715502,"ry":208.8534680403,"rx":-65.4391751025}}}
# Data Manager: Prepare for Read / Write
execute store result storage animated_java:temp args.id int 1 run scoreboard players get @s aj.id
# Data Manager: Write
function animated_java:global/data_manager/write with storage animated_java:temp args