# This file was generated by Animated Java via MC-Build. It is not recommended to edit this file directly.
$data merge entity $(neck) {transformation: [-0.9949f,-0.0135f,-0.1002f,-0.0256f,-0.061f,0.8703f,0.4888f,5.994f,0.0806f,0.4924f,-0.8666f,-0.7336f,0f,0f,0f,1f],start_interpolation: 0,interpolation_duration: 1}
$data merge entity $(right_thumb_2) {transformation: [0.066f,-0.9869f,-0.1472f,1.1445f,0.3632f,0.1612f,-0.9176f,4.131f,0.9294f,0.0071f,0.3691f,0.3719f,0f,0f,0f,1f],start_interpolation: 0,interpolation_duration: 1}
$data merge entity $(right_thumb) {transformation: [0.066f,-0.9115f,0.4061f,0.8553f,0.3632f,-0.3571f,-0.8606f,4.0822f,0.9294f,0.2043f,0.3075f,0.5711f,0f,0f,0f,1f],start_interpolation: 0,interpolation_duration: 1}
$data merge entity $(right_fingers2) {transformation: [0.7205f,0.6908f,-0.0607f,1.5771f,-0.2952f,0.2264f,-0.9282f,3.9011f,-0.6275f,0.6867f,0.3671f,0.4521f,0f,0f,0f,1f],start_interpolation: 0,interpolation_duration: 1}
$data merge entity $(right_fingers) {transformation: [0.8304f,-0.5539f,-0.0607f,1.4423f,0.1571f,0.3372f,-0.9282f,3.9948f,0.5346f,0.7612f,0.3671f,0.6868f,0f,0f,0f,1f],start_interpolation: 0,interpolation_duration: 1}
$data merge entity $(scout) {transformation: [0f,0f,0f,1.3794f,0f,0f,0f,3.8351f,0f,0f,0f,0.563f,0f,0f,0f,1f],start_interpolation: 0,interpolation_duration: 1}
$data merge entity $(right_hand) {transformation: [0.066f,-0.996f,-0.0607f,0.8275f,0.3632f,0.0806f,-0.9282f,4.0015f,0.9294f,0.0393f,0.3671f,0.7225f,0f,0f,0f,1f],start_interpolation: 0,interpolation_duration: 1}
$data merge entity $(right_forearm) {transformation: [-0.0524f,-1.3718f,-0.1119f,-1.2403f,-1.0689f,0.1111f,-0.8616f,4.1818f,0.8671f,0.0541f,-1.0688f,0.7289f,0f,0f,0f,1f],start_interpolation: 0,interpolation_duration: 1}
$data merge entity $(right_shoulder) {transformation: [-1.1789f,0.0475f,-0.8705f,-0.9167f,0.5795f,1.1365f,-0.7227f,5.474f,0.6513f,-0.9251f,-0.9326f,-0.5003f,0f,0f,0f,1f],start_interpolation: 0,interpolation_duration: 1}
$data merge entity $(right_arm) {transformation: [-0.8942f,0.045f,-0.4454f,-0.4031f,-0.2312f,0.8055f,0.5456f,5.8423f,0.3833f,0.5909f,-0.7099f,-0.5513f,0f,0f,0f,1f],start_interpolation: 0,interpolation_duration: 1}
$data merge entity $(left_thumb_2) {transformation: [-0.697f,-0.6861f,-0.2085f,2.9416f,-0.6543f,0.7275f,-0.2064f,3.8731f,0.2933f,-0.0075f,-0.956f,-2.5007f,0f,0f,0f,1f],start_interpolation: 0,interpolation_duration: 1}
$data merge entity $(left_thumb) {transformation: [-0.697f,-0.6907f,0.1928f,2.82f,-0.6543f,0.5026f,-0.565f,4.1397f,0.2933f,-0.5199f,-0.8023f,-2.7001f,0f,0f,0f,1f],start_interpolation: 0,interpolation_duration: 1}
$data merge entity $(left_fingers2) {transformation: [-0.0894f,0.9849f,-0.1479f,3.2363f,0.962f,0.047f,-0.2691f,3.5122f,-0.2581f,-0.1664f,-0.9517f,-2.6721f,0f,0f,0f,1f],start_interpolation: 0,interpolation_duration: 1}
$data merge entity $(left_fingers) {transformation: [-0.981f,0.1259f,-0.1479f,3.2988f,0.1624f,0.9493f,-0.2691f,3.7762f,0.1066f,-0.288f,-0.9517f,-2.7642f,0f,0f,0f,1f],start_interpolation: 0,interpolation_duration: 1}
$data merge entity $(left_hand) {transformation: [-0.697f,-0.7016f,-0.1479f,2.8578f,-0.6543f,0.7067f,-0.2691f,4.1951f,0.2933f,-0.0907f,-0.9517f,-2.8605f,0f,0f,0f,1f],start_interpolation: 0,interpolation_duration: 1}
$data merge entity $(left_forearm) {transformation: [-0.0944f,-0.9664f,-0.9769f,1.363f,0.0824f,0.9734f,-0.971f,5.6291f,1.3716f,-0.125f,-0.0089f,-2.992f,0f,0f,0f,1f],start_interpolation: 0,interpolation_duration: 1}
$data merge entity $(left_shoulder) {transformation: [0.2446f,-0.4699f,-1.3672f,0.8833f,-1.3326f,0.4643f,-0.398f,5.9394f,0.5605f,1.309f,-0.3496f,-1.2718f,0f,0f,0f,1f],start_interpolation: 0,interpolation_duration: 1}
$data merge entity $(left_arm) {transformation: [-0.8942f,0.045f,-0.4454f,0.3883f,-0.2312f,0.8055f,0.5456f,6.047f,0.3833f,0.5909f,-0.7099f,-0.8905f,0f,0f,0f,1f],start_interpolation: 0,interpolation_duration: 1}
$data merge entity $(chest) {transformation: [-1.1433f,0.0575f,-0.5694f,-0.1041f,-0.2956f,1.0299f,0.6976f,4.5088f,0.4901f,0.7555f,-0.9076f,-1.8126f,0f,0f,0f,1f],start_interpolation: 0,interpolation_duration: 1}
$data merge entity $(left_cheek) {transformation: [-0.9904f,-0.0929f,-0.1025f,0.3334f,-0.0932f,0.9956f,-0.0022f,4.0747f,0.1023f,0.0074f,-0.9947f,-2.4046f,0f,0f,0f,1f],start_interpolation: 0,interpolation_duration: 1}
$data merge entity $(left_foot) {transformation: [-0.9428f,0.0583f,-0.3911f,1.2994f,0.0413f,1.0202f,0.0524f,-2.5448f,0.3933f,0.0325f,-0.9431f,-2.9384f,0f,0f,0f,1f],start_interpolation: 0,interpolation_duration: 1}
$data merge entity $(left_knee) {transformation: [-2.8048f,0.2091f,-1.1583f,1.6218f,-0.5351f,2.4397f,1.736f,0.9182f,1.0484f,1.8045f,-2.2129f,-0.5616f,0f,0f,0f,1f],start_interpolation: 0,interpolation_duration: 1}
$data merge entity $(left_leg) {transformation: [-1.5841f,-0.6012f,-0.2838f,0.6011f,-0.3022f,1.3044f,-1.0764f,3.0269f,0.5921f,-0.9426f,-1.3085f,-2.0087f,0f,0f,0f,1f],start_interpolation: 0,interpolation_duration: 1}
$data merge entity $(right_cheek) {transformation: [-0.9907f,0.1072f,0.084f,-0.5175f,0.1081f,0.9941f,0.0061f,4.0949f,-0.0828f,0.0151f,-0.9965f,-2.3983f,0f,0f,0f,1f],start_interpolation: 0,interpolation_duration: 1}
$data merge entity $(right_foot) {transformation: [-1.0181f,0.079f,0.0495f,-1.2878f,0.0791f,1.0193f,0.001f,-2.6676f,-0.0492f,0.0048f,-1.0212f,0.0092f,0f,0f,0f,1f],start_interpolation: 0,interpolation_duration: 1}
$data merge entity $(right_knee) {transformation: [-3.0299f,0.1981f,0.1803f,-1.0931f,0.2129f,3.0235f,0.2552f,1.5336f,-0.1626f,0.2668f,-3.0256f,0.25f,0f,0f,0f,1f],start_interpolation: 0,interpolation_duration: 1}
$data merge entity $(right_leg) {transformation: [-1.7113f,0.1418f,-0.0527f,-0.7932f,0.1202f,0.9114f,-1.4513f,3.0312f,-0.0918f,-1.4494f,-0.9178f,-2.0412f,0f,0f,0f,1f],start_interpolation: 0,interpolation_duration: 1}
$data merge entity $(weist) {transformation: [-1.6223f,0f,0.0025f,-0.1041f,0.0003f,1.6082f,0.2136f,4.6748f,-0.0025f,0.2136f,-1.6082f,-1.8786f,0f,0f,0f,1f],start_interpolation: 0,interpolation_duration: 1}
data modify storage animated_java:temp entry.data merge value {"locators":{"consume":{"px":1.5356989238,"py":3.840081413,"pz":0.4964455159,"ry":189.3854935657,"rx":-68.1570961796}}}
# Data Manager: Prepare for Read / Write
execute store result storage animated_java:temp args.id int 1 run scoreboard players get @s aj.id
# Data Manager: Write
function animated_java:global/data_manager/write with storage animated_java:temp args