# This file was generated by Animated Java via MC-Build. It is not recommended to edit this file directly.
$data merge entity $(neck) {transformation: [-0.9924f,-0.0085f,-0.1224f,-0.0244f,-0.0706f,0.8554f,0.5132f,6.0861f,0.1003f,0.5179f,-0.8495f,-0.7614f,0f,0f,0f,1f],start_interpolation: 0,interpolation_duration: 1}
$data merge entity $(right_thumb_2) {transformation: [0.0969f,-0.9927f,-0.0717f,1.2045f,0.372f,0.103f,-0.9225f,4.3531f,0.9231f,0.0627f,0.3793f,0.2478f,0f,0f,0f,1f],start_interpolation: 0,interpolation_duration: 1}
$data merge entity $(right_thumb) {transformation: [0.0969f,-0.8758f,0.4729f,0.9305f,0.372f,-0.4088f,-0.8333f,4.2885f,0.9231f,0.2567f,0.2862f,0.4633f,0f,0f,0f,1f],start_interpolation: 0,interpolation_duration: 1}
$data merge entity $(right_fingers2) {transformation: [0.7f,0.7139f,0.0151f,1.6538f,-0.2561f,0.2707f,-0.928f,4.1495f,-0.6666f,0.6458f,0.3724f,0.304f,0f,0f,0f,1f],start_interpolation: 0,interpolation_duration: 1}
$data merge entity $(right_fingers) {transformation: [0.8485f,-0.5289f,0.0151f,1.5271f,0.2089f,0.3087f,-0.928f,4.2365f,0.4862f,0.7905f,0.3724f,0.5457f,0f,0f,0f,1f],start_interpolation: 0,interpolation_duration: 1}
$data merge entity $(scout) {transformation: [0f,0f,0f,1.467f,0f,0f,0f,4.0726f,0f,0f,0f,0.4261f,0f,0f,0f,1f],start_interpolation: 0,interpolation_duration: 1}
$data merge entity $(right_hand) {transformation: [0.0969f,-0.9952f,0.0151f,0.9161f,0.372f,0.0222f,-0.928f,4.2073f,0.9231f,0.0955f,0.3724f,0.6162f,0f,0f,0f,1f],start_interpolation: 0,interpolation_duration: 1}
$data merge entity $(right_forearm) {transformation: [0.0599f,-1.3707f,-0.1211f,-1.1551f,-1.0649f,0.0306f,-0.8731f,4.2658f,0.8715f,0.1316f,-1.0584f,0.7397f,0f,0f,0f,1f],start_interpolation: 0,interpolation_duration: 1}
$data merge entity $(right_shoulder) {transformation: [-1.1707f,-0.0085f,-0.8827f,-0.9011f,0.5616f,1.124f,-0.7557f,5.5473f,0.6811f,-0.9414f,-0.8942f,-0.5167f,0f,0f,0f,1f],start_interpolation: 0,interpolation_duration: 1}
$data merge entity $(right_arm) {transformation: [-0.8786f,0.054f,-0.4745f,-0.394f,-0.255f,0.7871f,0.5617f,5.9239f,0.4038f,0.6145f,-0.6777f,-0.5721f,0f,0f,0f,1f],start_interpolation: 0,interpolation_duration: 1}
$data merge entity $(left_thumb_2) {transformation: [-0.6672f,-0.7065f,-0.2359f,2.9079f,-0.6798f,0.707f,-0.1948f,4.1204f,0.3044f,0.0304f,-0.9521f,-2.6821f,0f,0f,0f,1f],start_interpolation: 0,interpolation_duration: 1}
$data merge entity $(left_thumb) {transformation: [-0.6672f,-0.7226f,0.1807f,2.7718f,-0.6798f,0.4917f,-0.5441f,4.387f,0.3044f,-0.4859f,-0.8193f,-2.872f,0f,0f,0f,1f],start_interpolation: 0,interpolation_duration: 1}
$data merge entity $(left_fingers2) {transformation: [-0.126f,0.9768f,-0.1734f,3.2067f,0.9635f,0.079f,-0.2556f,3.7716f,-0.236f,-0.1993f,-0.9511f,-2.8706f,0f,0f,0f,1f],start_interpolation: 0,interpolation_duration: 1}
$data merge entity $(left_fingers) {transformation: [-0.9809f,0.0883f,-0.1734f,3.2583f,0.1315f,0.9578f,-0.2556f,4.0389f,0.1435f,-0.2735f,-0.9511f,-2.9596f,0f,0f,0f,1f],start_interpolation: 0,interpolation_duration: 1}
$data merge entity $(left_hand) {transformation: [-0.6672f,-0.7244f,-0.1734f,2.8023f,-0.6798f,0.6874f,-0.2556f,4.4464f,0.3044f,-0.0527f,-0.9511f,-3.0325f,0f,0f,0f,1f],start_interpolation: 0,interpolation_duration: 1}
$data merge entity $(left_forearm) {transformation: [-0.0486f,-0.9978f,-0.9483f,1.2632f,0.0542f,0.9467f,-0.9989f,5.8381f,1.3754f,-0.0726f,0.0059f,-3.0843f,0f,0f,0f,1f],start_interpolation: 0,interpolation_duration: 1}
$data merge entity $(left_shoulder) {transformation: [0.3163f,-0.413f,-1.3708f,0.8675f,-1.3456f,0.3936f,-0.4291f,6.0606f,0.4889f,1.3507f,-0.2941f,-1.3296f,0f,0f,0f,1f],start_interpolation: 0,interpolation_duration: 1}
$data merge entity $(left_arm) {transformation: [-0.8786f,0.054f,-0.4745f,0.3836f,-0.255f,0.7871f,0.5617f,6.1495f,0.4038f,0.6145f,-0.6777f,-0.9296f,0f,0f,0f,1f],start_interpolation: 0,interpolation_duration: 1}
$data merge entity $(chest) {transformation: [-1.1233f,0.0691f,-0.6067f,-0.1192f,-0.326f,1.0063f,0.7182f,4.6347f,0.5163f,0.7857f,-0.8665f,-1.8841f,0f,0f,0f,1f],start_interpolation: 0,interpolation_duration: 1}
$data merge entity $(left_cheek) {transformation: [-0.9908f,-0.0866f,-0.104f,0.3184f,-0.0886f,0.996f,0.0146f,4.1669f,0.1023f,0.0237f,-0.9945f,-2.4851f,0f,0f,0f,1f],start_interpolation: 0,interpolation_duration: 1}
$data merge entity $(left_foot) {transformation: [-0.9434f,0.0578f,-0.3897f,1.2932f,0.0437f,1.0204f,0.0455f,-2.4642f,0.3915f,0.0253f,-0.9441f,-3.0441f,0f,0f,0f,1f],start_interpolation: 0,interpolation_duration: 1}
$data merge entity $(left_knee) {transformation: [-2.8041f,0.2035f,-1.1609f,1.6079f,-0.5451f,2.4324f,1.7431f,0.9893f,1.045f,1.8149f,-2.206f,-0.6525f,0f,0f,0f,1f],start_interpolation: 0,interpolation_duration: 1}
$data merge entity $(left_leg) {transformation: [-1.5838f,-0.6021f,-0.2838f,0.5857f,-0.3079f,1.3119f,-1.0656f,3.1096f,0.5902f,-0.9315f,-1.3174f,-2.0815f,0f,0f,0f,1f],start_interpolation: 0,interpolation_duration: 1}
$data merge entity $(right_cheek) {transformation: [-0.9907f,0.1031f,0.0886f,-0.5303f,0.1046f,0.9944f,0.0131f,4.1837f,-0.0867f,0.0222f,-0.996f,-2.4865f,0f,0f,0f,1f],start_interpolation: 0,interpolation_duration: 1}
$data merge entity $(right_foot) {transformation: [-1.0181f,0.0795f,0.0498f,-1.3166f,0.08f,1.0192f,0.0085f,-2.5721f,-0.049f,0.0124f,-1.0211f,-0.0474f,0f,0f,0f,1f],start_interpolation: 0,interpolation_duration: 1}
$data merge entity $(right_knee) {transformation: [-3.0293f,0.2045f,0.1828f,-1.113f,0.2189f,3.024f,0.2448f,1.6294f,-0.1653f,0.2569f,-3.0264f,0.1797f,0f,0f,0f,1f],start_interpolation: 0,interpolation_duration: 1}
$data merge entity $(right_leg) {transformation: [-1.711f,0.1446f,-0.0555f,-0.8085f,0.1236f,0.9037f,-1.4558f,3.1147f,-0.0934f,-1.4539f,-0.9104f,-2.119f,0f,0f,0f,1f],start_interpolation: 0,interpolation_duration: 1}
$data merge entity $(weist) {transformation: [-1.6223f,0f,0.0083f,-0.1192f,0.0011f,1.6076f,0.2179f,4.7575f,-0.0082f,0.2179f,-1.6076f,-1.9495f,0f,0f,0f,1f],start_interpolation: 0,interpolation_duration: 1}
data modify storage animated_java:temp entry.data merge value {"locators":{"consume":{"px":1.6186295887,"py":4.0863753362,"pz":0.3507519903,"ry":177.6824854976,"rx":-68.1178494291}}}
# Data Manager: Prepare for Read / Write
execute store result storage animated_java:temp args.id int 1 run scoreboard players get @s aj.id
# Data Manager: Write
function animated_java:global/data_manager/write with storage animated_java:temp args