# This file was generated by Animated Java via MC-Build. It is not recommended to edit this file directly.
$data merge entity $(neck) {transformation: [-0.9891f,-0.0033f,-0.1473f,-0.0247f,-0.0826f,0.8404f,0.5356f,6.1795f,0.1221f,0.5419f,-0.8315f,-0.8019f,0f,0f,0f,1f],start_interpolation: 0,interpolation_duration: 1}
$data merge entity $(right_thumb_2) {transformation: [0.1336f,-0.9898f,-0.0494f,1.218f,0.384f,0.0977f,-0.9181f,4.4599f,0.9136f,0.1036f,0.3932f,0.1443f,0f,0f,0f,1f],start_interpolation: 0,interpolation_duration: 1}
$data merge entity $(right_thumb) {transformation: [0.1336f,-0.8614f,0.4901f,0.9538f,0.384f,-0.4109f,-0.8268f,4.3963f,0.9136f,0.2987f,0.2759f,0.372f,0f,0f,0f,1f],start_interpolation: 0,interpolation_duration: 1}
$data merge entity $(right_fingers2) {transformation: [0.6728f,0.7389f,0.037f,1.6707f,-0.2601f,0.2831f,-0.9232f,4.2597f,-0.6926f,0.6115f,0.3827f,0.1838f,0f,0f,0f,1f],start_interpolation: 0,interpolation_duration: 1}
$data merge entity $(right_fingers) {transformation: [0.867f,-0.4969f,0.037f,1.5538f,0.2201f,0.3152f,-0.9232f,4.349f,0.4471f,0.8085f,0.3827f,0.4296f,0f,0f,0f,1f],start_interpolation: 0,interpolation_duration: 1}
$data merge entity $(scout) {transformation: [0f,0f,0f,1.4897f,0f,0f,0f,4.1833f,0f,0f,0f,0.3146f,0f,0f,0f,1f],start_interpolation: 0,interpolation_duration: 1}
$data merge entity $(right_hand) {transformation: [0.1336f,-0.9903f,0.037f,0.9465f,0.384f,0.0173f,-0.9232f,4.3169f,0.9136f,0.1375f,0.3827f,0.5264f,0f,0f,0f,1f],start_interpolation: 0,interpolation_duration: 1}
$data merge entity $(right_forearm) {transformation: [0.1039f,-1.3641f,-0.1601f,-1.1179f,-1.0536f,0.0238f,-0.8868f,4.3643f,0.8811f,0.1894f,-1.0416f,0.7371f,0f,0f,0f,1f],start_interpolation: 0,interpolation_duration: 1}
$data merge entity $(right_shoulder) {transformation: [-1.148f,-0.0243f,-0.9118f,-0.8868f,0.5829f,1.1078f,-0.7635f,5.622f,0.7015f,-0.9603f,-0.8577f,-0.5475f,0f,0f,0f,1f],start_interpolation: 0,interpolation_duration: 1}
$data merge entity $(right_arm) {transformation: [-0.8625f,0.0633f,-0.502f,-0.3863f,-0.2788f,0.7685f,0.576f,6.0067f,0.4222f,0.6368f,-0.6452f,-0.6066f,0f,0f,0f,1f],start_interpolation: 0,interpolation_duration: 1}
$data merge entity $(left_thumb_2) {transformation: [-0.6336f,-0.7308f,-0.254f,2.9059f,-0.7181f,0.6776f,-0.1584f,4.4095f,0.2879f,0.0821f,-0.9541f,-2.897f,0f,0f,0f,1f],start_interpolation: 0,interpolation_duration: 1}
$data merge entity $(left_thumb) {transformation: [-0.6336f,-0.7528f,0.1784f,2.7551f,-0.7181f,0.4864f,-0.4977f,4.6795f,0.2879f,-0.4435f,-0.8488f,-3.0704f,0f,0f,0f,1f],start_interpolation: 0,interpolation_duration: 1}
$data merge entity $(left_fingers2) {transformation: [-0.1674f,0.9675f,-0.1894f,3.2121f,0.9682f,0.1251f,-0.2169f,4.0815f,-0.1862f,-0.2196f,-0.9577f,-3.1095f,0f,0f,0f,1f],start_interpolation: 0,interpolation_duration: 1}
$data merge entity $(left_fingers) {transformation: [-0.9808f,0.046f,-0.1894f,3.2514f,0.0874f,0.9723f,-0.2169f,4.3545f,0.1741f,-0.2293f,-0.9577f,-3.1868f,0f,0f,0f,1f],start_interpolation: 0,interpolation_duration: 1}
$data merge entity $(left_hand) {transformation: [-0.6336f,-0.7502f,-0.1894f,2.7792f,-0.7181f,0.6613f,-0.2169f,4.7474f,0.2879f,-0.0014f,-0.9577f,-3.2285f,0f,0f,0f,1f],start_interpolation: 0,interpolation_duration: 1}
$data merge entity $(left_forearm) {transformation: [-0.0136f,-1.0332f,-0.9107f,1.1894f,-0.0125f,0.9108f,-1.0332f,6.0809f,1.3772f,-0.002f,-0.0184f,-3.1749f,0f,0f,0f,1f],start_interpolation: 0,interpolation_duration: 1}
$data merge entity $(left_shoulder) {transformation: [0.3915f,-0.3795f,-1.3611f,0.8494f,-1.3562f,0.2956f,-0.4725f,6.1832f,0.3967f,1.3851f,-0.2721f,-1.3974f,0f,0f,0f,1f],start_interpolation: 0,interpolation_duration: 1}
$data merge entity $(left_arm) {transformation: [-0.8625f,0.0633f,-0.502f,0.3771f,-0.2788f,0.7685f,0.576f,6.2535f,0.4222f,0.6368f,-0.6452f,-0.9803f,0f,0f,0f,1f],start_interpolation: 0,interpolation_duration: 1}
$data merge entity $(chest) {transformation: [-1.1028f,0.081f,-0.6418f,-0.1363f,-0.3565f,0.9825f,0.7364f,4.7621f,0.5399f,0.8141f,-0.8249f,-1.9658f,0f,0f,0f,1f],start_interpolation: 0,interpolation_duration: 1}
$data merge entity $(left_cheek) {transformation: [-0.9916f,-0.0786f,-0.1032f,0.3012f,-0.083f,0.9958f,0.0394f,4.2441f,0.0997f,0.0476f,-0.9939f,-2.5776f,0f,0f,0f,1f],start_interpolation: 0,interpolation_duration: 1}
$data merge entity $(left_foot) {transformation: [-0.9442f,0.0568f,-0.3879f,1.2859f,0.0465f,1.0207f,0.0362f,-2.4126f,0.3893f,0.0158f,-0.9452f,-3.1728f,0f,0f,0f,1f],start_interpolation: 0,interpolation_duration: 1}
$data merge entity $(left_knee) {transformation: [-2.8034f,0.1956f,-1.1641f,1.5895f,-0.5564f,2.4266f,1.7477f,1.0332f,1.041f,1.8237f,-2.2006f,-0.7687f,0f,0f,0f,1f],start_interpolation: 0,interpolation_duration: 1}
$data merge entity $(left_leg) {transformation: [-1.5833f,-0.6016f,-0.2872f,0.5681f,-0.3143f,1.3263f,-1.0457f,3.1756f,0.588f,-0.9112f,-1.3324f,-2.1651f,0f,0f,0f,1f],start_interpolation: 0,interpolation_duration: 1}
$data merge entity $(right_cheek) {transformation: [-0.9909f,0.0982f,0.0924f,-0.5451f,0.1005f,0.9947f,0.0203f,4.2565f,-0.0899f,0.0294f,-0.9955f,-2.5898f,0f,0f,0f,1f],start_interpolation: 0,interpolation_duration: 1}
$data merge entity $(right_foot) {transformation: [-1.018f,0.0798f,0.0504f,-1.3502f,0.0808f,1.019f,0.0186f,-2.5007f,-0.0488f,0.0225f,-1.021f,-0.1124f,0f,0f,0f,1f],start_interpolation: 0,interpolation_duration: 1}
$data merge entity $(right_knee) {transformation: [-3.0287f,0.2121f,0.1854f,-1.136f,0.2258f,3.0247f,0.2287f,1.7014f,-0.1684f,0.2415f,-3.0275f,0.0931f,0f,0f,0f,1f],start_interpolation: 0,interpolation_duration: 1}
$data merge entity $(right_leg) {transformation: [-1.7106f,0.1481f,-0.0582f,-0.8259f,0.1275f,0.9006f,-1.4574f,3.1816f,-0.0951f,-1.4555f,-0.9077f,-2.2081f,0f,0f,0f,1f],start_interpolation: 0,interpolation_duration: 1}
$data merge entity $(weist) {transformation: [-1.6223f,0f,0.0149f,-0.1363f,0.002f,1.607f,0.2228f,4.8235f,-0.0147f,0.2228f,-1.6069f,-2.0308f,0f,0f,0f,1f],start_interpolation: 0,interpolation_duration: 1}
data modify storage animated_java:temp entry.data merge value {"locators":{"consume":{"px":1.6379004331,"py":4.1970255872,"pz":0.2327749998,"ry":174.4751910436,"rx":-67.3912387803}}}
# Data Manager: Prepare for Read / Write
execute store result storage animated_java:temp args.id int 1 run scoreboard players get @s aj.id
# Data Manager: Write
function animated_java:global/data_manager/write with storage animated_java:temp args