# This file was generated by Animated Java via MC-Build. It is not recommended to edit this file directly.
$data merge entity $(neck) {transformation: [-0.9852f,0.0004f,-0.1716f,-0.0284f,-0.0959f,0.8279f,0.5527f,6.1325f,0.1423f,0.5609f,-0.8155f,-0.8404f,0f,0f,0f,1f],start_interpolation: 0,interpolation_duration: 1}
$data merge entity $(right_thumb_2) {transformation: [0.1648f,-0.9838f,-0.0703f,1.202f,0.3942f,0.131f,-0.9096f,4.3392f,0.9041f,0.1222f,0.4094f,0.087f,0f,0f,0f,1f],start_interpolation: 0,interpolation_duration: 1}
$data merge entity $(right_thumb) {transformation: [0.1648f,-0.8675f,0.4693f,0.9408f,0.3942f,-0.3783f,-0.8376f,4.2878f,0.9041f,0.3231f,0.2796f,0.3211f,0f,0f,0f,1f],start_interpolation: 0,interpolation_duration: 1}
$data merge entity $(right_fingers2) {transformation: [0.6495f,0.7602f,0.0157f,1.6488f,-0.2926f,0.269f,-0.9176f,4.1253f,-0.7018f,0.5914f,0.3972f,0.1205f,0f,0f,0f,1f],start_interpolation: 0,interpolation_duration: 1}
$data merge entity $(right_fingers) {transformation: [0.8827f,-0.4696f,0.0157f,1.54f,0.1993f,0.3439f,-0.9176f,4.2222f,0.4255f,0.8132f,0.3972f,0.3672f,0f,0f,0f,1f],start_interpolation: 0,interpolation_duration: 1}
$data merge entity $(scout) {transformation: [0f,0f,0f,1.4683f,0f,0f,0f,4.0568f,0f,0f,0f,0.2563f,0f,0f,0f,1f],start_interpolation: 0,interpolation_duration: 1}
$data merge entity $(right_hand) {transformation: [0.1648f,-0.9862f,0.0157f,0.9342f,0.3942f,0.0512f,-0.9176f,4.2111f,0.9041f,0.1575f,0.3972f,0.4769f,0f,0f,0f,1f],start_interpolation: 0,interpolation_duration: 1}
$data merge entity $(right_forearm) {transformation: [0.0889f,-1.3583f,-0.21f,-1.1228f,-1.0421f,0.0706f,-0.8978f,4.3281f,0.8962f,0.2169f,-1.0232f,0.729f,0f,0f,0f,1f],start_interpolation: 0,interpolation_duration: 1}
$data merge entity $(right_shoulder) {transformation: [-1.1205f,-0.0091f,-0.9457f,-0.8777f,0.6253f,1.0928f,-0.7514f,5.5586f,0.7095f,-0.9775f,-0.8312f,-0.579f,0f,0f,0f,1f],start_interpolation: 0,interpolation_duration: 1}
$data merge entity $(right_arm) {transformation: [-0.8487f,0.0704f,-0.5242f,-0.3831f,-0.2994f,0.7531f,0.5858f,5.9506f,0.4361f,0.6541f,-0.6181f,-0.6407f,0f,0f,0f,1f],start_interpolation: 0,interpolation_duration: 1}
$data merge entity $(left_thumb_2) {transformation: [-0.6025f,-0.7513f,-0.2693f,2.9134f,-0.7571f,0.6448f,-0.1049f,4.5643f,0.2525f,0.1407f,-0.9573f,-3.1095f,0f,0f,0f,1f],start_interpolation: 0,interpolation_duration: 1}
$data merge entity $(left_thumb) {transformation: [-0.6025f,-0.7784f,0.1766f,2.7498f,-0.7571f,0.4874f,-0.4349f,4.8395f,0.2525f,-0.3957f,-0.883f,-3.2618f,0f,0f,0f,1f],start_interpolation: 0,interpolation_duration: 1}
$data merge entity $(left_fingers2) {transformation: [-0.2041f,0.9577f,-0.2028f,3.2258f,0.9717f,0.173f,-0.1607f,4.2618f,-0.1189f,-0.2299f,-0.9659f,-3.349f,0f,0f,0f,1f],start_interpolation: 0,interpolation_duration: 1}
$data merge entity $(left_fingers) {transformation: [-0.9792f,0.0081f,-0.2028f,3.2542f,0.0414f,0.9861f,-0.1607f,4.5404f,0.1987f,-0.1658f,-0.9659f,-3.4089f,0f,0f,0f,1f],start_interpolation: 0,interpolation_duration: 1}
$data merge entity $(left_hand) {transformation: [-0.6025f,-0.7719f,-0.2028f,2.7681f,-0.7571f,0.6332f,-0.1607f,4.9184f,0.2525f,0.0567f,-0.9659f,-3.4155f,0f,0f,0f,1f],start_interpolation: 0,interpolation_duration: 1}
$data merge entity $(left_forearm) {transformation: [0.0168f,-1.0632f,-0.8754f,1.1358f,-0.1024f,0.8721f,-1.0612f,6.1889f,1.3734f,0.0781f,-0.0684f,-3.2433f,0f,0f,0f,1f],start_interpolation: 0,interpolation_duration: 1}
$data merge entity $(left_shoulder) {transformation: [0.4549f,-0.361f,-1.3463f,0.8307f,-1.3614f,0.1889f,-0.5106f,6.1612f,0.2992f,1.4085f,-0.2766f,-1.4568f,0f,0f,0f,1f],start_interpolation: 0,interpolation_duration: 1}
$data merge entity $(left_arm) {transformation: [-0.8487f,0.0704f,-0.5242f,0.368f,-0.2994f,0.7531f,0.5858f,6.2155f,0.4361f,0.6541f,-0.6181f,-1.0267f,0f,0f,0f,1f],start_interpolation: 0,interpolation_duration: 1}
$data merge entity $(chest) {transformation: [-1.085f,0.0901f,-0.6703f,-0.1529f,-0.3827f,0.9629f,0.749f,4.7431f,0.5575f,0.8363f,-0.7902f,-2.0363f,0f,0f,0f,1f],start_interpolation: 0,interpolation_duration: 1}
$data merge entity $(left_cheek) {transformation: [-0.9923f,-0.0693f,-0.1023f,0.2856f,-0.0765f,0.9948f,0.0673f,4.1662f,0.0971f,0.0746f,-0.9925f,-2.6571f,0f,0f,0f,1f],start_interpolation: 0,interpolation_duration: 1}
$data merge entity $(left_foot) {transformation: [-0.9451f,0.0551f,-0.3861f,1.2758f,0.0488f,1.0209f,0.0263f,-2.5384f,0.387f,0.0059f,-0.9463f,-3.2955f,0f,0f,0f,1f],start_interpolation: 0,interpolation_duration: 1}
$data merge entity $(left_knee) {transformation: [-2.8028f,0.1862f,-1.167f,1.5663f,-0.5649f,2.4272f,1.744f,0.9085f,1.038f,1.8238f,-2.2019f,-0.8913f,0f,0f,0f,1f],start_interpolation: 0,interpolation_duration: 1}
$data merge entity $(left_leg) {transformation: [-1.583f,-0.5979f,-0.2968f,0.5513f,-0.3191f,1.3487f,-1.0152f,3.0857f,0.5863f,-0.8803f,-1.3538f,-2.2375f,0f,0f,0f,1f],start_interpolation: 0,interpolation_duration: 1}
$data merge entity $(right_cheek) {transformation: [-0.9911f,0.0937f,0.0944f,-0.5599f,0.0967f,0.9949f,0.0275f,4.1729f,-0.0914f,0.0364f,-0.9952f,-2.6797f,0f,0f,0f,1f],start_interpolation: 0,interpolation_duration: 1}
$data merge entity $(right_foot) {transformation: [-1.018f,0.0794f,0.0514f,-1.3803f,0.081f,1.0187f,0.0291f,-2.6019f,-0.049f,0.033f,-1.0207f,-0.1686f,0f,0f,0f,1f],start_interpolation: 0,interpolation_duration: 1}
$data merge entity $(right_knee) {transformation: [-3.0281f,0.2184f,0.1866f,-1.1574f,0.231f,3.0258f,0.2079f,1.601f,-0.1707f,0.2211f,-3.0289f,0.0086f,0f,0f,0f,1f],start_interpolation: 0,interpolation_duration: 1}
$data merge entity $(right_leg) {transformation: [-1.7103f,0.151f,-0.0592f,-0.8425f,0.1305f,0.9077f,-1.4527f,3.0923f,-0.0964f,-1.4507f,-0.9151f,-2.2847f,0f,0f,0f,1f],start_interpolation: 0,interpolation_duration: 1}
$data merge entity $(weist) {transformation: [-1.6222f,0f,0.0198f,-0.1529f,0.0028f,1.6065f,0.2265f,4.7335f,-0.0196f,0.2265f,-1.6063f,-2.1016f,0f,0f,0f,1f],start_interpolation: 0,interpolation_duration: 1}
data modify storage animated_java:temp entry.data merge value {"locators":{"consume":{"px":1.6151275557,"py":4.0644550803,"pz":0.171231894,"ry":177.7308932546,"rx":-66.5785708167}}}
# Data Manager: Prepare for Read / Write
execute store result storage animated_java:temp args.id int 1 run scoreboard players get @s aj.id
# Data Manager: Write
function animated_java:global/data_manager/write with storage animated_java:temp args