# This file was generated by Animated Java via MC-Build. It is not recommended to edit this file directly.
$data merge entity $(neck) {transformation: [-0.9814f,0f,-0.1917f,-0.0386f,-0.1098f,0.82f,0.5618f,6.276f,0.1572f,0.5724f,-0.8048f,-0.861f,0f,0f,0f,1f],start_interpolation: 0,interpolation_duration: 1}
$data merge entity $(right_thumb_2) {transformation: [0.1776f,-0.976f,-0.1263f,1.1571f,0.397f,0.1885f,-0.8982f,4.349f,0.9005f,0.1094f,0.421f,0.104f,0f,0f,0f,1f],start_interpolation: 0,interpolation_duration: 1}
$data merge entity $(right_thumb) {transformation: [0.1776f,-0.891f,0.4179f,0.8909f,0.397f,-0.3236f,-0.8588f,4.3158f,0.9005f,0.3184f,0.2963f,0.3357f,0f,0f,0f,1f],start_interpolation: 0,interpolation_duration: 1}
$data merge entity $(right_fingers2) {transformation: [0.6391f,0.7681f,-0.0408f,1.5906f,-0.3391f,0.2338f,-0.9113f,4.1105f,-0.6904f,0.5962f,0.4098f,0.1454f,0f,0f,0f,1f],start_interpolation: 0,interpolation_duration: 1}
$data merge entity $(right_fingers) {transformation: [0.8882f,-0.4577f,-0.0408f,1.4849f,0.1548f,0.3816f,-0.9113f,4.2169f,0.4326f,0.803f,0.4098f,0.3895f,0f,0f,0f,1f],start_interpolation: 0,interpolation_duration: 1}
$data merge entity $(scout) {transformation: [0f,0f,0f,1.405f,0f,0f,0f,4.0543f,0f,0f,0f,0.2801f,0f,0f,0f,1f],start_interpolation: 0,interpolation_duration: 1}
$data merge entity $(right_hand) {transformation: [0.1776f,-0.9833f,-0.0408f,0.8783f,0.397f,0.1095f,-0.9113f,4.2419f,0.9005f,0.1456f,0.4098f,0.4925f,0f,0f,0f,1f],start_interpolation: 0,interpolation_duration: 1}
$data merge entity $(right_forearm) {transformation: [0.02f,-1.3543f,-0.2502f,-1.1711f,-1.0326f,0.1508f,-0.899f,4.4793f,0.9113f,0.2006f,-1.0131f,0.7198f,0f,0f,0f,1f],start_interpolation: 0,interpolation_duration: 1}
$data merge entity $(right_shoulder) {transformation: [-1.0984f,0.0326f,-0.9707f,-0.8788f,0.6708f,1.0851f,-0.7227f,5.6903f,0.7024f,-0.9855f,-0.8278f,-0.5967f,0f,0f,0f,1f],start_interpolation: 0,interpolation_duration: 1}
$data merge entity $(right_arm) {transformation: [-0.8399f,0.0722f,-0.538f,-0.3888f,-0.3137f,0.7444f,0.5895f,6.0878f,0.443f,0.6639f,-0.6025f,-0.6593f,0f,0f,0f,1f],start_interpolation: 0,interpolation_duration: 1}
$data merge entity $(left_thumb_2) {transformation: [-0.5799f,-0.7629f,-0.286f,2.916f,-0.7877f,0.6146f,-0.0423f,4.8807f,0.2081f,0.2007f,-0.9573f,-3.2888f,0f,0f,0f,1f],start_interpolation: 0,interpolation_duration: 1}
$data merge entity $(left_thumb) {transformation: [-0.5799f,-0.7971f,0.1687f,2.7431f,-0.7877f,0.4956f,-0.3659f,5.1621f,0.2081f,-0.345f,-0.9152f,-3.4178f,0f,0f,0f,1f],start_interpolation: 0,interpolation_duration: 1}
$data merge entity $(left_fingers2) {transformation: [-0.2285f,0.9487f,-0.2184f,3.2303f,0.9725f,0.2122f,-0.0957f,4.6038f,-0.0445f,-0.2343f,-0.9711f,-3.5553f,0f,0f,0f,1f],start_interpolation: 0,interpolation_duration: 1}
$data merge entity $(left_fingers) {transformation: [-0.9757f,-0.0178f,-0.2184f,3.2512f,0.0033f,0.9954f,-0.0957f,4.8867f,0.2191f,-0.0941f,-0.9711f,-3.5955f,0f,0f,0f,1f],start_interpolation: 0,interpolation_duration: 1}
$data merge entity $(left_hand) {transformation: [-0.5799f,-0.7849f,-0.2184f,2.7565f,-0.7877f,0.6086f,-0.0957f,5.2523f,0.2081f,0.1165f,-0.9711f,-3.5658f,0f,0f,0f,1f],start_interpolation: 0,interpolation_duration: 1}
$data merge entity $(left_forearm) {transformation: [0.0468f,-1.0811f,-0.8522f,1.0994f,-0.2005f,0.8382f,-1.0744f,6.4672f,1.3619f,0.1605f,-0.1289f,-3.2721f,0f,0f,0f,1f],start_interpolation: 0,interpolation_duration: 1}
$data merge entity $(left_shoulder) {transformation: [0.4928f,-0.3526f,-1.3352f,0.8118f,-1.3647f,0.0924f,-0.5281f,6.3217f,0.2111f,1.4202f,-0.2971f,-1.4884f,0f,0f,0f,1f],start_interpolation: 0,interpolation_duration: 1}
$data merge entity $(left_arm) {transformation: [-0.8399f,0.0722f,-0.538f,0.3545f,-0.3137f,0.7444f,0.5895f,6.3655f,0.443f,0.6639f,-0.6025f,-1.0514f,0f,0f,0f,1f],start_interpolation: 0,interpolation_duration: 1}
$data merge entity $(chest) {transformation: [-1.0738f,0.0923f,-0.6878f,-0.1661f,-0.401f,0.9517f,0.7537f,4.9027f,0.5664f,0.8488f,-0.7703f,-2.0751f,0f,0f,0f,1f],start_interpolation: 0,interpolation_duration: 1}
$data merge entity $(left_cheek) {transformation: [-0.9929f,-0.0593f,-0.1035f,0.2754f,-0.0691f,0.9932f,0.0939f,4.2659f,0.0973f,0.1003f,-0.9902f,-2.6987f,0f,0f,0f,1f],start_interpolation: 0,interpolation_duration: 1}
$data merge entity $(left_foot) {transformation: [-0.9458f,0.0524f,-0.3846f,1.2608f,0.0494f,1.021f,0.0176f,-2.5156f,0.385f,-0.0023f,-0.9471f,-3.3838f,0f,0f,0f,1f],start_interpolation: 0,interpolation_duration: 1}
$data merge entity $(left_knee) {transformation: [-2.8027f,0.1765f,-1.1688f,1.5377f,-0.5663f,2.4394f,1.7265f,0.9475f,1.0375f,1.8084f,-2.2148f,-1.0013f,0f,0f,0f,1f],start_interpolation: 0,interpolation_duration: 1}
$data merge entity $(left_leg) {transformation: [-1.5829f,-0.5887f,-0.3149f,0.538f,-0.3199f,1.38f,-0.9719f,3.1735f,0.586f,-0.8369f,-1.3812f,-2.2772f,0f,0f,0f,1f],start_interpolation: 0,interpolation_duration: 1}
$data merge entity $(right_cheek) {transformation: [-0.9915f,0.0905f,0.0939f,-0.5734f,0.094f,0.995f,0.034f,4.2656f,-0.0904f,0.0426f,-0.995f,-2.7278f,0f,0f,0f,1f],start_interpolation: 0,interpolation_duration: 1}
$data merge entity $(right_foot) {transformation: [-1.018f,0.0777f,0.0528f,-1.3989f,0.0797f,1.0185f,0.038f,-2.5509f,-0.0498f,0.0419f,-1.0203f,-0.199f,0f,0f,0f,1f],start_interpolation: 0,interpolation_duration: 1}
$data merge entity $(right_knee) {transformation: [-3.0281f,0.2207f,0.1853f,-1.1727f,0.2319f,3.0273f,0.1833f,1.6531f,-0.1711f,0.1966f,-3.0306f,-0.0558f,0f,0f,0f,1f],start_interpolation: 0,interpolation_duration: 1}
$data merge entity $(right_leg) {transformation: [-1.7102f,0.1524f,-0.0572f,-0.8558f,0.131f,0.9303f,-1.4383f,3.1803f,-0.0966f,-1.4362f,-0.9378f,-2.3252f,0f,0f,0f,1f],start_interpolation: 0,interpolation_duration: 1}
$data merge entity $(weist) {transformation: [-1.6222f,0f,0.0206f,-0.1661f,0.0029f,1.6064f,0.2271f,4.8214f,-0.0204f,0.2271f,-1.6062f,-2.1411f,0f,0f,0f,1f],start_interpolation: 0,interpolation_duration: 1}
data modify storage animated_java:temp entry.data merge value {"locators":{"consume":{"px":1.5529828841,"py":4.0524130055,"pz":0.1965638781,"ry":185.6817776419,"rx":-65.6790379969}}}
# Data Manager: Prepare for Read / Write
execute store result storage animated_java:temp args.id int 1 run scoreboard players get @s aj.id
# Data Manager: Write
function animated_java:global/data_manager/write with storage animated_java:temp args