# This file was generated by Animated Java via MC-Build. It is not recommended to edit this file directly.
$data merge entity $(neck) {transformation: [-0.9789f,-0.0069f,-0.2043f,-0.0586f,-0.1228f,0.819f,0.5606f,6.2798f,0.1635f,0.5738f,-0.8025f,-0.8482f,0f,0f,0f,1f],start_interpolation: 0,interpolation_duration: 1}
$data merge entity $(right_thumb_2) {transformation: [0.1576f,-0.9646f,-0.2113f,1.0746f,0.3876f,0.2573f,-0.8852f,4.1795f,0.9083f,0.0576f,0.4144f,0.2165f,0f,0f,0f,1f],start_interpolation: 0,interpolation_duration: 1}
$data merge entity $(right_thumb) {transformation: [0.1576f,-0.9271f,0.3401f,0.7949f,0.3876f,-0.2587f,-0.8848f,4.1662f,0.9083f,0.2713f,0.3185f,0.4339f,0f,0f,0f,1f],start_interpolation: 0,interpolation_duration: 1}
$data merge entity $(right_fingers2) {transformation: [0.6489f,0.7503f,-0.1264f,1.4874f,-0.3863f,0.1818f,-0.9043f,3.9112f,-0.6555f,0.6356f,0.4078f,0.2809f,0f,0f,0f,1f],start_interpolation: 0,interpolation_duration: 1}
$data merge entity $(right_fingers) {transformation: [0.873f,-0.4711f,-0.1264f,1.3768f,0.0938f,0.4165f,-0.9043f,4.0259f,0.4787f,0.7775f,0.4078f,0.519f,0f,0f,0f,1f],start_interpolation: 0,interpolation_duration: 1}
$data merge entity $(scout) {transformation: [0f,0f,0f,1.2915f,0f,0f,0f,3.8688f,0f,0f,0f,0.4057f,0f,0f,0f,1f],start_interpolation: 0,interpolation_duration: 1}
$data merge entity $(right_hand) {transformation: [0.1576f,-0.9794f,-0.1264f,0.7689f,0.3876f,0.1791f,-0.9043f,4.094f,0.9083f,0.0935f,0.4078f,0.5899f,0f,0f,0f,1f],start_interpolation: 0,interpolation_duration: 1}
$data merge entity $(right_forearm) {transformation: [-0.1008f,-1.3489f,-0.2594f,-1.2678f,-1.0273f,0.2467f,-0.8836f,4.4761f,0.9119f,0.1288f,-1.0242f,0.7087f,0f,0f,0f,1f],start_interpolation: 0,interpolation_duration: 1}
$data merge entity $(right_shoulder) {transformation: [-1.0925f,0.0989f,-0.9728f,-0.8957f,0.7033f,1.093f,-0.6787f,5.6888f,0.6794f,-0.9723f,-0.8619f,-0.586f,0f,0f,0f,1f],start_interpolation: 0,interpolation_duration: 1}
$data merge entity $(right_arm) {transformation: [-0.8391f,0.0652f,-0.54f,-0.4082f,-0.3189f,0.7453f,0.5856f,6.0895f,0.4407f,0.6636f,-0.6046f,-0.6474f,0f,0f,0f,1f],start_interpolation: 0,interpolation_duration: 1}
$data merge entity $(left_thumb_2) {transformation: [-0.5726f,-0.7611f,-0.3046f,2.9047f,-0.803f,0.5956f,0.0214f,4.9871f,0.1651f,0.2568f,-0.9522f,-3.4075f,0f,0f,0f,1f],start_interpolation: 0,interpolation_duration: 1}
$data merge entity $(left_thumb) {transformation: [-0.5726f,-0.8056f,0.1521f,2.7283f,-0.803f,0.5138f,-0.302f,5.2758f,0.1651f,-0.295f,-0.9411f,-3.5137f,0f,0f,0f,1f],start_interpolation: 0,interpolation_duration: 1}
$data merge entity $(left_fingers2) {transformation: [-0.2331f,0.9431f,-0.2371f,3.2149f,0.9721f,0.2326f,-0.0306f,4.7306f,0.0263f,-0.2376f,-0.971f,-3.6983f,0f,0f,0f,1f],start_interpolation: 0,interpolation_duration: 1}
$data merge entity $(left_fingers) {transformation: [-0.9712f,-0.0235f,-0.2371f,3.2338f,-0.0167f,0.9994f,-0.0306f,5.0157f,0.2377f,-0.0258f,-0.971f,-3.7194f,0f,0f,0f,1f],start_interpolation: 0,interpolation_duration: 1}
$data merge entity $(left_hand) {transformation: [-0.5726f,-0.7848f,-0.2371f,2.7385f,-0.803f,0.5952f,-0.0306f,5.3759f,0.1651f,0.1729f,-0.971f,-3.6554f,0f,0f,0f,1f],start_interpolation: 0,interpolation_duration: 1}
$data merge entity $(left_forearm) {transformation: [0.0743f,-1.0809f,-0.8504f,1.0828f,-0.2924f,0.8198f,-1.0675f,6.5594f,1.3439f,0.2381f,-0.1852f,-3.2476f,0f,0f,0f,1f],start_interpolation: 0,interpolation_duration: 1}
$data merge entity $(left_shoulder) {transformation: [0.4905f,-0.3537f,-1.3357f,0.7934f,-1.3739f,0.0261f,-0.5114f,6.3307f,0.1471f,1.4227f,-0.3227f,-1.473f,0f,0f,0f,1f],start_interpolation: 0,interpolation_duration: 1}
$data merge entity $(left_arm) {transformation: [-0.8391f,0.0652f,-0.54f,0.3345f,-0.3189f,0.7453f,0.5856f,6.3717f,0.4407f,0.6636f,-0.6046f,-1.0374f,0f,0f,0f,1f],start_interpolation: 0,interpolation_duration: 1}
$data merge entity $(chest) {transformation: [-1.0728f,0.0834f,-0.6904f,-0.1733f,-0.4077f,0.9529f,0.7487f,4.9049f,0.5634f,0.8484f,-0.773f,-2.0617f,0f,0f,0f,1f],start_interpolation: 0,interpolation_duration: 1}
$data merge entity $(left_cheek) {transformation: [-0.9928f,-0.0489f,-0.1091f,0.2745f,-0.0614f,0.9915f,0.1145f,4.2147f,0.1026f,0.1204f,-0.9874f,-2.678f,0f,0f,0f,1f],start_interpolation: 0,interpolation_duration: 1}
$data merge entity $(left_foot) {transformation: [-0.9463f,0.0484f,-0.384f,1.2376f,0.0473f,1.0212f,0.0121f,-2.6785f,0.3841f,-0.0066f,-0.9475f,-3.4085f,0f,0f,0f,1f],start_interpolation: 0,interpolation_duration: 1}
$data merge entity $(left_knee) {transformation: [-2.8034f,0.1675f,-1.1685f,1.5021f,-0.5564f,2.4679f,1.6888f,0.8222f,1.041f,1.7702f,-2.2438f,-1.0802f,0f,0f,0f,1f],start_interpolation: 0,interpolation_duration: 1}
$data merge entity $(left_leg) {transformation: [-1.5833f,-0.5713f,-0.3437f,0.5311f,-0.3143f,1.4206f,-0.9135f,3.1118f,0.588f,-0.7791f,-1.4138f,-2.2624f,0f,0f,0f,1f],start_interpolation: 0,interpolation_duration: 1}
$data merge entity $(right_cheek) {transformation: [-0.9919f,0.0895f,0.0899f,-0.5836f,0.0933f,0.9949f,0.0395f,4.2067f,-0.0859f,0.0475f,-0.9952f,-2.706f,0f,0f,0f,1f],start_interpolation: 0,interpolation_duration: 1}
$data merge entity $(right_foot) {transformation: [-1.0182f,0.0742f,0.0548f,-1.3972f,0.0765f,1.0186f,0.0431f,-2.6832f,-0.0514f,0.0471f,-1.02f,-0.1877f,0f,0f,0f,1f],start_interpolation: 0,interpolation_duration: 1}
$data merge entity $(right_knee) {transformation: [-3.0287f,0.2165f,0.1802f,-1.1771f,0.2258f,3.0293f,0.1559f,1.5223f,-0.1684f,0.1686f,-3.0324f,-0.0832f,0f,0f,0f,1f],start_interpolation: 0,interpolation_duration: 1}
$data merge entity $(right_leg) {transformation: [-1.7106f,0.1508f,-0.0506f,-0.8628f,0.1275f,0.9734f,-1.4098f,3.1177f,-0.0951f,-1.4075f,-0.9804f,-2.3055f,0f,0f,0f,1f],start_interpolation: 0,interpolation_duration: 1}
$data merge entity $(weist) {transformation: [-1.6223f,0f,0.0149f,-0.1733f,0.002f,1.607f,0.2228f,4.7596f,-0.0147f,0.2228f,-1.6069f,-2.1282f,0f,0f,0f,1f],start_interpolation: 0,interpolation_duration: 1}
data modify storage animated_java:temp entry.data merge value {"locators":{"consume":{"px":1.4430788811,"py":3.85616243,"pz":0.3300369501,"ry":197.225106991,"rx":-64.7256594296}}}
# Data Manager: Prepare for Read / Write
execute store result storage animated_java:temp args.id int 1 run scoreboard players get @s aj.id
# Data Manager: Write
function animated_java:global/data_manager/write with storage animated_java:temp args
execute unless entity @s[tag=aj.transforms_only] at @s run function animated_java:female/animations/jump_end/zzz/frames/9_root_function