# This file was generated by Animated Java via MC-Build. It is not recommended to edit this file directly.
$data merge entity $(neck) {transformation: [-0.9983f,0.0566f,0.0103f,0.0883f,0.0553f,0.8951f,0.4424f,6.2426f,0.0158f,0.4422f,-0.8968f,-0.2341f,0f,0f,0f,1f],start_interpolation: 0,interpolation_duration: 1}
$data merge entity $(right_thumb_2) {transformation: [-0.802f,-0.085f,-0.5912f,-2.9689f,0.077f,0.9668f,-0.2436f,4.2404f,0.5923f,-0.2409f,-0.7689f,-1.2749f,0f,0f,0f,1f],start_interpolation: 0,interpolation_duration: 1}
$data merge entity $(right_thumb) {transformation: [-0.802f,-0.4145f,-0.43f,-3.2151f,0.077f,0.6422f,-0.7627f,4.4692f,0.5923f,-0.6448f,-0.4831f,-1.3877f,0f,0f,0f,1f],start_interpolation: 0,interpolation_duration: 1}
$data merge entity $(right_fingers2) {transformation: [-0.9718f,0.0404f,-0.2321f,-3.5423f,0.1493f,0.8679f,-0.4738f,3.7477f,0.1823f,-0.4951f,-0.8495f,-0.9907f,0f,0f,0f,1f],start_interpolation: 0,interpolation_duration: 1}
$data merge entity $(right_fingers) {transformation: [-0.8214f,0.5209f,-0.2321f,-3.4187f,0.5632f,0.677f,-0.4738f,3.953f,-0.0897f,-0.5199f,-0.8495f,-1.1477f,0f,0f,0f,1f],start_interpolation: 0,interpolation_duration: 1}
$data merge entity $(scout) {transformation: [0f,0f,0f,-3.2669f,0f,0f,0f,3.9011f,0f,0f,0f,-1.2857f,0f,0f,0f,1f],start_interpolation: 0,interpolation_duration: 1}
$data merge entity $(right_hand) {transformation: [-0.9648f,0.1236f,-0.2321f,-3.3482f,0.2232f,0.8519f,-0.4738f,4.4541f,0.1392f,-0.5089f,-0.8495f,-1.4985f,0f,0f,0f,1f],start_interpolation: 0,interpolation_duration: 1}
$data merge entity $(right_forearm) {transformation: [-0.7103f,0.8449f,0.8239f,-2.0163f,0.2394f,1.0448f,-0.865f,5.9862f,-1.1556f,-0.3028f,-0.6856f,-1.9315f,0f,0f,0f,1f],start_interpolation: 0,interpolation_duration: 1}
$data merge entity $(right_shoulder) {transformation: [-0.9953f,0.7655f,0.7571f,-0.9067f,0.974f,0.2008f,1.0774f,5.9999f,0.4589f,1.2343f,-0.6448f,-0.4983f,0f,0f,0f,1f],start_interpolation: 0,interpolation_duration: 1}
$data merge entity $(right_arm) {transformation: [-0.9825f,-0.0111f,0.1859f,-0.3543f,0.0694f,0.9044f,0.421f,6.2264f,-0.1728f,0.4265f,-0.8878f,-0.2848f,0f,0f,0f,1f],start_interpolation: 0,interpolation_duration: 1}
$data merge entity $(left_thumb_2) {transformation: [-0.2549f,-0.4504f,0.8557f,3.4891f,-0.2958f,0.8788f,0.3745f,3.7691f,-0.9206f,-0.1577f,-0.3572f,0.7086f,0f,0f,0f,1f],start_interpolation: 0,interpolation_duration: 1}
$data merge entity $(left_thumb) {transformation: [-0.2549f,0.1346f,0.9576f,3.5566f,-0.2958f,0.9319f,-0.2097f,4.1158f,-0.9206f,-0.3367f,-0.1977f,0.7395f,0f,0f,0f,1f],start_interpolation: 0,interpolation_duration: 1}
$data merge entity $(left_fingers2) {transformation: [-0.4872f,-0.3717f,0.7902f,4.0687f,-0.5758f,0.817f,0.0292f,3.5978f,-0.6565f,-0.4408f,-0.6121f,1.2442f,0f,0f,0f,1f],start_interpolation: 0,interpolation_duration: 1}
$data merge entity $(left_fingers) {transformation: [-0.2361f,-0.5655f,0.7902f,3.92f,-0.9072f,0.4197f,0.0292f,3.7432f,-0.3482f,-0.71f,-0.6121f,1.0472f,0f,0f,0f,1f],start_interpolation: 0,interpolation_duration: 1}
$data merge entity $(left_hand) {transformation: [-0.4535f,-0.4121f,0.7902f,3.6996f,-0.6438f,0.7646f,0.0292f,4.2109f,-0.6163f,-0.4955f,-0.6121f,0.7128f,0f,0f,0f,1f],start_interpolation: 0,interpolation_duration: 1}
$data merge entity $(left_forearm) {transformation: [-1.1642f,-0.621f,-0.3951f,2.7015f,-0.0195f,0.7651f,-1.1452f,5.3206f,0.7358f,-0.9624f,-0.6554f,-0.7298f,0f,0f,0f,1f],start_interpolation: 0,interpolation_duration: 1}
$data merge entity $(left_shoulder) {transformation: [-0.8454f,-1.1979f,-0.0137f,1.071f,-0.8884f,0.6157f,0.9907f,5.8602f,-0.8037f,0.5795f,-1.0808f,-0.1505f,0f,0f,0f,1f],start_interpolation: 0,interpolation_duration: 1}
$data merge entity $(left_arm) {transformation: [-0.9825f,-0.0111f,0.1859f,0.5153f,0.0694f,0.9044f,0.421f,6.1649f,-0.1728f,0.4265f,-0.8878f,-0.1319f,0f,0f,0f,1f],start_interpolation: 0,interpolation_duration: 1}
$data merge entity $(chest) {transformation: [-1.2562f,-0.0142f,0.2377f,0.1071f,0.0887f,1.1563f,0.5382f,4.5768f,-0.2209f,0.5453f,-1.1351f,-1.0093f,0f,0f,0f,1f],start_interpolation: 0,interpolation_duration: 1}
$data merge entity $(left_cheek) {transformation: [-0.9944f,-0.1017f,-0.0287f,0.3301f,-0.1046f,0.9863f,0.1276f,3.8051f,0.0154f,0.1299f,-0.9914f,-1.9176f,0f,0f,0f,1f],start_interpolation: 0,interpolation_duration: 1}
$data merge entity $(left_foot) {transformation: [-0.9445f,0.1871f,-0.3437f,0.8098f,-0.2746f,0.3231f,0.9303f,-2.5263f,0.2789f,0.9518f,-0.2482f,-5.9835f,0f,0f,0f,1f],start_interpolation: 0,interpolation_duration: 1}
$data merge entity $(left_knee) {transformation: [-2.937f,0.1202f,-0.7821f,1.0286f,-0.5448f,1.873f,2.3339f,0.1771f,0.5739f,2.3937f,-1.787f,-2.7602f,0f,0f,0f,1f],start_interpolation: 0,interpolation_duration: 1}
$data merge entity $(left_leg) {transformation: [-1.6588f,-0.149f,-0.4213f,0.7331f,-0.3077f,1.5554f,0.6613f,2.6368f,0.3241f,0.714f,-1.5286f,-1.5581f,0f,0f,0f,1f],start_interpolation: 0,interpolation_duration: 1}
$data merge entity $(right_cheek) {transformation: [-0.996f,0.0821f,-0.0363f,-0.4238f,0.088f,0.9724f,-0.216f,3.6914f,0.0176f,-0.2183f,-0.9757f,-1.8618f,0f,0f,0f,1f],start_interpolation: 0,interpolation_duration: 1}
$data merge entity $(right_foot) {transformation: [-1.0075f,0.0714f,0.1583f,-1.0608f,0.0786f,1.0185f,0.0408f,-3.9586f,-0.1549f,0.0523f,-1.0092f,-0.0353f,0f,0f,0f,1f],start_interpolation: 0,interpolation_duration: 1}
$data merge entity $(right_knee) {transformation: [-3.0248f,0.185f,0.2622f,-0.8808f,0.2057f,3.0254f,0.2384f,0.2442f,-0.2463f,0.2548f,-3.021f,0.1866f,0f,0f,0f,1f],start_interpolation: 0,interpolation_duration: 1}
$data merge entity $(right_leg) {transformation: [-1.7139f,0.1105f,0.042f,-0.6338f,0.0696f,1.4369f,-0.939f,2.5709f,-0.0955f,-0.9351f,-1.438f,-1.2653f,0f,0f,0f,1f],start_interpolation: 0,interpolation_duration: 1}
$data merge entity $(weist) {transformation: [-1.5846f,-0.0241f,-0.347f,0f,-0.0763f,1.6031f,0.2372f,4.2521f,0.3393f,0.248f,-1.567f,-1.2729f,0f,0f,0f,1f],start_interpolation: 0,interpolation_duration: 1}
data modify storage animated_java:temp entry.data merge value {"locators":{"consume":{"px":-3.2295017904,"py":3.7737952782,"pz":-1.1795930413,"ry":344.7154388149,"rx":-28.2811156689}}}
# Data Manager: Prepare for Read / Write
execute store result storage animated_java:temp args.id int 1 run scoreboard players get @s aj.id
# Data Manager: Write
function animated_java:global/data_manager/write with storage animated_java:temp args
execute unless entity @s[tag=aj.transforms_only] at @s run function animated_java:female/animations/roar/zzz/frames/10_root_function