# This file was generated by Animated Java via MC-Build. It is not recommended to edit this file directly.
$data merge entity $(neck) {transformation: [-0.9984f,0.056f,0.0118f,0.1321f,0.056f,0.9129f,0.4044f,6.2253f,0.0119f,0.4044f,-0.9145f,-0.2142f,0f,0f,0f,1f],start_interpolation: 0,interpolation_duration: 1}
$data merge entity $(right_thumb_2) {transformation: [-0.884f,0.1774f,-0.4324f,-3.1137f,0.2904f,0.9334f,-0.2108f,4.5242f,0.3662f,-0.3119f,-0.8767f,-1.7019f,0f,0f,0f,1f],start_interpolation: 0,interpolation_duration: 1}
$data merge entity $(right_thumb) {transformation: [-0.884f,-0.1092f,-0.4545f,-3.2735f,0.2904f,0.6335f,-0.7172f,4.7812f,0.3662f,-0.766f,-0.5283f,-1.8866f,0f,0f,0f,1f],start_interpolation: 0,interpolation_duration: 1}
$data merge entity $(right_fingers2) {transformation: [-0.9608f,0.2441f,-0.1317f,-3.8089f,0.2769f,0.8156f,-0.508f,4.1685f,-0.0166f,-0.5245f,-0.8512f,-1.5327f,0f,0f,0f,1f],start_interpolation: 0,interpolation_duration: 1}
$data merge entity $(right_fingers) {transformation: [-0.6866f,0.715f,-0.1317f,-3.6255f,0.6661f,0.5461f,-0.508f,4.3392f,-0.2913f,-0.4365f,-0.8512f,-1.6716f,0f,0f,0f,1f],start_interpolation: 0,interpolation_duration: 1}
$data merge entity $(scout) {transformation: [0f,0f,0f,-3.461f,0f,0f,0f,4.2461f,0f,0f,0f,-1.7668f,0f,0f,0f,1f],start_interpolation: 0,interpolation_duration: 1}
$data merge entity $(right_hand) {transformation: [-0.9056f,0.4032f,-0.1317f,-3.3792f,0.4109f,0.757f,-0.508f,4.7797f,-0.1051f,-0.5141f,-0.8512f,-2.0245f,0f,0f,0f,1f],start_interpolation: 0,interpolation_duration: 1}
$data merge entity $(right_forearm) {transformation: [-0.3519f,1.0837f,0.7738f,-1.7043f,0.2988f,0.8442f,-1.0465f,6.0005f,-1.2977f,-0.0995f,-0.4508f,-2.1368f,0f,0f,0f,1f],start_interpolation: 0,interpolation_duration: 1}
$data merge entity $(right_shoulder) {transformation: [-0.8862f,0.578f,1.0151f,-0.8536f,1.1529f,0.2275f,0.8769f,6.0173f,0.1881f,1.3282f,-0.592f,-0.5364f,0f,0f,0f,1f],start_interpolation: 0,interpolation_duration: 1}
$data merge entity $(right_arm) {transformation: [-0.9659f,0f,0.2588f,-0.3067f,0.1053f,0.9135f,0.3929f,6.2259f,-0.2364f,0.4067f,-0.8824f,-0.2927f,0f,0f,0f,1f],start_interpolation: 0,interpolation_duration: 1}
$data merge entity $(left_thumb_2) {transformation: [-0.5842f,-0.2383f,0.7759f,3.7391f,-0.3304f,0.943f,0.0409f,3.7238f,-0.7413f,-0.2325f,-0.6296f,0.3767f,0f,0f,0f,1f],start_interpolation: 0,interpolation_duration: 1}
$data merge entity $(left_thumb) {transformation: [-0.5842f,0.2608f,0.7686f,3.8988f,-0.3304f,0.7885f,-0.5187f,4.0338f,-0.7413f,-0.557f,-0.3744f,0.3127f,0f,0f,0f,1f],start_interpolation: 0,interpolation_duration: 1}
$data merge entity $(left_fingers2) {transformation: [-0.8057f,-0.1892f,0.5613f,4.3715f,-0.4082f,0.8639f,-0.2949f,3.4434f,-0.4291f,-0.4667f,-0.7733f,0.7767f,0f,0f,0f,1f],start_interpolation: 0,interpolation_duration: 1}
$data merge entity $(left_fingers) {transformation: [-0.5841f,-0.5864f,0.5613f,4.225f,-0.8031f,0.5177f,-0.2949f,3.6114f,-0.1177f,-0.623f,-0.7733f,0.5968f,0f,0f,0f,1f],start_interpolation: 0,interpolation_duration: 1}
$data merge entity $(left_hand) {transformation: [-0.7621f,-0.3228f,0.5613f,4.0477f,-0.5485f,0.7824f,-0.2949f,4.0762f,-0.344f,-0.5326f,-0.7733f,0.2338f,0f,0f,0f,1f],start_interpolation: 0,interpolation_duration: 1}
$data merge entity $(left_forearm) {transformation: [-0.895f,-0.9052f,-0.526f,2.6281f,-0.1083f,0.7683f,-1.138f,5.1873f,1.0413f,-0.6982f,-0.5704f,-0.795f,0f,0f,0f,1f],start_interpolation: 0,interpolation_duration: 1}
$data merge entity $(left_shoulder) {transformation: [-0.9357f,-1.1115f,-0.1974f,1.0907f,-0.9972f,0.6935f,0.8213f,5.8054f,-0.5292f,0.6584f,-1.1985f,-0.0604f,0f,0f,0f,1f],start_interpolation: 0,interpolation_duration: 1}
$data merge entity $(left_arm) {transformation: [-0.9659f,0f,0.2588f,0.5482f,0.1053f,0.9135f,0.3929f,6.1328f,-0.2364f,0.4067f,-0.8824f,-0.0834f,0f,0f,0f,1f],start_interpolation: 0,interpolation_duration: 1}
$data merge entity $(chest) {transformation: [-1.235f,0f,0.3309f,0.1297f,0.1346f,1.168f,0.5023f,4.5431f,-0.3023f,0.52f,-1.1282f,-0.9531f,0f,0f,0f,1f],start_interpolation: 0,interpolation_duration: 1}
$data merge entity $(left_cheek) {transformation: [-0.9947f,-0.1001f,0.0251f,0.3538f,-0.0974f,0.9908f,0.0944f,3.7091f,-0.0344f,0.0915f,-0.9952f,-1.9036f,0f,0f,0f,1f],start_interpolation: 0,interpolation_duration: 1}
$data merge entity $(left_foot) {transformation: [-0.9657f,0.1589f,-0.2958f,0.9534f,-0.2675f,0.1801f,0.9702f,-2.4668f,0.2029f,0.9938f,-0.1285f,-5.9239f,0f,0f,0f,1f],start_interpolation: 0,interpolation_duration: 1}
$data merge entity $(left_knee) {transformation: [-2.9793f,0.0309f,-0.6123f,1.0566f,-0.4828f,1.7543f,2.4375f,0.0748f,0.3779f,2.4847f,-1.7134f,-2.566f,0f,0f,0f,1f],start_interpolation: 0,interpolation_duration: 1}
$data merge entity $(left_leg) {transformation: [-1.6827f,-0.1784f,-0.2968f,0.7095f,-0.2727f,1.5902f,0.5901f,2.5938f,0.2134f,0.6251f,-1.5859f,-1.5092f,0f,0f,0f,1f],start_interpolation: 0,interpolation_duration: 1}
$data merge entity $(right_cheek) {transformation: [-0.9981f,0.054f,-0.0295f,-0.4831f,0.0577f,0.9882f,-0.1422f,3.722f,0.0215f,-0.1436f,-0.9894f,-1.7797f,0f,0f,0f,1f],start_interpolation: 0,interpolation_duration: 1}
$data merge entity $(right_foot) {transformation: [-1.0092f,0.0425f,0.1577f,-0.9672f,0.0472f,1.0209f,0.0268f,-4.1519f,-0.1563f,0.0337f,-1.0098f,0.0658f,0f,0f,0f,1f],start_interpolation: 0,interpolation_duration: 1}
$data merge entity $(right_knee) {transformation: [-3.0283f,0.1363f,0.2506f,-0.8552f,0.1324f,3.0384f,-0.0529f,0.0549f,-0.2527f,-0.0418f,-3.0309f,-0.1233f,0f,0f,0f,1f],start_interpolation: 0,interpolation_duration: 1}
$data merge entity $(right_leg) {transformation: [-1.7148f,0.0732f,0.0735f,-0.6687f,0.0339f,1.5456f,-0.7493f,2.5516f,-0.098f,-0.7465f,-1.5442f,-1.2699f,0f,0f,0f,1f],start_interpolation: 0,interpolation_duration: 1}
$data merge entity $(weist) {transformation: [-1.5977f,0f,-0.2817f,0f,-0.0489f,1.5977f,0.2774f,4.2184f,0.2774f,0.2817f,-1.5734f,-1.2169f,0f,0f,0f,1f],start_interpolation: 0,interpolation_duration: 1}
data modify storage animated_java:temp entry.data merge value {"locators":{"consume":{"px":-3.474540179,"py":4.1258056169,"pz":-1.6476105255,"ry":351.2052600435,"rx":-30.5297852312}}}
# Data Manager: Prepare for Read / Write
execute store result storage animated_java:temp args.id int 1 run scoreboard players get @s aj.id
# Data Manager: Write
function animated_java:global/data_manager/write with storage animated_java:temp args