# This file was generated by Animated Java via MC-Build. It is not recommended to edit this file directly.
$data merge entity $(neck) {transformation: [-0.9988f,0.0462f,0.0176f,0.0737f,0.0478f,0.8148f,0.5777f,6.4039f,0.0123f,0.5778f,-0.8161f,-0.3221f,0f,0f,0f,1f],start_interpolation: 0,interpolation_duration: 1}
$data merge entity $(right_thumb_2) {transformation: [-0.8558f,0.516f,-0.0376f,-3.2177f,0.5174f,0.854f,-0.0555f,4.801f,0.0035f,-0.067f,-0.9977f,-2.3365f,0f,0f,0f,1f],start_interpolation: 0,interpolation_duration: 1}
$data merge entity $(right_thumb) {transformation: [-0.8558f,0.3343f,-0.3948f,-3.2315f,0.5174f,0.5581f,-0.6487f,5.0664f,0.0035f,-0.7594f,-0.6506f,-2.5711f,0f,0f,0f,1f],start_interpolation: 0,interpolation_duration: 1}
$data merge entity $(right_fingers2) {transformation: [-0.8441f,-0.5326f,0.0614f,-3.8053f,-0.4845f,0.7086f,-0.513f,4.4633f,0.2297f,-0.4628f,-0.8562f,-2.345f,0f,0f,0f,1f],start_interpolation: 0,interpolation_duration: 1}
$data merge entity $(right_fingers) {transformation: [-0.8813f,0.4686f,0.0614f,-3.6961f,0.3748f,0.7722f,-0.513f,4.6901f,-0.2878f,-0.4291f,-0.8562f,-2.4817f,0f,0f,0f,1f],start_interpolation: 0,interpolation_duration: 1}
$data merge entity $(scout) {transformation: [0f,0f,0f,-3.5266f,0f,0f,0f,4.5701f,0f,0f,0f,-2.5221f,0f,0f,0f,1f],start_interpolation: 0,interpolation_duration: 1}
$data merge entity $(right_hand) {transformation: [-0.7545f,0.6535f,0.0614f,-3.2883f,0.5377f,0.6691f,-0.513f,5.0757f,-0.3763f,-0.354f,-0.8562f,-2.7351f,0f,0f,0f,1f],start_interpolation: 0,interpolation_duration: 1}
$data merge entity $(right_forearm) {transformation: [0.1332f,1.1664f,0.7203f,-1.511f,0.3304f,0.675f,-1.1543f,6.0365f,-1.3305f,0.2844f,-0.2145f,-2.2593f,0f,0f,0f,1f],start_interpolation: 0,interpolation_duration: 1}
$data merge entity $(right_shoulder) {transformation: [-0.7796f,0.3801f,1.1822f,-0.9285f,1.2398f,0.318f,0.7153f,6.1513f,-0.0709f,1.38f,-0.4904f,-0.5467f,0f,0f,0f,1f],start_interpolation: 0,interpolation_duration: 1}
$data merge entity $(right_arm) {transformation: [-0.9948f,-0.0134f,0.1007f,-0.3705f,0.0442f,0.8359f,0.5472f,6.3731f,-0.0915f,0.5488f,-0.8309f,-0.3432f,0f,0f,0f,1f],start_interpolation: 0,interpolation_duration: 1}
$data merge entity $(left_thumb_2) {transformation: [-0.9245f,-0.2079f,0.3196f,3.4402f,-0.3242f,0.8697f,-0.372f,3.7668f,-0.2006f,-0.4476f,-0.8715f,-0.7177f,0f,0f,0f,1f],start_interpolation: 0,interpolation_duration: 1}
$data merge entity $(left_thumb) {transformation: [-0.9245f,0.0827f,0.3722f,3.5986f,-0.3242f,0.3432f,-0.8815f,3.9377f,-0.2006f,-0.9356f,-0.2905f,-0.9848f,0f,0f,0f,1f],start_interpolation: 0,interpolation_duration: 1}
$data merge entity $(left_fingers2) {transformation: [-0.5621f,0.8251f,0.0572f,3.8821f,0.5354f,0.4157f,-0.7352f,3.3408f,-0.6304f,-0.3826f,-0.6754f,-0.4303f,0f,0f,0f,1f],start_interpolation: 0,interpolation_duration: 1}
$data merge entity $(left_fingers) {transformation: [-0.9953f,-0.0787f,0.0572f,3.8882f,-0.0953f,0.6711f,-0.7352f,3.5293f,0.0194f,-0.7372f,-0.6754f,-0.6459f,0f,0f,0f,1f],start_interpolation: 0,interpolation_duration: 1}
$data merge entity $(left_hand) {transformation: [-0.9526f,-0.2988f,0.0572f,3.7024f,-0.2427f,0.6329f,-0.7352f,3.8843f,0.1835f,-0.7142f,-0.6754f,-1.1135f,0f,0f,0f,1f],start_interpolation: 0,interpolation_duration: 1}
$data merge entity $(left_forearm) {transformation: [-0.4002f,-0.9535f,-0.9099f,2.2168f,0.0215f,0.946f,-1.0008f,5.2735f,1.3178f,-0.305f,-0.26f,-1.5275f,0f,0f,0f,1f],start_interpolation: 0,interpolation_duration: 1}
$data merge entity $(left_shoulder) {transformation: [-1.0811f,-0.7748f,-0.617f,1.074f,-0.9903f,0.8291f,0.6941f,6.0624f,-0.0179f,0.9285f,-1.1346f,-0.3626f,0f,0f,0f,1f],start_interpolation: 0,interpolation_duration: 1}
$data merge entity $(left_arm) {transformation: [-0.9948f,-0.0134f,0.1007f,0.51f,0.0442f,0.8359f,0.5472f,6.334f,-0.0915f,0.5488f,-0.8309f,-0.2622f,0f,0f,0f,1f],start_interpolation: 0,interpolation_duration: 1}
$data merge entity $(chest) {transformation: [-1.2719f,-0.0171f,0.1287f,0.0973f,0.0565f,1.0687f,0.6996f,4.8629f,-0.1169f,0.7016f,-1.0624f,-1.3226f,0f,0f,0f,1f],start_interpolation: 0,interpolation_duration: 1}
$data merge entity $(left_cheek) {transformation: [-0.996f,-0.0776f,-0.0442f,0.2938f,-0.0743f,0.9946f,-0.0719f,3.8456f,0.0495f,-0.0683f,-0.9964f,-2.4705f,0f,0f,0f,1f],start_interpolation: 0,interpolation_duration: 1}
$data merge entity $(left_foot) {transformation: [-0.9741f,0.0806f,-0.2999f,0.4015f,-0.2084f,0.5627f,0.8278f,-2.2087f,0.2303f,0.8498f,-0.5197f,-5.8432f,0f,0f,0f,1f],start_interpolation: 0,interpolation_duration: 1}
$data merge entity $(left_knee) {transformation: [-2.9895f,0.2597f,-0.4976f,0.8263f,-0.2837f,1.6279f,2.5538f,0.157f,0.4843f,2.5563f,-1.5757f,-2.3836f,0f,0f,0f,1f],start_interpolation: 0,interpolation_duration: 1}
$data merge entity $(left_leg) {transformation: [-1.6885f,-0.1329f,-0.2878f,0.5515f,-0.1602f,1.7036f,0.153f,2.8751f,0.2735f,0.1772f,-1.6868f,-2.0388f,0f,0f,0f,1f],start_interpolation: 0,interpolation_duration: 1}
$data merge entity $(right_cheek) {transformation: [-0.9976f,0.0582f,-0.0374f,-0.644f,0.0649f,0.9747f,-0.2139f,4.0278f,0.024f,-0.2158f,-0.9761f,-2.3292f,0f,0f,0f,1f],start_interpolation: 0,interpolation_duration: 1}
$data merge entity $(right_foot) {transformation: [-1.0135f,0.0399f,0.1284f,-1.0796f,0.0417f,1.0215f,0.0116f,-3.6377f,-0.1278f,0.0168f,-1.0142f,-0.4201f,0f,0f,0f,1f],start_interpolation: 0,interpolation_duration: 1}
$data merge entity $(right_knee) {transformation: [-3.0318f,0.1039f,0.2226f,-1.0137f,0.1104f,3.0385f,0.0862f,0.5744f,-0.2194f,0.094f,-3.0324f,-0.4203f,0f,0f,0f,1f],start_interpolation: 0,interpolation_duration: 1}
$data merge entity $(right_leg) {transformation: [-1.7154f,0.0741f,0.0568f,-0.8253f,0.0339f,1.4675f,-0.8926f,2.9502f,-0.087f,-0.8901f,-1.4668f,-1.7997f,0f,0f,0f,1f],start_interpolation: 0,interpolation_duration: 1}
$data merge entity $(weist) {transformation: [-1.5961f,0.1522f,-0.2476f,0f,0.087f,1.5689f,0.4035f,4.5382f,0.2773f,0.3837f,-1.5517f,-1.6413f,0f,0f,0f,1f],start_interpolation: 0,interpolation_duration: 1}
data modify storage animated_java:temp entry.data merge value {"locators":{"consume":{"px":-3.5945901818,"py":4.4575300433,"pz":-2.4145654751,"ry":4.1036908795,"rx":-30.8666265171}}}
# Data Manager: Prepare for Read / Write
execute store result storage animated_java:temp args.id int 1 run scoreboard players get @s aj.id
# Data Manager: Write
function animated_java:global/data_manager/write with storage animated_java:temp args
execute unless entity @s[tag=aj.transforms_only] at @s run function animated_java:female/animations/roar/zzz/frames/13_root_function