# This file was generated by Animated Java via MC-Build. It is not recommended to edit this file directly.
$data merge entity $(neck) {transformation: [-0.9978f,0.0638f,0.0164f,0.0769f,0.059f,0.755f,0.6531f,6.4786f,0.0293f,0.6527f,-0.7571f,-0.2557f,0f,0f,0f,1f],start_interpolation: 0,interpolation_duration: 1}
$data merge entity $(right_thumb_2) {transformation: [-0.947f,0.3106f,-0.0824f,-2.7422f,0.318f,0.9428f,-0.1002f,4.1963f,0.0466f,-0.1211f,-0.9915f,-1.5791f,0f,0f,0f,1f],start_interpolation: 0,interpolation_duration: 1}
$data merge entity $(right_thumb) {transformation: [-0.947f,0.1017f,-0.3049f,-2.8456f,0.318f,0.4339f,-0.843f,4.395f,0.0466f,-0.8952f,-0.4432f,-1.8539f,0f,0f,0f,1f],start_interpolation: 0,interpolation_duration: 1}
$data merge entity $(right_fingers2) {transformation: [0.5646f,-0.8224f,0.0694f,-2.9564f,-0.6147f,-0.4752f,-0.6295f,3.7616f,0.5507f,0.3128f,-0.7739f,-1.4527f,0f,0f,0f,1f],start_interpolation: 0,interpolation_duration: 1}
$data merge entity $(right_fingers) {transformation: [-0.838f,-0.5412f,0.0694f,-3.1337f,-0.4576f,0.6279f,-0.6295f,3.923f,0.2971f,-0.5593f,-0.7739f,-1.6094f,0f,0f,0f,1f],start_interpolation: 0,interpolation_duration: 1}
$data merge entity $(scout) {transformation: [0f,0f,0f,-2.9444f,0f,0f,0f,3.8532f,0f,0f,0f,-1.6735f,0f,0f,0f,1f],start_interpolation: 0,interpolation_duration: 1}
$data merge entity $(right_hand) {transformation: [-0.9461f,0.3164f,0.0694f,-2.9316f,0.2045f,0.7496f,-0.6295f,4.3545f,-0.2512f,-0.5814f,-0.7739f,-1.9995f,0f,0f,0f,1f],start_interpolation: 0,interpolation_duration: 1}
$data merge entity $(right_forearm) {transformation: [-0.2334f,0.9077f,1.0093f,-1.5181f,0.0814f,1.0316f,-0.909f,5.8716f,-1.355f,-0.0944f,-0.2285f,-2.0936f,0f,0f,0f,1f],start_interpolation: 0,interpolation_duration: 1}
$data merge entity $(right_shoulder) {transformation: [-1.0986f,0.3252f,0.9149f,-0.9296f,0.9693f,0.4495f,1.0042f,6.192f,-0.0578f,1.3572f,-0.5518f,-0.4095f,0f,0f,0f,1f],start_interpolation: 0,interpolation_duration: 1}
$data merge entity $(right_arm) {transformation: [-1f,0f,0f,-0.3657f,0f,0.7934f,0.6088f,6.4269f,0f,0.6088f,-0.7934f,-0.2398f,0f,0f,0f,1f],start_interpolation: 0,interpolation_duration: 1}
$data merge entity $(left_thumb_2) {transformation: [-0.8834f,-0.4069f,0.2324f,3.5404f,-0.4454f,0.8834f,-0.1461f,4.2049f,-0.1458f,-0.2325f,-0.9616f,-0.9715f,0f,0f,0f,1f],start_interpolation: 0,interpolation_duration: 1}
$data merge entity $(left_thumb) {transformation: [-0.8834f,-0.0292f,0.4677f,3.6554f,-0.4454f,0.3629f,-0.8185f,4.3993f,-0.1458f,-0.9314f,-0.3336f,-1.2448f,0f,0f,0f,1f],start_interpolation: 0,interpolation_duration: 1}
$data merge entity $(left_fingers2) {transformation: [0.5541f,0.8238f,0.1195f,3.7878f,0.6522f,-0.3404f,-0.6774f,3.8113f,-0.5174f,0.4533f,-0.7258f,-0.7853f,0f,0f,0f,1f],start_interpolation: 0,interpolation_duration: 1}
$data merge entity $(left_fingers) {transformation: [-0.8391f,0.5306f,0.1195f,3.9636f,0.3218f,0.6615f,-0.6774f,3.9858f,-0.4385f,-0.5299f,-0.7258f,-0.9292f,0f,0f,0f,1f],start_interpolation: 0,interpolation_duration: 1}
$data merge entity $(left_hand) {transformation: [-0.9385f,-0.3239f,0.1195f,3.7652f,-0.3156f,0.6645f,-0.6774f,4.3624f,0.1399f,-0.6735f,-0.7258f,-1.3743f,0f,0f,0f,1f],start_interpolation: 0,interpolation_duration: 1}
$data merge entity $(left_forearm) {transformation: [-0.438f,-1.0062f,-0.8323f,2.2013f,-0.0987f,0.9009f,-1.0372f,5.6772f,1.3021f,-0.2702f,-0.3586f,-1.7401f,0f,0f,0f,1f],start_interpolation: 0,interpolation_duration: 1}
$data merge entity $(left_shoulder) {transformation: [-1.0073f,-0.7699f,-0.7365f,1.0834f,-1.0596f,0.6186f,0.8027f,6.192f,-0.1108f,1.0838f,-0.9813f,-0.4095f,0f,0f,0f,1f],start_interpolation: 0,interpolation_duration: 1}
$data merge entity $(left_arm) {transformation: [-1f,0f,0f,0.5194f,0f,0.7934f,0.6088f,6.4269f,0f,0.6088f,-0.7934f,-0.2398f,0f,0f,0f,1f],start_interpolation: 0,interpolation_duration: 1}
$data merge entity $(chest) {transformation: [-1.2785f,0f,0f,0.0769f,0f,1.0143f,0.7783f,5.0152f,0f,0.7783f,-1.0143f,-1.3667f,0f,0f,0f,1f],start_interpolation: 0,interpolation_duration: 1}
$data merge entity $(left_cheek) {transformation: [-0.9887f,-0.119f,-0.0909f,0.3047f,-0.106f,0.9849f,-0.1365f,3.9647f,0.1058f,-0.1253f,-0.9865f,-2.5622f,0f,0f,0f,1f],start_interpolation: 0,interpolation_duration: 1}
$data merge entity $(left_foot) {transformation: [-0.9589f,0.0123f,-0.3545f,0.5038f,-0.2258f,0.767f,0.6372f,-2.2038f,0.2736f,0.6759f,-0.7166f,-5.5542f,0f,0f,0f,1f],start_interpolation: 0,interpolation_duration: 1}
$data merge entity $(left_knee) {transformation: [-2.9616f,0.2914f,-0.6296f,0.9662f,-0.3533f,1.7423f,2.4682f,0.3187f,0.597f,2.4762f,-1.6625f,-2.2122f,0f,0f,0f,1f],start_interpolation: 0,interpolation_duration: 1}
$data merge entity $(left_leg) {transformation: [-1.6727f,-0.2011f,-0.3362f,0.5843f,-0.1995f,1.7061f,-0.0279f,3.0445f,0.3372f,0.0119f,-1.6845f,-2.1298f,0f,0f,0f,1f],start_interpolation: 0,interpolation_duration: 1}
$data merge entity $(right_cheek) {transformation: [-0.9976f,0.0376f,0.0573f,-0.611f,0.0254f,0.9795f,-0.1999f,4.1775f,-0.0637f,-0.198f,-0.9781f,-2.3843f,0f,0f,0f,1f],start_interpolation: 0,interpolation_duration: 1}
$data merge entity $(right_foot) {transformation: [-1.0182f,0.0469f,0.0792f,-1.0987f,0.0477f,1.0212f,0.0087f,-3.5231f,-0.0787f,0.0124f,-1.0193f,-0.5756f,0f,0f,0f,1f],start_interpolation: 0,interpolation_duration: 1}
$data merge entity $(right_knee) {transformation: [-3.037f,0.1258f,0.1147f,-1.0071f,0.1296f,3.0373f,0.0998f,0.6884f,-0.1104f,0.1045f,-3.0379f,-0.5585f,0f,0f,0f,1f],start_interpolation: 0,interpolation_duration: 1}
$data merge entity $(right_leg) {transformation: [-1.7011f,0.093f,0.2215f,-0.7938f,-0.0321f,1.4817f,-0.8689f,3.089f,-0.238f,-0.8645f,-1.4654f,-1.8906f,0f,0f,0f,1f],start_interpolation: 0,interpolation_duration: 1}
$data merge entity $(weist) {transformation: [-1.5976f,0.1211f,-0.2547f,0f,0.0516f,1.5659f,0.421f,4.6905f,0.2773f,0.4065f,-1.5459f,-1.7086f,0f,0f,0f,1f],start_interpolation: 0,interpolation_duration: 1}
data modify storage animated_java:temp entry.data merge value {"locators":{"consume":{"px":-2.950043603,"py":3.7489990191,"pz":-1.5393975765,"ry":5.1214984373,"rx":-39.0162424475}}}
# Data Manager: Prepare for Read / Write
execute store result storage animated_java:temp args.id int 1 run scoreboard players get @s aj.id
# Data Manager: Write
function animated_java:global/data_manager/write with storage animated_java:temp args