# This file was generated by Animated Java via MC-Build. It is not recommended to edit this file directly.
$data merge entity $(neck) {transformation: [-0.9974f,0.0714f,0.0048f,0.0822f,0.0559f,0.7366f,0.674f,6.4151f,0.0446f,0.6726f,-0.7387f,-0.2705f,0f,0f,0f,1f],start_interpolation: 0,interpolation_duration: 1}
$data merge entity $(right_thumb_2) {transformation: [-0.9313f,0.309f,-0.1929f,-2.6009f,0.3234f,0.9451f,-0.0474f,4.2754f,0.1677f,-0.1066f,-0.9801f,-1.1723f,0f,0f,0f,1f],start_interpolation: 0,interpolation_duration: 1}
$data merge entity $(right_thumb) {transformation: [-0.9313f,-0.0443f,-0.3616f,-2.7481f,0.3234f,0.3564f,-0.8766f,4.4504f,0.1677f,-0.9333f,-0.3176f,-1.4432f,0f,0f,0f,1f],start_interpolation: 0,interpolation_duration: 1}
$data merge entity $(right_fingers2) {transformation: [0.9893f,0.1346f,-0.0564f,-2.6601f,0.0629f,-0.7421f,-0.6673f,3.9279f,-0.1317f,0.6566f,-0.7427f,-1.0889f,0f,0f,0f,1f],start_interpolation: 0,interpolation_duration: 1}
$data merge entity $(right_fingers) {transformation: [-0.2961f,-0.9535f,-0.0564f,-2.9406f,-0.6992f,0.2566f,-0.6673f,3.9764f,0.6507f,-0.1581f,-0.7427f,-1.1211f,0f,0f,0f,1f],start_interpolation: 0,interpolation_duration: 1}
$data merge entity $(scout) {transformation: [0f,0f,0f,-2.7654f,0f,0f,0f,3.9148f,0f,0f,0f,-1.2227f,0f,0f,0f,1f],start_interpolation: 0,interpolation_duration: 1}
$data merge entity $(right_hand) {transformation: [-0.9904f,0.126f,-0.0564f,-2.8607f,0.1313f,0.7332f,-0.6673f,4.3965f,-0.0427f,-0.6683f,-0.7427f,-1.5642f,0f,0f,0f,1f],start_interpolation: 0,interpolation_duration: 1}
$data merge entity $(right_forearm) {transformation: [-0.5324f,0.7876f,0.9967f,-1.6162f,-0.0284f,1.073f,-0.8631f,5.9822f,-1.27f,-0.3542f,-0.3985f,-2.0593f,0f,0f,0f,1f],start_interpolation: 0,interpolation_duration: 1}
$data merge entity $(right_shoulder) {transformation: [-1.106f,0.4093f,0.8712f,-0.9223f,0.9538f,0.2874f,1.0758f,6.1058f,0.1295f,1.3783f,-0.4831f,-0.3894f,0f,0f,0f,1f],start_interpolation: 0,interpolation_duration: 1}
$data merge entity $(right_arm) {transformation: [-0.9988f,0.0053f,-0.0479f,-0.3579f,-0.0259f,0.7803f,0.6248f,6.3517f,0.0407f,0.6254f,-0.7793f,-0.2377f,0f,0f,0f,1f],start_interpolation: 0,interpolation_duration: 1}
$data merge entity $(left_thumb_2) {transformation: [-0.838f,-0.5203f,0.1642f,3.6186f,-0.519f,0.853f,0.0542f,4.3635f,-0.1683f,-0.0398f,-0.9849f,-1.0897f,0f,0f,0f,1f],start_interpolation: 0,interpolation_duration: 1}
$data merge entity $(left_thumb) {transformation: [-0.838f,-0.0711f,0.541f,3.7123f,-0.519f,0.4097f,-0.7502f,4.5828f,-0.1683f,-0.9095f,-0.3802f,-1.352f,0f,0f,0f,1f],start_interpolation: 0,interpolation_duration: 1}
$data merge entity $(left_fingers2) {transformation: [0.9815f,0.0616f,0.1814f,3.7585f,0.1591f,-0.7894f,-0.5929f,4.0347f,0.1066f,0.6108f,-0.7846f,-1.0298f,0f,0f,0f,1f],start_interpolation: 0,interpolation_duration: 1}
$data merge entity $(left_fingers) {transformation: [-0.4706f,0.8635f,0.1814f,4.0192f,0.6482f,0.4778f,-0.5929f,4.1482f,-0.5986f,-0.1615f,-0.7846f,-1.0647f,0f,0f,0f,1f],start_interpolation: 0,interpolation_duration: 1}
$data merge entity $(left_hand) {transformation: [-0.9321f,-0.3136f,0.1814f,3.8299f,-0.358f,0.7213f,-0.5929f,4.5633f,0.0551f,-0.6176f,-0.7846f,-1.4784f,0f,0f,0f,1f],start_interpolation: 0,interpolation_duration: 1}
$data merge entity $(left_forearm) {transformation: [-0.502f,-1.0234f,-0.7731f,2.2396f,-0.2071f,0.884f,-1.0358f,5.8482f,1.2658f,-0.2612f,-0.476f,-1.8365f,0f,0f,0f,1f],start_interpolation: 0,interpolation_duration: 1}
$data merge entity $(left_shoulder) {transformation: [-0.9479f,-0.808f,-0.7735f,1.0883f,-1.0938f,0.4575f,0.8626f,6.1578f,-0.234f,1.1347f,-0.8986f,-0.4712f,0f,0f,0f,1f],start_interpolation: 0,interpolation_duration: 1}
$data merge entity $(left_arm) {transformation: [-0.9988f,0.0053f,-0.0479f,0.5262f,-0.0259f,0.7803f,0.6248f,6.3746f,0.0407f,0.6254f,-0.7793f,-0.2737f,0f,0f,0f,1f],start_interpolation: 0,interpolation_duration: 1}
$data merge entity $(chest) {transformation: [-1.2771f,0.0067f,-0.0612f,0.073f,-0.0331f,0.9977f,0.7989f,4.9755f,0.052f,0.7995f,-0.9963f,-1.4121f,0f,0f,0f,1f],start_interpolation: 0,interpolation_duration: 1}
$data merge entity $(left_cheek) {transformation: [-0.9743f,-0.145f,-0.1726f,0.3365f,-0.1212f,0.9825f,-0.1415f,3.9441f,0.1901f,-0.117f,-0.9748f,-2.601f,0f,0f,0f,1f],start_interpolation: 0,interpolation_duration: 1}
$data merge entity $(left_foot) {transformation: [-0.9281f,-0.0079f,-0.4287f,0.5808f,-0.2249f,0.8793f,0.4707f,-2.723f,0.3651f,0.5216f,-0.7999f,-5.1553f,0f,0f,0f,1f],start_interpolation: 0,interpolation_duration: 1}
$data merge entity $(left_knee) {transformation: [-2.8998f,0.3228f,-0.8596f,1.0756f,-0.398f,2.1243f,2.1404f,0.316f,0.8275f,2.153f,-1.9829f,-2.2804f,0f,0f,0f,1f],start_interpolation: 0,interpolation_duration: 1}
$data merge entity $(left_leg) {transformation: [-1.6378f,-0.2323f,-0.4636f,0.6489f,-0.2248f,1.7022f,-0.059f,3.0354f,0.4673f,0.0044f,-1.6532f,-2.2054f,0f,0f,0f,1f],start_interpolation: 0,interpolation_duration: 1}
$data merge entity $(right_cheek) {transformation: [-0.9979f,0.0624f,0.0158f,-0.5294f,0.059f,0.9849f,-0.1629f,4.1233f,-0.0257f,-0.1616f,-0.9865f,-2.4249f,0f,0f,0f,1f],start_interpolation: 0,interpolation_duration: 1}
$data merge entity $(right_foot) {transformation: [-1.0179f,0.0501f,0.081f,-1.0797f,0.0505f,1.0211f,0.0029f,-3.6329f,-0.0807f,0.0069f,-1.0192f,-0.731f,0f,0f,0f,1f],start_interpolation: 0,interpolation_duration: 1}
$data merge entity $(right_knee) {transformation: [-3.034f,0.1347f,0.17f,-0.9734f,0.1401f,3.0371f,0.0933f,0.5783f,-0.1656f,0.1009f,-3.0356f,-0.7203f,0f,0f,0f,1f],start_interpolation: 0,interpolation_duration: 1}
$data merge entity $(right_leg) {transformation: [-1.7087f,0.1102f,0.1406f,-0.7299f,0.0303f,1.5112f,-0.8166f,3.0219f,-0.176f,-0.8097f,-1.5049f,-1.9661f,0f,0f,0f,1f],start_interpolation: 0,interpolation_duration: 1}
$data merge entity $(weist) {transformation: [-1.5984f,0.0591f,-0.2714f,0f,-0.0156f,1.5635f,0.4327f,4.6508f,0.2773f,0.4289f,-1.5398f,-1.7609f,0f,0f,0f,1f],start_interpolation: 0,interpolation_duration: 1}
data modify storage animated_java:temp entry.data merge value {"locators":{"consume":{"px":-2.7338852414,"py":3.8182853148,"pz":-1.0864452984,"ry":355.6575365616,"rx":-41.8570676046}}}
# Data Manager: Prepare for Read / Write
execute store result storage animated_java:temp args.id int 1 run scoreboard players get @s aj.id
# Data Manager: Write
function animated_java:global/data_manager/write with storage animated_java:temp args