# This file was generated by Animated Java via MC-Build. It is not recommended to edit this file directly.
$data merge entity $(neck) {transformation: [-0.9973f,0.0718f,-0.0135f,0.0802f,0.0441f,0.7386f,0.6727f,6.4658f,0.0583f,0.6703f,-0.7398f,-0.31f,0f,0f,0f,1f],start_interpolation: 0,interpolation_duration: 1}
$data merge entity $(right_thumb_2) {transformation: [-0.9041f,0.3908f,-0.1727f,-2.7856f,0.3663f,0.917f,0.1577f,4.4453f,0.22f,0.0793f,-0.9723f,-1.3684f,0f,0f,0f,1f],start_interpolation: 0,interpolation_duration: 1}
$data merge entity $(right_thumb) {transformation: [-0.9041f,-0.013f,-0.4271f,-2.9178f,0.3663f,0.491f,-0.7904f,4.6687f,0.22f,-0.8711f,-0.4392f,-1.6098f,0f,0f,0f,1f],start_interpolation: 0,interpolation_duration: 1}
$data merge entity $(right_fingers2) {transformation: [0.9099f,0.4009f,-0.1068f,-2.8463f,0.2871f,-0.7942f,-0.5355f,4.1324f,-0.2995f,0.4566f,-0.8377f,-1.3723f,0f,0f,0f,1f],start_interpolation: 0,interpolation_duration: 1}
$data merge entity $(right_fingers) {transformation: [-0.1597f,-0.9814f,-0.1068f,-3.1312f,-0.8224f,0.1921f,-0.5355f,4.16f,0.546f,0.0023f,-0.8377f,-1.3624f,0f,0f,0f,1f],start_interpolation: 0,interpolation_duration: 1}
$data merge entity $(scout) {transformation: [0f,0f,0f,-2.9616f,0f,0f,0f,4.1063f,0f,0f,0f,-1.477f,0f,0f,0f,1f],start_interpolation: 0,interpolation_duration: 1}
$data merge entity $(right_hand) {transformation: [-0.982f,0.1559f,-0.1068f,-3.0353f,0.189f,0.8231f,-0.5355f,4.641f,0.0044f,-0.546f,-0.8377f,-1.7348f,0f,0f,0f,1f],start_interpolation: 0,interpolation_duration: 1}
$data merge entity $(right_forearm) {transformation: [-0.5589f,0.8402f,0.9375f,-1.7126f,0.1827f,1.069f,-0.8491f,6.2123f,-1.2455f,-0.2202f,-0.5452f,-2.0345f,0f,0f,0f,1f],start_interpolation: 0,interpolation_duration: 1}
$data merge entity $(right_shoulder) {transformation: [-1.0581f,0.4983f,0.8843f,-0.9203f,0.9714f,0.1269f,1.0909f,6.1362f,0.2942f,1.3731f,-0.4217f,-0.4062f,0f,0f,0f,1f],start_interpolation: 0,interpolation_duration: 1}
$data merge entity $(right_arm) {transformation: [-0.997f,0.0033f,-0.0772f,-0.3577f,-0.0455f,0.7823f,0.6212f,6.3937f,0.0624f,0.6229f,-0.7798f,-0.2675f,0f,0f,0f,1f],start_interpolation: 0,interpolation_duration: 1}
$data merge entity $(left_thumb_2) {transformation: [-0.8398f,-0.5044f,0.2006f,3.5222f,-0.5064f,0.8611f,0.0452f,4.3277f,-0.1955f,-0.0636f,-0.9786f,-0.8873f,0f,0f,0f,1f],start_interpolation: 0,interpolation_duration: 1}
$data merge entity $(left_thumb) {transformation: [-0.8398f,-0.0039f,0.5428f,3.6378f,-0.5064f,0.3658f,-0.7809f,4.5315f,-0.1955f,-0.9307f,-0.3092f,-1.1534f,0f,0f,0f,1f],start_interpolation: 0,interpolation_duration: 1}
$data merge entity $(left_fingers2) {transformation: [0.9221f,-0.3223f,0.214f,3.6212f,-0.1239f,-0.77f,-0.6259f,4.0277f,0.3666f,0.5507f,-0.7499f,-0.8451f,0f,0f,0f,1f],start_interpolation: 0,interpolation_duration: 1}
$data merge entity $(left_fingers) {transformation: [-0.2322f,0.9488f,0.214f,3.8997f,0.7131f,0.3157f,-0.6259f,4.093f,-0.6615f,0.0073f,-0.7499f,-0.8299f,0f,0f,0f,1f],start_interpolation: 0,interpolation_duration: 1}
$data merge entity $(left_hand) {transformation: [-0.9497f,-0.2286f,0.214f,3.764f,-0.313f,0.7143f,-0.6259f,4.5025f,-0.0098f,-0.6614f,-0.7499f,-1.2693f,0f,0f,0f,1f],start_interpolation: 0,interpolation_duration: 1}
$data merge entity $(left_forearm) {transformation: [-0.608f,-0.9525f,-0.7875f,2.2756f,-0.0911f,0.9098f,-1.0301f,5.8313f,1.2326f,-0.4026f,-0.4646f,-1.8413f,0f,0f,0f,1f],start_interpolation: 0,interpolation_duration: 1}
$data merge entity $(left_shoulder) {transformation: [-0.9725f,-0.8332f,-0.714f,1.0867f,-1.0735f,0.5251f,0.8495f,6.2278f,-0.227f,1.0862f,-0.9583f,-0.5319f,0f,0f,0f,1f],start_interpolation: 0,interpolation_duration: 1}
$data merge entity $(left_arm) {transformation: [-0.997f,0.0033f,-0.0772f,0.5247f,-0.0455f,0.7823f,0.6212f,6.434f,0.0624f,0.6229f,-0.7798f,-0.3228f,0f,0f,0f,1f],start_interpolation: 0,interpolation_duration: 1}
$data merge entity $(chest) {transformation: [-1.2747f,0.0042f,-0.0987f,0.0749f,-0.0582f,1.0002f,0.7943f,5.0225f,0.0798f,0.7964f,-0.997f,-1.4471f,0f,0f,0f,1f],start_interpolation: 0,interpolation_duration: 1}
$data merge entity $(left_cheek) {transformation: [-0.9507f,-0.1467f,-0.2732f,0.3752f,-0.1223f,0.987f,-0.1043f,4.0417f,0.2849f,-0.0658f,-0.9563f,-2.5948f,0f,0f,0f,1f],start_interpolation: 0,interpolation_duration: 1}
$data merge entity $(left_foot) {transformation: [-0.8815f,-0.0187f,-0.5175f,0.6804f,-0.2038f,0.9518f,0.3127f,-3.2072f,0.4761f,0.3728f,-0.8244f,-4.6265f,0f,0f,0f,1f],start_interpolation: 0,interpolation_duration: 1}
$data merge entity $(left_knee) {transformation: [-2.7992f,0.2783f,-1.1573f,1.0986f,-0.4112f,2.5493f,1.6076f,0.3986f,1.117f,1.6358f,-2.3084f,-2.489f,0f,0f,0f,1f],start_interpolation: 0,interpolation_duration: 1}
$data merge entity $(left_leg) {transformation: [-1.581f,-0.2101f,-0.6386f,0.7148f,-0.2322f,1.7021f,0.0148f,3.1154f,0.6309f,0.0999f,-1.5948f,-2.256f,0f,0f,0f,1f],start_interpolation: 0,interpolation_duration: 1}
$data merge entity $(right_cheek) {transformation: [-0.9952f,0.0924f,-0.0312f,-0.4394f,0.0956f,0.9875f,-0.1254f,4.1548f,0.0193f,-0.1278f,-0.9916f,-2.4454f,0f,0f,0f,1f],start_interpolation: 0,interpolation_duration: 1}
$data merge entity $(right_foot) {transformation: [-1.0167f,0.0567f,0.0916f,-1.0812f,0.0565f,1.0208f,-0.0054f,-3.6482f,-0.0918f,-0.0003f,-1.0182f,-0.8426f,0f,0f,0f,1f],start_interpolation: 0,interpolation_duration: 1}
$data merge entity $(right_knee) {transformation: [-3.0275f,0.1538f,0.25f,-0.945f,0.1603f,3.0366f,0.0733f,0.5621f,-0.2459f,0.0861f,-3.0306f,-0.8544f,0f,0f,0f,1f],start_interpolation: 0,interpolation_duration: 1}
$data merge entity $(right_leg) {transformation: [-1.7121f,0.133f,0.0475f,-0.6621f,0.0983f,1.5368f,-0.7616f,3.0424f,-0.1014f,-0.7563f,-1.5392f,-2.0167f,0f,0f,0f,1f],start_interpolation: 0,interpolation_duration: 1}
$data merge entity $(weist) {transformation: [-1.5962f,-0.0053f,-0.29f,0f,-0.0846f,1.5599f,0.4375f,4.6978f,0.2774f,0.4456f,-1.5351f,-1.7941f,0f,0f,0f,1f],start_interpolation: 0,interpolation_duration: 1}
data modify storage animated_java:temp entry.data merge value {"locators":{"consume":{"px":-2.9332820447,"py":3.9876480448,"pz":-1.3587557047,"ry":352.7323238696,"rx":-32.3778844206}}}
# Data Manager: Prepare for Read / Write
execute store result storage animated_java:temp args.id int 1 run scoreboard players get @s aj.id
# Data Manager: Write
function animated_java:global/data_manager/write with storage animated_java:temp args