# This file was generated by Animated Java via MC-Build. It is not recommended to edit this file directly.
$data merge entity $(neck) {transformation: [-0.9972f,0.0683f,-0.0296f,0.0744f,0.0323f,0.7545f,0.6555f,6.4817f,0.0671f,0.6527f,-0.7546f,-0.3505f,0f,0f,0f,1f],start_interpolation: 0,interpolation_duration: 1}
$data merge entity $(right_thumb_2) {transformation: [-0.9107f,0.3871f,-0.1441f,-2.9872f,0.3479f,0.9069f,0.2379f,4.2097f,0.2227f,0.1665f,-0.9605f,-1.4723f,0f,0f,0f,1f],start_interpolation: 0,interpolation_duration: 1}
$data merge entity $(right_thumb) {transformation: [-0.9107f,0.019f,-0.4126f,-3.1103f,0.3479f,0.5739f,-0.7413f,4.4564f,0.2227f,-0.8187f,-0.5293f,-1.6952f,0f,0f,0f,1f],start_interpolation: 0,interpolation_duration: 1}
$data merge entity $(right_fingers2) {transformation: [0.9598f,0.2701f,-0.0764f,-3.0566f,0.2076f,-0.8662f,-0.4544f,3.8844f,-0.189f,0.4203f,-0.8875f,-1.4977f,0f,0f,0f,1f],start_interpolation: 0,interpolation_duration: 1}
$data merge entity $(right_fingers) {transformation: [-0.2498f,-0.9653f,-0.0764f,-3.3393f,-0.853f,0.2568f,-0.4544f,3.9301f,0.4583f,-0.0483f,-0.8875f,-1.5051f,0f,0f,0f,1f],start_interpolation: 0,interpolation_duration: 1}
$data merge entity $(scout) {transformation: [0f,0f,0f,-3.1655f,0f,0f,0f,3.8849f,0f,0f,0f,-1.617f,0f,0f,0f,1f],start_interpolation: 0,interpolation_duration: 1}
$data merge entity $(right_hand) {transformation: [-0.9793f,0.1874f,-0.0764f,-3.2226f,0.2015f,0.8677f,-0.4544f,4.442f,-0.0189f,-0.4604f,-0.8875f,-1.827f,0f,0f,0f,1f],start_interpolation: 0,interpolation_duration: 1}
$data merge entity $(right_forearm) {transformation: [-0.5105f,0.8596f,0.9474f,-1.8723f,0.2693f,1.0694f,-0.8252f,6.0112f,-1.2506f,-0.1207f,-0.5645f,-1.9772f,0f,0f,0f,1f],start_interpolation: 0,interpolation_duration: 1}
$data merge entity $(right_shoulder) {transformation: [-1.1012f,0.6152f,0.7474f,-0.9243f,0.9145f,0.2896f,1.1089f,6.1443f,0.3177f,1.299f,-0.6012f,-0.4382f,0f,0f,0f,1f],start_interpolation: 0,interpolation_duration: 1}
$data merge entity $(right_arm) {transformation: [-0.9967f,-0.0009f,-0.0807f,-0.3632f,-0.0494f,0.7977f,0.601f,6.4083f,0.0638f,0.603f,-0.7952f,-0.3062f,0f,0f,0f,1f],start_interpolation: 0,interpolation_duration: 1}
$data merge entity $(left_thumb_2) {transformation: [-0.8628f,-0.3889f,0.3231f,3.2872f,-0.4399f,0.8924f,-0.1004f,4.094f,-0.2493f,-0.2287f,-0.941f,-0.3862f,0f,0f,0f,1f],start_interpolation: 0,interpolation_duration: 1}
$data merge entity $(left_thumb) {transformation: [-0.8628f,0.145f,0.4844f,3.455f,-0.4399f,0.257f,-0.8605f,4.254f,-0.2493f,-0.9555f,-0.1579f,-0.6544f,0f,0f,0f,1f],start_interpolation: 0,interpolation_duration: 1}
$data merge entity $(left_fingers2) {transformation: [0.9037f,-0.3634f,0.2264f,3.3522f,-0.091f,-0.6797f,-0.7278f,3.7828f,0.4184f,0.6371f,-0.6473f,-0.285f,0f,0f,0f,1f],start_interpolation: 0,interpolation_duration: 1}
$data merge entity $(left_fingers) {transformation: [-0.141f,0.9638f,0.2264f,3.6325f,0.6331f,0.2636f,-0.7278f,3.8347f,-0.7611f,0.0407f,-0.6473f,-0.2567f,0f,0f,0f,1f],start_interpolation: 0,interpolation_duration: 1}
$data merge entity $(left_hand) {transformation: [-0.9708f,-0.0789f,0.2264f,3.5891f,-0.2225f,0.6487f,-0.7278f,4.1998f,-0.0895f,-0.7569f,-0.6473f,-0.7507f,0f,0f,0f,1f],start_interpolation: 0,interpolation_duration: 1}
$data merge entity $(left_forearm) {transformation: [-0.7394f,-0.7948f,-0.8478f,2.3306f,0.1665f,0.922f,-1.0096f,5.5586f,1.1501f,-0.6444f,-0.3989f,-1.6878f,0f,0f,0f,1f],start_interpolation: 0,interpolation_duration: 1}
$data merge entity $(left_shoulder) {transformation: [-1.056f,-0.8636f,-0.5376f,1.0821f,-1.0017f,0.7478f,0.7663f,6.2438f,-0.1772f,0.9191f,-1.1286f,-0.5666f,0f,0f,0f,1f],start_interpolation: 0,interpolation_duration: 1}
$data merge entity $(left_arm) {transformation: [-0.9967f,-0.0009f,-0.0807f,0.5191f,-0.0494f,0.7977f,0.601f,6.4521f,0.0638f,0.603f,-0.7952f,-0.3627f,0f,0f,0f,1f],start_interpolation: 0,interpolation_duration: 1}
$data merge entity $(chest) {transformation: [-1.2744f,-0.0012f,-0.1032f,0.0769f,-0.0632f,1.0199f,0.7684f,5.0103f,0.0816f,0.771f,-1.0166f,-1.451f,0f,0f,0f,1f],start_interpolation: 0,interpolation_duration: 1}
$data merge entity $(left_cheek) {transformation: [-0.9229f,-0.1499f,-0.3547f,0.3941f,-0.1297f,0.9883f,-0.0801f,4.073f,0.3626f,-0.028f,-0.9315f,-2.5453f,0f,0f,0f,1f],start_interpolation: 0,interpolation_duration: 1}
$data merge entity $(left_foot) {transformation: [-0.8336f,-0.0586f,-0.589f,0.899f,-0.1896f,0.9902f,0.1698f,-3.5187f,0.5608f,0.2477f,-0.8182f,-4.095f,0f,0f,0f,1f],start_interpolation: 0,interpolation_duration: 1}
$data merge entity $(left_knee) {transformation: [-2.6884f,0.1359f,-1.4164f,1.1064f,-0.4405f,2.7996f,1.1048f,0.4138f,1.353f,1.1816f,-2.4547f,-2.5989f,0f,0f,0f,1f],start_interpolation: 0,interpolation_duration: 1}
$data merge entity $(left_leg) {transformation: [-1.5184f,-0.1927f,-0.7802f,0.7574f,-0.2488f,1.6986f,0.0647f,3.1229f,0.7641f,0.1702f,-1.5292f,-2.2497f,0f,0f,0f,1f],start_interpolation: 0,interpolation_duration: 1}
$data merge entity $(right_cheek) {transformation: [-0.9961f,0.0868f,0.0127f,-0.3883f,0.0851f,0.9912f,-0.1012f,4.139f,-0.0214f,-0.0997f,-0.9948f,-2.4035f,0f,0f,0f,1f],start_interpolation: 0,interpolation_duration: 1}
$data merge entity $(right_foot) {transformation: [-1.0165f,0.051f,0.0971f,-1.0394f,0.0508f,1.0211f,-0.0051f,-3.7096f,-0.0973f,-0.0002f,-1.0177f,-0.9212f,0f,0f,0f,1f],start_interpolation: 0,interpolation_duration: 1}
$data merge entity $(right_knee) {transformation: [-3.023f,0.1385f,0.3069f,-0.9219f,0.1473f,3.0371f,0.08f,0.5013f,-0.3028f,0.0943f,-3.0252f,-0.9231f,0f,0f,0f,1f],start_interpolation: 0,interpolation_duration: 1}
$data merge entity $(right_leg) {transformation: [-1.7072f,0.1482f,0.1219f,-0.617f,0.0836f,1.5566f,-0.722f,3.0128f,-0.1728f,-0.7116f,-1.5541f,-2.0103f,0f,0f,0f,1f],start_interpolation: 0,interpolation_duration: 1}
$data merge entity $(weist) {transformation: [-1.5933f,-0.0475f,-0.3017f,0f,-0.1276f,1.5595f,0.4287f,4.6856f,0.2775f,0.4447f,-1.5353f,-1.7888f,0f,0f,0f,1f],start_interpolation: 0,interpolation_duration: 1}
data modify storage animated_java:temp entry.data merge value {"locators":{"consume":{"px":-3.143423997,"py":3.7554044531,"pz":-1.5091879945,"ry":355.0776521183,"rx":-27.0283949788}}}
# Data Manager: Prepare for Read / Write
execute store result storage animated_java:temp args.id int 1 run scoreboard players get @s aj.id
# Data Manager: Write
function animated_java:global/data_manager/write with storage animated_java:temp args