# This file was generated by Animated Java via MC-Build. It is not recommended to edit this file directly.
$data merge entity $(neck) {transformation: [-0.9973f,0.0663f,-0.0303f,0.0727f,0.0313f,0.7654f,0.6428f,6.4585f,0.0658f,0.6402f,-0.7654f,-0.3483f,0f,0f,0f,1f],start_interpolation: 0,interpolation_duration: 1}
$data merge entity $(right_thumb_2) {transformation: [-0.9151f,0.3556f,-0.1903f,-2.951f,0.3263f,0.9301f,0.1686f,4.0602f,0.2369f,0.0922f,-0.9672f,-1.2677f,0f,0f,0f,1f],start_interpolation: 0,interpolation_duration: 1}
$data merge entity $(right_thumb) {transformation: [-0.9151f,-0.0331f,-0.4019f,-3.0917f,0.3263f,0.5246f,-0.7863f,4.2884f,0.2369f,-0.8507f,-0.4693f,-1.4997f,0f,0f,0f,1f],start_interpolation: 0,interpolation_duration: 1}
$data merge entity $(right_fingers2) {transformation: [0.9566f,0.2771f,-0.0903f,-3.0114f,0.1945f,-0.8378f,-0.5101f,3.7263f,-0.217f,0.4704f,-0.8554f,-1.2671f,0f,0f,0f,1f],start_interpolation: 0,interpolation_duration: 1}
$data merge entity $(right_fingers) {transformation: [-0.2246f,-0.9703f,-0.0903f,-3.2949f,-0.8263f,0.2387f,-0.5101f,3.7673f,0.5165f,-0.0399f,-0.8554f,-1.2702f,0f,0f,0f,1f],start_interpolation: 0,interpolation_duration: 1}
$data merge entity $(scout) {transformation: [0f,0f,0f,-3.1235f,0f,0f,0f,3.7212f,0f,0f,0f,-1.3855f,0f,0f,0f,1f],start_interpolation: 0,interpolation_duration: 1}
$data merge entity $(right_hand) {transformation: [-0.986f,0.1402f,-0.0903f,-3.2079f,0.1667f,0.8438f,-0.5101f,4.2622f,0.0047f,-0.518f,-0.8554f,-1.6262f,0f,0f,0f,1f],start_interpolation: 0,interpolation_duration: 1}
$data merge entity $(right_forearm) {transformation: [-0.5643f,0.8155f,0.9558f,-1.9215f,0.1635f,1.0866f,-0.8305f,5.8615f,-1.2458f,-0.2268f,-0.542f,-1.9357f,0f,0f,0f,1f],start_interpolation: 0,interpolation_duration: 1}
$data merge entity $(right_shoulder) {transformation: [-1.1208f,0.648f,0.6883f,-0.9277f,0.8979f,0.396f,1.0894f,6.1283f,0.2955f,1.2543f,-0.6995f,-0.4435f,0f,0f,0f,1f],start_interpolation: 0,interpolation_duration: 1}
$data merge entity $(right_arm) {transformation: [-0.9979f,-0.0019f,-0.0646f,-0.366f,-0.0396f,0.8084f,0.5873f,6.3897f,0.0511f,0.5886f,-0.8068f,-0.3086f,0f,0f,0f,1f],start_interpolation: 0,interpolation_duration: 1}
$data merge entity $(left_thumb_2) {transformation: [-0.86f,-0.3868f,0.3328f,3.3018f,-0.4402f,0.8922f,-0.1006f,4.0495f,-0.258f,-0.233f,-0.9376f,-0.3405f,0f,0f,0f,1f],start_interpolation: 0,interpolation_duration: 1}
$data merge entity $(left_thumb) {transformation: [-0.86f,0.1515f,0.4873f,3.4712f,-0.4402f,0.2626f,-0.8586f,4.2114f,-0.258f,-0.9529f,-0.1592f,-0.6066f,0f,0f,0f,1f],start_interpolation: 0,interpolation_duration: 1}
$data merge entity $(left_fingers2) {transformation: [0.9161f,-0.3268f,0.2325f,3.3691f,-0.0609f,-0.6864f,-0.7247f,3.7343f,0.3964f,0.6497f,-0.6487f,-0.2345f,0f,0f,0f,1f],start_interpolation: 0,interpolation_duration: 1}
$data merge entity $(left_fingers) {transformation: [-0.1614f,0.9591f,0.2325f,3.6486f,0.6289f,0.2815f,-0.7247f,3.7915f,-0.7605f,0.0292f,-0.6487f,-0.2094f,0f,0f,0f,1f],start_interpolation: 0,interpolation_duration: 1}
$data merge entity $(left_hand) {transformation: [-0.9695f,-0.0782f,0.2325f,3.606f,-0.2263f,0.6508f,-0.7247f,4.1581f,-0.0946f,-0.7552f,-0.6487f,-0.7024f,0f,0f,0f,1f],start_interpolation: 0,interpolation_duration: 1}
$data merge entity $(left_forearm) {transformation: [-0.7452f,-0.7954f,-0.8421f,2.3465f,0.1615f,0.9202f,-1.0121f,5.5137f,1.1471f,-0.6463f,-0.4045f,-1.6427f,0f,0f,0f,1f],start_interpolation: 0,interpolation_duration: 1}
$data merge entity $(left_shoulder) {transformation: [-1.0537f,-0.8774f,-0.5194f,1.0811f,-1.0025f,0.7551f,0.7581f,6.2079f,-0.1862f,0.8999f,-1.1425f,-0.5463f,0f,0f,0f,1f],start_interpolation: 0,interpolation_duration: 1}
$data merge entity $(left_arm) {transformation: [-0.9979f,-0.0019f,-0.0646f,0.5172f,-0.0396f,0.8084f,0.5873f,6.4248f,0.0511f,0.5886f,-0.8068f,-0.3538f,0f,0f,0f,1f],start_interpolation: 0,interpolation_duration: 1}
$data merge entity $(chest) {transformation: [-1.2759f,-0.0025f,-0.0826f,0.0769f,-0.0506f,1.0336f,0.7509f,4.9676f,0.0653f,0.7526f,-1.0315f,-1.4222f,0f,0f,0f,1f],start_interpolation: 0,interpolation_duration: 1}
$data merge entity $(left_cheek) {transformation: [-0.9213f,-0.1584f,-0.3551f,0.3785f,-0.1351f,0.9868f,-0.0897f,4.0276f,0.3646f,-0.0347f,-0.9305f,-2.5015f,0f,0f,0f,1f],start_interpolation: 0,interpolation_duration: 1}
$data merge entity $(left_foot) {transformation: [-0.8313f,-0.0676f,-0.5913f,0.9298f,-0.1937f,0.9912f,0.1589f,-3.5709f,0.5628f,0.2413f,-0.8187f,-4.0243f,0f,0f,0f,1f],start_interpolation: 0,interpolation_duration: 1}
$data merge entity $(left_knee) {transformation: [-2.683f,0.1242f,-1.4278f,1.1203f,-0.454f,2.8005f,1.0968f,0.363f,1.3593f,1.1806f,-2.4517f,-2.5297f,0f,0f,0f,1f],start_interpolation: 0,interpolation_duration: 1}
$data merge entity $(left_leg) {transformation: [-1.5153f,-0.2071f,-0.7825f,0.7485f,-0.2564f,1.6981f,0.0473f,3.0714f,0.7677f,0.1585f,-1.5287f,-2.199f,0f,0f,0f,1f],start_interpolation: 0,interpolation_duration: 1}
$data merge entity $(right_cheek) {transformation: [-0.9964f,0.0822f,0.0191f,-0.4016f,0.0798f,0.9915f,-0.1024f,4.0986f,-0.0273f,-0.1005f,-0.9946f,-2.353f,0f,0f,0f,1f],start_interpolation: 0,interpolation_duration: 1}
$data merge entity $(right_foot) {transformation: [-1.0163f,0.0458f,0.1017f,-1.0236f,0.0459f,1.0213f,-0.0003f,-3.7513f,-0.1016f,0.0043f,-1.0173f,-0.8884f,0f,0f,0f,1f],start_interpolation: 0,interpolation_duration: 1}
$data merge entity $(right_knee) {transformation: [-3.0222f,0.1246f,0.3212f,-0.9248f,0.1353f,3.0372f,0.095f,0.46f,-0.3168f,0.1086f,-3.0232f,-0.8709f,0f,0f,0f,1f],start_interpolation: 0,interpolation_duration: 1}
$data merge entity $(right_leg) {transformation: [-1.7066f,0.1442f,0.1349f,-0.6267f,0.0743f,1.5565f,-0.7234f,2.9717f,-0.1829f,-0.7128f,-1.5524f,-1.9597f,0f,0f,0f,1f],start_interpolation: 0,interpolation_duration: 1}
$data merge entity $(weist) {transformation: [-1.5942f,-0.0386f,-0.2981f,0f,-0.1156f,1.5639f,0.4157f,4.6429f,0.2775f,0.4298f,-1.5396f,-1.7537f,0f,0f,0f,1f],start_interpolation: 0,interpolation_duration: 1}
data modify storage animated_java:temp entry.data merge value {"locators":{"consume":{"px":-3.0930949919,"py":3.5993887514,"pz":-1.2709722243,"ry":353.9741819431,"rx":-30.6709780239}}}
# Data Manager: Prepare for Read / Write
execute store result storage animated_java:temp args.id int 1 run scoreboard players get @s aj.id
# Data Manager: Write
function animated_java:global/data_manager/write with storage animated_java:temp args