# This file was generated by Animated Java via MC-Build. It is not recommended to edit this file directly.
$data merge entity $(neck) {transformation: [-0.9975f,0.0646f,-0.0298f,0.0724f,0.0316f,0.7778f,0.6278f,6.4394f,0.0638f,0.6252f,-0.7778f,-0.3418f,0f,0f,0f,1f],start_interpolation: 0,interpolation_duration: 1}
$data merge entity $(right_thumb_2) {transformation: [-0.9142f,0.3508f,-0.2028f,-2.9464f,0.3317f,0.9354f,0.1224f,4.0368f,0.2327f,0.0446f,-0.9715f,-1.1814f,0f,0f,0f,1f],start_interpolation: 0,interpolation_duration: 1}
$data merge entity $(right_thumb) {transformation: [-0.9142f,-0.043f,-0.4029f,-3.0901f,0.3317f,0.4915f,-0.8052f,4.2554f,0.2327f,-0.8698f,-0.4351f,-1.4206f,0f,0f,0f,1f],start_interpolation: 0,interpolation_duration: 1}
$data merge entity $(right_fingers2) {transformation: [0.9685f,0.2297f,-0.0958f,-3.0095f,0.1422f,-0.8266f,-0.5445f,3.6965f,-0.2042f,0.5137f,-0.8333f,-1.1613f,0f,0f,0f,1f],start_interpolation: 0,interpolation_duration: 1}
$data merge entity $(right_fingers) {transformation: [-0.249f,-0.9638f,-0.0958f,-3.2918f,-0.7974f,0.2601f,-0.5445f,3.7441f,0.5497f,-0.0592f,-0.8333f,-1.1688f,0f,0f,0f,1f],start_interpolation: 0,interpolation_duration: 1}
$data merge entity $(scout) {transformation: [0f,0f,0f,-3.1212f,0f,0f,0f,3.6933f,0f,0f,0f,-1.2832f,0f,0f,0f,1f],start_interpolation: 0,interpolation_duration: 1}
$data merge entity $(right_hand) {transformation: [-0.986f,0.1368f,-0.0958f,-3.2071f,0.167f,0.822f,-0.5445f,4.2241f,0.0043f,-0.5528f,-0.8333f,-1.5452f,0f,0f,0f,1f],start_interpolation: 0,interpolation_duration: 1}
$data merge entity $(right_forearm) {transformation: [-0.5729f,0.8139f,0.9521f,-1.9229f,0.11f,1.0756f,-0.8533f,5.8083f,-1.2477f,-0.2789f,-0.5123f,-1.9319f,0f,0f,0f,1f],start_interpolation: 0,interpolation_duration: 1}
$data merge entity $(right_shoulder) {transformation: [-1.1164f,0.648f,0.6954f,-0.9302f,0.9133f,0.4339f,1.0618f,6.1191f,0.2635f,1.2416f,-0.7341f,-0.4476f,0f,0f,0f,1f],start_interpolation: 0,interpolation_duration: 1}
$data merge entity $(right_arm) {transformation: [-0.999f,-0.0022f,-0.0436f,-0.3678f,-0.0267f,0.8205f,0.5711f,6.3767f,0.0345f,0.5717f,-0.8197f,-0.3084f,0f,0f,0f,1f],start_interpolation: 0,interpolation_duration: 1}
$data merge entity $(left_thumb_2) {transformation: [-0.8551f,-0.3903f,0.3412f,3.3368f,-0.4433f,0.8918f,-0.0909f,4.0136f,-0.2688f,-0.229f,-0.9356f,-0.3068f,0f,0f,0f,1f],start_interpolation: 0,interpolation_duration: 1}
$data merge entity $(left_thumb) {transformation: [-0.8551f,0.1534f,0.4952f,3.506f,-0.4433f,0.2789f,-0.8519f,4.181f,-0.2688f,-0.948f,-0.1705f,-0.5695f,0f,0f,0f,1f],start_interpolation: 0,interpolation_duration: 1}
$data merge entity $(left_fingers2) {transformation: [0.9319f,-0.2711f,0.2412f,3.4096f,-0.019f,-0.7001f,-0.7138f,3.6928f,0.3623f,0.6605f,-0.6576f,-0.1974f,0f,0f,0f,1f],start_interpolation: 0,interpolation_duration: 1}
$data merge entity $(left_fingers) {transformation: [-0.1952f,0.9507f,0.2412f,3.6878f,0.628f,0.31f,-0.7138f,3.7582f,-0.7533f,0.0121f,-0.6576f,-0.1775f,0f,0f,0f,1f],start_interpolation: 0,interpolation_duration: 1}
$data merge entity $(left_hand) {transformation: [-0.9668f,-0.0849f,0.2412f,3.6415f,-0.236f,0.6594f,-0.7138f,4.1305f,-0.0984f,-0.7469f,-0.6576f,-0.6658f,0f,0f,0f,1f],start_interpolation: 0,interpolation_duration: 1}
$data merge entity $(left_forearm) {transformation: [-0.7478f,-0.8051f,-0.8305f,2.3678f,0.1395f,0.919f,-1.0164f,5.4832f,1.1482f,-0.636f,-0.4174f,-1.5911f,0f,0f,0f,1f],start_interpolation: 0,interpolation_duration: 1}
$data merge entity $(left_shoulder) {transformation: [-1.0458f,-0.8959f,-0.5036f,1.0809f,-1.0075f,0.7522f,0.7543f,6.1729f,-0.2026f,0.884f,-1.1521f,-0.517f,0f,0f,0f,1f],start_interpolation: 0,interpolation_duration: 1}
$data merge entity $(left_arm) {transformation: [-0.999f,-0.0022f,-0.0436f,0.5165f,-0.0267f,0.8205f,0.5711f,6.4003f,0.0345f,0.5717f,-0.8197f,-0.3389f,0f,0f,0f,1f],start_interpolation: 0,interpolation_duration: 1}
$data merge entity $(chest) {transformation: [-1.2773f,-0.0028f,-0.0557f,0.0769f,-0.0342f,1.049f,0.7302f,4.9265f,0.0441f,0.731f,-1.0481f,-1.3845f,0f,0f,0f,1f],start_interpolation: 0,interpolation_duration: 1}
$data merge entity $(left_cheek) {transformation: [-0.9223f,-0.1674f,-0.3483f,0.3565f,-0.1401f,0.9848f,-0.1026f,3.9797f,0.3602f,-0.0458f,-0.9317f,-2.4494f,0f,0f,0f,1f],start_interpolation: 0,interpolation_duration: 1}
$data merge entity $(left_foot) {transformation: [-0.833f,-0.072f,-0.5883f,0.9342f,-0.1992f,0.9898f,0.161f,-3.6033f,0.5582f,0.2458f,-0.8205f,-3.9833f,0f,0f,0f,1f],start_interpolation: 0,interpolation_duration: 1}
$data merge entity $(left_knee) {transformation: [-2.6871f,0.1289f,-1.4195f,1.1316f,-0.4655f,2.7838f,1.1339f,0.3093f,1.3472f,1.2189f,-2.4396f,-2.4348f,0f,0f,0f,1f],start_interpolation: 0,interpolation_duration: 1}
$data merge entity $(left_leg) {transformation: [-1.5177f,-0.224f,-0.7732f,0.7323f,-0.2629f,1.6976f,0.0242f,3.0173f,0.7609f,0.1397f,-1.5339f,-2.1344f,0f,0f,0f,1f],start_interpolation: 0,interpolation_duration: 1}
$data merge entity $(right_cheek) {transformation: [-0.9965f,0.0797f,0.0247f,-0.4202f,0.0767f,0.9914f,-0.1058f,4.0611f,-0.0329f,-0.1035f,-0.9941f,-2.2909f,0f,0f,0f,1f],start_interpolation: 0,interpolation_duration: 1}
$data merge entity $(right_foot) {transformation: [-1.0158f,0.0427f,0.1078f,-1.0299f,0.0434f,1.0214f,0.0042f,-3.7854f,-0.1076f,0.0087f,-1.0167f,-0.834f,0f,0f,0f,1f],start_interpolation: 0,interpolation_duration: 1}
$data merge entity $(right_knee) {transformation: [-3.0209f,0.1173f,0.3356f,-0.9405f,0.1299f,3.0371f,0.1077f,0.4261f,-0.331f,0.1213f,-3.0212f,-0.7992f,0f,0f,0f,1f],start_interpolation: 0,interpolation_duration: 1}
$data merge entity $(right_leg) {transformation: [-1.7058f,0.1434f,0.1454f,-0.6441f,0.0686f,1.5544f,-0.7283f,2.9349f,-0.1923f,-0.7173f,-1.5491f,-1.895f,0f,0f,0f,1f],start_interpolation: 0,interpolation_duration: 1}
$data merge entity $(weist) {transformation: [-1.5956f,-0.0225f,-0.2926f,0f,-0.0955f,1.5693f,0.4f,4.6018f,0.2775f,0.4107f,-1.5448f,-1.7088f,0f,0f,0f,1f],start_interpolation: 0,interpolation_duration: 1}
data modify storage animated_java:temp entry.data merge value {"locators":{"consume":{"px":-3.0900613567,"py":3.5762483928,"pz":-1.1640467112,"ry":353.4412244098,"rx":-32.9880865958}}}
# Data Manager: Prepare for Read / Write
execute store result storage animated_java:temp args.id int 1 run scoreboard players get @s aj.id
# Data Manager: Write
function animated_java:global/data_manager/write with storage animated_java:temp args