# This file was generated by Animated Java via MC-Build. It is not recommended to edit this file directly.
$data merge entity $(neck) {transformation: [-0.9976f,0.0638f,-0.0287f,0.0737f,0.0328f,0.7894f,0.613f,6.418f,0.0617f,0.6106f,-0.7895f,-0.3342f,0f,0f,0f,1f],start_interpolation: 0,interpolation_duration: 1}
$data merge entity $(right_thumb_2) {transformation: [-0.9114f,0.3506f,-0.2156f,-2.9466f,0.3417f,0.9365f,0.0782f,4.0345f,0.2293f,-0.0024f,-0.9733f,-1.1029f,0f,0f,0f,1f],start_interpolation: 0,interpolation_duration: 1}
$data merge entity $(right_thumb) {transformation: [-0.9114f,-0.0512f,-0.4084f,-3.0924f,0.3417f,0.4588f,-0.8202f,4.2443f,0.2293f,-0.887f,-0.4007f,-1.3486f,0f,0f,0f,1f],start_interpolation: 0,interpolation_duration: 1}
$data merge entity $(right_fingers2) {transformation: [0.9784f,0.1779f,-0.1048f,-3.0142f,0.086f,-0.8125f,-0.5765f,3.6891f,-0.1878f,0.5551f,-0.8103f,-1.0632f,0f,0f,0f,1f],start_interpolation: 0,interpolation_duration: 1}
$data merge entity $(right_fingers) {transformation: [-0.2767f,-0.9552f,-0.1048f,-3.295f,-0.7657f,0.2851f,-0.5765f,3.7446f,0.5806f,-0.0793f,-0.8103f,-1.0753f,0f,0f,0f,1f],start_interpolation: 0,interpolation_duration: 1}
$data merge entity $(scout) {transformation: [0f,0f,0f,-3.1254f,0f,0f,0f,3.6883f,0f,0f,0f,-1.1888f,0f,0f,0f,1f],start_interpolation: 0,interpolation_duration: 1}
$data merge entity $(right_hand) {transformation: [-0.985f,0.1372f,-0.1048f,-3.2105f,0.1726f,0.7986f,-0.5765f,4.2087f,0.0046f,-0.586f,-0.8103f,-1.4711f,0f,0f,0f,1f],start_interpolation: 0,interpolation_duration: 1}
$data merge entity $(right_forearm) {transformation: [-0.5815f,0.8175f,0.9437f,-1.9207f,0.0627f,1.0589f,-0.8786f,5.7688f,-1.247f,-0.328f,-0.4843f,-1.9308f,0f,0f,0f,1f],start_interpolation: 0,interpolation_duration: 1}
$data merge entity $(right_shoulder) {transformation: [-1.1061f,0.6478f,0.7118f,-0.9308f,0.9339f,0.4598f,1.0326f,6.1079f,0.233f,1.2324f,-0.7595f,-0.4508f,0f,0f,0f,1f],start_interpolation: 0,interpolation_duration: 1}
$data merge entity $(right_arm) {transformation: [-0.9997f,-0.0016f,-0.0226f,-0.3677f,-0.0139f,0.8316f,0.5552f,6.3613f,0.0179f,0.5554f,-0.8314f,-0.307f,0f,0f,0f,1f],start_interpolation: 0,interpolation_duration: 1}
$data merge entity $(left_thumb_2) {transformation: [-0.8496f,-0.3976f,0.3467f,3.3815f,-0.4482f,0.8906f,-0.077f,3.9831f,-0.2781f,-0.2208f,-0.9348f,-0.2863f,0f,0f,0f,1f],start_interpolation: 0,interpolation_duration: 1}
$data merge entity $(left_thumb) {transformation: [-0.8496f,0.151f,0.5054f,3.5489f,-0.4482f,0.2986f,-0.8426f,4.1574f,-0.2781f,-0.9424f,-0.186f,-0.5456f,0f,0f,0f,1f],start_interpolation: 0,interpolation_duration: 1}
$data merge entity $(left_fingers2) {transformation: [0.9452f,-0.2099f,0.25f,3.4617f,0.0265f,-0.714f,-0.6996f,3.6566f,0.3253f,0.6679f,-0.6693f,-0.175f,0f,0f,0f,1f],start_interpolation: 0,interpolation_duration: 1}
$data merge entity $(left_fingers) {transformation: [-0.2334f,0.9397f,0.25f,3.7379f,0.6274f,0.3419f,-0.6996f,3.7312f,-0.7429f,-0.0064f,-0.6693f,-0.1608f,0f,0f,0f,1f],start_interpolation: 0,interpolation_duration: 1}
$data merge entity $(left_hand) {transformation: [-0.9634f,-0.0965f,0.25f,3.6849f,-0.2486f,0.6698f,-0.6996f,4.1104f,-0.1f,-0.7362f,-0.6693f,-0.6431f,0f,0f,0f,1f],start_interpolation: 0,interpolation_duration: 1}
$data merge entity $(left_forearm) {transformation: [-0.7469f,-0.8201f,-0.8165f,2.3891f,0.1103f,0.917f,-1.0218f,5.4587f,1.152f,-0.6195f,-0.4316f,-1.5439f,0f,0f,0f,1f],start_interpolation: 0,interpolation_duration: 1}
$data merge entity $(left_shoulder) {transformation: [-1.0349f,-0.9143f,-0.4929f,1.0816f,-1.0151f,0.7431f,0.7531f,6.1358f,-0.2198f,0.8728f,-1.1575f,-0.4868f,0f,0f,0f,1f],start_interpolation: 0,interpolation_duration: 1}
$data merge entity $(left_arm) {transformation: [-0.9997f,-0.0016f,-0.0226f,0.5172f,-0.0139f,0.8316f,0.5552f,6.3736f,0.0179f,0.5554f,-0.8314f,-0.3229f,0f,0f,0f,1f],start_interpolation: 0,interpolation_duration: 1}
$data merge entity $(chest) {transformation: [-1.2782f,-0.0021f,-0.0289f,0.0769f,-0.0177f,1.0632f,0.7098f,4.8848f,0.0229f,0.7101f,-1.063f,-1.3467f,0f,0f,0f,1f],start_interpolation: 0,interpolation_duration: 1}
$data merge entity $(left_cheek) {transformation: [-0.9244f,-0.1756f,-0.3386f,0.3336f,-0.1443f,0.9828f,-0.1156f,3.9298f,0.353f,-0.058f,-0.9338f,-2.3995f,0f,0f,0f,1f],start_interpolation: 0,interpolation_duration: 1}
$data merge entity $(left_foot) {transformation: [-0.8366f,-0.0733f,-0.5831f,0.9242f,-0.2049f,0.9871f,0.1699f,-3.6255f,0.5508f,0.2559f,-0.8224f,-3.9635f,0f,0f,0f,1f],start_interpolation: 0,interpolation_duration: 1}
$data merge entity $(left_knee) {transformation: [-2.6956f,0.1413f,-1.4021f,1.1397f,-0.4747f,2.7585f,1.1906f,0.2547f,1.3269f,1.2739f,-2.4226f,-2.3377f,0f,0f,0f,1f],start_interpolation: 0,interpolation_duration: 1}
$data merge entity $(left_leg) {transformation: [-1.5225f,-0.2401f,-0.7588f,0.714f,-0.2681f,1.6969f,0.001f,2.9621f,0.7494f,0.1193f,-1.5413f,-2.0702f,0f,0f,0f,1f],start_interpolation: 0,interpolation_duration: 1}
$data merge entity $(right_cheek) {transformation: [-0.9965f,0.0789f,0.0291f,-0.4393f,0.0752f,0.9911f,-0.1099f,4.0235f,-0.0375f,-0.1073f,-0.9935f,-2.2305f,0f,0f,0f,1f],start_interpolation: 0,interpolation_duration: 1}
$data merge entity $(right_foot) {transformation: [-1.0152f,0.0412f,0.114f,-1.0473f,0.0423f,1.0215f,0.0078f,-3.8173f,-0.1135f,0.0125f,-1.016f,-0.7741f,0f,0f,0f,1f],start_interpolation: 0,interpolation_duration: 1}
$data merge entity $(right_knee) {transformation: [-3.0196f,0.1146f,0.3479f,-0.9611f,0.1288f,3.0367f,0.1174f,0.3941f,-0.3429f,0.1313f,-3.0195f,-0.7257f,0f,0f,0f,1f],start_interpolation: 0,interpolation_duration: 1}
$data merge entity $(right_leg) {transformation: [-1.705f,0.1443f,0.1529f,-0.6634f,0.0655f,1.5516f,-0.7346f,2.8986f,-0.1999f,-0.7232f,-1.5454f,-1.8308f,0f,0f,0f,1f],start_interpolation: 0,interpolation_duration: 1}
$data merge entity $(weist) {transformation: [-1.5967f,-0.0044f,-0.2871f,0f,-0.0735f,1.5743f,0.3847f,4.5601f,0.2775f,0.3917f,-1.5497f,-1.6643f,0f,0f,0f,1f],start_interpolation: 0,interpolation_duration: 1}
data modify storage animated_java:temp entry.data merge value {"locators":{"consume":{"px":-3.0941055364,"py":3.5758858548,"pz":-1.0653296627,"ry":352.6296825792,"rx":-35.2069103949}}}
# Data Manager: Prepare for Read / Write
execute store result storage animated_java:temp args.id int 1 run scoreboard players get @s aj.id
# Data Manager: Write
function animated_java:global/data_manager/write with storage animated_java:temp args