# This file was generated by Animated Java via MC-Build. It is not recommended to edit this file directly.
$data merge entity $(neck) {transformation: [-0.9976f,0.0637f,-0.0276f,0.0758f,0.0343f,0.7979f,0.6018f,6.3976f,0.0603f,0.5994f,-0.7982f,-0.3279f,0f,0f,0f,1f],start_interpolation: 0,interpolation_duration: 1}
$data merge entity $(right_thumb_2) {transformation: [-0.908f,0.3539f,-0.2243f,-2.9486f,0.3528f,0.9345f,0.0463f,4.0466f,0.226f,-0.0371f,-0.9734f,-1.0546f,0f,0f,0f,1f],start_interpolation: 0,interpolation_duration: 1}
$data merge entity $(right_thumb) {transformation: [-0.908f,-0.0549f,-0.4154f,-3.095f,0.3528f,0.4346f,-0.8286f,4.2505f,0.226f,-0.8989f,-0.3753f,-1.305f,0f,0f,0f,1f],start_interpolation: 0,interpolation_duration: 1}
$data merge entity $(right_fingers2) {transformation: [0.9845f,0.1342f,-0.1133f,-3.0214f,0.0401f,-0.7997f,-0.5991f,3.6984f,-0.171f,0.5852f,-0.7926f,-0.9999f,0f,0f,0f,1f],start_interpolation: 0,interpolation_duration: 1}
$data merge entity $(right_fingers) {transformation: [-0.3013f,-0.9468f,-0.1133f,-3.3005f,-0.7395f,0.307f,-0.5991f,3.7606f,0.602f,-0.0967f,-0.7926f,-1.0163f,0f,0f,0f,1f],start_interpolation: 0,interpolation_duration: 1}
$data merge entity $(scout) {transformation: [0f,0f,0f,-3.1319f,0f,0f,0f,3.6996f,0f,0f,0f,-1.1289f,0f,0f,0f,1f],start_interpolation: 0,interpolation_duration: 1}
$data merge entity $(right_hand) {transformation: [-0.9835f,0.141f,-0.1133f,-3.214f,0.1809f,0.78f,-0.5991f,4.2123f,0.0039f,-0.6097f,-0.7926f,-1.4258f,0f,0f,0f,1f],start_interpolation: 0,interpolation_duration: 1}
$data merge entity $(right_forearm) {transformation: [-0.5866f,0.8247f,0.9343f,-1.9135f,0.032f,1.0422f,-0.8999f,5.7478f,-1.2458f,-0.3615f,-0.463f,-1.9354f,0f,0f,0f,1f],start_interpolation: 0,interpolation_duration: 1}
$data merge entity $(right_shoulder) {transformation: [-1.0939f,0.6451f,0.7329f,-0.9302f,0.9536f,0.4695f,1.01f,6.0955f,0.2097f,1.2302f,-0.7698f,-0.453f,0f,0f,0f,1f],start_interpolation: 0,interpolation_duration: 1}
$data merge entity $(right_arm) {transformation: [-1f,-0.0006f,-0.0064f,-0.3664f,-0.004f,0.8398f,0.5429f,6.3456f,0.0051f,0.543f,-0.8397f,-0.3057f,0f,0f,0f,1f],start_interpolation: 0,interpolation_duration: 1}
$data merge entity $(left_thumb_2) {transformation: [-0.8448f,-0.406f,0.3485f,3.4228f,-0.4536f,0.8889f,-0.0639f,3.9624f,-0.2838f,-0.2121f,-0.9351f,-0.2806f,0f,0f,0f,1f],start_interpolation: 0,interpolation_duration: 1}
$data merge entity $(left_thumb) {transformation: [-0.8448f,0.1456f,0.5148f,3.5876f,-0.4536f,0.3154f,-0.8335f,4.1429f,-0.2838f,-0.9377f,-0.2004f,-0.5374f,0f,0f,0f,1f],start_interpolation: 0,interpolation_duration: 1}
$data merge entity $(left_fingers2) {transformation: [0.9534f,-0.1585f,0.2567f,3.5102f,0.0645f,-0.7239f,-0.6868f,3.6316f,0.2947f,0.6714f,-0.68f,-0.1687f,0f,0f,0f,1f],start_interpolation: 0,interpolation_duration: 1}
$data merge entity $(left_fingers) {transformation: [-0.266f,0.9292f,0.2567f,3.7843f,0.6261f,0.369f,-0.6868f,3.7141f,-0.7329f,-0.022f,-0.68f,-0.1593f,0f,0f,0f,1f],start_interpolation: 0,interpolation_duration: 1}
$data merge entity $(left_hand) {transformation: [-0.9603f,-0.1091f,0.2567f,3.7238f,-0.2607f,0.6784f,-0.6868f,4.0991f,-0.0992f,-0.7265f,-0.68f,-0.636f,0f,0f,0f,1f],start_interpolation: 0,interpolation_duration: 1}
$data merge entity $(left_forearm) {transformation: [-0.7432f,-0.8357f,-0.804f,2.4051f,0.0831f,0.9141f,-1.027f,5.4418f,1.1567f,-0.6026f,-0.4428f,-1.5116f,0f,0f,0f,1f],start_interpolation: 0,interpolation_duration: 1}
$data merge entity $(left_shoulder) {transformation: [-1.0243f,-0.9282f,-0.4891f,1.0828f,-1.023f,0.7317f,0.7537f,6.1035f,-0.233f,0.8677f,-1.1587f,-0.4633f,0f,0f,0f,1f],start_interpolation: 0,interpolation_duration: 1}
$data merge entity $(left_arm) {transformation: [-1f,-0.0006f,-0.0064f,0.5186f,-0.004f,0.8398f,0.5429f,6.3491f,0.0051f,0.543f,-0.8397f,-0.3102f,0f,0f,0f,1f],start_interpolation: 0,interpolation_duration: 1}
$data merge entity $(chest) {transformation: [-1.2785f,-0.0007f,-0.0082f,0.0769f,-0.0051f,1.0737f,0.6942f,4.8495f,0.0065f,0.6942f,-1.0736f,-1.3176f,0f,0f,0f,1f],start_interpolation: 0,interpolation_duration: 1}
$data merge entity $(left_cheek) {transformation: [-0.9264f,-0.1815f,-0.3299f,0.3154f,-0.1474f,0.9811f,-0.1257f,3.8877f,0.3464f,-0.0678f,-0.9356f,-2.3621f,0f,0f,0f,1f],start_interpolation: 0,interpolation_duration: 1}
$data merge entity $(left_foot) {transformation: [-0.84f,-0.0733f,-0.5782f,0.911f,-0.2095f,0.9844f,0.1795f,-3.6396f,0.5439f,0.266f,-0.8238f,-3.9571f,0f,0f,0f,1f],start_interpolation: 0,interpolation_duration: 1}
$data merge entity $(left_knee) {transformation: [-2.7037f,0.1536f,-1.3852f,1.1444f,-0.4811f,2.7346f,1.2421f,0.2097f,1.308f,1.3231f,-2.4064f,-2.2619f,0f,0f,0f,1f],start_interpolation: 0,interpolation_duration: 1}
$data merge entity $(left_leg) {transformation: [-1.527f,-0.2521f,-0.7457f,0.6989f,-0.2717f,1.6963f,-0.017f,2.9164f,0.7388f,0.1028f,-1.5476f,-2.021f,0f,0f,0f,1f],start_interpolation: 0,interpolation_duration: 1}
$data merge entity $(right_cheek) {transformation: [-0.9964f,0.0788f,0.0318f,-0.4543f,0.0747f,0.9907f,-0.1134f,3.9918f,-0.0405f,-0.1106f,-0.993f,-2.1847f,0f,0f,0f,1f],start_interpolation: 0,interpolation_duration: 1}
$data merge entity $(right_foot) {transformation: [-1.0147f,0.0406f,0.1186f,-1.0651f,0.0421f,1.0215f,0.0102f,-3.8438f,-0.1181f,0.015f,-1.0154f,-0.7257f,0f,0f,0f,1f],start_interpolation: 0,interpolation_duration: 1}
$data merge entity $(right_knee) {transformation: [-3.0186f,0.1144f,0.3562f,-0.9789f,0.1297f,3.0365f,0.1236f,0.3675f,-0.3509f,0.1379f,-3.0183f,-0.6685f,0f,0f,0f,1f],start_interpolation: 0,interpolation_duration: 1}
$data merge entity $(right_leg) {transformation: [-1.7045f,0.1457f,0.1574f,-0.6791f,0.0641f,1.5491f,-0.74f,2.8682f,-0.2047f,-0.7284f,-1.5424f,-1.7816f,0f,0f,0f,1f],start_interpolation: 0,interpolation_duration: 1}
$data merge entity $(weist) {transformation: [-1.5975f,0.0104f,-0.2829f,0f,-0.0558f,1.5779f,0.3731f,4.5248f,0.2775f,0.3771f,-1.5533f,-1.6302f,0f,0f,0f,1f],start_interpolation: 0,interpolation_duration: 1}
data modify storage animated_java:temp entry.data merge value {"locators":{"consume":{"px":-3.1009436723,"py":3.5906226469,"pz":-1.0022647497,"ry":351.8645778079,"rx":-36.805510116}}}
# Data Manager: Prepare for Read / Write
execute store result storage animated_java:temp args.id int 1 run scoreboard players get @s aj.id
# Data Manager: Write
function animated_java:global/data_manager/write with storage animated_java:temp args