# This file was generated by Animated Java via MC-Build. It is not recommended to edit this file directly.
$data merge entity $(neck) {transformation: [-0.9976f,0.0638f,-0.027f,0.0769f,0.035f,0.8013f,0.5973f,6.391f,0.0598f,0.5949f,-0.8016f,-0.3254f,0f,0f,0f,1f],start_interpolation: 0,interpolation_duration: 1}
$data merge entity $(right_thumb_2) {transformation: [-0.9058f,0.3596f,-0.224f,-2.95f,0.361f,0.9319f,0.0364f,4.0738f,0.2218f,-0.0478f,-0.9739f,-1.0571f,0f,0f,0f,1f],start_interpolation: 0,interpolation_duration: 1}
$data merge entity $(right_thumb) {transformation: [-0.9058f,-0.051f,-0.4206f,-3.0948f,0.361f,0.4268f,-0.8292f,4.2763f,0.2218f,-0.9029f,-0.3682f,-1.3095f,0f,0f,0f,1f],start_interpolation: 0,interpolation_duration: 1}
$data merge entity $(right_fingers2) {transformation: [0.987f,0.1108f,-0.1164f,-3.0266f,0.0178f,-0.7953f,-0.606f,3.7248f,-0.1598f,0.596f,-0.7869f,-0.9973f,0f,0f,0f,1f],start_interpolation: 0,interpolation_duration: 1}
$data merge entity $(right_fingers) {transformation: [-0.3167f,-0.9414f,-0.1164f,-3.3047f,-0.7283f,0.32f,-0.606f,3.791f,0.6077f,-0.1071f,-0.7869f,-1.0165f,0f,0f,0f,1f],start_interpolation: 0,interpolation_duration: 1}
$data merge entity $(scout) {transformation: [0f,0f,0f,-3.1364f,0f,0f,0f,3.7276f,0f,0f,0f,-1.1281f,0f,0f,0f,1f],start_interpolation: 0,interpolation_duration: 1}
$data merge entity $(right_hand) {transformation: [-0.982f,0.1484f,-0.1164f,-3.2138f,0.1886f,0.7728f,-0.606f,4.2379f,0.0001f,-0.617f,-0.7869f,-1.4302f,0f,0f,0f,1f],start_interpolation: 0,interpolation_duration: 1}
$data merge entity $(right_forearm) {transformation: [-0.5832f,0.8338f,0.9283f,-1.9001f,0.0272f,1.033f,-0.9107f,5.7592f,-1.2475f,-0.3673f,-0.4539f,-1.9481f,0f,0f,0f,1f],start_interpolation: 0,interpolation_duration: 1}
$data merge entity $(right_shoulder) {transformation: [-1.0843f,0.6366f,0.7543f,-0.9296f,0.9668f,0.4593f,1.0021f,6.0921f,0.1988f,1.2384f,-0.7594f,-0.4538f,0f,0f,0f,1f],start_interpolation: 0,interpolation_duration: 1}
$data merge entity $(right_arm) {transformation: [-1f,0f,0f,-0.3657f,0f,0.8429f,0.538f,6.3409f,0f,0.538f,-0.8429f,-0.3051f,0f,0f,0f,1f],start_interpolation: 0,interpolation_duration: 1}
$data merge entity $(left_thumb_2) {transformation: [-0.8425f,-0.4125f,0.3465f,3.4465f,-0.4576f,0.8874f,-0.0561f,3.9632f,-0.2843f,-0.2059f,-0.9364f,-0.2911f,0f,0f,0f,1f],start_interpolation: 0,interpolation_duration: 1}
$data merge entity $(left_thumb) {transformation: [-0.8425f,0.1397f,0.5203f,3.609f,-0.4576f,0.3241f,-0.828f,4.147f,-0.2843f,-0.9356f,-0.2092f,-0.547f,0f,0f,0f,1f],start_interpolation: 0,interpolation_duration: 1}
$data merge entity $(left_fingers2) {transformation: [0.9565f,-0.1338f,0.2592f,3.5381f,0.0823f,-0.7288f,-0.6798f,3.6308f,0.2798f,0.6715f,-0.6861f,-0.1798f,0f,0f,0f,1f],start_interpolation: 0,interpolation_duration: 1}
$data merge entity $(left_fingers) {transformation: [-0.283f,0.9234f,0.2592f,3.8112f,0.6257f,0.3825f,-0.6798f,3.7172f,-0.7269f,-0.0302f,-0.6861f,-0.1729f,0f,0f,0f,1f],start_interpolation: 0,interpolation_duration: 1}
$data merge entity $(left_hand) {transformation: [-0.9586f,-0.1184f,0.2592f,3.7451f,-0.2681f,0.6827f,-0.6798f,4.1051f,-0.0965f,-0.7211f,-0.6861f,-0.6466f,0f,0f,0f,1f],start_interpolation: 0,interpolation_duration: 1}
$data merge entity $(left_forearm) {transformation: [-0.7383f,-0.8466f,-0.7971f,2.4105f,0.0667f,0.9119f,-1.0301f,5.4436f,1.1609f,-0.5907f,-0.4478f,-1.5043f,0f,0f,0f,1f],start_interpolation: 0,interpolation_duration: 1}
$data merge entity $(left_shoulder) {transformation: [-1.0175f,-0.9333f,-0.4933f,1.0834f,-1.0285f,0.7219f,0.7557f,6.0921f,-0.2381f,0.8704f,-1.1556f,-0.4538f,0f,0f,0f,1f],start_interpolation: 0,interpolation_duration: 1}
$data merge entity $(left_arm) {transformation: [-1f,0f,0f,0.5194f,0f,0.8429f,0.538f,6.3409f,0f,0.538f,-0.8429f,-0.3051f,0f,0f,0f,1f],start_interpolation: 0,interpolation_duration: 1}
$data merge entity $(chest) {transformation: [-1.2785f,0f,0f,0.0769f,0f,1.0777f,0.6879f,4.8371f,0f,0.6879f,-1.0777f,-1.306f,0f,0f,0f,1f],start_interpolation: 0,interpolation_duration: 1}
$data merge entity $(left_cheek) {transformation: [-0.9273f,-0.1837f,-0.3261f,0.3081f,-0.1486f,0.9804f,-0.1297f,3.8726f,0.3435f,-0.0718f,-0.9364f,-2.3473f,0f,0f,0f,1f],start_interpolation: 0,interpolation_duration: 1}
$data merge entity $(left_foot) {transformation: [-0.8415f,-0.073f,-0.5761f,0.9045f,-0.2113f,0.9832f,0.1841f,-3.642f,0.5409f,0.2706f,-0.8243f,-3.9565f,0f,0f,0f,1f],start_interpolation: 0,interpolation_duration: 1}
$data merge entity $(left_knee) {transformation: [-2.7072f,0.159f,-1.3776f,1.1459f,-0.4835f,2.7239f,1.2645f,0.1935f,1.2998f,1.3444f,-2.399f,-2.2313f,0f,0f,0f,1f],start_interpolation: 0,interpolation_duration: 1}
$data merge entity $(left_leg) {transformation: [-1.529f,-0.2567f,-0.74f,0.6927f,-0.2731f,1.6959f,-0.0242f,2.8999f,0.7341f,0.0961f,-1.5502f,-2.0014f,0f,0f,0f,1f],start_interpolation: 0,interpolation_duration: 1}
$data merge entity $(right_cheek) {transformation: [-0.9963f,0.0789f,0.0328f,-0.4604f,0.0747f,0.9906f,-0.1149f,3.9809f,-0.0415f,-0.112f,-0.9928f,-2.1665f,0f,0f,0f,1f],start_interpolation: 0,interpolation_duration: 1}
$data merge entity $(right_foot) {transformation: [-1.0144f,0.0406f,0.1204f,-1.0734f,0.0422f,1.0214f,0.0111f,-3.8523f,-0.1199f,0.016f,-1.0152f,-0.7058f,0f,0f,0f,1f],start_interpolation: 0,interpolation_duration: 1}
$data merge entity $(right_knee) {transformation: [-3.0183f,0.1148f,0.3592f,-0.9864f,0.1305f,3.0363f,0.1258f,0.359f,-0.3538f,0.1402f,-3.0178f,-0.6453f,0f,0f,0f,1f],start_interpolation: 0,interpolation_duration: 1}
$data merge entity $(right_leg) {transformation: [-1.7043f,0.1465f,0.1589f,-0.6855f,0.0638f,1.548f,-0.7423f,2.858f,-0.2064f,-0.7305f,-1.5411f,-1.762f,0f,0f,0f,1f],start_interpolation: 0,interpolation_duration: 1}
$data merge entity $(weist) {transformation: [-1.5977f,0.0165f,-0.2813f,0f,-0.0485f,1.5792f,0.3684f,4.5124f,0.2775f,0.3712f,-1.5547f,-1.6166f,0f,0f,0f,1f],start_interpolation: 0,interpolation_duration: 1}
data modify storage animated_java:temp entry.data merge value {"locators":{"consume":{"px":-3.1065112214,"py":3.6195579632,"pz":-1.0003366165,"ry":351.5831911146,"rx":-37.2981412496}}}
# Data Manager: Prepare for Read / Write
execute store result storage animated_java:temp args.id int 1 run scoreboard players get @s aj.id
# Data Manager: Write
function animated_java:global/data_manager/write with storage animated_java:temp args