# This file was generated by Animated Java via MC-Build. It is not recommended to edit this file directly.
$data merge entity $(neck) {transformation: [-0.9864f,0.0862f,-0.14f,-0.0343f,0.0402f,0.9521f,0.3032f,6.1141f,0.1594f,0.2935f,-0.9426f,-0.0717f,0f,0f,0f,1f],start_interpolation: 0,interpolation_duration: 1}
$data merge entity $(right_thumb_2) {transformation: [-0.5735f,-0.1891f,-0.7971f,-1.5688f,0.0057f,0.972f,-0.2348f,2.4109f,0.8192f,-0.1392f,-0.5564f,0.5037f,0f,0f,0f,1f],start_interpolation: 0,interpolation_duration: 1}
$data merge entity $(right_thumb) {transformation: [-0.5735f,-0.6079f,-0.5492f,-1.8417f,0.0057f,0.6674f,-0.7447f,2.637f,0.8192f,-0.4302f,-0.3793f,0.4921f,0f,0f,0f,1f],start_interpolation: 0,interpolation_duration: 1}
$data merge entity $(right_fingers2) {transformation: [0.1701f,-0.7241f,-0.6684f,-1.6884f,-0.9116f,0.142f,-0.3858f,1.8367f,0.3743f,0.6749f,-0.6359f,0.6899f,0f,0f,0f,1f],start_interpolation: 0,interpolation_duration: 1}
$data merge entity $(right_fingers) {transformation: [-0.5513f,-0.4993f,-0.6684f,-1.8511f,-0.3169f,0.8664f,-0.3858f,2.0718f,0.7718f,-0.0009f,-0.6359f,0.7067f,0f,0f,0f,1f],start_interpolation: 0,interpolation_duration: 1}
$data merge entity $(scout) {transformation: [0f,0f,0f,-1.8065f,0f,0f,0f,2.0586f,0f,0f,0f,0.5002f,0f,0f,0f,1f],start_interpolation: 0,interpolation_duration: 1}
$data merge entity $(right_hand) {transformation: [-0.7097f,-0.2226f,-0.6684f,-2.0138f,0.075f,0.9195f,-0.3858f,2.6192f,0.7005f,-0.324f,-0.6359f,0.4761f,0f,0f,0f,1f],start_interpolation: 0,interpolation_duration: 1}
$data merge entity $(right_forearm) {transformation: [-1.2766f,-0.0954f,0.5082f,-2.0859f,-0.301f,1.2378f,-0.5238f,4.4767f,-0.4204f,-0.5966f,-1.1681f,-0.4473f,0f,0f,0f,1f],start_interpolation: 0,interpolation_duration: 1}
$data merge entity $(right_shoulder) {transformation: [-1.2756f,0.7037f,-0.166f,-0.9655f,0.5219f,1.1291f,0.7764f,5.7231f,0.5004f,0.6163f,-1.2327f,0.2429f,0f,0f,0f,1f],start_interpolation: 0,interpolation_duration: 1}
$data merge entity $(right_arm) {transformation: [-0.9473f,-0.017f,-0.32f,-0.4389f,-0.066f,0.9875f,0.1428f,6.0476f,0.3135f,0.1564f,-0.9366f,0.1034f,0f,0f,0f,1f],start_interpolation: 0,interpolation_duration: 1}
$data merge entity $(left_thumb_2) {transformation: [-0.0596f,0.2575f,0.9644f,1.4442f,-0.6258f,0.7431f,-0.2371f,2.9996f,-0.7777f,-0.6176f,0.1168f,1.4071f,0f,0f,0f,1f],start_interpolation: 0,interpolation_duration: 1}
$data merge entity $(left_thumb) {transformation: [-0.0596f,0.7591f,0.6482f,1.6881f,-0.6258f,0.4775f,-0.6168f,3.2547f,-0.7777f,-0.4424f,0.4465f,1.3737f,0f,0f,0f,1f],start_interpolation: 0,interpolation_duration: 1}
$data merge entity $(left_fingers2) {transformation: [0.3629f,0.2668f,0.8928f,1.4346f,0.5627f,0.7009f,-0.4382f,2.6886f,-0.7427f,0.6615f,0.1043f,1.938f,0f,0f,0f,1f],start_interpolation: 0,interpolation_duration: 1}
$data merge entity $(left_fingers) {transformation: [-0.0578f,0.4467f,0.8928f,1.5701f,-0.3411f,0.8317f,-0.4382f,2.932f,-0.9383f,-0.3298f,0.1043f,1.8712f,0f,0f,0f,1f],start_interpolation: 0,interpolation_duration: 1}
$data merge entity $(left_hand) {transformation: [-0.2395f,0.3815f,0.8928f,1.8426f,-0.6579f,0.6125f,-0.4382f,3.2855f,-0.714f,-0.6924f,0.1043f,1.447f,0f,0f,0f,1f],start_interpolation: 0,interpolation_duration: 1}
$data merge entity $(left_forearm) {transformation: [-1.254f,0.1456f,-0.5508f,1.9897f,0.5388f,0.7364f,-1.0318f,4.3794f,0.1854f,-1.1548f,-0.7274f,-0.3109f,0f,0f,0f,1f],start_interpolation: 0,interpolation_duration: 1}
$data merge entity $(left_shoulder) {transformation: [-1.3068f,-0.6389f,0.1841f,0.9414f,-0.6432f,1.3176f,0.0076f,5.8559f,-0.1687f,-0.074f,-1.4546f,-0.3883f,0f,0f,0f,1f],start_interpolation: 0,interpolation_duration: 1}
$data merge entity $(left_arm) {transformation: [-0.9473f,-0.017f,-0.32f,0.3995f,-0.066f,0.9875f,0.1428f,6.106f,0.3135f,0.1564f,-0.9366f,-0.1741f,0f,0f,0f,1f],start_interpolation: 0,interpolation_duration: 1}
$data merge entity $(chest) {transformation: [-1.2111f,-0.0218f,-0.4091f,0f,-0.0844f,1.2626f,0.1826f,4.2982f,0.4009f,0.2f,-1.1975f,-0.3502f,0f,0f,0f,1f],start_interpolation: 0,interpolation_duration: 1}
$data merge entity $(left_cheek) {transformation: [-0.9471f,-0.2115f,-0.2412f,0.3172f,-0.1242f,0.935f,-0.3323f,3.3853f,0.2958f,-0.2848f,-0.9118f,-1.0435f,0f,0f,0f,1f],start_interpolation: 0,interpolation_duration: 1}
$data merge entity $(left_foot) {transformation: [-0.8407f,0.0198f,-0.5815f,0.9543f,0.0167f,1.0222f,0.0106f,-4.5324f,0.5815f,-0.0008f,-0.8409f,-0.9123f,0f,0f,0f,1f],start_interpolation: 0,interpolation_duration: 1}
$data merge entity $(left_knee) {transformation: [-2.6943f,0.1025f,-1.408f,1.1159f,-0.2182f,2.967f,0.6336f,-0.3938f,1.3948f,0.6622f,-2.6208f,-0.1431f,0f,0f,0f,1f],start_interpolation: 0,interpolation_duration: 1}
$data merge entity $(left_leg) {transformation: [-1.5217f,-0.2327f,-0.7626f,0.7021f,-0.1232f,1.6921f,-0.2705f,2.3197f,0.7877f,-0.1849f,-1.5155f,-0.3621f,0f,0f,0f,1f],start_interpolation: 0,interpolation_duration: 1}
$data merge entity $(right_cheek) {transformation: [-0.9929f,0.0642f,-0.0998f,-0.449f,0.0888f,0.9601f,-0.2651f,3.3418f,0.0788f,-0.272f,-0.9591f,-0.8355f,0f,0f,0f,1f],start_interpolation: 0,interpolation_duration: 1}
$data merge entity $(right_foot) {transformation: [-1.0173f,0.0149f,0.1008f,-0.9281f,0.0773f,0.7721f,0.6657f,-3.9891f,-0.0664f,0.67f,-0.7694f,-0.0538f,0f,0f,0f,1f],start_interpolation: 0,interpolation_duration: 1}
$data merge entity $(right_knee) {transformation: [-3.0389f,0.126f,0.0341f,-0.8395f,0.1299f,2.843f,1.0737f,-0.0067f,0.0126f,1.0742f,-2.8457f,1.3168f,0f,0f,0f,1f],start_interpolation: 0,interpolation_duration: 1}
$data merge entity $(right_leg) {transformation: [-1.7164f,0.0549f,-0.047f,-0.6789f,0.0716f,1.4417f,-0.9315f,2.3273f,0.0097f,-0.9327f,-1.4427f,-0.1355f,0f,0f,0f,1f],start_interpolation: 0,interpolation_duration: 1}
$data merge entity $(weist) {transformation: [-1.6009f,0.0073f,-0.2627f,0f,0.0088f,1.6223f,-0.0088f,3.9735f,0.2627f,-0.0101f,-1.6009f,-0.3751f,0f,0f,0f,1f],start_interpolation: 0,interpolation_duration: 1}
data modify storage animated_java:temp entry.data merge value {"locators":{"consume":{"px":-1.7103822227,"py":1.9246225619,"pz":0.5410325665,"ry":313.5741790762,"rx":-22.6948721925}}}
# Data Manager: Prepare for Read / Write
execute store result storage animated_java:temp args.id int 1 run scoreboard players get @s aj.id
# Data Manager: Write
function animated_java:global/data_manager/write with storage animated_java:temp args