# This file was generated by Animated Java via MC-Build. It is not recommended to edit this file directly.
$data merge entity $(neck) {transformation: [-0.9974f,0.0667f,-0.0271f,0.0735f,0.0333f,0.7618f,0.6469f,6.46f,0.0638f,0.6443f,-0.7621f,-0.3383f,0f,0f,0f,1f],start_interpolation: 0,interpolation_duration: 1}
$data merge entity $(right_thumb_2) {transformation: [-0.9149f,0.3559f,-0.1904f,-2.9513f,0.3251f,0.9294f,0.1748f,4.0687f,0.2392f,0.098f,-0.966f,-1.2723f,0f,0f,0f,1f],start_interpolation: 0,interpolation_duration: 1}
$data merge entity $(right_thumb) {transformation: [-0.9149f,-0.0332f,-0.4023f,-3.0919f,0.3251f,0.5301f,-0.7832f,4.2984f,0.2392f,-0.8473f,-0.4742f,-1.5027f,0f,0f,0f,1f],start_interpolation: 0,interpolation_duration: 1}
$data merge entity $(right_fingers2) {transformation: [0.9566f,0.2769f,-0.0907f,-3.0118f,0.1956f,-0.8409f,-0.5046f,3.7348f,-0.216f,0.465f,-0.8586f,-1.2738f,0f,0f,0f,1f],start_interpolation: 0,interpolation_duration: 1}
$data merge entity $(right_fingers) {transformation: [-0.2247f,-0.9702f,-0.0907f,-3.2952f,-0.8295f,0.2393f,-0.5046f,3.7759f,0.5113f,-0.0382f,-0.8586f,-1.2765f,0f,0f,0f,1f],start_interpolation: 0,interpolation_duration: 1}
$data merge entity $(scout) {transformation: [0f,0f,0f,-3.1239f,0f,0f,0f,3.7305f,0f,0f,0f,-1.3921f,0f,0f,0f,1f],start_interpolation: 0,interpolation_duration: 1}
$data merge entity $(right_hand) {transformation: [-0.9859f,0.1403f,-0.0907f,-3.2081f,0.1669f,0.8471f,-0.5046f,4.273f,0.006f,-0.5127f,-0.8586f,-1.6294f,0f,0f,0f,1f],start_interpolation: 0,interpolation_duration: 1}
$data merge entity $(right_forearm) {transformation: [-0.5646f,0.8158f,0.9554f,-1.9213f,0.1717f,1.0877f,-0.8274f,5.8739f,-1.2445f,-0.2201f,-0.5476f,-1.929f,0f,0f,0f,1f],start_interpolation: 0,interpolation_duration: 1}
$data merge entity $(right_shoulder) {transformation: [-1.1205f,0.6484f,0.6884f,-0.927f,0.8963f,0.3878f,1.0936f,6.1308f,0.3016f,1.2566f,-0.6927f,-0.4354f,0f,0f,0f,1f],start_interpolation: 0,interpolation_duration: 1}
$data merge entity $(right_arm) {transformation: [-0.9979f,-0.0015f,-0.0646f,-0.3653f,-0.0396f,0.8046f,0.5925f,6.3912f,0.0511f,0.5938f,-0.803f,-0.299f,0f,0f,0f,1f],start_interpolation: 0,interpolation_duration: 1}
$data merge entity $(left_thumb_2) {transformation: [-0.8605f,-0.3885f,0.3296f,3.308f,-0.4387f,0.894f,-0.0916f,4.0477f,-0.259f,-0.2234f,-0.9397f,-0.354f,0f,0f,0f,1f],start_interpolation: 0,interpolation_duration: 1}
$data merge entity $(left_thumb) {transformation: [-0.8605f,0.1478f,0.4875f,3.4763f,-0.4387f,0.2715f,-0.8566f,4.2122f,-0.259f,-0.951f,-0.1688f,-0.6192f,0f,0f,0f,1f],start_interpolation: 0,interpolation_duration: 1}
$data merge entity $(left_fingers2) {transformation: [0.9175f,-0.3238f,0.2309f,3.3759f,-0.0637f,-0.6926f,-0.7185f,3.7316f,0.3926f,0.6445f,-0.6561f,-0.2511f,0f,0f,0f,1f],start_interpolation: 0,interpolation_duration: 1}
$data merge entity $(left_fingers) {transformation: [-0.1647f,0.9589f,0.2309f,3.6555f,0.6357f,0.2822f,-0.7185f,3.7888f,-0.7541f,0.0284f,-0.6561f,-0.2266f,0f,0f,0f,1f],start_interpolation: 0,interpolation_duration: 1}
$data merge entity $(left_hand) {transformation: [-0.9696f,-0.0815f,0.2309f,3.6108f,-0.2264f,0.6577f,-0.7185f,4.1599f,-0.0933f,-0.7489f,-0.6561f,-0.716f,0f,0f,0f,1f],start_interpolation: 0,interpolation_duration: 1}
$data merge entity $(left_forearm) {transformation: [-0.7412f,-0.7986f,-0.8426f,2.3466f,0.1502f,0.9253f,-1.0092f,5.5229f,1.1511f,-0.635f,-0.4108f,-1.6393f,0f,0f,0f,1f],start_interpolation: 0,interpolation_duration: 1}
$data merge entity $(left_shoulder) {transformation: [-1.0541f,-0.8769f,-0.5194f,1.0817f,-1.0009f,0.7496f,0.7655f,6.2104f,-0.1923f,0.9049f,-1.1375f,-0.5382f,0f,0f,0f,1f],start_interpolation: 0,interpolation_duration: 1}
$data merge entity $(left_arm) {transformation: [-0.9979f,-0.0015f,-0.0646f,0.518f,-0.0396f,0.8046f,0.5925f,6.4262f,0.0511f,0.5938f,-0.803f,-0.3442f,0f,0f,0f,1f],start_interpolation: 0,interpolation_duration: 1}
$data merge entity $(chest) {transformation: [-1.2759f,-0.002f,-0.0826f,0.0769f,-0.0506f,1.0288f,0.7575f,4.976f,0.0653f,0.7592f,-1.0267f,-1.4217f,0f,0f,0f,1f],start_interpolation: 0,interpolation_duration: 1}
$data merge entity $(left_cheek) {transformation: [-0.9284f,-0.1537f,-0.3382f,0.3758f,-0.1305f,0.9873f,-0.0906f,4.0279f,0.3478f,-0.04f,-0.9367f,-2.5123f,0f,0f,0f,1f],start_interpolation: 0,interpolation_duration: 1}
$data merge entity $(left_foot) {transformation: [-0.8424f,-0.0513f,-0.577f,0.8523f,-0.1941f,0.9845f,0.1958f,-3.5146f,0.5458f,0.2709f,-0.821f,-4.1415f,0f,0f,0f,1f],start_interpolation: 0,interpolation_duration: 1}
$data merge entity $(left_knee) {transformation: [-2.7094f,0.1671f,-1.3723f,1.1052f,-0.4399f,2.7583f,1.2045f,0.3647f,1.3106f,1.2713f,-2.4328f,-2.5191f,0f,0f,0f,1f],start_interpolation: 0,interpolation_duration: 1}
$data merge entity $(left_leg) {transformation: [-1.5303f,-0.203f,-0.7539f,0.7384f,-0.2485f,1.6993f,0.0467f,3.0753f,0.7402f,0.1506f,-1.543f,-2.2018f,0f,0f,0f,1f],start_interpolation: 0,interpolation_duration: 1}
$data merge entity $(right_cheek) {transformation: [-0.9958f,0.0906f,0.0136f,-0.4039f,0.0887f,0.9904f,-0.1063f,4.1076f,-0.0231f,-0.1047f,-0.9942f,-2.361f,0f,0f,0f,1f],start_interpolation: 0,interpolation_duration: 1}
$data merge entity $(right_foot) {transformation: [-1.0157f,0.0546f,0.103f,-1.0871f,0.0545f,1.0209f,-0.0044f,-3.7309f,-0.1031f,0.0011f,-1.0172f,-0.8626f,0f,0f,0f,1f],start_interpolation: 0,interpolation_duration: 1}
$data merge entity $(right_knee) {transformation: [-3.0218f,0.1502f,0.314f,-0.9531f,0.1592f,3.0365f,0.0797f,0.4795f,-0.3096f,0.0957f,-3.0244f,-0.8628f,0f,0f,0f,1f],start_interpolation: 0,interpolation_duration: 1}
$data merge entity $(right_leg) {transformation: [-1.7066f,0.155f,0.1213f,-0.6374f,0.089f,1.5524f,-0.7304f,2.9843f,-0.1755f,-0.7193f,-1.5502f,-1.9625f,0f,0f,0f,1f],start_interpolation: 0,interpolation_duration: 1}
$data merge entity $(weist) {transformation: [-1.5949f,-0.0286f,-0.2955f,0f,-0.1056f,1.5639f,0.4185f,4.6513f,0.2775f,0.4307f,-1.5393f,-1.7555f,0f,0f,0f,1f],start_interpolation: 0,interpolation_duration: 1}
data modify storage animated_java:temp entry.data merge value {"locators":{"consume":{"px":-3.0935047965,"py":3.6079432181,"pz":-1.2784203774,"ry":353.9713282298,"rx":-30.3051340032}}}
# Data Manager: Prepare for Read / Write
execute store result storage animated_java:temp args.id int 1 run scoreboard players get @s aj.id
# Data Manager: Write
function animated_java:global/data_manager/write with storage animated_java:temp args