# This file was generated by Animated Java via MC-Build. It is not recommended to edit this file directly.
$data merge entity $(neck) {transformation: [-0.9976f,0.0637f,-0.0271f,0.0758f,0.0346f,0.7974f,0.6024f,6.3981f,0.0599f,0.6f,-0.7977f,-0.3263f,0f,0f,0f,1f],start_interpolation: 0,interpolation_duration: 1}
$data merge entity $(right_thumb_2) {transformation: [-0.908f,0.3539f,-0.2243f,-2.9486f,0.3526f,0.9346f,0.0473f,4.0479f,0.2264f,-0.0362f,-0.9734f,-1.0553f,0f,0f,0f,1f],start_interpolation: 0,interpolation_duration: 1}
$data merge entity $(right_thumb) {transformation: [-0.908f,-0.0549f,-0.4154f,-3.095f,0.3526f,0.4355f,-0.8282f,4.252f,0.2264f,-0.8985f,-0.3761f,-1.3055f,0f,0f,0f,1f],start_interpolation: 0,interpolation_duration: 1}
$data merge entity $(right_fingers2) {transformation: [0.9845f,0.1342f,-0.1133f,-3.0214f,0.0402f,-0.8003f,-0.5983f,3.6996f,-0.171f,0.5844f,-0.7932f,-1.001f,0f,0f,0f,1f],start_interpolation: 0,interpolation_duration: 1}
$data merge entity $(right_fingers) {transformation: [-0.3013f,-0.9468f,-0.1133f,-3.3005f,-0.7401f,0.3071f,-0.5983f,3.7619f,0.6013f,-0.0964f,-0.7932f,-1.0173f,0f,0f,0f,1f],start_interpolation: 0,interpolation_duration: 1}
$data merge entity $(scout) {transformation: [0f,0f,0f,-3.1319f,0f,0f,0f,3.701f,0f,0f,0f,-1.1299f,0f,0f,0f,1f],start_interpolation: 0,interpolation_duration: 1}
$data merge entity $(right_hand) {transformation: [-0.9835f,0.141f,-0.1133f,-3.214f,0.1809f,0.7806f,-0.5983f,4.2139f,0.0041f,-0.6089f,-0.7932f,-1.4264f,0f,0f,0f,1f],start_interpolation: 0,interpolation_duration: 1}
$data merge entity $(right_forearm) {transformation: [-0.5866f,0.8247f,0.9343f,-1.9135f,0.0332f,1.0426f,-0.8995f,5.7499f,-1.2458f,-0.3605f,-0.4639f,-1.9344f,0f,0f,0f,1f],start_interpolation: 0,interpolation_duration: 1}
$data merge entity $(right_shoulder) {transformation: [-1.0939f,0.6451f,0.7329f,-0.9301f,0.9534f,0.4683f,1.0108f,6.0961f,0.2106f,1.2306f,-0.7688f,-0.4517f,0f,0f,0f,1f],start_interpolation: 0,interpolation_duration: 1}
$data merge entity $(right_arm) {transformation: [-1f,-0.0005f,-0.0064f,-0.3664f,-0.004f,0.8392f,0.5438f,6.3461f,0.0051f,0.5438f,-0.8392f,-0.3041f,0f,0f,0f,1f],start_interpolation: 0,interpolation_duration: 1}
$data merge entity $(left_thumb_2) {transformation: [-0.8449f,-0.4063f,0.348f,3.4238f,-0.4534f,0.8891f,-0.0625f,3.9626f,-0.284f,-0.2106f,-0.9354f,-0.2826f,0f,0f,0f,1f],start_interpolation: 0,interpolation_duration: 1}
$data merge entity $(left_thumb) {transformation: [-0.8449f,0.1451f,0.5149f,3.5884f,-0.4534f,0.3168f,-0.8331f,4.1435f,-0.284f,-0.9373f,-0.2019f,-0.5392f,0f,0f,0f,1f],start_interpolation: 0,interpolation_duration: 1}
$data merge entity $(left_fingers2) {transformation: [0.9535f,-0.158f,0.2565f,3.5113f,0.0643f,-0.7249f,-0.6858f,3.6317f,0.2943f,0.6705f,-0.6811f,-0.1712f,0f,0f,0f,1f],start_interpolation: 0,interpolation_duration: 1}
$data merge entity $(left_fingers) {transformation: [-0.2666f,0.9291f,0.2565f,3.7854f,0.6271f,0.3693f,-0.6858f,3.7142f,-0.7319f,-0.022f,-0.6811f,-0.1618f,0f,0f,0f,1f],start_interpolation: 0,interpolation_duration: 1}
$data merge entity $(left_hand) {transformation: [-0.9603f,-0.1097f,0.2565f,3.7246f,-0.2608f,0.6794f,-0.6858f,4.0999f,-0.099f,-0.7255f,-0.6811f,-0.638f,0f,0f,0f,1f],start_interpolation: 0,interpolation_duration: 1}
$data merge entity $(left_forearm) {transformation: [-0.7426f,-0.8362f,-0.804f,2.4051f,0.0813f,0.9148f,-1.0265f,5.4435f,1.1572f,-0.6009f,-0.4438f,-1.5109f,0f,0f,0f,1f],start_interpolation: 0,interpolation_duration: 1}
$data merge entity $(left_shoulder) {transformation: [-1.0243f,-0.9281f,-0.4891f,1.0828f,-1.0227f,0.7308f,0.7548f,6.1041f,-0.234f,0.8685f,-1.1579f,-0.462f,0f,0f,0f,1f],start_interpolation: 0,interpolation_duration: 1}
$data merge entity $(left_arm) {transformation: [-1f,-0.0005f,-0.0064f,0.5186f,-0.004f,0.8392f,0.5438f,6.3496f,0.0051f,0.5438f,-0.8392f,-0.3087f,0f,0f,0f,1f],start_interpolation: 0,interpolation_duration: 1}
$data merge entity $(chest) {transformation: [-1.2785f,-0.0007f,-0.0082f,0.0769f,-0.0051f,1.073f,0.6952f,4.851f,0.0065f,0.6953f,-1.073f,-1.3175f,0f,0f,0f,1f],start_interpolation: 0,interpolation_duration: 1}
$data merge entity $(left_cheek) {transformation: [-0.9275f,-0.1807f,-0.3272f,0.315f,-0.1468f,0.9811f,-0.1258f,3.888f,0.3438f,-0.0686f,-0.9365f,-2.3638f,0f,0f,0f,1f],start_interpolation: 0,interpolation_duration: 1}
$data merge entity $(left_foot) {transformation: [-0.8417f,-0.0709f,-0.576f,0.8996f,-0.2096f,0.9833f,0.1853f,-3.6297f,0.5412f,0.2706f,-0.8241f,-3.9754f,0f,0f,0f,1f],start_interpolation: 0,interpolation_duration: 1}
$data merge entity $(left_knee) {transformation: [-2.7077f,0.1596f,-1.3766f,1.142f,-0.4791f,2.7273f,1.2587f,0.2102f,1.3004f,1.3373f,-2.4027f,-2.2602f,0f,0f,0f,1f],start_interpolation: 0,interpolation_duration: 1}
$data merge entity $(left_leg) {transformation: [-1.5293f,-0.2514f,-0.7412f,0.6973f,-0.2706f,1.6964f,-0.017f,2.9173f,0.7344f,0.1016f,-1.5497f,-2.0214f,0f,0f,0f,1f],start_interpolation: 0,interpolation_duration: 1}
$data merge entity $(right_cheek) {transformation: [-0.9963f,0.0801f,0.031f,-0.4546f,0.0761f,0.9906f,-0.1141f,3.9934f,-0.0398f,-0.1113f,-0.993f,-2.1859f,0f,0f,0f,1f],start_interpolation: 0,interpolation_duration: 1}
$data merge entity $(right_foot) {transformation: [-1.0146f,0.0421f,0.1188f,-1.0752f,0.0435f,1.0214f,0.0096f,-3.8404f,-0.1183f,0.0146f,-1.0154f,-0.7217f,0f,0f,0f,1f],start_interpolation: 0,interpolation_duration: 1}
$data merge entity $(right_knee) {transformation: [-3.0186f,0.1185f,0.3551f,-0.9833f,0.1335f,3.0364f,0.1212f,0.3708f,-0.3498f,0.1358f,-3.0185f,-0.6672f,0f,0f,0f,1f],start_interpolation: 0,interpolation_duration: 1}
$data merge entity $(right_leg) {transformation: [-1.7046f,0.1475f,0.1553f,-0.6807f,0.0665f,1.5484f,-0.7412f,2.8705f,-0.2036f,-0.7294f,-1.5421f,-1.782f,0f,0f,0f,1f],start_interpolation: 0,interpolation_duration: 1}
$data merge entity $(weist) {transformation: [-1.5975f,0.012f,-0.2825f,0f,-0.0542f,1.5778f,0.3735f,4.5263f,0.2775f,0.3772f,-1.5533f,-1.6305f,0f,0f,0f,1f],start_interpolation: 0,interpolation_duration: 1}
data modify storage animated_java:temp entry.data merge value {"locators":{"consume":{"px":-3.1009488565,"py":3.5918577515,"pz":-1.0034351051,"ry":351.8701921051,"rx":-36.7487543956}}}
# Data Manager: Prepare for Read / Write
execute store result storage animated_java:temp args.id int 1 run scoreboard players get @s aj.id
# Data Manager: Write
function animated_java:global/data_manager/write with storage animated_java:temp args