# This file was generated by Animated Java via MC-Build. It is not recommended to edit this file directly.
$data merge entity $(neck) {transformation: [-0.9794f,0.1308f,-0.1538f,-0.0036f,0.0619f,0.9198f,0.3876f,6.1869f,0.1922f,0.3701f,-0.9089f,-0.1196f,0f,0f,0f,1f],start_interpolation: 0,interpolation_duration: 1}
$data merge entity $(right_thumb_2) {transformation: [-0.5698f,-0.27f,-0.7762f,-1.7292f,-0.1004f,0.9603f,-0.2603f,2.7192f,0.8156f,-0.0704f,-0.5743f,0.4766f,0f,0f,0f,1f],start_interpolation: 0,interpolation_duration: 1}
$data merge entity $(right_thumb) {transformation: [-0.5698f,-0.67f,-0.4758f,-2.0226f,-0.1004f,0.6314f,-0.769f,2.9183f,0.8156f,-0.3904f,-0.4271f,0.4779f,0f,0f,0f,1f],start_interpolation: 0,interpolation_duration: 1}
$data merge entity $(right_fingers2) {transformation: [-0.0518f,-0.8122f,-0.5811f,-1.8528f,-0.8416f,0.3488f,-0.4124f,2.1025f,0.5377f,0.4677f,-0.7016f,0.7021f,0f,0f,0f,1f],start_interpolation: 0,interpolation_duration: 1}
$data merge entity $(right_fingers) {transformation: [-0.6871f,-0.4362f,-0.5811f,-2.0007f,-0.2134f,0.8856f,-0.4124f,2.3458f,0.6945f,-0.1594f,-0.7016f,0.6711f,0f,0f,0f,1f],start_interpolation: 0,interpolation_duration: 1}
$data merge entity $(scout) {transformation: [0f,0f,0f,-1.9391f,0f,0f,0f,2.3449f,0f,0f,0f,0.4686f,0f,0f,0f,1f],start_interpolation: 0,interpolation_duration: 1}
$data merge entity $(right_hand) {transformation: [-0.7664f,-0.2738f,-0.5811f,-2.1908f,-0.0127f,0.9109f,-0.4124f,2.8871f,0.6423f,-0.3087f,-0.7016f,0.4473f,0f,0f,0f,1f],start_interpolation: 0,interpolation_duration: 1}
$data merge entity $(right_forearm) {transformation: [-1.2342f,-0.0328f,0.6105f,-2.1666f,-0.3089f,1.2203f,-0.5591f,4.7173f,-0.5276f,-0.6379f,-1.1008f,-0.5315f,0f,0f,0f,1f],start_interpolation: 0,interpolation_duration: 1}
$data merge entity $(right_shoulder) {transformation: [-1.2048f,0.8252f,-0.1313f,-0.9134f,0.5794f,0.9911f,0.912f,5.7796f,0.6021f,0.6976f,-1.1405f,0.2343f,0f,0f,0f,1f],start_interpolation: 0,interpolation_duration: 1}
$data merge entity $(right_arm) {transformation: [-0.9239f,0f,-0.3827f,-0.3956f,-0.0828f,0.9763f,0.2f,6.1108f,0.3736f,0.2164f,-0.902f,0.0787f,0f,0f,0f,1f],start_interpolation: 0,interpolation_duration: 1}
$data merge entity $(left_thumb_2) {transformation: [0.0555f,0.3074f,0.95f,1.5015f,-0.8654f,0.4894f,-0.1078f,3.5763f,-0.498f,-0.8161f,0.2931f,1.4494f,0f,0f,0f,1f],start_interpolation: 0,interpolation_duration: 1}
$data merge entity $(left_thumb) {transformation: [0.0555f,0.8013f,0.5957f,1.7426f,-0.8654f,0.3362f,-0.3716f,3.818f,-0.498f,-0.4949f,0.7121f,1.354f,0f,0f,0f,1f],start_interpolation: 0,interpolation_duration: 1}
$data merge entity $(left_fingers2) {transformation: [0.3334f,0.3728f,0.866f,1.4279f,-0.0763f,0.9262f,-0.3693f,3.555f,-0.9397f,0.057f,0.3373f,2.1132f,0f,0f,0f,1f],start_interpolation: 0,interpolation_duration: 1}
$data merge entity $(left_fingers) {transformation: [-0.1051f,0.4889f,0.866f,1.5765f,-0.7937f,0.4834f,-0.3693f,3.7124f,-0.5992f,-0.7261f,0.3373f,1.9257f,0f,0f,0f,1f],start_interpolation: 0,interpolation_duration: 1}
$data merge entity $(left_hand) {transformation: [-0.2104f,0.4537f,0.866f,1.8924f,-0.8808f,0.2964f,-0.3693f,3.8737f,-0.4242f,-0.8404f,0.3373f,1.4223f,0f,0f,0f,1f],start_interpolation: 0,interpolation_duration: 1}
$data merge entity $(left_forearm) {transformation: [-1.2158f,0.2195f,-0.609f,2.1503f,0.6463f,0.4857f,-1.1151f,4.5914f,0.037f,-1.2701f,-0.5317f,-0.5082f,0f,0f,0f,1f],start_interpolation: 0,interpolation_duration: 1}
$data merge entity $(left_shoulder) {transformation: [-1.2381f,-0.7804f,0.0895f,0.9463f,-0.7809f,1.2409f,0.0181f,5.9463f,-0.0854f,-0.0323f,-1.4634f,-0.5178f,0f,0f,0f,1f],start_interpolation: 0,interpolation_duration: 1}
$data merge entity $(left_arm) {transformation: [-0.9239f,0f,-0.3827f,0.4221f,-0.0828f,0.9763f,0.2f,6.1841f,0.3736f,0.2164f,-0.902f,-0.252f,0f,0f,0f,1f],start_interpolation: 0,interpolation_duration: 1}
$data merge entity $(chest) {transformation: [-1.1812f,0f,-0.4893f,0f,-0.1059f,1.2482f,0.2557f,4.3912f,0.4777f,0.2767f,-1.1532f,-0.5088f,0f,0f,0f,1f],start_interpolation: 0,interpolation_duration: 1}
$data merge entity $(left_cheek) {transformation: [-0.9298f,-0.2528f,-0.2674f,0.2868f,-0.1563f,0.9292f,-0.3349f,3.4364f,0.3331f,-0.2696f,-0.9035f,-1.2354f,0f,0f,0f,1f],start_interpolation: 0,interpolation_duration: 1}
$data merge entity $(left_foot) {transformation: [-0.8108f,0.0095f,-0.6227f,1.1469f,0.0027f,1.0223f,0.0121f,-4.3524f,0.6227f,0.008f,-0.8108f,-1.1647f,0f,0f,0f,1f],start_interpolation: 0,interpolation_duration: 1}
$data merge entity $(left_knee) {transformation: [-2.6195f,0.1066f,-1.5424f,1.3065f,-0.3128f,2.9352f,0.734f,-0.251f,1.5141f,0.7907f,-2.5168f,-0.2168f,0f,0f,0f,1f],start_interpolation: 0,interpolation_duration: 1}
$data merge entity $(left_leg) {transformation: [-1.4795f,-0.3488f,-0.8005f,0.7095f,-0.1767f,1.6619f,-0.3978f,2.4158f,0.8551f,-0.2602f,-1.4671f,-0.5551f,0f,0f,0f,1f],start_interpolation: 0,interpolation_duration: 1}
$data merge entity $(right_cheek) {transformation: [-0.9899f,0.0853f,-0.1133f,-0.429f,0.1155f,0.9484f,-0.2952f,3.4371f,0.0822f,-0.3053f,-0.9487f,-1.0142f,0f,0f,0f,1f],start_interpolation: 0,interpolation_duration: 1}
$data merge entity $(right_foot) {transformation: [-1.0159f,0.0223f,0.1131f,-1.0026f,0.1055f,0.5846f,0.8321f,-3.4343f,-0.0465f,0.8384f,-0.5832f,-0.4632f,0f,0f,0f,1f],start_interpolation: 0,interpolation_duration: 1}
$data merge entity $(right_knee) {transformation: [-3.0358f,0.1827f,0.0524f,-0.8348f,0.1853f,2.6595f,1.4646f,0.3117f,0.0421f,1.4649f,-2.6654f,1.4564f,0f,0f,0f,1f],start_interpolation: 0,interpolation_duration: 1}
$data merge entity $(right_leg) {transformation: [-1.7148f,0.0576f,-0.0876f,-0.6687f,0.1009f,1.2954f,-1.1238f,2.4158f,0.0284f,-1.1269f,-1.2964f,-0.3121f,0f,0f,0f,1f],start_interpolation: 0,interpolation_duration: 1}
$data merge entity $(weist) {transformation: [-1.5977f,0f,-0.2817f,0f,0f,1.6223f,0f,4.0665f,0.2817f,0f,-1.5977f,-0.5494f,0f,0f,0f,1f],start_interpolation: 0,interpolation_duration: 1}
data modify storage animated_java:temp entry.data merge value {"locators":{"consume":{"px":-1.8354492785,"py":2.2176609157,"pz":0.5124548406,"ry":320.3653376101,"rx":-24.35818168}}}
# Data Manager: Prepare for Read / Write
execute store result storage animated_java:temp args.id int 1 run scoreboard players get @s aj.id
# Data Manager: Write
function animated_java:global/data_manager/write with storage animated_java:temp args
execute unless entity @s[tag=aj.transforms_only] at @s run function animated_java:female/animations/roar/zzz/frames/4_root_function