# This file was generated by Animated Java via MC-Build. It is not recommended to edit this file directly.
$data merge entity $(neck) {transformation: [-0.9973f,0.0687f,-0.0271f,0.0751f,0.0339f,0.7517f,0.6586f,6.4766f,0.0656f,0.6559f,-0.752f,-0.3428f,0f,0f,0f,1f],start_interpolation: 0,interpolation_duration: 1}
$data merge entity $(right_thumb_2) {transformation: [-0.9053f,0.3916f,-0.1643f,-2.917f,0.3574f,0.9115f,0.2033f,4.3323f,0.2294f,0.1254f,-0.9652f,-1.4442f,0f,0f,0f,1f],start_interpolation: 0,interpolation_duration: 1}
$data merge entity $(right_thumb) {transformation: [-0.9053f,0.0021f,-0.4247f,-3.0445f,0.3574f,0.5439f,-0.7592f,4.571f,0.2294f,-0.8391f,-0.4932f,-1.6732f,0f,0f,0f,1f],start_interpolation: 0,interpolation_duration: 1}
$data merge entity $(right_fingers2) {transformation: [0.9558f,0.2781f,-0.0959f,-2.9873f,0.1989f,-0.851f,-0.486f,4.0064f,-0.2168f,0.4455f,-0.8687f,-1.4563f,0f,0f,0f,1f],start_interpolation: 0,interpolation_duration: 1}
$data merge entity $(right_fingers) {transformation: [-0.2409f,-0.9658f,-0.0959f,-3.27f,-0.8354f,0.2567f,-0.486f,4.0524f,0.494f,-0.037f,-0.8687f,-1.4593f,0f,0f,0f,1f],start_interpolation: 0,interpolation_duration: 1}
$data merge entity $(scout) {transformation: [0f,0f,0f,-3.0986f,0f,0f,0f,4.0028f,0f,0f,0f,-1.5732f,0f,0f,0f,1f],start_interpolation: 0,interpolation_duration: 1}
$data merge entity $(right_hand) {transformation: [-0.9793f,0.1785f,-0.0959f,-3.1597f,0.2026f,0.8501f,-0.486f,4.5521f,-0.0053f,-0.4954f,-0.8687f,-1.802f,0f,0f,0f,1f],start_interpolation: 0,interpolation_duration: 1}
$data merge entity $(right_forearm) {transformation: [-0.5333f,0.8584f,0.9358f,-1.8107f,0.2419f,1.0651f,-0.8391f,6.1155f,-1.2467f,-0.1605f,-0.5632f,-2.0124f,0f,0f,0f,1f],start_interpolation: 0,interpolation_duration: 1}
$data merge entity $(right_shoulder) {transformation: [-1.0751f,0.5714f,0.8171f,-0.9237f,0.9461f,0.2056f,1.1011f,6.14f,0.3145f,1.3346f,-0.5194f,-0.4319f,0f,0f,0f,1f],start_interpolation: 0,interpolation_duration: 1}
$data merge entity $(right_arm) {transformation: [-0.9967f,-0.0005f,-0.0807f,-0.3624f,-0.0494f,0.7947f,0.605f,6.4032f,0.0638f,0.607f,-0.7921f,-0.2987f,0f,0f,0f,1f],start_interpolation: 0,interpolation_duration: 1}
$data merge entity $(left_thumb_2) {transformation: [-0.8523f,-0.4377f,0.2862f,3.3956f,-0.4679f,0.8827f,-0.0436f,4.1994f,-0.2336f,-0.171f,-0.9572f,-0.598f,0f,0f,0f,1f],start_interpolation: 0,interpolation_duration: 1}
$data merge entity $(left_thumb) {transformation: [-0.8523f,0.092f,0.5148f,3.5443f,-0.4679f,0.3055f,-0.8293f,4.3788f,-0.2336f,-0.9477f,-0.2173f,-0.8652f,0f,0f,0f,1f],start_interpolation: 0,interpolation_duration: 1}
$data merge entity $(left_fingers2) {transformation: [0.9241f,-0.305f,0.2303f,3.4787f,-0.0675f,-0.7234f,-0.6871f,3.8874f,0.3762f,0.6194f,-0.689f,-0.514f,0f,0f,0f,1f],start_interpolation: 0,interpolation_duration: 1}
$data merge entity $(left_fingers) {transformation: [-0.2018f,0.952f,0.2303f,3.7573f,0.659f,0.3059f,-0.6871f,3.9509f,-0.7246f,0.0131f,-0.689f,-0.4949f,0f,0f,0f,1f],start_interpolation: 0,interpolation_duration: 1}
$data merge entity $(left_hand) {transformation: [-0.9629f,-0.1403f,0.2303f,3.6765f,-0.2631f,0.6772f,-0.6871f,4.3352f,-0.0595f,-0.7223f,-0.689f,-0.9693f,0f,0f,0f,1f],start_interpolation: 0,interpolation_duration: 1}
$data merge entity $(left_forearm) {transformation: [-0.6962f,-0.8648f,-0.8152f,2.3155f,0.0584f,0.9187f,-1.0245f,5.6839f,1.187f,-0.5524f,-0.4277f,-1.7674f,0f,0f,0f,1f],start_interpolation: 0,interpolation_duration: 1}
$data merge entity $(left_shoulder) {transformation: [-1.0143f,-0.8597f,-0.618f,1.0827f,-1.04f,0.6489f,0.8045f,6.2395f,-0.1982f,0.9949f,-1.0587f,-0.5603f,0f,0f,0f,1f],start_interpolation: 0,interpolation_duration: 1}
$data merge entity $(left_arm) {transformation: [-0.9967f,-0.0005f,-0.0807f,0.5198f,-0.0494f,0.7947f,0.605f,6.4469f,0.0638f,0.607f,-0.7921f,-0.3552f,0f,0f,0f,1f],start_interpolation: 0,interpolation_duration: 1}
$data merge entity $(chest) {transformation: [-1.2744f,-0.0007f,-0.1032f,0.0769f,-0.0632f,1.0161f,0.7735f,5.0108f,0.0816f,0.7761f,-1.0128f,-1.4506f,0f,0f,0f,1f],start_interpolation: 0,interpolation_duration: 1}
$data merge entity $(left_cheek) {transformation: [-0.9284f,-0.1462f,-0.3415f,0.392f,-0.126f,0.9887f,-0.0809f,4.067f,0.3495f,-0.0321f,-0.9364f,-2.5538f,0f,0f,0f,1f],start_interpolation: 0,interpolation_duration: 1}
$data merge entity $(left_foot) {transformation: [-0.8423f,-0.0458f,-0.5777f,0.8382f,-0.1898f,0.9848f,0.1986f,-3.4812f,0.5475f,0.2708f,-0.8198f,-4.1866f,0f,0f,0f,1f],start_interpolation: 0,interpolation_duration: 1}
$data merge entity $(left_knee) {transformation: [-2.7091f,0.1697f,-1.3727f,1.0947f,-0.429f,2.7667f,1.1888f,0.4089f,1.3149f,1.2524f,-2.4402f,-2.5907f,0f,0f,0f,1f],start_interpolation: 0,interpolation_duration: 1}
$data merge entity $(left_leg) {transformation: [-1.5301f,-0.1895f,-0.7578f,0.7496f,-0.2423f,1.6996f,0.0642f,3.1198f,0.7426f,0.1641f,-1.5404f,-2.2519f,0f,0f,0f,1f],start_interpolation: 0,interpolation_duration: 1}
$data merge entity $(right_cheek) {transformation: [-0.9956f,0.0934f,0.0084f,-0.3901f,0.092f,0.9903f,-0.1042f,4.1399f,-0.0181f,-0.103f,-0.9945f,-2.4098f,0f,0f,0f,1f],start_interpolation: 0,interpolation_duration: 1}
$data merge entity $(right_foot) {transformation: [-1.016f,0.0579f,0.0981f,-1.0887f,0.0574f,1.0207f,-0.0083f,-3.6997f,-0.0984f,-0.0027f,-1.0176f,-0.9009f,0f,0f,0f,1f],start_interpolation: 0,interpolation_duration: 1}
$data merge entity $(right_knee) {transformation: [-3.0226f,0.1583f,0.3012f,-0.944f,0.1659f,3.0364f,0.0682f,0.5103f,-0.2971f,0.0842f,-3.026f,-0.9167f,0f,0f,0f,1f],start_interpolation: 0,interpolation_duration: 1}
$data merge entity $(right_leg) {transformation: [-1.7072f,0.1566f,0.1114f,-0.6254f,0.095f,1.5534f,-0.7274f,3.0164f,-0.167f,-0.7167f,-1.5524f,-2.0125f,0f,0f,0f,1f],start_interpolation: 0,interpolation_duration: 1}
$data merge entity $(weist) {transformation: [-1.5939f,-0.0397f,-0.2996f,0f,-0.1198f,1.5595f,0.4309f,4.686f,0.2774f,0.4454f,-1.5351f,-1.7902f,0f,0f,0f,1f],start_interpolation: 0,interpolation_duration: 1}
data modify storage animated_java:temp entry.data merge value {"locators":{"consume":{"px":-3.0744655522,"py":3.877264309,"pz":-1.4613040309,"ry":353.7015201037,"rx":-29.0803015817}}}
# Data Manager: Prepare for Read / Write
execute store result storage animated_java:temp args.id int 1 run scoreboard players get @s aj.id
# Data Manager: Write
function animated_java:global/data_manager/write with storage animated_java:temp args