# This file was generated by Animated Java via MC-Build. It is not recommended to edit this file directly.
$data merge entity $(neck) {transformation: [-0.9975f,0.0648f,-0.0271f,0.0728f,0.0332f,0.7749f,0.6313f,6.4381f,0.0619f,0.6288f,-0.7751f,-0.3332f,0f,0f,0f,1f],start_interpolation: 0,interpolation_duration: 1}
$data merge entity $(right_thumb_2) {transformation: [-0.9141f,0.3509f,-0.203f,-2.9465f,0.3306f,0.9351f,0.1277f,4.0406f,0.2346f,0.0496f,-0.9708f,-1.1853f,0f,0f,0f,1f],start_interpolation: 0,interpolation_duration: 1}
$data merge entity $(right_thumb) {transformation: [-0.9141f,-0.0431f,-0.4031f,-3.0902f,0.3306f,0.4962f,-0.8028f,4.2606f,0.2346f,-0.8671f,-0.4394f,-1.4233f,0f,0f,0f,1f],start_interpolation: 0,interpolation_duration: 1}
$data merge entity $(right_fingers2) {transformation: [0.9685f,0.2296f,-0.096f,-3.0097f,0.1431f,-0.8295f,-0.5399f,3.7002f,-0.2036f,0.5092f,-0.8362f,-1.1671f,0f,0f,0f,1f],start_interpolation: 0,interpolation_duration: 1}
$data merge entity $(right_fingers) {transformation: [-0.249f,-0.9637f,-0.096f,-3.292f,-0.8003f,0.2606f,-0.5399f,3.748f,0.5454f,-0.0576f,-0.8362f,-1.1743f,0f,0f,0f,1f],start_interpolation: 0,interpolation_duration: 1}
$data merge entity $(scout) {transformation: [0f,0f,0f,-3.1214f,0f,0f,0f,3.6977f,0f,0f,0f,-1.289f,0f,0f,0f,1f],start_interpolation: 0,interpolation_duration: 1}
$data merge entity $(right_hand) {transformation: [-0.9859f,0.1369f,-0.096f,-3.2073f,0.1671f,0.8249f,-0.5399f,4.2299f,0.0053f,-0.5484f,-0.8362f,-1.5481f,0f,0f,0f,1f],start_interpolation: 0,interpolation_duration: 1}
$data merge entity $(right_forearm) {transformation: [-0.573f,0.8141f,0.9519f,-1.9228f,0.1168f,1.0769f,-0.8507f,5.816f,-1.2471f,-0.2732f,-0.5171f,-1.9264f,0f,0f,0f,1f],start_interpolation: 0,interpolation_duration: 1}
$data merge entity $(right_shoulder) {transformation: [-1.1162f,0.6483f,0.6955f,-0.9298f,0.9121f,0.4271f,1.0656f,6.1186f,0.2685f,1.2438f,-0.7284f,-0.4406f,0f,0f,0f,1f],start_interpolation: 0,interpolation_duration: 1}
$data merge entity $(right_arm) {transformation: [-0.999f,-0.002f,-0.0436f,-0.3673f,-0.0267f,0.8174f,0.5755f,6.3753f,0.0345f,0.5761f,-0.8166f,-0.3001f,0f,0f,0f,1f],start_interpolation: 0,interpolation_duration: 1}
$data merge entity $(left_thumb_2) {transformation: [-0.8551f,-0.3941f,0.3368f,3.3469f,-0.4432f,0.8928f,-0.0806f,4.014f,-0.269f,-0.2182f,-0.9381f,-0.3271f,0f,0f,0f,1f],start_interpolation: 0,interpolation_duration: 1}
$data merge entity $(left_thumb) {transformation: [-0.8551f,0.1479f,0.4969f,3.5143f,-0.4432f,0.2887f,-0.8487f,4.1845f,-0.269f,-0.9459f,-0.1813f,-0.589f,0f,0f,0f,1f],start_interpolation: 0,interpolation_duration: 1}
$data merge entity $(left_fingers2) {transformation: [0.9337f,-0.2657f,0.2401f,3.4212f,-0.0197f,-0.7075f,-0.7065f,3.6923f,0.3576f,0.6549f,-0.6658f,-0.2213f,0f,0f,0f,1f],start_interpolation: 0,interpolation_duration: 1}
$data merge entity $(left_fingers) {transformation: [-0.2008f,0.9498f,0.2401f,3.6993f,0.6349f,0.3128f,-0.7065f,3.7584f,-0.7461f,0.0106f,-0.6658f,-0.2022f,0f,0f,0f,1f],start_interpolation: 0,interpolation_duration: 1}
$data merge entity $(left_hand) {transformation: [-0.9665f,-0.0906f,0.2401f,3.6495f,-0.2379f,0.6666f,-0.7065f,4.1353f,-0.096f,-0.7399f,-0.6658f,-0.6865f,0f,0f,0f,1f],start_interpolation: 0,interpolation_duration: 1}
$data merge entity $(left_forearm) {transformation: [-0.7426f,-0.8109f,-0.8295f,2.3671f,0.1258f,0.9228f,-1.0148f,5.4933f,1.1532f,-0.6229f,-0.4234f,-1.592f,0f,0f,0f,1f],start_interpolation: 0,interpolation_duration: 1}
$data merge entity $(left_shoulder) {transformation: [-1.0443f,-0.8954f,-0.5074f,1.0813f,-1.0079f,0.7437f,0.7621f,6.1724f,-0.208f,0.8916f,-1.1453f,-0.51f,0f,0f,0f,1f],start_interpolation: 0,interpolation_duration: 1}
$data merge entity $(left_arm) {transformation: [-0.999f,-0.002f,-0.0436f,0.5169f,-0.0267f,0.8174f,0.5755f,6.399f,0.0345f,0.5761f,-0.8166f,-0.3306f,0f,0f,0f,1f],start_interpolation: 0,interpolation_duration: 1}
$data merge entity $(chest) {transformation: [-1.2773f,-0.0025f,-0.0557f,0.0769f,-0.0342f,1.045f,0.7358f,4.9309f,0.0441f,0.7366f,-1.0441f,-1.3841f,0f,0f,0f,1f],start_interpolation: 0,interpolation_duration: 1}
$data merge entity $(left_cheek) {transformation: [-0.9283f,-0.1634f,-0.3341f,0.3543f,-0.1363f,0.9853f,-0.1032f,3.9773f,0.346f,-0.0503f,-0.9369f,-2.4586f,0f,0f,0f,1f],start_interpolation: 0,interpolation_duration: 1}
$data merge entity $(left_foot) {transformation: [-0.8424f,-0.0584f,-0.5764f,0.8701f,-0.1997f,0.9841f,0.1921f,-3.5571f,0.5438f,0.2709f,-0.8223f,-4.0823f,0f,0f,0f,1f],start_interpolation: 0,interpolation_duration: 1}
$data merge entity $(left_knee) {transformation: [-2.7094f,0.1641f,-1.3728f,1.1188f,-0.454f,2.7472f,1.2244f,0.3081f,1.3059f,1.2955f,-2.4225f,-2.4258f,0f,0f,0f,1f],start_interpolation: 0,interpolation_duration: 1}
$data merge entity $(left_leg) {transformation: [-1.5302f,-0.2205f,-0.7491f,0.7237f,-0.2564f,1.6985f,0.0238f,3.0179f,0.7376f,0.133f,-1.5459f,-2.1367f,0f,0f,0f,1f],start_interpolation: 0,interpolation_duration: 1}
$data merge entity $(right_cheek) {transformation: [-0.996f,0.087f,0.0202f,-0.422f,0.0843f,0.9905f,-0.1091f,4.066f,-0.0295f,-0.107f,-0.9938f,-2.2977f,0f,0f,0f,1f],start_interpolation: 0,interpolation_duration: 1}
$data merge entity $(right_foot) {transformation: [-1.0153f,0.0502f,0.109f,-1.0839f,0.0506f,1.0211f,0.0007f,-3.7709f,-0.1089f,0.0061f,-1.0165f,-0.8122f,0f,0f,0f,1f],start_interpolation: 0,interpolation_duration: 1}
$data merge entity $(right_knee) {transformation: [-3.0206f,0.1391f,0.3298f,-0.9645f,0.1502f,3.0365f,0.0947f,0.4399f,-0.3249f,0.1104f,-3.0223f,-0.7924f,0f,0f,0f,1f],start_interpolation: 0,interpolation_duration: 1}
$data merge entity $(right_leg) {transformation: [-1.7059f,0.1526f,0.134f,-0.653f,0.0811f,1.551f,-0.7343f,2.9428f,-0.1862f,-0.7228f,-1.5473f,-1.8974f,0f,0f,0f,1f],start_interpolation: 0,interpolation_duration: 1}
$data merge entity $(weist) {transformation: [-1.5961f,-0.0141f,-0.2905f,0f,-0.0871f,1.5692f,0.4024f,4.6062f,0.2775f,0.4114f,-1.5446f,-1.7103f,0f,0f,0f,1f],start_interpolation: 0,interpolation_duration: 1}
data modify storage animated_java:temp entry.data merge value {"locators":{"consume":{"px":-3.0902814482,"py":3.5800421891,"pz":-1.170464899,"ry":353.4488831079,"rx":-32.6798090585}}}
# Data Manager: Prepare for Read / Write
execute store result storage animated_java:temp args.id int 1 run scoreboard players get @s aj.id
# Data Manager: Write
function animated_java:global/data_manager/write with storage animated_java:temp args