# This file was generated by Animated Java via MC-Build. It is not recommended to edit this file directly.
$data merge entity $(neck) {transformation: [-0.9976f,0.0637f,-0.0271f,0.0758f,0.0346f,0.7974f,0.6024f,6.3981f,0.0599f,0.6f,-0.7977f,-0.3263f,0f,0f,0f,1f],start_interpolation: 0,interpolation_duration: 1}
$data merge entity $(right_thumb_2) {transformation: [-0.9056f,0.3644f,-0.2172f,-2.9462f,0.3623f,0.9307f,0.0507f,4.1056f,0.2206f,-0.0328f,-0.9748f,-1.1024f,0f,0f,0f,1f],start_interpolation: 0,interpolation_duration: 1}
$data merge entity $(right_thumb) {transformation: [-0.9056f,-0.044f,-0.4219f,-3.0887f,0.3623f,0.437f,-0.8233f,4.3115f,0.2206f,-0.8984f,-0.3798f,-1.3534f,0f,0f,0f,1f],start_interpolation: 0,interpolation_duration: 1}
$data merge entity $(right_fingers2) {transformation: [0.986f,0.1215f,-0.1145f,-3.0231f,0.0296f,-0.8022f,-0.5963f,3.7581f,-0.1643f,0.5845f,-0.7946f,-1.0489f,0f,0f,0f,1f],start_interpolation: 0,interpolation_duration: 1}
$data merge entity $(right_fingers) {transformation: [-0.3135f,-0.9427f,-0.1145f,-3.3014f,-0.7373f,0.3176f,-0.5963f,3.8234f,0.5984f,-0.1025f,-0.7946f,-1.067f,0f,0f,0f,1f],start_interpolation: 0,interpolation_duration: 1}
$data merge entity $(scout) {transformation: [0f,0f,0f,-3.1328f,0f,0f,0f,3.7608f,0f,0f,0f,-1.1786f,0f,0f,0f,1f],start_interpolation: 0,interpolation_duration: 1}
$data merge entity $(right_hand) {transformation: [-0.9815f,0.1537f,-0.1145f,-3.2072f,0.1916f,0.7796f,-0.5963f,4.2749f,-0.0024f,-0.6072f,-0.7946f,-1.4751f,0f,0f,0f,1f],start_interpolation: 0,interpolation_duration: 1}
$data merge entity $(right_forearm) {transformation: [-0.5764f,0.8389f,0.928f,-1.8861f,0.0477f,1.0358f,-0.9067f,5.7998f,-1.2501f,-0.3472f,-0.4625f,-1.9628f,0f,0f,0f,1f],start_interpolation: 0,interpolation_duration: 1}
$data merge entity $(right_shoulder) {transformation: [-1.0808f,0.6257f,0.7683f,-0.9301f,0.969f,0.43f,1.0129f,6.0961f,0.2069f,1.2544f,-0.7305f,-0.4517f,0f,0f,0f,1f],start_interpolation: 0,interpolation_duration: 1}
$data merge entity $(right_arm) {transformation: [-1f,-0.0005f,-0.0064f,-0.3664f,-0.004f,0.8392f,0.5438f,6.3461f,0.0051f,0.5438f,-0.8392f,-0.3041f,0f,0f,0f,1f],start_interpolation: 0,interpolation_duration: 1}
$data merge entity $(left_thumb_2) {transformation: [-0.8436f,-0.4117f,0.3446f,3.4373f,-0.4571f,0.8875f,-0.0587f,3.9775f,-0.2817f,-0.2071f,-0.9369f,-0.3038f,0f,0f,0f,1f],start_interpolation: 0,interpolation_duration: 1}
$data merge entity $(left_thumb) {transformation: [-0.8436f,0.1398f,0.5184f,3.6f,-0.4571f,0.3196f,-0.83f,4.1597f,-0.2817f,-0.9372f,-0.2057f,-0.5607f,0f,0f,0f,1f],start_interpolation: 0,interpolation_duration: 1}
$data merge entity $(left_fingers2) {transformation: [0.9543f,-0.1516f,0.2574f,3.5269f,0.0687f,-0.7272f,-0.683f,3.6467f,0.2907f,0.6695f,-0.6836f,-0.1935f,0f,0f,0f,1f],start_interpolation: 0,interpolation_duration: 1}
$data merge entity $(left_fingers) {transformation: [-0.2727f,0.927f,0.2574f,3.8007f,0.6273f,0.3741f,-0.683f,3.7307f,-0.7295f,-0.0248f,-0.6836f,-0.185f,0f,0f,0f,1f],start_interpolation: 0,interpolation_duration: 1}
$data merge entity $(left_hand) {transformation: [-0.9593f,-0.116f,0.2574f,3.736f,-0.2655f,0.6804f,-0.683f,4.1171f,-0.0959f,-0.7236f,-0.6836f,-0.6601f,0f,0f,0f,1f],start_interpolation: 0,interpolation_duration: 1}
$data merge entity $(left_forearm) {transformation: [-0.7386f,-0.8441f,-0.7995f,2.4051f,0.0698f,0.9133f,-1.0287f,5.4579f,1.1605f,-0.5922f,-0.4469f,-1.5199f,0f,0f,0f,1f],start_interpolation: 0,interpolation_duration: 1}
$data merge entity $(left_shoulder) {transformation: [-1.019f,-0.9292f,-0.4981f,1.0828f,-1.0275f,0.72f,0.7588f,6.1041f,-0.2363f,0.8764f,-1.1515f,-0.462f,0f,0f,0f,1f],start_interpolation: 0,interpolation_duration: 1}
$data merge entity $(left_arm) {transformation: [-1f,-0.0005f,-0.0064f,0.5186f,-0.004f,0.8392f,0.5438f,6.3496f,0.0051f,0.5438f,-0.8392f,-0.3087f,0f,0f,0f,1f],start_interpolation: 0,interpolation_duration: 1}
$data merge entity $(chest) {transformation: [-1.2785f,-0.0007f,-0.0082f,0.0769f,-0.0051f,1.073f,0.6952f,4.851f,0.0065f,0.6953f,-1.073f,-1.3175f,0f,0f,0f,1f],start_interpolation: 0,interpolation_duration: 1}
$data merge entity $(left_cheek) {transformation: [-0.9275f,-0.1807f,-0.3272f,0.315f,-0.1468f,0.9811f,-0.1258f,3.888f,0.3438f,-0.0686f,-0.9365f,-2.3638f,0f,0f,0f,1f],start_interpolation: 0,interpolation_duration: 1}
$data merge entity $(left_foot) {transformation: [-0.8417f,-0.0709f,-0.576f,0.8996f,-0.2096f,0.9833f,0.1853f,-3.6297f,0.5412f,0.2706f,-0.8241f,-3.9754f,0f,0f,0f,1f],start_interpolation: 0,interpolation_duration: 1}
$data merge entity $(left_knee) {transformation: [-2.7077f,0.1596f,-1.3766f,1.142f,-0.4791f,2.7273f,1.2587f,0.2102f,1.3004f,1.3373f,-2.4027f,-2.2602f,0f,0f,0f,1f],start_interpolation: 0,interpolation_duration: 1}
$data merge entity $(left_leg) {transformation: [-1.5293f,-0.2514f,-0.7412f,0.6973f,-0.2706f,1.6964f,-0.017f,2.9173f,0.7344f,0.1016f,-1.5497f,-2.0214f,0f,0f,0f,1f],start_interpolation: 0,interpolation_duration: 1}
$data merge entity $(right_cheek) {transformation: [-0.9963f,0.0801f,0.031f,-0.4546f,0.0761f,0.9906f,-0.1141f,3.9934f,-0.0398f,-0.1113f,-0.993f,-2.1859f,0f,0f,0f,1f],start_interpolation: 0,interpolation_duration: 1}
$data merge entity $(right_foot) {transformation: [-1.0146f,0.0421f,0.1188f,-1.0752f,0.0435f,1.0214f,0.0096f,-3.8404f,-0.1183f,0.0146f,-1.0154f,-0.7217f,0f,0f,0f,1f],start_interpolation: 0,interpolation_duration: 1}
$data merge entity $(right_knee) {transformation: [-3.0186f,0.1185f,0.3551f,-0.9833f,0.1335f,3.0364f,0.1212f,0.3708f,-0.3498f,0.1358f,-3.0185f,-0.6672f,0f,0f,0f,1f],start_interpolation: 0,interpolation_duration: 1}
$data merge entity $(right_leg) {transformation: [-1.7046f,0.1475f,0.1553f,-0.6807f,0.0665f,1.5484f,-0.7412f,2.8705f,-0.2036f,-0.7294f,-1.5421f,-1.782f,0f,0f,0f,1f],start_interpolation: 0,interpolation_duration: 1}
$data merge entity $(weist) {transformation: [-1.5975f,0.012f,-0.2825f,0f,-0.0542f,1.5778f,0.3735f,4.5263f,0.2775f,0.3772f,-1.5533f,-1.6305f,0f,0f,0f,1f],start_interpolation: 0,interpolation_duration: 1}
data modify storage animated_java:temp entry.data merge value {"locators":{"consume":{"px":-3.1038684429,"py":3.651204239,"pz":-1.0519890495,"ry":351.800896453,"rx":-36.6027344965}}}
# Data Manager: Prepare for Read / Write
execute store result storage animated_java:temp args.id int 1 run scoreboard players get @s aj.id
# Data Manager: Write
function animated_java:global/data_manager/write with storage animated_java:temp args