# This file was generated by Animated Java via MC-Build. It is not recommended to edit this file directly.
$data merge entity $(neck) {transformation: [-0.9976f,0.0638f,-0.0271f,0.0738f,0.0337f,0.7877f,0.6151f,6.4157f,0.0606f,0.6127f,-0.788f,-0.329f,0f,0f,0f,1f],start_interpolation: 0,interpolation_duration: 1}
$data merge entity $(right_thumb_2) {transformation: [-0.9057f,0.3708f,-0.2054f,-2.9391f,0.3612f,0.9287f,0.0838f,4.1557f,0.2218f,0.0017f,-0.9751f,-1.1836f,0f,0f,0f,1f],start_interpolation: 0,interpolation_duration: 1}
$data merge entity $(right_thumb) {transformation: [-0.9057f,-0.0335f,-0.4225f,-3.0782f,0.3612f,0.4607f,-0.8107f,4.3689f,0.2218f,-0.8869f,-0.4052f,-1.4303f,0f,0f,0f,1f],start_interpolation: 0,interpolation_duration: 1}
$data merge entity $(right_fingers2) {transformation: [0.9817f,0.1555f,-0.1102f,-3.0145f,0.065f,-0.8168f,-0.5733f,3.8118f,-0.1792f,0.5556f,-0.8119f,-1.1448f,0f,0f,0f,1f],start_interpolation: 0,interpolation_duration: 1}
$data merge entity $(right_fingers) {transformation: [-0.2983f,-0.9481f,-0.1102f,-3.2939f,-0.7601f,0.3058f,-0.5733f,3.8733f,0.5773f,-0.0872f,-0.8119f,-1.1593f,0f,0f,0f,1f],start_interpolation: 0,interpolation_duration: 1}
$data merge entity $(scout) {transformation: [0f,0f,0f,-3.1247f,0f,0f,0f,3.8135f,0f,0f,0f,-1.2714f,0f,0f,0f,1f],start_interpolation: 0,interpolation_duration: 1}
$data merge entity $(right_hand) {transformation: [-0.981f,0.1595f,-0.1102f,-3.1959f,0.1939f,0.7961f,-0.5733f,4.336f,-0.0037f,-0.5838f,-0.8119f,-1.5538f,0f,0f,0f,1f],start_interpolation: 0,interpolation_duration: 1}
$data merge entity $(right_forearm) {transformation: [-0.5664f,0.8437f,0.9298f,-1.868f,0.0905f,1.0448f,-0.8929f,5.8731f,-1.2522f,-0.3061f,-0.4851f,-1.9804f,0f,0f,0f,1f],start_interpolation: 0,interpolation_duration: 1}
$data merge entity $(right_shoulder) {transformation: [-1.0788f,0.611f,0.7827f,-0.9307f,0.9659f,0.3781f,1.0363f,6.106f,0.23f,1.2781f,-0.6807f,-0.4466f,0f,0f,0f,1f],start_interpolation: 0,interpolation_duration: 1}
$data merge entity $(right_arm) {transformation: [-0.9997f,-0.0015f,-0.0226f,-0.3675f,-0.0139f,0.8298f,0.5579f,6.359f,0.0179f,0.558f,-0.8296f,-0.3021f,0f,0f,0f,1f],start_interpolation: 0,interpolation_duration: 1}
$data merge entity $(left_thumb_2) {transformation: [-0.8464f,-0.41f,0.3399f,3.4138f,-0.4556f,0.8879f,-0.0634f,4.0114f,-0.2758f,-0.2085f,-0.9383f,-0.3354f,0f,0f,0f,1f],start_interpolation: 0,interpolation_duration: 1}
$data merge entity $(left_thumb) {transformation: [-0.8464f,0.1397f,0.5139f,3.577f,-0.4556f,0.3098f,-0.8345f,4.1904f,-0.2758f,-0.9405f,-0.1986f,-0.5943f,0f,0f,0f,1f],start_interpolation: 0,interpolation_duration: 1}
$data merge entity $(left_fingers2) {transformation: [0.9475f,-0.1958f,0.2529f,3.4989f,0.0346f,-0.7232f,-0.6898f,3.6848f,0.3179f,0.6623f,-0.6784f,-0.2281f,0f,0f,0f,1f],start_interpolation: 0,interpolation_duration: 1}
$data merge entity $(left_fingers) {transformation: [-0.2469f,0.9355f,0.2529f,3.7743f,0.6319f,0.3533f,-0.6898f,3.7625f,-0.7346f,-0.0105f,-0.6784f,-0.2153f,0f,0f,0f,1f],start_interpolation: 0,interpolation_duration: 1}
$data merge entity $(left_hand) {transformation: [-0.9612f,-0.1105f,0.2529f,3.7127f,-0.2592f,0.676f,-0.6898f,4.146f,-0.0947f,-0.7286f,-0.6784f,-0.6933f,0f,0f,0f,1f],start_interpolation: 0,interpolation_duration: 1}
$data merge entity $(left_forearm) {transformation: [-0.7391f,-0.8376f,-0.8058f,2.3912f,0.0788f,0.9166f,-1.0251f,5.4922f,1.1596f,-0.5962f,-0.4439f,-1.559f,0f,0f,0f,1f],start_interpolation: 0,interpolation_duration: 1}
$data merge entity $(left_shoulder) {transformation: [-1.0228f,-0.9184f,-0.5101f,1.0818f,-1.0249f,0.716f,0.766f,6.134f,-0.2307f,0.8909f,-1.1414f,-0.4826f,0f,0f,0f,1f],start_interpolation: 0,interpolation_duration: 1}
$data merge entity $(left_arm) {transformation: [-0.9997f,-0.0015f,-0.0226f,0.5173f,-0.0139f,0.8298f,0.5579f,6.3713f,0.0179f,0.558f,-0.8296f,-0.3179f,0f,0f,0f,1f],start_interpolation: 0,interpolation_duration: 1}
$data merge entity $(chest) {transformation: [-1.2782f,-0.002f,-0.0289f,0.0769f,-0.0177f,1.061f,0.7132f,4.8858f,0.0229f,0.7135f,-1.0607f,-1.3465f,0f,0f,0f,1f],start_interpolation: 0,interpolation_duration: 1}
$data merge entity $(left_cheek) {transformation: [-0.9279f,-0.1732f,-0.3301f,0.3323f,-0.1422f,0.983f,-0.116f,3.9268f,0.3446f,-0.0606f,-0.9368f,-2.4049f,0f,0f,0f,1f],start_interpolation: 0,interpolation_duration: 1}
$data merge entity $(left_foot) {transformation: [-0.8421f,-0.0655f,-0.5761f,0.8871f,-0.2053f,0.9837f,0.1883f,-3.5985f,0.5422f,0.2708f,-0.8234f,-4.0221f,0f,0f,0f,1f],start_interpolation: 0,interpolation_duration: 1}
$data merge entity $(left_knee) {transformation: [-2.7087f,0.1614f,-1.3745f,1.132f,-0.4682f,2.736f,1.2439f,0.2524f,1.3024f,1.3193f,-2.4115f,-2.3323f,0f,0f,0f,1f],start_interpolation: 0,interpolation_duration: 1}
$data merge entity $(left_leg) {transformation: [-1.5298f,-0.238f,-0.7446f,0.7089f,-0.2644f,1.6975f,0.0008f,2.9609f,0.7356f,0.1153f,-1.5482f,-2.0716f,0f,0f,0f,1f],start_interpolation: 0,interpolation_duration: 1}
$data merge entity $(right_cheek) {transformation: [-0.9962f,0.0831f,0.0264f,-0.4404f,0.0797f,0.9905f,-0.1119f,4.0249f,-0.0354f,-0.1094f,-0.9934f,-2.2345f,0f,0f,0f,1f],start_interpolation: 0,interpolation_duration: 1}
$data merge entity $(right_foot) {transformation: [-1.0149f,0.0457f,0.1147f,-1.0795f,0.0466f,1.0213f,0.0057f,-3.8104f,-0.1143f,0.0109f,-1.0159f,-0.7612f,0f,0f,0f,1f],start_interpolation: 0,interpolation_duration: 1}
$data merge entity $(right_knee) {transformation: [-3.0195f,0.1276f,0.3446f,-0.9754f,0.1409f,3.0365f,0.1097f,0.4007f,-0.3394f,0.1248f,-3.0202f,-0.7217f,0f,0f,0f,1f],start_interpolation: 0,interpolation_duration: 1}
$data merge entity $(right_leg) {transformation: [-1.7052f,0.1498f,0.1462f,-0.6687f,0.0729f,1.5496f,-0.7382f,2.9018f,-0.1962f,-0.7265f,-1.5444f,-1.8322f,0f,0f,0f,1f],start_interpolation: 0,interpolation_duration: 1}
$data merge entity $(weist) {transformation: [-1.597f,0.0006f,-0.2858f,0f,-0.0685f,1.5742f,0.3861f,4.561f,0.2775f,0.3921f,-1.5496f,-1.6652f,0f,0f,0f,1f],start_interpolation: 0,interpolation_duration: 1}
data modify storage animated_java:temp entry.data merge value {"locators":{"consume":{"px":-3.0968285841,"py":3.7003176522,"pz":-1.1478265345,"ry":352.2681120927,"rx":-34.9816419615}}}
# Data Manager: Prepare for Read / Write
execute store result storage animated_java:temp args.id int 1 run scoreboard players get @s aj.id
# Data Manager: Write
function animated_java:global/data_manager/write with storage animated_java:temp args