# This file was generated by Animated Java via MC-Build. It is not recommended to edit this file directly.
$data merge entity $(neck) {transformation: [-0.9972f,0.0697f,-0.027f,0.0761f,0.0343f,0.7476f,0.6632f,6.4832f,0.0664f,0.6604f,-0.7479f,-0.3448f,0f,0f,0f,1f],start_interpolation: 0,interpolation_duration: 1}
$data merge entity $(right_thumb_2) {transformation: [-0.9056f,0.3946f,-0.1556f,-2.9166f,0.3577f,0.9076f,0.22f,4.3538f,0.2281f,0.1436f,-0.963f,-1.4832f,0f,0f,0f,1f],start_interpolation: 0,interpolation_duration: 1}
$data merge entity $(right_thumb) {transformation: [-0.9056f,0.0101f,-0.4241f,-3.0416f,0.3577f,0.5557f,-0.7505f,4.5962f,0.2281f,-0.8313f,-0.5069f,-1.7097f,0f,0f,0f,1f],start_interpolation: 0,interpolation_duration: 1}
$data merge entity $(right_fingers2) {transformation: [0.9531f,0.2886f,-0.0916f,-2.9867f,0.2134f,-0.8549f,-0.4728f,4.0304f,-0.2148f,0.4311f,-0.8764f,-1.5021f,0f,0f,0f,1f],start_interpolation: 0,interpolation_duration: 1}
$data merge entity $(right_fingers) {transformation: [-0.2376f,-0.967f,-0.0916f,-3.2697f,-0.8443f,0.2522f,-0.4728f,4.075f,0.4803f,-0.035f,-0.8764f,-1.505f,0f,0f,0f,1f],start_interpolation: 0,interpolation_duration: 1}
$data merge entity $(scout) {transformation: [0f,0f,0f,-3.0977f,0f,0f,0f,4.0267f,0f,0f,0f,-1.6186f,0f,0f,0f,1f],start_interpolation: 0,interpolation_duration: 1}
$data merge entity $(right_hand) {transformation: [-0.9787f,0.1838f,-0.0916f,-3.156f,0.2052f,0.8569f,-0.4728f,4.5794f,-0.0084f,-0.4815f,-0.8764f,-1.8395f,0f,0f,0f,1f],start_interpolation: 0,interpolation_duration: 1}
$data merge entity $(right_forearm) {transformation: [-0.5245f,0.8621f,0.9375f,-1.8017f,0.2637f,1.0654f,-0.8322f,6.1426f,-1.246f,-0.1374f,-0.5707f,-2.0154f,0f,0f,0f,1f],start_interpolation: 0,interpolation_duration: 1}
$data merge entity $(right_shoulder) {transformation: [-1.0754f,0.5654f,0.8208f,-0.922f,0.943f,0.1859f,1.1073f,6.1436f,0.3229f,1.34f,-0.5f,-0.4306f,0f,0f,0f,1f],start_interpolation: 0,interpolation_duration: 1}
$data merge entity $(right_arm) {transformation: [-0.9962f,0f,-0.0872f,-0.361f,-0.0534f,0.7907f,0.6099f,6.4079f,0.0689f,0.6122f,-0.7877f,-0.2988f,0f,0f,0f,1f],start_interpolation: 0,interpolation_duration: 1}
$data merge entity $(left_thumb_2) {transformation: [-0.863f,-0.3937f,0.3167f,3.3005f,-0.4434f,0.8906f,-0.1013f,4.1234f,-0.2421f,-0.2279f,-0.9431f,-0.43f,0f,0f,0f,1f],start_interpolation: 0,interpolation_duration: 1}
$data merge entity $(left_thumb) {transformation: [-0.863f,0.1386f,0.4858f,3.4662f,-0.4434f,0.2531f,-0.8598f,4.2827f,-0.2421f,-0.9575f,-0.1569f,-0.6999f,0f,0f,0f,1f],start_interpolation: 0,interpolation_duration: 1}
$data merge entity $(left_fingers2) {transformation: [0.9f,-0.3736f,0.2247f,3.366f,-0.0987f,-0.6766f,-0.7297f,3.8143f,0.4246f,0.6345f,-0.6458f,-0.3302f,0f,0f,0f,1f],start_interpolation: 0,interpolation_duration: 1}
$data merge entity $(left_fingers) {transformation: [-0.1374f,0.9647f,0.2247f,3.6465f,0.6324f,0.26f,-0.7297f,3.8652f,-0.7623f,0.0418f,-0.6458f,-0.3015f,0f,0f,0f,1f],start_interpolation: 0,interpolation_duration: 1}
$data merge entity $(left_hand) {transformation: [-0.9708f,-0.0839f,0.2247f,3.6f,-0.2247f,0.6458f,-0.7297f,4.2285f,-0.0839f,-0.7589f,-0.6458f,-0.7966f,0f,0f,0f,1f],start_interpolation: 0,interpolation_duration: 1}
$data merge entity $(left_forearm) {transformation: [-0.7358f,-0.8029f,-0.8433f,2.3296f,0.1453f,0.9264f,-1.0088f,5.593f,1.1553f,-0.6279f,-0.4102f,-1.709f,0f,0f,0f,1f],start_interpolation: 0,interpolation_duration: 1}
$data merge entity $(left_shoulder) {transformation: [-1.0501f,-0.8631f,-0.5497f,1.0833f,-1.006f,0.7267f,0.7808f,6.251f,-0.1872f,0.9364f,-1.1127f,-0.5693f,0f,0f,0f,1f],start_interpolation: 0,interpolation_duration: 1}
$data merge entity $(left_arm) {transformation: [-0.9962f,0f,-0.0872f,0.5208f,-0.0534f,0.7907f,0.6099f,6.4552f,0.0689f,0.6122f,-0.7877f,-0.3598f,0f,0f,0f,1f],start_interpolation: 0,interpolation_duration: 1}
$data merge entity $(chest) {transformation: [-1.2737f,0f,-0.1114f,0.0769f,-0.0682f,1.0109f,0.7798f,5.0246f,0.0881f,0.7827f,-1.0071f,-1.4622f,0f,0f,0f,1f],start_interpolation: 0,interpolation_duration: 1}
$data merge entity $(left_cheek) {transformation: [-0.9284f,-0.1432f,-0.3428f,0.3984f,-0.1242f,0.9893f,-0.077f,4.0827f,0.3502f,-0.0289f,-0.9362f,-2.5704f,0f,0f,0f,1f],start_interpolation: 0,interpolation_duration: 1}
$data merge entity $(left_foot) {transformation: [-0.8422f,-0.0436f,-0.578f,0.8324f,-0.1881f,0.9849f,0.1997f,-3.4677f,0.5483f,0.2708f,-0.8193f,-4.2044f,0f,0f,0f,1f],start_interpolation: 0,interpolation_duration: 1}
$data merge entity $(left_knee) {transformation: [-2.7088f,0.1708f,-1.373f,1.0904f,-0.4247f,2.7701f,1.1825f,0.4267f,1.3168f,1.2448f,-2.4431f,-2.6193f,0f,0f,0f,1f],start_interpolation: 0,interpolation_duration: 1}
$data merge entity $(left_leg) {transformation: [-1.5299f,-0.1841f,-0.7594f,0.754f,-0.2399f,1.6996f,0.0712f,3.1376f,0.7437f,0.1694f,-1.5393f,-2.2719f,0f,0f,0f,1f],start_interpolation: 0,interpolation_duration: 1}
$data merge entity $(right_cheek) {transformation: [-0.9955f,0.0945f,0.0063f,-0.3847f,0.0933f,0.9903f,-0.1034f,4.1528f,-0.016f,-0.1023f,-0.9946f,-2.4293f,0f,0f,0f,1f],start_interpolation: 0,interpolation_duration: 1}
$data merge entity $(right_foot) {transformation: [-1.0161f,0.0592f,0.0961f,-1.0891f,0.0585f,1.0206f,-0.0098f,-3.6871f,-0.0965f,-0.0043f,-1.0178f,-0.9161f,0f,0f,0f,1f],start_interpolation: 0,interpolation_duration: 1}
$data merge entity $(right_knee) {transformation: [-3.023f,0.1615f,0.2958f,-0.9402f,0.1685f,3.0364f,0.0635f,0.5227f,-0.2919f,0.0795f,-3.0267f,-0.9383f,0f,0f,0f,1f],start_interpolation: 0,interpolation_duration: 1}
$data merge entity $(right_leg) {transformation: [-1.7074f,0.1572f,0.1073f,-0.6206f,0.0974f,1.5539f,-0.7262f,3.0293f,-0.1635f,-0.7157f,-1.5532f,-2.0325f,0f,0f,0f,1f],start_interpolation: 0,interpolation_duration: 1}
$data merge entity $(weist) {transformation: [-1.5935f,-0.0441f,-0.3013f,0f,-0.1255f,1.5577f,0.4358f,4.6999f,0.2774f,0.4513f,-1.5334f,-1.8041f,0f,0f,0f,1f],start_interpolation: 0,interpolation_duration: 1}
data modify storage animated_java:temp entry.data merge value {"locators":{"consume":{"px":-3.0745650911,"py":3.8994428393,"pz":-1.508357257,"ry":354.0316422448,"rx":-28.2179723937}}}
# Data Manager: Prepare for Read / Write
execute store result storage animated_java:temp args.id int 1 run scoreboard players get @s aj.id
# Data Manager: Write
function animated_java:global/data_manager/write with storage animated_java:temp args