# This file was generated by Animated Java via MC-Build. It is not recommended to edit this file directly.
$data merge entity $(neck) {transformation: [-0.9973f,0.0687f,-0.0271f,0.0751f,0.0339f,0.7517f,0.6586f,6.4766f,0.0656f,0.6559f,-0.752f,-0.3428f,0f,0f,0f,1f],start_interpolation: 0,interpolation_duration: 1}
$data merge entity $(right_thumb_2) {transformation: [-0.9103f,0.3921f,-0.133f,-2.9889f,0.3527f,0.9026f,0.247f,4.2356f,0.2169f,0.1779f,-0.9598f,-1.512f,0f,0f,0f,1f],start_interpolation: 0,interpolation_duration: 1}
$data merge entity $(right_thumb) {transformation: [-0.9103f,0.0311f,-0.4129f,-3.108f,0.3527f,0.5806f,-0.7338f,4.4851f,0.2169f,-0.8136f,-0.5395f,-1.734f,0f,0f,0f,1f],start_interpolation: 0,interpolation_duration: 1}
$data merge entity $(right_fingers2) {transformation: [0.9631f,0.2598f,-0.0711f,-3.0604f,0.2022f,-0.8717f,-0.4464f,3.911f,-0.1779f,0.4155f,-0.892f,-1.5409f,0f,0f,0f,1f],start_interpolation: 0,interpolation_duration: 1}
$data merge entity $(right_fingers) {transformation: [-0.2605f,-0.9629f,-0.0711f,-3.3426f,-0.8549f,0.2642f,-0.4464f,3.9589f,0.4486f,-0.0555f,-0.892f,-1.5506f,0f,0f,0f,1f],start_interpolation: 0,interpolation_duration: 1}
$data merge entity $(scout) {transformation: [0f,0f,0f,-3.1681f,0f,0f,0f,3.9133f,0f,0f,0f,-1.6612f,0f,0f,0f,1f],start_interpolation: 0,interpolation_duration: 1}
$data merge entity $(right_hand) {transformation: [-0.9776f,0.1982f,-0.0711f,-3.2192f,0.2089f,0.8701f,-0.4464f,4.4726f,-0.0266f,-0.4512f,-0.892f,-1.867f,0f,0f,0f,1f],start_interpolation: 0,interpolation_duration: 1}
$data merge entity $(right_forearm) {transformation: [-0.4952f,0.8685f,0.9474f,-1.8562f,0.2892f,1.0646f,-0.8247f,6.0337f,-1.2523f,-0.0976f,-0.5651f,-1.9825f,0f,0f,0f,1f],start_interpolation: 0,interpolation_duration: 1}
$data merge entity $(right_shoulder) {transformation: [-1.098f,0.6034f,0.7617f,-0.9237f,0.9182f,0.2683f,1.1112f,6.14f,0.3179f,1.3091f,-0.5788f,-0.4319f,0f,0f,0f,1f],start_interpolation: 0,interpolation_duration: 1}
$data merge entity $(right_arm) {transformation: [-0.9967f,-0.0005f,-0.0807f,-0.3624f,-0.0494f,0.7947f,0.605f,6.4032f,0.0638f,0.607f,-0.7921f,-0.2987f,0f,0f,0f,1f],start_interpolation: 0,interpolation_duration: 1}
$data merge entity $(left_thumb_2) {transformation: [-0.8651f,-0.387f,0.3192f,3.2919f,-0.4395f,0.8914f,-0.1104f,4.0935f,-0.2418f,-0.2358f,-0.9412f,-0.3949f,0f,0f,0f,1f],start_interpolation: 0,interpolation_duration: 1}
$data merge entity $(left_thumb) {transformation: [-0.8651f,0.1422f,0.4811f,3.4592f,-0.4395f,0.2474f,-0.8635f,4.2504f,-0.2418f,-0.9584f,-0.1515f,-0.6652f,0f,0f,0f,1f],start_interpolation: 0,interpolation_duration: 1}
$data merge entity $(left_fingers2) {transformation: [0.905f,-0.3632f,0.2217f,3.3563f,-0.0899f,-0.6725f,-0.7347f,3.7831f,0.4159f,0.6449f,-0.6412f,-0.2909f,0f,0f,0f,1f],start_interpolation: 0,interpolation_duration: 1}
$data merge entity $(left_fingers) {transformation: [-0.1419f,0.9647f,0.2217f,3.6369f,0.6262f,0.2609f,-0.7347f,3.8344f,-0.7666f,0.0346f,-0.6412f,-0.2642f,0f,0f,0f,1f],start_interpolation: 0,interpolation_duration: 1}
$data merge entity $(left_hand) {transformation: [-0.9718f,-0.0797f,0.2217f,3.5928f,-0.2202f,0.6417f,-0.7347f,4.1949f,-0.0837f,-0.7628f,-0.6412f,-0.7614f,0f,0f,0f,1f],start_interpolation: 0,interpolation_duration: 1}
$data merge entity $(left_forearm) {transformation: [-0.7362f,-0.7972f,-0.8482f,2.3307f,0.1577f,0.9261f,-1.0073f,5.5595f,1.1534f,-0.6355f,-0.4037f,-1.6853f,0f,0f,0f,1f],start_interpolation: 0,interpolation_duration: 1}
$data merge entity $(left_shoulder) {transformation: [-1.0563f,-0.8632f,-0.5376f,1.0827f,-1.0005f,0.7435f,0.7721f,6.2395f,-0.1819f,0.9231f,-1.1246f,-0.5603f,0f,0f,0f,1f],start_interpolation: 0,interpolation_duration: 1}
$data merge entity $(left_arm) {transformation: [-0.9967f,-0.0005f,-0.0807f,0.5198f,-0.0494f,0.7947f,0.605f,6.4469f,0.0638f,0.607f,-0.7921f,-0.3552f,0f,0f,0f,1f],start_interpolation: 0,interpolation_duration: 1}
$data merge entity $(chest) {transformation: [-1.2744f,-0.0007f,-0.1032f,0.0769f,-0.0632f,1.0161f,0.7735f,5.0108f,0.0816f,0.7761f,-1.0128f,-1.4506f,0f,0f,0f,1f],start_interpolation: 0,interpolation_duration: 1}
$data merge entity $(left_cheek) {transformation: [-0.9284f,-0.1462f,-0.3415f,0.392f,-0.126f,0.9887f,-0.0809f,4.067f,0.3495f,-0.0321f,-0.9364f,-2.5538f,0f,0f,0f,1f],start_interpolation: 0,interpolation_duration: 1}
$data merge entity $(left_foot) {transformation: [-0.8423f,-0.0458f,-0.5777f,0.8382f,-0.1898f,0.9848f,0.1986f,-3.4812f,0.5475f,0.2708f,-0.8198f,-4.1866f,0f,0f,0f,1f],start_interpolation: 0,interpolation_duration: 1}
$data merge entity $(left_knee) {transformation: [-2.7091f,0.1697f,-1.3727f,1.0947f,-0.429f,2.7667f,1.1888f,0.4089f,1.3149f,1.2524f,-2.4402f,-2.5907f,0f,0f,0f,1f],start_interpolation: 0,interpolation_duration: 1}
$data merge entity $(left_leg) {transformation: [-1.5301f,-0.1895f,-0.7578f,0.7496f,-0.2423f,1.6996f,0.0642f,3.1198f,0.7426f,0.1641f,-1.5404f,-2.2519f,0f,0f,0f,1f],start_interpolation: 0,interpolation_duration: 1}
$data merge entity $(right_cheek) {transformation: [-0.9956f,0.0934f,0.0084f,-0.3901f,0.092f,0.9903f,-0.1042f,4.1399f,-0.0181f,-0.103f,-0.9945f,-2.4098f,0f,0f,0f,1f],start_interpolation: 0,interpolation_duration: 1}
$data merge entity $(right_foot) {transformation: [-1.016f,0.0579f,0.0981f,-1.0887f,0.0574f,1.0207f,-0.0083f,-3.6997f,-0.0984f,-0.0027f,-1.0176f,-0.9009f,0f,0f,0f,1f],start_interpolation: 0,interpolation_duration: 1}
$data merge entity $(right_knee) {transformation: [-3.0226f,0.1583f,0.3012f,-0.944f,0.1659f,3.0364f,0.0682f,0.5103f,-0.2971f,0.0842f,-3.026f,-0.9167f,0f,0f,0f,1f],start_interpolation: 0,interpolation_duration: 1}
$data merge entity $(right_leg) {transformation: [-1.7072f,0.1566f,0.1114f,-0.6254f,0.095f,1.5534f,-0.7274f,3.0164f,-0.167f,-0.7167f,-1.5524f,-2.0125f,0f,0f,0f,1f],start_interpolation: 0,interpolation_duration: 1}
$data merge entity $(weist) {transformation: [-1.5939f,-0.0397f,-0.2996f,0f,-0.1198f,1.5595f,0.4309f,4.686f,0.2774f,0.4454f,-1.5351f,-1.7902f,0f,0f,0f,1f],start_interpolation: 0,interpolation_duration: 1}
data modify storage animated_java:temp entry.data merge value {"locators":{"consume":{"px":-3.1480322636,"py":3.7827777332,"pz":-1.5542785207,"ry":355.4413139839,"rx":-26.5123031272}}}
# Data Manager: Prepare for Read / Write
execute store result storage animated_java:temp args.id int 1 run scoreboard players get @s aj.id
# Data Manager: Write
function animated_java:global/data_manager/write with storage animated_java:temp args