# This file was generated by Animated Java via MC-Build. It is not recommended to edit this file directly.
$data merge entity $(neck) {transformation: [-0.9976f,0.0638f,-0.0271f,0.0738f,0.0337f,0.7877f,0.6151f,6.4157f,0.0606f,0.6127f,-0.788f,-0.329f,0f,0f,0f,1f],start_interpolation: 0,interpolation_duration: 1}
$data merge entity $(right_thumb_2) {transformation: [-0.9114f,0.3506f,-0.2157f,-2.9466f,0.3411f,0.9365f,0.0813f,4.0348f,0.2305f,0.0005f,-0.9731f,-1.1052f,0f,0f,0f,1f],start_interpolation: 0,interpolation_duration: 1}
$data merge entity $(right_thumb) {transformation: [-0.9114f,-0.0512f,-0.4084f,-3.0924f,0.3411f,0.4617f,-0.8189f,4.2455f,0.2305f,-0.8856f,-0.4033f,-1.3503f,0f,0f,0f,1f],start_interpolation: 0,interpolation_duration: 1}
$data merge entity $(right_fingers2) {transformation: [0.9784f,0.1779f,-0.1049f,-3.0143f,0.0866f,-0.8143f,-0.5739f,3.6894f,-0.1875f,0.5525f,-0.8122f,-1.0666f,0f,0f,0f,1f],start_interpolation: 0,interpolation_duration: 1}
$data merge entity $(right_fingers) {transformation: [-0.2768f,-0.9552f,-0.1049f,-3.2951f,-0.7676f,0.2854f,-0.5739f,3.7449f,0.5782f,-0.0783f,-0.8122f,-1.0786f,0f,0f,0f,1f],start_interpolation: 0,interpolation_duration: 1}
$data merge entity $(scout) {transformation: [0f,0f,0f,-3.1255f,0f,0f,0f,3.6889f,0f,0f,0f,-1.1923f,0f,0f,0f,1f],start_interpolation: 0,interpolation_duration: 1}
$data merge entity $(right_hand) {transformation: [-0.985f,0.1372f,-0.1049f,-3.2105f,0.1726f,0.8005f,-0.5739f,4.2103f,0.0052f,-0.5834f,-0.8122f,-1.4728f,0f,0f,0f,1f],start_interpolation: 0,interpolation_duration: 1}
$data merge entity $(right_forearm) {transformation: [-0.5816f,0.8176f,0.9436f,-1.9207f,0.0667f,1.0599f,-0.8771f,5.7717f,-1.2468f,-0.3246f,-0.4871f,-1.9276f,0f,0f,0f,1f],start_interpolation: 0,interpolation_duration: 1}
$data merge entity $(right_shoulder) {transformation: [-1.106f,0.6479f,0.7119f,-0.9307f,0.9332f,0.4558f,1.035f,6.106f,0.2361f,1.2338f,-0.7562f,-0.4466f,0f,0f,0f,1f],start_interpolation: 0,interpolation_duration: 1}
$data merge entity $(right_arm) {transformation: [-0.9997f,-0.0015f,-0.0226f,-0.3675f,-0.0139f,0.8298f,0.5579f,6.359f,0.0179f,0.558f,-0.8296f,-0.3021f,0f,0f,0f,1f],start_interpolation: 0,interpolation_duration: 1}
$data merge entity $(left_thumb_2) {transformation: [-0.8516f,-0.3961f,0.3432f,3.3815f,-0.4472f,0.8907f,-0.0816f,3.9792f,-0.2734f,-0.223f,-0.9357f,-0.2916f,0f,0f,0f,1f],start_interpolation: 0,interpolation_duration: 1}
$data merge entity $(left_thumb) {transformation: [-0.8516f,0.1485f,0.5027f,3.5484f,-0.4472f,0.2944f,-0.8446f,4.1522f,-0.2734f,-0.9441f,-0.1843f,-0.5522f,0f,0f,0f,1f],start_interpolation: 0,interpolation_duration: 1}
$data merge entity $(left_fingers2) {transformation: [0.9464f,-0.2093f,0.246f,3.4613f,0.0255f,-0.7108f,-0.7029f,3.653f,0.322f,0.6715f,-0.6674f,-0.1793f,0f,0f,0f,1f],start_interpolation: 0,interpolation_duration: 1}
$data merge entity $(left_fingers) {transformation: [-0.2344f,0.9405f,0.246f,3.7377f,0.625f,0.3396f,-0.7029f,3.727f,-0.7446f,-0.011f,-0.6674f,-0.1663f,0f,0f,0f,1f],start_interpolation: 0,interpolation_duration: 1}
$data merge entity $(left_hand) {transformation: [-0.9644f,-0.0973f,0.246f,3.684f,-0.2466f,0.6671f,-0.7029f,4.1044f,-0.0957f,-0.7386f,-0.6674f,-0.6499f,0f,0f,0f,1f],start_interpolation: 0,interpolation_duration: 1}
$data merge entity $(left_forearm) {transformation: [-0.7431f,-0.8212f,-0.8188f,2.3865f,0.1077f,0.9194f,-1.0199f,5.4564f,1.1547f,-0.6143f,-0.4319f,-1.5427f,0f,0f,0f,1f],start_interpolation: 0,interpolation_duration: 1}
$data merge entity $(left_shoulder) {transformation: [-1.0368f,-0.9118f,-0.4935f,1.0818f,-1.0132f,0.7432f,0.7556f,6.134f,-0.2198f,0.8753f,-1.1556f,-0.4826f,0f,0f,0f,1f],start_interpolation: 0,interpolation_duration: 1}
$data merge entity $(left_arm) {transformation: [-0.9997f,-0.0015f,-0.0226f,0.5173f,-0.0139f,0.8298f,0.5579f,6.3713f,0.0179f,0.558f,-0.8296f,-0.3179f,0f,0f,0f,1f],start_interpolation: 0,interpolation_duration: 1}
$data merge entity $(chest) {transformation: [-1.2782f,-0.002f,-0.0289f,0.0769f,-0.0177f,1.061f,0.7132f,4.8858f,0.0229f,0.7135f,-1.0607f,-1.3465f,0f,0f,0f,1f],start_interpolation: 0,interpolation_duration: 1}
$data merge entity $(left_cheek) {transformation: [-0.9279f,-0.1732f,-0.3301f,0.3323f,-0.1422f,0.983f,-0.116f,3.9268f,0.3446f,-0.0606f,-0.9368f,-2.4049f,0f,0f,0f,1f],start_interpolation: 0,interpolation_duration: 1}
$data merge entity $(left_foot) {transformation: [-0.8421f,-0.0655f,-0.5761f,0.8871f,-0.2053f,0.9837f,0.1883f,-3.5985f,0.5422f,0.2708f,-0.8234f,-4.0221f,0f,0f,0f,1f],start_interpolation: 0,interpolation_duration: 1}
$data merge entity $(left_knee) {transformation: [-2.7087f,0.1614f,-1.3745f,1.132f,-0.4682f,2.736f,1.2439f,0.2524f,1.3024f,1.3193f,-2.4115f,-2.3323f,0f,0f,0f,1f],start_interpolation: 0,interpolation_duration: 1}
$data merge entity $(left_leg) {transformation: [-1.5298f,-0.238f,-0.7446f,0.7089f,-0.2644f,1.6975f,0.0008f,2.9609f,0.7356f,0.1153f,-1.5482f,-2.0716f,0f,0f,0f,1f],start_interpolation: 0,interpolation_duration: 1}
$data merge entity $(right_cheek) {transformation: [-0.9962f,0.0831f,0.0264f,-0.4404f,0.0797f,0.9905f,-0.1119f,4.0249f,-0.0354f,-0.1094f,-0.9934f,-2.2345f,0f,0f,0f,1f],start_interpolation: 0,interpolation_duration: 1}
$data merge entity $(right_foot) {transformation: [-1.0149f,0.0457f,0.1147f,-1.0795f,0.0466f,1.0213f,0.0057f,-3.8104f,-0.1143f,0.0109f,-1.0159f,-0.7612f,0f,0f,0f,1f],start_interpolation: 0,interpolation_duration: 1}
$data merge entity $(right_knee) {transformation: [-3.0195f,0.1276f,0.3446f,-0.9754f,0.1409f,3.0365f,0.1097f,0.4007f,-0.3394f,0.1248f,-3.0202f,-0.7217f,0f,0f,0f,1f],start_interpolation: 0,interpolation_duration: 1}
$data merge entity $(right_leg) {transformation: [-1.7052f,0.1498f,0.1462f,-0.6687f,0.0729f,1.5496f,-0.7382f,2.9018f,-0.1962f,-0.7265f,-1.5444f,-1.8322f,0f,0f,0f,1f],start_interpolation: 0,interpolation_duration: 1}
$data merge entity $(weist) {transformation: [-1.597f,0.0006f,-0.2858f,0f,-0.0685f,1.5742f,0.3861f,4.561f,0.2775f,0.3921f,-1.5496f,-1.6652f,0f,0f,0f,1f],start_interpolation: 0,interpolation_duration: 1}
data modify storage animated_java:temp entry.data merge value {"locators":{"consume":{"px":-3.0941680416,"py":3.5761293835,"pz":-1.0691341494,"ry":352.6413749405,"rx":-35.024715797}}}
# Data Manager: Prepare for Read / Write
execute store result storage animated_java:temp args.id int 1 run scoreboard players get @s aj.id
# Data Manager: Write
function animated_java:global/data_manager/write with storage animated_java:temp args