# This file was generated by Animated Java via MC-Build. It is not recommended to edit this file directly.
$data merge entity $(neck) {transformation: [-0.9887f,0.1417f,-0.0495f,0.0207f,0.0902f,0.8244f,0.5588f,6.3627f,0.12f,0.548f,-0.8278f,-0.2464f,0f,0f,0f,1f],start_interpolation: 0,interpolation_duration: 1}
$data merge entity $(right_thumb_2) {transformation: [-0.7038f,-0.2762f,-0.6546f,-2.5013f,-0.2204f,0.9608f,-0.1684f,3.4251f,0.6754f,0.0258f,-0.737f,-0.2831f,0f,0f,0f,1f],start_interpolation: 0,interpolation_duration: 1}
$data merge entity $(right_thumb) {transformation: [-0.7038f,-0.6145f,-0.3565f,-2.7983f,-0.2204f,0.6659f,-0.7127f,3.6167f,0.6754f,-0.423f,-0.6041f,-0.3105f,0f,0f,0f,1f],start_interpolation: 0,interpolation_duration: 1}
$data merge entity $(right_fingers2) {transformation: [-0.687f,-0.6496f,-0.3256f,-2.7967f,-0.568f,0.7595f,-0.317f,2.757f,0.4532f,-0.0328f,-0.8908f,-0.0957f,0f,0f,0f,1f],start_interpolation: 0,interpolation_duration: 1}
$data merge entity $(right_fingers) {transformation: [-0.945f,-0.0319f,-0.3256f,-2.8349f,0.0773f,0.9453f,-0.317f,3.0262f,0.3178f,-0.3247f,-0.8908f,-0.1858f,0f,0f,0f,1f],start_interpolation: 0,interpolation_duration: 1}
$data merge entity $(scout) {transformation: [0f,0f,0f,-2.7122f,0f,0f,0f,3.0455f,0f,0f,0f,-0.3572f,0f,0f,0f,1f],start_interpolation: 0,interpolation_duration: 1}
$data merge entity $(right_hand) {transformation: [-0.9305f,-0.1681f,-0.3256f,-2.9479f,-0.0601f,0.9465f,-0.317f,3.5939f,0.3614f,-0.2754f,-0.8908f,-0.3961f,0f,0f,0f,1f],start_interpolation: 0,interpolation_duration: 1}
$data merge entity $(right_forearm) {transformation: [-0.9881f,0.3969f,0.8737f,-2.2773f,-0.0725f,1.2196f,-0.636f,5.4104f,-0.9569f,-0.5022f,-0.854f,-1.1437f,0f,0f,0f,1f],start_interpolation: 0,interpolation_duration: 1}
$data merge entity $(right_shoulder) {transformation: [-1.1205f,0.9283f,0.1806f,-0.9255f,0.6598f,0.5669f,1.1803f,5.9307f,0.6774f,0.9832f,-0.851f,-0.0541f,0f,0f,0f,1f],start_interpolation: 0,interpolation_duration: 1}
$data merge entity $(right_arm) {transformation: [-0.9505f,0.0181f,-0.3103f,-0.3869f,-0.1206f,0.8987f,0.4217f,6.2626f,0.2864f,0.4382f,-0.852f,-0.0958f,0f,0f,0f,1f],start_interpolation: 0,interpolation_duration: 1}
$data merge entity $(left_thumb_2) {transformation: [-0.0169f,0.3351f,0.942f,1.7073f,-0.9861f,0.1501f,-0.0711f,4.6655f,-0.1652f,-0.9301f,0.3279f,1.2505f,0f,0f,0f,1f],start_interpolation: 0,interpolation_duration: 1}
$data merge entity $(left_thumb) {transformation: [-0.0169f,0.8346f,0.5506f,1.9706f,-0.9861f,0.077f,-0.1471f,4.8385f,-0.1652f,-0.5454f,0.8217f,1.088f,0f,0f,0f,1f],start_interpolation: 0,interpolation_duration: 1}
$data merge entity $(left_fingers2) {transformation: [-0.0992f,0.6118f,0.7847f,1.6874f,-0.8354f,0.3773f,-0.3998f,5.0452f,-0.5407f,-0.6952f,0.4737f,1.9017f,0f,0f,0f,1f],start_interpolation: 0,interpolation_duration: 1}
$data merge entity $(left_fingers) {transformation: [-0.4795f,0.3928f,0.7847f,1.8186f,-0.8758f,-0.2704f,-0.3998f,4.99f,0.0552f,-0.879f,0.4737f,1.6532f,0f,0f,0f,1f],start_interpolation: 0,interpolation_duration: 1}
$data merge entity $(left_hand) {transformation: [-0.4177f,0.458f,0.7847f,2.1325f,-0.9057f,-0.141f,-0.3998f,4.8812f,-0.0724f,-0.8777f,0.4737f,1.1347f,0f,0f,0f,1f],start_interpolation: 0,interpolation_duration: 1}
$data merge entity $(left_forearm) {transformation: [-1.1315f,0.2877f,-0.7308f,2.4921f,0.7762f,0.2139f,-1.1176f,5.1949f,-0.12f,-1.3299f,-0.3378f,-0.8854f,0f,0f,0f,1f],start_interpolation: 0,interpolation_duration: 1}
$data merge entity $(left_shoulder) {transformation: [-1.0051f,-1.0675f,0.005f,0.9878f,-1.0427f,0.9831f,0.3101f,6.1734f,-0.2292f,0.209f,-1.4331f,-0.6307f,0f,0f,0f,1f],start_interpolation: 0,interpolation_duration: 1}
$data merge entity $(left_arm) {transformation: [-0.9505f,0.0181f,-0.3103f,0.4544f,-0.1206f,0.8987f,0.4217f,6.3693f,0.2864f,0.4382f,-0.852f,-0.3494f,0f,0f,0f,1f],start_interpolation: 0,interpolation_duration: 1}
$data merge entity $(chest) {transformation: [-1.2152f,0.0231f,-0.3967f,-0.0096f,-0.1541f,1.149f,0.5392f,4.7075f,0.3662f,0.5603f,-1.0893f,-1.0435f,0f,0f,0f,1f],start_interpolation: 0,interpolation_duration: 1}
$data merge entity $(left_cheek) {transformation: [-0.8018f,-0.3946f,-0.4487f,0.1058f,-0.2698f,0.9091f,-0.3174f,3.7583f,0.5332f,-0.1334f,-0.8354f,-1.9932f,0f,0f,0f,1f],start_interpolation: 0,interpolation_duration: 1}
$data merge entity $(left_foot) {transformation: [-0.6199f,-0.0972f,-0.8072f,1.4808f,-0.1602f,1.0097f,0.0014f,-3.7371f,0.7971f,0.1274f,-0.6274f,-2.6987f,0f,0f,0f,1f],start_interpolation: 0,interpolation_duration: 1}
$data merge entity $(left_knee) {transformation: [-2.1276f,0.2441f,-2.1601f,1.7913f,-0.6445f,2.8158f,0.953f,0.2175f,2.0761f,1.1243f,-1.9178f,-1.2808f,0f,0f,0f,1f],start_interpolation: 0,interpolation_duration: 1}
$data merge entity $(left_leg) {transformation: [-1.2016f,-0.6255f,-1.0565f,0.7702f,-0.364f,1.5933f,-0.5293f,2.7705f,1.1726f,-0.1463f,-1.247f,-1.4299f,0f,0f,0f,1f],start_interpolation: 0,interpolation_duration: 1}
$data merge entity $(right_cheek) {transformation: [-0.9835f,0.0582f,-0.1712f,-0.4035f,0.1165f,0.928f,-0.354f,3.7267f,0.1383f,-0.3681f,-0.9194f,-1.7706f,0f,0f,0f,1f],start_interpolation: 0,interpolation_duration: 1}
$data merge entity $(right_foot) {transformation: [-1.0162f,0.084f,0.074f,-0.8403f,0.11f,0.6221f,0.8038f,-2.6427f,0.021f,0.807f,-0.6274f,-1.1076f,0f,0f,0f,1f],start_interpolation: 0,interpolation_duration: 1}
$data merge entity $(right_knee) {transformation: [-3.0277f,0.2811f,-0.0802f,-0.5414f,0.19f,2.5266f,1.6829f,0.9285f,0.2222f,1.6701f,-2.5325f,1.1066f,0f,0f,0f,1f],start_interpolation: 0,interpolation_duration: 1}
$data merge entity $(right_leg) {transformation: [-1.7098f,-0.06f,-0.1564f,-0.5618f,0.0842f,1.0787f,-1.3344f,2.6922f,0.1448f,-1.3357f,-1.0706f,-1.0079f,0f,0f,0f,1f],start_interpolation: 0,interpolation_duration: 1}
$data merge entity $(weist) {transformation: [-1.5442f,-0.0673f,-0.4929f,0f,-0.0908f,1.6186f,0.0633f,4.3828f,0.4891f,0.0879f,-1.5444f,-1.2414f,0f,0f,0f,1f],start_interpolation: 0,interpolation_duration: 1}
data modify storage animated_java:temp entry.data merge value {"locators":{"consume":{"px":-2.6268755487,"py":2.9113387136,"pz":-0.2973615056,"ry":339.924854035,"rx":-18.4793683716}}}
# Data Manager: Prepare for Read / Write
execute store result storage animated_java:temp args.id int 1 run scoreboard players get @s aj.id
# Data Manager: Write
function animated_java:global/data_manager/write with storage animated_java:temp args