# This file was generated by Animated Java via MC-Build. It is not recommended to edit this file directly.
$data merge entity $(neck) {transformation: [-0.9975f,0.0648f,-0.0271f,0.0728f,0.0332f,0.7749f,0.6313f,6.4381f,0.0619f,0.6288f,-0.7751f,-0.3332f,0f,0f,0f,1f],start_interpolation: 0,interpolation_duration: 1}
$data merge entity $(right_thumb_2) {transformation: [-0.9058f,0.3781f,-0.1912f,-2.9304f,0.3593f,0.9246f,0.1264f,4.2175f,0.2246f,0.0458f,-0.9734f,-1.2796f,0f,0f,0f,1f],start_interpolation: 0,interpolation_duration: 1}
$data merge entity $(right_thumb) {transformation: [-0.9058f,-0.0213f,-0.4231f,-3.0656f,0.3593f,0.4908f,-0.7937f,4.4399f,0.2246f,-0.871f,-0.4369f,-1.5204f,0f,0f,0f,1f],start_interpolation: 0,interpolation_duration: 1}
$data merge entity $(right_fingers2) {transformation: [0.974f,0.2007f,-0.1052f,-3.0038f,0.1128f,-0.8321f,-0.543f,3.8793f,-0.1965f,0.5171f,-0.8331f,-1.2595f,0f,0f,0f,1f],start_interpolation: 0,interpolation_duration: 1}
$data merge entity $(right_fingers) {transformation: [-0.2771f,-0.9551f,-0.1052f,-3.2845f,-0.7885f,0.2886f,-0.543f,3.9353f,0.549f,-0.0675f,-0.8331f,-1.2693f,0f,0f,0f,1f],start_interpolation: 0,interpolation_duration: 1}
$data merge entity $(scout) {transformation: [0f,0f,0f,-3.1145f,0f,0f,0f,3.8792f,0f,0f,0f,-1.3822f,0f,0f,0f,1f],start_interpolation: 0,interpolation_duration: 1}
$data merge entity $(right_hand) {transformation: [-0.9805f,0.1658f,-0.1052f,-3.1825f,0.1963f,0.8164f,-0.543f,4.4118f,-0.0041f,-0.5531f,-0.8331f,-1.6459f,0f,0f,0f,1f],start_interpolation: 0,interpolation_duration: 1}
$data merge entity $(right_forearm) {transformation: [-0.5551f,0.8486f,0.9322f,-1.8476f,0.1444f,1.0547f,-0.874f,5.9622f,-1.2523f,-0.2545f,-0.514f,-1.9958f,0f,0f,0f,1f],start_interpolation: 0,interpolation_duration: 1}
$data merge entity $(right_shoulder) {transformation: [-1.0774f,0.5956f,0.7964f,-0.9298f,0.9597f,0.3149f,1.0628f,6.1186f,0.2607f,1.3022f,-0.6213f,-0.4406f,0f,0f,0f,1f],start_interpolation: 0,interpolation_duration: 1}
$data merge entity $(right_arm) {transformation: [-0.999f,-0.002f,-0.0436f,-0.3673f,-0.0267f,0.8174f,0.5755f,6.3753f,0.0345f,0.5761f,-0.8166f,-0.3001f,0f,0f,0f,1f],start_interpolation: 0,interpolation_duration: 1}
$data merge entity $(left_thumb_2) {transformation: [-0.8485f,-0.4267f,0.313f,3.4196f,-0.4629f,0.8851f,-0.0483f,4.0905f,-0.2564f,-0.1859f,-0.9485f,-0.4618f,0f,0f,0f,1f],start_interpolation: 0,interpolation_duration: 1}
$data merge entity $(left_thumb) {transformation: [-0.8485f,0.1129f,0.517f,3.5744f,-0.4629f,0.315f,-0.8285f,4.2722f,-0.2564f,-0.9423f,-0.2151f,-0.724f,0f,0f,0f,1f],start_interpolation: 0,interpolation_duration: 1}
$data merge entity $(left_fingers2) {transformation: [0.9434f,-0.2261f,0.2427f,3.5065f,0.0007f,-0.7303f,-0.6831f,3.7689f,0.3317f,0.6446f,-0.6888f,-0.3658f,0f,0f,0f,1f],start_interpolation: 0,interpolation_duration: 1}
$data merge entity $(left_fingers) {transformation: [-0.2404f,0.9398f,0.2427f,3.7829f,0.6456f,0.3415f,-0.6831f,3.843f,-0.7249f,-0.0076f,-0.6888f,-0.3526f,0f,0f,0f,1f],start_interpolation: 0,interpolation_duration: 1}
$data merge entity $(left_hand) {transformation: [-0.9612f,-0.1311f,0.2427f,3.7083f,-0.2653f,0.6805f,-0.6831f,4.2294f,-0.0756f,-0.721f,-0.6888f,-0.8262f,0f,0f,0f,1f],start_interpolation: 0,interpolation_duration: 1}
$data merge entity $(left_forearm) {transformation: [-0.7142f,-0.8573f,-0.8075f,2.3581f,0.0612f,0.9161f,-1.0267f,5.5743f,1.1762f,-0.5682f,-0.4369f,-1.6489f,0f,0f,0f,1f],start_interpolation: 0,interpolation_duration: 1}
$data merge entity $(left_shoulder) {transformation: [-1.0164f,-0.8941f,-0.5632f,1.0813f,-1.0345f,0.6823f,0.7837f,6.1724f,-0.2158f,0.9407f,-1.1038f,-0.51f,0f,0f,0f,1f],start_interpolation: 0,interpolation_duration: 1}
$data merge entity $(left_arm) {transformation: [-0.999f,-0.002f,-0.0436f,0.5169f,-0.0267f,0.8174f,0.5755f,6.399f,0.0345f,0.5761f,-0.8166f,-0.3306f,0f,0f,0f,1f],start_interpolation: 0,interpolation_duration: 1}
$data merge entity $(chest) {transformation: [-1.2773f,-0.0025f,-0.0557f,0.0769f,-0.0342f,1.045f,0.7358f,4.9309f,0.0441f,0.7366f,-1.0441f,-1.3841f,0f,0f,0f,1f],start_interpolation: 0,interpolation_duration: 1}
$data merge entity $(left_cheek) {transformation: [-0.9283f,-0.1634f,-0.3341f,0.3543f,-0.1363f,0.9853f,-0.1032f,3.9773f,0.346f,-0.0503f,-0.9369f,-2.4586f,0f,0f,0f,1f],start_interpolation: 0,interpolation_duration: 1}
$data merge entity $(left_foot) {transformation: [-0.8424f,-0.0584f,-0.5764f,0.8701f,-0.1997f,0.9841f,0.1921f,-3.5571f,0.5438f,0.2709f,-0.8223f,-4.0823f,0f,0f,0f,1f],start_interpolation: 0,interpolation_duration: 1}
$data merge entity $(left_knee) {transformation: [-2.7094f,0.1641f,-1.3728f,1.1188f,-0.454f,2.7472f,1.2244f,0.3081f,1.3059f,1.2955f,-2.4225f,-2.4258f,0f,0f,0f,1f],start_interpolation: 0,interpolation_duration: 1}
$data merge entity $(left_leg) {transformation: [-1.5302f,-0.2205f,-0.7491f,0.7237f,-0.2564f,1.6985f,0.0238f,3.0179f,0.7376f,0.133f,-1.5459f,-2.1367f,0f,0f,0f,1f],start_interpolation: 0,interpolation_duration: 1}
$data merge entity $(right_cheek) {transformation: [-0.996f,0.087f,0.0202f,-0.422f,0.0843f,0.9905f,-0.1091f,4.066f,-0.0295f,-0.107f,-0.9938f,-2.2977f,0f,0f,0f,1f],start_interpolation: 0,interpolation_duration: 1}
$data merge entity $(right_foot) {transformation: [-1.0153f,0.0502f,0.109f,-1.0839f,0.0506f,1.0211f,0.0007f,-3.7709f,-0.1089f,0.0061f,-1.0165f,-0.8122f,0f,0f,0f,1f],start_interpolation: 0,interpolation_duration: 1}
$data merge entity $(right_knee) {transformation: [-3.0206f,0.1391f,0.3298f,-0.9645f,0.1502f,3.0365f,0.0947f,0.4399f,-0.3249f,0.1104f,-3.0223f,-0.7924f,0f,0f,0f,1f],start_interpolation: 0,interpolation_duration: 1}
$data merge entity $(right_leg) {transformation: [-1.7059f,0.1526f,0.134f,-0.653f,0.0811f,1.551f,-0.7343f,2.9428f,-0.1862f,-0.7228f,-1.5473f,-1.8974f,0f,0f,0f,1f],start_interpolation: 0,interpolation_duration: 1}
$data merge entity $(weist) {transformation: [-1.5961f,-0.0141f,-0.2905f,0f,-0.0871f,1.5692f,0.4024f,4.6062f,0.2775f,0.4114f,-1.5446f,-1.7103f,0f,0f,0f,1f],start_interpolation: 0,interpolation_duration: 1}
data modify storage animated_java:temp entry.data merge value {"locators":{"consume":{"px":-3.0878973289,"py":3.7615056093,"pz":-1.2626267925,"ry":352.8045304691,"rx":-32.8913475168}}}
# Data Manager: Prepare for Read / Write
execute store result storage animated_java:temp args.id int 1 run scoreboard players get @s aj.id
# Data Manager: Write
function animated_java:global/data_manager/write with storage animated_java:temp args