# This file was generated by Animated Java via MC-Build. It is not recommended to edit this file directly.
$data merge entity $(neck) {transformation: [-0.9974f,0.0667f,-0.0271f,0.0735f,0.0333f,0.7618f,0.6469f,6.46f,0.0638f,0.6443f,-0.7621f,-0.3383f,0f,0f,0f,1f],start_interpolation: 0,interpolation_duration: 1}
$data merge entity $(right_thumb_2) {transformation: [-0.9056f,0.3855f,-0.1768f,-2.9223f,0.3579f,0.9183f,0.1693f,4.2812f,0.2276f,0.09f,-0.9696f,-1.3717f,0f,0f,0f,1f],start_interpolation: 0,interpolation_duration: 1}
$data merge entity $(right_thumb) {transformation: [-0.9056f,-0.0088f,-0.424f,-3.0535f,0.3579f,0.5205f,-0.7752f,4.5126f,0.2276f,-0.8538f,-0.4682f,-1.6061f,0f,0f,0f,1f],start_interpolation: 0,interpolation_duration: 1}
$data merge entity $(right_fingers2) {transformation: [0.9642f,0.2453f,-0.1003f,-2.9938f,0.1614f,-0.8438f,-0.5117f,3.9495f,-0.2102f,0.4772f,-0.8533f,-1.3698f,0f,0f,0f,1f],start_interpolation: 0,interpolation_duration: 1}
$data merge entity $(right_fingers) {transformation: [-0.256f,-0.9615f,-0.1003f,-3.2757f,-0.8154f,0.2705f,-0.5117f,3.9998f,0.5191f,-0.0492f,-0.8533f,-1.3754f,0f,0f,0f,1f],start_interpolation: 0,interpolation_duration: 1}
$data merge entity $(scout) {transformation: [0f,0f,0f,-3.105f,0f,0f,0f,3.9474f,0f,0f,0f,-1.489f,0f,0f,0f,1f],start_interpolation: 0,interpolation_duration: 1}
$data merge entity $(right_hand) {transformation: [-0.9799f,0.1723f,-0.1003f,-3.1695f,0.1993f,0.8357f,-0.5117f,4.4895f,-0.0043f,-0.5215f,-0.8533f,-1.7334f,0f,0f,0f,1f],start_interpolation: 0,interpolation_duration: 1}
$data merge entity $(right_forearm) {transformation: [-0.5438f,0.8536f,0.9342f,-1.8273f,0.1986f,1.0618f,-0.8546f,6.0492f,-1.2498f,-0.2027f,-0.5422f,-2.0064f,0f,0f,0f,1f],start_interpolation: 0,interpolation_duration: 1}
$data merge entity $(right_shoulder) {transformation: [-1.076f,0.5818f,0.8084f,-0.927f,0.9524f,0.253f,1.0857f,6.1308f,0.2913f,1.3218f,-0.5637f,-0.4354f,0f,0f,0f,1f],start_interpolation: 0,interpolation_duration: 1}
$data merge entity $(right_arm) {transformation: [-0.9979f,-0.0015f,-0.0646f,-0.3653f,-0.0396f,0.8046f,0.5925f,6.3912f,0.0511f,0.5938f,-0.803f,-0.299f,0f,0f,0f,1f],start_interpolation: 0,interpolation_duration: 1}
$data merge entity $(left_thumb_2) {transformation: [-0.8517f,-0.431f,0.2981f,3.4016f,-0.4645f,0.8843f,-0.0484f,4.1469f,-0.2427f,-0.1797f,-0.9533f,-0.5332f,0f,0f,0f,1f],start_interpolation: 0,interpolation_duration: 1}
$data merge entity $(left_thumb) {transformation: [-0.8517f,0.1021f,0.514f,3.5535f,-0.4645f,0.3073f,-0.8306f,4.3263f,-0.2427f,-0.9461f,-0.2143f,-0.7986f,0f,0f,0f,1f],start_interpolation: 0,interpolation_duration: 1}
$data merge entity $(left_fingers2) {transformation: [0.9331f,-0.2726f,0.2344f,3.4855f,-0.0392f,-0.7252f,-0.6874f,3.8307f,0.3574f,0.6323f,-0.6874f,-0.4433f,0f,0f,0f,1f],start_interpolation: 0,interpolation_duration: 1}
$data merge entity $(left_fingers) {transformation: [-0.217f,0.9476f,0.2344f,3.7634f,0.6522f,0.3194f,-0.6874f,3.8982f,-0.7263f,0.0037f,-0.6874f,-0.4268f,0f,0f,0f,1f],start_interpolation: 0,interpolation_duration: 1}
$data merge entity $(left_hand) {transformation: [-0.9628f,-0.1346f,0.2344f,3.6863f,-0.262f,0.6773f,-0.6874f,4.2826f,-0.0663f,-0.7233f,-0.6874f,-0.9018f,0f,0f,0f,1f],start_interpolation: 0,interpolation_duration: 1}
$data merge entity $(left_forearm) {transformation: [-0.7043f,-0.8594f,-0.814f,2.3332f,0.064f,0.9182f,-1.0247f,5.6307f,1.182f,-0.5617f,-0.4296f,-1.7142f,0f,0f,0f,1f],start_interpolation: 0,interpolation_duration: 1}
$data merge entity $(left_shoulder) {transformation: [-1.0175f,-0.8739f,-0.5923f,1.0817f,-1.0358f,0.6677f,0.7944f,6.2104f,-0.2037f,0.9697f,-1.0807f,-0.5382f,0f,0f,0f,1f],start_interpolation: 0,interpolation_duration: 1}
$data merge entity $(left_arm) {transformation: [-0.9979f,-0.0015f,-0.0646f,0.518f,-0.0396f,0.8046f,0.5925f,6.4262f,0.0511f,0.5938f,-0.803f,-0.3442f,0f,0f,0f,1f],start_interpolation: 0,interpolation_duration: 1}
$data merge entity $(chest) {transformation: [-1.2759f,-0.002f,-0.0826f,0.0769f,-0.0506f,1.0288f,0.7575f,4.976f,0.0653f,0.7592f,-1.0267f,-1.4217f,0f,0f,0f,1f],start_interpolation: 0,interpolation_duration: 1}
$data merge entity $(left_cheek) {transformation: [-0.9284f,-0.1537f,-0.3382f,0.3758f,-0.1305f,0.9873f,-0.0906f,4.0279f,0.3478f,-0.04f,-0.9367f,-2.5123f,0f,0f,0f,1f],start_interpolation: 0,interpolation_duration: 1}
$data merge entity $(left_foot) {transformation: [-0.8424f,-0.0513f,-0.577f,0.8523f,-0.1941f,0.9845f,0.1958f,-3.5146f,0.5458f,0.2709f,-0.821f,-4.1415f,0f,0f,0f,1f],start_interpolation: 0,interpolation_duration: 1}
$data merge entity $(left_knee) {transformation: [-2.7094f,0.1671f,-1.3723f,1.1052f,-0.4399f,2.7583f,1.2045f,0.3647f,1.3106f,1.2713f,-2.4328f,-2.5191f,0f,0f,0f,1f],start_interpolation: 0,interpolation_duration: 1}
$data merge entity $(left_leg) {transformation: [-1.5303f,-0.203f,-0.7539f,0.7384f,-0.2485f,1.6993f,0.0467f,3.0753f,0.7402f,0.1506f,-1.543f,-2.2018f,0f,0f,0f,1f],start_interpolation: 0,interpolation_duration: 1}
$data merge entity $(right_cheek) {transformation: [-0.9958f,0.0906f,0.0136f,-0.4039f,0.0887f,0.9904f,-0.1063f,4.1076f,-0.0231f,-0.1047f,-0.9942f,-2.361f,0f,0f,0f,1f],start_interpolation: 0,interpolation_duration: 1}
$data merge entity $(right_foot) {transformation: [-1.0157f,0.0546f,0.103f,-1.0871f,0.0545f,1.0209f,-0.0044f,-3.7309f,-0.1031f,0.0011f,-1.0172f,-0.8626f,0f,0f,0f,1f],start_interpolation: 0,interpolation_duration: 1}
$data merge entity $(right_knee) {transformation: [-3.0218f,0.1502f,0.314f,-0.9531f,0.1592f,3.0365f,0.0797f,0.4795f,-0.3096f,0.0957f,-3.0244f,-0.8628f,0f,0f,0f,1f],start_interpolation: 0,interpolation_duration: 1}
$data merge entity $(right_leg) {transformation: [-1.7066f,0.155f,0.1213f,-0.6374f,0.089f,1.5524f,-0.7304f,2.9843f,-0.1755f,-0.7193f,-1.5502f,-1.9625f,0f,0f,0f,1f],start_interpolation: 0,interpolation_duration: 1}
$data merge entity $(weist) {transformation: [-1.5949f,-0.0286f,-0.2955f,0f,-0.1056f,1.5639f,0.4185f,4.6513f,0.2775f,0.4307f,-1.5393f,-1.7555f,0f,0f,0f,1f],start_interpolation: 0,interpolation_duration: 1}
data modify storage animated_java:temp entry.data merge value {"locators":{"consume":{"px":-3.0796451001,"py":3.8253219396,"pz":-1.3736322725,"ry":353.2949154519,"rx":-30.7794487267}}}
# Data Manager: Prepare for Read / Write
execute store result storage animated_java:temp args.id int 1 run scoreboard players get @s aj.id
# Data Manager: Write
function animated_java:global/data_manager/write with storage animated_java:temp args