# This file was generated by Animated Java via MC-Build. It is not recommended to edit this file directly.
$data merge entity $(neck) {transformation: [-0.9972f,0.0692f,-0.0271f,0.0757f,0.034f,0.7499f,0.6607f,6.4789f,0.066f,0.6579f,-0.7502f,-0.3442f,0f,0f,0f,1f],start_interpolation: 0,interpolation_duration: 1}
$data merge entity $(right_thumb_2) {transformation: [-0.9099f,0.3927f,-0.1337f,-2.9884f,0.3522f,0.9016f,0.2513f,4.2393f,0.2192f,0.1815f,-0.9586f,-1.5163f,0f,0f,0f,1f],start_interpolation: 0,interpolation_duration: 1}
$data merge entity $(right_thumb) {transformation: [-0.9099f,0.0299f,-0.4138f,-3.1078f,0.3522f,0.5827f,-0.7324f,4.4893f,0.2192f,-0.8121f,-0.5408f,-1.7374f,0f,0f,0f,1f],start_interpolation: 0,interpolation_duration: 1}
$data merge entity $(right_fingers2) {transformation: [0.9613f,0.2659f,-0.0718f,-3.0596f,0.2079f,-0.8715f,-0.4441f,3.9155f,-0.1806f,0.412f,-0.8931f,-1.5462f,0f,0f,0f,1f],start_interpolation: 0,interpolation_duration: 1}
$data merge entity $(right_fingers) {transformation: [-0.2571f,-0.9637f,-0.0718f,-3.342f,-0.8569f,0.2616f,-0.4441f,3.9626f,0.4468f,-0.0526f,-0.8931f,-1.5551f,0f,0f,0f,1f],start_interpolation: 0,interpolation_duration: 1}
$data merge entity $(scout) {transformation: [0f,0f,0f,-3.1675f,0f,0f,0f,3.9174f,0f,0f,0f,-1.666f,0f,0f,0f,1f],start_interpolation: 0,interpolation_duration: 1}
$data merge entity $(right_hand) {transformation: [-0.9777f,0.1973f,-0.0718f,-3.2191f,0.2085f,0.8714f,-0.4441f,4.4771f,-0.0251f,-0.4492f,-0.8931f,-1.8703f,0f,0f,0f,1f],start_interpolation: 0,interpolation_duration: 1}
$data merge entity $(right_forearm) {transformation: [-0.4966f,0.8679f,0.9473f,-1.857f,0.2922f,1.0653f,-0.8228f,6.0393f,-1.251f,-0.0957f,-0.5682f,-1.9832f,0f,0f,0f,1f],start_interpolation: 0,interpolation_duration: 1}
$data merge entity $(right_shoulder) {transformation: [-1.0981f,0.6046f,0.7606f,-0.923f,0.9169f,0.2652f,1.113f,6.142f,0.3214f,1.3092f,-0.5766f,-0.4332f,0f,0f,0f,1f],start_interpolation: 0,interpolation_duration: 1}
$data merge entity $(right_arm) {transformation: [-0.9966f,-0.0003f,-0.0818f,-0.3618f,-0.0501f,0.7931f,0.607f,6.4051f,0.0647f,0.6091f,-0.7905f,-0.2999f,0f,0f,0f,1f],start_interpolation: 0,interpolation_duration: 1}
$data merge entity $(left_thumb_2) {transformation: [-0.8519f,-0.4391f,0.2854f,3.3909f,-0.4661f,0.8842f,-0.031f,4.1915f,-0.2387f,-0.1594f,-0.9579f,-0.5937f,0f,0f,0f,1f],start_interpolation: 0,interpolation_duration: 1}
$data merge entity $(left_thumb) {transformation: [-0.8519f,0.0917f,0.5156f,3.5395f,-0.4661f,0.316f,-0.8264f,4.374f,-0.2387f,-0.9443f,-0.2265f,-0.8589f,0f,0f,0f,1f],start_interpolation: 0,interpolation_duration: 1}
$data merge entity $(left_fingers2) {transformation: [0.9225f,-0.3097f,0.2302f,3.4739f,-0.0755f,-0.7299f,-0.6794f,3.8792f,0.3784f,0.6094f,-0.6967f,-0.5137f,0f,0f,0f,1f],start_interpolation: 0,interpolation_duration: 1}
$data merge entity $(left_fingers) {transformation: [-0.1996f,0.9524f,0.2302f,3.7527f,0.6678f,0.3042f,-0.6794f,3.9421f,-0.7171f,0.0181f,-0.6967f,-0.4935f,0f,0f,0f,1f],start_interpolation: 0,interpolation_duration: 1}
$data merge entity $(left_hand) {transformation: [-0.9629f,-0.1407f,0.2302f,3.6716f,-0.2626f,0.6852f,-0.6794f,4.3316f,-0.0621f,-0.7146f,-0.6967f,-0.9635f,0f,0f,0f,1f],start_interpolation: 0,interpolation_duration: 1}
$data merge entity $(left_forearm) {transformation: [-0.6952f,-0.8625f,-0.8186f,2.314f,0.0676f,0.918f,-1.0246f,5.6795f,1.1871f,-0.5573f,-0.4209f,-1.7688f,0f,0f,0f,1f],start_interpolation: 0,interpolation_duration: 1}
$data merge entity $(left_shoulder) {transformation: [-1.0175f,-0.8576f,-0.6158f,1.0832f,-1.0377f,0.6547f,0.8028f,6.2428f,-0.1945f,0.9929f,-1.0612f,-0.5634f,0f,0f,0f,1f],start_interpolation: 0,interpolation_duration: 1}
$data merge entity $(left_arm) {transformation: [-0.9966f,-0.0003f,-0.0818f,0.5204f,-0.0501f,0.7931f,0.607f,6.4494f,0.0647f,0.6091f,-0.7905f,-0.3571f,0f,0f,0f,1f],start_interpolation: 0,interpolation_duration: 1}
$data merge entity $(chest) {transformation: [-1.2743f,-0.0004f,-0.1046f,0.0771f,-0.064f,1.014f,0.7761f,5.0159f,0.0827f,0.7787f,-1.0107f,-1.4558f,0f,0f,0f,1f],start_interpolation: 0,interpolation_duration: 1}
$data merge entity $(left_cheek) {transformation: [-0.9283f,-0.1453f,-0.3422f,0.3929f,-0.1256f,0.9889f,-0.0791f,4.0734f,0.3499f,-0.0304f,-0.9363f,-2.5605f,0f,0f,0f,1f],start_interpolation: 0,interpolation_duration: 1}
$data merge entity $(left_foot) {transformation: [-0.8421f,-0.0457f,-0.5779f,0.8392f,-0.1898f,0.9848f,0.1987f,-3.4774f,0.5478f,0.2709f,-0.8196f,-4.1974f,0f,0f,0f,1f],start_interpolation: 0,interpolation_duration: 1}
$data merge entity $(left_knee) {transformation: [-2.7087f,0.1667f,-1.3738f,1.0915f,-0.4297f,2.769f,1.1833f,0.4156f,1.3154f,1.2478f,-2.4423f,-2.608f,0f,0f,0f,1f],start_interpolation: 0,interpolation_duration: 1}
$data merge entity $(left_leg) {transformation: [-1.5299f,-0.1872f,-0.7588f,0.7503f,-0.2427f,1.6993f,0.0702f,3.1258f,0.743f,0.1697f,-1.5397f,-2.2602f,0f,0f,0f,1f],start_interpolation: 0,interpolation_duration: 1}
$data merge entity $(right_cheek) {transformation: [-0.9955f,0.0939f,0.0083f,-0.3891f,0.0925f,0.9903f,-0.1039f,4.1453f,-0.018f,-0.1027f,-0.9945f,-2.4172f,0f,0f,0f,1f],start_interpolation: 0,interpolation_duration: 1}
$data merge entity $(right_foot) {transformation: [-1.016f,0.0583f,0.0978f,-1.0907f,0.0578f,1.0207f,-0.0084f,-3.6937f,-0.0981f,-0.0028f,-1.0176f,-0.9077f,0f,0f,0f,1f],start_interpolation: 0,interpolation_duration: 1}
$data merge entity $(right_knee) {transformation: [-3.0226f,0.1595f,0.301f,-0.9444f,0.167f,3.0364f,0.068f,0.5162f,-0.2969f,0.0841f,-3.026f,-0.9236f,0f,0f,0f,1f],start_interpolation: 0,interpolation_duration: 1}
$data merge entity $(right_leg) {transformation: [-1.7072f,0.1573f,0.1108f,-0.6246f,0.0958f,1.553f,-0.7284f,3.0215f,-0.1668f,-0.7176f,-1.552f,-2.0208f,0f,0f,0f,1f],start_interpolation: 0,interpolation_duration: 1}
$data merge entity $(weist) {transformation: [-1.5939f,-0.0404f,-0.2999f,0f,-0.1209f,1.5589f,0.4326f,4.6912f,0.2774f,0.4474f,-1.5346f,-1.7965f,0f,0f,0f,1f],start_interpolation: 0,interpolation_duration: 1}
data modify storage animated_java:temp entry.data merge value {"locators":{"consume":{"px":-3.1473253156,"py":3.7865865268,"pz":-1.5594790768,"ry":355.4046636616,"rx":-26.3664121439}}}
# Data Manager: Prepare for Read / Write
execute store result storage animated_java:temp args.id int 1 run scoreboard players get @s aj.id
# Data Manager: Write
function animated_java:global/data_manager/write with storage animated_java:temp args