# This file was generated by Animated Java via MC-Build. It is not recommended to edit this file directly.
$data merge entity $(neck) {transformation: [-0.9973f,0.0679f,-0.0273f,0.075f,0.0336f,0.7562f,0.6535f,6.4674f,0.065f,0.6509f,-0.7564f,-0.3426f,0f,0f,0f,1f],start_interpolation: 0,interpolation_duration: 1}
$data merge entity $(right_thumb_2) {transformation: [-0.9136f,0.3576f,-0.1933f,-2.948f,0.3245f,0.928f,0.1833f,4.0818f,0.2449f,0.1048f,-0.9639f,-1.2772f,0f,0f,0f,1f],start_interpolation: 0,interpolation_duration: 1}
$data merge entity $(right_thumb) {transformation: [-0.9136f,-0.0376f,-0.4048f,-3.0898f,0.3245f,0.5325f,-0.7818f,4.3122f,0.2449f,-0.8456f,-0.4743f,-1.5062f,0f,0f,0f,1f],start_interpolation: 0,interpolation_duration: 1}
$data merge entity $(right_fingers2) {transformation: [0.9504f,0.297f,-0.0928f,-3.0075f,0.2129f,-0.8381f,-0.5022f,3.7501f,-0.2269f,0.4576f,-0.8597f,-1.2805f,0f,0f,0f,1f],start_interpolation: 0,interpolation_duration: 1}
$data merge entity $(right_fingers) {transformation: [-0.2131f,-0.9726f,-0.0928f,-3.2914f,-0.8334f,0.2305f,-0.5022f,3.7886f,0.5099f,-0.0297f,-0.8597f,-1.2809f,0f,0f,0f,1f],start_interpolation: 0,interpolation_duration: 1}
$data merge entity $(scout) {transformation: [0f,0f,0f,-3.1203f,0f,0f,0f,3.7439f,0f,0f,0f,-1.3972f,0f,0f,0f,1f],start_interpolation: 0,interpolation_duration: 1}
$data merge entity $(right_hand) {transformation: [-0.9862f,0.1369f,-0.0928f,-3.2065f,0.1651f,0.8488f,-0.5022f,4.287f,0.01f,-0.5106f,-0.8597f,-1.6326f,0f,0f,0f,1f],start_interpolation: 0,interpolation_duration: 1}
$data merge entity $(right_forearm) {transformation: [-0.5693f,0.813f,0.955f,-1.9237f,0.1743f,1.0899f,-0.8239f,5.8911f,-1.242f,-0.2197f,-0.5534f,-1.9319f,0f,0f,0f,1f],start_interpolation: 0,interpolation_duration: 1}
$data merge entity $(right_shoulder) {transformation: [-1.121f,0.6516f,0.6845f,-0.9253f,0.8919f,0.3784f,1.1005f,6.1372f,0.3125f,1.2578f,-0.6857f,-0.4393f,0f,0f,0f,1f],start_interpolation: 0,interpolation_duration: 1}
$data merge entity $(right_arm) {transformation: [-0.9977f,-0.001f,-0.0681f,-0.3635f,-0.0417f,0.7997f,0.599f,6.3975f,0.0538f,0.6005f,-0.7978f,-0.3025f,0f,0f,0f,1f],start_interpolation: 0,interpolation_duration: 1}
$data merge entity $(left_thumb_2) {transformation: [-0.849f,-0.4385f,0.2948f,3.411f,-0.4673f,0.8835f,-0.0315f,4.1695f,-0.2466f,-0.1645f,-0.9551f,-0.5493f,0f,0f,0f,1f],start_interpolation: 0,interpolation_duration: 1}
$data merge entity $(left_thumb) {transformation: [-0.849f,0.0992f,0.519f,3.5614f,-0.4673f,0.3175f,-0.8251f,4.3526f,-0.2466f,-0.9431f,-0.2232f,-0.813f,0f,0f,0f,1f],start_interpolation: 0,interpolation_duration: 1}
$data merge entity $(left_fingers2) {transformation: [0.9292f,-0.2848f,0.2357f,3.4959f,-0.0521f,-0.732f,-0.6794f,3.8547f,0.366f,0.619f,-0.6949f,-0.4645f,0f,0f,0f,1f],start_interpolation: 0,interpolation_duration: 1}
$data merge entity $(left_fingers) {transformation: [-0.2131f,0.9482f,0.2357f,3.7739f,0.6615f,0.3175f,-0.6794f,3.9215f,-0.719f,0.0111f,-0.6949f,-0.4461f,0f,0f,0f,1f],start_interpolation: 0,interpolation_duration: 1}
$data merge entity $(left_hand) {transformation: [-0.9619f,-0.1388f,0.2357f,3.6942f,-0.2652f,0.6842f,-0.6794f,4.3104f,-0.0669f,-0.7159f,-0.6949f,-0.9169f,0f,0f,0f,1f],start_interpolation: 0,interpolation_duration: 1}
$data merge entity $(left_forearm) {transformation: [-0.7f,-0.8644f,-0.8123f,2.3338f,0.0661f,0.9133f,-1.0289f,5.6512f,1.1844f,-0.5619f,-0.4227f,-1.7292f,0f,0f,0f,1f],start_interpolation: 0,interpolation_duration: 1}
$data merge entity $(left_shoulder) {transformation: [-1.0146f,-0.8739f,-0.5974f,1.083f,-1.0382f,0.6602f,0.7976f,6.2212f,-0.2064f,0.9749f,-1.0756f,-0.5476f,0f,0f,0f,1f],start_interpolation: 0,interpolation_duration: 1}
$data merge entity $(left_arm) {transformation: [-0.9977f,-0.001f,-0.0681f,0.5195f,-0.0417f,0.7997f,0.599f,6.4344f,0.0538f,0.6005f,-0.7978f,-0.3501f,0f,0f,0f,1f],start_interpolation: 0,interpolation_duration: 1}
$data merge entity $(chest) {transformation: [-1.2756f,-0.0013f,-0.087f,0.0775f,-0.0533f,1.0224f,0.7659f,4.9925f,0.0688f,0.7677f,-1.0201f,-1.4383f,0f,0f,0f,1f],start_interpolation: 0,interpolation_duration: 1}
$data merge entity $(left_cheek) {transformation: [-0.9281f,-0.1509f,-0.3405f,0.3788f,-0.1294f,0.9879f,-0.085f,4.0484f,0.3492f,-0.0348f,-0.9364f,-2.5337f,0f,0f,0f,1f],start_interpolation: 0,interpolation_duration: 1}
$data merge entity $(left_foot) {transformation: [-0.8419f,-0.0508f,-0.5778f,0.8558f,-0.194f,0.9844f,0.1962f,-3.5029f,0.5466f,0.2712f,-0.8203f,-4.1763f,0f,0f,0f,1f],start_interpolation: 0,interpolation_duration: 1}
$data merge entity $(left_knee) {transformation: [-2.7083f,0.1575f,-1.3756f,1.0953f,-0.442f,2.7656f,1.1868f,0.3859f,1.3121f,1.2566f,-2.4395f,-2.5746f,0f,0f,0f,1f],start_interpolation: 0,interpolation_duration: 1}
$data merge entity $(left_leg) {transformation: [-1.5297f,-0.1955f,-0.7572f,0.7407f,-0.2496f,1.6985f,0.0658f,3.0946f,0.7411f,0.1686f,-1.5407f,-2.2284f,0f,0f,0f,1f],start_interpolation: 0,interpolation_duration: 1}
$data merge entity $(right_cheek) {transformation: [-0.9957f,0.0922f,0.0134f,-0.4006f,0.0903f,0.9903f,-0.1054f,4.1249f,-0.023f,-0.1038f,-0.9943f,-2.3848f,0f,0f,0f,1f],start_interpolation: 0,interpolation_duration: 1}
$data merge entity $(right_foot) {transformation: [-1.0157f,0.056f,0.102f,-1.0936f,0.0558f,1.0208f,-0.0048f,-3.7119f,-0.1021f,0.0008f,-1.0173f,-0.8843f,0f,0f,0f,1f],start_interpolation: 0,interpolation_duration: 1}
$data merge entity $(right_knee) {transformation: [-3.0216f,0.1539f,0.3138f,-0.9545f,0.1629f,3.0363f,0.0792f,0.4984f,-0.3093f,0.0955f,-3.0245f,-0.8847f,0f,0f,0f,1f],start_interpolation: 0,interpolation_duration: 1}
$data merge entity $(right_leg) {transformation: [-1.7066f,0.1573f,0.1196f,-0.635f,0.0915f,1.5508f,-0.7334f,3.0006f,-0.1751f,-0.7222f,-1.5489f,-1.9891f,0f,0f,0f,1f],start_interpolation: 0,interpolation_duration: 1}
$data merge entity $(weist) {transformation: [-1.5947f,-0.0308f,-0.2965f,0f,-0.109f,1.5621f,0.4242f,4.6678f,0.2774f,0.4369f,-1.5376f,-1.7756f,0f,0f,0f,1f],start_interpolation: 0,interpolation_duration: 1}
data modify storage animated_java:temp entry.data merge value {"locators":{"consume":{"px":-3.0893632346,"py":3.621058582,"pz":-1.28400439,"ry":353.8420243427,"rx":-30.1475259893}}}
# Data Manager: Prepare for Read / Write
execute store result storage animated_java:temp args.id int 1 run scoreboard players get @s aj.id
# Data Manager: Write
function animated_java:global/data_manager/write with storage animated_java:temp args
execute unless entity @s[tag=aj.transforms_only] at @s run function animated_java:female/animations/roar/zzz/frames/67_root_function