# This file was generated by Animated Java via MC-Build. It is not recommended to edit this file directly.
$data merge entity $(neck) {transformation: [-0.9974f,0.0666f,-0.0274f,0.0747f,0.0334f,0.7654f,0.6427f,6.4508f,0.0638f,0.6401f,-0.7657f,-0.3401f,0f,0f,0f,1f],start_interpolation: 0,interpolation_duration: 1}
$data merge entity $(right_thumb_2) {transformation: [-0.9122f,0.3545f,-0.2052f,-2.9452f,0.3319f,0.9333f,0.137f,4.0807f,0.2401f,0.0568f,-0.9691f,-1.1967f,0f,0f,0f,1f],start_interpolation: 0,interpolation_duration: 1}
$data merge entity $(right_thumb) {transformation: [-0.9122f,-0.0479f,-0.4068f,-3.0901f,0.3319f,0.4957f,-0.8026f,4.3007f,0.2401f,-0.8672f,-0.4363f,-1.434f,0f,0f,0f,1f],start_interpolation: 0,interpolation_duration: 1}
$data merge entity $(right_fingers2) {transformation: [0.9601f,0.2619f,-0.0978f,-3.0069f,0.1697f,-0.824f,-0.5405f,3.744f,-0.2222f,0.5024f,-0.8356f,-1.18f,0f,0f,0f,1f],start_interpolation: 0,interpolation_duration: 1}
$data merge entity $(right_fingers) {transformation: [-0.2316f,-0.9679f,-0.0978f,-3.2899f,-0.8042f,0.2471f,-0.5405f,3.7878f,0.5473f,-0.0465f,-0.8356f,-1.184f,0f,0f,0f,1f],start_interpolation: 0,interpolation_duration: 1}
$data merge entity $(scout) {transformation: [0f,0f,0f,-3.1196f,0f,0f,0f,3.7379f,0f,0f,0f,-1.2993f,0f,0f,0f,1f],start_interpolation: 0,interpolation_duration: 1}
$data merge entity $(right_hand) {transformation: [-0.9863f,0.1332f,-0.0978f,-3.2076f,0.165f,0.825f,-0.5405f,4.2698f,0.0087f,-0.5492f,-0.8356f,-1.5583f,0f,0f,0f,1f],start_interpolation: 0,interpolation_duration: 1}
$data merge entity $(right_forearm) {transformation: [-0.5756f,0.8146f,0.9499f,-1.9223f,0.1194f,1.0765f,-0.8509f,5.855f,-1.2456f,-0.2733f,-0.5205f,-1.937f,0f,0f,0f,1f],start_interpolation: 0,interpolation_duration: 1}
$data merge entity $(right_shoulder) {transformation: [-1.1145f,0.65f,0.6965f,-0.9275f,0.9089f,0.404f,1.0773f,6.1297f,0.2857f,1.2506f,-0.71f,-0.447f,0f,0f,0f,1f],start_interpolation: 0,interpolation_duration: 1}
$data merge entity $(right_arm) {transformation: [-0.9988f,-0.0016f,-0.0494f,-0.3651f,-0.0303f,0.8091f,0.5869f,6.3862f,0.0391f,0.5876f,-0.8082f,-0.3056f,0f,0f,0f,1f],start_interpolation: 0,interpolation_duration: 1}
$data merge entity $(left_thumb_2) {transformation: [-0.8461f,-0.4344f,0.3088f,3.4336f,-0.4667f,0.8837f,-0.0356f,4.1357f,-0.2574f,-0.1743f,-0.9504f,-0.4872f,0f,0f,0f,1f],start_interpolation: 0,interpolation_duration: 1}
$data merge entity $(left_thumb) {transformation: [-0.8461f,0.1114f,0.5212f,3.5875f,-0.4667f,0.3175f,-0.8255f,4.3187f,-0.2574f,-0.9417f,-0.2167f,-0.7489f,0f,0f,0f,1f],start_interpolation: 0,interpolation_duration: 1}
$data merge entity $(left_fingers2) {transformation: [0.9369f,-0.252f,0.2422f,3.5203f,-0.0208f,-0.7319f,-0.6811f,3.8172f,0.3489f,0.6331f,-0.691f,-0.3948f,0f,0f,0f,1f],start_interpolation: 0,interpolation_duration: 1}
$data merge entity $(left_fingers) {transformation: [-0.2291f,0.9428f,0.2422f,3.7972f,0.6519f,0.3334f,-0.6811f,3.8889f,-0.7229f,0.0018f,-0.691f,-0.379f,0f,0f,0f,1f],start_interpolation: 0,interpolation_duration: 1}
$data merge entity $(left_hand) {transformation: [-0.961f,-0.1332f,0.2422f,3.7212f,-0.2662f,0.6821f,-0.6811f,4.2764f,-0.0745f,-0.719f,-0.691f,-0.8515f,0f,0f,0f,1f],start_interpolation: 0,interpolation_duration: 1}
$data merge entity $(left_forearm) {transformation: [-0.7072f,-0.8656f,-0.8048f,2.359f,0.0647f,0.9082f,-1.0335f,5.6091f,1.1802f,-0.5685f,-0.4257f,-1.6741f,0f,0f,0f,1f],start_interpolation: 0,interpolation_duration: 1}
$data merge entity $(left_shoulder) {transformation: [-1.0114f,-0.8945f,-0.5717f,1.083f,-1.0384f,0.6695f,0.7894f,6.1907f,-0.2205f,0.9495f,-1.0953f,-0.5257f,0f,0f,0f,1f],start_interpolation: 0,interpolation_duration: 1}
$data merge entity $(left_arm) {transformation: [-0.9988f,-0.0016f,-0.0494f,0.5189f,-0.0303f,0.8091f,0.5869f,6.413f,0.0391f,0.5876f,-0.8082f,-0.3402f,0f,0f,0f,1f],start_interpolation: 0,interpolation_duration: 1}
$data merge entity $(chest) {transformation: [-1.277f,-0.002f,-0.0632f,0.078f,-0.0388f,1.0345f,0.7503f,4.9586f,0.05f,0.7513f,-1.0333f,-1.4122f,0f,0f,0f,1f],start_interpolation: 0,interpolation_duration: 1}
$data merge entity $(left_cheek) {transformation: [-0.9277f,-0.1587f,-0.3378f,0.3595f,-0.1346f,0.9865f,-0.0938f,4.0118f,0.3482f,-0.0416f,-0.9365f,-2.4945f,0f,0f,0f,1f],start_interpolation: 0,interpolation_duration: 1}
$data merge entity $(left_foot) {transformation: [-0.8416f,-0.0575f,-0.5776f,0.8763f,-0.1995f,0.984f,0.1928f,-3.5381f,0.5451f,0.2715f,-0.8212f,-4.1411f,0f,0f,0f,1f],start_interpolation: 0,interpolation_duration: 1}
$data merge entity $(left_knee) {transformation: [-2.7077f,0.1477f,-1.378f,1.102f,-0.4575f,2.7596f,1.1948f,0.3433f,1.3082f,1.2708f,-2.4343f,-2.5194f,0f,0f,0f,1f],start_interpolation: 0,interpolation_duration: 1}
$data merge entity $(left_leg) {transformation: [-1.5293f,-0.2078f,-0.7546f,0.7276f,-0.2584f,1.6975f,0.0561f,3.0503f,0.7389f,0.1635f,-1.5423f,-2.1816f,0f,0f,0f,1f],start_interpolation: 0,interpolation_duration: 1}
$data merge entity $(right_cheek) {transformation: [-0.9958f,0.0896f,0.0198f,-0.4164f,0.087f,0.9904f,-0.1076f,4.095f,-0.0293f,-0.1054f,-0.994f,-2.3378f,0f,0f,0f,1f],start_interpolation: 0,interpolation_duration: 1}
$data merge entity $(right_foot) {transformation: [-1.0153f,0.0526f,0.1075f,-1.0954f,0.0529f,1.021f,0f,-3.739f,-0.1074f,0.0056f,-1.0167f,-0.8491f,0f,0f,0f,1f],start_interpolation: 0,interpolation_duration: 1}
$data merge entity $(right_knee) {transformation: [-3.0203f,0.1456f,0.3299f,-0.967f,0.1566f,3.0363f,0.0939f,0.4715f,-0.3248f,0.1102f,-3.0223f,-0.8296f,0f,0f,0f,1f],start_interpolation: 0,interpolation_duration: 1}
$data merge entity $(right_leg) {transformation: [-1.7058f,0.1567f,0.1312f,-0.6489f,0.0853f,1.5484f,-0.7394f,2.9702f,-0.1856f,-0.7276f,-1.5451f,-1.9423f,0f,0f,0f,1f],start_interpolation: 0,interpolation_duration: 1}
$data merge entity $(weist) {transformation: [-1.5957f,-0.0178f,-0.292f,0f,-0.0929f,1.5664f,0.412f,4.6339f,0.2774f,0.4219f,-1.5417f,-1.7443f,0f,0f,0f,1f],start_interpolation: 0,interpolation_duration: 1}
data modify storage animated_java:temp entry.data merge value {"locators":{"consume":{"px":-3.087832847,"py":3.620286583,"pz":-1.1808029137,"ry":353.3213463123,"rx":-32.7189563729}}}
# Data Manager: Prepare for Read / Write
execute store result storage animated_java:temp args.id int 1 run scoreboard players get @s aj.id
# Data Manager: Write
function animated_java:global/data_manager/write with storage animated_java:temp args