# This file was generated by Animated Java via MC-Build. It is not recommended to edit this file directly.
$data merge entity $(neck) {transformation: [-0.9975f,0.0654f,-0.0275f,0.0751f,0.0336f,0.7767f,0.6289f,6.4312f,0.0625f,0.6264f,-0.777f,-0.3366f,0f,0f,0f,1f],start_interpolation: 0,interpolation_duration: 1}
$data merge entity $(right_thumb_2) {transformation: [-0.9094f,0.3563f,-0.2144f,-2.9519f,0.3448f,0.9343f,0.09f,4.1053f,0.2324f,0.0079f,-0.9726f,-1.1338f,0f,0f,0f,1f],start_interpolation: 0,interpolation_duration: 1}
$data merge entity $(right_thumb) {transformation: [-0.9094f,-0.0528f,-0.4125f,-3.0979f,0.3448f,0.4587f,-0.819f,4.3156f,0.2324f,-0.887f,-0.399f,-1.3791f,0f,0f,0f,1f],start_interpolation: 0,interpolation_duration: 1}
$data merge entity $(right_fingers2) {transformation: [0.9714f,0.2133f,-0.1048f,-3.0183f,0.1154f,-0.8088f,-0.5767f,3.7643f,-0.2077f,0.5481f,-0.8102f,-1.0965f,0f,0f,0f,1f],start_interpolation: 0,interpolation_duration: 1}
$data merge entity $(right_fingers) {transformation: [-0.2596f,-0.96f,-0.1048f,-3.2999f,-0.7706f,0.2713f,-0.5767f,3.8157f,0.582f,-0.069f,-0.8102f,-1.1057f,0f,0f,0f,1f],start_interpolation: 0,interpolation_duration: 1}
$data merge entity $(scout) {transformation: [0f,0f,0f,-3.1304f,0f,0f,0f,3.7595f,0f,0f,0f,-1.2193f,0f,0f,0f,1f],start_interpolation: 0,interpolation_duration: 1}
$data merge entity $(right_hand) {transformation: [-0.9851f,0.1362f,-0.1048f,-3.216f,0.1718f,0.7987f,-0.5767f,4.2799f,0.0051f,-0.5861f,-0.8102f,-1.5015f,0f,0f,0f,1f],start_interpolation: 0,interpolation_duration: 1}
$data merge entity $(right_forearm) {transformation: [-0.5765f,0.8267f,0.9388f,-1.9129f,0.0735f,1.0543f,-0.8832f,5.8325f,-1.2487f,-0.3196f,-0.4854f,-1.9485f,0f,0f,0f,1f],start_interpolation: 0,interpolation_duration: 1}
$data merge entity $(right_shoulder) {transformation: [-1.1f,0.6443f,0.7244f,-0.9289f,0.9355f,0.4178f,1.0489f,6.1196f,0.2545f,1.249f,-0.7246f,-0.4537f,0f,0f,0f,1f],start_interpolation: 0,interpolation_duration: 1}
$data merge entity $(right_arm) {transformation: [-0.9996f,-0.0015f,-0.0295f,-0.3659f,-0.0181f,0.8203f,0.5716f,6.3723f,0.0234f,0.5719f,-0.82f,-0.3081f,0f,0f,0f,1f],start_interpolation: 0,interpolation_duration: 1}
$data merge entity $(left_thumb_2) {transformation: [-0.8437f,-0.4278f,0.3242f,3.4517f,-0.4647f,0.8845f,-0.0422f,4.0902f,-0.2687f,-0.1863f,-0.945f,-0.4169f,0f,0f,0f,1f],start_interpolation: 0,interpolation_duration: 1}
$data merge entity $(left_thumb) {transformation: [-0.8437f,0.1245f,0.5221f,3.6095f,-0.4647f,0.3176f,-0.8266f,4.2729f,-0.2687f,-0.94f,-0.2101f,-0.6765f,0f,0f,0f,1f],start_interpolation: 0,interpolation_duration: 1}
$data merge entity $(left_fingers2) {transformation: [0.9446f,-0.2139f,0.2488f,3.5399f,0.0146f,-0.7303f,-0.6829f,3.7673f,0.3278f,0.6487f,-0.6868f,-0.3163f,0f,0f,0f,1f],start_interpolation: 0,interpolation_duration: 1}
$data merge entity $(left_fingers) {transformation: [-0.2468f,0.9366f,0.2488f,3.8156f,0.641f,0.3503f,-0.6829f,3.8441f,-0.7268f,-0.009f,-0.6868f,-0.3034f,0f,0f,0f,1f],start_interpolation: 0,interpolation_duration: 1}
$data merge entity $(left_hand) {transformation: [-0.9603f,-0.1264f,0.2488f,3.7441f,-0.2665f,0.6801f,-0.6829f,4.2303f,-0.0829f,-0.7221f,-0.6868f,-0.7777f,0f,0f,0f,1f],start_interpolation: 0,interpolation_duration: 1}
$data merge entity $(left_forearm) {transformation: [-0.7162f,-0.8642f,-0.7983f,2.3838f,0.064f,0.9046f,-1.0367f,5.5575f,1.1748f,-0.5762f,-0.4302f,-1.6122f,0f,0f,0f,1f],start_interpolation: 0,interpolation_duration: 1}
$data merge entity $(left_shoulder) {transformation: [-1.0095f,-0.9142f,-0.5431f,1.0832f,-1.0376f,0.683f,0.779f,6.1561f,-0.2327f,0.9206f,-1.1172f,-0.5007f,0f,0f,0f,1f],start_interpolation: 0,interpolation_duration: 1}
$data merge entity $(left_arm) {transformation: [-0.9996f,-0.0015f,-0.0295f,0.5188f,-0.0181f,0.8203f,0.5716f,6.3883f,0.0234f,0.5719f,-0.82f,-0.3288f,0f,0f,0f,1f],start_interpolation: 0,interpolation_duration: 1}
$data merge entity $(chest) {transformation: [-1.278f,-0.0019f,-0.0377f,0.0782f,-0.0232f,1.0488f,0.7309f,4.9186f,0.0299f,0.7312f,-1.0484f,-1.3797f,0f,0f,0f,1f],start_interpolation: 0,interpolation_duration: 1}
$data merge entity $(left_cheek) {transformation: [-0.9274f,-0.1676f,-0.3345f,0.3387f,-0.1401f,0.9846f,-0.1048f,3.9677f,0.347f,-0.0503f,-0.9365f,-2.4474f,0f,0f,0f,1f],start_interpolation: 0,interpolation_duration: 1}
$data merge entity $(left_foot) {transformation: [-0.8413f,-0.0644f,-0.5774f,0.8948f,-0.2051f,0.9836f,0.1892f,-3.5771f,0.5435f,0.2715f,-0.8223f,-4.0923f,0f,0f,0f,1f],start_interpolation: 0,interpolation_duration: 1}
$data merge entity $(left_knee) {transformation: [-2.7069f,0.1418f,-1.3801f,1.1124f,-0.4723f,2.7509f,1.209f,0.2932f,1.3046f,1.2902f,-2.426f,-2.4433f,0f,0f,0f,1f],start_interpolation: 0,interpolation_duration: 1}
$data merge entity $(left_leg) {transformation: [-1.5288f,-0.223f,-0.7512f,0.7135f,-0.2667f,1.6967f,0.0391f,2.9991f,0.7368f,0.1514f,-1.5445f,-2.1248f,0f,0f,0f,1f],start_interpolation: 0,interpolation_duration: 1}
$data merge entity $(right_cheek) {transformation: [-0.9959f,0.0864f,0.0261f,-0.4337f,0.083f,0.9905f,-0.1101f,4.059f,-0.0354f,-0.1075f,-0.9936f,-2.282f,0f,0f,0f,1f],start_interpolation: 0,interpolation_duration: 1}
$data merge entity $(right_foot) {transformation: [-1.0149f,0.0486f,0.1131f,-1.0936f,0.0494f,1.0212f,0.0049f,-3.7728f,-0.1128f,0.0104f,-1.0161f,-0.8053f,0f,0f,0f,1f],start_interpolation: 0,interpolation_duration: 1}
$data merge entity $(right_knee) {transformation: [-3.019f,0.1354f,0.3452f,-0.9787f,0.1486f,3.0362f,0.1087f,0.438f,-0.3398f,0.1248f,-3.0201f,-0.766f,0f,0f,0f,1f],start_interpolation: 0,interpolation_duration: 1}
$data merge entity $(right_leg) {transformation: [-1.705f,0.1549f,0.1431f,-0.6638f,0.078f,1.5464f,-0.7442f,2.934f,-0.1959f,-0.7321f,-1.5418f,-1.8855f,0f,0f,0f,1f],start_interpolation: 0,interpolation_duration: 1}
$data merge entity $(weist) {transformation: [-1.5967f,-0.0039f,-0.2875f,0f,-0.0755f,1.5711f,0.3975f,4.5939f,0.2774f,0.4046f,-1.5464f,-1.7055f,0f,0f,0f,1f],start_interpolation: 0,interpolation_duration: 1}
data modify storage animated_java:temp entry.data merge value {"locators":{"consume":{"px":-3.0988973246,"py":3.6471471002,"pz":-1.0957963464,"ry":352.6334869075,"rx":-35.2157480802}}}
# Data Manager: Prepare for Read / Write
execute store result storage animated_java:temp args.id int 1 run scoreboard players get @s aj.id
# Data Manager: Write
function animated_java:global/data_manager/write with storage animated_java:temp args