# This file was generated by Animated Java via MC-Build. It is not recommended to edit this file directly.
$data merge entity $(neck) {transformation: [-0.9936f,0.1132f,-0.0062f,-0.002f,0.0868f,0.7947f,0.6007f,6.409f,0.073f,0.5963f,-0.7994f,-0.3043f,0f,0f,0f,1f],start_interpolation: 0,interpolation_duration: 1}
$data merge entity $(right_thumb_2) {transformation: [-0.706f,-0.2814f,-0.6499f,-2.6984f,-0.2459f,0.958f,-0.1477f,3.7088f,0.6641f,0.0555f,-0.7456f,-0.7255f,0f,0f,0f,1f],start_interpolation: 0,interpolation_duration: 1}
$data merge entity $(right_thumb) {transformation: [-0.706f,-0.6189f,-0.3443f,-2.9973f,-0.2459f,0.6701f,-0.7003f,3.8978f,0.6641f,-0.4098f,-0.6253f,-0.7501f,0f,0f,0f,1f],start_interpolation: 0,interpolation_duration: 1}
$data merge entity $(right_fingers2) {transformation: [-0.8185f,-0.4999f,-0.2831f,-3.0436f,-0.4226f,0.8578f,-0.2926f,3.0344f,0.3891f,-0.1199f,-0.9134f,-0.5473f,0f,0f,0f,1f],start_interpolation: 0,interpolation_duration: 1}
$data merge entity $(right_fingers) {transformation: [-0.9537f,0.1017f,-0.2831f,-3.0436f,0.1869f,0.9378f,-0.2926f,3.3048f,0.2357f,-0.332f,-0.9134f,-0.642f,0f,0f,0f,1f],start_interpolation: 0,interpolation_duration: 1}
$data merge entity $(scout) {transformation: [0f,0f,0f,-2.9125f,0f,0f,0f,3.3274f,0f,0f,0f,-0.8066f,0f,0f,0f,1f],start_interpolation: 0,interpolation_duration: 1}
$data merge entity $(right_hand) {transformation: [-0.9475f,-0.1486f,-0.2831f,-3.1426f,-0.0622f,0.9542f,-0.2926f,3.8782f,0.3136f,-0.2597f,-0.9134f,-0.8434f,0f,0f,0f,1f],start_interpolation: 0,interpolation_duration: 1}
$data merge entity $(right_forearm) {transformation: [-0.9288f,0.5051f,0.8828f,-2.3112f,0.058f,1.2199f,-0.6369f,5.6897f,-1.0154f,-0.3923f,-0.8439f,-1.4227f,0f,0f,0f,1f],start_interpolation: 0,interpolation_duration: 1}
$data merge entity $(right_shoulder) {transformation: [-1.0994f,0.9235f,0.2975f,-0.9733f,0.6676f,0.3938f,1.2446f,5.9953f,0.704f,1.0686f,-0.7157f,-0.2387f,0f,0f,0f,1f],start_interpolation: 0,interpolation_duration: 1}
$data merge entity $(right_arm) {transformation: [-0.9763f,0f,-0.2164f,-0.4246f,-0.1113f,0.8575f,0.5022f,6.3108f,0.1856f,0.5144f,-0.8372f,-0.2014f,0f,0f,0f,1f],start_interpolation: 0,interpolation_duration: 1}
$data merge entity $(left_thumb_2) {transformation: [0.0523f,0.1559f,0.9864f,2.039f,-0.9164f,0.4f,-0.0146f,4.4311f,-0.3968f,-0.9032f,0.1638f,1.0646f,0f,0f,0f,1f],start_interpolation: 0,interpolation_duration: 1}
$data merge entity $(left_thumb) {transformation: [0.0523f,0.7242f,0.6877f,2.2545f,-0.9164f,0.3084f,-0.2551f,4.6698f,-0.3968f,-0.6168f,0.6797f,0.9154f,0f,0f,0f,1f],start_interpolation: 0,interpolation_duration: 1}
$data merge entity $(left_fingers2) {transformation: [-0.2271f,0.4294f,0.8741f,2.1158f,-0.796f,0.4352f,-0.4206f,4.6965f,-0.561f,-0.7913f,0.243f,1.7922f,0f,0f,0f,1f],start_interpolation: 0,interpolation_duration: 1}
$data merge entity $(left_fingers) {transformation: [-0.4415f,0.2024f,0.8741f,2.1924f,-0.8965f,-0.1393f,-0.4206f,4.679f,0.0366f,-0.9693f,0.243f,1.5167f,0f,0f,0f,1f],start_interpolation: 0,interpolation_duration: 1}
$data merge entity $(left_hand) {transformation: [-0.3741f,0.3098f,0.8741f,2.4194f,-0.902f,0.0975f,-0.4206f,4.7158f,-0.2155f,-0.9458f,0.243f,0.9454f,0f,0f,0f,1f],start_interpolation: 0,interpolation_duration: 1}
$data merge entity $(left_forearm) {transformation: [-1.1543f,0.1263f,-0.7407f,2.5347f,0.7392f,0.4345f,-1.0779f,5.3615f,0.1348f,-1.3009f,-0.4319f,-1.0238f,0f,0f,0f,1f],start_interpolation: 0,interpolation_duration: 1}
$data merge entity $(left_shoulder) {transformation: [-0.9627f,-1.1058f,0.0127f,0.9919f,-1.0101f,0.8861f,0.5868f,6.2194f,-0.4502f,0.3765f,-1.3437f,-0.6123f,0f,0f,0f,1f],start_interpolation: 0,interpolation_duration: 1}
$data merge entity $(left_arm) {transformation: [-0.9763f,0f,-0.2164f,0.4395f,-0.1113f,0.8575f,0.5022f,6.4093f,0.1856f,0.5144f,-0.8372f,-0.3657f,0f,0f,0f,1f],start_interpolation: 0,interpolation_duration: 1}
$data merge entity $(chest) {transformation: [-1.2482f,0f,-0.2767f,0f,-0.1424f,1.0964f,0.6421f,4.8287f,0.2373f,0.6577f,-1.0704f,-1.2416f,0f,0f,0f,1f],start_interpolation: 0,interpolation_duration: 1}
$data merge entity $(left_cheek) {transformation: [-0.782f,-0.3945f,-0.4825f,0.0714f,-0.2962f,0.9164f,-0.2692f,3.906f,0.5484f,-0.0676f,-0.8335f,-2.2623f,0f,0f,0f,1f],start_interpolation: 0,interpolation_duration: 1}
$data merge entity $(left_foot) {transformation: [-0.5859f,-0.0394f,-0.8369f,1.2883f,-0.239f,0.9867f,0.1209f,-3.4774f,0.803f,0.2649f,-0.5746f,-3.5356f,0f,0f,0f,1f],start_interpolation: 0,interpolation_duration: 1}
$data merge entity $(left_knee) {transformation: [-2.0453f,0.3765f,-2.2197f,1.7772f,-0.7579f,2.7087f,1.1578f,0.3407f,2.12f,1.3316f,-1.7276f,-1.8242f,0f,0f,0f,1f],start_interpolation: 0,interpolation_duration: 1}
$data merge entity $(left_leg) {transformation: [-1.1552f,-0.6153f,-1.1128f,0.7759f,-0.4281f,1.6038f,-0.4425f,2.9053f,1.1974f,-0.0203f,-1.2318f,-1.7708f,0f,0f,0f,1f],start_interpolation: 0,interpolation_duration: 1}
$data merge entity $(right_cheek) {transformation: [-0.9872f,0.0727f,-0.1421f,-0.3733f,0.1239f,0.91f,-0.3956f,3.7921f,0.1006f,-0.4081f,-0.9074f,-2.102f,0f,0f,0f,1f],start_interpolation: 0,interpolation_duration: 1}
$data merge entity $(right_foot) {transformation: [-1.015f,0.0886f,0.0848f,-0.8628f,0.1186f,0.8892f,0.4904f,-2.6882f,-0.0313f,0.4967f,-0.8931f,-0.9217f,0f,0f,0f,1f],start_interpolation: 0,interpolation_duration: 1}
$data merge entity $(right_knee) {transformation: [-3.0309f,0.2547f,0.0319f,-0.596f,0.2414f,2.7006f,1.3786f,1.1128f,0.0871f,1.3762f,-2.7112f,0.8746f,0f,0f,0f,1f],start_interpolation: 0,interpolation_duration: 1}
$data merge entity $(right_leg) {transformation: [-1.7134f,-0.0104f,-0.1251f,-0.5377f,0.0938f,1.0318f,-1.3704f,2.8021f,0.0834f,-1.3736f,-1.0285f,-1.2993f,0f,0f,0f,1f],start_interpolation: 0,interpolation_duration: 1}
$data merge entity $(weist) {transformation: [-1.5228f,-0.0776f,-0.5541f,0f,-0.1196f,1.6147f,0.1026f,4.504f,0.5466f,0.1372f,-1.5213f,-1.5057f,0f,0f,0f,1f],start_interpolation: 0,interpolation_duration: 1}
data modify storage animated_java:temp entry.data merge value {"locators":{"consume":{"px":-2.8310434139,"py":3.1911403272,"pz":-0.7459942761,"ry":342.7798697196,"rx":-17.016597246}}}
# Data Manager: Prepare for Read / Write
execute store result storage animated_java:temp args.id int 1 run scoreboard players get @s aj.id
# Data Manager: Write
function animated_java:global/data_manager/write with storage animated_java:temp args
execute unless entity @s[tag=aj.transforms_only] at @s run function animated_java:female/animations/roar/zzz/frames/7_root_function