# This file was generated by Animated Java via MC-Build. It is not recommended to edit this file directly.
$data merge entity $(neck) {transformation: [-0.9975f,0.0646f,-0.0274f,0.0762f,0.0343f,0.789f,0.6134f,6.4106f,0.0612f,0.6109f,-0.7893f,-0.332f,0f,0f,0f,1f],start_interpolation: 0,interpolation_duration: 1}
$data merge entity $(right_thumb_2) {transformation: [-0.9066f,0.3594f,-0.221f,-2.9566f,0.3567f,0.9327f,0.0532f,4.1164f,0.2252f,-0.0306f,-0.9738f,-1.0884f,0f,0f,0f,1f],start_interpolation: 0,interpolation_duration: 1}
$data merge entity $(right_thumb) {transformation: [-0.9066f,-0.0536f,-0.4185f,-3.1023f,0.3567f,0.4322f,-0.8282f,4.32f,0.2252f,-0.9002f,-0.3727f,-1.3394f,0f,0f,0f,1f],start_interpolation: 0,interpolation_duration: 1}
$data merge entity $(right_fingers2) {transformation: [0.9808f,0.1599f,-0.1119f,-3.0287f,0.0613f,-0.7967f,-0.6012f,3.7716f,-0.1853f,0.5828f,-0.7912f,-1.0349f,0f,0f,0f,1f],start_interpolation: 0,interpolation_duration: 1}
$data merge entity $(right_fingers) {transformation: [-0.2902f,-0.9504f,-0.1119f,-3.3085f,-0.7417f,0.2972f,-0.6012f,3.831f,0.6047f,-0.0915f,-0.7912f,-1.0497f,0f,0f,0f,1f],start_interpolation: 0,interpolation_duration: 1}
$data merge entity $(scout) {transformation: [0f,0f,0f,-3.1397f,0f,0f,0f,3.7697f,0f,0f,0f,-1.1618f,0f,0f,0f,1f],start_interpolation: 0,interpolation_duration: 1}
$data merge entity $(right_hand) {transformation: [-0.9835f,0.1425f,-0.1119f,-3.221f,0.1811f,0.7783f,-0.6012f,4.2815f,0.0014f,-0.6116f,-0.7912f,-1.4603f,0f,0f,0f,1f],start_interpolation: 0,interpolation_duration: 1}
$data merge entity $(right_forearm) {transformation: [-0.5776f,0.8371f,0.9289f,-1.9025f,0.0414f,1.0354f,-0.9074f,5.806f,-1.2497f,-0.3526f,-0.4593f,-1.9561f,0f,0f,0f,1f],start_interpolation: 0,interpolation_duration: 1}
$data merge entity $(right_shoulder) {transformation: [-1.0864f,0.6384f,0.7496f,-0.9293f,0.9589f,0.4323f,1.0215f,6.107f,0.2238f,1.2471f,-0.7378f,-0.4569f,0f,0f,0f,1f],start_interpolation: 0,interpolation_duration: 1}
$data merge entity $(right_arm) {transformation: [-0.9999f,-0.0008f,-0.0119f,-0.3658f,-0.0073f,0.832f,0.5548f,6.3568f,0.0094f,0.5548f,-0.8319f,-0.3086f,0f,0f,0f,1f],start_interpolation: 0,interpolation_duration: 1}
$data merge entity $(left_thumb_2) {transformation: [-0.8423f,-0.42f,0.3377f,3.4583f,-0.4616f,0.8857f,-0.0497f,4.0328f,-0.2783f,-0.1977f,-0.9399f,-0.3482f,0f,0f,0f,1f],start_interpolation: 0,interpolation_duration: 1}
$data merge entity $(left_thumb) {transformation: [-0.8423f,0.135f,0.5218f,3.6193f,-0.4616f,0.3191f,-0.8277f,4.2155f,-0.2783f,-0.938f,-0.2065f,-0.6058f,0f,0f,0f,1f],start_interpolation: 0,interpolation_duration: 1}
$data merge entity $(left_fingers2) {transformation: [0.9513f,-0.1734f,0.2547f,3.5481f,0.0501f,-0.7286f,-0.6832f,3.7052f,0.304f,0.6627f,-0.6844f,-0.2407f,0f,0f,0f,1f],start_interpolation: 0,interpolation_duration: 1}
$data merge entity $(left_fingers) {transformation: [-0.2651f,0.93f,0.2547f,3.8225f,0.6313f,0.367f,-0.6832f,3.787f,-0.7288f,-0.0203f,-0.6844f,-0.2309f,0f,0f,0f,1f],start_interpolation: 0,interpolation_duration: 1}
$data merge entity $(left_hand) {transformation: [-0.9595f,-0.1207f,0.2547f,3.7548f,-0.2669f,0.6798f,-0.6832f,4.173f,-0.0906f,-0.7234f,-0.6844f,-0.7059f,0f,0f,0f,1f],start_interpolation: 0,interpolation_duration: 1}
$data merge entity $(left_forearm) {transformation: [-0.7266f,-0.8585f,-0.7951f,2.4028f,0.0646f,0.905f,-1.0363f,5.5009f,1.1683f,-0.584f,-0.4372f,-1.5527f,0f,0f,0f,1f],start_interpolation: 0,interpolation_duration: 1}
$data merge entity $(left_shoulder) {transformation: [-1.0109f,-0.9285f,-0.5156f,1.0835f,-1.0347f,0.7005f,0.7672f,6.1217f,-0.2395f,0.8928f,-1.1382f,-0.4759f,0f,0f,0f,1f],start_interpolation: 0,interpolation_duration: 1}
$data merge entity $(left_arm) {transformation: [-0.9999f,-0.0008f,-0.0119f,0.5193f,-0.0073f,0.832f,0.5548f,6.3633f,0.0094f,0.5548f,-0.8319f,-0.3169f,0f,0f,0f,1f],start_interpolation: 0,interpolation_duration: 1}
$data merge entity $(chest) {transformation: [-1.2785f,-0.0011f,-0.0152f,0.0779f,-0.0093f,1.0637f,0.7093f,4.8767f,0.012f,0.7094f,-1.0636f,-1.3435f,0f,0f,0f,1f],start_interpolation: 0,interpolation_duration: 1}
$data merge entity $(left_cheek) {transformation: [-0.9271f,-0.1763f,-0.3306f,0.3202f,-0.1451f,0.9825f,-0.1171f,3.92f,0.3455f,-0.0606f,-0.9365f,-2.3968f,0f,0f,0f,1f],start_interpolation: 0,interpolation_duration: 1}
$data merge entity $(left_foot) {transformation: [-0.8411f,-0.07f,-0.577f,0.9059f,-0.2094f,0.9832f,0.186f,-3.6139f,0.5421f,0.2712f,-0.8233f,-4.0304f,0f,0f,0f,1f],start_interpolation: 0,interpolation_duration: 1}
$data merge entity $(left_knee) {transformation: [-2.7065f,0.1443f,-1.3807f,1.1268f,-0.4823f,2.7391f,1.2315f,0.2413f,1.3018f,1.3147f,-2.4144f,-2.347f,0f,0f,0f,1f],start_interpolation: 0,interpolation_duration: 1}
$data merge entity $(left_leg) {transformation: [-1.5286f,-0.2398f,-0.7465f,0.701f,-0.2724f,1.6962f,0.0129f,2.947f,0.7352f,0.1299f,-1.5472f,-2.063f,0f,0f,0f,1f],start_interpolation: 0,interpolation_duration: 1}
$data merge entity $(right_cheek) {transformation: [-0.9961f,0.0827f,0.0309f,-0.4493f,0.0787f,0.9905f,-0.1126f,4.02f,-0.0399f,-0.1098f,-0.9932f,-2.223f,0f,0f,0f,1f],start_interpolation: 0,interpolation_duration: 1}
$data merge entity $(right_foot) {transformation: [-1.0146f,0.0443f,0.1177f,-1.0866f,0.0457f,1.0213f,0.009f,-3.8112f,-0.1172f,0.0142f,-1.0155f,-0.7563f,0f,0f,0f,1f],start_interpolation: 0,interpolation_duration: 1}
$data merge entity $(right_knee) {transformation: [-3.0183f,0.1247f,0.3561f,-0.9861f,0.1396f,3.0361f,0.1204f,0.3998f,-0.3505f,0.1358f,-3.0184f,-0.7019f,0f,0f,0f,1f],start_interpolation: 0,interpolation_duration: 1}
$data merge entity $(right_leg) {transformation: [-1.7044f,0.1516f,0.153f,-0.6769f,0.0705f,1.546f,-0.7459f,2.8955f,-0.2035f,-0.7337f,-1.54f,-1.8237f,0f,0f,0f,1f],start_interpolation: 0,interpolation_duration: 1}
$data merge entity $(weist) {transformation: [-1.5973f,0.0084f,-0.2837f,0f,-0.0597f,1.5755f,0.3825f,4.552f,0.2775f,0.387f,-1.5509f,-1.662f,0f,0f,0f,1f],start_interpolation: 0,interpolation_duration: 1}
data modify storage animated_java:temp entry.data merge value {"locators":{"consume":{"px":-3.1090181693,"py":3.6609913164,"pz":-1.0348246377,"ry":351.9501781514,"rx":-36.9586705754}}}
# Data Manager: Prepare for Read / Write
execute store result storage animated_java:temp args.id int 1 run scoreboard players get @s aj.id
# Data Manager: Write
function animated_java:global/data_manager/write with storage animated_java:temp args