# This file was generated by Animated Java via MC-Build. It is not recommended to edit this file directly.
$data merge entity $(neck) {transformation: [-0.9977f,0.0624f,-0.0265f,0.0764f,0.0356f,0.8145f,0.5791f,6.3683f,0.0577f,0.5768f,-0.8148f,-0.3209f,0f,0f,0f,1f],start_interpolation: 0,interpolation_duration: 1}
$data merge entity $(right_thumb_2) {transformation: [-0.9081f,0.3584f,-0.2165f,-2.949f,0.3585f,0.9327f,0.0402f,3.9841f,0.2163f,-0.0412f,-0.9755f,-1.0611f,0f,0f,0f,1f],start_interpolation: 0,interpolation_duration: 1}
$data merge entity $(right_thumb) {transformation: [-0.9081f,-0.0385f,-0.4169f,-3.0901f,0.3585f,0.4429f,-0.8218f,4.1913f,0.2163f,-0.8957f,-0.3884f,-1.3117f,0f,0f,0f,1f],start_interpolation: 0,interpolation_duration: 1}
$data merge entity $(right_fingers2) {transformation: [0.9916f,0.0615f,-0.1134f,-3.0297f,-0.0176f,-0.8064f,-0.5911f,3.6298f,-0.1278f,0.5881f,-0.7986f,-1.0057f,0f,0f,0f,1f],start_interpolation: 0,interpolation_duration: 1}
$data merge entity $(right_fingers) {transformation: [-0.3439f,-0.9321f,-0.1134f,-3.3058f,-0.7307f,0.3415f,-0.5911f,3.7022f,0.5897f,-0.1204f,-0.7986f,-1.0292f,0f,0f,0f,1f],start_interpolation: 0,interpolation_duration: 1}
$data merge entity $(scout) {transformation: [0f,0f,0f,-3.1369f,0f,0f,0f,3.6397f,0f,0f,0f,-1.1404f,0f,0f,0f,1f],start_interpolation: 0,interpolation_duration: 1}
$data merge entity $(right_hand) {transformation: [-0.9808f,0.1589f,-0.1134f,-3.2083f,0.1952f,0.7826f,-0.5911f,4.1558f,-0.0052f,-0.6019f,-0.7986f,-1.4341f,0f,0f,0f,1f],start_interpolation: 0,interpolation_duration: 1}
$data merge entity $(right_forearm) {transformation: [-0.5803f,0.8282f,0.9351f,-1.9029f,0.0386f,1.0425f,-0.8994f,5.6914f,-1.2486f,-0.3528f,-0.4624f,-1.9303f,0f,0f,0f,1f],start_interpolation: 0,interpolation_duration: 1}
$data merge entity $(right_shoulder) {transformation: [-1.0909f,0.6367f,0.7446f,-0.9307f,0.9637f,0.4966f,0.9871f,6.0709f,0.1764f,1.2239f,-0.788f,-0.4484f,0f,0f,0f,1f],start_interpolation: 0,interpolation_duration: 1}
$data merge entity $(right_arm) {transformation: [-1f,0.0007f,0.0066f,-0.3665f,0.0041f,0.8541f,0.5202f,6.3204f,-0.0052f,0.5202f,-0.854f,-0.3019f,0f,0f,0f,1f],start_interpolation: 0,interpolation_duration: 1}
$data merge entity $(left_thumb_2) {transformation: [-0.8449f,-0.4014f,0.3535f,3.4115f,-0.4496f,0.891f,-0.0631f,3.8733f,-0.2897f,-0.2122f,-0.9333f,-0.2468f,0f,0f,0f,1f],start_interpolation: 0,interpolation_duration: 1}
$data merge entity $(left_thumb) {transformation: [-0.8449f,0.1431f,0.5154f,3.5755f,-0.4496f,0.3319f,-0.8293f,4.0584f,-0.2897f,-0.9324f,-0.2161f,-0.5008f,0f,0f,0f,1f],start_interpolation: 0,interpolation_duration: 1}
$data merge entity $(left_fingers2) {transformation: [0.9598f,-0.1002f,0.2621f,3.5033f,0.1077f,-0.7309f,-0.6739f,3.5356f,0.2591f,0.6751f,-0.6907f,-0.1347f,0f,0f,0f,1f],start_interpolation: 0,interpolation_duration: 1}
$data merge entity $(left_fingers) {transformation: [-0.2957f,0.9186f,0.2621f,3.7754f,0.6252f,0.3935f,-0.6739f,3.6252f,-0.7222f,-0.0354f,-0.6907f,-0.1295f,0f,0f,0f,1f],start_interpolation: 0,interpolation_duration: 1}
$data merge entity $(left_hand) {transformation: [-0.9583f,-0.1142f,0.2621f,3.712f,-0.2664f,0.6891f,-0.6739f,4.0173f,-0.1036f,-0.7156f,-0.6907f,-0.6001f,0f,0f,0f,1f],start_interpolation: 0,interpolation_duration: 1}
$data merge entity $(left_forearm) {transformation: [-0.7527f,-0.8264f,-0.8048f,2.407f,0.0706f,0.9262f,-1.017f,5.378f,1.1514f,-0.597f,-0.4638f,-1.4682f,0f,0f,0f,1f],start_interpolation: 0,interpolation_duration: 1}
$data merge entity $(left_shoulder) {transformation: [-1.0306f,-0.9286f,-0.4746f,1.0823f,-1.0176f,0.7495f,0.7433f,6.0627f,-0.2282f,0.8519f,-1.1713f,-0.4378f,0f,0f,0f,1f],start_interpolation: 0,interpolation_duration: 1}
$data merge entity $(left_arm) {transformation: [-1f,0.0007f,0.0066f,0.5186f,0.0041f,0.8541f,0.5202f,6.3168f,-0.0052f,0.5202f,-0.854f,-0.2973f,0f,0f,0f,1f],start_interpolation: 0,interpolation_duration: 1}
$data merge entity $(chest) {transformation: [-1.2785f,0.0009f,0.0084f,0.075f,0.0052f,1.0919f,0.6651f,4.7942f,-0.0067f,0.6651f,-1.0919f,-1.2686f,0f,0f,0f,1f],start_interpolation: 0,interpolation_duration: 1}
$data merge entity $(left_cheek) {transformation: [-0.9277f,-0.193f,-0.3196f,0.3018f,-0.1522f,0.9771f,-0.1483f,3.8129f,0.3409f,-0.089f,-0.9359f,-2.3022f,0f,0f,0f,1f],start_interpolation: 0,interpolation_duration: 1}
$data merge entity $(left_foot) {transformation: [-0.8425f,-0.073f,-0.5745f,0.889f,-0.2123f,0.9826f,0.1864f,-3.6454f,0.5389f,0.2729f,-0.8249f,-3.8697f,0f,0f,0f,1f],start_interpolation: 0,interpolation_duration: 1}
$data merge entity $(left_knee) {transformation: [-2.7093f,0.2001f,-1.3681f,1.1877f,-0.4766f,2.6902f,1.3372f,0.1462f,1.2979f,1.4054f,-2.3648f,-2.0586f,0f,0f,0f,1f],start_interpolation: 0,interpolation_duration: 1}
$data merge entity $(left_leg) {transformation: [-1.5302f,-0.2853f,-0.7269f,0.6882f,-0.2692f,1.6939f,-0.0982f,2.8516f,0.7331f,0.0264f,-1.5535f,-1.9403f,0f,0f,0f,1f],start_interpolation: 0,interpolation_duration: 1}
$data merge entity $(right_cheek) {transformation: [-0.9968f,0.0738f,0.0306f,-0.4675f,0.0698f,0.9907f,-0.1164f,3.9361f,-0.0389f,-0.1139f,-0.9927f,-2.1129f,0f,0f,0f,1f],start_interpolation: 0,interpolation_duration: 1}
$data merge entity $(right_foot) {transformation: [-1.0145f,0.0365f,0.1209f,-1.0458f,0.0381f,1.0216f,0.0111f,-3.9057f,-0.1204f,0.0155f,-1.0151f,-0.6645f,0f,0f,0f,1f],start_interpolation: 0,interpolation_duration: 1}
$data merge entity $(right_knee) {transformation: [-3.0197f,0.1031f,0.3508f,-0.9755f,0.1184f,3.0368f,0.127f,0.3059f,-0.3459f,0.1398f,-3.0188f,-0.6045f,0f,0f,0f,1f],start_interpolation: 0,interpolation_duration: 1}
$data merge entity $(right_leg) {transformation: [-1.7051f,0.1368f,0.1596f,-0.6901f,0.0565f,1.5548f,-0.7286f,2.8157f,-0.2024f,-0.7179f,-1.5476f,-1.7008f,0f,0f,0f,1f],start_interpolation: 0,interpolation_duration: 1}
$data merge entity $(weist) {transformation: [-1.5979f,0.0209f,-0.2799f,0f,-0.0416f,1.5824f,0.3552f,4.4695f,0.2776f,0.357f,-1.558f,-1.5702f,0f,0f,0f,1f],start_interpolation: 0,interpolation_duration: 1}
data modify storage animated_java:temp entry.data merge value {"locators":{"consume":{"px":-3.1089141828,"py":3.5292314174,"pz":-1.0143963296,"ry":351.9181786408,"rx":-36.2347875892}}}
# Data Manager: Prepare for Read / Write
execute store result storage animated_java:temp args.id int 1 run scoreboard players get @s aj.id
# Data Manager: Write
function animated_java:global/data_manager/write with storage animated_java:temp args