# This file was generated by Animated Java via MC-Build. It is not recommended to edit this file directly.
$data merge entity $(neck) {transformation: [-0.9978f,0.0607f,-0.0257f,0.0748f,0.0358f,0.8271f,0.5609f,6.3441f,0.0553f,0.5587f,-0.8275f,-0.3202f,0f,0f,0f,1f],start_interpolation: 0,interpolation_duration: 1}
$data merge entity $(right_thumb_2) {transformation: [-0.9116f,0.3588f,-0.2004f,-2.9562f,0.3538f,0.9333f,0.0617f,3.8687f,0.2092f,-0.0147f,-0.9778f,-1.0977f,0f,0f,0f,1f],start_interpolation: 0,interpolation_duration: 1}
$data merge entity $(right_thumb) {transformation: [-0.9116f,-0.0176f,-0.4106f,-3.0912f,0.3538f,0.4749f,-0.8058f,4.0853f,0.2092f,-0.8799f,-0.4267f,-1.3438f,0f,0f,0f,1f],start_interpolation: 0,interpolation_duration: 1}
$data merge entity $(right_fingers2) {transformation: [0.9944f,0.0146f,-0.1051f,-3.041f,-0.0471f,-0.8268f,-0.5605f,3.5095f,-0.0951f,0.5623f,-0.8215f,-1.0554f,0f,0f,0f,1f],start_interpolation: 0,interpolation_duration: 1}
$data merge entity $(right_fingers) {transformation: [-0.3714f,-0.9225f,-0.1051f,-3.3151f,-0.7441f,0.3635f,-0.5605f,3.588f,0.5553f,-0.13f,-0.8215f,-1.0828f,0f,0f,0f,1f],start_interpolation: 0,interpolation_duration: 1}
$data merge entity $(scout) {transformation: [0f,0f,0f,-3.145f,0f,0f,0f,3.5282f,0f,0f,0f,-1.1936f,0f,0f,0f,1f],start_interpolation: 0,interpolation_duration: 1}
$data merge entity $(right_hand) {transformation: [-0.979f,0.1745f,-0.1051f,-3.2077f,0.2033f,0.8028f,-0.5605f,4.0553f,-0.0134f,-0.5701f,-0.8215f,-1.4692f,0f,0f,0f,1f],start_interpolation: 0,interpolation_duration: 1}
$data merge entity $(right_forearm) {transformation: [-0.5694f,0.8235f,0.9459f,-1.9094f,0.0713f,1.0584f,-0.8786f,5.6142f,-1.2521f,-0.3143f,-0.4802f,-1.9079f,0f,0f,0f,1f],start_interpolation: 0,interpolation_duration: 1}
$data merge entity $(right_shoulder) {transformation: [-1.1027f,0.6381f,0.7258f,-0.9325f,0.9533f,0.5372f,0.976f,6.0456f,0.1588f,1.2059f,-0.8188f,-0.4434f,0f,0f,0f,1f],start_interpolation: 0,interpolation_duration: 1}
$data merge entity $(right_arm) {transformation: [-1f,0.0012f,0.0088f,-0.3682f,0.0054f,0.8643f,0.5029f,6.2972f,-0.0071f,0.5029f,-0.8643f,-0.301f,0f,0f,0f,1f],start_interpolation: 0,interpolation_duration: 1}
$data merge entity $(left_thumb_2) {transformation: [-0.8484f,-0.389f,0.359f,3.3614f,-0.4398f,0.8954f,-0.0692f,3.775f,-0.2945f,-0.2166f,-0.9308f,-0.2168f,0f,0f,0f,1f],start_interpolation: 0,interpolation_duration: 1}
$data merge entity $(left_thumb) {transformation: [-0.8484f,0.1457f,0.5089f,3.5269f,-0.4398f,0.3409f,-0.8309f,3.9616f,-0.2945f,-0.9287f,-0.2252f,-0.4687f,0f,0f,0f,1f],start_interpolation: 0,interpolation_duration: 1}
$data merge entity $(left_fingers2) {transformation: [0.9616f,-0.075f,0.2642f,3.4525f,0.1258f,-0.7346f,-0.6667f,3.4322f,0.2441f,0.6743f,-0.6969f,-0.1062f,0f,0f,0f,1f],start_interpolation: 0,interpolation_duration: 1}
$data merge entity $(left_fingers) {transformation: [-0.303f,0.9156f,0.2642f,3.7239f,0.6287f,0.4004f,-0.6667f,3.5237f,-0.7162f,-0.0359f,-0.6969f,-0.1013f,0f,0f,0f,1f],start_interpolation: 0,interpolation_duration: 1}
$data merge entity $(left_hand) {transformation: [-0.9583f,-0.1089f,0.2642f,3.6639f,-0.263f,0.6974f,-0.6667f,3.9212f,-0.1116f,-0.7084f,-0.6969f,-0.5678f,0f,0f,0f,1f],start_interpolation: 0,interpolation_duration: 1}
$data merge entity $(left_forearm) {transformation: [-0.7681f,-0.8015f,-0.8153f,2.3952f,0.0757f,0.9444f,-0.9997f,5.3103f,1.1408f,-0.6023f,-0.4826f,-1.4449f,0f,0f,0f,1f],start_interpolation: 0,interpolation_duration: 1}
$data merge entity $(left_shoulder) {transformation: [-1.0473f,-0.9174f,-0.4599f,1.0804f,-1.0038f,0.7794f,0.7312f,6.0347f,-0.213f,0.8371f,-1.1848f,-0.4292f,0f,0f,0f,1f],start_interpolation: 0,interpolation_duration: 1}
$data merge entity $(left_arm) {transformation: [-1f,0.0012f,0.0088f,0.5169f,0.0054f,0.8643f,0.5029f,6.2924f,-0.0071f,0.5029f,-0.8643f,-0.2948f,0f,0f,0f,1f],start_interpolation: 0,interpolation_duration: 1}
$data merge entity $(chest) {transformation: [-1.2785f,0.0015f,0.0113f,0.0726f,0.007f,1.1051f,0.643f,4.7512f,-0.009f,0.643f,-1.105f,-1.2361f,0f,0f,0f,1f],start_interpolation: 0,interpolation_duration: 1}
$data merge entity $(left_cheek) {transformation: [-0.928f,-0.2041f,-0.3118f,0.3002f,-0.1563f,0.9727f,-0.1714f,3.7473f,0.3383f,-0.1103f,-0.9346f,-2.2658f,0f,0f,0f,1f],start_interpolation: 0,interpolation_duration: 1}
$data merge entity $(left_foot) {transformation: [-0.8441f,-0.0707f,-0.5725f,0.8639f,-0.2129f,0.9812f,0.1927f,-3.6142f,0.5361f,0.2783f,-0.8248f,-3.7807f,0f,0f,0f,1f],start_interpolation: 0,interpolation_duration: 1}
$data merge entity $(left_knee) {transformation: [-2.7122f,0.2606f,-1.3521f,1.247f,-0.4647f,2.6383f,1.4407f,0.1095f,1.2962f,1.4912f,-2.3127f,-1.8488f,0f,0f,0f,1f],start_interpolation: 0,interpolation_duration: 1}
$data merge entity $(left_leg) {transformation: [-1.5318f,-0.3228f,-0.7076f,0.687f,-0.2625f,1.6859f,-0.2008f,2.8054f,0.7321f,-0.0709f,-1.5526f,-1.8864f,0f,0f,0f,1f],start_interpolation: 0,interpolation_duration: 1}
$data merge entity $(right_cheek) {transformation: [-0.9974f,0.0677f,0.0251f,-0.4713f,0.0643f,0.991f,-0.1171f,3.89f,-0.0329f,-0.1152f,-0.9928f,-2.0675f,0f,0f,0f,1f],start_interpolation: 0,interpolation_duration: 1}
$data merge entity $(right_foot) {transformation: [-1.0148f,0.0323f,0.1197f,-1.0082f,0.0336f,1.0218f,0.0093f,-3.9654f,-0.1194f,0.0132f,-1.0153f,-0.6388f,0f,0f,0f,1f],start_interpolation: 0,interpolation_duration: 1}
$data merge entity $(right_knee) {transformation: [-3.0221f,0.0903f,0.3334f,-0.9564f,0.1046f,3.0373f,0.1259f,0.2465f,-0.3292f,0.1366f,-3.0208f,-0.5828f,0f,0f,0f,1f],start_interpolation: 0,interpolation_duration: 1}
$data merge entity $(right_leg) {transformation: [-1.7064f,0.1239f,0.1558f,-0.6914f,0.0491f,1.565f,-0.7069f,2.7724f,-0.193f,-0.6977f,-1.558f,-1.6468f,0f,0f,0f,1f],start_interpolation: 0,interpolation_duration: 1}
$data merge entity $(weist) {transformation: [-1.5979f,0.0221f,-0.2794f,0f,-0.0382f,1.585f,0.3438f,4.4265f,0.2777f,0.3453f,-1.5607f,-1.5284f,0f,0f,0f,1f],start_interpolation: 0,interpolation_duration: 1}
data modify storage animated_java:temp entry.data merge value {"locators":{"consume":{"px":-3.1198033053,"py":3.4129792495,"pz":-1.0712808397,"ry":352.7099917323,"rx":-34.0913081418}}}
# Data Manager: Prepare for Read / Write
execute store result storage animated_java:temp args.id int 1 run scoreboard players get @s aj.id
# Data Manager: Write
function animated_java:global/data_manager/write with storage animated_java:temp args