# This file was generated by Animated Java via MC-Build. It is not recommended to edit this file directly.
$data merge entity $(neck) {transformation: [-0.9982f,0.0546f,-0.0234f,0.0674f,0.035f,0.8597f,0.5097f,6.2883f,0.0479f,0.5079f,-0.8601f,-0.2942f,0f,0f,0f,1f],start_interpolation: 0,interpolation_duration: 1}
$data merge entity $(right_thumb_2) {transformation: [-0.9189f,0.352f,-0.1778f,-2.929f,0.3383f,0.9354f,0.1031f,3.5434f,0.2027f,0.0346f,-0.9786f,-1.1075f,0f,0f,0f,1f],start_interpolation: 0,interpolation_duration: 1}
$data merge entity $(right_thumb) {transformation: [-0.9189f,0.0199f,-0.3939f,-3.0533f,0.3383f,0.5531f,-0.7614f,3.7822f,0.2027f,-0.8329f,-0.515f,-1.3381f,0f,0f,0f,1f],start_interpolation: 0,interpolation_duration: 1}
$data merge entity $(right_fingers2) {transformation: [0.9895f,-0.1049f,-0.0991f,-3.0217f,-0.1398f,-0.8673f,-0.4777f,3.1717f,-0.0358f,0.4866f,-0.8729f,-1.0999f,0f,0f,0f,1f],start_interpolation: 0,interpolation_duration: 1}
$data merge entity $(right_fingers) {transformation: [-0.4295f,-0.8976f,-0.0991f,-3.2903f,-0.7707f,0.4216f,-0.4777f,3.2666f,0.4706f,-0.1288f,-0.8729f,-1.1297f,0f,0f,0f,1f],start_interpolation: 0,interpolation_duration: 1}
$data merge entity $(scout) {transformation: [0f,0f,0f,-3.1192f,0f,0f,0f,3.2144f,0f,0f,0f,-1.2428f,0f,0f,0f,1f],start_interpolation: 0,interpolation_duration: 1}
$data merge entity $(right_hand) {transformation: [-0.975f,0.1986f,-0.0991f,-3.1678f,0.2217f,0.8501f,-0.4777f,3.7664f,-0.0106f,-0.4878f,-0.8729f,-1.4678f,0f,0f,0f,1f],start_interpolation: 0,interpolation_duration: 1}
$data merge entity $(right_forearm) {transformation: [-0.5753f,0.782f,0.977f,-1.9307f,0.134f,1.1077f,-0.8076f,5.3996f,-1.2443f,-0.2423f,-0.5387f,-1.8006f,0f,0f,0f,1f],start_interpolation: 0,interpolation_duration: 1}
$data merge entity $(right_shoulder) {transformation: [-1.144f,0.6409f,0.6559f,-0.9398f,0.909f,0.6538f,0.9466f,5.983f,0.1213f,1.1452f,-0.9075f,-0.3996f,0f,0f,0f,1f],start_interpolation: 0,interpolation_duration: 1}
$data merge entity $(right_arm) {transformation: [-1f,0.0013f,0.007f,-0.3754f,0.0043f,0.8899f,0.456f,6.2423f,-0.0056f,0.4561f,-0.8899f,-0.2718f,0f,0f,0f,1f],start_interpolation: 0,interpolation_duration: 1}
$data merge entity $(left_thumb_2) {transformation: [-0.8573f,-0.3577f,0.3702f,3.1968f,-0.4151f,0.9057f,-0.0863f,3.5064f,-0.3044f,-0.2277f,-0.9249f,-0.1286f,0f,0f,0f,1f],start_interpolation: 0,interpolation_duration: 1}
$data merge entity $(left_thumb) {transformation: [-0.8573f,0.1443f,0.4941f,3.3634f,-0.4151f,0.3738f,-0.8294f,3.6999f,-0.3044f,-0.9162f,-0.2606f,-0.3746f,0f,0f,0f,1f],start_interpolation: 0,interpolation_duration: 1}
$data merge entity $(left_fingers2) {transformation: [0.9612f,0.0105f,0.2755f,3.2885f,0.1908f,-0.7466f,-0.6374f,3.1486f,0.199f,0.6652f,-0.7196f,-0.0269f,0f,0f,0f,1f],start_interpolation: 0,interpolation_duration: 1}
$data merge entity $(left_fingers) {transformation: [-0.3311f,0.9025f,0.2755f,3.557f,0.6399f,0.4293f,-0.6374f,3.2482f,-0.6935f,-0.0347f,-0.7196f,-0.0225f,0f,0f,0f,1f],start_interpolation: 0,interpolation_duration: 1}
$data merge entity $(left_hand) {transformation: [-0.9559f,-0.1019f,0.2755f,3.5018f,-0.261f,0.725f,-0.6374f,3.664f,-0.1348f,-0.6812f,-0.7196f,-0.4734f,0f,0f,0f,1f],start_interpolation: 0,interpolation_duration: 1}
$data merge entity $(left_forearm) {transformation: [-0.8128f,-0.7243f,-0.8437f,2.3465f,0.0904f,0.9986f,-0.9444f,5.1372f,1.1083f,-0.6126f,-0.5417f,-1.3696f,0f,0f,0f,1f],start_interpolation: 0,interpolation_duration: 1}
$data merge entity $(left_shoulder) {transformation: [-1.0974f,-0.8742f,-0.4259f,1.0731f,-0.9584f,0.8635f,0.697f,5.9743f,-0.1647f,0.8f,-1.2176f,-0.3882f,0f,0f,0f,1f],start_interpolation: 0,interpolation_duration: 1}
$data merge entity $(left_arm) {transformation: [-1f,0.0013f,0.007f,0.5096f,0.0043f,0.8899f,0.456f,6.2384f,-0.0056f,0.4561f,-0.8899f,-0.2668f,0f,0f,0f,1f],start_interpolation: 0,interpolation_duration: 1}
$data merge entity $(chest) {transformation: [-1.2785f,0.0016f,0.0089f,0.0651f,0.0055f,1.1378f,0.5831f,4.6489f,-0.0072f,0.5831f,-1.1378f,-1.1238f,0f,0f,0f,1f],start_interpolation: 0,interpolation_duration: 1}
$data merge entity $(left_cheek) {transformation: [-0.9297f,-0.2204f,-0.2952f,0.3057f,-0.1602f,0.9634f,-0.2147f,3.6103f,0.3318f,-0.1523f,-0.931f,-2.1333f,0f,0f,0f,1f],start_interpolation: 0,interpolation_duration: 1}
$data merge entity $(left_foot) {transformation: [-0.8499f,-0.063f,-0.5648f,0.7833f,-0.2045f,0.9819f,0.1982f,-3.5513f,0.5302f,0.2777f,-0.8288f,-3.4914f,0f,0f,0f,1f],start_interpolation: 0,interpolation_duration: 1}
$data merge entity $(left_knee) {transformation: [-2.7234f,0.3833f,-1.2994f,1.3388f,-0.4152f,2.5409f,1.6197f,0.0436f,1.2895f,1.6275f,-2.2227f,-1.3668f,0f,0f,0f,1f],start_interpolation: 0,interpolation_duration: 1}
$data merge entity $(left_leg) {transformation: [-1.5382f,-0.3773f,-0.6656f,0.6898f,-0.2345f,1.6551f,-0.3962f,2.6971f,0.7283f,-0.2639f,-1.5334f,-1.7143f,0f,0f,0f,1f],start_interpolation: 0,interpolation_duration: 1}
$data merge entity $(right_cheek) {transformation: [-0.9983f,0.0561f,0.0123f,-0.4735f,0.0542f,0.9911f,-0.1216f,3.7765f,-0.019f,-0.1207f,-0.9925f,-1.9251f,0f,0f,0f,1f],start_interpolation: 0,interpolation_duration: 1}
$data merge entity $(right_foot) {transformation: [-1.0154f,0.0247f,0.1162f,-0.9325f,0.0253f,1.0221f,0.0034f,-4.1042f,-0.1161f,0.0063f,-1.0157f,-0.502f,0f,0f,0f,1f],start_interpolation: 0,interpolation_duration: 1}
$data merge entity $(right_knee) {transformation: [-3.0267f,0.068f,0.294f,-0.9133f,0.0783f,3.039f,0.1033f,0.1082f,-0.2915f,0.1104f,-3.0257f,-0.4814f,0f,0f,0f,1f],start_interpolation: 0,interpolation_duration: 1}
$data merge entity $(right_leg) {transformation: [-1.7091f,0.0985f,0.1442f,-0.6886f,0.0358f,1.5859f,-0.6596f,2.6668f,-0.171f,-0.6532f,-1.5797f,-1.4745f,0f,0f,0f,1f],start_interpolation: 0,interpolation_duration: 1}
$data merge entity $(weist) {transformation: [-1.598f,0.0193f,-0.2796f,0f,-0.0351f,1.5919f,0.3107f,4.3242f,0.278f,0.3121f,-1.5676f,-1.3904f,0f,0f,0f,1f],start_interpolation: 0,interpolation_duration: 1}
data modify storage animated_java:temp entry.data merge value {"locators":{"consume":{"px":-3.0982548387,"py":3.0876428914,"pz":-1.1315997396,"ry":353.5224167752,"rx":-28.5374896016}}}
# Data Manager: Prepare for Read / Write
execute store result storage animated_java:temp args.id int 1 run scoreboard players get @s aj.id
# Data Manager: Write
function animated_java:global/data_manager/write with storage animated_java:temp args
execute unless entity @s[tag=aj.transforms_only] at @s run function animated_java:female/animations/roar/zzz/frames/75_root_function