# This file was generated by Animated Java via MC-Build. It is not recommended to edit this file directly.
$data merge entity $(neck) {transformation: [-0.9988f,0.0445f,-0.0195f,0.0557f,0.0323f,0.9077f,0.4185f,6.2148f,0.0363f,0.4174f,-0.908f,-0.1903f,0f,0f,0f,1f],start_interpolation: 0,interpolation_duration: 1}
$data merge entity $(right_thumb_2) {transformation: [-0.9153f,0.3332f,-0.2262f,-2.7558f,0.3273f,0.9427f,0.0643f,3.071f,0.2347f,-0.0152f,-0.972f,-0.7936f,0f,0f,0f,1f],start_interpolation: 0,interpolation_duration: 1}
$data merge entity $(right_thumb) {transformation: [-0.9153f,0.0177f,-0.4024f,-2.8801f,0.3273f,0.6148f,-0.7176f,3.3275f,0.2347f,-0.7885f,-0.5685f,-1.0045f,0f,0f,0f,1f],start_interpolation: 0,interpolation_duration: 1}
$data merge entity $(right_fingers2) {transformation: [0.9252f,-0.3392f,-0.1702f,-2.8686f,-0.3794f,-0.8357f,-0.3971f,2.6742f,-0.0075f,0.4319f,-0.9019f,-0.8084f,0f,0f,0f,1f],start_interpolation: 0,interpolation_duration: 1}
$data merge entity $(right_fingers) {transformation: [-0.517f,-0.8389f,-0.1702f,-3.1235f,-0.7432f,0.5385f,-0.3971f,2.8038f,0.4247f,-0.0788f,-0.9019f,-0.8255f,0f,0f,0f,1f],start_interpolation: 0,interpolation_duration: 1}
$data merge entity $(scout) {transformation: [0f,0f,0f,-2.9617f,0f,0f,0f,2.756f,0f,0f,0f,-0.9532f,0f,0f,0f,1f],start_interpolation: 0,interpolation_duration: 1}
$data merge entity $(right_hand) {transformation: [-0.9648f,0.2007f,-0.1702f,-3.0029f,0.2536f,0.8821f,-0.3971f,3.3267f,0.0704f,-0.4262f,-0.9019f,-1.1275f,0f,0f,0f,1f],start_interpolation: 0,interpolation_duration: 1}
$data merge entity $(right_forearm) {transformation: [-0.6909f,0.6557f,0.9949f,-1.9506f,0.0977f,1.1774f,-0.7081f,5.07f,-1.1875f,-0.2846f,-0.6371f,-1.5299f,0f,0f,0f,1f],start_interpolation: 0,interpolation_duration: 1}
$data merge entity $(right_shoulder) {transformation: [-1.207f,0.634f,0.5395f,-0.9516f,0.8299f,0.8418f,0.8675f,5.9011f,0.0653f,1.0195f,-1.0518f,-0.2663f,0f,0f,0f,1f],start_interpolation: 0,interpolation_duration: 1}
$data merge entity $(right_arm) {transformation: [-1f,0.0016f,0.0059f,-0.3872f,0.0037f,0.9278f,0.3732f,6.1709f,-0.0049f,0.3732f,-0.9277f,-0.1633f,0f,0f,0f,1f],start_interpolation: 0,interpolation_duration: 1}
$data merge entity $(left_thumb_2) {transformation: [-0.8597f,-0.3263f,0.393f,2.9281f,-0.3997f,0.9088f,-0.1197f,3.0919f,-0.3181f,-0.26f,-0.9117f,0.0913f,0f,0f,0f,1f],start_interpolation: 0,interpolation_duration: 1}
$data merge entity $(left_thumb) {transformation: [-0.8597f,0.1202f,0.4965f,3.0872f,-0.3997f,0.447f,-0.8003f,3.3062f,-0.3181f,-0.8864f,-0.3362f,-0.142f,0f,0f,0f,1f],start_interpolation: 0,interpolation_duration: 1}
$data merge entity $(left_fingers2) {transformation: [0.9092f,0.259f,0.326f,3.0421f,0.4064f,-0.7219f,-0.56f,2.7041f,0.0903f,0.6417f,-0.7617f,0.1756f,0f,0f,0f,1f],start_interpolation: 0,interpolation_duration: 1}
$data merge entity $(left_fingers) {transformation: [-0.4352f,0.8392f,0.326f,3.2959f,0.6263f,0.5423f,-0.56f,2.8369f,-0.6468f,-0.0396f,-0.7617f,0.177f,0f,0f,0f,1f],start_interpolation: 0,interpolation_duration: 1}
$data merge entity $(left_hand) {transformation: [-0.9372f,-0.1238f,0.326f,3.2296f,-0.2969f,0.7734f,-0.56f,3.2857f,-0.1828f,-0.6217f,-0.7617f,-0.2394f,0f,0f,0f,1f],start_interpolation: 0,interpolation_duration: 1}
$data merge entity $(left_forearm) {transformation: [-0.8883f,-0.5968f,-0.8672f,2.2624f,0.1126f,1.0743f,-0.8546f,4.8772f,1.0466f,-0.622f,-0.644f,-1.1561f,0f,0f,0f,1f],start_interpolation: 0,interpolation_duration: 1}
$data merge entity $(left_shoulder) {transformation: [-1.1735f,-0.8007f,-0.3627f,1.0613f,-0.8736f,0.9948f,0.6302f,5.8936f,-0.0981f,0.7205f,-1.2732f,-0.2564f,0f,0f,0f,1f],start_interpolation: 0,interpolation_duration: 1}
$data merge entity $(left_arm) {transformation: [-1f,0.0016f,0.0059f,0.4979f,0.0037f,0.9278f,0.3732f,6.1676f,-0.0049f,0.3732f,-0.9277f,-0.1589f,0f,0f,0f,1f],start_interpolation: 0,interpolation_duration: 1}
$data merge entity $(chest) {transformation: [-1.2785f,0.0021f,0.0076f,0.0526f,0.0047f,1.1862f,0.4771f,4.5067f,-0.0063f,0.4771f,-1.1862f,-0.8672f,0f,0f,0f,1f],start_interpolation: 0,interpolation_duration: 1}
$data merge entity $(left_cheek) {transformation: [-0.9373f,-0.2107f,-0.2777f,0.3183f,-0.1481f,0.9619f,-0.2299f,3.4802f,0.3156f,-0.1744f,-0.9327f,-1.8101f,0f,0f,0f,1f],start_interpolation: 0,interpolation_duration: 1}
$data merge entity $(left_foot) {transformation: [-0.8607f,-0.0553f,-0.549f,0.6554f,-0.1663f,0.9959f,0.1604f,-3.7555f,0.5261f,0.2244f,-0.8474f,-2.9002f,0f,0f,0f,1f],start_interpolation: 0,interpolation_duration: 1}
$data merge entity $(left_knee) {transformation: [-2.7474f,0.4291f,-1.2328f,1.2777f,-0.3062f,2.5807f,1.5806f,-0.1102f,1.2689f,1.5517f,-2.2878f,-0.8826f,0f,0f,0f,1f],start_interpolation: 0,interpolation_duration: 1}
$data merge entity $(left_leg) {transformation: [-1.5517f,-0.3358f,-0.6564f,0.6945f,-0.1729f,1.6526f,-0.4365f,2.5429f,0.7167f,-0.3282f,-1.5264f,-1.3339f,0f,0f,0f,1f],start_interpolation: 0,interpolation_duration: 1}
$data merge entity $(right_cheek) {transformation: [-0.9987f,0.0498f,0.0078f,-0.4754f,0.0483f,0.9889f,-0.1409f,3.6136f,-0.0147f,-0.1403f,-0.99f,-1.611f,0f,0f,0f,1f],start_interpolation: 0,interpolation_duration: 1}
$data merge entity $(right_foot) {transformation: [-1.0155f,0.0197f,0.1166f,-0.8967f,0.0196f,1.0222f,-0.0016f,-4.2641f,-0.1166f,0.0006f,-1.0157f,-0.0463f,0f,0f,0f,1f],start_interpolation: 0,interpolation_duration: 1}
$data merge entity $(right_knee) {transformation: [-3.0282f,0.0598f,0.2808f,-0.8893f,0.0625f,3.041f,0.0264f,-0.0525f,-0.2802f,0.032f,-3.0286f,-0.134f,0f,0f,0f,1f],start_interpolation: 0,interpolation_duration: 1}
$data merge entity $(right_leg) {transformation: [-1.7099f,0.0864f,0.1425f,-0.684f,0.0275f,1.5951f,-0.6374f,2.5205f,-0.1644f,-0.6322f,-1.589f,-1.0933f,0f,0f,0f,1f],start_interpolation: 0,interpolation_duration: 1}
$data merge entity $(weist) {transformation: [-1.598f,0.0148f,-0.2797f,0f,-0.0259f,1.6054f,0.2327f,4.182f,0.2789f,0.2336f,-1.581f,-1.0904f,0f,0f,0f,1f],start_interpolation: 0,interpolation_duration: 1}
data modify storage animated_java:temp entry.data merge value {"locators":{"consume":{"px":-2.9388388277,"py":2.6195125434,"pz":-0.8547126136,"ry":349.3153289982,"rx":-23.3954042723}}}
# Data Manager: Prepare for Read / Write
execute store result storage animated_java:temp args.id int 1 run scoreboard players get @s aj.id
# Data Manager: Write
function animated_java:global/data_manager/write with storage animated_java:temp args
execute unless entity @s[tag=aj.transforms_only] at @s run function animated_java:female/animations/roar/zzz/frames/77_root_function