# This file was generated by Animated Java via MC-Build. It is not recommended to edit this file directly.
$data merge entity $(neck) {transformation: [-0.9992f,0.0374f,-0.0166f,0.0472f,0.0291f,0.9354f,0.3524f,6.1628f,0.0287f,0.3517f,-0.9357f,-0.1064f,0f,0f,0f,1f],start_interpolation: 0,interpolation_duration: 1}
$data merge entity $(right_thumb_2) {transformation: [-0.9018f,0.3226f,-0.2876f,-2.6032f,0.3325f,0.943f,0.0153f,2.7736f,0.2761f,-0.0818f,-0.9576f,-0.5027f,0f,0f,0f,1f],start_interpolation: 0,interpolation_duration: 1}
$data merge entity $(right_thumb) {transformation: [-0.9018f,0.0049f,-0.4322f,-2.7292f,0.3325f,0.6468f,-0.6864f,3.0407f,0.2761f,-0.7626f,-0.5849f,-0.6989f,0f,0f,0f,1f],start_interpolation: 0,interpolation_duration: 1}
$data merge entity $(right_fingers2) {transformation: [0.8212f,-0.5112f,-0.2536f,-2.7407f,-0.5705f,-0.7455f,-0.3447f,2.3598f,-0.0128f,0.4278f,-0.9038f,-0.5251f,0f,0f,0f,1f],start_interpolation: 0,interpolation_duration: 1}
$data merge entity $(right_fingers) {transformation: [-0.5802f,-0.774f,-0.2536f,-2.9795f,-0.6934f,0.6327f,-0.3447f,2.518f,0.4273f,-0.0242f,-0.9038f,-0.5266f,0f,0f,0f,1f],start_interpolation: 0,interpolation_duration: 1}
$data merge entity $(scout) {transformation: [0f,0f,0f,-2.8297f,0f,0f,0f,2.4708f,0f,0f,0f,-0.6686f,0f,0f,0f,1f],start_interpolation: 0,interpolation_duration: 1}
$data merge entity $(right_hand) {transformation: [-0.9456f,0.2037f,-0.2536f,-2.8608f,0.2851f,0.8943f,-0.3447f,3.0506f,0.1565f,-0.3983f,-0.9038f,-0.8119f,0f,0f,0f,1f],start_interpolation: 0,interpolation_duration: 1}
$data merge entity $(right_forearm) {transformation: [-0.7889f,0.5571f,0.982f,-1.9532f,0.044f,1.2122f,-0.6524f,4.8507f,-1.1282f,-0.3423f,-0.7121f,-1.3065f,0f,0f,0f,1f],start_interpolation: 0,interpolation_duration: 1}
$data merge entity $(right_shoulder) {transformation: [-1.2472f,0.6205f,0.4575f,-0.9601f,0.7701f,0.9636f,0.7926f,5.8447f,0.0347f,0.9145f,-1.1455f,-0.1616f,0f,0f,0f,1f],start_interpolation: 0,interpolation_duration: 1}
$data merge entity $(right_arm) {transformation: [-1f,0.0017f,0.0051f,-0.3956f,0.0032f,0.9495f,0.3137f,6.1206f,-0.0043f,0.3137f,-0.9495f,-0.0763f,0f,0f,0f,1f],start_interpolation: 0,interpolation_duration: 1}
$data merge entity $(left_thumb_2) {transformation: [-0.8516f,-0.3139f,0.4198f,2.7427f,-0.4029f,0.9043f,-0.1413f,2.8183f,-0.3353f,-0.2895f,-0.8965f,0.2565f,0f,0f,0f,1f],start_interpolation: 0,interpolation_duration: 1}
$data merge entity $(left_thumb) {transformation: [-0.8516f,0.0986f,0.5148f,2.8934f,-0.4029f,0.505f,-0.7633f,3.0512f,-0.3353f,-0.8575f,-0.3903f,0.0359f,0f,0f,0f,1f],start_interpolation: 0,interpolation_duration: 1}
$data merge entity $(left_fingers2) {transformation: [0.8075f,0.4504f,0.3809f,2.8846f,0.5893f,-0.6443f,-0.4875f,2.4112f,0.0258f,0.6181f,-0.7857f,0.3262f,0f,0f,0f,1f],start_interpolation: 0,interpolation_duration: 1}
$data merge entity $(left_fingers) {transformation: [-0.5185f,0.7656f,0.3809f,3.1202f,0.5909f,0.6428f,-0.4875f,2.5741f,-0.618f,-0.0277f,-0.7857f,0.3299f,0f,0f,0f,1f],start_interpolation: 0,interpolation_duration: 1}
$data merge entity $(left_hand) {transformation: [-0.9122f,-0.1512f,0.3809f,3.0396f,-0.3371f,0.8054f,-0.4875f,3.0456f,-0.233f,-0.5731f,-0.7857f,-0.0579f,0f,0f,0f,1f],start_interpolation: 0,interpolation_duration: 1}
$data merge entity $(left_forearm) {transformation: [-0.94f,-0.511f,-0.8674f,2.1994f,0.127f,1.1171f,-0.7957f,4.7043f,0.9987f,-0.623f,-0.7153f,-0.9806f,0f,0f,0f,1f],start_interpolation: 0,interpolation_duration: 1}
$data merge entity $(left_shoulder) {transformation: [-1.2216f,-0.7467f,-0.3162f,1.0529f,-0.8086f,1.079f,0.576f,5.8382f,-0.0607f,0.6543f,-1.3108f,-0.153f,0f,0f,0f,1f],start_interpolation: 0,interpolation_duration: 1}
$data merge entity $(left_arm) {transformation: [-1f,0.0017f,0.0051f,0.4895f,0.0032f,0.9495f,0.3137f,6.1178f,-0.0043f,0.3137f,-0.9495f,-0.0725f,0f,0f,0f,1f],start_interpolation: 0,interpolation_duration: 1}
$data merge entity $(chest) {transformation: [-1.2785f,0.0022f,0.0065f,0.044f,0.0041f,1.214f,0.4011f,4.4152f,-0.0055f,0.4011f,-1.214f,-0.6739f,0f,0f,0f,1f],start_interpolation: 0,interpolation_duration: 1}
$data merge entity $(left_cheek) {transformation: [-0.9448f,-0.193f,-0.2647f,0.3325f,-0.1338f,0.9649f,-0.226f,3.4191f,0.299f,-0.1781f,-0.9375f,-1.561f,0f,0f,0f,1f],start_interpolation: 0,interpolation_duration: 1}
$data merge entity $(left_foot) {transformation: [-0.8686f,-0.0504f,-0.5369f,0.5604f,-0.1319f,1.0068f,0.1189f,-3.9834f,0.5229f,0.1703f,-0.8619f,-2.4458f,0f,0f,0f,1f],start_interpolation: 0,interpolation_duration: 1}
$data merge entity $(left_knee) {transformation: [-2.7658f,0.4244f,-1.1927f,1.1784f,-0.2197f,2.6612f,1.4566f,-0.2343f,1.2467f,1.4106f,-2.3892f,-0.627f,0f,0f,0f,1f],start_interpolation: 0,interpolation_duration: 1}
$data merge entity $(left_leg) {transformation: [-1.5621f,-0.2712f,-0.6616f,0.6984f,-0.1241f,1.6683f,-0.3908f,2.4447f,0.7041f,-0.3075f,-1.5366f,-1.0453f,0f,0f,0f,1f],start_interpolation: 0,interpolation_duration: 1}
$data merge entity $(right_cheek) {transformation: [-0.9988f,0.0486f,0.0088f,-0.4756f,0.0466f,0.9863f,-0.158f,3.5076f,-0.0164f,-0.1574f,-0.9874f,-1.3755f,0f,0f,0f,1f],start_interpolation: 0,interpolation_duration: 1}
$data merge entity $(right_foot) {transformation: [-1.0153f,0.0179f,0.1184f,-0.8925f,0.0175f,1.0222f,-0.0043f,-4.354f,-0.1185f,-0.0023f,-1.0155f,0.3346f,0f,0f,0f,1f],start_interpolation: 0,interpolation_duration: 1}
$data merge entity $(right_knee) {transformation: [-3.0278f,0.0614f,0.2846f,-0.8828f,0.0578f,3.0409f,-0.0413f,-0.1454f,-0.2854f,-0.0357f,-3.0281f,0.1531f,0f,0f,0f,1f],start_interpolation: 0,interpolation_duration: 1}
$data merge entity $(right_leg) {transformation: [-1.7096f,0.0849f,0.1463f,-0.68f,0.0248f,1.5957f,-0.6361f,2.4286f,-0.1673f,-0.6309f,-1.5892f,-0.8041f,0f,0f,0f,1f],start_interpolation: 0,interpolation_duration: 1}
$data merge entity $(weist) {transformation: [-1.5979f,0.0109f,-0.2801f,0f,-0.0186f,1.6134f,0.1693f,4.0905f,0.2797f,0.1699f,-1.589f,-0.867f,0f,0f,0f,1f],start_interpolation: 0,interpolation_duration: 1}
data modify storage animated_java:temp entry.data merge value {"locators":{"consume":{"px":-2.8051421691,"py":2.3287260861,"pz":-0.5786505442,"ry":344.3278523126,"rx":-20.1650792285}}}
# Data Manager: Prepare for Read / Write
execute store result storage animated_java:temp args.id int 1 run scoreboard players get @s aj.id
# Data Manager: Write
function animated_java:global/data_manager/write with storage animated_java:temp args