# This file was generated by Animated Java via MC-Build. It is not recommended to edit this file directly.
$data merge entity $(neck) {transformation: [-0.9995f,0.0295f,-0.0133f,0.0376f,0.0246f,0.9602f,0.2782f,6.0997f,0.021f,0.2777f,-0.9604f,-0.0137f,0f,0f,0f,1f],start_interpolation: 0,interpolation_duration: 1}
$data merge entity $(right_thumb_2) {transformation: [-0.8776f,0.3062f,-0.3689f,-2.4286f,0.3435f,0.9384f,-0.0383f,2.4786f,0.3344f,-0.1604f,-0.9287f,-0.1675f,0f,0f,0f,1f],start_interpolation: 0,interpolation_duration: 1}
$data merge entity $(right_thumb) {transformation: [-0.8776f,-0.0158f,-0.4792f,-2.557f,0.3435f,0.6764f,-0.6515f,2.7563f,0.3344f,-0.7363f,-0.5882f,-0.3466f,0f,0f,0f,1f],start_interpolation: 0,interpolation_duration: 1}
$data merge entity $(right_fingers2) {transformation: [0.6639f,-0.6564f,-0.3583f,-2.5985f,-0.7474f,-0.5987f,-0.288f,2.0504f,-0.0255f,0.4589f,-0.8881f,-0.1917f,0f,0f,0f,1f],start_interpolation: 0,interpolation_duration: 1}
$data merge entity $(right_fingers) {transformation: [-0.6326f,-0.6866f,-0.3583f,-2.8147f,-0.6247f,0.7258f,-0.288f,2.2375f,0.4578f,0.0416f,-0.8881f,-0.1734f,0f,0f,0f,1f],start_interpolation: 0,interpolation_duration: 1}
$data merge entity $(scout) {transformation: [0f,0f,0f,-2.6822f,0f,0f,0f,2.1907f,0f,0f,0f,-0.3317f,0f,0f,0f,1f],start_interpolation: 0,interpolation_duration: 1}
$data merge entity $(right_hand) {transformation: [-0.9103f,0.2075f,-0.3583f,-2.6985f,0.3191f,0.9029f,-0.288f,2.7777f,0.2637f,-0.3765f,-0.8881f,-0.4452f,0f,0f,0f,1f],start_interpolation: 0,interpolation_duration: 1}
$data merge entity $(right_forearm) {transformation: [-0.8918f,0.4527f,0.947f,-1.9453f,-0.0168f,1.2364f,-0.6068f,4.6183f,-1.0495f,-0.4044f,-0.795f,-1.0396f,0f,0f,0f,1f],start_interpolation: 0,interpolation_duration: 1}
$data merge entity $(right_shoulder) {transformation: [-1.2877f,0.597f,0.3676f,-0.9696f,0.701f,1.0856f,0.6927f,5.7783f,0.0099f,0.7841f,-1.2389f,-0.0457f,0f,0f,0f,1f],start_interpolation: 0,interpolation_duration: 1}
$data merge entity $(right_arm) {transformation: [-1f,0.0017f,0.004f,-0.4052f,0.0026f,0.9689f,0.2473f,6.0596f,-0.0035f,0.2473f,-0.9689f,0.0197f,0f,0f,0f,1f],start_interpolation: 0,interpolation_duration: 1}
$data merge entity $(left_thumb_2) {transformation: [-0.8348f,-0.2984f,0.4626f,2.5402f,-0.4092f,0.8985f,-0.1588f,2.5352f,-0.3683f,-0.3219f,-0.8722f,0.4372f,0f,0f,0f,1f],start_interpolation: 0,interpolation_duration: 1}
$data merge entity $(left_thumb) {transformation: [-0.8348f,0.0839f,0.5441f,2.6833f,-0.4092f,0.5667f,-0.7152f,2.7883f,-0.3683f,-0.8197f,-0.4388f,0.2343f,0f,0f,0f,1f],start_interpolation: 0,interpolation_duration: 1}
$data merge entity $(left_fingers2) {transformation: [0.6496f,0.6124f,0.4506f,2.7164f,0.7602f,-0.5116f,-0.4005f,2.1123f,-0.0147f,0.6027f,-0.7978f,0.4913f,0f,0f,0f,1f],start_interpolation: 0,interpolation_duration: 1}
$data merge entity $(left_fingers) {transformation: [-0.5891f,0.6707f,0.4506f,2.9274f,0.5381f,0.7417f,-0.4005f,2.3056f,-0.6029f,0.0066f,-0.7978f,0.5044f,0f,0f,0f,1f],start_interpolation: 0,interpolation_duration: 1}
$data merge entity $(left_hand) {transformation: [-0.8749f,-0.1776f,0.4506f,2.8339f,-0.376f,0.8356f,-0.4005f,2.7992f,-0.3054f,-0.5198f,-0.7978f,0.1483f,0f,0f,0f,1f],start_interpolation: 0,interpolation_duration: 1}
$data merge entity $(left_forearm) {transformation: [-0.995f,-0.4223f,-0.8537f,2.1255f,0.1412f,1.1556f,-0.7361f,4.5186f,0.9419f,-0.6193f,-0.7915f,-0.7739f,0f,0f,0f,1f],start_interpolation: 0,interpolation_duration: 1}
$data merge entity $(left_shoulder) {transformation: [-1.2696f,-0.6846f,-0.2633f,1.0434f,-0.7329f,1.1635f,0.5087f,5.773f,-0.0286f,0.5721f,-1.3497f,-0.0387f,0f,0f,0f,1f],start_interpolation: 0,interpolation_duration: 1}
$data merge entity $(left_arm) {transformation: [-1f,0.0017f,0.004f,0.4799f,0.0026f,0.9689f,0.2473f,6.0573f,-0.0035f,0.2473f,-0.9689f,0.0228f,0f,0f,0f,1f],start_interpolation: 0,interpolation_duration: 1}
$data merge entity $(chest) {transformation: [-1.2785f,0.0021f,0.0051f,0.0345f,0.0033f,1.2388f,0.3162f,4.3171f,-0.0044f,0.3162f,-1.2388f,-0.4589f,0f,0f,0f,1f],start_interpolation: 0,interpolation_duration: 1}
$data merge entity $(left_cheek) {transformation: [-0.9533f,-0.172f,-0.2484f,0.3517f,-0.1177f,0.9686f,-0.219f,3.3625f,0.2783f,-0.1796f,-0.9436f,-1.2837f,0f,0f,0f,1f],start_interpolation: 0,interpolation_duration: 1}
$data merge entity $(left_foot) {transformation: [-0.8765f,-0.045f,-0.5243f,0.4591f,-0.0949f,1.0154f,0.0715f,-4.223f,0.5176f,0.11f,-0.8748f,-1.9459f,0f,0f,0f,1f],start_interpolation: 0,interpolation_duration: 1}
$data merge entity $(left_knee) {transformation: [-2.7843f,0.4134f,-1.1527f,1.0641f,-0.1298f,2.7473f,1.299f,-0.3637f,1.2177f,1.2383f,-2.4972f,-0.3692f,0f,0f,0f,1f],start_interpolation: 0,interpolation_duration: 1}
$data merge entity $(left_leg) {transformation: [-1.5726f,-0.1968f,-0.6631f,0.7028f,-0.0733f,1.6851f,-0.3263f,2.3424f,0.6878f,-0.2704f,-1.5509f,-0.7283f,0f,0f,0f,1f],start_interpolation: 0,interpolation_duration: 1}
$data merge entity $(right_cheek) {transformation: [-0.9988f,0.048f,0.0108f,-0.4753f,0.0454f,0.9832f,-0.1765f,3.3964f,-0.0191f,-0.1758f,-0.9842f,-1.1147f,0f,0f,0f,1f],start_interpolation: 0,interpolation_duration: 1}
$data merge entity $(right_foot) {transformation: [-1.0151f,0.0163f,0.1206f,-0.8919f,0.0156f,1.0222f,-0.0069f,-4.4433f,-0.1207f,-0.005f,-1.0152f,0.7561f,0f,0f,0f,1f],start_interpolation: 0,interpolation_duration: 1}
$data merge entity $(right_knee) {transformation: [-3.0271f,0.0644f,0.2914f,-0.8777f,0.0537f,3.0391f,-0.1145f,-0.2403f,-0.2936f,-0.1088f,-3.0256f,0.4734f,0f,0f,0f,1f],start_interpolation: 0,interpolation_duration: 1}
$data merge entity $(right_leg) {transformation: [-1.7092f,0.0846f,0.1514f,-0.6756f,0.0224f,1.595f,-0.6378f,2.3328f,-0.1719f,-0.6326f,-1.588f,-0.4863f,0f,0f,0f,1f],start_interpolation: 0,interpolation_duration: 1}
$data merge entity $(weist) {transformation: [-1.5979f,0.0066f,-0.2806f,0f,-0.0112f,1.6191f,0.1017f,3.9924f,0.2805f,0.1021f,-1.5946f,-0.619f,0f,0f,0f,1f],start_interpolation: 0,interpolation_duration: 1}
data modify storage animated_java:temp entry.data merge value {"locators":{"consume":{"px":-2.6559236575,"py":2.0434075398,"pz":-0.2511845279,"ry":338.03064945,"rx":-16.7363422704}}}
# Data Manager: Prepare for Read / Write
execute store result storage animated_java:temp args.id int 1 run scoreboard players get @s aj.id
# Data Manager: Write
function animated_java:global/data_manager/write with storage animated_java:temp args