# This file was generated by Animated Java via MC-Build. It is not recommended to edit this file directly.
$data merge entity $(neck) {transformation: [-0.9997f,0.0216f,-0.01f,0.0279f,0.0191f,0.9787f,0.2044f,6.0311f,0.0142f,0.2042f,-0.9788f,0.0763f,0f,0f,0f,1f],start_interpolation: 0,interpolation_duration: 1}
$data merge entity $(right_thumb_2) {transformation: [-0.8448f,0.2827f,-0.4542f,-2.2602f,0.3576f,0.9299f,-0.0863f,2.223f,0.3979f,-0.2354f,-0.8867f,0.1686f,0f,0f,0f,1f],start_interpolation: 0,interpolation_duration: 1}
$data merge entity $(right_thumb) {transformation: [-0.8448f,-0.0401f,-0.5335f,-2.3908f,0.3576f,0.6994f,-0.6188f,2.5098f,0.3979f,-0.7136f,-0.5766f,0.0061f,0f,0f,0f,1f],start_interpolation: 0,interpolation_duration: 1}
$data merge entity $(right_fingers2) {transformation: [0.4907f,-0.7381f,-0.4629f,-2.4636f,-0.8709f,-0.4311f,-0.2358f,1.7859f,-0.0256f,0.5189f,-0.8544f,0.151f,0f,0f,0f,1f],start_interpolation: 0,interpolation_duration: 1}
$data merge entity $(right_fingers) {transformation: [-0.6602f,-0.5914f,-0.4629f,-2.6541f,-0.5514f,0.8002f,-0.2358f,1.9966f,0.5099f,0.0996f,-0.8544f,0.1875f,0f,0f,0f,1f],start_interpolation: 0,interpolation_duration: 1}
$data merge entity $(scout) {transformation: [0f,0f,0f,-2.5414f,0f,0f,0f,1.9502f,0f,0f,0f,0.0144f,0f,0f,0f,1f],start_interpolation: 0,interpolation_duration: 1}
$data merge entity $(right_hand) {transformation: [-0.8609f,0.2111f,-0.4629f,-2.5406f,0.3492f,0.9069f,-0.2358f,2.5415f,0.3701f,-0.3646f,-0.8544f,-0.0761f,0f,0f,0f,1f],start_interpolation: 0,interpolation_duration: 1}
$data merge entity $(right_forearm) {transformation: [-0.9833f,0.3592f,0.8952f,-1.9262f,-0.0714f,1.2477f,-0.5791f,4.4023f,-0.9619f,-0.4598f,-0.8721f,-0.7602f,0f,0f,0f,1f],start_interpolation: 0,interpolation_duration: 1}
$data merge entity $(right_shoulder) {transformation: [-1.3233f,0.5654f,0.281f,-0.9792f,0.6314f,1.1903f,0.5783f,5.7077f,-0.0052f,0.6429f,-1.3178f,0.0671f,0f,0f,0f,1f],start_interpolation: 0,interpolation_duration: 1}
$data merge entity $(right_arm) {transformation: [-1f,0.0014f,0.0028f,-0.4148f,0.0019f,0.9834f,0.1816f,5.9931f,-0.0025f,0.1816f,-0.9834f,0.1128f,0f,0f,0f,1f],start_interpolation: 0,interpolation_duration: 1}
$data merge entity $(left_thumb_2) {transformation: [-0.8119f,-0.278f,0.5134f,2.3473f,-0.4137f,0.8945f,-0.1698f,2.2786f,-0.412f,-0.3502f,-0.8412f,0.6139f,0f,0f,0f,1f],start_interpolation: 0,interpolation_duration: 1}
$data merge entity $(left_thumb) {transformation: [-0.8119f,0.0788f,0.5785f,2.4849f,-0.4137f,0.6215f,-0.6653f,2.5492f,-0.412f,-0.7794f,-0.472f,0.4308f,0f,0f,0f,1f],start_interpolation: 0,interpolation_duration: 1}
$data merge entity $(left_fingers2) {transformation: [0.477f,0.7072f,0.5218f,2.5569f,0.8782f,-0.36f,-0.3149f,1.846f,-0.0348f,0.6085f,-0.7928f,0.6558f,0f,0f,0f,1f],start_interpolation: 0,interpolation_duration: 1}
$data merge entity $(left_fingers) {transformation: [-0.6316f,0.5734f,0.5218f,2.7419f,0.4821f,0.8176f,-0.3149f,2.0631f,-0.6072f,0.0527f,-0.7928f,0.6822f,0f,0f,0f,1f],start_interpolation: 0,interpolation_duration: 1}
$data merge entity $(left_hand) {transformation: [-0.8299f,-0.1976f,0.5218f,2.6395f,-0.4027f,0.8595f,-0.3149f,2.5751f,-0.3863f,-0.4714f,-0.7928f,0.3556f,0f,0f,0f,1f],start_interpolation: 0,interpolation_duration: 1}
$data merge entity $(left_forearm) {transformation: [-1.046f,-0.3433f,-0.8277f,2.0489f,0.1526f,1.1855f,-0.6845f,4.3418f,0.883f,-0.6115f,-0.8623f,-0.5599f,0f,0f,0f,1f],start_interpolation: 0,interpolation_duration: 1}
$data merge entity $(left_shoulder) {transformation: [-1.3113f,-0.6213f,-0.2102f,1.0338f,-0.6559f,1.2371f,0.435f,5.7039f,-0.007f,0.4831f,-1.3844f,0.0722f,0f,0f,0f,1f],start_interpolation: 0,interpolation_duration: 1}
$data merge entity $(left_arm) {transformation: [-1f,0.0014f,0.0028f,0.4703f,0.0019f,0.9834f,0.1816f,5.9914f,-0.0025f,0.1816f,-0.9834f,0.115f,0f,0f,0f,1f],start_interpolation: 0,interpolation_duration: 1}
$data merge entity $(chest) {transformation: [-1.2785f,0.0018f,0.0036f,0.0253f,0.0024f,1.2573f,0.2321f,4.2225f,-0.0033f,0.2321f,-1.2573f,-0.248f,0f,0f,0f,1f],start_interpolation: 0,interpolation_duration: 1}
$data merge entity $(left_cheek) {transformation: [-0.9609f,-0.1524f,-0.2314f,0.3723f,-0.103f,0.9718f,-0.2123f,3.3113f,0.2572f,-0.1802f,-0.9494f,-1.0133f,0f,0f,0f,1f],start_interpolation: 0,interpolation_duration: 1}
$data merge entity $(left_foot) {transformation: [-0.8833f,-0.0399f,-0.5133f,0.3688f,-0.0621f,1.0201f,0.0277f,-4.4266f,0.5111f,0.0551f,-0.8837f,-1.4727f,0f,0f,0f,1f],start_interpolation: 0,interpolation_duration: 1}
$data merge entity $(left_knee) {transformation: [-2.8f,0.403f,-1.118f,0.9611f,-0.052f,2.8172f,1.1457f,-0.4791f,1.1873f,1.0737f,-2.5864f,-0.1265f,0f,0f,0f,1f],start_interpolation: 0,interpolation_duration: 1}
$data merge entity $(left_leg) {transformation: [-1.5814f,-0.1298f,-0.6586f,0.7068f,-0.0294f,1.6973f,-0.2639f,2.2466f,0.6706f,-0.2317f,-1.5646f,-0.4239f,0f,0f,0f,1f],start_interpolation: 0,interpolation_duration: 1}
$data merge entity $(right_cheek) {transformation: [-0.9988f,0.0476f,0.013f,-0.4747f,0.0442f,0.9802f,-0.1931f,3.2923f,-0.0219f,-0.1923f,-0.9811f,-0.8603f,0f,0f,0f,1f],start_interpolation: 0,interpolation_duration: 1}
$data merge entity $(right_foot) {transformation: [-1.0149f,0.0149f,0.1226f,-0.8918f,0.0139f,1.0222f,-0.0091f,-4.5249f,-0.1228f,-0.0074f,-1.0149f,1.1556f,0f,0f,0f,1f],start_interpolation: 0,interpolation_duration: 1}
$data merge entity $(right_knee) {transformation: [-3.0263f,0.0673f,0.2984f,-0.8733f,0.0498f,3.036f,-0.1799f,-0.329f,-0.3019f,-0.1741f,-3.0217f,0.7823f,0f,0f,0f,1f],start_interpolation: 0,interpolation_duration: 1}
$data merge entity $(right_leg) {transformation: [-1.7087f,0.0845f,0.1564f,-0.6715f,0.0202f,1.594f,-0.6404f,2.2427f,-0.1766f,-0.6351f,-1.5865f,-0.1813f,0f,0f,0f,1f],start_interpolation: 0,interpolation_duration: 1}
$data merge entity $(weist) {transformation: [-1.5978f,0.0027f,-0.2812f,0f,-0.0046f,1.6218f,0.0414f,3.8978f,0.2812f,0.0416f,-1.5972f,-0.376f,0f,0f,0f,1f],start_interpolation: 0,interpolation_duration: 1}
data modify storage animated_java:temp entry.data merge value {"locators":{"consume":{"px":-2.514104901,"py":1.7988217389,"pz":0.086517799,"ry":331.5507730674,"rx":-13.6378363465}}}
# Data Manager: Prepare for Read / Write
execute store result storage animated_java:temp args.id int 1 run scoreboard players get @s aj.id
# Data Manager: Write
function animated_java:global/data_manager/write with storage animated_java:temp args