# This file was generated by Animated Java via MC-Build. It is not recommended to edit this file directly.
$data merge entity $(neck) {transformation: [-0.9999f,0.0148f,-0.0069f,0.0193f,0.0137f,0.99f,0.1403f,5.966f,0.0089f,0.1402f,-0.9901f,0.1526f,0f,0f,0f,1f],start_interpolation: 0,interpolation_duration: 1}
$data merge entity $(right_thumb_2) {transformation: [-0.8115f,0.2563f,-0.5252f,-2.1211f,0.3694f,0.9214f,-0.1211f,2.0308f,0.4528f,-0.2923f,-0.8423f,0.4636f,0f,0f,0f,1f],start_interpolation: 0,interpolation_duration: 1}
$data merge entity $(right_thumb) {transformation: [-0.8115f,-0.066f,-0.5806f,-2.2545f,0.3694f,0.712f,-0.5972f,2.323f,0.4528f,-0.6991f,-0.5534f,0.3136f,0f,0f,0f,1f],start_interpolation: 0,interpolation_duration: 1}
$data merge entity $(right_fingers2) {transformation: [0.3611f,-0.7563f,-0.5455f,-2.3487f,-0.9324f,-0.3003f,-0.201f,1.5896f,-0.0118f,0.5812f,-0.8137f,0.4589f,0f,0f,0f,1f],start_interpolation: 0,interpolation_duration: 1}
$data merge entity $(right_fingers) {transformation: [-0.6602f,-0.5163f,-0.5455f,-2.5185f,-0.495f,0.8454f,-0.201f,1.815f,0.5649f,0.1373f,-0.8137f,0.508f,0f,0f,0f,1f],start_interpolation: 0,interpolation_duration: 1}
$data merge entity $(scout) {transformation: [0f,0f,0f,-2.4234f,0f,0f,0f,1.7688f,0f,0f,0f,0.3246f,0f,0f,0f,1f],start_interpolation: 0,interpolation_duration: 1}
$data merge entity $(right_hand) {transformation: [-0.8115f,0.2095f,-0.5455f,-2.4098f,0.3694f,0.9073f,-0.201f,2.3615f,0.4528f,-0.3646f,-0.8137f,0.2459f,0f,0f,0f,1f],start_interpolation: 0,interpolation_duration: 1}
$data merge entity $(right_forearm) {transformation: [-1.0527f,0.2886f,0.8401f,-1.9009f,-0.111f,1.2497f,-0.5684f,4.2274f,-0.8813f,-0.5022f,-0.9318f,-0.5077f,0f,0f,0f,1f],start_interpolation: 0,interpolation_duration: 1}
$data merge entity $(right_shoulder) {transformation: [-1.3506f,0.5313f,0.2087f,-0.9876f,0.5707f,1.267f,0.4677f,5.6422f,-0.0108f,0.512f,-1.3739f,0.163f,0f,0f,0f,1f],start_interpolation: 0,interpolation_duration: 1}
$data merge entity $(right_arm) {transformation: [-1f,0.001f,0.0019f,-0.4233f,0.0013f,0.9922f,0.1246f,5.9299f,-0.0017f,0.1246f,-0.9922f,0.1916f,0f,0f,0f,1f],start_interpolation: 0,interpolation_duration: 1}
$data merge entity $(left_thumb_2) {transformation: [-0.7891f,-0.255f,0.5588f,2.1866f,-0.4124f,0.8942f,-0.1743f,2.0766f,-0.4553f,-0.368f,-0.8108f,0.7682f,0f,0f,0f,1f],start_interpolation: 0,interpolation_duration: 1}
$data merge entity $(left_thumb) {transformation: [-0.7891f,0.0852f,0.6083f,2.3224f,-0.4124f,0.6605f,-0.6274f,2.3591f,-0.4553f,-0.746f,-0.4861f,0.6026f,0f,0f,0f,1f],start_interpolation: 0,interpolation_duration: 1}
$data merge entity $(left_fingers2) {transformation: [0.3499f,0.7365f,0.5789f,2.4192f,0.9358f,-0.2469f,-0.2515f,1.6394f,-0.0423f,0.6298f,-0.7756f,0.8043f,0f,0f,0f,1f],start_interpolation: 0,interpolation_duration: 1}
$data merge entity $(left_fingers) {transformation: [-0.6433f,0.501f,0.5789f,2.5843f,0.4436f,0.8602f,-0.2515f,1.8702f,-0.624f,0.095f,-0.7756f,0.8433f,0f,0f,0f,1f],start_interpolation: 0,interpolation_duration: 1}
$data merge entity $(left_hand) {transformation: [-0.7891f,-0.2054f,0.5789f,2.4798f,-0.4124f,0.8756f,-0.2515f,2.3948f,-0.4553f,-0.4372f,-0.7756f,0.5382f,0f,0f,0f,1f],start_interpolation: 0,interpolation_duration: 1}
$data merge entity $(left_forearm) {transformation: [-1.0873f,-0.2829f,-0.7968f,1.9796f,0.1596f,1.206f,-0.6459f,4.1941f,0.8303f,-0.6022f,-0.9193f,-0.3677f,0f,0f,0f,1f],start_interpolation: 0,interpolation_duration: 1}
$data merge entity $(left_shoulder) {transformation: [-1.3431f,-0.565f,-0.1637f,1.0254f,-0.5882f,1.2924f,0.3653f,5.6396f,0.0035f,0.4003f,-1.4105f,0.1665f,0f,0f,0f,1f],start_interpolation: 0,interpolation_duration: 1}
$data merge entity $(left_arm) {transformation: [-1f,0.001f,0.0019f,0.4618f,0.0013f,0.9922f,0.1246f,5.9288f,-0.0017f,0.1246f,-0.9922f,0.1932f,0f,0f,0f,1f],start_interpolation: 0,interpolation_duration: 1}
$data merge entity $(chest) {transformation: [-1.2785f,0.0013f,0.0024f,0.0174f,0.0016f,1.2686f,0.1593f,4.1417f,-0.0022f,0.1593f,-1.2686f,-0.0669f,0f,0f,0f,1f],start_interpolation: 0,interpolation_duration: 1}
$data merge entity $(left_cheek) {transformation: [-0.9659f,-0.1394f,-0.2182f,0.3882f,-0.0933f,0.9735f,-0.2088f,3.2619f,0.2416f,-0.1813f,-0.9533f,-0.7858f,0f,0f,0f,1f],start_interpolation: 0,interpolation_duration: 1}
$data merge entity $(left_foot) {transformation: [-0.8878f,-0.0361f,-0.5058f,0.307f,-0.0401f,1.0216f,-0.0025f,-4.5675f,0.5055f,0.0177f,-0.8885f,-1.1035f,0f,0f,0f,1f],start_interpolation: 0,interpolation_duration: 1}
$data merge entity $(left_knee) {transformation: [-2.8102f,0.3981f,-1.0938f,0.8939f,0f,2.8583f,1.0403f,-0.569f,1.164f,0.9611f,-2.6407f,0.0853f,0f,0f,0f,1f],start_interpolation: 0,interpolation_duration: 1}
$data merge entity $(left_leg) {transformation: [-1.5872f,-0.0858f,-0.6518f,0.7095f,0f,1.7033f,-0.2242f,2.1663f,0.6574f,-0.2072f,-1.5736f,-0.1731f,0f,0f,0f,1f],start_interpolation: 0,interpolation_duration: 1}
$data merge entity $(right_cheek) {transformation: [-0.9988f,0.0471f,0.0143f,-0.4743f,0.0432f,0.9779f,-0.2044f,3.2064f,-0.0236f,-0.2035f,-0.9788f,-0.6439f,0f,0f,0f,1f],start_interpolation: 0,interpolation_duration: 1}
$data merge entity $(right_foot) {transformation: [-1.0147f,0.0137f,0.124f,-0.8903f,0.0125f,1.0222f,-0.0107f,-4.5947f,-0.1241f,-0.0091f,-1.0148f,1.4704f,0f,0f,0f,1f],start_interpolation: 0,interpolation_duration: 1}
$data merge entity $(right_knee) {transformation: [-3.0259f,0.0688f,0.3027f,-0.8695f,0.0465f,3.0331f,-0.2246f,-0.4047f,-0.3069f,-0.2188f,-3.0183f,1.0353f,0f,0f,0f,1f],start_interpolation: 0,interpolation_duration: 1}
$data merge entity $(right_leg) {transformation: [-1.7085f,0.0839f,0.1597f,-0.6687f,0.0183f,1.5936f,-0.6415f,2.1663f,-0.1795f,-0.6363f,-1.5857f,0.0699f,0f,0f,0f,1f],start_interpolation: 0,interpolation_duration: 1}
$data merge entity $(weist) {transformation: [-1.5977f,0f,-0.2817f,0f,0f,1.6223f,0f,3.817f,0.2817f,0f,-1.5977f,-0.1674f,0f,0f,0f,1f],start_interpolation: 0,interpolation_duration: 1}
data modify storage animated_java:temp entry.data merge value {"locators":{"consume":{"px":-2.3951315736,"py":1.6149764382,"pz":0.3910358233,"ry":326.1606462169,"rx":-11.5948499571}}}
# Data Manager: Prepare for Read / Write
execute store result storage animated_java:temp args.id int 1 run scoreboard players get @s aj.id
# Data Manager: Write
function animated_java:global/data_manager/write with storage animated_java:temp args