# This file was generated by Animated Java via MC-Build. It is not recommended to edit this file directly.
$data merge entity $(neck) {transformation: [-0.9999f,0.0101f,-0.0047f,0.0133f,0.0096f,0.9954f,0.0952f,5.9165f,0.0056f,0.0952f,-0.9954f,0.2046f,0f,0f,0f,1f],start_interpolation: 0,interpolation_duration: 1}
$data merge entity $(right_thumb_2) {transformation: [-0.7919f,0.2292f,-0.5659f,-2.0208f,0.3641f,0.9213f,-0.1363f,1.9227f,0.4902f,-0.314f,-0.8131f,0.6766f,0f,0f,0f,1f],start_interpolation: 0,interpolation_duration: 1}
$data merge entity $(right_thumb) {transformation: [-0.7919f,-0.1107f,-0.6005f,-2.1653f,0.3641f,0.7038f,-0.61f,2.2117f,0.4902f,-0.7017f,-0.5171f,0.5308f,0f,0f,0f,1f],start_interpolation: 0,interpolation_duration: 1}
$data merge entity $(right_fingers2) {transformation: [0.3719f,-0.7218f,-0.5838f,-2.2427f,-0.928f,-0.3034f,-0.2161f,1.4787f,-0.0212f,0.6221f,-0.7826f,0.6879f,0f,0f,0f,1f],start_interpolation: 0,interpolation_duration: 1}
$data merge entity $(right_fingers) {transformation: [-0.6242f,-0.5193f,-0.5838f,-2.4125f,-0.4971f,0.8404f,-0.2161f,1.7026f,0.6028f,0.1553f,-0.7826f,0.7434f,0f,0f,0f,1f],start_interpolation: 0,interpolation_duration: 1}
$data merge entity $(scout) {transformation: [0f,0f,0f,-2.3264f,0f,0f,0f,1.6556f,0f,0f,0f,0.5559f,0f,0f,0f,1f],start_interpolation: 0,interpolation_duration: 1}
$data merge entity $(right_hand) {transformation: [-0.7919f,0.179f,-0.5838f,-2.3244f,0.3641f,0.9059f,-0.2161f,2.2476f,0.4902f,-0.3837f,-0.7826f,0.4707f,0f,0f,0f,1f],start_interpolation: 0,interpolation_duration: 1}
$data merge entity $(right_forearm) {transformation: [-1.0948f,0.2466f,0.7985f,-1.8784f,-0.1331f,1.2478f,-0.5678f,4.1117f,-0.8251f,-0.5285f,-0.968f,-0.326f,0f,0f,0f,1f],start_interpolation: 0,interpolation_duration: 1}
$data merge entity $(right_shoulder) {transformation: [-1.3676f,0.5039f,0.1597f,-0.9935f,0.5285f,1.3126f,0.3843f,5.5931f,-0.0109f,0.416f,-1.4059f,0.2286f,0f,0f,0f,1f],start_interpolation: 0,interpolation_duration: 1}
$data merge entity $(right_arm) {transformation: [-1f,0.0008f,0.0013f,-0.4293f,0.0009f,0.9964f,0.0845f,5.882f,-0.0012f,0.0845f,-0.9964f,0.2453f,0f,0f,0f,1f],start_interpolation: 0,interpolation_duration: 1}
$data merge entity $(left_thumb_2) {transformation: [-0.7774f,-0.2299f,0.5855f,2.0678f,-0.3954f,0.9025f,-0.1706f,1.9575f,-0.4892f,-0.3641f,-0.7925f,0.8824f,0f,0f,0f,1f],start_interpolation: 0,interpolation_duration: 1}
$data merge entity $(left_thumb) {transformation: [-0.7774f,0.1207f,0.6174f,2.2131f,-0.3954f,0.6695f,-0.6288f,2.2404f,-0.4892f,-0.7329f,-0.4728f,0.7259f,0f,0f,0f,1f],start_interpolation: 0,interpolation_duration: 1}
$data merge entity $(left_fingers2) {transformation: [0.3633f,0.7099f,0.6033f,2.2932f,0.9315f,-0.2655f,-0.2486f,1.5168f,-0.0163f,0.6523f,-0.7578f,0.9206f,0f,0f,0f,1f],start_interpolation: 0,interpolation_duration: 1}
$data merge entity $(left_fingers) {transformation: [-0.6145f,0.5084f,0.6033f,2.4598f,0.4608f,0.852f,-0.2486f,1.7448f,-0.6404f,0.1253f,-0.7578f,0.9688f,0f,0f,0f,1f],start_interpolation: 0,interpolation_duration: 1}
$data merge entity $(left_hand) {transformation: [-0.7774f,-0.178f,0.6033f,2.3732f,-0.3954f,0.8842f,-0.2486f,2.2749f,-0.4892f,-0.4318f,-0.7578f,0.6676f,0f,0f,0f,1f],start_interpolation: 0,interpolation_duration: 1}
$data merge entity $(left_forearm) {transformation: [-1.1145f,-0.2452f,-0.7713f,1.9295f,0.1628f,1.2179f,-0.6224f,4.0931f,0.7928f,-0.5948f,-0.9565f,-0.2299f,0f,0f,0f,1f],start_interpolation: 0,interpolation_duration: 1}
$data merge entity $(left_shoulder) {transformation: [-1.3629f,-0.5246f,-0.1308f,1.0195f,-0.5406f,1.3265f,0.3132f,5.5913f,0.0063f,0.3394f,-1.4264f,0.2311f,0f,0f,0f,1f],start_interpolation: 0,interpolation_duration: 1}
$data merge entity $(left_arm) {transformation: [-1f,0.0008f,0.0013f,0.4558f,0.0009f,0.9964f,0.0845f,5.8812f,-0.0012f,0.0845f,-0.9964f,0.2464f,0f,0f,0f,1f],start_interpolation: 0,interpolation_duration: 1}
$data merge entity $(chest) {transformation: [-1.2785f,0.001f,0.0017f,0.0119f,0.0011f,1.274f,0.1081f,4.085f,-0.0016f,0.1081f,-1.274f,0.0587f,0f,0f,0f,1f],start_interpolation: 0,interpolation_duration: 1}
$data merge entity $(left_cheek) {transformation: [-0.9659f,-0.1394f,-0.2182f,0.3882f,-0.0933f,0.9735f,-0.2088f,3.2052f,0.2416f,-0.1813f,-0.9533f,-0.6409f,0f,0f,0f,1f],start_interpolation: 0,interpolation_duration: 1}
$data merge entity $(left_foot) {transformation: [-0.8878f,-0.0361f,-0.5058f,0.307f,-0.0401f,1.0216f,-0.0025f,-4.6242f,0.5055f,0.0177f,-0.8885f,-0.9586f,0f,0f,0f,1f],start_interpolation: 0,interpolation_duration: 1}
$data merge entity $(left_knee) {transformation: [-2.8102f,0.3981f,-1.0938f,0.8939f,0f,2.8583f,1.0403f,-0.6257f,1.164f,0.9611f,-2.6407f,0.2302f,0f,0f,0f,1f],start_interpolation: 0,interpolation_duration: 1}
$data merge entity $(left_leg) {transformation: [-1.5872f,-0.0858f,-0.6518f,0.7095f,0f,1.7033f,-0.2242f,2.1096f,0.6574f,-0.2072f,-1.5736f,-0.0283f,0f,0f,0f,1f],start_interpolation: 0,interpolation_duration: 1}
$data merge entity $(right_cheek) {transformation: [-0.9988f,0.0471f,0.0143f,-0.4743f,0.0432f,0.9779f,-0.2044f,3.1497f,-0.0236f,-0.2035f,-0.9788f,-0.499f,0f,0f,0f,1f],start_interpolation: 0,interpolation_duration: 1}
$data merge entity $(right_foot) {transformation: [-1.0147f,0.0137f,0.124f,-0.8903f,0.0125f,1.0222f,-0.0107f,-4.6515f,-0.1241f,-0.0091f,-1.0148f,1.6152f,0f,0f,0f,1f],start_interpolation: 0,interpolation_duration: 1}
$data merge entity $(right_knee) {transformation: [-3.0259f,0.0688f,0.3027f,-0.8695f,0.0465f,3.0331f,-0.2246f,-0.4615f,-0.3069f,-0.2188f,-3.0183f,1.1801f,0f,0f,0f,1f],start_interpolation: 0,interpolation_duration: 1}
$data merge entity $(right_leg) {transformation: [-1.7085f,0.0839f,0.1597f,-0.6687f,0.0183f,1.5936f,-0.6415f,2.1096f,-0.1795f,-0.6363f,-1.5857f,0.2148f,0f,0f,0f,1f],start_interpolation: 0,interpolation_duration: 1}
$data merge entity $(weist) {transformation: [-1.5977f,0f,-0.2817f,0f,0f,1.6223f,0f,3.7603f,0.2817f,0f,-1.5977f,-0.0225f,0f,0f,0f,1f],start_interpolation: 0,interpolation_duration: 1}
data modify storage animated_java:temp entry.data merge value {"locators":{"consume":{"px":-2.2927790171,"py":1.502834619,"pz":0.6222638205,"ry":323.2816316327,"rx":-12.4793277117}}}
# Data Manager: Prepare for Read / Write
execute store result storage animated_java:temp args.id int 1 run scoreboard players get @s aj.id
# Data Manager: Write
function animated_java:global/data_manager/write with storage animated_java:temp args
execute unless entity @s[tag=aj.transforms_only] at @s run function animated_java:female/animations/roar/zzz/frames/82_root_function