# This file was generated by Animated Java via MC-Build. It is not recommended to edit this file directly.
$data merge entity $(bone_up) {transformation: [-1.9653f,0f,0f,0f,0f,1.3404f,1.4374f,0.5563f,0f,1.4374f,-1.3404f,2.9465f,0f,0f,0f,1f],start_interpolation: 0,interpolation_duration: 1}
$data merge entity $(bone_down) {transformation: [-1.2477f,0f,0f,0f,0f,0.8596f,0.9043f,0.3993f,0f,0.9043f,-0.8596f,3.3034f,0f,0f,0f,1f],start_interpolation: 0,interpolation_duration: 1}
$data merge entity $(bone_right_hand) {transformation: [-0.9501f,0.268f,-0.1597f,-2.6895f,0.2658f,0.9634f,0.0356f,-1.7324f,0.1634f,-0.0087f,-0.9865f,3.218f,0f,0f,0f,1f],start_interpolation: 0,interpolation_duration: 1}
$data merge entity $(bone_right_forearm) {transformation: [-1.968f,0.5356f,-0.3617f,-2.4876f,0.5505f,1.9966f,-0.0391f,-0.1898f,0.3385f,-0.1333f,-2.0392f,1.8829f,0f,0f,0f,1f],start_interpolation: 0,interpolation_duration: 1}
$data merge entity $(bone_right_arm) {transformation: [-1.4557f,0.4015f,-0.2593f,-1.9334f,0.4072f,1.477f,0.0014f,1.3731f,0.2504f,-0.0676f,-1.51f,1.5608f,0f,0f,0f,1f],start_interpolation: 0,interpolation_duration: 1}
$data merge entity $(bone_left_hand) {transformation: [-0.9501f,-0.268f,0.1597f,2.6895f,-0.2658f,0.9634f,0.0356f,-1.7324f,-0.1634f,-0.0087f,-0.9865f,3.218f,0f,0f,0f,1f],start_interpolation: 0,interpolation_duration: 1}
$data merge entity $(bone_left_forearm) {transformation: [-1.968f,-0.5356f,0.3617f,2.4876f,-0.5505f,1.9966f,-0.0391f,-0.1898f,-0.3385f,-0.1333f,-2.0392f,1.8829f,0f,0f,0f,1f],start_interpolation: 0,interpolation_duration: 1}
$data merge entity $(bone_left_arm) {transformation: [-1.4557f,-0.4015f,0.2593f,1.9334f,-0.4072f,1.477f,0.0014f,1.3731f,-0.2504f,-0.0676f,-1.51f,1.5608f,0f,0f,0f,1f],start_interpolation: 0,interpolation_duration: 1}
$data merge entity $(bone_chest) {transformation: [-2.8487f,0f,0f,0f,0f,1.9132f,2.1106f,2.9614f,0f,2.1106f,-1.9132f,-0.5912f,0f,0f,0f,1f],start_interpolation: 0,interpolation_duration: 1}
$data merge entity $(bone_left_foot) {transformation: [-0.9063f,-0.0825f,0.4145f,2.3127f,-0.2838f,0.8454f,-0.4524f,2.693f,-0.3131f,-0.5277f,-0.7896f,-3.3728f,0f,0f,0f,1f],start_interpolation: 0,interpolation_duration: 1}
$data merge entity $(bone_left_knee) {transformation: [-1.1435f,-0.4259f,0.3208f,1.9935f,-0.3581f,1.1759f,0.2847f,1.9909f,-0.3951f,0.167f,-1.1866f,-1.7545f,0f,0f,0f,1f],start_interpolation: 0,interpolation_duration: 1}
$data merge entity $(bone_left_leg) {transformation: [-1.8378f,-0.787f,0.3391f,1.0815f,-0.5756f,1.728f,0.8914f,4.1643f,-0.635f,0.7116f,-1.7895f,-1.202f,0f,0f,0f,1f],start_interpolation: 0,interpolation_duration: 1}
$data merge entity $(bone_right_foot) {transformation: [-0.9063f,0.3456f,0.2433f,-1.4926f,0.2838f,0.0712f,0.9562f,6.0857f,0.3131f,0.9357f,-0.1626f,-4.0746f,0f,0f,0f,1f],start_interpolation: 0,interpolation_duration: 1}
$data merge entity $(bone_right_knee) {transformation: [-1.1435f,0.5165f,0.1327f,-1.8304f,0.3581f,0.5112f,1.0966f,4.4254f,0.3951f,1.0315f,-0.6098f,-3.4892f,0f,0f,0f,1f],start_interpolation: 0,interpolation_duration: 1}
$data merge entity $(bone_right_leg) {transformation: [-1.8378f,0.5147f,0.6852f,-1.0815f,0.5756f,-0.46f,1.8892f,4.1643f,0.635f,1.9067f,0.2708f,-1.202f,0f,0f,0f,1f],start_interpolation: 0,interpolation_duration: 1}
$data merge entity $(bone_group) {transformation: [-1.9904f,0f,0f,0f,0f,1.3368f,1.4747f,2.2512f,0f,1.4747f,-1.3368f,0.4285f,0f,0f,0f,1f],start_interpolation: 0,interpolation_duration: 1}