# This file was generated by Animated Java via MC-Build. It is not recommended to edit this file directly.
$data merge entity $(up) {transformation: [-1.9653f,0f,0f,0f,0f,1.3558f,1.4228f,0.5836f,0f,1.4228f,-1.3558f,2.9647f,0f,0f,0f,1f],start_interpolation: 0,interpolation_duration: 1}
$data merge entity $(down) {transformation: [-1.2477f,0f,0f,0f,0f,0.8693f,0.895f,0.4305f,0f,0.895f,-0.8693f,3.3232f,0f,0f,0f,1f],start_interpolation: 0,interpolation_duration: 1}
$data merge entity $(right_hand) {transformation: [-0.9501f,0.268f,-0.1597f,-2.6895f,0.2675f,0.9632f,0.0249f,-1.7021f,0.1605f,-0.0191f,-0.9868f,3.2608f,0f,0f,0f,1f],start_interpolation: 0,interpolation_duration: 1}
$data merge entity $(right_forearm) {transformation: [-1.968f,0.5356f,-0.3617f,-2.4876f,0.5541f,1.995f,-0.0611f,-0.1739f,0.3325f,-0.1548f,-2.0387f,1.9091f,0f,0f,0f,1f],start_interpolation: 0,interpolation_duration: 1}
$data merge entity $(right_arm) {transformation: [-1.4557f,0.4015f,-0.2593f,-1.9334f,0.4099f,1.4762f,-0.0149f,1.3854f,0.246f,-0.0835f,-1.5099f,1.5702f,0f,0f,0f,1f],start_interpolation: 0,interpolation_duration: 1}
$data merge entity $(left_hand) {transformation: [-0.9501f,-0.268f,0.1597f,2.6895f,-0.2675f,0.9632f,0.0249f,-1.7021f,-0.1605f,-0.0191f,-0.9868f,3.2608f,0f,0f,0f,1f],start_interpolation: 0,interpolation_duration: 1}
$data merge entity $(left_forearm) {transformation: [-1.968f,-0.5356f,0.3617f,2.4876f,-0.5541f,1.995f,-0.0611f,-0.1739f,-0.3325f,-0.1548f,-2.0387f,1.9091f,0f,0f,0f,1f],start_interpolation: 0,interpolation_duration: 1}
$data merge entity $(left_arm) {transformation: [-1.4557f,-0.4015f,0.2593f,1.9334f,-0.4099f,1.4762f,-0.0149f,1.3854f,-0.246f,-0.0835f,-1.5099f,1.5702f,0f,0f,0f,1f],start_interpolation: 0,interpolation_duration: 1}
$data merge entity $(chest) {transformation: [-2.8487f,0f,0f,0f,0f,1.9358f,2.0899f,2.9504f,0f,2.0899f,-1.9358f,-0.5988f,0f,0f,0f,1f],start_interpolation: 0,interpolation_duration: 1}
$data merge entity $(left_foot) {transformation: [-0.9063f,-0.0825f,0.4145f,2.3127f,-0.2872f,0.8397f,-0.4609f,2.6519f,-0.31f,-0.5368f,-0.7847f,-3.3773f,0f,0f,0f,1f],start_interpolation: 0,interpolation_duration: 1}
$data merge entity $(left_knee) {transformation: [-1.1435f,-0.4259f,0.3208f,1.9935f,-0.3624f,1.1776f,0.2719f,1.9674f,-0.3912f,0.1543f,-1.1896f,-1.7516f,0f,0f,0f,1f],start_interpolation: 0,interpolation_duration: 1}
$data merge entity $(left_leg) {transformation: [-1.8378f,-0.787f,0.3391f,1.0815f,-0.5824f,1.7356f,0.8721f,4.1466f,-0.6287f,0.693f,-1.799f,-1.2225f,0f,0f,0f,1f],start_interpolation: 0,interpolation_duration: 1}
$data merge entity $(right_foot) {transformation: [-0.9063f,0.3456f,0.2433f,-1.4926f,0.2872f,0.0812f,0.9544f,6.0369f,0.31f,0.9349f,-0.1729f,-4.1157f,0f,0f,0f,1f],start_interpolation: 0,interpolation_duration: 1}
$data merge entity $(right_knee) {transformation: [-1.1435f,0.5165f,0.1327f,-1.8304f,0.3624f,0.5223f,1.0899f,4.383f,0.3912f,1.0259f,-0.6216f,-3.5124f,0f,0f,0f,1f],start_interpolation: 0,interpolation_duration: 1}
$data merge entity $(right_leg) {transformation: [-1.8378f,0.5147f,0.6852f,-1.0815f,0.5824f,-0.4394f,1.892f,4.1466f,0.6287f,1.9116f,0.2504f,-1.2225f,0f,0f,0f,1f],start_interpolation: 0,interpolation_duration: 1}
$data merge entity $(group) {transformation: [-1.9904f,0f,0f,0f,0f,1.3526f,1.4602f,2.2512f,0f,1.4602f,-1.3526f,0.4285f,0f,0f,0f,1f],start_interpolation: 0,interpolation_duration: 1}