# This file was generated by Animated Java via MC-Build. It is not recommended to edit this file directly.
$data merge entity $(up) {transformation: [-1.9653f,0f,0f,0f,0f,1.3503f,1.428f,0.5946f,0f,1.428f,-1.3503f,2.971f,0f,0f,0f,1f],start_interpolation: 0,interpolation_duration: 1}
$data merge entity $(down) {transformation: [-1.2477f,0f,0f,0f,0f,0.8659f,0.8983f,0.4401f,0f,0.8983f,-0.8659f,3.329f,0f,0f,0f,1f],start_interpolation: 0,interpolation_duration: 1}
$data merge entity $(right_hand) {transformation: [-0.9501f,0.2616f,-0.17f,-2.6901f,0.2683f,0.9632f,-0.0173f,-1.6853f,0.1592f,-0.0621f,-0.9853f,3.2717f,0f,0f,0f,1f],start_interpolation: 0,interpolation_duration: 1}
$data merge entity $(right_forearm) {transformation: [-1.968f,0.5341f,-0.3638f,-2.4906f,0.5557f,1.9939f,-0.0789f,-0.1687f,0.3298f,-0.1726f,-2.0377f,1.9067f,0f,0f,0f,1f],start_interpolation: 0,interpolation_duration: 1}
$data merge entity $(right_arm) {transformation: [-1.4557f,0.4038f,-0.2558f,-1.9334f,0.411f,1.4759f,-0.0094f,1.3909f,0.244f,-0.0775f,-1.5106f,1.5744f,0f,0f,0f,1f],start_interpolation: 0,interpolation_duration: 1}
$data merge entity $(left_hand) {transformation: [-0.9501f,-0.2616f,0.17f,2.6901f,-0.2683f,0.9632f,-0.0173f,-1.6853f,-0.1592f,-0.0621f,-0.9853f,3.2717f,0f,0f,0f,1f],start_interpolation: 0,interpolation_duration: 1}
$data merge entity $(left_forearm) {transformation: [-1.968f,-0.5341f,0.3638f,2.4906f,-0.5557f,1.9939f,-0.0789f,-0.1687f,-0.3298f,-0.1726f,-2.0377f,1.9067f,0f,0f,0f,1f],start_interpolation: 0,interpolation_duration: 1}
$data merge entity $(left_arm) {transformation: [-1.4557f,-0.4038f,0.2558f,1.9334f,-0.411f,1.4759f,-0.0094f,1.3909f,-0.244f,-0.0775f,-1.5106f,1.5744f,0f,0f,0f,1f],start_interpolation: 0,interpolation_duration: 1}
$data merge entity $(chest) {transformation: [-2.8487f,0f,0f,0f,0f,1.946f,2.0804f,2.9454f,0f,2.0804f,-1.946f,-0.6021f,0f,0f,0f,1f],start_interpolation: 0,interpolation_duration: 1}
$data merge entity $(left_foot) {transformation: [-0.9063f,-0.0663f,0.4174f,2.3199f,-0.2887f,0.8184f,-0.4969f,2.6338f,-0.3086f,-0.5708f,-0.7608f,-3.4008f,0f,0f,0f,1f],start_interpolation: 0,interpolation_duration: 1}
$data merge entity $(left_knee) {transformation: [-1.1435f,-0.4247f,0.3225f,1.9981f,-0.3643f,1.1794f,0.2615f,1.9634f,-0.3894f,0.1439f,-1.1915f,-1.7697f,0f,0f,0f,1f],start_interpolation: 0,interpolation_duration: 1}
$data merge entity $(left_leg) {transformation: [-1.8378f,-0.79f,0.3322f,1.0815f,-0.5854f,1.7314f,0.8784f,4.1385f,-0.6259f,0.7002f,-1.7972f,-1.2317f,0f,0f,0f,1f],start_interpolation: 0,interpolation_duration: 1}
$data merge entity $(right_foot) {transformation: [-0.9063f,0.3553f,0.2288f,-1.4924f,0.2887f,0.125f,0.9492f,6.0265f,0.3086f,0.9264f,-0.2159f,-4.1441f,0f,0f,0f,1f],start_interpolation: 0,interpolation_duration: 1}
$data merge entity $(right_knee) {transformation: [-1.1435f,0.5173f,0.1294f,-1.8258f,0.3643f,0.5341f,1.0835f,4.3784f,0.3894f,1.0194f,-0.6334f,-3.5228f,0f,0f,0f,1f],start_interpolation: 0,interpolation_duration: 1}
$data merge entity $(right_leg) {transformation: [-1.8378f,0.5103f,0.6885f,-1.0815f,0.5854f,-0.4421f,1.8905f,4.1385f,0.6259f,1.9121f,0.2533f,-1.2317f,0f,0f,0f,1f],start_interpolation: 0,interpolation_duration: 1}
$data merge entity $(group) {transformation: [-1.9904f,0f,0f,0f,0f,1.3597f,1.4536f,2.2512f,0f,1.4536f,-1.3597f,0.4285f,0f,0f,0f,1f],start_interpolation: 0,interpolation_duration: 1}