# This file was generated by Animated Java via MC-Build. It is not recommended to edit this file directly.
$data merge entity $(bone_up) {transformation: [-1.9653f,0f,0f,0f,0f,1.3404f,1.4374f,0.6028f,0f,1.4374f,-1.3404f,2.9752f,0f,0f,0f,1f],start_interpolation: 0,interpolation_duration: 1}
$data merge entity $(bone_down) {transformation: [-1.2477f,0f,0f,0f,0f,0.8596f,0.9043f,0.4458f,0f,0.9043f,-0.8596f,3.3321f,0f,0f,0f,1f],start_interpolation: 0,interpolation_duration: 1}
$data merge entity $(bone_right_hand) {transformation: [-0.9501f,0.2559f,-0.1784f,-2.7002f,0.2689f,0.9617f,-0.0523f,-1.6904f,0.1582f,-0.0976f,-0.9826f,3.2531f,0f,0f,0f,1f],start_interpolation: 0,interpolation_duration: 1}
$data merge entity $(bone_right_forearm) {transformation: [-1.968f,0.538f,-0.358f,-2.4942f,0.557f,1.9941f,-0.0653f,-0.1654f,0.3277f,-0.1583f,-2.0392f,1.8984f,0f,0f,0f,1f],start_interpolation: 0,interpolation_duration: 1}
$data merge entity $(bone_right_arm) {transformation: [-1.4557f,0.4065f,-0.2515f,-1.9334f,0.412f,1.4757f,0.0007f,1.3954f,0.2424f,-0.0669f,-1.5114f,1.5777f,0f,0f,0f,1f],start_interpolation: 0,interpolation_duration: 1}
$data merge entity $(bone_left_hand) {transformation: [-0.9501f,-0.2559f,0.1784f,2.7002f,-0.2689f,0.9617f,-0.0523f,-1.6904f,-0.1582f,-0.0976f,-0.9826f,3.2531f,0f,0f,0f,1f],start_interpolation: 0,interpolation_duration: 1}
$data merge entity $(bone_left_forearm) {transformation: [-1.968f,-0.538f,0.358f,2.4942f,-0.557f,1.9941f,-0.0653f,-0.1654f,-0.3277f,-0.1583f,-2.0392f,1.8984f,0f,0f,0f,1f],start_interpolation: 0,interpolation_duration: 1}
$data merge entity $(bone_left_arm) {transformation: [-1.4557f,-0.4065f,0.2515f,1.9334f,-0.412f,1.4757f,0.0007f,1.3954f,-0.2424f,-0.0669f,-1.5114f,1.5777f,0f,0f,0f,1f],start_interpolation: 0,interpolation_duration: 1}
$data merge entity $(bone_chest) {transformation: [-2.8487f,0f,0f,0f,0f,1.954f,2.0729f,2.9414f,0f,2.0729f,-1.954f,-0.6048f,0f,0f,0f,1f],start_interpolation: 0,interpolation_duration: 1}
$data merge entity $(bone_left_foot) {transformation: [-0.9063f,-0.0528f,0.4193f,2.3181f,-0.2899f,0.7996f,-0.526f,2.6444f,-0.3075f,-0.5982f,-0.74f,-3.4208f,0f,0f,0f,1f],start_interpolation: 0,interpolation_duration: 1}
$data merge entity $(bone_left_knee) {transformation: [-1.1435f,-0.4281f,0.3179f,2.0036f,-0.3658f,1.1771f,0.2696f,1.9633f,-0.388f,0.1522f,-1.1909f,-1.7927f,0f,0f,0f,1f],start_interpolation: 0,interpolation_duration: 1}
$data merge entity $(bone_left_leg) {transformation: [-1.8378f,-0.7935f,0.3237f,1.0815f,-0.5878f,1.7246f,0.8901f,4.1321f,-0.6236f,0.7129f,-1.793f,-1.239f,0f,0f,0f,1f],start_interpolation: 0,interpolation_duration: 1}
$data merge entity $(bone_right_foot) {transformation: [-0.9063f,0.3648f,0.2133f,-1.4924f,0.2899f,0.1694f,0.9419f,6.0088f,0.3075f,0.9155f,-0.2593f,-4.1587f,0f,0f,0f,1f],start_interpolation: 0,interpolation_duration: 1}
$data merge entity $(bone_right_knee) {transformation: [-1.1435f,0.5173f,0.1294f,-1.8258f,0.3658f,0.538f,1.0811f,4.3631f,0.388f,1.0173f,-0.6376f,-3.531f,0f,0f,0f,1f],start_interpolation: 0,interpolation_duration: 1}
$data merge entity $(bone_right_leg) {transformation: [-1.8378f,0.5103f,0.6885f,-1.0815f,0.5878f,-0.4347f,1.8914f,4.1321f,0.6236f,1.9138f,0.246f,-1.239f,0f,0f,0f,1f],start_interpolation: 0,interpolation_duration: 1}
$data merge entity $(bone_group) {transformation: [-1.9904f,0f,0f,0f,0f,1.3653f,1.4484f,2.2512f,0f,1.4484f,-1.3653f,0.4285f,0f,0f,0f,1f],start_interpolation: 0,interpolation_duration: 1}