# This file was generated by Animated Java via MC-Build. It is not recommended to edit this file directly.
$data merge entity $(bone_up) {transformation: [-1.9653f,0f,0f,0f,0f,1.3314f,1.4457f,0.6078f,0f,1.4457f,-1.3314f,2.9776f,0f,0f,0f,1f],start_interpolation: 0,interpolation_duration: 1}
$data merge entity $(bone_down) {transformation: [-1.2477f,0f,0f,0f,0f,0.854f,0.9096f,0.4485f,0f,0.9096f,-0.854f,3.3335f,0f,0f,0f,1f],start_interpolation: 0,interpolation_duration: 1}
$data merge entity $(bone_right_hand) {transformation: [-0.9501f,0.2535f,-0.1818f,-2.716f,0.2693f,0.9607f,-0.0677f,-1.7118f,0.1575f,-0.1133f,-0.981f,3.2162f,0f,0f,0f,1f],start_interpolation: 0,interpolation_duration: 1}
$data merge entity $(bone_right_forearm) {transformation: [-1.968f,0.5456f,-0.3464f,-2.4971f,0.5578f,1.9947f,-0.0276f,-0.1636f,0.3263f,-0.1195f,-2.0421f,1.8901f,0f,0f,0f,1f],start_interpolation: 0,interpolation_duration: 1}
$data merge entity $(bone_right_arm) {transformation: [-1.4557f,0.4087f,-0.2479f,-1.9334f,0.4126f,1.4755f,0.0098f,1.3982f,0.2414f,-0.0574f,-1.5119f,1.5799f,0f,0f,0f,1f],start_interpolation: 0,interpolation_duration: 1}
$data merge entity $(bone_left_hand) {transformation: [-0.9501f,-0.2535f,0.1818f,2.716f,-0.2693f,0.9607f,-0.0677f,-1.7118f,-0.1575f,-0.1133f,-0.981f,3.2162f,0f,0f,0f,1f],start_interpolation: 0,interpolation_duration: 1}
$data merge entity $(bone_left_forearm) {transformation: [-1.968f,-0.5456f,0.3464f,2.4971f,-0.5578f,1.9947f,-0.0276f,-0.1636f,-0.3263f,-0.1195f,-2.0421f,1.8901f,0f,0f,0f,1f],start_interpolation: 0,interpolation_duration: 1}
$data merge entity $(bone_left_arm) {transformation: [-1.4557f,-0.4087f,0.2479f,1.9334f,-0.4126f,1.4755f,0.0098f,1.3982f,-0.2414f,-0.0574f,-1.5119f,1.5799f,0f,0f,0f,1f],start_interpolation: 0,interpolation_duration: 1}
$data merge entity $(bone_chest) {transformation: [-2.8487f,0f,0f,0f,0f,1.9591f,2.068f,2.9388f,0f,2.068f,-1.9591f,-0.6065f,0f,0f,0f,1f],start_interpolation: 0,interpolation_duration: 1}
$data merge entity $(bone_left_foot) {transformation: [-0.9063f,-0.0471f,0.42f,2.3078f,-0.2906f,0.7909f,-0.5385f,2.6753f,-0.3068f,-0.6101f,-0.7305f,-3.4297f,0f,0f,0f,1f],start_interpolation: 0,interpolation_duration: 1}
$data merge entity $(bone_left_knee) {transformation: [-1.1435f,-0.4348f,0.3086f,2.008f,-0.3667f,1.1715f,0.2918f,1.9646f,-0.3871f,0.1747f,-1.1881f,-1.8115f,0f,0f,0f,1f],start_interpolation: 0,interpolation_duration: 1}
$data merge entity $(bone_left_leg) {transformation: [-1.8378f,-0.7963f,0.3167f,1.0815f,-0.5894f,1.7185f,0.9007f,4.128f,-0.6221f,0.7243f,-1.789f,-1.2436f,0f,0f,0f,1f],start_interpolation: 0,interpolation_duration: 1}
$data merge entity $(bone_right_foot) {transformation: [-0.9063f,0.3708f,0.2028f,-1.4926f,0.2906f,0.1985f,0.936f,5.9858f,0.3068f,0.9073f,-0.2877f,-4.1578f,0f,0f,0f,1f],start_interpolation: 0,interpolation_duration: 1}
$data merge entity $(bone_right_knee) {transformation: [-1.1435f,0.5165f,0.1327f,-1.8304f,0.3667f,0.5337f,1.0829f,4.3387f,0.3871f,1.02f,-0.6338f,-3.5361f,0f,0f,0f,1f],start_interpolation: 0,interpolation_duration: 1}
$data merge entity $(bone_right_leg) {transformation: [-1.8378f,0.5147f,0.6852f,-1.0815f,0.5894f,-0.4179f,1.8947f,4.128f,0.6221f,1.9164f,0.2292f,-1.2436f,0f,0f,0f,1f],start_interpolation: 0,interpolation_duration: 1}
$data merge entity $(bone_group) {transformation: [-1.9904f,0f,0f,0f,0f,1.3689f,1.445f,2.2512f,0f,1.445f,-1.3689f,0.4285f,0f,0f,0f,1f],start_interpolation: 0,interpolation_duration: 1}