# This file was generated by Animated Java via MC-Build. It is not recommended to edit this file directly.
$data merge entity $(up) {transformation: [-1.9653f,0f,0f,0f,0f,1.3278f,1.449f,0.6095f,0f,1.449f,-1.3278f,2.9783f,0f,0f,0f,1f],start_interpolation: 0,interpolation_duration: 1}
$data merge entity $(down) {transformation: [-1.2477f,0f,0f,0f,0f,0.8517f,0.9117f,0.4493f,0f,0.9117f,-0.8517f,3.3338f,0f,0f,0f,1f],start_interpolation: 0,interpolation_duration: 1}
$data merge entity $(right_hand) {transformation: [-0.9501f,0.2554f,-0.1792f,-2.7314f,0.2694f,0.9612f,-0.0584f,-1.7389f,0.1573f,-0.1038f,-0.9821f,3.1773f,0f,0f,0f,1f],start_interpolation: 0,interpolation_duration: 1}
$data merge entity $(right_forearm) {transformation: [-1.968f,0.5537f,-0.3333f,-2.4982f,0.5581f,1.9947f,0.0182f,-0.1631f,0.3258f,-0.0725f,-2.0444f,1.8867f,0f,0f,0f,1f],start_interpolation: 0,interpolation_duration: 1}
$data merge entity $(right_arm) {transformation: [-1.4557f,0.4095f,-0.2465f,-1.9334f,0.4128f,1.4754f,0.0135f,1.3992f,0.241f,-0.0536f,-1.5121f,1.5806f,0f,0f,0f,1f],start_interpolation: 0,interpolation_duration: 1}
$data merge entity $(left_hand) {transformation: [-0.9501f,-0.2554f,0.1792f,2.7314f,-0.2694f,0.9612f,-0.0584f,-1.7389f,-0.1573f,-0.1038f,-0.9821f,3.1773f,0f,0f,0f,1f],start_interpolation: 0,interpolation_duration: 1}
$data merge entity $(left_forearm) {transformation: [-1.968f,-0.5537f,0.3333f,2.4982f,-0.5581f,1.9947f,0.0182f,-0.1631f,-0.3258f,-0.0725f,-2.0444f,1.8867f,0f,0f,0f,1f],start_interpolation: 0,interpolation_duration: 1}
$data merge entity $(left_arm) {transformation: [-1.4557f,-0.4095f,0.2465f,1.9334f,-0.4128f,1.4754f,0.0135f,1.3992f,-0.241f,-0.0536f,-1.5121f,1.5806f,0f,0f,0f,1f],start_interpolation: 0,interpolation_duration: 1}
$data merge entity $(chest) {transformation: [-2.8487f,0f,0f,0f,0f,1.9609f,2.0664f,2.9379f,0f,2.0664f,-1.9609f,-0.6071f,0f,0f,0f,1f],start_interpolation: 0,interpolation_duration: 1}
$data merge entity $(left_foot) {transformation: [-0.9063f,-0.0515f,0.4195f,2.293f,-0.2909f,0.796f,-0.5308f,2.7116f,-0.3066f,-0.6031f,-0.7364f,-3.4238f,0f,0f,0f,1f],start_interpolation: 0,interpolation_duration: 1}
$data merge entity $(left_knee) {transformation: [-1.1435f,-0.4421f,0.2982f,2.0096f,-0.3671f,1.1644f,0.3186f,1.9654f,-0.3868f,0.202f,-1.1839f,-1.8186f,0f,0f,0f,1f],start_interpolation: 0,interpolation_duration: 1}
$data merge entity $(left_leg) {transformation: [-1.8378f,-0.7974f,0.3141f,1.0815f,-0.5899f,1.7161f,0.9049f,4.1265f,-0.6216f,0.7288f,-1.7873f,-1.2452f,0f,0f,0f,1f],start_interpolation: 0,interpolation_duration: 1}
$data merge entity $(right_foot) {transformation: [-0.9063f,0.3714f,0.2017f,-1.4931f,0.2909f,0.2021f,0.9352f,5.9628f,0.3066f,0.9062f,-0.2912f,-4.1442f,0f,0f,0f,1f],start_interpolation: 0,interpolation_duration: 1}
$data merge entity $(right_knee) {transformation: [-1.1435f,0.5151f,0.138f,-1.8379f,0.3671f,0.5235f,1.0878f,4.3116f,0.3868f,1.026f,-0.6242f,-3.5374f,0f,0f,0f,1f],start_interpolation: 0,interpolation_duration: 1}
$data merge entity $(right_leg) {transformation: [-1.8378f,0.5217f,0.6799f,-1.0815f,0.5899f,-0.3968f,1.8991f,4.1265f,0.6216f,1.919f,0.2079f,-1.2452f,0f,0f,0f,1f],start_interpolation: 0,interpolation_duration: 1}
$data merge entity $(group) {transformation: [-1.9904f,0f,0f,0f,0f,1.3701f,1.4438f,2.2512f,0f,1.4438f,-1.3701f,0.4285f,0f,0f,0f,1f],start_interpolation: 0,interpolation_duration: 1}