# This file was generated by Animated Java via MC-Build. It is not recommended to edit this file directly.
$data merge entity $(bone_up) {transformation: [-1.9653f,0f,0f,0f,0f,1.3314f,1.4457f,0.6078f,0f,1.4457f,-1.3314f,2.9776f,0f,0f,0f,1f],start_interpolation: 0,interpolation_duration: 1}
$data merge entity $(bone_down) {transformation: [-1.2477f,0f,0f,0f,0f,0.854f,0.9096f,0.4485f,0f,0.9096f,-0.854f,3.3335f,0f,0f,0f,1f],start_interpolation: 0,interpolation_duration: 1}
$data merge entity $(bone_right_hand) {transformation: [-0.9501f,0.2608f,-0.1713f,-2.7405f,0.2693f,0.9626f,-0.0282f,-1.7608f,0.1575f,-0.0729f,-0.9848f,3.1523f,0f,0f,0f,1f],start_interpolation: 0,interpolation_duration: 1}
$data merge entity $(bone_right_forearm) {transformation: [-1.968f,0.5593f,-0.3237f,-2.4971f,0.5578f,1.9942f,0.0542f,-0.1636f,0.3263f,-0.0357f,-2.0453f,1.8901f,0f,0f,0f,1f],start_interpolation: 0,interpolation_duration: 1}
$data merge entity $(bone_right_arm) {transformation: [-1.4557f,0.4087f,-0.2479f,-1.9334f,0.4126f,1.4755f,0.0098f,1.3982f,0.2414f,-0.0574f,-1.5119f,1.5799f,0f,0f,0f,1f],start_interpolation: 0,interpolation_duration: 1}
$data merge entity $(bone_left_hand) {transformation: [-0.9501f,-0.2608f,0.1713f,2.7405f,-0.2693f,0.9626f,-0.0282f,-1.7608f,-0.1575f,-0.0729f,-0.9848f,3.1523f,0f,0f,0f,1f],start_interpolation: 0,interpolation_duration: 1}
$data merge entity $(bone_left_forearm) {transformation: [-1.968f,-0.5593f,0.3237f,2.4971f,-0.5578f,1.9942f,0.0542f,-0.1636f,-0.3263f,-0.0357f,-2.0453f,1.8901f,0f,0f,0f,1f],start_interpolation: 0,interpolation_duration: 1}
$data merge entity $(bone_left_arm) {transformation: [-1.4557f,-0.4087f,0.2479f,1.9334f,-0.4126f,1.4755f,0.0098f,1.3982f,-0.2414f,-0.0574f,-1.5119f,1.5799f,0f,0f,0f,1f],start_interpolation: 0,interpolation_duration: 1}
$data merge entity $(bone_chest) {transformation: [-2.8487f,0f,0f,0f,0f,1.9591f,2.068f,2.9388f,0f,2.068f,-1.9591f,-0.6065f,0f,0f,0f,1f],start_interpolation: 0,interpolation_duration: 1}
$data merge entity $(bone_left_foot) {transformation: [-0.9063f,-0.0643f,0.4177f,2.2793f,-0.2906f,0.8123f,-0.5056f,2.7386f,-0.3068f,-0.5797f,-0.7549f,-3.4055f,0f,0f,0f,1f],start_interpolation: 0,interpolation_duration: 1}
$data merge entity $(bone_left_knee) {transformation: [-1.1435f,-0.4471f,0.2905f,2.008f,-0.3667f,1.1585f,0.3396f,1.9646f,-0.3871f,0.2233f,-1.18f,-1.8115f,0f,0f,0f,1f],start_interpolation: 0,interpolation_duration: 1}
$data merge entity $(bone_left_leg) {transformation: [-1.8378f,-0.7963f,0.3167f,1.0815f,-0.5894f,1.7185f,0.9007f,4.128f,-0.6221f,0.7243f,-1.789f,-1.2436f,0f,0f,0f,1f],start_interpolation: 0,interpolation_duration: 1}
$data merge entity $(bone_right_foot) {transformation: [-0.9063f,0.3665f,0.2104f,-1.4935f,0.2906f,0.1792f,0.9399f,5.9475f,0.3068f,0.913f,-0.269f,-4.124f,0f,0f,0f,1f],start_interpolation: 0,interpolation_duration: 1}
$data merge entity $(bone_right_knee) {transformation: [-1.1435f,0.5136f,0.1433f,-1.8453f,0.3667f,0.5114f,1.0936f,4.2913f,0.3871f,1.0328f,-0.6128f,-3.535f,0f,0f,0f,1f],start_interpolation: 0,interpolation_duration: 1}
$data merge entity $(bone_right_leg) {transformation: [-1.8378f,0.5287f,0.6745f,-1.0815f,0.5894f,-0.379f,1.9029f,4.128f,0.6221f,1.9207f,0.1898f,-1.2436f,0f,0f,0f,1f],start_interpolation: 0,interpolation_duration: 1}
$data merge entity $(bone_group) {transformation: [-1.9904f,0f,0f,0f,0f,1.3689f,1.445f,2.2512f,0f,1.445f,-1.3689f,0.4285f,0f,0f,0f,1f],start_interpolation: 0,interpolation_duration: 1}