# This file was generated by Animated Java via MC-Build. It is not recommended to edit this file directly.
$data merge entity $(bone_up) {transformation: [-1.9653f,0f,0f,0f,0f,1.3404f,1.4374f,0.6028f,0f,1.4374f,-1.3404f,2.9752f,0f,0f,0f,1f],start_interpolation: 0,interpolation_duration: 1}
$data merge entity $(bone_down) {transformation: [-1.2477f,0f,0f,0f,0f,0.8596f,0.9043f,0.4458f,0f,0.9043f,-0.8596f,3.3321f,0f,0f,0f,1f],start_interpolation: 0,interpolation_duration: 1}
$data merge entity $(bone_right_hand) {transformation: [-0.9501f,0.2672f,-0.161f,-2.7399f,0.2689f,0.9631f,0.0117f,-1.7702f,0.1582f,-0.0322f,-0.9869f,3.1503f,0f,0f,0f,1f],start_interpolation: 0,interpolation_duration: 1}
$data merge entity $(bone_right_forearm) {transformation: [-1.968f,0.5606f,-0.3215f,-2.4942f,0.557f,1.994f,0.0672f,-0.1654f,0.3277f,-0.0226f,-2.0452f,1.8984f,0f,0f,0f,1f],start_interpolation: 0,interpolation_duration: 1}
$data merge entity $(bone_right_arm) {transformation: [-1.4557f,0.4065f,-0.2515f,-1.9334f,0.412f,1.4757f,0.0007f,1.3954f,0.2424f,-0.0669f,-1.5114f,1.5777f,0f,0f,0f,1f],start_interpolation: 0,interpolation_duration: 1}
$data merge entity $(bone_left_hand) {transformation: [-0.9501f,-0.2672f,0.161f,2.7399f,-0.2689f,0.9631f,0.0117f,-1.7702f,-0.1582f,-0.0322f,-0.9869f,3.1503f,0f,0f,0f,1f],start_interpolation: 0,interpolation_duration: 1}
$data merge entity $(bone_left_forearm) {transformation: [-1.968f,-0.5606f,0.3215f,2.4942f,-0.557f,1.994f,0.0672f,-0.1654f,-0.3277f,-0.0226f,-2.0452f,1.8984f,0f,0f,0f,1f],start_interpolation: 0,interpolation_duration: 1}
$data merge entity $(bone_left_arm) {transformation: [-1.4557f,-0.4065f,0.2515f,1.9334f,-0.412f,1.4757f,0.0007f,1.3954f,-0.2424f,-0.0669f,-1.5114f,1.5777f,0f,0f,0f,1f],start_interpolation: 0,interpolation_duration: 1}
$data merge entity $(bone_chest) {transformation: [-2.8487f,0f,0f,0f,0f,1.954f,2.0729f,2.9414f,0f,2.0729f,-1.954f,-0.6048f,0f,0f,0f,1f],start_interpolation: 0,interpolation_duration: 1}
$data merge entity $(bone_left_foot) {transformation: [-0.9063f,-0.0805f,0.4149f,2.2722f,-0.2899f,0.8327f,-0.4718f,2.7472f,-0.3075f,-0.5478f,-0.778f,-3.3823f,0f,0f,0f,1f],start_interpolation: 0,interpolation_duration: 1}
$data merge entity $(bone_left_knee) {transformation: [-1.1435f,-0.4483f,0.2888f,2.0036f,-0.3658f,1.1566f,0.3471f,1.9633f,-0.388f,0.2308f,-1.1782f,-1.7927f,0f,0f,0f,1f],start_interpolation: 0,interpolation_duration: 1}
$data merge entity $(bone_left_leg) {transformation: [-1.8378f,-0.7935f,0.3237f,1.0815f,-0.5878f,1.7246f,0.8901f,4.1321f,-0.6236f,0.7129f,-1.793f,-1.239f,0f,0f,0f,1f],start_interpolation: 0,interpolation_duration: 1}
$data merge entity $(bone_right_foot) {transformation: [-0.9063f,0.3576f,0.2253f,-1.4937f,0.2899f,0.138f,0.9471f,5.9467f,0.3075f,0.9236f,-0.2288f,-4.1042f,0f,0f,0f,1f],start_interpolation: 0,interpolation_duration: 1}
$data merge entity $(bone_right_knee) {transformation: [-1.1435f,0.5127f,0.1465f,-1.8498f,0.3658f,0.5019f,1.0983f,4.2865f,0.388f,1.0379f,-0.6035f,-3.5295f,0f,0f,0f,1f],start_interpolation: 0,interpolation_duration: 1}
$data merge entity $(bone_right_leg) {transformation: [-1.8378f,0.5329f,0.6711f,-1.0815f,0.5878f,-0.3717f,1.9048f,4.1321f,0.6236f,1.9209f,0.1824f,-1.239f,0f,0f,0f,1f],start_interpolation: 0,interpolation_duration: 1}
$data merge entity $(bone_group) {transformation: [-1.9904f,0f,0f,0f,0f,1.3653f,1.4484f,2.2512f,0f,1.4484f,-1.3653f,0.4285f,0f,0f,0f,1f],start_interpolation: 0,interpolation_duration: 1}