# This file was generated by Animated Java via MC-Build. It is not recommended to edit this file directly.
$data merge entity $(up) {transformation: [-1.9653f,0f,0f,0f,0f,1.3503f,1.428f,0.5946f,0f,1.428f,-1.3503f,2.971f,0f,0f,0f,1f],start_interpolation: 0,interpolation_duration: 1}
$data merge entity $(down) {transformation: [-1.2477f,0f,0f,0f,0f,0.8659f,0.8983f,0.4401f,0f,0.8983f,-0.8659f,3.329f,0f,0f,0f,1f],start_interpolation: 0,interpolation_duration: 1}
$data merge entity $(right_hand) {transformation: [-0.9501f,0.2723f,-0.1523f,-2.7299f,0.2683f,0.9622f,0.0466f,-1.7659f,0.1592f,0.0034f,-0.9872f,3.1695f,0f,0f,0f,1f],start_interpolation: 0,interpolation_duration: 1}
$data merge entity $(right_forearm) {transformation: [-1.968f,0.5571f,-0.3276f,-2.4906f,0.5557f,1.9948f,0.0536f,-0.1687f,0.3298f,-0.037f,-2.0447f,1.9067f,0f,0f,0f,1f],start_interpolation: 0,interpolation_duration: 1}
$data merge entity $(right_arm) {transformation: [-1.4557f,0.4038f,-0.2558f,-1.9334f,0.411f,1.4759f,-0.0094f,1.3909f,0.244f,-0.0775f,-1.5106f,1.5744f,0f,0f,0f,1f],start_interpolation: 0,interpolation_duration: 1}
$data merge entity $(left_hand) {transformation: [-0.9501f,-0.2723f,0.1523f,2.7299f,-0.2683f,0.9622f,0.0466f,-1.7659f,-0.1592f,0.0034f,-0.9872f,3.1695f,0f,0f,0f,1f],start_interpolation: 0,interpolation_duration: 1}
$data merge entity $(left_forearm) {transformation: [-1.968f,-0.5571f,0.3276f,2.4906f,-0.5557f,1.9948f,0.0536f,-0.1687f,-0.3298f,-0.037f,-2.0447f,1.9067f,0f,0f,0f,1f],start_interpolation: 0,interpolation_duration: 1}
$data merge entity $(left_arm) {transformation: [-1.4557f,-0.4038f,0.2558f,1.9334f,-0.411f,1.4759f,-0.0094f,1.3909f,-0.244f,-0.0775f,-1.5106f,1.5744f,0f,0f,0f,1f],start_interpolation: 0,interpolation_duration: 1}
$data merge entity $(chest) {transformation: [-2.8487f,0f,0f,0f,0f,1.946f,2.0804f,2.9454f,0f,2.0804f,-1.946f,-0.6021f,0f,0f,0f,1f],start_interpolation: 0,interpolation_duration: 1}
$data merge entity $(left_foot) {transformation: [-0.9063f,-0.0938f,0.4121f,2.2742f,-0.2887f,0.8495f,-0.4415f,2.737f,-0.3086f,-0.5191f,-0.797f,-3.3631f,0f,0f,0f,1f],start_interpolation: 0,interpolation_duration: 1}
$data merge entity $(left_knee) {transformation: [-1.1435f,-0.4451f,0.2936f,1.9981f,-0.3643f,1.1594f,0.3391f,1.9634f,-0.3894f,0.2226f,-1.1793f,-1.7697f,0f,0f,0f,1f],start_interpolation: 0,interpolation_duration: 1}
$data merge entity $(left_leg) {transformation: [-1.8378f,-0.79f,0.3322f,1.0815f,-0.5854f,1.7314f,0.8784f,4.1385f,-0.6259f,0.7002f,-1.7972f,-1.2317f,0f,0f,0f,1f],start_interpolation: 0,interpolation_duration: 1}
$data merge entity $(right_foot) {transformation: [-0.9063f,0.3475f,0.2405f,-1.4937f,0.2887f,0.0935f,0.9528f,5.9642f,0.3086f,0.933f,-0.185f,-4.0899f,0f,0f,0f,1f],start_interpolation: 0,interpolation_duration: 1}
$data merge entity $(right_knee) {transformation: [-1.1435f,0.5127f,0.1465f,-1.8498f,0.3643f,0.4979f,1.1007f,4.3017f,0.3894f,1.0398f,-0.5992f,-3.5216f,0f,0f,0f,1f],start_interpolation: 0,interpolation_duration: 1}
$data merge entity $(right_leg) {transformation: [-1.8378f,0.5329f,0.6711f,-1.0815f,0.5854f,-0.3791f,1.9041f,4.1385f,0.6259f,1.9195f,0.1897f,-1.2317f,0f,0f,0f,1f],start_interpolation: 0,interpolation_duration: 1}
$data merge entity $(group) {transformation: [-1.9904f,0f,0f,0f,0f,1.3597f,1.4536f,2.2512f,0f,1.4536f,-1.3597f,0.4285f,0f,0f,0f,1f],start_interpolation: 0,interpolation_duration: 1}