# This file was generated by Animated Java via MC-Build. It is not recommended to edit this file directly.
$data merge entity $(bone_up) {transformation: [-1.9653f,0f,0f,0f,0f,1.3558f,1.4228f,0.5836f,0f,1.4228f,-1.3558f,2.9647f,0f,0f,0f,1f],start_interpolation: 0,interpolation_duration: 1}
$data merge entity $(bone_down) {transformation: [-1.2477f,0f,0f,0f,0f,0.8693f,0.895f,0.4305f,0f,0.895f,-0.8693f,3.3232f,0f,0f,0f,1f],start_interpolation: 0,interpolation_duration: 1}
$data merge entity $(bone_right_hand) {transformation: [-0.9501f,0.2743f,-0.1486f,-2.7142f,0.2675f,0.9614f,0.0644f,-1.7522f,0.1605f,0.0214f,-0.9868f,3.1979f,0f,0f,0f,1f],start_interpolation: 0,interpolation_duration: 1}
$data merge entity $(bone_right_forearm) {transformation: [-1.968f,0.5499f,-0.3394f,-2.4876f,0.5541f,1.9958f,0.0208f,-0.1739f,0.3325f,-0.071f,-2.0433f,1.9091f,0f,0f,0f,1f],start_interpolation: 0,interpolation_duration: 1}
$data merge entity $(bone_right_arm) {transformation: [-1.4557f,0.4015f,-0.2593f,-1.9334f,0.4099f,1.4762f,-0.0149f,1.3854f,0.246f,-0.0835f,-1.5099f,1.5702f,0f,0f,0f,1f],start_interpolation: 0,interpolation_duration: 1}
$data merge entity $(bone_left_hand) {transformation: [-0.9501f,-0.2743f,0.1486f,2.7142f,-0.2675f,0.9614f,0.0644f,-1.7522f,-0.1605f,0.0214f,-0.9868f,3.1979f,0f,0f,0f,1f],start_interpolation: 0,interpolation_duration: 1}
$data merge entity $(bone_left_forearm) {transformation: [-1.968f,-0.5499f,0.3394f,2.4876f,-0.5541f,1.9958f,0.0208f,-0.1739f,-0.3325f,-0.071f,-2.0433f,1.9091f,0f,0f,0f,1f],start_interpolation: 0,interpolation_duration: 1}
$data merge entity $(bone_left_arm) {transformation: [-1.4557f,-0.4015f,0.2593f,1.9334f,-0.4099f,1.4762f,-0.0149f,1.3854f,-0.246f,-0.0835f,-1.5099f,1.5702f,0f,0f,0f,1f],start_interpolation: 0,interpolation_duration: 1}
$data merge entity $(bone_chest) {transformation: [-2.8487f,0f,0f,0f,0f,1.9358f,2.0899f,2.9504f,0f,2.0899f,-1.9358f,-0.5988f,0f,0f,0f,1f],start_interpolation: 0,interpolation_duration: 1}
$data merge entity $(bone_left_foot) {transformation: [-0.9063f,-0.0994f,0.4108f,2.2846f,-0.2872f,0.8579f,-0.4261f,2.7159f,-0.31f,-0.5041f,-0.8061f,-3.3543f,0f,0f,0f,1f],start_interpolation: 0,interpolation_duration: 1}
$data merge entity $(bone_left_knee) {transformation: [-1.1435f,-0.4388f,0.3031f,1.9935f,-0.3624f,1.1655f,0.32f,1.9674f,-0.3912f,0.203f,-1.1823f,-1.7516f,0f,0f,0f,1f],start_interpolation: 0,interpolation_duration: 1}
$data merge entity $(bone_left_leg) {transformation: [-1.8378f,-0.787f,0.3391f,1.0815f,-0.5824f,1.7356f,0.8721f,4.1466f,-0.6287f,0.693f,-1.799f,-1.2225f,0f,0f,0f,1f],start_interpolation: 0,interpolation_duration: 1}
$data merge entity $(bone_right_foot) {transformation: [-0.9063f,0.3405f,0.2503f,-1.4935f,0.2872f,0.0616f,0.9559f,5.9983f,0.31f,0.9382f,-0.1537f,-4.0823f,0f,0f,0f,1f],start_interpolation: 0,interpolation_duration: 1}
$data merge entity $(bone_right_knee) {transformation: [-1.1435f,0.5136f,0.1433f,-1.8453f,0.3624f,0.4998f,1.1004f,4.3356f,0.3912f,1.0385f,-0.6005f,-3.5119f,0f,0f,0f,1f],start_interpolation: 0,interpolation_duration: 1}
$data merge entity $(bone_right_leg) {transformation: [-1.8378f,0.5287f,0.6745f,-1.0815f,0.5824f,-0.4005f,1.9007f,4.1466f,0.6287f,1.9163f,0.2111f,-1.2225f,0f,0f,0f,1f],start_interpolation: 0,interpolation_duration: 1}
$data merge entity $(bone_group) {transformation: [-1.9904f,0f,0f,0f,0f,1.3526f,1.4602f,2.2512f,0f,1.4602f,-1.3526f,0.4285f,0f,0f,0f,1f],start_interpolation: 0,interpolation_duration: 1}