# This file was generated by Animated Java via MC-Build. It is not recommended to edit this file directly.
$data merge entity $(bone_up) {transformation: [-1.9653f,0f,0f,0f,0f,1.3207f,1.4554f,0.5428f,0f,1.4554f,-1.3207f,2.9365f,0f,0f,0f,1f],start_interpolation: 0,interpolation_duration: 1}
$data merge entity $(bone_down) {transformation: [-1.2477f,0f,0f,0f,0f,0.8473f,0.9159f,0.381f,0f,0.9159f,-0.8473f,3.2912f,0f,0f,0f,1f],start_interpolation: 0,interpolation_duration: 1}
$data merge entity $(bone_right_hand) {transformation: [-0.9501f,0.2616f,-0.17f,-2.6901f,0.265f,0.9643f,0.0029f,-1.7428f,0.1647f,-0.0423f,-0.9854f,3.1903f,0f,0f,0f,1f],start_interpolation: 0,interpolation_duration: 1}
$data merge entity $(bone_right_forearm) {transformation: [-1.968f,0.5341f,-0.3638f,-2.4906f,0.5489f,1.997f,-0.0371f,-0.1986f,0.3412f,-0.1316f,-2.0389f,1.8567f,0f,0f,0f,1f],start_interpolation: 0,interpolation_duration: 1}
$data merge entity $(bone_right_arm) {transformation: [-1.4557f,0.4038f,-0.2558f,-1.9334f,0.406f,1.4772f,0.0216f,1.3676f,0.2523f,-0.0472f,-1.5105f,1.5565f,0f,0f,0f,1f],start_interpolation: 0,interpolation_duration: 1}
$data merge entity $(bone_left_hand) {transformation: [-0.9501f,-0.2616f,0.17f,2.6901f,-0.265f,0.9643f,0.0029f,-1.7428f,-0.1647f,-0.0423f,-0.9854f,3.1903f,0f,0f,0f,1f],start_interpolation: 0,interpolation_duration: 1}
$data merge entity $(bone_left_forearm) {transformation: [-1.968f,-0.5341f,0.3638f,2.4906f,-0.5489f,1.997f,-0.0371f,-0.1986f,-0.3412f,-0.1316f,-2.0389f,1.8567f,0f,0f,0f,1f],start_interpolation: 0,interpolation_duration: 1}
$data merge entity $(bone_left_arm) {transformation: [-1.4557f,-0.4038f,0.2558f,1.9334f,-0.406f,1.4772f,0.0216f,1.3676f,-0.2523f,-0.0472f,-1.5105f,1.5565f,0f,0f,0f,1f],start_interpolation: 0,interpolation_duration: 1}
$data merge entity $(bone_chest) {transformation: [-2.8487f,0f,0f,0f,0f,1.9029f,2.1199f,2.9664f,0f,2.1199f,-1.9029f,-0.5877f,0f,0f,0f,1f],start_interpolation: 0,interpolation_duration: 1}
$data merge entity $(bone_left_foot) {transformation: [-0.9063f,-0.0663f,0.4174f,2.3199f,-0.2823f,0.8299f,-0.4812f,2.7123f,-0.3145f,-0.5539f,-0.7709f,-3.3921f,0f,0f,0f,1f],start_interpolation: 0,interpolation_duration: 1}
$data merge entity $(bone_left_knee) {transformation: [-1.1435f,-0.4247f,0.3225f,1.9981f,-0.3562f,1.1762f,0.2858f,2.0086f,-0.3968f,0.168f,-1.1859f,-1.7751f,0f,0f,0f,1f],start_interpolation: 0,interpolation_duration: 1}
$data merge entity $(bone_left_leg) {transformation: [-1.8378f,-0.79f,0.3322f,1.0815f,-0.5725f,1.7166f,0.9151f,4.1722f,-0.6377f,0.7356f,-1.7788f,-1.1926f,0f,0f,0f,1f],start_interpolation: 0,interpolation_duration: 1}
$data merge entity $(bone_right_foot) {transformation: [-0.9063f,0.3553f,0.2288f,-1.4924f,0.2823f,0.106f,0.9534f,6.1195f,0.3145f,0.9287f,-0.1964f,-4.0657f,0f,0f,0f,1f],start_interpolation: 0,interpolation_duration: 1}
$data merge entity $(bone_right_knee) {transformation: [-1.1435f,0.5173f,0.1294f,-1.8258f,0.3562f,0.5131f,1.0963f,4.459f,0.3968f,1.0301f,-0.6111f,-3.4783f,0f,0f,0f,1f],start_interpolation: 0,interpolation_duration: 1}
$data merge entity $(bone_right_leg) {transformation: [-1.8378f,0.5103f,0.6885f,-1.0815f,0.5725f,-0.4812f,1.8849f,4.1722f,0.6377f,1.9026f,0.292f,-1.1926f,0f,0f,0f,1f],start_interpolation: 0,interpolation_duration: 1}
$data merge entity $(bone_group) {transformation: [-1.9904f,0f,0f,0f,0f,1.3296f,1.4812f,2.2512f,0f,1.4812f,-1.3296f,0.4285f,0f,0f,0f,1f],start_interpolation: 0,interpolation_duration: 1}