# This file was generated by Animated Java via MC-Build. It is not recommended to edit this file directly.
$data merge entity $(up) {transformation: [-1.9653f,0f,0f,0f,0f,1.3528f,1.4256f,0.5705f,0f,1.4256f,-1.3528f,2.9563f,0f,0f,0f,1f],start_interpolation: 0,interpolation_duration: 1}
$data merge entity $(down) {transformation: [-1.2477f,0f,0f,0f,0f,0.8675f,0.8967f,0.4166f,0f,0.8967f,-0.8675f,3.3145f,0f,0f,0f,1f],start_interpolation: 0,interpolation_duration: 1}
$data merge entity $(right_hand) {transformation: [-0.9501f,0.2727f,-0.1515f,-2.6988f,0.2666f,0.962f,0.0596f,-1.7377f,0.162f,0.0163f,-0.9867f,3.2187f,0f,0f,0f,1f],start_interpolation: 0,interpolation_duration: 1}
$data merge entity $(right_forearm) {transformation: [-1.968f,0.5417f,-0.3524f,-2.4865f,0.5523f,1.9964f,-0.0158f,-0.1811f,0.3355f,-0.109f,-2.0412f,1.9015f,0f,0f,0f,1f],start_interpolation: 0,interpolation_duration: 1}
$data merge entity $(right_arm) {transformation: [-1.4557f,0.4007f,-0.2607f,-1.9334f,0.4085f,1.4766f,-0.0117f,1.3792f,0.2482f,-0.0806f,-1.5097f,1.5655f,0f,0f,0f,1f],start_interpolation: 0,interpolation_duration: 1}
$data merge entity $(left_hand) {transformation: [-0.9501f,-0.2727f,0.1515f,2.6988f,-0.2666f,0.962f,0.0596f,-1.7377f,-0.162f,0.0163f,-0.9867f,3.2187f,0f,0f,0f,1f],start_interpolation: 0,interpolation_duration: 1}
$data merge entity $(left_forearm) {transformation: [-1.968f,-0.5417f,0.3524f,2.4865f,-0.5523f,1.9964f,-0.0158f,-0.1811f,-0.3355f,-0.109f,-2.0412f,1.9015f,0f,0f,0f,1f],start_interpolation: 0,interpolation_duration: 1}
$data merge entity $(left_arm) {transformation: [-1.4557f,-0.4007f,0.2607f,1.9334f,-0.4085f,1.4766f,-0.0117f,1.3792f,-0.2482f,-0.0806f,-1.5097f,1.5655f,0f,0f,0f,1f],start_interpolation: 0,interpolation_duration: 1}
$data merge entity $(chest) {transformation: [-2.8487f,0f,0f,0f,0f,1.9245f,2.1003f,2.9559f,0f,2.1003f,-1.9245f,-0.595f,0f,0f,0f,1f],start_interpolation: 0,interpolation_duration: 1}
$data merge entity $(left_foot) {transformation: [-0.9063f,-0.0951f,0.4118f,2.2992f,-0.2855f,0.8561f,-0.4307f,2.6968f,-0.3116f,-0.508f,-0.803f,-3.3582f,0f,0f,0f,1f],start_interpolation: 0,interpolation_duration: 1}
$data merge entity $(left_knee) {transformation: [-1.1435f,-0.4314f,0.3134f,1.9918f,-0.3603f,1.1718f,0.2985f,1.9766f,-0.3931f,0.181f,-1.1852f,-1.7456f,0f,0f,0f,1f],start_interpolation: 0,interpolation_duration: 1}
$data merge entity $(left_leg) {transformation: [-1.8378f,-0.7859f,0.3417f,1.0815f,-0.579f,1.7348f,0.876f,4.1554f,-0.6318f,0.6963f,-1.7966f,-1.2122f,0f,0f,0f,1f],start_interpolation: 0,interpolation_duration: 1}
$data merge entity $(right_foot) {transformation: [-0.9063f,0.3397f,0.2514f,-1.4931f,0.2855f,0.0536f,0.9569f,6.0421f,0.3116f,0.939f,-0.1456f,-4.0787f,0f,0f,0f,1f],start_interpolation: 0,interpolation_duration: 1}
$data merge entity $(right_knee) {transformation: [-1.1435f,0.5151f,0.138f,-1.8379f,0.3603f,0.5055f,1.0985f,4.3805f,0.3931f,1.035f,-0.6052f,-3.5009f,0f,0f,0f,1f],start_interpolation: 0,interpolation_duration: 1}
$data merge entity $(right_leg) {transformation: [-1.8378f,0.5217f,0.6799f,-1.0815f,0.579f,-0.4303f,1.8952f,4.1554f,0.6318f,1.9117f,0.241f,-1.2122f,0f,0f,0f,1f],start_interpolation: 0,interpolation_duration: 1}
$data merge entity $(group) {transformation: [-1.9904f,0f,0f,0f,0f,1.3447f,1.4675f,2.2512f,0f,1.4675f,-1.3447f,0.4285f,0f,0f,0f,1f],start_interpolation: 0,interpolation_duration: 1}