# This file was generated by Animated Java via MC-Build. It is not recommended to edit this file directly.
$data merge entity $(bone_up) {transformation: [-1.9653f,0f,0f,0f,0f,1.2992f,1.4746f,0.5315f,0f,1.4746f,-1.2992f,2.9277f,0f,0f,0f,1f],start_interpolation: 0,interpolation_duration: 1}
$data merge entity $(bone_down) {transformation: [-1.2477f,0f,0f,0f,0f,0.8338f,0.9282f,0.3645f,0f,0.9282f,-0.8338f,3.28f,0f,0f,0f,1f],start_interpolation: 0,interpolation_duration: 1}
$data merge entity $(bone_right_hand) {transformation: [-0.9501f,0.2559f,-0.1784f,-2.7002f,0.2643f,0.9641f,-0.0245f,-1.7685f,0.1657f,-0.0704f,-0.9837f,3.1407f,0f,0f,0f,1f],start_interpolation: 0,interpolation_duration: 1}
$data merge entity $(bone_right_forearm) {transformation: [-1.968f,0.538f,-0.358f,-2.4942f,0.5475f,1.9977f,-0.0077f,-0.206f,0.3433f,-0.1019f,-2.0402f,1.8296f,0f,0f,0f,1f],start_interpolation: 0,interpolation_duration: 1}
$data merge entity $(bone_right_arm) {transformation: [-1.4557f,0.4065f,-0.2515f,-1.9334f,0.405f,1.477f,0.0434f,1.3633f,0.2539f,-0.0252f,-1.5107f,1.5531f,0f,0f,0f,1f],start_interpolation: 0,interpolation_duration: 1}
$data merge entity $(bone_left_hand) {transformation: [-0.9501f,-0.2559f,0.1784f,2.7002f,-0.2643f,0.9641f,-0.0245f,-1.7685f,-0.1657f,-0.0704f,-0.9837f,3.1407f,0f,0f,0f,1f],start_interpolation: 0,interpolation_duration: 1}
$data merge entity $(bone_left_forearm) {transformation: [-1.968f,-0.538f,0.358f,2.4942f,-0.5475f,1.9977f,-0.0077f,-0.206f,-0.3433f,-0.1019f,-2.0402f,1.8296f,0f,0f,0f,1f],start_interpolation: 0,interpolation_duration: 1}
$data merge entity $(bone_left_arm) {transformation: [-1.4557f,-0.4065f,0.2515f,1.9334f,-0.405f,1.477f,0.0434f,1.3633f,-0.2539f,-0.0252f,-1.5107f,1.5531f,0f,0f,0f,1f],start_interpolation: 0,interpolation_duration: 1}
$data merge entity $(bone_chest) {transformation: [-2.8487f,0f,0f,0f,0f,1.8947f,2.1272f,2.9703f,0f,2.1272f,-1.8947f,-0.5849f,0f,0f,0f,1f],start_interpolation: 0,interpolation_duration: 1}
$data merge entity $(bone_left_foot) {transformation: [-0.9063f,-0.0528f,0.4193f,2.3181f,-0.2811f,0.8161f,-0.5049f,2.7529f,-0.3156f,-0.5754f,-0.7545f,-3.4081f,0f,0f,0f,1f],start_interpolation: 0,interpolation_duration: 1}
$data merge entity $(bone_left_knee) {transformation: [-1.1435f,-0.4281f,0.3179f,2.0036f,-0.3547f,1.1723f,0.3031f,2.0261f,-0.3982f,0.1853f,-1.1828f,-1.7999f,0f,0f,0f,1f],start_interpolation: 0,interpolation_duration: 1}
$data merge entity $(bone_left_leg) {transformation: [-1.8378f,-0.7935f,0.3237f,1.0815f,-0.57f,1.7037f,0.9404f,4.1784f,-0.64f,0.7613f,-1.7672f,-1.1852f,0f,0f,0f,1f],start_interpolation: 0,interpolation_duration: 1}
$data merge entity $(bone_right_foot) {transformation: [-0.9063f,0.3648f,0.2133f,-1.4924f,0.2811f,0.1435f,0.9489f,6.1369f,0.3156f,0.9199f,-0.2326f,-4.0508f,0f,0f,0f,1f],start_interpolation: 0,interpolation_duration: 1}
$data merge entity $(bone_right_knee) {transformation: [-1.1435f,0.5173f,0.1294f,-1.8258f,0.3547f,0.5091f,1.0987f,4.4741f,0.3982f,1.0321f,-0.6068f,-3.4698f,0f,0f,0f,1f],start_interpolation: 0,interpolation_duration: 1}
$data merge entity $(bone_right_leg) {transformation: [-1.8378f,0.5103f,0.6885f,-1.0815f,0.57f,-0.4885f,1.8837f,4.1784f,0.64f,1.9008f,0.2993f,-1.1852f,0f,0f,0f,1f],start_interpolation: 0,interpolation_duration: 1}
$data merge entity $(bone_group) {transformation: [-1.9904f,0f,0f,0f,0f,1.3239f,1.4863f,2.2512f,0f,1.4863f,-1.3239f,0.4285f,0f,0f,0f,1f],start_interpolation: 0,interpolation_duration: 1}