# This file was generated by Animated Java via MC-Build. It is not recommended to edit this file directly.
$data merge entity $(bone_up) {transformation: [-1.9653f,0f,0f,0f,0f,1.2826f,1.4891f,0.5241f,0f,1.4891f,-1.2826f,2.9216f,0f,0f,0f,1f],start_interpolation: 0,interpolation_duration: 1}
$data merge entity $(bone_down) {transformation: [-1.2477f,0f,0f,0f,0f,0.8233f,0.9375f,0.3531f,0f,0.9375f,-0.8233f,3.272f,0f,0f,0f,1f],start_interpolation: 0,interpolation_duration: 1}
$data merge entity $(bone_right_hand) {transformation: [-0.9501f,0.2535f,-0.1818f,-2.716f,0.2639f,0.9639f,-0.0351f,-1.8021f,0.1664f,-0.0813f,-0.9827f,3.0831f,0f,0f,0f,1f],start_interpolation: 0,interpolation_duration: 1}
$data merge entity $(bone_right_forearm) {transformation: [-1.968f,0.5456f,-0.3464f,-2.4971f,0.5467f,1.9976f,0.0402f,-0.2108f,0.3446f,-0.0533f,-2.0419f,1.8092f,0f,0f,0f,1f],start_interpolation: 0,interpolation_duration: 1}
$data merge entity $(bone_right_arm) {transformation: [-1.4557f,0.4087f,-0.2479f,-1.9334f,0.4043f,1.4766f,0.06f,1.3605f,0.2549f,-0.0084f,-1.5107f,1.5509f,0f,0f,0f,1f],start_interpolation: 0,interpolation_duration: 1}
$data merge entity $(bone_left_hand) {transformation: [-0.9501f,-0.2535f,0.1818f,2.716f,-0.2639f,0.9639f,-0.0351f,-1.8021f,-0.1664f,-0.0813f,-0.9827f,3.0831f,0f,0f,0f,1f],start_interpolation: 0,interpolation_duration: 1}
$data merge entity $(bone_left_forearm) {transformation: [-1.968f,-0.5456f,0.3464f,2.4971f,-0.5467f,1.9976f,0.0402f,-0.2108f,-0.3446f,-0.0533f,-2.0419f,1.8092f,0f,0f,0f,1f],start_interpolation: 0,interpolation_duration: 1}
$data merge entity $(bone_left_arm) {transformation: [-1.4557f,-0.4087f,0.2479f,1.9334f,-0.4043f,1.4766f,0.06f,1.3605f,-0.2549f,-0.0084f,-1.5107f,1.5509f,0f,0f,0f,1f],start_interpolation: 0,interpolation_duration: 1}
$data merge entity $(bone_chest) {transformation: [-2.8487f,0f,0f,0f,0f,1.8894f,2.1319f,2.9728f,0f,2.1319f,-1.8894f,-0.5831f,0f,0f,0f,1f],start_interpolation: 0,interpolation_duration: 1}
$data merge entity $(bone_left_foot) {transformation: [-0.9063f,-0.0471f,0.42f,2.3078f,-0.2803f,0.8107f,-0.514f,2.8031f,-0.3163f,-0.5836f,-0.748f,-3.4135f,0f,0f,0f,1f],start_interpolation: 0,interpolation_duration: 1}
$data merge entity $(bone_left_knee) {transformation: [-1.1435f,-0.4348f,0.3086f,2.008f,-0.3537f,1.1651f,0.331f,2.0392f,-0.3991f,0.2135f,-1.1778f,-1.8197f,0f,0f,0f,1f],start_interpolation: 0,interpolation_duration: 1}
$data merge entity $(bone_left_leg) {transformation: [-1.8378f,-0.7963f,0.3167f,1.0815f,-0.5684f,1.6935f,0.9596f,4.1824f,-0.6414f,0.7809f,-1.7581f,-1.1804f,0f,0f,0f,1f],start_interpolation: 0,interpolation_duration: 1}
$data merge entity $(bone_right_foot) {transformation: [-0.9063f,0.3708f,0.2028f,-1.4926f,0.2803f,0.1683f,0.945f,6.136f,0.3163f,0.9133f,-0.2564f,-4.0313f,0f,0f,0f,1f],start_interpolation: 0,interpolation_duration: 1}
$data merge entity $(bone_right_knee) {transformation: [-1.1435f,0.5165f,0.1327f,-1.8304f,0.3537f,0.4996f,1.1033f,4.4691f,0.3991f,1.0372f,-0.5975f,-3.4646f,0f,0f,0f,1f],start_interpolation: 0,interpolation_duration: 1}
$data merge entity $(bone_right_leg) {transformation: [-1.8378f,0.5147f,0.6852f,-1.0815f,0.5684f,-0.4813f,1.8861f,4.1824f,0.6414f,1.9014f,0.2919f,-1.1804f,0f,0f,0f,1f],start_interpolation: 0,interpolation_duration: 1}
$data merge entity $(bone_group) {transformation: [-1.9904f,0f,0f,0f,0f,1.3202f,1.4896f,2.2512f,0f,1.4896f,-1.3202f,0.4285f,0f,0f,0f,1f],start_interpolation: 0,interpolation_duration: 1}