# This file was generated by Animated Java via MC-Build. It is not recommended to edit this file directly.
$data merge entity $(up) {transformation: [-1.9653f,0f,0f,0f,0f,1.2764f,1.4945f,0.5215f,0f,1.4945f,-1.2764f,2.9195f,0f,0f,0f,1f],start_interpolation: 0,interpolation_duration: 1}
$data merge entity $(down) {transformation: [-1.2477f,0f,0f,0f,0f,0.8194f,0.9409f,0.349f,0f,0.9409f,-0.8194f,3.2692f,0f,0f,0f,1f],start_interpolation: 0,interpolation_duration: 1}
$data merge entity $(right_hand) {transformation: [-0.9501f,0.2554f,-0.1792f,-2.7314f,0.2638f,0.9643f,-0.0241f,-1.8324f,0.1666f,-0.0701f,-0.9835f,3.0364f,0f,0f,0f,1f],start_interpolation: 0,interpolation_duration: 1}
$data merge entity $(right_forearm) {transformation: [-1.968f,0.5537f,-0.3333f,-2.4982f,0.5464f,1.9961f,0.0895f,-0.2125f,0.3451f,-0.0028f,-2.0425f,1.8016f,0f,0f,0f,1f],start_interpolation: 0,interpolation_duration: 1}
$data merge entity $(right_arm) {transformation: [-1.4557f,0.4095f,-0.2465f,-1.9334f,0.4041f,1.4764f,0.0662f,1.3595f,0.2553f,-0.0021f,-1.5107f,1.5501f,0f,0f,0f,1f],start_interpolation: 0,interpolation_duration: 1}
$data merge entity $(left_hand) {transformation: [-0.9501f,-0.2554f,0.1792f,2.7314f,-0.2638f,0.9643f,-0.0241f,-1.8324f,-0.1666f,-0.0701f,-0.9835f,3.0363f,0f,0f,0f,1f],start_interpolation: 0,interpolation_duration: 1}
$data merge entity $(left_forearm) {transformation: [-1.968f,-0.5537f,0.3333f,2.4982f,-0.5464f,1.9961f,0.0895f,-0.2125f,-0.3451f,-0.0028f,-2.0425f,1.8016f,0f,0f,0f,1f],start_interpolation: 0,interpolation_duration: 1}
$data merge entity $(left_arm) {transformation: [-1.4557f,-0.4095f,0.2465f,1.9334f,-0.4041f,1.4764f,0.0662f,1.3595f,-0.2553f,-0.0021f,-1.5107f,1.5501f,0f,0f,0f,1f],start_interpolation: 0,interpolation_duration: 1}
$data merge entity $(chest) {transformation: [-2.8487f,0f,0f,0f,0f,1.8876f,2.1335f,2.9736f,0f,2.1335f,-1.8876f,-0.5825f,0f,0f,0f,1f],start_interpolation: 0,interpolation_duration: 1}
$data merge entity $(left_foot) {transformation: [-0.9063f,-0.0515f,0.4195f,2.293f,-0.28f,0.8166f,-0.5048f,2.8458f,-0.3165f,-0.575f,-0.7545f,-3.4053f,0f,0f,0f,1f],start_interpolation: 0,interpolation_duration: 1}
$data merge entity $(left_knee) {transformation: [-1.1435f,-0.4421f,0.2982f,2.0096f,-0.3533f,1.1566f,0.3597f,2.044f,-0.3994f,0.2425f,-1.1721f,-1.8272f,0f,0f,0f,1f],start_interpolation: 0,interpolation_duration: 1}
$data merge entity $(left_leg) {transformation: [-1.8378f,-0.7974f,0.3141f,1.0815f,-0.5679f,1.6897f,0.9667f,4.1838f,-0.6418f,0.7882f,-1.7546f,-1.1788f,0f,0f,0f,1f],start_interpolation: 0,interpolation_duration: 1}
$data merge entity $(right_foot) {transformation: [-0.9063f,0.3714f,0.2017f,-1.4931f,0.28f,0.1704f,0.9447f,6.1201f,0.3165f,0.9127f,-0.2584f,-4.0119f,0f,0f,0f,1f],start_interpolation: 0,interpolation_duration: 1}
$data merge entity $(right_knee) {transformation: [-1.1435f,0.5151f,0.138f,-1.8379f,0.3533f,0.4873f,1.1089f,4.4488f,0.3994f,1.0437f,-0.5859f,-3.4631f,0f,0f,0f,1f],start_interpolation: 0,interpolation_duration: 1}
$data merge entity $(right_leg) {transformation: [-1.8378f,0.5217f,0.6799f,-1.0815f,0.5679f,-0.4636f,1.8907f,4.1838f,0.6418f,1.9039f,0.274f,-1.1788f,0f,0f,0f,1f],start_interpolation: 0,interpolation_duration: 1}
$data merge entity $(group) {transformation: [-1.9904f,0f,0f,0f,0f,1.3189f,1.4907f,2.2512f,0f,1.4907f,-1.3189f,0.4285f,0f,0f,0f,1f],start_interpolation: 0,interpolation_duration: 1}