# This file was generated by Animated Java via MC-Build. It is not recommended to edit this file directly.
$data merge entity $(up) {transformation: [-1.9653f,0f,0f,0f,0f,1.2826f,1.4891f,0.5241f,0f,1.4891f,-1.2826f,2.9216f,0f,0f,0f,1f],start_interpolation: 0,interpolation_duration: 1}
$data merge entity $(down) {transformation: [-1.2477f,0f,0f,0f,0f,0.8233f,0.9375f,0.3531f,0f,0.9375f,-0.8233f,3.272f,0f,0f,0f,1f],start_interpolation: 0,interpolation_duration: 1}
$data merge entity $(right_hand) {transformation: [-0.9501f,0.2608f,-0.1713f,-2.7405f,0.2639f,0.9645f,0.0045f,-1.849f,0.1664f,-0.0409f,-0.9852f,3.0176f,0f,0f,0f,1f],start_interpolation: 0,interpolation_duration: 1}
$data merge entity $(right_forearm) {transformation: [-1.968f,0.5593f,-0.3237f,-2.4971f,0.5467f,1.9943f,0.1221f,-0.2108f,0.3446f,0.0306f,-2.0423f,1.8092f,0f,0f,0f,1f],start_interpolation: 0,interpolation_duration: 1}
$data merge entity $(right_arm) {transformation: [-1.4557f,0.4087f,-0.2479f,-1.9334f,0.4043f,1.4766f,0.06f,1.3605f,0.2549f,-0.0084f,-1.5107f,1.5509f,0f,0f,0f,1f],start_interpolation: 0,interpolation_duration: 1}
$data merge entity $(left_hand) {transformation: [-0.9501f,-0.2608f,0.1713f,2.7405f,-0.2639f,0.9645f,0.0045f,-1.849f,-0.1664f,-0.0409f,-0.9852f,3.0176f,0f,0f,0f,1f],start_interpolation: 0,interpolation_duration: 1}
$data merge entity $(left_forearm) {transformation: [-1.968f,-0.5593f,0.3237f,2.4971f,-0.5467f,1.9943f,0.1221f,-0.2108f,-0.3446f,0.0306f,-2.0423f,1.8092f,0f,0f,0f,1f],start_interpolation: 0,interpolation_duration: 1}
$data merge entity $(left_arm) {transformation: [-1.4557f,-0.4087f,0.2479f,1.9334f,-0.4043f,1.4766f,0.06f,1.3605f,-0.2549f,-0.0084f,-1.5107f,1.5509f,0f,0f,0f,1f],start_interpolation: 0,interpolation_duration: 1}
$data merge entity $(chest) {transformation: [-2.8487f,0f,0f,0f,0f,1.8894f,2.1319f,2.9728f,0f,2.1319f,-1.8894f,-0.5831f,0f,0f,0f,1f],start_interpolation: 0,interpolation_duration: 1}
$data merge entity $(left_foot) {transformation: [-0.9063f,-0.0643f,0.4177f,2.2793f,-0.2803f,0.8311f,-0.4803f,2.8656f,-0.3163f,-0.5524f,-0.7713f,-3.3872f,0f,0f,0f,1f],start_interpolation: 0,interpolation_duration: 1}
$data merge entity $(left_knee) {transformation: [-1.1435f,-0.4471f,0.2905f,2.008f,-0.3537f,1.1505f,0.3785f,2.0392f,-0.3991f,0.2616f,-1.168f,-1.8197f,0f,0f,0f,1f],start_interpolation: 0,interpolation_duration: 1}
$data merge entity $(left_leg) {transformation: [-1.8378f,-0.7963f,0.3167f,1.0815f,-0.5684f,1.6935f,0.9596f,4.1824f,-0.6414f,0.7809f,-1.7581f,-1.1804f,0f,0f,0f,1f],start_interpolation: 0,interpolation_duration: 1}
$data merge entity $(right_foot) {transformation: [-0.9063f,0.3665f,0.2104f,-1.4935f,0.2803f,0.1488f,0.9483f,6.0966f,0.3163f,0.9184f,-0.2376f,-3.9988f,0f,0f,0f,1f],start_interpolation: 0,interpolation_duration: 1}
$data merge entity $(right_knee) {transformation: [-1.1435f,0.5136f,0.1433f,-1.8453f,0.3537f,0.4768f,1.1134f,4.4217f,0.3991f,1.0492f,-0.5761f,-3.4651f,0f,0f,0f,1f],start_interpolation: 0,interpolation_duration: 1}
$data merge entity $(right_leg) {transformation: [-1.8378f,0.5287f,0.6745f,-1.0815f,0.5684f,-0.4425f,1.8956f,4.1824f,0.6414f,1.907f,0.2529f,-1.1804f,0f,0f,0f,1f],start_interpolation: 0,interpolation_duration: 1}
$data merge entity $(group) {transformation: [-1.9904f,0f,0f,0f,0f,1.3202f,1.4896f,2.2512f,0f,1.4896f,-1.3202f,0.4285f,0f,0f,0f,1f],start_interpolation: 0,interpolation_duration: 1}