# This file was generated by Animated Java via MC-Build. It is not recommended to edit this file directly.
$data merge entity $(up) {transformation: [-1.9653f,0f,0f,0f,0f,1.2992f,1.4746f,0.5315f,0f,1.4746f,-1.2992f,2.9277f,0f,0f,0f,1f],start_interpolation: 0,interpolation_duration: 1}
$data merge entity $(down) {transformation: [-1.2477f,0f,0f,0f,0f,0.8338f,0.9282f,0.3645f,0f,0.9282f,-0.8338f,3.28f,0f,0f,0f,1f],start_interpolation: 0,interpolation_duration: 1}
$data merge entity $(right_hand) {transformation: [-0.9501f,0.2672f,-0.161f,-2.7399f,0.2643f,0.9636f,0.0395f,-1.8455f,0.1657f,-0.005f,-0.9862f,3.0357f,0f,0f,0f,1f],start_interpolation: 0,interpolation_duration: 1}
$data merge entity $(right_forearm) {transformation: [-1.968f,0.5606f,-0.3215f,-2.4942f,0.5475f,1.9938f,0.1249f,-0.206f,0.3433f,0.0337f,-2.0425f,1.8296f,0f,0f,0f,1f],start_interpolation: 0,interpolation_duration: 1}
$data merge entity $(right_arm) {transformation: [-1.4557f,0.4065f,-0.2515f,-1.9334f,0.405f,1.477f,0.0434f,1.3633f,0.2539f,-0.0252f,-1.5107f,1.5531f,0f,0f,0f,1f],start_interpolation: 0,interpolation_duration: 1}
$data merge entity $(left_hand) {transformation: [-0.9501f,-0.2672f,0.161f,2.7399f,-0.2643f,0.9636f,0.0395f,-1.8455f,-0.1657f,-0.005f,-0.9862f,3.0357f,0f,0f,0f,1f],start_interpolation: 0,interpolation_duration: 1}
$data merge entity $(left_forearm) {transformation: [-1.968f,-0.5606f,0.3215f,2.4942f,-0.5475f,1.9938f,0.1249f,-0.206f,-0.3433f,0.0337f,-2.0425f,1.8296f,0f,0f,0f,1f],start_interpolation: 0,interpolation_duration: 1}
$data merge entity $(left_arm) {transformation: [-1.4557f,-0.4065f,0.2515f,1.9334f,-0.405f,1.477f,0.0434f,1.3633f,-0.2539f,-0.0252f,-1.5107f,1.5531f,0f,0f,0f,1f],start_interpolation: 0,interpolation_duration: 1}
$data merge entity $(chest) {transformation: [-2.8487f,0f,0f,0f,0f,1.8947f,2.1272f,2.9703f,0f,2.1272f,-1.8947f,-0.5849f,0f,0f,0f,1f],start_interpolation: 0,interpolation_duration: 1}
$data merge entity $(left_foot) {transformation: [-0.9063f,-0.0805f,0.4149f,2.2722f,-0.2811f,0.8478f,-0.4496f,2.8546f,-0.3156f,-0.5241f,-0.791f,-3.3668f,0f,0f,0f,1f],start_interpolation: 0,interpolation_duration: 1}
$data merge entity $(left_knee) {transformation: [-1.1435f,-0.4483f,0.2888f,2.0036f,-0.3547f,1.1496f,0.3802f,2.0261f,-0.3982f,0.2634f,-1.1679f,-1.7999f,0f,0f,0f,1f],start_interpolation: 0,interpolation_duration: 1}
$data merge entity $(left_leg) {transformation: [-1.8378f,-0.7935f,0.3237f,1.0815f,-0.57f,1.7037f,0.9404f,4.1784f,-0.64f,0.7613f,-1.7672f,-1.1852f,0f,0f,0f,1f],start_interpolation: 0,interpolation_duration: 1}
$data merge entity $(right_foot) {transformation: [-0.9063f,0.3576f,0.2253f,-1.4937f,0.2811f,0.1119f,0.9531f,6.0733f,0.3156f,0.9272f,-0.2019f,-3.998f,0f,0f,0f,1f],start_interpolation: 0,interpolation_duration: 1}
$data merge entity $(right_knee) {transformation: [-1.1435f,0.5127f,0.1465f,-1.8498f,0.3547f,0.4724f,1.1149f,4.3974f,0.3982f,1.0517f,-0.5722f,-3.4705f,0f,0f,0f,1f],start_interpolation: 0,interpolation_duration: 1}
$data merge entity $(right_leg) {transformation: [-1.8378f,0.5329f,0.6711f,-1.0815f,0.57f,-0.4258f,1.8989f,4.1784f,0.64f,1.9096f,0.2361f,-1.1852f,0f,0f,0f,1f],start_interpolation: 0,interpolation_duration: 1}
$data merge entity $(group) {transformation: [-1.9904f,0f,0f,0f,0f,1.3239f,1.4863f,2.2512f,0f,1.4863f,-1.3239f,0.4285f,0f,0f,0f,1f],start_interpolation: 0,interpolation_duration: 1}