# This file was generated by Animated Java via MC-Build. It is not recommended to edit this file directly.
$data merge entity $(neck) {transformation: [-0.9431f,-0.1673f,0.2874f,0.0007f,-0.043f,0.9184f,0.3934f,6.1566f,-0.3298f,0.3586f,-0.8733f,-0.3257f,0f,0f,0f,1f],start_interpolation: 0,interpolation_duration: 1}
$data merge entity $(right_thumb_2) {transformation: [-0.151f,0.0543f,-0.987f,-1.1438f,0.9468f,-0.279f,-0.1602f,6.6016f,-0.2841f,-0.9588f,-0.0093f,1.6199f,0f,0f,0f,1f],start_interpolation: 0,interpolation_duration: 1}
$data merge entity $(right_thumb) {transformation: [-0.151f,-0.8277f,-0.5405f,-1.4248f,0.9468f,-0.2782f,0.1615f,6.6502f,-0.2841f,-0.4874f,0.8257f,1.4093f,0f,0f,0f,1f],start_interpolation: 0,interpolation_duration: 1}
$data merge entity $(right_fingers2) {transformation: [0.3653f,0.5466f,-0.7535f,-1.1386f,-0.93f,0.2485f,-0.2706f,6.7409f,0.0393f,0.7997f,0.5992f,1.9448f,0f,0f,0f,1f],start_interpolation: 0,interpolation_duration: 1}
$data merge entity $(right_fingers) {transformation: [0.4114f,-0.5128f,-0.7535f,-1.2786f,0.5167f,0.8123f,-0.2706f,6.985f,0.7508f,-0.278f,0.5992f,1.8911f,0f,0f,0f,1f],start_interpolation: 0,interpolation_duration: 1}
$data merge entity $(scout) {transformation: [0f,0f,0f,-1.2952f,0f,0f,0f,6.7848f,0f,0f,0f,1.9579f,0f,0f,0f,1f],start_interpolation: 0,interpolation_duration: 1}
$data merge entity $(right_hand) {transformation: [-0.475f,-0.4546f,-0.7535f,-1.5888f,0.8542f,-0.4439f,-0.2706f,6.6961f,-0.2115f,-0.7722f,0.5992f,1.4444f,0f,0f,0f,1f],start_interpolation: 0,interpolation_duration: 1}
$data merge entity $(right_forearm) {transformation: [-0.5334f,-0.542f,-1.1484f,-2.4246f,1.0574f,-0.8793f,-0.0762f,5.3251f,-0.7031f,-0.9112f,0.7566f,0.129f,0f,0f,0f,1f],start_interpolation: 0,interpolation_duration: 1}
$data merge entity $(right_shoulder) {transformation: [-0.9328f,1.0759f,-0.3496f,-0.9136f,0.9823f,0.5457f,-0.9418f,5.8228f,-0.561f,-0.8334f,-1.068f,-0.7397f,0f,0f,0f,1f],start_interpolation: 0,interpolation_duration: 1}
$data merge entity $(right_arm) {transformation: [-0.9144f,-0.0836f,0.396f,-0.4188f,-0.0086f,0.9822f,0.1875f,6.1137f,-0.4046f,0.168f,-0.8989f,-0.4704f,0f,0f,0f,1f],start_interpolation: 0,interpolation_duration: 1}
$data merge entity $(left_thumb_2) {transformation: [0.194f,0.0351f,0.9804f,0.2738f,-0.9478f,-0.2512f,0.1966f,7.3461f,0.2532f,-0.9673f,-0.0155f,2.9417f,0f,0f,0f,1f],start_interpolation: 0,interpolation_duration: 1}
$data merge entity $(left_thumb) {transformation: [0.194f,0.8665f,0.4598f,0.5173f,-0.9478f,0.0446f,0.3158f,7.4965f,0.2532f,-0.4971f,0.8299f,2.7325f,0f,0f,0f,1f],start_interpolation: 0,interpolation_duration: 1}
$data merge entity $(left_fingers2) {transformation: [0.0156f,-0.5891f,0.8079f,0.2241f,0.9998f,0.0168f,-0.0071f,7.4648f,-0.0094f,0.8079f,0.5892f,3.2709f,0f,0f,0f,1f],start_interpolation: 0,interpolation_duration: 1}
$data merge entity $(left_fingers) {transformation: [0.5571f,0.192f,0.8079f,0.269f,-0.3166f,0.9485f,-0.0071f,7.744f,-0.7677f,-0.2519f,0.5892f,3.2251f,0f,0f,0f,1f],start_interpolation: 0,interpolation_duration: 1}
$data merge entity $(left_hand) {transformation: [-0.1427f,0.5717f,0.8079f,0.6552f,-0.9725f,-0.2328f,-0.0071f,7.5959f,0.184f,-0.7867f,0.5892f,2.7689f,0f,0f,0f,1f],start_interpolation: 0,interpolation_duration: 1}
$data merge entity $(left_forearm) {transformation: [-1.2167f,0.6124f,0.2044f,1.5343f,-0.6291f,-1.0264f,-0.6692f,5.9996f,-0.1452f,-0.6845f,1.1864f,1.7752f,0f,0f,0f,1f],start_interpolation: 0,interpolation_duration: 1}
$data merge entity $(left_shoulder) {transformation: [-0.7466f,-0.3425f,1.2146f,0.9271f,-1.2553f,0.0568f,-0.7556f,5.84f,0.1295f,-1.4245f,-0.3221f,0.0748f,0f,0f,0f,1f],start_interpolation: 0,interpolation_duration: 1}
$data merge entity $(left_arm) {transformation: [-0.9144f,-0.0836f,0.396f,0.3906f,-0.0086f,0.9822f,0.1875f,6.1213f,-0.4046f,0.168f,-0.8989f,-0.1123f,0f,0f,0f,1f],start_interpolation: 0,interpolation_duration: 1}
$data merge entity $(chest) {transformation: [-1.1691f,-0.1069f,0.5063f,0.1505f,-0.011f,1.2558f,0.2397f,4.3501f,-0.5173f,0.2148f,-1.1493f,-0.6259f,0f,0f,0f,1f],start_interpolation: 0,interpolation_duration: 1}
$data merge entity $(left_cheek) {transformation: [-0.8392f,-0.1768f,0.5143f,0.7523f,-0.284f,0.9489f,-0.1374f,3.4851f,-0.4637f,-0.2613f,-0.8466f,-0.7063f,0f,0f,0f,1f],start_interpolation: 0,interpolation_duration: 1}
$data merge entity $(left_foot) {transformation: [-1.0132f,-0.1004f,-0.0925f,1.7322f,-0.122f,0.9767f,0.2764f,-3.5671f,0.0612f,0.285f,-0.9799f,1.4871f,0f,0f,0f,1f],start_interpolation: 0,interpolation_duration: 1}
$data merge entity $(left_knee) {transformation: [-2.9852f,-0.5504f,0.1946f,1.0641f,-0.516f,2.9619f,0.4618f,0.5659f,-0.273f,0.4202f,-3.0002f,1.9537f,0f,0f,0f,1f],start_interpolation: 0,interpolation_duration: 1}
$data merge entity $(left_leg) {transformation: [-1.6859f,-0.0964f,0.3162f,0.8303f,-0.2848f,1.2575f,-1.1354f,2.6019f,-0.1677f,-1.1666f,-1.25f,0.1145f,0f,0f,0f,1f],start_interpolation: 0,interpolation_duration: 1}
$data merge entity $(right_cheek) {transformation: [-0.8033f,0.2286f,0.55f,0.0909f,0.1705f,0.973f,-0.1554f,3.3499f,-0.5707f,-0.0311f,-0.8206f,-1.0601f,0f,0f,0f,1f],start_interpolation: 0,interpolation_duration: 1}
$data merge entity $(right_foot) {transformation: [-0.639f,-0.0862f,0.7934f,-1.4309f,0.1141f,0.9961f,0.2001f,-3.4309f,-0.7899f,0.2137f,-0.6129f,-1.6054f,0f,0f,0f,1f],start_interpolation: 0,interpolation_duration: 1}
$data merge entity $(right_knee) {transformation: [-2.1326f,-0.4277f,2.1263f,-1.997f,0.7622f,2.644f,1.2963f,0.3034f,-2.0306f,1.4417f,-1.7466f,0.2602f,0f,0f,0f,1f],start_interpolation: 0,interpolation_duration: 1}
$data merge entity $(right_leg) {transformation: [-1.2045f,0.9913f,0.7197f,-0.3799f,0.4305f,1.2875f,-1.0528f,2.379f,-1.1469f,-0.5578f,-1.1511f,-0.552f,0f,0f,0f,1f],start_interpolation: 0,interpolation_duration: 1}
$data merge entity $(weist) {transformation: [-1.4029f,-0.0995f,0.8086f,0.1826f,-0.2584f,1.5814f,-0.2538f,4.0811f,-0.7726f,-0.3482f,-1.3834f,-0.6733f,0f,0f,0f,1f],start_interpolation: 0,interpolation_duration: 1}
data modify storage animated_java:temp entry.data merge value {"locators":{"consume":{"px":-1.1707819234,"py":6.82285163,"pz":2.067184444,"ry":231.5092183722,"rx":-15.7027503026}}}
# Data Manager: Prepare for Read / Write
execute store result storage animated_java:temp args.id int 1 run scoreboard players get @s aj.id
# Data Manager: Write
function animated_java:global/data_manager/write with storage animated_java:temp args