# This file was generated by Animated Java via MC-Build. It is not recommended to edit this file directly.
$data merge entity $(neck) {transformation: [-0.9612f,-0.1978f,0.1921f,-0.1181f,-0.1184f,0.9252f,0.3605f,6.1343f,-0.2491f,0.3237f,-0.9128f,-0.4055f,0f,0f,0f,1f],start_interpolation: 0,interpolation_duration: 1}
$data merge entity $(right_thumb_2) {transformation: [-0.1716f,0.0179f,-0.985f,-1.208f,0.9416f,-0.2909f,-0.1694f,6.452f,-0.2896f,-0.9566f,0.0331f,1.5363f,0f,0f,0f,1f],start_interpolation: 0,interpolation_duration: 1}
$data merge entity $(right_thumb) {transformation: [-0.1716f,-0.8441f,-0.508f,-1.4979f,0.9416f,-0.2921f,0.1672f,6.4953f,-0.2896f,-0.4496f,0.845f,1.3368f,0f,0f,0f,1f],start_interpolation: 0,interpolation_duration: 1}
$data merge entity $(right_fingers2) {transformation: [0.3757f,0.5763f,-0.7258f,-1.1909f,-0.926f,0.2639f,-0.2698f,6.5956f,0.0361f,0.7735f,0.6328f,1.8589f,0f,0f,0f,1f],start_interpolation: 0,interpolation_duration: 1}
$data merge entity $(right_fingers) {transformation: [0.4366f,-0.5316f,-0.7258f,-1.3354f,0.5302f,0.8038f,-0.2698f,6.8376f,0.7268f,-0.267f,0.6328f,1.8079f,0f,0f,0f,1f],start_interpolation: 0,interpolation_duration: 1}
$data merge entity $(scout) {transformation: [0f,0f,0f,-1.3473f,0f,0f,0f,6.6382f,0f,0f,0f,1.8778f,0f,0f,0f,1f],start_interpolation: 0,interpolation_duration: 1}
$data merge entity $(right_hand) {transformation: [-0.4915f,-0.4813f,-0.7258f,-1.6607f,0.847f,-0.4581f,-0.2698f,6.5401f,-0.2027f,-0.7473f,0.6328f,1.3779f,0f,0f,0f,1f],start_interpolation: 0,interpolation_duration: 1}
$data merge entity $(right_forearm) {transformation: [-0.5719f,-0.5701f,-1.1158f,-2.5361f,1.0433f,-0.896f,-0.0769f,5.1445f,-0.694f,-0.8771f,0.8039f,0.1152f,0f,0f,0f,1f],start_interpolation: 0,interpolation_duration: 1}
$data merge entity $(right_shoulder) {transformation: [-0.9692f,1.0604f,-0.2933f,-1.0385f,0.948f,0.6066f,-0.9397f,5.7232f,-0.5583f,-0.8109f,-1.0866f,-0.726f,0f,0f,0f,1f],start_interpolation: 0,interpolation_duration: 1}
$data merge entity $(right_arm) {transformation: [-0.9408f,-0.1336f,0.3115f,-0.5439f,-0.0865f,0.9833f,0.1604f,6.0582f,-0.3277f,0.124f,-0.9366f,-0.5132f,0f,0f,0f,1f],start_interpolation: 0,interpolation_duration: 1}
$data merge entity $(left_thumb_2) {transformation: [0.2409f,0.1996f,0.9498f,-0.2182f,-0.8884f,-0.3486f,0.2986f,7.4347f,0.3907f,-0.9158f,0.0933f,2.485f,0f,0f,0f,1f],start_interpolation: 0,interpolation_duration: 1}
$data merge entity $(left_thumb) {transformation: [0.2409f,0.9224f,0.302f,0.0386f,-0.8884f,0.0843f,0.4512f,7.5871f,0.3907f,-0.377f,0.8397f,2.2939f,0f,0f,0f,1f],start_interpolation: 0,interpolation_duration: 1}
$data merge entity $(left_fingers2) {transformation: [-0.075f,-0.7003f,0.7099f,-0.3263f,0.9888f,0.0399f,0.1438f,7.5821f,-0.129f,0.7127f,0.6895f,2.7875f,0f,0f,0f,1f],start_interpolation: 0,interpolation_duration: 1}
$data merge entity $(left_fingers) {transformation: [0.6905f,0.1391f,0.7099f,-0.301f,-0.3354f,0.9311f,0.1438f,7.8579f,-0.6409f,-0.3373f,0.6895f,2.7145f,0f,0f,0f,1f],start_interpolation: 0,interpolation_duration: 1}
$data merge entity $(left_hand) {transformation: [-0.0784f,0.7f,0.7099f,0.1599f,-0.9567f,-0.2529f,0.1438f,7.7041f,0.2802f,-0.6679f,0.6895f,2.3362f,0f,0f,0f,1f],start_interpolation: 0,interpolation_duration: 1}
$data merge entity $(left_forearm) {transformation: [-1.1193f,0.7978f,0.0885f,1.3181f,-0.7689f,-1.0219f,-0.5115f,6.1146f,-0.2306f,-0.4651f,1.2758f,1.6726f,0f,0f,0f,1f],start_interpolation: 0,interpolation_duration: 1}
$data merge entity $(left_shoulder) {transformation: [-0.5979f,-0.2459f,1.316f,0.8554f,-1.3366f,0.0269f,-0.6023f,5.8973f,0.0769f,-1.4452f,-0.2351f,-0.0664f,0f,0f,0f,1f],start_interpolation: 0,interpolation_duration: 1}
$data merge entity $(left_arm) {transformation: [-0.9408f,-0.1336f,0.3115f,0.2888f,-0.0865f,0.9833f,0.1604f,6.1347f,-0.3277f,0.124f,-0.9366f,-0.2232f,0f,0f,0f,1f],start_interpolation: 0,interpolation_duration: 1}
$data merge entity $(chest) {transformation: [-1.2029f,-0.1708f,0.3982f,0.1244f,-0.1106f,1.2571f,0.2051f,4.3262f,-0.4189f,0.1585f,-1.1975f,-0.6245f,0f,0f,0f,1f],start_interpolation: 0,interpolation_duration: 1}
$data merge entity $(left_cheek) {transformation: [-0.8481f,-0.2487f,0.4678f,0.7312f,-0.3556f,0.9218f,-0.1545f,3.5124f,-0.3928f,-0.2974f,-0.8702f,-0.7351f,0f,0f,0f,1f],start_interpolation: 0,interpolation_duration: 1}
$data merge entity $(left_foot) {transformation: [-0.9902f,-0.1117f,-0.2285f,1.6726f,-0.2011f,0.9061f,0.4288f,-3.1701f,0.1556f,0.4602f,-0.8996f,1.9109f,0f,0f,0f,1f],start_interpolation: 0,interpolation_duration: 1}
$data merge entity $(left_knee) {transformation: [-2.9722f,-0.6042f,0.2301f,0.9311f,-0.5665f,2.9555f,0.4428f,0.9548f,-0.3115f,0.3899f,-3.0005f,2.3367f,0f,0f,0f,1f],start_interpolation: 0,interpolation_duration: 1}
$data merge entity $(left_leg) {transformation: [-1.6778f,-0.0289f,0.368f,0.8041f,-0.3162f,0.9965f,-1.3632f,2.578f,-0.1905f,-1.3991f,-0.9785f,0.116f,0f,0f,0f,1f],start_interpolation: 0,interpolation_duration: 1}
$data merge entity $(right_cheek) {transformation: [-0.8075f,0.1297f,0.5754f,0.0784f,0.0917f,0.9913f,-0.0947f,3.3978f,-0.5826f,-0.0237f,-0.8124f,-1.0506f,0f,0f,0f,1f],start_interpolation: 0,interpolation_duration: 1}
$data merge entity $(right_foot) {transformation: [-0.5528f,0.0358f,0.8593f,-1.4391f,0.0743f,1.0197f,0.0053f,-3.826f,-0.8568f,0.0653f,-0.5539f,-1.612f,0f,0f,0f,1f],start_interpolation: 0,interpolation_duration: 1}
$data merge entity $(right_knee) {transformation: [-1.8817f,-0.3674f,2.3614f,-1.905f,0.7139f,2.7819f,1.0017f,0.0857f,-2.2807f,1.174f,-1.6347f,-0.1196f,0f,0f,0f,1f],start_interpolation: 0,interpolation_duration: 1}
$data merge entity $(right_leg) {transformation: [-1.0628f,0.926f,0.9821f,-0.4061f,0.4032f,1.4107f,-0.8938f,2.3551f,-1.2881f,-0.3224f,-1.09f,-0.5505f,0f,0f,0f,1f],start_interpolation: 0,interpolation_duration: 1}
$data merge entity $(weist) {transformation: [-1.4029f,-0.0995f,0.8086f,0.1564f,-0.2584f,1.5814f,-0.2538f,4.0572f,-0.7726f,-0.3482f,-1.3834f,-0.6718f,0f,0f,0f,1f],start_interpolation: 0,interpolation_duration: 1}
data modify storage animated_java:temp entry.data merge value {"locators":{"consume":{"px":-1.2189107863,"py":6.6787773781,"pz":1.9814709964,"ry":228.9144474427,"rx":-15.6499741514}}}
# Data Manager: Prepare for Read / Write
execute store result storage animated_java:temp args.id int 1 run scoreboard players get @s aj.id
# Data Manager: Write
function animated_java:global/data_manager/write with storage animated_java:temp args