# This file was generated by Animated Java via MC-Build. It is not recommended to edit this file directly.
$data merge entity $(neck) {transformation: [-0.9638f,-0.1429f,0.2251f,-0.0797f,-0.0494f,0.9253f,0.3759f,6.1215f,-0.262f,0.3512f,-0.8989f,-0.3066f,0f,0f,0f,1f],start_interpolation: 0,interpolation_duration: 1}
$data merge entity $(right_thumb_2) {transformation: [-0.1716f,-0.0126f,-0.9851f,-1.0857f,0.941f,-0.298f,-0.1601f,6.6054f,-0.2915f,-0.9545f,0.063f,1.7051f,0f,0f,0f,1f],start_interpolation: 0,interpolation_duration: 1}
$data merge entity $(right_thumb) {transformation: [-0.1716f,-0.8594f,-0.4816f,-1.3809f,0.941f,-0.2877f,0.178f,6.6498f,-0.2915f,-0.4227f,0.8581f,1.5138f,0f,0f,0f,1f],start_interpolation: 0,interpolation_duration: 1}
$data merge entity $(right_fingers2) {transformation: [0.3683f,0.6009f,-0.7094f,-1.058f,-0.9291f,0.2643f,-0.2585f,6.7511f,0.0321f,0.7543f,0.6557f,2.026f,0f,0f,0f,1f],start_interpolation: 0,interpolation_duration: 1}
$data merge entity $(right_fingers) {transformation: [0.4624f,-0.532f,-0.7094f,-1.2017f,0.5315f,0.8067f,-0.2585f,6.994f,0.7098f,-0.2575f,0.6557f,1.9774f,0f,0f,0f,1f],start_interpolation: 0,interpolation_duration: 1}
$data merge entity $(scout) {transformation: [0f,0f,0f,-1.2133f,0f,0f,0f,6.7952f,0f,0f,0f,2.0492f,0f,0f,0f,1f],start_interpolation: 0,interpolation_duration: 1}
$data merge entity $(right_hand) {transformation: [-0.4897f,-0.507f,-0.7094f,-1.542f,0.8499f,-0.4591f,-0.2585f,6.6964f,-0.1946f,-0.7295f,0.6557f,1.5593f,0f,0f,0f,1f],start_interpolation: 0,interpolation_duration: 1}
$data merge entity $(right_forearm) {transformation: [-0.5826f,-0.6034f,-1.0925f,-2.4662f,1.0434f,-0.8971f,-0.0609f,5.2997f,-0.6849f,-0.8534f,0.8365f,0.3331f,0f,0f,0f,1f],start_interpolation: 0,interpolation_duration: 1}
$data merge entity $(right_shoulder) {transformation: [-0.971f,1.0142f,-0.4223f,-1.0204f,0.9712f,0.5288f,-0.9628f,5.7797f,-0.5137f,-0.9173f,-1.022f,-0.6489f,0f,0f,0f,1f],start_interpolation: 0,interpolation_duration: 1}
$data merge entity $(right_arm) {transformation: [-0.9405f,-0.0728f,0.3319f,-0.5083f,-0.0165f,0.9854f,0.1695f,6.0759f,-0.3394f,0.154f,-0.928f,-0.4208f,0f,0f,0f,1f],start_interpolation: 0,interpolation_duration: 1}
$data merge entity $(left_thumb_2) {transformation: [0.1844f,0.092f,0.9785f,0.0716f,-0.9244f,-0.322f,0.2045f,7.4767f,0.3339f,-0.9423f,0.0256f,2.7385f,0f,0f,0f,1f],start_interpolation: 0,interpolation_duration: 1}
$data merge entity $(left_thumb) {transformation: [0.1844f,0.8934f,0.4096f,0.326f,-0.9244f,0.0161f,0.3811f,7.6135f,0.3339f,-0.4489f,0.8289f,2.5329f,0f,0f,0f,1f],start_interpolation: 0,interpolation_duration: 1}
$data merge entity $(left_fingers2) {transformation: [0.0106f,-0.6346f,0.7728f,0.0025f,0.9965f,0.0709f,0.0445f,7.619f,-0.0831f,0.7696f,0.6331f,3.0546f,0f,0f,0f,1f],start_interpolation: 0,interpolation_duration: 1}
$data merge entity $(left_fingers) {transformation: [0.602f,0.201f,0.7728f,0.0484f,-0.3673f,0.929f,0.0445f,7.8945f,-0.709f,-0.3107f,0.6331f,2.9907f,0f,0f,0f,1f],start_interpolation: 0,interpolation_duration: 1}
$data merge entity $(left_hand) {transformation: [-0.1477f,0.6172f,0.7728f,0.461f,-0.9575f,-0.2849f,0.0445f,7.7166f,0.2477f,-0.7334f,0.6331f,2.5695f,0f,0f,0f,1f],start_interpolation: 0,interpolation_duration: 1}
$data merge entity $(left_forearm) {transformation: [-1.2028f,0.6564f,0.1396f,1.4045f,-0.65f,-1.0684f,-0.5773f,6.0596f,-0.1668f,-0.57f,1.2427f,1.7494f,0f,0f,0f,1f],start_interpolation: 0,interpolation_duration: 1}
$data merge entity $(left_shoulder) {transformation: [-0.7387f,-0.2813f,1.2349f,0.8728f,-1.2568f,-0.0146f,-0.7551f,5.8128f,0.1572f,-1.4389f,-0.2338f,0.0343f,0f,0f,0f,1f],start_interpolation: 0,interpolation_duration: 1}
$data merge entity $(left_arm) {transformation: [-0.9405f,-0.0728f,0.3319f,0.3242f,-0.0165f,0.9854f,0.1695f,6.0905f,-0.3394f,0.154f,-0.928f,-0.1204f,0f,0f,0f,1f],start_interpolation: 0,interpolation_duration: 1}
$data merge entity $(chest) {transformation: [-1.2025f,-0.0931f,0.4243f,0.0509f,-0.021f,1.2599f,0.2167f,4.3094f,-0.4339f,0.1968f,-1.1864f,-0.5807f,0f,0f,0f,1f],start_interpolation: 0,interpolation_duration: 1}
$data merge entity $(left_cheek) {transformation: [-0.8666f,-0.2045f,0.4553f,0.6191f,-0.3077f,0.9371f,-0.1649f,3.4742f,-0.3929f,-0.283f,-0.8749f,-0.6938f,0f,0f,0f,1f],start_interpolation: 0,interpolation_duration: 1}
$data merge entity $(left_foot) {transformation: [-1.0079f,-0.0164f,-0.1704f,1.1755f,-0.1051f,0.8625f,0.5388f,-3.4208f,0.1351f,0.5487f,-0.852f,1.9694f,0f,0f,0f,1f],start_interpolation: 0,interpolation_duration: 1}
$data merge entity $(left_knee) {transformation: [-3.0233f,-0.3132f,0.1178f,0.8337f,-0.3001f,3.0116f,0.3042f,0.7683f,-0.148f,0.2907f,-3.0242f,2.2523f,0f,0f,0f,1f],start_interpolation: 0,interpolation_duration: 1}
$data merge entity $(left_leg) {transformation: [-1.7072f,-0.0283f,0.1897f,0.7117f,-0.1649f,1.0841f,-1.3225f,2.537f,-0.0979f,-1.3325f,-1.08f,0.1453f,0f,0f,0f,1f],start_interpolation: 0,interpolation_duration: 1}
$data merge entity $(right_cheek) {transformation: [-0.817f,0.1333f,0.5609f,-0.0054f,0.0877f,0.9903f,-0.1077f,3.3753f,-0.5699f,-0.0388f,-0.8208f,-0.995f,0f,0f,0f,1f],start_interpolation: 0,interpolation_duration: 1}
$data merge entity $(right_foot) {transformation: [-0.553f,0.0322f,0.8593f,-1.2118f,0.089f,1.0183f,0.0191f,-4.0392f,-0.8553f,0.0852f,-0.5536f,-1.6906f,0f,0f,0f,1f],start_interpolation: 0,interpolation_duration: 1}
$data merge entity $(right_knee) {transformation: [-1.8624f,-0.4306f,2.3661f,-1.7644f,0.6464f,2.7928f,1.0171f,-0.1137f,-2.3164f,1.1256f,-1.6185f,-0.2655f,0f,0f,0f,1f],start_interpolation: 0,interpolation_duration: 1}
$data merge entity $(right_leg) {transformation: [-1.0519f,0.7721f,1.1175f,-0.5165f,0.3651f,1.5221f,-0.708f,2.3304f,-1.3083f,-0.196f,-1.096f,-0.4929f,0f,0f,0f,1f],start_interpolation: 0,interpolation_duration: 1}
$data merge entity $(weist) {transformation: [-1.4239f,-0.0883f,0.7725f,0.0638f,-0.2395f,1.5833f,-0.2604f,4.0257f,-0.7397f,-0.3426f,-1.4026f,-0.6241f,0f,0f,0f,1f],start_interpolation: 0,interpolation_duration: 1}
data modify storage animated_java:temp entry.data merge value {"locators":{"consume":{"px":-1.0816158578,"py":6.8354405978,"pz":2.1486988409,"ry":227.2520817256,"rx":-14.9837923589}}}
# Data Manager: Prepare for Read / Write
execute store result storage animated_java:temp args.id int 1 run scoreboard players get @s aj.id
# Data Manager: Write
function animated_java:global/data_manager/write with storage animated_java:temp args