# This file was generated by Animated Java via MC-Build. It is not recommended to edit this file directly.
$data merge entity $(neck) {transformation: [-0.9121f,-0.2378f,0.3339f,0.0681f,-0.0872f,0.9085f,0.4088f,6.1984f,-0.4006f,0.3438f,-0.8493f,-0.4355f,0f,0f,0f,1f],start_interpolation: 0,interpolation_duration: 1}
$data merge entity $(right_thumb_2) {transformation: [-0.117f,0.1631f,-0.9796f,-1.3063f,0.9595f,-0.2359f,-0.1538f,6.4231f,-0.2562f,-0.958f,-0.1289f,1.3309f,0f,0f,0f,1f],start_interpolation: 0,interpolation_duration: 1}
$data merge entity $(right_thumb) {transformation: [-0.117f,-0.7668f,-0.6311f,-1.5615f,0.9595f,-0.2512f,0.1273f,6.4828f,-0.2562f,-0.5907f,0.7652f,1.0921f,0f,0f,0f,1f],start_interpolation: 0,interpolation_duration: 1}
$data merge entity $(right_fingers2) {transformation: [0.3579f,0.452f,-0.8171f,-1.3381f,-0.933f,0.2091f,-0.2929f,6.5476f,0.0385f,0.8672f,0.4965f,1.6602f,0f,0f,0f,1f],start_interpolation: 0,interpolation_duration: 1}
$data merge entity $(right_fingers) {transformation: [0.3234f,-0.4772f,-0.8171f,-1.471f,0.48f,0.8269f,-0.2929f,6.7946f,0.8155f,-0.2975f,0.4965f,1.6021f,0f,0f,0f,1f],start_interpolation: 0,interpolation_duration: 1}
$data merge entity $(scout) {transformation: [0f,0f,0f,-1.4952f,0f,0f,0f,6.5918f,0f,0f,0f,1.6574f,0f,0f,0f,1f],start_interpolation: 0,interpolation_duration: 1}
$data merge entity $(right_hand) {transformation: [-0.4472f,-0.3638f,-0.8171f,-1.7283f,0.8656f,-0.4061f,-0.2929f,6.5279f,-0.2253f,-0.8383f,0.4965f,1.1103f,0f,0f,0f,1f],start_interpolation: 0,interpolation_duration: 1}
$data merge entity $(right_forearm) {transformation: [-0.449f,-0.4351f,-1.2273f,-2.4095f,1.0911f,-0.8342f,-0.1034f,5.2225f,-0.7106f,-1.0059f,0.6166f,-0.3526f,0f,0f,0f,1f],start_interpolation: 0,interpolation_duration: 1}
$data merge entity $(right_shoulder) {transformation: [-0.8634f,1.178f,-0.1296f,-0.7951f,0.9952f,0.6335f,-0.8707f,5.8223f,-0.6435f,-0.6007f,-1.1726f,-0.9175f,0f,0f,0f,1f],start_interpolation: 0,interpolation_duration: 1}
$data merge entity $(right_arm) {transformation: [-0.8795f,-0.1429f,0.4539f,-0.3367f,-0.0512f,0.9767f,0.2084f,6.1359f,-0.4731f,0.16f,-0.8664f,-0.6117f,0f,0f,0f,1f],start_interpolation: 0,interpolation_duration: 1}
$data merge entity $(left_thumb_2) {transformation: [0.2748f,0.0407f,0.9606f,0.2995f,-0.9397f,-0.2003f,0.2773f,7.1472f,0.2038f,-0.9789f,-0.0168f,2.9631f,0f,0f,0f,1f],start_interpolation: 0,interpolation_duration: 1}
$data merge entity $(left_thumb) {transformation: [0.2748f,0.8523f,0.445f,0.5266f,-0.9397f,0.14f,0.3122f,7.3271f,0.2038f,-0.504f,0.8393f,2.7589f,0f,0f,0f,1f],start_interpolation: 0,interpolation_duration: 1}
$data merge entity $(left_fingers2) {transformation: [-0.0664f,-0.5761f,0.8147f,0.2453f,0.997f,-0.071f,0.0311f,7.2453f,0.04f,0.8143f,0.579f,3.2984f,0f,0f,0f,1f],start_interpolation: 0,interpolation_duration: 1}
$data merge entity $(left_fingers) {transformation: [0.5694f,0.1099f,0.8147f,0.2665f,-0.2321f,0.9722f,0.0311f,7.5291f,-0.7886f,-0.2068f,0.579f,3.2659f,0f,0f,0f,1f],start_interpolation: 0,interpolation_duration: 1}
$data merge entity $(left_hand) {transformation: [-0.0598f,0.5768f,0.8147f,0.6565f,-0.9887f,-0.1464f,0.0311f,7.4356f,0.1372f,-0.8037f,0.579f,2.7986f,0f,0f,0f,1f],start_interpolation: 0,interpolation_duration: 1}
$data merge entity $(left_forearm) {transformation: [-1.1632f,0.6839f,0.2766f,1.648f,-0.7196f,-0.9381f,-0.7067f,5.9673f,-0.1625f,-0.7413f,1.1494f,1.7173f,0f,0f,0f,1f],start_interpolation: 0,interpolation_duration: 1}
$data merge entity $(left_shoulder) {transformation: [-0.6278f,-0.4147f,1.2585f,0.9754f,-1.3248f,0.1687f,-0.6053f,5.9254f,0.0264f,-1.3962f,-0.4469f,0.0347f,0f,0f,0f,1f],start_interpolation: 0,interpolation_duration: 1}
$data merge entity $(left_arm) {transformation: [-0.8795f,-0.1429f,0.4539f,0.4418f,-0.0512f,0.9767f,0.2084f,6.1812f,-0.4731f,0.16f,-0.8664f,-0.193f,0f,0f,0f,1f],start_interpolation: 0,interpolation_duration: 1}
$data merge entity $(chest) {transformation: [-1.1245f,-0.1827f,0.5803f,0.3264f,-0.0655f,1.2488f,0.2664f,4.4018f,-0.6048f,0.2046f,-1.1077f,-0.7214f,0f,0f,0f,1f],start_interpolation: 0,interpolation_duration: 1}
$data merge entity $(left_cheek) {transformation: [-0.794f,-0.2172f,0.5678f,1.0159f,-0.3086f,0.9487f,-0.0686f,3.551f,-0.5238f,-0.2297f,-0.8203f,-0.7717f,0f,0f,0f,1f],start_interpolation: 0,interpolation_duration: 1}
$data merge entity $(left_foot) {transformation: [-0.9878f,-0.2632f,0.014f,3.2294f,-0.2634f,0.9877f,-0.0148f,-3.3218f,-0.0098f,-0.018f,-1.0222f,0.8728f,0f,0f,0f,1f],start_interpolation: 0,interpolation_duration: 1}
$data merge entity $(left_knee) {transformation: [-2.7755f,-1.207f,0.3029f,1.6509f,-1.1009f,2.7268f,0.7778f,0.5155f,-0.5802f,0.6001f,-2.925f,1.6004f,0f,0f,0f,1f],start_interpolation: 0,interpolation_duration: 1}
$data merge entity $(left_leg) {transformation: [-1.5683f,-0.3232f,0.6223f,1.0497f,-0.6133f,1.3715f,-0.8332f,2.7117f,-0.3401f,-0.9828f,-1.3674f,0.0519f,0f,0f,0f,1f],start_interpolation: 0,interpolation_duration: 1}
$data merge entity $(right_cheek) {transformation: [-0.8007f,0.2069f,0.5622f,0.3477f,0.1226f,0.9752f,-0.1843f,3.4564f,-0.5864f,-0.0786f,-0.8062f,-1.2106f,0f,0f,0f,1f],start_interpolation: 0,interpolation_duration: 1}
$data merge entity $(right_foot) {transformation: [-0.6867f,-0.2061f,0.7288f,-1.5385f,0.1131f,0.9449f,0.3738f,-2.4837f,-0.7489f,0.3317f,-0.6119f,-1.419f,0f,0f,0f,1f],start_interpolation: 0,interpolation_duration: 1}
$data merge entity $(right_knee) {transformation: [-2.3131f,-0.2878f,1.9542f,-1.9233f,0.9374f,2.4888f,1.4762f,1.0482f,-1.7387f,1.7248f,-1.8039f,0.8445f,0f,0f,0f,1f],start_interpolation: 0,interpolation_duration: 1}
$data merge entity $(right_leg) {transformation: [-1.3064f,1.0999f,0.1866f,-0.1123f,0.5295f,0.8642f,-1.3872f,2.4513f,-0.982f,-0.9974f,-0.9962f,-0.6833f,0f,0f,0f,1f],start_interpolation: 0,interpolation_duration: 1}
$data merge entity $(weist) {transformation: [-1.347f,-0.1255f,0.8954f,0.4059f,-0.3018f,1.5769f,-0.2332f,4.169f,-0.8523f,-0.3602f,-1.3326f,-0.7788f,0f,0f,0f,1f],start_interpolation: 0,interpolation_duration: 1}
data modify storage animated_java:temp entry.data merge value {"locators":{"consume":{"px":-1.3840285796,"py":6.6241375993,"pz":1.7817534082,"ry":238.7160341191,"rx":-17.0336028257}}}
# Data Manager: Prepare for Read / Write
execute store result storage animated_java:temp args.id int 1 run scoreboard players get @s aj.id
# Data Manager: Write
function animated_java:global/data_manager/write with storage animated_java:temp args