# This file was generated by Animated Java via MC-Build. It is not recommended to edit this file directly.
$data merge entity $(neck) {transformation: [-0.8753f,-0.289f,0.3876f,0.188f,-0.1078f,0.8982f,0.4262f,6.2244f,-0.4714f,0.3313f,-0.8174f,-0.5622f,0f,0f,0f,1f],start_interpolation: 0,interpolation_duration: 1}
$data merge entity $(right_thumb_2) {transformation: [-0.0659f,0.2719f,-0.9601f,-1.3817f,0.9762f,-0.1819f,-0.1185f,6.2351f,-0.2068f,-0.945f,-0.2535f,0.9686f,0f,0f,0f,1f],start_interpolation: 0,interpolation_duration: 1}
$data merge entity $(right_thumb) {transformation: [-0.0659f,-0.6955f,-0.7155f,-1.6051f,0.9762f,-0.1935f,0.0983f,6.3161f,-0.2068f,-0.692f,0.6916f,0.7055f,0f,0f,0f,1f],start_interpolation: 0,interpolation_duration: 1}
$data merge entity $(right_fingers2) {transformation: [0.3316f,0.3489f,-0.8765f,-1.4502f,-0.9432f,0.1436f,-0.2996f,6.3402f,0.0213f,0.9261f,0.3767f,1.299f,0f,0f,0f,1f],start_interpolation: 0,interpolation_duration: 1}
$data merge entity $(right_fingers) {transformation: [0.2331f,-0.4212f,-0.8765f,-1.57f,0.4206f,0.8563f,-0.2996f,6.5939f,0.8768f,-0.2988f,0.3767f,1.2414f,0f,0f,0f,1f],start_interpolation: 0,interpolation_duration: 1}
$data merge entity $(scout) {transformation: [0f,0f,0f,-1.6048f,0f,0f,0f,6.3888f,0f,0f,0f,1.2804f,0f,0f,0f,1f],start_interpolation: 0,interpolation_duration: 1}
$data merge entity $(right_hand) {transformation: [-0.3992f,-0.2689f,-0.8765f,-1.7719f,0.8897f,-0.3443f,-0.2996f,6.3647f,-0.2213f,-0.8995f,0.3767f,0.7066f,0f,0f,0f,1f],start_interpolation: 0,interpolation_duration: 1}
$data merge entity $(right_forearm) {transformation: [-0.3383f,-0.3283f,-1.2942f,-2.2994f,1.1442f,-0.7594f,-0.1064f,5.1697f,-0.6881f,-1.1012f,0.4593f,-0.9064f,0f,0f,0f,1f],start_interpolation: 0,interpolation_duration: 1}
$data merge entity $(right_shoulder) {transformation: [-0.7555f,1.252f,0.1077f,-0.6241f,1.0392f,0.6931f,-0.7678f,5.8299f,-0.7065f,-0.3193f,-1.2445f,-1.1133f,0f,0f,0f,1f],start_interpolation: 0,interpolation_duration: 1}
$data merge entity $(right_arm) {transformation: [-0.8382f,-0.1821f,0.5141f,-0.1998f,-0.0703f,0.9708f,0.2293f,6.1528f,-0.5408f,0.1561f,-0.8265f,-0.7701f,0f,0f,0f,1f],start_interpolation: 0,interpolation_duration: 1}
$data merge entity $(left_thumb_2) {transformation: [0.3289f,0.124f,0.9362f,0.1781f,-0.9214f,-0.1753f,0.3469f,6.9715f,0.2072f,-0.9767f,0.0566f,2.8393f,0f,0f,0f,1f],start_interpolation: 0,interpolation_duration: 1}
$data merge entity $(left_thumb) {transformation: [0.3289f,0.8728f,0.3607f,0.405f,-0.9214f,0.2128f,0.3253f,7.172f,0.2072f,-0.4393f,0.8741f,2.6549f,0f,0f,0f,1f],start_interpolation: 0,interpolation_duration: 1}
$data merge entity $(left_fingers2) {transformation: [-0.143f,-0.6248f,0.7676f,0.0934f,0.9884f,-0.1307f,0.0777f,7.0581f,0.0517f,0.7698f,0.6362f,3.1714f,0f,0f,0f,1f],start_interpolation: 0,interpolation_duration: 1}
$data merge entity $(left_fingers) {transformation: [0.6389f,0.0515f,0.7676f,0.0957f,-0.1726f,0.9819f,0.0777f,7.3433f,-0.7497f,-0.1821f,0.6362f,3.1454f,0f,0f,0f,1f],start_interpolation: 0,interpolation_duration: 1}
$data merge entity $(left_hand) {transformation: [0.0043f,0.641f,0.7676f,0.5234f,-0.9932f,-0.0863f,0.0777f,7.2888f,0.1161f,-0.7627f,0.6362f,2.7056f,0f,0f,0f,1f],start_interpolation: 0,interpolation_duration: 1}
$data merge entity $(left_forearm) {transformation: [-1.0922f,0.8019f,0.2471f,1.6946f,-0.7987f,-0.8692f,-0.7097f,5.9207f,-0.2572f,-0.7061f,1.1543f,1.6736f,0f,0f,0f,1f],start_interpolation: 0,interpolation_duration: 1}
$data merge entity $(left_shoulder) {transformation: [-0.5101f,-0.3989f,1.3155f,1.0632f,-1.3705f,0.2562f,-0.4537f,5.9714f,-0.1064f,-1.3875f,-0.4619f,-0.0246f,0f,0f,0f,1f],start_interpolation: 0,interpolation_duration: 1}
$data merge entity $(left_arm) {transformation: [-0.8382f,-0.1821f,0.5141f,0.5421f,-0.0703f,0.9708f,0.2293f,6.215f,-0.5408f,0.1561f,-0.8265f,-0.2914f,0f,0f,0f,1f],start_interpolation: 0,interpolation_duration: 1}
$data merge entity $(chest) {transformation: [-1.0717f,-0.2328f,0.6572f,0.5177f,-0.0898f,1.2412f,0.2932f,4.4385f,-0.6914f,0.1995f,-1.0568f,-0.8412f,0f,0f,0f,1f],start_interpolation: 0,interpolation_duration: 1}
$data merge entity $(left_cheek) {transformation: [-0.7679f,-0.2956f,0.5683f,1.2651f,-0.3589f,0.9334f,0.0005f,3.6541f,-0.5306f,-0.2036f,-0.8228f,-0.8825f,0f,0f,0f,1f],start_interpolation: 0,interpolation_duration: 1}
$data merge entity $(left_foot) {transformation: [-0.9485f,-0.3769f,0.0591f,4.6792f,-0.3717f,0.9487f,0.0835f,-2.8745f,-0.0856f,0.056f,-1.0172f,0.934f,0f,0f,0f,1f],start_interpolation: 0,interpolation_duration: 1}
$data merge entity $(left_knee) {transformation: [-2.4452f,-1.7427f,0.4858f,2.3572f,-1.6241f,2.4743f,0.7017f,0.6253f,-0.7972f,0.3047f,-2.9195f,1.2592f,0f,0f,0f,1f],start_interpolation: 0,interpolation_duration: 1}
$data merge entity $(left_leg) {transformation: [-1.3836f,-0.6237f,0.805f,1.2769f,-0.9077f,1.3709f,-0.498f,2.7985f,-0.4616f,-0.8264f,-1.4336f,-0.042f,0f,0f,0f,1f],start_interpolation: 0,interpolation_duration: 1}
$data merge entity $(right_cheek) {transformation: [-0.7784f,0.0869f,0.6217f,0.633f,0.0552f,0.996f,-0.07f,3.541f,-0.6253f,-0.0202f,-0.7801f,-1.3419f,0f,0f,0f,1f],start_interpolation: 0,interpolation_duration: 1}
$data merge entity $(right_foot) {transformation: [-0.6324f,-0.1956f,0.7792f,-1.9934f,0.1009f,0.9644f,0.324f,-2.3648f,-0.797f,0.2773f,-0.5772f,-1.4679f,0f,0f,0f,1f],start_interpolation: 0,interpolation_duration: 1}
$data merge entity $(right_knee) {transformation: [-2.1115f,0.0749f,2.1882f,-1.8608f,1.1827f,2.5973f,1.0523f,1.3069f,-1.8426f,1.5813f,-1.8321f,0.5928f,0f,0f,0f,1f],start_interpolation: 0,interpolation_duration: 1}
$data merge entity $(right_leg) {transformation: [-1.1926f,1.2337f,0.0844f,0.1628f,0.668f,0.7413f,-1.3984f,2.5078f,-1.0407f,-0.938f,-0.9943f,-0.8375f,0f,0f,0f,1f],start_interpolation: 0,interpolation_duration: 1}
$data merge entity $(weist) {transformation: [-1.2916f,-0.1473f,0.9707f,0.6404f,-0.337f,1.573f,-0.2097f,4.2385f,-0.9221f,-0.3685f,-1.2829f,-0.9077f,0f,0f,0f,1f],start_interpolation: 0,interpolation_duration: 1}
data modify storage animated_java:temp entry.data merge value {"locators":{"consume":{"px":-1.5087302662,"py":6.4104884008,"pz":1.4188828449,"ry":246.7427913441,"rx":-17.4360076807}}}
# Data Manager: Prepare for Read / Write
execute store result storage animated_java:temp args.id int 1 run scoreboard players get @s aj.id
# Data Manager: Write
function animated_java:global/data_manager/write with storage animated_java:temp args