# This file was generated by Animated Java via MC-Build. It is not recommended to edit this file directly.
$data merge entity $(neck) {transformation: [-0.8583f,-0.3185f,0.4024f,0.2139f,-0.1284f,0.8924f,0.4325f,6.2205f,-0.4968f,0.3196f,-0.8069f,-0.6327f,0f,0f,0f,1f],start_interpolation: 0,interpolation_duration: 1}
$data merge entity $(right_thumb_2) {transformation: [-0.0323f,0.3318f,-0.9428f,-1.438f,0.9859f,-0.1445f,-0.0846f,6.0729f,-0.1643f,-0.9322f,-0.3224f,0.7185f,0f,0f,0f,1f],start_interpolation: 0,interpolation_duration: 1}
$data merge entity $(right_thumb) {transformation: [-0.0323f,-0.6506f,-0.7587f,-1.6414f,0.9859f,-0.1455f,0.0829f,6.1711f,-0.1643f,-0.7453f,0.6461f,0.4453f,0f,0f,0f,1f],start_interpolation: 0,interpolation_duration: 1}
$data merge entity $(right_fingers2) {transformation: [0.3106f,0.2881f,-0.9059f,-1.5267f,-0.9505f,0.0929f,-0.2964f,6.1643f,-0.0012f,0.9531f,0.3027f,1.0483f,0f,0f,0f,1f],start_interpolation: 0,interpolation_duration: 1}
$data merge entity $(right_fingers) {transformation: [0.1813f,-0.3828f,-0.9059f,-1.6373f,0.3744f,0.8786f,-0.2964f,6.4231f,0.9094f,-0.2854f,0.3027f,0.9948f,0f,0f,0f,1f],start_interpolation: 0,interpolation_duration: 1}
$data merge entity $(scout) {transformation: [0f,0f,0f,-1.6787f,0f,0f,0f,6.2173f,0f,0f,0f,1.0217f,0f,0f,0f,1f],start_interpolation: 0,interpolation_duration: 1}
$data merge entity $(right_hand) {transformation: [-0.3656f,-0.214f,-0.9059f,-1.807f,0.9079f,-0.2964f,-0.2964f,6.2234f,-0.2051f,-0.9308f,0.3027f,0.4375f,0f,0f,0f,1f],start_interpolation: 0,interpolation_duration: 1}
$data merge entity $(right_forearm) {transformation: [-0.268f,-0.2679f,-1.3242f,-2.2474f,1.182f,-0.7003f,-0.0976f,5.1161f,-0.6543f,-1.1554f,0.3662f,-1.2619f,0f,0f,0f,1f],start_interpolation: 0,interpolation_duration: 1}
$data merge entity $(right_shoulder) {transformation: [-0.6772f,1.2693f,0.2833f,-0.5726f,1.0739f,0.7259f,-0.6854f,5.8067f,-0.7336f,-0.1091f,-1.2648f,-1.2063f,0f,0f,0f,1f],start_interpolation: 0,interpolation_duration: 1}
$data merge entity $(right_arm) {transformation: [-0.82f,-0.208f,0.5333f,-0.1659f,-0.0902f,0.967f,0.2384f,6.1397f,-0.5653f,0.1474f,-0.8116f,-0.8517f,0f,0f,0f,1f],start_interpolation: 0,interpolation_duration: 1}
$data merge entity $(left_thumb_2) {transformation: [0.3272f,0.3411f,0.8812f,-0.2893f,-0.8933f,-0.1924f,0.4062f,6.8373f,0.3081f,-0.9201f,0.2418f,2.4629f,0f,0f,0f,1f],start_interpolation: 0,interpolation_duration: 1}
$data merge entity $(left_thumb) {transformation: [0.3272f,0.9337f,0.1452f,-0.0394f,-0.8933f,0.2556f,0.3697f,7.0468f,0.3081f,-0.2507f,0.9177f,2.3236f,0f,0f,0f,1f],start_interpolation: 0,interpolation_duration: 1}
$data merge entity $(left_fingers2) {transformation: [-0.2054f,-0.7678f,0.6069f,-0.4482f,0.9785f,-0.1496f,0.142f,6.927f,-0.0182f,0.623f,0.782f,2.7657f,0f,0f,0f,1f],start_interpolation: 0,interpolation_duration: 1}
$data merge entity $(left_fingers) {transformation: [0.794f,0.0349f,0.6069f,-0.4562f,-0.1515f,0.9782f,0.142f,7.211f,-0.5887f,-0.2047f,0.782f,2.7297f,0f,0f,0f,1f],start_interpolation: 0,interpolation_duration: 1}
$data merge entity $(left_hand) {transformation: [0.0344f,0.794f,0.6069f,0.0585f,-0.9877f,-0.0657f,0.142f,7.172f,0.1526f,-0.6043f,0.782f,2.3939f,0f,0f,0f,1f],start_interpolation: 0,interpolation_duration: 1}
$data merge entity $(left_forearm) {transformation: [-0.965f,0.9823f,0.0316f,1.4988f,-0.8719f,-0.8353f,-0.6628f,5.8538f,-0.4535f,-0.4844f,1.207f,1.6894f,0f,0f,0f,1f],start_interpolation: 0,interpolation_duration: 1}
$data merge entity $(left_shoulder) {transformation: [-0.3502f,-0.2502f,1.4016f,1.078f,-1.398f,0.3338f,-0.2897f,5.9883f,-0.2697f,-1.4056f,-0.3183f,-0.0684f,0f,0f,0f,1f],start_interpolation: 0,interpolation_duration: 1}
$data merge entity $(left_arm) {transformation: [-0.82f,-0.208f,0.5333f,0.5598f,-0.0902f,0.967f,0.2384f,6.2196f,-0.5653f,0.1474f,-0.8116f,-0.3514f,0f,0f,0f,1f],start_interpolation: 0,interpolation_duration: 1}
$data merge entity $(chest) {transformation: [-1.0483f,-0.266f,0.6818f,0.5911f,-0.1154f,1.2363f,0.3048f,4.4415f,-0.7227f,0.1884f,-1.0377f,-0.8958f,0f,0f,0f,1f],start_interpolation: 0,interpolation_duration: 1}
$data merge entity $(left_cheek) {transformation: [-0.7572f,-0.3579f,0.5465f,1.3467f,-0.408f,0.9124f,0.0323f,3.7034f,-0.5101f,-0.1985f,-0.8369f,-0.9328f,0f,0f,0f,1f],start_interpolation: 0,interpolation_duration: 1}
$data merge entity $(left_foot) {transformation: [-0.9174f,-0.451f,-0.012f,5.3788f,-0.4388f,0.8857f,0.2611f,-2.5043f,-0.1048f,0.2395f,-0.9884f,1.1159f,0f,0f,0f,1f],start_interpolation: 0,interpolation_duration: 1}
$data merge entity $(left_knee) {transformation: [-2.2176f,-1.9913f,0.6076f,2.7114f,-1.8899f,2.2978f,0.6328f,0.7561f,-0.8733f,0.0839f,-2.9125f,1.1379f,0f,0f,0f,1f],start_interpolation: 0,interpolation_duration: 1}
$data merge entity $(left_leg) {transformation: [-1.2563f,-0.792f,0.8636f,1.3649f,-1.0578f,1.3112f,-0.3362f,2.8226f,-0.5042f,-0.7776f,-1.4465f,-0.0865f,0f,0f,0f,1f],start_interpolation: 0,interpolation_duration: 1}
$data merge entity $(right_cheek) {transformation: [-0.7442f,-0.0034f,0.668f,0.7507f,0.0271f,0.999f,0.0352f,3.5623f,-0.6674f,0.0443f,-0.7434f,-1.3911f,0f,0f,0f,1f],start_interpolation: 0,interpolation_duration: 1}
$data merge entity $(right_foot) {transformation: [-0.5814f,-0.118f,0.8326f,-2.5748f,0.0884f,0.9981f,0.2031f,-2.4567f,-0.8363f,0.1875f,-0.5574f,-1.5875f,0f,0f,0f,1f],start_interpolation: 0,interpolation_duration: 1}
$data merge entity $(right_knee) {transformation: [-1.85f,0.4318f,2.3755f,-1.9331f,1.3424f,2.6714f,0.5599f,1.3021f,-2.0069f,1.3889f,-1.8154f,0.203f,0f,0f,0f,1f],start_interpolation: 0,interpolation_duration: 1}
$data merge entity $(right_leg) {transformation: [-1.0449f,1.3529f,0.1709f,0.2728f,0.7582f,0.7553f,-1.3439f,2.5199f,-1.1335f,-0.742f,-1.0565f,-0.9076f,0f,0f,0f,1f],start_interpolation: 0,interpolation_duration: 1}
$data merge entity $(weist) {transformation: [-1.2661f,-0.1563f,1.0023f,0.7325f,-0.3509f,1.5715f,-0.1981f,4.2559f,-0.9518f,-0.3714f,-1.2602f,-0.9663f,0f,0f,0f,1f],start_interpolation: 0,interpolation_duration: 1}
data modify storage animated_java:temp entry.data merge value {"locators":{"consume":{"px":-1.591864091,"py":6.2303527885,"pz":1.1671600813,"ry":251.5247549847,"rx":-17.2389879906}}}
# Data Manager: Prepare for Read / Write
execute store result storage animated_java:temp args.id int 1 run scoreboard players get @s aj.id
# Data Manager: Write
function animated_java:global/data_manager/write with storage animated_java:temp args