# This file was generated by Animated Java via MC-Build. It is not recommended to edit this file directly.
$data merge entity $(neck) {transformation: [-0.8759f,-0.3204f,0.3608f,0.1536f,-0.1541f,0.8943f,0.4201f,6.2066f,-0.4573f,0.3124f,-0.8327f,-0.636f,0f,0f,0f,1f],start_interpolation: 0,interpolation_duration: 1}
$data merge entity $(right_thumb_2) {transformation: [-0.0208f,0.3166f,-0.9483f,-1.4616f,0.9881f,-0.1382f,-0.0678f,5.98f,-0.1526f,-0.9384f,-0.31f,0.6852f,0f,0f,0f,1f],start_interpolation: 0,interpolation_duration: 1}
$data merge entity $(right_thumb) {transformation: [-0.0208f,-0.663f,-0.7484f,-1.6674f,0.9881f,-0.1279f,0.0858f,6.0842f,-0.1526f,-0.7377f,0.6577f,0.416f,0f,0f,0f,1f],start_interpolation: 0,interpolation_duration: 1}
$data merge entity $(right_fingers2) {transformation: [0.2972f,0.3027f,-0.9056f,-1.5443f,-0.9547f,0.0778f,-0.2874f,6.0688f,-0.0165f,0.9499f,0.3121f,1.0172f,0f,0f,0f,1f],start_interpolation: 0,interpolation_duration: 1}
$data merge entity $(right_fingers) {transformation: [0.1993f,-0.3745f,-0.9056f,-1.6521f,0.3613f,0.8871f,-0.2874f,6.3297f,0.9109f,-0.2699f,0.3121f,0.9683f,0f,0f,0f,1f],start_interpolation: 0,interpolation_duration: 1}
$data merge entity $(scout) {transformation: [0f,0f,0f,-1.696f,0f,0f,0f,6.1242f,0f,0f,0f,0.9934f,0f,0f,0f,1f],start_interpolation: 0,interpolation_duration: 1}
$data merge entity $(right_hand) {transformation: [-0.3557f,-0.2311f,-0.9056f,-1.8323f,0.9152f,-0.2826f,-0.2874f,6.1389f,-0.1895f,-0.931f,0.3121f,0.4112f,0f,0f,0f,1f],start_interpolation: 0,interpolation_duration: 1}
$data merge entity $(right_forearm) {transformation: [-0.2607f,-0.2938f,-1.3202f,-2.312f,1.1932f,-0.683f,-0.0836f,5.0576f,-0.6368f,-1.1594f,0.3838f,-1.2944f,0f,0f,0f,1f],start_interpolation: 0,interpolation_duration: 1}
$data merge entity $(right_shoulder) {transformation: [-0.6655f,1.2629f,0.3345f,-0.6488f,1.0819f,0.7432f,-0.6534f,5.7667f,-0.7324f,-0.0497f,-1.2693f,-1.1665f,0f,0f,0f,1f],start_interpolation: 0,interpolation_duration: 1}
$data merge entity $(right_arm) {transformation: [-0.8411f,-0.2184f,0.4948f,-0.2336f,-0.1169f,0.9666f,0.2281f,6.1145f,-0.5281f,0.134f,-0.8385f,-0.837f,0f,0f,0f,1f],start_interpolation: 0,interpolation_duration: 1}
$data merge entity $(left_thumb_2) {transformation: [0.2518f,0.5462f,0.7989f,-0.6668f,-0.877f,-0.2202f,0.427f,6.747f,0.4092f,-0.8082f,0.4236f,1.981f,0f,0f,0f,1f],start_interpolation: 0,interpolation_duration: 1}
$data merge entity $(left_thumb) {transformation: [0.2518f,0.965f,-0.0736f,-0.3927f,-0.877f,0.2597f,0.4042f,6.9548f,0.4092f,-0.0373f,0.9117f,1.8955f,0f,0f,0f,1f],start_interpolation: 0,interpolation_duration: 1}
$data merge entity $(left_fingers2) {transformation: [-0.201f,-0.8905f,0.4082f,-0.8921f,0.9742f,-0.1382f,0.1784f,6.8451f,-0.1024f,0.4336f,0.8953f,2.2351f,0f,0f,0f,1f],start_interpolation: 0,interpolation_duration: 1}
$data merge entity $(left_fingers) {transformation: [0.9097f,0.076f,0.4082f,-0.8931f,-0.1612f,0.9707f,0.1784f,7.1275f,-0.3827f,-0.2281f,0.8953f,2.1875f,0f,0f,0f,1f],start_interpolation: 0,interpolation_duration: 1}
$data merge entity $(left_hand) {transformation: [0.0035f,0.9129f,0.4082f,-0.3144f,-0.981f,-0.076f,0.1784f,7.0839f,0.1939f,-0.4011f,0.8953f,1.9817f,0f,0f,0f,1f],start_interpolation: 0,interpolation_duration: 1}
$data merge entity $(left_forearm) {transformation: [-0.8288f,1.0724f,-0.2454f,1.2573f,-0.9011f,-0.838f,-0.6188f,5.7619f,-0.6311f,-0.2117f,1.2058f,1.6804f,0f,0f,0f,1f],start_interpolation: 0,interpolation_duration: 1}
$data merge entity $(left_shoulder) {transformation: [-0.2003f,-0.1033f,1.4488f,1.0443f,-1.3944f,0.4231f,-0.1627f,6.0019f,-0.4066f,-1.4f,-0.156f,-0.1035f,0f,0f,0f,1f],start_interpolation: 0,interpolation_duration: 1}
$data merge entity $(left_arm) {transformation: [-0.8411f,-0.2184f,0.4948f,0.5109f,-0.1169f,0.9666f,0.2281f,6.218f,-0.5281f,0.134f,-0.8385f,-0.3696f,0f,0f,0f,1f],start_interpolation: 0,interpolation_duration: 1}
$data merge entity $(chest) {transformation: [-1.0754f,-0.2793f,0.6326f,0.5503f,-0.1494f,1.2358f,0.2916f,4.4284f,-0.6752f,0.1714f,-1.0721f,-0.8744f,0f,0f,0f,1f],start_interpolation: 0,interpolation_duration: 1}
$data merge entity $(left_cheek) {transformation: [-0.7494f,-0.3696f,0.5493f,1.3037f,-0.4268f,0.904f,0.026f,3.6694f,-0.5062f,-0.215f,-0.8352f,-0.8809f,0f,0f,0f,1f],start_interpolation: 0,interpolation_duration: 1}
$data merge entity $(left_foot) {transformation: [-0.9051f,-0.4685f,-0.0807f,5.1986f,-0.4723f,0.8667f,0.2663f,-2.4762f,-0.0536f,0.273f,-0.9838f,1.2021f,0f,0f,0f,1f],start_interpolation: 0,interpolation_duration: 1}
$data merge entity $(left_knee) {transformation: [-2.2357f,-1.9898f,0.5426f,2.5311f,-1.8723f,2.2937f,0.697f,0.7806f,-0.8651f,0.1783f,-2.9107f,1.3546f,0f,0f,0f,1f],start_interpolation: 0,interpolation_duration: 1}
$data merge entity $(left_leg) {transformation: [-1.2656f,-0.7061f,0.9226f,1.3202f,-1.0485f,1.2817f,-0.4574f,2.8038f,-0.5003f,-0.9f,-1.3752f,-0.0678f,0f,0f,0f,1f],start_interpolation: 0,interpolation_duration: 1}
$data merge entity $(right_cheek) {transformation: [-0.7448f,0.0025f,0.6673f,0.7039f,0.0324f,0.9989f,0.0324f,3.5551f,-0.6665f,0.0458f,-0.7441f,-1.3683f,0f,0f,0f,1f],start_interpolation: 0,interpolation_duration: 1}
$data merge entity $(right_foot) {transformation: [-0.5648f,-0.0989f,0.8465f,-2.5318f,0.0679f,1.007f,0.163f,-2.5956f,-0.8495f,0.1463f,-0.5497f,-1.5956f,0f,0f,0f,1f],start_interpolation: 0,interpolation_duration: 1}
$data merge entity $(right_knee) {transformation: [-1.8238f,0.3679f,2.4063f,-1.9766f,1.2837f,2.7001f,0.5602f,1.2011f,-2.0683f,1.3515f,-1.7742f,0.1429f,0f,0f,0f,1f],start_interpolation: 0,interpolation_duration: 1}
$data merge entity $(right_leg) {transformation: [-1.0301f,1.3504f,0.2585f,0.2221f,0.725f,0.808f,-1.3315f,2.5044f,-1.1682f,-0.6893f,-1.0544f,-0.8819f,0f,0f,0f,1f],start_interpolation: 0,interpolation_duration: 1}
$data merge entity $(weist) {transformation: [-1.2731f,-0.1539f,0.9938f,0.6866f,-0.3472f,1.5719f,-0.2014f,4.2389f,-0.9438f,-0.3707f,-1.2664f,-0.9438f,0f,0f,0f,1f],start_interpolation: 0,interpolation_duration: 1}
data modify storage animated_java:temp entry.data merge value {"locators":{"consume":{"px":-1.6069017654,"py":6.1343779809,"pz":1.1377612973,"ry":250.9857438265,"rx":-16.6999749106}}}
# Data Manager: Prepare for Read / Write
execute store result storage animated_java:temp args.id int 1 run scoreboard players get @s aj.id
# Data Manager: Write
function animated_java:global/data_manager/write with storage animated_java:temp args