# This file was generated by Animated Java via MC-Build. It is not recommended to edit this file directly.
$data merge entity $(neck) {transformation: [-0.9025f,-0.3178f,0.2908f,0.0645f,-0.1896f,0.8992f,0.3942f,6.1886f,-0.3868f,0.3006f,-0.8718f,-0.6378f,0f,0f,0f,1f],start_interpolation: 0,interpolation_duration: 1}
$data merge entity $(right_thumb_2) {transformation: [-0.0402f,0.2606f,-0.9646f,-1.4566f,0.9835f,-0.1602f,-0.0843f,5.9501f,-0.1765f,-0.9521f,-0.2499f,0.7651f,0f,0f,0f,1f],start_interpolation: 0,interpolation_duration: 1}
$data merge entity $(right_thumb) {transformation: [-0.0402f,-0.7051f,-0.708f,-1.6794f,0.9835f,-0.1531f,0.0966f,6.0453f,-0.1765f,-0.6924f,0.6996f,0.5063f,0f,0f,0f,1f],start_interpolation: 0,interpolation_duration: 1}
$data merge entity $(right_fingers2) {transformation: [0.3056f,0.3588f,-0.882f,-1.52f,-0.9521f,0.1055f,-0.2869f,6.047f,-0.0099f,0.9274f,0.3739f,1.0991f,0f,0f,0f,1f],start_interpolation: 0,interpolation_duration: 1}
$data merge entity $(right_fingers) {transformation: [0.2503f,-0.3993f,-0.882f,-1.6332f,0.387f,0.8763f,-0.2869f,6.3055f,0.8875f,-0.2695f,0.3739f,1.0501f,0f,0f,0f,1f],start_interpolation: 0,interpolation_duration: 1}
$data merge entity $(scout) {transformation: [0f,0f,0f,-1.6733f,0f,0f,0f,6.1003f,0f,0f,0f,1.0832f,0f,0f,0f,1f],start_interpolation: 0,interpolation_duration: 1}
$data merge entity $(right_hand) {transformation: [-0.376f,-0.2842f,-0.882f,-1.8448f,0.9067f,-0.3091f,-0.2869f,6.0984f,-0.1911f,-0.9076f,0.3739f,0.5102f,0f,0f,0f,1f],start_interpolation: 0,interpolation_duration: 1}
$data merge entity $(right_forearm) {transformation: [-0.3111f,-0.3564f,-1.2936f,-2.4157f,1.1736f,-0.716f,-0.085f,4.9683f,-0.6504f,-1.1214f,0.4654f,-1.1346f,0f,0f,0f,1f],start_interpolation: 0,interpolation_duration: 1}
$data merge entity $(right_shoulder) {transformation: [-0.7172f,1.2445f,0.2944f,-0.7633f,1.0525f,0.7662f,-0.6746f,5.712f,-0.7264f,-0.1187f,-1.2681f,-1.0921f,0f,0f,0f,1f],start_interpolation: 0,interpolation_duration: 1}
$data merge entity $(right_arm) {transformation: [-0.8737f,-0.2305f,0.4284f,-0.3337f,-0.1545f,0.9665f,0.2049f,6.0808f,-0.4613f,0.1128f,-0.88f,-0.8067f,0f,0f,0f,1f],start_interpolation: 0,interpolation_duration: 1}
$data merge entity $(left_thumb_2) {transformation: [0.2039f,0.6093f,0.7663f,-0.7928f,-0.8647f,-0.2549f,0.4328f,6.799f,0.459f,-0.7509f,0.4748f,1.7297f,0f,0f,0f,1f],start_interpolation: 0,interpolation_duration: 1}
$data merge entity $(left_thumb) {transformation: [0.2039f,0.9683f,-0.1445f,-0.5095f,-0.8647f,0.2474f,0.4372f,7.0006f,0.459f,0.0358f,0.8877f,1.6606f,0f,0f,0f,1f],start_interpolation: 0,interpolation_duration: 1}
$data merge entity $(left_fingers2) {transformation: [-0.1778f,-0.9257f,0.3337f,-1.0373f,0.9722f,-0.1127f,0.2055f,6.9086f,-0.1526f,0.361f,0.92f,1.9602f,0f,0f,0f,1f],start_interpolation: 0,interpolation_duration: 1}
$data merge entity $(left_fingers) {transformation: [0.9364f,0.1088f,0.3337f,-1.0303f,-0.1849f,0.961f,0.2055f,7.1892f,-0.2984f,-0.2541f,0.92f,1.903f,0f,0f,0f,1f],start_interpolation: 0,interpolation_duration: 1}
$data merge entity $(left_hand) {transformation: [-0.0267f,0.9423f,0.3337f,-0.4369f,-0.9735f,-0.1004f,0.2055f,7.1317f,0.2271f,-0.3194f,0.92f,1.7486f,0f,0f,0f,1f],start_interpolation: 0,interpolation_duration: 1}
$data merge entity $(left_forearm) {transformation: [-0.7852f,1.0745f,-0.3551f,1.1356f,-0.9136f,-0.857f,-0.5728f,5.7823f,-0.6677f,-0.091f,1.2012f,1.6275f,0f,0f,0f,1f],start_interpolation: 0,interpolation_duration: 1}
$data merge entity $(left_shoulder) {transformation: [-0.1587f,-0.0503f,1.4568f,0.9954f,-1.3966f,0.4247f,-0.1374f,6.0231f,-0.4173f,-1.4025f,-0.0939f,-0.1635f,0f,0f,0f,1f],start_interpolation: 0,interpolation_duration: 1}
$data merge entity $(left_arm) {transformation: [-0.8737f,-0.2305f,0.4284f,0.4396f,-0.1545f,0.9665f,0.2049f,6.2176f,-0.4613f,0.1128f,-0.88f,-0.3984f,0f,0f,0f,1f],start_interpolation: 0,interpolation_duration: 1}
$data merge entity $(chest) {transformation: [-1.117f,-0.2947f,0.5477f,0.484f,-0.1976f,1.2357f,0.262f,4.4108f,-0.5898f,0.1442f,-1.1252f,-0.8368f,0f,0f,0f,1f],start_interpolation: 0,interpolation_duration: 1}
$data merge entity $(left_cheek) {transformation: [-0.7459f,-0.3552f,0.5635f,1.2225f,-0.4348f,0.9005f,-0.0078f,3.6259f,-0.5047f,-0.2508f,-0.8261f,-0.8158f,0f,0f,0f,1f],start_interpolation: 0,interpolation_duration: 1}
$data merge entity $(left_foot) {transformation: [-0.9095f,-0.4445f,-0.1428f,4.4733f,-0.4662f,0.881f,0.2275f,-2.6005f,0.0241f,0.2675f,-0.9865f,1.43f,0f,0f,0f,1f],start_interpolation: 0,interpolation_duration: 1}
$data merge entity $(left_knee) {transformation: [-2.394f,-1.8107f,0.4925f,2.0562f,-1.6862f,2.4261f,0.7232f,0.8352f,-0.8233f,0.2962f,-2.9132f,1.7443f,0f,0f,0f,1f],start_interpolation: 0,interpolation_duration: 1}
$data merge entity $(left_leg) {transformation: [-1.3528f,-0.4548f,0.9562f,1.2432f,-0.9448f,1.2189f,-0.757f,2.7708f,-0.478f,-1.122f,-1.21f,-0.0376f,0f,0f,0f,1f],start_interpolation: 0,interpolation_duration: 1}
$data merge entity $(right_cheek) {transformation: [-0.7564f,0.0305f,0.6534f,0.6115f,0.0461f,0.9989f,0.0068f,3.5437f,-0.6525f,0.0353f,-0.757f,-1.3252f,0f,0f,0f,1f],start_interpolation: 0,interpolation_duration: 1}
$data merge entity $(right_foot) {transformation: [-0.5512f,-0.0586f,0.859f,-2.2986f,0.0554f,1.0155f,0.1048f,-2.8154f,-0.8593f,0.1031f,-0.5443f,-1.5792f,0f,0f,0f,1f],start_interpolation: 0,interpolation_duration: 1}
$data merge entity $(right_knee) {transformation: [-1.8395f,0.1781f,2.4159f,-2.006f,1.1526f,2.7325f,0.6762f,1.0272f,-2.1307f,1.3244f,-1.72f,0.1223f,0f,0f,0f,1f],start_interpolation: 0,interpolation_duration: 1}
$data merge entity $(right_leg) {transformation: [-1.039f,1.3128f,0.3853f,0.1291f,0.651f,0.8999f,-1.3107f,2.4802f,-1.2034f,-0.6466f,-1.0417f,-0.8331f,0f,0f,0f,1f],start_interpolation: 0,interpolation_duration: 1}
$data merge entity $(weist) {transformation: [-1.2916f,-0.1473f,0.9707f,0.6067f,-0.337f,1.573f,-0.2097f,4.2108f,-0.9221f,-0.3685f,-1.2829f,-0.9033f,0f,0f,0f,1f],start_interpolation: 0,interpolation_duration: 1}
data modify storage animated_java:temp entry.data merge value {"locators":{"consume":{"px":-1.5757855362,"py":6.1151033912,"pz":1.221496133,"ry":247.0274680159,"rx":-16.6743167837}}}
# Data Manager: Prepare for Read / Write
execute store result storage animated_java:temp args.id int 1 run scoreboard players get @s aj.id
# Data Manager: Write
function animated_java:global/data_manager/write with storage animated_java:temp args
execute unless entity @s[tag=aj.transforms_only] at @s run function animated_java:female/animations/ghost_right/zzz/frames/6_root_function