# This file was generated by Animated Java via MC-Build. It is not recommended to edit this file directly.
$data merge entity $(neck) {transformation: [-0.925f,-0.3106f,0.219f,-0.0346f,-0.2183f,0.9059f,0.3629f,6.1682f,-0.3111f,0.2879f,-0.9057f,-0.6283f,0f,0f,0f,1f],start_interpolation: 0,interpolation_duration: 1}
$data merge entity $(right_thumb_2) {transformation: [-0.0852f,0.1843f,-0.9792f,-1.4321f,0.9714f,-0.2032f,-0.1228f,5.9974f,-0.2216f,-0.9616f,-0.1617f,0.9286f,0f,0f,0f,1f],start_interpolation: 0,interpolation_duration: 1}
$data merge entity $(right_thumb) {transformation: [-0.0852f,-0.7558f,-0.6492f,-1.6788f,0.9714f,-0.2079f,0.1146f,6.0729f,-0.2216f,-0.6209f,0.7519f,0.6854f,0f,0f,0f,1f],start_interpolation: 0,interpolation_duration: 1}
$data merge entity $(right_fingers2) {transformation: [0.3328f,0.4322f,-0.8381f,-1.4701f,-0.9429f,0.1637f,-0.29f,6.1099f,0.0118f,0.8868f,0.462f,1.2615f,0f,0f,0f,1f],start_interpolation: 0,interpolation_duration: 1}
$data merge entity $(right_fingers) {transformation: [0.3121f,-0.4474f,-0.8381f,-1.595f,0.4396f,0.8501f,-0.29f,6.3624f,0.8422f,-0.2779f,0.462f,1.2094f,0f,0f,0f,1f],start_interpolation: 0,interpolation_duration: 1}
$data merge entity $(scout) {transformation: [0f,0f,0f,-1.6258f,0f,0f,0f,6.1583f,0f,0f,0f,1.2561f,0f,0f,0f,1f],start_interpolation: 0,interpolation_duration: 1}
$data merge entity $(right_hand) {transformation: [-0.4185f,-0.3499f,-0.8381f,-1.8448f,0.8851f,-0.3639f,-0.29f,6.1217f,-0.2035f,-0.8632f,0.462f,0.7007f,0f,0f,0f,1f],start_interpolation: 0,interpolation_duration: 1}
$data merge entity $(right_forearm) {transformation: [-0.4008f,-0.4274f,-1.2465f,-2.5171f,1.1291f,-0.7832f,-0.0945f,4.8918f,-0.6795f,-1.0493f,0.5782f,-0.8302f,0f,0f,0f,1f],start_interpolation: 0,interpolation_duration: 1}
$data merge entity $(right_shoulder) {transformation: [-0.8099f,1.2094f,0.1768f,-0.8851f,0.9976f,0.7767f,-0.7425f,5.6616f,-0.7061f,-0.2898f,-1.2519f,-1.001f,0f,0f,0f,1f],start_interpolation: 0,interpolation_duration: 1}
$data merge entity $(right_arm) {transformation: [-0.9024f,-0.2386f,0.359f,-0.4423f,-0.1858f,0.9668f,0.1755f,6.0479f,-0.3889f,0.0917f,-0.9167f,-0.7629f,0f,0f,0f,1f],start_interpolation: 0,interpolation_duration: 1}
$data merge entity $(left_thumb_2) {transformation: [0.2465f,0.5415f,0.8037f,-0.7449f,-0.8428f,-0.2897f,0.4536f,6.9447f,0.4785f,-0.7892f,0.385f,1.8001f,0f,0f,0f,1f],start_interpolation: 0,interpolation_duration: 1}
$data merge entity $(left_thumb) {transformation: [0.2465f,0.9668f,-0.0671f,-0.4694f,-0.8428f,0.248f,0.4777f,7.1427f,0.4785f,-0.0612f,0.876f,1.6971f,0f,0f,0f,1f],start_interpolation: 0,interpolation_duration: 1}
$data merge entity $(left_fingers2) {transformation: [-0.1938f,-0.8899f,0.4128f,-0.9685f,0.9642f,-0.0952f,0.2474f,7.065f,-0.1809f,0.446f,0.8766f,2.046f,0f,0f,0f,1f],start_interpolation: 0,interpolation_duration: 1}
$data merge entity $(left_fingers) {transformation: [0.907f,0.0828f,0.4128f,-0.9674f,-0.1991f,0.9482f,0.2474f,7.3426f,-0.371f,-0.3066f,0.8766f,1.9755f,0f,0f,0f,1f],start_interpolation: 0,interpolation_duration: 1}
$data merge entity $(left_hand) {transformation: [-0.0034f,0.9108f,0.4128f,-0.3898f,-0.962f,-0.1157f,0.2474f,7.2777f,0.2731f,-0.3963f,0.8766f,1.7722f,0f,0f,0f,1f],start_interpolation: 0,interpolation_duration: 1}
$data merge entity $(left_forearm) {transformation: [-0.838f,1.0651f,-0.2459f,1.1704f,-0.9428f,-0.8611f,-0.5166f,5.9229f,-0.5532f,-0.146f,1.2529f,1.575f,0f,0f,0f,1f],start_interpolation: 0,interpolation_duration: 1}
$data merge entity $(left_shoulder) {transformation: [-0.2064f,-0.1238f,1.4463f,0.9313f,-1.4196f,0.3225f,-0.175f,6.0356f,-0.3034f,-1.425f,-0.1652f,-0.2181f,0f,0f,0f,1f],start_interpolation: 0,interpolation_duration: 1}
$data merge entity $(left_arm) {transformation: [-0.9024f,-0.2386f,0.359f,0.3564f,-0.1858f,0.9668f,0.1755f,6.2124f,-0.3889f,0.0917f,-0.9167f,-0.4187f,0f,0f,0f,1f],start_interpolation: 0,interpolation_duration: 1}
$data merge entity $(chest) {transformation: [-1.1537f,-0.305f,0.4589f,0.4003f,-0.2375f,1.2361f,0.2244f,4.3902f,-0.4972f,0.1172f,-1.172f,-0.788f,0f,0f,0f,1f],start_interpolation: 0,interpolation_duration: 1}
$data merge entity $(left_cheek) {transformation: [-0.7619f,-0.3343f,0.5547f,1.1078f,-0.4382f,0.8968f,-0.0614f,3.6125f,-0.4769f,-0.2899f,-0.8298f,-0.7919f,0f,0f,0f,1f],start_interpolation: 0,interpolation_duration: 1}
$data merge entity $(left_foot) {transformation: [-0.9208f,-0.396f,-0.2015f,3.5589f,-0.4322f,0.9058f,0.1946f,-2.6663f,0.1032f,0.2605f,-0.9832f,1.6427f,0f,0f,0f,1f],start_interpolation: 0,interpolation_duration: 1}
$data merge entity $(left_knee) {transformation: [-2.5926f,-1.5276f,0.4442f,1.5373f,-1.408f,2.5987f,0.7188f,1.0001f,-0.7404f,0.407f,-2.922f,2.1077f,0f,0f,0f,1f],start_interpolation: 0,interpolation_duration: 1}
$data merge entity $(left_leg) {transformation: [-1.4631f,-0.1917f,0.8798f,1.1434f,-0.7899f,1.079f,-1.0785f,2.7275f,-0.4322f,-1.323f,-1.0071f,-0.0003f,0f,0f,0f,1f],start_interpolation: 0,interpolation_duration: 1}
$data merge entity $(right_cheek) {transformation: [-0.7742f,0.0646f,0.6296f,0.4838f,0.0621f,0.9977f,-0.026f,3.5262f,-0.6298f,0.0189f,-0.7765f,-1.2648f,0f,0f,0f,1f],start_interpolation: 0,interpolation_duration: 1}
$data merge entity $(right_foot) {transformation: [-0.5456f,-0.0144f,0.8645f,-2.0019f,0.0505f,1.02f,0.0488f,-3.0578f,-0.8631f,0.0687f,-0.5436f,-1.5491f,0f,0f,0f,1f],start_interpolation: 0,interpolation_duration: 1}
$data merge entity $(right_knee) {transformation: [-1.8704f,-0.045f,2.3983f,-2.0198f,0.9999f,2.7497f,0.8315f,0.8106f,-2.1803f,1.2997f,-1.6761f,0.1186f,0f,0f,0f,1f],start_interpolation: 0,interpolation_duration: 1}
$data merge entity $(right_leg) {transformation: [-1.0564f,1.2473f,0.5288f,0.0069f,0.5648f,1.015f,-1.2658f,2.4503f,-1.2314f,-0.6045f,-1.0342f,-0.7684f,0f,0f,0f,1f],start_interpolation: 0,interpolation_duration: 1}
$data merge entity $(weist) {transformation: [-1.3175f,-0.1375f,0.9366f,0.5032f,-0.3214f,1.5748f,-0.221f,4.1752f,-0.8904f,-0.365f,-1.3061f,-0.8504f,0f,0f,0f,1f],start_interpolation: 0,interpolation_duration: 1}
data modify storage animated_java:temp entry.data merge value {"locators":{"consume":{"px":-1.5175057423,"py":6.182940122,"pz":1.3846352434,"ry":241.1324957356,"rx":-16.8606440588}}}
# Data Manager: Prepare for Read / Write
execute store result storage animated_java:temp args.id int 1 run scoreboard players get @s aj.id
# Data Manager: Write
function animated_java:global/data_manager/write with storage animated_java:temp args