# This file was generated by Animated Java via MC-Build. It is not recommended to edit this file directly.
$data merge entity $(neck) {transformation: [-0.94f,-0.2936f,0.1739f,-0.1151f,-0.2217f,0.9129f,0.3428f,6.1507f,-0.2594f,0.2836f,-0.9232f,-0.5899f,0f,0f,0f,1f],start_interpolation: 0,interpolation_duration: 1}
$data merge entity $(right_thumb_2) {transformation: [-0.1347f,0.1143f,-0.9843f,-1.3934f,0.9556f,-0.2477f,-0.1596f,6.1119f,-0.262f,-0.9621f,-0.0759f,1.125f,0f,0f,0f,1f],start_interpolation: 0,interpolation_duration: 1}
$data merge entity $(right_thumb) {transformation: [-0.1347f,-0.7952f,-0.5911f,-1.6609f,0.9556f,-0.262f,0.1347f,6.1673f,-0.262f,-0.5467f,0.7952f,0.8991f,0f,0f,0f,1f],start_interpolation: 0,interpolation_duration: 1}
$data merge entity $(right_fingers2) {transformation: [0.3639f,0.4953f,-0.7888f,-1.4087f,-0.9309f,0.2223f,-0.2898f,6.2405f,0.0318f,0.8398f,0.542f,1.4539f,0f,0f,0f,1f],start_interpolation: 0,interpolation_duration: 1}
$data merge entity $(right_fingers) {transformation: [0.363f,-0.496f,-0.7888f,-1.5456f,0.492f,0.821f,-0.2898f,6.4862f,0.7913f,-0.2829f,0.542f,1.3996f,0f,0f,0f,1f],start_interpolation: 0,interpolation_duration: 1}
$data merge entity $(scout) {transformation: [0f,0f,0f,-1.5659f,0f,0f,0f,6.284f,0f,0f,0f,1.4587f,0f,0f,0f,1f],start_interpolation: 0,interpolation_duration: 1}
$data merge entity $(right_hand) {transformation: [-0.4625f,-0.4048f,-0.7888f,-1.8268f,0.8607f,-0.4185f,-0.2898f,6.212f,-0.2128f,-0.813f,0.542f,0.9253f,0f,0f,0f,1f],start_interpolation: 0,interpolation_duration: 1}
$data merge entity $(right_forearm) {transformation: [-0.4906f,-0.4828f,-1.1931f,-2.5768f,1.0799f,-0.8491f,-0.1004f,4.8848f,-0.7003f,-0.9711f,0.6809f,-0.4833f,0f,0f,0f,1f],start_interpolation: 0,interpolation_duration: 1}
$data merge entity $(right_shoulder) {transformation: [-0.8989f,1.1581f,0.0255f,-0.9844f,0.9474f,0.7535f,-0.8274f,5.6391f,-0.6667f,-0.4907f,-1.2102f,-0.9083f,0f,0f,0f,1f],start_interpolation: 0,interpolation_duration: 1}
$data merge entity $(right_arm) {transformation: [-0.9213f,-0.2314f,0.3126f,-0.5293f,-0.191f,0.9693f,0.1546f,6.0289f,-0.3388f,0.0827f,-0.9372f,-0.7012f,0f,0f,0f,1f],start_interpolation: 0,interpolation_duration: 1}
$data merge entity $(left_thumb_2) {transformation: [0.2819f,0.4423f,0.8514f,-0.6605f,-0.8329f,-0.3276f,0.446f,7.1358f,0.4762f,-0.8349f,0.2761f,1.9611f,0f,0f,0f,1f],start_interpolation: 0,interpolation_duration: 1}
$data merge entity $(left_thumb) {transformation: [0.2819f,0.9585f,0.0426f,-0.3946f,-0.8329f,0.2224f,0.5067f,7.3237f,0.4762f,-0.1783f,0.861f,1.821f,0f,0f,0f,1f],start_interpolation: 0,interpolation_duration: 1}
$data merge entity $(left_fingers2) {transformation: [-0.1933f,-0.8353f,0.5147f,-0.8522f,0.9624f,-0.0594f,0.265f,7.2692f,-0.1908f,0.5466f,0.8154f,2.2264f,0f,0f,0f,1f],start_interpolation: 0,interpolation_duration: 1}
$data merge entity $(left_fingers) {transformation: [0.8547f,0.0668f,0.5147f,-0.8535f,-0.2327f,0.9357f,0.265f,7.5443f,-0.464f,-0.3463f,0.8154f,2.1468f,0f,0f,0f,1f],start_interpolation: 0,interpolation_duration: 1}
$data merge entity $(left_hand) {transformation: [0.0079f,0.8573f,0.5147f,-0.3042f,-0.9525f,-0.1503f,0.265f,7.459f,0.3045f,-0.4924f,0.8154f,1.882f,0f,0f,0f,1f],start_interpolation: 0,interpolation_duration: 1}
$data merge entity $(left_forearm) {transformation: [-0.9146f,1.0237f,-0.1125f,1.1954f,-0.9393f,-0.8908f,-0.4704f,6.0612f,-0.4224f,-0.2356f,1.2896f,1.5565f,0f,0f,0f,1f],start_interpolation: 0,interpolation_duration: 1}
$data merge entity $(left_shoulder) {transformation: [-0.2972f,-0.1802f,1.4245f,0.87f,-1.427f,0.1979f,-0.2727f,6.0236f,-0.1587f,-1.4416f,-0.2154f,-0.2262f,0f,0f,0f,1f],start_interpolation: 0,interpolation_duration: 1}
$data merge entity $(left_arm) {transformation: [-0.9213f,-0.2314f,0.3126f,0.2861f,-0.191f,0.9693f,0.1546f,6.198f,-0.3388f,0.0827f,-0.9372f,-0.4013f,0f,0f,0f,1f],start_interpolation: 0,interpolation_duration: 1}
$data merge entity $(chest) {transformation: [-1.1779f,-0.2959f,0.3997f,0.3071f,-0.2442f,1.2393f,0.1977f,4.3682f,-0.4332f,0.1058f,-1.1983f,-0.7331f,0f,0f,0f,1f],start_interpolation: 0,interpolation_duration: 1}
$data merge entity $(left_cheek) {transformation: [-0.7925f,-0.3155f,0.5219f,0.984f,-0.4289f,0.8967f,-0.1093f,3.6006f,-0.4335f,-0.3104f,-0.846f,-0.7936f,0f,0f,0f,1f],start_interpolation: 0,interpolation_duration: 1}
$data merge entity $(left_foot) {transformation: [-0.9352f,-0.3294f,-0.2494f,2.8122f,-0.3821f,0.9243f,0.212f,-2.706f,0.1572f,0.2871f,-0.9685f,1.7666f,0f,0f,0f,1f],start_interpolation: 0,interpolation_duration: 1}
$data merge entity $(left_knee) {transformation: [-2.7531f,-1.2347f,0.3852f,1.1981f,-1.1328f,2.739f,0.6832f,1.1453f,-0.6242f,0.475f,-2.9389f,2.3216f,0f,0f,0f,1f],start_interpolation: 0,interpolation_duration: 1}
$data merge entity $(left_leg) {transformation: [-1.5531f,-0.051f,0.7327f,1.0304f,-0.6362f,0.9498f,-1.2824f,2.678f,-0.367f,-1.4306f,-0.8775f,0.0401f,0f,0f,0f,1f],start_interpolation: 0,interpolation_duration: 1}
$data merge entity $(right_cheek) {transformation: [-0.7909f,0.0928f,0.6048f,0.3381f,0.0757f,0.9957f,-0.0538f,3.4947f,-0.6072f,0.0033f,-0.7946f,-1.1935f,0f,0f,0f,1f],start_interpolation: 0,interpolation_duration: 1}
$data merge entity $(right_foot) {transformation: [-0.548f,0.0184f,0.8629f,-1.7886f,0.0518f,1.021f,0.0111f,-3.2913f,-0.8616f,0.0497f,-0.5482f,-1.5247f,0f,0f,0f,1f],start_interpolation: 0,interpolation_duration: 1}
$data merge entity $(right_knee) {transformation: [-1.8936f,-0.2037f,2.3717f,-2.0278f,0.8795f,2.7562f,0.939f,0.587f,-2.2119f,1.2704f,-1.657f,0.1022f,0f,0f,0f,1f],start_interpolation: 0,interpolation_duration: 1}
$data merge entity $(right_leg) {transformation: [-1.0695f,1.1681f,0.6657f,-0.1316f,0.4968f,1.1338f,-1.1913f,2.4177f,-1.2493f,-0.5492f,-1.0436f,-0.695f,0f,0f,0f,1f],start_interpolation: 0,interpolation_duration: 1}
$data merge entity $(weist) {transformation: [-1.347f,-0.1255f,0.8954f,0.3867f,-0.3018f,1.5769f,-0.2332f,4.1354f,-0.8523f,-0.3602f,-1.3326f,-0.7905f,0f,0f,0f,1f],start_interpolation: 0,interpolation_duration: 1}
data modify storage animated_java:temp entry.data merge value {"locators":{"consume":{"px":-1.4485883078,"py":6.3184364046,"pz":1.5766812468,"ry":235.5063497046,"rx":-16.8458524051}}}
# Data Manager: Prepare for Read / Write
execute store result storage animated_java:temp args.id int 1 run scoreboard players get @s aj.id
# Data Manager: Write
function animated_java:global/data_manager/write with storage animated_java:temp args