# This file was generated by Animated Java via MC-Build. It is not recommended to edit this file directly.
$data merge entity $(neck) {transformation: [-0.9521f,-0.2543f,0.1697f,-0.1406f,-0.1842f,0.9202f,0.3453f,6.1417f,-0.244f,0.2975f,-0.923f,-0.5094f,0f,0f,0f,1f],start_interpolation: 0,interpolation_duration: 1}
$data merge entity $(right_thumb_2) {transformation: [-0.1629f,0.0608f,-0.9848f,-1.3223f,0.9453f,-0.2762f,-0.1734f,6.2742f,-0.2826f,-0.9592f,-0.0125f,1.3327f,0f,0f,0f,1f],start_interpolation: 0,interpolation_duration: 1}
$data merge entity $(right_thumb) {transformation: [-0.1629f,-0.8224f,-0.545f,-1.6033f,0.9453f,-0.2883f,0.1525f,6.3194f,-0.2826f,-0.4904f,0.8244f,1.1214f,0f,0f,0f,1f],start_interpolation: 0,interpolation_duration: 1}
$data merge entity $(right_fingers2) {transformation: [0.3777f,0.5409f,-0.7515f,-1.3199f,-0.9251f,0.2542f,-0.282f,6.4128f,0.0385f,0.8018f,0.5964f,1.6579f,0f,0f,0f,1f],start_interpolation: 0,interpolation_duration: 1}
$data merge entity $(right_fingers) {transformation: [0.4023f,-0.5229f,-0.7515f,-1.463f,0.5206f,0.8059f,-0.282f,6.6551f,0.7531f,-0.2778f,0.5964f,1.6043f,0f,0f,0f,1f],start_interpolation: 0,interpolation_duration: 1}
$data merge entity $(scout) {transformation: [0f,0f,0f,-1.4771f,0f,0f,0f,6.4546f,0f,0f,0f,1.6706f,0f,0f,0f,1f],start_interpolation: 0,interpolation_duration: 1}
$data merge entity $(right_hand) {transformation: [-0.4858f,-0.4463f,-0.7515f,-1.768f,0.8482f,-0.4484f,-0.282f,6.363f,-0.2111f,-0.7744f,0.5964f,1.1561f,0f,0f,0f,1f],start_interpolation: 0,interpolation_duration: 1}
$data merge entity $(right_forearm) {transformation: [-0.5456f,-0.5275f,-1.1494f,-2.5815f,1.0516f,-0.8846f,-0.0932f,4.9836f,-0.7025f,-0.9145f,0.7532f,-0.1645f,0f,0f,0f,1f],start_interpolation: 0,interpolation_duration: 1}
$data merge entity $(right_shoulder) {transformation: [-0.9499f,1.1087f,-0.1353f,-1.034f,0.9332f,0.6902f,-0.8959f,5.6658f,-0.6138f,-0.6666f,-1.1528f,-0.8164f,0f,0f,0f,1f],start_interpolation: 0,interpolation_duration: 1}
$data merge entity $(right_arm) {transformation: [-0.9337f,-0.1937f,0.3011f,-0.561f,-0.1534f,0.9764f,0.1523f,6.0365f,-0.3235f,0.096f,-0.9414f,-0.6141f,0f,0f,0f,1f],start_interpolation: 0,interpolation_duration: 1}
$data merge entity $(left_thumb_2) {transformation: [0.2795f,0.3249f,0.9035f,-0.4895f,-0.8513f,-0.3514f,0.3897f,7.3142f,0.444f,-0.8781f,0.1784f,2.204f,0f,0f,0f,1f],start_interpolation: 0,interpolation_duration: 1}
$data merge entity $(left_thumb) {transformation: [0.2795f,0.9449f,0.1704f,-0.2294f,-0.8513f,0.1618f,0.4991f,7.4854f,0.444f,-0.2846f,0.8496f,2.0346f,0f,0f,0f,1f],start_interpolation: 0,interpolation_duration: 1}
$data merge entity $(left_fingers2) {transformation: [-0.1516f,-0.7713f,0.6181f,-0.6416f,0.9736f,-0.0086f,0.228f,7.4583f,-0.1706f,0.6364f,0.7523f,2.4887f,0f,0f,0f,1f],start_interpolation: 0,interpolation_duration: 1}
$data merge entity $(left_fingers) {transformation: [0.7812f,0.0874f,0.6181f,-0.6342f,-0.2846f,0.9311f,0.228f,7.7334f,-0.5557f,-0.354f,0.7523f,2.409f,0f,0f,0f,1f],start_interpolation: 0,interpolation_duration: 1}
$data merge entity $(left_hand) {transformation: [-0.019f,0.7858f,0.6181f,-0.1243f,-0.9524f,-0.2023f,0.228f,7.6144f,0.3043f,-0.5844f,0.7523f,2.0848f,0f,0f,0f,1f],start_interpolation: 0,interpolation_duration: 1}
$data merge entity $(left_forearm) {transformation: [-1.0139f,0.9322f,0.002f,1.2375f,-0.8772f,-0.9531f,-0.4681f,6.1255f,-0.3155f,-0.3459f,1.2954f,1.598f,0f,0f,0f,1f],start_interpolation: 0,interpolation_duration: 1}
$data merge entity $(left_shoulder) {transformation: [-0.4362f,-0.2129f,1.3836f,0.8456f,-1.3996f,0.0964f,-0.4264f,5.9747f,-0.0291f,-1.4475f,-0.2319f,-0.1652f,0f,0f,0f,1f],start_interpolation: 0,interpolation_duration: 1}
$data merge entity $(left_arm) {transformation: [-0.9337f,-0.1937f,0.3011f,0.2654f,-0.1534f,0.9764f,0.1523f,6.1723f,-0.3235f,0.096f,-0.9414f,-0.3278f,0f,0f,0f,1f],start_interpolation: 0,interpolation_duration: 1}
$data merge entity $(chest) {transformation: [-1.1938f,-0.2477f,0.385f,0.2125f,-0.1962f,1.2483f,0.1947f,4.3463f,-0.4136f,0.1227f,-1.2036f,-0.6769f,0f,0f,0f,1f],start_interpolation: 0,interpolation_duration: 1}
$data merge entity $(left_cheek) {transformation: [-0.8225f,-0.2883f,0.4903f,0.8572f,-0.3996f,0.9064f,-0.1374f,3.5606f,-0.4047f,-0.3089f,-0.8607f,-0.7732f,0f,0f,0f,1f],start_interpolation: 0,interpolation_duration: 1}
$data merge entity $(left_foot) {transformation: [-0.9613f,-0.2297f,-0.2614f,2.236f,-0.3042f,0.9277f,0.3034f,-2.8923f,0.169f,0.3631f,-0.9407f,1.8391f,0f,0f,0f,1f],start_interpolation: 0,interpolation_duration: 1}
$data merge entity $(left_knee) {transformation: [-2.8768f,-0.9351f,0.3193f,1.0375f,-0.8633f,2.8568f,0.5877f,1.1104f,-0.4806f,0.4652f,-2.9673f,2.3753f,0f,0f,0f,1f],start_interpolation: 0,interpolation_duration: 1}
$data merge entity $(left_leg) {transformation: [-1.6233f,-0.0247f,0.5619f,0.9139f,-0.4843f,0.9342f,-1.358f,2.6266f,-0.286f,-1.4416f,-0.8897f,0.08f,0f,0f,0f,1f],start_interpolation: 0,interpolation_duration: 1}
$data merge entity $(right_cheek) {transformation: [-0.8f,0.1149f,0.5889f,0.196f,0.0867f,0.9933f,-0.076f,3.4441f,-0.5937f,-0.0097f,-0.8046f,-1.119f,0f,0f,0f,1f],start_interpolation: 0,interpolation_duration: 1}
$data merge entity $(right_foot) {transformation: [-0.5513f,0.0332f,0.8603f,-1.6421f,0.0602f,1.0206f,-0.0008f,-3.5536f,-0.8589f,0.0502f,-0.5523f,-1.5444f,0f,0f,0f,1f],start_interpolation: 0,interpolation_duration: 1}
$data merge entity $(right_knee) {transformation: [-1.8954f,-0.2914f,2.3611f,-2.0032f,0.794f,2.7683f,0.979f,0.3406f,-2.2426f,1.2263f,-1.6489f,0.021f,0f,0f,0f,1f],start_interpolation: 0,interpolation_duration: 1}
$data merge entity $(right_leg) {transformation: [-1.0705f,1.0668f,0.8169f,-0.2735f,0.4484f,1.2682f,-1.0686f,2.385f,-1.2666f,-0.4527f,-1.0687f,-0.6201f,0f,0f,0f,1f],start_interpolation: 0,interpolation_duration: 1}
$data merge entity $(weist) {transformation: [-1.3765f,-0.1124f,0.8512f,0.2676f,-0.2801f,1.5792f,-0.2445f,4.0949f,-0.8116f,-0.3544f,-1.3593f,-0.7292f,0f,0f,0f,1f],start_interpolation: 0,interpolation_duration: 1}
data modify storage animated_java:temp entry.data merge value {"locators":{"consume":{"px":-1.3535357319,"py":6.494069293,"pz":1.7803717477,"ry":231.5642527986,"rx":-16.3794733716}}}
# Data Manager: Prepare for Read / Write
execute store result storage animated_java:temp args.id int 1 run scoreboard players get @s aj.id
# Data Manager: Write
function animated_java:global/data_manager/write with storage animated_java:temp args