# This file was generated by Animated Java via MC-Build. It is not recommended to edit this file directly.
$data merge entity $(neck) {transformation: [-0.9765f,-0.0943f,0.1939f,0.1921f,-0.0126f,0.9228f,0.3852f,6.113f,-0.2152f,0.3737f,-0.9022f,-0.2183f,0f,0f,0f,1f],start_interpolation: 0,interpolation_duration: 1}
$data merge entity $(right_thumb_2) {transformation: [-0.1975f,-0.1417f,-0.97f,-0.5455f,0.9293f,-0.3421f,-0.1393f,6.7121f,-0.3121f,-0.9289f,0.1992f,1.7367f,0f,0f,0f,1f],start_interpolation: 0,interpolation_duration: 1}
$data merge entity $(right_thumb) {transformation: [-0.1975f,-0.9109f,-0.3623f,-0.8627f,0.9293f,-0.2917f,0.2266f,6.7529f,-0.3121f,-0.2919f,0.9041f,1.5837f,0f,0f,0f,1f],start_interpolation: 0,interpolation_duration: 1}
$data merge entity $(right_fingers2) {transformation: [0.3585f,0.6981f,-0.6198f,-0.474f,-0.9331f,0.2885f,-0.2148f,6.8722f,0.0289f,0.6554f,0.7548f,2.0437f,0f,0f,0f,1f],start_interpolation: 0,interpolation_duration: 1}
$data merge entity $(right_fingers) {transformation: [0.558f,-0.5518f,-0.6198f,-0.6201f,0.5557f,0.8032f,-0.2148f,7.1151f,0.6163f,-0.2246f,0.7548f,2.0026f,0f,0f,0f,1f],start_interpolation: 0,interpolation_duration: 1}
$data merge entity $(scout) {transformation: [0f,0f,0f,-0.6244f,0f,0f,0f,6.9202f,0f,0f,0f,2.0848f,0f,0f,0f,1f],start_interpolation: 0,interpolation_duration: 1}
$data merge entity $(right_hand) {transformation: [-0.5011f,-0.6039f,-0.6198f,-1.0159f,0.8485f,-0.4836f,-0.2148f,6.8044f,-0.1701f,-0.6336f,0.7548f,1.6476f,0f,0f,0f,1f],start_interpolation: 0,interpolation_duration: 1}
$data merge entity $(right_forearm) {transformation: [-0.6555f,-0.7209f,-0.9735f,-2.1097f,1.0204f,-0.9251f,-0.002f,5.3687f,-0.6528f,-0.7222f,0.9744f,0.6226f,0f,0f,0f,1f],start_interpolation: 0,interpolation_duration: 1}
$data merge entity $(right_shoulder) {transformation: [-1.0196f,0.9125f,-0.5269f,-0.7747f,0.9563f,0.4933f,-0.996f,5.8094f,-0.4426f,-1.0362f,-0.9382f,-0.5214f,0f,0f,0f,1f],start_interpolation: 0,interpolation_duration: 1}
$data merge entity $(right_arm) {transformation: [-0.9559f,-0.033f,0.2918f,-0.2427f,0.0214f,0.9832f,0.1813f,6.0837f,-0.2929f,0.1796f,-0.9391f,-0.3122f,0f,0f,0f,1f],start_interpolation: 0,interpolation_duration: 1}
$data merge entity $(left_thumb_2) {transformation: [0.1456f,-0.0504f,0.9881f,0.9016f,-0.9668f,-0.2194f,0.1313f,7.2768f,0.2101f,-0.9743f,-0.0806f,2.7015f,0f,0f,0f,1f],start_interpolation: 0,interpolation_duration: 1}
$data merge entity $(left_thumb) {transformation: [0.1456f,0.8305f,0.5376f,1.1397f,-0.9668f,0.004f,0.2557f,7.4179f,0.2101f,-0.557f,0.8035f,2.4798f,0f,0f,0f,1f],start_interpolation: 0,interpolation_duration: 1}
$data merge entity $(left_fingers2) {transformation: [0.0837f,-0.5283f,0.8449f,0.8835f,0.9963f,0.028f,-0.0812f,7.3871f,0.0193f,0.8486f,0.5287f,3.0368f,0f,0f,0f,1f],start_interpolation: 0,interpolation_duration: 1}
$data merge entity $(left_fingers) {transformation: [0.4787f,0.2387f,0.8449f,0.9442f,-0.3263f,0.9418f,-0.0812f,7.6641f,-0.8151f,-0.2368f,0.5287f,2.9962f,0f,0f,0f,1f],start_interpolation: 0,interpolation_duration: 1}
$data merge entity $(left_hand) {transformation: [-0.1961f,0.4976f,0.8449f,1.2863f,-0.9666f,-0.243f,-0.0812f,7.5065f,0.1649f,-0.8327f,0.5287f,2.509f,0f,0f,0f,1f],start_interpolation: 0,interpolation_duration: 1}
$data merge entity $(left_forearm) {transformation: [-1.1306f,0.6002f,0.5086f,2.1616f,-0.7689f,-1.0312f,-0.4923f,5.9036f,0.1662f,-0.6881f,1.1815f,1.5227f,0f,0f,0f,1f],start_interpolation: 0,interpolation_duration: 1}
$data merge entity $(left_shoulder) {transformation: [-0.5831f,-0.693f,1.1531f,1.1621f,-1.3328f,0.1264f,-0.598f,5.8083f,0.1832f,-1.2859f,-0.6802f,0.0137f,0f,0f,0f,1f],start_interpolation: 0,interpolation_duration: 1}
$data merge entity $(left_arm) {transformation: [-0.9559f,-0.033f,0.2918f,0.6034f,0.0214f,0.9832f,0.1813f,6.0647f,-0.2929f,0.1796f,-0.9391f,-0.053f,0f,0f,0f,1f],start_interpolation: 0,interpolation_duration: 1}
$data merge entity $(chest) {transformation: [-1.2222f,-0.0422f,0.3731f,0.25f,0.0274f,1.2571f,0.2318f,4.3048f,-0.3744f,0.2296f,-1.2007f,-0.5394f,0f,0f,0f,1f],start_interpolation: 0,interpolation_duration: 1}
$data merge entity $(left_cheek) {transformation: [-0.8814f,-0.1728f,0.4397f,0.788f,-0.2719f,0.9466f,-0.1732f,3.4536f,-0.3863f,-0.2722f,-0.8813f,-0.668f,0f,0f,0f,1f],start_interpolation: 0,interpolation_duration: 1}
$data merge entity $(left_foot) {transformation: [-1.013f,0.0448f,-0.1306f,1.0865f,-0.0415f,0.8232f,0.6048f,-3.5621f,0.1317f,0.6046f,-0.8138f,2.0098f,0f,0f,0f,1f],start_interpolation: 0,interpolation_duration: 1}
$data merge entity $(left_knee) {transformation: [-3.0396f,-0.1135f,-0.0029f,1.0165f,-0.1135f,3.0318f,0.2173f,0.6462f,-0.0052f,0.2172f,-3.034f,2.1865f,0f,0f,0f,1f],start_interpolation: 0,interpolation_duration: 1}
$data merge entity $(left_leg) {transformation: [-1.7169f,-0.0263f,0.0553f,0.9013f,-0.0589f,1.1401f,-1.2838f,2.5078f,-0.017f,-1.2849f,-1.1402f,0.1608f,0f,0f,0f,1f],start_interpolation: 0,interpolation_duration: 1}
$data merge entity $(right_cheek) {transformation: [-0.831f,0.1303f,0.5408f,0.1871f,0.0793f,0.99f,-0.1167f,3.375f,-0.5506f,-0.0541f,-0.833f,-0.9554f,0f,0f,0f,1f],start_interpolation: 0,interpolation_duration: 1}
$data merge entity $(right_foot) {transformation: [-0.5596f,0.0316f,0.855f,-0.8f,0.0996f,1.0171f,0.0276f,-4.1596f,-0.8498f,0.0984f,-0.5598f,-1.7328f,0f,0f,0f,1f],start_interpolation: 0,interpolation_duration: 1}
$data merge entity $(right_knee) {transformation: [-1.8655f,-0.4654f,2.357f,-1.4012f,0.6005f,2.7991f,1.0279f,-0.2264f,-2.3263f,1.0957f,-1.6248f,-0.3495f,0f,0f,0f,1f],start_interpolation: 0,interpolation_duration: 1}
$data merge entity $(right_leg) {transformation: [-1.0536f,0.6544f,1.1887f,-0.3439f,0.3392f,1.5842f,-0.5715f,2.3143f,-1.3139f,-0.1158f,-1.1008f,-0.4481f,0f,0f,0f,1f],start_interpolation: 0,interpolation_duration: 1}
$data merge entity $(weist) {transformation: [-1.4434f,-0.0806f,0.7362f,0.25f,-0.2243f,1.5845f,-0.2663f,4.004f,-0.7058f,-0.3387f,-1.4209f,-0.5913f,0f,0f,0f,1f],start_interpolation: 0,interpolation_duration: 1}
data modify storage animated_java:temp entry.data merge value {"locators":{"consume":{"px":-0.4803228847,"py":6.9625977293,"pz":2.1641475756,"ry":219.3939048461,"rx":-12.4020969489}}}
# Data Manager: Prepare for Read / Write
execute store result storage animated_java:temp args.id int 1 run scoreboard players get @s aj.id
# Data Manager: Write
function animated_java:global/data_manager/write with storage animated_java:temp args