# This file was generated by Animated Java via MC-Build. It is not recommended to edit this file directly.
$data merge entity $(neck) {transformation: [-0.9977f,-0.0417f,-0.0531f,0.1918f,-0.0576f,0.9365f,0.346f,6.1417f,0.0353f,0.3482f,-0.9367f,-0.1818f,0f,0f,0f,1f],start_interpolation: 0,interpolation_duration: 1}
$data merge entity $(right_thumb_2) {transformation: [-0.3287f,-0.5335f,-0.7793f,0.0873f,0.8543f,-0.5197f,-0.0045f,6.7305f,-0.4026f,-0.6672f,0.6266f,1.1962f,0f,0f,0f,1f],start_interpolation: 0,interpolation_duration: 1}
$data merge entity $(right_thumb) {transformation: [-0.3287f,-0.9417f,0.0724f,-0.2654f,0.8543f,-0.2637f,0.4479f,6.766f,-0.4026f,0.2091f,0.8912f,1.1912f,0f,0f,0f,1f],start_interpolation: 0,interpolation_duration: 1}
$data merge entity $(right_fingers2) {transformation: [0.3475f,0.9119f,-0.2182f,0.2851f,-0.9336f,0.3582f,0.0099f,6.9457f,0.0872f,0.2003f,0.9758f,1.395f,0f,0f,0f,1f],start_interpolation: 0,interpolation_duration: 1}
$data merge entity $(right_fingers) {transformation: [0.7652f,-0.6057f,-0.2182f,0.1324f,0.6223f,0.7827f,0.0099f,7.1863f,0.1648f,-0.1434f,0.9758f,1.366f,0f,0f,0f,1f],start_interpolation: 0,interpolation_duration: 1}
$data merge entity $(scout) {transformation: [0f,0f,0f,0.1678f,0f,0f,0f,7.0148f,0f,0f,0f,1.4849f,0f,0f,0f,1f],start_interpolation: 0,interpolation_duration: 1}
$data merge entity $(right_hand) {transformation: [-0.5367f,-0.8151f,-0.2182f,-0.3751f,0.8339f,-0.5518f,0.0099f,6.8437f,-0.1285f,-0.1767f,0.9758f,1.3012f,0f,0f,0f,1f],start_interpolation: 0,interpolation_duration: 1}
$data merge entity $(right_forearm) {transformation: [-0.8914f,-0.9529f,-0.4411f,-1.7891f,0.9112f,-0.9895f,0.2962f,5.3264f,-0.5218f,-0.1001f,1.2708f,1.2184f,0f,0f,0f,1f],start_interpolation: 0,interpolation_duration: 1}
$data merge entity $(right_shoulder) {transformation: [-1.1825f,0.5948f,-0.6305f,-0.8052f,0.8341f,0.4907f,-1.1015f,5.792f,-0.2359f,-1.2471f,-0.7342f,-0.2309f,0f,0f,0f,1f],start_interpolation: 0,interpolation_duration: 1}
$data merge entity $(right_arm) {transformation: [-0.9987f,-0.0319f,0.0404f,-0.2509f,-0.0244f,0.9846f,0.173f,6.0924f,-0.0453f,0.1718f,-0.9841f,-0.1639f,0f,0f,0f,1f],start_interpolation: 0,interpolation_duration: 1}
$data merge entity $(left_thumb_2) {transformation: [0.5373f,-0.0874f,0.8389f,1.2621f,-0.8305f,-0.228f,0.5082f,6.9401f,0.1468f,-0.9697f,-0.195f,0.8559f,0f,0f,0f,1f],start_interpolation: 0,interpolation_duration: 1}
$data merge entity $(left_thumb) {transformation: [0.5373f,0.6828f,0.4951f,1.3951f,-0.8305f,0.3261f,0.4515f,7.1618f,0.1468f,-0.6538f,0.7423f,0.6134f,0f,0f,0f,1f],start_interpolation: 0,interpolation_duration: 1}
$data merge entity $(left_fingers2) {transformation: [-0.3098f,-0.3818f,0.8708f,1.2463f,0.9493f,-0.1761f,0.2605f,7.0366f,0.0539f,0.9073f,0.417f,1.1956f,0f,0f,0f,1f],start_interpolation: 0,interpolation_duration: 1}
$data merge entity $(left_fingers) {transformation: [0.4573f,-0.1807f,0.8708f,1.1883f,-0.1175f,0.9583f,0.2605f,7.3149f,-0.8815f,-0.2215f,0.417f,1.1604f,0f,0f,0f,1f],start_interpolation: 0,interpolation_duration: 1}
$data merge entity $(left_hand) {transformation: [0.2198f,0.4398f,0.8708f,1.498f,-0.9649f,-0.0335f,0.2605f,7.301f,0.1438f,-0.8975f,0.417f,0.6284f,0f,0f,0f,1f],start_interpolation: 0,interpolation_duration: 1}
$data merge entity $(left_forearm) {transformation: [0.7714f,0.6234f,0.9557f,2.5037f,-1.0154f,-0.1513f,0.9182f,7.0644f,0.5206f,-1.2188f,0.3749f,-1.1719f,0f,0f,0f,1f],start_interpolation: 0,interpolation_duration: 1}
$data merge entity $(left_shoulder) {transformation: [0.6269f,-1.198f,-0.567f,1.1877f,-1.3219f,-0.6107f,-0.1712f,6.0588f,-0.0963f,0.5844f,-1.3413f,-0.4356f,0f,0f,0f,1f],start_interpolation: 0,interpolation_duration: 1}
$data merge entity $(left_arm) {transformation: [-0.9987f,-0.0319f,0.0404f,0.633f,-0.0244f,0.9846f,0.173f,6.114f,-0.0453f,0.1718f,-0.9841f,-0.1238f,0f,0f,0f,1f],start_interpolation: 0,interpolation_duration: 1}
$data merge entity $(chest) {transformation: [-1.2768f,-0.0407f,0.0517f,0.25f,-0.0312f,1.2589f,0.2212f,4.331f,-0.058f,0.2196f,-1.2582f,-0.4881f,0f,0f,0f,1f],start_interpolation: 0,interpolation_duration: 1}
$data merge entity $(left_cheek) {transformation: [-0.8967f,-0.1752f,0.4066f,0.7807f,-0.2658f,0.9475f,-0.178f,3.4493f,-0.354f,-0.2677f,-0.8961f,-0.6861f,0f,0f,0f,1f],start_interpolation: 0,interpolation_duration: 1}
$data merge entity $(left_foot) {transformation: [-1.0079f,0.0727f,-0.155f,1.1212f,-0.0335f,0.8238f,0.6045f,-3.5639f,0.1678f,0.601f,-0.8098f,1.993f,0f,0f,0f,1f],start_interpolation: 0,interpolation_duration: 1}
$data merge entity $(left_knee) {transformation: [-3.0386f,-0.0826f,-0.1097f,1.0896f,-0.0901f,3.033f,0.2122f,0.645f,0.1036f,0.2153f,-3.0323f,2.1639f,0f,0f,0f,1f],start_interpolation: 0,interpolation_duration: 1}
$data merge entity $(left_leg) {transformation: [-1.7168f,-0.0635f,0.0048f,0.9163f,-0.0457f,1.1381f,-1.2861f,2.5041f,0.0444f,-1.2853f,-1.139f,0.1399f,0f,0f,0f,1f],start_interpolation: 0,interpolation_duration: 1}
$data merge entity $(right_cheek) {transformation: [-0.8495f,0.1358f,0.5098f,0.1693f,0.0848f,0.9889f,-0.1223f,3.3749f,-0.5207f,-0.0606f,-0.8516f,-0.9517f,0f,0f,0f,1f],start_interpolation: 0,interpolation_duration: 1}
$data merge entity $(right_foot) {transformation: [-0.5888f,0.0428f,0.8347f,-0.9023f,0.1024f,1.017f,0.0201f,-4.1532f,-0.8295f,0.0952f,-0.5901f,-1.6787f,0f,0f,0f,1f],start_interpolation: 0,interpolation_duration: 1}
$data merge entity $(right_knee) {transformation: [-1.9428f,-0.4046f,2.3052f,-1.4237f,0.6109f,2.8044f,1.0071f,-0.2131f,-2.2593f,1.1062f,-1.7099f,-0.2825f,0f,0f,0f,1f],start_interpolation: 0,interpolation_duration: 1}
$data merge entity $(right_leg) {transformation: [-1.0973f,0.6619f,1.1443f,-0.3512f,0.3451f,1.579f,-0.5824f,2.3192f,-1.2761f,-0.1422f,-1.1414f,-0.4237f,0f,0f,0f,1f],start_interpolation: 0,interpolation_duration: 1}
$data merge entity $(weist) {transformation: [-1.4694f,-0.0806f,0.6829f,0.25f,-0.2144f,1.5845f,-0.2743f,4.004f,-0.6534f,-0.3387f,-1.4458f,-0.5913f,0f,0f,0f,1f],start_interpolation: 0,interpolation_duration: 1}
data modify storage animated_java:temp entry.data merge value {"locators":{"consume":{"px":0.3314857088,"py":7.0601027917,"pz":1.4815382268,"ry":192.606600705,"rx":0.570007862}}}
# Data Manager: Prepare for Read / Write
execute store result storage animated_java:temp args.id int 1 run scoreboard players get @s aj.id
# Data Manager: Write
function animated_java:global/data_manager/write with storage animated_java:temp args