# This file was generated by Animated Java via MC-Build. It is not recommended to edit this file directly.
$data merge entity $(neck) {transformation: [-0.9977f,-0.0417f,-0.0535f,0.1918f,-0.0577f,0.9363f,0.3464f,6.1411f,0.0357f,0.3487f,-0.9365f,-0.1814f,0f,0f,0f,1f],start_interpolation: 0,interpolation_duration: 1}
$data merge entity $(right_thumb_2) {transformation: [-0.3285f,-0.534f,-0.779f,0.0889f,0.8538f,-0.5205f,-0.0032f,6.7298f,-0.4038f,-0.6662f,0.627f,1.195f,0f,0f,0f,1f],start_interpolation: 0,interpolation_duration: 1}
$data merge entity $(right_thumb) {transformation: [-0.3285f,-0.9417f,0.073f,-0.2637f,0.8538f,-0.2631f,0.4492f,6.7655f,-0.4038f,0.2099f,0.8905f,1.1901f,0f,0f,0f,1f],start_interpolation: 0,interpolation_duration: 1}
$data merge entity $(right_fingers2) {transformation: [0.3473f,0.9121f,-0.2178f,0.2869f,-0.9336f,0.3582f,0.0115f,6.9453f,0.0885f,0.1994f,0.9759f,1.3934f,0f,0f,0f,1f],start_interpolation: 0,interpolation_duration: 1}
$data merge entity $(right_fingers) {transformation: [0.7655f,-0.6055f,-0.2178f,0.1343f,0.6223f,0.7827f,0.0115f,7.186f,0.1635f,-0.1443f,0.9759f,1.3641f,0f,0f,0f,1f],start_interpolation: 0,interpolation_duration: 1}
$data merge entity $(scout) {transformation: [0f,0f,0f,0.1696f,0f,0f,0f,7.0146f,0f,0f,0f,1.4833f,0f,0f,0f,1f],start_interpolation: 0,interpolation_duration: 1}
$data merge entity $(right_hand) {transformation: [-0.5364f,-0.8153f,-0.2178f,-0.3734f,0.8339f,-0.5517f,0.0115f,6.8434f,-0.1295f,-0.1755f,0.9759f,1.3001f,0f,0f,0f,1f],start_interpolation: 0,interpolation_duration: 1}
$data merge entity $(right_forearm) {transformation: [-0.8913f,-0.9533f,-0.4404f,-1.788f,0.9107f,-0.9893f,0.2983f,5.3265f,-0.5228f,-0.0982f,1.2705f,1.2202f,0f,0f,0f,1f],start_interpolation: 0,interpolation_duration: 1}
$data merge entity $(right_shoulder) {transformation: [-1.183f,0.5938f,-0.6307f,-0.8052f,0.8336f,0.4899f,-1.1022f,5.7913f,-0.2356f,-1.2479f,-0.7329f,-0.2302f,0f,0f,0f,1f],start_interpolation: 0,interpolation_duration: 1}
$data merge entity $(right_arm) {transformation: [-0.9987f,-0.0319f,0.0401f,-0.2509f,-0.0245f,0.9846f,0.1731f,6.0918f,-0.045f,0.1719f,-0.9841f,-0.1633f,0f,0f,0f,1f],start_interpolation: 0,interpolation_duration: 1}
$data merge entity $(left_thumb_2) {transformation: [0.5318f,-0.0822f,0.8428f,1.2582f,-0.8336f,-0.2258f,0.504f,6.936f,0.1489f,-0.9707f,-0.1886f,0.8594f,0f,0f,0f,1f],start_interpolation: 0,interpolation_duration: 1}
$data merge entity $(left_thumb) {transformation: [0.5318f,0.6889f,0.4926f,1.394f,-0.8336f,0.3236f,0.4476f,7.1574f,0.1489f,-0.6487f,0.7464f,0.6181f,0f,0f,0f,1f],start_interpolation: 0,interpolation_duration: 1}
$data merge entity $(left_fingers2) {transformation: [-0.3051f,-0.3888f,0.8694f,1.2407f,0.9508f,-0.1756f,0.2551f,7.032f,0.0535f,0.9045f,0.4232f,1.1991f,0f,0f,0f,1f],start_interpolation: 0,interpolation_duration: 1}
$data merge entity $(left_fingers) {transformation: [0.4625f,-0.1741f,0.8694f,1.1844f,-0.1184f,0.9596f,0.2551f,7.3107f,-0.8787f,-0.221f,0.4232f,1.164f,0f,0f,0f,1f],start_interpolation: 0,interpolation_duration: 1}
$data merge entity $(left_hand) {transformation: [0.2137f,0.4456f,0.8694f,1.4976f,-0.9663f,-0.0343f,0.2551f,7.296f,0.1435f,-0.8946f,0.4232f,0.634f,0f,0f,0f,1f],start_interpolation: 0,interpolation_duration: 1}
$data merge entity $(left_forearm) {transformation: [0.7625f,0.6307f,0.9581f,2.5139f,-1.0205f,-0.1525f,0.9124f,7.0572f,0.5239f,-1.215f,0.3828f,-1.16f,0f,0f,0f,1f],start_interpolation: 0,interpolation_duration: 1}
$data merge entity $(left_shoulder) {transformation: [0.6205f,-1.2051f,-0.559f,1.1876f,-1.3251f,-0.6053f,-0.1658f,6.0574f,-0.0945f,0.5754f,-1.3453f,-0.4342f,0f,0f,0f,1f],start_interpolation: 0,interpolation_duration: 1}
$data merge entity $(left_arm) {transformation: [-0.9987f,-0.0319f,0.0401f,0.633f,-0.0245f,0.9846f,0.1731f,6.1134f,-0.045f,0.1719f,-0.9841f,-0.1235f,0f,0f,0f,1f],start_interpolation: 0,interpolation_duration: 1}
$data merge entity $(chest) {transformation: [-1.2769f,-0.0408f,0.0513f,0.25f,-0.0313f,1.2589f,0.2213f,4.3304f,-0.0575f,0.2198f,-1.2582f,-0.4879f,0f,0f,0f,1f],start_interpolation: 0,interpolation_duration: 1}
$data merge entity $(left_cheek) {transformation: [-0.8967f,-0.1752f,0.4065f,0.7807f,-0.2658f,0.9475f,-0.178f,3.4493f,-0.354f,-0.2677f,-0.8961f,-0.6861f,0f,0f,0f,1f],start_interpolation: 0,interpolation_duration: 1}
$data merge entity $(left_foot) {transformation: [-1.0079f,0.0727f,-0.155f,1.1213f,-0.0335f,0.8238f,0.6045f,-3.5639f,0.1679f,0.601f,-0.8098f,1.9929f,0f,0f,0f,1f],start_interpolation: 0,interpolation_duration: 1}
$data merge entity $(left_knee) {transformation: [-3.0386f,-0.0826f,-0.1098f,1.0897f,-0.0901f,3.033f,0.2123f,0.645f,0.1037f,0.2153f,-3.0323f,2.1638f,0f,0f,0f,1f],start_interpolation: 0,interpolation_duration: 1}
$data merge entity $(left_leg) {transformation: [-1.7168f,-0.0636f,0.0047f,0.9163f,-0.0457f,1.1381f,-1.2861f,2.5041f,0.0445f,-1.2853f,-1.139f,0.1399f,0f,0f,0f,1f],start_interpolation: 0,interpolation_duration: 1}
$data merge entity $(right_cheek) {transformation: [-0.8495f,0.1359f,0.5097f,0.1693f,0.0848f,0.9889f,-0.1223f,3.3749f,-0.5207f,-0.0607f,-0.8516f,-0.9517f,0f,0f,0f,1f],start_interpolation: 0,interpolation_duration: 1}
$data merge entity $(right_foot) {transformation: [-0.5889f,0.0428f,0.8346f,-0.9024f,0.1024f,1.017f,0.0201f,-4.1532f,-0.8294f,0.0952f,-0.5901f,-1.6787f,0f,0f,0f,1f],start_interpolation: 0,interpolation_duration: 1}
$data merge entity $(right_knee) {transformation: [-1.9429f,-0.4045f,2.3052f,-1.4237f,0.611f,2.8044f,1.007f,-0.2131f,-2.2592f,1.1063f,-1.71f,-0.2824f,0f,0f,0f,1f],start_interpolation: 0,interpolation_duration: 1}
$data merge entity $(right_leg) {transformation: [-1.0973f,0.6619f,1.1442f,-0.3512f,0.3451f,1.579f,-0.5824f,2.3192f,-1.276f,-0.1422f,-1.1415f,-0.4237f,0f,0f,0f,1f],start_interpolation: 0,interpolation_duration: 1}
$data merge entity $(weist) {transformation: [-1.4694f,-0.0806f,0.6829f,0.25f,-0.2144f,1.5845f,-0.2743f,4.004f,-0.6533f,-0.3387f,-1.4458f,-0.5913f,0f,0f,0f,1f],start_interpolation: 0,interpolation_duration: 1}
data modify storage animated_java:temp entry.data merge value {"locators":{"consume":{"px":0.3333585557,"py":7.0598337543,"pz":1.4797709176,"ry":192.5815236436,"rx":0.6584919618}}}
# Data Manager: Prepare for Read / Write
execute store result storage animated_java:temp args.id int 1 run scoreboard players get @s aj.id
# Data Manager: Write
function animated_java:global/data_manager/write with storage animated_java:temp args