# This file was generated by Animated Java via MC-Build. It is not recommended to edit this file directly.
$data merge entity $(neck) {transformation: [-0.9977f,-0.0417f,-0.0532f,0.1918f,-0.0576f,0.9358f,0.3479f,6.1405f,0.0353f,0.3502f,-0.936f,-0.1808f,0f,0f,0f,1f],start_interpolation: 0,interpolation_duration: 1}
$data merge entity $(right_thumb_2) {transformation: [-0.3282f,-0.5336f,-0.7794f,0.0891f,0.8536f,-0.5208f,-0.0028f,6.7294f,-0.4045f,-0.6663f,0.6265f,1.1957f,0f,0f,0f,1f],start_interpolation: 0,interpolation_duration: 1}
$data merge entity $(right_thumb) {transformation: [-0.3282f,-0.9418f,0.0724f,-0.2636f,0.8536f,-0.2629f,0.4497f,6.7651f,-0.4045f,0.2094f,0.8903f,1.1905f,0f,0f,0f,1f],start_interpolation: 0,interpolation_duration: 1}
$data merge entity $(right_fingers2) {transformation: [0.3471f,0.912f,-0.2185f,0.2869f,-0.9336f,0.3582f,0.012f,6.9449f,0.0892f,0.1998f,0.9758f,1.3941f,0f,0f,0f,1f],start_interpolation: 0,interpolation_duration: 1}
$data merge entity $(right_fingers) {transformation: [0.7655f,-0.6053f,-0.2185f,0.1344f,0.6223f,0.7827f,0.012f,7.1856f,0.1637f,-0.1452f,0.9758f,1.3645f,0f,0f,0f,1f],start_interpolation: 0,interpolation_duration: 1}
$data merge entity $(scout) {transformation: [0f,0f,0f,0.1696f,0f,0f,0f,7.0143f,0f,0f,0f,1.4838f,0f,0f,0f,1f],start_interpolation: 0,interpolation_duration: 1}
$data merge entity $(right_hand) {transformation: [-0.5363f,-0.8153f,-0.2185f,-0.3734f,0.8339f,-0.5517f,0.012f,6.8431f,-0.1304f,-0.1757f,0.9758f,1.3004f,0f,0f,0f,1f],start_interpolation: 0,interpolation_duration: 1}
$data merge entity $(right_forearm) {transformation: [-0.8909f,-0.9533f,-0.4412f,-1.788f,0.9105f,-0.9893f,0.299f,5.3263f,-0.5239f,-0.0983f,1.2701f,1.2203f,0f,0f,0f,1f],start_interpolation: 0,interpolation_duration: 1}
$data merge entity $(right_shoulder) {transformation: [-1.1831f,0.5938f,-0.6305f,-0.8052f,0.8333f,0.4896f,-1.1026f,5.7907f,-0.236f,-1.248f,-0.7326f,-0.2301f,0f,0f,0f,1f],start_interpolation: 0,interpolation_duration: 1}
$data merge entity $(right_arm) {transformation: [-0.9987f,-0.0319f,0.0405f,-0.2509f,-0.0244f,0.9846f,0.1734f,6.0912f,-0.0454f,0.1721f,-0.984f,-0.1629f,0f,0f,0f,1f],start_interpolation: 0,interpolation_duration: 1}
$data merge entity $(left_thumb_2) {transformation: [0.5232f,-0.0732f,0.8491f,1.2514f,-0.8385f,-0.2225f,0.4975f,6.9298f,0.1525f,-0.9722f,-0.1778f,0.8656f,0f,0f,0f,1f],start_interpolation: 0,interpolation_duration: 1}
$data merge entity $(left_thumb) {transformation: [0.5232f,0.6987f,0.488f,1.3917f,-0.8385f,0.3196f,0.4414f,7.1507f,0.1525f,-0.6401f,0.753f,0.6264f,0f,0f,0f,1f],start_interpolation: 0,interpolation_duration: 1}
$data merge entity $(left_fingers2) {transformation: [-0.2977f,-0.4002f,0.8667f,1.2308f,0.9532f,-0.1748f,0.2467f,7.025f,0.0528f,0.8996f,0.4335f,1.2054f,0f,0f,0f,1f],start_interpolation: 0,interpolation_duration: 1}
$data merge entity $(left_fingers) {transformation: [0.4712f,-0.1636f,0.8667f,1.1773f,-0.1199f,0.9616f,0.2467f,7.3043f,-0.8738f,-0.2202f,0.4335f,1.1705f,0f,0f,0f,1f],start_interpolation: 0,interpolation_duration: 1}
$data merge entity $(left_hand) {transformation: [0.204f,0.4552f,0.8667f,1.4962f,-0.9684f,-0.0356f,0.2467f,7.2884f,0.1432f,-0.8897f,0.4335f,0.6439f,0f,0f,0f,1f],start_interpolation: 0,interpolation_duration: 1}
$data merge entity $(left_forearm) {transformation: [0.748f,0.6428f,0.9614f,2.5304f,-1.0282f,-0.1545f,0.9033f,7.0459f,0.5294f,-1.2083f,0.396f,-1.1393f,0f,0f,0f,1f],start_interpolation: 0,interpolation_duration: 1}
$data merge entity $(left_shoulder) {transformation: [0.6104f,-1.2165f,-0.5454f,1.1878f,-1.33f,-0.5968f,-0.1575f,6.0553f,-0.0913f,0.5603f,-1.3519f,-0.4311f,0f,0f,0f,1f],start_interpolation: 0,interpolation_duration: 1}
$data merge entity $(left_arm) {transformation: [-0.9987f,-0.0319f,0.0405f,0.633f,-0.0244f,0.9846f,0.1734f,6.1128f,-0.0454f,0.1721f,-0.984f,-0.1227f,0f,0f,0f,1f],start_interpolation: 0,interpolation_duration: 1}
$data merge entity $(chest) {transformation: [-1.2768f,-0.0408f,0.0518f,0.25f,-0.0312f,1.2588f,0.2216f,4.3299f,-0.058f,0.2201f,-1.2581f,-0.4878f,0f,0f,0f,1f],start_interpolation: 0,interpolation_duration: 1}
$data merge entity $(left_cheek) {transformation: [-0.8967f,-0.1752f,0.4066f,0.7807f,-0.2658f,0.9475f,-0.178f,3.4493f,-0.3541f,-0.2677f,-0.8961f,-0.6861f,0f,0f,0f,1f],start_interpolation: 0,interpolation_duration: 1}
$data merge entity $(left_foot) {transformation: [-1.0079f,0.0727f,-0.1549f,1.1212f,-0.0335f,0.8238f,0.6045f,-3.564f,0.1678f,0.601f,-0.8098f,1.9929f,0f,0f,0f,1f],start_interpolation: 0,interpolation_duration: 1}
$data merge entity $(left_knee) {transformation: [-3.0386f,-0.0826f,-0.1096f,1.0896f,-0.0901f,3.033f,0.2123f,0.645f,0.1035f,0.2153f,-3.0323f,2.1638f,0f,0f,0f,1f],start_interpolation: 0,interpolation_duration: 1}
$data merge entity $(left_leg) {transformation: [-1.7168f,-0.0635f,0.0048f,0.9163f,-0.0457f,1.1381f,-1.2861f,2.5041f,0.0444f,-1.2853f,-1.139f,0.1399f,0f,0f,0f,1f],start_interpolation: 0,interpolation_duration: 1}
$data merge entity $(right_cheek) {transformation: [-0.8495f,0.1358f,0.5098f,0.1693f,0.0848f,0.9889f,-0.1222f,3.3749f,-0.5207f,-0.0606f,-0.8516f,-0.9517f,0f,0f,0f,1f],start_interpolation: 0,interpolation_duration: 1}
$data merge entity $(right_foot) {transformation: [-0.5888f,0.0428f,0.8347f,-0.9023f,0.1024f,1.017f,0.0201f,-4.1532f,-0.8295f,0.0952f,-0.59f,-1.6788f,0f,0f,0f,1f],start_interpolation: 0,interpolation_duration: 1}
$data merge entity $(right_knee) {transformation: [-1.9428f,-0.4046f,2.3053f,-1.4237f,0.611f,2.8044f,1.0071f,-0.2131f,-2.2593f,1.1063f,-1.7099f,-0.2826f,0f,0f,0f,1f],start_interpolation: 0,interpolation_duration: 1}
$data merge entity $(right_leg) {transformation: [-1.0973f,0.6619f,1.1443f,-0.3512f,0.3451f,1.579f,-0.5824f,2.3192f,-1.2761f,-0.1421f,-1.1414f,-0.4237f,0f,0f,0f,1f],start_interpolation: 0,interpolation_duration: 1}
$data merge entity $(weist) {transformation: [-1.4694f,-0.0806f,0.6829f,0.25f,-0.2144f,1.5845f,-0.2743f,4.004f,-0.6534f,-0.3387f,-1.4458f,-0.5913f,0f,0f,0f,1f],start_interpolation: 0,interpolation_duration: 1}
data modify storage animated_java:temp entry.data merge value {"locators":{"consume":{"px":0.3333237686,"py":7.0595207883,"pz":1.4803921962,"ry":192.619244815,"rx":0.6903100455}}}
# Data Manager: Prepare for Read / Write
execute store result storage animated_java:temp args.id int 1 run scoreboard players get @s aj.id
# Data Manager: Write
function animated_java:global/data_manager/write with storage animated_java:temp args