# This file was generated by Animated Java via MC-Build. It is not recommended to edit this file directly.
$data merge entity $(neck) {transformation: [-0.9978f,-0.0417f,-0.0523f,0.1918f,-0.0575f,0.9349f,0.3502f,6.1399f,0.0343f,0.3525f,-0.9352f,-0.1801f,0f,0f,0f,1f],start_interpolation: 0,interpolation_duration: 1}
$data merge entity $(right_thumb_2) {transformation: [-0.3277f,-0.5326f,-0.7804f,0.0879f,0.8537f,-0.5207f,-0.0031f,6.7292f,-0.4047f,-0.6672f,0.6253f,1.1977f,0f,0f,0f,1f],start_interpolation: 0,interpolation_duration: 1}
$data merge entity $(right_thumb) {transformation: [-0.3277f,-0.9421f,0.0711f,-0.2648f,0.8537f,-0.263f,0.4494f,6.7648f,-0.4047f,0.2079f,0.8905f,1.192f,0f,0f,0f,1f],start_interpolation: 0,interpolation_duration: 1}
$data merge entity $(right_fingers2) {transformation: [0.3471f,0.9117f,-0.2199f,0.2854f,-0.9336f,0.3582f,0.0118f,6.9447f,0.0895f,0.2012f,0.9755f,1.3965f,0f,0f,0f,1f],start_interpolation: 0,interpolation_duration: 1}
$data merge entity $(right_fingers) {transformation: [0.7651f,-0.6052f,-0.2199f,0.1329f,0.6224f,0.7826f,0.0118f,7.1854f,0.165f,-0.1459f,0.9755f,1.3667f,0f,0f,0f,1f],start_interpolation: 0,interpolation_duration: 1}
$data merge entity $(scout) {transformation: [0f,0f,0f,0.168f,0f,0f,0f,7.0141f,0f,0f,0f,1.486f,0f,0f,0f,1f],start_interpolation: 0,interpolation_duration: 1}
$data merge entity $(right_hand) {transformation: [-0.5362f,-0.815f,-0.2199f,-0.3747f,0.8339f,-0.5518f,0.0118f,6.8428f,-0.1309f,-0.1771f,0.9755f,1.3017f,0f,0f,0f,1f],start_interpolation: 0,interpolation_duration: 1}
$data merge entity $(right_forearm) {transformation: [-0.8902f,-0.953f,-0.4431f,-1.789f,0.9106f,-0.9894f,0.2986f,5.3258f,-0.5249f,-0.1f,1.2695f,1.2192f,0f,0f,0f,1f],start_interpolation: 0,interpolation_duration: 1}
$data merge entity $(right_shoulder) {transformation: [-1.183f,0.5947f,-0.6299f,-0.8052f,0.8332f,0.4897f,-1.1026f,5.7904f,-0.2369f,-1.2475f,-0.733f,-0.2305f,0f,0f,0f,1f],start_interpolation: 0,interpolation_duration: 1}
$data merge entity $(right_arm) {transformation: [-0.9986f,-0.0319f,0.0414f,-0.251f,-0.0242f,0.9845f,0.1737f,6.0907f,-0.0463f,0.1725f,-0.9839f,-0.1627f,0f,0f,0f,1f],start_interpolation: 0,interpolation_duration: 1}
$data merge entity $(left_thumb_2) {transformation: [0.5121f,-0.0616f,0.8567f,1.2422f,-0.8444f,-0.2185f,0.4891f,6.9223f,0.157f,-0.9739f,-0.1639f,0.8736f,0f,0f,0f,1f],start_interpolation: 0,interpolation_duration: 1}
$data merge entity $(left_thumb) {transformation: [0.5121f,0.7111f,0.4817f,1.3883f,-0.8444f,0.3143f,0.4337f,7.1425f,0.157f,-0.6289f,0.7615f,0.6372f,0f,0f,0f,1f],start_interpolation: 0,interpolation_duration: 1}
$data merge entity $(left_fingers2) {transformation: [-0.2885f,-0.4149f,0.8629f,1.2178f,0.9561f,-0.1736f,0.2361f,7.0166f,0.0518f,0.8931f,0.4468f,1.2134f,0f,0f,0f,1f],start_interpolation: 0,interpolation_duration: 1}
$data merge entity $(left_fingers) {transformation: [0.4825f,-0.1503f,0.8629f,1.1677f,-0.1219f,0.964f,0.2361f,7.2965f,-0.8674f,-0.2192f,0.4468f,1.1787f,0f,0f,0f,1f],start_interpolation: 0,interpolation_duration: 1}
$data merge entity $(left_hand) {transformation: [0.1918f,0.4675f,0.8629f,1.4939f,-0.971f,-0.0375f,0.2361f,7.2791f,0.1427f,-0.8832f,0.4468f,0.6567f,0f,0f,0f,1f],start_interpolation: 0,interpolation_duration: 1}
$data merge entity $(left_forearm) {transformation: [0.7296f,0.6585f,0.965f,2.551f,-1.0378f,-0.1572f,0.8919f,7.0316f,0.5365f,-1.1995f,0.4129f,-1.1124f,0f,0f,0f,1f],start_interpolation: 0,interpolation_duration: 1}
$data merge entity $(left_shoulder) {transformation: [0.5977f,-1.2306f,-0.5276f,1.1882f,-1.336f,-0.5858f,-0.1473f,6.0529f,-0.0872f,0.5407f,-1.3601f,-0.4269f,0f,0f,0f,1f],start_interpolation: 0,interpolation_duration: 1}
$data merge entity $(left_arm) {transformation: [-0.9986f,-0.0319f,0.0414f,0.6329f,-0.0242f,0.9845f,0.1737f,6.1121f,-0.0463f,0.1725f,-0.9839f,-0.1217f,0f,0f,0f,1f],start_interpolation: 0,interpolation_duration: 1}
$data merge entity $(chest) {transformation: [-1.2768f,-0.0408f,0.053f,0.25f,-0.031f,1.2587f,0.2221f,4.3294f,-0.0592f,0.2205f,-1.258f,-0.4878f,0f,0f,0f,1f],start_interpolation: 0,interpolation_duration: 1}
$data merge entity $(left_cheek) {transformation: [-0.8966f,-0.1752f,0.4067f,0.7807f,-0.2658f,0.9475f,-0.178f,3.4494f,-0.3542f,-0.2677f,-0.896f,-0.686f,0f,0f,0f,1f],start_interpolation: 0,interpolation_duration: 1}
$data merge entity $(left_foot) {transformation: [-1.008f,0.0726f,-0.1549f,1.1211f,-0.0336f,0.8238f,0.6045f,-3.564f,0.1677f,0.6011f,-0.8098f,1.9929f,0f,0f,0f,1f],start_interpolation: 0,interpolation_duration: 1}
$data merge entity $(left_knee) {transformation: [-3.0387f,-0.0827f,-0.1092f,1.0893f,-0.0902f,3.033f,0.2123f,0.645f,0.1031f,0.2153f,-3.0324f,2.1639f,0f,0f,0f,1f],start_interpolation: 0,interpolation_duration: 1}
$data merge entity $(left_leg) {transformation: [-1.7168f,-0.0634f,0.005f,0.9162f,-0.0458f,1.1381f,-1.2861f,2.5041f,0.0441f,-1.2853f,-1.139f,0.14f,0f,0f,0f,1f],start_interpolation: 0,interpolation_duration: 1}
$data merge entity $(right_cheek) {transformation: [-0.8494f,0.1358f,0.5099f,0.1694f,0.0847f,0.9889f,-0.1222f,3.3749f,-0.5208f,-0.0606f,-0.8515f,-0.9517f,0f,0f,0f,1f],start_interpolation: 0,interpolation_duration: 1}
$data merge entity $(right_foot) {transformation: [-0.5887f,0.0428f,0.8348f,-0.9019f,0.1024f,1.017f,0.0202f,-4.1532f,-0.8295f,0.0952f,-0.5899f,-1.6791f,0f,0f,0f,1f],start_interpolation: 0,interpolation_duration: 1}
$data merge entity $(right_knee) {transformation: [-1.9425f,-0.4048f,2.3055f,-1.4236f,0.6109f,2.8044f,1.0072f,-0.2132f,-2.2596f,1.1062f,-1.7096f,-0.2828f,0f,0f,0f,1f],start_interpolation: 0,interpolation_duration: 1}
$data merge entity $(right_leg) {transformation: [-1.0971f,0.6618f,1.1444f,-0.3512f,0.3451f,1.579f,-0.5823f,2.3191f,-1.2762f,-0.142f,-1.1413f,-0.4238f,0f,0f,0f,1f],start_interpolation: 0,interpolation_duration: 1}
$data merge entity $(weist) {transformation: [-1.4693f,-0.0806f,0.6832f,0.25f,-0.2144f,1.5845f,-0.2742f,4.004f,-0.6536f,-0.3387f,-1.4457f,-0.5913f,0f,0f,0f,1f],start_interpolation: 0,interpolation_duration: 1}
data modify storage animated_java:temp entry.data merge value {"locators":{"consume":{"px":0.3317249713,"py":7.0592620745,"pz":1.4828582417,"ry":192.7033945687,"rx":0.6738236539}}}
# Data Manager: Prepare for Read / Write
execute store result storage animated_java:temp args.id int 1 run scoreboard players get @s aj.id
# Data Manager: Write
function animated_java:global/data_manager/write with storage animated_java:temp args