# This file was generated by Animated Java via MC-Build. It is not recommended to edit this file directly.
$data merge entity $(neck) {transformation: [-0.9978f,-0.0418f,-0.0512f,0.1918f,-0.0573f,0.9337f,0.3533f,6.1395f,0.033f,0.3555f,-0.9341f,-0.1795f,0f,0f,0f,1f],start_interpolation: 0,interpolation_duration: 1}
$data merge entity $(right_thumb_2) {transformation: [-0.3271f,-0.5311f,-0.7816f,0.0858f,0.854f,-0.5203f,-0.0039f,6.7292f,-0.4046f,-0.6688f,0.6238f,1.2006f,0f,0f,0f,1f],start_interpolation: 0,interpolation_duration: 1}
$data merge entity $(right_thumb) {transformation: [-0.3271f,-0.9424f,0.0691f,-0.2669f,0.854f,-0.2635f,0.4486f,6.7648f,-0.4046f,0.2058f,0.891f,1.1943f,0f,0f,0f,1f],start_interpolation: 0,interpolation_duration: 1}
$data merge entity $(right_fingers2) {transformation: [0.3472f,0.9112f,-0.2219f,0.2828f,-0.9335f,0.3583f,0.0108f,6.9446f,0.0893f,0.2034f,0.975f,1.4f,0f,0f,0f,1f],start_interpolation: 0,interpolation_duration: 1}
$data merge entity $(right_fingers) {transformation: [0.7646f,-0.6051f,-0.2219f,0.1303f,0.6225f,0.7826f,0.0108f,7.1853f,0.1671f,-0.1464f,0.975f,1.3702f,0f,0f,0f,1f],start_interpolation: 0,interpolation_duration: 1}
$data merge entity $(scout) {transformation: [0f,0f,0f,0.1652f,0f,0f,0f,7.0139f,0f,0f,0f,1.4894f,0f,0f,0f,1f],start_interpolation: 0,interpolation_duration: 1}
$data merge entity $(right_hand) {transformation: [-0.5362f,-0.8144f,-0.2219f,-0.377f,0.8338f,-0.5519f,0.0108f,6.8426f,-0.1312f,-0.1792f,0.975f,1.3039f,0f,0f,0f,1f],start_interpolation: 0,interpolation_duration: 1}
$data merge entity $(right_forearm) {transformation: [-0.8894f,-0.9525f,-0.4458f,-1.7907f,0.9108f,-0.9896f,0.2973f,5.3253f,-0.5259f,-0.1028f,1.2689f,1.2172f,0f,0f,0f,1f],start_interpolation: 0,interpolation_duration: 1}
$data merge entity $(right_shoulder) {transformation: [-1.1827f,0.5962f,-0.629f,-0.8052f,0.8333f,0.49f,-1.1024f,5.7902f,-0.238f,-1.2467f,-0.7341f,-0.2313f,0f,0f,0f,1f],start_interpolation: 0,interpolation_duration: 1}
$data merge entity $(right_arm) {transformation: [-0.9986f,-0.0319f,0.0428f,-0.251f,-0.024f,0.9844f,0.1742f,6.0904f,-0.0476f,0.1729f,-0.9838f,-0.1626f,0f,0f,0f,1f],start_interpolation: 0,interpolation_duration: 1}
$data merge entity $(left_thumb_2) {transformation: [0.4996f,-0.0482f,0.8649f,1.2315f,-0.851f,-0.2143f,0.4796f,6.9143f,0.1622f,-0.9756f,-0.148f,0.8824f,0f,0f,0f,1f],start_interpolation: 0,interpolation_duration: 1}
$data merge entity $(left_thumb) {transformation: [0.4996f,0.725f,0.4742f,1.384f,-0.851f,0.3082f,0.4253f,7.1336f,0.1622f,-0.616f,0.7709f,0.6493f,0f,0f,0f,1f],start_interpolation: 0,interpolation_duration: 1}
$data merge entity $(left_fingers2) {transformation: [-0.2781f,-0.4315f,0.8582f,1.2027f,0.9592f,-0.1719f,0.2244f,7.0077f,0.0507f,0.8856f,0.4617f,1.2221f,0f,0f,0f,1f],start_interpolation: 0,interpolation_duration: 1}
$data merge entity $(left_fingers) {transformation: [0.4951f,-0.1354f,0.8582f,1.1564f,-0.1245f,0.9665f,0.2244f,7.2883f,-0.8598f,-0.218f,0.4617f,1.1877f,0f,0f,0f,1f],start_interpolation: 0,interpolation_duration: 1}
$data merge entity $(left_hand) {transformation: [0.1781f,0.4814f,0.8582f,1.4909f,-0.9737f,-0.0398f,0.2244f,7.2689f,0.1422f,-0.8756f,0.4617f,0.671f,0f,0f,0f,1f],start_interpolation: 0,interpolation_duration: 1}
$data merge entity $(left_forearm) {transformation: [0.7085f,0.6762f,0.9685f,2.5739f,-1.0482f,-0.1607f,0.879f,7.0153f,0.5445f,-1.1892f,0.4319f,-1.0815f,0f,0f,0f,1f],start_interpolation: 0,interpolation_duration: 1}
$data merge entity $(left_shoulder) {transformation: [0.5834f,-1.246f,-0.5069f,1.1886f,-1.3427f,-0.5732f,-0.1362f,6.0502f,-0.0824f,0.5184f,-1.3691f,-0.422f,0f,0f,0f,1f],start_interpolation: 0,interpolation_duration: 1}
$data merge entity $(left_arm) {transformation: [-0.9986f,-0.0319f,0.0428f,0.6329f,-0.024f,0.9844f,0.1742f,6.1116f,-0.0476f,0.1729f,-0.9838f,-0.1205f,0f,0f,0f,1f],start_interpolation: 0,interpolation_duration: 1}
$data merge entity $(chest) {transformation: [-1.2767f,-0.0408f,0.0547f,0.25f,-0.0307f,1.2586f,0.2227f,4.3291f,-0.0609f,0.2211f,-1.2578f,-0.4878f,0f,0f,0f,1f],start_interpolation: 0,interpolation_duration: 1}
$data merge entity $(left_cheek) {transformation: [-0.8965f,-0.1751f,0.4069f,0.7808f,-0.2658f,0.9475f,-0.1779f,3.4494f,-0.3544f,-0.2677f,-0.896f,-0.6859f,0f,0f,0f,1f],start_interpolation: 0,interpolation_duration: 1}
$data merge entity $(left_foot) {transformation: [-1.008f,0.0724f,-0.1547f,1.1209f,-0.0336f,0.8238f,0.6045f,-3.564f,0.1675f,0.6011f,-0.8099f,1.993f,0f,0f,0f,1f],start_interpolation: 0,interpolation_duration: 1}
$data merge entity $(left_knee) {transformation: [-3.0387f,-0.0829f,-0.1087f,1.089f,-0.0903f,3.033f,0.2123f,0.645f,0.1026f,0.2154f,-3.0324f,2.164f,0f,0f,0f,1f],start_interpolation: 0,interpolation_duration: 1}
$data merge entity $(left_leg) {transformation: [-1.7168f,-0.0632f,0.0053f,0.9162f,-0.0458f,1.1381f,-1.2861f,2.5041f,0.0438f,-1.2853f,-1.139f,0.1401f,0f,0f,0f,1f],start_interpolation: 0,interpolation_duration: 1}
$data merge entity $(right_cheek) {transformation: [-0.8493f,0.1358f,0.5101f,0.1695f,0.0847f,0.9889f,-0.1222f,3.3749f,-0.521f,-0.0606f,-0.8514f,-0.9518f,0f,0f,0f,1f],start_interpolation: 0,interpolation_duration: 1}
$data merge entity $(right_foot) {transformation: [-0.5886f,0.0427f,0.8349f,-0.9013f,0.1024f,1.017f,0.0202f,-4.1533f,-0.8297f,0.0953f,-0.5898f,-1.6794f,0f,0f,0f,1f],start_interpolation: 0,interpolation_duration: 1}
$data merge entity $(right_knee) {transformation: [-1.9421f,-0.4051f,2.3057f,-1.4235f,0.6109f,2.8043f,1.0073f,-0.2133f,-2.26f,1.1062f,-1.7091f,-0.2832f,0f,0f,0f,1f],start_interpolation: 0,interpolation_duration: 1}
$data merge entity $(right_leg) {transformation: [-1.0969f,0.6618f,1.1447f,-0.3512f,0.345f,1.579f,-0.5823f,2.3191f,-1.2764f,-0.1419f,-1.1411f,-0.424f,0f,0f,0f,1f],start_interpolation: 0,interpolation_duration: 1}
$data merge entity $(weist) {transformation: [-1.4692f,-0.0806f,0.6834f,0.25f,-0.2145f,1.5845f,-0.2742f,4.004f,-0.6539f,-0.3387f,-1.4456f,-0.5913f,0f,0f,0f,1f],start_interpolation: 0,interpolation_duration: 1}
data modify storage animated_java:temp entry.data merge value {"locators":{"consume":{"px":0.3289518322,"py":7.0591332169,"pz":1.4866185739,"ry":192.8185603775,"rx":0.6195025879}}}
# Data Manager: Prepare for Read / Write
execute store result storage animated_java:temp args.id int 1 run scoreboard players get @s aj.id
# Data Manager: Write
function animated_java:global/data_manager/write with storage animated_java:temp args