# This file was generated by Animated Java via MC-Build. It is not recommended to edit this file directly.
$data merge entity $(neck) {transformation: [-0.9979f,-0.0421f,-0.0485f,0.1918f,-0.0568f,0.9307f,0.3613f,6.139f,0.0299f,0.3633f,-0.9312f,-0.1784f,0f,0f,0f,1f],start_interpolation: 0,interpolation_duration: 1}
$data merge entity $(right_thumb_2) {transformation: [-0.3261f,-0.5275f,-0.7845f,0.0802f,0.8548f,-0.5189f,-0.0064f,6.7301f,-0.4037f,-0.6727f,0.6201f,1.2077f,0f,0f,0f,1f],start_interpolation: 0,interpolation_duration: 1}
$data merge entity $(right_thumb) {transformation: [-0.3261f,-0.9431f,0.0646f,-0.2725f,0.8548f,-0.265f,0.4462f,6.7653f,-0.4037f,0.2007f,0.8926f,1.1999f,0f,0f,0f,1f],start_interpolation: 0,interpolation_duration: 1}
$data merge entity $(right_fingers2) {transformation: [0.3477f,0.9099f,-0.2264f,0.2761f,-0.9335f,0.3586f,0.0078f,6.9451f,0.0883f,0.2086f,0.974f,1.4086f,0f,0f,0f,1f],start_interpolation: 0,interpolation_duration: 1}
$data merge entity $(right_fingers) {transformation: [0.7632f,-0.6052f,-0.2264f,0.1235f,0.6227f,0.7824f,0.0078f,7.1857f,0.1724f,-0.1469f,0.974f,1.3788f,0f,0f,0f,1f],start_interpolation: 0,interpolation_duration: 1}
$data merge entity $(scout) {transformation: [0f,0f,0f,0.158f,0f,0f,0f,7.014f,0f,0f,0f,1.4977f,0f,0f,0f,1f],start_interpolation: 0,interpolation_duration: 1}
$data merge entity $(right_hand) {transformation: [-0.5363f,-0.8131f,-0.2264f,-0.3832f,0.8337f,-0.5521f,0.0078f,6.8427f,-0.1313f,-0.1845f,0.974f,1.3092f,0f,0f,0f,1f],start_interpolation: 0,interpolation_duration: 1}
$data merge entity $(right_forearm) {transformation: [-0.8879f,-0.9511f,-0.4519f,-1.7951f,0.9114f,-0.9902f,0.2933f,5.3243f,-0.5274f,-0.11f,1.2676f,1.2116f,0f,0f,0f,1f],start_interpolation: 0,interpolation_duration: 1}
$data merge entity $(right_shoulder) {transformation: [-1.1817f,0.5999f,-0.6272f,-0.8052f,0.8339f,0.4909f,-1.1016f,5.7902f,-0.2407f,-1.2446f,-0.7369f,-0.2335f,0f,0f,0f,1f],start_interpolation: 0,interpolation_duration: 1}
$data merge entity $(right_arm) {transformation: [-0.9984f,-0.0319f,0.0458f,-0.251f,-0.0234f,0.9843f,0.175f,6.0901f,-0.0507f,0.1736f,-0.9835f,-0.163f,0f,0f,0f,1f],start_interpolation: 0,interpolation_duration: 1}
$data merge entity $(left_thumb_2) {transformation: [0.4735f,-0.0201f,0.8806f,1.2087f,-0.8637f,-0.2068f,0.4596f,6.8994f,0.1728f,-0.9782f,-0.1153f,0.8994f,0f,0f,0f,1f],start_interpolation: 0,interpolation_duration: 1}
$data merge entity $(left_thumb) {transformation: [0.4735f,0.7525f,0.4577f,1.3742f,-0.8637f,0.2947f,0.4089f,7.1165f,0.1728f,-0.5889f,0.7895f,0.6732f,0f,0f,0f,1f],start_interpolation: 0,interpolation_duration: 1}
$data merge entity $(left_fingers2) {transformation: [-0.2568f,-0.4652f,0.8471f,1.1706f,0.9653f,-0.1672f,0.2008f,6.9913f,0.0482f,0.8693f,0.492f,1.2386f,0f,0f,0f,1f],start_interpolation: 0,interpolation_duration: 1}
$data merge entity $(left_fingers) {transformation: [0.5209f,-0.105f,0.8471f,1.1322f,-0.1308f,0.9709f,0.2008f,7.2732f,-0.8435f,-0.2154f,0.492f,1.2046f,0f,0f,0f,1f],start_interpolation: 0,interpolation_duration: 1}
$data merge entity $(left_hand) {transformation: [0.15f,0.5098f,0.8471f,1.4835f,-0.9786f,-0.0457f,0.2008f,7.249f,0.1411f,-0.8591f,0.492f,0.6994f,0f,0f,0f,1f],start_interpolation: 0,interpolation_duration: 1}
$data merge entity $(left_forearm) {transformation: [0.6645f,0.7121f,0.9739f,2.619f,-1.0683f,-0.1692f,0.8527f,6.9809f,0.5605f,-1.1668f,0.4707f,-1.0173f,0f,0f,0f,1f],start_interpolation: 0,interpolation_duration: 1}
$data merge entity $(left_shoulder) {transformation: [0.5538f,-1.2761f,-0.4633f,1.1896f,-1.3557f,-0.5465f,-0.1152f,6.045f,-0.0724f,0.4719f,-1.3863f,-0.412f,0f,0f,0f,1f],start_interpolation: 0,interpolation_duration: 1}
$data merge entity $(left_arm) {transformation: [-0.9984f,-0.0319f,0.0458f,0.6327f,-0.0234f,0.9843f,0.175f,6.1108f,-0.0507f,0.1736f,-0.9835f,-0.1181f,0f,0f,0f,1f],start_interpolation: 0,interpolation_duration: 1}
$data merge entity $(chest) {transformation: [-1.2765f,-0.0408f,0.0586f,0.25f,-0.0299f,1.2585f,0.2237f,4.3288f,-0.0648f,0.222f,-1.2575f,-0.4881f,0f,0f,0f,1f],start_interpolation: 0,interpolation_duration: 1}
$data merge entity $(left_cheek) {transformation: [-0.8963f,-0.1751f,0.4073f,0.7809f,-0.2659f,0.9474f,-0.1779f,3.4494f,-0.3548f,-0.2677f,-0.8958f,-0.6857f,0f,0f,0f,1f],start_interpolation: 0,interpolation_duration: 1}
$data merge entity $(left_foot) {transformation: [-1.0081f,0.0721f,-0.1544f,1.1205f,-0.0337f,0.8238f,0.6045f,-3.564f,0.1671f,0.6011f,-0.8099f,1.9931f,0f,0f,0f,1f],start_interpolation: 0,interpolation_duration: 1}
$data merge entity $(left_knee) {transformation: [-3.0387f,-0.0833f,-0.1074f,1.0881f,-0.0906f,3.033f,0.2124f,0.645f,0.1012f,0.2154f,-3.0324f,2.1643f,0f,0f,0f,1f],start_interpolation: 0,interpolation_duration: 1}
$data merge entity $(left_leg) {transformation: [-1.7168f,-0.0627f,0.0059f,0.916f,-0.046f,1.1382f,-1.286f,2.5042f,0.0431f,-1.2853f,-1.1391f,0.1403f,0f,0f,0f,1f],start_interpolation: 0,interpolation_duration: 1}
$data merge entity $(right_cheek) {transformation: [-0.8491f,0.1357f,0.5105f,0.1697f,0.0847f,0.9889f,-0.1221f,3.3749f,-0.5214f,-0.0605f,-0.8512f,-0.9518f,0f,0f,0f,1f],start_interpolation: 0,interpolation_duration: 1}
$data merge entity $(right_foot) {transformation: [-0.5882f,0.0426f,0.8351f,-0.9001f,0.1024f,1.017f,0.0203f,-4.1533f,-0.8299f,0.0953f,-0.5894f,-1.6802f,0f,0f,0f,1f],start_interpolation: 0,interpolation_duration: 1}
$data merge entity $(right_knee) {transformation: [-1.9411f,-0.4059f,2.3064f,-1.4232f,0.6108f,2.8043f,1.0076f,-0.2134f,-2.2608f,1.1061f,-1.7081f,-0.2841f,0f,0f,0f,1f],start_interpolation: 0,interpolation_duration: 1}
$data merge entity $(right_leg) {transformation: [-1.0963f,0.6617f,1.1452f,-0.3511f,0.345f,1.5791f,-0.5821f,2.3191f,-1.2769f,-0.1415f,-1.1406f,-0.4243f,0f,0f,0f,1f],start_interpolation: 0,interpolation_duration: 1}
$data merge entity $(weist) {transformation: [-1.4688f,-0.0806f,0.6841f,0.25f,-0.2146f,1.5846f,-0.2741f,4.004f,-0.6545f,-0.3386f,-1.4453f,-0.5913f,0f,0f,0f,1f],start_interpolation: 0,interpolation_duration: 1}
data modify storage animated_java:temp entry.data merge value {"locators":{"consume":{"px":0.3216795898,"py":7.0594074343,"pz":1.495766285,"ry":193.082694157,"rx":0.4489461617}}}
# Data Manager: Prepare for Read / Write
execute store result storage animated_java:temp args.id int 1 run scoreboard players get @s aj.id
# Data Manager: Write
function animated_java:global/data_manager/write with storage animated_java:temp args