# This file was generated by Animated Java via MC-Build. It is not recommended to edit this file directly.
$data merge entity $(neck) {transformation: [-0.998f,-0.0421f,-0.0473f,0.1919f,-0.0565f,0.9289f,0.3659f,6.1389f,0.0286f,0.3679f,-0.9294f,-0.1781f,0f,0f,0f,1f],start_interpolation: 0,interpolation_duration: 1}
$data merge entity $(right_thumb_2) {transformation: [-0.3256f,-0.5259f,-0.7858f,0.0774f,0.8552f,-0.5182f,-0.0077f,6.7308f,-0.4031f,-0.6745f,0.6185f,1.211f,0f,0f,0f,1f],start_interpolation: 0,interpolation_duration: 1}
$data merge entity $(right_thumb) {transformation: [-0.3256f,-0.9434f,0.0625f,-0.2752f,0.8552f,-0.2657f,0.4449f,6.7658f,-0.4031f,0.1984f,0.8934f,1.2024f,0f,0f,0f,1f],start_interpolation: 0,interpolation_duration: 1}
$data merge entity $(right_fingers2) {transformation: [0.3479f,0.9093f,-0.2284f,0.2728f,-0.9334f,0.3587f,0.0063f,6.9456f,0.0877f,0.211f,0.9736f,1.4126f,0f,0f,0f,1f],start_interpolation: 0,interpolation_duration: 1}
$data merge entity $(right_fingers) {transformation: [0.7626f,-0.6052f,-0.2284f,0.1202f,0.6228f,0.7823f,0.0063f,7.1861f,0.1748f,-0.1471f,0.9736f,1.3828f,0f,0f,0f,1f],start_interpolation: 0,interpolation_duration: 1}
$data merge entity $(scout) {transformation: [0f,0f,0f,0.1545f,0f,0f,0f,7.0143f,0f,0f,0f,1.5015f,0f,0f,0f,1f],start_interpolation: 0,interpolation_duration: 1}
$data merge entity $(right_hand) {transformation: [-0.5365f,-0.8124f,-0.2284f,-0.3862f,0.8336f,-0.5523f,0.0063f,6.843f,-0.1313f,-0.187f,0.9736f,1.3116f,0f,0f,0f,1f],start_interpolation: 0,interpolation_duration: 1}
$data merge entity $(right_forearm) {transformation: [-0.8872f,-0.9504f,-0.4547f,-1.7971f,0.9117f,-0.9905f,0.2913f,5.3241f,-0.5279f,-0.1134f,1.2671f,1.209f,0f,0f,0f,1f],start_interpolation: 0,interpolation_duration: 1}
$data merge entity $(right_shoulder) {transformation: [-1.1813f,0.6017f,-0.6264f,-0.8052f,0.8342f,0.4913f,-1.1012f,5.7904f,-0.242f,-1.2435f,-0.7382f,-0.2346f,0f,0f,0f,1f],start_interpolation: 0,interpolation_duration: 1}
$data merge entity $(right_arm) {transformation: [-0.9984f,-0.0319f,0.0472f,-0.2511f,-0.0232f,0.9843f,0.1752f,6.0901f,-0.052f,0.1738f,-0.9834f,-0.1633f,0f,0f,0f,1f],start_interpolation: 0,interpolation_duration: 1}
$data merge entity $(left_thumb_2) {transformation: [0.4617f,-0.0076f,0.887f,1.1983f,-0.8691f,-0.204f,0.4507f,6.8935f,0.1776f,-0.9789f,-0.1008f,0.9063f,0f,0f,0f,1f],start_interpolation: 0,interpolation_duration: 1}
$data merge entity $(left_thumb) {transformation: [0.4617f,0.7644f,0.45f,1.3694f,-0.8691f,0.2883f,0.402f,7.1095f,0.1776f,-0.5767f,0.7974f,0.6832f,0f,0f,0f,1f],start_interpolation: 0,interpolation_duration: 1}
$data merge entity $(left_fingers2) {transformation: [-0.2474f,-0.48f,0.8417f,1.156f,0.9678f,-0.1645f,0.1906f,6.985f,0.047f,0.8617f,0.5052f,1.2451f,0f,0f,0f,1f],start_interpolation: 0,interpolation_duration: 1}
$data merge entity $(left_fingers) {transformation: [0.5322f,-0.0916f,0.8417f,1.1211f,-0.1341f,0.9725f,0.1906f,7.2672f,-0.8359f,-0.2143f,0.5052f,1.2113f,0f,0f,0f,1f],start_interpolation: 0,interpolation_duration: 1}
$data merge entity $(left_hand) {transformation: [0.1376f,0.5222f,0.8417f,1.4797f,-0.9805f,-0.0488f,0.1906f,7.2408f,0.1406f,-0.8514f,0.5052f,0.7114f,0f,0f,0f,1f],start_interpolation: 0,interpolation_duration: 1}
$data merge entity $(left_forearm) {transformation: [0.6448f,0.7278f,0.9755f,2.6381f,-1.0767f,-0.1736f,0.8412f,6.9651f,0.5675f,-1.1564f,0.4877f,-0.9888f,0f,0f,0f,1f],start_interpolation: 0,interpolation_duration: 1}
$data merge entity $(left_shoulder) {transformation: [0.5406f,-1.2888f,-0.4435f,1.19f,-1.3612f,-0.5343f,-0.1068f,6.0428f,-0.0678f,0.4511f,-1.3935f,-0.4076f,0f,0f,0f,1f],start_interpolation: 0,interpolation_duration: 1}
$data merge entity $(left_arm) {transformation: [-0.9984f,-0.0319f,0.0472f,0.6326f,-0.0232f,0.9843f,0.1752f,6.1106f,-0.052f,0.1738f,-0.9834f,-0.1172f,0f,0f,0f,1f],start_interpolation: 0,interpolation_duration: 1}
$data merge entity $(chest) {transformation: [-1.2765f,-0.0408f,0.0603f,0.25f,-0.0296f,1.2584f,0.224f,4.3288f,-0.0665f,0.2223f,-1.2573f,-0.4882f,0f,0f,0f,1f],start_interpolation: 0,interpolation_duration: 1}
$data merge entity $(left_cheek) {transformation: [-0.8963f,-0.1751f,0.4075f,0.7809f,-0.266f,0.9474f,-0.1778f,3.4495f,-0.3549f,-0.2678f,-0.8957f,-0.6856f,0f,0f,0f,1f],start_interpolation: 0,interpolation_duration: 1}
$data merge entity $(left_foot) {transformation: [-1.0081f,0.0719f,-0.1543f,1.1203f,-0.0338f,0.8238f,0.6045f,-3.564f,0.1669f,0.6012f,-0.8099f,1.9932f,0f,0f,0f,1f],start_interpolation: 0,interpolation_duration: 1}
$data merge entity $(left_knee) {transformation: [-3.0387f,-0.0834f,-0.1068f,1.0877f,-0.0908f,3.033f,0.2125f,0.645f,0.1006f,0.2154f,-3.0324f,2.1644f,0f,0f,0f,1f],start_interpolation: 0,interpolation_duration: 1}
$data merge entity $(left_leg) {transformation: [-1.7168f,-0.0625f,0.0062f,0.9159f,-0.0461f,1.1382f,-1.286f,2.5042f,0.0427f,-1.2853f,-1.1391f,0.1404f,0f,0f,0f,1f],start_interpolation: 0,interpolation_duration: 1}
$data merge entity $(right_cheek) {transformation: [-0.849f,0.1357f,0.5106f,0.1698f,0.0846f,0.9889f,-0.1221f,3.3749f,-0.5215f,-0.0604f,-0.8511f,-0.9518f,0f,0f,0f,1f],start_interpolation: 0,interpolation_duration: 1}
$data merge entity $(right_foot) {transformation: [-0.5881f,0.0425f,0.8352f,-0.8995f,0.1024f,1.017f,0.0203f,-4.1534f,-0.83f,0.0953f,-0.5892f,-1.6805f,0f,0f,0f,1f],start_interpolation: 0,interpolation_duration: 1}
$data merge entity $(right_knee) {transformation: [-1.9407f,-0.4062f,2.3067f,-1.4231f,0.6107f,2.8042f,1.0077f,-0.2135f,-2.2611f,1.1061f,-1.7076f,-0.2845f,0f,0f,0f,1f],start_interpolation: 0,interpolation_duration: 1}
$data merge entity $(right_leg) {transformation: [-1.0961f,0.6617f,1.1455f,-0.351f,0.3449f,1.5791f,-0.5821f,2.319f,-1.2771f,-0.1414f,-1.1404f,-0.4244f,0f,0f,0f,1f],start_interpolation: 0,interpolation_duration: 1}
$data merge entity $(weist) {transformation: [-1.4687f,-0.0806f,0.6844f,0.25f,-0.2147f,1.5846f,-0.274f,4.004f,-0.6548f,-0.3386f,-1.4452f,-0.5913f,0f,0f,0f,1f],start_interpolation: 0,interpolation_duration: 1}
data modify storage animated_java:temp entry.data merge value {"locators":{"consume":{"px":0.3181798306,"py":7.0597878684,"pz":1.4999896725,"ry":193.2019676239,"rx":0.3623327856}}}
# Data Manager: Prepare for Read / Write
execute store result storage animated_java:temp args.id int 1 run scoreboard players get @s aj.id
# Data Manager: Write
function animated_java:global/data_manager/write with storage animated_java:temp args