# This file was generated by Animated Java via MC-Build. It is not recommended to edit this file directly.
$data merge entity $(neck) {transformation: [-0.998f,-0.0421f,-0.0465f,0.1919f,-0.0564f,0.927f,0.3708f,6.1388f,0.0275f,0.3727f,-0.9275f,-0.1779f,0f,0f,0f,1f],start_interpolation: 0,interpolation_duration: 1}
$data merge entity $(right_thumb_2) {transformation: [-0.3254f,-0.5246f,-0.7867f,0.0753f,0.8556f,-0.5176f,-0.0086f,6.7315f,-0.4027f,-0.6759f,0.6172f,1.2134f,0f,0f,0f,1f],start_interpolation: 0,interpolation_duration: 1}
$data merge entity $(right_thumb) {transformation: [-0.3254f,-0.9436f,0.061f,-0.2773f,0.8556f,-0.2663f,0.444f,6.7664f,-0.4027f,0.1966f,0.894f,1.2044f,0f,0f,0f,1f],start_interpolation: 0,interpolation_duration: 1}
$data merge entity $(right_fingers2) {transformation: [0.3482f,0.9088f,-0.2299f,0.2703f,-0.9334f,0.3589f,0.0052f,6.9461f,0.0872f,0.2128f,0.9732f,1.4156f,0f,0f,0f,1f],start_interpolation: 0,interpolation_duration: 1}
$data merge entity $(right_fingers) {transformation: [0.7621f,-0.6053f,-0.2299f,0.1176f,0.6229f,0.7823f,0.0052f,7.1866f,0.1767f,-0.1472f,0.9732f,1.3858f,0f,0f,0f,1f],start_interpolation: 0,interpolation_duration: 1}
$data merge entity $(scout) {transformation: [0f,0f,0f,0.1518f,0f,0f,0f,7.0147f,0f,0f,0f,1.5044f,0f,0f,0f,1f],start_interpolation: 0,interpolation_duration: 1}
$data merge entity $(right_hand) {transformation: [-0.5366f,-0.8119f,-0.2299f,-0.3885f,0.8336f,-0.5524f,0.0052f,6.8434f,-0.1312f,-0.1889f,0.9732f,1.3134f,0f,0f,0f,1f],start_interpolation: 0,interpolation_duration: 1}
$data merge entity $(right_forearm) {transformation: [-0.8867f,-0.9498f,-0.4568f,-1.7987f,0.912f,-0.9907f,0.2897f,5.3241f,-0.5283f,-0.1159f,1.2667f,1.2069f,0f,0f,0f,1f],start_interpolation: 0,interpolation_duration: 1}
$data merge entity $(right_shoulder) {transformation: [-1.1809f,0.6031f,-0.6258f,-0.8052f,0.8345f,0.4915f,-1.1009f,5.7905f,-0.243f,-1.2428f,-0.7391f,-0.2355f,0f,0f,0f,1f],start_interpolation: 0,interpolation_duration: 1}
$data merge entity $(right_arm) {transformation: [-0.9983f,-0.0319f,0.0482f,-0.2511f,-0.023f,0.9842f,0.1754f,6.0901f,-0.053f,0.174f,-0.9833f,-0.1635f,0f,0f,0f,1f],start_interpolation: 0,interpolation_duration: 1}
$data merge entity $(left_thumb_2) {transformation: [0.4522f,0.0027f,0.8919f,1.1898f,-0.8733f,-0.202f,0.4433f,6.8891f,0.1814f,-0.9794f,-0.089f,0.9114f,0f,0f,0f,1f],start_interpolation: 0,interpolation_duration: 1}
$data merge entity $(left_thumb) {transformation: [0.4522f,0.7738f,0.4437f,1.3655f,-0.8733f,0.2829f,0.3966f,7.104f,0.1814f,-0.5668f,0.8037f,0.6909f,0f,0f,0f,1f],start_interpolation: 0,interpolation_duration: 1}
$data merge entity $(left_fingers2) {transformation: [-0.2397f,-0.4919f,0.837f,1.1442f,0.9698f,-0.1621f,0.1825f,6.9802f,0.046f,0.8554f,0.5159f,1.2499f,0f,0f,0f,1f],start_interpolation: 0,interpolation_duration: 1}
$data merge entity $(left_fingers) {transformation: [0.5412f,-0.0807f,0.837f,1.112f,-0.137f,0.9736f,0.1825f,7.2629f,-0.8297f,-0.2134f,0.5159f,1.2163f,0f,0f,0f,1f],start_interpolation: 0,interpolation_duration: 1}
$data merge entity $(left_hand) {transformation: [0.1276f,0.5321f,0.837f,1.4765f,-0.9819f,-0.0516f,0.1825f,7.2343f,0.1403f,-0.8451f,0.5159f,0.7207f,0f,0f,0f,1f],start_interpolation: 0,interpolation_duration: 1}
$data merge entity $(left_forearm) {transformation: [0.6287f,0.7404f,0.9766f,2.6532f,-1.0833f,-0.1775f,0.8319f,6.9522f,0.5731f,-1.1478f,0.5012f,-0.9658f,0f,0f,0f,1f],start_interpolation: 0,interpolation_duration: 1}
$data merge entity $(left_shoulder) {transformation: [0.5299f,-1.2986f,-0.4273f,1.1904f,-1.3656f,-0.5242f,-0.1003f,6.041f,-0.064f,0.4342f,-1.399f,-0.4042f,0f,0f,0f,1f],start_interpolation: 0,interpolation_duration: 1}
$data merge entity $(left_arm) {transformation: [-0.9983f,-0.0319f,0.0482f,0.6326f,-0.023f,0.9842f,0.1754f,6.1104f,-0.053f,0.174f,-0.9833f,-0.1166f,0f,0f,0f,1f],start_interpolation: 0,interpolation_duration: 1}
$data merge entity $(chest) {transformation: [-1.2764f,-0.0408f,0.0616f,0.25f,-0.0294f,1.2584f,0.2242f,4.3288f,-0.0678f,0.2224f,-1.2572f,-0.4883f,0f,0f,0f,1f],start_interpolation: 0,interpolation_duration: 1}
$data merge entity $(left_cheek) {transformation: [-0.8962f,-0.1751f,0.4076f,0.7809f,-0.266f,0.9474f,-0.1778f,3.4495f,-0.3551f,-0.2678f,-0.8957f,-0.6856f,0f,0f,0f,1f],start_interpolation: 0,interpolation_duration: 1}
$data merge entity $(left_foot) {transformation: [-1.0081f,0.0718f,-0.1542f,1.1202f,-0.0338f,0.8238f,0.6045f,-3.564f,0.1667f,0.6012f,-0.81f,1.9932f,0f,0f,0f,1f],start_interpolation: 0,interpolation_duration: 1}
$data merge entity $(left_knee) {transformation: [-3.0387f,-0.0836f,-0.1063f,1.0874f,-0.0909f,3.0329f,0.2125f,0.645f,0.1002f,0.2155f,-3.0324f,2.1645f,0f,0f,0f,1f],start_interpolation: 0,interpolation_duration: 1}
$data merge entity $(left_leg) {transformation: [-1.7168f,-0.0624f,0.0064f,0.9158f,-0.0461f,1.1382f,-1.286f,2.5042f,0.0425f,-1.2853f,-1.1391f,0.1405f,0f,0f,0f,1f],start_interpolation: 0,interpolation_duration: 1}
$data merge entity $(right_cheek) {transformation: [-0.849f,0.1357f,0.5108f,0.1698f,0.0846f,0.9889f,-0.1221f,3.3749f,-0.5217f,-0.0604f,-0.851f,-0.9518f,0f,0f,0f,1f],start_interpolation: 0,interpolation_duration: 1}
$data merge entity $(right_foot) {transformation: [-0.5879f,0.0424f,0.8353f,-0.8991f,0.1024f,1.017f,0.0204f,-4.1534f,-0.8301f,0.0954f,-0.5891f,-1.6808f,0f,0f,0f,1f],start_interpolation: 0,interpolation_duration: 1}
$data merge entity $(right_knee) {transformation: [-1.9404f,-0.4065f,2.3069f,-1.423f,0.6107f,2.8042f,1.0078f,-0.2136f,-2.2614f,1.106f,-1.7073f,-0.2847f,0f,0f,0f,1f],start_interpolation: 0,interpolation_duration: 1}
$data merge entity $(right_leg) {transformation: [-1.0959f,0.6616f,1.1457f,-0.351f,0.3449f,1.5791f,-0.582f,2.319f,-1.2772f,-0.1413f,-1.1402f,-0.4245f,0f,0f,0f,1f],start_interpolation: 0,interpolation_duration: 1}
$data merge entity $(weist) {transformation: [-1.4686f,-0.0806f,0.6846f,0.25f,-0.2147f,1.5846f,-0.274f,4.004f,-0.655f,-0.3386f,-1.4451f,-0.5913f,0f,0f,0f,1f],start_interpolation: 0,interpolation_duration: 1}
data modify storage animated_java:temp entry.data merge value {"locators":{"consume":{"px":0.3154792299,"py":7.0602502109,"pz":1.5031747231,"ry":193.292047735,"rx":0.2961063382}}}
# Data Manager: Prepare for Read / Write
execute store result storage animated_java:temp args.id int 1 run scoreboard players get @s aj.id
# Data Manager: Write
function animated_java:global/data_manager/write with storage animated_java:temp args