# This file was generated by Animated Java via MC-Build. It is not recommended to edit this file directly.
$data merge entity $(neck) {transformation: [-0.998f,-0.0419f,-0.0463f,0.1919f,-0.0563f,0.925f,0.3758f,6.1388f,0.027f,0.3777f,-0.9255f,-0.1779f,0f,0f,0f,1f],start_interpolation: 0,interpolation_duration: 1}
$data merge entity $(right_thumb_2) {transformation: [-0.3252f,-0.524f,-0.7872f,0.0743f,0.8557f,-0.5174f,-0.0091f,6.732f,-0.4025f,-0.6766f,0.6166f,1.2146f,0f,0f,0f,1f],start_interpolation: 0,interpolation_duration: 1}
$data merge entity $(right_thumb) {transformation: [-0.3252f,-0.9437f,0.0602f,-0.2784f,0.8557f,-0.2666f,0.4436f,6.7668f,-0.4025f,0.1957f,0.8942f,1.2053f,0f,0f,0f,1f],start_interpolation: 0,interpolation_duration: 1}
$data merge entity $(right_fingers2) {transformation: [0.3483f,0.9086f,-0.2307f,0.269f,-0.9333f,0.359f,0.0047f,6.9466f,0.087f,0.2137f,0.973f,1.417f,0f,0f,0f,1f],start_interpolation: 0,interpolation_duration: 1}
$data merge entity $(right_fingers) {transformation: [0.7618f,-0.6054f,-0.2307f,0.1163f,0.623f,0.7822f,0.0047f,7.1871f,0.1776f,-0.1473f,0.973f,1.3872f,0f,0f,0f,1f],start_interpolation: 0,interpolation_duration: 1}
$data merge entity $(scout) {transformation: [0f,0f,0f,0.1504f,0f,0f,0f,7.0151f,0f,0f,0f,1.5057f,0f,0f,0f,1f],start_interpolation: 0,interpolation_duration: 1}
$data merge entity $(right_hand) {transformation: [-0.5367f,-0.8116f,-0.2307f,-0.3897f,0.8335f,-0.5525f,0.0047f,6.8438f,-0.1312f,-0.1898f,0.973f,1.3143f,0f,0f,0f,1f],start_interpolation: 0,interpolation_duration: 1}
$data merge entity $(right_forearm) {transformation: [-0.8865f,-0.9495f,-0.4578f,-1.7994f,0.912f,-0.9909f,0.289f,5.3242f,-0.5286f,-0.1171f,1.2665f,1.206f,0f,0f,0f,1f],start_interpolation: 0,interpolation_duration: 1}
$data merge entity $(right_shoulder) {transformation: [-1.1807f,0.6037f,-0.6256f,-0.8052f,0.8346f,0.4915f,-1.1008f,5.7906f,-0.2436f,-1.2425f,-0.7394f,-0.236f,0f,0f,0f,1f],start_interpolation: 0,interpolation_duration: 1}
$data merge entity $(right_arm) {transformation: [-0.9983f,-0.0319f,0.0487f,-0.2511f,-0.0229f,0.9842f,0.1754f,6.0901f,-0.0535f,0.174f,-0.9833f,-0.1637f,0f,0f,0f,1f],start_interpolation: 0,interpolation_duration: 1}
$data merge entity $(left_thumb_2) {transformation: [0.4456f,0.0095f,0.8952f,1.1842f,-0.8761f,-0.2009f,0.4383f,6.8863f,0.184f,-0.9796f,-0.0812f,0.9145f,0f,0f,0f,1f],start_interpolation: 0,interpolation_duration: 1}
$data merge entity $(left_thumb) {transformation: [0.4456f,0.78f,0.4394f,1.3628f,-0.8761f,0.2791f,0.3931f,7.1005f,0.184f,-0.5601f,0.8077f,0.6957f,0f,0f,0f,1f],start_interpolation: 0,interpolation_duration: 1}
$data merge entity $(left_fingers2) {transformation: [-0.2345f,-0.4997f,0.8338f,1.1363f,0.9711f,-0.1603f,0.177f,6.9773f,0.0452f,0.8512f,0.5229f,1.2528f,0f,0f,0f,1f],start_interpolation: 0,interpolation_duration: 1}
$data merge entity $(left_fingers) {transformation: [0.5471f,-0.0734f,0.8338f,1.1061f,-0.1391f,0.9743f,0.177f,7.2601f,-0.8254f,-0.2128f,0.5229f,1.2192f,0f,0f,0f,1f],start_interpolation: 0,interpolation_duration: 1}
$data merge entity $(left_hand) {transformation: [0.1208f,0.5387f,0.8338f,1.4744f,-0.9827f,-0.0537f,0.177f,7.2301f,0.1401f,-0.8408f,0.5229f,0.7266f,0f,0f,0f,1f],start_interpolation: 0,interpolation_duration: 1}
$data merge entity $(left_forearm) {transformation: [0.6178f,0.7486f,0.9772f,2.6631f,-1.0876f,-0.1804f,0.8257f,6.9432f,0.5768f,-1.142f,0.5102f,-0.9506f,0f,0f,0f,1f],start_interpolation: 0,interpolation_duration: 1}
$data merge entity $(left_shoulder) {transformation: [0.5225f,-1.3051f,-0.4165f,1.1905f,-1.3686f,-0.5172f,-0.0961f,6.0398f,-0.0614f,0.423f,-1.4025f,-0.4021f,0f,0f,0f,1f],start_interpolation: 0,interpolation_duration: 1}
$data merge entity $(left_arm) {transformation: [-0.9983f,-0.0319f,0.0487f,0.6325f,-0.0229f,0.9842f,0.1754f,6.1103f,-0.0535f,0.174f,-0.9833f,-0.1163f,0f,0f,0f,1f],start_interpolation: 0,interpolation_duration: 1}
$data merge entity $(chest) {transformation: [-1.2764f,-0.0408f,0.0623f,0.25f,-0.0292f,1.2584f,0.2243f,4.3288f,-0.0685f,0.2225f,-1.2572f,-0.4883f,0f,0f,0f,1f],start_interpolation: 0,interpolation_duration: 1}
$data merge entity $(left_cheek) {transformation: [-0.8962f,-0.1751f,0.4077f,0.7809f,-0.266f,0.9474f,-0.1778f,3.4495f,-0.3551f,-0.2678f,-0.8956f,-0.6855f,0f,0f,0f,1f],start_interpolation: 0,interpolation_duration: 1}
$data merge entity $(left_foot) {transformation: [-1.0081f,0.0718f,-0.1542f,1.1201f,-0.0338f,0.8238f,0.6045f,-3.564f,0.1666f,0.6012f,-0.81f,1.9932f,0f,0f,0f,1f],start_interpolation: 0,interpolation_duration: 1}
$data merge entity $(left_knee) {transformation: [-3.0387f,-0.0836f,-0.1061f,1.0872f,-0.0909f,3.0329f,0.2125f,0.645f,0.1f,0.2155f,-3.0324f,2.1645f,0f,0f,0f,1f],start_interpolation: 0,interpolation_duration: 1}
$data merge entity $(left_leg) {transformation: [-1.7168f,-0.0623f,0.0065f,0.9158f,-0.0461f,1.1382f,-1.286f,2.5042f,0.0424f,-1.2853f,-1.1391f,0.1406f,0f,0f,0f,1f],start_interpolation: 0,interpolation_duration: 1}
$data merge entity $(right_cheek) {transformation: [-0.8489f,0.1357f,0.5108f,0.1699f,0.0846f,0.9889f,-0.122f,3.3749f,-0.5217f,-0.0604f,-0.851f,-0.9519f,0f,0f,0f,1f],start_interpolation: 0,interpolation_duration: 1}
$data merge entity $(right_foot) {transformation: [-0.5879f,0.0424f,0.8354f,-0.8989f,0.1024f,1.017f,0.0204f,-4.1534f,-0.8301f,0.0954f,-0.5891f,-1.6809f,0f,0f,0f,1f],start_interpolation: 0,interpolation_duration: 1}
$data merge entity $(right_knee) {transformation: [-1.9403f,-0.4066f,2.307f,-1.423f,0.6107f,2.8042f,1.0078f,-0.2136f,-2.2616f,1.106f,-1.7071f,-0.2849f,0f,0f,0f,1f],start_interpolation: 0,interpolation_duration: 1}
$data merge entity $(right_leg) {transformation: [-1.0959f,0.6616f,1.1458f,-0.351f,0.3449f,1.5791f,-0.582f,2.319f,-1.2773f,-0.1412f,-1.1401f,-0.4246f,0f,0f,0f,1f],start_interpolation: 0,interpolation_duration: 1}
$data merge entity $(weist) {transformation: [-1.4686f,-0.0806f,0.6847f,0.25f,-0.2147f,1.5846f,-0.274f,4.004f,-0.6551f,-0.3386f,-1.445f,-0.5913f,0f,0f,0f,1f],start_interpolation: 0,interpolation_duration: 1}
data modify storage animated_java:temp entry.data merge value {"locators":{"consume":{"px":0.3141135483,"py":7.060687653,"pz":1.5046944333,"ry":193.3362599825,"rx":0.2664314945}}}
# Data Manager: Prepare for Read / Write
execute store result storage animated_java:temp args.id int 1 run scoreboard players get @s aj.id
# Data Manager: Write
function animated_java:global/data_manager/write with storage animated_java:temp args