# This file was generated by Animated Java via MC-Build. It is not recommended to edit this file directly.
$data merge entity $(neck) {transformation: [-0.9906f,-0.0762f,0.1133f,0.1919f,-0.0274f,0.9237f,0.382f,6.1231f,-0.1337f,0.3753f,-0.9172f,-0.1981f,0f,0f,0f,1f],start_interpolation: 0,interpolation_duration: 1}
$data merge entity $(right_thumb_2) {transformation: [-0.2375f,-0.2885f,-0.9275f,-0.2913f,0.9099f,-0.4004f,-0.1084f,6.727f,-0.3401f,-0.8697f,0.3576f,1.5897f,0f,0f,0f,1f],start_interpolation: 0,interpolation_duration: 1}
$data merge entity $(right_thumb) {transformation: [-0.2375f,-0.9476f,-0.2139f,-0.6283f,0.9099f,-0.2941f,0.2926f,6.7632f,-0.3401f,-0.1251f,0.932f,1.4858f,0f,0f,0f,1f],start_interpolation: 0,interpolation_duration: 1}
$data merge entity $(right_fingers2) {transformation: [0.3518f,0.7946f,-0.4949f,-0.1712f,-0.9354f,0.3188f,-0.1531f,6.9058f,0.0362f,0.5167f,0.8554f,1.87f,0f,0f,0f,1f],start_interpolation: 0,interpolation_duration: 1}
$data merge entity $(right_fingers) {transformation: [0.652f,-0.5745f,-0.4949f,-0.3202f,0.5853f,0.7962f,-0.1531f,7.1481f,0.482f,-0.1899f,0.8554f,1.8357f,0f,0f,0f,1f],start_interpolation: 0,interpolation_duration: 1}
$data merge entity $(scout) {transformation: [0f,0f,0f,-0.313f,0f,0f,0f,6.9591f,0f,0f,0f,1.9308f,0f,0f,0f,1f],start_interpolation: 0,interpolation_duration: 1}
$data merge entity $(right_hand) {transformation: [-0.5155f,-0.6996f,-0.4949f,-0.7692f,0.8442f,-0.5137f,-0.1531f,6.8216f,-0.1471f,-0.4967f,0.8554f,1.5692f,0f,0f,0f,1f],start_interpolation: 0,interpolation_duration: 1}
$data merge entity $(right_forearm) {transformation: [-0.7427f,-0.8322f,-0.8081f,-2.021f,0.9864f,-0.958f,0.0801f,5.3408f,-0.6104f,-0.5355f,1.1125f,0.8286f,0f,0f,0f,1f],start_interpolation: 0,interpolation_duration: 1}
$data merge entity $(right_shoulder) {transformation: [-1.0815f,0.8143f,-0.563f,-0.792f,0.9153f,0.5048f,-1.0282f,5.8048f,-0.3772f,-1.1099f,-0.8807f,-0.4202f,0f,0f,0f,1f],start_interpolation: 0,interpolation_duration: 1}
$data merge entity $(right_arm) {transformation: [-0.9771f,-0.0327f,0.2104f,-0.2487f,0.0068f,0.9828f,0.1845f,6.0872f,-0.2128f,0.1817f,-0.96f,-0.2557f,0f,0f,0f,1f],start_interpolation: 0,interpolation_duration: 1}
$data merge entity $(left_thumb_2) {transformation: [0.2037f,-0.0983f,0.9741f,1.2474f,-0.9595f,-0.2179f,0.1787f,7.1626f,0.1947f,-0.971f,-0.1387f,2.1334f,0f,0f,0f,1f],start_interpolation: 0,interpolation_duration: 1}
$data merge entity $(left_thumb) {transformation: [0.2037f,0.7944f,0.5722f,1.4647f,-0.9595f,0.0458f,0.278f,7.3157f,0.1947f,-0.6056f,0.7716f,1.8989f,0f,0f,0f,1f],start_interpolation: 0,interpolation_duration: 1}
$data merge entity $(left_fingers2) {transformation: [0.0374f,-0.4771f,0.878f,1.2443f,0.9991f,-0.0005f,-0.0428f,7.2707f,0.0208f,0.8788f,0.4767f,2.47f,0f,0f,0f,1f],start_interpolation: 0,interpolation_duration: 1}
$data merge entity $(left_fingers) {transformation: [0.4438f,0.1791f,0.878f,1.2892f,-0.3f,0.953f,-0.0428f,7.5504f,-0.8444f,-0.2444f,0.4767f,2.4277f,0f,0f,0f,1f],start_interpolation: 0,interpolation_duration: 1}
$data merge entity $(left_hand) {transformation: [-0.1397f,0.4577f,0.878f,1.6085f,-0.9755f,-0.2158f,-0.0428f,7.4111f,0.1699f,-0.8625f,0.4767f,1.9198f,0f,0f,0f,1f],start_interpolation: 0,interpolation_duration: 1}
$data merge entity $(left_forearm) {transformation: [-0.6691f,0.7478f,0.9435f,2.7412f,-1.0805f,-0.8491f,-0.0932f,6.0841f,0.531f,-0.7854f,0.9991f,0.7954f,0f,0f,0f,1f],start_interpolation: 0,interpolation_duration: 1}
$data merge entity $(left_shoulder) {transformation: [-0.1773f,-1.2195f,0.7944f,1.193f,-1.4501f,0.0791f,-0.2021f,5.8947f,0.1252f,-0.8101f,-1.2157f,-0.1279f,0f,0f,0f,1f],start_interpolation: 0,interpolation_duration: 1}
$data merge entity $(left_arm) {transformation: [-0.9771f,-0.0327f,0.2104f,0.6161f,0.0068f,0.9828f,0.1845f,6.0811f,-0.2128f,0.1817f,-0.96f,-0.0673f,0f,0f,0f,1f],start_interpolation: 0,interpolation_duration: 1}
$data merge entity $(chest) {transformation: [-1.2492f,-0.0418f,0.269f,0.25f,0.0088f,1.2566f,0.2359f,4.3156f,-0.2721f,0.2324f,-1.2275f,-0.5229f,0f,0f,0f,1f],start_interpolation: 0,interpolation_duration: 1}
$data merge entity $(left_cheek) {transformation: [-0.8865f,-0.1736f,0.4289f,0.7857f,-0.27f,0.9469f,-0.1748f,3.4522f,-0.3757f,-0.2708f,-0.8863f,-0.674f,0f,0f,0f,1f],start_interpolation: 0,interpolation_duration: 1}
$data merge entity $(left_foot) {transformation: [-1.0115f,0.054f,-0.1386f,1.0981f,-0.0389f,0.8235f,0.6047f,-3.5625f,0.1436f,0.6035f,-0.8127f,2.0048f,0f,0f,0f,1f],start_interpolation: 0,interpolation_duration: 1}
$data merge entity $(left_knee) {transformation: [-3.0397f,-0.1034f,-0.038f,1.0407f,-0.1058f,3.0323f,0.2154f,0.6461f,0.0306f,0.2165f,-3.0339f,2.1796f,0f,0f,0f,1f],start_interpolation: 0,interpolation_duration: 1}
$data merge entity $(left_leg) {transformation: [-1.7171f,-0.0386f,0.0387f,0.9063f,-0.0546f,1.1393f,-1.2847f,2.5067f,0.0031f,-1.2853f,-1.14f,0.154f,0f,0f,0f,1f],start_interpolation: 0,interpolation_duration: 1}
$data merge entity $(right_cheek) {transformation: [-0.8372f,0.1322f,0.5307f,0.1812f,0.081f,0.9896f,-0.1186f,3.3749f,-0.5409f,-0.0563f,-0.8392f,-0.9542f,0f,0f,0f,1f],start_interpolation: 0,interpolation_duration: 1}
$data merge entity $(right_foot) {transformation: [-0.5693f,0.0353f,0.8485f,-0.8337f,0.1004f,1.0171f,0.0251f,-4.1577f,-0.8432f,0.0973f,-0.5698f,-1.715f,0f,0f,0f,1f],start_interpolation: 0,interpolation_duration: 1}
$data merge entity $(right_knee) {transformation: [-1.8912f,-0.4455f,2.3404f,-1.4088f,0.6037f,2.801f,1.021f,-0.2221f,-2.3046f,1.0993f,-1.653f,-0.3273f,0f,0f,0f,1f],start_interpolation: 0,interpolation_duration: 1}
$data merge entity $(right_leg) {transformation: [-1.0681f,0.6569f,1.1743f,-0.3464f,0.341f,1.5825f,-0.5751f,2.3159f,-1.3016f,-0.1245f,-1.1143f,-0.44f,0f,0f,0f,1f],start_interpolation: 0,interpolation_duration: 1}
$data merge entity $(weist) {transformation: [-1.4522f,-0.0806f,0.7188f,0.25f,-0.2212f,1.5845f,-0.269f,4.004f,-0.6887f,-0.3388f,-1.4293f,-0.5913f,0f,0f,0f,1f],start_interpolation: 0,interpolation_duration: 1}
data modify storage animated_java:temp entry.data merge value {"locators":{"consume":{"px":-0.157853639,"py":7.0041386627,"pz":1.9835197805,"ry":210.0517927094,"rx":-8.8048559403}}}
# Data Manager: Prepare for Read / Write
execute store result storage animated_java:temp args.id int 1 run scoreboard players get @s aj.id
# Data Manager: Write
function animated_java:global/data_manager/write with storage animated_java:temp args