# This file was generated by Animated Java via MC-Build. It is not recommended to edit this file directly.
$data merge entity $(neck) {transformation: [-0.9978f,-0.0583f,0.0312f,0.1924f,-0.0424f,0.9266f,0.3737f,6.1341f,-0.0506f,0.3716f,-0.927f,-0.1858f,0f,0f,0f,1f],start_interpolation: 0,interpolation_duration: 1}
$data merge entity $(right_thumb_2) {transformation: [-0.2822f,-0.4196f,-0.8627f,-0.0837f,0.886f,-0.4589f,-0.0666f,6.7354f,-0.368f,-0.7831f,0.5013f,1.4076f,0f,0f,0f,1f],start_interpolation: 0,interpolation_duration: 1}
$data merge entity $(right_thumb) {transformation: [-0.2822f,-0.957f,-0.068f,-0.4325f,0.886f,-0.2871f,0.3642f,6.7693f,-0.368f,0.0425f,0.9288f,1.3536f,0f,0f,0f,1f],start_interpolation: 0,interpolation_duration: 1}
$data merge entity $(right_fingers2) {transformation: [0.3487f,0.8655f,-0.3595f,0.0785f,-0.9357f,0.3433f,-0.0813f,6.9325f,0.053f,0.3647f,0.9296f,1.6522f,0f,0f,0f,1f],start_interpolation: 0,interpolation_duration: 1}
$data merge entity $(right_fingers) {transformation: [0.7206f,-0.5929f,-0.3595f,-0.0728f,0.6087f,0.7892f,-0.0813f,7.174f,0.3319f,-0.1603f,0.9296f,1.6227f,0f,0f,0f,1f],start_interpolation: 0,interpolation_duration: 1}
$data merge entity $(scout) {transformation: [0f,0f,0f,-0.0521f,0f,0f,0f,6.9924f,0f,0f,0f,1.7295f,0f,0f,0f,1f],start_interpolation: 0,interpolation_duration: 1}
$data merge entity $(right_hand) {transformation: [-0.5278f,-0.7695f,-0.3595f,-0.5587f,0.8392f,-0.5376f,-0.0813f,6.836f,-0.1307f,-0.3446f,0.9296f,1.4528f,0f,0f,0f,1f],start_interpolation: 0,interpolation_duration: 1}
$data merge entity $(right_forearm) {transformation: [-0.8223f,-0.9087f,-0.6287f,-1.9158f,0.9504f,-0.9814f,0.1753f,5.3249f,-0.5636f,-0.3292f,1.2129f,1.0246f,0f,0f,0f,1f],start_interpolation: 0,interpolation_duration: 1}
$data merge entity $(right_shoulder) {transformation: [-1.1354f,0.7102f,-0.5968f,-0.8018f,0.875f,0.5066f,-1.0619f,5.8004f,-0.3081f,-1.1785f,-0.8162f,-0.3238f,0f,0f,0f,1f],start_interpolation: 0,interpolation_duration: 1}
$data merge entity $(right_arm) {transformation: [-0.9914f,-0.032f,0.127f,-0.2509f,-0.0084f,0.9833f,0.1821f,6.0915f,-0.1307f,0.1794f,-0.975f,-0.2064f,0f,0f,0f,1f],start_interpolation: 0,interpolation_duration: 1}
$data merge entity $(left_thumb_2) {transformation: [0.3391f,-0.0438f,0.9397f,1.2685f,-0.9165f,-0.2408f,0.3195f,7.0571f,0.2123f,-0.9696f,-0.1218f,1.4151f,0f,0f,0f,1f],start_interpolation: 0,interpolation_duration: 1}
$data merge entity $(left_thumb) {transformation: [0.3391f,0.7919f,0.5078f,1.4659f,-0.9165f,0.1563f,0.3683f,7.238f,0.2123f,-0.5903f,0.7788f,1.1827f,0f,0f,0f,1f],start_interpolation: 0,interpolation_duration: 1}
$data merge entity $(left_fingers2) {transformation: [-0.1113f,-0.4909f,0.8641f,1.2421f,0.9938f,-0.0614f,0.0932f,7.1672f,0.0073f,0.8691f,0.4946f,1.7499f,0f,0f,0f,1f],start_interpolation: 0,interpolation_duration: 1}
$data merge entity $(left_fingers) {transformation: [0.5016f,0.0414f,0.8641f,1.2461f,-0.2403f,0.9662f,0.0932f,7.45f,-0.8311f,-0.2543f,0.4946f,1.7045f,0f,0f,0f,1f],start_interpolation: 0,interpolation_duration: 1}
$data merge entity $(left_hand) {transformation: [0.0025f,0.5033f,0.8641f,1.5934f,-0.9835f,-0.1551f,0.0932f,7.3539f,0.1809f,-0.8501f,0.4946f,1.2052f,0f,0f,0f,1f],start_interpolation: 0,interpolation_duration: 1}
$data merge entity $(left_forearm) {transformation: [0.0756f,0.8463f,1.0841f,2.9105f,-1.1997f,-0.4903f,0.4664f,6.5826f,0.6725f,-0.9698f,0.7102f,-0.2015f,0f,0f,0f,1f],start_interpolation: 0,interpolation_duration: 1}
$data merge entity $(left_shoulder) {transformation: [0.2528f,-1.4399f,0.1117f,1.2022f,-1.4439f,-0.2544f,-0.0118f,5.9817f,0.031f,-0.108f,-1.4619f,-0.2799f,0f,0f,0f,1f],start_interpolation: 0,interpolation_duration: 1}
$data merge entity $(left_arm) {transformation: [-0.9914f,-0.032f,0.127f,0.6265f,-0.0084f,0.9833f,0.1821f,6.099f,-0.1307f,0.1794f,-0.975f,-0.0907f,0f,0f,0f,1f],start_interpolation: 0,interpolation_duration: 1}
$data merge entity $(chest) {transformation: [-1.2675f,-0.0409f,0.1624f,0.25f,-0.0108f,1.2571f,0.2328f,4.3258f,-0.1671f,0.2294f,-1.2466f,-0.5063f,0f,0f,0f,1f],start_interpolation: 0,interpolation_duration: 1}
$data merge entity $(left_cheek) {transformation: [-0.8916f,-0.1744f,0.4179f,0.7833f,-0.2679f,0.9471f,-0.1764f,3.4508f,-0.3651f,-0.2693f,-0.8912f,-0.6799f,0f,0f,0f,1f],start_interpolation: 0,interpolation_duration: 1}
$data merge entity $(left_foot) {transformation: [-1.0098f,0.0632f,-0.1467f,1.1096f,-0.0363f,0.8237f,0.6045f,-3.5631f,0.1555f,0.6023f,-0.8113f,1.9993f,0f,0f,0f,1f],start_interpolation: 0,interpolation_duration: 1}
$data merge entity $(left_knee) {transformation: [-3.0394f,-0.0932f,-0.0733f,1.0649f,-0.0981f,3.0326f,0.2137f,0.6457f,0.0666f,0.2159f,-3.0333f,2.1721f,0f,0f,0f,1f],start_interpolation: 0,interpolation_duration: 1}
$data merge entity $(left_leg) {transformation: [-1.7171f,-0.0509f,0.022f,0.9113f,-0.0502f,1.1386f,-1.2854f,2.5055f,0.0235f,-1.2854f,-1.1395f,0.1472f,0f,0f,0f,1f],start_interpolation: 0,interpolation_duration: 1}
$data merge entity $(right_cheek) {transformation: [-0.8433f,0.134f,0.5204f,0.1753f,0.0828f,0.9893f,-0.1204f,3.3749f,-0.531f,-0.0585f,-0.8454f,-0.953f,0f,0f,0f,1f],start_interpolation: 0,interpolation_duration: 1}
$data merge entity $(right_foot) {transformation: [-0.579f,0.039f,0.8417f,-0.8676f,0.1014f,1.0171f,0.0226f,-4.1556f,-0.8365f,0.0963f,-0.5799f,-1.697f,0f,0f,0f,1f],start_interpolation: 0,interpolation_duration: 1}
$data merge entity $(right_knee) {transformation: [-1.9168f,-0.4253f,2.3232f,-1.4163f,0.6071f,2.8027f,1.014f,-0.2177f,-2.2825f,1.1027f,-1.6812f,-0.3051f,0f,0f,0f,1f],start_interpolation: 0,interpolation_duration: 1}
$data merge entity $(right_leg) {transformation: [-1.0826f,0.6594f,1.1596f,-0.3488f,0.3429f,1.5808f,-0.5788f,2.3175f,-1.2891f,-0.1333f,-1.1277f,-0.4319f,0f,0f,0f,1f],start_interpolation: 0,interpolation_duration: 1}
$data merge entity $(weist) {transformation: [-1.4608f,-0.0806f,0.7012f,0.25f,-0.2179f,1.5845f,-0.2717f,4.004f,-0.6713f,-0.3388f,-1.4375f,-0.5913f,0f,0f,0f,1f],start_interpolation: 0,interpolation_duration: 1}
data modify storage animated_java:temp entry.data merge value {"locators":{"consume":{"px":0.109490954,"py":7.03873424,"pz":1.7546026477,"ry":201.1419818614,"rx":-4.6626178835}}}
# Data Manager: Prepare for Read / Write
execute store result storage animated_java:temp args.id int 1 run scoreboard players get @s aj.id
# Data Manager: Write
function animated_java:global/data_manager/write with storage animated_java:temp args