# This file was generated by Animated Java via MC-Build. It is not recommended to edit this file directly.
$data merge entity $(neck) {transformation: [-0.9986f,-0.0463f,-0.0267f,0.1922f,-0.0529f,0.93f,0.3637f,6.1415f,0.008f,0.3646f,-0.9311f,-0.1817f,0f,0f,0f,1f],start_interpolation: 0,interpolation_duration: 1}
$data merge entity $(right_thumb_2) {transformation: [-0.3158f,-0.4998f,-0.8065f,0.0335f,0.866f,-0.4991f,-0.0297f,6.7345f,-0.3877f,-0.7079f,0.5905f,1.2655f,0f,0f,0f,1f],start_interpolation: 0,interpolation_duration: 1}
$data merge entity $(right_thumb) {transformation: [-0.3158f,-0.9484f,0.0296f,-0.3188f,0.866f,-0.2753f,0.4174f,6.7684f,-0.3877f,0.1574f,0.9082f,1.2458f,0f,0f,0f,1f],start_interpolation: 0,interpolation_duration: 1}
$data merge entity $(right_fingers2) {transformation: [0.3493f,0.8997f,-0.2617f,0.2208f,-0.9343f,0.3555f,-0.0246f,6.9437f,0.0709f,0.2531f,0.9648f,1.4802f,0f,0f,0f,1f],start_interpolation: 0,interpolation_duration: 1}
$data merge entity $(right_fingers) {transformation: [0.7531f,-0.6036f,-0.2617f,0.0681f,0.62f,0.7842f,-0.0246f,7.1845f,0.2201f,-0.1438f,0.9648f,1.4525f,0f,0f,0f,1f],start_interpolation: 0,interpolation_duration: 1}
$data merge entity $(scout) {transformation: [0f,0f,0f,0.0992f,0f,0f,0f,7.0092f,0f,0f,0f,1.567f,0f,0f,0f,1f],start_interpolation: 0,interpolation_duration: 1}
$data merge entity $(right_hand) {transformation: [-0.5357f,-0.8028f,-0.2617f,-0.4339f,0.8352f,-0.5493f,-0.0246f,6.8418f,-0.124f,-0.2318f,0.9648f,1.3534f,0f,0f,0f,1f],start_interpolation: 0,interpolation_duration: 1}
$data merge entity $(right_forearm) {transformation: [-0.873f,-0.9411f,-0.4994f,-1.833f,0.9242f,-0.9901f,0.2503f,5.3214f,-0.53f,-0.1765f,1.259f,1.1556f,0f,0f,0f,1f],start_interpolation: 0,interpolation_duration: 1}
$data merge entity $(right_shoulder) {transformation: [-1.1686f,0.6338f,-0.6186f,-0.8048f,0.8471f,0.5013f,-1.0867f,5.7968f,-0.2582f,-1.2234f,-0.7657f,-0.2594f,0f,0f,0f,1f],start_interpolation: 0,interpolation_duration: 1}
$data merge entity $(right_arm) {transformation: [-0.9972f,-0.0318f,0.068f,-0.2511f,-0.0193f,0.984f,0.1771f,6.0943f,-0.0725f,0.1752f,-0.9818f,-0.176f,0f,0f,0f,1f],start_interpolation: 0,interpolation_duration: 1}
$data merge entity $(left_thumb_2) {transformation: [0.4512f,0.0215f,0.8921f,1.1672f,-0.8727f,-0.1984f,0.4462f,6.8835f,0.1866f,-0.9799f,-0.0707f,0.9289f,0f,0f,0f,1f],start_interpolation: 0,interpolation_duration: 1}
$data merge entity $(left_thumb) {transformation: [0.4512f,0.7834f,0.4274f,1.3463f,-0.8727f,0.2872f,0.3949f,7.0997f,0.1866f,-0.5512f,0.8132f,0.7124f,0f,0f,0f,1f],start_interpolation: 0,interpolation_duration: 1}
$data merge entity $(left_fingers2) {transformation: [-0.2433f,-0.5073f,0.8267f,1.115f,0.9689f,-0.1667f,0.1829f,6.9732f,0.045f,0.8455f,0.5321f,1.2668f,0f,0f,0f,1f],start_interpolation: 0,interpolation_duration: 1}
$data merge entity $(left_fingers) {transformation: [0.557f,-0.0795f,0.8267f,1.0827f,-0.1324f,0.9742f,0.1829f,7.2559f,-0.8199f,-0.2113f,0.5321f,1.2336f,0f,0f,0f,1f],start_interpolation: 0,interpolation_duration: 1}
$data merge entity $(left_hand) {transformation: [0.1278f,0.5479f,0.8267f,1.4564f,-0.982f,-0.047f,0.1829f,7.2302f,0.1391f,-0.8352f,0.5321f,0.7448f,0f,0f,0f,1f],start_interpolation: 0,interpolation_duration: 1}
$data merge entity $(left_forearm) {transformation: [0.621f,0.7622f,0.9647f,2.6651f,-1.0836f,-0.1712f,0.8329f,6.9577f,0.5808f,-1.1344f,0.5224f,-0.9204f,0f,0f,0f,1f],start_interpolation: 0,interpolation_duration: 1}
$data merge entity $(left_shoulder) {transformation: [0.5349f,-1.305f,-0.4009f,1.1948f,-1.3639f,-0.5295f,-0.0963f,6.0403f,-0.059f,0.408f,-1.4071f,-0.3896f,0f,0f,0f,1f],start_interpolation: 0,interpolation_duration: 1}
$data merge entity $(left_arm) {transformation: [-0.9972f,-0.0318f,0.068f,0.6315f,-0.0193f,0.984f,0.1771f,6.1114f,-0.0725f,0.1752f,-0.9818f,-0.1118f,0f,0f,0f,1f],start_interpolation: 0,interpolation_duration: 1}
$data merge entity $(chest) {transformation: [-1.2749f,-0.0407f,0.0869f,0.25f,-0.0247f,1.2581f,0.2264f,4.3318f,-0.0927f,0.2241f,-1.2553f,-0.4944f,0f,0f,0f,1f],start_interpolation: 0,interpolation_duration: 1}
$data merge entity $(left_cheek) {transformation: [-0.8951f,-0.1749f,0.4102f,0.7815f,-0.2665f,0.9473f,-0.1775f,3.4498f,-0.3575f,-0.2682f,-0.8946f,-0.6841f,0f,0f,0f,1f],start_interpolation: 0,interpolation_duration: 1}
$data merge entity $(left_foot) {transformation: [-1.0086f,0.0697f,-0.1523f,1.1175f,-0.0344f,0.8238f,0.6045f,-3.5636f,0.1639f,0.6014f,-0.8103f,1.9952f,0f,0f,0f,1f],start_interpolation: 0,interpolation_duration: 1}
$data merge entity $(left_knee) {transformation: [-3.0389f,-0.086f,-0.0981f,1.0818f,-0.0927f,3.0329f,0.2126f,0.6453f,0.0918f,0.2154f,-3.0327f,2.1666f,0f,0f,0f,1f],start_interpolation: 0,interpolation_duration: 1}
$data merge entity $(left_leg) {transformation: [-1.7169f,-0.0595f,0.0103f,0.9147f,-0.0471f,1.1382f,-1.2859f,2.5046f,0.0378f,-1.2854f,-1.1392f,0.1423f,0f,0f,0f,1f],start_interpolation: 0,interpolation_duration: 1}
$data merge entity $(right_cheek) {transformation: [-0.8476f,0.1353f,0.5132f,0.1712f,0.0841f,0.989f,-0.1217f,3.3748f,-0.524f,-0.06f,-0.8496f,-0.9521f,0f,0f,0f,1f],start_interpolation: 0,interpolation_duration: 1}
$data merge entity $(right_foot) {transformation: [-0.5857f,0.0416f,0.8369f,-0.8913f,0.1021f,1.017f,0.0209f,-4.154f,-0.8317f,0.0955f,-0.5868f,-1.6844f,0f,0f,0f,1f],start_interpolation: 0,interpolation_duration: 1}
$data merge entity $(right_knee) {transformation: [-1.9345f,-0.4112f,2.311f,-1.4213f,0.6097f,2.8039f,1.0092f,-0.2146f,-2.2667f,1.1051f,-1.7009f,-0.2896f,0f,0f,0f,1f],start_interpolation: 0,interpolation_duration: 1}
$data merge entity $(right_leg) {transformation: [-1.0926f,0.6611f,1.1491f,-0.3505f,0.3443f,1.5795f,-0.5813f,2.3186f,-1.2802f,-0.1394f,-1.1371f,-0.4263f,0f,0f,0f,1f],start_interpolation: 0,interpolation_duration: 1}
$data merge entity $(weist) {transformation: [-1.4667f,-0.0806f,0.6887f,0.25f,-0.2155f,1.5845f,-0.2735f,4.004f,-0.6591f,-0.3388f,-1.4432f,-0.5913f,0f,0f,0f,1f],start_interpolation: 0,interpolation_duration: 1}
data modify storage animated_java:temp entry.data merge value {"locators":{"consume":{"px":0.2625825447,"py":7.0553531174,"pz":1.5725746905,"ry":195.1785483655,"rx":-1.4087977516}}}
# Data Manager: Prepare for Read / Write
execute store result storage animated_java:temp args.id int 1 run scoreboard players get @s aj.id
# Data Manager: Write
function animated_java:global/data_manager/write with storage animated_java:temp args