# This file was generated by Animated Java via MC-Build. It is not recommended to edit this file directly.
$data merge entity $(neck) {transformation: [-0.9984f,-0.0448f,-0.0349f,0.1921f,-0.0544f,0.9319f,0.3587f,6.1423f,0.0164f,0.36f,-0.9328f,-0.1816f,0f,0f,0f,1f],start_interpolation: 0,interpolation_duration: 1}
$data merge entity $(right_thumb_2) {transformation: [-0.3205f,-0.5105f,-0.7979f,0.049f,0.8628f,-0.5049f,-0.0235f,6.7339f,-0.3909f,-0.696f,0.6023f,1.2443f,0f,0f,0f,1f],start_interpolation: 0,interpolation_duration: 1}
$data merge entity $(right_thumb) {transformation: [-0.3205f,-0.9463f,0.0431f,-0.3035f,0.8628f,-0.2728f,0.4255f,6.768f,-0.3909f,0.1736f,0.9039f,1.2294f,0f,0f,0f,1f],start_interpolation: 0,interpolation_duration: 1}
$data merge entity $(right_fingers2) {transformation: [0.3493f,0.9036f,-0.2478f,0.2396f,-0.934f,0.3568f,-0.0156f,6.9448f,0.0743f,0.2369f,0.9687f,1.4544f,0f,0f,0f,1f],start_interpolation: 0,interpolation_duration: 1}
$data merge entity $(right_fingers) {transformation: [0.7568f,-0.6049f,-0.2478f,0.0867f,0.6212f,0.7835f,-0.0156f,7.1855f,0.2036f,-0.1421f,0.9687f,1.4267f,0f,0f,0f,1f],start_interpolation: 0,interpolation_duration: 1}
$data merge entity $(scout) {transformation: [0f,0f,0f,0.1193f,0f,0f,0f,7.0112f,0f,0f,0f,1.5424f,0f,0f,0f,1f],start_interpolation: 0,interpolation_duration: 1}
$data merge entity $(right_hand) {transformation: [-0.5366f,-0.8066f,-0.2478f,-0.417f,0.8347f,-0.5505f,-0.0156f,6.8425f,-0.1239f,-0.2152f,0.9687f,1.338f,0f,0f,0f,1f],start_interpolation: 0,interpolation_duration: 1}
$data merge entity $(right_forearm) {transformation: [-0.8796f,-0.9445f,-0.4809f,-1.8203f,0.9203f,-0.9906f,0.2622f,5.3219f,-0.5257f,-0.1539f,1.2638f,1.1742f,0f,0f,0f,1f],start_interpolation: 0,interpolation_duration: 1}
$data merge entity $(right_shoulder) {transformation: [-1.173f,0.6224f,-0.6218f,-0.805f,0.8432f,0.4996f,-1.0906f,5.7961f,-0.2511f,-1.23f,-0.7576f,-0.2505f,0f,0f,0f,1f],start_interpolation: 0,interpolation_duration: 1}
$data merge entity $(right_arm) {transformation: [-0.9977f,-0.0318f,0.0595f,-0.2511f,-0.0209f,0.9842f,0.176f,6.0945f,-0.0641f,0.1744f,-0.9826f,-0.1721f,0f,0f,0f,1f],start_interpolation: 0,interpolation_duration: 1}
$data merge entity $(left_thumb_2) {transformation: [0.4849f,-0.0197f,0.8743f,1.2039f,-0.8574f,-0.2077f,0.4708f,6.9035f,0.1723f,-0.978f,-0.1176f,0.9056f,0f,0f,0f,1f],start_interpolation: 0,interpolation_duration: 1}
$data merge entity $(left_thumb) {transformation: [0.4849f,0.7473f,0.4542f,1.366f,-0.8574f,0.3039f,0.4153f,7.1225f,0.1723f,-0.5909f,0.7882f,0.6788f,0f,0f,0f,1f],start_interpolation: 0,interpolation_duration: 1}
$data merge entity $(left_fingers2) {transformation: [-0.2691f,-0.4611f,0.8456f,1.1653f,0.9619f,-0.1725f,0.212f,6.9951f,0.0481f,0.8704f,0.4899f,1.2448f,0f,0f,0f,1f],start_interpolation: 0,interpolation_duration: 1}
$data merge entity $(left_fingers) {transformation: [0.5206f,-0.118f,0.8456f,1.1232f,-0.1247f,0.9693f,0.212f,7.2764f,-0.8446f,-0.2158f,0.4899f,1.2107f,0f,0f,0f,1f],start_interpolation: 0,interpolation_duration: 1}
$data merge entity $(left_hand) {transformation: [0.1629f,0.5084f,0.8456f,1.4737f,-0.9765f,-0.0398f,0.212f,7.2564f,0.1414f,-0.8602f,0.4899f,0.7047f,0f,0f,0f,1f],start_interpolation: 0,interpolation_duration: 1}
$data merge entity $(left_forearm) {transformation: [0.6795f,0.7116f,0.9639f,2.6086f,-1.0593f,-0.1608f,0.8655f,7.0017f,0.5597f,-1.1683f,0.4679f,-1.0144f,0f,0f,0f,1f],start_interpolation: 0,interpolation_duration: 1}
$data merge entity $(left_shoulder) {transformation: [0.571f,-1.2679f,-0.4649f,1.1928f,-1.3485f,-0.5625f,-0.1221f,6.048f,-0.0727f,0.4751f,-1.3852f,-0.4052f,0f,0f,0f,1f],start_interpolation: 0,interpolation_duration: 1}
$data merge entity $(left_arm) {transformation: [-0.9977f,-0.0318f,0.0595f,0.632f,-0.0209f,0.9842f,0.176f,6.113f,-0.0641f,0.1744f,-0.9826f,-0.1154f,0f,0f,0f,1f],start_interpolation: 0,interpolation_duration: 1}
$data merge entity $(chest) {transformation: [-1.2756f,-0.0407f,0.076f,0.25f,-0.0267f,1.2583f,0.225f,4.3324f,-0.082f,0.2229f,-1.2563f,-0.4926f,0f,0f,0f,1f],start_interpolation: 0,interpolation_duration: 1}
$data merge entity $(left_cheek) {transformation: [-0.8956f,-0.175f,0.4091f,0.7813f,-0.2663f,0.9474f,-0.1777f,3.4496f,-0.3565f,-0.268f,-0.895f,-0.6847f,0f,0f,0f,1f],start_interpolation: 0,interpolation_duration: 1}
$data merge entity $(left_foot) {transformation: [-1.0084f,0.0706f,-0.1531f,1.1187f,-0.0341f,0.8238f,0.6045f,-3.5637f,0.1651f,0.6013f,-0.8102f,1.9945f,0f,0f,0f,1f],start_interpolation: 0,interpolation_duration: 1}
$data merge entity $(left_knee) {transformation: [-3.0389f,-0.0849f,-0.1017f,1.0842f,-0.0919f,3.0329f,0.2125f,0.6452f,0.0955f,0.2154f,-3.0326f,2.1658f,0f,0f,0f,1f],start_interpolation: 0,interpolation_duration: 1}
$data merge entity $(left_leg) {transformation: [-1.7169f,-0.0608f,0.0086f,0.9152f,-0.0467f,1.1382f,-1.286f,2.5044f,0.0398f,-1.2854f,-1.1391f,0.1415f,0f,0f,0f,1f],start_interpolation: 0,interpolation_duration: 1}
$data merge entity $(right_cheek) {transformation: [-0.8482f,0.1354f,0.5121f,0.1706f,0.0843f,0.989f,-0.1219f,3.3748f,-0.523f,-0.0602f,-0.8502f,-0.952f,0f,0f,0f,1f],start_interpolation: 0,interpolation_duration: 1}
$data merge entity $(right_foot) {transformation: [-0.5867f,0.042f,0.8362f,-0.8947f,0.1022f,1.017f,0.0207f,-4.1538f,-0.831f,0.0954f,-0.5878f,-1.6826f,0f,0f,0f,1f],start_interpolation: 0,interpolation_duration: 1}
$data merge entity $(right_knee) {transformation: [-1.9371f,-0.4091f,2.3092f,-1.4221f,0.6101f,2.8041f,1.0086f,-0.2141f,-2.2644f,1.1054f,-1.7037f,-0.2874f,0f,0f,0f,1f],start_interpolation: 0,interpolation_duration: 1}
$data merge entity $(right_leg) {transformation: [-1.0941f,0.6613f,1.1476f,-0.3507f,0.3446f,1.5794f,-0.5816f,2.3188f,-1.2789f,-0.1402f,-1.1384f,-0.4255f,0f,0f,0f,1f],start_interpolation: 0,interpolation_duration: 1}
$data merge entity $(weist) {transformation: [-1.4675f,-0.0806f,0.6869f,0.25f,-0.2152f,1.5845f,-0.2738f,4.004f,-0.6573f,-0.3388f,-1.444f,-0.5913f,0f,0f,0f,1f],start_interpolation: 0,interpolation_duration: 1}
data modify storage animated_java:temp entry.data merge value {"locators":{"consume":{"px":0.282794442,"py":7.0572150622,"pz":1.5451317311,"ry":194.3485778454,"rx":-0.8920477806}}}
# Data Manager: Prepare for Read / Write
execute store result storage animated_java:temp args.id int 1 run scoreboard players get @s aj.id
# Data Manager: Write
function animated_java:global/data_manager/write with storage animated_java:temp args