# This file was generated by Animated Java via MC-Build. It is not recommended to edit this file directly.
$data merge entity $(neck) {transformation: [-0.9982f,-0.0437f,-0.0413f,0.192f,-0.0555f,0.9335f,0.3543f,6.1428f,0.0231f,0.3559f,-0.9342f,-0.1817f,0f,0f,0f,1f],start_interpolation: 0,interpolation_duration: 1}
$data merge entity $(right_thumb_2) {transformation: [-0.3239f,-0.5187f,-0.7912f,0.0614f,0.8602f,-0.5097f,-0.018f,6.7332f,-0.3939f,-0.6864f,0.6113f,1.2276f,0f,0f,0f,1f],start_interpolation: 0,interpolation_duration: 1}
$data merge entity $(right_thumb) {transformation: [-0.3239f,-0.9446f,0.0536f,-0.2912f,0.8602f,-0.2704f,0.4324f,6.7677f,-0.3939f,0.1862f,0.9001f,1.2164f,0f,0f,0f,1f],start_interpolation: 0,interpolation_duration: 1}
$data merge entity $(right_fingers2) {transformation: [0.3492f,0.9066f,-0.237f,0.2545f,-0.9338f,0.3576f,-0.0079f,6.9456f,0.0776f,0.2241f,0.9715f,1.4339f,0f,0f,0f,1f],start_interpolation: 0,interpolation_duration: 1}
$data merge entity $(right_fingers) {transformation: [0.7596f,-0.6056f,-0.237f,0.1017f,0.6218f,0.7831f,-0.0079f,7.1862f,0.1904f,-0.1414f,0.9715f,1.4061f,0f,0f,0f,1f],start_interpolation: 0,interpolation_duration: 1}
$data merge entity $(scout) {transformation: [0f,0f,0f,0.1353f,0f,0f,0f,7.0128f,0f,0f,0f,1.5227f,0f,0f,0f,1f],start_interpolation: 0,interpolation_duration: 1}
$data merge entity $(right_hand) {transformation: [-0.5371f,-0.8095f,-0.237f,-0.4033f,0.8343f,-0.5512f,-0.0079f,6.8431f,-0.1243f,-0.202f,0.9715f,1.3256f,0f,0f,0f,1f],start_interpolation: 0,interpolation_duration: 1}
$data merge entity $(right_forearm) {transformation: [-0.8845f,-0.9472f,-0.4665f,-1.81f,0.9173f,-0.9907f,0.2724f,5.3229f,-0.5229f,-0.1358f,1.267f,1.1889f,0f,0f,0f,1f],start_interpolation: 0,interpolation_duration: 1}
$data merge entity $(right_shoulder) {transformation: [-1.1763f,0.6133f,-0.6246f,-0.8051f,0.8402f,0.4975f,-1.0938f,5.7953f,-0.2456f,-1.2354f,-0.7505f,-0.2436f,0f,0f,0f,1f],start_interpolation: 0,interpolation_duration: 1}
$data merge entity $(right_arm) {transformation: [-0.9981f,-0.0318f,0.0528f,-0.251f,-0.0221f,0.9843f,0.175f,6.0944f,-0.0575f,0.1735f,-0.9832f,-0.1693f,0f,0f,0f,1f],start_interpolation: 0,interpolation_duration: 1}
$data merge entity $(left_thumb_2) {transformation: [0.5093f,-0.0498f,0.8592f,1.23f,-0.8453f,-0.2161f,0.4886f,6.9197f,0.1613f,-0.9751f,-0.1522f,0.8858f,0f,0f,0f,1f],start_interpolation: 0,interpolation_duration: 1}
$data merge entity $(left_thumb) {transformation: [0.5093f,0.7191f,0.4727f,1.3791f,-0.8453f,0.3151f,0.4314f,7.1403f,0.1613f,-0.6193f,0.7684f,0.6518f,0f,0f,0f,1f],start_interpolation: 0,interpolation_duration: 1}
$data merge entity $(left_fingers2) {transformation: [-0.2881f,-0.4261f,0.8576f,1.2015f,0.9563f,-0.1753f,0.2341f,7.0133f,0.0505f,0.8875f,0.4579f,1.2255f,0f,0f,0f,1f],start_interpolation: 0,interpolation_duration: 1}
$data merge entity $(left_fingers) {transformation: [0.493f,-0.1466f,0.8576f,1.1521f,-0.1204f,0.9647f,0.2341f,7.2933f,-0.8617f,-0.2187f,0.4579f,1.1908f,0f,0f,0f,1f],start_interpolation: 0,interpolation_duration: 1}
$data merge entity $(left_hand) {transformation: [0.189f,0.4783f,0.8576f,1.4847f,-0.9715f,-0.0359f,0.2341f,7.2767f,0.1428f,-0.8775f,0.4579f,0.6729f,0f,0f,0f,1f],start_interpolation: 0,interpolation_duration: 1}
$data merge entity $(left_forearm) {transformation: [0.7218f,0.673f,0.9608f,2.5633f,-1.0398f,-0.1551f,0.8898f,7.0324f,0.543f,-1.1917f,0.4269f,-1.0837f,0f,0f,0f,1f],start_interpolation: 0,interpolation_duration: 1}
$data merge entity $(left_shoulder) {transformation: [0.5973f,-1.2377f,-0.5109f,1.191f,-1.3365f,-0.5858f,-0.1435f,6.0534f,-0.083f,0.5241f,-1.3668f,-0.4174f,0f,0f,0f,1f],start_interpolation: 0,interpolation_duration: 1}
$data merge entity $(left_arm) {transformation: [-0.9981f,-0.0318f,0.0528f,0.6324f,-0.0221f,0.9843f,0.175f,6.114f,-0.0575f,0.1735f,-0.9832f,-0.1184f,0f,0f,0f,1f],start_interpolation: 0,interpolation_duration: 1}
$data merge entity $(chest) {transformation: [-1.2761f,-0.0407f,0.0675f,0.25f,-0.0283f,1.2585f,0.2237f,4.3326f,-0.0735f,0.2218f,-1.257f,-0.4912f,0f,0f,0f,1f],start_interpolation: 0,interpolation_duration: 1}
$data merge entity $(left_cheek) {transformation: [-0.896f,-0.1751f,0.4082f,0.7811f,-0.2661f,0.9474f,-0.1778f,3.4495f,-0.3556f,-0.2679f,-0.8954f,-0.6852f,0f,0f,0f,1f],start_interpolation: 0,interpolation_duration: 1}
$data merge entity $(left_foot) {transformation: [-1.0082f,0.0713f,-0.1538f,1.1196f,-0.0339f,0.8238f,0.6045f,-3.5638f,0.1661f,0.6012f,-0.8101f,1.994f,0f,0f,0f,1f],start_interpolation: 0,interpolation_duration: 1}
$data merge entity $(left_knee) {transformation: [-3.0388f,-0.0841f,-0.1045f,1.0861f,-0.0912f,3.0329f,0.2124f,0.6452f,0.0983f,0.2153f,-3.0325f,2.1651f,0f,0f,0f,1f],start_interpolation: 0,interpolation_duration: 1}
$data merge entity $(left_leg) {transformation: [-1.7168f,-0.0617f,0.0072f,0.9156f,-0.0463f,1.1381f,-1.286f,2.5043f,0.0414f,-1.2854f,-1.1391f,0.141f,0f,0f,0f,1f],start_interpolation: 0,interpolation_duration: 1}
$data merge entity $(right_cheek) {transformation: [-0.8486f,0.1356f,0.5113f,0.1701f,0.0845f,0.9889f,-0.122f,3.3749f,-0.5222f,-0.0604f,-0.8507f,-0.9519f,0f,0f,0f,1f],start_interpolation: 0,interpolation_duration: 1}
$data merge entity $(right_foot) {transformation: [-0.5875f,0.0423f,0.8357f,-0.8974f,0.1023f,1.017f,0.0205f,-4.1536f,-0.8305f,0.0953f,-0.5886f,-1.6812f,0f,0f,0f,1f],start_interpolation: 0,interpolation_duration: 1}
$data merge entity $(right_knee) {transformation: [-1.9391f,-0.4075f,2.3078f,-1.4226f,0.6104f,2.8042f,1.008f,-0.2138f,-2.2626f,1.1057f,-1.7059f,-0.2856f,0f,0f,0f,1f],start_interpolation: 0,interpolation_duration: 1}
$data merge entity $(right_leg) {transformation: [-1.0952f,0.6615f,1.1464f,-0.3509f,0.3447f,1.5792f,-0.5819f,2.3189f,-1.2779f,-0.1409f,-1.1395f,-0.4248f,0f,0f,0f,1f],start_interpolation: 0,interpolation_duration: 1}
$data merge entity $(weist) {transformation: [-1.4682f,-0.0806f,0.6855f,0.25f,-0.2149f,1.5845f,-0.274f,4.004f,-0.6559f,-0.3387f,-1.4446f,-0.5913f,0f,0f,0f,1f],start_interpolation: 0,interpolation_duration: 1}
data modify storage animated_java:temp entry.data merge value {"locators":{"consume":{"px":0.298885364,"py":7.0586202883,"pz":1.5233081074,"ry":193.7120541053,"rx":-0.4534783414}}}
# Data Manager: Prepare for Read / Write
execute store result storage animated_java:temp args.id int 1 run scoreboard players get @s aj.id
# Data Manager: Write
function animated_java:global/data_manager/write with storage animated_java:temp args