# This file was generated by Animated Java via MC-Build. It is not recommended to edit this file directly.
$data merge entity $(neck) {transformation: [-0.998f,-0.0429f,-0.0462f,0.192f,-0.0564f,0.9348f,0.3507f,6.1429f,0.0282f,0.3526f,-0.9353f,-0.1819f,0f,0f,0f,1f],start_interpolation: 0,interpolation_duration: 1}
$data merge entity $(right_thumb_2) {transformation: [-0.3262f,-0.5249f,-0.7862f,0.0712f,0.8581f,-0.5134f,-0.0133f,6.7326f,-0.3966f,-0.6789f,0.6178f,1.2148f,0f,0f,0f,1f],start_interpolation: 0,interpolation_duration: 1}
$data merge entity $(right_thumb) {transformation: [-0.3262f,-0.9433f,0.0614f,-0.2815f,0.8581f,-0.2682f,0.4379f,6.7673f,-0.3966f,0.1956f,0.8969f,1.2063f,0f,0f,0f,1f],start_interpolation: 0,interpolation_duration: 1}
$data merge entity $(right_fingers2) {transformation: [0.3488f,0.9088f,-0.2291f,0.2662f,-0.9337f,0.358f,-0.0016f,6.946f,0.0806f,0.2144f,0.9734f,1.4183f,0f,0f,0f,1f],start_interpolation: 0,interpolation_duration: 1}
$data merge entity $(right_fingers) {transformation: [0.7618f,-0.6059f,-0.2291f,0.1134f,0.6222f,0.7829f,-0.0016f,7.1866f,0.1803f,-0.1413f,0.9734f,1.3902f,0f,0f,0f,1f],start_interpolation: 0,interpolation_duration: 1}
$data merge entity $(scout) {transformation: [0f,0f,0f,0.1478f,0f,0f,0f,7.0139f,0f,0f,0f,1.5076f,0f,0f,0f,1f],start_interpolation: 0,interpolation_duration: 1}
$data merge entity $(right_hand) {transformation: [-0.5372f,-0.8117f,-0.2291f,-0.3926f,0.8341f,-0.5516f,-0.0016f,6.8436f,-0.1251f,-0.1919f,0.9734f,1.316f,0f,0f,0f,1f],start_interpolation: 0,interpolation_duration: 1}
$data merge entity $(right_forearm) {transformation: [-0.8878f,-0.9493f,-0.4559f,-1.8019f,0.915f,-0.9905f,0.2808f,5.3241f,-0.5214f,-0.1218f,1.269f,1.2004f,0f,0f,0f,1f],start_interpolation: 0,interpolation_duration: 1}
$data merge entity $(right_shoulder) {transformation: [-1.1788f,0.6061f,-0.6269f,-0.8052f,0.8379f,0.4954f,-1.0965f,5.7945f,-0.2415f,-1.2398f,-0.7447f,-0.2386f,0f,0f,0f,1f],start_interpolation: 0,interpolation_duration: 1}
$data merge entity $(right_arm) {transformation: [-0.9984f,-0.0318f,0.0477f,-0.251f,-0.0231f,0.9844f,0.1742f,6.0941f,-0.0525f,0.1728f,-0.9836f,-0.1672f,0f,0f,0f,1f],start_interpolation: 0,interpolation_duration: 1}
$data merge entity $(left_thumb_2) {transformation: [0.5256f,-0.0703f,0.8478f,1.2473f,-0.8368f,-0.2226f,0.5003f,6.9314f,0.1535f,-0.9724f,-0.1758f,0.8708f,0f,0f,0f,1f],start_interpolation: 0,interpolation_duration: 1}
$data merge entity $(left_thumb) {transformation: [0.5256f,0.6991f,0.4848f,1.3875f,-0.8368f,0.322f,0.4429f,7.1528f,0.1535f,-0.6384f,0.7542f,0.632f,0f,0f,0f,1f],start_interpolation: 0,interpolation_duration: 1}
$data merge entity $(left_fingers2) {transformation: [-0.301f,-0.4017f,0.8649f,1.2257f,0.9522f,-0.1763f,0.2495f,7.0266f,0.0523f,0.8986f,0.4356f,1.2105f,0f,0f,0f,1f],start_interpolation: 0,interpolation_duration: 1}
$data merge entity $(left_fingers) {transformation: [0.4736f,-0.1663f,0.8649f,1.1713f,-0.1182f,0.9611f,0.2495f,7.3056f,-0.8728f,-0.2204f,0.4356f,1.1756f,0f,0f,0f,1f],start_interpolation: 0,interpolation_duration: 1}
$data merge entity $(left_hand) {transformation: [0.2069f,0.4573f,0.8649f,1.4915f,-0.9678f,-0.034f,0.2495f,7.2909f,0.1435f,-0.8887f,0.4356f,0.6497f,0f,0f,0f,1f],start_interpolation: 0,interpolation_duration: 1}
$data merge entity $(left_forearm) {transformation: [0.7503f,0.6461f,0.9575f,2.5305f,-1.0258f,-0.1521f,0.9065f,7.0522f,0.531f,-1.2069f,0.3983f,-1.1312f,0f,0f,0f,1f],start_interpolation: 0,interpolation_duration: 1}
$data merge entity $(left_shoulder) {transformation: [0.615f,-1.2157f,-0.5418f,1.1897f,-1.328f,-0.6009f,-0.1591f,6.057f,-0.0901f,0.5574f,-1.3531f,-0.4262f,0f,0f,0f,1f],start_interpolation: 0,interpolation_duration: 1}
$data merge entity $(left_arm) {transformation: [-0.9984f,-0.0318f,0.0477f,0.6327f,-0.0231f,0.9844f,0.1742f,6.1146f,-0.0525f,0.1728f,-0.9836f,-0.1208f,0f,0f,0f,1f],start_interpolation: 0,interpolation_duration: 1}
$data merge entity $(chest) {transformation: [-1.2764f,-0.0407f,0.061f,0.25f,-0.0295f,1.2587f,0.2227f,4.3325f,-0.0671f,0.2209f,-1.2575f,-0.49f,0f,0f,0f,1f],start_interpolation: 0,interpolation_duration: 1}
$data merge entity $(left_cheek) {transformation: [-0.8962f,-0.1751f,0.4075f,0.7809f,-0.266f,0.9474f,-0.1779f,3.4495f,-0.355f,-0.2678f,-0.8957f,-0.6856f,0f,0f,0f,1f],start_interpolation: 0,interpolation_duration: 1}
$data merge entity $(left_foot) {transformation: [-1.0081f,0.0719f,-0.1543f,1.1203f,-0.0338f,0.8238f,0.6045f,-3.5638f,0.1668f,0.6011f,-0.81f,1.9936f,0f,0f,0f,1f],start_interpolation: 0,interpolation_duration: 1}
$data merge entity $(left_knee) {transformation: [-3.0387f,-0.0835f,-0.1066f,1.0876f,-0.0908f,3.033f,0.2123f,0.6451f,0.1005f,0.2153f,-3.0324f,2.1646f,0f,0f,0f,1f],start_interpolation: 0,interpolation_duration: 1}
$data merge entity $(left_leg) {transformation: [-1.7168f,-0.0625f,0.0062f,0.9159f,-0.0461f,1.1381f,-1.2861f,2.5042f,0.0427f,-1.2854f,-1.139f,0.1405f,0f,0f,0f,1f],start_interpolation: 0,interpolation_duration: 1}
$data merge entity $(right_cheek) {transformation: [-0.849f,0.1357f,0.5107f,0.1698f,0.0846f,0.9889f,-0.1221f,3.3749f,-0.5216f,-0.0605f,-0.8511f,-0.9518f,0f,0f,0f,1f],start_interpolation: 0,interpolation_duration: 1}
$data merge entity $(right_foot) {transformation: [-0.588f,0.0425f,0.8353f,-0.8994f,0.1023f,1.017f,0.0203f,-4.1534f,-0.8301f,0.0953f,-0.5892f,-1.6801f,0f,0f,0f,1f],start_interpolation: 0,interpolation_duration: 1}
$data merge entity $(right_knee) {transformation: [-1.9406f,-0.4063f,2.3067f,-1.4231f,0.6106f,2.8043f,1.0076f,-0.2135f,-2.2613f,1.1059f,-1.7076f,-0.2843f,0f,0f,0f,1f],start_interpolation: 0,interpolation_duration: 1}
$data merge entity $(right_leg) {transformation: [-1.0961f,0.6617f,1.1455f,-0.351f,0.3449f,1.5791f,-0.5821f,2.319f,-1.2772f,-0.1414f,-1.1403f,-0.4244f,0f,0f,0f,1f],start_interpolation: 0,interpolation_duration: 1}
$data merge entity $(weist) {transformation: [-1.4687f,-0.0806f,0.6845f,0.25f,-0.2147f,1.5845f,-0.2741f,4.004f,-0.6549f,-0.3387f,-1.4451f,-0.5913f,0f,0f,0f,1f],start_interpolation: 0,interpolation_duration: 1}
data modify storage animated_java:temp entry.data merge value {"locators":{"consume":{"px":0.3114148725,"py":7.0595601202,"pz":1.5065775197,"ry":193.2430867952,"rx":-0.0903896201}}}
# Data Manager: Prepare for Read / Write
execute store result storage animated_java:temp args.id int 1 run scoreboard players get @s aj.id
# Data Manager: Write
function animated_java:global/data_manager/write with storage animated_java:temp args