# This file was generated by Animated Java via MC-Build. It is not recommended to edit this file directly.
$data merge entity $(neck) {transformation: [-0.9979f,-0.0423f,-0.0497f,0.1919f,-0.057f,0.9357f,0.3481f,6.1427f,0.0318f,0.3502f,-0.9361f,-0.1821f,0f,0f,0f,1f],start_interpolation: 0,interpolation_duration: 1}
$data merge entity $(right_thumb_2) {transformation: [-0.3277f,-0.5292f,-0.7827f,0.0787f,0.8564f,-0.5162f,-0.0095f,6.7319f,-0.399f,-0.6734f,0.6224f,1.2056f,0f,0f,0f,1f],start_interpolation: 0,interpolation_duration: 1}
$data merge entity $(right_thumb) {transformation: [-0.3277f,-0.9424f,0.067f,-0.2741f,0.8564f,-0.2663f,0.4423f,6.7669f,-0.399f,0.2023f,0.8944f,1.1989f,0f,0f,0f,1f],start_interpolation: 0,interpolation_duration: 1}
$data merge entity $(right_fingers2) {transformation: [0.3484f,0.9103f,-0.2235f,0.275f,-0.9336f,0.3582f,0.0035f,6.9461f,0.0832f,0.2075f,0.9747f,1.4069f,0f,0f,0f,1f],start_interpolation: 0,interpolation_duration: 1}
$data merge entity $(right_fingers) {transformation: [0.7634f,-0.606f,-0.2235f,0.1222f,0.6224f,0.7827f,0.0035f,7.1867f,0.1729f,-0.1418f,0.9747f,1.3785f,0f,0f,0f,1f],start_interpolation: 0,interpolation_duration: 1}
$data merge entity $(scout) {transformation: [0f,0f,0f,0.1571f,0f,0f,0f,7.0146f,0f,0f,0f,1.4966f,0f,0f,0f,1f],start_interpolation: 0,interpolation_duration: 1}
$data merge entity $(right_hand) {transformation: [-0.5372f,-0.8133f,-0.2235f,-0.3845f,0.834f,-0.5518f,0.0035f,6.8438f,-0.1262f,-0.1846f,0.9747f,1.3089f,0f,0f,0f,1f],start_interpolation: 0,interpolation_duration: 1}
$data merge entity $(right_forearm) {transformation: [-0.8899f,-0.9509f,-0.4484f,-1.7959f,0.9132f,-0.9902f,0.2876f,5.3251f,-0.5209f,-0.1115f,1.2702f,1.2088f,0f,0f,0f,1f],start_interpolation: 0,interpolation_duration: 1}
$data merge entity $(right_shoulder) {transformation: [-1.1805f,0.6008f,-0.6286f,-0.8052f,0.8362f,0.4935f,-1.0987f,5.7936f,-0.2386f,-1.2431f,-0.74f,-0.2349f,0f,0f,0f,1f],start_interpolation: 0,interpolation_duration: 1}
$data merge entity $(right_arm) {transformation: [-0.9985f,-0.0318f,0.0441f,-0.2509f,-0.0237f,0.9845f,0.1735f,6.0937f,-0.0489f,0.1722f,-0.9838f,-0.1658f,0f,0f,0f,1f],start_interpolation: 0,interpolation_duration: 1}
$data merge entity $(left_thumb_2) {transformation: [0.5351f,-0.0825f,0.8408f,1.2576f,-0.8316f,-0.2267f,0.507f,6.9385f,0.1487f,-0.9705f,-0.1899f,0.861f,0f,0f,0f,1f],start_interpolation: 0,interpolation_duration: 1}
$data merge entity $(left_thumb) {transformation: [0.5351f,0.6869f,0.4919f,1.3923f,-0.8316f,0.3257f,0.4498f,7.1602f,0.1487f,-0.6497f,0.7455f,0.6194f,0f,0f,0f,1f],start_interpolation: 0,interpolation_duration: 1}
$data merge entity $(left_fingers2) {transformation: [-0.3085f,-0.387f,0.8689f,1.2401f,0.9497f,-0.1765f,0.2586f,7.0346f,0.0533f,0.905f,0.422f,1.2007f,0f,0f,0f,1f],start_interpolation: 0,interpolation_duration: 1}
$data merge entity $(left_fingers) {transformation: [0.4618f,-0.1778f,0.8689f,1.1828f,-0.1172f,0.9589f,0.2586f,7.3131f,-0.8792f,-0.2213f,0.422f,1.1655f,0f,0f,0f,1f],start_interpolation: 0,interpolation_duration: 1}
$data merge entity $(left_hand) {transformation: [0.2174f,0.4446f,0.8689f,1.4954f,-0.9654f,-0.0332f,0.2586f,7.2993f,0.1438f,-0.8951f,0.422f,0.6351f,0f,0f,0f,1f],start_interpolation: 0,interpolation_duration: 1}
$data merge entity $(left_forearm) {transformation: [0.7668f,0.6297f,0.9553f,2.5104f,-1.0174f,-0.1509f,0.9161f,7.0631f,0.5235f,-1.2156f,0.3811f,-1.16f,0f,0f,0f,1f],start_interpolation: 0,interpolation_duration: 1}
$data merge entity $(left_shoulder) {transformation: [0.6252f,-1.2022f,-0.5601f,1.1887f,-1.3229f,-0.6094f,-0.1686f,6.0589f,-0.0945f,0.5772f,-1.3445f,-0.432f,0f,0f,0f,1f],start_interpolation: 0,interpolation_duration: 1}
$data merge entity $(left_arm) {transformation: [-0.9985f,-0.0318f,0.0441f,0.6329f,-0.0237f,0.9845f,0.1735f,6.1147f,-0.0489f,0.1722f,-0.9838f,-0.1225f,0f,0f,0f,1f],start_interpolation: 0,interpolation_duration: 1}
$data merge entity $(chest) {transformation: [-1.2767f,-0.0407f,0.0563f,0.25f,-0.0304f,1.2588f,0.2219f,4.3321f,-0.0625f,0.2202f,-1.2579f,-0.4892f,0f,0f,0f,1f],start_interpolation: 0,interpolation_duration: 1}
$data merge entity $(left_cheek) {transformation: [-0.8965f,-0.1751f,0.4071f,0.7808f,-0.2659f,0.9474f,-0.1779f,3.4494f,-0.3545f,-0.2678f,-0.8959f,-0.6858f,0f,0f,0f,1f],start_interpolation: 0,interpolation_duration: 1}
$data merge entity $(left_foot) {transformation: [-1.008f,0.0723f,-0.1546f,1.1207f,-0.0336f,0.8238f,0.6045f,-3.5639f,0.1673f,0.6011f,-0.8099f,1.9933f,0f,0f,0f,1f],start_interpolation: 0,interpolation_duration: 1}
$data merge entity $(left_knee) {transformation: [-3.0387f,-0.083f,-0.1082f,1.0886f,-0.0904f,3.033f,0.2123f,0.6451f,0.102f,0.2153f,-3.0324f,2.1643f,0f,0f,0f,1f],start_interpolation: 0,interpolation_duration: 1}
$data merge entity $(left_leg) {transformation: [-1.7168f,-0.063f,0.0055f,0.9161f,-0.0459f,1.1381f,-1.2861f,2.5042f,0.0435f,-1.2854f,-1.139f,0.1402f,0f,0f,0f,1f],start_interpolation: 0,interpolation_duration: 1}
$data merge entity $(right_cheek) {transformation: [-0.8493f,0.1358f,0.5102f,0.1695f,0.0847f,0.9889f,-0.1222f,3.3749f,-0.5211f,-0.0606f,-0.8513f,-0.9517f,0f,0f,0f,1f],start_interpolation: 0,interpolation_duration: 1}
$data merge entity $(right_foot) {transformation: [-0.5884f,0.0426f,0.835f,-0.9009f,0.1024f,1.017f,0.0202f,-4.1533f,-0.8298f,0.0952f,-0.5896f,-1.6794f,0f,0f,0f,1f],start_interpolation: 0,interpolation_duration: 1}
$data merge entity $(right_knee) {transformation: [-1.9417f,-0.4054f,2.306f,-1.4234f,0.6108f,2.8044f,1.0073f,-0.2133f,-2.2603f,1.1061f,-1.7088f,-0.2834f,0f,0f,0f,1f],start_interpolation: 0,interpolation_duration: 1}
$data merge entity $(right_leg) {transformation: [-1.0967f,0.6618f,1.1449f,-0.3511f,0.345f,1.579f,-0.5823f,2.3191f,-1.2766f,-0.1418f,-1.1409f,-0.424f,0f,0f,0f,1f],start_interpolation: 0,interpolation_duration: 1}
$data merge entity $(weist) {transformation: [-1.469f,-0.0806f,0.6837f,0.25f,-0.2146f,1.5845f,-0.2742f,4.004f,-0.6541f,-0.3387f,-1.4455f,-0.5913f,0f,0f,0f,1f],start_interpolation: 0,interpolation_duration: 1}
data modify storage animated_java:temp entry.data merge value {"locators":{"consume":{"px":0.3208063156,"py":7.060069055,"pz":1.4944005818,"ry":192.917330746,"rx":0.1994671655}}}
# Data Manager: Prepare for Read / Write
execute store result storage animated_java:temp args.id int 1 run scoreboard players get @s aj.id
# Data Manager: Write
function animated_java:global/data_manager/write with storage animated_java:temp args