# This file was generated by Animated Java via MC-Build. It is not recommended to edit this file directly.
$data merge entity $(neck) {transformation: [-0.9978f,-0.0419f,-0.0519f,0.1919f,-0.0574f,0.9363f,0.3465f,6.1423f,0.0341f,0.3487f,-0.9366f,-0.182f,0f,0f,0f,1f],start_interpolation: 0,interpolation_duration: 1}
$data merge entity $(right_thumb_2) {transformation: [-0.3284f,-0.532f,-0.7805f,0.084f,0.8552f,-0.5183f,-0.0065f,6.7312f,-0.401f,-0.6696f,0.6252f,1.1996f,0f,0f,0f,1f],start_interpolation: 0,interpolation_duration: 1}
$data merge entity $(right_thumb) {transformation: [-0.3284f,-0.9419f,0.0705f,-0.2688f,0.8552f,-0.2648f,0.4456f,6.7665f,-0.401f,0.2066f,0.8924f,1.194f,0f,0f,0f,1f],start_interpolation: 0,interpolation_duration: 1}
$data merge entity $(right_fingers2) {transformation: [0.3479f,0.9113f,-0.22f,0.2812f,-0.9336f,0.3582f,0.0073f,6.946f,0.0855f,0.2029f,0.9755f,1.3993f,0f,0f,0f,1f],start_interpolation: 0,interpolation_duration: 1}
$data merge entity $(right_fingers) {transformation: [0.7645f,-0.6059f,-0.22f,0.1285f,0.6224f,0.7827f,0.0073f,7.1866f,0.1678f,-0.1425f,0.9755f,1.3706f,0f,0f,0f,1f],start_interpolation: 0,interpolation_duration: 1}
$data merge entity $(scout) {transformation: [0f,0f,0f,0.1637f,0f,0f,0f,7.0148f,0f,0f,0f,1.4892f,0f,0f,0f,1f],start_interpolation: 0,interpolation_duration: 1}
$data merge entity $(right_hand) {transformation: [-0.5369f,-0.8144f,-0.22f,-0.3788f,0.8339f,-0.5518f,0.0073f,6.8439f,-0.1274f,-0.1796f,0.9755f,1.3041f,0f,0f,0f,1f],start_interpolation: 0,interpolation_duration: 1}
$data merge entity $(right_forearm) {transformation: [-0.891f,-0.9521f,-0.4436f,-1.7917f,0.912f,-0.9898f,0.2927f,5.3259f,-0.5211f,-0.1044f,1.2707f,1.2147f,0f,0f,0f,1f],start_interpolation: 0,interpolation_duration: 1}
$data merge entity $(right_shoulder) {transformation: [-1.1818f,0.5971f,-0.6299f,-0.8052f,0.835f,0.4919f,-1.1003f,5.7927f,-0.2368f,-1.2455f,-0.7365f,-0.2324f,0f,0f,0f,1f],start_interpolation: 0,interpolation_duration: 1}
$data merge entity $(right_arm) {transformation: [-0.9986f,-0.0319f,0.0417f,-0.2509f,-0.0242f,0.9846f,0.1731f,6.0931f,-0.0466f,0.1719f,-0.984f,-0.1647f,0f,0f,0f,1f],start_interpolation: 0,interpolation_duration: 1}
$data merge entity $(left_thumb_2) {transformation: [0.5386f,-0.0878f,0.8379f,1.2622f,-0.8297f,-0.2284f,0.5094f,6.9411f,0.1466f,-0.9696f,-0.1959f,0.8562f,0f,0f,0f,1f],start_interpolation: 0,interpolation_duration: 1}
$data merge entity $(left_thumb) {transformation: [0.5386f,0.6818f,0.495f,1.3947f,-0.8297f,0.327f,0.4525f,7.163f,0.1466f,-0.6544f,0.7418f,0.6134f,0f,0f,0f,1f],start_interpolation: 0,interpolation_duration: 1}
$data merge entity $(left_fingers2) {transformation: [-0.3112f,-0.3808f,0.8707f,1.2465f,0.9488f,-0.1764f,0.262f,7.0378f,0.0538f,0.9077f,0.4162f,1.1959f,0f,0f,0f,1f],start_interpolation: 0,interpolation_duration: 1}
$data merge entity $(left_fingers) {transformation: [0.4567f,-0.1823f,0.8707f,1.188f,-0.1171f,0.9579f,0.262f,7.316f,-0.8819f,-0.2216f,0.4162f,1.1606f,0f,0f,0f,1f],start_interpolation: 0,interpolation_duration: 1}
$data merge entity $(left_hand) {transformation: [0.2214f,0.4391f,0.8707f,1.4973f,-0.9645f,-0.0331f,0.262f,7.3024f,0.1439f,-0.8978f,0.4162f,0.6283f,0f,0f,0f,1f],start_interpolation: 0,interpolation_duration: 1}
$data merge entity $(left_forearm) {transformation: [0.7733f,0.6226f,0.9547f,2.5019f,-1.0141f,-0.1507f,0.9198f,7.0667f,0.5202f,-1.2193f,0.3738f,-1.1727f,0f,0f,0f,1f],start_interpolation: 0,interpolation_duration: 1}
$data merge entity $(left_shoulder) {transformation: [0.6288f,-1.1966f,-0.5679f,1.188f,-1.321f,-0.6123f,-0.1725f,6.0594f,-0.0964f,0.5856f,-1.3407f,-0.435f,0f,0f,0f,1f],start_interpolation: 0,interpolation_duration: 1}
$data merge entity $(left_arm) {transformation: [-0.9986f,-0.0319f,0.0417f,0.633f,-0.0242f,0.9846f,0.1731f,6.1145f,-0.0466f,0.1719f,-0.984f,-0.1235f,0f,0f,0f,1f],start_interpolation: 0,interpolation_duration: 1}
$data merge entity $(chest) {transformation: [-1.2768f,-0.0407f,0.0533f,0.25f,-0.0309f,1.2589f,0.2214f,4.3316f,-0.0596f,0.2198f,-1.2581f,-0.4885f,0f,0f,0f,1f],start_interpolation: 0,interpolation_duration: 1}
$data merge entity $(left_cheek) {transformation: [-0.8966f,-0.1752f,0.4068f,0.7807f,-0.2658f,0.9474f,-0.178f,3.4494f,-0.3542f,-0.2677f,-0.896f,-0.686f,0f,0f,0f,1f],start_interpolation: 0,interpolation_duration: 1}
$data merge entity $(left_foot) {transformation: [-1.008f,0.0725f,-0.1548f,1.1211f,-0.0336f,0.8238f,0.6045f,-3.5639f,0.1677f,0.601f,-0.8099f,1.9931f,0f,0f,0f,1f],start_interpolation: 0,interpolation_duration: 1}
$data merge entity $(left_knee) {transformation: [-3.0387f,-0.0828f,-0.1091f,1.0893f,-0.0902f,3.033f,0.2122f,0.6451f,0.103f,0.2153f,-3.0324f,2.164f,0f,0f,0f,1f],start_interpolation: 0,interpolation_duration: 1}
$data merge entity $(left_leg) {transformation: [-1.7168f,-0.0634f,0.005f,0.9162f,-0.0458f,1.1381f,-1.2861f,2.5041f,0.0441f,-1.2854f,-1.139f,0.14f,0f,0f,0f,1f],start_interpolation: 0,interpolation_duration: 1}
$data merge entity $(right_cheek) {transformation: [-0.8494f,0.1358f,0.5099f,0.1694f,0.0847f,0.9889f,-0.1222f,3.3749f,-0.5209f,-0.0606f,-0.8515f,-0.9517f,0f,0f,0f,1f],start_interpolation: 0,interpolation_duration: 1}
$data merge entity $(right_foot) {transformation: [-0.5887f,0.0427f,0.8348f,-0.9018f,0.1024f,1.017f,0.0201f,-4.1533f,-0.8296f,0.0952f,-0.5899f,-1.6789f,0f,0f,0f,1f],start_interpolation: 0,interpolation_duration: 1}
$data merge entity $(right_knee) {transformation: [-1.9424f,-0.4049f,2.3055f,-1.4236f,0.6109f,2.8044f,1.0071f,-0.2132f,-2.2597f,1.1062f,-1.7095f,-0.2828f,0f,0f,0f,1f],start_interpolation: 0,interpolation_duration: 1}
$data merge entity $(right_leg) {transformation: [-1.0971f,0.6618f,1.1445f,-0.3512f,0.345f,1.579f,-0.5824f,2.3191f,-1.2762f,-0.142f,-1.1412f,-0.4238f,0f,0f,0f,1f],start_interpolation: 0,interpolation_duration: 1}
$data merge entity $(weist) {transformation: [-1.4693f,-0.0806f,0.6832f,0.25f,-0.2145f,1.5845f,-0.2743f,4.004f,-0.6536f,-0.3387f,-1.4457f,-0.5913f,0f,0f,0f,1f],start_interpolation: 0,interpolation_duration: 1}
data modify storage animated_java:temp entry.data merge value {"locators":{"consume":{"px":0.3273978766,"py":7.0602178027,"pz":1.4862347004,"ry":192.7121356682,"rx":0.4185232123}}}
# Data Manager: Prepare for Read / Write
execute store result storage animated_java:temp args.id int 1 run scoreboard players get @s aj.id
# Data Manager: Write
function animated_java:global/data_manager/write with storage animated_java:temp args