# This file was generated by Animated Java via MC-Build. It is not recommended to edit this file directly.
$data merge entity $(neck) {transformation: [-0.998f,-0.0415f,-0.0467f,0.1919f,-0.0562f,0.9229f,0.3808f,6.1388f,0.0272f,0.3827f,-0.9235f,-0.1778f,0f,0f,0f,1f],start_interpolation: 0,interpolation_duration: 1}
$data merge entity $(right_thumb_2) {transformation: [-0.3254f,-0.524f,-0.7871f,0.0747f,0.8555f,-0.5177f,-0.009f,6.7322f,-0.4028f,-0.6763f,0.6168f,1.2141f,0f,0f,0f,1f],start_interpolation: 0,interpolation_duration: 1}
$data merge entity $(right_thumb) {transformation: [-0.3254f,-0.9436f,0.0603f,-0.278f,0.8555f,-0.2667f,0.4439f,6.767f,-0.4028f,0.196f,0.8941f,1.2048f,0f,0f,0f,1f],start_interpolation: 0,interpolation_duration: 1}
$data merge entity $(right_fingers2) {transformation: [0.3484f,0.9086f,-0.2304f,0.2695f,-0.9333f,0.3591f,0.005f,6.9469f,0.0873f,0.2133f,0.9731f,1.4163f,0f,0f,0f,1f],start_interpolation: 0,interpolation_duration: 1}
$data merge entity $(right_fingers) {transformation: [0.7618f,-0.6055f,-0.2304f,0.1167f,0.6231f,0.7821f,0.005f,7.1873f,0.1772f,-0.1474f,0.9731f,1.3865f,0f,0f,0f,1f],start_interpolation: 0,interpolation_duration: 1}
$data merge entity $(scout) {transformation: [0f,0f,0f,0.1509f,0f,0f,0f,7.0154f,0f,0f,0f,1.5051f,0f,0f,0f,1f],start_interpolation: 0,interpolation_duration: 1}
$data merge entity $(right_hand) {transformation: [-0.5368f,-0.8117f,-0.2304f,-0.3893f,0.8334f,-0.5526f,0.005f,6.844f,-0.1314f,-0.1893f,0.9731f,1.3139f,0f,0f,0f,1f],start_interpolation: 0,interpolation_duration: 1}
$data merge entity $(right_forearm) {transformation: [-0.8867f,-0.9495f,-0.4574f,-1.799f,0.9118f,-0.9909f,0.2895f,5.3243f,-0.5286f,-0.1164f,1.2665f,1.2066f,0f,0f,0f,1f],start_interpolation: 0,interpolation_duration: 1}
$data merge entity $(right_shoulder) {transformation: [-1.1808f,0.6034f,-0.6256f,-0.8052f,0.8344f,0.4913f,-1.101f,5.7905f,-0.2435f,-1.2427f,-0.739f,-0.2357f,0f,0f,0f,1f],start_interpolation: 0,interpolation_duration: 1}
$data merge entity $(right_arm) {transformation: [-0.9983f,-0.0319f,0.0485f,-0.2511f,-0.0229f,0.9842f,0.1754f,6.09f,-0.0533f,0.174f,-0.9833f,-0.1635f,0f,0f,0f,1f],start_interpolation: 0,interpolation_duration: 1}
$data merge entity $(left_thumb_2) {transformation: [0.4431f,0.0118f,0.8964f,1.1824f,-0.8772f,-0.2006f,0.4363f,6.8854f,0.1849f,-0.9796f,-0.0786f,0.9154f,0f,0f,0f,1f],start_interpolation: 0,interpolation_duration: 1}
$data merge entity $(left_thumb) {transformation: [0.4431f,0.7822f,0.438f,1.3622f,-0.8772f,0.2775f,0.3918f,7.0992f,0.1849f,-0.5578f,0.8091f,0.6971f,0f,0f,0f,1f],start_interpolation: 0,interpolation_duration: 1}
$data merge entity $(left_fingers2) {transformation: [-0.2325f,-0.5025f,0.8327f,1.1337f,0.9716f,-0.1595f,0.175f,6.9763f,0.0449f,0.8497f,0.5253f,1.2535f,0f,0f,0f,1f],start_interpolation: 0,interpolation_duration: 1}
$data merge entity $(left_fingers) {transformation: [0.5492f,-0.0706f,0.8327f,1.1042f,-0.14f,0.9746f,0.175f,7.2593f,-0.8239f,-0.2127f,0.5253f,1.2199f,0f,0f,0f,1f],start_interpolation: 0,interpolation_duration: 1}
$data merge entity $(left_hand) {transformation: [0.1182f,0.541f,0.8327f,1.4739f,-0.9831f,-0.0546f,0.175f,7.2286f,0.1401f,-0.8393f,0.5253f,0.7284f,0f,0f,0f,1f],start_interpolation: 0,interpolation_duration: 1}
$data merge entity $(left_forearm) {transformation: [0.6136f,0.7515f,0.9777f,2.6667f,-1.0892f,-0.1817f,0.8233f,6.9396f,0.5781f,-1.1399f,0.5133f,-0.9456f,0f,0f,0f,1f],start_interpolation: 0,interpolation_duration: 1}
$data merge entity $(left_shoulder) {transformation: [0.5195f,-1.3075f,-0.4128f,1.1905f,-1.3698f,-0.5144f,-0.0946f,6.0394f,-0.0604f,0.4191f,-1.4037f,-0.4016f,0f,0f,0f,1f],start_interpolation: 0,interpolation_duration: 1}
$data merge entity $(left_arm) {transformation: [-0.9983f,-0.0319f,0.0485f,0.6325f,-0.0229f,0.9842f,0.1754f,6.1103f,-0.0533f,0.174f,-0.9833f,-0.1163f,0f,0f,0f,1f],start_interpolation: 0,interpolation_duration: 1}
$data merge entity $(chest) {transformation: [-1.2764f,-0.0408f,0.062f,0.25f,-0.0293f,1.2584f,0.2243f,4.3287f,-0.0682f,0.2225f,-1.2572f,-0.4881f,0f,0f,0f,1f],start_interpolation: 0,interpolation_duration: 1}
$data merge entity $(left_cheek) {transformation: [-0.8962f,-0.175f,0.4077f,0.781f,-0.2659f,0.9475f,-0.1778f,3.4495f,-0.3552f,-0.2677f,-0.8956f,-0.6855f,0f,0f,0f,1f],start_interpolation: 0,interpolation_duration: 1}
$data merge entity $(left_foot) {transformation: [-1.0081f,0.0718f,-0.1541f,1.1197f,-0.0337f,0.8238f,0.6046f,-3.5641f,0.1666f,0.6013f,-0.8099f,1.9928f,0f,0f,0f,1f],start_interpolation: 0,interpolation_duration: 1}
$data merge entity $(left_knee) {transformation: [-3.0387f,-0.0834f,-0.106f,1.0871f,-0.0907f,3.0329f,0.2128f,0.6448f,0.0999f,0.2157f,-3.0324f,2.1644f,0f,0f,0f,1f],start_interpolation: 0,interpolation_duration: 1}
$data merge entity $(left_leg) {transformation: [-1.7168f,-0.0622f,0.0064f,0.9158f,-0.046f,1.1383f,-1.2859f,2.5042f,0.0423f,-1.2852f,-1.1392f,0.1405f,0f,0f,0f,1f],start_interpolation: 0,interpolation_duration: 1}
$data merge entity $(right_cheek) {transformation: [-0.8489f,0.1357f,0.5108f,0.1699f,0.0846f,0.9889f,-0.122f,3.3749f,-0.5217f,-0.0604f,-0.851f,-0.9519f,0f,0f,0f,1f],start_interpolation: 0,interpolation_duration: 1}
$data merge entity $(right_foot) {transformation: [-0.5879f,0.0424f,0.8353f,-0.899f,0.1024f,1.017f,0.0204f,-4.1534f,-0.8301f,0.0954f,-0.5891f,-1.6809f,0f,0f,0f,1f],start_interpolation: 0,interpolation_duration: 1}
$data merge entity $(right_knee) {transformation: [-1.9403f,-0.4066f,2.307f,-1.423f,0.6107f,2.8042f,1.0078f,-0.2136f,-2.2615f,1.106f,-1.7072f,-0.2849f,0f,0f,0f,1f],start_interpolation: 0,interpolation_duration: 1}
$data merge entity $(right_leg) {transformation: [-1.0959f,0.6616f,1.1457f,-0.351f,0.3449f,1.5791f,-0.582f,2.319f,-1.2773f,-0.1412f,-1.1402f,-0.4246f,0f,0f,0f,1f],start_interpolation: 0,interpolation_duration: 1}
$data merge entity $(weist) {transformation: [-1.4686f,-0.0806f,0.6847f,0.25f,-0.2147f,1.5846f,-0.274f,4.004f,-0.6551f,-0.3386f,-1.445f,-0.5913f,0f,0f,0f,1f],start_interpolation: 0,interpolation_duration: 1}
data modify storage animated_java:temp entry.data merge value {"locators":{"consume":{"px":0.3145700803,"py":7.0609962097,"pz":1.5039569055,"ry":193.3209484779,"rx":0.2876296438}}}
# Data Manager: Prepare for Read / Write
execute store result storage animated_java:temp args.id int 1 run scoreboard players get @s aj.id
# Data Manager: Write
function animated_java:global/data_manager/write with storage animated_java:temp args