# This file was generated by Animated Java via MC-Build. It is not recommended to edit this file directly.
$data merge entity $(neck) {transformation: [-0.9912f,-0.0662f,0.1146f,0.2166f,-0.0155f,0.9179f,0.3965f,6.1069f,-0.1314f,0.3912f,-0.9109f,-0.21f,0f,0f,0f,1f],start_interpolation: 0,interpolation_duration: 1}
$data merge entity $(right_thumb_2) {transformation: [-0.2653f,-0.3214f,-0.909f,-0.1553f,0.9115f,-0.3911f,-0.1278f,6.7092f,-0.3144f,-0.8624f,0.3967f,1.5651f,0f,0f,0f,1f],start_interpolation: 0,interpolation_duration: 1}
$data merge entity $(right_thumb) {transformation: [-0.2653f,-0.9479f,-0.1762f,-0.4971f,0.9115f,-0.3062f,0.2748f,6.7419f,-0.3144f,-0.0876f,0.9452f,1.4769f,0f,0f,0f,1f],start_interpolation: 0,interpolation_duration: 1}
$data merge entity $(right_fingers2) {transformation: [0.3663f,0.8123f,-0.4539f,-0.0254f,-0.9305f,0.3225f,-0.1737f,6.8853f,0.0053f,0.486f,0.8739f,1.8427f,0f,0f,0f,1f],start_interpolation: 0,interpolation_duration: 1}
$data merge entity $(right_fingers) {transformation: [0.6645f,-0.5936f,-0.4539f,-0.1791f,0.5874f,0.7904f,-0.1737f,7.1259f,0.4619f,-0.1512f,0.8739f,1.819f,0f,0f,0f,1f],start_interpolation: 0,interpolation_duration: 1}
$data merge entity $(scout) {transformation: [0f,0f,0f,-0.165f,0f,0f,0f,6.9355f,0f,0f,0f,1.9106f,0f,0f,0f,1f],start_interpolation: 0,interpolation_duration: 1}
$data merge entity $(right_hand) {transformation: [-0.5334f,-0.7137f,-0.4539f,-0.6349f,0.8386f,-0.5163f,-0.1737f,6.7969f,-0.1103f,-0.4733f,0.8739f,1.5675f,0f,0f,0f,1f],start_interpolation: 0,interpolation_duration: 1}
$data merge entity $(right_forearm) {transformation: [-0.7779f,-0.8591f,-0.7443f,-1.9234f,0.9916f,-0.9538f,0.0646f,5.3216f,-0.5557f,-0.4993f,1.1571f,0.8807f,0f,0f,0f,1f],start_interpolation: 0,interpolation_duration: 1}
$data merge entity $(right_shoulder) {transformation: [-1.1063f,0.7441f,-0.6101f,-0.7735f,0.9145f,0.524f,-1.0193f,5.8089f,-0.2993f,-1.1496f,-0.8595f,-0.4329f,0f,0f,0f,1f],start_interpolation: 0,interpolation_duration: 1}
$data merge entity $(right_arm) {transformation: [-0.9787f,-0.0176f,0.2046f,-0.225f,0.0266f,0.977f,0.2114f,6.0787f,-0.2036f,0.2124f,-0.9557f,-0.2646f,0f,0f,0f,1f],start_interpolation: 0,interpolation_duration: 1}
$data merge entity $(left_thumb_2) {transformation: [0.2351f,-0.0772f,0.9689f,1.0339f,-0.9653f,-0.1349f,0.2235f,7.1582f,0.1134f,-0.9878f,-0.1063f,1.9067f,0f,0f,0f,1f],start_interpolation: 0,interpolation_duration: 1}
$data merge entity $(left_thumb) {transformation: [0.2351f,0.8109f,0.5359f,1.2524f,-0.9653f,0.1304f,0.2261f,7.3401f,0.1134f,-0.5705f,0.8134f,1.6949f,0f,0f,0f,1f],start_interpolation: 0,interpolation_duration: 1}
$data merge entity $(left_fingers2) {transformation: [-0.1211f,-0.5064f,0.8538f,1.0211f,0.9526f,-0.3012f,-0.0436f,7.2212f,0.2792f,0.808f,0.5189f,2.2209f,0f,0f,0f,1f],start_interpolation: 0,interpolation_duration: 1}
$data merge entity $(left_fingers) {transformation: [0.5142f,0.0817f,0.8538f,1.0361f,-0.0858f,0.9954f,-0.0436f,7.5069f,-0.8533f,-0.0508f,0.5189f,2.2343f,0f,0f,0f,1f],start_interpolation: 0,interpolation_duration: 1}
$data merge entity $(left_hand) {transformation: [-0.0873f,0.5133f,0.8538f,1.3887f,-0.9944f,-0.0966f,-0.0436f,7.4407f,0.0601f,-0.8527f,0.5189f,1.7337f,0f,0f,0f,1f],start_interpolation: 0,interpolation_duration: 1}
$data merge entity $(left_forearm) {transformation: [-0.7461f,0.8584f,0.7769f,2.6787f,-1.0788f,-0.851f,-0.0957f,6.1108f,0.4204f,-0.6604f,1.1333f,0.798f,0f,0f,0f,1f],start_interpolation: 0,interpolation_duration: 1}
$data merge entity $(left_shoulder) {transformation: [-0.2278f,-1.1242f,0.9133f,1.2328f,-1.4454f,0.1171f,-0.2163f,5.9691f,0.093f,-0.9339f,-1.1265f,-0.2857f,0f,0f,0f,1f],start_interpolation: 0,interpolation_duration: 1}
$data merge entity $(left_arm) {transformation: [-0.9787f,-0.0176f,0.2046f,0.6413f,0.0266f,0.977f,0.2114f,6.0552f,-0.2036f,0.2124f,-0.9557f,-0.0845f,0f,0f,0f,1f],start_interpolation: 0,interpolation_duration: 1}
$data merge entity $(chest) {transformation: [-1.2513f,-0.0225f,0.2615f,0.2471f,0.034f,1.2492f,0.2703f,4.3098f,-0.2603f,0.2715f,-1.222f,-0.5912f,0f,0f,0f,1f],start_interpolation: 0,interpolation_duration: 1}
$data merge entity $(left_cheek) {transformation: [-0.8858f,-0.1388f,0.4428f,0.7603f,-0.2424f,0.9521f,-0.1865f,3.4266f,-0.3957f,-0.2726f,-0.877f,-0.7277f,0f,0f,0f,1f],start_interpolation: 0,interpolation_duration: 1}
$data merge entity $(left_foot) {transformation: [-1.0151f,0.0656f,-0.1023f,0.8009f,-0.0084f,0.8206f,0.6097f,-3.598f,0.1212f,0.6062f,-0.8143f,1.943f,0f,0f,0f,1f],start_interpolation: 0,interpolation_duration: 1}
$data merge entity $(left_knee) {transformation: [-3.0415f,-0.0162f,0.0353f,0.8672f,-0.0136f,3.0337f,0.2206f,0.6101f,-0.0364f,0.2204f,-3.0335f,2.125f,0f,0f,0f,1f],start_interpolation: 0,interpolation_duration: 1}
$data merge entity $(left_leg) {transformation: [-1.7176f,0.0243f,0.0249f,0.8339f,-0.0025f,1.1417f,-1.2837f,2.4768f,-0.0347f,-1.2835f,-1.1415f,0.1008f,0f,0f,0f,1f],start_interpolation: 0,interpolation_duration: 1}
$data merge entity $(right_cheek) {transformation: [-0.8223f,0.1632f,0.5451f,0.1599f,0.1071f,0.9852f,-0.1335f,3.368f,-0.5589f,-0.0514f,-0.8276f,-1.0213f,0f,0f,0f,1f],start_interpolation: 0,interpolation_duration: 1}
$data merge entity $(right_foot) {transformation: [-0.5474f,0.0639f,0.8611f,-1.0655f,0.1187f,1.0155f,0.0002f,-4.1294f,-0.8553f,0.1001f,-0.5511f,-1.8189f,0f,0f,0f,1f],start_interpolation: 0,interpolation_duration: 1}
$data merge entity $(right_knee) {transformation: [-1.821f,-0.3846f,2.4059f,-1.5515f,0.6637f,2.8117f,0.9518f,-0.18f,-2.3443f,1.0948f,-1.5994f,-0.4365f,0f,0f,0f,1f],start_interpolation: 0,interpolation_duration: 1}
$data merge entity $(right_leg) {transformation: [-1.0285f,0.7071f,1.1805f,-0.4106f,0.3749f,1.5621f,-0.609f,2.3248f,-1.324f,-0.107f,-1.0894f,-0.5209f,0f,0f,0f,1f],start_interpolation: 0,interpolation_duration: 1}
$data merge entity $(weist) {transformation: [-1.4427f,-0.0252f,0.7415f,0.2397f,-0.1762f,1.5867f,-0.2888f,3.9942f,-0.7208f,-0.3374f,-1.4137f,-0.6557f,0f,0f,0f,1f],start_interpolation: 0,interpolation_duration: 1}
data modify storage animated_java:temp entry.data merge value {"locators":{"consume":{"px":-0.0083236476,"py":6.9820581448,"pz":1.9570679359,"ry":207.4463719903,"rx":-10.0051653976}}}
# Data Manager: Prepare for Read / Write
execute store result storage animated_java:temp args.id int 1 run scoreboard players get @s aj.id
# Data Manager: Write
function animated_java:global/data_manager/write with storage animated_java:temp args