# This file was generated by Animated Java via MC-Build. It is not recommended to edit this file directly.
$data merge entity $(neck) {transformation: [-0.7142f,-0.6538f,0.2499f,0.6439f,-0.4147f,0.6829f,0.6014f,6.3988f,-0.5638f,0.3258f,-0.7589f,-0.1412f,0f,0f,0f,1f],start_interpolation: 0,interpolation_duration: 1}
$data merge entity $(right_thumb_2) {transformation: [-0.3367f,0.905f,-0.2599f,-2.3912f,0.9049f,0.2346f,-0.3553f,5.8916f,-0.2605f,-0.3548f,-0.8979f,-0.6875f,0f,0f,0f,1f],start_interpolation: 0,interpolation_duration: 1}
$data merge entity $(right_thumb) {transformation: [-0.3367f,0.2116f,-0.9175f,-2.3601f,0.9049f,-0.1969f,-0.3775f,5.9677f,-0.2605f,-0.9573f,-0.1252f,-1.0323f,0f,0f,0f,1f],start_interpolation: 0,interpolation_duration: 1}
$data merge entity $(right_fingers2) {transformation: [0.634f,-0.4729f,-0.6118f,-2.6979f,-0.7324f,-0.1132f,-0.6714f,5.8565f,0.2483f,0.8738f,-0.4182f,-0.5521f,0f,0f,0f,1f],start_interpolation: 0,interpolation_duration: 1}
$data merge entity $(right_fingers) {transformation: [-0.6589f,-0.4376f,-0.6118f,-2.8456f,0.1402f,0.7277f,-0.6714f,6.0629f,0.739f,-0.5282f,-0.4182f,-0.6849f,0f,0f,0f,1f],start_interpolation: 0,interpolation_duration: 1}
$data merge entity $(scout) {transformation: [0f,0f,0f,-2.8011f,0f,0f,0f,5.8563f,0f,0f,0f,-0.6733f,0f,0f,0f,1f],start_interpolation: 0,interpolation_duration: 1}
$data merge entity $(right_hand) {transformation: [-0.4558f,0.6465f,-0.6118f,-2.4733f,0.7313f,-0.1199f,-0.6714f,5.9559f,-0.5074f,-0.7535f,-0.4182f,-1.1636f,0f,0f,0f,1f],start_interpolation: 0,interpolation_duration: 1}
$data merge entity $(right_forearm) {transformation: [0.2645f,1.0914f,-0.7975f,-0.8698f,1.2284f,-0.5331f,-0.3222f,5.0902f,-0.564f,-0.6494f,-1.0757f,-2.1573f,0f,0f,0f,1f],start_interpolation: 0,interpolation_duration: 1}
$data merge entity $(right_shoulder) {transformation: [0.0533f,0.8953f,1.1599f,0.1737f,1.1338f,0.71f,-0.6002f,5.7467f,-0.9282f,0.9187f,-0.6665f,-0.8287f,0f,0f,0f,1f],start_interpolation: 0,interpolation_duration: 1}
$data merge entity $(right_arm) {transformation: [-0.5682f,-0.4315f,0.7007f,0.3751f,-0.3474f,0.8977f,0.271f,6.2049f,-0.746f,-0.0894f,-0.66f,-0.4395f,0f,0f,0f,1f],start_interpolation: 0,interpolation_duration: 1}
$data merge entity $(left_thumb_2) {transformation: [0.822f,-0.3698f,0.4331f,4.2996f,-0.5114f,-0.1448f,0.847f,7.5603f,-0.2505f,-0.9177f,-0.3082f,2.9757f,0f,0f,0f,1f],start_interpolation: 0,interpolation_duration: 1}
$data merge entity $(left_thumb) {transformation: [0.822f,0.007f,0.5695f,4.1719f,-0.5114f,0.4489f,0.7327f,7.7702f,-0.2505f,-0.8935f,0.3726f,2.7202f,0f,0f,0f,1f],start_interpolation: 0,interpolation_duration: 1}
$data merge entity $(left_fingers2) {transformation: [0.5961f,-0.2668f,0.7573f,4.2761f,-0.7813f,-0.41f,0.4706f,8.3831f,0.185f,-0.8722f,-0.4528f,3.3534f,0f,0f,0f,1f],start_interpolation: 0,interpolation_duration: 1}
$data merge entity $(left_fingers) {transformation: [0.6527f,-0.023f,0.7573f,4.2567f,-0.5698f,-0.6737f,0.4706f,8.2106f,0.4994f,-0.7386f,-0.4528f,3.1255f,0f,0f,0f,1f],start_interpolation: 0,interpolation_duration: 1}
$data merge entity $(left_hand) {transformation: [0.6345f,-0.1548f,0.7573f,4.1982f,-0.6945f,-0.5442f,0.4706f,7.8937f,0.3393f,-0.8245f,-0.4528f,2.6008f,0f,0f,0f,1f],start_interpolation: 0,interpolation_duration: 1}
$data merge entity $(left_forearm) {transformation: [-0.8135f,-0.7422f,0.8273f,3.0767f,-0.7593f,-0.3775f,-1.0854f,7.2542f,0.8116f,-1.0971f,-0.1862f,0.9755f,0f,0f,0f,1f],start_interpolation: 0,interpolation_duration: 1}
$data merge entity $(left_shoulder) {transformation: [0.0631f,-1.3275f,0.6193f,1.451f,-1.3674f,-0.2757f,-0.4518f,6.6569f,0.5255f,-0.5581f,-1.2499f,0.4412f,0f,0f,0f,1f],start_interpolation: 0,interpolation_duration: 1}
$data merge entity $(left_arm) {transformation: [-0.5682f,-0.4315f,0.7007f,0.878f,-0.3474f,0.8977f,0.271f,6.5124f,-0.746f,-0.0894f,-0.66f,0.2208f,0f,0f,0f,1f],start_interpolation: 0,interpolation_duration: 1}
$data merge entity $(chest) {transformation: [-0.7265f,-0.5516f,0.8959f,1.43f,-0.4442f,1.1477f,0.3465f,4.7468f,-0.9537f,-0.1144f,-0.8438f,0.0294f,0f,0f,0f,1f],start_interpolation: 0,interpolation_duration: 1}
$data merge entity $(left_cheek) {transformation: [-0.2765f,-0.4431f,0.8517f,2.3247f,-0.7302f,0.6705f,0.1149f,4.3951f,-0.6248f,-0.5876f,-0.5112f,0.1886f,0f,0f,0f,1f],start_interpolation: 0,interpolation_duration: 1}
$data merge entity $(left_foot) {transformation: [-0.1399f,-0.2354f,0.985f,-2.2736f,-1.0065f,-0.0781f,-0.1617f,4.7383f,0.1125f,-0.9918f,-0.2211f,6.062f,0f,0f,0f,1f],start_interpolation: 0,interpolation_duration: 1}
$data merge entity $(left_knee) {transformation: [-0.1362f,2.0448f,2.2477f,0.6524f,-2.9755f,-0.5461f,0.3165f,4.0809f,0.6163f,-2.1846f,2.0248f,3.1036f,0f,0f,0f,1f],start_interpolation: 0,interpolation_duration: 1}
$data merge entity $(left_leg) {transformation: [-0.0777f,1.128f,1.2934f,2.4184f,-1.6804f,-0.313f,0.172f,3.5045f,0.3486f,-1.2574f,1.1176f,1.071f,0f,0f,0f,1f],start_interpolation: 0,interpolation_duration: 1}
$data merge entity $(right_cheek) {transformation: [-0.3409f,-0.342f,0.8757f,2.1179f,-0.1765f,0.9382f,0.2977f,4.0582f,-0.9234f,-0.0531f,-0.3802f,-0.366f,0f,0f,0f,1f],start_interpolation: 0,interpolation_duration: 1}
$data merge entity $(right_foot) {transformation: [-0.0065f,-0.0859f,1.0187f,1.8098f,-0.029f,1.0184f,0.0857f,-4.0001f,-1.0219f,-0.0284f,-0.0089f,0.1315f,0f,0f,0f,1f],start_interpolation: 0,interpolation_duration: 1}
$data merge entity $(right_knee) {transformation: [-0.116f,-0.4073f,3.0121f,1.366f,-0.0956f,3.0133f,0.4038f,0.1841f,-3.038f,-0.0792f,-0.1277f,-0.0706f,0f,0f,0f,1f],start_interpolation: 0,interpolation_duration: 1}
$data merge entity $(right_leg) {transformation: [-0.0655f,0.4492f,1.6569f,2.0398f,-0.054f,1.6567f,-0.4513f,2.8538f,-1.7159f,-0.0693f,-0.0491f,-0.1087f,0f,0f,0f,1f],start_interpolation: 0,interpolation_duration: 1}
$data merge entity $(weist) {transformation: [-0.4389f,-0.7479f,1.3711f,1.5675f,-0.7543f,1.3486f,0.4942f,4.5871f,-1.3676f,-0.5038f,-0.7126f,-0.0832f,0f,0f,0f,1f],start_interpolation: 0,interpolation_duration: 1}
data modify storage animated_java:temp entry.data merge value {"locators":{"consume":{"px":-2.8569333876,"py":5.8647151927,"pz":-0.513070977,"ry":304.3508300607,"rx":-42.1764661669}}}
# Data Manager: Prepare for Read / Write
execute store result storage animated_java:temp args.id int 1 run scoreboard players get @s aj.id
# Data Manager: Write
function animated_java:global/data_manager/write with storage animated_java:temp args