# This file was generated by Animated Java via MC-Build. It is not recommended to edit this file directly.
$data merge entity $(neck) {transformation: [-0.6592f,-0.7031f,0.2665f,0.6566f,-0.443f,0.6496f,0.6179f,6.4163f,-0.6076f,0.2893f,-0.7397f,-0.1248f,0f,0f,0f,1f],start_interpolation: 0,interpolation_duration: 1}
$data merge entity $(right_thumb_2) {transformation: [-0.4761f,0.8788f,0.031f,-2.458f,0.8264f,0.4592f,-0.3259f,5.2644f,-0.3006f,-0.1295f,-0.9449f,-1.3141f,0f,0f,0f,1f],start_interpolation: 0,interpolation_duration: 1}
$data merge entity $(right_thumb) {transformation: [-0.4761f,0.4663f,-0.7456f,-2.3681f,0.8264f,-0.0526f,-0.5606f,5.378f,-0.3006f,-0.8831f,-0.3603f,-1.6377f,0f,0f,0f,1f],start_interpolation: 0,interpolation_duration: 1}
$data merge entity $(right_fingers2) {transformation: [0.6566f,-0.6914f,-0.3014f,-2.785f,-0.6026f,-0.2405f,-0.761f,5.1457f,0.4537f,0.6813f,-0.5745f,-1.2516f,0f,0f,0f,1f],start_interpolation: 0,interpolation_duration: 1}
$data merge entity $(right_fingers) {transformation: [-0.8568f,-0.4183f,-0.3014f,-2.9306f,-0.0482f,0.647f,-0.761f,5.3232f,0.5133f,-0.6375f,-0.5745f,-1.423f,0f,0f,0f,1f],start_interpolation: 0,interpolation_duration: 1}
$data merge entity $(scout) {transformation: [0f,0f,0f,-2.839f,0f,0f,0f,5.1332f,0f,0f,0f,-1.4051f,0f,0f,0f,1f],start_interpolation: 0,interpolation_duration: 1}
$data merge entity $(right_hand) {transformation: [-0.4914f,0.8171f,-0.3014f,-2.4396f,0.6403f,0.1044f,-0.761f,5.3504f,-0.5904f,-0.5669f,-0.5745f,-1.7937f,0f,0f,0f,1f],start_interpolation: 0,interpolation_duration: 1}
$data merge entity $(right_forearm) {transformation: [0.0526f,1.3228f,-0.3803f,-0.4636f,1.3075f,-0.1669f,-0.3996f,5.0302f,-0.4298f,-0.3458f,-1.2621f,-2.3425f,0f,0f,0f,1f],start_interpolation: 0,interpolation_duration: 1}
$data merge entity $(right_shoulder) {transformation: [-0.0988f,0.6159f,1.3269f,0.2645f,1.209f,0.7832f,-0.2735f,5.7502f,-0.8237f,1.0757f,-0.5606f,-0.8469f,0f,0f,0f,1f],start_interpolation: 0,interpolation_duration: 1}
$data merge entity $(right_arm) {transformation: [-0.5011f,-0.4688f,0.7274f,0.4175f,-0.3659f,0.8765f,0.3128f,6.2131f,-0.7842f,-0.1094f,-0.6108f,-0.4415f,0f,0f,0f,1f],start_interpolation: 0,interpolation_duration: 1}
$data merge entity $(left_thumb_2) {transformation: [0.8414f,0.11f,0.5291f,3.0379f,-0.5145f,-0.1364f,0.8465f,7.746f,0.1653f,-0.9845f,-0.0582f,3.643f,0f,0f,0f,1f],start_interpolation: 0,interpolation_duration: 1}
$data merge entity $(left_thumb) {transformation: [0.8414f,0.4288f,0.329f,3.0464f,-0.5145f,0.4494f,0.7303f,7.9565f,0.1653f,-0.7837f,0.5988f,3.3579f,0f,0f,0f,1f],start_interpolation: 0,interpolation_duration: 1}
$data merge entity $(left_fingers2) {transformation: [0.418f,0.2033f,0.8854f,2.8413f,-0.7477f,-0.4766f,0.4624f,8.5842f,0.516f,-0.8553f,-0.0472f,3.9516f,0f,0f,0f,1f],start_interpolation: 0,interpolation_duration: 1}
$data merge entity $(left_fingers) {transformation: [0.3226f,0.3346f,0.8854f,2.934f,-0.5382f,-0.7046f,0.4624f,8.402f,0.7786f,-0.6257f,-0.0472f,3.751f,0f,0f,0f,1f],start_interpolation: 0,interpolation_duration: 1}
$data merge entity $(left_hand) {transformation: [0.3936f,0.2472f,0.8854f,3.127f,-0.692f,-0.5544f,0.4624f,8.0784f,0.6052f,-0.7947f,-0.0472f,3.2638f,0f,0f,0f,1f],start_interpolation: 0,interpolation_duration: 1}
$data merge entity $(left_forearm) {transformation: [-1.0681f,-0.1494f,0.8568f,2.8888f,-0.782f,-0.4289f,-1.0496f,7.3619f,0.3806f,-1.3003f,0.2477f,1.3304f,0f,0f,0f,1f],start_interpolation: 0,interpolation_duration: 1}
$data merge entity $(left_shoulder) {transformation: [-0.023f,-1.1857f,0.8622f,1.4108f,-1.3434f,-0.3282f,-0.4872f,6.7066f,0.5869f,-0.7976f,-1.0813f,0.511f,0f,0f,0f,1f],start_interpolation: 0,interpolation_duration: 1}
$data merge entity $(left_arm) {transformation: [-0.5011f,-0.4688f,0.7274f,0.861f,-0.3659f,0.8765f,0.3128f,6.5369f,-0.7842f,-0.1094f,-0.6108f,0.2526f,0f,0f,0f,1f],start_interpolation: 0,interpolation_duration: 1}
$data merge entity $(chest) {transformation: [-0.6407f,-0.5994f,0.93f,1.5111f,-0.4678f,1.1206f,0.4f,4.8029f,-1.0026f,-0.1398f,-0.7809f,0.082f,0f,0f,0f,1f],start_interpolation: 0,interpolation_duration: 1}
$data merge entity $(left_cheek) {transformation: [-0.1312f,-0.3579f,0.9245f,2.4264f,-0.7984f,0.5909f,0.1155f,4.2891f,-0.5877f,-0.723f,-0.3633f,0.2973f,0f,0f,0f,1f],start_interpolation: 0,interpolation_duration: 1}
$data merge entity $(left_foot) {transformation: [-0.3004f,-0.3576f,0.9094f,-1.747f,-0.9767f,0.0794f,-0.2914f,4.9355f,0.0313f,-0.9545f,-0.365f,6.4959f,0f,0f,0f,1f],start_interpolation: 0,interpolation_duration: 1}
$data merge entity $(left_knee) {transformation: [-0.5841f,1.6519f,2.4864f,0.6578f,-2.9663f,-0.6057f,-0.2944f,4.1704f,0.3352f,-2.4812f,1.7272f,3.1228f,0f,0f,0f,1f],start_interpolation: 0,interpolation_duration: 1}
$data merge entity $(left_leg) {transformation: [-0.3308f,1.1454f,1.2369f,2.4428f,-1.6751f,-0.3652f,-0.1098f,3.5188f,0.1898f,-1.2272f,1.1871f,1.1299f,0f,0f,0f,1f],start_interpolation: 0,interpolation_duration: 1}
$data merge entity $(right_cheek) {transformation: [-0.1736f,-0.3596f,0.9168f,2.2346f,-0.0623f,0.9331f,0.3542f,4.0944f,-0.9828f,0.0043f,-0.1844f,-0.3004f,0f,0f,0f,1f],start_interpolation: 0,interpolation_duration: 1}
$data merge entity $(right_foot) {transformation: [0.031f,-0.0887f,1.018f,1.7973f,-0.0441f,1.0174f,0.09f,-3.8964f,-1.0209f,-0.0466f,0.0271f,0.0968f,0f,0f,0f,1f],start_interpolation: 0,interpolation_duration: 1}
$data merge entity $(right_knee) {transformation: [0.0257f,-0.4851f,3.0027f,1.2495f,-0.1618f,2.9983f,0.4857f,0.2686f,-3.0373f,-0.1638f,-0.0005f,-0.2171f,0f,0f,0f,1f],start_interpolation: 0,interpolation_duration: 1}
$data merge entity $(right_leg) {transformation: [0.4586f,0.5416f,1.5645f,2.0523f,-0.0892f,1.6292f,-0.5379f,2.898f,-1.6532f,0.0623f,0.463f,-0.0621f,0f,0f,0f,1f],start_interpolation: 0,interpolation_duration: 1}
$data merge entity $(weist) {transformation: [-0.4527f,-0.6845f,1.3995f,1.6525f,-0.7196f,1.3845f,0.4444f,4.6493f,-1.3818f,-0.4968f,-0.6899f,-0.0215f,0f,0f,0f,1f],start_interpolation: 0,interpolation_duration: 1}
data modify storage animated_java:temp entry.data merge value {"locators":{"consume":{"px":-2.9319615908,"py":5.114220467,"pz":-1.2640912806,"ry":332.3176426528,"rx":-49.5504334412}}}
# Data Manager: Prepare for Read / Write
execute store result storage animated_java:temp args.id int 1 run scoreboard players get @s aj.id
# Data Manager: Write
function animated_java:global/data_manager/write with storage animated_java:temp args
execute unless entity @s[tag=aj.transforms_only] at @s run function animated_java:female/animations/counter_kick/zzz/frames/11_root_function