# This file was generated by Animated Java via MC-Build. It is not recommended to edit this file directly.
$data merge entity $(neck) {transformation: [-0.6107f,-0.7475f,0.2615f,0.6793f,-0.4925f,0.6171f,0.6138f,6.4323f,-0.6201f,0.246f,-0.7449f,-0.1006f,0f,0f,0f,1f],start_interpolation: 0,interpolation_duration: 1}
$data merge entity $(right_thumb_2) {transformation: [-0.5787f,0.7785f,0.2429f,-2.1813f,0.7519f,0.6247f,-0.2107f,4.6044f,-0.3158f,0.0606f,-0.9469f,-2.0265f,0f,0f,0f,1f],start_interpolation: 0,interpolation_duration: 1}
$data merge entity $(right_thumb) {transformation: [-0.5787f,0.6315f,-0.516f,-2.0566f,0.7519f,0.1682f,-0.6375f,4.7789f,-0.3158f,-0.7569f,-0.5721f,-2.3088f,0f,0f,0f,1f],start_interpolation: 0,interpolation_duration: 1}
$data merge entity $(right_fingers2) {transformation: [0.3653f,-0.929f,0.0587f,-2.5374f,-0.6065f,-0.2854f,-0.7421f,4.396f,0.7062f,0.2355f,-0.6677f,-2.0461f,0f,0f,0f,1f],start_interpolation: 0,interpolation_duration: 1}
$data merge entity $(right_fingers) {transformation: [-0.978f,-0.2001f,0.0587f,-2.6216f,-0.1768f,0.6465f,-0.7421f,4.5698f,0.1106f,-0.7362f,-0.6677f,-2.2577f,0f,0f,0f,1f],start_interpolation: 0,interpolation_duration: 1}
$data merge entity $(scout) {transformation: [0f,0f,0f,-2.4919f,0f,0f,0f,4.406f,0f,0f,0f,-2.2239f,0f,0f,0f,1f],start_interpolation: 0,interpolation_duration: 1}
$data merge entity $(right_hand) {transformation: [-0.474f,0.8786f,0.0587f,-2.077f,0.568f,0.356f,-0.7421f,4.7528f,-0.6729f,-0.3184f,-0.6677f,-2.4794f,0f,0f,0f,1f],start_interpolation: 0,interpolation_duration: 1}
$data merge entity $(right_forearm) {transformation: [-0.2034f,1.359f,0.094f,-0.0185f,1.323f,0.2197f,-0.3139f,5.0172f,-0.3247f,0.0439f,-1.3378f,-2.4484f,0f,0f,0f,1f],start_interpolation: 0,interpolation_duration: 1}
$data merge entity $(right_shoulder) {transformation: [-0.2903f,0.3023f,1.405f,0.3635f,1.2316f,0.7911f,0.0842f,5.7308f,-0.7407f,1.1969f,-0.4106f,-0.8266f,0f,0f,0f,1f],start_interpolation: 0,interpolation_duration: 1}
$data merge entity $(right_arm) {transformation: [-0.4382f,-0.511f,0.7395f,0.4688f,-0.4093f,0.8459f,0.342f,6.2096f,-0.8003f,-0.1528f,-0.5798f,-0.4244f,0f,0f,0f,1f],start_interpolation: 0,interpolation_duration: 1}
$data merge entity $(left_thumb_2) {transformation: [0.6581f,0.5355f,0.5293f,1.8213f,-0.5421f,-0.1508f,0.8267f,8.0565f,0.5225f,-0.8309f,0.1911f,3.6731f,0f,0f,0f,1f],start_interpolation: 0,interpolation_duration: 1}
$data merge entity $(left_thumb) {transformation: [0.6581f,0.7509f,0.055f,1.9646f,-0.5421f,0.4219f,0.7267f,8.2624f,0.5225f,-0.508f,0.6847f,3.4225f,0f,0f,0f,1f],start_interpolation: 0,interpolation_duration: 1}
$data merge entity $(left_fingers2) {transformation: [0.0822f,0.5462f,0.8336f,1.5454f,-0.7261f,-0.5401f,0.4255f,8.9157f,0.6827f,-0.6403f,0.3522f,3.8541f,0f,0f,0f,1f],start_interpolation: 0,interpolation_duration: 1}
$data merge entity $(left_fingers) {transformation: [-0.0982f,0.5435f,0.8336f,1.7092f,-0.5133f,-0.7453f,0.4255f,8.7209f,0.8526f,-0.3861f,0.3522f,3.7226f,0f,0f,0f,1f],start_interpolation: 0,interpolation_duration: 1}
$data merge entity $(left_hand) {transformation: [0.0498f,0.5501f,0.8336f,2.0842f,-0.6929f,-0.5821f,0.4255f,8.3788f,0.7193f,-0.5988f,0.3522f,3.374f,0f,0f,0f,1f],start_interpolation: 0,interpolation_duration: 1}
$data merge entity $(left_forearm) {transformation: [-1.1363f,0.4143f,0.6591f,2.6848f,-0.7765f,-0.5198f,-1.0119f,7.5269f,-0.0556f,-1.2064f,0.6624f,1.579f,0f,0f,0f,1f],start_interpolation: 0,interpolation_duration: 1}
$data merge entity $(left_shoulder) {transformation: [-0.0951f,-1.0255f,1.0436f,1.3817f,-1.3057f,-0.4124f,-0.5242f,6.7777f,0.6602f,-0.9634f,-0.8865f,0.5661f,0f,0f,0f,1f],start_interpolation: 0,interpolation_duration: 1}
$data merge entity $(left_arm) {transformation: [-0.4382f,-0.511f,0.7395f,0.8566f,-0.4093f,0.8459f,0.342f,6.5718f,-0.8003f,-0.1528f,-0.5798f,0.2839f,0f,0f,0f,1f],start_interpolation: 0,interpolation_duration: 1}
$data merge entity $(chest) {transformation: [-0.5602f,-0.6533f,0.9455f,1.6112f,-0.5233f,1.0815f,0.4373f,4.8748f,-1.0232f,-0.1953f,-0.7413f,0.1856f,0f,0f,0f,1f],start_interpolation: 0,interpolation_duration: 1}
$data merge entity $(left_cheek) {transformation: [-0.2654f,-0.3669f,0.8994f,2.4975f,-0.7371f,0.7124f,0.043f,4.4269f,-0.6215f,-0.6882f,-0.435f,0.4177f,0f,0f,0f,1f],start_interpolation: 0,interpolation_duration: 1}
$data merge entity $(left_foot) {transformation: [-0.4672f,-0.6081f,0.6762f,-0.0712f,-0.9086f,0.2799f,-0.3761f,5.0349f,0.0386f,-0.7728f,-0.6683f,7.3824f,0f,0f,0f,1f],start_interpolation: 0,interpolation_duration: 1}
$data merge entity $(left_knee) {transformation: [-1.0402f,0.6621f,2.7806f,0.9888f,-2.8486f,-0.4844f,-0.9503f,4.4074f,0.236f,-2.929f,0.7858f,3.354f,0f,0f,0f,1f],start_interpolation: 0,interpolation_duration: 1}
$data merge entity $(left_leg) {transformation: [-0.5884f,1.0079f,1.2607f,2.5421f,-1.6085f,-0.4774f,-0.369f,3.5864f,0.1339f,-1.3068f,1.1072f,1.2336f,0f,0f,0f,1f],start_interpolation: 0,interpolation_duration: 1}
$data merge entity $(right_cheek) {transformation: [-0.2607f,-0.3301f,0.9072f,2.2528f,-0.0814f,0.9439f,0.3201f,4.1284f,-0.962f,0.0096f,-0.2729f,-0.2052f,0f,0f,0f,1f],start_interpolation: 0,interpolation_duration: 1}
$data merge entity $(right_foot) {transformation: [-0.0385f,-0.0829f,1.0183f,1.8348f,-0.0278f,1.0187f,0.0819f,-3.7558f,-1.0213f,-0.0246f,-0.0406f,0.2478f,0f,0f,0f,1f],start_interpolation: 0,interpolation_duration: 1}
$data merge entity $(right_knee) {transformation: [-0.137f,-0.6224f,2.9742f,1.0912f,-0.1228f,2.976f,0.6171f,0.3847f,-3.0362f,-0.0923f,-0.1592f,0.0264f,0f,0f,0f,1f],start_interpolation: 0,interpolation_duration: 1}
$data merge entity $(right_leg) {transformation: [0.1751f,0.6463f,1.5821f,2.073f,-0.0823f,1.5917f,-0.6411f,2.957f,-1.707f,-0.0104f,0.1932f,0.0751f,0f,0f,0f,1f],start_interpolation: 0,interpolation_duration: 1}
$data merge entity $(weist) {transformation: [-0.5438f,-0.6417f,1.3873f,1.7552f,-0.7297f,1.4028f,0.3628f,4.7253f,-1.3431f,-0.5023f,-0.7588f,0.0883f,0f,0f,0f,1f],start_interpolation: 0,interpolation_duration: 1}
data modify storage animated_java:temp entry.data merge value {"locators":{"consume":{"px":-2.6093136792,"py":4.3501574695,"pz":-2.1144532258,"ry":5.0211463838,"rx":-47.9106616197}}}
# Data Manager: Prepare for Read / Write
execute store result storage animated_java:temp args.id int 1 run scoreboard players get @s aj.id
# Data Manager: Write
function animated_java:global/data_manager/write with storage animated_java:temp args