# This file was generated by Animated Java via MC-Build. It is not recommended to edit this file directly.
$data merge entity $(neck) {transformation: [-0.5536f,-0.7979f,0.2383f,0.769f,-0.5637f,0.5697f,0.598f,6.4838f,-0.613f,0.1967f,-0.7652f,-0.0057f,0f,0f,0f,1f],start_interpolation: 0,interpolation_duration: 1}
$data merge entity $(right_thumb_2) {transformation: [-0.7637f,0.5927f,0.2557f,-1.1344f,0.6119f,0.7909f,-0.0058f,3.9663f,-0.2057f,0.152f,-0.9667f,-2.9235f,0f,0f,0f,1f],start_interpolation: 0,interpolation_duration: 1}
$data merge entity $(right_thumb) {transformation: [-0.7637f,0.5959f,-0.2483f,-1.0525f,0.6119f,0.5456f,-0.5726f,4.2406f,-0.2057f,-0.5893f,-0.7813f,-3.1326f,0f,0f,0f,1f],start_interpolation: 0,interpolation_duration: 1}
$data merge entity $(right_fingers2) {transformation: [-0.5066f,-0.6851f,0.5234f,-1.5625f,-0.8269f,0.2142f,-0.5199f,3.6165f,0.2441f,-0.6962f,-0.6751f,-3.1667f,0f,0f,0f,1f],start_interpolation: 0,interpolation_duration: 1}
$data merge entity $(right_fingers) {transformation: [-0.7856f,0.3299f,0.5234f,-1.4868f,0.0123f,0.8541f,-0.5199f,3.8564f,-0.6186f,-0.402f,-0.6751f,-3.3036f,0f,0f,0f,1f],start_interpolation: 0,interpolation_duration: 1}
$data merge entity $(scout) {transformation: [0f,0f,0f,-1.3212f,0f,0f,0f,3.7392f,0f,0f,0f,-3.243f,0f,0f,0f,1f],start_interpolation: 0,interpolation_duration: 1}
$data merge entity $(right_hand) {transformation: [-0.4335f,0.7336f,0.5234f,-1.0109f,0.5196f,0.678f,-0.5199f,4.2473f,-0.7363f,0.0466f,-0.6751f,-3.3012f,0f,0f,0f,1f],start_interpolation: 0,interpolation_duration: 1}
$data merge entity $(right_forearm) {transformation: [-0.6099f,1.0629f,0.6289f,0.638f,1.2134f,0.6463f,0.0844f,5.1732f,-0.23f,0.5914f,-1.2225f,-2.4455f,0f,0f,0f,1f],start_interpolation: 0,interpolation_duration: 1}
$data merge entity $(right_shoulder) {transformation: [-0.6005f,-0.1253f,1.3318f,0.5635f,1.1648f,0.6688f,0.5881f,5.7349f,-0.6577f,1.2988f,-0.1744f,-0.7238f,0f,0f,0f,1f],start_interpolation: 0,interpolation_duration: 1}
$data merge entity $(right_arm) {transformation: [-0.3454f,-0.5651f,0.7492f,0.6009f,-0.4706f,0.795f,0.3827f,6.2338f,-0.812f,-0.2203f,-0.5405f,-0.3343f,0f,0f,0f,1f],start_interpolation: 0,interpolation_duration: 1}
$data merge entity $(left_thumb_2) {transformation: [0.3632f,0.8519f,0.3773f,0.9074f,-0.677f,-0.037f,0.735f,8.3317f,0.6401f,-0.5224f,0.5633f,3.2682f,0f,0f,0f,1f],start_interpolation: 0,interpolation_duration: 1}
$data merge entity $(left_thumb) {transformation: [0.3632f,0.8936f,-0.2637f,1.1448f,-0.677f,0.4475f,0.5843f,8.5678f,0.6401f,-0.0337f,0.7675f,3.1517f,0f,0f,0f,1f],start_interpolation: 0,interpolation_duration: 1}
$data merge entity $(left_fingers2) {transformation: [-0.2437f,0.772f,0.5871f,0.5743f,-0.8289f,-0.48f,0.2872f,9.168f,0.5035f,-0.4166f,0.7569f,3.4728f,0f,0f,0f,1f],start_interpolation: 0,interpolation_duration: 1}
$data merge entity $(left_fingers) {transformation: [-0.472f,0.6577f,0.5871f,0.7794f,-0.6382f,-0.7143f,0.2872f,8.9846f,0.6083f,-0.2391f,0.7569f,3.3931f,0f,0f,0f,1f],start_interpolation: 0,interpolation_duration: 1}
$data merge entity $(left_hand) {transformation: [-0.2703f,0.7631f,0.5871f,1.2726f,-0.8118f,-0.5085f,0.2872f,8.6809f,0.5177f,-0.3989f,0.7569f,3.1841f,0f,0f,0f,1f],start_interpolation: 0,interpolation_duration: 1}
$data merge entity $(left_forearm) {transformation: [-1.0488f,0.8603f,0.2386f,2.5334f,-0.715f,-0.589f,-1.0193f,7.727f,-0.5346f,-0.9f,0.8952f,1.8391f,0f,0f,0f,1f],start_interpolation: 0,interpolation_duration: 1}
$data merge entity $(left_shoulder) {transformation: [-0.1697f,-0.8775f,1.1623f,1.3919f,-1.2757f,-0.475f,-0.5448f,6.9083f,0.7026f,-1.0744f,-0.7085f,0.6936f,0f,0f,0f,1f],start_interpolation: 0,interpolation_duration: 1}
$data merge entity $(left_arm) {transformation: [-0.3454f,-0.5651f,0.7492f,0.9066f,-0.4706f,0.795f,0.3827f,6.6503f,-0.812f,-0.2203f,-0.5405f,0.3843f,0f,0f,0f,1f],start_interpolation: 0,interpolation_duration: 1}
$data merge entity $(chest) {transformation: [-0.4416f,-0.7225f,0.9579f,1.8003f,-0.6016f,1.0165f,0.4894f,5.0194f,-1.0381f,-0.2817f,-0.6911f,0.4042f,0f,0f,0f,1f],start_interpolation: 0,interpolation_duration: 1}
$data merge entity $(left_cheek) {transformation: [-0.2219f,-0.3715f,0.9132f,2.6648f,-0.7863f,0.67f,0.0397f,4.5084f,-0.5766f,-0.7707f,-0.4057f,0.518f,0f,0f,0f,1f],start_interpolation: 0,interpolation_duration: 1}
$data merge entity $(left_foot) {transformation: [-0.4718f,-0.8393f,0.3438f,1.4408f,-0.9026f,0.3966f,-0.2707f,4.6407f,0.0889f,-0.4284f,-0.924f,7.386f,0f,0f,0f,1f],start_interpolation: 0,interpolation_duration: 1}
$data merge entity $(left_knee) {transformation: [-1.0439f,-0.5368f,2.8061f,0.8426f,-2.8486f,-0.0338f,-1.0661f,4.6321f,0.2193f,-2.9938f,-0.4911f,3.2161f,0f,0f,0f,1f],start_interpolation: 0,interpolation_duration: 1}
$data merge entity $(left_leg) {transformation: [-0.5905f,1.2188f,1.057f,2.7397f,-1.6085f,-0.5315f,-0.2858f,3.722f,0.1243f,-1.0879f,1.3238f,1.4396f,0f,0f,0f,1f],start_interpolation: 0,interpolation_duration: 1}
$data merge entity $(right_cheek) {transformation: [-0.338f,-0.2569f,0.9054f,2.3991f,-0.0967f,0.9664f,0.2381f,4.2343f,-0.9362f,-0.0071f,-0.3514f,0.033f,0f,0f,0f,1f],start_interpolation: 0,interpolation_duration: 1}
$data merge entity $(right_foot) {transformation: [-0.0789f,-0.068f,1.0171f,1.9714f,0.0148f,1.0199f,0.0693f,-3.4529f,-1.0192f,0.02f,-0.0777f,0.3934f,0f,0f,0f,1f],start_interpolation: 0,interpolation_duration: 1}
$data merge entity $(right_knee) {transformation: [-0.2095f,-0.8304f,2.9187f,0.9355f,-0.0093f,2.9258f,0.8318f,0.6302f,-3.0345f,0.0484f,-0.2041f,0.3649f,0f,0f,0f,1f],start_interpolation: 0,interpolation_duration: 1}
$data merge entity $(right_leg) {transformation: [-0.1496f,0.7944f,1.5159f,2.1699f,-0.0007f,1.5217f,-0.7974f,3.0914f,-1.7114f,-0.07f,-0.1322f,0.3278f,0f,0f,0f,1f],start_interpolation: 0,interpolation_duration: 1}
$data merge entity $(weist) {transformation: [-0.6605f,-0.5954f,1.3569f,1.9473f,-0.7311f,1.4232f,0.2686f,4.8742f,-1.2889f,-0.5021f,-0.8477f,0.3114f,0f,0f,0f,1f],start_interpolation: 0,interpolation_duration: 1}
data modify storage animated_java:temp entry.data merge value {"locators":{"consume":{"px":-1.435656664,"py":3.6264516897,"pz":-3.1877833882,"ry":37.7875853458,"rx":-31.3265486146}}}
# Data Manager: Prepare for Read / Write
execute store result storage animated_java:temp args.id int 1 run scoreboard players get @s aj.id
# Data Manager: Write
function animated_java:global/data_manager/write with storage animated_java:temp args