# This file was generated by Animated Java via MC-Build. It is not recommended to edit this file directly.
$data merge entity $(neck) {transformation: [-0.5425f,-0.8093f,0.225f,0.7942f,-0.5903f,0.5579f,0.5834f,6.4956f,-0.5977f,0.1837f,-0.7804f,-0.0115f,0f,0f,0f,1f],start_interpolation: 0,interpolation_duration: 1}
$data merge entity $(right_thumb_2) {transformation: [-0.8263f,0.5496f,0.123f,-0.833f,0.5443f,0.8354f,-0.0769f,3.7562f,-0.145f,0.0034f,-0.9894f,-2.9341f,0f,0f,0f,1f],start_interpolation: 0,interpolation_duration: 1}
$data merge entity $(right_thumb) {transformation: [-0.8263f,0.4959f,-0.2671f,-0.7922f,0.5443f,0.5809f,-0.6053f,4.0323f,-0.145f,-0.6455f,-0.7499f,-3.1527f,0f,0f,0f,1f],start_interpolation: 0,interpolation_duration: 1}
$data merge entity $(right_fingers2) {transformation: [-0.7111f,-0.3861f,0.5876f,-1.3093f,-0.6936f,0.5218f,-0.4965f,3.3618f,-0.1149f,-0.7607f,-0.6389f,-3.2333f,0f,0f,0f,1f],start_interpolation: 0,interpolation_duration: 1}
$data merge entity $(right_fingers) {transformation: [-0.6496f,0.4824f,0.5876f,-1.1859f,0.1813f,0.8489f,-0.4965f,3.6051f,-0.7383f,-0.216f,-0.6389f,-3.3203f,0f,0f,0f,1f],start_interpolation: 0,interpolation_duration: 1}
$data merge entity $(scout) {transformation: [0f,0f,0f,-1.0127f,0f,0f,0f,3.5054f,0f,0f,0f,-3.2505f,0f,0f,0f,1f],start_interpolation: 0,interpolation_duration: 1}
$data merge entity $(right_hand) {transformation: [-0.4539f,0.6699f,0.5876f,-0.7462f,0.4514f,0.7414f,-0.4965f,4.0363f,-0.7683f,0.0399f,-0.6389f,-3.3202f,0f,0f,0f,1f],start_interpolation: 0,interpolation_duration: 1}
$data merge entity $(right_forearm) {transformation: [-0.7037f,0.9752f,0.6715f,0.7762f,1.1492f,0.7506f,0.1142f,5.123f,-0.285f,0.6186f,-1.1972f,-2.4203f,0f,0f,0f,1f],start_interpolation: 0,interpolation_duration: 1}
$data merge entity $(right_shoulder) {transformation: [-0.6656f,-0.2018f,1.2907f,0.6228f,1.0996f,0.6957f,0.6758f,5.7278f,-0.7054f,1.2748f,-0.1645f,-0.7186f,0f,0f,0f,1f],start_interpolation: 0,interpolation_duration: 1}
$data merge entity $(right_arm) {transformation: [-0.3164f,-0.5808f,0.7501f,0.6393f,-0.495f,0.7756f,0.3917f,6.2349f,-0.8092f,-0.2474f,-0.5329f,-0.3384f,0f,0f,0f,1f],start_interpolation: 0,interpolation_duration: 1}
$data merge entity $(left_thumb_2) {transformation: [0.4088f,0.8485f,0.3362f,1.0174f,-0.7551f,0.1075f,0.6468f,8.274f,0.5126f,-0.5182f,0.6846f,3.1872f,0f,0f,0f,1f],start_interpolation: 0,interpolation_duration: 1}
$data merge entity $(left_thumb) {transformation: [0.4088f,0.8637f,-0.295f,1.2388f,-0.7551f,0.5016f,0.4222f,8.5414f,0.5126f,0.0501f,0.8571f,3.1152f,0f,0f,0f,1f],start_interpolation: 0,interpolation_duration: 1}
$data merge entity $(left_fingers2) {transformation: [-0.1655f,0.8045f,0.5705f,0.6299f,-0.9276f,-0.3234f,0.187f,9.0327f,0.335f,-0.4982f,0.7997f,3.5354f,0f,0f,0f,1f],start_interpolation: 0,interpolation_duration: 1}
$data merge entity $(left_fingers) {transformation: [-0.4159f,0.7082f,0.5705f,0.8476f,-0.7738f,-0.6051f,0.187f,8.8835f,0.4777f,-0.3636f,0.7997f,3.4242f,0f,0f,0f,1f],start_interpolation: 0,interpolation_duration: 1}
$data merge entity $(left_hand) {transformation: [-0.2127f,0.7933f,0.5705f,1.359f,-0.9068f,-0.3777f,0.187f,8.6552f,0.3638f,-0.4775f,0.7997f,3.168f,0f,0f,0f,1f],start_interpolation: 0,interpolation_duration: 1}
$data merge entity $(left_forearm) {transformation: [-1.068f,0.8524f,0.1729f,2.6046f,-0.6348f,-0.5767f,-1.0778f,7.7211f,-0.5946f,-0.9154f,0.84f,1.7954f,0f,0f,0f,1f],start_interpolation: 0,interpolation_duration: 1}
$data merge entity $(left_shoulder) {transformation: [-0.1768f,-0.9364f,1.1143f,1.3914f,-1.2786f,-0.4364f,-0.5696f,6.9496f,0.6955f,-1.0404f,-0.764f,0.6916f,0f,0f,0f,1f],start_interpolation: 0,interpolation_duration: 1}
$data merge entity $(left_arm) {transformation: [-0.3164f,-0.5808f,0.7501f,0.9194f,-0.495f,0.7756f,0.3917f,6.6731f,-0.8092f,-0.2474f,-0.5329f,0.3778f,0f,0f,0f,1f],start_interpolation: 0,interpolation_duration: 1}
$data merge entity $(chest) {transformation: [-0.4045f,-0.7425f,0.959f,1.8541f,-0.6329f,0.9916f,0.5008f,5.0668f,-1.0346f,-0.3163f,-0.6813f,0.448f,0f,0f,0f,1f],start_interpolation: 0,interpolation_duration: 1}
$data merge entity $(left_cheek) {transformation: [-0.2317f,-0.3567f,0.9123f,2.7325f,-0.7921f,0.6442f,0.0246f,4.5293f,-0.5647f,-0.7572f,-0.4088f,0.5465f,0f,0f,0f,1f],start_interpolation: 0,interpolation_duration: 1}
$data merge entity $(left_foot) {transformation: [-0.4541f,-0.8816f,0.2487f,1.7811f,-0.9141f,0.4184f,-0.1857f,4.2593f,0.0583f,-0.3049f,-0.9741f,7.1773f,0f,0f,0f,1f],start_interpolation: 0,interpolation_duration: 1}
$data merge entity $(left_knee) {transformation: [-0.9968f,-0.8499f,2.7452f,0.7458f,-2.8728f,0.2169f,-0.9759f,4.6021f,0.0769f,-2.9125f,-0.8738f,3.1084f,0f,0f,0f,1f],start_interpolation: 0,interpolation_duration: 1}
$data merge entity $(left_leg) {transformation: [-0.5638f,1.3145f,0.9517f,2.8003f,-1.6222f,-0.4837f,-0.2931f,3.7683f,0.0437f,-0.9948f,1.3999f,1.4754f,0f,0f,0f,1f],start_interpolation: 0,interpolation_duration: 1}
$data merge entity $(right_cheek) {transformation: [-0.3013f,-0.2173f,0.9284f,2.5035f,-0.1114f,0.975f,0.1921f,4.2649f,-0.947f,-0.0455f,-0.318f,0.062f,0f,0f,0f,1f],start_interpolation: 0,interpolation_duration: 1}
$data merge entity $(right_foot) {transformation: [-0.0533f,-0.0515f,1.0197f,1.9864f,0.0058f,1.021f,0.0518f,-3.3326f,-1.021f,0.0085f,-0.0529f,0.5166f,0f,0f,0f,1f],start_interpolation: 0,interpolation_duration: 1}
$data merge entity $(right_knee) {transformation: [-0.1223f,-0.8831f,2.9082f,0.8797f,-0.0496f,2.9107f,0.8818f,0.7305f,-3.0389f,-0.012f,-0.1315f,0.4074f,0f,0f,0f,1f],start_interpolation: 0,interpolation_duration: 1}
$data merge entity $(right_leg) {transformation: [-0.0967f,0.8564f,1.4862f,2.2121f,-0.0228f,1.4878f,-0.8588f,3.1401f,-1.7151f,-0.0681f,-0.0724f,0.3718f,0f,0f,0f,1f],start_interpolation: 0,interpolation_duration: 1}
$data merge entity $(weist) {transformation: [-0.6818f,-0.5899f,1.3488f,2.0038f,-0.7283f,1.4269f,0.2559f,4.9246f,-1.2793f,-0.4979f,-0.8645f,0.3543f,0f,0f,0f,1f],start_interpolation: 0,interpolation_duration: 1}
data modify storage animated_java:temp entry.data merge value {"locators":{"consume":{"px":-1.1185421636,"py":3.3850794953,"pz":-3.1940028557,"ry":42.6048509725,"rx":-29.7708808088}}}
# Data Manager: Prepare for Read / Write
execute store result storage animated_java:temp args.id int 1 run scoreboard players get @s aj.id
# Data Manager: Write
function animated_java:global/data_manager/write with storage animated_java:temp args