# This file was generated by Animated Java via MC-Build. It is not recommended to edit this file directly.
$data merge entity $(neck) {transformation: [-0.5778f,-0.7903f,0.2038f,0.8142f,-0.5686f,0.5689f,0.5941f,6.581f,-0.5855f,0.2274f,-0.7782f,-0.1129f,0f,0f,0f,1f],start_interpolation: 0,interpolation_duration: 1}
$data merge entity $(right_thumb_2) {transformation: [-0.8793f,0.4696f,-0.0792f,-0.6901f,0.4716f,0.8357f,-0.2815f,3.6185f,-0.066f,-0.2849f,-0.9563f,-2.8187f,0f,0f,0f,1f],start_interpolation: 0,interpolation_duration: 1}
$data merge entity $(right_thumb) {transformation: [-0.8793f,0.3337f,-0.3397f,-0.7083f,0.4716f,0.5114f,-0.7184f,3.8631f,-0.066f,-0.7919f,-0.607f,-3.0747f,0f,0f,0f,1f],start_interpolation: 0,interpolation_duration: 1}
$data merge entity $(right_fingers2) {transformation: [-0.7965f,-0.1022f,0.596f,-1.2268f,-0.4909f,0.6848f,-0.5387f,3.1549f,-0.3531f,-0.7216f,-0.5955f,-3.0884f,0f,0f,0f,1f],start_interpolation: 0,interpolation_duration: 1}
$data merge entity $(right_fingers) {transformation: [-0.5505f,0.5846f,0.596f,-1.0714f,0.2658f,0.7995f,-0.5387f,3.3863f,-0.7914f,-0.1381f,-0.5955f,-3.1544f,0f,0f,0f,1f],start_interpolation: 0,interpolation_duration: 1}
$data merge entity $(scout) {transformation: [0f,0f,0f,-0.8871f,0f,0f,0f,3.3119f,0f,0f,0f,-3.0817f,0f,0f,0f,1f],start_interpolation: 0,interpolation_duration: 1}
$data merge entity $(right_hand) {transformation: [-0.5285f,0.6045f,0.596f,-0.6711f,0.2952f,0.7891f,-0.5387f,3.8457f,-0.7959f,-0.1088f,-0.5955f,-3.2436f,0f,0f,0f,1f],start_interpolation: 0,interpolation_duration: 1}
$data merge entity $(right_forearm) {transformation: [-0.7959f,0.9311f,0.6298f,0.7871f,1.0623f,0.8753f,0.0485f,5.1215f,-0.3675f,0.5138f,-1.224f,-2.499f,0f,0f,0f,1f],start_interpolation: 0,interpolation_duration: 1}
$data merge entity $(right_shoulder) {transformation: [-0.7118f,-0.2131f,1.264f,0.6301f,1.0247f,0.774f,0.7076f,5.8359f,-0.7701f,1.2269f,-0.2268f,-0.8407f,0f,0f,0f,1f],start_interpolation: 0,interpolation_duration: 1}
$data merge entity $(right_arm) {transformation: [-0.3283f,-0.578f,0.7471f,0.6541f,-0.4685f,0.7864f,0.4025f,6.3313f,-0.8202f,-0.2179f,-0.529f,-0.4457f,0f,0f,0f,1f],start_interpolation: 0,interpolation_duration: 1}
$data merge entity $(left_thumb_2) {transformation: [0.6158f,0.7028f,0.3562f,1.5296f,-0.7634f,0.4202f,0.4906f,7.8496f,0.1951f,-0.574f,0.7953f,3.2043f,0f,0f,0f,1f],start_interpolation: 0,interpolation_duration: 1}
$data merge entity $(left_thumb) {transformation: [0.6158f,0.7634f,-0.1949f,1.6867f,-0.7634f,0.6393f,0.0923f,8.1672f,0.1951f,0.0919f,0.9765f,3.1912f,0f,0f,0f,1f],start_interpolation: 0,interpolation_duration: 1}
$data merge entity $(left_fingers2) {transformation: [0.1605f,0.7332f,0.6608f,1.0822f,-0.9861f,0.1481f,0.0752f,8.3456f,-0.0428f,-0.6637f,0.7468f,3.816f,0f,0f,0f,1f],start_interpolation: 0,interpolation_duration: 1}
$data merge entity $(left_fingers) {transformation: [-0.127f,0.7397f,0.6608f,1.3015f,-0.9694f,-0.2335f,0.0752f,8.3069f,0.2099f,-0.6311f,0.7468f,3.6357f,0f,0f,0f,1f],start_interpolation: 0,interpolation_duration: 1}
$data merge entity $(left_hand) {transformation: [0.0256f,0.7501f,0.6608f,1.7915f,-0.9966f,-0.0322f,0.0752f,8.2855f,0.0777f,-0.6605f,0.7468f,3.2634f,0f,0f,0f,1f],start_interpolation: 0,interpolation_duration: 1}
$data merge entity $(left_forearm) {transformation: [-1.1654f,0.7099f,0.1874f,2.8189f,-0.4628f,-0.4374f,-1.2213f,7.5631f,-0.57f,-1.0963f,0.6086f,1.6108f,0f,0f,0f,1f],start_interpolation: 0,interpolation_duration: 1}
$data merge entity $(left_shoulder) {transformation: [-0.1901f,-1.089f,0.9632f,1.4219f,-1.3394f,-0.2466f,-0.5431f,7.0099f,0.5654f,-0.9503f,-0.9628f,0.5971f,0f,0f,0f,1f],start_interpolation: 0,interpolation_duration: 1}
$data merge entity $(left_arm) {transformation: [-0.3283f,-0.578f,0.7471f,0.9447f,-0.4685f,0.7864f,0.4025f,6.746f,-0.8202f,-0.2179f,-0.529f,0.2802f,0f,0f,0f,1f],start_interpolation: 0,interpolation_duration: 1}
$data merge entity $(chest) {transformation: [-0.4198f,-0.7389f,0.9552f,1.8691f,-0.599f,1.0055f,0.5146f,5.1322f,-1.0487f,-0.2786f,-0.6763f,0.2924f,0f,0f,0f,1f],start_interpolation: 0,interpolation_duration: 1}
$data merge entity $(left_cheek) {transformation: [-0.3994f,-0.3368f,0.8527f,2.7773f,-0.699f,0.7137f,-0.0455f,4.6021f,-0.5932f,-0.6142f,-0.5205f,0.4423f,0f,0f,0f,1f],start_interpolation: 0,interpolation_duration: 1}
$data merge entity $(left_foot) {transformation: [-0.5171f,-0.8673f,0.1601f,2.2413f,-0.8727f,0.53f,0.0525f,2.9537f,-0.1276f,-0.1101f,-1.0084f,6.7792f,0f,0f,0f,1f],start_interpolation: 0,interpolation_duration: 1}
$data merge entity $(left_knee) {transformation: [-1.2085f,-1.1059f,2.5629f,0.8503f,-2.7363f,1.0214f,-0.8495f,4.4112f,-0.5518f,-2.6431f,-1.4007f,3.0797f,0f,0f,0f,1f],start_interpolation: 0,interpolation_duration: 1}
$data merge entity $(left_leg) {transformation: [-0.6824f,1.2776f,0.9238f,2.8416f,-1.5455f,-0.3431f,-0.6671f,3.8167f,-0.3116f,-1.0961f,1.2856f,1.2731f,0f,0f,0f,1f],start_interpolation: 0,interpolation_duration: 1}
$data merge entity $(right_cheek) {transformation: [-0.4084f,-0.1585f,0.8989f,2.531f,-0.1357f,0.9844f,0.1119f,4.2971f,-0.9027f,-0.0763f,-0.4235f,-0.195f,0f,0f,0f,1f],start_interpolation: 0,interpolation_duration: 1}
$data merge entity $(right_foot) {transformation: [-0.1911f,-0.0294f,1.0039f,2.003f,-0.0177f,1.0219f,0.0266f,-3.1223f,-1.0042f,-0.0124f,-0.1915f,0.446f,0f,0f,0f,1f],start_interpolation: 0,interpolation_duration: 1}
$data merge entity $(right_knee) {transformation: [-0.5547f,-0.9942f,2.8207f,0.7265f,-0.095f,2.8732f,0.994f,0.8922f,-2.9892f,0.0932f,-0.555f,0.4664f,0f,0f,0f,1f],start_interpolation: 0,interpolation_duration: 1}
$data merge entity $(right_leg) {transformation: [-0.3133f,0.9312f,1.4093f,2.1901f,-0.0537f,1.4271f,-0.9549f,3.2087f,-1.6883f,-0.2181f,-0.2312f,0.194f,0f,0f,0f,1f],start_interpolation: 0,interpolation_duration: 1}
$data merge entity $(weist) {transformation: [-0.7552f,-0.5767f,1.3149f,2.0243f,-0.7048f,1.4433f,0.2283f,4.9978f,-1.251f,-0.465f,-0.9224f,0.1936f,0f,0f,0f,1f],start_interpolation: 0,interpolation_duration: 1}
data modify storage animated_java:temp entry.data merge value {"locators":{"consume":{"px":-0.9791751669,"py":3.1934265425,"pz":-3.0020337544,"ry":45.021052776,"rx":-32.591789695}}}
# Data Manager: Prepare for Read / Write
execute store result storage animated_java:temp args.id int 1 run scoreboard players get @s aj.id
# Data Manager: Write
function animated_java:global/data_manager/write with storage animated_java:temp args