# This file was generated by Animated Java via MC-Build. It is not recommended to edit this file directly.
$data merge entity $(neck) {transformation: [-0.601f,-0.7726f,0.2047f,0.7943f,-0.5322f,0.578f,0.6187f,6.6129f,-0.5963f,0.2629f,-0.7585f,-0.1689f,0f,0f,0f,1f],start_interpolation: 0,interpolation_duration: 1}
$data merge entity $(right_thumb_2) {transformation: [-0.8838f,0.438f,-0.1647f,-0.7824f,0.4668f,0.8008f,-0.3753f,3.629f,-0.0325f,-0.4085f,-0.9122f,-2.7128f,0f,0f,0f,1f],start_interpolation: 0,interpolation_duration: 1}
$data merge entity $(right_thumb) {transformation: [-0.8838f,0.2643f,-0.3861f,-0.8229f,0.4668f,0.4407f,-0.7667f,3.8508f,-0.0325f,-0.8579f,-0.5129f,-2.9863f,0f,0f,0f,1f],start_interpolation: 0,interpolation_duration: 1}
$data merge entity $(right_fingers2) {transformation: [-0.8231f,-0.0762f,0.5627f,-1.3457f,-0.4625f,0.665f,-0.5864f,3.1448f,-0.3295f,-0.7429f,-0.5826f,-2.9189f,0f,0f,0f,1f],start_interpolation: 0,interpolation_duration: 1}
$data merge entity $(right_fingers) {transformation: [-0.5674f,0.6012f,0.5627f,-1.1862f,0.2386f,0.7741f,-0.5864f,3.3678f,-0.7881f,-0.1985f,-0.5826f,-3.0019f,0f,0f,0f,1f],start_interpolation: 0,interpolation_duration: 1}
$data merge entity $(scout) {transformation: [0f,0f,0f,-0.9971f,0f,0f,0f,3.3005f,0f,0f,0f,-2.9347f,0f,0f,0f,1f],start_interpolation: 0,interpolation_duration: 1}
$data merge entity $(right_hand) {transformation: [-0.5789f,0.5901f,0.5627f,-0.796f,0.2235f,0.7785f,-0.5864f,3.8189f,-0.7841f,-0.2137f,-0.5826f,-3.155f,0f,0f,0f,1f],start_interpolation: 0,interpolation_duration: 1}
$data merge entity $(right_forearm) {transformation: [-0.8121f,0.9559f,0.5691f,0.698f,1.041f,0.9015f,-0.0287f,5.1322f,-0.3924f,0.4131f,-1.254f,-2.5622f,0f,0f,0f,1f],start_interpolation: 0,interpolation_duration: 1}
$data merge entity $(right_shoulder) {transformation: [-0.7105f,-0.1747f,1.2706f,0.5873f,1.011f,0.8176f,0.6777f,5.9034f,-0.7893f,1.2045f,-0.2757f,-0.9256f,0f,0f,0f,1f],start_interpolation: 0,interpolation_duration: 1}
$data merge entity $(right_arm) {transformation: [-0.3477f,-0.5673f,0.7465f,0.6253f,-0.4267f,0.8047f,0.4128f,6.3806f,-0.8349f,-0.175f,-0.5218f,-0.5099f,0f,0f,0f,1f],start_interpolation: 0,interpolation_duration: 1}
$data merge entity $(left_thumb_2) {transformation: [0.7012f,0.6315f,0.331f,1.517f,-0.704f,0.54f,0.4612f,7.5977f,0.1126f,-0.5564f,0.8232f,3.2497f,0f,0f,0f,1f],start_interpolation: 0,interpolation_duration: 1}
$data merge entity $(left_thumb) {transformation: [0.7012f,0.6914f,-0.1739f,1.638f,-0.704f,0.71f,-0.0158f,7.9308f,0.1126f,0.1335f,0.9846f,3.2621f,0f,0f,0f,1f],start_interpolation: 0,interpolation_duration: 1}
$data merge entity $(left_fingers2) {transformation: [0.3448f,0.6648f,0.6627f,1.0313f,-0.9161f,0.3922f,0.0832f,7.9572f,-0.2046f,-0.6358f,0.7442f,3.9077f,0f,0f,0f,1f],start_interpolation: 0,interpolation_duration: 1}
$data merge entity $(left_fingers) {transformation: [0.0352f,0.748f,0.6627f,1.2483f,-0.9962f,-0.0268f,0.0832f,7.9783f,0.08f,-0.6631f,0.7442f,3.7219f,0f,0f,0f,1f],start_interpolation: 0,interpolation_duration: 1}
$data merge entity $(left_hand) {transformation: [0.1482f,0.7341f,0.6627f,1.7292f,-0.9887f,0.1245f,0.0832f,8.0535f,-0.0214f,-0.6676f,0.7442f,3.3447f,0f,0f,0f,1f],start_interpolation: 0,interpolation_duration: 1}
$data merge entity $(left_forearm) {transformation: [-1.1484f,0.7232f,0.2351f,2.7791f,-0.4708f,-0.3417f,-1.2485f,7.4739f,-0.5972f,-1.1213f,0.5321f,1.6505f,0f,0f,0f,1f],start_interpolation: 0,interpolation_duration: 1}
$data merge entity $(left_shoulder) {transformation: [-0.2026f,-1.0557f,0.9971f,1.419f,-1.3804f,-0.1725f,-0.4632f,7.0002f,0.4508f,-1.0027f,-0.9701f,0.5501f,0f,0f,0f,1f],start_interpolation: 0,interpolation_duration: 1}
$data merge entity $(left_arm) {transformation: [-0.3477f,-0.5673f,0.7465f,0.933f,-0.4267f,0.8047f,0.4128f,6.7583f,-0.8349f,-0.175f,-0.5218f,0.229f,0f,0f,0f,1f],start_interpolation: 0,interpolation_duration: 1}
$data merge entity $(chest) {transformation: [-0.4445f,-0.7253f,0.9545f,1.8296f,-0.5456f,1.0288f,0.5278f,5.1305f,-1.0675f,-0.2238f,-0.6672f,0.1576f,0f,0f,0f,1f],start_interpolation: 0,interpolation_duration: 1}
$data merge entity $(left_cheek) {transformation: [-0.5066f,-0.3362f,0.7939f,2.7593f,-0.6404f,0.7633f,-0.0854f,4.5796f,-0.5773f,-0.5517f,-0.602f,0.2998f,0f,0f,0f,1f],start_interpolation: 0,interpolation_duration: 1}
$data merge entity $(left_foot) {transformation: [-0.6047f,-0.8119f,0.143f,2.4634f,-0.7964f,0.6211f,0.1587f,2.1629f,-0.2129f,-0.0175f,-0.9998f,6.5263f,0f,0f,0f,1f],start_interpolation: 0,interpolation_duration: 1}
$data merge entity $(left_knee) {transformation: [-1.4925f,-1.1221f,2.4012f,1.0516f,-2.5131f,1.4746f,-0.8729f,4.2402f,-0.8421f,-2.4122f,-1.6506f,3.1445f,0f,0f,0f,1f],start_interpolation: 0,interpolation_duration: 1}
$data merge entity $(left_leg) {transformation: [-0.8418f,1.1474f,0.9624f,2.8265f,-1.4199f,-0.2605f,-0.9314f,3.7911f,-0.4761f,-1.2518f,1.0759f,1.0876f,0f,0f,0f,1f],start_interpolation: 0,interpolation_duration: 1}
$data merge entity $(right_cheek) {transformation: [-0.4709f,-0.1484f,0.8696f,2.4266f,-0.1348f,0.9863f,0.0953f,4.2865f,-0.8718f,-0.0723f,-0.4845f,-0.3608f,0f,0f,0f,1f],start_interpolation: 0,interpolation_duration: 1}
$data merge entity $(right_foot) {transformation: [-0.2572f,-0.0535f,0.988f,2.0379f,-0.0203f,1.0209f,0.05f,-3.0604f,-0.9893f,-0.0071f,-0.2579f,0.2291f,0f,0f,0f,1f],start_interpolation: 0,interpolation_duration: 1}
$data merge entity $(right_knee) {transformation: [-0.7794f,-1.0871f,2.7318f,0.6227f,-0.0684f,2.8321f,1.1075f,0.9027f,-2.9394f,0.2223f,-0.7502f,0.4217f,0f,0f,0f,1f],start_interpolation: 0,interpolation_duration: 1}
$data merge entity $(right_leg) {transformation: [-0.4402f,0.9284f,1.3768f,2.0881f,-0.0387f,1.4183f,-0.9687f,3.2048f,-1.6602f,-0.2792f,-0.3425f,0.0535f,0f,0f,0f,1f],start_interpolation: 0,interpolation_duration: 1}
$data merge entity $(weist) {transformation: [-0.856f,-0.5529f,1.2624f,1.9862f,-0.6797f,1.4621f,0.1795f,4.9987f,-1.1989f,-0.4341f,-1.0031f,0.0561f,0f,0f,0f,1f],start_interpolation: 0,interpolation_duration: 1}
data modify storage animated_java:temp entry.data merge value {"locators":{"consume":{"px":-1.0831980354,"py":3.1891259276,"pz":-2.8394999761,"ry":44.0052350364,"rx":-35.9046409266}}}
# Data Manager: Prepare for Read / Write
execute store result storage animated_java:temp args.id int 1 run scoreboard players get @s aj.id
# Data Manager: Write
function animated_java:global/data_manager/write with storage animated_java:temp args