# This file was generated by Animated Java via MC-Build. It is not recommended to edit this file directly.
$data merge entity $(neck) {transformation: [-0.6249f,-0.7502f,0.2162f,0.757f,-0.4909f,0.5928f,0.6385f,6.607f,-0.6071f,0.2928f,-0.7387f,-0.1993f,0f,0f,0f,1f],start_interpolation: 0,interpolation_duration: 1}
$data merge entity $(right_thumb_2) {transformation: [-0.875f,0.4095f,-0.2581f,-0.9754f,0.484f,0.7451f,-0.4589f,3.6303f,0.0044f,-0.5264f,-0.8502f,-2.5048f,0f,0f,0f,1f],start_interpolation: 0,interpolation_duration: 1}
$data merge entity $(right_thumb) {transformation: [-0.875f,0.1899f,-0.4453f,-1.0378f,0.484f,0.3515f,-0.8013f,3.8264f,0.0044f,-0.9167f,-0.3995f,-2.7935f,0f,0f,0f,1f],start_interpolation: 0,interpolation_duration: 1}
$data merge entity $(right_fingers2) {transformation: [-0.8589f,-0.1041f,0.5014f,-1.5666f,-0.454f,0.6081f,-0.6513f,3.1425f,-0.2371f,-0.787f,-0.5695f,-2.6185f,0f,0f,0f,1f],start_interpolation: 0,interpolation_duration: 1}
$data merge entity $(right_fingers) {transformation: [-0.6188f,0.6047f,0.5014f,-1.4081f,0.1901f,0.7346f,-0.6513f,3.3525f,-0.7622f,-0.3077f,-0.5695f,-2.7318f,0f,0f,0f,1f],start_interpolation: 0,interpolation_duration: 1}
$data merge entity $(scout) {transformation: [0f,0f,0f,-1.2149f,0f,0f,0f,3.2875f,0f,0f,0f,-2.6748f,0f,0f,0f,1f],start_interpolation: 0,interpolation_duration: 1}
$data merge entity $(right_hand) {transformation: [-0.6414f,0.5806f,0.5014f,-1.0261f,0.1619f,0.7414f,-0.6513f,3.7782f,-0.7499f,-0.3366f,-0.5695f,-2.96f,0f,0f,0f,1f],start_interpolation: 0,interpolation_duration: 1}
$data merge entity $(right_forearm) {transformation: [-0.812f,1.0063f,0.4745f,0.5403f,1.0321f,0.9007f,-0.1437f,5.0864f,-0.4152f,0.2709f,-1.285f,-2.5815f,0f,0f,0f,1f],start_interpolation: 0,interpolation_duration: 1}
$data merge entity $(right_shoulder) {transformation: [-0.7022f,-0.1013f,1.2831f,0.5171f,1f,0.8773f,0.6166f,5.9347f,-0.8104f,1.1704f,-0.3511f,-0.9799f,0f,0f,0f,1f],start_interpolation: 0,interpolation_duration: 1}
$data merge entity $(right_arm) {transformation: [-0.375f,-0.5505f,0.7458f,0.5754f,-0.3832f,0.8247f,0.416f,6.3932f,-0.8441f,-0.1298f,-0.5202f,-0.5459f,0f,0f,0f,1f],start_interpolation: 0,interpolation_duration: 1}
$data merge entity $(left_thumb_2) {transformation: [0.7224f,0.6067f,0.3318f,1.4236f,-0.6865f,0.5723f,0.4485f,7.4155f,0.0822f,-0.5518f,0.8299f,3.2821f,0f,0f,0f,1f],start_interpolation: 0,interpolation_duration: 1}
$data merge entity $(left_thumb) {transformation: [0.7224f,0.6714f,-0.1653f,1.5349f,-0.6865f,0.7249f,-0.056f,7.7513f,0.0822f,0.1539f,0.9847f,3.3056f,0f,0f,0f,1f],start_interpolation: 0,interpolation_duration: 1}
$data merge entity $(left_fingers2) {transformation: [0.4615f,0.5978f,0.6555f,0.9283f,-0.8278f,0.5558f,0.076f,7.7021f,-0.3189f,-0.5777f,0.7514f,3.947f,0f,0f,0f,1f],start_interpolation: 0,interpolation_duration: 1}
$data merge entity $(left_fingers) {transformation: [0.1268f,0.7445f,0.6555f,1.1417f,-0.9919f,0.1021f,0.076f,7.7598f,-0.0103f,-0.6598f,0.7514f,3.7648f,0f,0f,0f,1f],start_interpolation: 0,interpolation_duration: 1}
$data merge entity $(left_hand) {transformation: [0.1912f,0.7306f,0.6555f,1.6203f,-0.9792f,0.1881f,0.076f,7.8738f,-0.0678f,-0.6564f,0.7514f,3.3945f,0f,0f,0f,1f],start_interpolation: 0,interpolation_duration: 1}
$data merge entity $(left_forearm) {transformation: [-1.1261f,0.7511f,0.2547f,2.7139f,-0.4829f,-0.2984f,-1.2549f,7.3586f,-0.6291f,-1.1153f,0.5073f,1.7071f,0f,0f,0f,1f],start_interpolation: 0,interpolation_duration: 1}
$data merge entity $(left_shoulder) {transformation: [-0.2249f,-1.0084f,1.0403f,1.4056f,-1.4016f,-0.1152f,-0.4147f,6.949f,0.3669f,-1.0581f,-0.9463f,0.5215f,0f,0f,0f,1f],start_interpolation: 0,interpolation_duration: 1}
$data merge entity $(left_arm) {transformation: [-0.375f,-0.5505f,0.7458f,0.9073f,-0.3832f,0.8247f,0.416f,6.7324f,-0.8441f,-0.1298f,-0.5202f,0.2012f,0f,0f,0f,1f],start_interpolation: 0,interpolation_duration: 1}
$data merge entity $(chest) {transformation: [-0.4795f,-0.7039f,0.9536f,1.7614f,-0.4899f,1.0544f,0.5319f,5.0878f,-1.0792f,-0.1659f,-0.6651f,0.044f,0f,0f,0f,1f],start_interpolation: 0,interpolation_duration: 1}
$data merge entity $(left_cheek) {transformation: [-0.6025f,-0.3539f,0.7154f,2.6833f,-0.6104f,0.7818f,-0.1273f,4.4768f,-0.5142f,-0.5134f,-0.687f,0.1059f,0f,0f,0f,1f],start_interpolation: 0,interpolation_duration: 1}
$data merge entity $(left_foot) {transformation: [-0.7038f,-0.7346f,0.1012f,2.7664f,-0.6981f,0.7035f,0.2512f,1.3424f,-0.2501f,0.1038f,-0.9858f,6.1446f,0f,0f,0f,1f],start_interpolation: 0,interpolation_duration: 1}
$data merge entity $(left_knee) {transformation: [-1.8241f,-1.1602f,2.1398f,1.3005f,-2.2197f,1.8903f,-0.8672f,3.9868f,-0.999f,-2.0816f,-1.9802f,3.2114f,0f,0f,0f,1f],start_interpolation: 0,interpolation_duration: 1}
$data merge entity $(left_leg) {transformation: [-1.0281f,0.9701f,0.9764f,2.7832f,-1.2547f,-0.1595f,-1.1626f,3.7131f,-0.5658f,-1.4089f,0.8039f,0.9072f,0f,0f,0f,1f],start_interpolation: 0,interpolation_duration: 1}
$data merge entity $(right_cheek) {transformation: [-0.5457f,-0.1377f,0.8266f,2.2647f,-0.1239f,0.9888f,0.083f,4.2377f,-0.8288f,-0.0572f,-0.5566f,-0.4947f,0f,0f,0f,1f],start_interpolation: 0,interpolation_duration: 1}
$data merge entity $(right_foot) {transformation: [-0.3324f,-0.0788f,0.9636f,2.018f,-0.0168f,1.0193f,0.0775f,-3.0336f,-0.9667f,0.0094f,-0.3326f,-0.0473f,0f,0f,0f,1f],start_interpolation: 0,interpolation_duration: 1}
$data merge entity $(right_knee) {transformation: [-1.0455f,-1.1619f,2.6094f,0.4867f,-0.0117f,2.7805f,1.2333f,0.8647f,-2.8564f,0.4139f,-0.9602f,0.4043f,0f,0f,0f,1f],start_interpolation: 0,interpolation_duration: 1}
$data merge entity $(right_leg) {transformation: [-0.5905f,0.9137f,1.3296f,1.9361f,-0.0066f,1.4145f,-0.975f,3.1596f,-1.6133f,-0.3402f,-0.4827f,-0.0595f,0f,0f,0f,1f],start_interpolation: 0,interpolation_duration: 1}
$data merge entity $(weist) {transformation: [-0.982f,-0.5188f,1.1826f,1.9175f,-0.6416f,1.4853f,0.1188f,4.9563f,-1.1207f,-0.3957f,-1.1043f,-0.0589f,0f,0f,0f,1f],start_interpolation: 0,interpolation_duration: 1}
data modify storage animated_java:temp entry.data merge value {"locators":{"consume":{"px":-1.2939707484,"py":3.1875969736,"pz":-2.5624131661,"ry":41.3621495549,"rx":-40.6393195716}}}
# Data Manager: Prepare for Read / Write
execute store result storage animated_java:temp args.id int 1 run scoreboard players get @s aj.id
# Data Manager: Write
function animated_java:global/data_manager/write with storage animated_java:temp args