# This file was generated by Animated Java via MC-Build. It is not recommended to edit this file directly.
$data merge entity $(neck) {transformation: [-0.6532f,-0.7199f,0.2347f,0.7281f,-0.4512f,0.619f,0.6428f,6.567f,-0.6081f,0.314f,-0.7292f,-0.192f,0f,0f,0f,1f],start_interpolation: 0,interpolation_duration: 1}
$data merge entity $(right_thumb_2) {transformation: [-0.8496f,0.3789f,-0.367f,-1.248f,0.5253f,0.6714f,-0.5228f,3.6269f,0.0483f,-0.6369f,-0.7694f,-2.1444f,0f,0f,0f,1f],start_interpolation: 0,interpolation_duration: 1}
$data merge entity $(right_thumb) {transformation: [-0.8496f,0.0999f,-0.518f,-1.3345f,0.5253f,0.2501f,-0.8133f,3.7967f,0.0483f,-0.963f,-0.265f,-2.4433f,0f,0f,0f,1f],start_interpolation: 0,interpolation_duration: 1}
$data merge entity $(right_fingers2) {transformation: [-0.8934f,-0.199f,0.4028f,-1.8628f,-0.4447f,0.5197f,-0.7295f,3.1619f,-0.0641f,-0.8309f,-0.5528f,-2.1363f,0f,0f,0f,1f],start_interpolation: 0,interpolation_duration: 1}
$data merge entity $(right_fingers) {transformation: [-0.7074f,0.5808f,0.4028f,-1.7143f,0.1351f,0.6705f,-0.7295f,3.3514f,-0.6938f,-0.4617f,-0.5528f,-2.2915f,0f,0f,0f,1f],start_interpolation: 0,interpolation_duration: 1}
$data merge entity $(scout) {transformation: [0f,0f,0f,-1.5186f,0f,0f,0f,3.2822f,0f,0f,0f,-2.2504f,0f,0f,0f,1f],start_interpolation: 0,interpolation_duration: 1}
$data merge entity $(right_hand) {transformation: [-0.7186f,0.5669f,0.4028f,-1.3447f,0.122f,0.673f,-0.7295f,3.7319f,-0.6847f,-0.475f,-0.5528f,-2.6043f,0f,0f,0f,1f],start_interpolation: 0,interpolation_duration: 1}
$data merge entity $(right_forearm) {transformation: [-0.798f,1.0732f,0.3294f,0.3168f,1.0345f,0.8599f,-0.2957f,4.9732f,-0.4361f,0.076f,-1.3043f,-2.5191f,0f,0f,0f,1f],start_interpolation: 0,interpolation_duration: 1}
$data merge entity $(right_shoulder) {transformation: [-0.6977f,0.0198f,1.2895f,0.44f,0.9838f,0.956f,0.5177f,5.9239f,-0.8338f,1.1115f,-0.4682f,-0.9808f,0f,0f,0f,1f],start_interpolation: 0,interpolation_duration: 1}
$data merge entity $(right_arm) {transformation: [-0.4154f,-0.5262f,0.742f,0.5281f,-0.3482f,0.8456f,0.4047f,6.3686f,-0.8404f,-0.0902f,-0.5345f,-0.5376f,0f,0f,0f,1f],start_interpolation: 0,interpolation_duration: 1}
$data merge entity $(left_thumb_2) {transformation: [0.7077f,0.5618f,0.4284f,1.294f,-0.7035f,0.5042f,0.5008f,7.2683f,0.0654f,-0.6558f,0.7521f,3.3554f,0f,0f,0f,1f],start_interpolation: 0,interpolation_duration: 1}
$data merge entity $(left_thumb) {transformation: [0.7077f,0.6983f,-0.1072f,1.4152f,-0.7035f,0.7105f,-0.0155f,7.6014f,0.0654f,0.0864f,0.9941f,3.3595f,0f,0f,0f,1f],start_interpolation: 0,interpolation_duration: 1}
$data merge entity $(left_fingers2) {transformation: [0.7345f,0.196f,0.6496f,0.841f,-0.3259f,0.9416f,0.0845f,7.43f,-0.5952f,-0.2738f,0.7555f,3.979f,0f,0f,0f,1f],start_interpolation: 0,interpolation_duration: 1}
$data merge entity $(left_fingers) {transformation: [0.3906f,0.6523f,0.6496f,1.0206f,-0.8897f,0.4486f,0.0845f,7.5836f,-0.2364f,-0.611f,0.7555f,3.8171f,0f,0f,0f,1f],start_interpolation: 0,interpolation_duration: 1}
$data merge entity $(left_hand) {transformation: [0.2303f,0.7245f,0.6496f,1.4955f,-0.969f,0.2322f,0.0845f,7.7251f,-0.0897f,-0.6489f,0.7555f,3.4515f,0f,0f,0f,1f],start_interpolation: 0,interpolation_duration: 1}
$data merge entity $(left_forearm) {transformation: [-1.0968f,0.7856f,0.2775f,2.6431f,-0.5204f,-0.2877f,-1.2424f,7.225f,-0.6507f,-1.0942f,0.5259f,1.7958f,0f,0f,0f,1f],start_interpolation: 0,interpolation_duration: 1}
$data merge entity $(left_shoulder) {transformation: [-0.2558f,-0.939f,1.0966f,1.4114f,-1.412f,-0.0695f,-0.3888f,6.8683f,0.301f,-1.1239f,-0.8922f,0.5149f,0f,0f,0f,1f],start_interpolation: 0,interpolation_duration: 1}
$data merge entity $(left_arm) {transformation: [-0.4154f,-0.5262f,0.742f,0.8958f,-0.3482f,0.8456f,0.4047f,6.6768f,-0.8404f,-0.0902f,-0.5345f,0.2063f,0f,0f,0f,1f],start_interpolation: 0,interpolation_duration: 1}
$data merge entity $(chest) {transformation: [-0.5311f,-0.6728f,0.9487f,1.6879f,-0.4452f,1.0811f,0.5174f,5.0096f,-1.0744f,-0.1154f,-0.6833f,-0.0212f,0f,0f,0f,1f],start_interpolation: 0,interpolation_duration: 1}
$data merge entity $(left_cheek) {transformation: [-0.6835f,-0.3693f,0.6297f,2.5727f,-0.57f,0.8089f,-0.1442f,4.3734f,-0.4561f,-0.4574f,-0.7634f,-0.049f,0f,0f,0f,1f],start_interpolation: 0,interpolation_duration: 1}
$data merge entity $(left_foot) {transformation: [-0.8127f,-0.6146f,0.084f,2.8862f,-0.5592f,0.7858f,0.3392f,0.3785f,-0.2685f,0.2237f,-0.9608f,5.6529f,0f,0f,0f,1f],start_interpolation: 0,interpolation_duration: 1}
$data merge entity $(left_knee) {transformation: [-2.1926f,-1.055f,1.8252f,1.5636f,-1.8004f,2.3071f,-0.8293f,3.5893f,-1.0968f,-1.6782f,-2.2876f,3.2681f,0f,0f,0f,1f],start_interpolation: 0,interpolation_duration: 1}
$data merge entity $(left_leg) {transformation: [-1.2354f,0.7724f,0.9103f,2.7229f,-1.0184f,0.0016f,-1.3836f,3.5901f,-0.6229f,-1.5346f,0.4567f,0.7704f,0f,0f,0f,1f],start_interpolation: 0,interpolation_duration: 1}
$data merge entity $(right_cheek) {transformation: [-0.622f,-0.1241f,0.7731f,2.0777f,-0.1061f,0.9916f,0.0738f,4.1562f,-0.7758f,-0.0361f,-0.6299f,-0.5612f,0f,0f,0f,1f],start_interpolation: 0,interpolation_duration: 1}
$data merge entity $(right_foot) {transformation: [-0.4075f,-0.0917f,0.9331f,1.9074f,-0.0081f,1.0178f,0.0965f,-3.0543f,-0.9376f,0.0311f,-0.4064f,-0.3085f,0f,0f,0f,1f],start_interpolation: 0,interpolation_duration: 1}
$data merge entity $(right_knee) {transformation: [-1.3191f,-1.1763f,2.4756f,0.3428f,0.0654f,2.7331f,1.3334f,0.7848f,-2.7401f,0.6314f,-1.1599f,0.4394f,0f,0f,0f,1f],start_interpolation: 0,interpolation_duration: 1}
$data merge entity $(right_leg) {transformation: [-0.745f,0.8897f,1.2668f,1.762f,0.0369f,1.4157f,-0.9725f,3.0798f,-1.5476f,-0.3945f,-0.633f,-0.1098f,0f,0f,0f,1f],start_interpolation: 0,interpolation_duration: 1}
$data merge entity $(weist) {transformation: [-1.114f,-0.472f,1.0809f,1.8406f,-0.5916f,1.5098f,0.0496f,4.8747f,-1.0203f,-0.3601f,-1.2088f,-0.1237f,0f,0f,0f,1f],start_interpolation: 0,interpolation_duration: 1}
data modify storage animated_java:temp entry.data merge value {"locators":{"consume":{"px":-1.5878650906,"py":3.1980158461,"pz":-2.1200871511,"ry":36.0823168774,"rx":-46.8452719664}}}
# Data Manager: Prepare for Read / Write
execute store result storage animated_java:temp args.id int 1 run scoreboard players get @s aj.id
# Data Manager: Write
function animated_java:global/data_manager/write with storage animated_java:temp args