# This file was generated by Animated Java via MC-Build. It is not recommended to edit this file directly.
$data merge entity $(neck) {transformation: [-0.6931f,-0.6748f,0.2534f,0.7008f,-0.4142f,0.6605f,0.6263f,6.4962f,-0.59f,0.3291f,-0.7373f,-0.1894f,0f,0f,0f,1f],start_interpolation: 0,interpolation_duration: 1}
$data merge entity $(right_thumb_2) {transformation: [-0.7987f,0.3394f,-0.4968f,-1.5971f,0.5925f,0.5873f,-0.5514f,3.6535f,0.1047f,-0.7348f,-0.6702f,-1.6437f,0f,0f,0f,1f],start_interpolation: 0,interpolation_duration: 1}
$data merge entity $(right_thumb) {transformation: [-0.7987f,-0.0168f,-0.6014f,-1.7125f,0.5925f,0.1519f,-0.7911f,3.8013f,0.1047f,-0.9883f,-0.1113f,-1.9446f,0f,0f,0f,1f],start_interpolation: 0,interpolation_duration: 1}
$data merge entity $(right_fingers2) {transformation: [-0.8929f,-0.3711f,0.2551f,-2.2187f,-0.407f,0.4227f,-0.8097f,3.2461f,0.1927f,-0.8268f,-0.5285f,-1.4907f,0f,0f,0f,1f],start_interpolation: 0,interpolation_duration: 1}
$data merge entity $(right_fingers) {transformation: [-0.8248f,0.5046f,0.2551f,-2.0963f,0.103f,0.5777f,-0.8097f,3.4077f,-0.5559f,-0.6416f,-0.5285f,-1.6931f,0f,0f,0f,1f],start_interpolation: 0,interpolation_duration: 1}
$data merge entity $(scout) {transformation: [0f,0f,0f,-1.9023f,0f,0f,0f,3.325f,0f,0f,0f,-1.6746f,0f,0f,0f,1f],start_interpolation: 0,interpolation_duration: 1}
$data merge entity $(right_hand) {transformation: [-0.8056f,0.5347f,0.2551f,-1.7526f,0.1243f,0.5735f,-0.8097f,3.7235f,-0.5793f,-0.6206f,-0.5285f,-2.0947f,0f,0f,0f,1f],start_interpolation: 0,interpolation_duration: 1}
$data merge entity $(right_forearm) {transformation: [-0.7729f,1.1345f,0.1123f,-0.0077f,1.0487f,0.7607f,-0.4676f,4.8085f,-0.4472f,-0.1769f,-1.2907f,-2.3894f,0f,0f,0f,1f],start_interpolation: 0,interpolation_duration: 1}
$data merge entity $(right_shoulder) {transformation: [-0.7115f,0.2016f,1.2661f,0.3407f,0.9619f,1.0412f,0.3747f,5.8721f,-0.8476f,1.0124f,-0.6375f,-0.9637f,0f,0f,0f,1f],start_interpolation: 0,interpolation_duration: 1}
$data merge entity $(right_arm) {transformation: [-0.4768f,-0.492f,0.7284f,0.4732f,-0.3235f,0.8687f,0.3751f,6.3093f,-0.8173f,-0.0568f,-0.5733f,-0.5241f,0f,0f,0f,1f],start_interpolation: 0,interpolation_duration: 1}
$data merge entity $(left_thumb_2) {transformation: [0.661f,0.4714f,0.5839f,1.1782f,-0.7478f,0.3497f,0.5643f,7.1869f,0.0618f,-0.8096f,0.5837f,3.405f,0f,0f,0f,1f],start_interpolation: 0,interpolation_duration: 1}
$data merge entity $(left_thumb) {transformation: [0.661f,0.7504f,-0.0022f,1.3217f,-0.7478f,0.659f,0.0805f,7.5087f,0.0618f,-0.0516f,0.9968f,3.3652f,0f,0f,0f,1f],start_interpolation: 0,interpolation_duration: 1}
$data merge entity $(left_fingers2) {transformation: [0.6006f,-0.4584f,0.6551f,0.837f,0.5272f,0.843f,0.1065f,7.2374f,-0.6011f,0.2815f,0.748f,3.9361f,0f,0f,0f,1f],start_interpolation: 0,interpolation_duration: 1}
$data merge entity $(left_fingers) {transformation: [0.6516f,0.3823f,0.6551f,0.9324f,-0.5806f,0.8072f,0.1065f,7.4845f,-0.4881f,-0.4498f,0.748f,3.8272f,0f,0f,0f,1f],start_interpolation: 0,interpolation_duration: 1}
$data merge entity $(left_hand) {transformation: [0.2534f,0.7117f,0.6551f,1.3997f,-0.9636f,0.2451f,0.1065f,7.635f,-0.0848f,-0.6583f,0.748f,3.4555f,0f,0f,0f,1f],start_interpolation: 0,interpolation_duration: 1}
$data merge entity $(left_forearm) {transformation: [-1.0745f,0.8095f,0.2953f,2.5849f,-0.5749f,-0.3218f,-1.2096f,7.0824f,-0.6419f,-1.0669f,0.589f,1.8436f,0f,0f,0f,1f],start_interpolation: 0,interpolation_duration: 1}
$data merge entity $(left_shoulder) {transformation: [-0.298f,-0.8634f,1.147f,1.4353f,-1.411f,-0.0401f,-0.3968f,6.7619f,0.265f,-1.1844f,-0.8227f,0.4794f,0f,0f,0f,1f],start_interpolation: 0,interpolation_duration: 1}
$data merge entity $(left_arm) {transformation: [-0.4768f,-0.492f,0.7284f,0.8952f,-0.3235f,0.8687f,0.3751f,6.5956f,-0.8173f,-0.0568f,-0.5733f,0.1993f,0f,0f,0f,1f],start_interpolation: 0,interpolation_duration: 1}
$data merge entity $(chest) {transformation: [-0.6096f,-0.6291f,0.9313f,1.598f,-0.4136f,1.1107f,0.4795f,4.8965f,-1.045f,-0.0727f,-0.733f,-0.0796f,0f,0f,0f,1f],start_interpolation: 0,interpolation_duration: 1}
$data merge entity $(left_cheek) {transformation: [-0.7366f,-0.3748f,0.563f,2.4313f,-0.5307f,0.8363f,-0.1375f,4.2773f,-0.4193f,-0.4f,-0.815f,-0.1783f,0f,0f,0f,1f],start_interpolation: 0,interpolation_duration: 1}
$data merge entity $(left_foot) {transformation: [-0.9006f,-0.4762f,0.0858f,2.7748f,-0.4085f,0.8455f,0.4043f,-0.5389f,-0.2592f,0.3219f,-0.9351f,5.084f,0f,0f,0f,1f],start_interpolation: 0,interpolation_duration: 1}
$data merge entity $(left_knee) {transformation: [-2.4983f,-0.8413f,1.5174f,1.7442f,-1.3396f,2.626f,-0.7495f,3.1033f,-1.1027f,-1.2839f,-2.5274f,3.2353f,0f,0f,0f,1f],start_interpolation: 0,interpolation_duration: 1}
$data merge entity $(left_leg) {transformation: [-1.4076f,0.606f,0.7763f,2.6337f,-0.7582f,0.1974f,-1.5289f,3.4329f,-0.6285f,-1.5954f,0.1057f,0.6502f,0f,0f,0f,1f],start_interpolation: 0,interpolation_duration: 1}
$data merge entity $(right_cheek) {transformation: [-0.6847f,-0.117f,0.7194f,1.8753f,-0.0894f,0.9931f,0.0764f,4.0455f,-0.7233f,-0.012f,-0.6904f,-0.6003f,0f,0f,0f,1f],start_interpolation: 0,interpolation_duration: 1}
$data merge entity $(right_foot) {transformation: [-0.4691f,-0.0933f,0.9036f,1.7465f,0.0008f,1.0169f,0.1054f,-3.1458f,-0.9084f,0.0491f,-0.4666f,-0.5593f,0f,0f,0f,1f],start_interpolation: 0,interpolation_duration: 1}
$data merge entity $(right_knee) {transformation: [-1.5516f,-1.1409f,2.3543f,0.2192f,0.1436f,2.696f,1.4011f,0.647f,-2.6123f,0.8259f,-1.3214f,0.4547f,0f,0f,0f,1f],start_interpolation: 0,interpolation_duration: 1}
$data merge entity $(right_leg) {transformation: [-0.8763f,0.8483f,1.2099f,1.5792f,0.0811f,1.4322f,-0.9454f,2.9657f,-1.4754f,-0.4251f,-0.7706f,-0.1424f,0f,0f,0f,1f],start_interpolation: 0,interpolation_duration: 1}
$data merge entity $(weist) {transformation: [-1.2225f,-0.4262f,0.9777f,1.7436f,-0.5416f,1.5292f,-0.0105f,4.7545f,-0.9188f,-0.3343f,-1.2946f,-0.1801f,0f,0f,0f,1f],start_interpolation: 0,interpolation_duration: 1}
data modify storage animated_java:temp entry.data merge value {"locators":{"consume":{"px":-1.9565314417,"py":3.2595415907,"pz":-1.5274597367,"ry":25.7625294271,"rx":-54.0672221564}}}
# Data Manager: Prepare for Read / Write
execute store result storage animated_java:temp args.id int 1 run scoreboard players get @s aj.id
# Data Manager: Write
function animated_java:global/data_manager/write with storage animated_java:temp args
execute unless entity @s[tag=aj.transforms_only] at @s run function animated_java:female/animations/counter_kick/zzz/frames/21_root_function