# This file was generated by Animated Java via MC-Build. It is not recommended to edit this file directly.
$data merge entity $(neck) {transformation: [-0.7249f,-0.6324f,0.2731f,0.6532f,-0.3874f,0.7021f,0.5976f,6.4036f,-0.5696f,0.3274f,-0.7539f,-0.2096f,0f,0f,0f,1f],start_interpolation: 0,interpolation_duration: 1}
$data merge entity $(right_thumb_2) {transformation: [-0.7268f,0.304f,-0.6159f,-1.916f,0.6711f,0.5053f,-0.5425f,3.7298f,0.1463f,-0.8077f,-0.5712f,-1.0887f,0f,0f,0f,1f],start_interpolation: 0,interpolation_duration: 1}
$data merge entity $(right_thumb) {transformation: [-0.7268f,-0.1338f,-0.6737f,-2.0573f,0.6711f,0.0706f,-0.738f,3.8625f,0.1463f,-0.9885f,0.0385f,-1.3856f,0f,0f,0f,1f],start_interpolation: 0,interpolation_duration: 1}
$data merge entity $(right_fingers2) {transformation: [-0.8062f,-0.586f,0.0821f,-2.512f,-0.3417f,0.3478f,-0.8731f,3.4051f,0.483f,-0.7319f,-0.4806f,-0.8001f,0f,0f,0f,1f],start_interpolation: 0,interpolation_duration: 1}
$data merge entity $(right_fingers) {transformation: [-0.9274f,0.3651f,0.0821f,-2.4336f,0.1097f,0.4751f,-0.8731f,3.5372f,-0.3578f,-0.8006f,-0.4806f,-1.0418f,0f,0f,0f,1f],start_interpolation: 0,interpolation_duration: 1}
$data merge entity $(scout) {transformation: [0f,0f,0f,-2.2486f,0f,0f,0f,3.4343f,0f,0f,0f,-1.0452f,0f,0f,0f,1f],start_interpolation: 0,interpolation_duration: 1}
$data merge entity $(right_hand) {transformation: [-0.8718f,0.483f,0.0821f,-2.1289f,0.1708f,0.4567f,-0.8731f,3.7782f,-0.4592f,-0.7471f,-0.4806f,-1.5196f,0f,0f,0f,1f],start_interpolation: 0,interpolation_duration: 1}
$data merge entity $(right_forearm) {transformation: [-0.7407f,1.1529f,-0.1389f,-0.3669f,1.0642f,0.6081f,-0.6283f,4.6268f,-0.4646f,-0.4452f,-1.2178f,-2.2151f,0f,0f,0f,1f],start_interpolation: 0,interpolation_duration: 1}
$data merge entity $(right_shoulder) {transformation: [-0.7402f,0.3957f,1.2022f,0.2261f,0.932f,1.1127f,0.2075f,5.7889f,-0.8564f,0.8689f,-0.8133f,-0.9569f,0f,0f,0f,1f],start_interpolation: 0,interpolation_duration: 1}
$data merge entity $(right_arm) {transformation: [-0.5345f,-0.461f,0.7084f,0.3999f,-0.31f,0.8867f,0.3431f,6.2235f,-0.7863f,-0.0362f,-0.6168f,-0.5293f,0f,0f,0f,1f],start_interpolation: 0,interpolation_duration: 1}
$data merge entity $(left_thumb_2) {transformation: [0.605f,0.35f,0.7151f,0.9898f,-0.7915f,0.1666f,0.5881f,7.1728f,0.0867f,-0.9218f,0.3778f,3.4059f,0f,0f,0f,1f],start_interpolation: 0,interpolation_duration: 1}
$data merge entity $(left_thumb) {transformation: [0.605f,0.7894f,0.1036f,1.1526f,-0.7915f,0.5822f,0.1862f,7.4749f,0.0867f,-0.1946f,0.977f,3.3166f,0f,0f,0f,1f],start_interpolation: 0,interpolation_duration: 1}
$data merge entity $(left_fingers2) {transformation: [0.0114f,-0.7542f,0.6565f,0.7741f,0.9799f,0.1392f,0.1428f,7.1746f,-0.1991f,0.6417f,0.7407f,3.8188f,0f,0f,0f,1f],start_interpolation: 0,interpolation_duration: 1}
$data merge entity $(left_fingers) {transformation: [0.7537f,0.0292f,0.6565f,0.766f,-0.1622f,0.9764f,0.1428f,7.4585f,-0.6368f,-0.2142f,0.7407f,3.7812f,0f,0f,0f,1f],start_interpolation: 0,interpolation_duration: 1}
$data merge entity $(left_hand) {transformation: [0.2711f,0.7039f,0.6565f,1.2287f,-0.961f,0.2369f,0.1428f,7.6055f,-0.055f,-0.6696f,0.7407f,3.4024f,0f,0f,0f,1f],start_interpolation: 0,interpolation_duration: 1}
$data merge entity $(left_forearm) {transformation: [-1.0429f,0.8452f,0.3086f,2.4694f,-0.6506f,-0.3822f,-1.1523f,6.9609f,-0.6214f,-1.0182f,0.6886f,1.8682f,0f,0f,0f,1f],start_interpolation: 0,interpolation_duration: 1}
$data merge entity $(left_shoulder) {transformation: [-0.3346f,-0.7619f,1.2072f,1.4341f,-1.4062f,-0.0376f,-0.4135f,6.6449f,0.2459f,-1.2521f,-0.7222f,0.4143f,0f,0f,0f,1f],start_interpolation: 0,interpolation_duration: 1}
$data merge entity $(left_arm) {transformation: [-0.5345f,-0.461f,0.7084f,0.873f,-0.31f,0.8867f,0.3431f,6.4979f,-0.7863f,-0.0362f,-0.6168f,0.1667f,0f,0f,0f,1f],start_interpolation: 0,interpolation_duration: 1}
$data merge entity $(chest) {transformation: [-0.6834f,-0.5893f,0.9057f,1.4935f,-0.3963f,1.1337f,0.4386f,4.7712f,-1.0053f,-0.0463f,-0.7886f,-0.1372f,0f,0f,0f,1f],start_interpolation: 0,interpolation_duration: 1}
$data merge entity $(left_cheek) {transformation: [-0.7914f,-0.3659f,0.4896f,2.2643f,-0.4812f,0.8669f,-0.13f,4.1692f,-0.3769f,-0.3386f,-0.8622f,-0.2862f,0f,0f,0f,1f],start_interpolation: 0,interpolation_duration: 1}
$data merge entity $(left_foot) {transformation: [-0.9687f,-0.3215f,0.0598f,2.6245f,-0.2651f,0.8815f,0.4448f,-1.3044f,-0.1914f,0.406f,-0.9186f,4.5008f,0f,0f,0f,1f],start_interpolation: 0,interpolation_duration: 1}
$data merge entity $(left_knee) {transformation: [-2.7535f,-0.6092f,1.1399f,1.907f,-0.898f,2.8311f,-0.6561f,2.6128f,-0.9296f,-0.9305f,-2.7427f,3.1275f,0f,0f,0f,1f],start_interpolation: 0,interpolation_duration: 1}
$data merge entity $(left_leg) {transformation: [-1.552f,0.4313f,0.5972f,2.5159f,-0.5085f,0.3806f,-1.5962f,3.2482f,-0.5331f,-1.6188f,-0.2162f,0.5183f,0f,0f,0f,1f],start_interpolation: 0,interpolation_duration: 1}
$data merge entity $(right_cheek) {transformation: [-0.7496f,-0.0942f,0.6552f,1.6726f,-0.0677f,0.9955f,0.0657f,3.9178f,-0.6584f,0.0049f,-0.7526f,-0.6347f,0f,0f,0f,1f],start_interpolation: 0,interpolation_duration: 1}
$data merge entity $(right_foot) {transformation: [-0.5404f,-0.0784f,0.8643f,1.535f,0.0236f,1.0165f,0.107f,-3.3233f,-0.8676f,0.0765f,-0.5355f,-0.9275f,0f,0f,0f,1f],start_interpolation: 0,interpolation_duration: 1}
$data merge entity $(right_knee) {transformation: [-1.8008f,-1.0291f,2.2249f,0.15f,0.2594f,2.6652f,1.4427f,0.4319f,-2.4376f,1.0439f,-1.4902f,0.3863f,0f,0f,0f,1f],start_interpolation: 0,interpolation_duration: 1}
$data merge entity $(right_leg) {transformation: [-1.0171f,0.7535f,1.1615f,1.3654f,0.1465f,1.4917f,-0.8394f,2.8402f,-1.3767f,-0.3979f,-0.9474f,-0.1661f,0f,0f,0f,1f],start_interpolation: 0,interpolation_duration: 1}
$data merge entity $(weist) {transformation: [-1.3338f,-0.3687f,0.8468f,1.6269f,-0.4729f,1.5503f,-0.0699f,4.6166f,-0.7934f,-0.3043f,-1.382f,-0.2337f,0f,0f,0f,1f],start_interpolation: 0,interpolation_duration: 1}
data modify storage animated_java:temp entry.data merge value {"locators":{"consume":{"px":-2.2847006956,"py":3.3873383382,"pz":-0.8859187647,"ry":9.697535939,"rx":-60.8187877018}}}
# Data Manager: Prepare for Read / Write
execute store result storage animated_java:temp args.id int 1 run scoreboard players get @s aj.id
# Data Manager: Write
function animated_java:global/data_manager/write with storage animated_java:temp args