# This file was generated by Animated Java via MC-Build. It is not recommended to edit this file directly.
$data merge entity $(neck) {transformation: [-0.7679f,-0.5733f,0.2858f,0.6131f,-0.3513f,0.7499f,0.5606f,6.3265f,-0.5357f,0.3301f,-0.7772f,-0.2239f,0f,0f,0f,1f],start_interpolation: 0,interpolation_duration: 1}
$data merge entity $(right_thumb_2) {transformation: [-0.6454f,0.3101f,-0.6981f,-2.1888f,0.7495f,0.4335f,-0.5003f,4.006f,0.1475f,-0.8462f,-0.5121f,-0.3677f,0f,0f,0f,1f],start_interpolation: 0,interpolation_duration: 1}
$data merge entity $(right_thumb) {transformation: [-0.6454f,-0.2376f,-0.726f,-2.3507f,0.7495f,-0.0135f,-0.6618f,4.1221f,0.1475f,-0.9713f,0.1868f,-0.6609f,0f,0f,0f,1f],start_interpolation: 0,interpolation_duration: 1}
$data merge entity $(right_fingers2) {transformation: [-0.3779f,-0.9139f,-0.1479f,-2.6696f,-0.305f,0.2737f,-0.9122f,3.7901f,0.8742f,-0.2996f,-0.3822f,0.0441f,0f,0f,0f,1f],start_interpolation: 0,interpolation_duration: 1}
$data merge entity $(right_fingers) {transformation: [-0.989f,0.0021f,-0.1479f,-2.698f,0.1373f,0.3861f,-0.9122f,3.8974f,0.0552f,-0.9224f,-0.3822f,-0.2201f,0f,0f,0f,1f],start_interpolation: 0,interpolation_duration: 1}
$data merge entity $(scout) {transformation: [0f,0f,0f,-2.5353f,0f,0f,0f,3.7642f,0f,0f,0f,-0.2442f,0f,0f,0f,1f],start_interpolation: 0,interpolation_duration: 1}
$data merge entity $(right_hand) {transformation: [-0.9079f,0.3922f,-0.1479f,-2.4591f,0.2785f,0.3006f,-0.9122f,4.0403f,-0.3133f,-0.8694f,-0.3822f,-0.7693f,0f,0f,0f,1f],start_interpolation: 0,interpolation_duration: 1}
$data merge entity $(right_forearm) {transformation: [-0.691f,1.0955f,-0.4684f,-0.7975f,1.0871f,0.3581f,-0.7662f,4.5065f,-0.4877f,-0.7541f,-1.0443f,-1.9227f,0f,0f,0f,1f],start_interpolation: 0,interpolation_duration: 1}
$data merge entity $(right_shoulder) {transformation: [-0.7816f,0.6344f,1.0661f,0.0992f,0.9067f,1.152f,-0.0208f,5.729f,-0.8466f,0.6482f,-1.0064f,-0.9294f,0f,0f,0f,1f],start_interpolation: 0,interpolation_duration: 1}
$data merge entity $(right_arm) {transformation: [-0.6087f,-0.4179f,0.6744f,0.3271f,-0.288f,0.9084f,0.3029f,6.1572f,-0.7392f,-0.0098f,-0.6734f,-0.5211f,0f,0f,0f,1f],start_interpolation: 0,interpolation_duration: 1}
$data merge entity $(left_thumb_2) {transformation: [0.5453f,0.2341f,0.8049f,0.865f,-0.83f,0.0166f,0.5575f,7.2111f,0.1172f,-0.9721f,0.2034f,3.3639f,0f,0f,0f,1f],start_interpolation: 0,interpolation_duration: 1}
$data merge entity $(left_thumb) {transformation: [0.5453f,0.8141f,0.1997f,1.0432f,-0.83f,0.4911f,0.2644f,7.4884f,0.1172f,-0.3099f,0.9435f,3.2335f,0f,0f,0f,1f],start_interpolation: 0,interpolation_duration: 1}
$data merge entity $(left_fingers2) {transformation: [-0.4023f,-0.6205f,0.6732f,0.7373f,0.9002f,-0.4022f,0.1672f,7.2205f,0.167f,0.6732f,0.7203f,3.6934f,0f,0f,0f,1f],start_interpolation: 0,interpolation_duration: 1}
$data merge entity $(left_fingers) {transformation: [0.7128f,-0.1971f,0.6732f,0.666f,0.1129f,0.9794f,0.1672f,7.4976f,-0.6923f,-0.0432f,0.7203f,3.7059f,0f,0f,0f,1f],start_interpolation: 0,interpolation_duration: 1}
$data merge entity $(left_hand) {transformation: [0.2585f,0.6929f,0.6732f,1.1226f,-0.9659f,0.1978f,0.1672f,7.6217f,-0.0173f,-0.6934f,0.7203f,3.3118f,0f,0f,0f,1f],start_interpolation: 0,interpolation_duration: 1}
$data merge entity $(left_forearm) {transformation: [-1.0332f,0.8582f,0.3051f,2.3832f,-0.711f,-0.4715f,-1.0814f,6.8428f,-0.5694f,-0.9686f,0.7967f,1.8584f,0f,0f,0f,1f],start_interpolation: 0,interpolation_duration: 1}
$data merge entity $(left_shoulder) {transformation: [-0.3861f,-0.6678f,1.2469f,1.4511f,-1.3947f,-0.0359f,-0.4511f,6.5324f,0.2359f,-1.3049f,-0.6257f,0.3352f,0f,0f,0f,1f],start_interpolation: 0,interpolation_duration: 1}
$data merge entity $(left_arm) {transformation: [-0.6087f,-0.4179f,0.6744f,0.8659f,-0.288f,0.9084f,0.3029f,6.4121f,-0.7392f,-0.0098f,-0.6734f,0.1332f,0f,0f,0f,1f],start_interpolation: 0,interpolation_duration: 1}
$data merge entity $(chest) {transformation: [-0.7783f,-0.5343f,0.8622f,1.3746f,-0.3683f,1.1615f,0.3873f,4.6545f,-0.9451f,-0.0126f,-0.8609f,-0.1994f,0f,0f,0f,1f],start_interpolation: 0,interpolation_duration: 1}
$data merge entity $(left_cheek) {transformation: [-0.8525f,-0.3412f,0.396f,2.0825f,-0.4082f,0.9078f,-0.0965f,3.9944f,-0.3265f,-0.2439f,-0.9132f,-0.4155f,0f,0f,0f,1f],start_interpolation: 0,interpolation_duration: 1}
$data merge entity $(left_foot) {transformation: [-1.0076f,-0.1731f,-0.0014f,2.519f,-0.1535f,0.8896f,0.4798f,-1.9698f,-0.08f,0.4731f,-0.9028f,3.8942f,0f,0f,0f,1f],start_interpolation: 0,interpolation_duration: 1}
$data merge entity $(left_knee) {transformation: [-2.9279f,-0.4185f,0.7102f,2.0529f,-0.5434f,2.9505f,-0.5016f,2.1087f,-0.6199f,-0.6097f,-2.9148f,2.949f,0f,0f,0f,1f],start_interpolation: 0,interpolation_duration: 1}
$data merge entity $(left_leg) {transformation: [-1.6514f,0.2426f,0.4068f,2.3609f,-0.3073f,0.5739f,-1.5899f,3.0619f,-0.3604f,-1.601f,-0.5082f,0.384f,0f,0f,0f,1f],start_interpolation: 0,interpolation_duration: 1}
$data merge entity $(right_cheek) {transformation: [-0.8044f,-0.0606f,0.591f,1.4722f,-0.0317f,0.9977f,0.0592f,3.8142f,-0.5933f,0.0288f,-0.8045f,-0.6682f,0f,0f,0f,1f],start_interpolation: 0,interpolation_duration: 1}
$data merge entity $(right_foot) {transformation: [-0.5995f,-0.0445f,0.8269f,1.2248f,0.0577f,1.0162f,0.0965f,-3.5192f,-0.8261f,0.1033f,-0.5934f,-1.3708f,0f,0f,0f,1f],start_interpolation: 0,interpolation_duration: 1}
$data merge entity $(right_knee) {transformation: [-1.996f,-0.8566f,2.1295f,0.069f,0.4031f,2.6473f,1.4428f,0.2153f,-2.2596f,1.229f,-1.6236f,0.1988f,0f,0f,0f,1f],start_interpolation: 0,interpolation_duration: 1}
$data merge entity $(right_leg) {transformation: [-1.1273f,0.6561f,1.1181f,1.1343f,0.2277f,1.5588f,-0.6852f,2.7232f,-1.2762f,-0.3015f,-1.1099f,-0.1985f,0f,0f,0f,1f],start_interpolation: 0,interpolation_duration: 1}
$data merge entity $(weist) {transformation: [-1.4219f,-0.3039f,0.7196f,1.4906f,-0.3926f,1.5701f,-0.1128f,4.4819f,-0.6752f,-0.273f,-1.4496f,-0.2901f,0f,0f,0f,1f],start_interpolation: 0,interpolation_duration: 1}
data modify storage animated_java:temp entry.data merge value {"locators":{"consume":{"px":-2.5463359742,"py":3.7380549152,"pz":-0.0767361131,"ry":338.8410638905,"rx":-65.8066112608}}}
# Data Manager: Prepare for Read / Write
execute store result storage animated_java:temp args.id int 1 run scoreboard players get @s aj.id
# Data Manager: Write
function animated_java:global/data_manager/write with storage animated_java:temp args