# This file was generated by Animated Java via MC-Build. It is not recommended to edit this file directly.
$data merge entity $(neck) {transformation: [-0.8161f,-0.5f,0.2899f,0.5785f,-0.303f,0.7973f,0.522f,6.2793f,-0.4922f,0.3382f,-0.8021f,-0.2337f,0f,0f,0f,1f],start_interpolation: 0,interpolation_duration: 1}
$data merge entity $(right_thumb_2) {transformation: [-0.5705f,0.3465f,-0.7447f,-2.2789f,0.8134f,0.3637f,-0.4539f,4.4931f,0.1136f,-0.8647f,-0.4893f,0.3968f,0f,0f,0f,1f],start_interpolation: 0,interpolation_duration: 1}
$data merge entity $(right_thumb) {transformation: [-0.5705f,-0.3314f,-0.7515f,-2.4595f,0.8134f,-0.1014f,-0.5728f,4.5892f,0.1136f,-0.938f,0.3275f,0.1072f,0f,0f,0f,1f],start_interpolation: 0,interpolation_duration: 1}
$data merge entity $(right_fingers2) {transformation: [0.3538f,-0.85f,-0.3902f,-2.5886f,-0.3677f,0.2572f,-0.8937f,4.3734f,0.86f,0.4597f,-0.2215f,0.8413f,0f,0f,0f,1f],start_interpolation: 0,interpolation_duration: 1}
$data merge entity $(right_fingers) {transformation: [-0.7965f,-0.4618f,-0.3902f,-2.7455f,0.207f,0.3981f,-0.8937f,4.4861f,0.568f,-0.7926f,-0.2215f,0.6298f,0f,0f,0f,1f],start_interpolation: 0,interpolation_duration: 1}
$data merge entity $(scout) {transformation: [0f,0f,0f,-2.6189f,0f,0f,0f,4.3201f,0f,0f,0f,0.5951f,0f,0f,0f,1f],start_interpolation: 0,interpolation_duration: 1}
$data merge entity $(right_hand) {transformation: [-0.8844f,0.2561f,-0.3902f,-2.6011f,0.4307f,0.1257f,-0.8937f,4.5217f,-0.1798f,-0.9584f,-0.2215f,0.0322f,0f,0f,0f,1f],start_interpolation: 0,interpolation_duration: 1}
$data merge entity $(right_forearm) {transformation: [-0.6353f,0.9143f,-0.8109f,-1.2273f,1.1062f,0.0418f,-0.8195f,4.5089f,-0.5194f,-1.0293f,-0.7536f,-1.5237f,0f,0f,0f,1f],start_interpolation: 0,interpolation_duration: 1}
$data merge entity $(right_shoulder) {transformation: [-0.831f,0.8649f,0.8434f,-0.0325f,0.8945f,1.1285f,-0.2759f,5.7134f,-0.8119f,0.3581f,-1.1672f,-0.8858f,0f,0f,0f,1f],start_interpolation: 0,interpolation_duration: 1}
$data merge entity $(right_arm) {transformation: [-0.6902f,-0.3631f,0.6259f,0.2569f,-0.2515f,0.9314f,0.263f,6.1272f,-0.6785f,0.0242f,-0.7342f,-0.5024f,0f,0f,0f,1f],start_interpolation: 0,interpolation_duration: 1}
$data merge entity $(left_thumb_2) {transformation: [0.512f,0.2049f,0.8342f,0.8014f,-0.8472f,-0.0399f,0.5298f,7.2782f,0.1419f,-0.978f,0.1532f,3.2709f,0f,0f,0f,1f],start_interpolation: 0,interpolation_duration: 1}
$data merge entity $(left_thumb) {transformation: [0.512f,0.8249f,0.2396f,0.9875f,-0.8472f,0.4388f,0.2995f,7.5408f,0.1419f,-0.3563f,0.9235f,3.1222f,0f,0f,0f,1f],start_interpolation: 0,interpolation_duration: 1}
$data merge entity $(left_fingers2) {transformation: [-0.3575f,-0.6166f,0.7014f,0.6843f,0.9242f,-0.3416f,0.1707f,7.3089f,0.1344f,0.7092f,0.692f,3.603f,0f,0f,0f,1f],start_interpolation: 0,interpolation_duration: 1}
$data merge entity $(left_fingers) {transformation: [0.6956f,-0.1555f,0.7014f,0.6256f,0.0479f,0.9842f,0.1707f,7.5893f,-0.7168f,-0.0851f,0.692f,3.6041f,0f,0f,0f,1f],start_interpolation: 0,interpolation_duration: 1}
$data merge entity $(left_hand) {transformation: [0.2155f,0.6794f,0.7014f,1.0749f,-0.9762f,0.1335f,0.1707f,7.6739f,0.0223f,-0.7215f,0.692f,3.1916f,0f,0f,0f,1f],start_interpolation: 0,interpolation_duration: 1}
$data merge entity $(left_forearm) {transformation: [-1.0466f,0.8477f,0.2885f,2.3185f,-0.7457f,-0.5793f,-1.0028f,6.7341f,-0.4958f,-0.9182f,0.8991f,1.821f,0f,0f,0f,1f],start_interpolation: 0,interpolation_duration: 1}
$data merge entity $(left_shoulder) {transformation: [-0.4513f,-0.5836f,1.2671f,1.4752f,-1.3764f,-0.0307f,-0.5044f,6.4354f,0.2273f,-1.3447f,-0.5384f,0.2446f,0f,0f,0f,1f],start_interpolation: 0,interpolation_duration: 1}
$data merge entity $(left_arm) {transformation: [-0.6902f,-0.3631f,0.6259f,0.8678f,-0.2515f,0.9314f,0.263f,6.3498f,-0.6785f,0.0242f,-0.7342f,0.0981f,0f,0f,0f,1f],start_interpolation: 0,interpolation_duration: 1}
$data merge entity $(chest) {transformation: [-0.8825f,-0.4642f,0.8003f,1.2397f,-0.3215f,1.1909f,0.3363f,4.5654f,-0.8675f,0.0309f,-0.9387f,-0.2712f,0f,0f,0f,1f],start_interpolation: 0,interpolation_duration: 1}
$data merge entity $(left_cheek) {transformation: [-0.8942f,-0.3074f,0.3253f,1.9106f,-0.3409f,0.9388f,-0.0501f,3.8327f,-0.29f,-0.1557f,-0.9443f,-0.5112f,0f,0f,0f,1f],start_interpolation: 0,interpolation_duration: 1}
$data merge entity $(left_foot) {transformation: [-1.0189f,-0.0496f,-0.0674f,2.3621f,-0.0771f,0.876f,0.5214f,-2.571f,0.0325f,0.5247f,-0.8769f,3.2153f,0f,0f,0f,1f],start_interpolation: 0,interpolation_duration: 1}
$data merge entity $(left_knee) {transformation: [-3.0138f,-0.2552f,0.3224f,2.1086f,-0.2843f,3.0164f,-0.2701f,1.6008f,-0.297f,-0.2977f,-3.0125f,2.6885f,0f,0f,0f,1f],start_interpolation: 0,interpolation_duration: 1}
$data merge entity $(left_leg) {transformation: [-1.7011f,0.0869f,0.2241f,2.1706f,-0.1593f,0.7916f,-1.5164f,2.9068f,-0.18f,-1.5222f,-0.7757f,0.2651f,0f,0f,0f,1f],start_interpolation: 0,interpolation_duration: 1}
$data merge entity $(right_cheek) {transformation: [-0.8383f,-0.0202f,0.5448f,1.2786f,0.0072f,0.9988f,0.048f,3.7418f,-0.5452f,0.0442f,-0.8372f,-0.719f,0f,0f,0f,1f],start_interpolation: 0,interpolation_duration: 1}
$data merge entity $(right_foot) {transformation: [-0.6312f,-0.0086f,0.8042f,0.8595f,0.092f,1.0148f,0.0831f,-3.6527f,-0.799f,0.1237f,-0.6257f,-1.7668f,0f,0f,0f,1f],start_interpolation: 0,interpolation_duration: 1}
$data merge entity $(right_knee) {transformation: [-2.096f,-0.6999f,2.0902f,-0.0838f,0.5363f,2.6358f,1.4203f,0.0688f,-2.138f,1.3472f,-1.6929f,-0.0329f,0f,0f,0f,1f],start_interpolation: 0,interpolation_duration: 1}
$data merge entity $(right_leg) {transformation: [-1.1838f,0.6033f,1.089f,0.9001f,0.3029f,1.5972f,-0.5556f,2.6312f,-1.2076f,-0.1909f,-1.207f,-0.2531f,0f,0f,0f,1f],start_interpolation: 0,interpolation_duration: 1}
$data merge entity $(weist) {transformation: [-1.4728f,-0.2422f,0.6357f,1.335f,-0.3195f,1.5847f,-0.1364f,4.3715f,-0.6006f,-0.249f,-1.4863f,-0.3551f,0f,0f,0f,1f],start_interpolation: 0,interpolation_duration: 1}
data modify storage animated_java:temp entry.data merge value {"locators":{"consume":{"px":-2.6003474048,"py":4.3133093317,"pz":0.7638449348,"ry":299.579612187,"rx":-63.3392615717}}}
# Data Manager: Prepare for Read / Write
execute store result storage animated_java:temp args.id int 1 run scoreboard players get @s aj.id
# Data Manager: Write
function animated_java:global/data_manager/write with storage animated_java:temp args