# This file was generated by Animated Java via MC-Build. It is not recommended to edit this file directly.
$data merge entity $(neck) {transformation: [-0.8632f,-0.4161f,0.286f,0.5206f,-0.2428f,0.8388f,0.4873f,6.2534f,-0.4427f,0.3512f,-0.8251f,-0.2489f,0f,0f,0f,1f],start_interpolation: 0,interpolation_duration: 1}
$data merge entity $(right_thumb_2) {transformation: [-0.4978f,0.3696f,-0.7846f,-2.1453f,0.865f,0.2767f,-0.4185f,5.1006f,0.0624f,-0.8871f,-0.4574f,1.0577f,0f,0f,0f,1f],start_interpolation: 0,interpolation_duration: 1}
$data merge entity $(right_thumb) {transformation: [-0.4978f,-0.4364f,-0.7495f,-2.3489f,0.865f,-0.1876f,-0.4653f,5.1751f,0.0624f,-0.88f,0.4709f,0.7772f,0f,0f,0f,1f],start_interpolation: 0,interpolation_duration: 1}
$data merge entity $(right_fingers2) {transformation: [0.7609f,-0.2665f,-0.5916f,-2.3216f,-0.5634f,0.1808f,-0.8061f,5.0446f,0.3218f,0.9467f,-0.0126f,1.45f,0f,0f,0f,1f],start_interpolation: 0,interpolation_duration: 1}
$data merge entity $(right_fingers) {transformation: [-0.3616f,-0.7206f,-0.5916f,-2.5415f,0.2513f,0.5357f,-0.8061f,5.1984f,0.8978f,-0.4402f,-0.0126f,1.3498f,0f,0f,0f,1f],start_interpolation: 0,interpolation_duration: 1}
$data merge entity $(scout) {transformation: [0f,0f,0f,-2.4587f,0f,0f,0f,5.0058f,0f,0f,0f,1.3205f,0f,0f,0f,1f],start_interpolation: 0,interpolation_duration: 1}
$data merge entity $(right_hand) {transformation: [-0.802f,0.0829f,-0.5916f,-2.5127f,0.59f,-0.0453f,-0.8061f,5.132f,-0.0936f,-0.9955f,-0.0126f,0.7383f,0f,0f,0f,1f],start_interpolation: 0,interpolation_duration: 1}
$data merge entity $(right_forearm) {transformation: [-0.5882f,0.6089f,-1.0864f,-1.6107f,1.1137f,-0.2806f,-0.7603f,4.6355f,-0.5574f,-1.2032f,-0.3726f,-1.064f,0f,0f,0f,1f],start_interpolation: 0,interpolation_duration: 1}
$data merge entity $(right_shoulder) {transformation: [-0.8807f,1.0362f,0.5481f,-0.1875f,0.8993f,1.037f,-0.5154f,5.7351f,-0.7519f,0.0266f,-1.2585f,-0.8395f,0f,0f,0f,1f],start_interpolation: 0,interpolation_duration: 1}
$data merge entity $(right_arm) {transformation: [-0.769f,-0.2978f,0.5657f,0.1647f,-0.1991f,0.9524f,0.2307f,6.1252f,-0.6075f,0.0648f,-0.7917f,-0.4849f,0f,0f,0f,1f],start_interpolation: 0,interpolation_duration: 1}
$data merge entity $(left_thumb_2) {transformation: [0.4545f,0.1684f,0.8747f,0.7497f,-0.8752f,-0.0982f,0.4736f,7.3671f,0.1656f,-0.9808f,0.1028f,3.1484f,0f,0f,0f,1f],start_interpolation: 0,interpolation_duration: 1}
$data merge entity $(left_thumb) {transformation: [0.4545f,0.8417f,0.2915f,0.949f,-0.8752f,0.3611f,0.3218f,7.6085f,0.1656f,-0.4014f,0.9008f,2.9821f,0f,0f,0f,1f],start_interpolation: 0,interpolation_duration: 1}
$data merge entity $(left_fingers2) {transformation: [-0.2856f,-0.6153f,0.7348f,0.6464f,0.9529f,-0.2638f,0.1495f,7.421f,0.1019f,0.7429f,0.6616f,3.4822f,0f,0f,0f,1f],start_interpolation: 0,interpolation_duration: 1}
$data merge entity $(left_fingers) {transformation: [0.6727f,-0.0874f,0.7348f,0.6079f,-0.035f,0.9881f,0.1495f,7.7047f,-0.7391f,-0.1262f,0.6616f,3.4719f,0f,0f,0f,1f],start_interpolation: 0,interpolation_duration: 1}
$data merge entity $(left_hand) {transformation: [0.1457f,0.6625f,0.7348f,1.048f,-0.9874f,0.0513f,0.1495f,7.7378f,0.0613f,-0.7473f,0.6616f,3.0425f,0f,0f,0f,1f],start_interpolation: 0,interpolation_duration: 1}
$data merge entity $(left_forearm) {transformation: [-1.0797f,0.8135f,0.2637f,2.2378f,-0.7494f,-0.6955f,-0.9229f,6.6256f,-0.4119f,-0.867f,0.9879f,1.7557f,0f,0f,0f,1f],start_interpolation: 0,interpolation_duration: 1}
$data merge entity $(left_shoulder) {transformation: [-0.5275f,-0.5102f,1.2694f,1.4686f,-1.3509f,-0.0207f,-0.5697f,6.3464f,0.2162f,-1.3744f,-0.4626f,0.1384f,0f,0f,0f,1f],start_interpolation: 0,interpolation_duration: 1}
$data merge entity $(left_arm) {transformation: [-0.769f,-0.2978f,0.5657f,0.8453f,-0.1991f,0.9524f,0.2307f,6.3015f,-0.6075f,0.0648f,-0.7917f,0.0528f,0f,0f,0f,1f],start_interpolation: 0,interpolation_duration: 1}
$data merge entity $(chest) {transformation: [-0.9832f,-0.3807f,0.7233f,1.0624f,-0.2546f,1.2177f,0.2949f,4.5012f,-0.7767f,0.0828f,-1.0122f,-0.3604f,0f,0f,0f,1f],start_interpolation: 0,interpolation_duration: 1}
$data merge entity $(left_cheek) {transformation: [-0.9131f,-0.2706f,0.3051f,1.6985f,-0.2884f,0.9574f,-0.0139f,3.7338f,-0.2883f,-0.1007f,-0.9522f,-0.5941f,0f,0f,0f,1f],start_interpolation: 0,interpolation_duration: 1}
$data merge entity $(left_foot) {transformation: [-1.0162f,0.0249f,-0.1097f,2.1f,-0.0396f,0.854f,0.5606f,-3.0271f,0.1053f,0.5615f,-0.8479f,2.5702f,0f,0f,0f,1f],start_interpolation: 0,interpolation_duration: 1}
$data merge entity $(left_knee) {transformation: [-3.0374f,-0.1392f,0.085f,1.998f,-0.1401f,3.0384f,-0.0291f,1.1808f,-0.0835f,-0.033f,-3.0404f,2.4026f,0f,0f,0f,1f],start_interpolation: 0,interpolation_duration: 1}
$data merge entity $(left_leg) {transformation: [-1.7152f,0.0064f,0.0969f,1.934f,-0.0758f,0.9837f,-1.4064f,2.7949f,-0.0607f,-1.4084f,-0.9818f,0.1724f,0f,0f,0f,1f],start_interpolation: 0,interpolation_duration: 1}
$data merge entity $(right_cheek) {transformation: [-0.8473f,0.0142f,0.531f,1.0641f,0.0345f,0.999f,0.0283f,3.6688f,-0.53f,0.0423f,-0.8469f,-0.8017f,0f,0f,0f,1f],start_interpolation: 0,interpolation_duration: 1}
$data merge entity $(right_foot) {transformation: [-0.6292f,0.0095f,0.8058f,0.489f,0.1078f,1.0141f,0.0722f,-3.7431f,-0.7986f,0.1294f,-0.6251f,-1.9586f,0f,0f,0f,1f],start_interpolation: 0,interpolation_duration: 1}
$data merge entity $(right_knee) {transformation: [-2.0964f,-0.6172f,2.1157f,-0.3388f,0.6073f,2.6452f,1.3734f,-0.0085f,-2.1186f,1.369f,-1.6999f,-0.1942f,0f,0f,0f,1f],start_interpolation: 0,interpolation_duration: 1}
$data merge entity $(right_leg) {transformation: [-1.1841f,0.608f,1.0861f,0.6528f,0.343f,1.6004f,-0.522f,2.5565f,-1.1966f,-0.1429f,-1.2244f,-0.3375f,0f,0f,0f,1f],start_interpolation: 0,interpolation_duration: 1}
$data merge entity $(weist) {transformation: [-1.4853f,-0.1997f,0.6213f,1.1352f,-0.2764f,1.5917f,-0.149f,4.2843f,-0.5912f,-0.2422f,-1.4912f,-0.4371f,0f,0f,0f,1f],start_interpolation: 0,interpolation_duration: 1}
data modify storage animated_java:temp entry.data merge value {"locators":{"consume":{"px":-2.4091737195,"py":5.0147302758,"pz":1.4827398605,"ry":271.2190776829,"rx":-53.72018664}}}
# Data Manager: Prepare for Read / Write
execute store result storage animated_java:temp args.id int 1 run scoreboard players get @s aj.id
# Data Manager: Write
function animated_java:global/data_manager/write with storage animated_java:temp args