# This file was generated by Animated Java via MC-Build. It is not recommended to edit this file directly.
$data merge entity $(neck) {transformation: [-0.9339f,-0.2399f,0.265f,0.3368f,-0.1043f,0.8919f,0.44f,6.1971f,-0.3419f,0.3833f,-0.858f,-0.2957f,0f,0f,0f,1f],start_interpolation: 0,interpolation_duration: 1}
$data merge entity $(right_thumb_2) {transformation: [-0.2822f,0.2051f,-0.9372f,-1.4201f,0.9552f,-0.0308f,-0.2943f,6.1506f,-0.0893f,-0.9782f,-0.1873f,1.7342f,0f,0f,0f,1f],start_interpolation: 0,interpolation_duration: 1}
$data merge entity $(right_thumb) {transformation: [-0.2822f,-0.709f,-0.6463f,-1.681f,0.9552f,-0.2703f,-0.1205f,6.207f,-0.0893f,-0.6513f,0.7536f,1.5008f,0f,0f,0f,1f],start_interpolation: 0,interpolation_duration: 1}
$data merge entity $(right_fingers2) {transformation: [0.5154f,0.4055f,-0.7549f,-1.4743f,-0.8496f,0.1266f,-0.512f,6.2074f,-0.1121f,0.9053f,0.4097f,2.0788f,0f,0f,0f,1f],start_interpolation: 0,interpolation_duration: 1}
$data merge entity $(right_fingers) {transformation: [0.2318f,-0.6135f,-0.7549f,-1.6481f,0.3762f,0.7722f,-0.512f,6.4343f,0.8971f,-0.1653f,0.4097f,2.06f,0f,0f,0f,1f],start_interpolation: 0,interpolation_duration: 1}
$data merge entity $(scout) {transformation: [0f,0f,0f,-1.6366f,0f,0f,0f,6.2238f,0f,0f,0f,2.0783f,0f,0f,0f,1f],start_interpolation: 0,interpolation_duration: 1}
$data merge entity $(right_hand) {transformation: [-0.591f,-0.2843f,-0.7549f,-1.8532f,0.8021f,-0.3074f,-0.512f,6.2189f,-0.0865f,-0.9081f,0.4097f,1.5208f,0f,0f,0f,1f],start_interpolation: 0,interpolation_duration: 1}
$data merge entity $(right_forearm) {transformation: [-0.5582f,-0.1368f,-1.2517f,-2.0816f,1.0953f,-0.7281f,-0.4089f,5.0619f,-0.6211f,-1.1611f,0.4039f,-0.1873f,0f,0f,0f,1f],start_interpolation: 0,interpolation_duration: 1}
$data merge entity $(right_shoulder) {transformation: [-0.9507f,1.1127f,-0.0887f,-0.5305f,0.95f,0.7454f,-0.8317f,5.8059f,-0.5861f,-0.5968f,-1.2043f,-0.758f,0f,0f,0f,1f],start_interpolation: 0,interpolation_duration: 1}
$data merge entity $(right_arm) {transformation: [-0.8871f,-0.151f,0.4362f,-0.0703f,-0.0664f,0.9769f,0.2031f,6.1281f,-0.4568f,0.1512f,-0.8766f,-0.464f,0f,0f,0f,1f],start_interpolation: 0,interpolation_duration: 1}
$data merge entity $(left_thumb_2) {transformation: [0.2895f,0.0869f,0.9532f,0.6501f,-0.9329f,-0.1974f,0.3013f,7.5126f,0.2143f,-0.9765f,0.0239f,2.853f,0f,0f,0f,1f],start_interpolation: 0,interpolation_duration: 1}
$data merge entity $(left_thumb) {transformation: [0.2895f,0.869f,0.4014f,0.881f,-0.9329f,0.1623f,0.3216f,7.6986f,0.2143f,-0.4675f,0.8576f,2.6588f,0f,0f,0f,1f],start_interpolation: 0,interpolation_duration: 1}
$data merge entity $(left_fingers2) {transformation: [-0.093f,-0.6078f,0.7886f,0.5794f,0.9949f,-0.087f,0.0503f,7.6087f,0.038f,0.7893f,0.6128f,3.1858f,0f,0f,0f,1f],start_interpolation: 0,interpolation_duration: 1}
$data merge entity $(left_fingers) {transformation: [0.6077f,0.094f,0.7886f,0.5948f,-0.2162f,0.975f,0.0503f,7.8931f,-0.7642f,-0.2011f,0.6128f,3.1545f,0f,0f,0f,1f],start_interpolation: 0,interpolation_duration: 1}
$data merge entity $(left_hand) {transformation: [-0.0407f,0.6136f,0.7886f,1.0063f,-0.9902f,-0.1304f,0.0503f,7.8102f,0.1337f,-0.7788f,0.6128f,2.7039f,0f,0f,0f,1f],start_interpolation: 0,interpolation_duration: 1}
$data merge entity $(left_forearm) {transformation: [-1.1746f,0.6885f,0.2081f,2.0019f,-0.6741f,-0.9147f,-0.7785f,6.3764f,-0.251f,-0.7658f,1.117f,1.5809f,0f,0f,0f,1f],start_interpolation: 0,interpolation_duration: 1}
$data merge entity $(left_shoulder) {transformation: [-0.6927f,-0.393f,1.2311f,1.3436f,-1.2786f,0.0057f,-0.7177f,6.1487f,0.1876f,-1.4126f,-0.3454f,-0.0924f,0f,0f,0f,1f],start_interpolation: 0,interpolation_duration: 1}
$data merge entity $(left_arm) {transformation: [-0.8871f,-0.151f,0.4362f,0.7149f,-0.0664f,0.9769f,0.2031f,6.1869f,-0.4568f,0.1512f,-0.8766f,-0.0597f,0f,0f,0f,1f],start_interpolation: 0,interpolation_duration: 1}
$data merge entity $(chest) {transformation: [-1.1342f,-0.1931f,0.5577f,0.6102f,-0.085f,1.249f,0.2597f,4.4003f,-0.5841f,0.1933f,-1.1208f,-0.5652f,0f,0f,0f,1f],start_interpolation: 0,interpolation_duration: 1}
$data merge entity $(left_cheek) {transformation: [-0.91f,-0.1933f,0.3668f,1.1939f,-0.2225f,0.9742f,-0.0386f,3.6294f,-0.3499f,-0.1167f,-0.9295f,-0.7091f,0f,0f,0f,1f],start_interpolation: 0,interpolation_duration: 1}
$data merge entity $(left_foot) {transformation: [-1.0127f,0.0722f,-0.1206f,1.3777f,-0.0156f,0.8141f,0.6182f,-3.5209f,0.1397f,0.6142f,-0.8053f,1.6936f,0f,0f,0f,1f],start_interpolation: 0,interpolation_duration: 1}
$data merge entity $(left_knee) {transformation: [-3.0416f,-0.024f,-0.0217f,1.4309f,-0.026f,3.0276f,0.2914f,0.6821f,0.0193f,0.2916f,-3.0277f,1.9726f,0f,0f,0f,1f],start_interpolation: 0,interpolation_duration: 1}
$data merge entity $(left_leg) {transformation: [-1.7179f,-0.0036f,0.0087f,1.3534f,-0.0087f,1.1894f,-1.2396f,2.6235f,-0.0034f,-1.2397f,-1.1894f,0.0213f,0f,0f,0f,1f],start_interpolation: 0,interpolation_duration: 1}
$data merge entity $(right_cheek) {transformation: [-0.8394f,0.0813f,0.5375f,0.5707f,0.0764f,0.9966f,-0.0315f,3.5293f,-0.5382f,0.0146f,-0.8427f,-1.0073f,0f,0f,0f,1f],start_interpolation: 0,interpolation_duration: 1}
$data merge entity $(right_foot) {transformation: [-0.5904f,0.0241f,0.8343f,-0.2396f,0.1266f,1.0127f,0.0604f,-3.9317f,-0.825f,0.1382f,-0.5878f,-2.1699f,0f,0f,0f,1f],start_interpolation: 0,interpolation_duration: 1}
$data merge entity $(right_knee) {transformation: [-1.9721f,-0.5302f,2.2543f,-0.9378f,0.6746f,2.701f,1.2254f,-0.1239f,-2.2154f,1.2944f,-1.6336f,-0.5088f,0f,0f,0f,1f],start_interpolation: 0,interpolation_duration: 1}
$data merge entity $(right_leg) {transformation: [-1.1138f,0.633f,1.1446f,0.0891f,0.381f,1.5952f,-0.5114f,2.4308f,-1.2513f,-0.0777f,-1.1746f,-0.5468f,0f,0f,0f,1f],start_interpolation: 0,interpolation_duration: 1}
$data merge entity $(weist) {transformation: [-1.4657f,-0.1288f,0.6834f,0.6397f,-0.2234f,1.597f,-0.1782f,4.1391f,-0.6586f,-0.2551f,-1.4605f,-0.6281f,0f,0f,0f,1f],start_interpolation: 0,interpolation_duration: 1}
data modify storage animated_java:temp entry.data merge value {"locators":{"consume":{"px":-1.5332740593,"py":6.2521964841,"pz":2.2101650224,"ry":241.5085997535,"rx":-30.7999519405}}}
# Data Manager: Prepare for Read / Write
execute store result storage animated_java:temp args.id int 1 run scoreboard players get @s aj.id
# Data Manager: Write
function animated_java:global/data_manager/write with storage animated_java:temp args