# This file was generated by Animated Java via MC-Build. It is not recommended to edit this file directly.
$data merge entity $(neck) {transformation: [-0.9531f,-0.1633f,0.2547f,0.2568f,-0.0402f,0.9027f,0.4283f,6.1632f,-0.2999f,0.398f,-0.867f,-0.3161f,0f,0f,0f,1f],start_interpolation: 0,interpolation_duration: 1}
$data merge entity $(right_thumb_2) {transformation: [-0.2052f,0.0711f,-0.9761f,-1.0285f,0.9615f,-0.1715f,-0.2146f,6.4637f,-0.1827f,-0.9826f,-0.0331f,1.7839f,0f,0f,0f,1f],start_interpolation: 0,interpolation_duration: 1}
$data merge entity $(right_thumb) {transformation: [-0.2052f,-0.8098f,-0.5496f,-1.3117f,0.9615f,-0.2716f,0.0413f,6.5183f,-0.1827f,-0.52f,0.8344f,1.5777f,0f,0f,0f,1f],start_interpolation: 0,interpolation_duration: 1}
$data merge entity $(right_fingers2) {transformation: [0.4183f,0.5308f,-0.7371f,-1.0316f,-0.9065f,0.1927f,-0.3757f,6.5676f,-0.0574f,0.8253f,0.5618f,2.1217f,0f,0f,0f,1f],start_interpolation: 0,interpolation_duration: 1}
$data merge entity $(right_fingers) {transformation: [0.3804f,-0.5586f,-0.7371f,-1.1854f,0.4564f,0.8066f,-0.3757f,6.8076f,0.8044f,-0.1935f,0.5618f,2.0934f,0f,0f,0f,1f],start_interpolation: 0,interpolation_duration: 1}
$data merge entity $(scout) {transformation: [0f,0f,0f,-1.1905f,0f,0f,0f,6.6008f,0f,0f,0f,2.1383f,0f,0f,0f,1f],start_interpolation: 0,interpolation_duration: 1}
$data merge entity $(right_hand) {transformation: [-0.5233f,-0.4277f,-0.7371f,-1.4781f,0.8433f,-0.3843f,-0.3757f,6.5507f,-0.1226f,-0.8182f,0.5618f,1.6163f,0f,0f,0f,1f],start_interpolation: 0,interpolation_duration: 1}
$data merge entity $(right_forearm) {transformation: [-0.5716f,-0.4329f,-1.176f,-2.149f,1.0816f,-0.8233f,-0.2227f,5.2578f,-0.6329f,-1.0159f,0.6816f,0.1376f,0f,0f,0f,1f],start_interpolation: 0,interpolation_duration: 1}
$data merge entity $(right_shoulder) {transformation: [-0.9652f,1.0507f,-0.3379f,-0.6625f,0.9818f,0.6122f,-0.9007f,5.8352f,-0.5043f,-0.8192f,-1.1066f,-0.7239f,0f,0f,0f,1f],start_interpolation: 0,interpolation_duration: 1}
$data merge entity $(right_arm) {transformation: [-0.92f,-0.0835f,0.383f,-0.1646f,-0.003f,0.9785f,0.2063f,6.1221f,-0.3919f,0.1886f,-0.9004f,-0.4559f,0f,0f,0f,1f],start_interpolation: 0,interpolation_duration: 1}
$data merge entity $(left_thumb_2) {transformation: [0.205f,0.0501f,0.9775f,0.6256f,-0.9498f,-0.2312f,0.211f,7.5546f,0.2365f,-0.9716f,0.0002f,2.7173f,0f,0f,0f,1f],start_interpolation: 0,interpolation_duration: 1}
$data merge entity $(left_thumb) {transformation: [0.205f,0.8716f,0.4453f,0.8693f,-0.9498f,0.0672f,0.3057f,7.7127f,0.2365f,-0.4856f,0.8416f,2.5141f,0f,0f,0f,1f],start_interpolation: 0,interpolation_duration: 1}
$data merge entity $(left_fingers2) {transformation: [0.001f,-0.5987f,0.801f,0.5703f,0.9999f,-0.008f,-0.0073f,7.6659f,0.0108f,0.8009f,0.5987f,3.0482f,0f,0f,0f,1f],start_interpolation: 0,interpolation_duration: 1}
$data merge entity $(left_fingers) {transformation: [0.5707f,0.181f,0.801f,0.6116f,-0.293f,0.9561f,-0.0073f,7.9466f,-0.7671f,-0.2306f,0.5987f,3.0086f,0f,0f,0f,1f],start_interpolation: 0,interpolation_duration: 1}
$data merge entity $(left_hand) {transformation: [-0.1306f,0.5843f,0.801f,1.0053f,-0.978f,-0.2086f,-0.0073f,7.8132f,0.1628f,-0.7843f,0.5987f,2.5541f,0f,0f,0f,1f],start_interpolation: 0,interpolation_duration: 1}
$data merge entity $(left_forearm) {transformation: [-1.2183f,0.6156f,0.1839f,1.8884f,-0.614f,-0.9994f,-0.7221f,6.2564f,-0.1893f,-0.7207f,1.1584f,1.5031f,0f,0f,0f,1f],start_interpolation: 0,interpolation_duration: 1}
$data merge entity $(left_shoulder) {transformation: [-0.7671f,-0.3478f,1.2002f,1.2711f,-1.2376f,0.017f,-0.7861f,6.0529f,0.1726f,-1.4243f,-0.3025f,-0.1889f,0f,0f,0f,1f],start_interpolation: 0,interpolation_duration: 1}
$data merge entity $(left_arm) {transformation: [-0.92f,-0.0835f,0.383f,0.6497f,-0.003f,0.9785f,0.2063f,6.1247f,-0.3919f,0.1886f,-0.9004f,-0.1089f,0f,0f,0f,1f],start_interpolation: 0,interpolation_duration: 1}
$data merge entity $(chest) {transformation: [-1.1762f,-0.1068f,0.4896f,0.4066f,-0.0038f,1.251f,0.2637f,4.3634f,-0.5011f,0.2412f,-1.1513f,-0.6542f,0f,0f,0f,1f],start_interpolation: 0,interpolation_duration: 1}
$data merge entity $(left_cheek) {transformation: [-0.8921f,-0.1812f,0.4138f,0.9657f,-0.239f,0.9666f,-0.0921f,3.5561f,-0.3834f,-0.1811f,-0.9057f,-0.7964f,0f,0f,0f,1f],start_interpolation: 0,interpolation_duration: 1}
$data merge entity $(left_foot) {transformation: [-1.0137f,0.052f,-0.1221f,1.2061f,-0.0349f,0.803f,0.6318f,-3.5887f,0.1281f,0.6306f,-0.7944f,1.5681f,0f,0f,0f,1f],start_interpolation: 0,interpolation_duration: 1}
$data merge entity $(left_knee) {transformation: [-3.0407f,-0.0796f,0.0065f,1.1835f,-0.0784f,3.0226f,0.332f,0.6104f,-0.0152f,0.3317f,-3.0236f,1.9039f,0f,0f,0f,1f],start_interpolation: 0,interpolation_duration: 1}
$data merge entity $(left_leg) {transformation: [-1.7174f,-0.0105f,0.0433f,1.094f,-0.0383f,1.197f,-1.2317f,2.5626f,-0.0226f,-1.2323f,-1.1968f,-0.0361f,0f,0f,0f,1f],start_interpolation: 0,interpolation_duration: 1}
$data merge entity $(right_cheek) {transformation: [-0.8314f,0.1093f,0.5449f,0.3564f,0.0914f,0.994f,-0.0599f,3.4723f,-0.5482f,0f,-0.8364f,-1.0986f,0f,0f,0f,1f],start_interpolation: 0,interpolation_duration: 1}
$data merge entity $(right_foot) {transformation: [-0.5677f,0.0264f,0.8498f,-0.5429f,0.132f,1.0122f,0.0567f,-4.0096f,-0.8399f,0.1412f,-0.5655f,-2.2283f,0f,0f,0f,1f],start_interpolation: 0,interpolation_duration: 1}
$data merge entity $(right_knee) {transformation: [-1.8967f,-0.5033f,2.3241f,-1.1988f,0.6878f,2.7296f,1.1524f,-0.1648f,-2.2763f,1.2441f,-1.5882f,-0.6367f,0f,0f,0f,1f],start_interpolation: 0,interpolation_duration: 1}
$data merge entity $(right_leg) {transformation: [-1.0712f,0.6451f,1.178f,-0.1553f,0.3885f,1.5912f,-0.5181f,2.3835f,-1.2857f,-0.0567f,-1.1381f,-0.6407f,0f,0f,0f,1f],start_interpolation: 0,interpolation_duration: 1}
$data merge entity $(weist) {transformation: [-1.4483f,-0.1012f,0.7239f,0.4189f,-0.2077f,1.5975f,-0.1921f,4.0845f,-0.7009f,-0.2642f,-1.4391f,-0.7115f,0f,0f,0f,1f],start_interpolation: 0,interpolation_duration: 1}
data modify storage animated_java:temp entry.data merge value {"locators":{"consume":{"px":-1.068544332,"py":6.634022383,"pz":2.251914617,"ry":232.6871061612,"rx":-22.0680344966}}}
# Data Manager: Prepare for Read / Write
execute store result storage animated_java:temp args.id int 1 run scoreboard players get @s aj.id
# Data Manager: Write
function animated_java:global/data_manager/write with storage animated_java:temp args