# This file was generated by Animated Java via MC-Build. It is not recommended to edit this file directly.
$data merge entity $(neck) {transformation: [-0.9628f,-0.1061f,0.2484f,0.2103f,0.0092f,0.9062f,0.4227f,6.1302f,-0.27f,0.4093f,-0.8716f,-0.3268f,0f,0f,0f,1f],start_interpolation: 0,interpolation_duration: 1}
$data merge entity $(right_thumb_2) {transformation: [-0.1719f,-0.0321f,-0.9846f,-0.7317f,0.9524f,-0.2607f,-0.1578f,6.6363f,-0.2516f,-0.9649f,0.0754f,1.7498f,0f,0f,0f,1f],start_interpolation: 0,interpolation_duration: 1}
$data merge entity $(right_thumb) {transformation: [-0.1719f,-0.8687f,-0.4645f,-1.0301f,0.9524f,-0.267f,0.1469f,6.6895f,-0.2516f,-0.4172f,0.8733f,1.566f,0f,0f,0f,1f],start_interpolation: 0,interpolation_duration: 1}
$data merge entity $(right_fingers2) {transformation: [0.3637f,0.6164f,-0.6984f,-0.6971f,-0.9314f,0.232f,-0.2804f,6.7693f,-0.0108f,0.7525f,0.6585f,2.0755f,0f,0f,0f,1f],start_interpolation: 0,interpolation_duration: 1}
$data merge entity $(right_fingers) {transformation: [0.4785f,-0.5323f,-0.6984f,-0.8404f,0.5014f,0.8186f,-0.2804f,7.0147f,0.7209f,-0.216f,0.6585f,2.0391f,0f,0f,0f,1f],start_interpolation: 0,interpolation_duration: 1}
$data merge entity $(scout) {transformation: [0f,0f,0f,-0.8517f,0f,0f,0f,6.8133f,0f,0f,0f,2.1033f,0f,0f,0f,1f],start_interpolation: 0,interpolation_duration: 1}
$data merge entity $(right_hand) {transformation: [-0.4885f,-0.5231f,-0.6984f,-1.1901f,0.8591f,-0.4281f,-0.2804f,6.7351f,-0.1523f,-0.737f,0.6585f,1.6163f,0f,0f,0f,1f],start_interpolation: 0,interpolation_duration: 1}
$data merge entity $(right_forearm) {transformation: [-0.5896f,-0.6242f,-1.077f,-2.1448f,1.0719f,-0.8605f,-0.088f,5.3914f,-0.633f,-0.8758f,0.8541f,0.3548f,0f,0f,0f,1f],start_interpolation: 0,interpolation_duration: 1}
$data merge entity $(right_shoulder) {transformation: [-0.97f,0.9775f,-0.5033f,-0.7412f,1.0067f,0.5197f,-0.9308f,5.852f,-0.4422f,-0.9613f,-1.015f,-0.6955f,0f,0f,0f,1f],start_interpolation: 0,interpolation_duration: 1}
$data merge entity $(right_arm) {transformation: [-0.9375f,-0.0319f,0.3465f,-0.2188f,0.046f,0.9757f,0.2142f,6.1106f,-0.3449f,0.2168f,-0.9133f,-0.446f,0f,0f,0f,1f],start_interpolation: 0,interpolation_duration: 1}
$data merge entity $(left_thumb_2) {transformation: [0.1394f,0.0229f,0.99f,0.6228f,-0.9574f,-0.2521f,0.1406f,7.575f,0.2528f,-0.9674f,-0.0133f,2.6172f,0f,0f,0f,1f],start_interpolation: 0,interpolation_duration: 1}
$data merge entity $(left_thumb) {transformation: [0.1394f,0.8688f,0.4752f,0.8749f,-0.9574f,-0.0043f,0.2887f,7.7115f,0.2528f,-0.4952f,0.8312f,2.4087f,0f,0f,0f,1f],start_interpolation: 0,interpolation_duration: 1}
$data merge entity $(left_fingers2) {transformation: [0.0724f,-0.5889f,0.8049f,0.5792f,0.9973f,0.0496f,-0.0534f,7.6961f,-0.0085f,0.8067f,0.591f,2.9464f,0f,0f,0f,1f],start_interpolation: 0,interpolation_duration: 1}
$data merge entity $(left_fingers) {transformation: [0.5399f,0.2461f,0.8049f,0.64f,-0.3472f,0.9363f,-0.0534f,7.9723f,-0.7668f,-0.2507f,0.591f,2.9009f,0f,0f,0f,1f],start_interpolation: 0,interpolation_duration: 1}
$data merge entity $(left_hand) {transformation: [-0.1981f,0.5593f,0.8049f,1.0182f,-0.963f,-0.2643f,-0.0534f,7.8028f,0.1829f,-0.7857f,0.591f,2.4454f,0f,0f,0f,1f],start_interpolation: 0,interpolation_duration: 1}
$data merge entity $(left_forearm) {transformation: [-1.2501f,0.5546f,0.1635f,1.8074f,-0.5589f,-1.0591f,-0.6805f,6.1598f,-0.1483f,-0.684f,1.1863f,1.4523f,0f,0f,0f,1f],start_interpolation: 0,interpolation_duration: 1}
$data merge entity $(left_shoulder) {transformation: [-0.8247f,-0.3112f,1.1717f,1.224f,-1.2019f,0.0244f,-0.8395f,5.9743f,0.1587f,-1.4326f,-0.2688f,-0.2537f,0f,0f,0f,1f],start_interpolation: 0,interpolation_duration: 1}
$data merge entity $(left_arm) {transformation: [-0.9375f,-0.0319f,0.3465f,0.611f,0.046f,0.9757f,0.2142f,6.0699f,-0.3449f,0.2168f,-0.9133f,-0.1407f,0f,0f,0f,1f],start_interpolation: 0,interpolation_duration: 1}
$data merge entity $(chest) {transformation: [-1.1987f,-0.0408f,0.443f,0.2656f,0.0588f,1.2475f,0.2739f,4.3355f,-0.441f,0.2771f,-1.1677f,-0.7164f,0f,0f,0f,1f],start_interpolation: 0,interpolation_duration: 1}
$data merge entity $(left_cheek) {transformation: [-0.8778f,-0.1721f,0.4471f,0.8052f,-0.2557f,0.9575f,-0.1335f,3.4984f,-0.4051f,-0.2315f,-0.8845f,-0.8663f,0f,0f,0f,1f],start_interpolation: 0,interpolation_duration: 1}
$data merge entity $(left_foot) {transformation: [-1.014f,0.0386f,-0.125f,1.0937f,-0.0486f,0.7958f,0.64f,-3.6283f,0.1214f,0.6407f,-0.7874f,1.5015f,0f,0f,0f,1f],start_interpolation: 0,interpolation_duration: 1}
$data merge entity $(left_knee) {transformation: [-3.0393f,-0.1203f,0.0213f,1.0153f,-0.117f,3.0191f,0.3511f,0.568f,-0.035f,0.35f,-3.0213f,1.8633f,0f,0f,0f,1f],start_interpolation: 0,interpolation_duration: 1}
$data merge entity $(left_leg) {transformation: [-1.7166f,-0.0178f,0.0667f,0.9134f,-0.0603f,1.1957f,-1.2321f,2.5171f,-0.0336f,-1.2335f,-1.1953f,-0.0792f,0f,0f,0f,1f],start_interpolation: 0,interpolation_duration: 1}
$data merge entity $(right_cheek) {transformation: [-0.8267f,0.1291f,0.5477f,0.2067f,0.1024f,0.9916f,-0.0791f,3.4316f,-0.5533f,-0.0094f,-0.8329f,-1.1618f,0f,0f,0f,1f],start_interpolation: 0,interpolation_duration: 1}
$data merge entity $(right_foot) {transformation: [-0.5529f,0.029f,0.8595f,-0.7612f,0.1362f,1.0119f,0.0534f,-4.0627f,-0.8491f,0.1434f,-0.5511f,-2.2785f,0f,0f,0f,1f],start_interpolation: 0,interpolation_duration: 1}
$data merge entity $(right_knee) {transformation: [-1.8477f,-0.4789f,2.3683f,-1.3802f,0.7f,2.7474f,1.1017f,-0.1951f,-2.3126f,1.2142f,-1.5587f,-0.7281f,0f,0f,0f,1f],start_interpolation: 0,interpolation_duration: 1}
$data merge entity $(right_leg) {transformation: [-1.0436f,0.6526f,1.1985f,-0.3265f,0.3953f,1.5887f,-0.5208f,2.3489f,-1.3061f,-0.0405f,-1.1152f,-0.7061f,0f,0f,0f,1f],start_interpolation: 0,interpolation_duration: 1}
$data merge entity $(weist) {transformation: [-1.4373f,-0.0806f,0.7481f,0.2656f,-0.1949f,1.5978f,-0.2024f,4.0441f,-0.7267f,-0.2692f,-1.4253f,-0.7698f,0f,0f,0f,1f],start_interpolation: 0,interpolation_duration: 1}
data modify storage animated_java:temp entry.data merge value {"locators":{"consume":{"px":-0.7179818879,"py":6.8489942836,"pz":2.2017678557,"ry":226.6820016256,"rx":-16.281523566}}}
# Data Manager: Prepare for Read / Write
execute store result storage animated_java:temp args.id int 1 run scoreboard players get @s aj.id
# Data Manager: Write
function animated_java:global/data_manager/write with storage animated_java:temp args
execute unless entity @s[tag=aj.transforms_only] at @s run function animated_java:female/animations/counter_kick/zzz/frames/29_root_function