# This file was generated by Animated Java via MC-Build. It is not recommended to edit this file directly.
$data merge entity $(neck) {transformation: [-0.963f,-0.1219f,0.2405f,0.2396f,-0.0291f,0.9338f,0.3565f,6.1329f,-0.268f,0.3363f,-0.9028f,-0.2177f,0f,0f,0f,1f],start_interpolation: 0,interpolation_duration: 1}
$data merge entity $(right_thumb_2) {transformation: [-0.0163f,0.1161f,-0.9931f,-1.2224f,0.9215f,-0.3837f,-0.06f,6.8602f,-0.3881f,-0.9161f,-0.1008f,1.7032f,0f,0f,0f,1f],start_interpolation: 0,interpolation_duration: 1}
$data merge entity $(right_thumb) {transformation: [-0.0163f,-0.8033f,-0.5954f,-1.4748f,0.9215f,-0.2432f,0.3028f,6.9143f,-0.3881f,-0.5437f,0.7442f,1.4603f,0f,0f,0f,1f],start_interpolation: 0,interpolation_duration: 1}
$data merge entity $(right_fingers2) {transformation: [0.245f,0.4959f,-0.8331f,-1.2333f,-0.9566f,0.2635f,-0.1244f,7.031f,0.1578f,0.8274f,0.5389f,2.0102f,0f,0f,0f,1f],start_interpolation: 0,interpolation_duration: 1}
$data merge entity $(right_fingers) {transformation: [0.3975f,-0.3846f,-0.8331f,-1.3378f,0.5429f,0.8305f,-0.1244f,7.2821f,0.7398f,-0.4029f,0.5389f,1.9202f,0f,0f,0f,1f],start_interpolation: 0,interpolation_duration: 1}
$data merge entity $(scout) {transformation: [0f,0f,0f,-1.3834f,0f,0f,0f,7.0931f,0f,0f,0f,2.0039f,0f,0f,0f,1f],start_interpolation: 0,interpolation_duration: 1}
$data merge entity $(right_hand) {transformation: [-0.3517f,-0.4269f,-0.8331f,-1.635f,0.8712f,-0.475f,-0.1244f,6.9805f,-0.3426f,-0.7695f,0.5389f,1.4731f,0f,0f,0f,1f],start_interpolation: 0,interpolation_duration: 1}
$data merge entity $(right_forearm) {transformation: [-0.3595f,-0.4447f,-1.2531f,-2.3354f,0.9954f,-0.9506f,0.0518f,5.5095f,-0.8815f,-0.8921f,0.5695f,0.187f,0f,0f,0f,1f],start_interpolation: 0,interpolation_duration: 1}
$data merge entity $(right_shoulder) {transformation: [-0.7778f,1.2032f,-0.3116f,-0.7016f,0.9681f,0.3559f,-1.042f,5.7818f,-0.7795f,-0.7585f,-0.9833f,-0.549f,0f,0f,0f,1f],start_interpolation: 0,interpolation_duration: 1}
$data merge entity $(right_arm) {transformation: [-0.9327f,-0.0509f,0.357f,-0.1873f,-0.027f,0.9971f,0.0715f,6.0865f,-0.3596f,0.0571f,-0.9314f,-0.3376f,0f,0f,0f,1f],start_interpolation: 0,interpolation_duration: 1}
$data merge entity $(left_thumb_2) {transformation: [0.0885f,-0.2064f,0.9745f,1.557f,-0.9835f,-0.1731f,0.0527f,7.4057f,0.1578f,-0.963f,-0.2183f,3.2194f,0f,0f,0f,1f],start_interpolation: 0,interpolation_duration: 1}
$data merge entity $(left_thumb) {transformation: [0.0885f,0.7157f,0.6927f,1.7644f,-0.9835f,-0.0473f,0.1746f,7.5339f,0.1578f,-0.6968f,0.6997f,2.962f,0f,0f,0f,1f],start_interpolation: 0,interpolation_duration: 1}
$data merge entity $(left_fingers2) {transformation: [0.3166f,-0.2271f,0.921f,1.6202f,0.8877f,0.4131f,-0.2033f,7.544f,-0.3343f,0.8819f,0.3323f,3.6103f,0f,0f,0f,1f],start_interpolation: 0,interpolation_duration: 1}
$data merge entity $(left_fingers) {transformation: [0.1812f,0.3449f,0.921f,1.7201f,-0.5316f,0.8222f,-0.2033f,7.7918f,-0.8274f,-0.4528f,0.3323f,3.507f,0f,0f,0f,1f],start_interpolation: 0,interpolation_duration: 1}
$data merge entity $(left_hand) {transformation: [-0.2823f,0.2684f,0.921f,1.9243f,-0.9361f,-0.2871f,-0.2033f,7.6018f,0.2098f,-0.9195f,0.3323f,2.958f,0f,0f,0f,1f],start_interpolation: 0,interpolation_duration: 1}
$data merge entity $(left_forearm) {transformation: [-1.2963f,0.1852f,0.4272f,2.1648f,-0.4405f,-0.8971f,-0.9477f,6.1979f,0.1508f,-1.0286f,0.9036f,1.4481f,0f,0f,0f,1f],start_interpolation: 0,interpolation_duration: 1}
$data merge entity $(left_shoulder) {transformation: [-0.8122f,-0.5841f,1.0719f,1.2544f,-1.1728f,0.0159f,-0.8799f,6.0092f,0.3389f,-1.3448f,-0.476f,-0.1078f,0f,0f,0f,1f],start_interpolation: 0,interpolation_duration: 1}
$data merge entity $(left_arm) {transformation: [-0.9327f,-0.0509f,0.357f,0.6382f,-0.027f,0.9971f,0.0715f,6.1104f,-0.3596f,0.0571f,-0.9314f,-0.0193f,0f,0f,0f,1f],start_interpolation: 0,interpolation_duration: 1}
$data merge entity $(chest) {transformation: [-1.1925f,-0.065f,0.4564f,0.3297f,-0.0345f,1.2748f,0.0914f,4.3002f,-0.4598f,0.073f,-1.1908f,-0.3137f,0f,0f,0f,1f],start_interpolation: 0,interpolation_duration: 1}
$data merge entity $(left_cheek) {transformation: [-0.8545f,-0.2368f,0.4622f,0.9502f,-0.354f,0.9164f,-0.1844f,3.4114f,-0.3802f,-0.321f,-0.8674f,-0.4589f,0f,0f,0f,1f],start_interpolation: 0,interpolation_duration: 1}
$data merge entity $(left_foot) {transformation: [-0.9175f,-0.0046f,-0.451f,3.1772f,-0.3933f,0.5088f,0.7948f,-2.7929f,0.2209f,0.8867f,-0.4584f,0.6279f,0f,0f,0f,1f],start_interpolation: 0,interpolation_duration: 1}
$data merge entity $(left_knee) {transformation: [-2.841f,-0.8285f,-0.7032f,2.0833f,-1.0457f,2.6203f,1.1371f,0.9101f,0.2961f,1.3038f,-2.7321f,2.3122f,0f,0f,0f,1f],start_interpolation: 0,interpolation_duration: 1}
$data merge entity $(left_leg) {transformation: [-1.6078f,-0.5043f,0.335f,1.1987f,-0.5858f,1.0556f,-1.2223f,2.6126f,0.1529f,-1.2581f,-1.1598f,0.337f,0f,0f,0f,1f],start_interpolation: 0,interpolation_duration: 1}
$data merge entity $(right_cheek) {transformation: [-0.8756f,0.0469f,0.4808f,0.3193f,0.0047f,0.9961f,-0.0886f,3.3703f,-0.4831f,-0.0753f,-0.8723f,-0.736f,0f,0f,0f,1f],start_interpolation: 0,interpolation_duration: 1}
$data merge entity $(right_foot) {transformation: [-0.6428f,0.0286f,0.7945f,-0.4538f,0.0962f,1.017f,0.0412f,-4.2807f,-0.7891f,0.1007f,-0.6422f,-1.3285f,0f,0f,0f,1f],start_interpolation: 0,interpolation_duration: 1}
$data merge entity $(right_knee) {transformation: [-2.0692f,-0.3892f,2.1953f,-0.9621f,0.5108f,2.8326f,0.9837f,-0.3054f,-2.1702f,1.0378f,-1.8615f,-0.0306f,0f,0f,0f,1f],start_interpolation: 0,interpolation_duration: 1}
$data merge entity $(right_leg) {transformation: [-1.1687f,0.5508f,1.1323f,-0.0642f,0.2885f,1.6209f,-0.4908f,2.2937f,-1.2257f,-0.1437f,-1.1951f,-0.1748f,0f,0f,0f,1f],start_interpolation: 0,interpolation_duration: 1}
$data merge entity $(weist) {transformation: [-1.464f,-0.2564f,0.6502f,0.3535f,-0.3696f,1.565f,-0.2151f,4.0299f,-0.5932f,-0.3423f,-1.4707f,-0.3737f,0f,0f,0f,1f],start_interpolation: 0,interpolation_duration: 1}
data modify storage animated_java:temp entry.data merge value {"locators":{"consume":{"px":-1.2664438097,"py":7.1295527804,"pz":2.1216021361,"ry":237.101458904,"rx":-7.1477149098}}}
# Data Manager: Prepare for Read / Write
execute store result storage animated_java:temp args.id int 1 run scoreboard players get @s aj.id
# Data Manager: Write
function animated_java:global/data_manager/write with storage animated_java:temp args
execute unless entity @s[tag=aj.transforms_only] at @s run function animated_java:female/animations/counter_kick/zzz/frames/3_root_function