# This file was generated by Animated Java via MC-Build. It is not recommended to edit this file directly.
$data merge entity $(neck) {transformation: [-0.9671f,-0.1394f,0.2128f,0.2497f,-0.0677f,0.9474f,0.3129f,6.1247f,-0.2452f,0.2882f,-0.9257f,-0.1808f,0f,0f,0f,1f],start_interpolation: 0,interpolation_duration: 1}
$data merge entity $(right_thumb_2) {transformation: [0.151f,0.2843f,-0.9468f,-1.7989f,0.8468f,-0.5314f,-0.0245f,7.0742f,-0.51f,-0.798f,-0.321f,1.2768f,0f,0f,0f,1f],start_interpolation: 0,interpolation_duration: 1}
$data merge entity $(right_thumb) {transformation: [0.151f,-0.6832f,-0.7145f,-1.9862f,0.8468f,-0.2835f,0.4501f,7.1022f,-0.51f,-0.673f,0.5357f,0.9771f,0f,0f,0f,1f],start_interpolation: 0,interpolation_duration: 1}
$data merge entity $(right_fingers2) {transformation: [0.1015f,0.3292f,-0.9388f,-1.8622f,-0.942f,0.3353f,0.0158f,7.2889f,0.32f,0.8827f,0.3442f,1.5409f,0f,0f,0f,1f],start_interpolation: 0,interpolation_duration: 1}
$data merge entity $(right_fingers) {transformation: [0.2802f,-0.2005f,-0.9388f,-1.9183f,0.6163f,0.7873f,0.0158f,7.5308f,0.736f,-0.583f,0.3442f,1.398f,0f,0f,0f,1f],start_interpolation: 0,interpolation_duration: 1}
$data merge entity $(scout) {transformation: [0f,0f,0f,-1.9991f,0f,0f,0f,7.3611f,0f,0f,0f,1.4954f,0f,0f,0f,1f],start_interpolation: 0,interpolation_duration: 1}
$data merge entity $(right_hand) {transformation: [-0.183f,-0.2919f,-0.9388f,-2.1382f,0.8236f,-0.5669f,0.0158f,7.1791f,-0.5368f,-0.7703f,0.3442f,0.9428f,0f,0f,0f,1f],start_interpolation: 0,interpolation_duration: 1}
$data merge entity $(right_forearm) {transformation: [-0.0651f,-0.1842f,-1.3634f,-2.4625f,0.8062f,-1.1112f,0.1117f,5.4763f,-1.1149f,-0.7928f,0.1603f,-0.1989f,0f,0f,0f,1f],start_interpolation: 0,interpolation_duration: 1}
$data merge entity $(right_shoulder) {transformation: [-0.4948f,1.3802f,-0.004f,-0.6799f,0.7769f,0.2751f,-1.2127f,5.694f,-1.1408f,-0.4114f,-0.8242f,-0.4439f,0f,0f,0f,1f],start_interpolation: 0,interpolation_duration: 1}
$data merge entity $(right_arm) {transformation: [-0.9306f,-0.0804f,0.3571f,-0.1754f,-0.1162f,0.99f,-0.08f,6.0457f,-0.347f,-0.116f,-0.9306f,-0.2897f,0f,0f,0f,1f],start_interpolation: 0,interpolation_duration: 1}
$data merge entity $(left_thumb_2) {transformation: [0.0043f,-0.6196f,0.7849f,3.4573f,-0.9992f,-0.0333f,-0.0209f,6.7025f,0.039f,-0.7842f,-0.6192f,3.056f,0f,0f,0f,1f],start_interpolation: 0,interpolation_duration: 1}
$data merge entity $(left_thumb) {transformation: [0.0043f,0.2845f,0.9587f,3.5347f,-0.9992f,-0.0362f,0.0152f,6.8388f,0.039f,-0.958f,0.2841f,2.738f,0f,0f,0f,1f],start_interpolation: 0,interpolation_duration: 1}
$data merge entity $(left_fingers2) {transformation: [0.0318f,0.4278f,0.9033f,3.7938f,0.564f,0.7384f,-0.3696f,6.8512f,-0.8251f,0.5213f,-0.2178f,3.4218f,0f,0f,0f,1f],start_interpolation: 0,interpolation_duration: 1}
$data merge entity $(left_fingers) {transformation: [-0.422f,0.0768f,0.9033f,3.8342f,-0.6748f,0.6388f,-0.3696f,7.0495f,-0.6054f,-0.7655f,-0.2178f,3.2191f,0f,0f,0f,1f],start_interpolation: 0,interpolation_duration: 1}
$data merge entity $(left_hand) {transformation: [-0.2869f,-0.3189f,0.9033f,3.6768f,-0.898f,-0.239f,-0.3696f,6.8819f,0.3337f,-0.9172f,-0.2178f,2.6478f,0f,0f,0f,1f],start_interpolation: 0,interpolation_duration: 1}
$data merge entity $(left_forearm) {transformation: [-1.1107f,-0.5978f,0.5533f,2.7505f,-0.3367f,-0.5149f,-1.2323f,6.0476f,0.7417f,-1.129f,0.2691f,0.9883f,0f,0f,0f,1f],start_interpolation: 0,interpolation_duration: 1}
$data merge entity $(left_shoulder) {transformation: [-0.6681f,-1.0868f,0.7227f,1.2675f,-1.1927f,0.1787f,-0.8339f,6.0519f,0.53f,-0.9678f,-0.9655f,-0.0538f,0f,0f,0f,1f],start_interpolation: 0,interpolation_duration: 1}
$data merge entity $(left_arm) {transformation: [-0.9306f,-0.0804f,0.3571f,0.6483f,-0.1162f,0.99f,-0.08f,6.1486f,-0.347f,-0.116f,-0.9306f,0.0175f,0f,0f,0f,1f],start_interpolation: 0,interpolation_duration: 1}
$data merge entity $(chest) {transformation: [-1.1898f,-0.1028f,0.4565f,0.394f,-0.1486f,1.2657f,-0.1023f,4.3064f,-0.4437f,-0.1483f,-1.1899f,0.0411f,0f,0f,0f,1f],start_interpolation: 0,interpolation_duration: 1}
$data merge entity $(left_cheek) {transformation: [-0.8403f,-0.3416f,0.4205f,1.1666f,-0.4465f,0.8751f,-0.1787f,3.4563f,-0.3075f,-0.3372f,-0.8895f,-0.1826f,0f,0f,0f,1f],start_interpolation: 0,interpolation_duration: 1}
$data merge entity $(left_foot) {transformation: [-0.5645f,0.4441f,-0.7276f,4.2263f,-0.7823f,0.0768f,0.6537f,-0.4394f,0.3386f,0.9177f,0.2974f,-1.3059f,0f,0f,0f,1f],start_interpolation: 0,interpolation_duration: 1}
$data merge entity $(left_knee) {transformation: [-1.9864f,-0.5105f,-2.2463f,3.4849f,-2.15f,1.4757f,1.5658f,1.7287f,0.827f,2.6103f,-1.3246f,2.2289f,0f,0f,0f,1f],start_interpolation: 0,interpolation_duration: 1}
$data merge entity $(left_leg) {transformation: [-1.1301f,-1.1602f,0.5729f,1.5623f,-1.2119f,0.6823f,-1.0085f,2.801f,0.4536f,-1.0676f,-1.2673f,0.5746f,0f,0f,0f,1f],start_interpolation: 0,interpolation_duration: 1}
$data merge entity $(right_cheek) {transformation: [-0.9252f,-0.0766f,0.3717f,0.4557f,-0.1128f,0.9907f,-0.0767f,3.3652f,-0.3624f,-0.1129f,-0.9252f,-0.4062f,0f,0f,0f,1f],start_interpolation: 0,interpolation_duration: 1}
$data merge entity $(right_foot) {transformation: [-0.7604f,0.0318f,0.6827f,0.0151f,0.0743f,1.0191f,0.0352f,-4.4227f,-0.6794f,0.0758f,-0.7602f,-0.5559f,0f,0f,0f,1f],start_interpolation: 0,interpolation_duration: 1}
$data merge entity $(right_knee) {transformation: [-2.364f,-0.2819f,1.8932f,-0.3655f,0.3294f,2.9037f,0.8438f,-0.3599f,-1.8855f,0.8608f,-2.2262f,0.4902f,0f,0f,0f,1f],start_interpolation: 0,interpolation_duration: 1}
$data merge entity $(right_leg) {transformation: [-1.3352f,0.3995f,1.0046f,0.3006f,0.1861f,1.6575f,-0.4118f,2.2997f,-1.065f,-0.2113f,-1.3314f,0.2351f,0f,0f,0f,1f],start_interpolation: 0,interpolation_duration: 1}
$data merge entity $(weist) {transformation: [-1.4627f,-0.5053f,0.4871f,0.4526f,-0.5811f,1.5033f,-0.1855f,4.0665f,-0.3936f,-0.3417f,-1.5363f,-0.0542f,0f,0f,0f,1f],start_interpolation: 0,interpolation_duration: 1}
data modify storage animated_java:temp entry.data merge value {"locators":{"consume":{"px":-1.90774282,"py":7.4090176986,"pz":1.6303573402,"ry":249.8672209771,"rx":0.9046661108}}}
# Data Manager: Prepare for Read / Write
execute store result storage animated_java:temp args.id int 1 run scoreboard players get @s aj.id
# Data Manager: Write
function animated_java:global/data_manager/write with storage animated_java:temp args