# This file was generated by Animated Java via MC-Build. It is not recommended to edit this file directly.
$data merge entity $(neck) {transformation: [-0.9672f,-0.1704f,0.1883f,0.2577f,-0.1153f,0.9553f,0.2721f,6.0672f,-0.2263f,0.2415f,-0.9437f,-0.1426f,0f,0f,0f,1f],start_interpolation: 0,interpolation_duration: 1}
$data merge entity $(right_thumb_2) {transformation: [0.2418f,0.4186f,-0.8754f,-2.124f,0.7645f,-0.6377f,-0.0938f,7.0896f,-0.5975f,-0.6466f,-0.4742f,0.7314f,0f,0f,0f,1f],start_interpolation: 0,interpolation_duration: 1}
$data merge entity $(right_thumb) {transformation: [0.2418f,-0.5604f,-0.7922f,-2.2573f,0.7645f,-0.3927f,0.5111f,7.0694f,-0.5975f,-0.7292f,0.3335f,0.4035f,0f,0f,0f,1f],start_interpolation: 0,interpolation_duration: 1}
$data merge entity $(right_fingers2) {transformation: [0.0225f,0.1792f,-0.9836f,-2.2301f,-0.9006f,0.4309f,0.0579f,7.3348f,0.4341f,0.8845f,0.171f,0.941f,0f,0f,0f,1f],start_interpolation: 0,interpolation_duration: 1}
$data merge entity $(right_fingers) {transformation: [0.1616f,-0.0806f,-0.9836f,-2.2558f,0.7049f,0.7069f,0.0579f,7.5566f,0.6906f,-0.7027f,0.171f,0.7615f,0f,0f,0f,1f],start_interpolation: 0,interpolation_duration: 1}
$data merge entity $(scout) {transformation: [0f,0f,0f,-2.3548f,0f,0f,0f,7.4025f,0f,0f,0f,0.8675f,0f,0f,0f,1f],start_interpolation: 0,interpolation_duration: 1}
$data merge entity $(right_hand) {transformation: [-0.0746f,-0.1645f,-0.9836f,-2.3999f,0.7326f,-0.6782f,0.0579f,7.1389f,-0.6765f,-0.7163f,0.171f,0.3325f,0f,0f,0f,1f],start_interpolation: 0,interpolation_duration: 1}
$data merge entity $(right_forearm) {transformation: [0.1915f,0.0214f,-1.3638f,-2.4253f,0.5741f,-1.2505f,0.061f,5.2341f,-1.2373f,-0.577f,-0.1827f,-0.4916f,0f,0f,0f,1f],start_interpolation: 0,interpolation_duration: 1}
$data merge entity $(right_shoulder) {transformation: [-0.2157f,1.4282f,0.2521f,-0.6486f,0.5031f,0.3127f,-1.3412f,5.557f,-1.3602f,-0.1108f,-0.5361f,-0.3353f,0f,0f,0f,1f],start_interpolation: 0,interpolation_duration: 1}
$data merge entity $(right_arm) {transformation: [-0.9195f,-0.1209f,0.3739f,-0.1619f,-0.215f,0.9513f,-0.2211f,5.952f,-0.329f,-0.2837f,-0.9007f,-0.2396f,0f,0f,0f,1f],start_interpolation: 0,interpolation_duration: 1}
$data merge entity $(left_thumb_2) {transformation: [-0.0465f,-0.9225f,0.3831f,4.9822f,-0.9989f,0.0398f,-0.0255f,5.9162f,0.0083f,-0.3839f,-0.9233f,1.5372f,0f,0f,0f,1f],start_interpolation: 0,interpolation_duration: 1}
$data merge entity $(left_thumb) {transformation: [-0.0465f,-0.2786f,0.9593f,4.8859f,-0.9989f,0.005f,-0.047f,6.0666f,0.0083f,-0.9604f,-0.2786f,1.2309f,0f,0f,0f,1f],start_interpolation: 0,interpolation_duration: 1}
$data merge entity $(left_fingers2) {transformation: [-0.7647f,0.3228f,0.5577f,5.575f,0.0648f,0.8996f,-0.4319f,6.1201f,-0.6411f,-0.2942f,-0.7088f,1.6267f,0f,0f,0f,1f],start_interpolation: 0,interpolation_duration: 1}
$data merge entity $(left_fingers) {transformation: [-0.5884f,-0.5855f,0.5577f,5.4289f,-0.8081f,0.4006f,-0.4319f,6.2539f,0.0295f,-0.7048f,-0.7088f,1.4199f,0f,0f,0f,1f],start_interpolation: 0,interpolation_duration: 1}
$data merge entity $(left_hand) {transformation: [-0.0743f,-0.8267f,0.5577f,4.9454f,-0.8765f,-0.2125f,-0.4319f,6.0999f,0.4756f,-0.5209f,-0.7088f,1.071f,0f,0f,0f,1f],start_interpolation: 0,interpolation_duration: 1}
$data merge entity $(left_forearm) {transformation: [-0.57f,-1.2379f,0.1996f,3.0647f,-0.231f,-0.1118f,-1.3532f,5.8726f,1.2324f,-0.5935f,-0.1613f,0.2226f,0f,0f,0f,1f],start_interpolation: 0,interpolation_duration: 1}
$data merge entity $(left_shoulder) {transformation: [-0.458f,-1.3889f,0.1054f,1.2756f,-1.1871f,0.3311f,-0.7944f,6.0625f,0.7287f,-0.3335f,-1.2279f,0.0024f,0f,0f,0f,1f],start_interpolation: 0,interpolation_duration: 1}
$data merge entity $(left_arm) {transformation: [-0.9195f,-0.1209f,0.3739f,0.652f,-0.215f,0.9513f,-0.2211f,6.1422f,-0.329f,-0.2837f,-0.9007f,0.0516f,0f,0f,0f,1f],start_interpolation: 0,interpolation_duration: 1}
$data merge entity $(chest) {transformation: [-1.1757f,-0.1546f,0.4781f,0.4763f,-0.2748f,1.2162f,-0.2827f,4.3215f,-0.4206f,-0.3627f,-1.1516f,0.3872f,0f,0f,0f,1f],start_interpolation: 0,interpolation_duration: 1}
$data merge entity $(left_cheek) {transformation: [-0.8315f,-0.4786f,0.279f,1.3399f,-0.5406f,0.8123f,-0.2075f,3.6185f,-0.1278f,-0.3221f,-0.9376f,0.0528f,0f,0f,0f,1f],start_interpolation: 0,interpolation_duration: 1}
$data merge entity $(left_foot) {transformation: [-0.0817f,0.9351f,-0.4052f,3.2735f,-0.9392f,0.0887f,0.394f,1.4494f,0.3955f,0.4037f,0.8519f,-1.86f,0f,0f,0f,1f],start_interpolation: 0,interpolation_duration: 1}
$data merge entity $(left_knee) {transformation: [-0.623f,0.9135f,-2.8336f,4.4397f,-2.7021f,1.042f,0.93f,3.0071f,1.25f,2.7078f,0.5981f,1.8762f,0f,0f,0f,1f],start_interpolation: 0,interpolation_duration: 1}
$data merge entity $(left_leg) {transformation: [-0.3634f,-1.5612f,0.618f,1.9053f,-1.5285f,0.0459f,-0.783f,3.04f,0.695f,-0.7154f,-1.3987f,0.7999f,0f,0f,0f,1f],start_interpolation: 0,interpolation_duration: 1}
$data merge entity $(right_cheek) {transformation: [-0.9413f,-0.2011f,0.2711f,0.6297f,-0.2316f,0.9691f,-0.0853f,3.3762f,-0.2455f,-0.1431f,-0.9588f,-0.0722f,0f,0f,0f,1f],start_interpolation: 0,interpolation_duration: 1}
$data merge entity $(right_foot) {transformation: [-0.8453f,0.0313f,0.5742f,0.6024f,0.0338f,1.0218f,-0.006f,-4.4867f,-0.5741f,0.014f,-0.8459f,0.3954f,0f,0f,0f,1f],start_interpolation: 0,interpolation_duration: 1}
$data merge entity $(right_knee) {transformation: [-2.5786f,-0.2372f,1.5958f,0.2654f,0.0958f,2.9809f,0.5979f,-0.334f,-1.6105f,0.5572f,-2.5195f,1.0172f,0f,0f,0f,1f],start_interpolation: 0,interpolation_duration: 1}
$data merge entity $(right_leg) {transformation: [-1.4564f,0.2479f,0.8768f,0.6974f,0.0541f,1.6738f,-0.3832f,2.3565f,-0.9096f,-0.2973f,-1.4268f,0.6206f,0f,0f,0f,1f],start_interpolation: 0,interpolation_duration: 1}
$data merge entity $(weist) {transformation: [-1.4003f,-0.7436f,0.3436f,0.5696f,-0.7924f,1.4023f,-0.1945f,4.1109f,-0.2079f,-0.3357f,-1.5736f,0.2547f,0f,0f,0f,1f],start_interpolation: 0,interpolation_duration: 1}
data modify storage animated_java:temp entry.data merge value {"locators":{"consume":{"px":-2.2872404034,"py":7.470883909,"pz":1.0076076406,"ry":260.1348412999,"rx":3.3171258393}}}
# Data Manager: Prepare for Read / Write
execute store result storage animated_java:temp args.id int 1 run scoreboard players get @s aj.id
# Data Manager: Write
function animated_java:global/data_manager/write with storage animated_java:temp args