# This file was generated by Animated Java via MC-Build. It is not recommended to edit this file directly.
$data merge entity $(neck) {transformation: [-0.9617f,-0.2153f,0.1694f,0.2819f,-0.1674f,0.9513f,0.2587f,6.0174f,-0.2169f,0.2205f,-0.951f,-0.1163f,0f,0f,0f,1f],start_interpolation: 0,interpolation_duration: 1}
$data merge entity $(right_thumb_2) {transformation: [0.2806f,0.5314f,-0.7993f,-2.1071f,0.7597f,-0.6319f,-0.1534f,7.0689f,-0.5866f,-0.5642f,-0.581f,0.2859f,0f,0f,0f,1f],start_interpolation: 0,interpolation_duration: 1}
$data merge entity $(right_thumb) {transformation: [0.2806f,-0.445f,-0.8504f,-2.1967f,0.7597f,-0.4385f,0.4801f,7.0336f,-0.5866f,-0.7808f,0.215f,-0.0554f,0f,0f,0f,1f],start_interpolation: 0,interpolation_duration: 1}
$data merge entity $(right_fingers2) {transformation: [-0.0028f,0.0473f,-0.9989f,-2.2493f,-0.9053f,0.4242f,0.0226f,7.3089f,0.4248f,0.9043f,0.0416f,0.4677f,0f,0f,0f,1f],start_interpolation: 0,interpolation_duration: 1}
$data merge entity $(right_fingers) {transformation: [0.0453f,-0.0138f,-0.9989f,-2.2593f,0.7112f,0.7026f,0.0226f,7.5293f,0.7015f,-0.7115f,0.0416f,0.2851f,0f,0f,0f,1f],start_interpolation: 0,interpolation_duration: 1}
$data merge entity $(scout) {transformation: [0f,0f,0f,-2.3655f,0f,0f,0f,7.3741f,0f,0f,0f,0.3821f,0f,0f,0f,1f],start_interpolation: 0,interpolation_duration: 1}
$data merge entity $(right_hand) {transformation: [-0.0132f,-0.0455f,-0.9989f,-2.3313f,0.7118f,-0.702f,0.0226f,7.0956f,-0.7023f,-0.7107f,0.0416f,-0.1461f,0f,0f,0f,1f],start_interpolation: 0,interpolation_duration: 1}
$data merge entity $(right_forearm) {transformation: [0.5207f,0.0792f,-1.2727f,-2.28f,0.4873f,-1.2827f,0.1195f,5.1479f,-1.1783f,-0.4955f,-0.513f,-0.8619f,0f,0f,0f,1f],start_interpolation: 0,interpolation_duration: 1}
$data merge entity $(right_shoulder) {transformation: [0.156f,1.4206f,0.3278f,-0.59f,0.4177f,0.2723f,-1.3788f,5.4401f,-1.3968f,0.2401f,-0.3757f,-0.2755f,0f,0f,0f,1f],start_interpolation: 0,interpolation_duration: 1}
$data merge entity $(right_arm) {transformation: [-0.8969f,-0.1633f,0.4109f,-0.128f,-0.299f,0.9087f,-0.2914f,5.8694f,-0.3258f,-0.3842f,-0.8639f,-0.2104f,0f,0f,0f,1f],start_interpolation: 0,interpolation_duration: 1}
$data merge entity $(left_thumb_2) {transformation: [-0.0734f,-0.9925f,0.098f,5.3133f,-0.9948f,0.0799f,0.0637f,5.3317f,-0.071f,-0.0928f,-0.9931f,0.1377f,0f,0f,0f,1f],start_interpolation: 0,interpolation_duration: 1}
$data merge entity $(left_thumb) {transformation: [-0.0734f,-0.5957f,0.7999f,5.1212f,-0.9948f,0.1008f,-0.0162f,5.5118f,-0.071f,-0.7969f,-0.5999f,-0.0997f,0f,0f,0f,1f],start_interpolation: 0,interpolation_duration: 1}
$data merge entity $(left_fingers2) {transformation: [-0.8878f,-0.4165f,0.1958f,5.9559f,-0.4602f,0.7992f,-0.3865f,5.6422f,0.0045f,-0.4333f,-0.9013f,-0.0638f,0f,0f,0f,1f],start_interpolation: 0,interpolation_duration: 1}
$data merge entity $(left_fingers) {transformation: [-0.2258f,-0.9543f,0.1958f,5.6917f,-0.9121f,0.1365f,-0.3865f,5.704f,0.3422f,-0.2658f,-0.9013f,-0.1558f,0f,0f,0f,1f],start_interpolation: 0,interpolation_duration: 1}
$data merge entity $(left_hand) {transformation: [0.1425f,-0.9702f,0.1958f,5.1052f,-0.8981f,-0.2099f,-0.3865f,5.5535f,0.4161f,-0.1207f,-0.9013f,-0.2677f,0f,0f,0f,1f],start_interpolation: 0,interpolation_duration: 1}
$data merge entity $(left_forearm) {transformation: [-0.0827f,-1.364f,-0.1723f,3.0413f,-0.1361f,0.1799f,-1.3588f,5.7693f,1.3681f,-0.0646f,-0.1456f,-0.3134f,0f,0f,0f,1f],start_interpolation: 0,interpolation_duration: 1}
$data merge entity $(left_shoulder) {transformation: [-0.2789f,-1.3961f,-0.3505f,1.2941f,-1.1589f,0.4295f,-0.7889f,6.0848f,0.8538f,0.127f,-1.1852f,0.0517f,0f,0f,0f,1f],start_interpolation: 0,interpolation_duration: 1}
$data merge entity $(left_arm) {transformation: [-0.8969f,-0.1633f,0.4109f,0.6659f,-0.299f,0.9087f,-0.2914f,6.134f,-0.3258f,-0.3842f,-0.8639f,0.0779f,0f,0f,0f,1f],start_interpolation: 0,interpolation_duration: 1}
$data merge entity $(chest) {transformation: [-1.1468f,-0.2088f,0.5253f,0.5781f,-0.3822f,1.1618f,-0.3726f,4.3506f,-0.4165f,-0.4912f,-1.1045f,0.5978f,0f,0f,0f,1f],start_interpolation: 0,interpolation_duration: 1}
$data merge entity $(left_cheek) {transformation: [-0.7794f,-0.6088f,0.1332f,1.4425f,-0.6226f,0.7291f,-0.2736f,3.7829f,0.0698f,-0.2945f,-0.9526f,0.2013f,0f,0f,0f,1f],start_interpolation: 0,interpolation_duration: 1}
$data merge entity $(left_foot) {transformation: [0.2656f,0.9705f,-0.181f,3.0377f,-0.8914f,0.3164f,0.3881f,1.9651f,0.4244f,0.0569f,0.9284f,-1.609f,0f,0f,0f,1f],start_interpolation: 0,interpolation_duration: 1}
$data merge entity $(left_knee) {transformation: [0.4317f,1.2864f,-2.7223f,4.6944f,-2.647f,1.4729f,0.2762f,4.0909f,1.4351f,2.3298f,1.3285f,1.6286f,0f,0f,0f,1f],start_interpolation: 0,interpolation_duration: 1}
$data merge entity $(left_leg) {transformation: [0.233f,-1.5763f,0.6423f,2.16f,-1.5012f,-0.4958f,-0.6722f,3.2538f,0.8021f,-0.4701f,-1.4447f,0.9512f,0f,0f,0f,1f],start_interpolation: 0,interpolation_duration: 1}
$data merge entity $(right_cheek) {transformation: [-0.9331f,-0.2807f,0.2248f,0.8322f,-0.3047f,0.9491f,-0.0797f,3.4209f,-0.191f,-0.1429f,-0.9711f,0.1465f,0f,0f,0f,1f],start_interpolation: 0,interpolation_duration: 1}
$data merge entity $(right_foot) {transformation: [-0.8742f,0.0237f,0.5296f,1.1193f,-0.0066f,1.0208f,-0.0565f,-4.4431f,-0.5301f,-0.0517f,-0.8727f,1.1204f,0f,0f,0f,1f],start_interpolation: 0,interpolation_duration: 1}
$data merge entity $(right_knee) {transformation: [-2.6468f,-0.2555f,1.477f,0.7502f,-0.0901f,3.0189f,0.3606f,-0.2527f,-1.4962f,0.2701f,-2.6345f,1.3434f,0f,0f,0f,1f],start_interpolation: 0,interpolation_duration: 1}
$data merge entity $(right_leg) {transformation: [-1.4949f,0.1497f,0.8333f,1.0278f,-0.0509f,1.6719f,-0.3918f,2.4394f,-0.8451f,-0.3656f,-1.4504f,0.8354f,0f,0f,0f,1f],start_interpolation: 0,interpolation_duration: 1}
$data merge entity $(weist) {transformation: [-1.3125f,-0.9047f,0.3017f,0.6953f,-0.9441f,1.3049f,-0.1944f,4.1602f,-0.1343f,-0.3329f,-1.5821f,0.44f,0f,0f,0f,1f],start_interpolation: 0,interpolation_duration: 1}
data modify storage animated_java:temp entry.data merge value {"locators":{"consume":{"px":-2.3191870984,"py":7.4486617385,"pz":0.5275901595,"ry":267.6148853889,"rx":1.2939857267}}}
# Data Manager: Prepare for Read / Write
execute store result storage animated_java:temp args.id int 1 run scoreboard players get @s aj.id
# Data Manager: Write
function animated_java:global/data_manager/write with storage animated_java:temp args