# This file was generated by Animated Java via MC-Build. It is not recommended to edit this file directly.
$data merge entity $(neck) {transformation: [-0.938f,-0.3436f,0.0455f,0.3275f,-0.3125f,0.8952f,0.3176f,6.0885f,-0.1499f,0.2837f,-0.9471f,-0.158f,0f,0f,0f,1f],start_interpolation: 0,interpolation_duration: 1}
$data merge entity $(right_thumb_2) {transformation: [0.1481f,0.6709f,-0.7266f,-2.0767f,0.8464f,-0.4661f,-0.2577f,6.8661f,-0.5116f,-0.5768f,-0.6368f,0.1138f,0f,0f,0f,1f],start_interpolation: 0,interpolation_duration: 1}
$data merge entity $(right_thumb) {transformation: [0.1481f,-0.3192f,-0.936f,-2.1442f,0.8464f,-0.4487f,0.2869f,6.8432f,-0.5116f,-0.8348f,0.2037f,-0.2335f,0f,0f,0f,1f],start_interpolation: 0,interpolation_duration: 1}
$data merge entity $(right_fingers2) {transformation: [0.1545f,-0.0666f,-0.9858f,-2.269f,-0.9333f,0.3176f,-0.1677f,7.0546f,0.3242f,0.9459f,-0.0131f,0.3011f,0f,0f,0f,1f],start_interpolation: 0,interpolation_duration: 1}
$data merge entity $(right_fingers) {transformation: [-0.1174f,-0.1205f,-0.9858f,-2.3139f,0.63f,0.7583f,-0.1677f,7.2872f,0.7677f,-0.6407f,-0.0131f,0.14f,0f,0f,0f,1f],start_interpolation: 0,interpolation_duration: 1}
$data merge entity $(scout) {transformation: [0f,0f,0f,-2.3925f,0f,0f,0f,7.1071f,0f,0f,0f,0.2187f,0f,0f,0f,1f],start_interpolation: 0,interpolation_duration: 1}
$data merge entity $(right_hand) {transformation: [-0.1198f,0.118f,-0.9858f,-2.2844f,0.7548f,-0.6342f,-0.1677f,6.8865f,-0.6449f,-0.7641f,-0.0131f,-0.3266f,0f,0f,0f,1f],start_interpolation: 0,interpolation_duration: 1}
$data merge entity $(right_forearm) {transformation: [0.6394f,0.2399f,-1.1962f,-1.9933f,0.6381f,-1.2168f,0.0971f,5.0311f,-1.0398f,-0.5992f,-0.676f,-1.2104f,0f,0f,0f,1f],start_interpolation: 0,interpolation_duration: 1}
$data merge entity $(right_shoulder) {transformation: [0.3167f,1.3442f,0.4927f,-0.4341f,0.5652f,0.3462f,-1.3079f,5.3814f,-1.3153f,0.4724f,-0.4434f,-0.3551f,0f,0f,0f,1f],start_interpolation: 0,interpolation_duration: 1}
$data merge entity $(right_arm) {transformation: [-0.8292f,-0.3041f,0.4689f,-0.0506f,-0.4311f,0.882f,-0.1904f,5.8784f,-0.3557f,-0.36f,-0.8625f,-0.2661f,0f,0f,0f,1f],start_interpolation: 0,interpolation_duration: 1}
$data merge entity $(left_thumb_2) {transformation: [0.0601f,-0.9974f,-0.039f,5.3732f,-0.9638f,-0.0681f,0.2579f,6.0774f,-0.2599f,0.0221f,-0.9654f,-0.6561f,0f,0f,0f,1f],start_interpolation: 0,interpolation_duration: 1}
$data merge entity $(left_thumb) {transformation: [0.0601f,-0.7375f,0.6726f,5.1175f,-0.9638f,0.1326f,0.2315f,6.2597f,-0.2599f,-0.6622f,-0.7028f,-0.8207f,0f,0f,0f,1f],start_interpolation: 0,interpolation_duration: 1}
$data merge entity $(left_fingers2) {transformation: [-0.3283f,-0.944f,0.034f,5.8875f,-0.9247f,0.3139f,-0.2155f,6.6469f,0.1928f,-0.1022f,-0.9759f,-0.962f,0f,0f,0f,1f],start_interpolation: 0,interpolation_duration: 1}
$data merge entity $(left_fingers) {transformation: [0.3153f,-0.9484f,0.034f,5.6086f,-0.9243f,-0.315f,-0.2155f,6.5816f,0.2151f,0.0366f,-0.9759f,-0.9648f,0f,0f,0f,1f],start_interpolation: 0,interpolation_duration: 1}
$data merge entity $(left_hand) {transformation: [0.4101f,-0.9114f,0.034f,5.0523f,-0.8875f,-0.4073f,-0.2155f,6.3174f,0.2103f,0.0582f,-0.9759f,-0.9711f,0f,0f,0f,1f],start_interpolation: 0,interpolation_duration: 1}
$data merge entity $(left_forearm) {transformation: [0.2118f,-1.3595f,-0.0644f,3.0115f,-0.1256f,0.0454f,-1.3709f,6.3307f,1.3552f,0.2167f,-0.117f,-0.5927f,0f,0f,0f,1f],start_interpolation: 0,interpolation_duration: 1}
$data merge entity $(left_shoulder) {transformation: [0.0607f,-1.4145f,-0.3813f,1.3115f,-1.2107f,0.1664f,-0.8102f,6.3156f,0.8249f,0.3484f,-1.1611f,0.0357f,0f,0f,0f,1f],start_interpolation: 0,interpolation_duration: 1}
$data merge entity $(left_arm) {transformation: [-0.8292f,-0.3041f,0.4689f,0.6834f,-0.4311f,0.882f,-0.1904f,6.26f,-0.3557f,-0.36f,-0.8625f,0.0487f,0f,0f,0f,1f],start_interpolation: 0,interpolation_duration: 1}
$data merge entity $(chest) {transformation: [-1.0602f,-0.3888f,0.5995f,0.8818f,-0.5512f,1.1276f,-0.2434f,4.4698f,-0.4547f,-0.4603f,-1.1027f,0.5117f,0f,0f,0f,1f],start_interpolation: 0,interpolation_duration: 1}
$data merge entity $(left_cheek) {transformation: [-0.6846f,-0.6998f,0.1866f,1.8311f,-0.7226f,0.6182f,-0.3005f,3.9841f,0.0955f,-0.3382f,-0.9354f,0.108f,0f,0f,0f,1f],start_interpolation: 0,interpolation_duration: 1}
$data merge entity $(left_foot) {transformation: [0.3076f,0.0542f,-0.9735f,7.8785f,-0.7412f,0.6761f,-0.1966f,4.0935f,0.6334f,0.7649f,0.2427f,-0.3594f,0f,0f,0f,1f],start_interpolation: 0,interpolation_duration: 1}
$data merge entity $(left_knee) {transformation: [0.6969f,-2.3341f,-1.8216f,4.5535f,-2.4513f,0.5948f,-1.6999f,4.9174f,1.6606f,1.8575f,-1.7448f,2.0923f,0f,0f,0f,1f],start_interpolation: 0,interpolation_duration: 1}
$data merge entity $(left_leg) {transformation: [0.3901f,-1.2753f,1.083f,2.4949f,-1.3889f,-0.8669f,-0.5205f,3.4861f,0.9328f,-0.7574f,-1.2278f,0.9537f,0f,0f,0f,1f],start_interpolation: 0,interpolation_duration: 1}
$data merge entity $(right_cheek) {transformation: [-0.9091f,-0.2674f,0.3195f,1.3641f,-0.2811f,0.9597f,0.0032f,3.5989f,-0.3075f,-0.0869f,-0.9476f,0.0032f,0f,0f,0f,1f],start_interpolation: 0,interpolation_duration: 1}
$data merge entity $(right_foot) {transformation: [-0.8067f,0.0501f,0.626f,1.3569f,-0.0201f,1.0165f,-0.1072f,-4.3237f,-0.6277f,-0.0968f,-0.8012f,1.0156f,0f,0f,0f,1f],start_interpolation: 0,interpolation_duration: 1}
$data merge entity $(right_knee) {transformation: [-2.4483f,-0.1666f,1.7972f,1.1295f,-0.0529f,3.0341f,0.2092f,-0.1175f,-1.8042f,0.1371f,-2.4451f,1.0536f,0f,0f,0f,1f],start_interpolation: 0,interpolation_duration: 1}
$data merge entity $(right_leg) {transformation: [-1.3828f,0.2096f,0.9976f,1.4937f,-0.0299f,1.6722f,-0.3928f,2.5742f,-1.019f,-0.3335f,-1.3423f,0.601f,0f,0f,0f,1f],start_interpolation: 0,interpolation_duration: 1}
$data merge entity $(weist) {transformation: [-1.1607f,-1.009f,0.5164f,1.0051f,-1.0572f,1.2303f,0.0277f,4.284f,-0.4088f,-0.3166f,-1.5377f,0.3438f,0f,0f,0f,1f],start_interpolation: 0,interpolation_duration: 1}
data modify storage animated_java:temp entry.data merge value {"locators":{"consume":{"px":-2.3671691675,"py":7.1761775336,"pz":0.3718595333,"ry":270.7609938402,"rx":-9.6531179529}}}
# Data Manager: Prepare for Read / Write
execute store result storage animated_java:temp args.id int 1 run scoreboard players get @s aj.id
# Data Manager: Write
function animated_java:global/data_manager/write with storage animated_java:temp args
execute unless entity @s[tag=aj.transforms_only] at @s run function animated_java:female/animations/counter_kick/zzz/frames/7_root_function