# This file was generated by Animated Java via MC-Build. It is not recommended to edit this file directly.
$data merge entity $(neck) {transformation: [-0.8803f,-0.471f,-0.0559f,0.3868f,-0.4544f,0.8037f,0.3842f,6.1918f,-0.136f,0.3636f,-0.9216f,-0.21f,0f,0f,0f,1f],start_interpolation: 0,interpolation_duration: 1}
$data merge entity $(right_thumb_2) {transformation: [-0.0692f,0.7218f,-0.6886f,-2.1127f,0.9035f,-0.2473f,-0.3501f,6.4966f,-0.423f,-0.6464f,-0.635f,0.151f,0f,0f,0f,1f],start_interpolation: 0,interpolation_duration: 1}
$data merge entity $(right_thumb) {transformation: [-0.0692f,-0.2635f,-0.9622f,-2.1942f,0.9035f,-0.4256f,0.0515f,6.493f,-0.423f,-0.8657f,0.2675f,-0.194f,0f,0f,0f,1f],start_interpolation: 0,interpolation_duration: 1}
$data merge entity $(right_fingers2) {transformation: [0.3702f,-0.0724f,-0.9261f,-2.3292f,-0.9063f,0.1906f,-0.3772f,6.618f,0.2038f,0.979f,0.0049f,0.3626f,0f,0f,0f,1f],start_interpolation: 0,interpolation_duration: 1}
$data merge entity $(right_fingers) {transformation: [-0.2014f,-0.3189f,-0.9261f,-2.4325f,0.5055f,0.776f,-0.3772f,6.8506f,0.839f,-0.5441f,0.0049f,0.2313f,0f,0f,0f,1f],start_interpolation: 0,interpolation_duration: 1}
$data merge entity $(scout) {transformation: [0f,0f,0f,-2.466f,0f,0f,0f,6.6509f,0f,0f,0f,0.2928f,0f,0f,0f,1f],start_interpolation: 0,interpolation_duration: 1}
$data merge entity $(right_hand) {transformation: [-0.3163f,0.2055f,-0.9261f,-2.3457f,0.7694f,-0.5155f,-0.3772f,6.5135f,-0.5549f,-0.8319f,0.0049f,-0.2767f,0f,0f,0f,1f],start_interpolation: 0,interpolation_duration: 1}
$data merge entity $(right_forearm) {transformation: [0.4556f,0.4337f,-1.2253f,-1.756f,0.8518f,-1.0804f,-0.0657f,4.8486f,-0.9818f,-0.7361f,-0.6256f,-1.3671f,0f,0f,0f,1f],start_interpolation: 0,interpolation_duration: 1}
$data merge entity $(right_shoulder) {transformation: [0.1405f,1.2731f,0.7137f,-0.2551f,0.745f,0.554f,-1.1349f,5.4104f,-1.255f,0.4713f,-0.5938f,-0.5204f,0f,0f,0f,1f],start_interpolation: 0,interpolation_duration: 1}
$data merge entity $(right_arm) {transformation: [-0.7502f,-0.4341f,0.4988f,0.0464f,-0.5f,0.866f,0.0018f,5.9433f,-0.4327f,-0.2481f,-0.8667f,-0.3555f,0f,0f,0f,1f],start_interpolation: 0,interpolation_duration: 1}
$data merge entity $(left_thumb_2) {transformation: [0.406f,-0.9131f,0.0385f,5.3173f,-0.7765f,-0.3225f,0.5413f,7.5154f,-0.4818f,-0.2496f,-0.8399f,0.0051f,0f,0f,0f,1f],start_interpolation: 0,interpolation_duration: 1}
$data merge entity $(left_thumb) {transformation: [0.406f,-0.6472f,0.6452f,5.0398f,-0.7765f,0.128f,0.6169f,7.663f,-0.4818f,-0.7515f,-0.4506f,-0.1588f,0f,0f,0f,1f],start_interpolation: 0,interpolation_duration: 1}
$data merge entity $(left_fingers2) {transformation: [0.3532f,-0.9127f,0.2055f,5.5937f,-0.9355f,-0.3417f,0.0899f,8.3453f,-0.0119f,-0.2241f,-0.9745f,-0.0617f,0f,0f,0f,1f],start_interpolation: 0,interpolation_duration: 1}
$data merge entity $(left_fingers) {transformation: [0.7403f,-0.6401f,0.2055f,5.3919f,-0.6656f,-0.7409f,0.0899f,8.1536f,0.0947f,-0.2034f,-0.9745f,-0.1295f,0f,0f,0f,1f],start_interpolation: 0,interpolation_duration: 1}
$data merge entity $(left_hand) {transformation: [0.6817f,-0.7022f,0.2055f,4.9732f,-0.7276f,-0.6801f,0.0899f,7.7362f,0.0766f,-0.2109f,-0.9745f,-0.3017f,0f,0f,0f,1f],start_interpolation: 0,interpolation_duration: 1}
$data merge entity $(left_forearm) {transformation: [0.0237f,-1.3136f,0.4136f,3.011f,-0.3012f,-0.4086f,-1.2804f,7.0617f,1.3438f,-0.0684f,-0.2943f,-0.3596f,0f,0f,0f,1f],start_interpolation: 0,interpolation_duration: 1}
$data merge entity $(left_shoulder) {transformation: [0.2991f,-1.4351f,-0.0269f,1.3224f,-1.2399f,-0.2445f,-0.7434f,6.5376f,0.7232f,0.1744f,-1.2635f,0.0395f,0f,0f,0f,1f],start_interpolation: 0,interpolation_duration: 1}
$data merge entity $(left_arm) {transformation: [-0.7502f,-0.4341f,0.4988f,0.7104f,-0.5f,0.866f,0.0018f,6.3858f,-0.4327f,-0.2481f,-0.8667f,0.0275f,0f,0f,0f,1f],start_interpolation: 0,interpolation_duration: 1}
$data merge entity $(chest) {transformation: [-0.9591f,-0.5551f,0.6377f,1.1797f,-0.6393f,1.1072f,0.0022f,4.6006f,-0.5533f,-0.3172f,-1.1081f,0.254f,0f,0f,0f,1f],start_interpolation: 0,interpolation_duration: 1}
$data merge entity $(left_cheek) {transformation: [-0.7013f,-0.6646f,0.3088f,2.2122f,-0.7726f,0.6135f,-0.2732f,4.2151f,-0.1074f,-0.4259f,-0.9619f,-0.0365f,0f,0f,0f,1f],start_interpolation: 0,interpolation_duration: 1}
$data merge entity $(left_foot) {transformation: [-0.0509f,-1.0388f,-0.0255f,6.2523f,-0.8288f,0.0125f,-0.6436f,7.3562f,0.5965f,-0.073f,-0.9003f,6.5203f,0f,0f,0f,1f],start_interpolation: 0,interpolation_duration: 1}
$data merge entity $(left_knee) {transformation: [0.1943f,-1.7243f,2.5631f,3.9651f,-2.5739f,-1.6095f,-0.7302f,5.1727f,1.6092f,-2.3661f,-1.4774f,3.139f,0f,0f,0f,1f],start_interpolation: 0,interpolation_duration: 1}
$data merge entity $(left_leg) {transformation: [0.1098f,-0.7766f,1.5623f,2.6797f,-1.4537f,-0.9551f,-0.2902f,3.5906f,0.9089f,-1.4338f,-0.6529f,0.8989f,0f,0f,0f,1f],start_interpolation: 0,interpolation_duration: 1}
$data merge entity $(right_cheek) {transformation: [-0.8255f,-0.253f,0.5045f,1.8448f,-0.2076f,0.9673f,0.1455f,3.8173f,-0.5248f,0.0154f,-0.8511f,-0.2302f,0f,0f,0f,1f],start_interpolation: 0,interpolation_duration: 1}
$data merge entity $(right_foot) {transformation: [-0.6439f,0.0675f,0.7912f,1.4864f,-0.0091f,1.018f,-0.0942f,-4.1923f,-0.794f,-0.0664f,-0.6406f,0.2573f,0f,0f,0f,1f],start_interpolation: 0,interpolation_duration: 1}
$data merge entity $(right_knee) {transformation: [-1.9753f,-0.1344f,2.3092f,1.3381f,0.0908f,3.0297f,0.254f,0.0139f,-2.3113f,0.2339f,-1.9635f,0.4344f,0f,0f,0f,1f],start_interpolation: 0,interpolation_duration: 1}
$data merge entity $(right_leg) {transformation: [-1.1156f,0.3198f,1.2667f,1.8598f,0.0513f,1.6751f,-0.3777f,2.7065f,-1.3054f,-0.2075f,-1.0974f,0.1886f,0f,0f,0f,1f],start_interpolation: 0,interpolation_duration: 1}
$data merge entity $(weist) {transformation: [-0.9505f,-1.0156f,0.8349f,1.2969f,-1.0249f,1.2177f,0.3144f,4.4102f,-0.8235f,-0.3433f,-1.355f,0.0962f,0f,0f,0f,1f],start_interpolation: 0,interpolation_duration: 1}
data modify storage animated_java:temp entry.data merge value {"locators":{"consume":{"px":-2.4470261773,"py":6.7085604508,"pz":0.4515305929,"ry":269.6943216961,"rx":-22.158351483}}}
# Data Manager: Prepare for Read / Write
execute store result storage animated_java:temp args.id int 1 run scoreboard players get @s aj.id
# Data Manager: Write
function animated_java:global/data_manager/write with storage animated_java:temp args
execute unless entity @s[tag=aj.transforms_only] at @s run function animated_java:female/animations/counter_kick/zzz/frames/8_root_function