# This file was generated by Animated Java via MC-Build. It is not recommended to edit this file directly.
$data merge entity $(neck) {transformation: [-0.816f,-0.5719f,0.0849f,0.5257f,-0.4577f,0.7287f,0.5095f,6.3043f,-0.3532f,0.3769f,-0.8563f,-0.1849f,0f,0f,0f,1f],start_interpolation: 0,interpolation_duration: 1}
$data merge entity $(right_thumb_2) {transformation: [-0.2422f,0.817f,-0.5234f,-2.2888f,0.9131f,0.0096f,-0.4075f,6.173f,-0.3279f,-0.5766f,-0.7483f,-0.087f,0f,0f,0f,1f],start_interpolation: 0,interpolation_duration: 1}
$data merge entity $(right_thumb) {transformation: [-0.2422f,-0.0703f,-0.9677f,-2.3337f,0.9131f,-0.3536f,-0.2028f,6.1975f,-0.3279f,-0.9327f,0.1498f,-0.4378f,0f,0f,0f,1f],start_interpolation: 0,interpolation_duration: 1}
$data merge entity $(right_fingers2) {transformation: [0.554f,-0.2182f,-0.8034f,-2.5485f,-0.816f,0.049f,-0.576f,6.2136f,0.1651f,0.9747f,-0.1509f,0.1102f,0f,0f,0f,1f],start_interpolation: 0,interpolation_duration: 1}
$data merge entity $(right_fingers) {transformation: [-0.4012f,-0.4399f,-0.8034f,-2.691f,0.3364f,0.7451f,-0.576f,6.4312f,0.852f,-0.5013f,-0.1509f,-0.0098f,0f,0f,0f,1f],start_interpolation: 0,interpolation_duration: 1}
$data merge entity $(scout) {transformation: [0f,0f,0f,-2.6809f,0f,0f,0f,6.2227f,0f,0f,0f,0.0254f,0f,0f,0f,1f],start_interpolation: 0,interpolation_duration: 1}
$data merge entity $(right_hand) {transformation: [-0.4385f,0.4028f,-0.8034f,-2.477f,0.7438f,-0.3391f,-0.576f,6.1937f,-0.5045f,-0.8501f,-0.1509f,-0.5361f,0f,0f,0f,1f],start_interpolation: 0,interpolation_duration: 1}
$data merge entity $(right_forearm) {transformation: [0.3157f,0.7644f,-1.1014f,-1.379f,1.0602f,-0.8349f,-0.2756f,4.8822f,-0.8206f,-0.7847f,-0.7797f,-1.7121f,0f,0f,0f,1f],start_interpolation: 0,interpolation_duration: 1}
$data merge entity $(right_shoulder) {transformation: [0.0367f,1.1248f,0.9398f,-0.0453f,0.9391f,0.7038f,-0.879f,5.5793f,-1.1254f,0.624f,-0.7028f,-0.7018f,0f,0f,0f,1f],start_interpolation: 0,interpolation_duration: 1}
$data merge entity $(right_arm) {transformation: [-0.6742f,-0.4331f,0.5983f,0.2145f,-0.4283f,0.8892f,0.1609f,6.0798f,-0.6017f,-0.1478f,-0.785f,-0.412f,0f,0f,0f,1f],start_interpolation: 0,interpolation_duration: 1}
$data merge entity $(left_thumb_2) {transformation: [0.6105f,-0.7592f,0.2257f,5.145f,-0.6035f,-0.2614f,0.7533f,7.683f,-0.5129f,-0.5961f,-0.6178f,1.4094f,0f,0f,0f,1f],start_interpolation: 0,interpolation_duration: 1}
$data merge entity $(left_thumb) {transformation: [0.6105f,-0.4158f,0.6741f,4.9112f,-0.6035f,0.3069f,0.7359f,7.8608f,-0.5129f,-0.8561f,-0.0636f,1.211f,0f,0f,0f,1f],start_interpolation: 0,interpolation_duration: 1}
$data merge entity $(left_fingers2) {transformation: [0.5436f,-0.7034f,0.4581f,5.3146f,-0.8378f,-0.4214f,0.3471f,8.5336f,-0.0511f,-0.5725f,-0.8183f,1.6236f,0f,0f,0f,1f],start_interpolation: 0,interpolation_duration: 1}
$data merge entity $(left_fingers) {transformation: [0.7879f,-0.4117f,0.4581f,5.1784f,-0.5849f,-0.7331f,0.3471f,8.3437f,0.1929f,-0.5414f,-0.8183f,1.4579f,0f,0f,0f,1f],start_interpolation: 0,interpolation_duration: 1}
$data merge entity $(left_hand) {transformation: [0.7163f,-0.5263f,0.4581f,4.879f,-0.6892f,-0.636f,0.3471f,7.965f,0.1086f,-0.5644f,-0.8183f,1.0756f,0f,0f,0f,1f],start_interpolation: 0,interpolation_duration: 1}
$data merge entity $(left_forearm) {transformation: [-0.3561f,-1.1756f,0.6231f,3.1165f,-0.5792f,-0.4437f,-1.1682f,7.2301f,1.1978f,-0.5641f,-0.3796f,0.2621f,0f,0f,0f,1f],start_interpolation: 0,interpolation_duration: 1}
$data merge entity $(left_shoulder) {transformation: [0.2117f,-1.4265f,0.2651f,1.4114f,-1.3202f,-0.3005f,-0.5627f,6.6158f,0.6018f,-0.1574f,-1.3278f,0.2342f,0f,0f,0f,1f],start_interpolation: 0,interpolation_duration: 1}
$data merge entity $(left_arm) {transformation: [-0.6742f,-0.4331f,0.5983f,0.8112f,-0.4283f,0.8892f,0.1609f,6.4589f,-0.6017f,-0.1478f,-0.785f,0.1206f,0f,0f,0f,1f],start_interpolation: 0,interpolation_duration: 1}
$data merge entity $(chest) {transformation: [-0.862f,-0.5537f,0.7649f,1.3157f,-0.5477f,1.1368f,0.2057f,4.6691f,-0.7693f,-0.1889f,-1.0036f,0.094f,0f,0f,0f,1f],start_interpolation: 0,interpolation_duration: 1}
$data merge entity $(left_cheek) {transformation: [-0.485f,-0.5938f,0.6421f,2.2805f,-0.809f,0.5942f,-0.0683f,4.3359f,-0.3763f,-0.5316f,-0.8159f,0.0881f,0f,0f,0f,1f],start_interpolation: 0,interpolation_duration: 1}
$data merge entity $(left_foot) {transformation: [-0.1187f,-0.5824f,0.8349f,0.3225f,-0.9549f,-0.2342f,-0.3105f,6.2911f,0.3457f,-0.8402f,-0.5637f,7.4323f,0f,0f,0f,1f],start_interpolation: 0,interpolation_duration: 1}
$data merge entity $(left_knee) {transformation: [0.0089f,1.144f,2.8264f,2.0213f,-2.7991f,-1.1701f,0.4526f,4.7705f,1.1903f,-2.7596f,1.043f,3.6216f,0f,0f,0f,1f],start_interpolation: 0,interpolation_duration: 1}
$data merge entity $(left_leg) {transformation: [0.0043f,0.3736f,1.6812f,2.5707f,-1.5805f,-0.6953f,0.1425f,3.5867f,0.6735f,-1.634f,0.3238f,1.0224f,0f,0f,0f,1f],start_interpolation: 0,interpolation_duration: 1}
$data merge entity $(right_cheek) {transformation: [-0.5944f,-0.3336f,0.7317f,2.0212f,-0.2112f,0.9427f,0.2582f,3.9543f,-0.7759f,-0.0011f,-0.6309f,-0.2976f,0f,0f,0f,1f],start_interpolation: 0,interpolation_duration: 1}
$data merge entity $(right_foot) {transformation: [-0.31f,-0.0334f,0.9737f,1.9282f,-0.0358f,1.0215f,0.0236f,-4.1006f,-0.9736f,-0.0269f,-0.3109f,0.1751f,0f,0f,0f,1f],start_interpolation: 0,interpolation_duration: 1}
$data merge entity $(right_knee) {transformation: [-1.0138f,-0.3777f,2.8428f,1.4927f,-0.0399f,3.0168f,0.3866f,0.0894f,-2.8675f,0.0915f,-1.0105f,0.1781f,0f,0f,0f,1f],start_interpolation: 0,interpolation_duration: 1}
$data merge entity $(right_leg) {transformation: [-0.5988f,0.3359f,1.5748f,2.0095f,-0.026f,1.6779f,-0.3677f,2.7894f,-1.61f,-0.152f,-0.5798f,0.0185f,0f,0f,0f,1f],start_interpolation: 0,interpolation_duration: 1}
$data merge entity $(weist) {transformation: [-0.6506f,-0.9164f,1.17f,1.4425f,-0.9243f,1.2497f,0.4648f,4.4932f,-1.1638f,-0.4802f,-1.0232f,-0.0423f,0f,0f,0f,1f],start_interpolation: 0,interpolation_duration: 1}
data modify storage animated_java:temp entry.data merge value {"locators":{"consume":{"px":-2.6917484112,"py":6.2614857813,"pz":0.190506728,"ry":280.6378694809,"rx":-35.1666306251}}}
# Data Manager: Prepare for Read / Write
execute store result storage animated_java:temp args.id int 1 run scoreboard players get @s aj.id
# Data Manager: Write
function animated_java:global/data_manager/write with storage animated_java:temp args