# This file was generated by Animated Java via MC-Build. It is not recommended to edit this file directly.
$data merge entity $(neck) {transformation: [-0.9781f,0.1137f,-0.1744f,-0.1053f,0.0274f,0.9007f,0.4335f,6.1456f,0.2063f,0.4192f,-0.8841f,-0.3792f,0f,0f,0f,1f],start_interpolation: 0,interpolation_duration: 1}
$data merge entity $(right_thumb_2) {transformation: [-0.6281f,-0.7781f,0.0116f,-0.5792f,0.6748f,-0.552f,-0.4898f,6.3753f,0.3875f,-0.2998f,0.8717f,1.9833f,0f,0f,0f,1f],start_interpolation: 0,interpolation_duration: 1}
$data merge entity $(right_thumb) {transformation: [-0.6281f,-0.65f,0.4278f,-0.8874f,0.6748f,-0.7287f,-0.1165f,6.2426f,0.3875f,0.2155f,0.8963f,2.0974f,0f,0f,0f,1f],start_interpolation: 0,interpolation_duration: 1}
$data merge entity $(right_fingers2) {transformation: [0.9967f,0.0165f,0.0794f,-0.2288f,0.0202f,0.8978f,-0.4399f,6.5577f,-0.0785f,0.44f,0.8946f,2.2841f,0f,0f,0f,1f],start_interpolation: 0,interpolation_duration: 1}
$data merge entity $(right_fingers) {transformation: [0.2318f,-0.9695f,0.0794f,-0.498f,0.8809f,0.1746f,-0.4399f,6.6291f,0.4126f,0.1719f,0.8946f,2.3512f,0f,0f,0f,1f],start_interpolation: 0,interpolation_duration: 1}
$data merge entity $(scout) {transformation: [0f,0f,0f,-0.4129f,0f,0f,0f,6.436f,0f,0f,0f,2.368f,0f,0f,0f,1f],start_interpolation: 0,interpolation_duration: 1}
$data merge entity $(right_hand) {transformation: [-0.6281f,-0.7741f,0.0794f,-0.9668f,0.6748f,-0.5926f,-0.4399f,6.2423f,0.3875f,-0.2227f,0.8946f,2.252f,0f,0f,0f,1f],start_interpolation: 0,interpolation_duration: 1}
$data merge entity $(right_forearm) {transformation: [-1.223f,-0.6175f,0.1419f,-1.8407f,0.351f,-0.9172f,-0.9658f,4.8114f,0.5274f,-0.8214f,0.9717f,1.0285f,0f,0f,0f,1f],start_interpolation: 0,interpolation_duration: 1}
$data merge entity $(right_shoulder) {transformation: [-1.3342f,0.36f,-0.49f,-1.1171f,0.6029f,0.9356f,-0.9544f,5.8613f,0.0784f,-1.07f,-0.9994f,-0.2597f,0f,0f,0f,1f],start_interpolation: 0,interpolation_duration: 1}
$data merge entity $(right_arm) {transformation: [-0.9781f,0.1137f,-0.1744f,-0.5341f,0.0274f,0.9007f,0.4335f,6.1104f,0.2063f,0.4192f,-0.8841f,-0.2621f,0f,0f,0f,1f],start_interpolation: 0,interpolation_duration: 1}
$data merge entity $(left_thumb_2) {transformation: [-0.8003f,0.5863f,-0.1256f,0.9237f,-0.5404f,-0.7961f,-0.2723f,7.0717f,-0.2597f,-0.1501f,0.954f,1.3151f,0f,0f,0f,1f],start_interpolation: 0,interpolation_duration: 1}
$data merge entity $(left_thumb) {transformation: [-0.8003f,0.4269f,-0.4209f,1.1856f,-0.5404f,-0.8178f,0.1981f,6.8859f,-0.2597f,0.386f,0.8852f,1.4653f,0f,0f,0f,1f],start_interpolation: 0,interpolation_duration: 1}
$data merge entity $(left_fingers2) {transformation: [0.9534f,0.2447f,-0.1762f,0.6454f,-0.2783f,0.939f,-0.2019f,7.4031f,0.1161f,0.2416f,0.9634f,1.5585f,0f,0f,0f,1f],start_interpolation: 0,interpolation_duration: 1}
$data merge entity $(left_fingers) {transformation: [-0.0326f,0.9838f,-0.1762f,0.9254f,-0.977f,-0.0685f,-0.2019f,7.4096f,-0.2107f,0.1656f,0.9634f,1.6187f,0f,0f,0f,1f],start_interpolation: 0,interpolation_duration: 1}
$data merge entity $(left_hand) {transformation: [-0.8003f,0.5731f,-0.1762f,1.2656f,-0.5404f,-0.8168f,-0.2019f,6.8963f,-0.2597f,-0.0664f,0.9634f,1.6192f,0f,0f,0f,1f],start_interpolation: 0,interpolation_duration: 1}
$data merge entity $(left_forearm) {transformation: [-1.2851f,0.3173f,-0.3806f,1.6761f,-0.1014f,-1.204f,-0.6613f,5.0549f,-0.485f,-0.589f,1.1467f,0.7537f,0f,0f,0f,1f],start_interpolation: 0,interpolation_duration: 1}
$data merge entity $(left_shoulder) {transformation: [-1.3686f,-0.4423f,0.2847f,0.8518f,-0.468f,0.6613f,-1.2221f,5.8061f,0.2403f,-1.2316f,-0.7584f,-0.675f,0f,0f,0f,1f],start_interpolation: 0,interpolation_duration: 1}
$data merge entity $(left_arm) {transformation: [-0.9781f,0.1137f,-0.1744f,0.3317f,0.0274f,0.9007f,0.4335f,6.0862f,0.2063f,0.4192f,-0.8841f,-0.4447f,0f,0f,0f,1f],start_interpolation: 0,interpolation_duration: 1}
$data merge entity $(chest) {transformation: [-1.2505f,0.1453f,-0.223f,-0.3125f,0.035f,1.1516f,0.5542f,4.4866f,0.2638f,0.536f,-1.1304f,-1.1411f,0f,0f,0f,1f],start_interpolation: 0,interpolation_duration: 1}
$data merge entity $(left_cheek) {transformation: [-0.7924f,-0.528f,-0.3056f,-0.6197f,-0.4106f,0.832f,-0.373f,3.3588f,0.4512f,-0.1701f,-0.8761f,-1.8866f,0f,0f,0f,1f],start_interpolation: 0,interpolation_duration: 1}
$data merge entity $(left_foot) {transformation: [-0.6706f,0.0097f,-0.7716f,1.1776f,-0.0474f,1.0198f,0.054f,-3.3087f,0.7702f,0.0712f,-0.6685f,-3.3535f,0f,0f,0f,1f],start_interpolation: 0,interpolation_duration: 1}
$data merge entity $(left_knee) {transformation: [-2.1542f,0.2952f,-2.127f,1.561f,-1.0151f,2.5149f,1.3772f,0.2575f,1.8923f,1.6852f,-1.6826f,-1.1443f,0f,0f,0f,1f],start_interpolation: 0,interpolation_duration: 1}
$data merge entity $(left_leg) {transformation: [-1.2167f,-0.8835f,-0.8309f,0.1193f,-0.5734f,1.4561f,-0.7088f,2.5872f,1.0688f,-0.2247f,-1.3261f,-1.4209f,0f,0f,0f,1f],start_interpolation: 0,interpolation_duration: 1}
$data merge entity $(right_cheek) {transformation: [-0.7413f,0.0578f,-0.6686f,-1.0836f,0.397f,0.8411f,-0.3675f,3.4629f,0.5411f,-0.5378f,-0.6464f,-1.5841f,0f,0f,0f,1f],start_interpolation: 0,interpolation_duration: 1}
$data merge entity $(right_foot) {transformation: [-1.0192f,0.0493f,0.0639f,-2.5199f,0.0508f,1.0208f,0.023f,-3.4213f,-0.0627f,0.0261f,-1.0201f,0.4156f,0f,0f,0f,1f],start_interpolation: 0,interpolation_duration: 1}
$data merge entity $(right_knee) {transformation: [-2.9537f,0.7226f,0.0736f,-1.6017f,0.7232f,2.8971f,0.5798f,0.6328f,0.0677f,0.5805f,-2.9851f,1.0988f,0f,0f,0f,1f],start_interpolation: 0,interpolation_duration: 1}
$data merge entity $(right_leg) {transformation: [-1.6683f,0.2808f,-0.2991f,-1.0737f,0.4084f,1.2536f,-1.1014f,2.6564f,0.0382f,-1.1406f,-1.2841f,-0.6925f,0f,0f,0f,1f],start_interpolation: 0,interpolation_duration: 1}
$data merge entity $(weist) {transformation: [-1.3829f,0.0792f,-0.8445f,-0.4578f,0.0802f,1.6202f,0.0206f,4.2719f,0.8444f,-0.0242f,-1.385f,-1.1817f,0f,0f,0f,1f],start_interpolation: 0,interpolation_duration: 1}
data modify storage animated_java:temp entry.data merge value {"locators":{"consume":{"px":-0.2625540792,"py":6.5129958695,"pz":2.3493731539,"ry":174.9307487215,"rx":-26.0944211709}}}
# Data Manager: Prepare for Read / Write
execute store result storage animated_java:temp args.id int 1 run scoreboard players get @s aj.id
# Data Manager: Write
function animated_java:global/data_manager/write with storage animated_java:temp args