# This file was generated by Animated Java via MC-Build. It is not recommended to edit this file directly.
$data merge entity $(neck) {transformation: [-0.9811f,0.0995f,-0.1661f,-0.1312f,0.0158f,0.8961f,0.4435f,6.1406f,0.1929f,0.4325f,-0.8808f,-0.3652f,0f,0f,0f,1f],start_interpolation: 0,interpolation_duration: 1}
$data merge entity $(right_thumb_2) {transformation: [-0.631f,-0.7758f,-0.0013f,-0.6393f,0.6793f,-0.5517f,-0.4839f,6.4408f,0.3747f,-0.3063f,0.8751f,2.0337f,0f,0f,0f,1f],start_interpolation: 0,interpolation_duration: 1}
$data merge entity $(right_thumb) {transformation: [-0.631f,-0.655f,0.4157f,-0.9495f,0.6793f,-0.7253f,-0.1117f,6.3097f,0.3747f,0.2119f,0.9026f,2.1447f,0f,0f,0f,1f],start_interpolation: 0,interpolation_duration: 1}
$data merge entity $(right_fingers2) {transformation: [0.9977f,0.0134f,0.0663f,-0.2924f,0.0167f,0.9008f,-0.434f,6.6242f,-0.0655f,0.4341f,0.8985f,2.3378f,0f,0f,0f,1f],start_interpolation: 0,interpolation_duration: 1}
$data merge entity $(right_fingers) {transformation: [0.2291f,-0.9712f,0.0663f,-0.5622f,0.883f,0.1787f,-0.434f,6.6969f,0.4096f,0.1579f,0.8985f,2.401f,0f,0f,0f,1f],start_interpolation: 0,interpolation_duration: 1}
$data merge entity $(scout) {transformation: [0f,0f,0f,-0.4779f,0f,0f,0f,6.5036f,0f,0f,0f,2.4201f,0f,0f,0f,1f],start_interpolation: 0,interpolation_duration: 1}
$data merge entity $(right_hand) {transformation: [-0.631f,-0.7729f,0.0663f,-1.0308f,0.6793f,-0.5918f,-0.434f,6.3108f,0.3747f,-0.2288f,0.8985f,2.2983f,0f,0f,0f,1f],start_interpolation: 0,interpolation_duration: 1}
$data merge entity $(right_forearm) {transformation: [-1.2336f,-0.5973f,0.1365f,-1.874f,0.3435f,-0.9284f,-0.9577f,4.8636f,0.5073f,-0.8237f,0.9804f,1.0723f,0f,0f,0f,1f],start_interpolation: 0,interpolation_duration: 1}
$data merge entity $(right_shoulder) {transformation: [-1.3407f,0.3665f,-0.4669f,-1.1419f,0.593f,0.8767f,-1.0146f,5.8456f,0.0255f,-1.1166f,-0.9499f,-0.2636f,0f,0f,0f,1f],start_interpolation: 0,interpolation_duration: 1}
$data merge entity $(right_arm) {transformation: [-0.9811f,0.0995f,-0.1661f,-0.5612f,0.0158f,0.8961f,0.4435f,6.1f,0.1929f,0.4325f,-0.8808f,-0.2546f,0f,0f,0f,1f],start_interpolation: 0,interpolation_duration: 1}
$data merge entity $(left_thumb_2) {transformation: [-0.7761f,0.6168f,-0.1317f,0.8622f,-0.569f,-0.7748f,-0.2755f,7.149f,-0.272f,-0.1389f,0.9522f,1.3721f,0f,0f,0f,1f],start_interpolation: 0,interpolation_duration: 1}
$data merge entity $(left_thumb) {transformation: [-0.7761f,0.4494f,-0.4424f,1.1281f,-0.569f,-0.8015f,0.1839f,6.9729f,-0.272f,0.3945f,0.8777f,1.527f,0f,0f,0f,1f],start_interpolation: 0,interpolation_duration: 1}
$data merge entity $(left_fingers2) {transformation: [0.9607f,0.2069f,-0.1849f,0.5683f,-0.2439f,0.9475f,-0.207f,7.4705f,0.1324f,0.244f,0.9607f,1.6103f,0f,0f,0f,1f],start_interpolation: 0,interpolation_duration: 1}
$data merge entity $(left_fingers) {transformation: [0.0059f,0.9827f,-0.1849f,0.8468f,-0.9778f,-0.0331f,-0.207f,7.4871f,-0.2095f,0.182f,0.9607f,1.6751f,0f,0f,0f,1f],start_interpolation: 0,interpolation_duration: 1}
$data merge entity $(left_hand) {transformation: [-0.7761f,0.6029f,-0.1849f,1.2051f,-0.569f,-0.7959f,-0.207f,6.9863f,-0.272f,-0.0554f,0.9607f,1.6822f,0f,0f,0f,1f],start_interpolation: 0,interpolation_duration: 1}
$data merge entity $(left_forearm) {transformation: [-1.2771f,0.336f,-0.3914f,1.6437f,-0.1131f,-1.2021f,-0.6628f,5.1472f,-0.5033f,-0.5824f,1.1422f,0.8258f,0f,0f,0f,1f],start_interpolation: 0,interpolation_duration: 1}
$data merge entity $(left_shoulder) {transformation: [-1.3677f,-0.4307f,0.3063f,0.833f,-0.4677f,0.5908f,-1.2578f,5.8137f,0.246f,-1.2709f,-0.6885f,-0.652f,0f,0f,0f,1f],start_interpolation: 0,interpolation_duration: 1}
$data merge entity $(left_arm) {transformation: [-0.9811f,0.0995f,-0.1661f,0.3072f,0.0158f,0.8961f,0.4435f,6.086f,0.1929f,0.4325f,-0.8808f,-0.4254f,0f,0f,0f,1f],start_interpolation: 0,interpolation_duration: 1}
$data merge entity $(chest) {transformation: [-1.2544f,0.1272f,-0.2123f,-0.3125f,0.0203f,1.1457f,0.567f,4.4899f,0.2467f,0.5529f,-1.1261f,-1.1515f,0f,0f,0f,1f],start_interpolation: 0,interpolation_duration: 1}
$data merge entity $(left_cheek) {transformation: [-0.7791f,-0.5502f,-0.3004f,-0.6417f,-0.4224f,0.8149f,-0.397f,3.3297f,0.4632f,-0.1824f,-0.8673f,-1.8736f,0f,0f,0f,1f],start_interpolation: 0,interpolation_duration: 1}
$data merge entity $(left_foot) {transformation: [-0.6556f,0.011f,-0.7844f,1.1964f,-0.0554f,1.0191f,0.0606f,-3.2436f,0.7825f,0.0814f,-0.6529f,-3.3245f,0f,0f,0f,1f],start_interpolation: 0,interpolation_duration: 1}
$data merge entity $(left_knee) {transformation: [-2.1173f,0.3276f,-2.1592f,1.6223f,-1.0349f,2.4977f,1.3938f,0.3f,1.9231f,1.7048f,-1.6271f,-1.0868f,0f,0f,0f,1f],start_interpolation: 0,interpolation_duration: 1}
$data merge entity $(left_leg) {transformation: [-1.1958f,-0.9221f,-0.8193f,0.1193f,-0.5845f,1.4284f,-0.7545f,2.5862f,1.0861f,-0.2464f,-1.308f,-1.3981f,0f,0f,0f,1f],start_interpolation: 0,interpolation_duration: 1}
$data merge entity $(right_cheek) {transformation: [-0.7407f,0.057f,-0.6694f,-1.0849f,0.4106f,0.827f,-0.3839f,3.4532f,0.5317f,-0.5592f,-0.636f,-1.5833f,0f,0f,0f,1f],start_interpolation: 0,interpolation_duration: 1}
$data merge entity $(right_foot) {transformation: [-1.0186f,0.0504f,0.0713f,-2.5144f,0.0521f,1.0208f,0.0236f,-3.3531f,-0.07f,0.0272f,-1.0196f,0.4359f,0f,0f,0f,1f],start_interpolation: 0,interpolation_duration: 1}
$data merge entity $(right_knee) {transformation: [-2.9538f,0.7197f,0.0971f,-1.5992f,0.7243f,2.8899f,0.6132f,0.6925f,0.0528f,0.6186f,-2.9777f,1.1717f,0f,0f,0f,1f],start_interpolation: 0,interpolation_duration: 1}
$data merge entity $(right_leg) {transformation: [-1.6683f,0.2792f,-0.3005f,-1.0737f,0.4091f,1.2241f,-1.1339f,2.6697f,0.0298f,-1.1727f,-1.2551f,-0.6714f,0f,0f,0f,1f],start_interpolation: 0,interpolation_duration: 1}
$data merge entity $(weist) {transformation: [-1.3831f,0.0792f,-0.8442f,-0.4578f,0.0968f,1.6194f,-0.0067f,4.2752f,0.8424f,-0.0561f,-1.3854f,-1.1922f,0f,0f,0f,1f],start_interpolation: 0,interpolation_duration: 1}
data modify storage animated_java:temp entry.data merge value {"locators":{"consume":{"px":-0.3271065463,"py":6.5800254065,"pz":2.4029849257,"ry":175.781563555,"rx":-25.7207897185}}}
# Data Manager: Prepare for Read / Write
execute store result storage animated_java:temp args.id int 1 run scoreboard players get @s aj.id
# Data Manager: Write
function animated_java:global/data_manager/write with storage animated_java:temp args
execute unless entity @s[tag=aj.transforms_only] at @s run function animated_java:female/animations/berserk_idle/zzz/frames/10_root_function