# This file was generated by Animated Java via MC-Build. It is not recommended to edit this file directly.
$data merge entity $(neck) {transformation: [-0.9813f,0.0985f,-0.1656f,-0.1331f,0.0148f,0.8955f,0.4448f,6.1401f,0.1921f,0.434f,-0.8802f,-0.3642f,0f,0f,0f,1f],start_interpolation: 0,interpolation_duration: 1}
$data merge entity $(right_thumb_2) {transformation: [-0.6303f,-0.7763f,-0.0028f,-0.6434f,0.6815f,-0.5516f,-0.481f,6.4478f,0.3719f,-0.3051f,0.8767f,2.0327f,0f,0f,0f,1f],start_interpolation: 0,interpolation_duration: 1}
$data merge entity $(right_thumb) {transformation: [-0.6303f,-0.6562f,0.4148f,-0.9539f,0.6815f,-0.7237f,-0.1093f,6.3176f,0.3719f,0.2138f,0.9033f,2.1439f,0f,0f,0f,1f],start_interpolation: 0,interpolation_duration: 1}
$data merge entity $(right_fingers2) {transformation: [0.9978f,0.0144f,0.0649f,-0.2965f,0.015f,0.9022f,-0.4311f,6.6318f,-0.0648f,0.4311f,0.9f,2.3365f,0f,0f,0f,1f],start_interpolation: 0,interpolation_duration: 1}
$data merge entity $(right_fingers) {transformation: [0.23f,-0.971f,0.0649f,-0.5662f,0.8841f,0.1806f,-0.4311f,6.705f,0.4069f,0.1565f,0.9f,2.3992f,0f,0f,0f,1f],start_interpolation: 0,interpolation_duration: 1}
$data merge entity $(scout) {transformation: [0f,0f,0f,-0.4823f,0f,0f,0f,6.5117f,0f,0f,0f,2.419f,0f,0f,0f,1f],start_interpolation: 0,interpolation_duration: 1}
$data merge entity $(right_hand) {transformation: [-0.6303f,-0.7736f,0.0649f,-1.0353f,0.6815f,-0.5914f,-0.4311f,6.3193f,0.3719f,-0.2275f,0.9f,2.2974f,0f,0f,0f,1f],start_interpolation: 0,interpolation_duration: 1}
$data merge entity $(right_forearm) {transformation: [-1.2343f,-0.5959f,0.1361f,-1.8765f,0.3445f,-0.9315f,-0.9543f,4.8674f,0.5049f,-0.8212f,0.9838f,1.0755f,0f,0f,0f,1f],start_interpolation: 0,interpolation_duration: 1}
$data merge entity $(right_shoulder) {transformation: [-1.3411f,0.3671f,-0.4654f,-1.1437f,0.5923f,0.8721f,-1.019f,5.8442f,0.0217f,-1.12f,-0.946f,-0.264f,0f,0f,0f,1f],start_interpolation: 0,interpolation_duration: 1}
$data merge entity $(right_arm) {transformation: [-0.9813f,0.0985f,-0.1656f,-0.5631f,0.0148f,0.8955f,0.4448f,6.099f,0.1921f,0.434f,-0.8802f,-0.254f,0f,0f,0f,1f],start_interpolation: 0,interpolation_duration: 1}
$data merge entity $(left_thumb_2) {transformation: [-0.7727f,0.621f,-0.1314f,0.8575f,-0.5737f,-0.7719f,-0.2741f,7.1539f,-0.2716f,-0.1364f,0.9527f,1.371f,0f,0f,0f,1f],start_interpolation: 0,interpolation_duration: 1}
$data merge entity $(left_thumb) {transformation: [-0.7727f,0.4531f,-0.4445f,1.1241f,-0.5737f,-0.7982f,0.1836f,6.9796f,-0.2716f,0.3969f,0.8768f,1.5266f,0f,0f,0f,1f],start_interpolation: 0,interpolation_duration: 1}
$data merge entity $(left_fingers2) {transformation: [0.9618f,0.2017f,-0.1851f,0.5616f,-0.2386f,0.9491f,-0.2058f,7.4744f,0.1341f,0.242f,0.9609f,1.6081f,0f,0f,0f,1f],start_interpolation: 0,interpolation_duration: 1}
$data merge entity $(left_fingers) {transformation: [0.0113f,0.9827f,-0.1851f,0.8399f,-0.9782f,-0.0275f,-0.2058f,7.4927f,-0.2073f,0.1834f,0.9609f,1.6732f,0f,0f,0f,1f],start_interpolation: 0,interpolation_duration: 1}
$data merge entity $(left_hand) {transformation: [-0.7727f,0.6072f,-0.1851f,1.2008f,-0.5737f,-0.7928f,-0.2058f,6.9937f,-0.2716f,-0.0528f,0.9609f,1.6819f,0f,0f,0f,1f],start_interpolation: 0,interpolation_duration: 1}
$data merge entity $(left_forearm) {transformation: [-1.2766f,0.3373f,-0.392f,1.6414f,-0.1151f,-1.2032f,-0.6605f,5.153f,-0.5042f,-0.5794f,1.1433f,0.83f,0f,0f,0f,1f],start_interpolation: 0,interpolation_duration: 1}
$data merge entity $(left_shoulder) {transformation: [-1.3675f,-0.43f,0.3078f,0.8316f,-0.468f,0.5865f,-1.2597f,5.8143f,0.2463f,-1.2732f,-0.6843f,-0.6506f,0f,0f,0f,1f],start_interpolation: 0,interpolation_duration: 1}
$data merge entity $(left_arm) {transformation: [-0.9813f,0.0985f,-0.1656f,0.3054f,0.0148f,0.8955f,0.4448f,6.0858f,0.1921f,0.434f,-0.8802f,-0.424f,0f,0f,0f,1f],start_interpolation: 0,interpolation_duration: 1}
$data merge entity $(chest) {transformation: [-1.2546f,0.1259f,-0.2117f,-0.3125f,0.019f,1.145f,0.5687f,4.4905f,0.2456f,0.5549f,-1.1254f,-1.1533f,0f,0f,0f,1f],start_interpolation: 0,interpolation_duration: 1}
$data merge entity $(left_cheek) {transformation: [-0.7768f,-0.5539f,-0.2996f,-0.6454f,-0.4243f,0.8119f,-0.401f,3.3248f,0.4653f,-0.1844f,-0.8657f,-1.8714f,0f,0f,0f,1f],start_interpolation: 0,interpolation_duration: 1}
$data merge entity $(left_foot) {transformation: [-0.653f,0.0113f,-0.7866f,1.1992f,-0.0567f,1.0189f,0.0617f,-3.2324f,0.7846f,0.0831f,-0.6502f,-3.3194f,0f,0f,0f,1f],start_interpolation: 0,interpolation_duration: 1}
$data merge entity $(left_knee) {transformation: [-2.1109f,0.3333f,-2.1645f,1.6325f,-1.0381f,2.4948f,1.3965f,0.3074f,1.9284f,1.7079f,-1.6176f,-1.0772f,0f,0f,0f,1f],start_interpolation: 0,interpolation_duration: 1}
$data merge entity $(left_leg) {transformation: [-1.1922f,-0.9285f,-0.8172f,0.1193f,-0.5863f,1.4237f,-0.7621f,2.5861f,1.0891f,-0.25f,-1.3049f,-1.3942f,0f,0f,0f,1f],start_interpolation: 0,interpolation_duration: 1}
$data merge entity $(right_cheek) {transformation: [-0.7406f,0.0568f,-0.6695f,-1.0851f,0.4129f,0.8246f,-0.3867f,3.4515f,0.5301f,-0.5628f,-0.6342f,-1.5831f,0f,0f,0f,1f],start_interpolation: 0,interpolation_duration: 1}
$data merge entity $(right_foot) {transformation: [-1.0185f,0.0506f,0.0725f,-2.5134f,0.0524f,1.0208f,0.0237f,-3.3414f,-0.0712f,0.0274f,-1.0195f,0.4392f,0f,0f,0f,1f],start_interpolation: 0,interpolation_duration: 1}
$data merge entity $(right_knee) {transformation: [-2.9538f,0.7191f,0.101f,-1.5987f,0.7244f,2.8887f,0.6188f,0.7027f,0.0504f,0.625f,-2.9764f,1.1839f,0f,0f,0f,1f],start_interpolation: 0,interpolation_duration: 1}
$data merge entity $(right_leg) {transformation: [-1.6683f,0.2789f,-0.3008f,-1.0737f,0.4092f,1.219f,-1.1393f,2.672f,0.0285f,-1.178f,-1.2502f,-0.6678f,0f,0f,0f,1f],start_interpolation: 0,interpolation_duration: 1}
$data merge entity $(weist) {transformation: [-1.3831f,0.0792f,-0.8442f,-0.4578f,0.0996f,1.6192f,-0.0113f,4.2758f,0.8421f,-0.0614f,-1.3853f,-1.1939f,0f,0f,0f,1f],start_interpolation: 0,interpolation_duration: 1}
data modify storage animated_java:temp entry.data merge value {"locators":{"consume":{"px":-0.3313321018,"py":6.58784231,"pz":2.401784339,"ry":175.8741823826,"rx":-25.5360720944}}}
# Data Manager: Prepare for Read / Write
execute store result storage animated_java:temp args.id int 1 run scoreboard players get @s aj.id
# Data Manager: Write
function animated_java:global/data_manager/write with storage animated_java:temp args