# This file was generated by Animated Java via MC-Build. It is not recommended to edit this file directly.
$data merge entity $(neck) {transformation: [-0.9814f,0.0978f,-0.1652f,-0.1343f,0.0141f,0.8949f,0.4459f,6.1396f,0.1915f,0.4353f,-0.8797f,-0.3635f,0f,0f,0f,1f],start_interpolation: 0,interpolation_duration: 1}
$data merge entity $(right_thumb_2) {transformation: [-0.6293f,-0.7771f,-0.004f,-0.6462f,0.684f,-0.5514f,-0.4776f,6.454f,0.3689f,-0.3033f,0.8786f,2.0295f,0f,0f,0f,1f],start_interpolation: 0,interpolation_duration: 1}
$data merge entity $(right_thumb) {transformation: [-0.6293f,-0.6576f,0.4141f,-0.9569f,0.684f,-0.7217f,-0.1065f,6.3247f,0.3689f,0.2162f,0.904f,2.141f,0f,0f,0f,1f],start_interpolation: 0,interpolation_duration: 1}
$data merge entity $(right_fingers2) {transformation: [0.9978f,0.0157f,0.0637f,-0.299f,0.0131f,0.9038f,-0.4277f,6.6385f,-0.0643f,0.4276f,0.9017f,2.3327f,0f,0f,0f,1f],start_interpolation: 0,interpolation_duration: 1}
$data merge entity $(right_fingers) {transformation: [0.2313f,-0.9708f,0.0637f,-0.5687f,0.8852f,0.1829f,-0.4277f,6.7124f,0.4036f,0.1553f,0.9017f,2.395f,0f,0f,0f,1f],start_interpolation: 0,interpolation_duration: 1}
$data merge entity $(scout) {transformation: [0f,0f,0f,-0.4851f,0f,0f,0f,6.5191f,0f,0f,0f,2.4156f,0f,0f,0f,1f],start_interpolation: 0,interpolation_duration: 1}
$data merge entity $(right_hand) {transformation: [-0.6293f,-0.7745f,0.0637f,-1.0384f,0.684f,-0.591f,-0.4277f,6.3271f,0.3689f,-0.2256f,0.9017f,2.2944f,0f,0f,0f,1f],start_interpolation: 0,interpolation_duration: 1}
$data merge entity $(right_forearm) {transformation: [-1.2348f,-0.595f,0.1357f,-1.8782f,0.346f,-0.9349f,-0.9505f,4.8702f,0.5027f,-0.818f,0.9876f,1.0776f,0f,0f,0f,1f],start_interpolation: 0,interpolation_duration: 1}
$data merge entity $(right_shoulder) {transformation: [-1.3413f,0.3675f,-0.4644f,-1.1448f,0.5919f,0.8689f,-1.022f,5.8431f,0.019f,-1.1224f,-0.9432f,-0.2644f,0f,0f,0f,1f],start_interpolation: 0,interpolation_duration: 1}
$data merge entity $(right_arm) {transformation: [-0.9814f,0.0978f,-0.1652f,-0.5644f,0.0141f,0.8949f,0.4459f,6.0982f,0.1915f,0.4353f,-0.8797f,-0.2537f,0f,0f,0f,1f],start_interpolation: 0,interpolation_duration: 1}
$data merge entity $(left_thumb_2) {transformation: [-0.7695f,0.625f,-0.131f,0.8542f,-0.5783f,-0.7691f,-0.2721f,7.1568f,-0.2708f,-0.1337f,0.9533f,1.3676f,0f,0f,0f,1f],start_interpolation: 0,interpolation_duration: 1}
$data merge entity $(left_thumb) {transformation: [-0.7695f,0.4568f,-0.4463f,1.1215f,-0.5783f,-0.7948f,0.1837f,6.9842f,-0.2708f,0.3995f,0.8758f,1.5239f,0f,0f,0f,1f],start_interpolation: 0,interpolation_duration: 1}
$data merge entity $(left_fingers2) {transformation: [0.9629f,0.1966f,-0.1849f,0.5564f,-0.2333f,0.9507f,-0.2041f,7.4765f,0.1357f,0.2396f,0.9613f,1.6035f,0f,0f,0f,1f],start_interpolation: 0,interpolation_duration: 1}
$data merge entity $(left_fingers) {transformation: [0.0165f,0.9826f,-0.1849f,0.8346f,-0.9787f,-0.022f,-0.2041f,7.4963f,-0.2046f,0.1843f,0.9613f,1.6688f,0f,0f,0f,1f],start_interpolation: 0,interpolation_duration: 1}
$data merge entity $(left_hand) {transformation: [-0.7695f,0.6112f,-0.1849f,1.198f,-0.5783f,-0.7899f,-0.2041f,6.9993f,-0.2708f,-0.0501f,0.9613f,1.6792f,0f,0f,0f,1f],start_interpolation: 0,interpolation_duration: 1}
$data merge entity $(left_forearm) {transformation: [-1.2762f,0.3382f,-0.3925f,1.6399f,-0.1169f,-1.2046f,-0.6576f,5.1564f,-0.5047f,-0.576f,1.1448f,0.8324f,0f,0f,0f,1f],start_interpolation: 0,interpolation_duration: 1}
$data merge entity $(left_shoulder) {transformation: [-1.3675f,-0.4295f,0.3088f,0.8307f,-0.4682f,0.584f,-1.2608f,5.8147f,0.2463f,-1.2745f,-0.6818f,-0.6498f,0f,0f,0f,1f],start_interpolation: 0,interpolation_duration: 1}
$data merge entity $(left_arm) {transformation: [-0.9814f,0.0978f,-0.1652f,0.3042f,0.0141f,0.8949f,0.4459f,6.0857f,0.1915f,0.4353f,-0.8797f,-0.4232f,0f,0f,0f,1f],start_interpolation: 0,interpolation_duration: 1}
$data merge entity $(chest) {transformation: [-1.2548f,0.1251f,-0.2112f,-0.3125f,0.0181f,1.1442f,0.5702f,4.4911f,0.2448f,0.5566f,-1.1247f,-1.1551f,0f,0f,0f,1f],start_interpolation: 0,interpolation_duration: 1}
$data merge entity $(left_cheek) {transformation: [-0.7745f,-0.5577f,-0.2986f,-0.6492f,-0.4262f,0.8088f,-0.4051f,3.3198f,0.4675f,-0.1864f,-0.8641f,-1.869f,0f,0f,0f,1f],start_interpolation: 0,interpolation_duration: 1}
$data merge entity $(left_foot) {transformation: [-0.6504f,0.0116f,-0.7888f,1.2018f,-0.058f,1.0188f,0.0629f,-3.221f,0.7867f,0.0847f,-0.6474f,-3.3142f,0f,0f,0f,1f],start_interpolation: 0,interpolation_duration: 1}
$data merge entity $(left_knee) {transformation: [-2.1044f,0.3392f,-2.17f,1.6429f,-1.0413f,2.492f,1.3993f,0.315f,1.9338f,1.7109f,-1.6079f,-1.0676f,0f,0f,0f,1f],start_interpolation: 0,interpolation_duration: 1}
$data merge entity $(left_leg) {transformation: [-1.1885f,-0.935f,-0.8152f,0.1193f,-0.5881f,1.4187f,-0.7699f,2.586f,1.0922f,-0.2536f,-1.3016f,-1.3903f,0f,0f,0f,1f],start_interpolation: 0,interpolation_duration: 1}
$data merge entity $(right_cheek) {transformation: [-0.7405f,0.0567f,-0.6697f,-1.0854f,0.4152f,0.8222f,-0.3895f,3.4499f,0.5285f,-0.5664f,-0.6323f,-1.5829f,0f,0f,0f,1f],start_interpolation: 0,interpolation_duration: 1}
$data merge entity $(right_foot) {transformation: [-1.0184f,0.0508f,0.0738f,-2.5123f,0.0526f,1.0207f,0.0238f,-3.3293f,-0.0725f,0.0275f,-1.0194f,0.4426f,0f,0f,0f,1f],start_interpolation: 0,interpolation_duration: 1}
$data merge entity $(right_knee) {transformation: [-2.9538f,0.7186f,0.1049f,-1.5982f,0.7246f,2.8874f,0.6245f,0.7132f,0.0479f,0.6315f,-2.9751f,1.1963f,0f,0f,0f,1f],start_interpolation: 0,interpolation_duration: 1}
$data merge entity $(right_leg) {transformation: [-1.6683f,0.2786f,-0.301f,-1.0738f,0.4093f,1.2138f,-1.1448f,2.6744f,0.0271f,-1.1834f,-1.2451f,-0.6642f,0f,0f,0f,1f],start_interpolation: 0,interpolation_duration: 1}
$data merge entity $(weist) {transformation: [-1.3831f,0.0792f,-0.8442f,-0.4578f,0.1024f,1.619f,-0.0159f,4.2764f,0.8417f,-0.0669f,-1.3853f,-1.1957f,0f,0f,0f,1f],start_interpolation: 0,interpolation_duration: 1}
data modify storage animated_java:temp entry.data merge value {"locators":{"consume":{"px":-0.3340001145,"py":6.5948383685,"pz":2.3981502333,"ry":175.9591018926,"rx":-25.3223258392}}}
# Data Manager: Prepare for Read / Write
execute store result storage animated_java:temp args.id int 1 run scoreboard players get @s aj.id
# Data Manager: Write
function animated_java:global/data_manager/write with storage animated_java:temp args