# This file was generated by Animated Java via MC-Build. It is not recommended to edit this file directly.
$data merge entity $(neck) {transformation: [-0.9814f,0.0976f,-0.165f,-0.1348f,0.0138f,0.8945f,0.4469f,6.1393f,0.1912f,0.4364f,-0.8792f,-0.3634f,0f,0f,0f,1f],start_interpolation: 0,interpolation_duration: 1}
$data merge entity $(right_thumb_2) {transformation: [-0.628f,-0.7782f,-0.0052f,-0.6472f,0.687f,-0.5513f,-0.4735f,6.4597f,0.3656f,-0.3009f,0.8808f,2.0236f,0f,0f,0f,1f],start_interpolation: 0,interpolation_duration: 1}
$data merge entity $(right_thumb) {transformation: [-0.628f,-0.6591f,0.4137f,-0.9582f,0.687f,-0.7193f,-0.1031f,6.3316f,0.3656f,0.2195f,0.9045f,2.1357f,0f,0f,0f,1f],start_interpolation: 0,interpolation_duration: 1}
$data merge entity $(right_fingers2) {transformation: [0.9979f,0.0175f,0.0626f,-0.2998f,0.0107f,0.9058f,-0.4236f,6.6449f,-0.0641f,0.4234f,0.9037f,2.3261f,0f,0f,0f,1f],start_interpolation: 0,interpolation_duration: 1}
$data merge entity $(right_fingers) {transformation: [0.2331f,-0.9704f,0.0626f,-0.5693f,0.8866f,0.1856f,-0.4236f,6.7197f,0.3995f,0.1543f,0.9037f,2.3879f,0f,0f,0f,1f],start_interpolation: 0,interpolation_duration: 1}
$data merge entity $(scout) {transformation: [0f,0f,0f,-0.4861f,0f,0f,0f,6.5263f,0f,0f,0f,2.4095f,0f,0f,0f,1f],start_interpolation: 0,interpolation_duration: 1}
$data merge entity $(right_hand) {transformation: [-0.628f,-0.7757f,0.0626f,-1.0398f,0.687f,-0.5904f,-0.4236f,6.3349f,0.3656f,-0.223f,0.9037f,2.2891f,0f,0f,0f,1f],start_interpolation: 0,interpolation_duration: 1}
$data merge entity $(right_forearm) {transformation: [-1.235f,-0.5947f,0.1353f,-1.879f,0.3484f,-0.9387f,-0.9458f,4.8723f,0.5006f,-0.8138f,0.9921f,1.0788f,0f,0f,0f,1f],start_interpolation: 0,interpolation_duration: 1}
$data merge entity $(right_shoulder) {transformation: [-1.3413f,0.3679f,-0.4641f,-1.1452f,0.5919f,0.8667f,-1.0239f,5.8426f,0.0174f,-1.124f,-0.9413f,-0.2648f,0f,0f,0f,1f],start_interpolation: 0,interpolation_duration: 1}
$data merge entity $(right_arm) {transformation: [-0.9814f,0.0976f,-0.165f,-0.5649f,0.0138f,0.8945f,0.4469f,6.0977f,0.1912f,0.4364f,-0.8792f,-0.2537f,0f,0f,0f,1f],start_interpolation: 0,interpolation_duration: 1}
$data merge entity $(left_thumb_2) {transformation: [-0.7666f,0.6288f,-0.1302f,0.8526f,-0.5829f,-0.7665f,-0.2695f,7.158f,-0.2693f,-0.1307f,0.9542f,1.3612f,0f,0f,0f,1f],start_interpolation: 0,interpolation_duration: 1}
$data merge entity $(left_thumb) {transformation: [-0.7666f,0.4604f,-0.4477f,1.1206f,-0.5829f,-0.7913f,0.1845f,6.9873f,-0.2693f,0.4024f,0.875f,1.5183f,0f,0f,0f,1f],start_interpolation: 0,interpolation_duration: 1}
$data merge entity $(left_fingers2) {transformation: [0.9639f,0.1919f,-0.1845f,0.5531f,-0.2282f,0.9525f,-0.2017f,7.477f,0.137f,0.2365f,0.9619f,1.5959f,0f,0f,0f,1f],start_interpolation: 0,interpolation_duration: 1}
$data merge entity $(left_fingers) {transformation: [0.0213f,0.9826f,-0.1845f,0.8312f,-0.9793f,-0.0167f,-0.2017f,7.4984f,-0.2013f,0.185f,0.9619f,1.6613f,0f,0f,0f,1f],start_interpolation: 0,interpolation_duration: 1}
$data merge entity $(left_hand) {transformation: [-0.7666f,0.615f,-0.1845f,1.197f,-0.5829f,-0.7871f,-0.2017f,7.0032f,-0.2693f,-0.0471f,0.9619f,1.6736f,0f,0f,0f,1f],start_interpolation: 0,interpolation_duration: 1}
$data merge entity $(left_forearm) {transformation: [-1.2761f,0.3384f,-0.3927f,1.6392f,-0.1187f,-1.2065f,-0.6538f,5.1575f,-0.5046f,-0.5719f,1.1469f,0.8331f,0f,0f,0f,1f],start_interpolation: 0,interpolation_duration: 1}
$data merge entity $(left_shoulder) {transformation: [-1.3675f,-0.4292f,0.3092f,0.8304f,-0.4682f,0.5832f,-1.2611f,5.8148f,0.2461f,-1.2749f,-0.681f,-0.6498f,0f,0f,0f,1f],start_interpolation: 0,interpolation_duration: 1}
$data merge entity $(left_arm) {transformation: [-0.9814f,0.0976f,-0.165f,0.3038f,0.0138f,0.8945f,0.4469f,6.0855f,0.1912f,0.4364f,-0.8792f,-0.423f,0f,0f,0f,1f],start_interpolation: 0,interpolation_duration: 1}
$data merge entity $(chest) {transformation: [-1.2548f,0.1248f,-0.211f,-0.3125f,0.0176f,1.1436f,0.5714f,4.4916f,0.2445f,0.5579f,-1.1241f,-1.1569f,0f,0f,0f,1f],start_interpolation: 0,interpolation_duration: 1}
$data merge entity $(left_cheek) {transformation: [-0.7721f,-0.5615f,-0.2977f,-0.6529f,-0.4282f,0.8057f,-0.4092f,3.3148f,0.4696f,-0.1884f,-0.8625f,-1.8666f,0f,0f,0f,1f],start_interpolation: 0,interpolation_duration: 1}
$data merge entity $(left_foot) {transformation: [-0.6476f,0.012f,-0.791f,1.2043f,-0.0593f,1.0186f,0.064f,-3.2095f,0.7889f,0.0864f,-0.6446f,-3.309f,0f,0f,0f,1f],start_interpolation: 0,interpolation_duration: 1}
$data merge entity $(left_knee) {transformation: [-2.0977f,0.3452f,-2.1754f,1.6533f,-1.0444f,2.4891f,1.4021f,0.3228f,1.9393f,1.7139f,-1.5981f,-1.058f,0f,0f,0f,1f],start_interpolation: 0,interpolation_duration: 1}
$data merge entity $(left_leg) {transformation: [-1.1848f,-0.9416f,-0.813f,0.1193f,-0.5899f,1.4137f,-0.7777f,2.586f,1.0953f,-0.2572f,-1.2983f,-1.3863f,0f,0f,0f,1f],start_interpolation: 0,interpolation_duration: 1}
$data merge entity $(right_cheek) {transformation: [-0.7404f,0.0565f,-0.6698f,-1.0856f,0.4175f,0.8197f,-0.3923f,3.4482f,0.5268f,-0.5701f,-0.6304f,-1.5827f,0f,0f,0f,1f],start_interpolation: 0,interpolation_duration: 1}
$data merge entity $(right_foot) {transformation: [-1.0183f,0.0509f,0.075f,-2.5111f,0.0528f,1.0207f,0.0239f,-3.3172f,-0.0737f,0.0277f,-1.0193f,0.446f,0f,0f,0f,1f],start_interpolation: 0,interpolation_duration: 1}
$data merge entity $(right_knee) {transformation: [-2.9538f,0.718f,0.1089f,-1.5977f,0.7248f,2.8861f,0.6303f,0.7238f,0.0455f,0.638f,-2.9737f,1.2087f,0f,0f,0f,1f],start_interpolation: 0,interpolation_duration: 1}
$data merge entity $(right_leg) {transformation: [-1.6683f,0.2782f,-0.3013f,-1.0738f,0.4093f,1.2086f,-1.1503f,2.6768f,0.0257f,-1.1888f,-1.24f,-0.6606f,0f,0f,0f,1f],start_interpolation: 0,interpolation_duration: 1}
$data merge entity $(weist) {transformation: [-1.3831f,0.0792f,-0.8442f,-0.4578f,0.1053f,1.6188f,-0.0206f,4.2769f,0.8414f,-0.0724f,-1.3852f,-1.1975f,0f,0f,0f,1f],start_interpolation: 0,interpolation_duration: 1}
data modify storage animated_java:temp entry.data merge value {"locators":{"consume":{"px":-0.3348401237,"py":6.6016902307,"pz":2.3917100682,"ry":176.0349972252,"rx":-25.0627467332}}}
# Data Manager: Prepare for Read / Write
execute store result storage animated_java:temp args.id int 1 run scoreboard players get @s aj.id
# Data Manager: Write
function animated_java:global/data_manager/write with storage animated_java:temp args