# This file was generated by Animated Java via MC-Build. It is not recommended to edit this file directly.
$data merge entity $(neck) {transformation: [-0.9814f,0.0979f,-0.165f,-0.1342f,0.0138f,0.8939f,0.448f,6.139f,0.1914f,0.4374f,-0.8787f,-0.3634f,0f,0f,0f,1f],start_interpolation: 0,interpolation_duration: 1}
$data merge entity $(right_thumb_2) {transformation: [-0.6263f,-0.7796f,-0.0062f,-0.6463f,0.6908f,-0.5512f,-0.468f,6.4665f,0.3614f,-0.2974f,0.8837f,2.015f,0f,0f,0f,1f],start_interpolation: 0,interpolation_duration: 1}
$data merge entity $(right_thumb) {transformation: [-0.6263f,-0.6608f,0.4136f,-0.9576f,0.6908f,-0.7163f,-0.0985f,6.3399f,0.3614f,0.224f,0.9051f,2.1279f,0f,0f,0f,1f],start_interpolation: 0,interpolation_duration: 1}
$data merge entity $(right_fingers2) {transformation: [0.9979f,0.0198f,0.0617f,-0.2984f,0.0079f,0.9084f,-0.4181f,6.6528f,-0.0643f,0.4177f,0.9063f,2.3163f,0f,0f,0f,1f],start_interpolation: 0,interpolation_duration: 1}
$data merge entity $(right_fingers) {transformation: [0.2353f,-0.97f,0.0617f,-0.5677f,0.8885f,0.1889f,-0.4181f,6.7286f,0.3939f,0.1532f,0.9063f,2.3777f,0f,0f,0f,1f],start_interpolation: 0,interpolation_duration: 1}
$data merge entity $(scout) {transformation: [0f,0f,0f,-0.485f,0f,0f,0f,6.5351f,0f,0f,0f,2.4005f,0f,0f,0f,1f],start_interpolation: 0,interpolation_duration: 1}
$data merge entity $(right_hand) {transformation: [-0.6263f,-0.7771f,0.0617f,-1.0392f,0.6908f,-0.5899f,-0.4181f,6.3444f,0.3614f,-0.2192f,0.9063f,2.2813f,0f,0f,0f,1f],start_interpolation: 0,interpolation_duration: 1}
$data merge entity $(right_forearm) {transformation: [-1.2349f,-0.595f,0.135f,-1.8789f,0.3519f,-0.9436f,-0.9396f,4.8745f,0.4983f,-0.8079f,0.998f,1.0801f,0f,0f,0f,1f],start_interpolation: 0,interpolation_duration: 1}
$data merge entity $(right_shoulder) {transformation: [-1.3411f,0.3681f,-0.4645f,-1.1448f,0.5925f,0.8648f,-1.0252f,5.8424f,0.0166f,-1.1254f,-0.9397f,-0.265f,0f,0f,0f,1f],start_interpolation: 0,interpolation_duration: 1}
$data merge entity $(right_arm) {transformation: [-0.9814f,0.0979f,-0.165f,-0.5644f,0.0138f,0.8939f,0.448f,6.0973f,0.1914f,0.4374f,-0.8787f,-0.2537f,0f,0f,0f,1f],start_interpolation: 0,interpolation_duration: 1}
$data merge entity $(left_thumb_2) {transformation: [-0.764f,0.6321f,-0.1292f,0.853f,-0.5875f,-0.7644f,-0.2657f,7.1583f,-0.2667f,-0.1271f,0.9554f,1.3516f,0f,0f,0f,1f],start_interpolation: 0,interpolation_duration: 1}
$data merge entity $(left_thumb) {transformation: [-0.764f,0.4637f,-0.4486f,1.1218f,-0.5875f,-0.7874f,0.1866f,6.9894f,-0.2667f,0.4061f,0.874f,1.5095f,0f,0f,0f,1f],start_interpolation: 0,interpolation_duration: 1}
$data merge entity $(left_fingers2) {transformation: [0.9649f,0.1877f,-0.1838f,0.5521f,-0.2234f,0.9544f,-0.1981f,7.4771f,0.1382f,0.2322f,0.9628f,1.5847f,0f,0f,0f,1f],start_interpolation: 0,interpolation_duration: 1}
$data merge entity $(left_fingers) {transformation: [0.0256f,0.9826f,-0.1838f,0.8301f,-0.9801f,-0.0116f,-0.1981f,7.4999f,-0.1968f,0.1852f,0.9628f,1.6501f,0f,0f,0f,1f],start_interpolation: 0,interpolation_duration: 1}
$data merge entity $(left_hand) {transformation: [-0.764f,0.6185f,-0.1838f,1.198f,-0.5875f,-0.7846f,-0.1981f,7.0063f,-0.2667f,-0.0434f,0.9628f,1.6647f,0f,0f,0f,1f],start_interpolation: 0,interpolation_duration: 1}
$data merge entity $(left_forearm) {transformation: [-1.2762f,0.3379f,-0.3927f,1.6396f,-0.1206f,-1.2091f,-0.6485f,5.1568f,-0.5039f,-0.5665f,1.1499f,0.8325f,0f,0f,0f,1f],start_interpolation: 0,interpolation_duration: 1}
$data merge entity $(left_shoulder) {transformation: [-1.3676f,-0.4291f,0.3088f,0.8308f,-0.4678f,0.5835f,-1.2611f,5.8145f,0.2462f,-1.2748f,-0.6812f,-0.6502f,0f,0f,0f,1f],start_interpolation: 0,interpolation_duration: 1}
$data merge entity $(left_arm) {transformation: [-0.9814f,0.0979f,-0.165f,0.3043f,0.0138f,0.8939f,0.448f,6.0851f,0.1914f,0.4374f,-0.8787f,-0.4231f,0f,0f,0f,1f],start_interpolation: 0,interpolation_duration: 1}
$data merge entity $(chest) {transformation: [-1.2548f,0.1251f,-0.211f,-0.3125f,0.0177f,1.1429f,0.5727f,4.4922f,0.2447f,0.5592f,-1.1234f,-1.1586f,0f,0f,0f,1f],start_interpolation: 0,interpolation_duration: 1}
$data merge entity $(left_cheek) {transformation: [-0.7697f,-0.5652f,-0.2968f,-0.6566f,-0.4301f,0.8027f,-0.4132f,3.3098f,0.4718f,-0.1904f,-0.8609f,-1.8642f,0f,0f,0f,1f],start_interpolation: 0,interpolation_duration: 1}
$data merge entity $(left_foot) {transformation: [-0.6449f,0.0123f,-0.7932f,1.2067f,-0.0605f,1.0185f,0.0651f,-3.1979f,0.791f,0.088f,-0.6417f,-3.3037f,0f,0f,0f,1f],start_interpolation: 0,interpolation_duration: 1}
$data merge entity $(left_knee) {transformation: [-2.0911f,0.3513f,-2.1809f,1.6636f,-1.0475f,2.4863f,1.4048f,0.3306f,1.9448f,1.7168f,-1.5882f,-1.0484f,0f,0f,0f,1f],start_interpolation: 0,interpolation_duration: 1}
$data merge entity $(left_leg) {transformation: [-1.181f,-0.9481f,-0.8109f,0.1193f,-0.5916f,1.4087f,-0.7854f,2.5859f,1.0984f,-0.2607f,-1.2949f,-1.3824f,0f,0f,0f,1f],start_interpolation: 0,interpolation_duration: 1}
$data merge entity $(right_cheek) {transformation: [-0.7402f,0.0564f,-0.67f,-1.0859f,0.4198f,0.8171f,-0.395f,3.4466f,0.5252f,-0.5737f,-0.6285f,-1.5824f,0f,0f,0f,1f],start_interpolation: 0,interpolation_duration: 1}
$data merge entity $(right_foot) {transformation: [-1.0182f,0.0511f,0.0762f,-2.5099f,0.053f,1.0207f,0.024f,-3.305f,-0.0749f,0.0279f,-1.0192f,0.4494f,0f,0f,0f,1f],start_interpolation: 0,interpolation_duration: 1}
$data merge entity $(right_knee) {transformation: [-2.9538f,0.7174f,0.1127f,-1.5972f,0.7249f,2.8848f,0.636f,0.7344f,0.0431f,0.6445f,-2.9724f,1.221f,0f,0f,0f,1f],start_interpolation: 0,interpolation_duration: 1}
$data merge entity $(right_leg) {transformation: [-1.6683f,0.2779f,-0.3016f,-1.0738f,0.4094f,1.2034f,-1.1557f,2.6792f,0.0243f,-1.1942f,-1.2348f,-0.657f,0f,0f,0f,1f],start_interpolation: 0,interpolation_duration: 1}
$data merge entity $(weist) {transformation: [-1.3831f,0.0792f,-0.8442f,-0.4578f,0.1081f,1.6185f,-0.0253f,4.2775f,0.841f,-0.0779f,-1.3851f,-1.1993f,0f,0f,0f,1f],start_interpolation: 0,interpolation_duration: 1}
data modify storage animated_java:temp entry.data merge value {"locators":{"consume":{"px":-0.3335582561,"py":6.6100348203,"pz":2.3821777539,"ry":176.103407259,"rx":-24.7167393946}}}
# Data Manager: Prepare for Read / Write
execute store result storage animated_java:temp args.id int 1 run scoreboard players get @s aj.id
# Data Manager: Write
function animated_java:global/data_manager/write with storage animated_java:temp args
execute unless entity @s[tag=aj.transforms_only] at @s run function animated_java:female/animations/berserk_idle/zzz/frames/14_root_function