# This file was generated by Animated Java via MC-Build. It is not recommended to edit this file directly.
$data merge entity $(neck) {transformation: [-0.9813f,0.0987f,-0.1651f,-0.1328f,0.0143f,0.8934f,0.449f,6.1385f,0.1918f,0.4383f,-0.8781f,-0.3634f,0f,0f,0f,1f],start_interpolation: 0,interpolation_duration: 1}
$data merge entity $(right_thumb_2) {transformation: [-0.6242f,-0.7812f,-0.0071f,-0.6435f,0.6952f,-0.5512f,-0.4614f,6.4739f,0.3565f,-0.2929f,0.8872f,2.0042f,0f,0f,0f,1f],start_interpolation: 0,interpolation_duration: 1}
$data merge entity $(right_thumb) {transformation: [-0.6242f,-0.6627f,0.4138f,-0.9551f,0.6952f,-0.7128f,-0.0929f,6.349f,0.3565f,0.2296f,0.9056f,2.1182f,0f,0f,0f,1f],start_interpolation: 0,interpolation_duration: 1}
$data merge entity $(right_fingers2) {transformation: [0.9979f,0.0225f,0.061f,-0.295f,0.0046f,0.9114f,-0.4116f,6.6614f,-0.0649f,0.411f,0.9093f,2.3039f,0f,0f,0f,1f],start_interpolation: 0,interpolation_duration: 1}
$data merge entity $(right_fingers) {transformation: [0.2379f,-0.9694f,0.061f,-0.564f,0.8908f,0.1927f,-0.4116f,6.7384f,0.3872f,0.1523f,0.9093f,2.3649f,0f,0f,0f,1f],start_interpolation: 0,interpolation_duration: 1}
$data merge entity $(scout) {transformation: [0f,0f,0f,-0.4818f,0f,0f,0f,6.5449f,0f,0f,0f,2.3891f,0f,0f,0f,1f],start_interpolation: 0,interpolation_duration: 1}
$data merge entity $(right_hand) {transformation: [-0.6242f,-0.7789f,0.061f,-1.0366f,0.6952f,-0.5894f,-0.4116f,6.3548f,0.3565f,-0.2145f,0.9093f,2.2716f,0f,0f,0f,1f],start_interpolation: 0,interpolation_duration: 1}
$data merge entity $(right_forearm) {transformation: [-1.2345f,-0.5959f,0.1346f,-1.8778f,0.3565f,-0.9491f,-0.9323f,4.8767f,0.4961f,-0.8007f,1.0049f,1.0816f,0f,0f,0f,1f],start_interpolation: 0,interpolation_duration: 1}
$data merge entity $(right_shoulder) {transformation: [-1.3406f,0.3684f,-0.4657f,-1.1435f,0.5936f,0.8632f,-1.0258f,5.8425f,0.0165f,-1.1265f,-0.9384f,-0.2649f,0f,0f,0f,1f],start_interpolation: 0,interpolation_duration: 1}
$data merge entity $(right_arm) {transformation: [-0.9813f,0.0987f,-0.1651f,-0.5629f,0.0143f,0.8934f,0.449f,6.0971f,0.1918f,0.4383f,-0.8781f,-0.2536f,0f,0f,0f,1f],start_interpolation: 0,interpolation_duration: 1}
$data merge entity $(left_thumb_2) {transformation: [-0.7618f,0.6351f,-0.1279f,0.8554f,-0.5919f,-0.7626f,-0.2609f,7.1574f,-0.2633f,-0.1231f,0.9568f,1.3393f,0f,0f,0f,1f],start_interpolation: 0,interpolation_duration: 1}
$data merge entity $(left_thumb) {transformation: [-0.7618f,0.4669f,-0.4491f,1.1249f,-0.5919f,-0.7834f,0.1897f,6.9905f,-0.2633f,0.4103f,0.8731f,1.498f,0f,0f,0f,1f],start_interpolation: 0,interpolation_duration: 1}
$data merge entity $(left_fingers2) {transformation: [0.9658f,0.1841f,-0.1828f,0.5533f,-0.2189f,0.9564f,-0.1935f,7.4763f,0.1392f,0.2269f,0.9639f,1.5707f,0f,0f,0f,1f],start_interpolation: 0,interpolation_duration: 1}
$data merge entity $(left_fingers) {transformation: [0.0293f,0.9827f,-0.1828f,0.8312f,-0.9811f,-0.0067f,-0.1935f,7.5007f,-0.1914f,0.185f,0.9639f,1.6359f,0f,0f,0f,1f],start_interpolation: 0,interpolation_duration: 1}
$data merge entity $(left_hand) {transformation: [-0.7618f,0.6215f,-0.1828f,1.201f,-0.5919f,-0.7824f,-0.1935f,7.0086f,-0.2633f,-0.0392f,0.9639f,1.6531f,0f,0f,0f,1f],start_interpolation: 0,interpolation_duration: 1}
$data merge entity $(left_forearm) {transformation: [-1.2765f,0.3368f,-0.3926f,1.6409f,-0.1224f,-1.2124f,-0.642f,5.1542f,-0.5026f,-0.5601f,1.1536f,0.8307f,0f,0f,0f,1f],start_interpolation: 0,interpolation_duration: 1}
$data merge entity $(left_shoulder) {transformation: [-1.3678f,-0.4293f,0.3076f,0.8319f,-0.4671f,0.5849f,-1.2607f,5.8138f,0.2464f,-1.2741f,-0.6825f,-0.6511f,0f,0f,0f,1f],start_interpolation: 0,interpolation_duration: 1}
$data merge entity $(left_arm) {transformation: [-0.9813f,0.0987f,-0.1651f,0.3057f,0.0143f,0.8934f,0.449f,6.0844f,0.1918f,0.4383f,-0.8781f,-0.4234f,0f,0f,0f,1f],start_interpolation: 0,interpolation_duration: 1}
$data merge entity $(chest) {transformation: [-1.2547f,0.1261f,-0.2111f,-0.3125f,0.0182f,1.1423f,0.5741f,4.4928f,0.2453f,0.5604f,-1.1227f,-1.1604f,0f,0f,0f,1f],start_interpolation: 0,interpolation_duration: 1}
$data merge entity $(left_cheek) {transformation: [-0.7673f,-0.5689f,-0.2959f,-0.6603f,-0.432f,0.7996f,-0.4172f,3.3048f,0.4739f,-0.1923f,-0.8593f,-1.8618f,0f,0f,0f,1f],start_interpolation: 0,interpolation_duration: 1}
$data merge entity $(left_foot) {transformation: [-0.6422f,0.0127f,-0.7954f,1.2089f,-0.0618f,1.0184f,0.0662f,-3.1865f,0.7931f,0.0896f,-0.6389f,-3.2984f,0f,0f,0f,1f],start_interpolation: 0,interpolation_duration: 1}
$data merge entity $(left_knee) {transformation: [-2.0845f,0.3573f,-2.1861f,1.6737f,-1.0504f,2.4835f,1.4075f,0.3384f,1.9503f,1.7195f,-1.5786f,-1.0391f,0f,0f,0f,1f],start_interpolation: 0,interpolation_duration: 1}
$data merge entity $(left_leg) {transformation: [-1.1773f,-0.9545f,-0.8088f,0.1193f,-0.5933f,1.4038f,-0.793f,2.5859f,1.1015f,-0.2641f,-1.2916f,-1.3786f,0f,0f,0f,1f],start_interpolation: 0,interpolation_duration: 1}
$data merge entity $(right_cheek) {transformation: [-0.7401f,0.0562f,-0.6701f,-1.0861f,0.422f,0.8147f,-0.3978f,3.445f,0.5236f,-0.5772f,-0.6267f,-1.5821f,0f,0f,0f,1f],start_interpolation: 0,interpolation_duration: 1}
$data merge entity $(right_foot) {transformation: [-1.0181f,0.0513f,0.0774f,-2.5087f,0.0533f,1.0207f,0.0241f,-3.293f,-0.0761f,0.028f,-1.0191f,0.4526f,0f,0f,0f,1f],start_interpolation: 0,interpolation_duration: 1}
$data merge entity $(right_knee) {transformation: [-2.9538f,0.7168f,0.1165f,-1.5967f,0.7251f,2.8835f,0.6416f,0.7449f,0.0407f,0.6508f,-2.971f,1.233f,0f,0f,0f,1f],start_interpolation: 0,interpolation_duration: 1}
$data merge entity $(right_leg) {transformation: [-1.6683f,0.2776f,-0.3019f,-1.0737f,0.4095f,1.1982f,-1.161f,2.6816f,0.023f,-1.1994f,-1.2298f,-0.6534f,0f,0f,0f,1f],start_interpolation: 0,interpolation_duration: 1}
$data merge entity $(weist) {transformation: [-1.3831f,0.0792f,-0.8443f,-0.4578f,0.1109f,1.6183f,-0.0299f,4.2781f,0.8407f,-0.0832f,-1.385f,-1.201f,0f,0f,0f,1f],start_interpolation: 0,interpolation_duration: 1}
data modify storage animated_java:temp entry.data merge value {"locators":{"consume":{"px":-0.3301944738,"py":6.619238082,"pz":2.3701678169,"ry":176.1617322827,"rx":-24.3046399496}}}
# Data Manager: Prepare for Read / Write
execute store result storage animated_java:temp args.id int 1 run scoreboard players get @s aj.id
# Data Manager: Write
function animated_java:global/data_manager/write with storage animated_java:temp args