# This file was generated by Animated Java via MC-Build. It is not recommended to edit this file directly.
$data merge entity $(neck) {transformation: [-0.9812f,0.0998f,-0.1654f,-0.1306f,0.015f,0.8928f,0.4501f,6.1381f,0.1926f,0.4392f,-0.8775f,-0.3635f,0f,0f,0f,1f],start_interpolation: 0,interpolation_duration: 1}
$data merge entity $(right_thumb_2) {transformation: [-0.6218f,-0.7831f,-0.0078f,-0.6391f,0.7f,-0.5513f,-0.454f,6.4815f,0.3512f,-0.2878f,0.891f,1.9917f,0f,0f,0f,1f],start_interpolation: 0,interpolation_duration: 1}
$data merge entity $(right_thumb) {transformation: [-0.6218f,-0.6647f,0.4142f,-0.951f,0.7f,-0.7089f,-0.0867f,6.3584f,0.3512f,0.236f,0.906f,2.1069f,0f,0f,0f,1f],start_interpolation: 0,interpolation_duration: 1}
$data merge entity $(right_fingers2) {transformation: [0.9978f,0.0256f,0.0605f,-0.2897f,0.0011f,0.9147f,-0.4042f,6.6704f,-0.0657f,0.4034f,0.9127f,2.2895f,0f,0f,0f,1f],start_interpolation: 0,interpolation_duration: 1}
$data merge entity $(right_fingers) {transformation: [0.2409f,-0.9687f,0.0605f,-0.5585f,0.8932f,0.1969f,-0.4042f,6.7488f,0.3796f,0.1514f,0.9127f,2.3501f,0f,0f,0f,1f],start_interpolation: 0,interpolation_duration: 1}
$data merge entity $(scout) {transformation: [0f,0f,0f,-0.4769f,0f,0f,0f,6.5552f,0f,0f,0f,2.3758f,0f,0f,0f,1f],start_interpolation: 0,interpolation_duration: 1}
$data merge entity $(right_hand) {transformation: [-0.6218f,-0.7808f,0.0605f,-1.0323f,0.7f,-0.5887f,-0.4042f,6.3658f,0.3512f,-0.209f,0.9127f,2.2603f,0f,0f,0f,1f],start_interpolation: 0,interpolation_duration: 1}
$data merge entity $(right_forearm) {transformation: [-1.2338f,-0.5974f,0.1342f,-1.8759f,0.362f,-0.9551f,-0.9241f,4.8787f,0.4939f,-0.7924f,1.0125f,1.0832f,0f,0f,0f,1f],start_interpolation: 0,interpolation_duration: 1}
$data merge entity $(right_shoulder) {transformation: [-1.34f,0.3685f,-0.4675f,-1.1415f,0.595f,0.8621f,-1.0259f,5.8429f,0.0171f,-1.1273f,-0.9374f,-0.2645f,0f,0f,0f,1f],start_interpolation: 0,interpolation_duration: 1}
$data merge entity $(right_arm) {transformation: [-0.9812f,0.0998f,-0.1654f,-0.5607f,0.015f,0.8928f,0.4501f,6.0969f,0.1926f,0.4392f,-0.8775f,-0.2534f,0f,0f,0f,1f],start_interpolation: 0,interpolation_duration: 1}
$data merge entity $(left_thumb_2) {transformation: [-0.7599f,0.6376f,-0.1265f,0.8594f,-0.5961f,-0.7612f,-0.2555f,7.1556f,-0.2591f,-0.1187f,0.9585f,1.3248f,0f,0f,0f,1f],start_interpolation: 0,interpolation_duration: 1}
$data merge entity $(left_thumb) {transformation: [-0.7599f,0.4698f,-0.4492f,1.1295f,-0.5961f,-0.7792f,0.1935f,6.9905f,-0.2591f,0.4149f,0.8722f,1.4844f,0f,0f,0f,1f],start_interpolation: 0,interpolation_duration: 1}
$data merge entity $(left_fingers2) {transformation: [0.9666f,0.1809f,-0.1816f,0.5564f,-0.2147f,0.9584f,-0.1882f,7.4749f,0.14f,0.2209f,0.9652f,1.5545f,0f,0f,0f,1f],start_interpolation: 0,interpolation_duration: 1}
$data merge entity $(left_fingers) {transformation: [0.0326f,0.9828f,-0.1816f,0.8342f,-0.9821f,-0.0022f,-0.1882f,7.5005f,-0.1853f,0.1844f,0.9652f,1.6193f,0f,0f,0f,1f],start_interpolation: 0,interpolation_duration: 1}
$data merge entity $(left_hand) {transformation: [-0.7599f,0.6241f,-0.1816f,1.2057f,-0.5961f,-0.7805f,-0.1882f,7.0098f,-0.2591f,-0.0348f,0.9652f,1.6394f,0f,0f,0f,1f],start_interpolation: 0,interpolation_duration: 1}
$data merge entity $(left_forearm) {transformation: [-1.2771f,0.3351f,-0.3923f,1.643f,-0.1242f,-1.2162f,-0.6346f,5.1501f,-0.5008f,-0.553f,1.1578f,0.8279f,0f,0f,0f,1f],start_interpolation: 0,interpolation_duration: 1}
$data merge entity $(left_shoulder) {transformation: [-1.3681f,-0.4297f,0.3059f,0.8335f,-0.4662f,0.5873f,-1.26f,5.8127f,0.2467f,-1.2729f,-0.6846f,-0.6523f,0f,0f,0f,1f],start_interpolation: 0,interpolation_duration: 1}
$data merge entity $(left_arm) {transformation: [-0.9812f,0.0998f,-0.1654f,0.3078f,0.015f,0.8928f,0.4501f,6.0836f,0.1926f,0.4392f,-0.8775f,-0.4238f,0f,0f,0f,1f],start_interpolation: 0,interpolation_duration: 1}
$data merge entity $(chest) {transformation: [-1.2545f,0.1277f,-0.2115f,-0.3125f,0.0192f,1.1415f,0.5755f,4.4933f,0.2463f,0.5615f,-1.1219f,-1.1621f,0f,0f,0f,1f],start_interpolation: 0,interpolation_duration: 1}
$data merge entity $(left_cheek) {transformation: [-0.765f,-0.5725f,-0.295f,-0.6638f,-0.4337f,0.7966f,-0.4211f,3.3001f,0.476f,-0.1942f,-0.8577f,-1.8595f,0f,0f,0f,1f],start_interpolation: 0,interpolation_duration: 1}
$data merge entity $(left_foot) {transformation: [-0.6396f,0.0131f,-0.7975f,1.2108f,-0.0629f,1.0182f,0.0672f,-3.1755f,0.7951f,0.0911f,-0.6362f,-3.2933f,0f,0f,0f,1f],start_interpolation: 0,interpolation_duration: 1}
$data merge entity $(left_knee) {transformation: [-2.0781f,0.3632f,-2.1912f,1.6835f,-1.0533f,2.4808f,1.4101f,0.3459f,1.9555f,1.7221f,-1.5692f,-1.0302f,0f,0f,0f,1f],start_interpolation: 0,interpolation_duration: 1}
$data merge entity $(left_leg) {transformation: [-1.1737f,-0.9606f,-0.8068f,0.1193f,-0.5949f,1.399f,-0.8003f,2.5859f,1.1045f,-0.2674f,-1.2884f,-1.3749f,0f,0f,0f,1f],start_interpolation: 0,interpolation_duration: 1}
$data merge entity $(right_cheek) {transformation: [-0.74f,0.0561f,-0.6703f,-1.0864f,0.4242f,0.8123f,-0.4004f,3.4434f,0.522f,-0.5806f,-0.6248f,-1.5819f,0f,0f,0f,1f],start_interpolation: 0,interpolation_duration: 1}
$data merge entity $(right_foot) {transformation: [-1.018f,0.0515f,0.0786f,-2.5076f,0.0535f,1.0207f,0.0242f,-3.2813f,-0.0772f,0.0282f,-1.0191f,0.4558f,0f,0f,0f,1f],start_interpolation: 0,interpolation_duration: 1}
$data merge entity $(right_knee) {transformation: [-2.9538f,0.7162f,0.1202f,-1.5962f,0.7252f,2.8823f,0.647f,0.7551f,0.0385f,0.657f,-2.9697f,1.2446f,0f,0f,0f,1f],start_interpolation: 0,interpolation_duration: 1}
$data merge entity $(right_leg) {transformation: [-1.6683f,0.2773f,-0.3022f,-1.0737f,0.4096f,1.1932f,-1.1661f,2.6839f,0.0217f,-1.2044f,-1.2248f,-0.65f,0f,0f,0f,1f],start_interpolation: 0,interpolation_duration: 1}
$data merge entity $(weist) {transformation: [-1.3831f,0.0792f,-0.8443f,-0.4578f,0.1136f,1.618f,-0.0343f,4.2786f,0.8404f,-0.0884f,-1.3849f,-1.2027f,0f,0f,0f,1f],start_interpolation: 0,interpolation_duration: 1}
data modify storage animated_java:temp entry.data merge value {"locators":{"consume":{"px":-0.3250577947,"py":6.6289005967,"pz":2.3561570647,"ry":176.2082856323,"rx":-23.842887351}}}
# Data Manager: Prepare for Read / Write
execute store result storage animated_java:temp args.id int 1 run scoreboard players get @s aj.id
# Data Manager: Write
function animated_java:global/data_manager/write with storage animated_java:temp args