# This file was generated by Animated Java via MC-Build. It is not recommended to edit this file directly.
$data merge entity $(neck) {transformation: [-0.9809f,0.1014f,-0.1658f,-0.1278f,0.0159f,0.8923f,0.4512f,6.1376f,0.1937f,0.44f,-0.8769f,-0.3636f,0f,0f,0f,1f],start_interpolation: 0,interpolation_duration: 1}
$data merge entity $(right_thumb_2) {transformation: [-0.6192f,-0.7852f,-0.0083f,-0.6334f,0.705f,-0.5513f,-0.4461f,6.489f,0.3457f,-0.2821f,0.895f,1.9778f,0f,0f,0f,1f],start_interpolation: 0,interpolation_duration: 1}
$data merge entity $(right_thumb) {transformation: [-0.6192f,-0.6667f,0.4149f,-0.9455f,0.705f,-0.7046f,-0.08f,6.368f,0.3457f,0.243f,0.9064f,2.0944f,0f,0f,0f,1f],start_interpolation: 0,interpolation_duration: 1}
$data merge entity $(right_fingers2) {transformation: [0.9978f,0.0289f,0.0602f,-0.2831f,-0.0027f,0.9181f,-0.3963f,6.6794f,-0.0667f,0.3953f,0.9161f,2.2736f,0f,0f,0f,1f],start_interpolation: 0,interpolation_duration: 1}
$data merge entity $(right_fingers) {transformation: [0.2442f,-0.9679f,0.0602f,-0.5516f,0.8958f,0.2013f,-0.3963f,6.7592f,0.3715f,0.1507f,0.9161f,2.3338f,0f,0f,0f,1f],start_interpolation: 0,interpolation_duration: 1}
$data merge entity $(scout) {transformation: [0f,0f,0f,-0.4705f,0f,0f,0f,6.5656f,0f,0f,0f,2.3611f,0f,0f,0f,1f],start_interpolation: 0,interpolation_duration: 1}
$data merge entity $(right_hand) {transformation: [-0.6192f,-0.7829f,0.0602f,-1.0267f,0.705f,-0.5881f,-0.3963f,6.3769f,0.3457f,-0.203f,0.9161f,2.2478f,0f,0f,0f,1f],start_interpolation: 0,interpolation_duration: 1}
$data merge entity $(right_forearm) {transformation: [-1.2328f,-0.5994f,0.134f,-1.8732f,0.3679f,-0.9613f,-0.9152f,4.8806f,0.4918f,-0.7834f,1.0206f,1.0848f,0f,0f,0f,1f],start_interpolation: 0,interpolation_duration: 1}
$data merge entity $(right_shoulder) {transformation: [-1.3391f,0.3685f,-0.4698f,-1.139f,0.5968f,0.8614f,-1.0255f,5.8435f,0.0183f,-1.1279f,-0.9367f,-0.2639f,0f,0f,0f,1f],start_interpolation: 0,interpolation_duration: 1}
$data merge entity $(right_arm) {transformation: [-0.9809f,0.1014f,-0.1658f,-0.5578f,0.0159f,0.8923f,0.4512f,6.0968f,0.1937f,0.44f,-0.8769f,-0.2531f,0f,0f,0f,1f],start_interpolation: 0,interpolation_duration: 1}
$data merge entity $(left_thumb_2) {transformation: [-0.7584f,0.6398f,-0.1249f,0.8646f,-0.6001f,-0.76f,-0.2495f,7.1528f,-0.2545f,-0.1143f,0.9603f,1.3087f,0f,0f,0f,1f],start_interpolation: 0,interpolation_duration: 1}
$data merge entity $(left_thumb) {transformation: [-0.7584f,0.4725f,-0.449f,1.1354f,-0.6001f,-0.7751f,0.198f,6.9896f,-0.2545f,0.4196f,0.8713f,1.4691f,0f,0f,0f,1f],start_interpolation: 0,interpolation_duration: 1}
$data merge entity $(left_fingers2) {transformation: [0.9674f,0.1783f,-0.1801f,0.5609f,-0.2109f,0.9604f,-0.1823f,7.4727f,0.1405f,0.2143f,0.9666f,1.5365f,0f,0f,0f,1f],start_interpolation: 0,interpolation_duration: 1}
$data merge entity $(left_fingers) {transformation: [0.0353f,0.983f,-0.1801f,0.8387f,-0.9832f,0.0019f,-0.1823f,7.4996f,-0.1788f,0.1836f,0.9666f,1.601f,0f,0f,0f,1f],start_interpolation: 0,interpolation_duration: 1}
$data merge entity $(left_hand) {transformation: [-0.7584f,0.6264f,-0.1801f,1.2117f,-0.6001f,-0.7789f,-0.1823f,7.0102f,-0.2545f,-0.0301f,0.9666f,1.6239f,0f,0f,0f,1f],start_interpolation: 0,interpolation_duration: 1}
$data merge entity $(left_forearm) {transformation: [-1.2778f,0.333f,-0.3919f,1.6458f,-0.1259f,-1.2202f,-0.6265f,5.1446f,-0.4986f,-0.5453f,1.1624f,0.8242f,0f,0f,0f,1f],start_interpolation: 0,interpolation_duration: 1}
$data merge entity $(left_shoulder) {transformation: [-1.3684f,-0.4303f,0.3036f,0.8357f,-0.465f,0.5905f,-1.2589f,5.8113f,0.2471f,-1.2712f,-0.6876f,-0.6537f,0f,0f,0f,1f],start_interpolation: 0,interpolation_duration: 1}
$data merge entity $(left_arm) {transformation: [-0.9809f,0.1014f,-0.1658f,0.3104f,0.0159f,0.8923f,0.4512f,6.0826f,0.1937f,0.44f,-0.8769f,-0.4245f,0f,0f,0f,1f],start_interpolation: 0,interpolation_duration: 1}
$data merge entity $(chest) {transformation: [-1.2542f,0.1296f,-0.212f,-0.3125f,0.0204f,1.1408f,0.5769f,4.4939f,0.2476f,0.5625f,-1.1211f,-1.1637f,0f,0f,0f,1f],start_interpolation: 0,interpolation_duration: 1}
$data merge entity $(left_cheek) {transformation: [-0.7628f,-0.5758f,-0.2941f,-0.6671f,-0.4354f,0.7938f,-0.4247f,3.2955f,0.478f,-0.1959f,-0.8562f,-1.8573f,0f,0f,0f,1f],start_interpolation: 0,interpolation_duration: 1}
$data merge entity $(left_foot) {transformation: [-0.6371f,0.0135f,-0.7995f,1.2126f,-0.064f,1.0181f,0.0682f,-3.1649f,0.797f,0.0925f,-0.6336f,-3.2884f,0f,0f,0f,1f],start_interpolation: 0,interpolation_duration: 1}
$data merge entity $(left_knee) {transformation: [-2.072f,0.3689f,-2.1961f,1.6928f,-1.0559f,2.4783f,1.4125f,0.3532f,1.9606f,1.7246f,-1.5602f,-1.0217f,0f,0f,0f,1f],start_interpolation: 0,interpolation_duration: 1}
$data merge entity $(left_leg) {transformation: [-1.1703f,-0.9665f,-0.8048f,0.1193f,-0.5964f,1.3943f,-0.8072f,2.5859f,1.1073f,-0.2705f,-1.2853f,-1.3713f,0f,0f,0f,1f],start_interpolation: 0,interpolation_duration: 1}
$data merge entity $(right_cheek) {transformation: [-0.7398f,0.0559f,-0.6704f,-1.0866f,0.4263f,0.81f,-0.4028f,3.4419f,0.5205f,-0.5838f,-0.6231f,-1.5816f,0f,0f,0f,1f],start_interpolation: 0,interpolation_duration: 1}
$data merge entity $(right_foot) {transformation: [-1.018f,0.0516f,0.0797f,-2.5064f,0.0537f,1.0207f,0.0243f,-3.2702f,-0.0783f,0.0284f,-1.019f,0.4588f,0f,0f,0f,1f],start_interpolation: 0,interpolation_duration: 1}
$data merge entity $(right_knee) {transformation: [-2.9538f,0.7156f,0.1236f,-1.5957f,0.7253f,2.8811f,0.6522f,0.7648f,0.0363f,0.6628f,-2.9684f,1.2557f,0f,0f,0f,1f],start_interpolation: 0,interpolation_duration: 1}
$data merge entity $(right_leg) {transformation: [-1.6683f,0.277f,-0.3025f,-1.0737f,0.4097f,1.1885f,-1.171f,2.6861f,0.0205f,-1.2092f,-1.2201f,-0.6467f,0f,0f,0f,1f],start_interpolation: 0,interpolation_duration: 1}
$data merge entity $(weist) {transformation: [-1.383f,0.0792f,-0.8443f,-0.4578f,0.1162f,1.6177f,-0.0386f,4.2792f,0.84f,-0.0933f,-1.3848f,-1.2043f,0f,0f,0f,1f],start_interpolation: 0,interpolation_duration: 1}
data modify storage animated_java:temp entry.data merge value {"locators":{"consume":{"px":-0.3184641351,"py":6.6386350701,"pz":2.3406298003,"ry":176.2416282448,"rx":-23.3479827238}}}
# Data Manager: Prepare for Read / Write
execute store result storage animated_java:temp args.id int 1 run scoreboard players get @s aj.id
# Data Manager: Write
function animated_java:global/data_manager/write with storage animated_java:temp args