# This file was generated by Animated Java via MC-Build. It is not recommended to edit this file directly.
$data merge entity $(neck) {transformation: [-0.9807f,0.1031f,-0.1663f,-0.1246f,0.0171f,0.8917f,0.4523f,6.137f,0.1949f,0.4407f,-0.8762f,-0.3638f,0f,0f,0f,1f],start_interpolation: 0,interpolation_duration: 1}
$data merge entity $(right_thumb_2) {transformation: [-0.6165f,-0.7873f,-0.0085f,-0.6266f,0.7102f,-0.5514f,-0.4378f,6.4961f,0.34f,-0.276f,0.899f,1.963f,0f,0f,0f,1f],start_interpolation: 0,interpolation_duration: 1}
$data merge entity $(right_thumb) {transformation: [-0.6165f,-0.6686f,0.4158f,-0.939f,0.7102f,-0.7002f,-0.073f,6.3772f,0.34f,0.2503f,0.9065f,2.0812f,0f,0f,0f,1f],start_interpolation: 0,interpolation_duration: 1}
$data merge entity $(right_fingers2) {transformation: [0.9977f,0.0323f,0.0601f,-0.2753f,-0.0065f,0.9216f,-0.3881f,6.6881f,-0.0679f,0.3868f,0.9197f,2.2567f,0f,0f,0f,1f],start_interpolation: 0,interpolation_duration: 1}
$data merge entity $(right_fingers) {transformation: [0.2475f,-0.967f,0.0601f,-0.5435f,0.8983f,0.2058f,-0.3881f,6.7693f,0.3629f,0.1501f,0.9197f,2.3164f,0f,0f,0f,1f],start_interpolation: 0,interpolation_duration: 1}
$data merge entity $(scout) {transformation: [0f,0f,0f,-0.463f,0f,0f,0f,6.5757f,0f,0f,0f,2.3454f,0f,0f,0f,1f],start_interpolation: 0,interpolation_duration: 1}
$data merge entity $(right_hand) {transformation: [-0.6165f,-0.785f,0.0601f,-1.0199f,0.7102f,-0.5874f,-0.3881f,6.3878f,0.34f,-0.1966f,0.9197f,2.2346f,0f,0f,0f,1f],start_interpolation: 0,interpolation_duration: 1}
$data merge entity $(right_forearm) {transformation: [-1.2317f,-0.6018f,0.1339f,-1.87f,0.3742f,-0.9676f,-0.906f,4.8821f,0.4899f,-0.7738f,1.0288f,1.0863f,0f,0f,0f,1f],start_interpolation: 0,interpolation_duration: 1}
$data merge entity $(right_shoulder) {transformation: [-1.3382f,0.3683f,-0.4725f,-1.136f,0.5988f,0.8611f,-1.0246f,5.8442f,0.0201f,-1.1282f,-0.9363f,-0.263f,0f,0f,0f,1f],start_interpolation: 0,interpolation_duration: 1}
$data merge entity $(right_arm) {transformation: [-0.9807f,0.1031f,-0.1663f,-0.5545f,0.0171f,0.8917f,0.4523f,6.0967f,0.1949f,0.4407f,-0.8762f,-0.2527f,0f,0f,0f,1f],start_interpolation: 0,interpolation_duration: 1}
$data merge entity $(left_thumb_2) {transformation: [-0.7571f,0.6416f,-0.1231f,0.8708f,-0.6038f,-0.7592f,-0.2432f,7.1492f,-0.2495f,-0.1098f,0.9621f,1.2915f,0f,0f,0f,1f],start_interpolation: 0,interpolation_duration: 1}
$data merge entity $(left_thumb) {transformation: [-0.7571f,0.4749f,-0.4486f,1.1422f,-0.6038f,-0.7709f,0.2028f,6.9878f,-0.2495f,0.4244f,0.8704f,1.4527f,0f,0f,0f,1f],start_interpolation: 0,interpolation_duration: 1}
$data merge entity $(left_fingers2) {transformation: [0.968f,0.1761f,-0.1786f,0.5665f,-0.2075f,0.9623f,-0.1761f,7.4699f,0.1408f,0.2075f,0.968f,1.5175f,0f,0f,0f,1f],start_interpolation: 0,interpolation_duration: 1}
$data merge entity $(left_fingers) {transformation: [0.0376f,0.9832f,-0.1786f,0.8443f,-0.9844f,0.0057f,-0.1761f,7.498f,-0.1721f,0.1824f,0.968f,1.5814f,0f,0f,0f,1f],start_interpolation: 0,interpolation_duration: 1}
$data merge entity $(left_hand) {transformation: [-0.7571f,0.6284f,-0.1786f,1.2186f,-0.6038f,-0.7775f,-0.1761f,7.0097f,-0.2495f,-0.0255f,0.968f,1.6073f,0f,0f,0f,1f],start_interpolation: 0,interpolation_duration: 1}
$data merge entity $(left_forearm) {transformation: [-1.2786f,0.3307f,-0.3912f,1.6492f,-0.1275f,-1.2243f,-0.618f,5.1381f,-0.4961f,-0.5374f,1.1671f,0.8198f,0f,0f,0f,1f],start_interpolation: 0,interpolation_duration: 1}
$data merge entity $(left_shoulder) {transformation: [-1.3687f,-0.431f,0.301f,0.8381f,-0.4638f,0.5944f,-1.2576f,5.8098f,0.2476f,-1.2691f,-0.6912f,-0.6554f,0f,0f,0f,1f],start_interpolation: 0,interpolation_duration: 1}
$data merge entity $(left_arm) {transformation: [-0.9807f,0.1031f,-0.1663f,0.3135f,0.0171f,0.8917f,0.4523f,6.0816f,0.1949f,0.4407f,-0.8762f,-0.4253f,0f,0f,0f,1f],start_interpolation: 0,interpolation_duration: 1}
$data merge entity $(chest) {transformation: [-1.2538f,0.1319f,-0.2126f,-0.3125f,0.0218f,1.1401f,0.5783f,4.4943f,0.2492f,0.5635f,-1.1203f,-1.1652f,0f,0f,0f,1f],start_interpolation: 0,interpolation_duration: 1}
$data merge entity $(left_cheek) {transformation: [-0.7608f,-0.579f,-0.2933f,-0.6702f,-0.437f,0.7911f,-0.4281f,3.2913f,0.4799f,-0.1975f,-0.8548f,-1.8551f,0f,0f,0f,1f],start_interpolation: 0,interpolation_duration: 1}
$data merge entity $(left_foot) {transformation: [-0.6347f,0.0138f,-0.8014f,1.2142f,-0.065f,1.018f,0.0691f,-3.155f,0.7989f,0.0939f,-0.6311f,-3.2838f,0f,0f,0f,1f],start_interpolation: 0,interpolation_duration: 1}
$data merge entity $(left_knee) {transformation: [-2.0663f,0.3742f,-2.2006f,1.7014f,-1.0583f,2.476f,1.4148f,0.3601f,1.9654f,1.7268f,-1.5517f,-1.0139f,0f,0f,0f,1f],start_interpolation: 0,interpolation_duration: 1}
$data merge entity $(left_leg) {transformation: [-1.167f,-0.9719f,-0.803f,0.1193f,-0.5977f,1.39f,-0.8137f,2.5859f,1.11f,-0.2733f,-1.2824f,-1.368f,0f,0f,0f,1f],start_interpolation: 0,interpolation_duration: 1}
$data merge entity $(right_cheek) {transformation: [-0.7397f,0.0558f,-0.6706f,-1.0868f,0.4282f,0.8078f,-0.4052f,3.4405f,0.5191f,-0.5868f,-0.6214f,-1.5814f,0f,0f,0f,1f],start_interpolation: 0,interpolation_duration: 1}
$data merge entity $(right_foot) {transformation: [-1.0179f,0.0518f,0.0807f,-2.5053f,0.0539f,1.0207f,0.0244f,-3.2597f,-0.0793f,0.0285f,-1.0189f,0.4615f,0f,0f,0f,1f],start_interpolation: 0,interpolation_duration: 1}
$data merge entity $(right_knee) {transformation: [-2.9538f,0.7151f,0.1268f,-1.5952f,0.7254f,2.88f,0.657f,0.774f,0.0343f,0.6682f,-2.9672f,1.2659f,0f,0f,0f,1f],start_interpolation: 0,interpolation_duration: 1}
$data merge entity $(right_leg) {transformation: [-1.6683f,0.2767f,-0.3028f,-1.0737f,0.4097f,1.184f,-1.1755f,2.6882f,0.0194f,-1.2137f,-1.2157f,-0.6437f,0f,0f,0f,1f],start_interpolation: 0,interpolation_duration: 1}
$data merge entity $(weist) {transformation: [-1.383f,0.0792f,-0.8444f,-0.4578f,0.1186f,1.6174f,-0.0425f,4.2796f,0.8397f,-0.098f,-1.3846f,-1.2059f,0f,0f,0f,1f],start_interpolation: 0,interpolation_duration: 1}
data modify storage animated_java:temp entry.data merge value {"locators":{"consume":{"px":-0.3107383366,"py":6.6480733915,"pz":2.3240825417,"ry":176.2607087594,"rx":-22.8364673357}}}
# Data Manager: Prepare for Read / Write
execute store result storage animated_java:temp args.id int 1 run scoreboard players get @s aj.id
# Data Manager: Write
function animated_java:global/data_manager/write with storage animated_java:temp args