# This file was generated by Animated Java via MC-Build. It is not recommended to edit this file directly.
$data merge entity $(neck) {transformation: [-0.9804f,0.105f,-0.1669f,-0.1211f,0.0183f,0.8912f,0.4533f,6.1365f,0.1964f,0.4413f,-0.8756f,-0.364f,0f,0f,0f,1f],start_interpolation: 0,interpolation_duration: 1}
$data merge entity $(right_thumb_2) {transformation: [-0.6138f,-0.7894f,-0.0086f,-0.6191f,0.7152f,-0.5514f,-0.4295f,6.5026f,0.3344f,-0.2698f,0.903f,1.9478f,0f,0f,0f,1f],start_interpolation: 0,interpolation_duration: 1}
$data merge entity $(right_thumb) {transformation: [-0.6138f,-0.6704f,0.4169f,-0.9317f,0.7152f,-0.6958f,-0.066f,6.3857f,0.3344f,0.2577f,0.9065f,2.0675f,0f,0f,0f,1f],start_interpolation: 0,interpolation_duration: 1}
$data merge entity $(right_fingers2) {transformation: [0.9975f,0.0358f,0.0603f,-0.2668f,-0.0103f,0.925f,-0.3799f,6.6962f,-0.0693f,0.3783f,0.9231f,2.2392f,0f,0f,0f,1f],start_interpolation: 0,interpolation_duration: 1}
$data merge entity $(right_fingers) {transformation: [0.2509f,-0.9661f,0.0603f,-0.5346f,0.9008f,0.2102f,-0.3799f,6.7787f,0.3543f,0.1496f,0.9231f,2.2986f,0f,0f,0f,1f],start_interpolation: 0,interpolation_duration: 1}
$data merge entity $(scout) {transformation: [0f,0f,0f,-0.4546f,0f,0f,0f,6.5852f,0f,0f,0f,2.3292f,0f,0f,0f,1f],start_interpolation: 0,interpolation_duration: 1}
$data merge entity $(right_hand) {transformation: [-0.6138f,-0.7872f,0.0603f,-1.0123f,0.7152f,-0.5867f,-0.3799f,6.398f,0.3344f,-0.1901f,0.9231f,2.221f,0f,0f,0f,1f],start_interpolation: 0,interpolation_duration: 1}
$data merge entity $(right_forearm) {transformation: [-1.2304f,-0.6043f,0.134f,-1.8664f,0.3806f,-0.9737f,-0.8968f,4.8832f,0.4882f,-0.7641f,1.0368f,1.0877f,0f,0f,0f,1f],start_interpolation: 0,interpolation_duration: 1}
$data merge entity $(right_shoulder) {transformation: [-1.3373f,0.3681f,-0.4754f,-1.1327f,0.6008f,0.8612f,-1.0233f,5.845f,0.0223f,-1.1281f,-0.9363f,-0.262f,0f,0f,0f,1f],start_interpolation: 0,interpolation_duration: 1}
$data merge entity $(right_arm) {transformation: [-0.9804f,0.105f,-0.1669f,-0.5509f,0.0183f,0.8912f,0.4533f,6.0967f,0.1964f,0.4413f,-0.8756f,-0.2523f,0f,0f,0f,1f],start_interpolation: 0,interpolation_duration: 1}
$data merge entity $(left_thumb_2) {transformation: [-0.7561f,0.6431f,-0.1213f,0.8776f,-0.6071f,-0.7585f,-0.2368f,7.1449f,-0.2443f,-0.1054f,0.964f,1.2738f,0f,0f,0f,1f],start_interpolation: 0,interpolation_duration: 1}
$data merge entity $(left_thumb) {transformation: [-0.7561f,0.4772f,-0.4478f,1.1496f,-0.6071f,-0.767f,0.2079f,6.9853f,-0.2443f,0.4291f,0.8696f,1.4357f,0f,0f,0f,1f],start_interpolation: 0,interpolation_duration: 1}
$data merge entity $(left_fingers2) {transformation: [0.9687f,0.1742f,-0.1769f,0.5729f,-0.2044f,0.964f,-0.1698f,7.4665f,0.141f,0.2006f,0.9695f,1.4979f,0f,0f,0f,1f],start_interpolation: 0,interpolation_duration: 1}
$data merge entity $(left_fingers) {transformation: [0.0395f,0.9834f,-0.1769f,0.8508f,-0.9854f,0.0091f,-0.1698f,7.4957f,-0.1653f,0.181f,0.9695f,1.5613f,0f,0f,0f,1f],start_interpolation: 0,interpolation_duration: 1}
$data merge entity $(left_hand) {transformation: [-0.7561f,0.63f,-0.1769f,1.2261f,-0.6071f,-0.7763f,-0.1698f,7.0083f,-0.2443f,-0.021f,0.9695f,1.59f,0f,0f,0f,1f],start_interpolation: 0,interpolation_duration: 1}
$data merge entity $(left_forearm) {transformation: [-1.2795f,0.3281f,-0.3904f,1.6528f,-0.129f,-1.2284f,-0.6094f,5.1308f,-0.4934f,-0.5295f,1.1719f,0.8147f,0f,0f,0f,1f],start_interpolation: 0,interpolation_duration: 1}
$data merge entity $(left_shoulder) {transformation: [-1.3691f,-0.4319f,0.2982f,0.8407f,-0.4625f,0.5989f,-1.2559f,5.8081f,0.2482f,-1.2667f,-0.6954f,-0.6573f,0f,0f,0f,1f],start_interpolation: 0,interpolation_duration: 1}
$data merge entity $(left_arm) {transformation: [-0.9804f,0.105f,-0.1669f,0.3168f,0.0183f,0.8912f,0.4533f,6.0805f,0.1964f,0.4413f,-0.8756f,-0.4261f,0f,0f,0f,1f],start_interpolation: 0,interpolation_duration: 1}
$data merge entity $(chest) {transformation: [-1.2534f,0.1343f,-0.2134f,-0.3125f,0.0234f,1.1394f,0.5796f,4.4948f,0.2511f,0.5643f,-1.1195f,-1.1666f,0f,0f,0f,1f],start_interpolation: 0,interpolation_duration: 1}
$data merge entity $(left_cheek) {transformation: [-0.7589f,-0.5818f,-0.2926f,-0.6731f,-0.4384f,0.7886f,-0.4312f,3.2874f,0.4816f,-0.199f,-0.8535f,-1.8532f,0f,0f,0f,1f],start_interpolation: 0,interpolation_duration: 1}
$data merge entity $(left_foot) {transformation: [-0.6325f,0.0142f,-0.8031f,1.2155f,-0.0659f,1.0178f,0.0699f,-3.1458f,0.8005f,0.0951f,-0.6288f,-3.2796f,0f,0f,0f,1f],start_interpolation: 0,interpolation_duration: 1}
$data merge entity $(left_knee) {transformation: [-2.061f,0.3792f,-2.2047f,1.7093f,-1.0605f,2.4738f,1.4169f,0.3664f,1.9697f,1.7287f,-1.544f,-1.0067f,0f,0f,0f,1f],start_interpolation: 0,interpolation_duration: 1}
$data merge entity $(left_leg) {transformation: [-1.164f,-0.9769f,-0.8013f,0.1193f,-0.599f,1.386f,-0.8196f,2.5859f,1.1125f,-0.276f,-1.2797f,-1.365f,0f,0f,0f,1f],start_interpolation: 0,interpolation_duration: 1}
$data merge entity $(right_cheek) {transformation: [-0.7396f,0.0556f,-0.6707f,-1.087f,0.4299f,0.8058f,-0.4073f,3.4393f,0.5178f,-0.5896f,-0.6199f,-1.5811f,0f,0f,0f,1f],start_interpolation: 0,interpolation_duration: 1}
$data merge entity $(right_foot) {transformation: [-1.0178f,0.0519f,0.0816f,-2.5043f,0.054f,1.0206f,0.0244f,-3.25f,-0.0802f,0.0287f,-1.0188f,0.464f,0f,0f,0f,1f],start_interpolation: 0,interpolation_duration: 1}
$data merge entity $(right_knee) {transformation: [-2.9538f,0.7146f,0.1298f,-1.5948f,0.7255f,2.879f,0.6614f,0.7824f,0.0325f,0.6732f,-2.9661f,1.2754f,0f,0f,0f,1f],start_interpolation: 0,interpolation_duration: 1}
$data merge entity $(right_leg) {transformation: [-1.6683f,0.2764f,-0.3031f,-1.0737f,0.4098f,1.1798f,-1.1796f,2.6901f,0.0184f,-1.2178f,-1.2116f,-0.6409f,0f,0f,0f,1f],start_interpolation: 0,interpolation_duration: 1}
$data merge entity $(weist) {transformation: [-1.383f,0.0792f,-0.8444f,-0.4578f,0.1208f,1.6172f,-0.0461f,4.2801f,0.8395f,-0.1022f,-1.3845f,-1.2072f,0f,0f,0f,1f],start_interpolation: 0,interpolation_duration: 1}
data modify storage animated_java:temp entry.data merge value {"locators":{"consume":{"px":-0.3022150145,"py":6.6568716115,"pz":2.3070270161,"ry":176.2649537248,"rx":-22.3248993109}}}
# Data Manager: Prepare for Read / Write
execute store result storage animated_java:temp args.id int 1 run scoreboard players get @s aj.id
# Data Manager: Write
function animated_java:global/data_manager/write with storage animated_java:temp args