# This file was generated by Animated Java via MC-Build. It is not recommended to edit this file directly.
$data merge entity $(neck) {transformation: [-0.9784f,0.1125f,-0.1733f,-0.1075f,0.0267f,0.9005f,0.434f,6.1454f,0.2049f,0.42f,-0.8841f,-0.3782f,0f,0f,0f,1f],start_interpolation: 0,interpolation_duration: 1}
$data merge entity $(right_thumb_2) {transformation: [-0.6288f,-0.7775f,0.0104f,-0.585f,0.6742f,-0.5518f,-0.491f,6.3799f,0.3875f,-0.3017f,0.8711f,1.9908f,0f,0f,0f,1f],start_interpolation: 0,interpolation_duration: 1}
$data merge entity $(right_thumb) {transformation: [-0.6288f,-0.6502f,0.4265f,-0.8934f,0.6742f,-0.7292f,-0.1176f,6.247f,0.3875f,0.2136f,0.8968f,2.1044f,0f,0f,0f,1f],start_interpolation: 0,interpolation_duration: 1}
$data merge entity $(right_fingers2) {transformation: [0.9968f,0.0156f,0.0781f,-0.2351f,0.0205f,0.8973f,-0.441f,6.562f,-0.077f,0.4412f,0.8941f,2.2924f,0f,0f,0f,1f],start_interpolation: 0,interpolation_duration: 1}
$data merge entity $(right_fingers) {transformation: [0.231f,-0.9698f,0.0781f,-0.5044f,0.8804f,0.1742f,-0.441f,6.6333f,0.4141f,0.1706f,0.8941f,2.3592f,0f,0f,0f,1f],start_interpolation: 0,interpolation_duration: 1}
$data merge entity $(scout) {transformation: [0f,0f,0f,-0.4193f,0f,0f,0f,6.4402f,0f,0f,0f,2.3758f,0f,0f,0f,1f],start_interpolation: 0,interpolation_duration: 1}
$data merge entity $(right_hand) {transformation: [-0.6288f,-0.7736f,0.0781f,-0.9729f,0.6742f,-0.5925f,-0.441f,6.2465f,0.3875f,-0.2246f,0.8941f,2.2588f,0f,0f,0f,1f],start_interpolation: 0,interpolation_duration: 1}
$data merge entity $(right_forearm) {transformation: [-1.224f,-0.6156f,0.1411f,-1.844f,0.3495f,-0.9165f,-0.9669f,4.8165f,0.526f,-0.8235f,0.9707f,1.0321f,0f,0f,0f,1f],start_interpolation: 0,interpolation_duration: 1}
$data merge entity $(right_shoulder) {transformation: [-1.3348f,0.3608f,-0.4878f,-1.1193f,0.6023f,0.9304f,-0.9599f,5.8603f,0.0733f,-1.0743f,-0.9952f,-0.2604f,0f,0f,0f,1f],start_interpolation: 0,interpolation_duration: 1}
$data merge entity $(right_arm) {transformation: [-0.9784f,0.1125f,-0.1733f,-0.5364f,0.0267f,0.9005f,0.434f,6.1099f,0.2049f,0.42f,-0.8841f,-0.2618f,0f,0f,0f,1f],start_interpolation: 0,interpolation_duration: 1}
$data merge entity $(left_thumb_2) {transformation: [-0.799f,0.5878f,-0.1268f,0.9184f,-0.5413f,-0.795f,-0.2739f,7.0791f,-0.2618f,-0.1502f,0.9534f,1.3243f,0f,0f,0f,1f],start_interpolation: 0,interpolation_duration: 1}
$data merge entity $(left_thumb) {transformation: [-0.799f,0.4276f,-0.4227f,1.1804f,-0.5413f,-0.8176f,0.1961f,6.8935f,-0.2618f,0.3855f,0.8848f,1.4747f,0f,0f,0f,1f],start_interpolation: 0,interpolation_duration: 1}
$data merge entity $(left_fingers2) {transformation: [0.9537f,0.2428f,-0.1775f,0.6392f,-0.277f,0.9391f,-0.2036f,7.4097f,0.1173f,0.2433f,0.9628f,1.5677f,0f,0f,0f,1f],start_interpolation: 0,interpolation_duration: 1}
$data merge entity $(left_fingers) {transformation: [-0.0307f,0.9836f,-0.1775f,0.9191f,-0.9768f,-0.0672f,-0.2036f,7.4166f,-0.2122f,0.1671f,0.9628f,1.6284f,0f,0f,0f,1f],start_interpolation: 0,interpolation_duration: 1}
$data merge entity $(left_hand) {transformation: [-0.799f,0.5745f,-0.1775f,1.2601f,-0.5413f,-0.8158f,-0.2036f,6.9038f,-0.2618f,-0.0666f,0.9628f,1.6287f,0f,0f,0f,1f],start_interpolation: 0,interpolation_duration: 1}
$data merge entity $(left_forearm) {transformation: [-1.2843f,0.3189f,-0.3821f,1.6729f,-0.1014f,-1.203f,-0.6631f,5.0639f,-0.4872f,-0.5902f,1.1452f,0.7613f,0f,0f,0f,1f],start_interpolation: 0,interpolation_duration: 1}
$data merge entity $(left_shoulder) {transformation: [-1.3687f,-0.4409f,0.2866f,0.8503f,-0.4675f,0.6542f,-1.2261f,5.8067f,0.2408f,-1.2359f,-0.7512f,-0.6728f,0f,0f,0f,1f],start_interpolation: 0,interpolation_duration: 1}
$data merge entity $(left_arm) {transformation: [-0.9784f,0.1125f,-0.1733f,0.3296f,0.0267f,0.9005f,0.434f,6.0863f,0.2049f,0.42f,-0.8841f,-0.4431f,0f,0f,0f,1f],start_interpolation: 0,interpolation_duration: 1}
$data merge entity $(chest) {transformation: [-1.251f,0.1438f,-0.2216f,-0.3125f,0.0341f,1.1514f,0.5548f,4.4867f,0.262f,0.537f,-1.1304f,-1.1415f,0f,0f,0f,1f],start_interpolation: 0,interpolation_duration: 1}
$data merge entity $(left_cheek) {transformation: [-0.7919f,-0.5289f,-0.3054f,-0.6205f,-0.411f,0.8314f,-0.374f,3.3577f,0.4517f,-0.1706f,-0.8757f,-1.8861f,0f,0f,0f,1f],start_interpolation: 0,interpolation_duration: 1}
$data merge entity $(left_foot) {transformation: [-0.67f,0.0097f,-0.7721f,1.1784f,-0.0477f,1.0198f,0.0543f,-3.3062f,0.7707f,0.0716f,-0.6679f,-3.3524f,0f,0f,0f,1f],start_interpolation: 0,interpolation_duration: 1}
$data merge entity $(left_knee) {transformation: [-2.1528f,0.2965f,-2.1283f,1.5634f,-1.0159f,2.5143f,1.3779f,0.2591f,1.8935f,1.6861f,-1.6805f,-1.142f,0f,0f,0f,1f],start_interpolation: 0,interpolation_duration: 1}
$data merge entity $(left_leg) {transformation: [-1.2159f,-0.8851f,-0.8305f,0.1193f,-0.5738f,1.4551f,-0.7106f,2.5872f,1.0695f,-0.2256f,-1.3254f,-1.42f,0f,0f,0f,1f],start_interpolation: 0,interpolation_duration: 1}
$data merge entity $(right_cheek) {transformation: [-0.7413f,0.0578f,-0.6687f,-1.0836f,0.3975f,0.8405f,-0.3681f,3.4626f,0.5408f,-0.5387f,-0.6461f,-1.5841f,0f,0f,0f,1f],start_interpolation: 0,interpolation_duration: 1}
$data merge entity $(right_foot) {transformation: [-1.0192f,0.0493f,0.0642f,-2.5198f,0.0508f,1.0208f,0.0231f,-3.4187f,-0.063f,0.0262f,-1.0201f,0.4164f,0f,0f,0f,1f],start_interpolation: 0,interpolation_duration: 1}
$data merge entity $(right_knee) {transformation: [-2.9538f,0.7225f,0.0745f,-1.6016f,0.7232f,2.8968f,0.5811f,0.6351f,0.0671f,0.582f,-2.9848f,1.1017f,0f,0f,0f,1f],start_interpolation: 0,interpolation_duration: 1}
$data merge entity $(right_leg) {transformation: [-1.6683f,0.2807f,-0.2991f,-1.0737f,0.4085f,1.2525f,-1.1027f,2.6569f,0.0379f,-1.1419f,-1.283f,-0.6917f,0f,0f,0f,1f],start_interpolation: 0,interpolation_duration: 1}
$data merge entity $(weist) {transformation: [-1.3829f,0.0792f,-0.8445f,-0.4578f,0.0809f,1.6202f,0.0195f,4.272f,0.8443f,-0.0255f,-1.3851f,-1.1821f,0f,0f,0f,1f],start_interpolation: 0,interpolation_duration: 1}
data modify storage animated_java:temp entry.data merge value {"locators":{"consume":{"px":-0.2689305845,"py":6.5172006086,"pz":2.3575794127,"ry":175.0063188033,"rx":-26.1684256734}}}
# Data Manager: Prepare for Read / Write
execute store result storage animated_java:temp args.id int 1 run scoreboard players get @s aj.id
# Data Manager: Write
function animated_java:global/data_manager/write with storage animated_java:temp args