# This file was generated by Animated Java via MC-Build. It is not recommended to edit this file directly.
$data merge entity $(neck) {transformation: [-0.98f,0.107f,-0.1676f,-0.1174f,0.0196f,0.8907f,0.4542f,6.136f,0.1979f,0.4419f,-0.875f,-0.3642f,0f,0f,0f,1f],start_interpolation: 0,interpolation_duration: 1}
$data merge entity $(right_thumb_2) {transformation: [-0.6111f,-0.7915f,-0.0084f,-0.6112f,0.7199f,-0.5514f,-0.4215f,6.5082f,0.329f,-0.2636f,0.9068f,1.9327f,0f,0f,0f,1f],start_interpolation: 0,interpolation_duration: 1}
$data merge entity $(right_thumb) {transformation: [-0.6111f,-0.6721f,0.4182f,-0.9239f,0.7199f,-0.6915f,-0.0592f,6.3933f,0.329f,0.2649f,0.9064f,2.0539f,0f,0f,0f,1f],start_interpolation: 0,interpolation_duration: 1}
$data merge entity $(right_fingers2) {transformation: [0.9974f,0.0392f,0.0606f,-0.2578f,-0.0139f,0.9282f,-0.3719f,6.7033f,-0.0709f,0.37f,0.9263f,2.2217f,0f,0f,0f,1f],start_interpolation: 0,interpolation_duration: 1}
$data merge entity $(right_fingers) {transformation: [0.2541f,-0.9653f,0.0606f,-0.5252f,0.9032f,0.2144f,-0.3719f,6.7872f,0.3459f,0.1493f,0.9263f,2.2808f,0f,0f,0f,1f],start_interpolation: 0,interpolation_duration: 1}
$data merge entity $(scout) {transformation: [0f,0f,0f,-0.4458f,0f,0f,0f,6.5937f,0f,0f,0f,2.3131f,0f,0f,0f,1f],start_interpolation: 0,interpolation_duration: 1}
$data merge entity $(right_hand) {transformation: [-0.6111f,-0.7892f,0.0606f,-1.0042f,0.7199f,-0.586f,-0.3719f,6.4072f,0.329f,-0.1836f,0.9263f,2.2074f,0f,0f,0f,1f],start_interpolation: 0,interpolation_duration: 1}
$data merge entity $(right_forearm) {transformation: [-1.2291f,-0.6071f,0.1343f,-1.8625f,0.3868f,-0.9795f,-0.8878f,4.8838f,0.4867f,-0.7545f,1.0445f,1.089f,0f,0f,0f,1f],start_interpolation: 0,interpolation_duration: 1}
$data merge entity $(right_shoulder) {transformation: [-1.3363f,0.3677f,-0.4784f,-1.1294f,0.6028f,0.8618f,-1.0216f,5.8459f,0.025f,-1.1278f,-0.9367f,-0.2609f,0f,0f,0f,1f],start_interpolation: 0,interpolation_duration: 1}
$data merge entity $(right_arm) {transformation: [-0.98f,0.107f,-0.1676f,-0.5471f,0.0196f,0.8907f,0.4542f,6.0967f,0.1979f,0.4419f,-0.875f,-0.2519f,0f,0f,0f,1f],start_interpolation: 0,interpolation_duration: 1}
$data merge entity $(left_thumb_2) {transformation: [-0.7554f,0.6443f,-0.1195f,0.8847f,-0.6101f,-0.7581f,-0.2305f,7.1401f,-0.2391f,-0.1012f,0.9657f,1.256f,0f,0f,0f,1f],start_interpolation: 0,interpolation_duration: 1}
$data merge entity $(left_thumb) {transformation: [-0.7554f,0.4792f,-0.4469f,1.1572f,-0.6101f,-0.7632f,0.2129f,6.982f,-0.2391f,0.4335f,0.8689f,1.4186f,0f,0f,0f,1f],start_interpolation: 0,interpolation_duration: 1}
$data merge entity $(left_fingers2) {transformation: [0.9692f,0.1728f,-0.1752f,0.5798f,-0.2018f,0.9657f,-0.1636f,7.4626f,0.1409f,0.1939f,0.9709f,1.4784f,0f,0f,0f,1f],start_interpolation: 0,interpolation_duration: 1}
$data merge entity $(left_fingers) {transformation: [0.0411f,0.9837f,-0.1752f,0.8577f,-0.9865f,0.012f,-0.1636f,7.4927f,-0.1588f,0.1795f,0.9709f,1.5412f,0f,0f,0f,1f],start_interpolation: 0,interpolation_duration: 1}
$data merge entity $(left_hand) {transformation: [-0.7554f,0.6314f,-0.1752f,1.2339f,-0.6101f,-0.7753f,-0.1636f,7.0062f,-0.2391f,-0.0167f,0.9709f,1.5727f,0f,0f,0f,1f],start_interpolation: 0,interpolation_duration: 1}
$data merge entity $(left_forearm) {transformation: [-1.2804f,0.3255f,-0.3895f,1.6567f,-0.1305f,-1.2324f,-0.6011f,5.1229f,-0.4906f,-0.5218f,1.1765f,0.8092f,0f,0f,0f,1f],start_interpolation: 0,interpolation_duration: 1}
$data merge entity $(left_shoulder) {transformation: [-1.3694f,-0.4329f,0.2952f,0.8434f,-0.4613f,0.6038f,-1.254f,5.8065f,0.2487f,-1.2641f,-0.7001f,-0.6593f,0f,0f,0f,1f],start_interpolation: 0,interpolation_duration: 1}
$data merge entity $(left_arm) {transformation: [-0.98f,0.107f,-0.1676f,0.3203f,0.0196f,0.8907f,0.4542f,6.0794f,0.1979f,0.4419f,-0.875f,-0.4271f,0f,0f,0f,1f],start_interpolation: 0,interpolation_duration: 1}
$data merge entity $(chest) {transformation: [-1.253f,0.1368f,-0.2143f,-0.3125f,0.025f,1.1388f,0.5808f,4.4952f,0.253f,0.565f,-1.1187f,-1.1678f,0f,0f,0f,1f],start_interpolation: 0,interpolation_duration: 1}
$data merge entity $(left_cheek) {transformation: [-0.7571f,-0.5844f,-0.2919f,-0.6756f,-0.4396f,0.7864f,-0.434f,3.2839f,0.4832f,-0.2003f,-0.8523f,-1.8514f,0f,0f,0f,1f],start_interpolation: 0,interpolation_duration: 1}
$data merge entity $(left_foot) {transformation: [-0.6305f,0.0145f,-0.8046f,1.2166f,-0.0667f,1.0177f,0.0707f,-3.1376f,0.802f,0.0961f,-0.6267f,-3.2758f,0f,0f,0f,1f],start_interpolation: 0,interpolation_duration: 1}
$data merge entity $(left_knee) {transformation: [-2.0562f,0.3837f,-2.2084f,1.7163f,-1.0625f,2.472f,1.4187f,0.3721f,1.9737f,1.7304f,-1.537f,-1.0003f,0f,0f,0f,1f],start_interpolation: 0,interpolation_duration: 1}
$data merge entity $(left_leg) {transformation: [-1.1613f,-0.9814f,-0.7998f,0.1193f,-0.6001f,1.3823f,-0.8249f,2.5859f,1.1147f,-0.2783f,-1.2773f,-1.3623f,0f,0f,0f,1f],start_interpolation: 0,interpolation_duration: 1}
$data merge entity $(right_cheek) {transformation: [-0.7395f,0.0555f,-0.6709f,-1.0872f,0.4315f,0.804f,-0.4092f,3.4381f,0.5167f,-0.592f,-0.6185f,-1.5809f,0f,0f,0f,1f],start_interpolation: 0,interpolation_duration: 1}
$data merge entity $(right_foot) {transformation: [-1.0177f,0.052f,0.0824f,-2.5033f,0.0542f,1.0206f,0.0245f,-3.2413f,-0.081f,0.0288f,-1.0187f,0.4663f,0f,0f,0f,1f],start_interpolation: 0,interpolation_duration: 1}
$data merge entity $(right_knee) {transformation: [-2.9538f,0.7141f,0.1324f,-1.5944f,0.7256f,2.878f,0.6653f,0.79f,0.0309f,0.6777f,-2.9651f,1.2837f,0f,0f,0f,1f],start_interpolation: 0,interpolation_duration: 1}
$data merge entity $(right_leg) {transformation: [-1.6683f,0.2761f,-0.3033f,-1.0737f,0.4098f,1.1761f,-1.1833f,2.6918f,0.0175f,-1.2214f,-1.208f,-0.6384f,0f,0f,0f,1f],start_interpolation: 0,interpolation_duration: 1}
$data merge entity $(weist) {transformation: [-1.383f,0.0792f,-0.8445f,-0.4578f,0.1228f,1.6169f,-0.0494f,4.2805f,0.8392f,-0.106f,-1.3844f,-1.2085f,0f,0f,0f,1f],start_interpolation: 0,interpolation_duration: 1}
data modify storage animated_java:temp entry.data merge value {"locators":{"consume":{"px":-0.2932383189,"py":6.6647127321,"pz":2.2899915345,"ry":176.2543104189,"rx":-21.8298301465}}}
# Data Manager: Prepare for Read / Write
execute store result storage animated_java:temp args.id int 1 run scoreboard players get @s aj.id
# Data Manager: Write
function animated_java:global/data_manager/write with storage animated_java:temp args