# This file was generated by Animated Java via MC-Build. It is not recommended to edit this file directly.
$data merge entity $(neck) {transformation: [-0.9797f,0.109f,-0.1684f,-0.1139f,0.0208f,0.8902f,0.4551f,6.1355f,0.1995f,0.4423f,-0.8744f,-0.3645f,0f,0f,0f,1f],start_interpolation: 0,interpolation_duration: 1}
$data merge entity $(right_thumb_2) {transformation: [-0.6086f,-0.7935f,-0.0079f,-0.6031f,0.7243f,-0.5514f,-0.414f,6.5128f,0.3241f,-0.2577f,0.9102f,1.9181f,0f,0f,0f,1f],start_interpolation: 0,interpolation_duration: 1}
$data merge entity $(right_thumb) {transformation: [-0.6086f,-0.6735f,0.4196f,-0.916f,0.7243f,-0.6875f,-0.0529f,6.3997f,0.3241f,0.2717f,0.9062f,2.0408f,0f,0f,0f,1f],start_interpolation: 0,interpolation_duration: 1}
$data merge entity $(right_fingers2) {transformation: [0.9972f,0.0423f,0.0612f,-0.2487f,-0.0172f,0.9311f,-0.3644f,6.7093f,-0.0724f,0.3623f,0.9292f,2.2049f,0f,0f,0f,1f],start_interpolation: 0,interpolation_duration: 1}
$data merge entity $(right_fingers) {transformation: [0.2572f,-0.9644f,0.0612f,-0.5158f,0.9053f,0.2183f,-0.3644f,6.7943f,0.338f,0.1491f,0.9292f,2.2637f,0f,0f,0f,1f],start_interpolation: 0,interpolation_duration: 1}
$data merge entity $(scout) {transformation: [0f,0f,0f,-0.4369f,0f,0f,0f,6.6009f,0f,0f,0f,2.2974f,0f,0f,0f,1f],start_interpolation: 0,interpolation_duration: 1}
$data merge entity $(right_hand) {transformation: [-0.6086f,-0.7911f,0.0612f,-0.996f,0.7243f,-0.5854f,-0.3644f,6.4151f,0.3241f,-0.1774f,0.9292f,2.1943f,0f,0f,0f,1f],start_interpolation: 0,interpolation_duration: 1}
$data merge entity $(right_forearm) {transformation: [-1.2277f,-0.6098f,0.1347f,-1.8584f,0.3927f,-0.9848f,-0.8793f,4.8837f,0.4856f,-0.7453f,1.0516f,1.0899f,0f,0f,0f,1f],start_interpolation: 0,interpolation_duration: 1}
$data merge entity $(right_shoulder) {transformation: [-1.3354f,0.3672f,-0.4813f,-1.126f,0.6047f,0.8629f,-1.0195f,5.8467f,0.028f,-1.1271f,-0.9374f,-0.2597f,0f,0f,0f,1f],start_interpolation: 0,interpolation_duration: 1}
$data merge entity $(right_arm) {transformation: [-0.9797f,0.109f,-0.1684f,-0.5434f,0.0208f,0.8902f,0.4551f,6.0967f,0.1995f,0.4423f,-0.8744f,-0.2515f,0f,0f,0f,1f],start_interpolation: 0,interpolation_duration: 1}
$data merge entity $(left_thumb_2) {transformation: [-0.7549f,0.6452f,-0.1177f,0.8918f,-0.6126f,-0.7578f,-0.2246f,7.1348f,-0.2341f,-0.0974f,0.9673f,1.2387f,0f,0f,0f,1f],start_interpolation: 0,interpolation_duration: 1}
$data merge entity $(left_thumb) {transformation: [-0.7549f,0.4809f,-0.4459f,1.1647f,-0.6126f,-0.7598f,0.2178f,6.9781f,-0.2341f,0.4376f,0.8682f,1.4019f,0f,0f,0f,1f],start_interpolation: 0,interpolation_duration: 1}
$data merge entity $(left_fingers2) {transformation: [0.9697f,0.1718f,-0.1735f,0.5868f,-0.1995f,0.9671f,-0.1577f,7.4583f,0.1407f,0.1875f,0.9721f,1.4596f,0f,0f,0f,1f],start_interpolation: 0,interpolation_duration: 1}
$data merge entity $(left_fingers) {transformation: [0.0422f,0.9839f,-0.1735f,0.8647f,-0.9874f,0.0145f,-0.1577f,7.4891f,-0.1526f,0.1779f,0.9721f,1.5217f,0f,0f,0f,1f],start_interpolation: 0,interpolation_duration: 1}
$data merge entity $(left_hand) {transformation: [-0.7549f,0.6325f,-0.1735f,1.2417f,-0.6126f,-0.7745f,-0.1577f,7.0034f,-0.2341f,-0.0128f,0.9721f,1.5557f,0f,0f,0f,1f],start_interpolation: 0,interpolation_duration: 1}
$data merge entity $(left_forearm) {transformation: [-1.2814f,0.323f,-0.3885f,1.6607f,-0.1318f,-1.2361f,-0.5931f,5.1148f,-0.4877f,-0.5146f,1.1808f,0.8033f,0f,0f,0f,1f],start_interpolation: 0,interpolation_duration: 1}
$data merge entity $(left_shoulder) {transformation: [-1.3697f,-0.434f,0.2923f,0.846f,-0.4602f,0.609f,-1.2519f,5.8049f,0.2492f,-1.2612f,-0.7051f,-0.6614f,0f,0f,0f,1f],start_interpolation: 0,interpolation_duration: 1}
$data merge entity $(left_arm) {transformation: [-0.9797f,0.109f,-0.1684f,0.3237f,0.0208f,0.8902f,0.4551f,6.0783f,0.1995f,0.4423f,-0.8744f,-0.4281f,0f,0f,0f,1f],start_interpolation: 0,interpolation_duration: 1}
$data merge entity $(chest) {transformation: [-1.2526f,0.1393f,-0.2153f,-0.3125f,0.0266f,1.1382f,0.5818f,4.4955f,0.2551f,0.5655f,-1.1179f,-1.1689f,0f,0f,0f,1f],start_interpolation: 0,interpolation_duration: 1}
$data merge entity $(left_cheek) {transformation: [-0.7557f,-0.5866f,-0.2913f,-0.6777f,-0.4407f,0.7844f,-0.4364f,3.281f,0.4845f,-0.2014f,-0.8513f,-1.8499f,0f,0f,0f,1f],start_interpolation: 0,interpolation_duration: 1}
$data merge entity $(left_foot) {transformation: [-0.6288f,0.0148f,-0.806f,1.2176f,-0.0674f,1.0176f,0.0713f,-3.1306f,0.8033f,0.097f,-0.625f,-3.2724f,0f,0f,0f,1f],start_interpolation: 0,interpolation_duration: 1}
$data merge entity $(left_knee) {transformation: [-2.0521f,0.3876f,-2.2115f,1.7224f,-1.0641f,2.4703f,1.4203f,0.377f,1.9771f,1.7319f,-1.531f,-0.9949f,0f,0f,0f,1f],start_interpolation: 0,interpolation_duration: 1}
$data merge entity $(left_leg) {transformation: [-1.159f,-0.9852f,-0.7984f,0.1192f,-0.601f,1.3792f,-0.8294f,2.586f,1.1166f,-0.2802f,-1.2751f,-1.36f,0f,0f,0f,1f],start_interpolation: 0,interpolation_duration: 1}
$data merge entity $(right_cheek) {transformation: [-0.7394f,0.0554f,-0.671f,-1.0874f,0.4328f,0.8024f,-0.4108f,3.4372f,0.5157f,-0.5942f,-0.6173f,-1.5807f,0f,0f,0f,1f],start_interpolation: 0,interpolation_duration: 1}
$data merge entity $(right_foot) {transformation: [-1.0176f,0.0522f,0.0831f,-2.5025f,0.0543f,1.0206f,0.0246f,-3.2338f,-0.0817f,0.0289f,-1.0187f,0.4682f,0f,0f,0f,1f],start_interpolation: 0,interpolation_duration: 1}
$data merge entity $(right_knee) {transformation: [-2.9538f,0.7137f,0.1346f,-1.594f,0.7257f,2.8772f,0.6687f,0.7965f,0.0296f,0.6815f,-2.9643f,1.2909f,0f,0f,0f,1f],start_interpolation: 0,interpolation_duration: 1}
$data merge entity $(right_leg) {transformation: [-1.6683f,0.2759f,-0.3035f,-1.0737f,0.4099f,1.1729f,-1.1864f,2.6933f,0.0167f,-1.2245f,-1.2048f,-0.6362f,0f,0f,0f,1f],start_interpolation: 0,interpolation_duration: 1}
$data merge entity $(weist) {transformation: [-1.3829f,0.0792f,-0.8445f,-0.4578f,0.1245f,1.6167f,-0.0521f,4.2808f,0.839f,-0.1092f,-1.3842f,-1.2095f,0f,0f,0f,1f],start_interpolation: 0,interpolation_duration: 1}
data modify storage animated_java:temp entry.data merge value {"locators":{"consume":{"px":-0.2841607473,"py":6.6713071862,"pz":2.2735208675,"ry":176.2292444069,"rx":-21.3677825986}}}
# Data Manager: Prepare for Read / Write
execute store result storage animated_java:temp args.id int 1 run scoreboard players get @s aj.id
# Data Manager: Write
function animated_java:global/data_manager/write with storage animated_java:temp args