# This file was generated by Animated Java via MC-Build. It is not recommended to edit this file directly.
$data merge entity $(neck) {transformation: [-0.9793f,0.1108f,-0.1693f,-0.1105f,0.0219f,0.8898f,0.4558f,6.1351f,0.2012f,0.4426f,-0.8739f,-0.3648f,0f,0f,0f,1f],start_interpolation: 0,interpolation_duration: 1}
$data merge entity $(right_thumb_2) {transformation: [-0.6063f,-0.7952f,-0.0073f,-0.5953f,0.7281f,-0.5514f,-0.4072f,6.516f,0.3198f,-0.2522f,0.9133f,1.9045f,0f,0f,0f,1f],start_interpolation: 0,interpolation_duration: 1}
$data merge entity $(right_thumb) {transformation: [-0.6063f,-0.6746f,0.4211f,-0.9082f,0.7281f,-0.6839f,-0.0472f,6.4046f,0.3198f,0.278f,0.9058f,2.0285f,0f,0f,0f,1f],start_interpolation: 0,interpolation_duration: 1}
$data merge entity $(right_fingers2) {transformation: [0.9971f,0.0451f,0.062f,-0.2399f,-0.02f,0.9336f,-0.3576f,6.7138f,-0.0741f,0.3553f,0.9318f,2.1892f,0f,0f,0f,1f],start_interpolation: 0,interpolation_duration: 1}
$data merge entity $(right_fingers) {transformation: [0.2599f,-0.9636f,0.062f,-0.5068f,0.9072f,0.2216f,-0.3576f,6.7999f,0.3309f,0.1492f,0.9318f,2.2479f,0f,0f,0f,1f],start_interpolation: 0,interpolation_duration: 1}
$data merge entity $(scout) {transformation: [0f,0f,0f,-0.4282f,0f,0f,0f,6.6065f,0f,0f,0f,2.2829f,0f,0f,0f,1f],start_interpolation: 0,interpolation_duration: 1}
$data merge entity $(right_hand) {transformation: [-0.6063f,-0.7928f,0.062f,-0.9879f,0.7281f,-0.5848f,-0.3576f,6.4213f,0.3198f,-0.1717f,0.9318f,2.1821f,0f,0f,0f,1f],start_interpolation: 0,interpolation_duration: 1}
$data merge entity $(right_forearm) {transformation: [-1.2263f,-0.6124f,0.1354f,-1.8543f,0.3979f,-0.9894f,-0.8717f,4.8829f,0.4848f,-0.737f,1.0578f,1.0905f,0f,0f,0f,1f],start_interpolation: 0,interpolation_duration: 1}
$data merge entity $(right_shoulder) {transformation: [-1.3346f,0.3665f,-0.4842f,-1.1228f,0.6064f,0.8646f,-1.0172f,5.8475f,0.0312f,-1.1261f,-0.9385f,-0.2585f,0f,0f,0f,1f],start_interpolation: 0,interpolation_duration: 1}
$data merge entity $(right_arm) {transformation: [-0.9793f,0.1108f,-0.1693f,-0.5399f,0.0219f,0.8898f,0.4558f,6.0968f,0.2012f,0.4426f,-0.8739f,-0.2511f,0f,0f,0f,1f],start_interpolation: 0,interpolation_duration: 1}
$data merge entity $(left_thumb_2) {transformation: [-0.7547f,0.6458f,-0.1159f,0.8986f,-0.6147f,-0.7577f,-0.2192f,7.1292f,-0.2294f,-0.0942f,0.9688f,1.2225f,0f,0f,0f,1f],start_interpolation: 0,interpolation_duration: 1}
$data merge entity $(left_thumb) {transformation: [-0.7547f,0.4824f,-0.4447f,1.1719f,-0.6147f,-0.7568f,0.2222f,6.9738f,-0.2294f,0.4411f,0.8676f,1.3862f,0f,0f,0f,1f],start_interpolation: 0,interpolation_duration: 1}
$data merge entity $(left_fingers2) {transformation: [0.9702f,0.1711f,-0.1718f,0.5936f,-0.1977f,0.9684f,-0.1523f,7.4537f,0.1403f,0.1817f,0.9733f,1.442f,0f,0f,0f,1f],start_interpolation: 0,interpolation_duration: 1}
$data merge entity $(left_fingers) {transformation: [0.043f,0.9842f,-0.1718f,0.8716f,-0.9882f,0.0166f,-0.1523f,7.4852f,-0.1471f,0.1763f,0.9733f,1.5035f,0f,0f,0f,1f],start_interpolation: 0,interpolation_duration: 1}
$data merge entity $(left_hand) {transformation: [-0.7547f,0.6332f,-0.1718f,1.2491f,-0.6147f,-0.7739f,-0.1523f,7f,-0.2294f,-0.0094f,0.9733f,1.5396f,0f,0f,0f,1f],start_interpolation: 0,interpolation_duration: 1}
$data merge entity $(left_forearm) {transformation: [-1.2823f,0.3207f,-0.3873f,1.6646f,-0.1329f,-1.2394f,-0.586f,5.1067f,-0.485f,-0.5082f,1.1848f,0.7973f,0f,0f,0f,1f],start_interpolation: 0,interpolation_duration: 1}
$data merge entity $(left_shoulder) {transformation: [-1.3699f,-0.4353f,0.2896f,0.8485f,-0.4594f,0.6144f,-1.2495f,5.8034f,0.2496f,-1.2581f,-0.7104f,-0.6634f,0f,0f,0f,1f],start_interpolation: 0,interpolation_duration: 1}
$data merge entity $(left_arm) {transformation: [-0.9793f,0.1108f,-0.1693f,0.3269f,0.0219f,0.8898f,0.4558f,6.0774f,0.2012f,0.4426f,-0.8739f,-0.4292f,0f,0f,0f,1f],start_interpolation: 0,interpolation_duration: 1}
$data merge entity $(chest) {transformation: [-1.2521f,0.1417f,-0.2165f,-0.3125f,0.028f,1.1377f,0.5827f,4.4958f,0.2572f,0.5659f,-1.1173f,-1.1698f,0f,0f,0f,1f],start_interpolation: 0,interpolation_duration: 1}
$data merge entity $(left_cheek) {transformation: [-0.7545f,-0.5884f,-0.2909f,-0.6795f,-0.4416f,0.7829f,-0.4383f,3.2785f,0.4856f,-0.2023f,-0.8504f,-1.8486f,0f,0f,0f,1f],start_interpolation: 0,interpolation_duration: 1}
$data merge entity $(left_foot) {transformation: [-0.6275f,0.015f,-0.807f,1.2183f,-0.068f,1.0176f,0.0718f,-3.1248f,0.8043f,0.0978f,-0.6235f,-3.2697f,0f,0f,0f,1f],start_interpolation: 0,interpolation_duration: 1}
$data merge entity $(left_knee) {transformation: [-2.0487f,0.3907f,-2.2141f,1.7273f,-1.0654f,2.469f,1.4216f,0.3811f,1.9798f,1.733f,-1.5261f,-0.9905f,0f,0f,0f,1f],start_interpolation: 0,interpolation_duration: 1}
$data merge entity $(left_leg) {transformation: [-1.1571f,-0.9883f,-0.7974f,0.1192f,-0.6018f,1.3767f,-0.8331f,2.586f,1.1182f,-0.2818f,-1.2734f,-1.3581f,0f,0f,0f,1f],start_interpolation: 0,interpolation_duration: 1}
$data merge entity $(right_cheek) {transformation: [-0.7393f,0.0553f,-0.6711f,-1.0875f,0.4339f,0.8012f,-0.4121f,3.4364f,0.5148f,-0.5959f,-0.6163f,-1.5805f,0f,0f,0f,1f],start_interpolation: 0,interpolation_duration: 1}
$data merge entity $(right_foot) {transformation: [-1.0176f,0.0522f,0.0837f,-2.5018f,0.0544f,1.0206f,0.0246f,-3.2277f,-0.0823f,0.029f,-1.0186f,0.4697f,0f,0f,0f,1f],start_interpolation: 0,interpolation_duration: 1}
$data merge entity $(right_knee) {transformation: [-2.9538f,0.7134f,0.1364f,-1.5937f,0.7257f,2.8766f,0.6715f,0.8018f,0.0285f,0.6846f,-2.9636f,1.2968f,0f,0f,0f,1f],start_interpolation: 0,interpolation_duration: 1}
$data merge entity $(right_leg) {transformation: [-1.6683f,0.2757f,-0.3037f,-1.0737f,0.4099f,1.1703f,-1.189f,2.6945f,0.0161f,-1.2271f,-1.2023f,-0.6345f,0f,0f,0f,1f],start_interpolation: 0,interpolation_duration: 1}
$data merge entity $(weist) {transformation: [-1.3829f,0.0792f,-0.8445f,-0.4578f,0.1258f,1.6165f,-0.0544f,4.2811f,0.8389f,-0.1119f,-1.3841f,-1.2104f,0f,0f,0f,1f],start_interpolation: 0,interpolation_duration: 1}
data modify storage animated_java:temp entry.data merge value {"locators":{"consume":{"px":-0.2753411736,"py":6.6763908908,"pz":2.2581747526,"ry":176.1906933275,"rx":-20.9552317481}}}
# Data Manager: Prepare for Read / Write
execute store result storage animated_java:temp args.id int 1 run scoreboard players get @s aj.id
# Data Manager: Write
function animated_java:global/data_manager/write with storage animated_java:temp args