# This file was generated by Animated Java via MC-Build. It is not recommended to edit this file directly.
$data merge entity $(neck) {transformation: [-0.979f,0.1125f,-0.1702f,-0.1075f,0.0228f,0.8895f,0.4563f,6.1347f,0.2028f,0.4428f,-0.8734f,-0.3651f,0f,0f,0f,1f],start_interpolation: 0,interpolation_duration: 1}
$data merge entity $(right_thumb_2) {transformation: [-0.6044f,-0.7967f,-0.0064f,-0.588f,0.7312f,-0.5515f,-0.4016f,6.5177f,0.3164f,-0.2474f,0.9158f,1.8924f,0f,0f,0f,1f],start_interpolation: 0,interpolation_duration: 1}
$data merge entity $(right_thumb) {transformation: [-0.6044f,-0.6754f,0.4226f,-0.9009f,0.7312f,-0.6809f,-0.0424f,6.4077f,0.3164f,0.2834f,0.9053f,2.0177f,0f,0f,0f,1f],start_interpolation: 0,interpolation_duration: 1}
$data merge entity $(right_fingers2) {transformation: [0.9969f,0.0475f,0.063f,-0.2318f,-0.0223f,0.9357f,-0.352f,6.7166f,-0.0757f,0.3495f,0.9339f,2.1753f,0f,0f,0f,1f],start_interpolation: 0,interpolation_duration: 1}
$data merge entity $(right_fingers) {transformation: [0.2621f,-0.963f,0.063f,-0.4983f,0.9087f,0.2243f,-0.352f,6.8036f,0.3248f,0.1495f,0.9339f,2.2339f,0f,0f,0f,1f],start_interpolation: 0,interpolation_duration: 1}
$data merge entity $(scout) {transformation: [0f,0f,0f,-0.4201f,0f,0f,0f,6.6103f,0f,0f,0f,2.2699f,0f,0f,0f,1f],start_interpolation: 0,interpolation_duration: 1}
$data merge entity $(right_hand) {transformation: [-0.6044f,-0.7942f,0.063f,-0.9803f,0.7312f,-0.5844f,-0.352f,6.4255f,0.3164f,-0.1667f,0.9339f,2.1712f,0f,0f,0f,1f],start_interpolation: 0,interpolation_duration: 1}
$data merge entity $(right_forearm) {transformation: [-1.225f,-0.6148f,0.1363f,-1.8503f,0.4022f,-0.9933f,-0.8653f,4.8814f,0.4845f,-0.7298f,1.0629f,1.0907f,0f,0f,0f,1f],start_interpolation: 0,interpolation_duration: 1}
$data merge entity $(right_shoulder) {transformation: [-1.3339f,0.3656f,-0.4867f,-1.1199f,0.6078f,0.8667f,-1.0146f,5.8482f,0.0347f,-1.1247f,-0.94f,-0.2573f,0f,0f,0f,1f],start_interpolation: 0,interpolation_duration: 1}
$data merge entity $(right_arm) {transformation: [-0.979f,0.1125f,-0.1702f,-0.5367f,0.0228f,0.8895f,0.4563f,6.0969f,0.2028f,0.4428f,-0.8734f,-0.2508f,0f,0f,0f,1f],start_interpolation: 0,interpolation_duration: 1}
$data merge entity $(left_thumb_2) {transformation: [-0.7546f,0.6462f,-0.1143f,0.9048f,-0.6163f,-0.7577f,-0.2146f,7.1236f,-0.2252f,-0.0915f,0.97f,1.2079f,0f,0f,0f,1f],start_interpolation: 0,interpolation_duration: 1}
$data merge entity $(left_thumb) {transformation: [-0.7546f,0.4836f,-0.4436f,1.1785f,-0.6163f,-0.7543f,0.2262f,6.9691f,-0.2252f,0.444f,0.8672f,1.3719f,0f,0f,0f,1f],start_interpolation: 0,interpolation_duration: 1}
$data merge entity $(left_fingers2) {transformation: [0.9705f,0.1707f,-0.1701f,0.5999f,-0.1964f,0.9693f,-0.1477f,7.4489f,0.1397f,0.1768f,0.9743f,1.4263f,0f,0f,0f,1f],start_interpolation: 0,interpolation_duration: 1}
$data merge entity $(left_fingers) {transformation: [0.0434f,0.9845f,-0.1701f,0.8779f,-0.9889f,0.0181f,-0.1477f,7.4809f,-0.1423f,0.1747f,0.9743f,1.4872f,0f,0f,0f,1f],start_interpolation: 0,interpolation_duration: 1}
$data merge entity $(left_hand) {transformation: [-0.7546f,0.6337f,-0.1701f,1.2559f,-0.6163f,-0.7735f,-0.1477f,6.9962f,-0.2252f,-0.0066f,0.9743f,1.5251f,0f,0f,0f,1f],start_interpolation: 0,interpolation_duration: 1}
$data merge entity $(left_forearm) {transformation: [-1.2832f,0.3186f,-0.3861f,1.6683f,-0.134f,-1.2421f,-0.5799f,5.0989f,-0.4823f,-0.5027f,1.1882f,0.7913f,0f,0f,0f,1f],start_interpolation: 0,interpolation_duration: 1}
$data merge entity $(left_shoulder) {transformation: [-1.37f,-0.4366f,0.2871f,0.8507f,-0.4588f,0.6198f,-1.247f,5.8022f,0.2499f,-1.255f,-0.7158f,-0.6654f,0f,0f,0f,1f],start_interpolation: 0,interpolation_duration: 1}
$data merge entity $(left_arm) {transformation: [-0.979f,0.1125f,-0.1702f,0.3298f,0.0228f,0.8895f,0.4563f,6.0766f,0.2028f,0.4428f,-0.8734f,-0.4302f,0f,0f,0f,1f],start_interpolation: 0,interpolation_duration: 1}
$data merge entity $(chest) {transformation: [-1.2516f,0.1438f,-0.2177f,-0.3125f,0.0292f,1.1373f,0.5834f,4.496f,0.2592f,0.5661f,-1.1167f,-1.1704f,0f,0f,0f,1f],start_interpolation: 0,interpolation_duration: 1}
$data merge entity $(left_cheek) {transformation: [-0.7535f,-0.5897f,-0.2905f,-0.6808f,-0.4422f,0.7817f,-0.4398f,3.2767f,0.4864f,-0.2029f,-0.8498f,-1.8477f,0f,0f,0f,1f],start_interpolation: 0,interpolation_duration: 1}
$data merge entity $(left_foot) {transformation: [-0.6264f,0.0152f,-0.8078f,1.2188f,-0.0684f,1.0175f,0.0722f,-3.1205f,0.8051f,0.0983f,-0.6224f,-3.2677f,0f,0f,0f,1f],start_interpolation: 0,interpolation_duration: 1}
$data merge entity $(left_knee) {transformation: [-2.0462f,0.3931f,-2.216f,1.731f,-1.0664f,2.468f,1.4226f,0.3841f,1.9819f,1.7339f,-1.5224f,-0.9872f,0f,0f,0f,1f],start_interpolation: 0,interpolation_duration: 1}
$data merge entity $(left_leg) {transformation: [-1.1557f,-0.9906f,-0.7965f,0.1192f,-0.6023f,1.3748f,-0.8358f,2.586f,1.1194f,-0.283f,-1.2721f,-1.3567f,0f,0f,0f,1f],start_interpolation: 0,interpolation_duration: 1}
$data merge entity $(right_cheek) {transformation: [-0.7393f,0.0552f,-0.6711f,-1.0876f,0.4348f,0.8002f,-0.4131f,3.4358f,0.5142f,-0.5971f,-0.6156f,-1.5804f,0f,0f,0f,1f],start_interpolation: 0,interpolation_duration: 1}
$data merge entity $(right_foot) {transformation: [-1.0176f,0.0523f,0.0841f,-2.5013f,0.0545f,1.0206f,0.0247f,-3.2231f,-0.0827f,0.029f,-1.0186f,0.4709f,0f,0f,0f,1f],start_interpolation: 0,interpolation_duration: 1}
$data merge entity $(right_knee) {transformation: [-2.9538f,0.7131f,0.1378f,-1.5935f,0.7258f,2.8761f,0.6735f,0.8058f,0.0277f,0.6869f,-2.963f,1.3011f,0f,0f,0f,1f],start_interpolation: 0,interpolation_duration: 1}
$data merge entity $(right_leg) {transformation: [-1.6683f,0.2756f,-0.3039f,-1.0737f,0.4099f,1.1684f,-1.1909f,2.6955f,0.0156f,-1.2289f,-1.2003f,-0.6332f,0f,0f,0f,1f],start_interpolation: 0,interpolation_duration: 1}
$data merge entity $(weist) {transformation: [-1.3829f,0.0792f,-0.8446f,-0.4578f,0.1269f,1.6164f,-0.0561f,4.2813f,0.8387f,-0.1138f,-1.384f,-1.211f,0f,0f,0f,1f],start_interpolation: 0,interpolation_duration: 1}
data modify storage animated_java:temp entry.data merge value {"locators":{"consume":{"px":-0.2671422645,"py":6.6797207747,"pz":2.2445251463,"ry":176.1399776283,"rx":-20.6085910512}}}
# Data Manager: Prepare for Read / Write
execute store result storage animated_java:temp args.id int 1 run scoreboard players get @s aj.id
# Data Manager: Write
function animated_java:global/data_manager/write with storage animated_java:temp args