# This file was generated by Animated Java via MC-Build. It is not recommended to edit this file directly.
$data merge entity $(neck) {transformation: [-0.9786f,0.1138f,-0.1713f,-0.105f,0.0235f,0.8893f,0.4566f,6.1345f,0.2043f,0.4428f,-0.873f,-0.3654f,0f,0f,0f,1f],start_interpolation: 0,interpolation_duration: 1}
$data merge entity $(right_thumb_2) {transformation: [-0.6029f,-0.7978f,-0.0054f,-0.5816f,0.7334f,-0.5516f,-0.3972f,6.5178f,0.3139f,-0.2435f,0.9177f,1.8823f,0f,0f,0f,1f],start_interpolation: 0,interpolation_duration: 1}
$data merge entity $(right_thumb) {transformation: [-0.6029f,-0.6757f,0.4241f,-0.8944f,0.7334f,-0.6787f,-0.0387f,6.4088f,0.3139f,0.2877f,0.9048f,2.0087f,0f,0f,0f,1f],start_interpolation: 0,interpolation_duration: 1}
$data merge entity $(right_fingers2) {transformation: [0.9967f,0.0493f,0.0641f,-0.2246f,-0.024f,0.9373f,-0.3477f,6.7176f,-0.0772f,0.345f,0.9354f,2.1637f,0f,0f,0f,1f],start_interpolation: 0,interpolation_duration: 1}
$data merge entity $(right_fingers) {transformation: [0.2638f,-0.9624f,0.0641f,-0.491f,0.9099f,0.2263f,-0.3477f,6.8052f,0.3201f,0.1501f,0.9354f,2.2223f,0f,0f,0f,1f],start_interpolation: 0,interpolation_duration: 1}
$data merge entity $(scout) {transformation: [0f,0f,0f,-0.4129f,0f,0f,0f,6.6119f,0f,0f,0f,2.2591f,0f,0f,0f,1f],start_interpolation: 0,interpolation_duration: 1}
$data merge entity $(right_hand) {transformation: [-0.6029f,-0.7952f,0.0641f,-0.9736f,0.7334f,-0.5841f,-0.3477f,6.4274f,0.3139f,-0.1626f,0.9354f,2.1622f,0f,0f,0f,1f],start_interpolation: 0,interpolation_duration: 1}
$data merge entity $(right_forearm) {transformation: [-1.2239f,-0.6168f,0.1374f,-1.8465f,0.4055f,-0.9962f,-0.8604f,4.8789f,0.4846f,-0.7241f,1.0668f,1.0905f,0f,0f,0f,1f],start_interpolation: 0,interpolation_duration: 1}
$data merge entity $(right_shoulder) {transformation: [-1.3334f,0.3646f,-0.4889f,-1.1175f,0.6087f,0.8694f,-1.0117f,5.8487f,0.0383f,-1.123f,-0.9419f,-0.2561f,0f,0f,0f,1f],start_interpolation: 0,interpolation_duration: 1}
$data merge entity $(right_arm) {transformation: [-0.9786f,0.1138f,-0.1713f,-0.5341f,0.0235f,0.8893f,0.4566f,6.0969f,0.2043f,0.4428f,-0.873f,-0.2504f,0f,0f,0f,1f],start_interpolation: 0,interpolation_duration: 1}
$data merge entity $(left_thumb_2) {transformation: [-0.7547f,0.6463f,-0.1128f,0.9101f,-0.6174f,-0.7578f,-0.2109f,7.1181f,-0.2217f,-0.0895f,0.971f,1.1954f,0f,0f,0f,1f],start_interpolation: 0,interpolation_duration: 1}
$data merge entity $(left_thumb) {transformation: [-0.7547f,0.4845f,-0.4423f,1.1841f,-0.6174f,-0.7525f,0.2293f,6.9643f,-0.2217f,0.4462f,0.867f,1.3596f,0f,0f,0f,1f],start_interpolation: 0,interpolation_duration: 1}
$data merge entity $(left_fingers2) {transformation: [0.9708f,0.1706f,-0.1687f,0.6054f,-0.1955f,0.9701f,-0.144f,7.4441f,0.139f,0.1728f,0.9751f,1.413f,0f,0f,0f,1f],start_interpolation: 0,interpolation_duration: 1}
$data merge entity $(left_fingers) {transformation: [0.0435f,0.9847f,-0.1687f,0.8836f,-0.9894f,0.0191f,-0.144f,7.4764f,-0.1386f,0.1731f,0.9751f,1.4734f,0f,0f,0f,1f],start_interpolation: 0,interpolation_duration: 1}
$data merge entity $(left_hand) {transformation: [-0.7547f,0.634f,-0.1687f,1.2617f,-0.6174f,-0.7733f,-0.144f,6.9919f,-0.2217f,-0.0046f,0.9751f,1.5126f,0f,0f,0f,1f],start_interpolation: 0,interpolation_duration: 1}
$data merge entity $(left_forearm) {transformation: [-1.284f,0.317f,-0.3848f,1.6717f,-0.1348f,-1.2443f,-0.5751f,5.0916f,-0.4799f,-0.4984f,1.191f,0.7854f,0f,0f,0f,1f],start_interpolation: 0,interpolation_duration: 1}
$data merge entity $(left_shoulder) {transformation: [-1.37f,-0.4379f,0.285f,0.8525f,-0.4587f,0.6252f,-1.2444f,5.8013f,0.2501f,-1.2519f,-0.7211f,-0.6673f,0f,0f,0f,1f],start_interpolation: 0,interpolation_duration: 1}
$data merge entity $(left_arm) {transformation: [-0.9786f,0.1138f,-0.1713f,0.3321f,0.0235f,0.8893f,0.4566f,6.0761f,0.2043f,0.4428f,-0.873f,-0.4312f,0f,0f,0f,1f],start_interpolation: 0,interpolation_duration: 1}
$data merge entity $(chest) {transformation: [-1.2512f,0.1455f,-0.219f,-0.3125f,0.0301f,1.1371f,0.5838f,4.4962f,0.2612f,0.5662f,-1.1162f,-1.1708f,0f,0f,0f,1f],start_interpolation: 0,interpolation_duration: 1}
$data merge entity $(left_cheek) {transformation: [-0.753f,-0.5906f,-0.2903f,-0.6817f,-0.4426f,0.781f,-0.4407f,3.2756f,0.487f,-0.2033f,-0.8494f,-1.8471f,0f,0f,0f,1f],start_interpolation: 0,interpolation_duration: 1}
$data merge entity $(left_foot) {transformation: [-0.6258f,0.0153f,-0.8084f,1.2191f,-0.0687f,1.0175f,0.0725f,-3.1178f,0.8056f,0.0986f,-0.6217f,-3.2664f,0f,0f,0f,1f],start_interpolation: 0,interpolation_duration: 1}
$data merge entity $(left_knee) {transformation: [-2.0446f,0.3946f,-2.2172f,1.7333f,-1.067f,2.4674f,1.4232f,0.386f,1.9832f,1.7344f,-1.5201f,-0.9851f,0f,0f,0f,1f],start_interpolation: 0,interpolation_duration: 1}
$data merge entity $(left_leg) {transformation: [-1.1548f,-0.9921f,-0.796f,0.1192f,-0.6027f,1.3736f,-0.8375f,2.586f,1.1201f,-0.2837f,-1.2713f,-1.3558f,0f,0f,0f,1f],start_interpolation: 0,interpolation_duration: 1}
$data merge entity $(right_cheek) {transformation: [-0.7393f,0.0552f,-0.6712f,-1.0877f,0.4353f,0.7996f,-0.4137f,3.4354f,0.5139f,-0.5979f,-0.6152f,-1.5803f,0f,0f,0f,1f],start_interpolation: 0,interpolation_duration: 1}
$data merge entity $(right_foot) {transformation: [-1.0175f,0.0523f,0.0844f,-2.501f,0.0545f,1.0206f,0.0247f,-3.2203f,-0.083f,0.0291f,-1.0186f,0.4716f,0f,0f,0f,1f],start_interpolation: 0,interpolation_duration: 1}
$data merge entity $(right_knee) {transformation: [-2.9538f,0.7129f,0.1386f,-1.5933f,0.7258f,2.8758f,0.6748f,0.8083f,0.0271f,0.6884f,-2.9627f,1.3039f,0f,0f,0f,1f],start_interpolation: 0,interpolation_duration: 1}
$data merge entity $(right_leg) {transformation: [-1.6683f,0.2755f,-0.3039f,-1.0737f,0.4099f,1.1672f,-1.1921f,2.696f,0.0153f,-1.2301f,-1.1991f,-0.6323f,0f,0f,0f,1f],start_interpolation: 0,interpolation_duration: 1}
$data merge entity $(weist) {transformation: [-1.3829f,0.0792f,-0.8446f,-0.4578f,0.1275f,1.6163f,-0.0571f,4.2815f,0.8387f,-0.1151f,-1.384f,-1.2115f,0f,0f,0f,1f],start_interpolation: 0,interpolation_duration: 1}
data modify storage animated_java:temp entry.data merge value {"locators":{"consume":{"px":-0.259927432,"py":6.6810677182,"pz":2.2331523038,"ry":176.0786681816,"rx":-20.3442049126}}}
# Data Manager: Prepare for Read / Write
execute store result storage animated_java:temp args.id int 1 run scoreboard players get @s aj.id
# Data Manager: Write
function animated_java:global/data_manager/write with storage animated_java:temp args