# This file was generated by Animated Java via MC-Build. It is not recommended to edit this file directly.
$data merge entity $(neck) {transformation: [-0.9783f,0.1148f,-0.1723f,-0.1032f,0.0239f,0.8893f,0.4568f,6.1344f,0.2057f,0.4427f,-0.8727f,-0.3657f,0f,0f,0f,1f],start_interpolation: 0,interpolation_duration: 1}
$data merge entity $(right_thumb_2) {transformation: [-0.602f,-0.7984f,-0.0043f,-0.5764f,0.7347f,-0.5519f,-0.3945f,6.5161f,0.3127f,-0.2407f,0.9189f,1.8748f,0f,0f,0f,1f],start_interpolation: 0,interpolation_duration: 1}
$data merge entity $(right_thumb) {transformation: [-0.602f,-0.6757f,0.4254f,-0.889f,0.7347f,-0.6774f,-0.0362f,6.4076f,0.3127f,0.2907f,0.9043f,2.0019f,0f,0f,0f,1f],start_interpolation: 0,interpolation_duration: 1}
$data merge entity $(right_fingers2) {transformation: [0.9966f,0.0503f,0.0653f,-0.2189f,-0.0248f,0.9383f,-0.3449f,6.7165f,-0.0787f,0.3422f,0.9363f,2.155f,0f,0f,0f,1f],start_interpolation: 0,interpolation_duration: 1}
$data merge entity $(right_fingers) {transformation: [0.2648f,-0.9621f,0.0653f,-0.4851f,0.9107f,0.2273f,-0.3449f,6.8044f,0.317f,0.1509f,0.9363f,2.2138f,0f,0f,0f,1f],start_interpolation: 0,interpolation_duration: 1}
$data merge entity $(scout) {transformation: [0f,0f,0f,-0.4071f,0f,0f,0f,6.6112f,0f,0f,0f,2.2511f,0f,0f,0f,1f],start_interpolation: 0,interpolation_duration: 1}
$data merge entity $(right_hand) {transformation: [-0.602f,-0.7958f,0.0653f,-0.9679f,0.7347f,-0.5842f,-0.3449f,6.4267f,0.3127f,-0.1597f,0.9363f,2.1555f,0f,0f,0f,1f],start_interpolation: 0,interpolation_duration: 1}
$data merge entity $(right_forearm) {transformation: [-1.223f,-0.6183f,0.1386f,-1.8431f,0.4074f,-0.9981f,-0.8573f,4.8755f,0.4853f,-0.7202f,1.0691f,1.0897f,0f,0f,0f,1f],start_interpolation: 0,interpolation_duration: 1}
$data merge entity $(right_shoulder) {transformation: [-1.3331f,0.3633f,-0.4906f,-1.1157f,0.609f,0.8726f,-1.0087f,5.849f,0.042f,-1.1209f,-0.9443f,-0.255f,0f,0f,0f,1f],start_interpolation: 0,interpolation_duration: 1}
$data merge entity $(right_arm) {transformation: [-0.9783f,0.1148f,-0.1723f,-0.5321f,0.0239f,0.8893f,0.4568f,6.097f,0.2057f,0.4427f,-0.8727f,-0.2502f,0f,0f,0f,1f],start_interpolation: 0,interpolation_duration: 1}
$data merge entity $(left_thumb_2) {transformation: [-0.755f,0.6461f,-0.1114f,0.9143f,-0.618f,-0.7581f,-0.2084f,7.1128f,-0.2191f,-0.0885f,0.9717f,1.1856f,0f,0f,0f,1f],start_interpolation: 0,interpolation_duration: 1}
$data merge entity $(left_thumb) {transformation: [-0.755f,0.4851f,-0.4412f,1.1885f,-0.618f,-0.7513f,0.2316f,6.9594f,-0.2191f,0.4475f,0.867f,1.3498f,0f,0f,0f,1f],start_interpolation: 0,interpolation_duration: 1}
$data merge entity $(left_fingers2) {transformation: [0.971f,0.1709f,-0.1673f,0.6099f,-0.1952f,0.9705f,-0.1415f,7.4394f,0.1382f,0.1701f,0.9757f,1.4028f,0f,0f,0f,1f],start_interpolation: 0,interpolation_duration: 1}
$data merge entity $(left_fingers) {transformation: [0.0433f,0.9849f,-0.1673f,0.8882f,-0.9897f,0.0195f,-0.1415f,7.4718f,-0.1361f,0.1717f,0.9757f,1.4627f,0f,0f,0f,1f],start_interpolation: 0,interpolation_duration: 1}
$data merge entity $(left_hand) {transformation: [-0.755f,0.634f,-0.1673f,1.2664f,-0.618f,-0.7734f,-0.1415f,6.9875f,-0.2191f,-0.0035f,0.9757f,1.5026f,0f,0f,0f,1f],start_interpolation: 0,interpolation_duration: 1}
$data merge entity $(left_forearm) {transformation: [-1.2847f,0.3158f,-0.3834f,1.6746f,-0.1356f,-1.2457f,-0.5719f,5.085f,-0.4778f,-0.4957f,1.1929f,0.7797f,0f,0f,0f,1f],start_interpolation: 0,interpolation_duration: 1}
$data merge entity $(left_shoulder) {transformation: [-1.3698f,-0.4394f,0.2835f,0.8537f,-0.4591f,0.6303f,-1.2417f,5.8009f,0.2502f,-1.2488f,-0.7264f,-0.6691f,0f,0f,0f,1f],start_interpolation: 0,interpolation_duration: 1}
$data merge entity $(left_arm) {transformation: [-0.9783f,0.1148f,-0.1723f,0.3338f,0.0239f,0.8893f,0.4568f,6.0759f,0.2057f,0.4427f,-0.8727f,-0.4322f,0f,0f,0f,1f],start_interpolation: 0,interpolation_duration: 1}
$data merge entity $(chest) {transformation: [-1.2508f,0.1468f,-0.2203f,-0.3125f,0.0306f,1.137f,0.584f,4.4962f,0.263f,0.5661f,-1.1158f,-1.171f,0f,0f,0f,1f],start_interpolation: 0,interpolation_duration: 1}
$data merge entity $(left_cheek) {transformation: [-0.7528f,-0.5908f,-0.2902f,-0.6819f,-0.4427f,0.7807f,-0.441f,3.2752f,0.4871f,-0.2035f,-0.8493f,-1.8469f,0f,0f,0f,1f],start_interpolation: 0,interpolation_duration: 1}
$data merge entity $(left_foot) {transformation: [-0.6255f,0.0154f,-0.8085f,1.2192f,-0.0687f,1.0175f,0.0725f,-3.1169f,0.8057f,0.0988f,-0.6215f,-3.266f,0f,0f,0f,1f],start_interpolation: 0,interpolation_duration: 1}
$data merge entity $(left_knee) {transformation: [-2.0441f,0.3952f,-2.2176f,1.734f,-1.0672f,2.4672f,1.4234f,0.3867f,1.9837f,1.7346f,-1.5193f,-0.9844f,0f,0f,0f,1f],start_interpolation: 0,interpolation_duration: 1}
$data merge entity $(left_leg) {transformation: [-1.1545f,-0.9926f,-0.7959f,0.1192f,-0.6028f,1.3732f,-0.8381f,2.5861f,1.1204f,-0.284f,-1.271f,-1.3555f,0f,0f,0f,1f],start_interpolation: 0,interpolation_duration: 1}
$data merge entity $(right_cheek) {transformation: [-0.7392f,0.0552f,-0.6712f,-1.0877f,0.4354f,0.7994f,-0.4139f,3.4353f,0.5137f,-0.5982f,-0.615f,-1.5803f,0f,0f,0f,1f],start_interpolation: 0,interpolation_duration: 1}
$data merge entity $(right_foot) {transformation: [-1.0175f,0.0523f,0.0845f,-2.5008f,0.0546f,1.0206f,0.0247f,-3.2193f,-0.0831f,0.0291f,-1.0186f,0.4719f,0f,0f,0f,1f],start_interpolation: 0,interpolation_duration: 1}
$data merge entity $(right_knee) {transformation: [-2.9538f,0.7129f,0.1389f,-1.5933f,0.7258f,2.8757f,0.6753f,0.8091f,0.027f,0.6889f,-2.9626f,1.3048f,0f,0f,0f,1f],start_interpolation: 0,interpolation_duration: 1}
$data merge entity $(right_leg) {transformation: [-1.6683f,0.2755f,-0.304f,-1.0737f,0.4099f,1.1667f,-1.1925f,2.6962f,0.0152f,-1.2305f,-1.1987f,-0.6321f,0f,0f,0f,1f],start_interpolation: 0,interpolation_duration: 1}
$data merge entity $(weist) {transformation: [-1.3829f,0.0792f,-0.8446f,-0.4578f,0.1277f,1.6163f,-0.0575f,4.2815f,0.8386f,-0.1155f,-1.384f,-1.2116f,0f,0f,0f,1f],start_interpolation: 0,interpolation_duration: 1}
data modify storage animated_java:temp entry.data merge value {"locators":{"consume":{"px":-0.2540574236,"py":6.6802068845,"pz":2.2246397206,"ry":176.0084099515,"rx":-20.1783487775}}}
# Data Manager: Prepare for Read / Write
execute store result storage animated_java:temp args.id int 1 run scoreboard players get @s aj.id
# Data Manager: Write
function animated_java:global/data_manager/write with storage animated_java:temp args
execute unless entity @s[tag=aj.transforms_only] at @s run function animated_java:female/animations/berserk_idle/zzz/frames/25_root_function