# This file was generated by Animated Java via MC-Build. It is not recommended to edit this file directly.
$data merge entity $(neck) {transformation: [-0.978f,0.1154f,-0.1735f,-0.102f,0.024f,0.8893f,0.4566f,6.1345f,0.207f,0.4425f,-0.8726f,-0.3661f,0f,0f,0f,1f],start_interpolation: 0,interpolation_duration: 1}
$data merge entity $(right_thumb_2) {transformation: [-0.6017f,-0.7987f,-0.0029f,-0.5722f,0.735f,-0.5523f,-0.3934f,6.5121f,0.3126f,-0.2389f,0.9194f,1.8692f,0f,0f,0f,1f],start_interpolation: 0,interpolation_duration: 1}
$data merge entity $(right_thumb) {transformation: [-0.6017f,-0.6752f,0.4267f,-0.8846f,0.735f,-0.6772f,-0.0351f,6.4037f,0.3126f,0.2925f,0.9037f,1.9969f,0f,0f,0f,1f],start_interpolation: 0,interpolation_duration: 1}
$data merge entity $(right_fingers2) {transformation: [0.9965f,0.0507f,0.0667f,-0.2143f,-0.0247f,0.9387f,-0.3438f,6.7129f,-0.08f,0.3409f,0.9367f,2.1487f,0f,0f,0f,1f],start_interpolation: 0,interpolation_duration: 1}
$data merge entity $(right_fingers) {transformation: [0.2651f,-0.9619f,0.0667f,-0.4804f,0.9111f,0.2273f,-0.3438f,6.8008f,0.3155f,0.1519f,0.9367f,2.2078f,0f,0f,0f,1f],start_interpolation: 0,interpolation_duration: 1}
$data merge entity $(scout) {transformation: [0f,0f,0f,-0.4023f,0f,0f,0f,6.6077f,0f,0f,0f,2.2452f,0f,0f,0f,1f],start_interpolation: 0,interpolation_duration: 1}
$data merge entity $(right_hand) {transformation: [-0.6017f,-0.7959f,0.0667f,-0.9633f,0.735f,-0.5845f,-0.3438f,6.423f,0.3126f,-0.1578f,0.9367f,2.1507f,0f,0f,0f,1f],start_interpolation: 0,interpolation_duration: 1}
$data merge entity $(right_forearm) {transformation: [-1.2223f,-0.6193f,0.1401f,-1.8401f,0.408f,-0.999f,-0.856f,4.8704f,0.4865f,-0.7181f,1.0699f,1.088f,0f,0f,0f,1f],start_interpolation: 0,interpolation_duration: 1}
$data merge entity $(right_shoulder) {transformation: [-1.3331f,0.3618f,-0.4918f,-1.1144f,0.6088f,0.8769f,-1.0052f,5.8491f,0.046f,-1.1181f,-0.9475f,-0.254f,0f,0f,0f,1f],start_interpolation: 0,interpolation_duration: 1}
$data merge entity $(right_arm) {transformation: [-0.978f,0.1154f,-0.1735f,-0.5308f,0.024f,0.8893f,0.4566f,6.0971f,0.207f,0.4425f,-0.8726f,-0.2499f,0f,0f,0f,1f],start_interpolation: 0,interpolation_duration: 1}
$data merge entity $(left_thumb_2) {transformation: [-0.7556f,0.6457f,-0.1103f,0.9175f,-0.618f,-0.7585f,-0.207f,7.1071f,-0.2173f,-0.0882f,0.9721f,1.1779f,0f,0f,0f,1f],start_interpolation: 0,interpolation_duration: 1}
$data merge entity $(left_thumb) {transformation: [-0.7556f,0.4853f,-0.4399f,1.1919f,-0.618f,-0.7509f,0.233f,6.9538f,-0.2173f,0.4479f,0.8673f,1.3419f,0f,0f,0f,1f],start_interpolation: 0,interpolation_duration: 1}
$data merge entity $(left_fingers2) {transformation: [0.9711f,0.1715f,-0.1661f,0.6136f,-0.1954f,0.9707f,-0.1401f,7.4341f,0.1372f,0.1685f,0.9761f,1.395f,0f,0f,0f,1f],start_interpolation: 0,interpolation_duration: 1}
$data merge entity $(left_fingers) {transformation: [0.0427f,0.9852f,-0.1661f,0.8919f,-0.99f,0.0193f,-0.1401f,7.4665f,-0.1348f,0.1705f,0.9761f,1.4545f,0f,0f,0f,1f],start_interpolation: 0,interpolation_duration: 1}
$data merge entity $(left_hand) {transformation: [-0.7556f,0.6336f,-0.1661f,1.27f,-0.618f,-0.7736f,-0.1401f,6.9821f,-0.2173f,-0.0032f,0.9761f,1.4946f,0f,0f,0f,1f],start_interpolation: 0,interpolation_duration: 1}
$data merge entity $(left_forearm) {transformation: [-1.2853f,0.3151f,-0.3819f,1.6771f,-0.1362f,-1.2464f,-0.5702f,5.0786f,-0.476f,-0.4943f,1.1942f,0.7739f,0f,0f,0f,1f],start_interpolation: 0,interpolation_duration: 1}
$data merge entity $(left_shoulder) {transformation: [-1.3695f,-0.4409f,0.2825f,0.8544f,-0.4601f,0.6358f,-1.2385f,5.8009f,0.25f,-1.2455f,-0.7322f,-0.6707f,0f,0f,0f,1f],start_interpolation: 0,interpolation_duration: 1}
$data merge entity $(left_arm) {transformation: [-0.978f,0.1154f,-0.1735f,0.3348f,0.024f,0.8893f,0.4566f,6.0759f,0.207f,0.4425f,-0.8726f,-0.4331f,0f,0f,0f,1f],start_interpolation: 0,interpolation_duration: 1}
$data merge entity $(chest) {transformation: [-1.2505f,0.1476f,-0.2218f,-0.3125f,0.0306f,1.137f,0.5838f,4.4962f,0.2647f,0.5657f,-1.1156f,-1.1708f,0f,0f,0f,1f],start_interpolation: 0,interpolation_duration: 1}
$data merge entity $(left_cheek) {transformation: [-0.753f,-0.5906f,-0.2903f,-0.6817f,-0.4426f,0.781f,-0.4407f,3.2756f,0.487f,-0.2033f,-0.8494f,-1.8471f,0f,0f,0f,1f],start_interpolation: 0,interpolation_duration: 1}
$data merge entity $(left_foot) {transformation: [-0.6258f,0.0154f,-0.8084f,1.219f,-0.0687f,1.0175f,0.0725f,-3.1178f,0.8056f,0.0986f,-0.6217f,-3.2665f,0f,0f,0f,1f],start_interpolation: 0,interpolation_duration: 1}
$data merge entity $(left_knee) {transformation: [-2.0446f,0.3947f,-2.2172f,1.7332f,-1.067f,2.4674f,1.4232f,0.386f,1.9832f,1.7344f,-1.5201f,-0.9851f,0f,0f,0f,1f],start_interpolation: 0,interpolation_duration: 1}
$data merge entity $(left_leg) {transformation: [-1.1548f,-0.992f,-0.796f,0.1192f,-0.6027f,1.3736f,-0.8375f,2.586f,1.1201f,-0.2837f,-1.2713f,-1.3558f,0f,0f,0f,1f],start_interpolation: 0,interpolation_duration: 1}
$data merge entity $(right_cheek) {transformation: [-0.7393f,0.0552f,-0.6712f,-1.0877f,0.4353f,0.7996f,-0.4137f,3.4354f,0.5139f,-0.5979f,-0.6152f,-1.5803f,0f,0f,0f,1f],start_interpolation: 0,interpolation_duration: 1}
$data merge entity $(right_foot) {transformation: [-1.0175f,0.0523f,0.0844f,-2.5009f,0.0545f,1.0206f,0.0247f,-3.2203f,-0.083f,0.0291f,-1.0186f,0.4716f,0f,0f,0f,1f],start_interpolation: 0,interpolation_duration: 1}
$data merge entity $(right_knee) {transformation: [-2.9538f,0.7129f,0.1386f,-1.5933f,0.7258f,2.8758f,0.6748f,0.8083f,0.0271f,0.6884f,-2.9627f,1.3039f,0f,0f,0f,1f],start_interpolation: 0,interpolation_duration: 1}
$data merge entity $(right_leg) {transformation: [-1.6683f,0.2755f,-0.3039f,-1.0737f,0.4099f,1.1672f,-1.1921f,2.696f,0.0153f,-1.2301f,-1.1991f,-0.6324f,0f,0f,0f,1f],start_interpolation: 0,interpolation_duration: 1}
$data merge entity $(weist) {transformation: [-1.3829f,0.0792f,-0.8446f,-0.4578f,0.1275f,1.6163f,-0.0571f,4.2815f,0.8387f,-0.1151f,-1.384f,-1.2115f,0f,0f,0f,1f],start_interpolation: 0,interpolation_duration: 1}
data modify storage animated_java:temp entry.data merge value {"locators":{"consume":{"px":-0.2493851325,"py":6.6766455076,"pz":2.2184464192,"ry":175.9262539969,"rx":-20.1071229926}}}
# Data Manager: Prepare for Read / Write
execute store result storage animated_java:temp args.id int 1 run scoreboard players get @s aj.id
# Data Manager: Write
function animated_java:global/data_manager/write with storage animated_java:temp args