# This file was generated by Animated Java via MC-Build. It is not recommended to edit this file directly.
$data merge entity $(neck) {transformation: [-0.9777f,0.1159f,-0.1749f,-0.1012f,0.0238f,0.8895f,0.4564f,6.1346f,0.2085f,0.442f,-0.8724f,-0.3665f,0f,0f,0f,1f],start_interpolation: 0,interpolation_duration: 1}
$data merge entity $(right_thumb_2) {transformation: [-0.6018f,-0.7987f,-0.0012f,-0.568f,0.7345f,-0.5529f,-0.3935f,6.5056f,0.3136f,-0.2377f,0.9193f,1.8648f,0f,0f,0f,1f],start_interpolation: 0,interpolation_duration: 1}
$data merge entity $(right_thumb) {transformation: [-0.6018f,-0.6742f,0.4281f,-0.8802f,0.7345f,-0.6777f,-0.0348f,6.3969f,0.3136f,0.2935f,0.903f,1.993f,0f,0f,0f,1f],start_interpolation: 0,interpolation_duration: 1}
$data merge entity $(right_fingers2) {transformation: [0.9964f,0.0505f,0.0684f,-0.2098f,-0.024f,0.9387f,-0.3438f,6.7066f,-0.0816f,0.3409f,0.9365f,2.1438f,0f,0f,0f,1f],start_interpolation: 0,interpolation_duration: 1}
$data merge entity $(right_fingers) {transformation: [0.265f,-0.9618f,0.0684f,-0.4759f,0.9113f,0.2266f,-0.3438f,6.7944f,0.3152f,0.1535f,0.9365f,2.2033f,0f,0f,0f,1f],start_interpolation: 0,interpolation_duration: 1}
$data merge entity $(scout) {transformation: [0f,0f,0f,-0.3976f,0f,0f,0f,6.6013f,0f,0f,0f,2.2405f,0f,0f,0f,1f],start_interpolation: 0,interpolation_duration: 1}
$data merge entity $(right_hand) {transformation: [-0.6018f,-0.7957f,0.0684f,-0.9586f,0.7345f,-0.585f,-0.3438f,6.4162f,0.3136f,-0.1566f,0.9365f,2.1469f,0f,0f,0f,1f],start_interpolation: 0,interpolation_duration: 1}
$data merge entity $(right_forearm) {transformation: [-1.2216f,-0.6202f,0.142f,-1.8366f,0.4076f,-0.9991f,-0.856f,4.8635f,0.4885f,-0.7172f,1.0696f,1.0854f,0f,0f,0f,1f],start_interpolation: 0,interpolation_duration: 1}
$data merge entity $(right_shoulder) {transformation: [-1.3332f,0.3599f,-0.4928f,-1.1133f,0.6081f,0.8825f,-1.0006f,5.8491f,0.0511f,-1.1142f,-0.9517f,-0.2528f,0f,0f,0f,1f],start_interpolation: 0,interpolation_duration: 1}
$data merge entity $(right_arm) {transformation: [-0.9777f,0.1159f,-0.1749f,-0.5298f,0.0238f,0.8895f,0.4564f,6.0972f,0.2085f,0.442f,-0.8724f,-0.2497f,0f,0f,0f,1f],start_interpolation: 0,interpolation_duration: 1}
$data merge entity $(left_thumb_2) {transformation: [-0.7564f,0.6449f,-0.109f,0.9206f,-0.6174f,-0.7591f,-0.2063f,7.1003f,-0.2158f,-0.0887f,0.9724f,1.1709f,0f,0f,0f,1f],start_interpolation: 0,interpolation_duration: 1}
$data merge entity $(left_thumb) {transformation: [-0.7564f,0.4853f,-0.4385f,1.1951f,-0.6174f,-0.7511f,0.2339f,6.947f,-0.2158f,0.4476f,0.8678f,1.3347f,0f,0f,0f,1f],start_interpolation: 0,interpolation_duration: 1}
$data merge entity $(left_fingers2) {transformation: [0.9711f,0.1726f,-0.1648f,0.6173f,-0.1962f,0.9706f,-0.1394f,7.4278f,0.1359f,0.1677f,0.9764f,1.3883f,0f,0f,0f,1f],start_interpolation: 0,interpolation_duration: 1}
$data merge entity $(left_fingers) {transformation: [0.0417f,0.9854f,-0.1648f,0.8957f,-0.9901f,0.0185f,-0.1394f,7.46f,-0.1343f,0.169f,0.9764f,1.4474f,0f,0f,0f,1f],start_interpolation: 0,interpolation_duration: 1}
$data merge entity $(left_hand) {transformation: [-0.7564f,0.6329f,-0.1648f,1.2734f,-0.6174f,-0.7742f,-0.1394f,6.9752f,-0.2158f,-0.0037f,0.9764f,1.4873f,0f,0f,0f,1f],start_interpolation: 0,interpolation_duration: 1}
$data merge entity $(left_forearm) {transformation: [-1.286f,0.3146f,-0.38f,1.6798f,-0.1367f,-1.2466f,-0.5695f,5.0714f,-0.474f,-0.494f,1.1951f,0.7671f,0f,0f,0f,1f],start_interpolation: 0,interpolation_duration: 1}
$data merge entity $(left_shoulder) {transformation: [-1.3691f,-0.4429f,0.2816f,0.8549f,-0.4617f,0.6423f,-1.2345f,5.8012f,0.2495f,-1.2414f,-0.7392f,-0.6724f,0f,0f,0f,1f],start_interpolation: 0,interpolation_duration: 1}
$data merge entity $(left_arm) {transformation: [-0.9777f,0.1159f,-0.1749f,0.3356f,0.0238f,0.8895f,0.4564f,6.0761f,0.2085f,0.442f,-0.8724f,-0.4342f,0f,0f,0f,1f],start_interpolation: 0,interpolation_duration: 1}
$data merge entity $(chest) {transformation: [-1.2501f,0.1482f,-0.2237f,-0.3125f,0.0304f,1.1372f,0.5835f,4.496f,0.2666f,0.5651f,-1.1154f,-1.1704f,0f,0f,0f,1f],start_interpolation: 0,interpolation_duration: 1}
$data merge entity $(left_cheek) {transformation: [-0.7535f,-0.5897f,-0.2905f,-0.6808f,-0.4422f,0.7817f,-0.4398f,3.2767f,0.4864f,-0.2029f,-0.8498f,-1.8477f,0f,0f,0f,1f],start_interpolation: 0,interpolation_duration: 1}
$data merge entity $(left_foot) {transformation: [-0.6264f,0.0152f,-0.8079f,1.2187f,-0.0684f,1.0175f,0.0722f,-3.1205f,0.8051f,0.0983f,-0.6224f,-3.2677f,0f,0f,0f,1f],start_interpolation: 0,interpolation_duration: 1}
$data merge entity $(left_knee) {transformation: [-2.0462f,0.3932f,-2.216f,1.7309f,-1.0664f,2.468f,1.4226f,0.3841f,1.9819f,1.7339f,-1.5224f,-0.9872f,0f,0f,0f,1f],start_interpolation: 0,interpolation_duration: 1}
$data merge entity $(left_leg) {transformation: [-1.1557f,-0.9906f,-0.7966f,0.1192f,-0.6023f,1.3748f,-0.8358f,2.586f,1.1194f,-0.283f,-1.2721f,-1.3567f,0f,0f,0f,1f],start_interpolation: 0,interpolation_duration: 1}
$data merge entity $(right_cheek) {transformation: [-0.7393f,0.0552f,-0.6711f,-1.0876f,0.4348f,0.8002f,-0.4131f,3.4358f,0.5142f,-0.5971f,-0.6156f,-1.5804f,0f,0f,0f,1f],start_interpolation: 0,interpolation_duration: 1}
$data merge entity $(right_foot) {transformation: [-1.0176f,0.0523f,0.0841f,-2.5013f,0.0545f,1.0206f,0.0247f,-3.2232f,-0.0827f,0.029f,-1.0186f,0.4709f,0f,0f,0f,1f],start_interpolation: 0,interpolation_duration: 1}
$data merge entity $(right_knee) {transformation: [-2.9538f,0.7131f,0.1377f,-1.5935f,0.7258f,2.8761f,0.6735f,0.8058f,0.0277f,0.6869f,-2.963f,1.3011f,0f,0f,0f,1f],start_interpolation: 0,interpolation_duration: 1}
$data merge entity $(right_leg) {transformation: [-1.6683f,0.2756f,-0.3039f,-1.0737f,0.4099f,1.1684f,-1.1909f,2.6955f,0.0156f,-1.2289f,-1.2004f,-0.6332f,0f,0f,0f,1f],start_interpolation: 0,interpolation_duration: 1}
$data merge entity $(weist) {transformation: [-1.3829f,0.0792f,-0.8446f,-0.4578f,0.1269f,1.6164f,-0.0561f,4.2813f,0.8387f,-0.1138f,-1.384f,-1.211f,0f,0f,0f,1f],start_interpolation: 0,interpolation_duration: 1}
data modify storage animated_java:temp entry.data merge value {"locators":{"consume":{"px":-0.2447864766,"py":6.6703692045,"pz":2.2135573762,"ry":175.8201067242,"rx":-20.1097297427}}}
# Data Manager: Prepare for Read / Write
execute store result storage animated_java:temp args.id int 1 run scoreboard players get @s aj.id
# Data Manager: Write
function animated_java:global/data_manager/write with storage animated_java:temp args