# This file was generated by Animated Java via MC-Build. It is not recommended to edit this file directly.
$data merge entity $(neck) {transformation: [-0.9774f,0.1162f,-0.1766f,-0.1006f,0.0234f,0.8897f,0.4559f,6.1349f,0.2101f,0.4414f,-0.8723f,-0.3669f,0f,0f,0f,1f],start_interpolation: 0,interpolation_duration: 1}
$data merge entity $(right_thumb_2) {transformation: [-0.6022f,-0.7984f,0.0009f,-0.5639f,0.7334f,-0.5536f,-0.3947f,6.4971f,0.3156f,-0.237f,0.9188f,1.8615f,0f,0f,0f,1f],start_interpolation: 0,interpolation_duration: 1}
$data merge entity $(right_thumb) {transformation: [-0.6022f,-0.6729f,0.4297f,-0.8757f,0.7334f,-0.6789f,-0.0354f,6.3879f,0.3156f,0.2938f,0.9023f,1.9901f,0f,0f,0f,1f],start_interpolation: 0,interpolation_duration: 1}
$data merge entity $(right_fingers2) {transformation: [0.9963f,0.0499f,0.0705f,-0.2055f,-0.0226f,0.9384f,-0.3449f,6.6982f,-0.0833f,0.342f,0.936f,2.1401f,0f,0f,0f,1f],start_interpolation: 0,interpolation_duration: 1}
$data merge entity $(right_fingers) {transformation: [0.2644f,-0.9618f,0.0705f,-0.4716f,0.9112f,0.2252f,-0.3449f,6.7855f,0.3159f,0.1554f,0.936f,2.2001f,0f,0f,0f,1f],start_interpolation: 0,interpolation_duration: 1}
$data merge entity $(scout) {transformation: [0f,0f,0f,-0.393f,0f,0f,0f,6.5925f,0f,0f,0f,2.237f,0f,0f,0f,1f],start_interpolation: 0,interpolation_duration: 1}
$data merge entity $(right_hand) {transformation: [-0.6022f,-0.7953f,0.0705f,-0.954f,0.7334f,-0.5858f,-0.3449f,6.4068f,0.3156f,-0.156f,0.936f,2.1441f,0f,0f,0f,1f],start_interpolation: 0,interpolation_duration: 1}
$data merge entity $(right_forearm) {transformation: [-1.221f,-0.6209f,0.1443f,-1.833f,0.4064f,-0.9985f,-0.8573f,4.855f,0.4911f,-0.7174f,1.0683f,1.0821f,0f,0f,0f,1f],start_interpolation: 0,interpolation_duration: 1}
$data merge entity $(right_shoulder) {transformation: [-1.3335f,0.3575f,-0.4938f,-1.1124f,0.607f,0.8893f,-0.9953f,5.8489f,0.0568f,-1.1096f,-0.9568f,-0.2514f,0f,0f,0f,1f],start_interpolation: 0,interpolation_duration: 1}
$data merge entity $(right_arm) {transformation: [-0.9774f,0.1162f,-0.1766f,-0.529f,0.0234f,0.8897f,0.4559f,6.0973f,0.2101f,0.4414f,-0.8723f,-0.2494f,0f,0f,0f,1f],start_interpolation: 0,interpolation_duration: 1}
$data merge entity $(left_thumb_2) {transformation: [-0.7576f,0.6438f,-0.1077f,0.9235f,-0.6164f,-0.7599f,-0.2063f,7.0929f,-0.2147f,-0.0899f,0.9725f,1.1649f,0f,0f,0f,1f],start_interpolation: 0,interpolation_duration: 1}
$data merge entity $(left_thumb) {transformation: [-0.7576f,0.4851f,-0.4368f,1.1981f,-0.6164f,-0.7518f,0.2343f,6.9391f,-0.2147f,0.4467f,0.8685f,1.3282f,0f,0f,0f,1f],start_interpolation: 0,interpolation_duration: 1}
$data merge entity $(left_fingers2) {transformation: [0.9711f,0.1742f,-0.1634f,0.621f,-0.1975f,0.9704f,-0.1393f,7.4207f,0.1343f,0.1676f,0.9767f,1.3828f,0f,0f,0f,1f],start_interpolation: 0,interpolation_duration: 1}
$data merge entity $(left_fingers) {transformation: [0.0402f,0.9857f,-0.1634f,0.8995f,-0.9901f,0.0172f,-0.1393f,7.4525f,-0.1345f,0.1674f,0.9767f,1.4415f,0f,0f,0f,1f],start_interpolation: 0,interpolation_duration: 1}
$data merge entity $(left_hand) {transformation: [-0.7576f,0.6319f,-0.1634f,1.2766f,-0.6164f,-0.775f,-0.1393f,6.9672f,-0.2147f,-0.0048f,0.9767f,1.4806f,0f,0f,0f,1f],start_interpolation: 0,interpolation_duration: 1}
$data merge entity $(left_forearm) {transformation: [-1.2867f,0.3143f,-0.3778f,1.6827f,-0.1371f,-1.2464f,-0.5698f,5.0637f,-0.4719f,-0.4947f,1.1957f,0.7594f,0f,0f,0f,1f],start_interpolation: 0,interpolation_duration: 1}
$data merge entity $(left_shoulder) {transformation: [-1.3685f,-0.4451f,0.281f,0.8551f,-0.4638f,0.6495f,-1.23f,5.8017f,0.2489f,-1.2368f,-0.7471f,-0.6743f,0f,0f,0f,1f],start_interpolation: 0,interpolation_duration: 1}
$data merge entity $(left_arm) {transformation: [-0.9774f,0.1162f,-0.1766f,0.3361f,0.0234f,0.8897f,0.4559f,6.0765f,0.2101f,0.4414f,-0.8723f,-0.4353f,0f,0f,0f,1f],start_interpolation: 0,interpolation_duration: 1}
$data merge entity $(chest) {transformation: [-1.2496f,0.1486f,-0.2258f,-0.3125f,0.03f,1.1376f,0.5829f,4.4958f,0.2686f,0.5644f,-1.1153f,-1.1698f,0f,0f,0f,1f],start_interpolation: 0,interpolation_duration: 1}
$data merge entity $(left_cheek) {transformation: [-0.7545f,-0.5884f,-0.2909f,-0.6795f,-0.4416f,0.7829f,-0.4383f,3.2785f,0.4856f,-0.2023f,-0.8504f,-1.8486f,0f,0f,0f,1f],start_interpolation: 0,interpolation_duration: 1}
$data merge entity $(left_foot) {transformation: [-0.6274f,0.0151f,-0.807f,1.2182f,-0.068f,1.0176f,0.0718f,-3.1248f,0.8043f,0.0978f,-0.6235f,-3.2698f,0f,0f,0f,1f],start_interpolation: 0,interpolation_duration: 1}
$data merge entity $(left_knee) {transformation: [-2.0487f,0.3908f,-2.2141f,1.7273f,-1.0654f,2.469f,1.4216f,0.3811f,1.9798f,1.733f,-1.5261f,-0.9905f,0f,0f,0f,1f],start_interpolation: 0,interpolation_duration: 1}
$data merge entity $(left_leg) {transformation: [-1.1571f,-0.9883f,-0.7974f,0.1192f,-0.6018f,1.3767f,-0.8331f,2.586f,1.1182f,-0.2818f,-1.2734f,-1.3581f,0f,0f,0f,1f],start_interpolation: 0,interpolation_duration: 1}
$data merge entity $(right_cheek) {transformation: [-0.7393f,0.0553f,-0.6711f,-1.0875f,0.4339f,0.8012f,-0.4121f,3.4364f,0.5149f,-0.5959f,-0.6163f,-1.5805f,0f,0f,0f,1f],start_interpolation: 0,interpolation_duration: 1}
$data merge entity $(right_foot) {transformation: [-1.0176f,0.0522f,0.0837f,-2.5018f,0.0544f,1.0206f,0.0246f,-3.2277f,-0.0823f,0.029f,-1.0186f,0.4697f,0f,0f,0f,1f],start_interpolation: 0,interpolation_duration: 1}
$data merge entity $(right_knee) {transformation: [-2.9538f,0.7133f,0.1364f,-1.5937f,0.7257f,2.8766f,0.6715f,0.8018f,0.0285f,0.6846f,-2.9636f,1.2968f,0f,0f,0f,1f],start_interpolation: 0,interpolation_duration: 1}
$data merge entity $(right_leg) {transformation: [-1.6683f,0.2757f,-0.3037f,-1.0737f,0.4099f,1.1703f,-1.189f,2.6945f,0.0161f,-1.2271f,-1.2023f,-0.6345f,0f,0f,0f,1f],start_interpolation: 0,interpolation_duration: 1}
$data merge entity $(weist) {transformation: [-1.3829f,0.0792f,-0.8446f,-0.4578f,0.1258f,1.6165f,-0.0544f,4.2811f,0.8389f,-0.1119f,-1.3841f,-1.2104f,0f,0f,0f,1f],start_interpolation: 0,interpolation_duration: 1}
data modify storage animated_java:temp entry.data merge value {"locators":{"consume":{"px":-0.2403030368,"py":6.6618295529,"pz":2.209880645,"ry":175.6945316709,"rx":-20.1773891301}}}
# Data Manager: Prepare for Read / Write
execute store result storage animated_java:temp args.id int 1 run scoreboard players get @s aj.id
# Data Manager: Write
function animated_java:global/data_manager/write with storage animated_java:temp args