# This file was generated by Animated Java via MC-Build. It is not recommended to edit this file directly.
$data merge entity $(neck) {transformation: [-0.977f,0.1164f,-0.1784f,-0.1002f,0.0229f,0.8901f,0.4553f,6.1352f,0.2118f,0.4407f,-0.8723f,-0.3674f,0f,0f,0f,1f],start_interpolation: 0,interpolation_duration: 1}
$data merge entity $(right_thumb_2) {transformation: [-0.6028f,-0.7979f,0.0032f,-0.5599f,0.7316f,-0.5543f,-0.3968f,6.487f,0.3183f,-0.2369f,0.9179f,1.8591f,0f,0f,0f,1f],start_interpolation: 0,interpolation_duration: 1}
$data merge entity $(right_thumb) {transformation: [-0.6028f,-0.6712f,0.4314f,-0.8713f,0.7316f,-0.6807f,-0.0368f,6.377f,0.3183f,0.2934f,0.9014f,1.988f,0f,0f,0f,1f],start_interpolation: 0,interpolation_duration: 1}
$data merge entity $(right_fingers2) {transformation: [0.9962f,0.049f,0.0727f,-0.2014f,-0.0208f,0.9377f,-0.347f,6.6881f,-0.0852f,0.3441f,0.9351f,2.1375f,0f,0f,0f,1f],start_interpolation: 0,interpolation_duration: 1}
$data merge entity $(right_fingers) {transformation: [0.2634f,-0.9619f,0.0727f,-0.4675f,0.9109f,0.2232f,-0.347f,6.7748f,0.3175f,0.1576f,0.9351f,2.1983f,0f,0f,0f,1f],start_interpolation: 0,interpolation_duration: 1}
$data merge entity $(scout) {transformation: [0f,0f,0f,-0.3885f,0f,0f,0f,6.5818f,0f,0f,0f,2.2346f,0f,0f,0f,1f],start_interpolation: 0,interpolation_duration: 1}
$data merge entity $(right_hand) {transformation: [-0.6028f,-0.7946f,0.0727f,-0.9493f,0.7316f,-0.5868f,-0.347f,6.3954f,0.3183f,-0.156f,0.9351f,2.1422f,0f,0f,0f,1f],start_interpolation: 0,interpolation_duration: 1}
$data merge entity $(right_forearm) {transformation: [-1.2204f,-0.6215f,0.1468f,-1.8292f,0.4045f,-0.9972f,-0.8597f,4.8455f,0.4942f,-0.7186f,1.0661f,1.0783f,0f,0f,0f,1f],start_interpolation: 0,interpolation_duration: 1}
$data merge entity $(right_shoulder) {transformation: [-1.3338f,0.355f,-0.4947f,-1.1116f,0.6056f,0.8968f,-0.9893f,5.8486f,0.0631f,-1.1043f,-0.9624f,-0.2499f,0f,0f,0f,1f],start_interpolation: 0,interpolation_duration: 1}
$data merge entity $(right_arm) {transformation: [-0.977f,0.1164f,-0.1784f,-0.5284f,0.0229f,0.8901f,0.4553f,6.0974f,0.2118f,0.4407f,-0.8723f,-0.249f,0f,0f,0f,1f],start_interpolation: 0,interpolation_duration: 1}
$data merge entity $(left_thumb_2) {transformation: [-0.759f,0.6423f,-0.1064f,0.9263f,-0.6149f,-0.7609f,-0.207f,7.0849f,-0.2139f,-0.0916f,0.9725f,1.1596f,0f,0f,0f,1f],start_interpolation: 0,interpolation_duration: 1}
$data merge entity $(left_thumb) {transformation: [-0.759f,0.4845f,-0.4349f,1.2008f,-0.6149f,-0.753f,0.2343f,6.9305f,-0.2139f,0.4453f,0.8695f,1.3223f,0f,0f,0f,1f],start_interpolation: 0,interpolation_duration: 1}
$data merge entity $(left_fingers2) {transformation: [0.9709f,0.1761f,-0.162f,0.6246f,-0.1992f,0.9699f,-0.1399f,7.413f,0.1325f,0.1681f,0.9768f,1.3783f,0f,0f,0f,1f],start_interpolation: 0,interpolation_duration: 1}
$data merge entity $(left_fingers) {transformation: [0.0382f,0.986f,-0.162f,0.9034f,-0.9901f,0.0154f,-0.1399f,7.4443f,-0.1354f,0.1658f,0.9768f,1.4366f,0f,0f,0f,1f],start_interpolation: 0,interpolation_duration: 1}
$data merge entity $(left_hand) {transformation: [-0.759f,0.6306f,-0.162f,1.2797f,-0.6149f,-0.7761f,-0.1399f,6.9584f,-0.2139f,-0.0065f,0.9768f,1.4747f,0f,0f,0f,1f],start_interpolation: 0,interpolation_duration: 1}
$data merge entity $(left_forearm) {transformation: [-1.2874f,0.3141f,-0.3754f,1.6856f,-0.1375f,-1.2459f,-0.571f,5.0556f,-0.4698f,-0.4963f,1.1959f,0.7513f,0f,0f,0f,1f],start_interpolation: 0,interpolation_duration: 1}
$data merge entity $(left_shoulder) {transformation: [-1.3678f,-0.4476f,0.2805f,0.8551f,-0.4663f,0.6573f,-1.2249f,5.8025f,0.2482f,-1.2318f,-0.7555f,-0.6763f,0f,0f,0f,1f],start_interpolation: 0,interpolation_duration: 1}
$data merge entity $(left_arm) {transformation: [-0.977f,0.1164f,-0.1784f,0.3364f,0.0229f,0.8901f,0.4553f,6.0771f,0.2118f,0.4407f,-0.8723f,-0.4365f,0f,0f,0f,1f],start_interpolation: 0,interpolation_duration: 1}
$data merge entity $(chest) {transformation: [-1.2492f,0.1489f,-0.2281f,-0.3125f,0.0293f,1.138f,0.5821f,4.4955f,0.2708f,0.5635f,-1.1153f,-1.1689f,0f,0f,0f,1f],start_interpolation: 0,interpolation_duration: 1}
$data merge entity $(left_cheek) {transformation: [-0.7557f,-0.5866f,-0.2914f,-0.6778f,-0.4407f,0.7845f,-0.4364f,3.281f,0.4845f,-0.2014f,-0.8513f,-1.8499f,0f,0f,0f,1f],start_interpolation: 0,interpolation_duration: 1}
$data merge entity $(left_foot) {transformation: [-0.6288f,0.0148f,-0.806f,1.2174f,-0.0674f,1.0176f,0.0713f,-3.1306f,0.8033f,0.097f,-0.625f,-3.2725f,0f,0f,0f,1f],start_interpolation: 0,interpolation_duration: 1}
$data merge entity $(left_knee) {transformation: [-2.0521f,0.3876f,-2.2115f,1.7223f,-1.0641f,2.4703f,1.4203f,0.377f,1.9771f,1.7319f,-1.531f,-0.9949f,0f,0f,0f,1f],start_interpolation: 0,interpolation_duration: 1}
$data merge entity $(left_leg) {transformation: [-1.159f,-0.9852f,-0.7985f,0.1192f,-0.601f,1.3792f,-0.8294f,2.586f,1.1166f,-0.2802f,-1.2751f,-1.36f,0f,0f,0f,1f],start_interpolation: 0,interpolation_duration: 1}
$data merge entity $(right_cheek) {transformation: [-0.7394f,0.0554f,-0.671f,-1.0874f,0.4328f,0.8024f,-0.4108f,3.4372f,0.5157f,-0.5941f,-0.6173f,-1.5807f,0f,0f,0f,1f],start_interpolation: 0,interpolation_duration: 1}
$data merge entity $(right_foot) {transformation: [-1.0177f,0.0521f,0.0831f,-2.5024f,0.0543f,1.0206f,0.0246f,-3.2339f,-0.0817f,0.0289f,-1.0187f,0.4682f,0f,0f,0f,1f],start_interpolation: 0,interpolation_duration: 1}
$data merge entity $(right_knee) {transformation: [-2.9538f,0.7137f,0.1346f,-1.594f,0.7256f,2.8772f,0.6687f,0.7964f,0.0296f,0.6815f,-2.9643f,1.2909f,0f,0f,0f,1f],start_interpolation: 0,interpolation_duration: 1}
$data merge entity $(right_leg) {transformation: [-1.6683f,0.2759f,-0.3035f,-1.0737f,0.4098f,1.173f,-1.1864f,2.6933f,0.0167f,-1.2245f,-1.2048f,-0.6362f,0f,0f,0f,1f],start_interpolation: 0,interpolation_duration: 1}
$data merge entity $(weist) {transformation: [-1.3829f,0.0792f,-0.8445f,-0.4578f,0.1244f,1.6167f,-0.0521f,4.2808f,0.839f,-0.1092f,-1.3842f,-1.2095f,0f,0f,0f,1f],start_interpolation: 0,interpolation_duration: 1}
data modify storage animated_java:temp entry.data merge value {"locators":{"consume":{"px":-0.2359760858,"py":6.6514699511,"pz":2.2073252369,"ry":175.5539828769,"rx":-20.3012984661}}}
# Data Manager: Prepare for Read / Write
execute store result storage animated_java:temp args.id int 1 run scoreboard players get @s aj.id
# Data Manager: Write
function animated_java:global/data_manager/write with storage animated_java:temp args