# This file was generated by Animated Java via MC-Build. It is not recommended to edit this file directly.
$data merge entity $(neck) {transformation: [-0.9788f,0.111f,-0.1722f,-0.1101f,0.0256f,0.9002f,0.4347f,6.145f,0.2033f,0.421f,-0.884f,-0.3769f,0f,0f,0f,1f],start_interpolation: 0,interpolation_duration: 1}
$data merge entity $(right_thumb_2) {transformation: [-0.6295f,-0.7769f,0.0091f,-0.5916f,0.6737f,-0.5517f,-0.4917f,6.3858f,0.387f,-0.3034f,0.8707f,1.9986f,0f,0f,0f,1f],start_interpolation: 0,interpolation_duration: 1}
$data merge entity $(right_thumb) {transformation: [-0.6295f,-0.6504f,0.4251f,-0.9001f,0.6737f,-0.7294f,-0.1183f,6.2527f,0.387f,0.212f,0.8974f,2.1115f,0f,0f,0f,1f],start_interpolation: 0,interpolation_duration: 1}
$data merge entity $(right_fingers2) {transformation: [0.9969f,0.0148f,0.0768f,-0.2422f,0.0207f,0.8969f,-0.4417f,6.5677f,-0.0754f,0.4419f,0.8939f,2.3008f,0f,0f,0f,1f],start_interpolation: 0,interpolation_duration: 1}
$data merge entity $(right_fingers) {transformation: [0.2302f,-0.9701f,0.0768f,-0.5116f,0.8801f,0.1739f,-0.4417f,6.6388f,0.4152f,0.1693f,0.8939f,2.3673f,0f,0f,0f,1f],start_interpolation: 0,interpolation_duration: 1}
$data merge entity $(scout) {transformation: [0f,0f,0f,-0.4265f,0f,0f,0f,6.4457f,0f,0f,0f,2.3839f,0f,0f,0f,1f],start_interpolation: 0,interpolation_duration: 1}
$data merge entity $(right_hand) {transformation: [-0.6295f,-0.7732f,0.0768f,-0.9799f,0.6737f,-0.5924f,-0.4417f,6.2521f,0.387f,-0.2263f,0.8939f,2.2659f,0f,0f,0f,1f],start_interpolation: 0,interpolation_duration: 1}
$data merge entity $(right_forearm) {transformation: [-1.2252f,-0.6134f,0.1403f,-1.8476f,0.348f,-0.9164f,-0.9676f,4.8223f,0.5242f,-0.8253f,0.9702f,1.0366f,0f,0f,0f,1f],start_interpolation: 0,interpolation_duration: 1}
$data merge entity $(right_shoulder) {transformation: [-1.3355f,0.3617f,-0.4853f,-1.1218f,0.6014f,0.9243f,-0.9664f,5.859f,0.0675f,-1.0793f,-0.9902f,-0.261f,0f,0f,0f,1f],start_interpolation: 0,interpolation_duration: 1}
$data merge entity $(right_arm) {transformation: [-0.9788f,0.111f,-0.1722f,-0.5392f,0.0256f,0.9002f,0.4347f,6.109f,0.2033f,0.421f,-0.884f,-0.2612f,0f,0f,0f,1f],start_interpolation: 0,interpolation_duration: 1}
$data merge entity $(left_thumb_2) {transformation: [-0.7972f,0.59f,-0.1279f,0.9121f,-0.543f,-0.7934f,-0.2752f,7.0876f,-0.2638f,-0.15f,0.9528f,1.3334f,0f,0f,0f,1f],start_interpolation: 0,interpolation_duration: 1}
$data merge entity $(left_thumb) {transformation: [-0.7972f,0.4289f,-0.4248f,1.1743f,-0.543f,-0.817f,0.1942f,6.9025f,-0.2638f,0.3855f,0.8842f,1.4841f,0f,0f,0f,1f],start_interpolation: 0,interpolation_duration: 1}
$data merge entity $(left_fingers2) {transformation: [0.9541f,0.2401f,-0.1788f,0.6317f,-0.2748f,0.9394f,-0.205f,7.4172f,0.1187f,0.2447f,0.9623f,1.5767f,0f,0f,0f,1f],start_interpolation: 0,interpolation_duration: 1}
$data merge entity $(left_fingers) {transformation: [-0.0279f,0.9835f,-0.1788f,0.9114f,-0.9766f,-0.065f,-0.205f,7.4248f,-0.2132f,0.1689f,0.9623f,1.6379f,0f,0f,0f,1f],start_interpolation: 0,interpolation_duration: 1}
$data merge entity $(left_hand) {transformation: [-0.7972f,0.5766f,-0.1788f,1.2536f,-0.543f,-0.8143f,-0.205f,6.9128f,-0.2638f,-0.0664f,0.9623f,1.6383f,0f,0f,0f,1f],start_interpolation: 0,interpolation_duration: 1}
$data merge entity $(left_forearm) {transformation: [-1.2834f,0.3207f,-0.3835f,1.6693f,-0.1018f,-1.2021f,-0.6646f,5.0741f,-0.4895f,-0.5909f,1.1438f,0.7697f,0f,0f,0f,1f],start_interpolation: 0,interpolation_duration: 1}
$data merge entity $(left_shoulder) {transformation: [-1.3687f,-0.4394f,0.2888f,0.8484f,-0.4671f,0.6462f,-1.2304f,5.8074f,0.2415f,-1.2406f,-0.7433f,-0.6703f,0f,0f,0f,1f],start_interpolation: 0,interpolation_duration: 1}
$data merge entity $(left_arm) {transformation: [-0.9788f,0.111f,-0.1722f,0.3271f,0.0256f,0.9002f,0.4347f,6.0863f,0.2033f,0.421f,-0.884f,-0.4411f,0f,0f,0f,1f],start_interpolation: 0,interpolation_duration: 1}
$data merge entity $(chest) {transformation: [-1.2514f,0.142f,-0.2202f,-0.3125f,0.0328f,1.151f,0.5558f,4.4869f,0.2599f,0.5383f,-1.1302f,-1.1422f,0f,0f,0f,1f],start_interpolation: 0,interpolation_duration: 1}
$data merge entity $(left_cheek) {transformation: [-0.7911f,-0.5302f,-0.3051f,-0.6219f,-0.4118f,0.8303f,-0.3755f,3.3559f,0.4524f,-0.1714f,-0.8752f,-1.8853f,0f,0f,0f,1f],start_interpolation: 0,interpolation_duration: 1}
$data merge entity $(left_foot) {transformation: [-0.6691f,0.0098f,-0.7729f,1.1797f,-0.0482f,1.0198f,0.0547f,-3.3022f,0.7715f,0.0723f,-0.667f,-3.3507f,0f,0f,0f,1f],start_interpolation: 0,interpolation_duration: 1}
$data merge entity $(left_knee) {transformation: [-2.1506f,0.2984f,-2.1303f,1.5673f,-1.0172f,2.5132f,1.3789f,0.2617f,1.8954f,1.6873f,-1.6771f,-1.1384f,0f,0f,0f,1f],start_interpolation: 0,interpolation_duration: 1}
$data merge entity $(left_leg) {transformation: [-1.2146f,-0.8875f,-0.8297f,0.1193f,-0.5745f,1.4534f,-0.7134f,2.5871f,1.0705f,-0.2269f,-1.3244f,-1.4186f,0f,0f,0f,1f],start_interpolation: 0,interpolation_duration: 1}
$data merge entity $(right_cheek) {transformation: [-0.7413f,0.0577f,-0.6687f,-1.0837f,0.3984f,0.8397f,-0.3691f,3.4619f,0.5402f,-0.54f,-0.6454f,-1.5841f,0f,0f,0f,1f],start_interpolation: 0,interpolation_duration: 1}
$data merge entity $(right_foot) {transformation: [-1.0191f,0.0494f,0.0647f,-2.5194f,0.0509f,1.0208f,0.0231f,-3.4145f,-0.0634f,0.0262f,-1.0201f,0.4177f,0f,0f,0f,1f],start_interpolation: 0,interpolation_duration: 1}
$data merge entity $(right_knee) {transformation: [-2.9538f,0.7223f,0.076f,-1.6014f,0.7233f,2.8964f,0.5831f,0.6388f,0.0661f,0.5843f,-2.9843f,1.1062f,0f,0f,0f,1f],start_interpolation: 0,interpolation_duration: 1}
$data merge entity $(right_leg) {transformation: [-1.6683f,0.2806f,-0.2992f,-1.0737f,0.4085f,1.2506f,-1.1047f,2.6577f,0.0374f,-1.1439f,-1.2812f,-0.6904f,0f,0f,0f,1f],start_interpolation: 0,interpolation_duration: 1}
$data merge entity $(weist) {transformation: [-1.383f,0.0792f,-0.8445f,-0.4578f,0.0819f,1.6202f,0.0178f,4.2722f,0.8442f,-0.0274f,-1.3851f,-1.1828f,0f,0f,0f,1f],start_interpolation: 0,interpolation_duration: 1}
data modify storage animated_java:temp entry.data merge value {"locators":{"consume":{"px":-0.2761233544,"py":6.5227954843,"pz":2.365944217,"ry":175.090381672,"rx":-26.2129436266}}}
# Data Manager: Prepare for Read / Write
execute store result storage animated_java:temp args.id int 1 run scoreboard players get @s aj.id
# Data Manager: Write
function animated_java:global/data_manager/write with storage animated_java:temp args