# This file was generated by Animated Java via MC-Build. It is not recommended to edit this file directly.
$data merge entity $(neck) {transformation: [-0.9767f,0.1165f,-0.1803f,-0.1001f,0.0223f,0.8905f,0.4545f,6.1356f,0.2135f,0.4399f,-0.8723f,-0.3679f,0f,0f,0f,1f],start_interpolation: 0,interpolation_duration: 1}
$data merge entity $(right_thumb_2) {transformation: [-0.6037f,-0.7972f,0.0056f,-0.5561f,0.7294f,-0.5552f,-0.3997f,6.4757f,0.3217f,-0.2372f,0.9166f,1.8577f,0f,0f,0f,1f],start_interpolation: 0,interpolation_duration: 1}
$data merge entity $(right_thumb) {transformation: [-0.6037f,-0.6693f,0.4331f,-0.867f,0.7294f,-0.683f,-0.0388f,6.3646f,0.3217f,0.2925f,0.9005f,1.9868f,0f,0f,0f,1f],start_interpolation: 0,interpolation_duration: 1}
$data merge entity $(right_fingers2) {transformation: [0.996f,0.0477f,0.0751f,-0.1974f,-0.0185f,0.9367f,-0.3498f,6.6766f,-0.087f,0.347f,0.9338f,2.1361f,0f,0f,0f,1f],start_interpolation: 0,interpolation_duration: 1}
$data merge entity $(right_fingers) {transformation: [0.2621f,-0.9621f,0.0751f,-0.4637f,0.9105f,0.2208f,-0.3498f,6.7626f,0.3199f,0.16f,0.9338f,2.1976f,0f,0f,0f,1f],start_interpolation: 0,interpolation_duration: 1}
$data merge entity $(scout) {transformation: [0f,0f,0f,-0.3842f,0f,0f,0f,6.5697f,0f,0f,0f,2.2331f,0f,0f,0f,1f],start_interpolation: 0,interpolation_duration: 1}
$data merge entity $(right_hand) {transformation: [-0.6037f,-0.7937f,0.0751f,-0.9448f,0.7294f,-0.5879f,-0.3498f,6.3824f,0.3217f,-0.1564f,0.9338f,2.1412f,0f,0f,0f,1f],start_interpolation: 0,interpolation_duration: 1}
$data merge entity $(right_forearm) {transformation: [-1.2198f,-0.622f,0.1493f,-1.8254f,0.402f,-0.9955f,-0.8629f,4.8352f,0.4976f,-0.7206f,1.0631f,1.074f,0f,0f,0f,1f],start_interpolation: 0,interpolation_duration: 1}
$data merge entity $(right_shoulder) {transformation: [-1.3342f,0.3522f,-0.4956f,-1.111f,0.604f,0.9049f,-0.9829f,5.8483f,0.0697f,-1.0986f,-0.9685f,-0.2483f,0f,0f,0f,1f],start_interpolation: 0,interpolation_duration: 1}
$data merge entity $(right_arm) {transformation: [-0.9767f,0.1165f,-0.1803f,-0.528f,0.0223f,0.8905f,0.4545f,6.0975f,0.2135f,0.4399f,-0.8723f,-0.2487f,0f,0f,0f,1f],start_interpolation: 0,interpolation_duration: 1}
$data merge entity $(left_thumb_2) {transformation: [-0.7607f,0.6406f,-0.1052f,0.9289f,-0.6131f,-0.7621f,-0.2081f,7.0766f,-0.2135f,-0.0938f,0.9724f,1.1553f,0f,0f,0f,1f],start_interpolation: 0,interpolation_duration: 1}
$data merge entity $(left_thumb) {transformation: [-0.7607f,0.4837f,-0.4329f,1.2034f,-0.6131f,-0.7546f,0.234f,6.9214f,-0.2135f,0.4434f,0.8705f,1.3173f,0f,0f,0f,1f],start_interpolation: 0,interpolation_duration: 1}
$data merge entity $(left_fingers2) {transformation: [0.9708f,0.1784f,-0.1606f,0.6283f,-0.2014f,0.9693f,-0.1409f,7.405f,0.1306f,0.1691f,0.9769f,1.375f,0f,0f,0f,1f],start_interpolation: 0,interpolation_duration: 1}
$data merge entity $(left_fingers) {transformation: [0.0359f,0.9864f,-0.1606f,0.9072f,-0.9899f,0.0131f,-0.1409f,7.4357f,-0.1369f,0.1641f,0.9769f,1.4327f,0f,0f,0f,1f],start_interpolation: 0,interpolation_duration: 1}
$data merge entity $(left_hand) {transformation: [-0.7607f,0.629f,-0.1606f,1.2826f,-0.6131f,-0.7774f,-0.1409f,6.9489f,-0.2135f,-0.0087f,0.9769f,1.4695f,0f,0f,0f,1f],start_interpolation: 0,interpolation_duration: 1}
$data merge entity $(left_forearm) {transformation: [-1.2882f,0.3141f,-0.3729f,1.6885f,-0.1377f,-1.245f,-0.5729f,5.0475f,-0.4677f,-0.4985f,1.1957f,0.7428f,0f,0f,0f,1f],start_interpolation: 0,interpolation_duration: 1}
$data merge entity $(left_shoulder) {transformation: [-1.367f,-0.4502f,0.2801f,0.855f,-0.469f,0.6653f,-1.2195f,5.8034f,0.2474f,-1.2266f,-0.7643f,-0.6782f,0f,0f,0f,1f],start_interpolation: 0,interpolation_duration: 1}
$data merge entity $(left_arm) {transformation: [-0.9767f,0.1165f,-0.1803f,0.3365f,0.0223f,0.8905f,0.4545f,6.0778f,0.2135f,0.4399f,-0.8723f,-0.4377f,0f,0f,0f,1f],start_interpolation: 0,interpolation_duration: 1}
$data merge entity $(chest) {transformation: [-1.2487f,0.149f,-0.2306f,-0.3125f,0.0286f,1.1385f,0.5811f,4.4952f,0.273f,0.5624f,-1.1153f,-1.1678f,0f,0f,0f,1f],start_interpolation: 0,interpolation_duration: 1}
$data merge entity $(left_cheek) {transformation: [-0.7571f,-0.5844f,-0.2919f,-0.6756f,-0.4396f,0.7864f,-0.434f,3.284f,0.4832f,-0.2003f,-0.8523f,-1.8514f,0f,0f,0f,1f],start_interpolation: 0,interpolation_duration: 1}
$data merge entity $(left_foot) {transformation: [-0.6305f,0.0145f,-0.8046f,1.2165f,-0.0667f,1.0177f,0.0707f,-3.1376f,0.802f,0.0961f,-0.6267f,-3.2758f,0f,0f,0f,1f],start_interpolation: 0,interpolation_duration: 1}
$data merge entity $(left_knee) {transformation: [-2.0562f,0.3838f,-2.2084f,1.7163f,-1.0624f,2.4719f,1.4188f,0.3721f,1.9737f,1.7304f,-1.537f,-1.0004f,0f,0f,0f,1f],start_interpolation: 0,interpolation_duration: 1}
$data merge entity $(left_leg) {transformation: [-1.1613f,-0.9814f,-0.7998f,0.1192f,-0.6001f,1.3824f,-0.8249f,2.5859f,1.1147f,-0.2782f,-1.2772f,-1.3623f,0f,0f,0f,1f],start_interpolation: 0,interpolation_duration: 1}
$data merge entity $(right_cheek) {transformation: [-0.7395f,0.0555f,-0.6709f,-1.0872f,0.4315f,0.804f,-0.4092f,3.4381f,0.5167f,-0.592f,-0.6185f,-1.5809f,0f,0f,0f,1f],start_interpolation: 0,interpolation_duration: 1}
$data merge entity $(right_foot) {transformation: [-1.0177f,0.052f,0.0824f,-2.5032f,0.0542f,1.0206f,0.0245f,-3.2414f,-0.081f,0.0288f,-1.0187f,0.4662f,0f,0f,0f,1f],start_interpolation: 0,interpolation_duration: 1}
$data merge entity $(right_knee) {transformation: [-2.9538f,0.7141f,0.1323f,-1.5943f,0.7256f,2.878f,0.6653f,0.7899f,0.031f,0.6777f,-2.9651f,1.2837f,0f,0f,0f,1f],start_interpolation: 0,interpolation_duration: 1}
$data merge entity $(right_leg) {transformation: [-1.6683f,0.2761f,-0.3033f,-1.0737f,0.4098f,1.1761f,-1.1833f,2.6918f,0.0175f,-1.2214f,-1.208f,-0.6384f,0f,0f,0f,1f],start_interpolation: 0,interpolation_duration: 1}
$data merge entity $(weist) {transformation: [-1.383f,0.0792f,-0.8445f,-0.4578f,0.1228f,1.6169f,-0.0493f,4.2805f,0.8393f,-0.1059f,-1.3843f,-1.2085f,0f,0f,0f,1f],start_interpolation: 0,interpolation_duration: 1}
data modify storage animated_java:temp entry.data merge value {"locators":{"consume":{"px":-0.2318498623,"py":6.6397278436,"pz":2.2058050284,"ry":175.4028609403,"rx":-20.4726422492}}}
# Data Manager: Prepare for Read / Write
execute store result storage animated_java:temp args.id int 1 run scoreboard players get @s aj.id
# Data Manager: Write
function animated_java:global/data_manager/write with storage animated_java:temp args
execute unless entity @s[tag=aj.transforms_only] at @s run function animated_java:female/animations/berserk_idle/zzz/frames/30_root_function