# This file was generated by Animated Java via MC-Build. It is not recommended to edit this file directly.
$data merge entity $(neck) {transformation: [-0.9763f,0.1166f,-0.1823f,-0.1001f,0.0217f,0.8909f,0.4537f,6.136f,0.2153f,0.439f,-0.8723f,-0.3683f,0f,0f,0f,1f],start_interpolation: 0,interpolation_duration: 1}
$data merge entity $(right_thumb_2) {transformation: [-0.6048f,-0.7963f,0.0082f,-0.5524f,0.7268f,-0.5561f,-0.4032f,6.4636f,0.3256f,-0.2379f,0.9151f,1.8571f,0f,0f,0f,1f],start_interpolation: 0,interpolation_duration: 1}
$data merge entity $(right_thumb) {transformation: [-0.6048f,-0.6672f,0.4348f,-0.8629f,0.7268f,-0.6856f,-0.0413f,6.3514f,0.3256f,0.291f,0.8996f,1.9863f,0f,0f,0f,1f],start_interpolation: 0,interpolation_duration: 1}
$data merge entity $(right_fingers2) {transformation: [0.9959f,0.0462f,0.0775f,-0.1938f,-0.0159f,0.9354f,-0.3532f,6.6643f,-0.0888f,0.3505f,0.9323f,2.1356f,0f,0f,0f,1f],start_interpolation: 0,interpolation_duration: 1}
$data merge entity $(right_fingers) {transformation: [0.2606f,-0.9623f,0.0775f,-0.4601f,0.9098f,0.218f,-0.3532f,6.7495f,0.323f,0.1626f,0.9323f,2.1979f,0f,0f,0f,1f],start_interpolation: 0,interpolation_duration: 1}
$data merge entity $(scout) {transformation: [0f,0f,0f,-0.3801f,0f,0f,0f,6.5566f,0f,0f,0f,2.2325f,0f,0f,0f,1f],start_interpolation: 0,interpolation_duration: 1}
$data merge entity $(right_hand) {transformation: [-0.6048f,-0.7926f,0.0775f,-0.9404f,0.7268f,-0.5891f,-0.3532f,6.3684f,0.3256f,-0.1572f,0.9323f,2.1409f,0f,0f,0f,1f],start_interpolation: 0,interpolation_duration: 1}
$data merge entity $(right_forearm) {transformation: [-1.2192f,-0.6225f,0.152f,-1.8216f,0.399f,-0.9932f,-0.8668f,4.8245f,0.5013f,-0.7233f,1.0595f,1.0693f,0f,0f,0f,1f],start_interpolation: 0,interpolation_duration: 1}
$data merge entity $(right_shoulder) {transformation: [-1.3346f,0.3495f,-0.4964f,-1.1106f,0.6022f,0.9133f,-0.9762f,5.848f,0.0765f,-1.0925f,-0.9749f,-0.2468f,0f,0f,0f,1f],start_interpolation: 0,interpolation_duration: 1}
$data merge entity $(right_arm) {transformation: [-0.9763f,0.1166f,-0.1823f,-0.5278f,0.0217f,0.8909f,0.4537f,6.0977f,0.2153f,0.439f,-0.8723f,-0.2484f,0f,0f,0f,1f],start_interpolation: 0,interpolation_duration: 1}
$data merge entity $(left_thumb_2) {transformation: [-0.7625f,0.6386f,-0.104f,0.9313f,-0.6108f,-0.7635f,-0.2097f,7.0683f,-0.2133f,-0.0964f,0.9722f,1.1518f,0f,0f,0f,1f],start_interpolation: 0,interpolation_duration: 1}
$data merge entity $(left_thumb) {transformation: [-0.7625f,0.4827f,-0.4308f,1.2057f,-0.6108f,-0.7566f,0.2334f,6.9121f,-0.2133f,0.4411f,0.8717f,1.3131f,0f,0f,0f,1f],start_interpolation: 0,interpolation_duration: 1}
$data merge entity $(left_fingers2) {transformation: [0.9705f,0.1811f,-0.1593f,0.6319f,-0.204f,0.9686f,-0.1423f,7.397f,0.1285f,0.1706f,0.9769f,1.3727f,0f,0f,0f,1f],start_interpolation: 0,interpolation_duration: 1}
$data merge entity $(left_fingers) {transformation: [0.0333f,0.9867f,-0.1593f,0.911f,-0.9898f,0.0104f,-0.1423f,7.4269f,-0.1388f,0.1624f,0.9769f,1.43f,0f,0f,0f,1f],start_interpolation: 0,interpolation_duration: 1}
$data merge entity $(left_hand) {transformation: [-0.7625f,0.6271f,-0.1593f,1.2852f,-0.6108f,-0.7789f,-0.1423f,6.9391f,-0.2133f,-0.0113f,0.9769f,1.4652f,0f,0f,0f,1f],start_interpolation: 0,interpolation_duration: 1}
$data merge entity $(left_forearm) {transformation: [-1.2889f,0.3142f,-0.3704f,1.6914f,-0.1378f,-1.2438f,-0.5755f,5.0394f,-0.4657f,-0.5014f,1.1953f,0.7342f,0f,0f,0f,1f],start_interpolation: 0,interpolation_duration: 1}
$data merge entity $(left_shoulder) {transformation: [-1.3662f,-0.4529f,0.2797f,0.8547f,-0.4718f,0.6734f,-1.214f,5.8044f,0.2465f,-1.2212f,-0.7732f,-0.6801f,0f,0f,0f,1f],start_interpolation: 0,interpolation_duration: 1}
$data merge entity $(left_arm) {transformation: [-0.9763f,0.1166f,-0.1823f,0.3364f,0.0217f,0.8909f,0.4537f,6.0785f,0.2153f,0.439f,-0.8723f,-0.4389f,0f,0f,0f,1f],start_interpolation: 0,interpolation_duration: 1}
$data merge entity $(chest) {transformation: [-1.2483f,0.149f,-0.233f,-0.3125f,0.0277f,1.1391f,0.58f,4.4948f,0.2752f,0.5612f,-1.1153f,-1.1666f,0f,0f,0f,1f],start_interpolation: 0,interpolation_duration: 1}
$data merge entity $(left_cheek) {transformation: [-0.7589f,-0.5818f,-0.2926f,-0.6731f,-0.4384f,0.7886f,-0.4312f,3.2874f,0.4816f,-0.199f,-0.8535f,-1.8532f,0f,0f,0f,1f],start_interpolation: 0,interpolation_duration: 1}
$data merge entity $(left_foot) {transformation: [-0.6325f,0.0142f,-0.8031f,1.2153f,-0.0659f,1.0178f,0.0699f,-3.1458f,0.8005f,0.0951f,-0.6288f,-3.2797f,0f,0f,0f,1f],start_interpolation: 0,interpolation_duration: 1}
$data merge entity $(left_knee) {transformation: [-2.0609f,0.3793f,-2.2047f,1.7093f,-1.0605f,2.4738f,1.4169f,0.3664f,1.9698f,1.7287f,-1.5439f,-1.0068f,0f,0f,0f,1f],start_interpolation: 0,interpolation_duration: 1}
$data merge entity $(left_leg) {transformation: [-1.164f,-0.9769f,-0.8013f,0.1193f,-0.599f,1.386f,-0.8196f,2.5859f,1.1125f,-0.2759f,-1.2797f,-1.365f,0f,0f,0f,1f],start_interpolation: 0,interpolation_duration: 1}
$data merge entity $(right_cheek) {transformation: [-0.7396f,0.0556f,-0.6707f,-1.0871f,0.4299f,0.8058f,-0.4073f,3.4393f,0.5178f,-0.5896f,-0.6199f,-1.5811f,0f,0f,0f,1f],start_interpolation: 0,interpolation_duration: 1}
$data merge entity $(right_foot) {transformation: [-1.0178f,0.0519f,0.0816f,-2.5042f,0.054f,1.0206f,0.0245f,-3.25f,-0.0802f,0.0287f,-1.0188f,0.464f,0f,0f,0f,1f],start_interpolation: 0,interpolation_duration: 1}
$data merge entity $(right_knee) {transformation: [-2.9538f,0.7145f,0.1297f,-1.5947f,0.7255f,2.879f,0.6614f,0.7824f,0.0326f,0.6732f,-2.9661f,1.2753f,0f,0f,0f,1f],start_interpolation: 0,interpolation_duration: 1}
$data merge entity $(right_leg) {transformation: [-1.6683f,0.2763f,-0.3031f,-1.0737f,0.4097f,1.1798f,-1.1796f,2.6901f,0.0184f,-1.2178f,-1.2116f,-0.6409f,0f,0f,0f,1f],start_interpolation: 0,interpolation_duration: 1}
$data merge entity $(weist) {transformation: [-1.383f,0.0792f,-0.8444f,-0.4578f,0.1208f,1.6172f,-0.0461f,4.2801f,0.8395f,-0.1022f,-1.3845f,-1.2072f,0f,0f,0f,1f],start_interpolation: 0,interpolation_duration: 1}
data modify storage animated_java:temp entry.data merge value {"locators":{"consume":{"px":-0.2279739361,"py":6.6270366451,"pz":2.2052417205,"ry":175.2455583619,"rx":-20.6826009628}}}
# Data Manager: Prepare for Read / Write
execute store result storage animated_java:temp args.id int 1 run scoreboard players get @s aj.id
# Data Manager: Write
function animated_java:global/data_manager/write with storage animated_java:temp args