# This file was generated by Animated Java via MC-Build. It is not recommended to edit this file directly.
$data merge entity $(neck) {transformation: [-0.976f,0.1165f,-0.1842f,-0.1002f,0.021f,0.8914f,0.4527f,6.1365f,0.2169f,0.438f,-0.8724f,-0.3687f,0f,0f,0f,1f],start_interpolation: 0,interpolation_duration: 1}
$data merge entity $(right_thumb_2) {transformation: [-0.606f,-0.7954f,0.0107f,-0.5491f,0.7239f,-0.557f,-0.4072f,6.4511f,0.3299f,-0.239f,0.9133f,1.8572f,0f,0f,0f,1f],start_interpolation: 0,interpolation_duration: 1}
$data merge entity $(right_thumb) {transformation: [-0.606f,-0.6651f,0.4364f,-0.859f,0.7239f,-0.6885f,-0.0442f,6.3376f,0.3299f,0.2891f,0.8987f,1.9865f,0f,0f,0f,1f],start_interpolation: 0,interpolation_duration: 1}
$data merge entity $(right_fingers2) {transformation: [0.9958f,0.0445f,0.08f,-0.1904f,-0.013f,0.934f,-0.3571f,6.6515f,-0.0906f,0.3546f,0.9306f,2.136f,0f,0f,0f,1f],start_interpolation: 0,interpolation_duration: 1}
$data merge entity $(right_fingers) {transformation: [0.259f,-0.9626f,0.08f,-0.4568f,0.909f,0.2149f,-0.3571f,6.7357f,0.3265f,0.1652f,0.9306f,2.1991f,0f,0f,0f,1f],start_interpolation: 0,interpolation_duration: 1}
$data merge entity $(scout) {transformation: [0f,0f,0f,-0.3763f,0f,0f,0f,6.5429f,0f,0f,0f,2.2328f,0f,0f,0f,1f],start_interpolation: 0,interpolation_duration: 1}
$data merge entity $(right_hand) {transformation: [-0.606f,-0.7914f,0.08f,-0.9363f,0.7239f,-0.5904f,-0.3571f,6.3537f,0.3299f,-0.1585f,0.9306f,2.1413f,0f,0f,0f,1f],start_interpolation: 0,interpolation_duration: 1}
$data merge entity $(right_forearm) {transformation: [-1.2187f,-0.6229f,0.1545f,-1.8181f,0.3958f,-0.9906f,-0.8713f,4.8138f,0.5052f,-0.7266f,1.0555f,1.0645f,0f,0f,0f,1f],start_interpolation: 0,interpolation_duration: 1}
$data merge entity $(right_shoulder) {transformation: [-1.3351f,0.3468f,-0.4972f,-1.1102f,0.6004f,0.9217f,-0.9695f,5.8476f,0.0832f,-1.0863f,-0.9812f,-0.2452f,0f,0f,0f,1f],start_interpolation: 0,interpolation_duration: 1}
$data merge entity $(right_arm) {transformation: [-0.976f,0.1165f,-0.1842f,-0.5276f,0.021f,0.8914f,0.4527f,6.0979f,0.2169f,0.438f,-0.8724f,-0.248f,0f,0f,0f,1f],start_interpolation: 0,interpolation_duration: 1}
$data merge entity $(left_thumb_2) {transformation: [-0.7646f,0.6363f,-0.1029f,0.9335f,-0.6082f,-0.7651f,-0.2116f,7.0602f,-0.2134f,-0.0992f,0.9719f,1.1493f,0f,0f,0f,1f],start_interpolation: 0,interpolation_duration: 1}
$data merge entity $(left_thumb) {transformation: [-0.7646f,0.4813f,-0.4287f,1.2078f,-0.6082f,-0.759f,0.2326f,6.9029f,-0.2134f,0.4385f,0.873f,1.3098f,0f,0f,0f,1f],start_interpolation: 0,interpolation_duration: 1}
$data merge entity $(left_fingers2) {transformation: [0.9701f,0.184f,-0.158f,0.6354f,-0.207f,0.9677f,-0.1441f,7.3893f,0.1263f,0.1725f,0.9769f,1.3714f,0f,0f,0f,1f],start_interpolation: 0,interpolation_duration: 1}
$data merge entity $(left_fingers) {transformation: [0.0303f,0.987f,-0.158f,0.9147f,-0.9895f,0.0073f,-0.1441f,7.4182f,-0.1411f,0.1607f,0.9769f,1.4284f,0f,0f,0f,1f],start_interpolation: 0,interpolation_duration: 1}
$data merge entity $(left_hand) {transformation: [-0.7646f,0.6249f,-0.158f,1.2877f,-0.6082f,-0.7806f,-0.1441f,6.9293f,-0.2134f,-0.0141f,0.9769f,1.4618f,0f,0f,0f,1f],start_interpolation: 0,interpolation_duration: 1}
$data merge entity $(left_forearm) {transformation: [-1.2896f,0.3144f,-0.3678f,1.6941f,-0.1379f,-1.2424f,-0.5785f,5.0316f,-0.4638f,-0.5048f,1.1946f,0.7258f,0f,0f,0f,1f],start_interpolation: 0,interpolation_duration: 1}
$data merge entity $(left_shoulder) {transformation: [-1.3653f,-0.4556f,0.2795f,0.8544f,-0.4747f,0.6813f,-1.2084f,5.8054f,0.2456f,-1.2158f,-0.7819f,-0.6819f,0f,0f,0f,1f],start_interpolation: 0,interpolation_duration: 1}
$data merge entity $(left_arm) {transformation: [-0.976f,0.1165f,-0.1842f,0.3362f,0.021f,0.8914f,0.4527f,6.0793f,0.2169f,0.438f,-0.8724f,-0.44f,0f,0f,0f,1f],start_interpolation: 0,interpolation_duration: 1}
$data merge entity $(chest) {transformation: [-1.2478f,0.149f,-0.2355f,-0.3125f,0.0268f,1.1397f,0.5788f,4.4943f,0.2773f,0.56f,-1.1154f,-1.1652f,0f,0f,0f,1f],start_interpolation: 0,interpolation_duration: 1}
$data merge entity $(left_cheek) {transformation: [-0.7608f,-0.5789f,-0.2934f,-0.6702f,-0.4369f,0.7911f,-0.4281f,3.2913f,0.4799f,-0.1975f,-0.8548f,-1.8552f,0f,0f,0f,1f],start_interpolation: 0,interpolation_duration: 1}
$data merge entity $(left_foot) {transformation: [-0.6347f,0.0139f,-0.8014f,1.214f,-0.065f,1.018f,0.0691f,-3.155f,0.7989f,0.0939f,-0.6311f,-3.284f,0f,0f,0f,1f],start_interpolation: 0,interpolation_duration: 1}
$data merge entity $(left_knee) {transformation: [-2.0662f,0.3743f,-2.2006f,1.7013f,-1.0583f,2.476f,1.4149f,0.36f,1.9654f,1.7268f,-1.5517f,-1.014f,0f,0f,0f,1f],start_interpolation: 0,interpolation_duration: 1}
$data merge entity $(left_leg) {transformation: [-1.167f,-0.9719f,-0.803f,0.1193f,-0.5977f,1.39f,-0.8137f,2.5859f,1.1101f,-0.2733f,-1.2824f,-1.3681f,0f,0f,0f,1f],start_interpolation: 0,interpolation_duration: 1}
$data merge entity $(right_cheek) {transformation: [-0.7397f,0.0557f,-0.6706f,-1.0869f,0.4282f,0.8078f,-0.4052f,3.4405f,0.5191f,-0.5868f,-0.6214f,-1.5814f,0f,0f,0f,1f],start_interpolation: 0,interpolation_duration: 1}
$data merge entity $(right_foot) {transformation: [-1.0179f,0.0518f,0.0807f,-2.5052f,0.0538f,1.0207f,0.0244f,-3.2597f,-0.0793f,0.0285f,-1.0189f,0.4615f,0f,0f,0f,1f],start_interpolation: 0,interpolation_duration: 1}
$data merge entity $(right_knee) {transformation: [-2.9538f,0.715f,0.1268f,-1.5952f,0.7254f,2.88f,0.657f,0.774f,0.0344f,0.6682f,-2.9672f,1.2659f,0f,0f,0f,1f],start_interpolation: 0,interpolation_duration: 1}
$data merge entity $(right_leg) {transformation: [-1.6683f,0.2766f,-0.3028f,-1.0737f,0.4097f,1.184f,-1.1755f,2.6882f,0.0194f,-1.2137f,-1.2157f,-0.6437f,0f,0f,0f,1f],start_interpolation: 0,interpolation_duration: 1}
$data merge entity $(weist) {transformation: [-1.383f,0.0792f,-0.8444f,-0.4578f,0.1186f,1.6174f,-0.0425f,4.2796f,0.8398f,-0.0979f,-1.3846f,-1.2059f,0f,0f,0f,1f],start_interpolation: 0,interpolation_duration: 1}
data modify storage animated_java:temp entry.data merge value {"locators":{"consume":{"px":-0.2244047063,"py":6.6138273914,"pz":2.2055668582,"ry":175.0864942453,"rx":-20.9223586957}}}
# Data Manager: Prepare for Read / Write
execute store result storage animated_java:temp args.id int 1 run scoreboard players get @s aj.id
# Data Manager: Write
function animated_java:global/data_manager/write with storage animated_java:temp args