# This file was generated by Animated Java via MC-Build. It is not recommended to edit this file directly.
$data merge entity $(neck) {transformation: [-0.9756f,0.1164f,-0.186f,-0.1004f,0.0203f,0.8919f,0.4517f,6.1369f,0.2185f,0.437f,-0.8726f,-0.3691f,0f,0f,0f,1f],start_interpolation: 0,interpolation_duration: 1}
$data merge entity $(right_thumb_2) {transformation: [-0.6073f,-0.7943f,0.0132f,-0.546f,0.7207f,-0.5579f,-0.4115f,6.4387f,0.3343f,-0.2404f,0.9113f,1.8581f,0f,0f,0f,1f],start_interpolation: 0,interpolation_duration: 1}
$data merge entity $(right_thumb) {transformation: [-0.6073f,-0.6628f,0.4379f,-0.8555f,0.7207f,-0.6916f,-0.0473f,6.3237f,0.3343f,0.2869f,0.8978f,1.9873f,0f,0f,0f,1f],start_interpolation: 0,interpolation_duration: 1}
$data merge entity $(right_fingers2) {transformation: [0.9957f,0.0427f,0.0824f,-0.1874f,-0.0101f,0.9324f,-0.3613f,6.6386f,-0.0922f,0.359f,0.9288f,2.1373f,0f,0f,0f,1f],start_interpolation: 0,interpolation_duration: 1}
$data merge entity $(right_fingers) {transformation: [0.2572f,-0.9628f,0.0824f,-0.4539f,0.9081f,0.2116f,-0.3613f,6.7218f,0.3305f,0.1678f,0.9288f,2.2012f,0f,0f,0f,1f],start_interpolation: 0,interpolation_duration: 1}
$data merge entity $(scout) {transformation: [0f,0f,0f,-0.3729f,0f,0f,0f,6.529f,0f,0f,0f,2.2339f,0f,0f,0f,1f],start_interpolation: 0,interpolation_duration: 1}
$data merge entity $(right_hand) {transformation: [-0.6073f,-0.7902f,0.0824f,-0.9326f,0.7207f,-0.5916f,-0.3613f,6.3389f,0.3343f,-0.1601f,0.9288f,2.1423f,0f,0f,0f,1f],start_interpolation: 0,interpolation_duration: 1}
$data merge entity $(right_forearm) {transformation: [-1.2182f,-0.6233f,0.1569f,-1.8148f,0.3924f,-0.9876f,-0.8762f,4.8034f,0.509f,-0.7303f,1.0511f,1.0596f,0f,0f,0f,1f],start_interpolation: 0,interpolation_duration: 1}
$data merge entity $(right_shoulder) {transformation: [-1.3354f,0.3442f,-0.4979f,-1.11f,0.5986f,0.9298f,-0.9628f,5.8473f,0.0897f,-1.0802f,-0.9874f,-0.2437f,0f,0f,0f,1f],start_interpolation: 0,interpolation_duration: 1}
$data merge entity $(right_arm) {transformation: [-0.9756f,0.1164f,-0.186f,-0.5276f,0.0203f,0.8919f,0.4517f,6.098f,0.2185f,0.437f,-0.8726f,-0.2477f,0f,0f,0f,1f],start_interpolation: 0,interpolation_duration: 1}
$data merge entity $(left_thumb_2) {transformation: [-0.7668f,0.6337f,-0.102f,0.9356f,-0.6053f,-0.7668f,-0.2138f,7.0525f,-0.2137f,-0.1022f,0.9715f,1.1479f,0f,0f,0f,1f],start_interpolation: 0,interpolation_duration: 1}
$data merge entity $(left_thumb) {transformation: [-0.7668f,0.4797f,-0.4265f,1.2096f,-0.6053f,-0.7616f,0.2317f,6.8939f,-0.2137f,0.4358f,0.8743f,1.3074f,0f,0f,0f,1f],start_interpolation: 0,interpolation_duration: 1}
$data merge entity $(left_fingers2) {transformation: [0.9697f,0.1873f,-0.1568f,0.6389f,-0.2104f,0.9666f,-0.1462f,7.3819f,0.1242f,0.1747f,0.9767f,1.3713f,0f,0f,0f,1f],start_interpolation: 0,interpolation_duration: 1}
$data merge entity $(left_fingers) {transformation: [0.027f,0.9873f,-0.1568f,0.9183f,-0.9893f,0.0038f,-0.1462f,7.4098f,-0.1437f,0.1591f,0.9767f,1.4279f,0f,0f,0f,1f],start_interpolation: 0,interpolation_duration: 1}
$data merge entity $(left_hand) {transformation: [-0.7668f,0.6224f,-0.1568f,1.2898f,-0.6053f,-0.7825f,-0.1462f,6.9197f,-0.2137f,-0.0172f,0.9767f,1.4594f,0f,0f,0f,1f],start_interpolation: 0,interpolation_duration: 1}
$data merge entity $(left_forearm) {transformation: [-1.2902f,0.3146f,-0.3654f,1.6966f,-0.1377f,-1.2408f,-0.5819f,5.0242f,-0.4621f,-0.5086f,1.1937f,0.7178f,0f,0f,0f,1f],start_interpolation: 0,interpolation_duration: 1}
$data merge entity $(left_shoulder) {transformation: [-1.3645f,-0.4582f,0.2793f,0.854f,-0.4776f,0.6887f,-1.2031f,5.8064f,0.2447f,-1.2106f,-0.7902f,-0.6835f,0f,0f,0f,1f],start_interpolation: 0,interpolation_duration: 1}
$data merge entity $(left_arm) {transformation: [-0.9756f,0.1164f,-0.186f,0.3359f,0.0203f,0.8919f,0.4517f,6.0801f,0.2185f,0.437f,-0.8726f,-0.4411f,0f,0f,0f,1f],start_interpolation: 0,interpolation_duration: 1}
$data merge entity $(chest) {transformation: [-1.2474f,0.1488f,-0.2378f,-0.3125f,0.026f,1.1404f,0.5776f,4.4939f,0.2793f,0.5587f,-1.1156f,-1.1637f,0f,0f,0f,1f],start_interpolation: 0,interpolation_duration: 1}
$data merge entity $(left_cheek) {transformation: [-0.7628f,-0.5758f,-0.2942f,-0.6671f,-0.4354f,0.7938f,-0.4247f,3.2956f,0.478f,-0.1959f,-0.8562f,-1.8573f,0f,0f,0f,1f],start_interpolation: 0,interpolation_duration: 1}
$data merge entity $(left_foot) {transformation: [-0.6371f,0.0135f,-0.7995f,1.2124f,-0.064f,1.0181f,0.0682f,-3.1649f,0.7971f,0.0926f,-0.6335f,-3.2886f,0f,0f,0f,1f],start_interpolation: 0,interpolation_duration: 1}
$data merge entity $(left_knee) {transformation: [-2.072f,0.369f,-2.1961f,1.6927f,-1.0559f,2.4783f,1.4126f,0.3532f,1.9607f,1.7246f,-1.5601f,-1.0219f,0f,0f,0f,1f],start_interpolation: 0,interpolation_duration: 1}
$data merge entity $(left_leg) {transformation: [-1.1703f,-0.9665f,-0.8049f,0.1193f,-0.5963f,1.3944f,-0.8072f,2.5859f,1.1074f,-0.2704f,-1.2853f,-1.3714f,0f,0f,0f,1f],start_interpolation: 0,interpolation_duration: 1}
$data merge entity $(right_cheek) {transformation: [-0.7398f,0.0559f,-0.6705f,-1.0866f,0.4262f,0.81f,-0.4029f,3.4419f,0.5205f,-0.5838f,-0.6231f,-1.5816f,0f,0f,0f,1f],start_interpolation: 0,interpolation_duration: 1}
$data merge entity $(right_foot) {transformation: [-1.018f,0.0516f,0.0796f,-2.5063f,0.0537f,1.0207f,0.0243f,-3.2702f,-0.0783f,0.0284f,-1.019f,0.4587f,0f,0f,0f,1f],start_interpolation: 0,interpolation_duration: 1}
$data merge entity $(right_knee) {transformation: [-2.9538f,0.7156f,0.1236f,-1.5956f,0.7252f,2.8811f,0.6522f,0.7648f,0.0364f,0.6628f,-2.9684f,1.2556f,0f,0f,0f,1f],start_interpolation: 0,interpolation_duration: 1}
$data merge entity $(right_leg) {transformation: [-1.6683f,0.2769f,-0.3025f,-1.0737f,0.4096f,1.1885f,-1.171f,2.6861f,0.0206f,-1.2092f,-1.2201f,-0.6467f,0f,0f,0f,1f],start_interpolation: 0,interpolation_duration: 1}
$data merge entity $(weist) {transformation: [-1.383f,0.0792f,-0.8444f,-0.4578f,0.1162f,1.6177f,-0.0385f,4.2792f,0.8401f,-0.0933f,-1.3848f,-1.2043f,0f,0f,0f,1f],start_interpolation: 0,interpolation_duration: 1}
data modify storage animated_java:temp entry.data merge value {"locators":{"consume":{"px":-0.2212060884,"py":6.6005301617,"pz":2.206722904,"ry":174.9301386218,"rx":-21.1831094722}}}
# Data Manager: Prepare for Read / Write
execute store result storage animated_java:temp args.id int 1 run scoreboard players get @s aj.id
# Data Manager: Write
function animated_java:global/data_manager/write with storage animated_java:temp args