# This file was generated by Animated Java via MC-Build. It is not recommended to edit this file directly.
$data merge entity $(neck) {transformation: [-0.9753f,0.1163f,-0.1876f,-0.1007f,0.0197f,0.8925f,0.4507f,6.1374f,0.2198f,0.4359f,-0.8727f,-0.3695f,0f,0f,0f,1f],start_interpolation: 0,interpolation_duration: 1}
$data merge entity $(right_thumb_2) {transformation: [-0.6087f,-0.7932f,0.0156f,-0.5433f,0.7174f,-0.5587f,-0.4161f,6.4266f,0.3387f,-0.2421f,0.9092f,1.8597f,0f,0f,0f,1f],start_interpolation: 0,interpolation_duration: 1}
$data merge entity $(right_thumb) {transformation: [-0.6087f,-0.6606f,0.4393f,-0.8523f,0.7174f,-0.6948f,-0.0507f,6.3102f,0.3387f,0.2843f,0.8969f,1.9888f,0f,0f,0f,1f],start_interpolation: 0,interpolation_duration: 1}
$data merge entity $(right_fingers2) {transformation: [0.9956f,0.0408f,0.0847f,-0.1849f,-0.007f,0.9307f,-0.3658f,6.6261f,-0.0937f,0.3636f,0.9268f,2.1394f,0f,0f,0f,1f],start_interpolation: 0,interpolation_duration: 1}
$data merge entity $(right_fingers) {transformation: [0.2553f,-0.9632f,0.0847f,-0.4515f,0.9071f,0.2083f,-0.3658f,6.7083f,0.3347f,0.1702f,0.9268f,2.2041f,0f,0f,0f,1f],start_interpolation: 0,interpolation_duration: 1}
$data merge entity $(scout) {transformation: [0f,0f,0f,-0.3699f,0f,0f,0f,6.5156f,0f,0f,0f,2.2357f,0f,0f,0f,1f],start_interpolation: 0,interpolation_duration: 1}
$data merge entity $(right_hand) {transformation: [-0.6087f,-0.7889f,0.0847f,-0.9292f,0.7174f,-0.5929f,-0.3658f,6.3244f,0.3387f,-0.1619f,0.9268f,2.1439f,0f,0f,0f,1f],start_interpolation: 0,interpolation_duration: 1}
$data merge entity $(right_forearm) {transformation: [-1.2178f,-0.6236f,0.1591f,-1.8119f,0.389f,-0.9844f,-0.8813f,4.7937f,0.5127f,-0.7343f,1.0465f,1.0549f,0f,0f,0f,1f],start_interpolation: 0,interpolation_duration: 1}
$data merge entity $(right_shoulder) {transformation: [-1.3358f,0.3419f,-0.4986f,-1.1098f,0.597f,0.9374f,-0.9564f,5.847f,0.0958f,-1.0743f,-0.9932f,-0.2423f,0f,0f,0f,1f],start_interpolation: 0,interpolation_duration: 1}
$data merge entity $(right_arm) {transformation: [-0.9753f,0.1163f,-0.1876f,-0.5277f,0.0197f,0.8925f,0.4507f,6.0982f,0.2198f,0.4359f,-0.8727f,-0.2474f,0f,0f,0f,1f],start_interpolation: 0,interpolation_duration: 1}
$data merge entity $(left_thumb_2) {transformation: [-0.7692f,0.6309f,-0.1013f,0.9375f,-0.602f,-0.7687f,-0.2162f,7.0454f,-0.2142f,-0.1053f,0.9711f,1.1474f,0f,0f,0f,1f],start_interpolation: 0,interpolation_duration: 1}
$data merge entity $(left_thumb) {transformation: [-0.7692f,0.4777f,-0.4244f,1.2112f,-0.602f,-0.7644f,0.2307f,6.8855f,-0.2142f,0.4329f,0.8756f,1.3062f,0f,0f,0f,1f],start_interpolation: 0,interpolation_duration: 1}
$data merge entity $(left_fingers2) {transformation: [0.9692f,0.1909f,-0.1559f,0.6422f,-0.214f,0.9655f,-0.1484f,7.3753f,0.1222f,0.1772f,0.9766f,1.3723f,0f,0f,0f,1f],start_interpolation: 0,interpolation_duration: 1}
$data merge entity $(left_fingers) {transformation: [0.0234f,0.9875f,-0.1559f,0.9218f,-0.9889f,0f,-0.1484f,7.4021f,-0.1465f,0.1576f,0.9766f,1.4285f,0f,0f,0f,1f],start_interpolation: 0,interpolation_duration: 1}
$data merge entity $(left_hand) {transformation: [-0.7692f,0.6197f,-0.1559f,1.2917f,-0.602f,-0.7846f,-0.1484f,6.9106f,-0.2142f,-0.0203f,0.9766f,1.4581f,0f,0f,0f,1f],start_interpolation: 0,interpolation_duration: 1}
$data merge entity $(left_forearm) {transformation: [-1.2908f,0.3148f,-0.3631f,1.6989f,-0.1375f,-1.2391f,-0.5856f,5.0176f,-0.4605f,-0.5125f,1.1926f,0.7105f,0f,0f,0f,1f],start_interpolation: 0,interpolation_duration: 1}
$data merge entity $(left_shoulder) {transformation: [-1.3637f,-0.4605f,0.2792f,0.8535f,-0.4802f,0.6956f,-1.1981f,5.8074f,0.2439f,-1.2058f,-0.7978f,-0.6848f,0f,0f,0f,1f],start_interpolation: 0,interpolation_duration: 1}
$data merge entity $(left_arm) {transformation: [-0.9753f,0.1163f,-0.1876f,0.3356f,0.0197f,0.8925f,0.4507f,6.0808f,0.2198f,0.4359f,-0.8727f,-0.442f,0f,0f,0f,1f],start_interpolation: 0,interpolation_duration: 1}
$data merge entity $(chest) {transformation: [-1.247f,0.1487f,-0.2399f,-0.3125f,0.0252f,1.141f,0.5762f,4.4933f,0.2811f,0.5573f,-1.1158f,-1.1621f,0f,0f,0f,1f],start_interpolation: 0,interpolation_duration: 1}
$data merge entity $(left_cheek) {transformation: [-0.765f,-0.5724f,-0.295f,-0.6638f,-0.4337f,0.7966f,-0.421f,3.3001f,0.476f,-0.1942f,-0.8577f,-1.8595f,0f,0f,0f,1f],start_interpolation: 0,interpolation_duration: 1}
$data merge entity $(left_foot) {transformation: [-0.6396f,0.0131f,-0.7975f,1.2106f,-0.0629f,1.0182f,0.0672f,-3.1755f,0.7951f,0.0911f,-0.6362f,-3.2935f,0f,0f,0f,1f],start_interpolation: 0,interpolation_duration: 1}
$data merge entity $(left_knee) {transformation: [-2.0781f,0.3633f,-2.1913f,1.6834f,-1.0532f,2.4808f,1.4102f,0.3459f,1.9556f,1.7222f,-1.5691f,-1.0304f,0f,0f,0f,1f],start_interpolation: 0,interpolation_duration: 1}
$data merge entity $(left_leg) {transformation: [-1.1737f,-0.9606f,-0.8069f,0.1193f,-0.5949f,1.399f,-0.8002f,2.5859f,1.1045f,-0.2673f,-1.2884f,-1.3749f,0f,0f,0f,1f],start_interpolation: 0,interpolation_duration: 1}
$data merge entity $(right_cheek) {transformation: [-0.74f,0.056f,-0.6703f,-1.0864f,0.4242f,0.8123f,-0.4004f,3.4434f,0.522f,-0.5806f,-0.6248f,-1.5819f,0f,0f,0f,1f],start_interpolation: 0,interpolation_duration: 1}
$data merge entity $(right_foot) {transformation: [-1.018f,0.0515f,0.0786f,-2.5074f,0.0535f,1.0207f,0.0242f,-3.2814f,-0.0772f,0.0282f,-1.0191f,0.4557f,0f,0f,0f,1f],start_interpolation: 0,interpolation_duration: 1}
$data merge entity $(right_knee) {transformation: [-2.9538f,0.7161f,0.1201f,-1.5961f,0.7251f,2.8823f,0.6471f,0.755f,0.0385f,0.657f,-2.9697f,1.2446f,0f,0f,0f,1f],start_interpolation: 0,interpolation_duration: 1}
$data merge entity $(right_leg) {transformation: [-1.6683f,0.2772f,-0.3022f,-1.0738f,0.4095f,1.1933f,-1.1661f,2.6839f,0.0218f,-1.2044f,-1.2248f,-0.65f,0f,0f,0f,1f],start_interpolation: 0,interpolation_duration: 1}
$data merge entity $(weist) {transformation: [-1.3831f,0.0792f,-0.8443f,-0.4578f,0.1136f,1.618f,-0.0343f,4.2786f,0.8404f,-0.0884f,-1.3849f,-1.2027f,0f,0f,0f,1f],start_interpolation: 0,interpolation_duration: 1}
data modify storage animated_java:temp entry.data merge value {"locators":{"consume":{"px":-0.2184494585,"py":6.5875753331,"pz":2.2086633566,"ry":174.781026843,"rx":-21.4560620981}}}
# Data Manager: Prepare for Read / Write
execute store result storage animated_java:temp args.id int 1 run scoreboard players get @s aj.id
# Data Manager: Write
function animated_java:global/data_manager/write with storage animated_java:temp args