# This file was generated by Animated Java via MC-Build. It is not recommended to edit this file directly.
$data merge entity $(neck) {transformation: [-0.9751f,0.1161f,-0.189f,-0.1009f,0.0192f,0.893f,0.4497f,6.1378f,0.221f,0.4348f,-0.873f,-0.3697f,0f,0f,0f,1f],start_interpolation: 0,interpolation_duration: 1}
$data merge entity $(right_thumb_2) {transformation: [-0.6102f,-0.7921f,0.0177f,-0.5411f,0.7141f,-0.5595f,-0.4206f,6.4154f,0.3431f,-0.244f,0.9071f,1.862f,0f,0f,0f,1f],start_interpolation: 0,interpolation_duration: 1}
$data merge entity $(right_thumb) {transformation: [-0.6102f,-0.6585f,0.4405f,-0.8496f,0.7141f,-0.6979f,-0.0541f,6.2975f,0.3431f,0.2816f,0.8961f,1.9908f,0f,0f,0f,1f],start_interpolation: 0,interpolation_duration: 1}
$data merge entity $(right_fingers2) {transformation: [0.9955f,0.0388f,0.0867f,-0.1828f,-0.0039f,0.9289f,-0.3703f,6.6143f,-0.0949f,0.3683f,0.9249f,2.1422f,0f,0f,0f,1f],start_interpolation: 0,interpolation_duration: 1}
$data merge entity $(right_fingers) {transformation: [0.2533f,-0.9635f,0.0867f,-0.4496f,0.906f,0.2049f,-0.3703f,6.6955f,0.339f,0.1724f,0.9249f,2.2077f,0f,0f,0f,1f],start_interpolation: 0,interpolation_duration: 1}
$data merge entity $(scout) {transformation: [0f,0f,0f,-0.3675f,0f,0f,0f,6.5028f,0f,0f,0f,2.2382f,0f,0f,0f,1f],start_interpolation: 0,interpolation_duration: 1}
$data merge entity $(right_hand) {transformation: [-0.6102f,-0.7875f,0.0867f,-0.9264f,0.7141f,-0.5941f,-0.3703f,6.3107f,0.3431f,-0.164f,0.9249f,2.1461f,0f,0f,0f,1f],start_interpolation: 0,interpolation_duration: 1}
$data merge entity $(right_forearm) {transformation: [-1.2174f,-0.6239f,0.1609f,-1.8095f,0.3856f,-0.9811f,-0.8865f,4.7849f,0.5162f,-0.7385f,1.0418f,1.0505f,0f,0f,0f,1f],start_interpolation: 0,interpolation_duration: 1}
$data merge entity $(right_shoulder) {transformation: [-1.3361f,0.3399f,-0.4992f,-1.1097f,0.5955f,0.9443f,-0.9506f,5.8468f,0.1011f,-1.0689f,-0.9985f,-0.241f,0f,0f,0f,1f],start_interpolation: 0,interpolation_duration: 1}
$data merge entity $(right_arm) {transformation: [-0.9751f,0.1161f,-0.189f,-0.5278f,0.0192f,0.893f,0.4497f,6.0985f,0.221f,0.4348f,-0.873f,-0.2471f,0f,0f,0f,1f],start_interpolation: 0,interpolation_duration: 1}
$data merge entity $(left_thumb_2) {transformation: [-0.7717f,0.6279f,-0.1008f,0.9391f,-0.5985f,-0.7707f,-0.2187f,7.0393f,-0.215f,-0.1084f,0.9706f,1.1482f,0f,0f,0f,1f],start_interpolation: 0,interpolation_duration: 1}
$data merge entity $(left_thumb) {transformation: [-0.7717f,0.4754f,-0.4224f,1.2124f,-0.5985f,-0.7675f,0.2297f,6.8779f,-0.215f,0.43f,0.8768f,1.306f,0f,0f,0f,1f],start_interpolation: 0,interpolation_duration: 1}
$data merge entity $(left_fingers2) {transformation: [0.9685f,0.1947f,-0.1551f,0.6454f,-0.218f,0.9642f,-0.1507f,7.3695f,0.1203f,0.1798f,0.9763f,1.3743f,0f,0f,0f,1f],start_interpolation: 0,interpolation_duration: 1}
$data merge entity $(left_fingers) {transformation: [0.0195f,0.9877f,-0.1551f,0.9252f,-0.9886f,-0.0041f,-0.1507f,7.3951f,-0.1495f,0.1563f,0.9763f,1.4303f,0f,0f,0f,1f],start_interpolation: 0,interpolation_duration: 1}
$data merge entity $(left_hand) {transformation: [-0.7717f,0.6167f,-0.1551f,1.2932f,-0.5985f,-0.7868f,-0.1507f,6.9022f,-0.215f,-0.0234f,0.9763f,1.458f,0f,0f,0f,1f],start_interpolation: 0,interpolation_duration: 1}
$data merge entity $(left_forearm) {transformation: [-1.2913f,0.315f,-0.3612f,1.7008f,-0.137f,-1.2373f,-0.5894f,5.0117f,-0.4593f,-0.5166f,1.1913f,0.7042f,0f,0f,0f,1f],start_interpolation: 0,interpolation_duration: 1}
$data merge entity $(left_shoulder) {transformation: [-1.3631f,-0.4626f,0.2791f,0.8531f,-0.4825f,0.7015f,-1.1937f,5.8082f,0.243f,-1.2015f,-0.8044f,-0.6859f,0f,0f,0f,1f],start_interpolation: 0,interpolation_duration: 1}
$data merge entity $(left_arm) {transformation: [-0.9751f,0.1161f,-0.189f,0.3353f,0.0192f,0.893f,0.4497f,6.0815f,0.221f,0.4348f,-0.873f,-0.4427f,0f,0f,0f,1f],start_interpolation: 0,interpolation_duration: 1}
$data merge entity $(chest) {transformation: [-1.2467f,0.1485f,-0.2417f,-0.3125f,0.0245f,1.1417f,0.5749f,4.4928f,0.2826f,0.556f,-1.1161f,-1.1604f,0f,0f,0f,1f],start_interpolation: 0,interpolation_duration: 1}
$data merge entity $(left_cheek) {transformation: [-0.7673f,-0.5689f,-0.2959f,-0.6603f,-0.4319f,0.7996f,-0.4172f,3.3049f,0.474f,-0.1923f,-0.8593f,-1.8619f,0f,0f,0f,1f],start_interpolation: 0,interpolation_duration: 1}
$data merge entity $(left_foot) {transformation: [-0.6422f,0.0128f,-0.7954f,1.2085f,-0.0618f,1.0184f,0.0662f,-3.1866f,0.7931f,0.0896f,-0.6389f,-3.2986f,0f,0f,0f,1f],start_interpolation: 0,interpolation_duration: 1}
$data merge entity $(left_knee) {transformation: [-2.0845f,0.3574f,-2.1862f,1.6737f,-1.0504f,2.4835f,1.4076f,0.3383f,1.9503f,1.7196f,-1.5785f,-1.0393f,0f,0f,0f,1f],start_interpolation: 0,interpolation_duration: 1}
$data merge entity $(left_leg) {transformation: [-1.1773f,-0.9545f,-0.8089f,0.1193f,-0.5933f,1.4038f,-0.7929f,2.5859f,1.1015f,-0.2641f,-1.2916f,-1.3787f,0f,0f,0f,1f],start_interpolation: 0,interpolation_duration: 1}
$data merge entity $(right_cheek) {transformation: [-0.7401f,0.0562f,-0.6701f,-1.0862f,0.422f,0.8147f,-0.3978f,3.445f,0.5236f,-0.5772f,-0.6267f,-1.5822f,0f,0f,0f,1f],start_interpolation: 0,interpolation_duration: 1}
$data merge entity $(right_foot) {transformation: [-1.0181f,0.0513f,0.0774f,-2.5086f,0.0532f,1.0207f,0.0241f,-3.2931f,-0.0761f,0.0281f,-1.0191f,0.4526f,0f,0f,0f,1f],start_interpolation: 0,interpolation_duration: 1}
$data merge entity $(right_knee) {transformation: [-2.9538f,0.7167f,0.1164f,-1.5966f,0.725f,2.8836f,0.6417f,0.7449f,0.0408f,0.6509f,-2.971f,1.233f,0f,0f,0f,1f],start_interpolation: 0,interpolation_duration: 1}
$data merge entity $(right_leg) {transformation: [-1.6683f,0.2775f,-0.3019f,-1.0738f,0.4095f,1.1983f,-1.161f,2.6815f,0.0231f,-1.1994f,-1.2298f,-0.6534f,0f,0f,0f,1f],start_interpolation: 0,interpolation_duration: 1}
$data merge entity $(weist) {transformation: [-1.3831f,0.0792f,-0.8443f,-0.4578f,0.1109f,1.6183f,-0.0298f,4.2781f,0.8407f,-0.0832f,-1.385f,-1.201f,0f,0f,0f,1f],start_interpolation: 0,interpolation_duration: 1}
data modify storage animated_java:temp entry.data merge value {"locators":{"consume":{"px":-0.2162129222,"py":6.5753947265,"pz":2.2113518983,"ry":174.643764617,"rx":-21.7324433105}}}
# Data Manager: Prepare for Read / Write
execute store result storage animated_java:temp args.id int 1 run scoreboard players get @s aj.id
# Data Manager: Write
function animated_java:global/data_manager/write with storage animated_java:temp args