# This file was generated by Animated Java via MC-Build. It is not recommended to edit this file directly.
$data merge entity $(neck) {transformation: [-0.9749f,0.116f,-0.1901f,-0.1012f,0.0188f,0.8935f,0.4486f,6.1382f,0.2219f,0.4338f,-0.8733f,-0.3699f,0f,0f,0f,1f],start_interpolation: 0,interpolation_duration: 1}
$data merge entity $(right_thumb_2) {transformation: [-0.6116f,-0.7909f,0.0196f,-0.5394f,0.7109f,-0.5603f,-0.4251f,6.4053f,0.3472f,-0.2461f,0.9049f,1.8649f,0f,0f,0f,1f],start_interpolation: 0,interpolation_duration: 1}
$data merge entity $(right_thumb) {transformation: [-0.6116f,-0.6565f,0.4415f,-0.8475f,0.7109f,-0.701f,-0.0575f,6.286f,0.3472f,0.2787f,0.8954f,1.9934f,0f,0f,0f,1f],start_interpolation: 0,interpolation_duration: 1}
$data merge entity $(right_fingers2) {transformation: [0.9954f,0.0368f,0.0885f,-0.1813f,-0.001f,0.9272f,-0.3747f,6.6038f,-0.0958f,0.3729f,0.9229f,2.1458f,0f,0f,0f,1f],start_interpolation: 0,interpolation_duration: 1}
$data merge entity $(right_fingers) {transformation: [0.2514f,-0.9638f,0.0885f,-0.4483f,0.905f,0.2016f,-0.3747f,6.684f,0.3433f,0.1743f,0.9229f,2.2119f,0f,0f,0f,1f],start_interpolation: 0,interpolation_duration: 1}
$data merge entity $(scout) {transformation: [0f,0f,0f,-0.3656f,0f,0f,0f,6.4914f,0f,0f,0f,2.2413f,0f,0f,0f,1f],start_interpolation: 0,interpolation_duration: 1}
$data merge entity $(right_hand) {transformation: [-0.6116f,-0.7862f,0.0885f,-0.9242f,0.7109f,-0.5952f,-0.3747f,6.2983f,0.3472f,-0.1662f,0.9229f,2.1489f,0f,0f,0f,1f],start_interpolation: 0,interpolation_duration: 1}
$data merge entity $(right_forearm) {transformation: [-1.217f,-0.6242f,0.1623f,-1.8077f,0.3825f,-0.9777f,-0.8916f,4.7776f,0.5193f,-0.7427f,1.0372f,1.0465f,0f,0f,0f,1f],start_interpolation: 0,interpolation_duration: 1}
$data merge entity $(right_shoulder) {transformation: [-1.3362f,0.3384f,-0.4998f,-1.1097f,0.5942f,0.9502f,-0.9454f,5.8467f,0.1057f,-1.0642f,-1.0031f,-0.2399f,0f,0f,0f,1f],start_interpolation: 0,interpolation_duration: 1}
$data merge entity $(right_arm) {transformation: [-0.9749f,0.116f,-0.1901f,-0.5279f,0.0188f,0.8935f,0.4486f,6.0987f,0.2219f,0.4338f,-0.8733f,-0.2468f,0f,0f,0f,1f],start_interpolation: 0,interpolation_duration: 1}
$data merge entity $(left_thumb_2) {transformation: [-0.7743f,0.6247f,-0.1006f,0.9406f,-0.5948f,-0.7729f,-0.2212f,7.0342f,-0.2159f,-0.1114f,0.97f,1.1501f,0f,0f,0f,1f],start_interpolation: 0,interpolation_duration: 1}
$data merge entity $(left_thumb) {transformation: [-0.7743f,0.4728f,-0.4205f,1.2134f,-0.5948f,-0.7707f,0.2287f,6.8713f,-0.2159f,0.4272f,0.878f,1.3072f,0f,0f,0f,1f],start_interpolation: 0,interpolation_duration: 1}
$data merge entity $(left_fingers2) {transformation: [0.9678f,0.1988f,-0.1547f,0.6484f,-0.2223f,0.9629f,-0.153f,7.365f,0.1185f,0.1824f,0.976f,1.3776f,0f,0f,0f,1f],start_interpolation: 0,interpolation_duration: 1}
$data merge entity $(left_fingers) {transformation: [0.0154f,0.9878f,-0.1547f,0.9283f,-0.9882f,-0.0086f,-0.153f,7.3893f,-0.1524f,0.1552f,0.976f,1.4333f,0f,0f,0f,1f],start_interpolation: 0,interpolation_duration: 1}
$data merge entity $(left_hand) {transformation: [-0.7743f,0.6136f,-0.1547f,1.2945f,-0.5948f,-0.7892f,-0.153f,6.8948f,-0.2159f,-0.0265f,0.976f,1.4591f,0f,0f,0f,1f],start_interpolation: 0,interpolation_duration: 1}
$data merge entity $(left_forearm) {transformation: [-1.2917f,0.3152f,-0.3596f,1.7024f,-0.1363f,-1.2356f,-0.5932f,5.0069f,-0.4583f,-0.5208f,1.1899f,0.6991f,0f,0f,0f,1f],start_interpolation: 0,interpolation_duration: 1}
$data merge entity $(left_shoulder) {transformation: [-1.3625f,-0.4642f,0.2791f,0.8528f,-0.4844f,0.7065f,-1.19f,5.8088f,0.2423f,-1.198f,-0.8099f,-0.6867f,0f,0f,0f,1f],start_interpolation: 0,interpolation_duration: 1}
$data merge entity $(left_arm) {transformation: [-0.9749f,0.116f,-0.1901f,0.335f,0.0188f,0.8935f,0.4486f,6.0821f,0.2219f,0.4338f,-0.8733f,-0.4432f,0f,0f,0f,1f],start_interpolation: 0,interpolation_duration: 1}
$data merge entity $(chest) {transformation: [-1.2464f,0.1483f,-0.2431f,-0.3125f,0.024f,1.1424f,0.5736f,4.4922f,0.2837f,0.5546f,-1.1165f,-1.1586f,0f,0f,0f,1f],start_interpolation: 0,interpolation_duration: 1}
$data merge entity $(left_cheek) {transformation: [-0.7697f,-0.5652f,-0.2968f,-0.6567f,-0.4301f,0.8027f,-0.4132f,3.3098f,0.4718f,-0.1904f,-0.8609f,-1.8643f,0f,0f,0f,1f],start_interpolation: 0,interpolation_duration: 1}
$data merge entity $(left_foot) {transformation: [-0.6449f,0.0124f,-0.7932f,1.2063f,-0.0605f,1.0185f,0.0651f,-3.1979f,0.791f,0.088f,-0.6417f,-3.3039f,0f,0f,0f,1f],start_interpolation: 0,interpolation_duration: 1}
$data merge entity $(left_knee) {transformation: [-2.091f,0.3514f,-2.1809f,1.6635f,-1.0474f,2.4862f,1.4049f,0.3306f,1.9449f,1.7168f,-1.5881f,-1.0486f,0f,0f,0f,1f],start_interpolation: 0,interpolation_duration: 1}
$data merge entity $(left_leg) {transformation: [-1.181f,-0.9481f,-0.811f,0.1193f,-0.5916f,1.4088f,-0.7854f,2.5859f,1.0985f,-0.2606f,-1.2949f,-1.3825f,0f,0f,0f,1f],start_interpolation: 0,interpolation_duration: 1}
$data merge entity $(right_cheek) {transformation: [-0.7402f,0.0563f,-0.67f,-1.0859f,0.4198f,0.8172f,-0.3951f,3.4466f,0.5252f,-0.5737f,-0.6285f,-1.5824f,0f,0f,0f,1f],start_interpolation: 0,interpolation_duration: 1}
$data merge entity $(right_foot) {transformation: [-1.0182f,0.0511f,0.0762f,-2.5097f,0.053f,1.0207f,0.024f,-3.3051f,-0.0749f,0.0279f,-1.0192f,0.4493f,0f,0f,0f,1f],start_interpolation: 0,interpolation_duration: 1}
$data merge entity $(right_knee) {transformation: [-2.9538f,0.7173f,0.1126f,-1.5971f,0.7248f,2.8848f,0.6361f,0.7344f,0.0432f,0.6445f,-2.9724f,1.2209f,0f,0f,0f,1f],start_interpolation: 0,interpolation_duration: 1}
$data merge entity $(right_leg) {transformation: [-1.6683f,0.2778f,-0.3016f,-1.0738f,0.4094f,1.2034f,-1.1557f,2.6792f,0.0244f,-1.1941f,-1.2348f,-0.657f,0f,0f,0f,1f],start_interpolation: 0,interpolation_duration: 1}
$data merge entity $(weist) {transformation: [-1.3831f,0.0792f,-0.8443f,-0.4578f,0.1081f,1.6185f,-0.0253f,4.2775f,0.8411f,-0.0778f,-1.3851f,-1.1993f,0f,0f,0f,1f],start_interpolation: 0,interpolation_duration: 1}
data modify storage animated_java:temp entry.data merge value {"locators":{"consume":{"px":-0.2145799698,"py":6.5644226999,"pz":2.2147605611,"ry":174.5230243507,"rx":-22.0034990309}}}
# Data Manager: Prepare for Read / Write
execute store result storage animated_java:temp args.id int 1 run scoreboard players get @s aj.id
# Data Manager: Write
function animated_java:global/data_manager/write with storage animated_java:temp args