# This file was generated by Animated Java via MC-Build. It is not recommended to edit this file directly.
$data merge entity $(neck) {transformation: [-0.9747f,0.1159f,-0.1909f,-0.1014f,0.0186f,0.894f,0.4476f,6.1385f,0.2225f,0.4328f,-0.8736f,-0.37f,0f,0f,0f,1f],start_interpolation: 0,interpolation_duration: 1}
$data merge entity $(right_thumb_2) {transformation: [-0.6131f,-0.7897f,0.0212f,-0.5383f,0.7078f,-0.561f,-0.4293f,6.3969f,0.3509f,-0.2482f,0.9029f,1.8684f,0f,0f,0f,1f],start_interpolation: 0,interpolation_duration: 1}
$data merge entity $(right_thumb) {transformation: [-0.6131f,-0.6547f,0.4422f,-0.846f,0.7078f,-0.7038f,-0.0607f,6.2763f,0.3509f,0.2758f,0.8949f,1.9966f,0f,0f,0f,1f],start_interpolation: 0,interpolation_duration: 1}
$data merge entity $(right_fingers2) {transformation: [0.9953f,0.0348f,0.0899f,-0.1805f,0.0018f,0.9255f,-0.3788f,6.5948f,-0.0964f,0.3772f,0.9211f,2.1501f,0f,0f,0f,1f],start_interpolation: 0,interpolation_duration: 1}
$data merge entity $(right_fingers) {transformation: [0.2495f,-0.9642f,0.0899f,-0.4476f,0.9039f,0.1985f,-0.3788f,6.6741f,0.3474f,0.1758f,0.9211f,2.2167f,0f,0f,0f,1f],start_interpolation: 0,interpolation_duration: 1}
$data merge entity $(scout) {transformation: [0f,0f,0f,-0.3645f,0f,0f,0f,6.4816f,0f,0f,0f,2.2452f,0f,0f,0f,1f],start_interpolation: 0,interpolation_duration: 1}
$data merge entity $(right_hand) {transformation: [-0.6131f,-0.7849f,0.0899f,-0.9226f,0.7078f,-0.5963f,-0.3788f,6.2876f,0.3509f,-0.1686f,0.9211f,2.1521f,0f,0f,0f,1f],start_interpolation: 0,interpolation_duration: 1}
$data merge entity $(right_forearm) {transformation: [-1.2168f,-0.6244f,0.1633f,-1.8064f,0.3797f,-0.9744f,-0.8964f,4.7718f,0.5219f,-0.7469f,1.0329f,1.0433f,0f,0f,0f,1f],start_interpolation: 0,interpolation_duration: 1}
$data merge entity $(right_shoulder) {transformation: [-1.3364f,0.3374f,-0.5002f,-1.1097f,0.5933f,0.9549f,-0.9412f,5.8467f,0.1092f,-1.0603f,-1.0068f,-0.239f,0f,0f,0f,1f],start_interpolation: 0,interpolation_duration: 1}
$data merge entity $(right_arm) {transformation: [-0.9747f,0.1159f,-0.1909f,-0.528f,0.0186f,0.894f,0.4476f,6.099f,0.2225f,0.4328f,-0.8736f,-0.2466f,0f,0f,0f,1f],start_interpolation: 0,interpolation_duration: 1}
$data merge entity $(left_thumb_2) {transformation: [-0.7771f,0.6213f,-0.1008f,0.9418f,-0.5908f,-0.7752f,-0.2236f,7.0305f,-0.2171f,-0.1142f,0.9695f,1.1533f,0f,0f,0f,1f],start_interpolation: 0,interpolation_duration: 1}
$data merge entity $(left_thumb) {transformation: [-0.7771f,0.4698f,-0.4188f,1.2141f,-0.5908f,-0.774f,0.2279f,6.8659f,-0.2171f,0.4245f,0.879f,1.3097f,0f,0f,0f,1f],start_interpolation: 0,interpolation_duration: 1}
$data merge entity $(left_fingers2) {transformation: [0.9669f,0.2031f,-0.1545f,0.6512f,-0.2267f,0.9615f,-0.1552f,7.3619f,0.1171f,0.1851f,0.9757f,1.382f,0f,0f,0f,1f],start_interpolation: 0,interpolation_duration: 1}
$data merge entity $(left_fingers) {transformation: [0.011f,0.9879f,-0.1545f,0.9313f,-0.9878f,-0.0133f,-0.1552f,7.3848f,-0.1554f,0.1544f,0.9757f,1.4375f,0f,0f,0f,1f],start_interpolation: 0,interpolation_duration: 1}
$data merge entity $(left_hand) {transformation: [-0.7771f,0.6102f,-0.1545f,1.2954f,-0.5908f,-0.7917f,-0.1552f,6.8887f,-0.2171f,-0.0293f,0.9757f,1.4616f,0f,0f,0f,1f],start_interpolation: 0,interpolation_duration: 1}
$data merge entity $(left_forearm) {transformation: [-1.292f,0.3153f,-0.3585f,1.7034f,-0.1355f,-1.2338f,-0.597f,5.0032f,-0.4578f,-0.5247f,1.1884f,0.6956f,0f,0f,0f,1f],start_interpolation: 0,interpolation_duration: 1}
$data merge entity $(left_shoulder) {transformation: [-1.3621f,-0.4654f,0.279f,0.8525f,-0.4858f,0.7101f,-1.1872f,5.8093f,0.2417f,-1.1954f,-0.8139f,-0.687f,0f,0f,0f,1f],start_interpolation: 0,interpolation_duration: 1}
$data merge entity $(left_arm) {transformation: [-0.9747f,0.1159f,-0.1909f,0.3347f,0.0186f,0.894f,0.4476f,6.0825f,0.2225f,0.4328f,-0.8736f,-0.4435f,0f,0f,0f,1f],start_interpolation: 0,interpolation_duration: 1}
$data merge entity $(chest) {transformation: [-1.2463f,0.1481f,-0.2441f,-0.3125f,0.0238f,1.143f,0.5723f,4.4916f,0.2845f,0.5533f,-1.1169f,-1.1569f,0f,0f,0f,1f],start_interpolation: 0,interpolation_duration: 1}
$data merge entity $(left_cheek) {transformation: [-0.7721f,-0.5615f,-0.2978f,-0.6529f,-0.4282f,0.8058f,-0.4092f,3.3148f,0.4697f,-0.1884f,-0.8625f,-1.8667f,0f,0f,0f,1f],start_interpolation: 0,interpolation_duration: 1}
$data merge entity $(left_foot) {transformation: [-0.6476f,0.012f,-0.791f,1.2039f,-0.0593f,1.0186f,0.064f,-3.2095f,0.7889f,0.0864f,-0.6445f,-3.3092f,0f,0f,0f,1f],start_interpolation: 0,interpolation_duration: 1}
$data merge entity $(left_knee) {transformation: [-2.0977f,0.3454f,-2.1755f,1.6532f,-1.0443f,2.4891f,1.4022f,0.3228f,1.9394f,1.7139f,-1.5979f,-1.0582f,0f,0f,0f,1f],start_interpolation: 0,interpolation_duration: 1}
$data merge entity $(left_leg) {transformation: [-1.1848f,-0.9416f,-0.8131f,0.1193f,-0.5898f,1.4138f,-0.7776f,2.586f,1.0954f,-0.2571f,-1.2983f,-1.3864f,0f,0f,0f,1f],start_interpolation: 0,interpolation_duration: 1}
$data merge entity $(right_cheek) {transformation: [-0.7404f,0.0565f,-0.6698f,-1.0857f,0.4175f,0.8197f,-0.3923f,3.4482f,0.5269f,-0.5701f,-0.6304f,-1.5827f,0f,0f,0f,1f],start_interpolation: 0,interpolation_duration: 1}
$data merge entity $(right_foot) {transformation: [-1.0183f,0.0509f,0.075f,-2.5109f,0.0528f,1.0207f,0.0239f,-3.3173f,-0.0737f,0.0277f,-1.0193f,0.4459f,0f,0f,0f,1f],start_interpolation: 0,interpolation_duration: 1}
$data merge entity $(right_knee) {transformation: [-2.9538f,0.7179f,0.1087f,-1.5976f,0.7247f,2.8861f,0.6304f,0.7238f,0.0456f,0.638f,-2.9737f,1.2086f,0f,0f,0f,1f],start_interpolation: 0,interpolation_duration: 1}
$data merge entity $(right_leg) {transformation: [-1.6683f,0.2782f,-0.3013f,-1.0738f,0.4093f,1.2086f,-1.1502f,2.6768f,0.0258f,-1.1888f,-1.24f,-0.6606f,0f,0f,0f,1f],start_interpolation: 0,interpolation_duration: 1}
$data merge entity $(weist) {transformation: [-1.3831f,0.0792f,-0.8443f,-0.4578f,0.1053f,1.6188f,-0.0206f,4.2769f,0.8414f,-0.0723f,-1.3852f,-1.1975f,0f,0f,0f,1f],start_interpolation: 0,interpolation_duration: 1}
data modify storage animated_java:temp entry.data merge value {"locators":{"consume":{"px":-0.2136375659,"py":6.5550972308,"pz":2.2188668963,"ry":174.4235335022,"rx":-22.2604935789}}}
# Data Manager: Prepare for Read / Write
execute store result storage animated_java:temp args.id int 1 run scoreboard players get @s aj.id
# Data Manager: Write
function animated_java:global/data_manager/write with storage animated_java:temp args