# This file was generated by Animated Java via MC-Build. It is not recommended to edit this file directly.
$data merge entity $(neck) {transformation: [-0.9747f,0.1158f,-0.1911f,-0.1015f,0.019f,0.895f,0.4456f,6.1392f,0.2227f,0.4307f,-0.8746f,-0.3702f,0f,0f,0f,1f],start_interpolation: 0,interpolation_duration: 1}
$data merge entity $(right_thumb_2) {transformation: [-0.6159f,-0.7875f,0.023f,-0.5382f,0.7021f,-0.5619f,-0.4374f,6.3852f,0.3574f,-0.2533f,0.899f,1.8781f,0f,0f,0f,1f],start_interpolation: 0,interpolation_duration: 1}
$data merge entity $(right_thumb) {transformation: [-0.6159f,-0.6518f,0.4425f,-0.8454f,0.7021f,-0.7089f,-0.067f,6.2621f,0.3574f,0.2694f,0.8943f,2.0051f,0f,0f,0f,1f],start_interpolation: 0,interpolation_duration: 1}
$data merge entity $(right_fingers2) {transformation: [0.9953f,0.0311f,0.0915f,-0.1812f,0.0067f,0.9221f,-0.3868f,6.582f,-0.0964f,0.3856f,0.9176f,2.1615f,0f,0f,0f,1f],start_interpolation: 0,interpolation_duration: 1}
$data merge entity $(right_fingers) {transformation: [0.2458f,-0.965f,0.0915f,-0.4486f,0.9017f,0.193f,-0.3868f,6.6596f,0.3556f,0.1776f,0.9176f,2.2289f,0f,0f,0f,1f],start_interpolation: 0,interpolation_duration: 1}
$data merge entity $(scout) {transformation: [0f,0f,0f,-0.3647f,0f,0f,0f,6.4671f,0f,0f,0f,2.2556f,0f,0f,0f,1f],start_interpolation: 0,interpolation_duration: 1}
$data merge entity $(right_hand) {transformation: [-0.6159f,-0.7825f,0.0915f,-0.922f,0.7021f,-0.5979f,-0.3868f,6.2717f,0.3574f,-0.174f,0.9176f,2.1608f,0f,0f,0f,1f],start_interpolation: 0,interpolation_duration: 1}
$data merge entity $(right_forearm) {transformation: [-1.2166f,-0.6247f,0.1634f,-1.8063f,0.3752f,-0.9675f,-0.9057f,4.7661f,0.5255f,-0.7555f,1.0248f,1.0385f,0f,0f,0f,1f],start_interpolation: 0,interpolation_duration: 1}
$data merge entity $(right_shoulder) {transformation: [-1.3363f,0.3372f,-0.5005f,-1.1097f,0.5929f,0.9603f,-0.936f,5.8475f,0.1126f,-1.0554f,-1.0116f,-0.2384f,0f,0f,0f,1f],start_interpolation: 0,interpolation_duration: 1}
$data merge entity $(right_arm) {transformation: [-0.9747f,0.1158f,-0.1911f,-0.5281f,0.019f,0.895f,0.4456f,6.0999f,0.2227f,0.4307f,-0.8746f,-0.2466f,0f,0f,0f,1f],start_interpolation: 0,interpolation_duration: 1}
$data merge entity $(left_thumb_2) {transformation: [-0.7827f,0.614f,-0.1023f,0.9435f,-0.5822f,-0.7802f,-0.2287f,7.0275f,-0.2202f,-0.1194f,0.9681f,1.1647f,0f,0f,0f,1f],start_interpolation: 0,interpolation_duration: 1}
$data merge entity $(left_thumb) {transformation: [-0.7827f,0.4628f,-0.4162f,1.2143f,-0.5822f,-0.7809f,0.2263f,6.8594f,-0.2202f,0.4194f,0.8807f,1.3199f,0f,0f,0f,1f],start_interpolation: 0,interpolation_duration: 1}
$data merge entity $(left_fingers2) {transformation: [0.9648f,0.2121f,-0.1554f,0.6562f,-0.2365f,0.9584f,-0.1598f,7.3601f,0.1151f,0.191f,0.9748f,1.3956f,0f,0f,0f,1f],start_interpolation: 0,interpolation_duration: 1}
$data merge entity $(left_fingers) {transformation: [0.0017f,0.9878f,-0.1554f,0.9365f,-0.9869f,-0.0234f,-0.1598f,7.3801f,-0.1615f,0.1537f,0.9748f,1.4511f,0f,0f,0f,1f],start_interpolation: 0,interpolation_duration: 1}
$data merge entity $(left_hand) {transformation: [-0.7827f,0.6027f,-0.1554f,1.2959f,-0.5822f,-0.7972f,-0.1598f,6.8805f,-0.2202f,-0.0346f,0.9748f,1.4719f,0f,0f,0f,1f],start_interpolation: 0,interpolation_duration: 1}
$data merge entity $(left_forearm) {transformation: [-1.2921f,0.3152f,-0.358f,1.7038f,-0.1326f,-1.2304f,-0.6046f,4.9999f,-0.4582f,-0.5327f,1.1847f,0.6937f,0f,0f,0f,1f],start_interpolation: 0,interpolation_duration: 1}
$data merge entity $(left_shoulder) {transformation: [-1.362f,-0.4658f,0.279f,0.8524f,-0.4866f,0.7131f,-1.1851f,5.8094f,0.2408f,-1.1935f,-0.817f,-0.6866f,0f,0f,0f,1f],start_interpolation: 0,interpolation_duration: 1}
$data merge entity $(left_arm) {transformation: [-0.9747f,0.1158f,-0.1911f,0.3346f,0.019f,0.895f,0.4456f,6.0831f,0.2227f,0.4307f,-0.8746f,-0.4437f,0f,0f,0f,1f],start_interpolation: 0,interpolation_duration: 1}
$data merge entity $(chest) {transformation: [-1.2462f,0.1481f,-0.2444f,-0.3125f,0.0242f,1.1443f,0.5697f,4.4905f,0.2847f,0.5507f,-1.1182f,-1.1533f,0f,0f,0f,1f],start_interpolation: 0,interpolation_duration: 1}
$data merge entity $(left_cheek) {transformation: [-0.7768f,-0.5539f,-0.2996f,-0.6454f,-0.4243f,0.8119f,-0.401f,3.3249f,0.4654f,-0.1844f,-0.8657f,-1.8714f,0f,0f,0f,1f],start_interpolation: 0,interpolation_duration: 1}
$data merge entity $(left_foot) {transformation: [-0.653f,0.0114f,-0.7866f,1.1987f,-0.0567f,1.0189f,0.0618f,-3.2325f,0.7846f,0.0831f,-0.6502f,-3.3197f,0f,0f,0f,1f],start_interpolation: 0,interpolation_duration: 1}
$data merge entity $(left_knee) {transformation: [-2.1108f,0.3335f,-2.1645f,1.6324f,-1.038f,2.4948f,1.3967f,0.3073f,1.9285f,1.7079f,-1.6175f,-1.0775f,0f,0f,0f,1f],start_interpolation: 0,interpolation_duration: 1}
$data merge entity $(left_leg) {transformation: [-1.1922f,-0.9284f,-0.8173f,0.1193f,-0.5863f,1.4237f,-0.7621f,2.5861f,1.0892f,-0.2499f,-1.3048f,-1.3943f,0f,0f,0f,1f],start_interpolation: 0,interpolation_duration: 1}
$data merge entity $(right_cheek) {transformation: [-0.7406f,0.0568f,-0.6695f,-1.0852f,0.4128f,0.8246f,-0.3867f,3.4516f,0.5302f,-0.5628f,-0.6342f,-1.5831f,0f,0f,0f,1f],start_interpolation: 0,interpolation_duration: 1}
$data merge entity $(right_foot) {transformation: [-1.0185f,0.0505f,0.0725f,-2.5131f,0.0523f,1.0208f,0.0237f,-3.3415f,-0.0712f,0.0274f,-1.0195f,0.4391f,0f,0f,0f,1f],start_interpolation: 0,interpolation_duration: 1}
$data merge entity $(right_knee) {transformation: [-2.9538f,0.719f,0.1008f,-1.5986f,0.7243f,2.8887f,0.6189f,0.7026f,0.0505f,0.625f,-2.9764f,1.1838f,0f,0f,0f,1f],start_interpolation: 0,interpolation_duration: 1}
$data merge entity $(right_leg) {transformation: [-1.6683f,0.2788f,-0.3008f,-1.0738f,0.4091f,1.2191f,-1.1393f,2.672f,0.0285f,-1.178f,-1.2502f,-0.6679f,0f,0f,0f,1f],start_interpolation: 0,interpolation_duration: 1}
$data merge entity $(weist) {transformation: [-1.3831f,0.0792f,-0.8443f,-0.4578f,0.0996f,1.6192f,-0.0112f,4.2758f,0.8421f,-0.0613f,-1.3853f,-1.1939f,0f,0f,0f,1f],start_interpolation: 0,interpolation_duration: 1}
data modify storage animated_java:temp entry.data merge value {"locators":{"consume":{"px":-0.2141397874,"py":6.5414775987,"pz":2.2299544734,"ry":174.3048145297,"rx":-22.7551894035}}}
# Data Manager: Prepare for Read / Write
execute store result storage animated_java:temp args.id int 1 run scoreboard players get @s aj.id
# Data Manager: Write
function animated_java:global/data_manager/write with storage animated_java:temp args