# This file was generated by Animated Java via MC-Build. It is not recommended to edit this file directly.
$data merge entity $(neck) {transformation: [-0.9791f,0.1094f,-0.1712f,-0.1131f,0.0244f,0.8998f,0.4356f,6.1446f,0.2017f,0.4224f,-0.8837f,-0.3753f,0f,0f,0f,1f],start_interpolation: 0,interpolation_duration: 1}
$data merge entity $(right_thumb_2) {transformation: [-0.6302f,-0.7764f,0.0077f,-0.5987f,0.6736f,-0.5516f,-0.4919f,6.3926f,0.3862f,-0.3048f,0.8706f,2.0062f,0f,0f,0f,1f],start_interpolation: 0,interpolation_duration: 1}
$data merge entity $(right_thumb) {transformation: [-0.6302f,-0.6507f,0.4237f,-0.9074f,0.6736f,-0.7295f,-0.1185f,6.2594f,0.3862f,0.2107f,0.898f,2.1186f,0f,0f,0f,1f],start_interpolation: 0,interpolation_duration: 1}
$data merge entity $(right_fingers2) {transformation: [0.9971f,0.014f,0.0754f,-0.2498f,0.0208f,0.8968f,-0.442f,6.5745f,-0.0738f,0.4422f,0.8939f,2.3091f,0f,0f,0f,1f],start_interpolation: 0,interpolation_duration: 1}
$data merge entity $(right_fingers) {transformation: [0.2294f,-0.9704f,0.0754f,-0.5193f,0.88f,0.1738f,-0.442f,6.6455f,0.4158f,0.1677f,0.8939f,2.3752f,0f,0f,0f,1f],start_interpolation: 0,interpolation_duration: 1}
$data merge entity $(scout) {transformation: [0f,0f,0f,-0.4342f,0f,0f,0f,6.4525f,0f,0f,0f,2.3918f,0f,0f,0f,1f],start_interpolation: 0,interpolation_duration: 1}
$data merge entity $(right_hand) {transformation: [-0.6302f,-0.7728f,0.0754f,-0.9875f,0.6736f,-0.5924f,-0.442f,6.2588f,0.3862f,-0.2278f,0.8939f,2.2729f,0f,0f,0f,1f],start_interpolation: 0,interpolation_duration: 1}
$data merge entity $(right_forearm) {transformation: [-1.2265f,-0.6109f,0.1397f,-1.8515f,0.3465f,-0.9169f,-0.9677f,4.8284f,0.5222f,-0.8266f,0.9702f,1.0417f,0f,0f,0f,1f],start_interpolation: 0,interpolation_duration: 1}
$data merge entity $(right_shoulder) {transformation: [-1.3363f,0.3624f,-0.4825f,-1.1247f,0.6003f,0.9175f,-0.9734f,5.8574f,0.0613f,-1.0847f,-0.9846f,-0.2615f,0f,0f,0f,1f],start_interpolation: 0,interpolation_duration: 1}
$data merge entity $(right_arm) {transformation: [-0.9791f,0.1094f,-0.1712f,-0.5423f,0.0244f,0.8998f,0.4356f,6.108f,0.2017f,0.4224f,-0.8837f,-0.2604f,0f,0f,0f,1f],start_interpolation: 0,interpolation_duration: 1}
$data merge entity $(left_thumb_2) {transformation: [-0.795f,0.5928f,-0.1289f,0.9051f,-0.5453f,-0.7914f,-0.2762f,7.0968f,-0.2657f,-0.1493f,0.9524f,1.3422f,0f,0f,0f,1f],start_interpolation: 0,interpolation_duration: 1}
$data merge entity $(left_thumb) {transformation: [-0.795f,0.4307f,-0.4272f,1.1675f,-0.5453f,-0.8159f,0.1922f,6.9125f,-0.2657f,0.3858f,0.8835f,1.4932f,0f,0f,0f,1f],start_interpolation: 0,interpolation_duration: 1}
$data merge entity $(left_fingers2) {transformation: [0.9548f,0.2366f,-0.18f,0.6231f,-0.2718f,0.94f,-0.2062f,7.4255f,0.1204f,0.2458f,0.9618f,1.5851f,0f,0f,0f,1f],start_interpolation: 0,interpolation_duration: 1}
$data merge entity $(left_fingers) {transformation: [-0.0244f,0.9834f,-0.18f,0.9027f,-0.9765f,-0.062f,-0.2062f,7.4338f,-0.2139f,0.1708f,0.9618f,1.6468f,0f,0f,0f,1f],start_interpolation: 0,interpolation_duration: 1}
$data merge entity $(left_hand) {transformation: [-0.795f,0.5793f,-0.18f,1.2466f,-0.5453f,-0.8125f,-0.2062f,6.923f,-0.2657f,-0.0658f,0.9618f,1.6476f,0f,0f,0f,1f],start_interpolation: 0,interpolation_duration: 1}
$data merge entity $(left_forearm) {transformation: [-1.2825f,0.3229f,-0.3849f,1.6655f,-0.1027f,-1.2014f,-0.6657f,5.0851f,-0.4918f,-0.5911f,1.1427f,0.7786f,0f,0f,0f,1f],start_interpolation: 0,interpolation_duration: 1}
$data merge entity $(left_shoulder) {transformation: [-1.3686f,-0.438f,0.2913f,0.8463f,-0.4669f,0.6377f,-1.235f,5.8083f,0.2422f,-1.2455f,-0.7347f,-0.6675f,0f,0f,0f,1f],start_interpolation: 0,interpolation_duration: 1}
$data merge entity $(left_arm) {transformation: [-0.9791f,0.1094f,-0.1712f,0.3243f,0.0244f,0.8998f,0.4356f,6.0864f,0.2017f,0.4224f,-0.8837f,-0.4389f,0f,0f,0f,1f],start_interpolation: 0,interpolation_duration: 1}
$data merge entity $(chest) {transformation: [-1.2519f,0.1399f,-0.2188f,-0.3125f,0.0312f,1.1504f,0.557f,4.4872f,0.2579f,0.54f,-1.1299f,-1.143f,0f,0f,0f,1f],start_interpolation: 0,interpolation_duration: 1}
$data merge entity $(left_cheek) {transformation: [-0.79f,-0.5321f,-0.3047f,-0.6238f,-0.4128f,0.8289f,-0.3775f,3.3535f,0.4534f,-0.1724f,-0.8745f,-1.8843f,0f,0f,0f,1f],start_interpolation: 0,interpolation_duration: 1}
$data merge entity $(left_foot) {transformation: [-0.6679f,0.0099f,-0.774f,1.1814f,-0.0489f,1.0197f,0.0553f,-3.2968f,0.7725f,0.0731f,-0.6657f,-3.3483f,0f,0f,0f,1f],start_interpolation: 0,interpolation_duration: 1}
$data merge entity $(left_knee) {transformation: [-2.1475f,0.301f,-2.133f,1.5724f,-1.0189f,2.5117f,1.3803f,0.2651f,1.8979f,1.689f,-1.6725f,-1.1336f,0f,0f,0f,1f],start_interpolation: 0,interpolation_duration: 1}
$data merge entity $(left_leg) {transformation: [-1.2129f,-0.8907f,-0.8288f,0.1193f,-0.5755f,1.4511f,-0.7173f,2.587f,1.0719f,-0.2288f,-1.3229f,-1.4167f,0f,0f,0f,1f],start_interpolation: 0,interpolation_duration: 1}
$data merge entity $(right_cheek) {transformation: [-0.7412f,0.0577f,-0.6688f,-1.0838f,0.3995f,0.8385f,-0.3705f,3.4611f,0.5394f,-0.5418f,-0.6446f,-1.584f,0f,0f,0f,1f],start_interpolation: 0,interpolation_duration: 1}
$data merge entity $(right_foot) {transformation: [-1.0191f,0.0495f,0.0653f,-2.519f,0.051f,1.0208f,0.0231f,-3.4089f,-0.0641f,0.0263f,-1.02f,0.4194f,0f,0f,0f,1f],start_interpolation: 0,interpolation_duration: 1}
$data merge entity $(right_knee) {transformation: [-2.9538f,0.7221f,0.0779f,-1.6012f,0.7234f,2.8958f,0.5859f,0.6436f,0.0649f,0.5875f,-2.9838f,1.1123f,0f,0f,0f,1f],start_interpolation: 0,interpolation_duration: 1}
$data merge entity $(right_leg) {transformation: [-1.6683f,0.2805f,-0.2993f,-1.0737f,0.4086f,1.2482f,-1.1074f,2.6588f,0.0367f,-1.1466f,-1.2788f,-0.6886f,0f,0f,0f,1f],start_interpolation: 0,interpolation_duration: 1}
$data merge entity $(weist) {transformation: [-1.383f,0.0792f,-0.8444f,-0.4578f,0.0833f,1.6201f,0.0156f,4.2725f,0.8441f,-0.0301f,-1.3852f,-1.1836f,0f,0f,0f,1f],start_interpolation: 0,interpolation_duration: 1}
data modify storage animated_java:temp entry.data merge value {"locators":{"consume":{"px":-0.2838654006,"py":6.529530487,"pz":2.3741434385,"ry":175.1813130968,"rx":-26.2283665118}}}
# Data Manager: Prepare for Read / Write
execute store result storage animated_java:temp args.id int 1 run scoreboard players get @s aj.id
# Data Manager: Write
function animated_java:global/data_manager/write with storage animated_java:temp args