# This file was generated by Animated Java via MC-Build. It is not recommended to edit this file directly.
$data merge entity $(neck) {transformation: [-0.9748f,0.1159f,-0.1905f,-0.1014f,0.0196f,0.8956f,0.4444f,6.1397f,0.2221f,0.4294f,-0.8753f,-0.3708f,0f,0f,0f,1f],start_interpolation: 0,interpolation_duration: 1}
$data merge entity $(right_thumb_2) {transformation: [-0.6173f,-0.7864f,0.0231f,-0.5392f,0.6992f,-0.5618f,-0.4422f,6.3806f,0.3608f,-0.2568f,0.8966f,1.885f,0f,0f,0f,1f],start_interpolation: 0,interpolation_duration: 1}
$data merge entity $(right_thumb) {transformation: [-0.6173f,-0.6508f,0.4421f,-0.8463f,0.6992f,-0.7114f,-0.0711f,6.2564f,0.3608f,0.2652f,0.8942f,2.0112f,0f,0f,0f,1f],start_interpolation: 0,interpolation_duration: 1}
$data merge entity $(right_fingers2) {transformation: [0.9954f,0.0294f,0.0916f,-0.1827f,0.0088f,0.9201f,-0.3916f,6.5765f,-0.0958f,0.3906f,0.9156f,2.1697f,0f,0f,0f,1f],start_interpolation: 0,interpolation_duration: 1}
$data merge entity $(right_fingers) {transformation: [0.2442f,-0.9654f,0.0916f,-0.4503f,0.9002f,0.1905f,-0.3916f,6.6533f,0.3606f,0.1781f,0.9156f,2.2373f,0f,0f,0f,1f],start_interpolation: 0,interpolation_duration: 1}
$data merge entity $(scout) {transformation: [0f,0f,0f,-0.3661f,0f,0f,0f,6.4608f,0f,0f,0f,2.2631f,0f,0f,0f,1f],start_interpolation: 0,interpolation_duration: 1}
$data merge entity $(right_hand) {transformation: [-0.6173f,-0.7814f,0.0916f,-0.9231f,0.6992f,-0.5982f,-0.3916f,6.2651f,0.3608f,-0.1777f,0.9156f,2.1669f,0f,0f,0f,1f],start_interpolation: 0,interpolation_duration: 1}
$data merge entity $(right_forearm) {transformation: [-1.2167f,-0.6248f,0.1625f,-1.8074f,0.3729f,-0.9632f,-0.9112f,4.7658f,0.527f,-0.7609f,1.02f,1.0362f,0f,0f,0f,1f],start_interpolation: 0,interpolation_duration: 1}
$data merge entity $(right_shoulder) {transformation: [-1.3361f,0.3381f,-0.5005f,-1.1097f,0.5934f,0.9615f,-0.9345f,5.8486f,0.1127f,-1.054f,-1.013f,-0.2391f,0f,0f,0f,1f],start_interpolation: 0,interpolation_duration: 1}
$data merge entity $(right_arm) {transformation: [-0.9748f,0.1159f,-0.1905f,-0.5281f,0.0196f,0.8956f,0.4444f,6.1007f,0.2221f,0.4294f,-0.8753f,-0.2474f,0f,0f,0f,1f],start_interpolation: 0,interpolation_duration: 1}
$data merge entity $(left_thumb_2) {transformation: [-0.7855f,0.6101f,-0.1037f,0.944f,-0.5774f,-0.7828f,-0.2321f,7.0277f,-0.2228f,-0.1224f,0.9672f,1.174f,0f,0f,0f,1f],start_interpolation: 0,interpolation_duration: 1}
$data merge entity $(left_thumb) {transformation: [-0.7855f,0.4589f,-0.4153f,1.2139f,-0.5774f,-0.7849f,0.2249f,6.8577f,-0.2228f,0.4164f,0.8815f,1.3286f,0f,0f,0f,1f],start_interpolation: 0,interpolation_duration: 1}
$data merge entity $(left_fingers2) {transformation: [0.9636f,0.2168f,-0.1565f,0.6582f,-0.2417f,0.9566f,-0.163f,7.3608f,0.1144f,0.1949f,0.9741f,1.4062f,0f,0f,0f,1f],start_interpolation: 0,interpolation_duration: 1}
$data merge entity $(left_fingers) {transformation: [-0.0031f,0.9877f,-0.1565f,0.9386f,-0.9862f,-0.029f,-0.163f,7.3792f,-0.1655f,0.1538f,0.9741f,1.4619f,0f,0f,0f,1f],start_interpolation: 0,interpolation_duration: 1}
$data merge entity $(left_hand) {transformation: [-0.7855f,0.5988f,-0.1565f,1.2955f,-0.5774f,-0.8f,-0.163f,6.8777f,-0.2228f,-0.0377f,0.9741f,1.4807f,0f,0f,0f,1f],start_interpolation: 0,interpolation_duration: 1}
$data merge entity $(left_forearm) {transformation: [-1.292f,0.3149f,-0.3587f,1.703f,-0.1302f,-1.2284f,-0.6093f,5.0003f,-0.4592f,-0.5377f,1.182f,0.6949f,0f,0f,0f,1f],start_interpolation: 0,interpolation_duration: 1}
$data merge entity $(left_shoulder) {transformation: [-1.3623f,-0.465f,0.279f,0.8525f,-0.486f,0.7125f,-1.1857f,5.8091f,0.2405f,-1.1941f,-0.8161f,-0.6863f,0f,0f,0f,1f],start_interpolation: 0,interpolation_duration: 1}
$data merge entity $(left_arm) {transformation: [-0.9748f,0.1159f,-0.1905f,0.3348f,0.0196f,0.8956f,0.4444f,6.0834f,0.2221f,0.4294f,-0.8753f,-0.444f,0f,0f,0f,1f],start_interpolation: 0,interpolation_duration: 1}
$data merge entity $(chest) {transformation: [-1.2463f,0.1481f,-0.2436f,-0.3125f,0.0251f,1.1451f,0.5681f,4.4899f,0.284f,0.5491f,-1.1192f,-1.1515f,0f,0f,0f,1f],start_interpolation: 0,interpolation_duration: 1}
$data merge entity $(left_cheek) {transformation: [-0.7791f,-0.5502f,-0.3005f,-0.6418f,-0.4223f,0.8149f,-0.397f,3.3298f,0.4633f,-0.1824f,-0.8672f,-1.8737f,0f,0f,0f,1f],start_interpolation: 0,interpolation_duration: 1}
$data merge entity $(left_foot) {transformation: [-0.6556f,0.0111f,-0.7844f,1.196f,-0.0554f,1.0191f,0.0607f,-3.2436f,0.7826f,0.0814f,-0.6529f,-3.3248f,0f,0f,0f,1f],start_interpolation: 0,interpolation_duration: 1}
$data merge entity $(left_knee) {transformation: [-2.1172f,0.3278f,-2.1592f,1.6221f,-1.0348f,2.4976f,1.3939f,0.2999f,1.9232f,1.7048f,-1.627f,-1.087f,0f,0f,0f,1f],start_interpolation: 0,interpolation_duration: 1}
$data merge entity $(left_leg) {transformation: [-1.1958f,-0.922f,-0.8194f,0.1193f,-0.5845f,1.4285f,-0.7544f,2.5862f,1.0862f,-0.2464f,-1.308f,-1.3982f,0f,0f,0f,1f],start_interpolation: 0,interpolation_duration: 1}
$data merge entity $(right_cheek) {transformation: [-0.7407f,0.0569f,-0.6694f,-1.085f,0.4105f,0.8271f,-0.384f,3.4532f,0.5318f,-0.5592f,-0.636f,-1.5833f,0f,0f,0f,1f],start_interpolation: 0,interpolation_duration: 1}
$data merge entity $(right_foot) {transformation: [-1.0186f,0.0503f,0.0713f,-2.5141f,0.0521f,1.0208f,0.0237f,-3.3532f,-0.07f,0.0272f,-1.0196f,0.4358f,0f,0f,0f,1f],start_interpolation: 0,interpolation_duration: 1}
$data merge entity $(right_knee) {transformation: [-2.9538f,0.7196f,0.0969f,-1.599f,0.7242f,2.8899f,0.6133f,0.6924f,0.053f,0.6186f,-2.9777f,1.1717f,0f,0f,0f,1f],start_interpolation: 0,interpolation_duration: 1}
$data merge entity $(right_leg) {transformation: [-1.6683f,0.2791f,-0.3005f,-1.0738f,0.409f,1.2241f,-1.1339f,2.6697f,0.0299f,-1.1726f,-1.2552f,-0.6714f,0f,0f,0f,1f],start_interpolation: 0,interpolation_duration: 1}
$data merge entity $(weist) {transformation: [-1.3831f,0.0792f,-0.8443f,-0.4578f,0.0968f,1.6194f,-0.0066f,4.2752f,0.8425f,-0.056f,-1.3853f,-1.1922f,0f,0f,0f,1f],start_interpolation: 0,interpolation_duration: 1}
data modify storage animated_java:temp entry.data merge value {"locators":{"consume":{"px":-0.2156271685,"py":6.5355765991,"pz":2.2378956827,"ry":174.2870302925,"rx":-23.0523037808}}}
# Data Manager: Prepare for Read / Write
execute store result storage animated_java:temp args.id int 1 run scoreboard players get @s aj.id
# Data Manager: Write
function animated_java:global/data_manager/write with storage animated_java:temp args