# This file was generated by Animated Java via MC-Build. It is not recommended to edit this file directly.
$data merge entity $(neck) {transformation: [-0.975f,0.116f,-0.1896f,-0.1012f,0.0205f,0.8963f,0.443f,6.1404f,0.2213f,0.428f,-0.8763f,-0.3717f,0f,0f,0f,1f],start_interpolation: 0,interpolation_duration: 1}
$data merge entity $(right_thumb_2) {transformation: [-0.6185f,-0.7854f,0.0229f,-0.5409f,0.6962f,-0.5613f,-0.4474f,6.3769f,0.3643f,-0.2608f,0.894f,1.8931f,0f,0f,0f,1f],start_interpolation: 0,interpolation_duration: 1}
$data merge entity $(right_thumb) {transformation: [-0.6185f,-0.6501f,0.4413f,-0.848f,0.6962f,-0.7138f,-0.0757f,6.2515f,0.3643f,0.2604f,0.8941f,2.0183f,0f,0f,0f,1f],start_interpolation: 0,interpolation_duration: 1}
$data merge entity $(right_fingers2) {transformation: [0.9954f,0.0278f,0.0913f,-0.1849f,0.0107f,0.9179f,-0.3968f,6.5715f,-0.0948f,0.3959f,0.9134f,2.1793f,0f,0f,0f,1f],start_interpolation: 0,interpolation_duration: 1}
$data merge entity $(right_fingers) {transformation: [0.2426f,-0.9658f,0.0913f,-0.4526f,0.8984f,0.1882f,-0.3968f,6.6476f,0.366f,0.1783f,0.9134f,2.2471f,0f,0f,0f,1f],start_interpolation: 0,interpolation_duration: 1}
$data merge entity $(scout) {transformation: [0f,0f,0f,-0.3682f,0f,0f,0f,6.4551f,0f,0f,0f,2.2718f,0f,0f,0f,1f],start_interpolation: 0,interpolation_duration: 1}
$data merge entity $(right_hand) {transformation: [-0.6185f,-0.7804f,0.0913f,-0.9248f,0.6962f,-0.5982f,-0.3968f,6.2592f,0.3643f,-0.1819f,0.9134f,2.1739f,0f,0f,0f,1f],start_interpolation: 0,interpolation_duration: 1}
$data merge entity $(right_forearm) {transformation: [-1.2169f,-0.6247f,0.1611f,-1.8092f,0.3706f,-0.9584f,-0.9172f,4.767f,0.5281f,-0.767f,1.0148f,1.0338f,0f,0f,0f,1f],start_interpolation: 0,interpolation_duration: 1}
$data merge entity $(right_shoulder) {transformation: [-1.3358f,0.3396f,-0.5003f,-1.1098f,0.5942f,0.9618f,-0.9336f,5.85f,0.1119f,-1.0533f,-1.0138f,-0.2403f,0f,0f,0f,1f],start_interpolation: 0,interpolation_duration: 1}
$data merge entity $(right_arm) {transformation: [-0.975f,0.116f,-0.1896f,-0.528f,0.0205f,0.8963f,0.443f,6.1018f,0.2213f,0.428f,-0.8763f,-0.2486f,0f,0f,0f,1f],start_interpolation: 0,interpolation_duration: 1}
$data merge entity $(left_thumb_2) {transformation: [-0.7882f,0.6063f,-0.1054f,0.9441f,-0.5724f,-0.7853f,-0.2359f,7.029f,-0.2258f,-0.1256f,0.966f,1.1854f,0f,0f,0f,1f],start_interpolation: 0,interpolation_duration: 1}
$data merge entity $(left_thumb) {transformation: [-0.7882f,0.4547f,-0.4147f,1.2131f,-0.5724f,-0.7891f,0.223f,6.8569f,-0.2258f,0.4131f,0.8822f,1.3393f,0f,0f,0f,1f],start_interpolation: 0,interpolation_duration: 1}
$data merge entity $(left_fingers2) {transformation: [0.9623f,0.2215f,-0.1579f,0.6599f,-0.2471f,0.9546f,-0.1666f,7.3624f,0.1138f,0.1993f,0.9733f,1.4189f,0f,0f,0f,1f],start_interpolation: 0,interpolation_duration: 1}
$data merge entity $(left_fingers) {transformation: [-0.008f,0.9874f,-0.1579f,0.9404f,-0.9854f,-0.0346f,-0.1666f,7.3792f,-0.1699f,0.1542f,0.9733f,1.4748f,0f,0f,0f,1f],start_interpolation: 0,interpolation_duration: 1}
$data merge entity $(left_hand) {transformation: [-0.7882f,0.5948f,-0.1579f,1.2948f,-0.5724f,-0.8029f,-0.1666f,6.8758f,-0.2258f,-0.0409f,0.9733f,1.4916f,0f,0f,0f,1f],start_interpolation: 0,interpolation_duration: 1}
$data merge entity $(left_forearm) {transformation: [-1.2917f,0.3146f,-0.3599f,1.7018f,-0.1274f,-1.226f,-0.6146f,5.0018f,-0.4608f,-0.5431f,1.1789f,0.6974f,0f,0f,0f,1f],start_interpolation: 0,interpolation_duration: 1}
$data merge entity $(left_shoulder) {transformation: [-1.3627f,-0.4637f,0.279f,0.8528f,-0.4849f,0.7108f,-1.1872f,5.8088f,0.2402f,-1.1957f,-0.8139f,-0.6858f,0f,0f,0f,1f],start_interpolation: 0,interpolation_duration: 1}
$data merge entity $(left_arm) {transformation: [-0.975f,0.116f,-0.1896f,0.335f,0.0205f,0.8963f,0.443f,6.0837f,0.2213f,0.428f,-0.8763f,-0.4444f,0f,0f,0f,1f],start_interpolation: 0,interpolation_duration: 1}
$data merge entity $(chest) {transformation: [-1.2466f,0.1482f,-0.2424f,-0.3125f,0.0262f,1.146f,0.5664f,4.4894f,0.2829f,0.5472f,-1.1203f,-1.1498f,0f,0f,0f,1f],start_interpolation: 0,interpolation_duration: 1}
$data merge entity $(left_cheek) {transformation: [-0.7813f,-0.5466f,-0.3014f,-0.6382f,-0.4205f,0.8177f,-0.3931f,3.3345f,0.4613f,-0.1804f,-0.8687f,-1.8759f,0f,0f,0f,1f],start_interpolation: 0,interpolation_duration: 1}
$data merge entity $(left_foot) {transformation: [-0.6581f,0.0108f,-0.7823f,1.1932f,-0.0541f,1.0192f,0.0596f,-3.2543f,0.7805f,0.0798f,-0.6555f,-3.3296f,0f,0f,0f,1f],start_interpolation: 0,interpolation_duration: 1}
$data merge entity $(left_knee) {transformation: [-2.1233f,0.3224f,-2.154f,1.6122f,-1.0317f,2.5004f,1.3913f,0.2928f,1.9181f,1.7018f,-1.6361f,-1.0962f,0f,0f,0f,1f],start_interpolation: 0,interpolation_duration: 1}
$data merge entity $(left_leg) {transformation: [-1.1993f,-0.9158f,-0.8213f,0.1193f,-0.5827f,1.4331f,-0.747f,2.5863f,1.0833f,-0.2429f,-1.311f,-1.4019f,0f,0f,0f,1f],start_interpolation: 0,interpolation_duration: 1}
$data merge entity $(right_cheek) {transformation: [-0.7408f,0.0571f,-0.6693f,-1.0848f,0.4083f,0.8294f,-0.3813f,3.4548f,0.5333f,-0.5558f,-0.6377f,-1.5835f,0f,0f,0f,1f],start_interpolation: 0,interpolation_duration: 1}
$data merge entity $(right_foot) {transformation: [-1.0187f,0.0502f,0.0701f,-2.5151f,0.0519f,1.0208f,0.0236f,-3.3644f,-0.0688f,0.027f,-1.0197f,0.4325f,0f,0f,0f,1f],start_interpolation: 0,interpolation_duration: 1}
$data merge entity $(right_knee) {transformation: [-2.9538f,0.7201f,0.0932f,-1.5995f,0.724f,2.8911f,0.6079f,0.6826f,0.0554f,0.6125f,-2.9789f,1.1599f,0f,0f,0f,1f],start_interpolation: 0,interpolation_duration: 1}
$data merge entity $(right_leg) {transformation: [-1.6683f,0.2793f,-0.3002f,-1.0737f,0.4089f,1.229f,-1.1286f,2.6675f,0.0313f,-1.1675f,-1.2599f,-0.6749f,0f,0f,0f,1f],start_interpolation: 0,interpolation_duration: 1}
$data merge entity $(weist) {transformation: [-1.3831f,0.0792f,-0.8443f,-0.4578f,0.0941f,1.6196f,-0.0022f,4.2747f,0.8428f,-0.0508f,-1.3853f,-1.1905f,0f,0f,0f,1f],start_interpolation: 0,interpolation_duration: 1}
data modify storage animated_java:temp entry.data merge value {"locators":{"consume":{"px":-0.2178521088,"py":6.5301738693,"pz":2.2471664111,"ry":174.2933023558,"rx":-23.3766919316}}}
# Data Manager: Prepare for Read / Write
execute store result storage animated_java:temp args.id int 1 run scoreboard players get @s aj.id
# Data Manager: Write
function animated_java:global/data_manager/write with storage animated_java:temp args