# This file was generated by Animated Java via MC-Build. It is not recommended to edit this file directly.
$data merge entity $(neck) {transformation: [-0.9752f,0.116f,-0.1883f,-0.1011f,0.0215f,0.897f,0.4415f,6.1411f,0.2202f,0.4265f,-0.8773f,-0.3728f,0f,0f,0f,1f],start_interpolation: 0,interpolation_duration: 1}
$data merge entity $(right_thumb_2) {transformation: [-0.6198f,-0.7845f,0.0223f,-0.5432f,0.6933f,-0.5606f,-0.4528f,6.3738f,0.3678f,-0.2652f,0.8913f,1.902f,0f,0f,0f,1f],start_interpolation: 0,interpolation_duration: 1}
$data merge entity $(right_thumb) {transformation: [-0.6198f,-0.6496f,0.4403f,-0.8502f,0.6933f,-0.7161f,-0.0807f,6.2473f,0.3678f,0.2553f,0.8942f,2.0261f,0f,0f,0f,1f],start_interpolation: 0,interpolation_duration: 1}
$data merge entity $(right_fingers2) {transformation: [0.9955f,0.0263f,0.0906f,-0.1878f,0.0124f,0.9154f,-0.4023f,6.5671f,-0.0935f,0.4016f,0.911f,2.1898f,0f,0f,0f,1f],start_interpolation: 0,interpolation_duration: 1}
$data merge entity $(right_fingers) {transformation: [0.2412f,-0.9662f,0.0906f,-0.4556f,0.8964f,0.186f,-0.4023f,6.6425f,0.3718f,0.1782f,0.911f,2.2578f,0f,0f,0f,1f],start_interpolation: 0,interpolation_duration: 1}
$data merge entity $(scout) {transformation: [0f,0f,0f,-0.3711f,0f,0f,0f,6.4499f,0f,0f,0f,2.2814f,0f,0f,0f,1f],start_interpolation: 0,interpolation_duration: 1}
$data merge entity $(right_hand) {transformation: [-0.6198f,-0.7795f,0.0906f,-0.9273f,0.6933f,-0.5979f,-0.4023f,6.2539f,0.3678f,-0.1865f,0.911f,2.1817f,0f,0f,0f,1f],start_interpolation: 0,interpolation_duration: 1}
$data merge entity $(right_forearm) {transformation: [-1.2172f,-0.6246f,0.1593f,-1.8116f,0.3683f,-0.9532f,-0.9235f,4.7695f,0.529f,-0.7735f,1.0094f,1.0315f,0f,0f,0f,1f],start_interpolation: 0,interpolation_duration: 1}
$data merge entity $(right_shoulder) {transformation: [-1.3354f,0.3415f,-0.4999f,-1.11f,0.5953f,0.9613f,-0.9335f,5.8516f,0.1104f,-1.0531f,-1.0142f,-0.2421f,0f,0f,0f,1f],start_interpolation: 0,interpolation_duration: 1}
$data merge entity $(right_arm) {transformation: [-0.9752f,0.116f,-0.1883f,-0.528f,0.0215f,0.897f,0.4415f,6.1031f,0.2202f,0.4265f,-0.8773f,-0.2501f,0f,0f,0f,1f],start_interpolation: 0,interpolation_duration: 1}
$data merge entity $(left_thumb_2) {transformation: [-0.7909f,0.6025f,-0.1074f,0.944f,-0.5674f,-0.7876f,-0.2401f,7.0311f,-0.2293f,-0.1289f,0.9648f,1.1983f,0f,0f,0f,1f],start_interpolation: 0,interpolation_duration: 1}
$data merge entity $(left_thumb) {transformation: [-0.7909f,0.4504f,-0.4143f,1.212f,-0.5674f,-0.7933f,0.2207f,6.8569f,-0.2293f,0.4096f,0.883f,1.3516f,0f,0f,0f,1f],start_interpolation: 0,interpolation_duration: 1}
$data merge entity $(left_fingers2) {transformation: [0.961f,0.2261f,-0.1595f,0.6612f,-0.2524f,0.9525f,-0.1705f,7.3648f,0.1134f,0.2041f,0.9724f,1.4332f,0f,0f,0f,1f],start_interpolation: 0,interpolation_duration: 1}
$data merge entity $(left_fingers) {transformation: [-0.0127f,0.9871f,-0.1595f,0.9417f,-0.9845f,-0.0402f,-0.1705f,7.3798f,-0.1748f,0.1549f,0.9724f,1.4894f,0f,0f,0f,1f],start_interpolation: 0,interpolation_duration: 1}
$data merge entity $(left_hand) {transformation: [-0.7909f,0.5908f,-0.1595f,1.2936f,-0.5674f,-0.8056f,-0.1705f,6.8747f,-0.2293f,-0.0444f,0.9724f,1.504f,0f,0f,0f,1f],start_interpolation: 0,interpolation_duration: 1}
$data merge entity $(left_forearm) {transformation: [-1.2914f,0.3143f,-0.3616f,1.7f,-0.1241f,-1.2235f,-0.6202f,5.0043f,-0.4627f,-0.5489f,1.1755f,0.7009f,0f,0f,0f,1f],start_interpolation: 0,interpolation_duration: 1}
$data merge entity $(left_shoulder) {transformation: [-1.3633f,-0.4619f,0.2791f,0.8531f,-0.4834f,0.708f,-1.1895f,5.8084f,0.2399f,-1.198f,-0.8106f,-0.6853f,0f,0f,0f,1f],start_interpolation: 0,interpolation_duration: 1}
$data merge entity $(left_arm) {transformation: [-0.9752f,0.116f,-0.1883f,0.3352f,0.0215f,0.897f,0.4415f,6.0841f,0.2202f,0.4265f,-0.8773f,-0.445f,0f,0f,0f,1f],start_interpolation: 0,interpolation_duration: 1}
$data merge entity $(chest) {transformation: [-1.2469f,0.1484f,-0.2408f,-0.3125f,0.0275f,1.1468f,0.5645f,4.4889f,0.2815f,0.5454f,-1.1216f,-1.1482f,0f,0f,0f,1f],start_interpolation: 0,interpolation_duration: 1}
$data merge entity $(left_cheek) {transformation: [-0.7834f,-0.5431f,-0.3022f,-0.6348f,-0.4186f,0.8204f,-0.3894f,3.339f,0.4594f,-0.1785f,-0.8701f,-1.8779f,0f,0f,0f,1f],start_interpolation: 0,interpolation_duration: 1}
$data merge entity $(left_foot) {transformation: [-0.6604f,0.0106f,-0.7804f,1.1904f,-0.0529f,1.0193f,0.0586f,-3.2645f,0.7786f,0.0782f,-0.6579f,-3.3342f,0f,0f,0f,1f],start_interpolation: 0,interpolation_duration: 1}
$data merge entity $(left_knee) {transformation: [-2.1291f,0.3173f,-2.149f,1.6028f,-1.0287f,2.5031f,1.3887f,0.2861f,1.9133f,1.6989f,-1.6447f,-1.1051f,0f,0f,0f,1f],start_interpolation: 0,interpolation_duration: 1}
$data merge entity $(left_leg) {transformation: [-1.2025f,-0.9098f,-0.8232f,0.1193f,-0.581f,1.4374f,-0.74f,2.5865f,1.0806f,-0.2396f,-1.3139f,-1.4054f,0f,0f,0f,1f],start_interpolation: 0,interpolation_duration: 1}
$data merge entity $(right_cheek) {transformation: [-0.7409f,0.0572f,-0.6691f,-1.0846f,0.4062f,0.8316f,-0.3787f,3.4563f,0.5348f,-0.5525f,-0.6394f,-1.5837f,0f,0f,0f,1f],start_interpolation: 0,interpolation_duration: 1}
$data merge entity $(right_foot) {transformation: [-1.0188f,0.05f,0.0689f,-2.516f,0.0517f,1.0208f,0.0235f,-3.3751f,-0.0677f,0.0269f,-1.0198f,0.4294f,0f,0f,0f,1f],start_interpolation: 0,interpolation_duration: 1}
$data merge entity $(right_knee) {transformation: [-2.9538f,0.7206f,0.0895f,-1.5999f,0.7238f,2.8922f,0.6027f,0.6732f,0.0576f,0.6066f,-2.9801f,1.1486f,0f,0f,0f,1f],start_interpolation: 0,interpolation_duration: 1}
$data merge entity $(right_leg) {transformation: [-1.6683f,0.2796f,-0.3f,-1.0737f,0.4088f,1.2336f,-1.1236f,2.6654f,0.0325f,-1.1625f,-1.2644f,-0.6782f,0f,0f,0f,1f],start_interpolation: 0,interpolation_duration: 1}
$data merge entity $(weist) {transformation: [-1.383f,0.0792f,-0.8444f,-0.4578f,0.0915f,1.6198f,0.0021f,4.2742f,0.8431f,-0.0459f,-1.3853f,-1.1888f,0f,0f,0f,1f],start_interpolation: 0,interpolation_duration: 1}
data modify storage animated_java:temp entry.data merge value {"locators":{"consume":{"px":-0.2207288473,"py":6.5252931282,"pz":2.257458112,"ry":174.3202027522,"rx":-23.7189941929}}}
# Data Manager: Prepare for Read / Write
execute store result storage animated_java:temp args.id int 1 run scoreboard players get @s aj.id
# Data Manager: Write
function animated_java:global/data_manager/write with storage animated_java:temp args