# This file was generated by Animated Java via MC-Build. It is not recommended to edit this file directly.
$data merge entity $(neck) {transformation: [-0.9755f,0.1161f,-0.1868f,-0.1009f,0.0226f,0.8977f,0.44f,6.1419f,0.2188f,0.425f,-0.8783f,-0.3741f,0f,0f,0f,1f],start_interpolation: 0,interpolation_duration: 1}
$data merge entity $(right_thumb_2) {transformation: [-0.6209f,-0.7836f,0.0215f,-0.5459f,0.6904f,-0.5596f,-0.4584f,6.3714f,0.3712f,-0.2698f,0.8885f,1.9117f,0f,0f,0f,1f],start_interpolation: 0,interpolation_duration: 1}
$data merge entity $(right_thumb) {transformation: [-0.6209f,-0.6493f,0.4391f,-0.8531f,0.6904f,-0.7183f,-0.0859f,6.2439f,0.3712f,0.2498f,0.8943f,2.0345f,0f,0f,0f,1f],start_interpolation: 0,interpolation_duration: 1}
$data merge entity $(right_fingers2) {transformation: [0.9957f,0.0249f,0.0897f,-0.1911f,0.0139f,0.9129f,-0.4079f,6.5632f,-0.092f,0.4073f,0.9086f,2.2012f,0f,0f,0f,1f],start_interpolation: 0,interpolation_duration: 1}
$data merge entity $(right_fingers) {transformation: [0.2398f,-0.9667f,0.0897f,-0.4592f,0.8943f,0.184f,-0.4079f,6.6379f,0.3778f,0.178f,0.9086f,2.2692f,0f,0f,0f,1f],start_interpolation: 0,interpolation_duration: 1}
$data merge entity $(scout) {transformation: [0f,0f,0f,-0.3745f,0f,0f,0f,6.4453f,0f,0f,0f,2.2917f,0f,0f,0f,1f],start_interpolation: 0,interpolation_duration: 1}
$data merge entity $(right_hand) {transformation: [-0.6209f,-0.7787f,0.0897f,-0.9304f,0.6904f,-0.5975f,-0.4079f,6.2495f,0.3712f,-0.1913f,0.9086f,2.19f,0f,0f,0f,1f],start_interpolation: 0,interpolation_duration: 1}
$data merge entity $(right_forearm) {transformation: [-1.2176f,-0.6244f,0.1572f,-1.8144f,0.3661f,-0.9479f,-0.9299f,4.773f,0.5297f,-0.7803f,1.0039f,1.0294f,0f,0f,0f,1f],start_interpolation: 0,interpolation_duration: 1}
$data merge entity $(right_shoulder) {transformation: [-1.335f,0.3437f,-0.4994f,-1.1102f,0.5965f,0.9601f,-0.9339f,5.8534f,0.1081f,-1.0535f,-1.014f,-0.2442f,0f,0f,0f,1f],start_interpolation: 0,interpolation_duration: 1}
$data merge entity $(right_arm) {transformation: [-0.9755f,0.1161f,-0.1868f,-0.528f,0.0226f,0.8977f,0.44f,6.1044f,0.2188f,0.425f,-0.8783f,-0.2519f,0f,0f,0f,1f],start_interpolation: 0,interpolation_duration: 1}
$data merge entity $(left_thumb_2) {transformation: [-0.7933f,0.5989f,-0.1096f,0.9434f,-0.5625f,-0.7898f,-0.2445f,7.0339f,-0.233f,-0.1323f,0.9634f,1.2123f,0f,0f,0f,1f],start_interpolation: 0,interpolation_duration: 1}
$data merge entity $(left_thumb) {transformation: [-0.7933f,0.4462f,-0.4142f,1.2104f,-0.5625f,-0.7975f,0.2182f,6.8577f,-0.233f,0.4061f,0.8836f,1.3651f,0f,0f,0f,1f],start_interpolation: 0,interpolation_duration: 1}
$data merge entity $(left_fingers2) {transformation: [0.9596f,0.2304f,-0.1614f,0.662f,-0.2575f,0.9503f,-0.1747f,7.3678f,0.1131f,0.2092f,0.9713f,1.4487f,0f,0f,0f,1f],start_interpolation: 0,interpolation_duration: 1}
$data merge entity $(left_fingers) {transformation: [-0.0172f,0.9867f,-0.1614f,0.9425f,-0.9836f,-0.0457f,-0.1747f,7.3812f,-0.1798f,0.1557f,0.9713f,1.5052f,0f,0f,0f,1f],start_interpolation: 0,interpolation_duration: 1}
$data merge entity $(left_hand) {transformation: [-0.7933f,0.587f,-0.1614f,1.292f,-0.5625f,-0.8081f,-0.1747f,6.8743f,-0.233f,-0.0478f,0.9713f,1.5176f,0f,0f,0f,1f],start_interpolation: 0,interpolation_duration: 1}
$data merge entity $(left_forearm) {transformation: [-1.2909f,0.314f,-0.3636f,1.6979f,-0.1207f,-1.2209f,-0.626f,5.0078f,-0.465f,-0.5548f,1.1718f,0.7054f,0f,0f,0f,1f],start_interpolation: 0,interpolation_duration: 1}
$data merge entity $(left_shoulder) {transformation: [-1.364f,-0.4598f,0.2792f,0.8535f,-0.4815f,0.7043f,-1.1924f,5.8079f,0.2398f,-1.201f,-0.8062f,-0.6846f,0f,0f,0f,1f],start_interpolation: 0,interpolation_duration: 1}
$data merge entity $(left_arm) {transformation: [-0.9755f,0.1161f,-0.1868f,0.3354f,0.0226f,0.8977f,0.44f,6.0844f,0.2188f,0.425f,-0.8783f,-0.4455f,0f,0f,0f,1f],start_interpolation: 0,interpolation_duration: 1}
$data merge entity $(chest) {transformation: [-1.2472f,0.1485f,-0.2388f,-0.3125f,0.0289f,1.1477f,0.5626f,4.4884f,0.2798f,0.5434f,-1.123f,-1.1467f,0f,0f,0f,1f],start_interpolation: 0,interpolation_duration: 1}
$data merge entity $(left_cheek) {transformation: [-0.7853f,-0.5399f,-0.3029f,-0.6316f,-0.4169f,0.8229f,-0.3859f,3.3432f,0.4577f,-0.1767f,-0.8714f,-1.8798f,0f,0f,0f,1f],start_interpolation: 0,interpolation_duration: 1}
$data merge entity $(left_foot) {transformation: [-0.6626f,0.0104f,-0.7785f,1.1877f,-0.0517f,1.0194f,0.0577f,-3.274f,0.7769f,0.0768f,-0.6602f,-3.3384f,0f,0f,0f,1f],start_interpolation: 0,interpolation_duration: 1}
$data merge entity $(left_knee) {transformation: [-2.1345f,0.3126f,-2.1444f,1.5939f,-1.0259f,2.5055f,1.3864f,0.2799f,1.9088f,1.6961f,-1.6528f,-1.1134f,0f,0f,0f,1f],start_interpolation: 0,interpolation_duration: 1}
$data merge entity $(left_leg) {transformation: [-1.2056f,-0.9042f,-0.8249f,0.1193f,-0.5794f,1.4415f,-0.7334f,2.5866f,1.0781f,-0.2364f,-1.3165f,-1.4088f,0f,0f,0f,1f],start_interpolation: 0,interpolation_duration: 1}
$data merge entity $(right_cheek) {transformation: [-0.741f,0.0573f,-0.669f,-1.0844f,0.4043f,0.8336f,-0.3764f,3.4577f,0.5361f,-0.5494f,-0.6409f,-1.5838f,0f,0f,0f,1f],start_interpolation: 0,interpolation_duration: 1}
$data merge entity $(right_foot) {transformation: [-1.0189f,0.0498f,0.0679f,-2.5168f,0.0515f,1.0208f,0.0234f,-3.385f,-0.0666f,0.0267f,-1.0198f,0.4264f,0f,0f,0f,1f],start_interpolation: 0,interpolation_duration: 1}
$data merge entity $(right_knee) {transformation: [-2.9538f,0.721f,0.0861f,-1.6002f,0.7236f,2.8933f,0.5978f,0.6645f,0.0598f,0.601f,-2.9812f,1.138f,0f,0f,0f,1f],start_interpolation: 0,interpolation_duration: 1}
$data merge entity $(right_leg) {transformation: [-1.6683f,0.2798f,-0.2998f,-1.0737f,0.4087f,1.2379f,-1.1189f,2.6635f,0.0338f,-1.1579f,-1.2687f,-0.6812f,0f,0f,0f,1f],start_interpolation: 0,interpolation_duration: 1}
$data merge entity $(weist) {transformation: [-1.383f,0.0792f,-0.8444f,-0.4578f,0.0891f,1.6199f,0.006f,4.2737f,0.8434f,-0.0412f,-1.3853f,-1.1873f,0f,0f,0f,1f],start_interpolation: 0,interpolation_duration: 1}
data modify storage animated_java:temp entry.data merge value {"locators":{"consume":{"px":-0.224170713,"py":6.5209668535,"pz":2.2684646892,"ry":174.3642879358,"rx":-24.0698586867}}}
# Data Manager: Prepare for Read / Write
execute store result storage animated_java:temp args.id int 1 run scoreboard players get @s aj.id
# Data Manager: Write
function animated_java:global/data_manager/write with storage animated_java:temp args