# This file was generated by Animated Java via MC-Build. It is not recommended to edit this file directly.
$data merge entity $(neck) {transformation: [-0.9758f,0.1162f,-0.1851f,-0.1008f,0.0238f,0.8984f,0.4386f,6.1427f,0.2173f,0.4236f,-0.8794f,-0.3754f,0f,0f,0f,1f],start_interpolation: 0,interpolation_duration: 1}
$data merge entity $(right_thumb_2) {transformation: [-0.622f,-0.7827f,0.0204f,-0.5492f,0.6877f,-0.5585f,-0.4639f,6.3696f,0.3745f,-0.2745f,0.8857f,1.9216f,0f,0f,0f,1f],start_interpolation: 0,interpolation_duration: 1}
$data merge entity $(right_thumb) {transformation: [-0.622f,-0.6492f,0.4377f,-0.8564f,0.6877f,-0.7203f,-0.0911f,6.2412f,0.3745f,0.2443f,0.8945f,2.0431f,0f,0f,0f,1f],start_interpolation: 0,interpolation_duration: 1}
$data merge entity $(right_fingers2) {transformation: [0.9958f,0.0236f,0.0885f,-0.195f,0.0152f,0.9104f,-0.4134f,6.5599f,-0.0903f,0.413f,0.9062f,2.2129f,0f,0f,0f,1f],start_interpolation: 0,interpolation_duration: 1}
$data merge entity $(right_fingers) {transformation: [0.2386f,-0.9671f,0.0885f,-0.4632f,0.8921f,0.1822f,-0.4134f,6.634f,0.3837f,0.1776f,0.9062f,2.281f,0f,0f,0f,1f],start_interpolation: 0,interpolation_duration: 1}
$data merge entity $(scout) {transformation: [0f,0f,0f,-0.3784f,0f,0f,0f,6.4413f,0f,0f,0f,2.3024f,0f,0f,0f,1f],start_interpolation: 0,interpolation_duration: 1}
$data merge entity $(right_hand) {transformation: [-0.622f,-0.778f,0.0885f,-0.934f,0.6877f,-0.5968f,-0.4134f,6.2457f,0.3745f,-0.1963f,0.9062f,2.1986f,0f,0f,0f,1f],start_interpolation: 0,interpolation_duration: 1}
$data merge entity $(right_forearm) {transformation: [-1.2181f,-0.6241f,0.1549f,-1.8176f,0.3638f,-0.9424f,-0.9362f,4.7772f,0.5302f,-0.787f,0.9983f,1.0276f,0f,0f,0f,1f],start_interpolation: 0,interpolation_duration: 1}
$data merge entity $(right_shoulder) {transformation: [-1.3346f,0.3461f,-0.4987f,-1.1105f,0.5979f,0.9583f,-0.9349f,5.8552f,0.1053f,-1.0543f,-1.0135f,-0.2465f,0f,0f,0f,1f],start_interpolation: 0,interpolation_duration: 1}
$data merge entity $(right_arm) {transformation: [-0.9758f,0.1162f,-0.1851f,-0.5281f,0.0238f,0.8984f,0.4386f,6.1057f,0.2173f,0.4236f,-0.8794f,-0.2538f,0f,0f,0f,1f],start_interpolation: 0,interpolation_duration: 1}
$data merge entity $(left_thumb_2) {transformation: [-0.7955f,0.5955f,-0.1119f,0.9425f,-0.5577f,-0.7918f,-0.249f,7.0374f,-0.2369f,-0.1356f,0.962f,1.2271f,0f,0f,0f,1f],start_interpolation: 0,interpolation_duration: 1}
$data merge entity $(left_thumb) {transformation: [-0.7955f,0.4421f,-0.4144f,1.2085f,-0.5577f,-0.8016f,0.2155f,6.8592f,-0.2369f,0.4025f,0.8842f,1.3792f,0f,0f,0f,1f],start_interpolation: 0,interpolation_duration: 1}
$data merge entity $(left_fingers2) {transformation: [0.9583f,0.2343f,-0.1634f,0.6623f,-0.2624f,0.9482f,-0.179f,7.3713f,0.113f,0.2144f,0.9702f,1.4648f,0f,0f,0f,1f],start_interpolation: 0,interpolation_duration: 1}
$data merge entity $(left_fingers) {transformation: [-0.0214f,0.9863f,-0.1634f,0.9427f,-0.9825f,-0.0509f,-0.179f,7.3832f,-0.1849f,0.1567f,0.9702f,1.5218f,0f,0f,0f,1f],start_interpolation: 0,interpolation_duration: 1}
$data merge entity $(left_hand) {transformation: [-0.7955f,0.5835f,-0.1634f,1.2899f,-0.5577f,-0.8105f,-0.179f,6.8746f,-0.2369f,-0.0513f,0.9702f,1.532f,0f,0f,0f,1f],start_interpolation: 0,interpolation_duration: 1}
$data merge entity $(left_forearm) {transformation: [-1.2903f,0.3138f,-0.3658f,1.6955f,-0.1172f,-1.2183f,-0.6318f,5.0121f,-0.4675f,-0.5608f,1.1679f,0.7105f,0f,0f,0f,1f],start_interpolation: 0,interpolation_duration: 1}
$data merge entity $(left_shoulder) {transformation: [-1.3648f,-0.4574f,0.2794f,0.8538f,-0.4794f,0.7f,-1.1958f,5.8073f,0.2396f,-1.2044f,-0.8011f,-0.6839f,0f,0f,0f,1f],start_interpolation: 0,interpolation_duration: 1}
$data merge entity $(left_arm) {transformation: [-0.9758f,0.1162f,-0.1851f,0.3356f,0.0238f,0.8984f,0.4386f,6.0847f,0.2173f,0.4236f,-0.8794f,-0.4461f,0f,0f,0f,1f],start_interpolation: 0,interpolation_duration: 1}
$data merge entity $(chest) {transformation: [-1.2476f,0.1486f,-0.2367f,-0.3125f,0.0304f,1.1486f,0.5607f,4.4879f,0.2778f,0.5416f,-1.1244f,-1.1453f,0f,0f,0f,1f],start_interpolation: 0,interpolation_duration: 1}
$data merge entity $(left_cheek) {transformation: [-0.7871f,-0.537f,-0.3036f,-0.6287f,-0.4154f,0.8252f,-0.3827f,3.3471f,0.4561f,-0.1751f,-0.8726f,-1.8815f,0f,0f,0f,1f],start_interpolation: 0,interpolation_duration: 1}
$data merge entity $(left_foot) {transformation: [-0.6646f,0.0102f,-0.7768f,1.1852f,-0.0507f,1.0195f,0.0568f,-3.2826f,0.7752f,0.0754f,-0.6622f,-3.3423f,0f,0f,0f,1f],start_interpolation: 0,interpolation_duration: 1}
$data merge entity $(left_knee) {transformation: [-2.1394f,0.3083f,-2.1401f,1.5857f,-1.0232f,2.5078f,1.3842f,0.2743f,1.9048f,1.6935f,-1.6602f,-1.1211f,0f,0f,0f,1f],start_interpolation: 0,interpolation_duration: 1}
$data merge entity $(left_leg) {transformation: [-1.2083f,-0.8991f,-0.8264f,0.1193f,-0.5779f,1.4452f,-0.7273f,2.5867f,1.0758f,-0.2335f,-1.3189f,-1.4118f,0f,0f,0f,1f],start_interpolation: 0,interpolation_duration: 1}
$data merge entity $(right_cheek) {transformation: [-0.7411f,0.0574f,-0.6689f,-1.0842f,0.4025f,0.8355f,-0.3742f,3.459f,0.5374f,-0.5465f,-0.6423f,-1.5839f,0f,0f,0f,1f],start_interpolation: 0,interpolation_duration: 1}
$data merge entity $(right_foot) {transformation: [-1.019f,0.0497f,0.0669f,-2.5175f,0.0513f,1.0208f,0.0233f,-3.3941f,-0.0656f,0.0266f,-1.0199f,0.4237f,0f,0f,0f,1f],start_interpolation: 0,interpolation_duration: 1}
$data merge entity $(right_knee) {transformation: [-2.9538f,0.7214f,0.083f,-1.6005f,0.7235f,2.8942f,0.5934f,0.6566f,0.0618f,0.596f,-2.9821f,1.1283f,0f,0f,0f,1f],start_interpolation: 0,interpolation_duration: 1}
$data merge entity $(right_leg) {transformation: [-1.6683f,0.28f,-0.2996f,-1.0737f,0.4086f,1.2418f,-1.1146f,2.6617f,0.0349f,-1.1537f,-1.2725f,-0.684f,0f,0f,0f,1f],start_interpolation: 0,interpolation_duration: 1}
$data merge entity $(weist) {transformation: [-1.383f,0.0792f,-0.8444f,-0.4578f,0.0869f,1.62f,0.0097f,4.2732f,0.8437f,-0.037f,-1.3852f,-1.1859f,0f,0f,0f,1f],start_interpolation: 0,interpolation_duration: 1}
data modify storage animated_java:temp entry.data merge value {"locators":{"consume":{"px":-0.2280911173,"py":6.517236612,"pz":2.2798854048,"ry":174.4221109576,"rx":-24.4199482533}}}
# Data Manager: Prepare for Read / Write
execute store result storage animated_java:temp args.id int 1 run scoreboard players get @s aj.id
# Data Manager: Write
function animated_java:global/data_manager/write with storage animated_java:temp args