# This file was generated by Animated Java via MC-Build. It is not recommended to edit this file directly.
$data merge entity $(neck) {transformation: [-0.9762f,0.1162f,-0.1833f,-0.1007f,0.0249f,0.899f,0.4372f,6.1435f,0.2156f,0.4222f,-0.8805f,-0.3767f,0f,0f,0f,1f],start_interpolation: 0,interpolation_duration: 1}
$data merge entity $(right_thumb_2) {transformation: [-0.6231f,-0.7819f,0.0191f,-0.5528f,0.685f,-0.5573f,-0.4692f,6.3685f,0.3775f,-0.2792f,0.8829f,1.9317f,0f,0f,0f,1f],start_interpolation: 0,interpolation_duration: 1}
$data merge entity $(right_thumb) {transformation: [-0.6231f,-0.6492f,0.4363f,-0.8602f,0.685f,-0.7221f,-0.0963f,6.2391f,0.3775f,0.2389f,0.8947f,2.052f,0f,0f,0f,1f],start_interpolation: 0,interpolation_duration: 1}
$data merge entity $(right_fingers2) {transformation: [0.9959f,0.0224f,0.0872f,-0.1992f,0.0163f,0.9079f,-0.4188f,6.5573f,-0.0885f,0.4185f,0.9039f,2.2248f,0f,0f,0f,1f],start_interpolation: 0,interpolation_duration: 1}
$data merge entity $(right_fingers) {transformation: [0.2374f,-0.9675f,0.0872f,-0.4676f,0.8899f,0.1806f,-0.4188f,6.6308f,0.3895f,0.177f,0.9039f,2.2928f,0f,0f,0f,1f],start_interpolation: 0,interpolation_duration: 1}
$data merge entity $(scout) {transformation: [0f,0f,0f,-0.3827f,0f,0f,0f,6.438f,0f,0f,0f,2.3133f,0f,0f,0f,1f],start_interpolation: 0,interpolation_duration: 1}
$data merge entity $(right_hand) {transformation: [-0.6231f,-0.7773f,0.0872f,-0.938f,0.685f,-0.5961f,-0.4188f,6.2427f,0.3775f,-0.2012f,0.9039f,2.2073f,0f,0f,0f,1f],start_interpolation: 0,interpolation_duration: 1}
$data merge entity $(right_forearm) {transformation: [-1.2186f,-0.6236f,0.1525f,-1.821f,0.3617f,-0.9372f,-0.9424f,4.7821f,0.5304f,-0.7937f,0.9929f,1.0261f,0f,0f,0f,1f],start_interpolation: 0,interpolation_duration: 1}
$data merge entity $(right_shoulder) {transformation: [-1.3343f,0.3487f,-0.4979f,-1.1109f,0.5993f,0.956f,-0.9364f,5.857f,0.102f,-1.0556f,-1.0125f,-0.2489f,0f,0f,0f,1f],start_interpolation: 0,interpolation_duration: 1}
$data merge entity $(right_arm) {transformation: [-0.9762f,0.1162f,-0.1833f,-0.5283f,0.0249f,0.899f,0.4372f,6.1071f,0.2156f,0.4222f,-0.8805f,-0.2557f,0f,0f,0f,1f],start_interpolation: 0,interpolation_duration: 1}
$data merge entity $(left_thumb_2) {transformation: [-0.7974f,0.5925f,-0.1143f,0.9411f,-0.5533f,-0.7935f,-0.2534f,7.0414f,-0.2409f,-0.1388f,0.9606f,1.2421f,0f,0f,0f,1f],start_interpolation: 0,interpolation_duration: 1}
$data merge entity $(left_thumb) {transformation: [-0.7974f,0.4383f,-0.4148f,1.2062f,-0.5533f,-0.8054f,0.2126f,6.8613f,-0.2409f,0.399f,0.8847f,1.3937f,0f,0f,0f,1f],start_interpolation: 0,interpolation_duration: 1}
$data merge entity $(left_fingers2) {transformation: [0.9571f,0.2379f,-0.1655f,0.6619f,-0.2669f,0.9461f,-0.1833f,7.3752f,0.113f,0.2196f,0.969f,1.4811f,0f,0f,0f,1f],start_interpolation: 0,interpolation_duration: 1}
$data merge entity $(left_fingers) {transformation: [-0.0251f,0.9859f,-0.1655f,0.9424f,-0.9815f,-0.0557f,-0.1833f,7.3856f,-0.1899f,0.1579f,0.969f,1.5385f,0f,0f,0f,1f],start_interpolation: 0,interpolation_duration: 1}
$data merge entity $(left_hand) {transformation: [-0.7974f,0.5803f,-0.1655f,1.2875f,-0.5533f,-0.8126f,-0.1833f,6.8757f,-0.2409f,-0.0546f,0.969f,1.5466f,0f,0f,0f,1f],start_interpolation: 0,interpolation_duration: 1}
$data merge entity $(left_forearm) {transformation: [-1.2896f,0.3137f,-0.3682f,1.6929f,-0.1137f,-1.2156f,-0.6376f,5.0171f,-0.4702f,-0.5665f,1.1641f,0.7163f,0f,0f,0f,1f],start_interpolation: 0,interpolation_duration: 1}
$data merge entity $(left_shoulder) {transformation: [-1.3655f,-0.4549f,0.2797f,0.8541f,-0.4772f,0.695f,-1.1996f,5.8068f,0.2396f,-1.2083f,-0.7953f,-0.683f,0f,0f,0f,1f],start_interpolation: 0,interpolation_duration: 1}
$data merge entity $(left_arm) {transformation: [-0.9762f,0.1162f,-0.1833f,0.3357f,0.0249f,0.899f,0.4372f,6.085f,0.2156f,0.4222f,-0.8805f,-0.4465f,0f,0f,0f,1f],start_interpolation: 0,interpolation_duration: 1}
$data merge entity $(chest) {transformation: [-1.2481f,0.1486f,-0.2344f,-0.3125f,0.0318f,1.1494f,0.559f,4.4875f,0.2757f,0.5398f,-1.1257f,-1.1441f,0f,0f,0f,1f],start_interpolation: 0,interpolation_duration: 1}
$data merge entity $(left_cheek) {transformation: [-0.7886f,-0.5343f,-0.3042f,-0.6261f,-0.414f,0.8272f,-0.3799f,3.3506f,0.4547f,-0.1736f,-0.8736f,-1.883f,0f,0f,0f,1f],start_interpolation: 0,interpolation_duration: 1}
$data merge entity $(left_foot) {transformation: [-0.6663f,0.0101f,-0.7753f,1.1829f,-0.0497f,1.0196f,0.056f,-3.2903f,0.7738f,0.0742f,-0.6641f,-3.3457f,0f,0f,0f,1f],start_interpolation: 0,interpolation_duration: 1}
$data merge entity $(left_knee) {transformation: [-2.1437f,0.3045f,-2.1363f,1.5785f,-1.0209f,2.5099f,1.3822f,0.2693f,1.9011f,1.6911f,-1.6667f,-1.128f,0f,0f,0f,1f],start_interpolation: 0,interpolation_duration: 1}
$data merge entity $(left_leg) {transformation: [-1.2108f,-0.8945f,-0.8278f,0.1193f,-0.5766f,1.4484f,-0.7218f,2.5869f,1.0738f,-0.2309f,-1.321f,-1.4145f,0f,0f,0f,1f],start_interpolation: 0,interpolation_duration: 1}
$data merge entity $(right_cheek) {transformation: [-0.7412f,0.0575f,-0.6689f,-1.0841f,0.4008f,0.8371f,-0.3722f,3.4601f,0.5385f,-0.544f,-0.6435f,-1.584f,0f,0f,0f,1f],start_interpolation: 0,interpolation_duration: 1}
$data merge entity $(right_foot) {transformation: [-1.019f,0.0495f,0.066f,-2.5182f,0.0511f,1.0208f,0.0232f,-3.4021f,-0.0648f,0.0265f,-1.02f,0.4213f,0f,0f,0f,1f],start_interpolation: 0,interpolation_duration: 1}
$data merge entity $(right_knee) {transformation: [-2.9538f,0.7217f,0.0802f,-1.6008f,0.7234f,2.8951f,0.5894f,0.6496f,0.0635f,0.5915f,-2.983f,1.1197f,0f,0f,0f,1f],start_interpolation: 0,interpolation_duration: 1}
$data merge entity $(right_leg) {transformation: [-1.6683f,0.2802f,-0.2995f,-1.0737f,0.4085f,1.2453f,-1.1108f,2.6601f,0.0359f,-1.1498f,-1.2759f,-0.6865f,0f,0f,0f,1f],start_interpolation: 0,interpolation_duration: 1}
$data merge entity $(weist) {transformation: [-1.383f,0.0792f,-0.8445f,-0.4578f,0.0849f,1.6201f,0.0129f,4.2728f,0.8439f,-0.0332f,-1.3852f,-1.1847f,0f,0f,0f,1f],start_interpolation: 0,interpolation_duration: 1}
data modify storage animated_java:temp entry.data merge value {"locators":{"consume":{"px":-0.2324044303,"py":6.5141528399,"pz":2.291427033,"ry":174.49023379,"rx":-24.7599448799}}}
# Data Manager: Prepare for Read / Write
execute store result storage animated_java:temp args.id int 1 run scoreboard players get @s aj.id
# Data Manager: Write
function animated_java:global/data_manager/write with storage animated_java:temp args