# This file was generated by Animated Java via MC-Build. It is not recommended to edit this file directly.
$data merge entity $(neck) {transformation: [-0.9765f,0.1161f,-0.1815f,-0.1009f,0.0259f,0.8996f,0.4359f,6.1442f,0.2139f,0.421f,-0.8815f,-0.3778f,0f,0f,0f,1f],start_interpolation: 0,interpolation_duration: 1}
$data merge entity $(right_thumb_2) {transformation: [-0.624f,-0.7812f,0.0178f,-0.5567f,0.6826f,-0.5561f,-0.4742f,6.3681f,0.3803f,-0.2838f,0.8803f,1.9417f,0f,0f,0f,1f],start_interpolation: 0,interpolation_duration: 1}
$data merge entity $(right_thumb) {transformation: [-0.624f,-0.6493f,0.4347f,-0.8643f,0.6826f,-0.7237f,-0.1011f,6.2379f,0.3803f,0.2336f,0.8949f,2.0607f,0f,0f,0f,1f],start_interpolation: 0,interpolation_duration: 1}
$data merge entity $(right_fingers2) {transformation: [0.9961f,0.0212f,0.0858f,-0.2037f,0.0172f,0.9055f,-0.4239f,6.5553f,-0.0867f,0.4237f,0.9016f,2.2364f,0f,0f,0f,1f],start_interpolation: 0,interpolation_duration: 1}
$data merge entity $(right_fingers) {transformation: [0.2363f,-0.9679f,0.0858f,-0.4723f,0.8878f,0.1792f,-0.4239f,6.6283f,0.3949f,0.1763f,0.9016f,2.3044f,0f,0f,0f,1f],start_interpolation: 0,interpolation_duration: 1}
$data merge entity $(scout) {transformation: [0f,0f,0f,-0.3873f,0f,0f,0f,6.4354f,0f,0f,0f,2.3239f,0f,0f,0f,1f],start_interpolation: 0,interpolation_duration: 1}
$data merge entity $(right_hand) {transformation: [-0.624f,-0.7767f,0.0858f,-0.9424f,0.6826f,-0.5953f,-0.4239f,6.2405f,0.3803f,-0.206f,0.9016f,2.2159f,0f,0f,0f,1f],start_interpolation: 0,interpolation_duration: 1}
$data merge entity $(right_forearm) {transformation: [-1.2192f,-0.623f,0.1501f,-1.8245f,0.3597f,-0.9322f,-0.9481f,4.7873f,0.5304f,-0.8f,0.9878f,1.025f,0f,0f,0f,1f],start_interpolation: 0,interpolation_duration: 1}
$data merge entity $(right_shoulder) {transformation: [-1.334f,0.3512f,-0.497f,-1.1114f,0.6006f,0.9532f,-0.9384f,5.8586f,0.0984f,-1.0573f,-1.0111f,-0.2514f,0f,0f,0f,1f],start_interpolation: 0,interpolation_duration: 1}
$data merge entity $(right_arm) {transformation: [-0.9765f,0.1161f,-0.1815f,-0.5287f,0.0259f,0.8996f,0.4359f,6.1083f,0.2139f,0.421f,-0.8815f,-0.2575f,0f,0f,0f,1f],start_interpolation: 0,interpolation_duration: 1}
$data merge entity $(left_thumb_2) {transformation: [-0.799f,0.5899f,-0.1167f,0.9393f,-0.5493f,-0.7949f,-0.2577f,7.0458f,-0.2448f,-0.1418f,0.9592f,1.2569f,0f,0f,0f,1f],start_interpolation: 0,interpolation_duration: 1}
$data merge entity $(left_thumb) {transformation: [-0.799f,0.4348f,-0.4154f,1.2036f,-0.5493f,-0.8089f,0.2098f,6.864f,-0.2448f,0.3958f,0.8851f,1.408f,0f,0f,0f,1f],start_interpolation: 0,interpolation_duration: 1}
$data merge entity $(left_fingers2) {transformation: [0.956f,0.2409f,-0.1677f,0.661f,-0.2708f,0.9442f,-0.1874f,7.3794f,0.1132f,0.2246f,0.9679f,1.4971f,0f,0f,0f,1f],start_interpolation: 0,interpolation_duration: 1}
$data merge entity $(left_fingers) {transformation: [-0.0282f,0.9854f,-0.1677f,0.9413f,-0.9804f,-0.06f,-0.1874f,7.3886f,-0.1947f,0.1591f,0.9679f,1.555f,0f,0f,0f,1f],start_interpolation: 0,interpolation_duration: 1}
$data merge entity $(left_hand) {transformation: [-0.799f,0.5775f,-0.1677f,1.2846f,-0.5493f,-0.8144f,-0.1874f,6.8774f,-0.2448f,-0.0576f,0.9679f,1.5612f,0f,0f,0f,1f],start_interpolation: 0,interpolation_duration: 1}
$data merge entity $(left_forearm) {transformation: [-1.2889f,0.3138f,-0.3707f,1.6901f,-0.1104f,-1.213f,-0.643f,5.0226f,-0.473f,-0.572f,1.1603f,0.7223f,0f,0f,0f,1f],start_interpolation: 0,interpolation_duration: 1}
$data merge entity $(left_shoulder) {transformation: [-1.3663f,-0.4523f,0.2801f,0.8542f,-0.4751f,0.6897f,-1.2036f,5.8064f,0.2395f,-1.2123f,-0.7892f,-0.682f,0f,0f,0f,1f],start_interpolation: 0,interpolation_duration: 1}
$data merge entity $(left_arm) {transformation: [-0.9765f,0.1161f,-0.1815f,0.3357f,0.0259f,0.8996f,0.4359f,6.0853f,0.2139f,0.421f,-0.8815f,-0.4469f,0f,0f,0f,1f],start_interpolation: 0,interpolation_duration: 1}
$data merge entity $(chest) {transformation: [-1.2485f,0.1485f,-0.2321f,-0.3125f,0.0332f,1.1502f,0.5574f,4.4872f,0.2735f,0.5383f,-1.127f,-1.143f,0f,0f,0f,1f],start_interpolation: 0,interpolation_duration: 1}
$data merge entity $(left_cheek) {transformation: [-0.79f,-0.5321f,-0.3048f,-0.6238f,-0.4127f,0.829f,-0.3774f,3.3535f,0.4534f,-0.1724f,-0.8745f,-1.8843f,0f,0f,0f,1f],start_interpolation: 0,interpolation_duration: 1}
$data merge entity $(left_foot) {transformation: [-0.6679f,0.01f,-0.774f,1.1808f,-0.0489f,1.0197f,0.0553f,-3.2969f,0.7725f,0.0731f,-0.6656f,-3.3487f,0f,0f,0f,1f],start_interpolation: 0,interpolation_duration: 1}
$data merge entity $(left_knee) {transformation: [-2.1475f,0.3013f,-2.133f,1.5722f,-1.0188f,2.5117f,1.3805f,0.265f,1.8981f,1.6891f,-1.6723f,-1.1339f,0f,0f,0f,1f],start_interpolation: 0,interpolation_duration: 1}
$data merge entity $(left_leg) {transformation: [-1.2129f,-0.8906f,-0.829f,0.1192f,-0.5754f,1.4512f,-0.7172f,2.587f,1.072f,-0.2287f,-1.3228f,-1.4169f,0f,0f,0f,1f],start_interpolation: 0,interpolation_duration: 1}
$data merge entity $(right_cheek) {transformation: [-0.7412f,0.0576f,-0.6688f,-1.0839f,0.3995f,0.8385f,-0.3705f,3.4611f,0.5395f,-0.5418f,-0.6445f,-1.584f,0f,0f,0f,1f],start_interpolation: 0,interpolation_duration: 1}
$data merge entity $(right_foot) {transformation: [-1.0191f,0.0494f,0.0652f,-2.5187f,0.051f,1.0208f,0.0232f,-3.409f,-0.064f,0.0264f,-1.02f,0.4192f,0f,0f,0f,1f],start_interpolation: 0,interpolation_duration: 1}
$data merge entity $(right_knee) {transformation: [-2.9538f,0.722f,0.0778f,-1.6011f,0.7232f,2.8958f,0.586f,0.6436f,0.0651f,0.5876f,-2.9837f,1.1122f,0f,0f,0f,1f],start_interpolation: 0,interpolation_duration: 1}
$data merge entity $(right_leg) {transformation: [-1.6683f,0.2804f,-0.2993f,-1.0737f,0.4085f,1.2483f,-1.1074f,2.6588f,0.0367f,-1.1466f,-1.2788f,-0.6887f,0f,0f,0f,1f],start_interpolation: 0,interpolation_duration: 1}
$data merge entity $(weist) {transformation: [-1.3829f,0.0792f,-0.8445f,-0.4578f,0.0833f,1.6201f,0.0157f,4.2725f,0.8441f,-0.03f,-1.3851f,-1.1836f,0f,0f,0f,1f],start_interpolation: 0,interpolation_duration: 1}
data modify storage animated_java:temp entry.data merge value {"locators":{"consume":{"px":-0.2370267392,"py":6.511774101,"pz":2.3028052321,"ry":174.5652400262,"rx":-25.0805516112}}}
# Data Manager: Prepare for Read / Write
execute store result storage animated_java:temp args.id int 1 run scoreboard players get @s aj.id
# Data Manager: Write
function animated_java:global/data_manager/write with storage animated_java:temp args