# This file was generated by Animated Java via MC-Build. It is not recommended to edit this file directly.
$data merge entity $(neck) {transformation: [-0.9772f,0.1156f,-0.1781f,-0.1017f,0.0275f,0.9005f,0.434f,6.1453f,0.2105f,0.4193f,-0.8831f,-0.3795f,0f,0f,0f,1f],start_interpolation: 0,interpolation_duration: 1}
$data merge entity $(right_thumb_2) {transformation: [-0.6258f,-0.7798f,0.015f,-0.5652f,0.6785f,-0.5538f,-0.4826f,6.369f,0.3847f,-0.2918f,0.8757f,1.9604f,0f,0f,0f,1f],start_interpolation: 0,interpolation_duration: 1}
$data merge entity $(right_thumb) {transformation: [-0.6258f,-0.6496f,0.4317f,-0.8731f,0.6785f,-0.7264f,-0.1095f,6.2374f,0.3847f,0.2244f,0.8954f,2.077f,0f,0f,0f,1f],start_interpolation: 0,interpolation_duration: 1}
$data merge entity $(right_fingers2) {transformation: [0.9964f,0.0191f,0.0829f,-0.2134f,0.0187f,0.9014f,-0.4325f,6.5536f,-0.083f,0.4325f,0.8978f,2.2582f,0f,0f,0f,1f],start_interpolation: 0,interpolation_duration: 1}
$data merge entity $(right_fingers) {transformation: [0.2343f,-0.9686f,0.0829f,-0.4822f,0.8841f,0.1769f,-0.4325f,6.6257f,0.4043f,0.1747f,0.8978f,2.3259f,0f,0f,0f,1f],start_interpolation: 0,interpolation_duration: 1}
$data merge entity $(scout) {transformation: [0f,0f,0f,-0.3972f,0f,0f,0f,6.4327f,0f,0f,0f,2.3439f,0f,0f,0f,1f],start_interpolation: 0,interpolation_duration: 1}
$data merge entity $(right_hand) {transformation: [-0.6258f,-0.7756f,0.0829f,-0.9517f,0.6785f,-0.5937f,-0.4325f,6.2386f,0.3847f,-0.2144f,0.8978f,2.232f,0f,0f,0f,1f],start_interpolation: 0,interpolation_duration: 1}
$data merge entity $(right_forearm) {transformation: [-1.2205f,-0.6214f,0.1458f,-1.8315f,0.3559f,-0.9237f,-0.9577f,4.7978f,0.5298f,-0.811f,0.9791f,1.0242f,0f,0f,0f,1f],start_interpolation: 0,interpolation_duration: 1}
$data merge entity $(right_shoulder) {transformation: [-1.3336f,0.3558f,-0.4947f,-1.113f,0.6026f,0.9468f,-0.9436f,5.8611f,0.0905f,-1.0615f,-1.0074f,-0.2558f,0f,0f,0f,1f],start_interpolation: 0,interpolation_duration: 1}
$data merge entity $(right_arm) {transformation: [-0.9772f,0.1156f,-0.1781f,-0.5299f,0.0275f,0.9005f,0.434f,6.1101f,0.2105f,0.4193f,-0.8831f,-0.2606f,0f,0f,0f,1f],start_interpolation: 0,interpolation_duration: 1}
$data merge entity $(left_thumb_2) {transformation: [-0.8009f,0.5864f,-0.1211f,0.9344f,-0.5431f,-0.7967f,-0.2652f,7.0555f,-0.252f,-0.1466f,0.9566f,1.2843f,0f,0f,0f,1f],start_interpolation: 0,interpolation_duration: 1}
$data merge entity $(left_thumb) {transformation: [-0.8009f,0.4294f,-0.4172f,1.1972f,-0.5431f,-0.8144f,0.2044f,6.8711f,-0.252f,0.3903f,0.8855f,1.4348f,0f,0f,0f,1f],start_interpolation: 0,interpolation_duration: 1}
$data merge entity $(left_fingers2) {transformation: [0.9542f,0.2449f,-0.1718f,0.6569f,-0.2766f,0.9411f,-0.1947f,7.3885f,0.114f,0.2333f,0.9657f,1.5264f,0f,0f,0f,1f],start_interpolation: 0,interpolation_duration: 1}
$data merge entity $(left_fingers) {transformation: [-0.0325f,0.9846f,-0.1718f,0.9372f,-0.9786f,-0.0663f,-0.1947f,7.3958f,-0.2031f,0.1618f,0.9657f,1.5853f,0f,0f,0f,1f],start_interpolation: 0,interpolation_duration: 1}
$data merge entity $(left_hand) {transformation: [-0.8009f,0.5736f,-0.1718f,1.2779f,-0.5431f,-0.8168f,-0.1947f,6.8828f,-0.252f,-0.0627f,0.9657f,1.5883f,0f,0f,0f,1f],start_interpolation: 0,interpolation_duration: 1}
$data merge entity $(left_forearm) {transformation: [-1.2873f,0.3145f,-0.3755f,1.6843f,-0.1049f,-1.2085f,-0.6525f,5.0348f,-0.4785f,-0.5812f,1.1534f,0.7351f,0f,0f,0f,1f],start_interpolation: 0,interpolation_duration: 1}
$data merge entity $(left_shoulder) {transformation: [-1.3676f,-0.4475f,0.2813f,0.8541f,-0.4711f,0.6783f,-1.2115f,5.8058f,0.2396f,-1.2205f,-0.7765f,-0.6797f,0f,0f,0f,1f],start_interpolation: 0,interpolation_duration: 1}
$data merge entity $(left_arm) {transformation: [-0.9772f,0.1156f,-0.1781f,0.335f,0.0275f,0.9005f,0.434f,6.0858f,0.2105f,0.4193f,-0.8831f,-0.447f,0f,0f,0f,1f],start_interpolation: 0,interpolation_duration: 1}
$data merge entity $(chest) {transformation: [-1.2494f,0.1479f,-0.2277f,-0.3125f,0.0351f,1.1513f,0.5549f,4.4867f,0.2692f,0.536f,-1.1291f,-1.1415f,0f,0f,0f,1f],start_interpolation: 0,interpolation_duration: 1}
$data merge entity $(left_cheek) {transformation: [-0.7919f,-0.5288f,-0.3055f,-0.6206f,-0.411f,0.8314f,-0.3739f,3.3577f,0.4517f,-0.1705f,-0.8757f,-1.8862f,0f,0f,0f,1f],start_interpolation: 0,interpolation_duration: 1}
$data merge entity $(left_foot) {transformation: [-0.67f,0.0098f,-0.7722f,1.1778f,-0.0477f,1.0198f,0.0543f,-3.3062f,0.7708f,0.0716f,-0.6678f,-3.3528f,0f,0f,0f,1f],start_interpolation: 0,interpolation_duration: 1}
$data merge entity $(left_knee) {transformation: [-2.1527f,0.2968f,-2.1283f,1.5632f,-1.0158f,2.5142f,1.3781f,0.259f,1.8937f,1.6861f,-1.6803f,-1.1423f,0f,0f,0f,1f],start_interpolation: 0,interpolation_duration: 1}
$data merge entity $(left_leg) {transformation: [-1.2159f,-0.885f,-0.8306f,0.1192f,-0.5737f,1.4551f,-0.7105f,2.5872f,1.0695f,-0.2255f,-1.3254f,-1.4202f,0f,0f,0f,1f],start_interpolation: 0,interpolation_duration: 1}
$data merge entity $(right_cheek) {transformation: [-0.7413f,0.0577f,-0.6687f,-1.0837f,0.3975f,0.8405f,-0.3681f,3.4626f,0.5408f,-0.5387f,-0.646f,-1.5841f,0f,0f,0f,1f],start_interpolation: 0,interpolation_duration: 1}
$data merge entity $(right_foot) {transformation: [-1.0192f,0.0492f,0.0641f,-2.5194f,0.0508f,1.0208f,0.0231f,-3.4188f,-0.0629f,0.0262f,-1.0201f,0.4162f,0f,0f,0f,1f],start_interpolation: 0,interpolation_duration: 1}
$data merge entity $(right_knee) {transformation: [-2.9538f,0.7224f,0.0743f,-1.6014f,0.7231f,2.8968f,0.5812f,0.635f,0.0673f,0.582f,-2.9848f,1.1016f,0f,0f,0f,1f],start_interpolation: 0,interpolation_duration: 1}
$data merge entity $(right_leg) {transformation: [-1.6683f,0.2806f,-0.2991f,-1.0737f,0.4084f,1.2525f,-1.1027f,2.6569f,0.038f,-1.1419f,-1.283f,-0.6918f,0f,0f,0f,1f],start_interpolation: 0,interpolation_duration: 1}
$data merge entity $(weist) {transformation: [-1.3829f,0.0792f,-0.8446f,-0.4578f,0.0808f,1.6202f,0.0196f,4.272f,0.8444f,-0.0254f,-1.385f,-1.1821f,0f,0f,0f,1f],start_interpolation: 0,interpolation_duration: 1}
data modify storage animated_java:temp entry.data merge value {"locators":{"consume":{"px":-0.2468748309,"py":6.5093986649,"pz":2.3239809716,"ry":174.7224285914,"rx":-25.6265063713}}}
# Data Manager: Prepare for Read / Write
execute store result storage animated_java:temp args.id int 1 run scoreboard players get @s aj.id
# Data Manager: Write
function animated_java:global/data_manager/write with storage animated_java:temp args