# This file was generated by Animated Java via MC-Build. It is not recommended to edit this file directly.
$data merge entity $(neck) {transformation: [-0.9775f,0.1152f,-0.1766f,-0.1025f,0.0278f,0.9007f,0.4335f,6.1456f,0.209f,0.4188f,-0.8837f,-0.3799f,0f,0f,0f,1f],start_interpolation: 0,interpolation_duration: 1}
$data merge entity $(right_thumb_2) {transformation: [-0.6266f,-0.7792f,0.0137f,-0.5697f,0.677f,-0.5529f,-0.4858f,6.3704f,0.3861f,-0.2951f,0.874f,1.9687f,0f,0f,0f,1f],start_interpolation: 0,interpolation_duration: 1}
$data merge entity $(right_thumb) {transformation: [-0.6266f,-0.6498f,0.4303f,-0.8777f,0.677f,-0.7273f,-0.1126f,6.2383f,0.3861f,0.2207f,0.8956f,2.0843f,0f,0f,0f,1f],start_interpolation: 0,interpolation_duration: 1}
$data merge entity $(right_fingers2) {transformation: [0.9965f,0.0182f,0.0816f,-0.2184f,0.0192f,0.8999f,-0.4358f,6.554f,-0.0814f,0.4358f,0.8964f,2.2676f,0f,0f,0f,1f],start_interpolation: 0,interpolation_duration: 1}
$data merge entity $(right_fingers) {transformation: [0.2335f,-0.9689f,0.0816f,-0.4873f,0.8827f,0.176f,-0.4358f,6.6258f,0.4079f,0.1738f,0.8964f,2.3352f,0f,0f,0f,1f],start_interpolation: 0,interpolation_duration: 1}
$data merge entity $(scout) {transformation: [0f,0f,0f,-0.4023f,0f,0f,0f,6.4328f,0f,0f,0f,2.3526f,0f,0f,0f,1f],start_interpolation: 0,interpolation_duration: 1}
$data merge entity $(right_hand) {transformation: [-0.6266f,-0.7751f,0.0816f,-0.9566f,0.677f,-0.5932f,-0.4358f,6.2389f,0.3861f,-0.2178f,0.8964f,2.2392f,0f,0f,0f,1f],start_interpolation: 0,interpolation_duration: 1}
$data merge entity $(right_forearm) {transformation: [-1.2213f,-0.6204f,0.144f,-1.8348f,0.3543f,-0.9206f,-0.9613f,4.8028f,0.5292f,-0.8153f,0.9758f,1.0248f,0f,0f,0f,1f],start_interpolation: 0,interpolation_duration: 1}
$data merge entity $(right_shoulder) {transformation: [-1.3336f,0.3576f,-0.4933f,-1.1141f,0.6031f,0.9433f,-0.9467f,5.8617f,0.0865f,-1.064f,-1.0051f,-0.2576f,0f,0f,0f,1f],start_interpolation: 0,interpolation_duration: 1}
$data merge entity $(right_arm) {transformation: [-0.9775f,0.1152f,-0.1766f,-0.531f,0.0278f,0.9007f,0.4335f,6.1106f,0.209f,0.4188f,-0.8837f,-0.2616f,0f,0f,0f,1f],start_interpolation: 0,interpolation_duration: 1}
$data merge entity $(left_thumb_2) {transformation: [-0.8012f,0.5856f,-0.123f,0.9313f,-0.5413f,-0.797f,-0.2682f,7.0606f,-0.255f,-0.1483f,0.9555f,1.2961f,0f,0f,0f,1f],start_interpolation: 0,interpolation_duration: 1}
$data merge entity $(left_thumb) {transformation: [-0.8012f,0.4278f,-0.4184f,1.1936f,-0.5413f,-0.8162f,0.202f,6.8754f,-0.255f,0.3883f,0.8855f,1.4464f,0f,0f,0f,1f],start_interpolation: 0,interpolation_duration: 1}
$data merge entity $(left_fingers2) {transformation: [0.9537f,0.2457f,-0.1736f,0.6539f,-0.2782f,0.94f,-0.1977f,7.3932f,0.1146f,0.2368f,0.9648f,1.5389f,0f,0f,0f,1f],start_interpolation: 0,interpolation_duration: 1}
$data merge entity $(left_fingers) {transformation: [-0.0335f,0.9843f,-0.1736f,0.934f,-0.9779f,-0.0681f,-0.1977f,7.3999f,-0.2064f,0.1631f,0.9648f,1.5983f,0f,0f,0f,1f],start_interpolation: 0,interpolation_duration: 1}
$data merge entity $(left_hand) {transformation: [-0.8012f,0.5726f,-0.1736f,1.274f,-0.5413f,-0.8173f,-0.1977f,6.8864f,-0.255f,-0.0644f,0.9648f,1.6f,0f,0f,0f,1f],start_interpolation: 0,interpolation_duration: 1}
$data merge entity $(left_forearm) {transformation: [-1.2865f,0.3152f,-0.3776f,1.6815f,-0.103f,-1.2066f,-0.6562f,5.0412f,-0.4809f,-0.5847f,1.1506f,0.7414f,0f,0f,0f,1f],start_interpolation: 0,interpolation_duration: 1}
$data merge entity $(left_shoulder) {transformation: [-1.3681f,-0.4454f,0.2822f,0.8536f,-0.4696f,0.6726f,-1.2153f,5.8057f,0.2397f,-1.2244f,-0.7703f,-0.6783f,0f,0f,0f,1f],start_interpolation: 0,interpolation_duration: 1}
$data merge entity $(left_arm) {transformation: [-0.9775f,0.1152f,-0.1766f,0.3342f,0.0278f,0.9007f,0.4335f,6.086f,0.209f,0.4188f,-0.8837f,-0.4466f,0f,0f,0f,1f],start_interpolation: 0,interpolation_duration: 1}
$data merge entity $(chest) {transformation: [-1.2498f,0.1473f,-0.2258f,-0.3125f,0.0356f,1.1516f,0.5543f,4.4866f,0.2672f,0.5355f,-1.1298f,-1.1411f,0f,0f,0f,1f],start_interpolation: 0,interpolation_duration: 1}
$data merge entity $(left_cheek) {transformation: [-0.7924f,-0.5279f,-0.3057f,-0.6197f,-0.4105f,0.8321f,-0.373f,3.3589f,0.4513f,-0.17f,-0.876f,-1.8867f,0f,0f,0f,1f],start_interpolation: 0,interpolation_duration: 1}
$data merge entity $(left_foot) {transformation: [-0.6705f,0.0098f,-0.7717f,1.1769f,-0.0474f,1.0198f,0.0541f,-3.3087f,0.7703f,0.0712f,-0.6684f,-3.3539f,0f,0f,0f,1f],start_interpolation: 0,interpolation_duration: 1}
$data merge entity $(left_knee) {transformation: [-2.1541f,0.2956f,-2.1271f,1.5608f,-1.015f,2.5149f,1.3774f,0.2574f,1.8925f,1.6853f,-1.6824f,-1.1446f,0f,0f,0f,1f],start_interpolation: 0,interpolation_duration: 1}
$data merge entity $(left_leg) {transformation: [-1.2166f,-0.8835f,-0.8311f,0.1192f,-0.5733f,1.4562f,-0.7087f,2.5872f,1.0689f,-0.2246f,-1.3261f,-1.4211f,0f,0f,0f,1f],start_interpolation: 0,interpolation_duration: 1}
$data merge entity $(right_cheek) {transformation: [-0.7413f,0.0577f,-0.6687f,-1.0837f,0.3969f,0.8411f,-0.3675f,3.4629f,0.5412f,-0.5378f,-0.6464f,-1.5842f,0f,0f,0f,1f],start_interpolation: 0,interpolation_duration: 1}
$data merge entity $(right_foot) {transformation: [-1.0192f,0.0492f,0.0638f,-2.5196f,0.0507f,1.0209f,0.0231f,-3.4214f,-0.0626f,0.0262f,-1.0201f,0.4154f,0f,0f,0f,1f],start_interpolation: 0,interpolation_duration: 1}
$data merge entity $(right_knee) {transformation: [-2.9538f,0.7225f,0.0734f,-1.6015f,0.723f,2.8971f,0.5799f,0.6327f,0.0679f,0.5805f,-2.9851f,1.0987f,0f,0f,0f,1f],start_interpolation: 0,interpolation_duration: 1}
$data merge entity $(right_leg) {transformation: [-1.6683f,0.2807f,-0.2991f,-1.0737f,0.4083f,1.2536f,-1.1014f,2.6564f,0.0383f,-1.1406f,-1.2841f,-0.6926f,0f,0f,0f,1f],start_interpolation: 0,interpolation_duration: 1}
$data merge entity $(weist) {transformation: [-1.3829f,0.0792f,-0.8446f,-0.4578f,0.0802f,1.6202f,0.0207f,4.2719f,0.8445f,-0.0241f,-1.385f,-1.1817f,0f,0f,0f,1f],start_interpolation: 0,interpolation_duration: 1}
data modify storage animated_java:temp entry.data merge value {"locators":{"consume":{"px":-0.2519460934,"py":6.5095461336,"pz":2.3332552077,"ry":174.7980179908,"rx":-25.8333468785}}}
# Data Manager: Prepare for Read / Write
execute store result storage animated_java:temp args.id int 1 run scoreboard players get @s aj.id
# Data Manager: Write
function animated_java:global/data_manager/write with storage animated_java:temp args