# This file was generated by Animated Java via MC-Build. It is not recommended to edit this file directly.
$data merge entity $(neck) {transformation: [-0.9795f,0.1077f,-0.1701f,-0.1163f,0.023f,0.8993f,0.4367f,6.144f,0.2f,0.4239f,-0.8834f,-0.3736f,0f,0f,0f,1f],start_interpolation: 0,interpolation_duration: 1}
$data merge entity $(right_thumb_2) {transformation: [-0.6308f,-0.7759f,0.0063f,-0.6061f,0.6737f,-0.5517f,-0.4917f,6.4001f,0.385f,-0.3059f,0.8707f,2.0135f,0f,0f,0f,1f],start_interpolation: 0,interpolation_duration: 1}
$data merge entity $(right_thumb) {transformation: [-0.6308f,-0.6511f,0.4222f,-0.9151f,0.6737f,-0.7295f,-0.1183f,6.267f,0.385f,0.2098f,0.8988f,2.1254f,0f,0f,0f,1f],start_interpolation: 0,interpolation_duration: 1}
$data merge entity $(right_fingers2) {transformation: [0.9972f,0.0133f,0.0739f,-0.2578f,0.0208f,0.8969f,-0.4417f,6.5821f,-0.0721f,0.442f,0.8941f,2.3169f,0f,0f,0f,1f],start_interpolation: 0,interpolation_duration: 1}
$data merge entity $(right_fingers) {transformation: [0.2288f,-0.9707f,0.0739f,-0.5274f,0.8801f,0.1739f,-0.4417f,6.6532f,0.4159f,0.1661f,0.8941f,2.3825f,0f,0f,0f,1f],start_interpolation: 0,interpolation_duration: 1}
$data merge entity $(scout) {transformation: [0f,0f,0f,-0.4423f,0f,0f,0f,6.4601f,0f,0f,0f,2.3993f,0f,0f,0f,1f],start_interpolation: 0,interpolation_duration: 1}
$data merge entity $(right_hand) {transformation: [-0.6308f,-0.7724f,0.0739f,-0.9954f,0.6737f,-0.5924f,-0.4417f,6.2664f,0.385f,-0.2289f,0.8941f,2.2795f,0f,0f,0f,1f],start_interpolation: 0,interpolation_duration: 1}
$data merge entity $(right_forearm) {transformation: [-1.2279f,-0.6084f,0.1391f,-1.8555f,0.3452f,-0.9178f,-0.9673f,4.8347f,0.5199f,-0.8274f,0.9707f,1.0471f,0f,0f,0f,1f],start_interpolation: 0,interpolation_duration: 1}
$data merge entity $(right_shoulder) {transformation: [-1.3371f,0.3631f,-0.4796f,-1.1278f,0.5991f,0.9104f,-0.9809f,5.8555f,0.0548f,-1.0905f,-0.9786f,-0.262f,0f,0f,0f,1f],start_interpolation: 0,interpolation_duration: 1}
$data merge entity $(right_arm) {transformation: [-0.9795f,0.1077f,-0.1701f,-0.5457f,0.023f,0.8993f,0.4367f,6.1067f,0.2f,0.4239f,-0.8834f,-0.2595f,0f,0f,0f,1f],start_interpolation: 0,interpolation_duration: 1}
$data merge entity $(left_thumb_2) {transformation: [-0.7924f,0.5961f,-0.1297f,0.8976f,-0.5483f,-0.7891f,-0.277f,7.1065f,-0.2675f,-0.1483f,0.9521f,1.3503f,0f,0f,0f,1f],start_interpolation: 0,interpolation_duration: 1}
$data merge entity $(left_thumb) {transformation: [-0.7924f,0.433f,-0.4297f,1.1604f,-0.5483f,-0.8143f,0.1904f,6.9231f,-0.2675f,0.3864f,0.8827f,1.5018f,0f,0f,0f,1f],start_interpolation: 0,interpolation_duration: 1}
$data merge entity $(left_fingers2) {transformation: [0.9556f,0.2325f,-0.1812f,0.6139f,-0.2682f,0.9408f,-0.2072f,7.434f,0.1223f,0.2466f,0.9614f,1.5927f,0f,0f,0f,1f],start_interpolation: 0,interpolation_duration: 1}
$data merge entity $(left_fingers) {transformation: [-0.0202f,0.9832f,-0.1812f,0.8933f,-0.9766f,-0.0582f,-0.2072f,7.4434f,-0.2142f,0.1728f,0.9614f,1.655f,0f,0f,0f,1f],start_interpolation: 0,interpolation_duration: 1}
$data merge entity $(left_hand) {transformation: [-0.7924f,0.5825f,-0.1812f,1.2391f,-0.5483f,-0.8102f,-0.2072f,6.9339f,-0.2675f,-0.0648f,0.9614f,1.6564f,0f,0f,0f,1f],start_interpolation: 0,interpolation_duration: 1}
$data merge entity $(left_forearm) {transformation: [-1.2815f,0.3252f,-0.3863f,1.6615f,-0.1039f,-1.201f,-0.6663f,5.0967f,-0.4941f,-0.5908f,1.1419f,0.7877f,0f,0f,0f,1f],start_interpolation: 0,interpolation_duration: 1}
$data merge entity $(left_shoulder) {transformation: [-1.3685f,-0.4365f,0.294f,0.844f,-0.4669f,0.6289f,-1.2395f,5.8092f,0.2429f,-1.2505f,-0.726f,-0.6646f,0f,0f,0f,1f],start_interpolation: 0,interpolation_duration: 1}
$data merge entity $(left_arm) {transformation: [-0.9795f,0.1077f,-0.1701f,0.3213f,0.023f,0.8993f,0.4367f,6.0864f,0.2f,0.4239f,-0.8834f,-0.4365f,0f,0f,0f,1f],start_interpolation: 0,interpolation_duration: 1}
$data merge entity $(chest) {transformation: [-1.2524f,0.1377f,-0.2175f,-0.3125f,0.0294f,1.1498f,0.5584f,4.4875f,0.2557f,0.5419f,-1.1294f,-1.1441f,0f,0f,0f,1f],start_interpolation: 0,interpolation_duration: 1}
$data merge entity $(left_cheek) {transformation: [-0.7886f,-0.5344f,-0.3041f,-0.626f,-0.414f,0.8272f,-0.3799f,3.3505f,0.4546f,-0.1737f,-0.8736f,-1.883f,0f,0f,0f,1f],start_interpolation: 0,interpolation_duration: 1}
$data merge entity $(left_foot) {transformation: [-0.6664f,0.01f,-0.7753f,1.1835f,-0.0497f,1.0196f,0.0559f,-3.2903f,0.7737f,0.0742f,-0.6641f,-3.3454f,0f,0f,0f,1f],start_interpolation: 0,interpolation_duration: 1}
$data merge entity $(left_knee) {transformation: [-2.1438f,0.3042f,-2.1363f,1.5786f,-1.021f,2.5099f,1.382f,0.2694f,1.901f,1.6911f,-1.6669f,-1.1277f,0f,0f,0f,1f],start_interpolation: 0,interpolation_duration: 1}
$data merge entity $(left_leg) {transformation: [-1.2108f,-0.8946f,-0.8276f,0.1193f,-0.5766f,1.4483f,-0.7219f,2.5869f,1.0737f,-0.231f,-1.3211f,-1.4144f,0f,0f,0f,1f],start_interpolation: 0,interpolation_duration: 1}
$data merge entity $(right_cheek) {transformation: [-0.7412f,0.0576f,-0.6688f,-1.084f,0.4009f,0.8371f,-0.3722f,3.4601f,0.5385f,-0.544f,-0.6435f,-1.5839f,0f,0f,0f,1f],start_interpolation: 0,interpolation_duration: 1}
$data merge entity $(right_foot) {transformation: [-1.019f,0.0496f,0.066f,-2.5185f,0.0512f,1.0208f,0.0232f,-3.402f,-0.0648f,0.0264f,-1.02f,0.4215f,0f,0f,0f,1f],start_interpolation: 0,interpolation_duration: 1}
$data merge entity $(right_knee) {transformation: [-2.9538f,0.7218f,0.0804f,-1.601f,0.7235f,2.8951f,0.5893f,0.6497f,0.0634f,0.5914f,-2.983f,1.1198f,0f,0f,0f,1f],start_interpolation: 0,interpolation_duration: 1}
$data merge entity $(right_leg) {transformation: [-1.6683f,0.2803f,-0.2994f,-1.0737f,0.4086f,1.2452f,-1.1108f,2.6602f,0.0358f,-1.1499f,-1.2759f,-0.6865f,0f,0f,0f,1f],start_interpolation: 0,interpolation_duration: 1}
$data merge entity $(weist) {transformation: [-1.383f,0.0792f,-0.8444f,-0.4578f,0.085f,1.6201f,0.0128f,4.2728f,0.8438f,-0.0333f,-1.3852f,-1.1847f,0f,0f,0f,1f],start_interpolation: 0,interpolation_duration: 1}
data modify storage animated_java:temp entry.data merge value {"locators":{"consume":{"px":-0.291891799,"py":6.5371562756,"pz":2.3818623963,"ry":175.2775483462,"rx":-26.2150077102}}}
# Data Manager: Prepare for Read / Write
execute store result storage animated_java:temp args.id int 1 run scoreboard players get @s aj.id
# Data Manager: Write
function animated_java:global/data_manager/write with storage animated_java:temp args