# This file was generated by Animated Java via MC-Build. It is not recommended to edit this file directly.
$data merge entity $(neck) {transformation: [-0.9778f,0.1145f,-0.1753f,-0.1037f,0.0278f,0.9008f,0.4333f,6.1457f,0.2076f,0.4188f,-0.884f,-0.3798f,0f,0f,0f,1f],start_interpolation: 0,interpolation_duration: 1}
$data merge entity $(right_thumb_2) {transformation: [-0.6273f,-0.7787f,0.0126f,-0.5742f,0.6758f,-0.5523f,-0.4881f,6.3724f,0.387f,-0.2977f,0.8727f,1.9759f,0f,0f,0f,1f],start_interpolation: 0,interpolation_duration: 1}
$data merge entity $(right_thumb) {transformation: [-0.6273f,-0.65f,0.429f,-0.8823f,0.6758f,-0.7281f,-0.1149f,6.24f,0.387f,0.2178f,0.896f,2.0908f,0f,0f,0f,1f],start_interpolation: 0,interpolation_duration: 1}
$data merge entity $(right_fingers2) {transformation: [0.9966f,0.0174f,0.0804f,-0.2233f,0.0197f,0.8987f,-0.4381f,6.5553f,-0.0799f,0.4382f,0.8953f,2.2759f,0f,0f,0f,1f],start_interpolation: 0,interpolation_duration: 1}
$data merge entity $(right_fingers) {transformation: [0.2327f,-0.9692f,0.0804f,-0.4924f,0.8817f,0.1753f,-0.4381f,6.6269f,0.4105f,0.1728f,0.8953f,2.3433f,0f,0f,0f,1f],start_interpolation: 0,interpolation_duration: 1}
$data merge entity $(scout) {transformation: [0f,0f,0f,-0.4074f,0f,0f,0f,6.4338f,0f,0f,0f,2.3603f,0f,0f,0f,1f],start_interpolation: 0,interpolation_duration: 1}
$data merge entity $(right_hand) {transformation: [-0.6273f,-0.7746f,0.0804f,-0.9615f,0.6758f,-0.5928f,-0.4381f,6.2401f,0.387f,-0.2205f,0.8953f,2.2455f,0f,0f,0f,1f],start_interpolation: 0,interpolation_duration: 1}
$data merge entity $(right_forearm) {transformation: [-1.2221f,-0.6191f,0.1427f,-1.8379f,0.3528f,-0.9185f,-0.9639f,4.8072f,0.5284f,-0.8187f,0.9735f,1.026f,0f,0f,0f,1f],start_interpolation: 0,interpolation_duration: 1}
$data merge entity $(right_shoulder) {transformation: [-1.3338f,0.359f,-0.4918f,-1.1154f,0.6033f,0.9397f,-0.9502f,5.8618f,0.0825f,-1.0667f,-1.0025f,-0.2589f,0f,0f,0f,1f],start_interpolation: 0,interpolation_duration: 1}
$data merge entity $(right_arm) {transformation: [-0.9778f,0.1145f,-0.1753f,-0.5323f,0.0278f,0.9008f,0.4333f,6.1107f,0.2076f,0.4188f,-0.884f,-0.2621f,0f,0f,0f,1f],start_interpolation: 0,interpolation_duration: 1}
$data merge entity $(left_thumb_2) {transformation: [-0.8011f,0.5855f,-0.1245f,0.9278f,-0.5403f,-0.7968f,-0.2705f,7.0658f,-0.2576f,-0.1494f,0.9546f,1.3061f,0f,0f,0f,1f],start_interpolation: 0,interpolation_duration: 1}
$data merge entity $(left_thumb) {transformation: [-0.8011f,0.4269f,-0.4196f,1.1898f,-0.5403f,-0.8173f,0.2f,6.8801f,-0.2576f,0.3869f,0.8854f,1.4563f,0f,0f,0f,1f],start_interpolation: 0,interpolation_duration: 1}
$data merge entity $(left_fingers2) {transformation: [0.9534f,0.2457f,-0.1751f,0.6501f,-0.2788f,0.9393f,-0.2f,7.3978f,0.1153f,0.2395f,0.964f,1.5493f,0f,0f,0f,1f],start_interpolation: 0,interpolation_duration: 1}
$data merge entity $(left_fingers) {transformation: [-0.0335f,0.984f,-0.1751f,0.9302f,-0.9774f,-0.0689f,-0.2f,7.4043f,-0.2089f,0.1644f,0.964f,1.6091f,0f,0f,0f,1f],start_interpolation: 0,interpolation_duration: 1}
$data merge entity $(left_hand) {transformation: [-0.8011f,0.5724f,-0.1751f,1.27f,-0.5403f,-0.8173f,-0.2f,6.8907f,-0.2576f,-0.0656f,0.964f,1.6101f,0f,0f,0f,1f],start_interpolation: 0,interpolation_duration: 1}
$data merge entity $(left_forearm) {transformation: [-1.2858f,0.3161f,-0.3793f,1.6788f,-0.1019f,-1.2051f,-0.6591f,5.0476f,-0.4831f,-0.5872f,1.1484f,0.7475f,0f,0f,0f,1f],start_interpolation: 0,interpolation_duration: 1}
$data merge entity $(left_shoulder) {transformation: [-1.3685f,-0.4436f,0.2833f,0.8529f,-0.4686f,0.6672f,-1.2186f,5.8058f,0.2398f,-1.228f,-0.7645f,-0.6767f,0f,0f,0f,1f],start_interpolation: 0,interpolation_duration: 1}
$data merge entity $(left_arm) {transformation: [-0.9778f,0.1145f,-0.1753f,0.3332f,0.0278f,0.9008f,0.4333f,6.0861f,0.2076f,0.4188f,-0.884f,-0.4458f,0f,0f,0f,1f],start_interpolation: 0,interpolation_duration: 1}
$data merge entity $(chest) {transformation: [-1.2502f,0.1464f,-0.2242f,-0.3125f,0.0356f,1.1517f,0.554f,4.4865f,0.2654f,0.5355f,-1.1303f,-1.141f,0f,0f,0f,1f],start_interpolation: 0,interpolation_duration: 1}
$data merge entity $(left_cheek) {transformation: [-0.7925f,-0.5276f,-0.3058f,-0.6194f,-0.4104f,0.8323f,-0.3727f,3.3593f,0.4511f,-0.1699f,-0.8762f,-1.8868f,0f,0f,0f,1f],start_interpolation: 0,interpolation_duration: 1}
$data merge entity $(left_foot) {transformation: [-0.6707f,0.0098f,-0.7715f,1.1767f,-0.0473f,1.0198f,0.054f,-3.3096f,0.7701f,0.0711f,-0.6686f,-3.3543f,0f,0f,0f,1f],start_interpolation: 0,interpolation_duration: 1}
$data merge entity $(left_knee) {transformation: [-2.1546f,0.2952f,-2.1267f,1.56f,-1.0148f,2.5151f,1.3772f,0.2569f,1.8921f,1.685f,-1.6831f,-1.1454f,0f,0f,0f,1f],start_interpolation: 0,interpolation_duration: 1}
$data merge entity $(left_leg) {transformation: [-1.2169f,-0.8829f,-0.8312f,0.1192f,-0.5731f,1.4565f,-0.7081f,2.5873f,1.0687f,-0.2243f,-1.3263f,-1.4214f,0f,0f,0f,1f],start_interpolation: 0,interpolation_duration: 1}
$data merge entity $(right_cheek) {transformation: [-0.7413f,0.0577f,-0.6686f,-1.0837f,0.3967f,0.8413f,-0.3672f,3.4631f,0.5413f,-0.5375f,-0.6466f,-1.5842f,0f,0f,0f,1f],start_interpolation: 0,interpolation_duration: 1}
$data merge entity $(right_foot) {transformation: [-1.0192f,0.0492f,0.0637f,-2.5196f,0.0507f,1.0209f,0.0231f,-3.4223f,-0.0625f,0.0262f,-1.0201f,0.4152f,0f,0f,0f,1f],start_interpolation: 0,interpolation_duration: 1}
$data merge entity $(right_knee) {transformation: [-2.9538f,0.7225f,0.073f,-1.6015f,0.723f,2.8972f,0.5794f,0.6319f,0.0681f,0.58f,-2.9852f,1.0977f,0f,0f,0f,1f],start_interpolation: 0,interpolation_duration: 1}
$data merge entity $(right_leg) {transformation: [-1.6683f,0.2807f,-0.2991f,-1.0737f,0.4083f,1.254f,-1.1009f,2.6562f,0.0384f,-1.1402f,-1.2845f,-0.6929f,0f,0f,0f,1f],start_interpolation: 0,interpolation_duration: 1}
$data merge entity $(weist) {transformation: [-1.3829f,0.0792f,-0.8446f,-0.4578f,0.08f,1.6202f,0.0211f,4.2718f,0.8445f,-0.0237f,-1.385f,-1.1816f,0f,0f,0f,1f],start_interpolation: 0,interpolation_duration: 1}
data modify storage animated_java:temp entry.data merge value {"locators":{"consume":{"px":-0.257017587,"py":6.5106821121,"pz":2.3413163702,"ry":174.8673437509,"rx":-25.9837679259}}}
# Data Manager: Prepare for Read / Write
execute store result storage animated_java:temp args.id int 1 run scoreboard players get @s aj.id
# Data Manager: Write
function animated_java:global/data_manager/write with storage animated_java:temp args
execute unless entity @s[tag=aj.transforms_only] at @s run function animated_java:female/animations/berserk_idle/zzz/frames/50_root_function