# This file was generated by Animated Java via MC-Build. It is not recommended to edit this file directly.
$data merge entity $(neck) {transformation: [-0.9799f,0.1059f,-0.1692f,-0.1196f,0.0215f,0.8987f,0.438f,6.1433f,0.1984f,0.4255f,-0.8829f,-0.3718f,0f,0f,0f,1f],start_interpolation: 0,interpolation_duration: 1}
$data merge entity $(right_thumb_2) {transformation: [-0.6312f,-0.7756f,0.0047f,-0.6136f,0.6742f,-0.5517f,-0.491f,6.4082f,0.3835f,-0.3068f,0.8711f,2.02f,0f,0f,0f,1f],start_interpolation: 0,interpolation_duration: 1}
$data merge entity $(right_thumb) {transformation: [-0.6312f,-0.6516f,0.4207f,-0.9228f,0.6742f,-0.7291f,-0.1177f,6.2752f,0.3835f,0.2093f,0.8995f,2.1315f,0f,0f,0f,1f],start_interpolation: 0,interpolation_duration: 1}
$data merge entity $(right_fingers2) {transformation: [0.9973f,0.0128f,0.0723f,-0.2657f,0.0205f,0.8972f,-0.4411f,6.5903f,-0.0705f,0.4414f,0.8945f,2.3238f,0f,0f,0f,1f],start_interpolation: 0,interpolation_duration: 1}
$data merge entity $(right_fingers) {transformation: [0.2284f,-0.9709f,0.0723f,-0.5354f,0.8804f,0.1742f,-0.4411f,6.6615f,0.4156f,0.1644f,0.8945f,2.3889f,0f,0f,0f,1f],start_interpolation: 0,interpolation_duration: 1}
$data merge entity $(scout) {transformation: [0f,0f,0f,-0.4504f,0f,0f,0f,6.4684f,0f,0f,0f,2.4061f,0f,0f,0f,1f],start_interpolation: 0,interpolation_duration: 1}
$data merge entity $(right_hand) {transformation: [-0.6312f,-0.7722f,0.0723f,-1.0033f,0.6742f,-0.5924f,-0.4411f,6.2748f,0.3835f,-0.2297f,0.8945f,2.2855f,0f,0f,0f,1f],start_interpolation: 0,interpolation_duration: 1}
$data merge entity $(right_forearm) {transformation: [-1.2292f,-0.6059f,0.1385f,-1.8596f,0.3442f,-0.9191f,-0.9664f,4.8411f,0.5175f,-0.8278f,0.9716f,1.0527f,0f,0f,0f,1f],start_interpolation: 0,interpolation_duration: 1}
$data merge entity $(right_shoulder) {transformation: [-1.338f,0.3639f,-0.4767f,-1.1309f,0.5977f,0.9031f,-0.9885f,5.8534f,0.0483f,-1.0963f,-0.9724f,-0.2624f,0f,0f,0f,1f],start_interpolation: 0,interpolation_duration: 1}
$data merge entity $(right_arm) {transformation: [-0.9799f,0.1059f,-0.1692f,-0.5491f,0.0215f,0.8987f,0.438f,6.1054f,0.1984f,0.4255f,-0.8829f,-0.2584f,0f,0f,0f,1f],start_interpolation: 0,interpolation_duration: 1}
$data merge entity $(left_thumb_2) {transformation: [-0.7894f,0.5998f,-0.1305f,0.8899f,-0.5518f,-0.7865f,-0.2774f,7.1162f,-0.269f,-0.147f,0.9518f,1.3575f,0f,0f,0f,1f],start_interpolation: 0,interpolation_duration: 1}
$data merge entity $(left_thumb) {transformation: [-0.7894f,0.4358f,-0.4323f,1.1532f,-0.5518f,-0.8124f,0.1886f,6.934f,-0.269f,0.3875f,0.8818f,1.5096f,0f,0f,0f,1f],start_interpolation: 0,interpolation_duration: 1}
$data merge entity $(left_fingers2) {transformation: [0.9565f,0.2279f,-0.1823f,0.6043f,-0.2641f,0.9419f,-0.2078f,7.4425f,0.1243f,0.2469f,0.961f,1.5993f,0f,0f,0f,1f],start_interpolation: 0,interpolation_duration: 1}
$data merge entity $(left_fingers) {transformation: [-0.0155f,0.9831f,-0.1823f,0.8835f,-0.9767f,-0.054f,-0.2078f,7.4532f,-0.2141f,0.1748f,0.961f,1.6622f,0f,0f,0f,1f],start_interpolation: 0,interpolation_duration: 1}
$data merge entity $(left_hand) {transformation: [-0.7894f,0.5862f,-0.1823f,1.2315f,-0.5518f,-0.8077f,-0.2078f,6.9451f,-0.269f,-0.0635f,0.961f,1.6643f,0f,0f,0f,1f],start_interpolation: 0,interpolation_duration: 1}
$data merge entity $(left_forearm) {transformation: [-1.2805f,0.3276f,-0.3876f,1.6575f,-0.1054f,-1.2007f,-0.6666f,5.1083f,-0.4964f,-0.59f,1.1413f,0.7966f,0f,0f,0f,1f],start_interpolation: 0,interpolation_duration: 1}
$data merge entity $(left_shoulder) {transformation: [-1.3684f,-0.4352f,0.2967f,0.8416f,-0.4669f,0.6201f,-1.2439f,5.8102f,0.2437f,-1.2554f,-0.7173f,-0.6617f,0f,0f,0f,1f],start_interpolation: 0,interpolation_duration: 1}
$data merge entity $(left_arm) {transformation: [-0.9799f,0.1059f,-0.1692f,0.3182f,0.0215f,0.8987f,0.438f,6.0864f,0.1984f,0.4255f,-0.8829f,-0.434f,0f,0f,0f,1f],start_interpolation: 0,interpolation_duration: 1}
$data merge entity $(chest) {transformation: [-1.2528f,0.1354f,-0.2163f,-0.3125f,0.0275f,1.1491f,0.56f,4.4879f,0.2537f,0.5441f,-1.1289f,-1.1453f,0f,0f,0f,1f],start_interpolation: 0,interpolation_duration: 1}
$data merge entity $(left_cheek) {transformation: [-0.7871f,-0.537f,-0.3035f,-0.6286f,-0.4154f,0.8252f,-0.3827f,3.3471f,0.456f,-0.1752f,-0.8726f,-1.8815f,0f,0f,0f,1f],start_interpolation: 0,interpolation_duration: 1}
$data merge entity $(left_foot) {transformation: [-0.6646f,0.0102f,-0.7768f,1.1858f,-0.0507f,1.0195f,0.0567f,-3.2826f,0.7752f,0.0754f,-0.6623f,-3.342f,0f,0f,0f,1f],start_interpolation: 0,interpolation_duration: 1}
$data merge entity $(left_knee) {transformation: [-2.1395f,0.308f,-2.1401f,1.5859f,-1.0233f,2.5079f,1.384f,0.2744f,1.9046f,1.6935f,-1.6604f,-1.1208f,0f,0f,0f,1f],start_interpolation: 0,interpolation_duration: 1}
$data merge entity $(left_leg) {transformation: [-1.2084f,-0.8992f,-0.8263f,0.1193f,-0.578f,1.4451f,-0.7274f,2.5867f,1.0757f,-0.2336f,-1.319f,-1.4117f,0f,0f,0f,1f],start_interpolation: 0,interpolation_duration: 1}
$data merge entity $(right_cheek) {transformation: [-0.7411f,0.0575f,-0.6689f,-1.0841f,0.4025f,0.8355f,-0.3742f,3.459f,0.5373f,-0.5465f,-0.6423f,-1.5838f,0f,0f,0f,1f],start_interpolation: 0,interpolation_duration: 1}
$data merge entity $(right_foot) {transformation: [-1.019f,0.0497f,0.0669f,-2.5179f,0.0513f,1.0208f,0.0233f,-3.394f,-0.0657f,0.0266f,-1.0199f,0.4239f,0f,0f,0f,1f],start_interpolation: 0,interpolation_duration: 1}
$data merge entity $(right_knee) {transformation: [-2.9538f,0.7215f,0.0832f,-1.6007f,0.7236f,2.8942f,0.5933f,0.6567f,0.0616f,0.5959f,-2.9822f,1.1284f,0f,0f,0f,1f],start_interpolation: 0,interpolation_duration: 1}
$data merge entity $(right_leg) {transformation: [-1.6683f,0.2802f,-0.2996f,-1.0737f,0.4087f,1.2418f,-1.1146f,2.6617f,0.0348f,-1.1537f,-1.2725f,-0.684f,0f,0f,0f,1f],start_interpolation: 0,interpolation_duration: 1}
$data merge entity $(weist) {transformation: [-1.383f,0.0792f,-0.8444f,-0.4578f,0.0869f,1.62f,0.0096f,4.2732f,0.8436f,-0.0371f,-1.3853f,-1.1859f,0f,0f,0f,1f],start_interpolation: 0,interpolation_duration: 1}
data modify storage animated_java:temp entry.data merge value {"locators":{"consume":{"px":-0.2999392972,"py":6.5454248186,"pz":2.3887972145,"ry":175.3775310623,"rx":-26.1730879337}}}
# Data Manager: Prepare for Read / Write
execute store result storage animated_java:temp args.id int 1 run scoreboard players get @s aj.id
# Data Manager: Write
function animated_java:global/data_manager/write with storage animated_java:temp args