# This file was generated by Animated Java via MC-Build. It is not recommended to edit this file directly.
$data merge entity $(neck) {transformation: [-0.9802f,0.1041f,-0.1682f,-0.1228f,0.02f,0.8981f,0.4393f,6.1427f,0.1968f,0.4273f,-0.8824f,-0.37f,0f,0f,0f,1f],start_interpolation: 0,interpolation_duration: 1}
$data merge entity $(right_thumb_2) {transformation: [-0.6315f,-0.7754f,0.0032f,-0.6209f,0.6749f,-0.5517f,-0.4899f,6.4165f,0.3816f,-0.3072f,0.8718f,2.0256f,0f,0f,0f,1f],start_interpolation: 0,interpolation_duration: 1}
$data merge entity $(right_thumb) {transformation: [-0.6315f,-0.6522f,0.4193f,-0.9303f,0.6749f,-0.7286f,-0.1168f,6.2839f,0.3816f,0.2093f,0.9003f,2.1368f,0f,0f,0f,1f],start_interpolation: 0,interpolation_duration: 1}
$data merge entity $(right_fingers2) {transformation: [0.9974f,0.0126f,0.0708f,-0.2734f,0.0199f,0.8978f,-0.44f,6.5988f,-0.0691f,0.4403f,0.8952f,2.3297f,0f,0f,0f,1f],start_interpolation: 0,interpolation_duration: 1}
$data merge entity $(right_fingers) {transformation: [0.2281f,-0.9711f,0.0708f,-0.5431f,0.8808f,0.1749f,-0.44f,6.6703f,0.4149f,0.1627f,0.8952f,2.3943f,0f,0f,0f,1f],start_interpolation: 0,interpolation_duration: 1}
$data merge entity $(scout) {transformation: [0f,0f,0f,-0.4583f,0f,0f,0f,6.4772f,0f,0f,0f,2.4118f,0f,0f,0f,1f],start_interpolation: 0,interpolation_duration: 1}
$data merge entity $(right_hand) {transformation: [-0.6315f,-0.7721f,0.0708f,-1.0111f,0.6749f,-0.5923f,-0.44f,6.2836f,0.3816f,-0.2301f,0.8952f,2.2906f,0f,0f,0f,1f],start_interpolation: 0,interpolation_duration: 1}
$data merge entity $(right_forearm) {transformation: [-1.2304f,-0.6034f,0.138f,-1.8636f,0.3434f,-0.9209f,-0.9649f,4.8474f,0.515f,-0.8276f,0.9731f,1.0583f,0f,0f,0f,1f],start_interpolation: 0,interpolation_duration: 1}
$data merge entity $(right_shoulder) {transformation: [-1.3388f,0.3646f,-0.4739f,-1.134f,0.5964f,0.8958f,-0.9958f,5.8514f,0.0419f,-1.102f,-0.9662f,-0.2627f,0f,0f,0f,1f],start_interpolation: 0,interpolation_duration: 1}
$data merge entity $(right_arm) {transformation: [-0.9802f,0.1041f,-0.1682f,-0.5525f,0.02f,0.8981f,0.4393f,6.104f,0.1968f,0.4273f,-0.8824f,-0.2574f,0f,0f,0f,1f],start_interpolation: 0,interpolation_duration: 1}
$data merge entity $(left_thumb_2) {transformation: [-0.7862f,0.6039f,-0.1311f,0.8822f,-0.5557f,-0.7837f,-0.2775f,7.1257f,-0.2703f,-0.1454f,0.9517f,1.3635f,0f,0f,0f,1f],start_interpolation: 0,interpolation_duration: 1}
$data merge entity $(left_thumb) {transformation: [-0.7862f,0.4389f,-0.435f,1.1461f,-0.5557f,-0.8101f,0.1871f,6.9448f,-0.2703f,0.3888f,0.8808f,1.5162f,0f,0f,0f,1f],start_interpolation: 0,interpolation_duration: 1}
$data merge entity $(left_fingers2) {transformation: [0.9575f,0.223f,-0.1832f,0.5946f,-0.2594f,0.9431f,-0.2081f,7.4508f,0.1264f,0.2468f,0.9608f,1.6046f,0f,0f,0f,1f],start_interpolation: 0,interpolation_duration: 1}
$data merge entity $(left_fingers) {transformation: [-0.0105f,0.983f,-0.1832f,0.8736f,-0.9769f,-0.0492f,-0.2081f,7.4628f,-0.2136f,0.1768f,0.9608f,1.668f,0f,0f,0f,1f],start_interpolation: 0,interpolation_duration: 1}
$data merge entity $(left_hand) {transformation: [-0.7862f,0.5901f,-0.1832f,1.2241f,-0.5557f,-0.8049f,-0.2081f,6.9564f,-0.2703f,-0.0618f,0.9608f,1.6711f,0f,0f,0f,1f],start_interpolation: 0,interpolation_duration: 1}
$data merge entity $(left_forearm) {transformation: [-1.2795f,0.3299f,-0.3887f,1.6536f,-0.1072f,-1.2007f,-0.6664f,5.1195f,-0.4985f,-0.5888f,1.141f,0.8052f,0f,0f,0f,1f],start_interpolation: 0,interpolation_duration: 1}
$data merge entity $(left_shoulder) {transformation: [-1.3682f,-0.4339f,0.2994f,0.8392f,-0.4671f,0.6116f,-1.2481f,5.8112f,0.2444f,-1.26f,-0.7089f,-0.6589f,0f,0f,0f,1f],start_interpolation: 0,interpolation_duration: 1}
$data merge entity $(left_arm) {transformation: [-0.9802f,0.1041f,-0.1682f,0.3151f,0.02f,0.8981f,0.4393f,6.0863f,0.1968f,0.4273f,-0.8824f,-0.4316f,0f,0f,0f,1f],start_interpolation: 0,interpolation_duration: 1}
$data merge entity $(chest) {transformation: [-1.2533f,0.1331f,-0.2151f,-0.3125f,0.0255f,1.1483f,0.5617f,4.4884f,0.2516f,0.5463f,-1.1282f,-1.1467f,0f,0f,0f,1f],start_interpolation: 0,interpolation_duration: 1}
$data merge entity $(left_cheek) {transformation: [-0.7853f,-0.54f,-0.3029f,-0.6316f,-0.417f,0.8229f,-0.3859f,3.3432f,0.4576f,-0.1768f,-0.8714f,-1.8798f,0f,0f,0f,1f],start_interpolation: 0,interpolation_duration: 1}
$data merge entity $(left_foot) {transformation: [-0.6627f,0.0103f,-0.7785f,1.1883f,-0.0518f,1.0194f,0.0576f,-3.274f,0.7768f,0.0768f,-0.6602f,-3.3381f,0f,0f,0f,1f],start_interpolation: 0,interpolation_duration: 1}
$data merge entity $(left_knee) {transformation: [-2.1346f,0.3123f,-2.1444f,1.5941f,-1.026f,2.5056f,1.3862f,0.28f,1.9087f,1.6961f,-1.653f,-1.1132f,0f,0f,0f,1f],start_interpolation: 0,interpolation_duration: 1}
$data merge entity $(left_leg) {transformation: [-1.2056f,-0.9043f,-0.8247f,0.1193f,-0.5795f,1.4414f,-0.7334f,2.5866f,1.078f,-0.2365f,-1.3166f,-1.4086f,0f,0f,0f,1f],start_interpolation: 0,interpolation_duration: 1}
$data merge entity $(right_cheek) {transformation: [-0.741f,0.0574f,-0.669f,-1.0843f,0.4043f,0.8336f,-0.3763f,3.4577f,0.5361f,-0.5494f,-0.6409f,-1.5837f,0f,0f,0f,1f],start_interpolation: 0,interpolation_duration: 1}
$data merge entity $(right_foot) {transformation: [-1.0189f,0.0499f,0.0679f,-2.5171f,0.0515f,1.0208f,0.0234f,-3.3849f,-0.0667f,0.0267f,-1.0198f,0.4266f,0f,0f,0f,1f],start_interpolation: 0,interpolation_duration: 1}
$data merge entity $(right_knee) {transformation: [-2.9538f,0.7211f,0.0863f,-1.6004f,0.7238f,2.8933f,0.5978f,0.6646f,0.0596f,0.601f,-2.9812f,1.1381f,0f,0f,0f,1f],start_interpolation: 0,interpolation_duration: 1}
$data merge entity $(right_leg) {transformation: [-1.6683f,0.2799f,-0.2998f,-1.0737f,0.4088f,1.2378f,-1.119f,2.6635f,0.0337f,-1.1579f,-1.2686f,-0.6812f,0f,0f,0f,1f],start_interpolation: 0,interpolation_duration: 1}
$data merge entity $(weist) {transformation: [-1.383f,0.0792f,-0.8443f,-0.4578f,0.0891f,1.6199f,0.0059f,4.2737f,0.8433f,-0.0413f,-1.3853f,-1.1873f,0f,0f,0f,1f],start_interpolation: 0,interpolation_duration: 1}
data modify storage animated_java:temp entry.data merge value {"locators":{"consume":{"px":-0.3077458855,"py":6.5540898029,"pz":2.3946551397,"ry":175.4796652313,"rx":-26.1027281682}}}
# Data Manager: Prepare for Read / Write
execute store result storage animated_java:temp args.id int 1 run scoreboard players get @s aj.id
# Data Manager: Write
function animated_java:global/data_manager/write with storage animated_java:temp args