# This file was generated by Animated Java via MC-Build. It is not recommended to edit this file directly.
$data merge entity $(neck) {transformation: [-0.9806f,0.1024f,-0.1674f,-0.126f,0.0185f,0.8975f,0.4407f,6.142f,0.1954f,0.4291f,-0.8819f,-0.3682f,0f,0f,0f,1f],start_interpolation: 0,interpolation_duration: 1}
$data merge entity $(right_thumb_2) {transformation: [-0.6316f,-0.7753f,0.0017f,-0.6278f,0.676f,-0.5518f,-0.4884f,6.4249f,0.3796f,-0.3073f,0.8726f,2.0299f,0f,0f,0f,1f],start_interpolation: 0,interpolation_duration: 1}
$data merge entity $(right_thumb) {transformation: [-0.6316f,-0.653f,0.418f,-0.9374f,0.676f,-0.7278f,-0.1154f,6.2926f,0.3796f,0.2097f,0.9011f,2.1409f,0f,0f,0f,1f],start_interpolation: 0,interpolation_duration: 1}
$data merge entity $(right_fingers2) {transformation: [0.9975f,0.0125f,0.0692f,-0.2806f,0.0191f,0.8986f,-0.4384f,6.6075f,-0.0677f,0.4387f,0.8961f,2.3341f,0f,0f,0f,1f],start_interpolation: 0,interpolation_duration: 1}
$data merge entity $(right_fingers) {transformation: [0.2281f,-0.9712f,0.0692f,-0.5504f,0.8814f,0.1758f,-0.4384f,6.6793f,0.4136f,0.161f,0.8961f,2.3983f,0f,0f,0f,1f],start_interpolation: 0,interpolation_duration: 1}
$data merge entity $(scout) {transformation: [0f,0f,0f,-0.4656f,0f,0f,0f,6.4861f,0f,0f,0f,2.4162f,0f,0f,0f,1f],start_interpolation: 0,interpolation_duration: 1}
$data merge entity $(right_hand) {transformation: [-0.6316f,-0.7722f,0.0692f,-1.0184f,0.676f,-0.5922f,-0.4384f,6.2927f,0.3796f,-0.2301f,0.8961f,2.2946f,0f,0f,0f,1f],start_interpolation: 0,interpolation_duration: 1}
$data merge entity $(right_forearm) {transformation: [-1.2316f,-0.6011f,0.1375f,-1.8675f,0.343f,-0.9231f,-0.963f,4.8533f,0.5124f,-0.8269f,0.9751f,1.0635f,0f,0f,0f,1f],start_interpolation: 0,interpolation_duration: 1}
$data merge entity $(right_shoulder) {transformation: [-1.3395f,0.3653f,-0.4712f,-1.137f,0.5951f,0.8888f,-1.0028f,5.8493f,0.0358f,-1.1074f,-0.9603f,-0.263f,0f,0f,0f,1f],start_interpolation: 0,interpolation_duration: 1}
$data merge entity $(right_arm) {transformation: [-0.9806f,0.1024f,-0.1674f,-0.5557f,0.0185f,0.8975f,0.4407f,6.1026f,0.1954f,0.4291f,-0.8819f,-0.2563f,0f,0f,0f,1f],start_interpolation: 0,interpolation_duration: 1}
$data merge entity $(left_thumb_2) {transformation: [-0.7829f,0.6081f,-0.1315f,0.8749f,-0.5599f,-0.7808f,-0.2772f,7.1345f,-0.2712f,-0.1434f,0.9518f,1.3681f,0f,0f,0f,1f],start_interpolation: 0,interpolation_duration: 1}
$data merge entity $(left_thumb) {transformation: [-0.7829f,0.4422f,-0.4376f,1.1394f,-0.5599f,-0.8075f,0.1857f,6.9552f,-0.2712f,0.3904f,0.8798f,1.5215f,0f,0f,0f,1f],start_interpolation: 0,interpolation_duration: 1}
$data merge entity $(left_fingers2) {transformation: [0.9585f,0.2177f,-0.184f,0.5851f,-0.2545f,0.9444f,-0.2081f,7.4584f,0.1284f,0.2463f,0.9606f,1.6083f,0f,0f,0f,1f],start_interpolation: 0,interpolation_duration: 1}
$data merge entity $(left_fingers) {transformation: [-0.0051f,0.9829f,-0.184f,0.864f,-0.9771f,-0.044f,-0.2081f,7.4719f,-0.2127f,0.1787f,0.9606f,1.6723f,0f,0f,0f,1f],start_interpolation: 0,interpolation_duration: 1}
$data merge entity $(left_hand) {transformation: [-0.7829f,0.5943f,-0.184f,1.217f,-0.5599f,-0.802f,-0.2081f,6.9673f,-0.2712f,-0.0599f,0.9606f,1.6766f,0f,0f,0f,1f],start_interpolation: 0,interpolation_duration: 1}
$data merge entity $(left_forearm) {transformation: [-1.2786f,0.3322f,-0.3898f,1.6499f,-0.1091f,-1.2009f,-0.6657f,5.13f,-0.5004f,-0.5871f,1.1411f,0.8131f,0f,0f,0f,1f],start_interpolation: 0,interpolation_duration: 1}
$data merge entity $(left_shoulder) {transformation: [-1.368f,-0.4327f,0.302f,0.8369f,-0.4673f,0.6037f,-1.2518f,5.8121f,0.2451f,-1.2642f,-0.7011f,-0.6563f,0f,0f,0f,1f],start_interpolation: 0,interpolation_duration: 1}
$data merge entity $(left_arm) {transformation: [-0.9806f,0.1024f,-0.1674f,0.3122f,0.0185f,0.8975f,0.4407f,6.0862f,0.1954f,0.4291f,-0.8819f,-0.4293f,0f,0f,0f,1f],start_interpolation: 0,interpolation_duration: 1}
$data merge entity $(chest) {transformation: [-1.2537f,0.1309f,-0.214f,-0.3125f,0.0236f,1.1474f,0.5635f,4.4889f,0.2498f,0.5486f,-1.1275f,-1.1482f,0f,0f,0f,1f],start_interpolation: 0,interpolation_duration: 1}
$data merge entity $(left_cheek) {transformation: [-0.7834f,-0.5432f,-0.3021f,-0.6348f,-0.4187f,0.8204f,-0.3894f,3.339f,0.4594f,-0.1786f,-0.8701f,-1.8779f,0f,0f,0f,1f],start_interpolation: 0,interpolation_duration: 1}
$data merge entity $(left_foot) {transformation: [-0.6605f,0.0105f,-0.7803f,1.191f,-0.0529f,1.0193f,0.0586f,-3.2645f,0.7786f,0.0782f,-0.658f,-3.3339f,0f,0f,0f,1f],start_interpolation: 0,interpolation_duration: 1}
$data merge entity $(left_knee) {transformation: [-2.1292f,0.317f,-2.149f,1.6029f,-1.0288f,2.5031f,1.3886f,0.2862f,1.9132f,1.6989f,-1.6449f,-1.1048f,0f,0f,0f,1f],start_interpolation: 0,interpolation_duration: 1}
$data merge entity $(left_leg) {transformation: [-1.2026f,-0.9099f,-0.823f,0.1193f,-0.5811f,1.4374f,-0.74f,2.5865f,1.0806f,-0.2397f,-1.3139f,-1.4053f,0f,0f,0f,1f],start_interpolation: 0,interpolation_duration: 1}
$data merge entity $(right_cheek) {transformation: [-0.7409f,0.0573f,-0.6691f,-1.0845f,0.4063f,0.8316f,-0.3787f,3.4563f,0.5347f,-0.5525f,-0.6394f,-1.5836f,0f,0f,0f,1f],start_interpolation: 0,interpolation_duration: 1}
$data merge entity $(right_foot) {transformation: [-1.0188f,0.05f,0.069f,-2.5163f,0.0517f,1.0208f,0.0234f,-3.375f,-0.0677f,0.0268f,-1.0198f,0.4295f,0f,0f,0f,1f],start_interpolation: 0,interpolation_duration: 1}
$data merge entity $(right_knee) {transformation: [-2.9538f,0.7207f,0.0897f,-1.6f,0.7239f,2.8922f,0.6026f,0.6733f,0.0575f,0.6065f,-2.9801f,1.1487f,0f,0f,0f,1f],start_interpolation: 0,interpolation_duration: 1}
$data merge entity $(right_leg) {transformation: [-1.6683f,0.2797f,-0.3f,-1.0737f,0.4089f,1.2335f,-1.1237f,2.6654f,0.0325f,-1.1626f,-1.2644f,-0.6781f,0f,0f,0f,1f],start_interpolation: 0,interpolation_duration: 1}
$data merge entity $(weist) {transformation: [-1.3831f,0.0792f,-0.8443f,-0.4578f,0.0915f,1.6198f,0.002f,4.2742f,0.843f,-0.0459f,-1.3853f,-1.1888f,0f,0f,0f,1f],start_interpolation: 0,interpolation_duration: 1}
data modify storage animated_java:temp entry.data merge value {"locators":{"consume":{"px":-0.3150502734,"py":6.5629067358,"pz":2.3991538313,"ry":175.5822721692,"rx":-26.0039502177}}}
# Data Manager: Prepare for Read / Write
execute store result storage animated_java:temp args.id int 1 run scoreboard players get @s aj.id
# Data Manager: Write
function animated_java:global/data_manager/write with storage animated_java:temp args