# This file was generated by Animated Java via MC-Build. It is not recommended to edit this file directly.
$data merge entity $(neck) {transformation: [-0.9808f,0.1008f,-0.1667f,-0.1288f,0.0171f,0.8968f,0.4421f,6.1413f,0.1941f,0.4308f,-0.8813f,-0.3666f,0f,0f,0f,1f],start_interpolation: 0,interpolation_duration: 1}
$data merge entity $(right_thumb_2) {transformation: [-0.6314f,-0.7754f,0.0001f,-0.634f,0.6775f,-0.5518f,-0.4864f,6.4331f,0.3772f,-0.307f,0.8737f,2.0327f,0f,0f,0f,1f],start_interpolation: 0,interpolation_duration: 1}
$data merge entity $(right_thumb) {transformation: [-0.6314f,-0.6539f,0.4168f,-0.9439f,0.6775f,-0.7267f,-0.1137f,6.3013f,0.3772f,0.2105f,0.9019f,2.1436f,0f,0f,0f,1f],start_interpolation: 0,interpolation_duration: 1}
$data merge entity $(right_fingers2) {transformation: [0.9976f,0.0128f,0.0677f,-0.287f,0.0181f,0.8996f,-0.4364f,6.6161f,-0.0665f,0.4366f,0.8972f,2.3369f,0f,0f,0f,1f],start_interpolation: 0,interpolation_duration: 1}
$data merge entity $(right_fingers) {transformation: [0.2284f,-0.9712f,0.0677f,-0.5568f,0.8821f,0.1771f,-0.4364f,6.6882f,0.4119f,0.1594f,0.8972f,2.4006f,0f,0f,0f,1f],start_interpolation: 0,interpolation_duration: 1}
$data merge entity $(scout) {transformation: [0f,0f,0f,-0.4723f,0f,0f,0f,6.495f,0f,0f,0f,2.4191f,0f,0f,0f,1f],start_interpolation: 0,interpolation_duration: 1}
$data merge entity $(right_hand) {transformation: [-0.6314f,-0.7725f,0.0677f,-1.0251f,0.6775f,-0.5921f,-0.4364f,6.3019f,0.3772f,-0.2297f,0.8972f,2.2973f,0f,0f,0f,1f],start_interpolation: 0,interpolation_duration: 1}
$data merge entity $(right_forearm) {transformation: [-1.2327f,-0.599f,0.137f,-1.871f,0.343f,-0.9256f,-0.9606f,4.8588f,0.5099f,-0.8256f,0.9775f,1.0683f,0f,0f,0f,1f],start_interpolation: 0,interpolation_duration: 1}
$data merge entity $(right_shoulder) {transformation: [-1.3402f,0.3659f,-0.4689f,-1.1396f,0.594f,0.8824f,-1.0092f,5.8473f,0.0303f,-1.1124f,-0.9548f,-0.2633f,0f,0f,0f,1f],start_interpolation: 0,interpolation_duration: 1}
$data merge entity $(right_arm) {transformation: [-0.9808f,0.1008f,-0.1667f,-0.5587f,0.0171f,0.8968f,0.4421f,6.1012f,0.1941f,0.4308f,-0.8813f,-0.2554f,0f,0f,0f,1f],start_interpolation: 0,interpolation_duration: 1}
$data merge entity $(left_thumb_2) {transformation: [-0.7795f,0.6124f,-0.1317f,0.8681f,-0.5644f,-0.7778f,-0.2766f,7.1424f,-0.2718f,-0.1413f,0.9519f,1.3711f,0f,0f,0f,1f],start_interpolation: 0,interpolation_duration: 1}
$data merge entity $(left_thumb) {transformation: [-0.7795f,0.4458f,-0.4401f,1.1333f,-0.5644f,-0.8046f,0.1846f,6.9646f,-0.2718f,0.3923f,0.8788f,1.5252f,0f,0f,0f,1f],start_interpolation: 0,interpolation_duration: 1}
$data merge entity $(left_fingers2) {transformation: [0.9596f,0.2123f,-0.1846f,0.5762f,-0.2493f,0.9459f,-0.2078f,7.4651f,0.1305f,0.2454f,0.9606f,1.6103f,0f,0f,0f,1f],start_interpolation: 0,interpolation_duration: 1}
$data merge entity $(left_fingers) {transformation: [0.0004f,0.9828f,-0.1846f,0.8549f,-0.9774f,-0.0386f,-0.2078f,7.4801f,-0.2113f,0.1805f,0.9606f,1.6747f,0f,0f,0f,1f],start_interpolation: 0,interpolation_duration: 1}
$data merge entity $(left_hand) {transformation: [-0.7795f,0.5986f,-0.1846f,1.2105f,-0.5644f,-0.799f,-0.2078f,6.9774f,-0.2718f,-0.0578f,0.9606f,1.6803f,0f,0f,0f,1f],start_interpolation: 0,interpolation_duration: 1}
$data merge entity $(left_forearm) {transformation: [-1.2778f,0.3342f,-0.3907f,1.6465f,-0.1111f,-1.2013f,-0.6645f,5.1394f,-0.502f,-0.585f,1.1415f,0.82f,0f,0f,0f,1f],start_interpolation: 0,interpolation_duration: 1}
$data merge entity $(left_shoulder) {transformation: [-1.3678f,-0.4316f,0.3043f,0.8348f,-0.4675f,0.5966f,-1.2551f,5.813f,0.2456f,-1.2679f,-0.6942f,-0.6539f,0f,0f,0f,1f],start_interpolation: 0,interpolation_duration: 1}
$data merge entity $(left_arm) {transformation: [-0.9808f,0.1008f,-0.1667f,0.3095f,0.0171f,0.8968f,0.4421f,6.0861f,0.1941f,0.4308f,-0.8813f,-0.4272f,0f,0f,0f,1f],start_interpolation: 0,interpolation_duration: 1}
$data merge entity $(chest) {transformation: [-1.254f,0.1289f,-0.2131f,-0.3125f,0.0218f,1.1466f,0.5653f,4.4894f,0.2481f,0.5508f,-1.1268f,-1.1498f,0f,0f,0f,1f],start_interpolation: 0,interpolation_duration: 1}
$data merge entity $(left_cheek) {transformation: [-0.7813f,-0.5466f,-0.3013f,-0.6382f,-0.4205f,0.8177f,-0.3931f,3.3345f,0.4613f,-0.1804f,-0.8687f,-1.8758f,0f,0f,0f,1f],start_interpolation: 0,interpolation_duration: 1}
$data merge entity $(left_foot) {transformation: [-0.6581f,0.0108f,-0.7823f,1.1937f,-0.0541f,1.0192f,0.0596f,-3.2543f,0.7805f,0.0798f,-0.6555f,-3.3293f,0f,0f,0f,1f],start_interpolation: 0,interpolation_duration: 1}
$data merge entity $(left_knee) {transformation: [-2.1234f,0.3221f,-2.154f,1.6124f,-1.0318f,2.5005f,1.3911f,0.2929f,1.918f,1.7018f,-1.6363f,-1.096f,0f,0f,0f,1f],start_interpolation: 0,interpolation_duration: 1}
$data merge entity $(left_leg) {transformation: [-1.1993f,-0.9158f,-0.8212f,0.1193f,-0.5828f,1.433f,-0.7471f,2.5863f,1.0833f,-0.243f,-1.3111f,-1.4018f,0f,0f,0f,1f],start_interpolation: 0,interpolation_duration: 1}
$data merge entity $(right_cheek) {transformation: [-0.7408f,0.0571f,-0.6692f,-1.0847f,0.4084f,0.8294f,-0.3813f,3.4548f,0.5333f,-0.5558f,-0.6378f,-1.5835f,0f,0f,0f,1f],start_interpolation: 0,interpolation_duration: 1}
$data merge entity $(right_foot) {transformation: [-1.0187f,0.0502f,0.0701f,-2.5154f,0.0519f,1.0208f,0.0235f,-3.3643f,-0.0689f,0.027f,-1.0197f,0.4326f,0f,0f,0f,1f],start_interpolation: 0,interpolation_duration: 1}
$data merge entity $(right_knee) {transformation: [-2.9538f,0.7202f,0.0933f,-1.5996f,0.7241f,2.8911f,0.6078f,0.6826f,0.0552f,0.6124f,-2.9789f,1.1599f,0f,0f,0f,1f],start_interpolation: 0,interpolation_duration: 1}
$data merge entity $(right_leg) {transformation: [-1.6683f,0.2794f,-0.3002f,-1.0737f,0.409f,1.2289f,-1.1287f,2.6675f,0.0312f,-1.1675f,-1.2599f,-0.6748f,0f,0f,0f,1f],start_interpolation: 0,interpolation_duration: 1}
$data merge entity $(weist) {transformation: [-1.3831f,0.0792f,-0.8443f,-0.4578f,0.0941f,1.6196f,-0.0022f,4.2747f,0.8427f,-0.0509f,-1.3854f,-1.1905f,0f,0f,0f,1f],start_interpolation: 0,interpolation_duration: 1}
data modify storage animated_java:temp entry.data merge value {"locators":{"consume":{"px":-0.3215912045,"py":6.5716326605,"pz":2.4020196444,"ry":175.6835539022,"rx":-25.8766851069}}}
# Data Manager: Prepare for Read / Write
execute store result storage animated_java:temp args.id int 1 run scoreboard players get @s aj.id
# Data Manager: Write
function animated_java:global/data_manager/write with storage animated_java:temp args