# This file was generated by Animated Java via MC-Build. It is not recommended to edit this file directly.
$data merge entity $(neck) {transformation: [-0.9625f,-0.151f,0.2255f,0.1441f,-0.0333f,0.8903f,0.4542f,6.0943f,-0.2693f,0.4296f,-0.8619f,-0.1185f,0f,0f,0f,1f],start_interpolation: 0,interpolation_duration: 1}
$data merge entity $(right_thumb_2) {transformation: [-0.2103f,-0.0436f,-0.9767f,-0.8309f,0.9605f,-0.1952f,-0.1982f,6.4167f,-0.182f,-0.9798f,0.0829f,1.922f,0f,0f,0f,1f],start_interpolation: 0,interpolation_duration: 1}
$data merge entity $(right_thumb) {transformation: [-0.2103f,-0.8676f,-0.4506f,-1.1349f,0.9605f,-0.2692f,0.0699f,6.4716f,-0.182f,-0.4181f,0.89f,1.748f,0f,0f,0f,1f],start_interpolation: 0,interpolation_duration: 1}
$data merge entity $(right_fingers2) {transformation: [0.3957f,0.6238f,-0.674f,-0.7941f,-0.9147f,0.2022f,-0.3499f,6.5284f,-0.082f,0.7549f,0.6507f,2.2554f,0f,0f,0f,1f],start_interpolation: 0,interpolation_duration: 1}
$data merge entity $(right_fingers) {transformation: [0.476f,-0.565f,-0.674f,-0.9466f,0.4679f,0.8116f,-0.3499f,6.7703f,0.7446f,-0.1488f,0.6507f,2.2388f,0f,0f,0f,1f],start_interpolation: 0,interpolation_duration: 1}
$data merge entity $(scout) {transformation: [0f,0f,0f,-0.9495f,0f,0f,0f,6.5647f,0f,0f,0f,2.2891f,0f,0f,0f,1f],start_interpolation: 0,interpolation_duration: 1}
$data merge entity $(right_hand) {transformation: [-0.5214f,-0.5234f,-0.674f,-1.2953f,0.8493f,-0.3954f,-0.3499f,6.5077f,-0.0834f,-0.7548f,0.6507f,1.8044f,0f,0f,0f,1f],start_interpolation: 0,interpolation_duration: 1}
$data merge entity $(right_forearm) {transformation: [-0.6265f,-0.5961f,-1.072f,-2.206f,1.0735f,-0.8489f,-0.1553f,5.1789f,-0.5935f,-0.9061f,0.8507f,0.4954f,0f,0f,0f,1f],start_interpolation: 0,interpolation_duration: 1}
$data merge entity $(right_shoulder) {transformation: [-1.0088f,0.9781f,-0.4191f,-0.7967f,0.9777f,0.6239f,-0.897f,5.7715f,-0.42f,-0.8966f,-1.0814f,-0.4783f,0f,0f,0f,1f],start_interpolation: 0,interpolation_duration: 1}
$data merge entity $(right_arm) {transformation: [-0.9385f,-0.0671f,0.3387f,-0.284f,0.0022f,0.9797f,0.2002f,6.0557f,-0.3453f,0.1887f,-0.9193f,-0.2367f,0f,0f,0f,1f],start_interpolation: 0,interpolation_duration: 1}
$data merge entity $(left_thumb_2) {transformation: [0.117f,-0.0229f,0.9929f,0.4453f,-0.9713f,-0.2109f,0.1096f,7.1935f,0.2069f,-0.9772f,-0.0469f,3.3345f,0f,0f,0f,1f],start_interpolation: 0,interpolation_duration: 1}
$data merge entity $(left_thumb) {transformation: [0.117f,0.8484f,0.5163f,0.6936f,-0.9713f,-0.0105f,0.2375f,7.3308f,0.2069f,-0.5293f,0.8228f,3.1219f,0f,0f,0f,1f],start_interpolation: 0,interpolation_duration: 1}
$data merge entity $(left_fingers2) {transformation: [0.1052f,-0.5554f,0.8249f,0.4185f,0.994f,0.0336f,-0.1042f,7.3017f,0.0302f,0.8309f,0.5556f,3.6699f,0f,0f,0f,1f],start_interpolation: 0,interpolation_duration: 1}
$data merge entity $(left_fingers) {transformation: [0.498f,0.2674f,0.8249f,0.4867f,-0.3309f,0.9379f,-0.1042f,7.5775f,-0.8015f,-0.2211f,0.5556f,3.6336f,0f,0f,0f,1f],start_interpolation: 0,interpolation_duration: 1}
$data merge entity $(left_hand) {transformation: [-0.2229f,0.5194f,0.8249f,0.8411f,-0.9632f,-0.2479f,-0.1042f,7.4158f,0.1504f,-0.8178f,0.5556f,3.1566f,0f,0f,0f,1f],start_interpolation: 0,interpolation_duration: 1}
$data merge entity $(left_forearm) {transformation: [-1.2292f,0.5683f,0.2514f,1.655f,-0.599f,-0.9353f,-0.8146f,5.9527f,-0.1654f,-0.8363f,1.0819f,1.9297f,0f,0f,0f,1f],start_interpolation: 0,interpolation_duration: 1}
$data merge entity $(left_shoulder) {transformation: [-0.7849f,-0.2999f,1.2016f,1.0925f,-1.2307f,0.0301f,-0.7964f,5.7669f,0.1383f,-1.4349f,-0.2678f,0.2167f,0f,0f,0f,1f],start_interpolation: 0,interpolation_duration: 1}
$data merge entity $(left_arm) {transformation: [-0.9385f,-0.0671f,0.3387f,0.5466f,0.0022f,0.9797f,0.2002f,6.0537f,-0.3453f,0.1887f,-0.9193f,0.0689f,0f,0f,0f,1f],start_interpolation: 0,interpolation_duration: 1}
$data merge entity $(chest) {transformation: [-1.1999f,-0.0858f,0.4331f,0.2642f,0.0029f,1.2526f,0.256f,4.2922f,-0.4415f,0.2412f,-1.1754f,-0.4565f,0f,0f,0f,1f],start_interpolation: 0,interpolation_duration: 1}
$data merge entity $(left_cheek) {transformation: [-0.8653f,-0.2014f,0.459f,0.8169f,-0.3086f,0.9356f,-0.1713f,3.4492f,-0.395f,-0.2899f,-0.8718f,-0.5364f,0f,0f,0f,1f],start_interpolation: 0,interpolation_duration: 1}
$data merge entity $(left_foot) {transformation: [-1.0169f,0.0167f,-0.1042f,1.0877f,-0.0364f,0.892f,0.4983f,-3.594f,0.099f,0.4993f,-0.8866f,2.6288f,0f,0f,0f,1f],start_interpolation: 0,interpolation_duration: 1}
$data merge entity $(left_knee) {transformation: [-3.0365f,-0.1421f,0.1088f,0.9827f,-0.1477f,3.034f,-0.1589f,0.6028f,-0.1011f,-0.1639f,-3.0356f,2.2807f,0f,0f,0f,1f],start_interpolation: 0,interpolation_duration: 1}
$data merge entity $(left_leg) {transformation: [-1.7147f,-0.0019f,0.1053f,0.9052f,-0.0777f,1.1822f,-1.2441f,2.53f,-0.0711f,-1.2465f,-1.18f,0.3153f,0f,0f,0f,1f],start_interpolation: 0,interpolation_duration: 1}
$data merge entity $(right_cheek) {transformation: [-0.8258f,0.1416f,0.5459f,0.2021f,0.0765f,0.9872f,-0.1403f,3.3134f,-0.5587f,-0.0741f,-0.8261f,-0.8774f,0f,0f,0f,1f],start_interpolation: 0,interpolation_duration: 1}
$data merge entity $(right_foot) {transformation: [-0.558f,-0.2509f,0.8191f,-0.5453f,0.103f,0.9508f,0.3614f,-3.5352f,-0.8504f,0.2798f,-0.4937f,-2.186f,0f,0f,0f,1f],start_interpolation: 0,interpolation_duration: 1}
$data merge entity $(right_knee) {transformation: [-1.8992f,-0.8588f,2.2154f,-1.6978f,0.7944f,2.4434f,1.6282f,-0.0641f,-2.2393f,1.5952f,-1.3013f,-0.0958f,0f,0f,0f,1f],start_interpolation: 0,interpolation_duration: 1}
$data merge entity $(right_leg) {transformation: [-1.0726f,0.8527f,1.0362f,-0.3174f,0.4487f,1.4781f,-0.7519f,2.3072f,-1.2647f,-0.1989f,-1.1456f,-0.3282f,0f,0f,0f,1f],start_interpolation: 0,interpolation_duration: 1}
$data merge entity $(weist) {transformation: [-1.4173f,-0.0851f,0.7848f,0.2642f,-0.2583f,1.5741f,-0.2957f,3.9988f,-0.746f,-0.3833f,-1.3887f,-0.4971f,0f,0f,0f,1f],start_interpolation: 0,interpolation_duration: 1}
data modify storage animated_java:temp entry.data merge value {"locators":{"consume":{"px":-0.8150471592,"py":6.5983867227,"pz":2.3873089042,"ry":226.0081567332,"rx":-20.4793091779}}}
# Data Manager: Prepare for Read / Write
execute store result storage animated_java:temp args.id int 1 run scoreboard players get @s aj.id
# Data Manager: Write
function animated_java:global/data_manager/write with storage animated_java:temp args