# This file was generated by Animated Java via MC-Build. It is not recommended to edit this file directly.
$data merge entity $(neck) {transformation: [-0.9636f,-0.139f,0.2282f,0.2038f,-0.0371f,0.9153f,0.4012f,6.126f,-0.2647f,0.3781f,-0.8871f,-0.3594f,0f,0f,0f,1f],start_interpolation: 0,interpolation_duration: 1}
$data merge entity $(right_thumb_2) {transformation: [-0.1791f,-0.0743f,-0.981f,-0.7888f,0.939f,-0.3105f,-0.1479f,6.746f,-0.2937f,-0.9477f,0.1254f,1.4865f,0f,0f,0f,1f],start_interpolation: 0,interpolation_duration: 1}
$data merge entity $(right_thumb) {transformation: [-0.1791f,-0.8867f,-0.4262f,-1.0946f,0.939f,-0.2833f,0.195f,6.7913f,-0.2937f,-0.3653f,0.8834f,1.3129f,0f,0f,0f,1f],start_interpolation: 0,interpolation_duration: 1}
$data merge entity $(right_fingers2) {transformation: [0.3596f,0.6488f,-0.6706f,-0.7398f,-0.9328f,0.2674f,-0.2415f,6.8956f,0.0226f,0.7124f,0.7014f,1.8029f,0f,0f,0f,1f],start_interpolation: 0,interpolation_duration: 1}
$data merge entity $(right_fingers) {transformation: [0.5107f,-0.5381f,-0.6706f,-0.8837f,0.5355f,0.8093f,-0.2415f,7.1396f,0.6726f,-0.2358f,0.7014f,1.7599f,0f,0f,0f,1f],start_interpolation: 0,interpolation_duration: 1}
$data merge entity $(scout) {transformation: [0f,0f,0f,-0.893f,0f,0f,0f,6.9419f,0f,0f,0f,1.835f,0f,0f,0f,1f],start_interpolation: 0,interpolation_duration: 1}
$data merge entity $(right_hand) {transformation: [-0.4915f,-0.5556f,-0.6706f,-1.2521f,0.8529f,-0.4629f,-0.2415f,6.8403f,-0.1762f,-0.6906f,0.7014f,1.3676f,0f,0f,0f,1f],start_interpolation: 0,interpolation_duration: 1}
$data merge entity $(right_forearm) {transformation: [-0.5819f,-0.6283f,-1.0788f,-2.2134f,0.9813f,-0.9659f,0.0333f,5.3461f,-0.7717f,-0.7546f,0.8557f,0.2945f,0f,0f,0f,1f],start_interpolation: 0,interpolation_duration: 1}
$data merge entity $(right_shoulder) {transformation: [-0.9738f,1.0312f,-0.3717f,-0.7479f,0.9125f,0.4872f,-1.0392f,5.7895f,-0.6073f,-0.9215f,-0.9653f,-0.6755f,0f,0f,0f,1f],start_interpolation: 0,interpolation_duration: 1}
$data merge entity $(right_arm) {transformation: [-0.9387f,-0.0346f,0.3431f,-0.2257f,-0.0127f,0.9977f,0.0661f,6.0862f,-0.3446f,0.0577f,-0.937f,-0.4724f,0f,0f,0f,1f],start_interpolation: 0,interpolation_duration: 1}
$data merge entity $(left_thumb_2) {transformation: [0.0857f,-0.0319f,0.9958f,0.5481f,-0.9389f,-0.3371f,0.07f,7.6606f,0.3335f,-0.9409f,-0.0588f,2.9191f,0f,0f,0f,1f],start_interpolation: 0,interpolation_duration: 1}
$data merge entity $(left_thumb) {transformation: [0.0857f,0.8465f,0.5255f,0.8003f,-0.9389f,-0.108f,0.3269f,7.7605f,0.3335f,-0.5214f,0.7855f,2.6908f,0f,0f,0f,1f],start_interpolation: 0,interpolation_duration: 1}
$data merge entity $(left_fingers2) {transformation: [0.1377f,-0.5522f,0.8223f,0.5256f,0.9853f,0.161f,-0.0569f,7.8129f,-0.1009f,0.818f,0.5663f,3.2373f,0f,0f,0f,1f],start_interpolation: 0,interpolation_duration: 1}
$data merge entity $(left_fingers) {transformation: [0.4852f,0.2974f,0.8223f,0.6027f,-0.4498f,0.8913f,-0.0569f,8.0792f,-0.7498f,-0.3423f,0.5663f,3.1651f,0f,0f,0f,1f],start_interpolation: 0,interpolation_duration: 1}
$data merge entity $(left_hand) {transformation: [-0.254f,0.5093f,0.8223f,0.9506f,-0.9271f,-0.3704f,-0.0569f,7.8445f,0.2756f,-0.7768f,0.5663f,2.7144f,0f,0f,0f,1f],start_interpolation: 0,interpolation_duration: 1}
$data merge entity $(left_forearm) {transformation: [-1.2485f,0.5357f,0.227f,1.7136f,-0.5751f,-1.0555f,-0.6725f,6.2066f,-0.0876f,-0.7044f,1.1804f,1.6929f,0f,0f,0f,1f],start_interpolation: 0,interpolation_duration: 1}
$data merge entity $(left_shoulder) {transformation: [-0.8244f,-0.3018f,1.1744f,1.1416f,-1.1754f,-0.1497f,-0.8636f,5.815f,0.2976f,-1.427f,-0.1578f,0.0182f,0f,0f,0f,1f],start_interpolation: 0,interpolation_duration: 1}
$data merge entity $(left_arm) {transformation: [-0.9387f,-0.0346f,0.3431f,0.6052f,-0.0127f,0.9977f,0.0661f,6.0975f,-0.3446f,0.0577f,-0.937f,-0.1674f,0f,0f,0f,1f],start_interpolation: 0,interpolation_duration: 1}
$data merge entity $(chest) {transformation: [-1.2001f,-0.0443f,0.4387f,0.2642f,-0.0162f,1.2756f,0.0845f,4.2922f,-0.4406f,0.0737f,-1.198f,-0.4565f,0f,0f,0f,1f],start_interpolation: 0,interpolation_duration: 1}
$data merge entity $(left_cheek) {transformation: [-0.8287f,-0.2514f,0.5f,0.8447f,-0.381f,0.9078f,-0.1751f,3.4115f,-0.4099f,-0.3356f,-0.8481f,-0.4928f,0f,0f,0f,1f],start_interpolation: 0,interpolation_duration: 1}
$data merge entity $(left_foot) {transformation: [-1.0179f,-0.0146f,-0.0946f,1.0512f,-0.0708f,0.794f,0.6401f,-3.0104f,0.0643f,0.6439f,-0.7915f,2.4046f,0f,0f,0f,1f],start_interpolation: 0,interpolation_duration: 1}
$data merge entity $(left_knee) {transformation: [-3.0293f,-0.2051f,0.1825f,0.8617f,-0.1823f,3.0145f,0.3626f,1.1819f,-0.2054f,0.3502f,-3.0145f,2.7719f,0f,0f,0f,1f],start_interpolation: 0,interpolation_duration: 1}
$data merge entity $(left_leg) {transformation: [-1.71f,0.0649f,0.1519f,0.8902f,-0.1008f,0.8414f,-1.4944f,2.5694f,-0.1309f,-1.4964f,-0.8337f,0.3935f,0f,0f,0f,1f],start_interpolation: 0,interpolation_duration: 1}
$data merge entity $(right_cheek) {transformation: [-0.8125f,0.1253f,0.5693f,0.2154f,0.0513f,0.9882f,-0.1443f,3.2893f,-0.5806f,-0.0881f,-0.8094f,-0.8523f,0f,0f,0f,1f],start_interpolation: 0,interpolation_duration: 1}
$data merge entity $(right_foot) {transformation: [-0.6567f,-0.0509f,0.7819f,-0.8211f,0.0372f,1.017f,0.0974f,-3.9445f,-0.7827f,0.091f,-0.6514f,-2.0984f,0f,0f,0f,1f],start_interpolation: 0,interpolation_duration: 1}
$data merge entity $(right_knee) {transformation: [-2.1017f,-0.4403f,2.1544f,-1.4026f,0.7775f,2.6388f,1.2978f,-0.217f,-2.0569f,1.4474f,-1.7107f,-0.2243f,0f,0f,0f,1f],start_interpolation: 0,interpolation_duration: 1}
$data merge entity $(right_leg) {transformation: [-1.187f,0.6732f,1.0436f,-0.3053f,0.4391f,1.5779f,-0.5184f,2.3079f,-1.1617f,-0.0914f,-1.2623f,-0.2854f,0f,0f,0f,1f],start_interpolation: 0,interpolation_duration: 1}
$data merge entity $(weist) {transformation: [-1.3859f,-0.0875f,0.8388f,0.2642f,-0.3032f,1.5574f,-0.3384f,3.9988f,-0.787f,-0.4458f,-1.3468f,-0.4971f,0f,0f,0f,1f],start_interpolation: 0,interpolation_duration: 1}
data modify storage animated_java:temp entry.data merge value {"locators":{"consume":{"px":-0.7550129296,"py":6.98190671,"pz":1.9256885978,"ry":223.7142250993,"rx":-13.9767258067}}}
# Data Manager: Prepare for Read / Write
execute store result storage animated_java:temp args.id int 1 run scoreboard players get @s aj.id
# Data Manager: Write
function animated_java:global/data_manager/write with storage animated_java:temp args