# This file was generated by Animated Java via MC-Build. It is not recommended to edit this file directly.
$data merge entity $(neck) {transformation: [-0.9633f,-0.1195f,0.2402f,0.1986f,-0.0166f,0.9201f,0.3913f,6.1181f,-0.2677f,0.3729f,-0.8884f,-0.2884f,0f,0f,0f,1f],start_interpolation: 0,interpolation_duration: 1}
$data merge entity $(right_thumb_2) {transformation: [-0.1748f,-0.0504f,-0.9833f,-0.7647f,0.94f,-0.3057f,-0.1514f,6.7262f,-0.293f,-0.9508f,0.1008f,1.6809f,0f,0f,0f,1f],start_interpolation: 0,interpolation_duration: 1}
$data merge entity $(right_thumb) {transformation: [-0.1748f,-0.8768f,-0.4481f,-1.0664f,0.94f,-0.284f,0.189f,6.7716f,-0.293f,-0.3881f,0.8738f,1.5003f,0f,0f,0f,1f],start_interpolation: 0,interpolation_duration: 1}
$data merge entity $(right_fingers2) {transformation: [0.3618f,0.6305f,-0.6867f,-0.7239f,-0.9319f,0.2655f,-0.2473f,6.8743f,0.0264f,0.7293f,0.6836f,1.9993f,0f,0f,0f,1f],start_interpolation: 0,interpolation_duration: 1}
$data merge entity $(right_fingers) {transformation: [0.4926f,-0.5347f,-0.6867f,-0.8674f,0.5334f,0.8089f,-0.2473f,7.1181f,0.6877f,-0.2445f,0.6836f,1.9541f,0f,0f,0f,1f],start_interpolation: 0,interpolation_duration: 1}
$data merge entity $(scout) {transformation: [0f,0f,0f,-0.8779f,0f,0f,0f,6.92f,0f,0f,0f,2.0278f,0f,0f,0f,1f],start_interpolation: 0,interpolation_duration: 1}
$data merge entity $(right_hand) {transformation: [-0.4897f,-0.5373f,-0.6867f,-1.2253f,0.8523f,-0.4609f,-0.2473f,6.8198f,-0.1836f,-0.7063f,0.6836f,1.5514f,0f,0f,0f,1f],start_interpolation: 0,interpolation_duration: 1}
$data merge entity $(right_forearm) {transformation: [-0.5863f,-0.6266f,-1.0774f,-2.1838f,1.0196f,-0.9259f,-0.0164f,5.3824f,-0.7168f,-0.8045f,0.858f,0.4008f,0f,0f,0f,1f],start_interpolation: 0,interpolation_duration: 1}
$data merge entity $(right_shoulder) {transformation: [-0.9719f,1.0007f,-0.4514f,-0.7533f,0.9586f,0.4797f,-1.0004f,5.8063f,-0.5351f,-0.9583f,-0.9722f,-0.6283f,0f,0f,0f,1f],start_interpolation: 0,interpolation_duration: 1}
$data merge entity $(right_arm) {transformation: [-0.9382f,-0.0328f,0.3445f,-0.2308f,0.0132f,0.9914f,0.1305f,6.0871f,-0.3458f,0.127f,-0.9297f,-0.4044f,0f,0f,0f,1f],start_interpolation: 0,interpolation_duration: 1}
$data merge entity $(left_thumb_2) {transformation: [0.1161f,0.0015f,0.9932f,0.5372f,-0.9438f,-0.3114f,0.1108f,7.5548f,0.3095f,-0.9503f,-0.0347f,2.9074f,0f,0f,0f,1f],start_interpolation: 0,interpolation_duration: 1}
$data merge entity $(left_thumb) {transformation: [0.1161f,0.8609f,0.4953f,0.79f,-0.9438f,-0.0598f,0.3251f,7.6709f,0.3095f,-0.5052f,0.8056f,2.6876f,0f,0f,0f,1f],start_interpolation: 0,interpolation_duration: 1}
$data merge entity $(left_fingers2) {transformation: [0.1003f,-0.5754f,0.8117f,0.5019f,0.9924f,0.116f,-0.0404f,7.6971f,-0.0709f,0.8096f,0.5826f,3.2291f,0f,0f,0f,1f],start_interpolation: 0,interpolation_duration: 1}
$data merge entity $(left_fingers) {transformation: [0.5186f,0.2686f,0.8117f,0.5698f,-0.409f,0.9116f,-0.0404f,7.9681f,-0.7509f,-0.3111f,0.5826f,3.1659f,0f,0f,0f,1f],start_interpolation: 0,interpolation_duration: 1}
$data merge entity $(left_hand) {transformation: [-0.2224f,0.54f,0.8117f,0.9362f,-0.9438f,-0.328f,-0.0404f,7.7601f,0.2444f,-0.7751f,0.5826f,2.7168f,0f,0f,0f,1f],start_interpolation: 0,interpolation_duration: 1}
$data merge entity $(left_forearm) {transformation: [-1.2496f,0.5473f,0.1899f,1.7154f,-0.5691f,-1.0755f,-0.6454f,6.0934f,-0.1082f,-0.6641f,1.2019f,1.756f,0f,0f,0f,1f],start_interpolation: 0,interpolation_duration: 1}
$data merge entity $(left_shoulder) {transformation: [-0.8245f,-0.3085f,1.1725f,1.1354f,-1.187f,-0.0837f,-0.8567f,5.7797f,0.2472f,-1.431f,-0.2027f,0.0677f,0f,0f,0f,1f],start_interpolation: 0,interpolation_duration: 1}
$data merge entity $(left_arm) {transformation: [-0.9382f,-0.0328f,0.3445f,0.5997f,0.0132f,0.9914f,0.1305f,6.0754f,-0.3458f,0.127f,-0.9297f,-0.0984f,0f,0f,0f,1f],start_interpolation: 0,interpolation_duration: 1}
$data merge entity $(chest) {transformation: [-1.1996f,-0.042f,0.4404f,0.2557f,0.0169f,1.2675f,0.1668f,4.2954f,-0.4421f,0.1624f,-1.1886f,-0.5129f,0f,0f,0f,1f],start_interpolation: 0,interpolation_duration: 1}
$data merge entity $(left_cheek) {transformation: [-0.8585f,-0.2048f,0.4702f,0.8125f,-0.3174f,0.9323f,-0.1735f,3.434f,-0.4029f,-0.2982f,-0.8653f,-0.5954f,0f,0f,0f,1f],start_interpolation: 0,interpolation_duration: 1}
$data merge entity $(left_foot) {transformation: [-1.016f,0.0175f,-0.1123f,1.0748f,-0.0543f,0.8127f,0.618f,-3.3492f,0.0999f,0.6201f,-0.8067f,2.1923f,0f,0f,0f,1f],start_interpolation: 0,interpolation_duration: 1}
$data merge entity $(left_knee) {transformation: [-3.0366f,-0.1529f,0.087f,0.9539f,-0.1446f,3.0261f,0.2716f,0.8543f,-0.1002f,0.267f,-3.0283f,2.4408f,0f,0f,0f,1f],start_interpolation: 0,interpolation_duration: 1}
$data merge entity $(left_leg) {transformation: [-1.7147f,0.0107f,0.1047f,0.8967f,-0.0777f,1.0248f,-1.3767f,2.5331f,-0.0711f,-1.3788f,-1.0224f,0.2589f,0f,0f,0f,1f],start_interpolation: 0,interpolation_duration: 1}
$data merge entity $(right_cheek) {transformation: [-0.8221f,0.1267f,0.555f,0.2033f,0.065f,0.9894f,-0.1297f,3.3376f,-0.5656f,-0.0705f,-0.8217f,-0.9149f,0f,0f,0f,1f],start_interpolation: 0,interpolation_duration: 1}
$data merge entity $(right_foot) {transformation: [-0.5995f,-0.0032f,0.8282f,-0.7812f,0.0721f,1.0183f,0.0562f,-4.0847f,-0.825f,0.0914f,-0.5968f,-1.874f,0f,0f,0f,1f],start_interpolation: 0,interpolation_duration: 1}
$data merge entity $(right_knee) {transformation: [-1.9581f,-0.4708f,2.2795f,-1.3957f,0.6664f,2.7408f,1.1385f,-0.2256f,-2.2302f,1.2323f,-1.6613f,-0.3005f,0f,0f,0f,1f],start_interpolation: 0,interpolation_duration: 1}
$data merge entity $(right_leg) {transformation: [-1.1059f,0.6599f,1.137f,-0.3259f,0.3764f,1.5826f,-0.5524f,2.3103f,-1.2596f,-0.1065f,-1.1634f,-0.3846f,0f,0f,0f,1f],start_interpolation: 0,interpolation_duration: 1}
$data merge entity $(weist) {transformation: [-1.4173f,-0.0851f,0.7848f,0.2557f,-0.2583f,1.5741f,-0.2957f,4.0019f,-0.746f,-0.3833f,-1.3887f,-0.5535f,0f,0f,0f,1f],start_interpolation: 0,interpolation_duration: 1}
data modify storage animated_java:temp entry.data merge value {"locators":{"consume":{"px":-0.742345251,"py":6.959888214,"pz":2.1221048656,"ry":225.1263489157,"rx":-14.3148855472}}}
# Data Manager: Prepare for Read / Write
execute store result storage animated_java:temp args.id int 1 run scoreboard players get @s aj.id
# Data Manager: Write
function animated_java:global/data_manager/write with storage animated_java:temp args