# This file was generated by Animated Java via MC-Build. It is not recommended to edit this file directly.
$data merge entity $(neck) {transformation: [-0.9614f,-0.1919f,0.197f,0.1137f,-0.0648f,0.8543f,0.5157f,6.087f,-0.2673f,0.4831f,-0.8338f,-0.0049f,0f,0f,0f,1f],start_interpolation: 0,interpolation_duration: 1}
$data merge entity $(right_thumb_2) {transformation: [-0.2422f,-0.0722f,-0.9675f,-0.8786f,0.969f,-0.0685f,-0.2375f,6.1144f,-0.0491f,-0.995f,0.0865f,1.974f,0f,0f,0f,1f],start_interpolation: 0,interpolation_duration: 1}
$data merge entity $(right_thumb) {transformation: [-0.2422f,-0.874f,-0.4213f,-1.1897f,0.969f,-0.2399f,-0.0594f,6.1817f,-0.0491f,-0.4226f,0.905f,1.818f,0f,0f,0f,1f],start_interpolation: 0,interpolation_duration: 1}
$data merge entity $(right_fingers2) {transformation: [0.4171f,0.6439f,-0.6415f,-0.8332f,-0.8838f,0.1225f,-0.4516f,6.1832f,-0.2122f,0.7553f,0.6201f,2.3178f,0f,0f,0f,1f],start_interpolation: 0,interpolation_duration: 1}
$data merge entity $(right_fingers) {transformation: [0.4887f,-0.5914f,-0.6415f,-0.9927f,0.3826f,0.806f,-0.4516f,6.4204f,0.7841f,-0.0247f,0.6201f,2.3374f,0f,0f,0f,1f],start_interpolation: 0,interpolation_duration: 1}
$data merge entity $(scout) {transformation: [0f,0f,0f,-0.9883f,0f,0f,0f,6.2101f,0f,0f,0f,2.3607f,0f,0f,0f,1f],start_interpolation: 0,interpolation_duration: 1}
$data merge entity $(right_hand) {transformation: [-0.5465f,-0.5384f,-0.6415f,-1.349f,0.8363f,-0.3109f,-0.4516f,6.2053f,0.0437f,-0.7833f,0.6201f,1.8835f,0f,0f,0f,1f],start_interpolation: 0,interpolation_duration: 1}
$data merge entity $(right_forearm) {transformation: [-0.6555f,-0.5809f,-1.063f,-2.2351f,1.1031f,-0.7857f,-0.2509f,4.9671f,-0.5006f,-0.9708f,0.8391f,0.4729f,0f,0f,0f,1f],start_interpolation: 0,interpolation_duration: 1}
$data merge entity $(right_shoulder) {transformation: [-1.0394f,0.9821f,-0.3241f,-0.8178f,0.9703f,0.7671f,-0.7873f,5.7321f,-0.3578f,-0.7726f,-1.1937f,-0.3585f,0f,0f,0f,1f],start_interpolation: 0,interpolation_duration: 1}
$data merge entity $(right_arm) {transformation: [-0.9386f,-0.095f,0.3318f,-0.3133f,-0.0297f,0.9801f,0.1965f,6.0345f,-0.3438f,0.1745f,-0.9227f,-0.1219f,0f,0f,0f,1f],start_interpolation: 0,interpolation_duration: 1}
$data merge entity $(left_thumb_2) {transformation: [0.0942f,-0.1183f,0.9885f,0.4476f,-0.9879f,-0.1343f,0.078f,6.8164f,0.1235f,-0.9839f,-0.1296f,3.8194f,0f,0f,0f,1f],start_interpolation: 0,interpolation_duration: 1}
$data merge entity $(left_thumb) {transformation: [0.0942f,0.7969f,0.5967f,0.6816f,-0.9879f,0.0004f,0.1553f,6.9608f,0.1235f,-0.6041f,0.7873f,3.5956f,0f,0f,0f,1f],start_interpolation: 0,interpolation_duration: 1}
$data merge entity $(left_fingers2) {transformation: [0.149f,-0.4776f,0.8659f,0.4552f,0.9844f,-0.011f,-0.1754f,6.8993f,0.0933f,0.8785f,0.4685f,4.1629f,0f,0f,0f,1f],start_interpolation: 0,interpolation_duration: 1}
$data merge entity $(left_fingers) {transformation: [0.4107f,0.2857f,0.8659f,0.5314f,-0.2856f,0.9422f,-0.1754f,7.1746f,-0.8659f,-0.1752f,0.4685f,4.1408f,0f,0f,0f,1f],start_interpolation: 0,interpolation_duration: 1}
$data merge entity $(left_hand) {transformation: [-0.2488f,0.434f,0.8659f,0.835f,-0.9635f,-0.2024f,-0.1754f,7.0377f,0.0991f,-0.8779f,0.4685f,3.6228f,0f,0f,0f,1f],start_interpolation: 0,interpolation_duration: 1}
$data merge entity $(left_forearm) {transformation: [-1.2113f,0.5404f,0.3713f,1.612f,-0.6226f,-0.7038f,-1.007f,5.9153f,-0.2054f,-1.0534f,0.8632f,2.0593f,0f,0f,0f,1f],start_interpolation: 0,interpolation_duration: 1}
$data merge entity $(left_shoulder) {transformation: [-0.7535f,-0.2865f,1.2248f,1.0714f,-1.2556f,0.0866f,-0.7522f,5.792f,0.0746f,-1.4354f,-0.2899f,0.3336f,0f,0f,0f,1f],start_interpolation: 0,interpolation_duration: 1}
$data merge entity $(left_arm) {transformation: [-0.9386f,-0.095f,0.3318f,0.5174f,-0.0297f,0.9801f,0.1965f,6.0608f,-0.3438f,0.1745f,-0.9227f,0.1825f,0f,0f,0f,1f],start_interpolation: 0,interpolation_duration: 1}
$data merge entity $(chest) {transformation: [-1.2f,-0.1215f,0.4242f,0.2852f,-0.038f,1.253f,0.2512f,4.2844f,-0.4396f,0.2232f,-1.1797f,-0.3169f,0f,0f,0f,1f],start_interpolation: 0,interpolation_duration: 1}
$data merge entity $(left_cheek) {transformation: [-0.8415f,-0.2439f,0.482f,0.855f,-0.3613f,0.9175f,-0.1665f,3.4486f,-0.4016f,-0.3143f,-0.8602f,-0.3534f,0f,0f,0f,1f],start_interpolation: 0,interpolation_duration: 1}
$data merge entity $(left_foot) {transformation: [-1.0203f,-0.0064f,-0.0641f,1.0509f,-0.0267f,0.9679f,0.3281f,-3.5267f,0.0587f,0.3291f,-0.9662f,3.5073f,0f,0f,0f,1f],start_interpolation: 0,interpolation_duration: 1}
$data merge entity $(left_knee) {transformation: [-3.0287f,-0.136f,0.2463f,0.9598f,-0.19f,2.9525f,-0.7063f,0.5362f,-0.2075f,-0.7187f,-2.9483f,2.398f,0f,0f,0f,1f],start_interpolation: 0,interpolation_duration: 1}
$data merge entity $(left_leg) {transformation: [-1.71f,0.0171f,0.1643f,0.9112f,-0.1008f,1.2453f,-1.1791f,2.5616f,-0.1308f,-1.1833f,-1.2386f,0.5331f,0f,0f,0f,1f],start_interpolation: 0,interpolation_duration: 1}
$data merge entity $(right_cheek) {transformation: [-0.8289f,0.1324f,0.5436f,0.211f,0.0632f,0.9875f,-0.1441f,3.273f,-0.5559f,-0.0851f,-0.8269f,-0.7339f,0f,0f,0f,1f],start_interpolation: 0,interpolation_duration: 1}
$data merge entity $(right_foot) {transformation: [-0.5242f,-0.469f,0.7419f,-0.2525f,0.1123f,0.8212f,0.5985f,-2.7314f,-0.8705f,0.3884f,-0.3696f,-2.499f,0f,0f,0f,1f],start_interpolation: 0,interpolation_duration: 1}
$data merge entity $(right_knee) {transformation: [-1.9147f,-1.2084f,2.0313f,-1.8968f,0.9992f,1.9552f,2.105f,0.0894f,-2.1419f,1.9923f,-0.8338f,0.1628f,0f,0f,0f,1f],start_interpolation: 0,interpolation_duration: 1}
$data merge entity $(right_leg) {transformation: [-1.0814f,0.9947f,0.8902f,-0.2843f,0.5644f,1.379f,-0.8552f,2.3001f,-1.2097f,-0.2459f,-1.1948f,-0.1457f,0f,0f,0f,1f],start_interpolation: 0,interpolation_duration: 1}
$data merge entity $(weist) {transformation: [-1.3859f,-0.0875f,0.8388f,0.2852f,-0.3032f,1.5574f,-0.3384f,3.991f,-0.787f,-0.4458f,-1.3468f,-0.3575f,0f,0f,0f,1f],start_interpolation: 0,interpolation_duration: 1}
data modify storage animated_java:temp entry.data merge value {"locators":{"consume":{"px":-0.8514957597,"py":6.2349919565,"pz":2.4582361392,"ry":225.968461783,"rx":-26.8465686072}}}
# Data Manager: Prepare for Read / Write
execute store result storage animated_java:temp args.id int 1 run scoreboard players get @s aj.id
# Data Manager: Write
function animated_java:global/data_manager/write with storage animated_java:temp args