# This file was generated by Animated Java via MC-Build. It is not recommended to edit this file directly.
$data merge entity $(neck) {transformation: [-0.9621f,-0.1876f,0.198f,0.1772f,-0.0721f,0.875f,0.4787f,6.1078f,-0.2631f,0.4463f,-0.8553f,-0.0927f,0f,0f,0f,1f],start_interpolation: 0,interpolation_duration: 1}
$data merge entity $(right_thumb_2) {transformation: [-0.2196f,-0.0978f,-0.9707f,-0.8348f,0.9753f,-0.0449f,-0.2161f,6.1208f,-0.0224f,-0.9942f,0.1053f,1.8003f,0f,0f,0f,1f],start_interpolation: 0,interpolation_duration: 1}
$data merge entity $(right_thumb) {transformation: [-0.2196f,-0.8895f,-0.4006f,-1.1478f,0.9753f,-0.2096f,-0.0692f,6.199f,-0.0224f,-0.4059f,0.9136f,1.6535f,0f,0f,0f,1f],start_interpolation: 0,interpolation_duration: 1}
$data merge entity $(right_fingers2) {transformation: [0.3901f,0.6647f,-0.6372f,-0.7795f,-0.8886f,0.0905f,-0.4496f,6.181f,-0.2412f,0.7416f,0.626f,2.1442f,0f,0f,0f,1f],start_interpolation: 0,interpolation_duration: 1}
$data merge entity $(right_fingers) {transformation: [0.5167f,-0.5719f,-0.6372f,-0.9326f,0.3535f,0.8203f,-0.4496f,6.4214f,0.7798f,0.0071f,0.626f,2.1728f,0f,0f,0f,1f],start_interpolation: 0,interpolation_duration: 1}
$data merge entity $(scout) {transformation: [0f,0f,0f,-0.9328f,0f,0f,0f,6.2106f,0f,0f,0f,2.1915f,0f,0f,0f,1f],start_interpolation: 0,interpolation_duration: 1}
$data merge entity $(right_hand) {transformation: [-0.5247f,-0.5645f,-0.6372f,-1.3048f,0.848f,-0.2807f,-0.4496f,6.2249f,0.075f,-0.7762f,0.626f,1.7234f,0f,0f,0f,1f],start_interpolation: 0,interpolation_duration: 1}
$data merge entity $(right_forearm) {transformation: [-0.6209f,-0.6034f,-1.0713f,-2.2267f,1.1091f,-0.7927f,-0.1963f,4.9778f,-0.5305f,-0.9512f,0.8432f,0.3437f,0f,0f,0f,1f],start_interpolation: 0,interpolation_duration: 1}
$data merge entity $(right_shoulder) {transformation: [-1.0127f,1.0269f,-0.2644f,-0.7621f,0.9783f,0.7637f,-0.7808f,5.7369f,-0.4091f,-0.7157f,-1.2126f,-0.4074f,0f,0f,0f,1f],start_interpolation: 0,interpolation_duration: 1}
$data merge entity $(right_arm) {transformation: [-0.9381f,-0.0709f,0.3389f,-0.2507f,-0.0468f,0.9958f,0.0786f,6.0524f,-0.3431f,0.0579f,-0.9375f,-0.205f,0f,0f,0f,1f],start_interpolation: 0,interpolation_duration: 1}
$data merge entity $(left_thumb_2) {transformation: [0.0607f,-0.2185f,0.9739f,0.5945f,-0.9857f,-0.167f,0.024f,6.8354f,0.1574f,-0.9614f,-0.2256f,3.9496f,0f,0f,0f,1f],start_interpolation: 0,interpolation_duration: 1}
$data merge entity $(left_thumb) {transformation: [0.0607f,0.7342f,0.6762f,0.8121f,-0.9857f,-0.0628f,0.1566f,6.9591f,0.1574f,-0.676f,0.7198f,3.6986f,0f,0f,0f,1f],start_interpolation: 0,interpolation_duration: 1}
$data merge entity $(left_fingers2) {transformation: [0.2018f,-0.3907f,0.8981f,0.639f,0.9788f,0.0473f,-0.1993f,6.9314f,0.0353f,0.9193f,0.392f,4.2869f,0f,0f,0f,1f],start_interpolation: 0,interpolation_duration: 1}
$data merge entity $(left_fingers) {transformation: [0.3119f,0.3099f,0.8981f,0.7251f,-0.3395f,0.9193f,-0.1993f,7.2014f,-0.8874f,-0.2427f,0.392f,4.2456f,0f,0f,0f,1f],start_interpolation: 0,interpolation_duration: 1}
$data merge entity $(left_hand) {transformation: [-0.2816f,0.3378f,0.8981f,0.9708f,-0.9453f,-0.2581f,-0.1993f,7.0294f,0.1645f,-0.9052f,0.392f,3.7078f,0f,0f,0f,1f],start_interpolation: 0,interpolation_duration: 1}
$data merge entity $(left_forearm) {transformation: [-1.2242f,0.4716f,0.4195f,1.6453f,-0.6036f,-0.6069f,-1.0791f,6.051f,-0.1846f,-1.143f,0.7461f,2.006f,0f,0f,0f,1f],start_interpolation: 0,interpolation_duration: 1}
$data merge entity $(left_shoulder) {transformation: [-0.7873f,-0.2636f,1.2085f,1.1264f,-1.2287f,0.0016f,-0.8001f,5.8311f,0.1425f,-1.4423f,-0.2217f,0.2833f,0f,0f,0f,1f],start_interpolation: 0,interpolation_duration: 1}
$data merge entity $(left_arm) {transformation: [-0.9381f,-0.0709f,0.3389f,0.5797f,-0.0468f,0.9958f,0.0786f,6.0938f,-0.3431f,0.0579f,-0.9375f,0.0986f,0f,0f,0f,1f],start_interpolation: 0,interpolation_duration: 1}
$data merge entity $(chest) {transformation: [-1.1994f,-0.0906f,0.4333f,0.3042f,-0.0598f,1.2732f,0.1005f,4.2774f,-0.4386f,0.074f,-1.1987f,-0.1902f,0f,0f,0f,1f],start_interpolation: 0,interpolation_duration: 1}
$data merge entity $(left_cheek) {transformation: [-0.811f,-0.285f,0.5109f,0.8895f,-0.4143f,0.8964f,-0.1577f,3.4518f,-0.413f,-0.3396f,-0.8451f,-0.1879f,0f,0f,0f,1f],start_interpolation: 0,interpolation_duration: 1}
$data merge entity $(left_foot) {transformation: [-1.0221f,-0.0177f,-0.0175f,0.9546f,-0.0204f,1.0084f,0.1672f,-3.3308f,0.0143f,0.1675f,-1.0085f,4.2754f,0f,0f,0f,1f],start_interpolation: 0,interpolation_duration: 1}
$data merge entity $(left_knee) {transformation: [-3.0164f,-0.0898f,0.381f,0.9324f,-0.2315f,2.7968f,-1.1733f,0.4986f,-0.3157f,-1.1926f,-2.7803f,2.5201f,0f,0f,0f,1f],start_interpolation: 0,interpolation_duration: 1}
$data merge entity $(left_leg) {transformation: [-1.7028f,0.0338f,0.2256f,0.9091f,-0.1237f,1.2905f,-1.1272f,2.594f,-0.1916f,-1.1335f,-1.2767f,0.7337f,0f,0f,0f,1f],start_interpolation: 0,interpolation_duration: 1}
$data merge entity $(right_cheek) {transformation: [-0.8129f,0.1153f,0.5709f,0.2429f,0.0631f,0.9919f,-0.1104f,3.2814f,-0.5789f,-0.0538f,-0.8136f,-0.5891f,0f,0f,0f,1f],start_interpolation: 0,interpolation_duration: 1}
$data merge entity $(right_foot) {transformation: [-0.4913f,-0.3249f,0.8357f,-0.0249f,0.0911f,0.9299f,0.415f,-2.7968f,-0.892f,0.2739f,-0.4179f,-2.6899f,0f,0f,0f,1f],start_interpolation: 0,interpolation_duration: 1}
$data merge entity $(right_knee) {transformation: [-1.8538f,-1.2441f,2.0659f,-1.7155f,1.0739f,1.9072f,2.1122f,-0.04f,-2.1593f,2.0167f,-0.723f,0.0096f,0f,0f,0f,1f],start_interpolation: 0,interpolation_duration: 1}
$data merge entity $(right_leg) {transformation: [-1.047f,0.9018f,1.0208f,-0.2571f,0.6066f,1.4615f,-0.669f,2.2957f,-1.2195f,-0.0473f,-1.2091f,0.02f,0f,0f,0f,1f],start_interpolation: 0,interpolation_duration: 1}
$data merge entity $(weist) {transformation: [-1.352f,-0.085f,0.8927f,0.3042f,-0.3458f,1.5395f,-0.3772f,3.9839f,-0.8274f,-0.5046f,-1.3011f,-0.2309f,0f,0f,0f,1f],start_interpolation: 0,interpolation_duration: 1}
data modify storage animated_java:temp entry.data merge value {"locators":{"consume":{"px":-0.7930624249,"py":6.2300514871,"pz":2.286170418,"ry":225.5065705501,"rx":-26.7208038821}}}
# Data Manager: Prepare for Read / Write
execute store result storage animated_java:temp args.id int 1 run scoreboard players get @s aj.id
# Data Manager: Write
function animated_java:global/data_manager/write with storage animated_java:temp args