# This file was generated by Animated Java via MC-Build. It is not recommended to edit this file directly.
$data merge entity $(neck) {transformation: [-0.9629f,-0.1716f,0.2085f,0.2459f,-0.0712f,0.9061f,0.4171f,6.1067f,-0.2605f,0.3867f,-0.8846f,-0.2536f,0f,0f,0f,1f],start_interpolation: 0,interpolation_duration: 1}
$data merge entity $(right_thumb_2) {transformation: [-0.1887f,-0.1091f,-0.976f,-0.7862f,0.9803f,-0.0791f,-0.1807f,6.2301f,-0.0575f,-0.9909f,0.1219f,1.5677f,0f,0f,0f,1f],start_interpolation: 0,interpolation_duration: 1}
$data merge entity $(right_thumb) {transformation: [-0.1887f,-0.8998f,-0.3935f,-1.0981f,0.9803f,-0.1961f,-0.0219f,6.3127f,-0.0575f,-0.3899f,0.9191f,1.4208f,0f,0f,0f,1f],start_interpolation: 0,interpolation_duration: 1}
$data merge entity $(right_fingers2) {transformation: [0.3593f,0.6746f,-0.6448f,-0.7256f,-0.9091f,0.0969f,-0.4051f,6.3013f,-0.2108f,0.7318f,0.6482f,1.9086f,0f,0f,0f,1f],start_interpolation: 0,interpolation_duration: 1}
$data merge entity $(right_fingers) {transformation: [0.5354f,-0.5455f,-0.6448f,-0.8706f,0.3658f,0.8379f,-0.4051f,6.5474f,0.7613f,-0.019f,0.6482f,1.9294f,0f,0f,0f,1f],start_interpolation: 0,interpolation_duration: 1}
$data merge entity $(scout) {transformation: [0f,0f,0f,-0.8774f,0f,0f,0f,6.3376f,0f,0f,0f,1.956f,0f,0f,0f,1f],start_interpolation: 0,interpolation_duration: 1}
$data merge entity $(right_hand) {transformation: [-0.4968f,-0.5809f,-0.6448f,-1.2534f,0.8666f,-0.2914f,-0.4051f,6.3462f,0.0474f,-0.76f,0.6482f,1.491f,0f,0f,0f,1f],start_interpolation: 0,interpolation_duration: 1}
$data merge entity $(right_forearm) {transformation: [-0.5774f,-0.6265f,-1.0822f,-2.2124f,1.09f,-0.8365f,-0.0973f,5.0377f,-0.613f,-0.8972f,0.8465f,0.1962f,0f,0f,0f,1f],start_interpolation: 0,interpolation_duration: 1}
$data merge entity $(right_shoulder) {transformation: [-0.9763f,1.0698f,-0.2283f,-0.7039f,0.9721f,0.7081f,-0.8387f,5.7321f,-0.5017f,-0.7098f,-1.1808f,-0.5301f,0f,0f,0f,1f],start_interpolation: 0,interpolation_duration: 1}
$data merge entity $(right_arm) {transformation: [-0.9378f,-0.038f,0.3452f,-0.1831f,-0.0563f,0.9975f,-0.043f,6.0524f,-0.3427f,-0.0597f,-0.9376f,-0.3621f,0f,0f,0f,1f],start_interpolation: 0,interpolation_duration: 1}
$data merge entity $(left_thumb_2) {transformation: [0.0354f,-0.2634f,0.964f,0.7045f,-0.971f,-0.2373f,-0.0292f,7.0896f,0.2365f,-0.935f,-0.2642f,3.82f,0f,0f,0f,1f],start_interpolation: 0,interpolation_duration: 1}
$data merge entity $(left_thumb) {transformation: [0.0354f,0.7032f,0.7102f,0.9154f,-0.971f,-0.144f,0.1909f,7.1846f,0.2365f,-0.6963f,0.6777f,3.5514f,0f,0f,0f,1f],start_interpolation: 0,interpolation_duration: 1}
$data merge entity $(left_fingers2) {transformation: [0.2345f,-0.3506f,0.9067f,0.7659f,0.9706f,0.1363f,-0.1983f,7.2113f,-0.0541f,0.9266f,0.3722f,4.1462f,0f,0f,0f,1f],start_interpolation: 0,interpolation_duration: 1}
$data merge entity $(left_fingers) {transformation: [0.2638f,0.3291f,0.9067f,0.8589f,-0.4219f,0.8847f,-0.1983f,7.4738f,-0.8674f,-0.3302f,0.3722f,4.0793f,0f,0f,0f,1f],start_interpolation: 0,interpolation_duration: 1}
$data merge entity $(left_hand) {transformation: [-0.3048f,0.2915f,0.9067f,1.0765f,-0.9181f,-0.3432f,-0.1983f,7.2497f,0.2533f,-0.8929f,0.3722f,3.5486f,0f,0f,0f,1f],start_interpolation: 0,interpolation_duration: 1}
$data merge entity $(left_forearm) {transformation: [-1.2415f,0.4332f,0.41f,1.6923f,-0.5791f,-0.6483f,-1.0684f,6.2104f,-0.1431f,-1.1354f,0.7665f,1.8607f,0f,0f,0f,1f],start_interpolation: 0,interpolation_duration: 1}
$data merge entity $(left_shoulder) {transformation: [-0.8287f,-0.2487f,1.1837f,1.1839f,-1.184f,-0.1263f,-0.8555f,5.8453f,0.2471f,-1.4395f,-0.1295f,0.1597f,0f,0f,0f,1f],start_interpolation: 0,interpolation_duration: 1}
$data merge entity $(left_arm) {transformation: [-0.9378f,-0.038f,0.3452f,0.6469f,-0.0563f,0.9975f,-0.043f,6.1022f,-0.3427f,-0.0597f,-0.9376f,-0.0588f,0f,0f,0f,1f],start_interpolation: 0,interpolation_duration: 1}
$data merge entity $(chest) {transformation: [-1.199f,-0.0486f,0.4413f,0.3125f,-0.0719f,1.2753f,-0.055f,4.2743f,-0.4381f,-0.0764f,-1.1987f,-0.135f,0f,0f,0f,1f],start_interpolation: 0,interpolation_duration: 1}
$data merge entity $(left_cheek) {transformation: [-0.7887f,-0.3107f,0.5306f,0.9085f,-0.4493f,0.8803f,-0.1524f,3.4451f,-0.4197f,-0.3585f,-0.8338f,-0.103f,0f,0f,0f,1f],start_interpolation: 0,interpolation_duration: 1}
$data merge entity $(left_foot) {transformation: [-1.022f,-0.0229f,0.013f,0.8633f,-0.0215f,1.0173f,0.0991f,-3.1652f,-0.0152f,0.0988f,-1.0175f,4.6497f,0f,0f,0f,1f],start_interpolation: 0,interpolation_duration: 1}
$data merge entity $(left_knee) {transformation: [-3.0055f,-0.054f,0.4651f,0.8939f,-0.2586f,2.7102f,-1.3566f,0.5376f,-0.3903f,-1.38f,-2.6825f,2.6413f,0f,0f,0f,1f],start_interpolation: 0,interpolation_duration: 1}
$data merge entity $(left_leg) {transformation: [-1.6963f,0.0525f,0.2669f,0.8995f,-0.1391f,1.2812f,-1.136f,2.6177f,-0.2338f,-1.1433f,-1.2608f,0.8369f,0f,0f,0f,1f],start_interpolation: 0,interpolation_duration: 1}
$data merge entity $(right_cheek) {transformation: [-0.7964f,0.0989f,0.5966f,0.2775f,0.0635f,0.9948f,-0.0801f,3.3156f,-0.6014f,-0.0259f,-0.7985f,-0.5174f,0f,0f,0f,1f],start_interpolation: 0,interpolation_duration: 1}
$data merge entity $(right_foot) {transformation: [-0.5028f,-0.0981f,0.8847f,0.0372f,0.06f,1.0101f,0.1462f,-3.085f,-0.8881f,0.1238f,-0.491f,-2.8716f,0f,0f,0f,1f],start_interpolation: 0,interpolation_duration: 1}
$data merge entity $(right_knee) {transformation: [-1.8488f,-1.0966f,2.1521f,-1.4456f,1.0995f,2.031f,1.9795f,-0.1616f,-2.1506f,1.9811f,-0.8381f,-0.2258f,0f,0f,0f,1f],start_interpolation: 0,interpolation_duration: 1}
$data merge entity $(right_leg) {transformation: [-1.0442f,0.7429f,1.1441f,-0.2455f,0.621f,1.5418f,-0.4344f,2.2953f,-1.2146f,0.1495f,-1.2057f,0.0997f,0f,0f,0f,1f],start_interpolation: 0,interpolation_duration: 1}
$data merge entity $(weist) {transformation: [-1.3274f,-0.0805f,0.9293f,0.3125f,-0.3737f,1.5268f,-0.4016f,3.9809f,-0.8546f,-0.5426f,-1.2677f,-0.1757f,0f,0f,0f,1f],start_interpolation: 0,interpolation_duration: 1}
data modify storage animated_java:temp entry.data merge value {"locators":{"consume":{"px":-0.7361720976,"py":6.3561057506,"pz":2.0486556522,"ry":224.8526814943,"rx":-23.896968925}}}
# Data Manager: Prepare for Read / Write
execute store result storage animated_java:temp args.id int 1 run scoreboard players get @s aj.id
# Data Manager: Write
function animated_java:global/data_manager/write with storage animated_java:temp args