# This file was generated by Animated Java via MC-Build. It is not recommended to edit this file directly.
$data merge entity $(neck) {transformation: [-0.9628f,-0.1737f,0.2069f,0.2509f,-0.0732f,0.905f,0.419f,6.1047f,-0.26f,0.3883f,-0.8841f,-0.3091f,0f,0f,0f,1f],start_interpolation: 0,interpolation_duration: 1}
$data merge entity $(right_thumb_2) {transformation: [-0.1874f,-0.1162f,-0.9754f,-0.7848f,0.9787f,-0.1067f,-0.1754f,6.2956f,-0.0837f,-0.9875f,0.1337f,1.461f,0f,0f,0f,1f],start_interpolation: 0,interpolation_duration: 1}
$data merge entity $(right_thumb) {transformation: [-0.1874f,-0.9028f,-0.3871f,-1.0975f,0.9787f,-0.2052f,0.0047f,6.3746f,-0.0837f,-0.3779f,0.922f,1.314f,0f,0f,0f,1f],start_interpolation: 0,interpolation_duration: 1}
$data merge entity $(right_fingers2) {transformation: [0.3562f,0.6799f,-0.641f,-0.7217f,-0.9154f,0.1161f,-0.3855f,6.3763f,-0.1877f,0.724f,0.6638f,1.7993f,0f,0f,0f,1f],start_interpolation: 0,interpolation_duration: 1}
$data merge entity $(right_fingers) {transformation: [0.5413f,-0.5442f,-0.641f,-0.8662f,0.386f,0.8381f,-0.3855f,6.6231f,0.747f,-0.0387f,0.6638f,1.8142f,0f,0f,0f,1f],start_interpolation: 0,interpolation_duration: 1}
$data merge entity $(scout) {transformation: [0f,0f,0f,-0.8731f,0f,0f,0f,6.4141f,0f,0f,0f,1.8468f,0f,0f,0f,1f],start_interpolation: 0,interpolation_duration: 1}
$data merge entity $(right_hand) {transformation: [-0.4949f,-0.5867f,-0.641f,-1.2524f,0.8685f,-0.3115f,-0.3855f,6.4104f,0.0265f,-0.7475f,0.6638f,1.3843f,0f,0f,0f,1f],start_interpolation: 0,interpolation_duration: 1}
$data merge entity $(right_forearm) {transformation: [-0.5737f,-0.6295f,-1.0824f,-2.216f,1.0641f,-0.8727f,-0.0564f,5.0499f,-0.66f,-0.8598f,0.8499f,0.1479f,0f,0f,0f,1f],start_interpolation: 0,interpolation_duration: 1}
$data merge entity $(right_shoulder) {transformation: [-0.9736f,1.0771f,-0.2045f,-0.7f,0.9478f,0.6895f,-0.881f,5.7278f,-0.551f,-0.7172f,-1.154f,-0.5784f,0f,0f,0f,1f],start_interpolation: 0,interpolation_duration: 1}
$data merge entity $(right_arm) {transformation: [-0.9376f,-0.0341f,0.3461f,-0.1782f,-0.0602f,0.9961f,-0.065f,6.0497f,-0.3425f,-0.0817f,-0.936f,-0.4168f,0f,0f,0f,1f],start_interpolation: 0,interpolation_duration: 1}
$data merge entity $(left_thumb_2) {transformation: [0.0284f,-0.2515f,0.9674f,0.6993f,-0.9631f,-0.2661f,-0.0409f,7.2305f,0.2677f,-0.9306f,-0.2498f,3.7044f,0f,0f,0f,1f],start_interpolation: 0,interpolation_duration: 1}
$data merge entity $(left_thumb) {transformation: [0.0284f,0.7121f,0.7015f,0.9142f,-0.9631f,-0.1684f,0.21f,7.3162f,0.2677f,-0.6816f,0.681f,3.4358f,0f,0f,0f,1f],start_interpolation: 0,interpolation_duration: 1}
$data merge entity $(left_fingers2) {transformation: [0.2389f,-0.3627f,0.9008f,0.7567f,0.9676f,0.167f,-0.1894f,7.3623f,-0.0817f,0.9168f,0.3908f,4.0274f,0f,0f,0f,1f],start_interpolation: 0,interpolation_duration: 1}
$data merge entity $(left_fingers) {transformation: [0.2741f,0.3369f,0.9008f,0.8516f,-0.4502f,0.8726f,-0.1894f,7.6223f,-0.8498f,-0.3536f,0.3908f,3.9534f,0f,0f,0f,1f],start_interpolation: 0,interpolation_duration: 1}
$data merge entity $(left_hand) {transformation: [-0.3118f,0.3024f,0.9008f,1.0756f,-0.9085f,-0.3724f,-0.1894f,7.3806f,0.2782f,-0.8774f,0.3908f,3.4332f,0f,0f,0f,1f],start_interpolation: 0,interpolation_duration: 1}
$data merge entity $(left_forearm) {transformation: [-1.244f,0.4382f,0.397f,1.6982f,-0.5777f,-0.7033f,-1.0338f,6.2598f,-0.1261f,-1.1002f,0.819f,1.8008f,0f,0f,0f,1f],start_interpolation: 0,interpolation_duration: 1}
$data merge entity $(left_shoulder) {transformation: [-0.8335f,-0.25f,1.1801f,1.1874f,-1.1731f,-0.1659f,-0.8638f,5.8489f,0.2808f,-1.4352f,-0.1057f,0.111f,0f,0f,0f,1f],start_interpolation: 0,interpolation_duration: 1}
$data merge entity $(left_arm) {transformation: [-0.9376f,-0.0341f,0.3461f,0.6517f,-0.0602f,0.9961f,-0.065f,6.103f,-0.3425f,-0.0817f,-0.936f,-0.1137f,0f,0f,0f,1f],start_interpolation: 0,interpolation_duration: 1}
$data merge entity $(chest) {transformation: [-1.1988f,-0.0435f,0.4425f,0.3102f,-0.0769f,1.2735f,-0.0831f,4.2752f,-0.4379f,-0.1045f,-1.1967f,-0.15f,0f,0f,0f,1f],start_interpolation: 0,interpolation_duration: 1}
$data merge entity $(left_cheek) {transformation: [-0.7825f,-0.3199f,0.5343f,0.9138f,-0.4642f,0.8715f,-0.158f,3.4143f,-0.4151f,-0.3716f,-0.8304f,-0.0899f,0f,0f,0f,1f],start_interpolation: 0,interpolation_duration: 1}
$data merge entity $(left_foot) {transformation: [-1.0216f,-0.0376f,0.0155f,0.8401f,-0.0344f,1.0061f,0.1784f,-3.116f,-0.0218f,0.1778f,-1.0066f,4.5503f,0f,0f,0f,1f],start_interpolation: 0,interpolation_duration: 1}
$data merge entity $(left_knee) {transformation: [-3f,-0.087f,0.4944f,0.8261f,-0.2687f,2.8087f,-1.1364f,0.7325f,-0.424f,-1.1645f,-2.7778f,2.8372f,0f,0f,0f,1f],start_interpolation: 0,interpolation_duration: 1}
$data merge entity $(left_leg) {transformation: [-1.6929f,0.0878f,0.279f,0.8881f,-0.1461f,1.1658f,-1.2534f,2.6307f,-0.2534f,-1.2589f,-1.1413f,0.8433f,0f,0f,0f,1f],start_interpolation: 0,interpolation_duration: 1}
$data merge entity $(right_cheek) {transformation: [-0.7879f,0.1007f,0.6076f,0.2744f,0.0591f,0.9944f,-0.0881f,3.3042f,-0.613f,-0.0335f,-0.7894f,-0.5234f,0f,0f,0f,1f],start_interpolation: 0,interpolation_duration: 1}
$data merge entity $(right_foot) {transformation: [-0.5418f,-0.0817f,0.8631f,-0.1103f,0.0401f,1.0144f,0.1212f,-3.1827f,-0.8661f,0.0981f,-0.5344f,-2.8794f,0f,0f,0f,1f],start_interpolation: 0,interpolation_duration: 1}
$data merge entity $(right_knee) {transformation: [-1.9287f,-0.9623f,2.1462f,-1.4098f,1.0917f,2.0922f,1.9192f,-0.1772f,-2.0834f,1.9872f,-0.9812f,-0.2291f,0f,0f,0f,1f],start_interpolation: 0,interpolation_duration: 1}
$data merge entity $(right_leg) {transformation: [-1.0893f,0.7181f,1.1176f,-0.2468f,0.6166f,1.5535f,-0.3972f,2.2976f,-1.1767f,0.1492f,-1.2428f,0.0953f,0f,0f,0f,1f],start_interpolation: 0,interpolation_duration: 1}
$data merge entity $(weist) {transformation: [-1.3157f,-0.0776f,0.946f,0.3102f,-0.3862f,1.5208f,-0.4122f,3.9817f,-0.8671f,-0.5595f,-1.2518f,-0.1907f,0f,0f,0f,1f],start_interpolation: 0,interpolation_duration: 1}
data modify storage animated_java:temp entry.data merge value {"locators":{"consume":{"px":-0.7311796931,"py":6.4349800375,"pz":1.937863175,"ry":223.9989838366,"rx":-22.6751487941}}}
# Data Manager: Prepare for Read / Write
execute store result storage animated_java:temp args.id int 1 run scoreboard players get @s aj.id
# Data Manager: Write
function animated_java:global/data_manager/write with storage animated_java:temp args