# This file was generated by Animated Java via MC-Build. It is not recommended to edit this file directly.
$data merge entity $(neck) {transformation: [-0.9627f,-0.1761f,0.2054f,0.2436f,-0.0758f,0.9043f,0.4201f,6.1057f,-0.2598f,0.3888f,-0.8839f,-0.3627f,0f,0f,0f,1f],start_interpolation: 0,interpolation_duration: 1}
$data merge entity $(right_thumb_2) {transformation: [-0.1899f,-0.1194f,-0.9745f,-0.7915f,0.9706f,-0.1724f,-0.168f,6.4307f,-0.1479f,-0.9778f,0.1487f,1.3529f,0f,0f,0f,1f],start_interpolation: 0,interpolation_duration: 1}
$data merge entity $(right_thumb) {transformation: [-0.1899f,-0.9037f,-0.3838f,-1.105f,0.9706f,-0.2317f,0.0653f,6.4991f,-0.1479f,-0.3601f,0.9211f,1.2021f,0f,0f,0f,1f],start_interpolation: 0,interpolation_duration: 1}
$data merge entity $(right_fingers2) {transformation: [0.3576f,0.6822f,-0.6378f,-0.7274f,-0.9251f,0.1654f,-0.3417f,6.5338f,-0.1276f,0.7122f,0.6903f,1.6849f,0f,0f,0f,1f],start_interpolation: 0,interpolation_duration: 1}
$data merge entity $(right_fingers) {transformation: [0.5431f,-0.5462f,-0.6378f,-0.8724f,0.436f,0.8326f,-0.3417f,6.7808f,0.7176f,-0.0924f,0.6903f,1.6838f,0f,0f,0f,1f],start_interpolation: 0,interpolation_duration: 1}
$data merge entity $(scout) {transformation: [0f,0f,0f,-0.8788f,0f,0f,0f,6.5744f,0f,0f,0f,1.7303f,0f,0f,0f,1f],start_interpolation: 0,interpolation_duration: 1}
$data merge entity $(right_hand) {transformation: [-0.4968f,-0.5886f,-0.6378f,-1.2597f,0.8674f,-0.3617f,-0.3417f,6.5392f,-0.0295f,-0.7229f,0.6903f,1.2705f,0f,0f,0f,1f],start_interpolation: 0,interpolation_duration: 1}
$data merge entity $(right_forearm) {transformation: [-0.5763f,-0.6291f,-1.0813f,-2.2224f,1.0131f,-0.9332f,0.0029f,5.0919f,-0.7339f,-0.7941f,0.8532f,0.1362f,0f,0f,0f,1f],start_interpolation: 0,interpolation_duration: 1}
$data merge entity $(right_shoulder) {transformation: [-0.9761f,1.0765f,-0.1955f,-0.7069f,0.9024f,0.644f,-0.9595f,5.7261f,-0.6186f,-0.7591f,-1.0913f,-0.6295f,0f,0f,0f,1f],start_interpolation: 0,interpolation_duration: 1}
$data merge entity $(right_arm) {transformation: [-0.9374f,-0.0348f,0.3464f,-0.1854f,-0.0634f,0.9954f,-0.0716f,6.0496f,-0.3423f,-0.0891f,-0.9353f,-0.4702f,0f,0f,0f,1f],start_interpolation: 0,interpolation_duration: 1}
$data merge entity $(left_thumb_2) {transformation: [0.0239f,-0.2195f,0.9753f,0.6663f,-0.9535f,-0.2982f,-0.0438f,7.4024f,0.3005f,-0.9289f,-0.2164f,3.5339f,0f,0f,0f,1f],start_interpolation: 0,interpolation_duration: 1}
$data merge entity $(left_thumb) {transformation: [0.0239f,0.7349f,0.6778f,0.8896f,-0.9535f,-0.187f,0.2364f,7.4802f,0.3005f,-0.6519f,0.6962f,3.2698f,0f,0f,0f,1f],start_interpolation: 0,interpolation_duration: 1}
$data merge entity $(left_fingers2) {transformation: [0.2372f,-0.3935f,0.8882f,0.7125f,0.9657f,0.1953f,-0.1714f,7.5451f,-0.106f,0.8984f,0.4263f,3.8539f,0f,0f,0f,1f],start_interpolation: 0,interpolation_duration: 1}
$data merge entity $(left_fingers) {transformation: [0.3039f,0.3445f,0.8882f,0.8086f,-0.4766f,0.8622f,-0.1714f,7.803f,-0.8249f,-0.3713f,0.4263f,3.7745f,0f,0f,0f,1f],start_interpolation: 0,interpolation_duration: 1}
$data merge entity $(left_hand) {transformation: [-0.3167f,0.3328f,0.8882f,1.0507f,-0.9005f,-0.3997f,-0.1714f,7.5454f,0.298f,-0.8541f,0.4263f,3.2703f,0f,0f,0f,1f],start_interpolation: 0,interpolation_duration: 1}
$data merge entity $(left_forearm) {transformation: [-1.2445f,0.455f,0.376f,1.6978f,-0.5804f,-0.7841f,-0.9723f,6.3051f,-0.1071f,-1.037f,0.9002f,1.7369f,0f,0f,0f,1f],start_interpolation: 0,interpolation_duration: 1}
$data merge entity $(left_shoulder) {transformation: [-0.8324f,-0.2559f,1.1796f,1.1801f,-1.1659f,-0.2004f,-0.8662f,5.8536f,0.3124f,-1.4298f,-0.0897f,0.0596f,0f,0f,0f,1f],start_interpolation: 0,interpolation_duration: 1}
$data merge entity $(left_arm) {transformation: [-0.9374f,-0.0348f,0.3464f,0.6443f,-0.0634f,0.9954f,-0.0716f,6.1057f,-0.3423f,-0.0891f,-0.9353f,-0.1672f,0f,0f,0f,1f],start_interpolation: 0,interpolation_duration: 1}
$data merge entity $(chest) {transformation: [-1.1986f,-0.0444f,0.4429f,0.3042f,-0.081f,1.2727f,-0.0915f,4.2774f,-0.4377f,-0.1139f,-1.1959f,-0.1902f,0f,0f,0f,1f],start_interpolation: 0,interpolation_duration: 1}
$data merge entity $(left_cheek) {transformation: [-0.7817f,-0.3226f,0.5337f,0.9135f,-0.4721f,0.8653f,-0.1685f,3.3852f,-0.4074f,-0.3836f,-0.8287f,-0.1084f,0f,0f,0f,1f],start_interpolation: 0,interpolation_duration: 1}
$data merge entity $(left_foot) {transformation: [-1.0207f,-0.0588f,-0.0028f,0.8698f,-0.0562f,0.9596f,0.3481f,-3.0118f,-0.0174f,0.3477f,-0.9613f,4.1f,0f,0f,0f,1f],start_interpolation: 0,interpolation_duration: 1}
$data merge entity $(left_knee) {transformation: [-2.9985f,-0.1692f,0.4821f,0.7415f,-0.2688f,2.9632f,-0.6321f,1.0711f,-0.4345f,-0.6657f,-2.936f,3.071f,0f,0f,0f,1f],start_interpolation: 0,interpolation_duration: 1}
$data merge entity $(left_leg) {transformation: [-1.6917f,0.1346f,0.2674f,0.8789f,-0.1484f,0.9553f,-1.4201f,2.637f,-0.26f,-1.4215f,-0.9291f,0.8102f,0f,0f,0f,1f],start_interpolation: 0,interpolation_duration: 1}
$data merge entity $(right_cheek) {transformation: [-0.7836f,0.1098f,0.6115f,0.2581f,0.0568f,0.9928f,-0.1054f,3.2775f,-0.6186f,-0.0478f,-0.7842f,-0.5612f,0f,0f,0f,1f],start_interpolation: 0,interpolation_duration: 1}
$data merge entity $(right_foot) {transformation: [-0.6061f,-0.1004f,0.8172f,-0.3935f,0.021f,1.0125f,0.14f,-3.2813f,-0.8231f,0.0998f,-0.5982f,-2.8588f,0f,0f,0f,1f],start_interpolation: 0,interpolation_duration: 1}
$data merge entity $(right_knee) {transformation: [-2.0635f,-0.7596f,2.1018f,-1.418f,1.0826f,2.1628f,1.8445f,-0.1814f,-1.9551f,1.9993f,-1.1969f,-0.1967f,0f,0f,0f,1f],start_interpolation: 0,interpolation_duration: 1}
$data merge entity $(right_leg) {transformation: [-1.1654f,0.7162f,1.0393f,-0.2526f,0.6114f,1.5579f,-0.388f,2.3004f,-1.1042f,0.1067f,-1.3118f,0.0586f,0f,0f,0f,1f],start_interpolation: 0,interpolation_duration: 1}
$data merge entity $(weist) {transformation: [-1.3117f,-0.0766f,0.9516f,0.3042f,-0.3903f,1.5188f,-0.4157f,3.9839f,-0.8712f,-0.565f,-1.2465f,-0.2309f,0f,0f,0f,1f],start_interpolation: 0,interpolation_duration: 1}
data modify storage animated_java:temp entry.data merge value {"locators":{"consume":{"px":-0.7365934705,"py":6.601605539,"pz":1.8192278719,"ry":222.7351042455,"rx":-19.9835008056}}}
# Data Manager: Prepare for Read / Write
execute store result storage animated_java:temp args.id int 1 run scoreboard players get @s aj.id
# Data Manager: Write
function animated_java:global/data_manager/write with storage animated_java:temp args