# This file was generated by Animated Java via MC-Build. It is not recommended to edit this file directly.
$data merge entity $(neck) {transformation: [-0.9626f,-0.1763f,0.2055f,0.2306f,-0.0761f,0.9045f,0.4197f,6.11f,-0.2599f,0.3883f,-0.8841f,-0.4073f,0f,0f,0f,1f],start_interpolation: 0,interpolation_duration: 1}
$data merge entity $(right_thumb_2) {transformation: [-0.191f,-0.1166f,-0.9746f,-0.8044f,0.9568f,-0.2439f,-0.1583f,6.5769f,-0.2192f,-0.9628f,0.1581f,1.2638f,0f,0f,0f,1f],start_interpolation: 0,interpolation_duration: 1}
$data merge entity $(right_thumb) {transformation: [-0.191f,-0.9024f,-0.3863f,-1.1176f,0.9568f,-0.2591f,0.1321f,6.6335f,-0.2192f,-0.3444f,0.9129f,1.1076f,0f,0f,0f,1f],start_interpolation: 0,interpolation_duration: 1}
$data merge entity $(right_fingers2) {transformation: [0.3593f,0.6801f,-0.639f,-0.7413f,-0.9314f,0.2184f,-0.2912f,6.7042f,-0.0585f,0.6998f,0.7119f,1.5874f,0f,0f,0f,1f],start_interpolation: 0,interpolation_duration: 1}
$data merge entity $(right_fingers) {transformation: [0.5406f,-0.5472f,-0.639f,-0.8867f,0.4884f,0.8226f,-0.2912f,6.9503f,0.685f,-0.1547f,0.7119f,1.5679f,0f,0f,0f,1f],start_interpolation: 0,interpolation_duration: 1}
$data merge entity $(scout) {transformation: [0f,0f,0f,-0.8928f,0f,0f,0f,6.7478f,0f,0f,0f,1.6293f,0f,0f,0f,1f],start_interpolation: 0,interpolation_duration: 1}
$data merge entity $(right_hand) {transformation: [-0.498f,-0.5862f,-0.639f,-1.2725f,0.862f,-0.4148f,-0.2912f,6.6783f,-0.0944f,-0.6959f,0.7119f,1.1724f,0f,0f,0f,1f],start_interpolation: 0,interpolation_duration: 1}
$data merge entity $(right_forearm) {transformation: [-0.578f,-0.6271f,-1.0816f,-2.2322f,0.9596f,-0.9863f,0.0591f,5.1551f,-0.8014f,-0.7287f,0.8508f,0.1393f,0f,0f,0f,1f],start_interpolation: 0,interpolation_duration: 1}
$data merge entity $(right_shoulder) {transformation: [-0.9775f,1.074f,-0.2023f,-0.7192f,0.8582f,0.5862f,-1.0342f,5.7302f,-0.6767f,-0.8079f,-1.0194f,-0.6765f,0f,0f,0f,1f],start_interpolation: 0,interpolation_duration: 1}
$data merge entity $(right_arm) {transformation: [-0.9375f,-0.0371f,0.3461f,-0.1984f,-0.063f,0.996f,-0.0639f,6.0537f,-0.3424f,-0.0817f,-0.936f,-0.515f,0f,0f,0f,1f],start_interpolation: 0,interpolation_duration: 1}
$data merge entity $(left_thumb_2) {transformation: [0.0254f,-0.1743f,0.9844f,0.6222f,-0.9438f,-0.3289f,-0.0338f,7.5687f,0.3296f,-0.9282f,-0.1728f,3.3295f,0f,0f,0f,1f],start_interpolation: 0,interpolation_duration: 1}
$data merge entity $(left_thumb) {transformation: [0.0254f,0.7654f,0.6431f,0.8556f,-0.9438f,-0.1937f,0.2679f,7.6426f,0.3296f,-0.6137f,0.7174f,3.0731f,0f,0f,0f,1f],start_interpolation: 0,interpolation_duration: 1}
$data merge entity $(left_fingers2) {transformation: [0.2267f,-0.4352f,0.8713f,0.6523f,0.966f,0.2149f,-0.144f,7.7215f,-0.1246f,0.8743f,0.4691f,3.6469f,0f,0f,0f,1f],start_interpolation: 0,interpolation_duration: 1}
$data merge entity $(left_fingers) {transformation: [0.3469f,0.3471f,0.8713f,0.7478f,-0.4954f,0.8566f,-0.144f,7.9785f,-0.7964f,-0.3817f,0.4691f,3.564f,0f,0f,0f,1f],start_interpolation: 0,interpolation_duration: 1}
$data merge entity $(left_hand) {transformation: [-0.3155f,0.3758f,0.8713f,1.0155f,-0.8966f,-0.4189f,-0.144f,7.7104f,0.3108f,-0.8266f,0.4691f,3.0785f,0f,0f,0f,1f],start_interpolation: 0,interpolation_duration: 1}
$data merge entity $(left_forearm) {transformation: [-1.2444f,0.478f,0.3467f,1.6962f,-0.5837f,-0.8741f,-0.8901f,6.3374f,-0.0889f,-0.9511f,0.9923f,1.6786f,0f,0f,0f,1f],start_interpolation: 0,interpolation_duration: 1}
$data merge entity $(left_shoulder) {transformation: [-0.8286f,-0.2652f,1.1802f,1.1679f,-1.1615f,-0.2248f,-0.8661f,5.857f,0.3376f,-1.4244f,-0.083f,0.0127f,0f,0f,0f,1f],start_interpolation: 0,interpolation_duration: 1}
$data merge entity $(left_arm) {transformation: [-0.9375f,-0.0371f,0.3461f,0.6314f,-0.063f,0.996f,-0.0639f,6.1094f,-0.3424f,-0.0817f,-0.936f,-0.212f,0f,0f,0f,1f],start_interpolation: 0,interpolation_duration: 1}
$data merge entity $(chest) {transformation: [-1.1986f,-0.0474f,0.4425f,0.2955f,-0.0806f,1.2734f,-0.0817f,4.2806f,-0.4377f,-0.1045f,-1.1967f,-0.2483f,0f,0f,0f,1f],start_interpolation: 0,interpolation_duration: 1}
$data merge entity $(left_cheek) {transformation: [-0.7805f,-0.3237f,0.5349f,0.9084f,-0.4774f,0.8609f,-0.1757f,3.3795f,-0.4036f,-0.3925f,-0.8265f,-0.1718f,0f,0f,0f,1f],start_interpolation: 0,interpolation_duration: 1}
$data merge entity $(left_foot) {transformation: [-1.0193f,-0.0719f,-0.0321f,0.9224f,-0.0782f,0.8767f,0.5202f,-2.7737f,-0.009f,0.5211f,-0.8795f,3.4596f,0f,0f,0f,1f],start_interpolation: 0,interpolation_duration: 1}
$data merge entity $(left_knee) {transformation: [-3.001f,-0.2491f,0.4293f,0.6813f,-0.2607f,3.0299f,-0.0639f,1.4245f,-0.4224f,-0.0998f,-3.0106f,3.2104f,0f,0f,0f,1f],start_interpolation: 0,interpolation_duration: 1}
$data merge entity $(left_leg) {transformation: [-1.6929f,0.1682f,0.2394f,0.8734f,-0.1461f,0.7318f,-1.5474f,2.6362f,-0.2535f,-1.5452f,-0.7068f,0.7451f,0f,0f,0f,1f],start_interpolation: 0,interpolation_duration: 1}
$data merge entity $(right_cheek) {transformation: [-0.7842f,0.1197f,0.6089f,0.2394f,0.0528f,0.9905f,-0.1268f,3.2496f,-0.6183f,-0.0673f,-0.7831f,-0.6236f,0f,0f,0f,1f],start_interpolation: 0,interpolation_duration: 1}
$data merge entity $(right_foot) {transformation: [-0.6677f,-0.124f,0.7642f,-0.6804f,0.0051f,1.0084f,0.1681f,-3.4026f,-0.7742f,0.1136f,-0.658f,-2.7649f,0f,0f,0f,1f],start_interpolation: 0,interpolation_duration: 1}
$data merge entity $(right_knee) {transformation: [-2.1872f,-0.5597f,2.0384f,-1.4344f,1.0555f,2.2521f,1.751f,-0.1837f,-1.8314f,1.9664f,-1.4252f,-0.1542f,0f,0f,0f,1f],start_interpolation: 0,interpolation_duration: 1}
$data merge entity $(right_leg) {transformation: [-1.2353f,0.7175f,0.9542f,-0.2615f,0.5962f,1.5604f,-0.4014f,2.3031f,-1.0344f,0.0425f,-1.371f,-0.0029f,0f,0f,0f,1f],start_interpolation: 0,interpolation_duration: 1}
$data merge entity $(weist) {transformation: [-1.3157f,-0.0776f,0.946f,0.2955f,-0.3862f,1.5208f,-0.4122f,3.9872f,-0.8671f,-0.5595f,-1.2518f,-0.2889f,0f,0f,0f,1f],start_interpolation: 0,interpolation_duration: 1}
data modify storage animated_java:temp entry.data merge value {"locators":{"consume":{"px":-0.7509406126,"py":6.7816756517,"pz":1.7164371066,"ry":221.913101053,"rx":-16.9325561234}}}
# Data Manager: Prepare for Read / Write
execute store result storage animated_java:temp args.id int 1 run scoreboard players get @s aj.id
# Data Manager: Write
function animated_java:global/data_manager/write with storage animated_java:temp args