# This file was generated by Animated Java via MC-Build. It is not recommended to edit this file directly.
$data merge entity $(neck) {transformation: [-0.9629f,-0.1716f,0.2085f,0.2186f,-0.0712f,0.9061f,0.4171f,6.1168f,-0.2605f,0.3867f,-0.8846f,-0.4355f,0f,0f,0f,1f],start_interpolation: 0,interpolation_duration: 1}
$data merge entity $(right_thumb_2) {transformation: [-0.1887f,-0.1091f,-0.976f,-0.8135f,0.9447f,-0.2917f,-0.1501f,6.6824f,-0.2683f,-0.9503f,0.1581f,1.2283f,0f,0f,0f,1f],start_interpolation: 0,interpolation_duration: 1}
$data merge entity $(right_thumb) {transformation: [-0.1887f,-0.8998f,-0.3935f,-1.1254f,0.9447f,-0.2758f,0.1776f,6.7313f,-0.2683f,-0.3382f,0.902f,1.067f,0f,0f,0f,1f],start_interpolation: 0,interpolation_duration: 1}
$data merge entity $(right_fingers2) {transformation: [0.3593f,0.6746f,-0.6448f,-0.7529f,-0.9332f,0.253f,-0.2552f,6.8258f,-0.009f,0.6934f,0.7205f,1.5457f,0f,0f,0f,1f],start_interpolation: 0,interpolation_duration: 1}
$data merge entity $(right_fingers) {transformation: [0.5354f,-0.5455f,-0.6448f,-0.898f,0.5219f,0.8139f,-0.2552f,7.0706f,0.6641f,-0.1999f,0.7205f,1.5128f,0f,0f,0f,1f],start_interpolation: 0,interpolation_duration: 1}
$data merge entity $(scout) {transformation: [0f,0f,0f,-0.9047f,0f,0f,0f,6.8714f,0f,0f,0f,1.5842f,0f,0f,0f,1f],start_interpolation: 0,interpolation_duration: 1}
$data merge entity $(right_hand) {transformation: [-0.4968f,-0.5809f,-0.6448f,-1.2808f,0.8563f,-0.449f,-0.2552f,6.7792f,-0.1413f,-0.6789f,0.7205f,1.1283f,0f,0f,0f,1f],start_interpolation: 0,interpolation_duration: 1}
$data merge entity $(right_forearm) {transformation: [-0.5774f,-0.6265f,-1.0822f,-2.2397f,0.9314f,-1.0108f,0.0882f,5.2214f,-0.8343f,-0.6949f,0.8474f,0.1474f,0f,0f,0f,1f],start_interpolation: 0,interpolation_duration: 1}
$data merge entity $(right_shoulder) {transformation: [-0.9763f,1.0698f,-0.2283f,-0.7312f,0.8405f,0.5377f,-1.0744f,5.7422f,-0.7002f,-0.8462f,-0.9713f,-0.7119f,0f,0f,0f,1f],start_interpolation: 0,interpolation_duration: 1}
$data merge entity $(right_arm) {transformation: [-0.9378f,-0.038f,0.3452f,-0.2104f,-0.0563f,0.9975f,-0.043f,6.0625f,-0.3427f,-0.0597f,-0.9376f,-0.5439f,0f,0f,0f,1f],start_interpolation: 0,interpolation_duration: 1}
$data merge entity $(left_thumb_2) {transformation: [0.0359f,-0.1234f,0.9917f,0.5844f,-0.9356f,-0.353f,-0.0101f,7.6976f,0.3514f,-0.9274f,-0.1281f,3.1192f,0f,0f,0f,1f],start_interpolation: 0,interpolation_duration: 1}
$data merge entity $(left_thumb) {transformation: [0.0359f,0.7972f,0.6027f,0.827f,-0.9356f,-0.1852f,0.3007f,7.7724f,0.3514f,-0.5747f,0.7391f,2.8718f,0f,0f,0f,1f],start_interpolation: 0,interpolation_duration: 1}
$data merge entity $(left_fingers2) {transformation: [0.2061f,-0.4797f,0.8529f,0.596f,0.9691f,0.221f,-0.1098f,7.8578f,-0.1358f,0.8491f,0.5104f,3.4341f,0f,0f,0f,1f],start_interpolation: 0,interpolation_duration: 1}
$data merge entity $(left_fingers) {transformation: [0.3955f,0.3408f,0.8529f,0.6882f,-0.5022f,0.8578f,-0.1098f,8.1155f,-0.769f,-0.3849f,0.5104f,3.3499f,0f,0f,0f,1f],start_interpolation: 0,interpolation_duration: 1}
$data merge entity $(left_hand) {transformation: [-0.305f,0.4237f,0.8529f,0.9846f,-0.8983f,-0.4255f,-0.1098f,7.8448f,0.3164f,-0.7996f,0.5104f,2.8829f,0f,0f,0f,1f],start_interpolation: 0,interpolation_duration: 1}
$data merge entity $(left_forearm) {transformation: [-1.2451f,0.5011f,0.3095f,1.6988f,-0.5842f,-0.9592f,-0.7973f,6.347f,-0.0746f,-0.852f,1.0797f,1.636f,0f,0f,0f,1f],start_interpolation: 0,interpolation_duration: 1}
$data merge entity $(left_shoulder) {transformation: [-0.8258f,-0.2771f,1.1794f,1.1565f,-1.1592f,-0.2344f,-0.8667f,5.8554f,0.3523f,-1.4206f,-0.0871f,-0.0222f,0f,0f,0f,1f],start_interpolation: 0,interpolation_duration: 1}
$data merge entity $(left_arm) {transformation: [-0.9378f,-0.038f,0.3452f,0.6196f,-0.0563f,0.9975f,-0.043f,6.1123f,-0.3427f,-0.0597f,-0.9376f,-0.2407f,0f,0f,0f,1f],start_interpolation: 0,interpolation_duration: 1}
$data merge entity $(chest) {transformation: [-1.199f,-0.0486f,0.4413f,0.2852f,-0.0719f,1.2753f,-0.055f,4.2844f,-0.4381f,-0.0764f,-1.1987f,-0.3169f,0f,0f,0f,1f],start_interpolation: 0,interpolation_duration: 1}
$data merge entity $(left_cheek) {transformation: [-0.7827f,-0.3192f,0.5343f,0.8973f,-0.4732f,0.8629f,-0.1776f,3.387f,-0.4043f,-0.3918f,-0.8264f,-0.2678f,0f,0f,0f,1f],start_interpolation: 0,interpolation_duration: 1}
$data merge entity $(left_foot) {transformation: [-1.0184f,-0.0692f,-0.0574f,0.9672f,-0.0899f,0.805f,0.6239f,-2.5873f,0.003f,0.6265f,-0.8079f,2.9299f,0f,0f,0f,1f],start_interpolation: 0,interpolation_duration: 1}
$data merge entity $(left_knee) {transformation: [-3.0069f,-0.2829f,0.3617f,0.6768f,-0.2462f,3.0156f,0.3122f,1.6062f,-0.3876f,0.2793f,-3.004f,3.2047f,0f,0f,0f,1f],start_interpolation: 0,interpolation_duration: 1}
$data merge entity $(left_leg) {transformation: [-1.6963f,0.1699f,0.2125f,0.8722f,-0.139f,0.612f,-1.5992f,2.6278f,-0.2339f,-1.5962f,-0.5905f,0.6551f,0f,0f,0f,1f],start_interpolation: 0,interpolation_duration: 1}
$data merge entity $(right_cheek) {transformation: [-0.789f,0.1254f,0.6015f,0.227f,0.0476f,0.9885f,-0.1435f,3.2371f,-0.6126f,-0.0846f,-0.7859f,-0.6989f,0f,0f,0f,1f],start_interpolation: 0,interpolation_duration: 1}
$data merge entity $(right_foot) {transformation: [-0.7018f,-0.1263f,0.7326f,-0.8501f,-0.0016f,1.0077f,0.1723f,-3.5546f,-0.7435f,0.1171f,-0.6919f,-2.6078f,0f,0f,0f,1f],start_interpolation: 0,interpolation_duration: 1}
$data merge entity $(right_knee) {transformation: [-2.2462f,-0.4352f,2.0043f,-1.4349f,1.001f,2.3617f,1.6347f,-0.1903f,-1.7901f,1.8668f,-1.6009f,-0.141f,0f,0f,0f,1f],start_interpolation: 0,interpolation_duration: 1}
$data merge entity $(right_leg) {transformation: [-1.2687f,0.7092f,0.9159f,-0.2728f,0.5654f,1.5647f,-0.4284f,2.3054f,-1.0111f,-0.0149f,-1.3889f,-0.0821f,0f,0f,0f,1f],start_interpolation: 0,interpolation_duration: 1}
$data merge entity $(weist) {transformation: [-1.3274f,-0.0805f,0.9293f,0.2852f,-0.3737f,1.5268f,-0.4016f,3.991f,-0.8546f,-0.5426f,-1.2677f,-0.3575f,0f,0f,0f,1f],start_interpolation: 0,interpolation_duration: 1}
data modify storage animated_java:temp entry.data merge value {"locators":{"consume":{"px":-0.7635158476,"py":6.9095783554,"pz":1.6706274474,"ry":221.8289776804,"rx":-14.7857601149}}}
# Data Manager: Prepare for Read / Write
execute store result storage animated_java:temp args.id int 1 run scoreboard players get @s aj.id
# Data Manager: Write
function animated_java:global/data_manager/write with storage animated_java:temp args