# This file was generated by Animated Java via MC-Build. It is not recommended to edit this file directly.
$data merge entity $(neck) {transformation: [-0.9634f,-0.1584f,0.2164f,0.2103f,-0.0574f,0.91f,0.4107f,6.1245f,-0.262f,0.3833f,-0.8857f,-0.4197f,0f,0f,0f,1f],start_interpolation: 0,interpolation_duration: 1}
$data merge entity $(right_thumb_2) {transformation: [-0.1841f,-0.0955f,-0.9783f,-0.8078f,0.9398f,-0.3085f,-0.1467f,6.7332f,-0.2878f,-0.9464f,0.1466f,1.3087f,0f,0f,0f,1f],start_interpolation: 0,interpolation_duration: 1}
$data merge entity $(right_thumb) {transformation: [-0.1841f,-0.895f,-0.4064f,-1.1173f,0.9398f,-0.2813f,0.1938f,6.7793f,-0.2878f,-0.3463f,0.8929f,1.1421f,0f,0f,0f,1f],start_interpolation: 0,interpolation_duration: 1}
$data merge entity $(right_fingers2) {transformation: [0.3586f,0.6647f,-0.6554f,-0.7517f,-0.9334f,0.265f,-0.242f,6.8821f,0.0128f,0.6985f,0.7154f,1.6244f,0f,0f,0f,1f],start_interpolation: 0,interpolation_duration: 1}
$data merge entity $(right_fingers) {transformation: [0.5261f,-0.5419f,-0.6554f,-0.8961f,0.5334f,0.8105f,-0.242f,7.1264f,0.6624f,-0.2223f,0.7154f,1.585f,0f,0f,0f,1f],start_interpolation: 0,interpolation_duration: 1}
$data merge entity $(scout) {transformation: [0f,0f,0f,-0.9041f,0f,0f,0f,6.9286f,0f,0f,0f,1.6598f,0f,0f,0f,1f],start_interpolation: 0,interpolation_duration: 1}
$data merge entity $(right_hand) {transformation: [-0.494f,-0.5713f,-0.6554f,-1.2735f,0.8539f,-0.4607f,-0.242f,6.8284f,-0.1637f,-0.6792f,0.7154f,1.2002f,0f,0f,0f,1f],start_interpolation: 0,interpolation_duration: 1}
$data merge entity $(right_forearm) {transformation: [-0.5783f,-0.6279f,-1.0809f,-2.2345f,0.9448f,-0.9994f,0.0751f,5.2868f,-0.8185f,-0.71f,0.8503f,0.196f,0f,0f,0f,1f],start_interpolation: 0,interpolation_duration: 1}
$data merge entity $(right_shoulder) {transformation: [-0.975f,1.0566f,-0.2878f,-0.7405f,0.8649f,0.5068f,-1.07f,5.7648f,-0.6716f,-0.8813f,-0.9603f,-0.7122f,0f,0f,0f,1f],start_interpolation: 0,interpolation_duration: 1}
$data merge entity $(right_arm) {transformation: [-0.9384f,-0.0366f,0.3437f,-0.219f,-0.0385f,0.9993f,0.0013f,6.076f,-0.3435f,-0.012f,-0.9391f,-0.5299f,0f,0f,0f,1f],start_interpolation: 0,interpolation_duration: 1}
$data merge entity $(left_thumb_2) {transformation: [0.0566f,-0.0745f,0.9956f,0.5619f,-0.9341f,-0.3561f,0.0265f,7.7287f,0.3526f,-0.9315f,-0.0897f,2.9749f,0f,0f,0f,1f],start_interpolation: 0,interpolation_duration: 1}
$data merge entity $(left_thumb) {transformation: [0.0566f,0.825f,0.5623f,0.811f,-0.9341f,-0.1551f,0.3217f,7.8127f,0.3526f,-0.5434f,0.7618f,2.7371f,0f,0f,0f,1f],start_interpolation: 0,interpolation_duration: 1}
$data merge entity $(left_fingers2) {transformation: [0.1755f,-0.5199f,0.836f,0.5555f,0.9761f,0.2022f,-0.0791f,7.8888f,-0.1279f,0.8299f,0.543f,3.29f,0f,0f,0f,1f],start_interpolation: 0,interpolation_duration: 1}
$data merge entity $(left_fingers) {transformation: [0.4431f,0.3237f,0.836f,0.6414f,-0.4864f,0.8702f,-0.0791f,8.1499f,-0.7531f,-0.3716f,0.543f,3.2094f,0f,0f,0f,1f],start_interpolation: 0,interpolation_duration: 1}
$data merge entity $(left_hand) {transformation: [-0.2838f,0.4696f,0.836f,0.9653f,-0.9092f,-0.4087f,-0.0791f,7.8908f,0.3045f,-0.7826f,0.543f,2.7542f,0f,0f,0f,1f],start_interpolation: 0,interpolation_duration: 1}
$data merge entity $(left_forearm) {transformation: [-1.2468f,0.5203f,0.2681f,1.7067f,-0.5807f,-1.0204f,-0.7202f,6.3038f,-0.0734f,-0.765f,1.143f,1.6407f,0f,0f,0f,1f],start_interpolation: 0,interpolation_duration: 1}
$data merge entity $(left_shoulder) {transformation: [-0.8248f,-0.2905f,1.1769f,1.1485f,-1.1638f,-0.2089f,-0.8671f,5.8424f,0.3395f,-1.4219f,-0.113f,-0.0208f,0f,0f,0f,1f],start_interpolation: 0,interpolation_duration: 1}
$data merge entity $(left_arm) {transformation: [-0.9384f,-0.0366f,0.3437f,0.6116f,-0.0385f,0.9993f,0.0013f,6.1101f,-0.3435f,-0.012f,-0.9391f,-0.2259f,0f,0f,0f,1f],start_interpolation: 0,interpolation_duration: 1}
$data merge entity $(chest) {transformation: [-1.1998f,-0.0469f,0.4394f,0.2744f,-0.0493f,1.2776f,0.0017f,4.2884f,-0.4391f,-0.0154f,-1.2007f,-0.3887f,0f,0f,0f,1f],start_interpolation: 0,interpolation_duration: 1}
$data merge entity $(left_cheek) {transformation: [-0.7996f,-0.2947f,0.5233f,0.8755f,-0.4401f,0.8804f,-0.1766f,3.3966f,-0.4087f,-0.3714f,-0.8337f,-0.3776f,0f,0f,0f,1f],start_interpolation: 0,interpolation_duration: 1}
$data merge entity $(left_foot) {transformation: [-1.0184f,-0.0478f,-0.076f,1.0096f,-0.0853f,0.7847f,0.6498f,-2.6963f,0.028f,0.6536f,-0.7857f,2.6317f,0f,0f,0f,1f],start_interpolation: 0,interpolation_duration: 1}
$data merge entity $(left_knee) {transformation: [-3.0176f,-0.2588f,0.2816f,0.7495f,-0.2199f,3.0064f,0.407f,1.4875f,-0.3129f,0.3834f,-3.0012f,3.0486f,0f,0f,0f,1f],start_interpolation: 0,interpolation_duration: 1}
$data merge entity $(left_leg) {transformation: [-1.7027f,0.1286f,0.1884f,0.8792f,-0.1236f,0.6719f,-1.5763f,2.6051f,-0.1917f,-1.5759f,-0.6567f,0.5352f,0f,0f,0f,1f],start_interpolation: 0,interpolation_duration: 1}
$data merge entity $(right_cheek) {transformation: [-0.7996f,0.1258f,0.5872f,0.2221f,0.0455f,0.9877f,-0.1495f,3.2517f,-0.5988f,-0.0928f,-0.7955f,-0.7774f,0f,0f,0f,1f],start_interpolation: 0,interpolation_duration: 1}
$data merge entity $(right_foot) {transformation: [-0.6956f,-0.0973f,0.7429f,-0.8677f,0.0093f,1.0125f,0.1413f,-3.7505f,-0.7492f,0.1029f,-0.688f,-2.3739f,0f,0f,0f,1f],start_interpolation: 0,interpolation_duration: 1}
$data merge entity $(right_knee) {transformation: [-2.2107f,-0.4128f,2.0481f,-1.4186f,0.9028f,2.5003f,1.4784f,-0.2036f,-1.8842f,1.6823f,-1.6947f,-0.169f,0f,0f,0f,1f],start_interpolation: 0,interpolation_duration: 1}
$data merge entity $(right_leg) {transformation: [-1.2486f,0.6915f,0.9562f,-0.287f,0.5099f,1.5716f,-0.4706f,2.3067f,-1.0642f,-0.0582f,-1.3474f,-0.1785f,0f,0f,0f,1f],start_interpolation: 0,interpolation_duration: 1}
$data merge entity $(weist) {transformation: [-1.352f,-0.085f,0.8927f,0.2744f,-0.3458f,1.5395f,-0.3772f,3.995f,-0.8274f,-0.5046f,-1.3011f,-0.4293f,0f,0f,0f,1f],start_interpolation: 0,interpolation_duration: 1}
data modify storage animated_java:temp entry.data merge value {"locators":{"consume":{"px":-0.7641010821,"py":6.9681768441,"pz":1.7475986485,"ry":222.4924071959,"rx":-14.0048908877}}}
# Data Manager: Prepare for Read / Write
execute store result storage animated_java:temp args.id int 1 run scoreboard players get @s aj.id
# Data Manager: Write
function animated_java:global/data_manager/write with storage animated_java:temp args