# This file was generated by Animated Java via MC-Build. It is not recommended to edit this file directly.
$data merge entity $(neck) {transformation: [-0.9628f,-0.1066f,0.2484f,0.1912f,-0.003f,0.9232f,0.3843f,6.1062f,-0.2703f,0.3692f,-0.8892f,-0.2304f,0f,0f,0f,1f],start_interpolation: 0,interpolation_duration: 1}
$data merge entity $(right_thumb_2) {transformation: [-0.1767f,-0.0361f,-0.9836f,-0.7463f,0.94f,-0.3025f,-0.1578f,6.6933f,-0.2918f,-0.9525f,0.0873f,1.8098f,0f,0f,0f,1f],start_interpolation: 0,interpolation_duration: 1}
$data merge entity $(right_thumb) {transformation: [-0.1767f,-0.8699f,-0.4606f,-1.0458f,0.94f,-0.2879f,0.1831f,6.7375f,-0.2918f,-0.4006f,0.8685f,1.6254f,0f,0f,0f,1f],start_interpolation: 0,interpolation_duration: 1}
$data merge entity $(right_fingers2) {transformation: [0.3671f,0.6193f,-0.694f,-0.7106f,-0.9298f,0.2666f,-0.2539f,6.8405f,0.0278f,0.7385f,0.6737f,2.1293f,0f,0f,0f,1f],start_interpolation: 0,interpolation_duration: 1}
$data merge entity $(right_fingers) {transformation: [0.4803f,-0.5364f,-0.694f,-0.8549f,0.5338f,0.8066f,-0.2539f,7.0835f,0.696f,-0.2485f,0.6737f,2.083f,0f,0f,0f,1f],start_interpolation: 0,interpolation_duration: 1}
$data merge entity $(scout) {transformation: [0f,0f,0f,-0.8652f,0f,0f,0f,6.8851f,0f,0f,0f,2.1559f,0f,0f,0f,1f],start_interpolation: 0,interpolation_duration: 1}
$data merge entity $(right_hand) {transformation: [-0.4925f,-0.5252f,-0.694f,-1.2057f,0.85f,-0.4615f,-0.2539f,6.7846f,-0.1869f,-0.715f,0.6737f,1.6746f,0f,0f,0f,1f],start_interpolation: 0,interpolation_duration: 1}
$data merge entity $(right_forearm) {transformation: [-0.5967f,-0.6254f,-1.0723f,-2.1618f,1.0413f,-0.8999f,-0.0546f,5.3841f,-0.6758f,-0.8344f,0.8627f,0.4775f,0f,0f,0f,1f],start_interpolation: 0,interpolation_duration: 1}
$data merge entity $(right_shoulder) {transformation: [-0.9763f,0.9755f,-0.495f,-0.7597f,0.9813f,0.4876f,-0.9743f,5.8121f,-0.4836f,-0.98f,-0.9775f,-0.5884f,0f,0f,0f,1f],start_interpolation: 0,interpolation_duration: 1}
$data merge entity $(right_arm) {transformation: [-0.9375f,-0.0338f,0.3463f,-0.2379f,0.0309f,0.9833f,0.1795f,6.0811f,-0.3466f,0.179f,-0.9208f,-0.3489f,0f,0f,0f,1f],start_interpolation: 0,interpolation_duration: 1}
$data merge entity $(left_thumb_2) {transformation: [0.1348f,0.0241f,0.9906f,0.5321f,-0.9461f,-0.2939f,0.1359f,7.4645f,0.2944f,-0.9555f,-0.0168f,2.9062f,0f,0f,0f,1f],start_interpolation: 0,interpolation_duration: 1}
$data merge entity $(left_thumb) {transformation: [0.1348f,0.8699f,0.4744f,0.7853f,-0.9461f,-0.0293f,0.3225f,7.5909f,0.2944f,-0.4923f,0.8191f,2.6926f,0f,0f,0f,1f],start_interpolation: 0,interpolation_duration: 1}
$data merge entity $(left_fingers2) {transformation: [0.0765f,-0.5907f,0.8033f,0.4883f,0.9957f,0.0869f,-0.031f,7.6f,-0.0515f,0.8022f,0.5948f,3.2298f,0f,0f,0f,1f],start_interpolation: 0,interpolation_duration: 1}
$data merge entity $(left_fingers) {transformation: [0.5403f,0.2506f,0.8033f,0.5503f,-0.3823f,0.9235f,-0.031f,7.8737f,-0.7496f,-0.2904f,0.5948f,3.1725f,0f,0f,0f,1f],start_interpolation: 0,interpolation_duration: 1}
$data merge entity $(left_hand) {transformation: [-0.2026f,0.5601f,0.8033f,0.9288f,-0.9533f,-0.3004f,-0.031f,7.6831f,0.2239f,-0.7721f,0.5948f,2.7257f,0f,0f,0f,1f],start_interpolation: 0,interpolation_duration: 1}
$data merge entity $(left_forearm) {transformation: [-1.2521f,0.5519f,0.1578f,1.7136f,-0.5597f,-1.0899f,-0.6292f,5.9955f,-0.1272f,-0.6361f,1.2151f,1.8067f,0f,0f,0f,1f],start_interpolation: 0,interpolation_duration: 1}
$data merge entity $(left_shoulder) {transformation: [-0.8283f,-0.313f,1.1687f,1.1275f,-1.1927f,-0.0267f,-0.8525f,5.75f,0.2032f,-1.4322f,-0.2395f,0.1093f,0f,0f,0f,1f],start_interpolation: 0,interpolation_duration: 1}
$data merge entity $(left_arm) {transformation: [-0.9375f,-0.0338f,0.3463f,0.5919f,0.0309f,0.9833f,0.1795f,6.0537f,-0.3466f,0.179f,-0.9208f,-0.0421f,0f,0f,0f,1f],start_interpolation: 0,interpolation_duration: 1}
$data merge entity $(chest) {transformation: [-1.1987f,-0.0432f,0.4428f,0.25f,0.0395f,1.2571f,0.2295f,4.2978f,-0.4431f,0.2289f,-1.1773f,-0.5506f,0f,0f,0f,1f],start_interpolation: 0,interpolation_duration: 1}
data modify storage animated_java:temp entry.data merge value {"locators":{"consume":{"px":-0.7310908194,"py":6.9254744488,"pz":2.2520943927,"ry":225.8503540665,"rx":-14.7093622712}}}
# Data Manager: Prepare for Read / Write
execute store result storage animated_java:temp args.id int 1 run scoreboard players get @s aj.id
# Data Manager: Write
function animated_java:global/data_manager/write with storage animated_java:temp args