# This file was generated by Animated Java via MC-Build. It is not recommended to edit this file directly.
$data merge entity $(neck) {transformation: [-0.9625f,-0.109f,0.2485f,0.1728f,-0.0054f,0.9232f,0.3842f,6.1318f,-0.2712f,0.3684f,-0.8892f,-0.1814f,0f,0f,0f,1f],start_interpolation: 0,interpolation_duration: 1}
$data merge entity $(right_thumb_2) {transformation: [-0.2534f,-0.0536f,-0.9659f,-0.8128f,0.9362f,-0.2651f,-0.2309f,6.6457f,-0.2437f,-0.9627f,0.1174f,1.7839f,0f,0f,0f,1f],start_interpolation: 0,interpolation_duration: 1}
$data merge entity $(right_thumb) {transformation: [-0.2534f,-0.8633f,-0.4365f,-1.122f,0.9362f,-0.3325f,0.1141f,6.6759f,-0.2437f,-0.3797f,0.8924f,1.613f,0f,0f,0f,1f],start_interpolation: 0,interpolation_duration: 1}
$data merge entity $(right_fingers2) {transformation: [0.4318f,0.6288f,-0.6467f,-0.7745f,-0.9016f,0.2797f,-0.3301f,6.7819f,-0.0267f,0.7256f,0.6876f,2.1078f,0f,0f,0f,1f],start_interpolation: 0,interpolation_duration: 1}
$data merge entity $(right_fingers) {transformation: [0.4698f,-0.6009f,-0.6467f,-0.9372f,0.5378f,0.7757f,-0.3301f,7.0157f,0.7f,-0.1927f,0.6876f,2.0777f,0f,0f,0f,1f],start_interpolation: 0,interpolation_duration: 1}
$data merge entity $(scout) {transformation: [0f,0f,0f,-0.9307f,0f,0f,0f,6.8142f,0f,0f,0f,2.1422f,0f,0f,0f,1f],start_interpolation: 0,interpolation_duration: 1}
$data merge entity $(right_hand) {transformation: [-0.5577f,-0.5204f,-0.6467f,-1.2827f,0.8197f,-0.4682f,-0.3301f,6.7094f,-0.1309f,-0.7141f,0.6876f,1.6701f,0f,0f,0f,1f],start_interpolation: 0,interpolation_duration: 1}
$data merge entity $(right_forearm) {transformation: [-0.6948f,-0.5946f,-1.03f,-2.1867f,1.0229f,-0.9073f,-0.1662f,5.2945f,-0.6067f,-0.8487f,0.8993f,0.4499f,0f,0f,0f,1f],start_interpolation: 0,interpolation_duration: 1}
$data merge entity $(right_shoulder) {transformation: [-1.0087f,0.9803f,-0.414f,-0.7749f,0.953f,0.5784f,-0.9524f,5.8382f,-0.4734f,-0.9243f,-1.0351f,-0.5482f,0f,0f,0f,1f],start_interpolation: 0,interpolation_duration: 1}
$data merge entity $(right_arm) {transformation: [-0.9375f,-0.0438f,0.3452f,-0.256f,0.0309f,0.9776f,0.208f,6.1057f,-0.3466f,0.2057f,-0.9152f,-0.3009f,0f,0f,0f,1f],start_interpolation: 0,interpolation_duration: 1}
$data merge entity $(left_thumb_2) {transformation: [0.0944f,0.0283f,0.9951f,0.6226f,-0.9682f,-0.2299f,0.0983f,7.3431f,0.2316f,-0.9728f,0.0057f,3.0154f,0f,0f,0f,1f],start_interpolation: 0,interpolation_duration: 1}
$data merge entity $(left_thumb) {transformation: [0.0944f,0.876f,0.473f,0.8837f,-0.9682f,-0.0298f,0.2483f,7.4736f,0.2316f,-0.4814f,0.8453f,2.8143f,0f,0f,0f,1f],start_interpolation: 0,interpolation_duration: 1}
$data merge entity $(left_fingers2) {transformation: [0.1148f,-0.5997f,0.7919f,0.5787f,0.9932f,0.0557f,-0.1018f,7.4582f,0.0169f,0.7983f,0.6021f,3.3468f,0f,0f,0f,1f],start_interpolation: 0,interpolation_duration: 1}
$data merge entity $(left_fingers) {transformation: [0.5374f,0.2898f,0.7919f,0.6519f,-0.3518f,0.9305f,-0.1018f,7.7325f,-0.7664f,-0.2239f,0.6021f,3.309f,0f,0f,0f,1f],start_interpolation: 0,interpolation_duration: 1}
$data merge entity $(left_hand) {transformation: [-0.2419f,0.5606f,0.7919f,1.0301f,-0.9576f,-0.2694f,-0.1018f,7.5578f,0.1563f,-0.783f,0.6021f,2.8555f,0f,0f,0f,1f],start_interpolation: 0,interpolation_duration: 1}
$data merge entity $(left_forearm) {transformation: [-1.2701f,0.5205f,0.1146f,1.7653f,-0.5011f,-1.0654f,-0.7148f,5.9065f,-0.1815f,-0.7008f,1.1718f,1.8352f,0f,0f,0f,1f],start_interpolation: 0,interpolation_duration: 1}
$data merge entity $(left_shoulder) {transformation: [-0.8472f,-0.3655f,1.1396f,1.1123f,-1.1856f,0.0662f,-0.8601f,5.776f,0.1629f,-1.4184f,-0.3338f,0.1494f,0f,0f,0f,1f],start_interpolation: 0,interpolation_duration: 1}
$data merge entity $(left_arm) {transformation: [-0.9375f,-0.0438f,0.3452f,0.5738f,0.0309f,0.9776f,0.208f,6.0784f,-0.3466f,0.2057f,-0.9152f,0.0058f,0f,0f,0f,1f],start_interpolation: 0,interpolation_duration: 1}
$data merge entity $(chest) {transformation: [-1.1987f,-0.056f,0.4413f,0.25f,0.0395f,1.25f,0.2659f,4.3336f,-0.4431f,0.2629f,-1.1701f,-0.5506f,0f,0f,0f,1f],start_interpolation: 0,interpolation_duration: 1}
data modify storage animated_java:temp entry.data merge value {"locators":{"consume":{"px":-0.7958937014,"py":6.8600652692,"pz":2.2349505388,"ry":223.2409967492,"rx":-19.2753866897}}}
# Data Manager: Prepare for Read / Write
execute store result storage animated_java:temp args.id int 1 run scoreboard players get @s aj.id
# Data Manager: Write
function animated_java:global/data_manager/write with storage animated_java:temp args