# This file was generated by Animated Java via MC-Build. It is not recommended to edit this file directly.
$data merge entity $(neck) {transformation: [-0.9626f,-0.1085f,0.2484f,0.1767f,-0.0049f,0.9232f,0.3842f,6.1476f,-0.271f,0.3686f,-0.8892f,-0.1919f,0f,0f,0f,1f],start_interpolation: 0,interpolation_duration: 1}
$data merge entity $(right_thumb_2) {transformation: [-0.2693f,-0.0486f,-0.9618f,-0.8435f,0.9359f,-0.2488f,-0.2494f,6.6584f,-0.2272f,-0.9673f,0.1124f,1.7847f,0f,0f,0f,1f],start_interpolation: 0,interpolation_duration: 1}
$data merge entity $(right_thumb) {transformation: [-0.2693f,-0.8573f,-0.4389f,-1.153f,0.9359f,-0.3404f,0.0908f,6.6864f,-0.2272f,-0.3863f,0.894f,1.6141f,0f,0f,0f,1f],start_interpolation: 0,interpolation_duration: 1}
$data merge entity $(right_fingers2) {transformation: [0.4472f,0.6235f,-0.6413f,-0.8076f,-0.8934f,0.2774f,-0.3532f,6.7895f,-0.0423f,0.7309f,0.6811f,2.1111f,0f,0f,0f,1f],start_interpolation: 0,interpolation_duration: 1}
$data merge entity $(right_fingers) {transformation: [0.4602f,-0.614f,-0.6413f,-0.9743f,0.5333f,0.7687f,-0.3532f,7.021f,0.7098f,-0.1794f,0.6811f,2.085f,0f,0f,0f,1f],start_interpolation: 0,interpolation_duration: 1}
$data merge entity $(scout) {transformation: [0f,0f,0f,-0.9644f,0f,0f,0f,6.8185f,0f,0f,0f,2.1459f,0f,0f,0f,1f],start_interpolation: 0,interpolation_duration: 1}
$data merge entity $(right_hand) {transformation: [-0.5715f,-0.512f,-0.6413f,-1.3143f,0.8122f,-0.4642f,-0.3532f,6.7161f,-0.1169f,-0.7228f,0.6811f,1.6717f,0f,0f,0f,1f],start_interpolation: 0,interpolation_duration: 1}
$data merge entity $(right_forearm) {transformation: [-0.7118f,-0.5786f,-1.0274f,-2.1934f,1.0215f,-0.9021f,-0.1997f,5.3078f,-0.5891f,-0.8652f,0.8953f,0.4259f,0f,0f,0f,1f],start_interpolation: 0,interpolation_duration: 1}
$data merge entity $(right_shoulder) {transformation: [-1.0018f,0.9897f,-0.4082f,-0.7716f,0.9592f,0.5815f,-0.9442f,5.8538f,-0.4755f,-0.9122f,-1.0448f,-0.5568f,0f,0f,0f,1f],start_interpolation: 0,interpolation_duration: 1}
$data merge entity $(right_arm) {transformation: [-0.9375f,-0.0417f,0.3454f,-0.2521f,0.0309f,0.9789f,0.2019f,6.1217f,-0.3466f,0.1999f,-0.9165f,-0.3112f,0f,0f,0f,1f],start_interpolation: 0,interpolation_duration: 1}
$data merge entity $(left_thumb_2) {transformation: [0.0925f,0.0266f,0.9954f,0.6488f,-0.9743f,-0.2038f,0.096f,7.3291f,0.2054f,-0.9787f,0.0071f,3.0392f,0f,0f,0f,1f],start_interpolation: 0,interpolation_duration: 1}
$data merge entity $(left_thumb) {transformation: [0.0925f,0.8753f,0.4746f,0.91f,-0.9743f,-0.0187f,0.2245f,7.4644f,0.2054f,-0.4832f,0.8511f,2.8413f,0f,0f,0f,1f],start_interpolation: 0,interpolation_duration: 1}
$data merge entity $(left_fingers2) {transformation: [0.1169f,-0.5986f,0.7925f,0.6055f,0.9922f,0.0355f,-0.1196f,7.4353f,0.0434f,0.8002f,0.5981f,3.3735f,0f,0f,0f,1f],start_interpolation: 0,interpolation_duration: 1}
$data merge entity $(left_fingers) {transformation: [0.5357f,0.2915f,0.7925f,0.6793f,-0.3322f,0.9356f,-0.1196f,7.7104f,-0.7763f,-0.1992f,0.5981f,3.343f,0f,0f,0f,1f],start_interpolation: 0,interpolation_duration: 1}
$data merge entity $(left_hand) {transformation: [-0.2437f,0.5591f,0.7925f,1.0565f,-0.961f,-0.2494f,-0.1196f,7.5471f,0.1308f,-0.7907f,0.5981f,2.8845f,0f,0f,0f,1f],start_interpolation: 0,interpolation_duration: 1}
$data merge entity $(left_forearm) {transformation: [-1.2714f,0.5174f,0.1145f,1.787f,-0.4934f,-1.0473f,-0.7463f,5.9223f,-0.1933f,-0.7298f,1.152f,1.8193f,0f,0f,0f,1f],start_interpolation: 0,interpolation_duration: 1}
$data merge entity $(left_shoulder) {transformation: [-0.8431f,-0.3813f,1.1373f,1.1156f,-1.1872f,0.0665f,-0.8578f,5.7916f,0.1715f,-1.4142f,-0.347f,0.1408f,0f,0f,0f,1f],start_interpolation: 0,interpolation_duration: 1}
$data merge entity $(left_arm) {transformation: [-0.9375f,-0.0417f,0.3454f,0.5777f,0.0309f,0.9789f,0.2019f,6.0944f,-0.3466f,0.1999f,-0.9165f,-0.0045f,0f,0f,0f,1f],start_interpolation: 0,interpolation_duration: 1}
$data merge entity $(chest) {transformation: [-1.1987f,-0.0533f,0.4417f,0.25f,0.0395f,1.2516f,0.2581f,4.3471f,-0.4431f,0.2556f,-1.1717f,-0.5506f,0f,0f,0f,1f],start_interpolation: 0,interpolation_duration: 1}
data modify storage animated_java:temp entry.data merge value {"locators":{"consume":{"px":-0.8304418289,"py":6.8650293773,"pz":2.2395444992,"ry":223.2742704039,"rx":-20.6861893751}}}
# Data Manager: Prepare for Read / Write
execute store result storage animated_java:temp args.id int 1 run scoreboard players get @s aj.id
# Data Manager: Write
function animated_java:global/data_manager/write with storage animated_java:temp args