# This file was generated by Animated Java via MC-Build. It is not recommended to edit this file directly.
$data merge entity $(neck) {transformation: [-0.9626f,-0.1082f,0.2484f,0.179f,-0.0046f,0.9232f,0.3842f,6.1526f,-0.2709f,0.3687f,-0.8892f,-0.1979f,0f,0f,0f,1f],start_interpolation: 0,interpolation_duration: 1}
$data merge entity $(right_thumb_2) {transformation: [-0.2722f,-0.0459f,-0.9611f,-0.8526f,0.9361f,-0.2439f,-0.2535f,6.6648f,-0.2228f,-0.9687f,0.1094f,1.7862f,0f,0f,0f,1f],start_interpolation: 0,interpolation_duration: 1}
$data merge entity $(right_thumb) {transformation: [-0.2722f,-0.8553f,-0.4408f,-1.1619f,0.9361f,-0.3415f,0.0845f,6.6926f,-0.2228f,-0.3897f,0.8936f,1.6152f,0f,0f,0f,1f],start_interpolation: 0,interpolation_duration: 1}
$data merge entity $(right_fingers2) {transformation: [0.4505f,0.6212f,-0.6413f,-0.8178f,-0.8916f,0.2758f,-0.3591f,6.7943f,-0.0462f,0.7335f,0.6781f,2.1133f,0f,0f,0f,1f],start_interpolation: 0,interpolation_duration: 1}
$data merge entity $(right_fingers) {transformation: [0.457f,-0.6164f,-0.6413f,-0.9853f,0.5312f,0.7674f,-0.3591f,7.0253f,0.7135f,-0.1765f,0.6781f,2.0881f,0f,0f,0f,1f],start_interpolation: 0,interpolation_duration: 1}
$data merge entity $(scout) {transformation: [0f,0f,0f,-0.9747f,0f,0f,0f,6.8226f,0f,0f,0f,2.148f,0f,0f,0f,1f],start_interpolation: 0,interpolation_duration: 1}
$data merge entity $(right_hand) {transformation: [-0.5742f,-0.509f,-0.6413f,-1.3233f,0.8108f,-0.4623f,-0.3591f,6.7214f,-0.1137f,-0.7261f,0.6781f,1.6727f,0f,0f,0f,1f],start_interpolation: 0,interpolation_duration: 1}
$data merge entity $(right_forearm) {transformation: [-0.7144f,-0.5738f,-1.0284f,-2.1951f,1.022f,-0.8997f,-0.208f,5.3165f,-0.585f,-0.871f,0.8924f,0.4179f,0f,0f,0f,1f],start_interpolation: 0,interpolation_duration: 1}
$data merge entity $(right_shoulder) {transformation: [-0.9979f,0.9933f,-0.4092f,-0.7698f,0.9627f,0.5791f,-0.9422f,5.8588f,-0.4767f,-0.9099f,-1.0463f,-0.5617f,0f,0f,0f,1f],start_interpolation: 0,interpolation_duration: 1}
$data merge entity $(right_arm) {transformation: [-0.9375f,-0.0404f,0.3456f,-0.2499f,0.0309f,0.9796f,0.1984f,6.1268f,-0.3466f,0.1967f,-0.9172f,-0.3171f,0f,0f,0f,1f],start_interpolation: 0,interpolation_duration: 1}
$data merge entity $(left_thumb_2) {transformation: [0.0935f,0.0258f,0.9953f,0.6552f,-0.9758f,-0.1963f,0.0968f,7.3285f,0.1979f,-0.9802f,0.0068f,3.0439f,0f,0f,0f,1f],start_interpolation: 0,interpolation_duration: 1}
$data merge entity $(left_thumb) {transformation: [0.0935f,0.8748f,0.4753f,0.9161f,-0.9758f,-0.0143f,0.2184f,7.4655f,0.1979f,-0.4842f,0.8523f,2.8468f,0f,0f,0f,1f],start_interpolation: 0,interpolation_duration: 1}
$data merge entity $(left_fingers2) {transformation: [0.1162f,-0.5978f,0.7932f,0.6122f,0.9919f,0.029f,-0.1235f,7.4321f,0.0508f,0.8011f,0.5964f,3.3791f,0f,0f,0f,1f],start_interpolation: 0,interpolation_duration: 1}
$data merge entity $(left_fingers) {transformation: [0.5352f,0.2906f,0.7932f,0.6858f,-0.3259f,0.9373f,-0.1235f,7.7075f,-0.7793f,-0.1924f,0.5964f,3.3507f,0f,0f,0f,1f],start_interpolation: 0,interpolation_duration: 1}
$data merge entity $(left_hand) {transformation: [-0.2428f,0.5585f,0.7932f,1.0626f,-0.9621f,-0.243f,-0.1235f,7.548f,0.1238f,-0.7931f,0.5964f,2.8905f,0f,0f,0f,1f],start_interpolation: 0,interpolation_duration: 1}
$data merge entity $(left_forearm) {transformation: [-1.2712f,0.5175f,0.1162f,1.7933f,-0.4929f,-1.0413f,-0.7549f,5.9319f,-0.1957f,-0.7383f,1.1462f,1.8122f,0f,0f,0f,1f],start_interpolation: 0,interpolation_duration: 1}
$data merge entity $(left_shoulder) {transformation: [-0.8408f,-0.3853f,1.1377f,1.1174f,-1.1882f,0.0629f,-0.8568f,5.7966f,0.1764f,-1.4133f,-0.3483f,0.1359f,0f,0f,0f,1f],start_interpolation: 0,interpolation_duration: 1}
$data merge entity $(left_arm) {transformation: [-0.9375f,-0.0404f,0.3456f,0.5799f,0.0309f,0.9796f,0.1984f,6.0995f,-0.3466f,0.1967f,-0.9172f,-0.0103f,0f,0f,0f,1f],start_interpolation: 0,interpolation_duration: 1}
$data merge entity $(chest) {transformation: [-1.1987f,-0.0517f,0.4418f,0.25f,0.0395f,1.2525f,0.2537f,4.3508f,-0.4431f,0.2515f,-1.1726f,-0.5506f,0f,0f,0f,1f],start_interpolation: 0,interpolation_duration: 1}
data modify storage animated_java:temp entry.data merge value {"locators":{"consume":{"px":-0.8411039997,"py":6.8690850063,"pz":2.2421682538,"ry":223.4016319537,"rx":-21.0455537489}}}
# Data Manager: Prepare for Read / Write
execute store result storage animated_java:temp args.id int 1 run scoreboard players get @s aj.id
# Data Manager: Write
function animated_java:global/data_manager/write with storage animated_java:temp args