# This file was generated by Animated Java via MC-Build. It is not recommended to edit this file directly.
$data merge entity $(neck) {transformation: [-0.9627f,-0.1074f,0.2484f,0.1846f,-0.0039f,0.9232f,0.3842f,6.1614f,-0.2706f,0.3689f,-0.8892f,-0.2129f,0f,0f,0f,1f],start_interpolation: 0,interpolation_duration: 1}
$data merge entity $(right_thumb_2) {transformation: [-0.2741f,-0.0393f,-0.9609f,-0.8677f,0.9371f,-0.2356f,-0.2577f,6.6799f,-0.2163f,-0.971f,0.1014f,1.7909f,0f,0f,0f,1f],start_interpolation: 0,interpolation_duration: 1}
$data merge entity $(right_thumb) {transformation: [-0.2741f,-0.8518f,-0.4464f,-1.1761f,0.9371f,-0.341f,0.0752f,6.7081f,-0.2163f,-0.3977f,0.8917f,1.6183f,0f,0f,0f,1f],start_interpolation: 0,interpolation_duration: 1}
$data merge entity $(right_fingers2) {transformation: [0.4538f,0.6159f,-0.644f,-0.8353f,-0.8896f,0.2715f,-0.3672f,6.8066f,-0.0513f,0.7396f,0.6711f,2.1193f,0f,0f,0f,1f],start_interpolation: 0,interpolation_duration: 1}
$data merge entity $(right_fingers) {transformation: [0.4509f,-0.618f,-0.644f,-1.0034f,0.5265f,0.7668f,-0.3672f,7.0373f,0.7208f,-0.1735f,0.6711f,2.0951f,0f,0f,0f,1f],start_interpolation: 0,interpolation_duration: 1}
$data merge entity $(scout) {transformation: [0f,0f,0f,-0.9925f,0f,0f,0f,6.8341f,0f,0f,0f,2.1533f,0f,0f,0f,1f],start_interpolation: 0,interpolation_duration: 1}
$data merge entity $(right_hand) {transformation: [-0.5763f,-0.5031f,-0.644f,-1.338f,0.8098f,-0.4576f,-0.3672f,6.736f,-0.11f,-0.7331f,0.6711f,1.675f,0f,0f,0f,1f],start_interpolation: 0,interpolation_duration: 1}
$data merge entity $(right_forearm) {transformation: [-0.7144f,-0.5655f,-1.0329f,-2.1976f,1.0246f,-0.894f,-0.2193f,5.3391f,-0.5804f,-0.8821f,0.8844f,0.4029f,0f,0f,0f,1f],start_interpolation: 0,interpolation_duration: 1}
$data merge entity $(right_shoulder) {transformation: [-0.988f,1.0005f,-0.4153f,-0.7652f,0.9713f,0.5692f,-0.9394f,5.8675f,-0.4798f,-0.9082f,-1.0464f,-0.574f,0f,0f,0f,1f],start_interpolation: 0,interpolation_duration: 1}
$data merge entity $(right_arm) {transformation: [-0.9375f,-0.0374f,0.3459f,-0.2444f,0.0309f,0.9813f,0.1897f,6.136f,-0.3466f,0.1886f,-0.9189f,-0.3317f,0f,0f,0f,1f],start_interpolation: 0,interpolation_duration: 1}
$data merge entity $(left_thumb_2) {transformation: [0.0979f,0.0237f,0.9949f,0.6638f,-0.9777f,-0.1844f,0.1006f,7.3336f,0.1858f,-0.9826f,0.0051f,3.048f,0f,0f,0f,1f],start_interpolation: 0,interpolation_duration: 1}
$data merge entity $(left_thumb) {transformation: [0.0979f,0.8735f,0.477f,0.9235f,-0.9777f,-0.0051f,0.21f,7.474f,0.1858f,-0.4869f,0.8535f,2.8518f,0f,0f,0f,1f],start_interpolation: 0,interpolation_duration: 1}
$data merge entity $(left_fingers2) {transformation: [0.1125f,-0.5956f,0.7954f,0.6214f,0.9917f,0.017f,-0.1276f,7.433f,0.0624f,0.8031f,0.5925f,3.3846f,0f,0f,0f,1f],start_interpolation: 0,interpolation_duration: 1}
$data merge entity $(left_fingers) {transformation: [0.5342f,0.2864f,0.7954f,0.6938f,-0.3144f,0.9407f,-0.1276f,7.709f,-0.7847f,-0.1819f,0.5925f,3.3592f,0f,0f,0f,1f],start_interpolation: 0,interpolation_duration: 1}
$data merge entity $(left_hand) {transformation: [-0.2388f,0.5571f,0.7954f,1.0699f,-0.9645f,-0.2312f,-0.1276f,7.5565f,0.1129f,-0.7976f,0.5925f,2.8961f,0f,0f,0f,1f],start_interpolation: 0,interpolation_duration: 1}
$data merge entity $(left_forearm) {transformation: [-1.2698f,0.5193f,0.1225f,1.8036f,-0.4955f,-1.0303f,-0.7682f,5.9563f,-0.198f,-0.7523f,1.1367f,1.7964f,0f,0f,0f,1f],start_interpolation: 0,interpolation_duration: 1}
$data merge entity $(left_shoulder) {transformation: [-0.8351f,-0.3909f,1.14f,1.122f,-1.1903f,0.0504f,-0.8547f,5.8053f,0.1887f,-1.4123f,-0.346f,0.1237f,0f,0f,0f,1f],start_interpolation: 0,interpolation_duration: 1}
$data merge entity $(left_arm) {transformation: [-0.9375f,-0.0374f,0.3459f,0.5854f,0.0309f,0.9813f,0.1897f,6.1086f,-0.3466f,0.1886f,-0.9189f,-0.0249f,0f,0f,0f,1f],start_interpolation: 0,interpolation_duration: 1}
$data merge entity $(chest) {transformation: [-1.1987f,-0.0478f,0.4423f,0.25f,0.0395f,1.2547f,0.2426f,4.3565f,-0.4431f,0.2411f,-1.1748f,-0.5506f,0f,0f,0f,1f],start_interpolation: 0,interpolation_duration: 1}
data modify storage animated_java:temp entry.data merge value {"locators":{"consume":{"px":-0.8596544259,"py":6.880249002,"pz":2.2486238762,"ry":223.8195543887,"rx":-21.5408124989}}}
# Data Manager: Prepare for Read / Write
execute store result storage animated_java:temp args.id int 1 run scoreboard players get @s aj.id
# Data Manager: Write
function animated_java:global/data_manager/write with storage animated_java:temp args