# This file was generated by Animated Java via MC-Build. It is not recommended to edit this file directly.
$data merge entity $(neck) {transformation: [-0.9627f,-0.107f,0.2484f,0.1878f,-0.0035f,0.9232f,0.3843f,6.165f,-0.2704f,0.3691f,-0.8892f,-0.2214f,0f,0f,0f,1f],start_interpolation: 0,interpolation_duration: 1}
$data merge entity $(right_thumb_2) {transformation: [-0.273f,-0.0356f,-0.9614f,-0.8735f,0.9378f,-0.2325f,-0.2577f,6.6883f,-0.2143f,-0.972f,0.0968f,1.7938f,0f,0f,0f,1f],start_interpolation: 0,interpolation_duration: 1}
$data merge entity $(right_thumb) {transformation: [-0.273f,-0.8504f,-0.4499f,-1.1812f,0.9378f,-0.3394f,0.0725f,6.7172f,-0.2143f,-0.4021f,0.8902f,1.6201f,0f,0f,0f,1f],start_interpolation: 0,interpolation_duration: 1}
$data merge entity $(right_fingers2) {transformation: [0.4537f,0.6131f,-0.6468f,-0.8423f,-0.8896f,0.2689f,-0.3692f,6.814f,-0.0524f,0.7429f,0.6674f,2.1228f,0f,0f,0f,1f],start_interpolation: 0,interpolation_duration: 1}
$data merge entity $(right_fingers) {transformation: [0.4482f,-0.6171f,-0.6468f,-1.0103f,0.524f,0.7676f,-0.3692f,7.0448f,0.7242f,-0.1734f,0.6674f,2.0987f,0f,0f,0f,1f],start_interpolation: 0,interpolation_duration: 1}
$data merge entity $(scout) {transformation: [0f,0f,0f,-0.9996f,0f,0f,0f,6.8414f,0f,0f,0f,2.1563f,0f,0f,0f,1f],start_interpolation: 0,interpolation_duration: 1}
$data merge entity $(right_hand) {transformation: [-0.5757f,-0.5003f,-0.6468f,-1.3433f,0.8103f,-0.4551f,-0.3692f,6.7449f,-0.1097f,-0.7366f,0.6674f,1.6763f,0f,0f,0f,1f],start_interpolation: 0,interpolation_duration: 1}
$data merge entity $(right_forearm) {transformation: [-0.7119f,-0.5623f,-1.0364f,-2.1982f,1.0267f,-0.8909f,-0.2218f,5.3524f,-0.5798f,-0.8872f,0.8796f,0.3963f,0f,0f,0f,1f],start_interpolation: 0,interpolation_duration: 1}
$data merge entity $(right_shoulder) {transformation: [-0.9823f,1.004f,-0.4204f,-0.7625f,0.9762f,0.562f,-0.9386f,5.871f,-0.4816f,-0.9088f,-1.045f,-0.581f,0f,0f,0f,1f],start_interpolation: 0,interpolation_duration: 1}
$data merge entity $(right_arm) {transformation: [-0.9375f,-0.0356f,0.3461f,-0.2412f,0.0309f,0.9823f,0.1848f,6.1397f,-0.3466f,0.1839f,-0.9198f,-0.34f,0f,0f,0f,1f],start_interpolation: 0,interpolation_duration: 1}
$data merge entity $(left_thumb_2) {transformation: [0.1011f,0.0224f,0.9946f,0.6657f,-0.9782f,-0.1803f,0.1035f,7.3392f,0.1816f,-0.9834f,0.0037f,3.0473f,0f,0f,0f,1f],start_interpolation: 0,interpolation_duration: 1}
$data merge entity $(left_thumb) {transformation: [0.1011f,0.8726f,0.4779f,0.9247f,-0.9782f,-0.0005f,0.2079f,7.4811f,0.1816f,-0.4885f,0.8535f,2.8512f,0f,0f,0f,1f],start_interpolation: 0,interpolation_duration: 1}
$data merge entity $(left_fingers2) {transformation: [0.1097f,-0.5942f,0.7968f,0.6236f,0.9917f,0.0119f,-0.1276f,7.4371f,0.0664f,0.8043f,0.5906f,3.3844f,0f,0f,0f,1f],start_interpolation: 0,interpolation_duration: 1}
$data merge entity $(left_fingers) {transformation: [0.5337f,0.2833f,0.7968f,0.6952f,-0.3096f,0.9423f,-0.1276f,7.7134f,-0.787f,-0.1786f,0.5906f,3.36f,0f,0f,0f,1f],start_interpolation: 0,interpolation_duration: 1}
$data merge entity $(left_hand) {transformation: [-0.2357f,0.5563f,0.7968f,1.0709f,-0.9657f,-0.2263f,-0.1276f,7.564f,0.1093f,-0.7996f,0.5906f,2.8956f,0f,0f,0f,1f],start_interpolation: 0,interpolation_duration: 1}
$data merge entity $(left_forearm) {transformation: [-1.2687f,0.521f,0.1269f,1.8074f,-0.4984f,-1.0256f,-0.7725f,5.9705f,-0.1977f,-0.7575f,1.1333f,1.7879f,0f,0f,0f,1f],start_interpolation: 0,interpolation_duration: 1}
$data merge entity $(left_shoulder) {transformation: [-0.8318f,-0.3923f,1.142f,1.1247f,-1.1915f,0.0418f,-0.8535f,5.8088f,0.1958f,-1.4122f,-0.3425f,0.1167f,0f,0f,0f,1f],start_interpolation: 0,interpolation_duration: 1}
$data merge entity $(left_arm) {transformation: [-0.9375f,-0.0356f,0.3461f,0.5886f,0.0309f,0.9823f,0.1848f,6.1124f,-0.3466f,0.1839f,-0.9198f,-0.0333f,0f,0f,0f,1f],start_interpolation: 0,interpolation_duration: 1}
$data merge entity $(chest) {transformation: [-1.1987f,-0.0455f,0.4425f,0.25f,0.0395f,1.2559f,0.2362f,4.3584f,-0.4431f,0.2352f,-1.176f,-0.5506f,0f,0f,0f,1f],start_interpolation: 0,interpolation_duration: 1}
data modify storage animated_java:temp entry.data merge value {"locators":{"consume":{"px":-0.8671212708,"py":6.8871533904,"pz":2.2522527104,"ry":224.1001769583,"rx":-21.6633841764}}}
# Data Manager: Prepare for Read / Write
execute store result storage animated_java:temp args.id int 1 run scoreboard players get @s aj.id
# Data Manager: Write
function animated_java:global/data_manager/write with storage animated_java:temp args