# This file was generated by Animated Java via MC-Build. It is not recommended to edit this file directly.
$data merge entity $(neck) {transformation: [-0.9631f,-0.1038f,0.2484f,0.2127f,-0.0003f,0.9232f,0.3844f,6.1652f,-0.2692f,0.3701f,-0.8891f,-0.2877f,0f,0f,0f,1f],start_interpolation: 0,interpolation_duration: 1}
$data merge entity $(right_thumb_2) {transformation: [-0.2247f,-0.0064f,-0.9744f,-0.8639f,0.9463f,-0.2398f,-0.2167f,6.7539f,-0.2322f,-0.9708f,0.06f,1.8196f,0f,0f,0f,1f],start_interpolation: 0,interpolation_duration: 1}
$data merge entity $(right_thumb) {transformation: [-0.2247f,-0.8471f,-0.4816f,-1.1629f,0.9463f,-0.3075f,0.0993f,6.7939f,-0.2322f,-0.4335f,0.8707f,1.6334f,0f,0f,0f,1f],start_interpolation: 0,interpolation_duration: 1}
$data merge entity $(right_fingers2) {transformation: [0.4178f,0.5936f,-0.6878f,-0.8407f,-0.9081f,0.2501f,-0.3358f,6.8811f,-0.0273f,0.7649f,0.6436f,2.1485f,0f,0f,0f,1f],start_interpolation: 0,interpolation_duration: 1}
$data merge entity $(right_fingers) {transformation: [0.4405f,-0.577f,-0.6878f,-0.9977f,0.5116f,0.7909f,-0.3358f,7.1185f,0.7377f,-0.204f,0.6436f,2.116f,0f,0f,0f,1f],start_interpolation: 0,interpolation_duration: 1}
$data merge entity $(scout) {transformation: [0f,0f,0f,-0.9979f,0f,0f,0f,6.9154f,0f,0f,0f,2.1755f,0f,0f,0f,1f],start_interpolation: 0,interpolation_duration: 1}
$data merge entity $(right_hand) {transformation: [-0.5364f,-0.4891f,-0.6878f,-1.3258f,0.8325f,-0.4407f,-0.3358f,6.8288f,-0.1389f,-0.7527f,0.6436f,1.6828f,0f,0f,0f,1f],start_interpolation: 0,interpolation_duration: 1}
$data merge entity $(right_forearm) {transformation: [-0.6446f,-0.5632f,-1.0791f,-2.1865f,1.05f,-0.875f,-0.1705f,5.4612f,-0.6158f,-0.9024f,0.8388f,0.38f,0f,0f,0f,1f],start_interpolation: 0,interpolation_duration: 1}
$data merge entity $(right_shoulder) {transformation: [-0.9368f,1.017f,-0.4878f,-0.742f,1.0125f,0.4787f,-0.9464f,5.8711f,-0.4972f,-0.9415f,-1.0081f,-0.6353f,0f,0f,0f,1f],start_interpolation: 0,interpolation_duration: 1}
$data merge entity $(right_arm) {transformation: [-0.9375f,-0.0221f,0.3472f,-0.2168f,0.0309f,0.9888f,0.1463f,6.1414f,-0.3466f,0.1479f,-0.9263f,-0.4049f,0f,0f,0f,1f],start_interpolation: 0,interpolation_duration: 1}
$data merge entity $(left_thumb_2) {transformation: [0.1397f,0.0119f,0.9901f,0.6278f,-0.9703f,-0.1979f,0.1393f,7.4327f,0.1976f,-0.9802f,-0.0161f,2.9861f,0f,0f,0f,1f],start_interpolation: 0,interpolation_duration: 1}
$data merge entity $(left_thumb) {transformation: [0.1397f,0.8634f,0.4847f,0.878f,-0.9703f,0.0217f,0.241f,7.5802f,0.1976f,-0.504f,0.8408f,2.7828f,0f,0f,0f,1f],start_interpolation: 0,interpolation_duration: 1}
$data merge entity $(left_fingers2) {transformation: [0.0747f,-0.5802f,0.8111f,0.588f,0.9961f,0.0057f,-0.0877f,7.5354f,0.0463f,0.8145f,0.5784f,3.322f,0f,0f,0f,1f],start_interpolation: 0,interpolation_duration: 1}
$data merge entity $(left_fingers) {transformation: [0.5309f,0.2457f,0.8111f,0.649f,-0.305f,0.9483f,-0.0877f,7.8136f,-0.7907f,-0.2008f,0.5784f,3.2913f,0f,0f,0f,1f],start_interpolation: 0,interpolation_duration: 1}
$data merge entity $(left_hand) {transformation: [-0.1985f,0.5503f,0.8111f,1.0219f,-0.9713f,-0.2212f,-0.0877f,7.669f,0.1311f,-0.8052f,0.5784f,2.823f,0f,0f,0f,1f],start_interpolation: 0,interpolation_duration: 1}
$data merge entity $(left_forearm) {transformation: [-1.253f,0.5447f,0.1744f,1.7965f,-0.5475f,-1.0203f,-0.7459f,6.0825f,-0.1658f,-0.7479f,1.1447f,1.7315f,0f,0f,0f,1f],start_interpolation: 0,interpolation_duration: 1}
$data merge entity $(left_shoulder) {transformation: [-0.8061f,-0.3701f,1.1675f,1.1452f,-1.1987f,-0.0484f,-0.843f,5.8089f,0.2514f,-1.4179f,-0.276f,0.0623f,0f,0f,0f,1f],start_interpolation: 0,interpolation_duration: 1}
$data merge entity $(left_arm) {transformation: [-0.9375f,-0.0221f,0.3472f,0.613f,0.0309f,0.9888f,0.1463f,6.114f,-0.3466f,0.1479f,-0.9263f,-0.0981f,0f,0f,0f,1f],start_interpolation: 0,interpolation_duration: 1}
$data merge entity $(chest) {transformation: [-1.1987f,-0.0282f,0.444f,0.25f,0.0395f,1.2642f,0.1871f,4.3471f,-0.4431f,0.1891f,-1.1843f,-0.5506f,0f,0f,0f,1f],start_interpolation: 0,interpolation_duration: 1}
data modify storage animated_java:temp entry.data merge value {"locators":{"consume":{"px":-0.8675475149,"py":6.9564955495,"pz":2.2763556497,"ry":226.901278089,"rx":-19.6220865217}}}
# Data Manager: Prepare for Read / Write
execute store result storage animated_java:temp args.id int 1 run scoreboard players get @s aj.id
# Data Manager: Write
function animated_java:global/data_manager/write with storage animated_java:temp args