# This file was generated by Animated Java via MC-Build. It is not recommended to edit this file directly.
$data merge entity $(neck) {transformation: [-0.9631f,-0.1034f,0.2484f,0.2159f,0.0001f,0.9232f,0.3844f,6.1577f,-0.2691f,0.3703f,-0.8891f,-0.2961f,0f,0f,0f,1f],start_interpolation: 0,interpolation_duration: 1}
$data merge entity $(right_thumb_2) {transformation: [-0.2076f,-0.0031f,-0.9782f,-0.8472f,0.9473f,-0.25f,-0.2002f,6.7634f,-0.2439f,-0.9682f,0.0548f,1.8235f,0f,0f,0f,1f],start_interpolation: 0,interpolation_duration: 1}
$data merge entity $(right_thumb) {transformation: [-0.2076f,-0.8487f,-0.4864f,-1.1442f,0.9473f,-0.2984f,0.1164f,6.8062f,-0.2439f,-0.4366f,0.8659f,1.6346f,0f,0f,0f,1f],start_interpolation: 0,interpolation_duration: 1}
$data merge entity $(right_fingers2) {transformation: [0.4032f,0.5919f,-0.6979f,-0.8244f,-0.915f,0.2486f,-0.3177f,6.8938f,-0.0145f,0.7667f,0.6418f,2.1513f,0f,0f,0f,1f],start_interpolation: 0,interpolation_duration: 1}
$data merge entity $(right_fingers) {transformation: [0.4433f,-0.5625f,-0.6979f,-0.9773f,0.5123f,0.7979f,-0.3177f,7.1333f,0.7356f,-0.2167f,0.6418f,2.115f,0f,0f,0f,1f],start_interpolation: 0,interpolation_duration: 1}
$data merge entity $(scout) {transformation: [0f,0f,0f,-0.9813f,0f,0f,0f,6.9308f,0f,0f,0f,2.1766f,0f,0f,0f,1f],start_interpolation: 0,interpolation_duration: 1}
$data merge entity $(right_hand) {transformation: [-0.5218f,-0.4906f,-0.6979f,-1.3069f,0.8395f,-0.4408f,-0.3177f,6.8443f,-0.1518f,-0.7517f,0.6418f,1.6824f,0f,0f,0f,1f],start_interpolation: 0,interpolation_duration: 1}
$data merge entity $(right_forearm) {transformation: [-0.6228f,-0.5706f,-1.0879f,-2.1799f,1.0536f,-0.8754f,-0.144f,5.477f,-0.6317f,-0.8973f,0.8323f,0.3876f,0f,0f,0f,1f],start_interpolation: 0,interpolation_duration: 1}
$data merge entity $(right_shoulder) {transformation: [-0.9308f,1.0143f,-0.5046f,-0.7394f,1.0169f,0.4602f,-0.9508f,5.8637f,-0.4993f,-0.9535f,-0.9956f,-0.6423f,0f,0f,0f,1f],start_interpolation: 0,interpolation_duration: 1}
$data merge entity $(right_arm) {transformation: [-0.9375f,-0.0204f,0.3473f,-0.2137f,0.0309f,0.9895f,0.1414f,6.1341f,-0.3466f,0.1433f,-0.927f,-0.4132f,0f,0f,0f,1f],start_interpolation: 0,interpolation_duration: 1}
$data merge entity $(left_thumb_2) {transformation: [0.1481f,0.0108f,0.9889f,0.6075f,-0.9657f,-0.214f,0.147f,7.459f,0.2133f,-0.9768f,-0.0213f,2.9621f,0f,0f,0f,1f],start_interpolation: 0,interpolation_duration: 1}
$data merge entity $(left_thumb) {transformation: [0.1481f,0.8618f,0.4851f,0.8559f,-0.9657f,0.0203f,0.2589f,7.6051f,0.2133f,-0.5068f,0.8353f,2.7557f,0f,0f,0f,1f],start_interpolation: 0,interpolation_duration: 1}
$data merge entity $(left_fingers2) {transformation: [0.0668f,-0.5779f,0.8133f,0.5678f,0.9973f,0.0146f,-0.0715f,7.5669f,0.0295f,0.8159f,0.5774f,3.2964f,0f,0f,0f,1f],start_interpolation: 0,interpolation_duration: 1}
$data merge entity $(left_fingers) {transformation: [0.5311f,0.2375f,0.8133f,0.6265f,-0.3138f,0.9468f,-0.0715f,7.8451f,-0.7871f,-0.2172f,0.5774f,3.2609f,0f,0f,0f,1f],start_interpolation: 0,interpolation_duration: 1}
$data merge entity $(left_hand) {transformation: [-0.1903f,0.5498f,0.8133f,0.9992f,-0.9705f,-0.2301f,-0.0715f,7.6957f,0.1478f,-0.803f,0.5774f,2.794f,0f,0f,0f,1f],start_interpolation: 0,interpolation_duration: 1}
$data merge entity $(left_forearm) {transformation: [-1.249f,0.5509f,0.1837f,1.7836f,-0.5602f,-1.0282f,-0.7253f,6.0976f,-0.153f,-0.7324f,1.1564f,1.7267f,0f,0f,0f,1f],start_interpolation: 0,interpolation_duration: 1}
$data merge entity $(left_shoulder) {transformation: [-0.8028f,-0.3578f,1.1736f,1.1478f,-1.1994f,-0.0667f,-0.8407f,5.8015f,0.2585f,-1.4203f,-0.2561f,0.0554f,0f,0f,0f,1f],start_interpolation: 0,interpolation_duration: 1}
$data merge entity $(left_arm) {transformation: [-0.9375f,-0.0204f,0.3473f,0.6161f,0.0309f,0.9895f,0.1414f,6.1068f,-0.3466f,0.1433f,-0.927f,-0.1064f,0f,0f,0f,1f],start_interpolation: 0,interpolation_duration: 1}
$data merge entity $(chest) {transformation: [-1.1987f,-0.026f,0.4441f,0.25f,0.0395f,1.2651f,0.1808f,4.3384f,-0.4431f,0.1832f,-1.1852f,-0.5506f,0f,0f,0f,1f],start_interpolation: 0,interpolation_duration: 1}
data modify storage animated_java:temp entry.data merge value {"locators":{"consume":{"px":-0.8509946205,"py":6.9709512662,"pz":2.2780728172,"ry":227.3963788096,"rx":-18.5258988511}}}
# Data Manager: Prepare for Read / Write
execute store result storage animated_java:temp args.id int 1 run scoreboard players get @s aj.id
# Data Manager: Write
function animated_java:global/data_manager/write with storage animated_java:temp args