# This file was generated by Animated Java via MC-Build. It is not recommended to edit this file directly.
$data merge entity $(neck) {transformation: [-0.9627f,-0.1074f,0.2484f,0.1846f,-0.0039f,0.9232f,0.3842f,6.1057f,-0.2706f,0.3689f,-0.8892f,-0.2129f,0f,0f,0f,1f],start_interpolation: 0,interpolation_duration: 1}
$data merge entity $(right_thumb_2) {transformation: [-0.1892f,-0.0432f,-0.981f,-0.7493f,0.9391f,-0.2998f,-0.1679f,6.674f,-0.2869f,-0.953f,0.0973f,1.8034f,0f,0f,0f,1f],start_interpolation: 0,interpolation_duration: 1}
$data merge entity $(right_thumb) {transformation: [-0.1892f,-0.8711f,-0.4531f,-1.0512f,0.9391f,-0.2953f,0.1757f,6.7158f,-0.2869f,-0.3923f,0.874f,1.6224f,0f,0f,0f,1f],start_interpolation: 0,interpolation_duration: 1}
$data merge entity $(right_fingers2) {transformation: [0.3767f,0.6245f,-0.6842f,-0.7116f,-0.9261f,0.2705f,-0.263f,6.8206f,0.0208f,0.7327f,0.6802f,2.1229f,0f,0f,0f,1f],start_interpolation: 0,interpolation_duration: 1}
$data merge entity $(right_fingers) {transformation: [0.4823f,-0.5471f,-0.6842f,-0.8589f,0.5364f,0.8019f,-0.263f,7.0623f,0.6926f,-0.2402f,0.6802f,2.079f,0f,0f,0f,1f],start_interpolation: 0,interpolation_duration: 1}
$data merge entity $(scout) {transformation: [0f,0f,0f,-0.8664f,0f,0f,0f,6.8635f,0f,0f,0f,2.1514f,0f,0f,0f,1f],start_interpolation: 0,interpolation_duration: 1}
$data merge entity $(right_hand) {transformation: [-0.5029f,-0.5281f,-0.6842f,-1.211f,0.8456f,-0.4645f,-0.263f,6.7611f,-0.1789f,-0.7109f,0.6802f,1.6734f,0f,0f,0f,1f],start_interpolation: 0,interpolation_duration: 1}
$data merge entity $(right_forearm) {transformation: [-0.6143f,-0.6252f,-1.0625f,-2.1657f,1.0374f,-0.9035f,-0.0682f,5.3549f,-0.666f,-0.8306f,0.8738f,0.4819f,0f,0f,0f,1f],start_interpolation: 0,interpolation_duration: 1}
$data merge entity $(right_shoulder) {transformation: [-0.988f,0.9728f,-0.4767f,-0.7652f,0.9713f,0.5097f,-0.9729f,5.8118f,-0.4798f,-0.9714f,-0.9879f,-0.574f,0f,0f,0f,1f],start_interpolation: 0,interpolation_duration: 1}
$data merge entity $(right_arm) {transformation: [-0.9375f,-0.0374f,0.3459f,-0.2444f,0.0309f,0.9813f,0.1897f,6.0803f,-0.3466f,0.1886f,-0.9189f,-0.3317f,0f,0f,0f,1f],start_interpolation: 0,interpolation_duration: 1}
$data merge entity $(left_thumb_2) {transformation: [0.1251f,0.0262f,0.9918f,0.543f,-0.9488f,-0.2892f,0.1273f,7.4393f,0.2902f,-0.9569f,-0.0113f,2.9233f,0f,0f,0f,1f],start_interpolation: 0,interpolation_duration: 1}
$data merge entity $(left_thumb) {transformation: [0.1251f,0.872f,0.4732f,0.7984f,-0.9488f,-0.0344f,0.3141f,7.5644f,0.2902f,-0.4882f,0.8231f,2.7116f,0f,0f,0f,1f],start_interpolation: 0,interpolation_duration: 1}
$data merge entity $(left_fingers2) {transformation: [0.0855f,-0.5938f,0.8001f,0.4988f,0.9953f,0.088f,-0.041f,7.5734f,-0.0461f,0.7998f,0.5985f,3.2473f,0f,0f,0f,1f],start_interpolation: 0,interpolation_duration: 1}
$data merge entity $(left_fingers) {transformation: [0.5406f,0.2601f,0.8001f,0.5635f,-0.3832f,0.9227f,-0.041f,7.8469f,-0.7489f,-0.2844f,0.5985f,3.1918f,0f,0f,0f,1f],start_interpolation: 0,interpolation_duration: 1}
$data merge entity $(left_hand) {transformation: [-0.212f,0.5612f,0.8001f,0.9425f,-0.9526f,-0.3013f,-0.041f,7.6552f,0.2181f,-0.7709f,0.5985f,2.7459f,0f,0f,0f,1f],start_interpolation: 0,interpolation_duration: 1}
$data merge entity $(left_forearm) {transformation: [-1.2563f,0.5454f,0.1463f,1.717f,-0.5481f,-1.0915f,-0.6367f,5.9655f,-0.1362f,-0.6389f,1.2126f,1.8221f,0f,0f,0f,1f],start_interpolation: 0,interpolation_duration: 1}
$data merge entity $(left_shoulder) {transformation: [-0.8351f,-0.3193f,1.1621f,1.122f,-1.1903f,-0.0029f,-0.8561f,5.7496f,0.1887f,-1.431f,-0.2576f,0.1237f,0f,0f,0f,1f],start_interpolation: 0,interpolation_duration: 1}
$data merge entity $(left_arm) {transformation: [-0.9375f,-0.0374f,0.3459f,0.5854f,0.0309f,0.9813f,0.1897f,6.0529f,-0.3466f,0.1886f,-0.9189f,-0.0249f,0f,0f,0f,1f],start_interpolation: 0,interpolation_duration: 1}
$data merge entity $(chest) {transformation: [-1.1987f,-0.0478f,0.4423f,0.25f,0.0395f,1.2547f,0.2426f,4.3009f,-0.4431f,0.2411f,-1.1748f,-0.5506f,0f,0f,0f,1f],start_interpolation: 0,interpolation_duration: 1}
data modify storage animated_java:temp entry.data merge value {"locators":{"consume":{"px":-0.7317192739,"py":6.9049472197,"pz":2.2462587899,"ry":225.1683160824,"rx":-15.2505458898}}}
# Data Manager: Prepare for Read / Write
execute store result storage animated_java:temp args.id int 1 run scoreboard players get @s aj.id
# Data Manager: Write
function animated_java:global/data_manager/write with storage animated_java:temp args