# This file was generated by Animated Java via MC-Build. It is not recommended to edit this file directly.
$data merge entity $(neck) {transformation: [-0.9631f,-0.1032f,0.2484f,0.217f,0.0002f,0.9232f,0.3844f,6.1485f,-0.269f,0.3703f,-0.8891f,-0.299f,0f,0f,0f,1f],start_interpolation: 0,interpolation_duration: 1}
$data merge entity $(right_thumb_2) {transformation: [-0.1916f,-0.0026f,-0.9815f,-0.8272f,0.9473f,-0.2619f,-0.1843f,6.7676f,-0.2566f,-0.9651f,0.0526f,1.8257f,0f,0f,0f,1f],start_interpolation: 0,interpolation_duration: 1}
$data merge entity $(right_thumb) {transformation: [-0.1916f,-0.8513f,-0.4885f,-1.1226f,0.9473f,-0.2906f,0.1347f,6.8126f,-0.2566f,-0.437f,0.8621f,1.6349f,0f,0f,0f,1f],start_interpolation: 0,interpolation_duration: 1}
$data merge entity $(right_fingers2) {transformation: [0.3889f,0.5922f,-0.7057f,-0.8038f,-0.9213f,0.2489f,-0.2989f,6.9016f,-0.0013f,0.7664f,0.6424f,2.1519f,0f,0f,0f,1f],start_interpolation: 0,interpolation_duration: 1}
$data merge entity $(right_fingers) {transformation: [0.4478f,-0.549f,-0.7057f,-0.9528f,0.5144f,0.8038f,-0.2989f,7.143f,0.7313f,-0.2292f,0.6424f,2.112f,0f,0f,0f,1f],start_interpolation: 0,interpolation_duration: 1}
$data merge entity $(scout) {transformation: [0f,0f,0f,-0.9602f,0f,0f,0f,6.9414f,0f,0f,0f,2.1761f,0f,0f,0f,1f],start_interpolation: 0,interpolation_duration: 1}
$data merge entity $(right_hand) {transformation: [-0.5079f,-0.494f,-0.7057f,-1.2849f,0.8456f,-0.4424f,-0.2989f,6.8538f,-0.1646f,-0.7485f,0.6424f,1.6814f,0f,0f,0f,1f],start_interpolation: 0,interpolation_duration: 1}
$data merge entity $(right_forearm) {transformation: [-0.6034f,-0.5801f,-1.0939f,-2.1732f,1.0553f,-0.8774f,-0.1168f,5.4843f,-0.6477f,-0.8892f,0.8288f,0.3994f,0f,0f,0f,1f],start_interpolation: 0,interpolation_duration: 1}
$data merge entity $(right_shoulder) {transformation: [-0.9288f,1.0095f,-0.5179f,-0.7385f,1.0184f,0.4468f,-0.9555f,5.8545f,-0.5001f,-0.965f,-0.9842f,-0.6447f,0f,0f,0f,1f],start_interpolation: 0,interpolation_duration: 1}
$data merge entity $(right_arm) {transformation: [-0.9375f,-0.0198f,0.3474f,-0.2126f,0.0309f,0.9897f,0.1397f,6.125f,-0.3466f,0.1417f,-0.9273f,-0.416f,0f,0f,0f,1f],start_interpolation: 0,interpolation_duration: 1}
$data merge entity $(left_thumb_2) {transformation: [0.1541f,0.0109f,0.988f,0.5859f,-0.9606f,-0.2323f,0.1524f,7.4811f,0.2311f,-0.9726f,-0.0254f,2.9388f,0f,0f,0f,1f],start_interpolation: 0,interpolation_duration: 1}
$data merge entity $(left_thumb) {transformation: [0.1541f,0.8611f,0.4846f,0.8333f,-0.9606f,0.0159f,0.2773f,7.6247f,0.2311f,-0.5083f,0.8296f,2.7293f,0f,0f,0f,1f],start_interpolation: 0,interpolation_duration: 1}
$data merge entity $(left_fingers2) {transformation: [0.0609f,-0.577f,0.8145f,0.5461f,0.9981f,0.0265f,-0.0559f,7.5951f,0.0107f,0.8163f,0.5775f,3.271f,0f,0f,0f,1f],start_interpolation: 0,interpolation_duration: 1}
$data merge entity $(left_fingers) {transformation: [0.532f,0.2316f,0.8145f,0.603f,-0.3254f,0.9439f,-0.0559f,7.8728f,-0.7818f,-0.2353f,0.5775f,3.2303f,0f,0f,0f,1f],start_interpolation: 0,interpolation_duration: 1}
$data merge entity $(left_hand) {transformation: [-0.1843f,0.5501f,0.8145f,0.976f,-0.9687f,-0.2418f,-0.0559f,7.717f,0.1662f,-0.7993f,0.5775f,2.7657f,0f,0f,0f,1f],start_interpolation: 0,interpolation_duration: 1}
$data merge entity $(left_forearm) {transformation: [-1.2458f,0.5561f,0.1894f,1.7685f,-0.5703f,-1.0385f,-0.7024f,6.1037f,-0.1408f,-0.7138f,1.1696f,1.7275f,0f,0f,0f,1f],start_interpolation: 0,interpolation_duration: 1}
$data merge entity $(left_shoulder) {transformation: [-0.8016f,-0.3448f,1.1783f,1.1487f,-1.1996f,-0.0792f,-0.8393f,5.7923f,0.261f,-1.4229f,-0.2387f,0.053f,0f,0f,0f,1f],start_interpolation: 0,interpolation_duration: 1}
$data merge entity $(left_arm) {transformation: [-0.9375f,-0.0198f,0.3474f,0.6172f,0.0309f,0.9897f,0.1397f,6.0976f,-0.3466f,0.1417f,-0.9273f,-0.1093f,0f,0f,0f,1f],start_interpolation: 0,interpolation_duration: 1}
$data merge entity $(chest) {transformation: [-1.1987f,-0.0253f,0.4441f,0.25f,0.0395f,1.2654f,0.1786f,4.3287f,-0.4431f,0.1812f,-1.1855f,-0.5506f,0f,0f,0f,1f],start_interpolation: 0,interpolation_duration: 1}
data modify storage animated_java:temp entry.data merge value {"locators":{"consume":{"px":-0.8297983931,"py":6.9807281565,"pz":2.2776527645,"ry":227.6919275101,"rx":-17.3894278223}}}
# Data Manager: Prepare for Read / Write
execute store result storage animated_java:temp args.id int 1 run scoreboard players get @s aj.id
# Data Manager: Write
function animated_java:global/data_manager/write with storage animated_java:temp args