# This file was generated by Animated Java via MC-Build. It is not recommended to edit this file directly.
$data merge entity $(neck) {transformation: [-0.9631f,-0.1035f,0.2484f,0.2145f,-0.0001f,0.9232f,0.3844f,6.1333f,-0.2691f,0.3702f,-0.8891f,-0.2926f,0f,0f,0f,1f],start_interpolation: 0,interpolation_duration: 1}
$data merge entity $(right_thumb_2) {transformation: [-0.1733f,-0.0069f,-0.9848f,-0.7952f,0.9458f,-0.2799f,-0.1645f,6.762f,-0.2745f,-0.96f,0.0551f,1.8257f,0f,0f,0f,1f],start_interpolation: 0,interpolation_duration: 1}
$data merge entity $(right_thumb) {transformation: [-0.1733f,-0.8564f,-0.4864f,-1.0895f,0.9458f,-0.2824f,0.1601f,6.8091f,-0.2745f,-0.4323f,0.8589f,1.6338f,0f,0f,0f,1f],start_interpolation: 0,interpolation_duration: 1}
$data merge entity $(right_fingers2) {transformation: [0.3712f,0.5963f,-0.7118f,-0.7695f,-0.9284f,0.2519f,-0.2732f,6.9017f,0.0163f,0.7622f,0.6471f,2.1494f,0f,0f,0f,1f],start_interpolation: 0,interpolation_duration: 1}
$data merge entity $(right_fingers) {transformation: [0.4571f,-0.5334f,-0.7118f,-0.9138f,0.5194f,0.8097f,-0.2732f,7.145f,0.722f,-0.2448f,0.6471f,2.1048f,0f,0f,0f,1f],start_interpolation: 0,interpolation_duration: 1}
$data merge entity $(scout) {transformation: [0f,0f,0f,-0.9251f,0f,0f,0f,6.9449f,0f,0f,0f,2.1727f,0f,0f,0f,1f],start_interpolation: 0,interpolation_duration: 1}
$data merge entity $(right_hand) {transformation: [-0.4915f,-0.5018f,-0.7118f,-1.251f,0.8519f,-0.4468f,-0.2732f,6.8543f,-0.1809f,-0.7406f,0.6471f,1.6794f,0f,0f,0f,1f],start_interpolation: 0,interpolation_duration: 1}
$data merge entity $(right_forearm) {transformation: [-0.5826f,-0.5962f,-1.0965f,-2.1645f,1.0543f,-0.8827f,-0.0803f,5.4782f,-0.6679f,-0.8732f,0.8297f,0.4223f,0f,0f,0f,1f],start_interpolation: 0,interpolation_duration: 1}
$data merge entity $(right_shoulder) {transformation: [-0.9334f,0.9997f,-0.5285f,-0.7405f,1.015f,0.4386f,-0.9629f,5.8393f,-0.4984f,-0.9788f,-0.9713f,-0.6393f,0f,0f,0f,1f],start_interpolation: 0,interpolation_duration: 1}
$data merge entity $(right_arm) {transformation: [-0.9375f,-0.0211f,0.3473f,-0.215f,0.0309f,0.9892f,0.1435f,6.1097f,-0.3466f,0.1452f,-0.9267f,-0.4097f,0f,0f,0f,1f],start_interpolation: 0,interpolation_duration: 1}
$data merge entity $(left_thumb_2) {transformation: [0.1574f,0.0131f,0.9875f,0.5559f,-0.9532f,-0.2594f,0.1554f,7.5017f,0.2582f,-0.9657f,-0.0284f,2.9099f,0f,0f,0f,1f],start_interpolation: 0,interpolation_duration: 1}
$data merge entity $(left_thumb) {transformation: [0.1574f,0.8617f,0.4824f,0.803f,-0.9532f,0.0048f,0.3024f,7.6403f,0.2582f,-0.5074f,0.8221f,2.6968f,0f,0f,0f,1f],start_interpolation: 0,interpolation_duration: 1}
$data merge entity $(left_fingers2) {transformation: [0.0572f,-0.5782f,0.8139f,0.5152f,0.9982f,0.0472f,-0.0366f,7.6247f,-0.0172f,0.8145f,0.5799f,3.2388f,0f,0f,0f,1f],start_interpolation: 0,interpolation_duration: 1}
$data merge entity $(left_fingers) {transformation: [0.5343f,0.2284f,0.8139f,0.5711f,-0.3452f,0.9378f,-0.0366f,7.9014f,-0.7716f,-0.2614f,0.5799f,3.1903f,0f,0f,0f,1f],start_interpolation: 0,interpolation_duration: 1}
$data merge entity $(left_hand) {transformation: [-0.1809f,0.5521f,0.8139f,0.9453f,-0.9643f,-0.2621f,-0.0366f,7.734f,0.1931f,-0.7915f,0.5799f,2.7308f,0f,0f,0f,1f],start_interpolation: 0,interpolation_duration: 1}
$data merge entity $(left_forearm) {transformation: [-1.2435f,0.5609f,0.1904f,1.7453f,-0.5787f,-1.056f,-0.6686f,6.0953f,-0.1263f,-0.6836f,1.1891f,1.7393f,0f,0f,0f,1f],start_interpolation: 0,interpolation_duration: 1}
$data merge entity $(left_shoulder) {transformation: [-0.8042f,-0.3268f,1.1817f,1.1467f,-1.1991f,-0.0848f,-0.8395f,5.7771f,0.2555f,-1.4268f,-0.2208f,0.0583f,0f,0f,0f,1f],start_interpolation: 0,interpolation_duration: 1}
$data merge entity $(left_arm) {transformation: [-0.9375f,-0.0211f,0.3473f,0.6148f,0.0309f,0.9892f,0.1435f,6.0823f,-0.3466f,0.1452f,-0.9267f,-0.1029f,0f,0f,0f,1f],start_interpolation: 0,interpolation_duration: 1}
$data merge entity $(chest) {transformation: [-1.1987f,-0.027f,0.444f,0.25f,0.0395f,1.2647f,0.1834f,4.3145f,-0.4431f,0.1857f,-1.1848f,-0.5506f,0f,0f,0f,1f],start_interpolation: 0,interpolation_duration: 1}
data modify storage animated_java:temp entry.data merge value {"locators":{"consume":{"px":-0.7939930171,"py":6.9836017849,"pz":2.2736022568,"ry":227.7233808886,"rx":-15.8555905747}}}
# Data Manager: Prepare for Read / Write
execute store result storage animated_java:temp args.id int 1 run scoreboard players get @s aj.id
# Data Manager: Write
function animated_java:global/data_manager/write with storage animated_java:temp args