# This file was generated by Animated Java via MC-Build. It is not recommended to edit this file directly.
$data merge entity $(neck) {transformation: [-0.9631f,-0.1038f,0.2484f,0.2127f,-0.0003f,0.9232f,0.3844f,6.1284f,-0.2692f,0.3701f,-0.8891f,-0.2877f,0f,0f,0f,1f],start_interpolation: 0,interpolation_duration: 1}
$data merge entity $(right_thumb_2) {transformation: [-0.1693f,-0.0096f,-0.9855f,-0.7851f,0.9451f,-0.2852f,-0.1596f,6.757f,-0.2796f,-0.9584f,0.0573f,1.8249f,0f,0f,0f,1f],start_interpolation: 0,interpolation_duration: 1}
$data merge entity $(right_thumb) {transformation: [-0.1693f,-0.8583f,-0.4845f,-1.0794f,0.9451f,-0.2808f,0.1672f,6.8044f,-0.2796f,-0.4295f,0.8587f,1.6332f,0f,0f,0f,1f],start_interpolation: 0,interpolation_duration: 1}
$data merge entity $(right_fingers2) {transformation: [0.3669f,0.5986f,-0.7121f,-0.7582f,-0.93f,0.2534f,-0.2662f,6.8983f,0.021f,0.76f,0.6496f,2.1478f,0f,0f,0f,1f],start_interpolation: 0,interpolation_duration: 1}
$data merge entity $(right_fingers) {transformation: [0.4605f,-0.5299f,-0.7121f,-0.9015f,0.5213f,0.8108f,-0.2662f,7.1421f,0.7185f,-0.2486f,0.6496f,2.102f,0f,0f,0f,1f],start_interpolation: 0,interpolation_duration: 1}
$data merge entity $(scout) {transformation: [0f,0f,0f,-0.9136f,0f,0f,0f,6.9424f,0f,0f,0f,2.171f,0f,0f,0f,1f],start_interpolation: 0,interpolation_duration: 1}
$data merge entity $(right_hand) {transformation: [-0.4878f,-0.505f,-0.7121f,-1.2407f,0.8531f,-0.4486f,-0.2662f,6.8505f,-0.185f,-0.7374f,0.6496f,1.6787f,0f,0f,0f,1f],start_interpolation: 0,interpolation_duration: 1}
$data merge entity $(right_forearm) {transformation: [-0.5787f,-0.6015f,-1.0956f,-2.1624f,1.0532f,-0.8848f,-0.0705f,5.4717f,-0.6731f,-0.8674f,0.8317f,0.4307f,0f,0f,0f,1f],start_interpolation: 0,interpolation_duration: 1}
$data merge entity $(right_shoulder) {transformation: [-0.9368f,0.9961f,-0.5291f,-0.742f,1.0125f,0.4394f,-0.9652f,5.8344f,-0.4972f,-0.9821f,-0.9686f,-0.6353f,0f,0f,0f,1f],start_interpolation: 0,interpolation_duration: 1}
$data merge entity $(right_arm) {transformation: [-0.9375f,-0.0221f,0.3472f,-0.2168f,0.0309f,0.9888f,0.1463f,6.1047f,-0.3466f,0.1479f,-0.9263f,-0.4049f,0f,0f,0f,1f],start_interpolation: 0,interpolation_duration: 1}
$data merge entity $(left_thumb_2) {transformation: [0.1569f,0.0142f,0.9875f,0.5476f,-0.951f,-0.2675f,0.1549f,7.5044f,0.2664f,-0.9634f,-0.0284f,2.9029f,0f,0f,0f,1f],start_interpolation: 0,interpolation_duration: 1}
$data merge entity $(left_thumb) {transformation: [0.1569f,0.8623f,0.4814f,0.795f,-0.951f,0.0004f,0.3092f,7.6411f,0.2664f,-0.5063f,0.8202f,2.689f,0f,0f,0f,1f],start_interpolation: 0,interpolation_duration: 1}
$data merge entity $(left_fingers2) {transformation: [0.0574f,-0.5792f,0.8131f,0.5064f,0.998f,0.0541f,-0.0319f,7.6302f,-0.0256f,0.8134f,0.5812f,3.2307f,0f,0f,0f,1f],start_interpolation: 0,interpolation_duration: 1}
$data merge entity $(left_fingers) {transformation: [0.5352f,0.2289f,0.8131f,0.5625f,-0.3517f,0.9356f,-0.0319f,7.9065f,-0.768f,-0.269f,0.5812f,3.18f,0f,0f,0f,1f],start_interpolation: 0,interpolation_duration: 1}
$data merge entity $(left_hand) {transformation: [-0.1814f,0.5531f,0.8131f,0.9373f,-0.9627f,-0.2689f,-0.0319f,7.7351f,0.201f,-0.7885f,0.5812f,2.7224f,0f,0f,0f,1f],start_interpolation: 0,interpolation_duration: 1}
$data merge entity $(left_forearm) {transformation: [-1.2434f,0.5616f,0.1888f,1.7382f,-0.5796f,-1.0618f,-0.6586f,6.088f,-0.123f,-0.674f,1.1949f,1.7457f,0f,0f,0f,1f],start_interpolation: 0,interpolation_duration: 1}
$data merge entity $(left_shoulder) {transformation: [-0.8061f,-0.3219f,1.1817f,1.1452f,-1.1987f,-0.083f,-0.8403f,5.7722f,0.2514f,-1.428f,-0.2176f,0.0623f,0f,0f,0f,1f],start_interpolation: 0,interpolation_duration: 1}
$data merge entity $(left_arm) {transformation: [-0.9375f,-0.0221f,0.3472f,0.613f,0.0309f,0.9888f,0.1463f,6.0773f,-0.3466f,0.1479f,-0.9263f,-0.0981f,0f,0f,0f,1f],start_interpolation: 0,interpolation_duration: 1}
$data merge entity $(chest) {transformation: [-1.1987f,-0.0282f,0.444f,0.25f,0.0395f,1.2642f,0.1871f,4.3103f,-0.4431f,0.1891f,-1.1843f,-0.5506f,0f,0f,0f,1f],start_interpolation: 0,interpolation_duration: 1}
data modify storage animated_java:temp entry.data merge value {"locators":{"consume":{"px":-0.7822268561,"py":6.9810826697,"pz":2.2715370131,"ry":227.6266072692,"rx":-15.4408988249}}}
# Data Manager: Prepare for Read / Write
execute store result storage animated_java:temp args.id int 1 run scoreboard players get @s aj.id
# Data Manager: Write
function animated_java:global/data_manager/write with storage animated_java:temp args