# This file was generated by Animated Java via MC-Build. It is not recommended to edit this file directly.
$data merge entity $(neck) {transformation: [-0.963f,-0.1044f,0.2484f,0.2078f,-0.0009f,0.9232f,0.3844f,6.1195f,-0.2695f,0.3699f,-0.8891f,-0.2745f,0f,0f,0f,1f],start_interpolation: 0,interpolation_duration: 1}
$data merge entity $(right_thumb_2) {transformation: [-0.165f,-0.0163f,-0.9862f,-0.7673f,0.9434f,-0.2942f,-0.153f,6.7427f,-0.2876f,-0.9556f,0.0639f,1.8222f,0f,0f,0f,1f],start_interpolation: 0,interpolation_duration: 1}
$data merge entity $(right_thumb) {transformation: [-0.165f,-0.8622f,-0.479f,-1.0624f,0.9434f,-0.2795f,0.1783f,6.7902f,-0.2876f,-0.4225f,0.8595f,1.6315f,0f,0f,0f,1f],start_interpolation: 0,interpolation_duration: 1}
$data merge entity $(right_fingers2) {transformation: [0.3614f,0.604f,-0.7104f,-0.738f,-0.932f,0.2568f,-0.2557f,6.887f,0.028f,0.7545f,0.6557f,2.1436f,0f,0f,0f,1f],start_interpolation: 0,interpolation_duration: 1}
$data merge entity $(right_fingers) {transformation: [0.4674f,-0.5263f,-0.7104f,-0.88f,0.5252f,0.8117f,-0.2557f,7.1312f,0.7111f,-0.2535f,0.6557f,2.0962f,0f,0f,0f,1f],start_interpolation: 0,interpolation_duration: 1}
$data merge entity $(scout) {transformation: [0f,0f,0f,-0.893f,0f,0f,0f,6.9322f,0f,0f,0f,2.1671f,0f,0f,0f,1f],start_interpolation: 0,interpolation_duration: 1}
$data merge entity $(right_hand) {transformation: [-0.4835f,-0.5115f,-0.7104f,-1.2231f,0.8543f,-0.4524f,-0.2557f,6.8377f,-0.1906f,-0.7305f,0.6557f,1.6774f,0f,0f,0f,1f],start_interpolation: 0,interpolation_duration: 1}
$data merge entity $(right_forearm) {transformation: [-0.5757f,-0.6114f,-1.0918f,-2.1596f,1.0504f,-0.8892f,-0.0559f,5.4529f,-0.68f,-0.8559f,0.8379f,0.4472f,0f,0f,0f,1f],start_interpolation: 0,interpolation_duration: 1}
$data merge entity $(right_shoulder) {transformation: [-0.946f,0.9891f,-0.526f,-0.7461f,1.0055f,0.4462f,-0.9694f,5.8254f,-0.4939f,-0.9862f,-0.9661f,-0.6245f,0f,0f,0f,1f],start_interpolation: 0,interpolation_duration: 1}
$data merge entity $(right_arm) {transformation: [-0.9375f,-0.0248f,0.3471f,-0.2216f,0.0309f,0.9876f,0.1539f,6.0954f,-0.3466f,0.155f,-0.9251f,-0.392f,0f,0f,0f,1f],start_interpolation: 0,interpolation_duration: 1}
$data merge entity $(left_thumb_2) {transformation: [0.1535f,0.017f,0.988f,0.5348f,-0.9475f,-0.2812f,0.1521f,7.5031f,0.2804f,-0.9595f,-0.027f,2.8942f,0f,0f,0f,1f],start_interpolation: 0,interpolation_duration: 1}
$data merge entity $(left_thumb) {transformation: [0.1535f,0.8641f,0.4793f,0.7833f,-0.9475f,-0.0089f,0.3195f,7.6362f,0.2804f,-0.5032f,0.8174f,2.6792f,0f,0f,0f,1f],start_interpolation: 0,interpolation_duration: 1}
$data merge entity $(left_fingers2) {transformation: [0.06f,-0.582f,0.811f,0.4928f,0.9974f,0.067f,-0.0256f,7.6337f,-0.0395f,0.8104f,0.5845f,3.22f,0f,0f,0f,1f],start_interpolation: 0,interpolation_duration: 1}
$data merge entity $(left_fingers) {transformation: [0.537f,0.2322f,0.811f,0.5498f,-0.3639f,0.9311f,-0.0256f,7.9091f,-0.761f,-0.2813f,0.5845f,3.1656f,0f,0f,0f,1f],start_interpolation: 0,interpolation_duration: 1}
$data merge entity $(left_hand) {transformation: [-0.1845f,0.5552f,0.811f,0.9257f,-0.9593f,-0.2813f,-0.0256f,7.7303f,0.2139f,-0.7827f,0.5845f,2.7118f,0f,0f,0f,1f],start_interpolation: 0,interpolation_duration: 1}
$data merge entity $(left_forearm) {transformation: [-1.2444f,0.5613f,0.1828f,1.726f,-0.5782f,-1.0726f,-0.6421f,6.0676f,-0.1193f,-0.6569f,1.2047f,1.7614f,0f,0f,0f,1f],start_interpolation: 0,interpolation_duration: 1}
$data merge entity $(left_shoulder) {transformation: [-0.8112f,-0.3145f,1.1802f,1.1411f,-1.1975f,-0.0739f,-0.8428f,5.7632f,0.2402f,-1.4302f,-0.216f,0.0731f,0f,0f,0f,1f],start_interpolation: 0,interpolation_duration: 1}
$data merge entity $(left_arm) {transformation: [-0.9375f,-0.0248f,0.3471f,0.6082f,0.0309f,0.9876f,0.1539f,6.068f,-0.3466f,0.155f,-0.9251f,-0.0853f,0f,0f,0f,1f],start_interpolation: 0,interpolation_duration: 1}
$data merge entity $(chest) {transformation: [-1.1987f,-0.0317f,0.4437f,0.25f,0.0395f,1.2627f,0.1968f,4.3034f,-0.4431f,0.1982f,-1.1828f,-0.5506f,0f,0f,0f,1f],start_interpolation: 0,interpolation_duration: 1}
data modify storage animated_java:temp entry.data merge value {"locators":{"consume":{"px":-0.7608160327,"py":6.9710295091,"pz":2.2666467577,"ry":227.2898063824,"rx":-14.8177068107}}}
# Data Manager: Prepare for Read / Write
execute store result storage animated_java:temp args.id int 1 run scoreboard players get @s aj.id
# Data Manager: Write
function animated_java:global/data_manager/write with storage animated_java:temp args