# This file was generated by Animated Java via MC-Build. It is not recommended to edit this file directly.
$data merge entity $(neck) {transformation: [-0.9629f,-0.1057f,0.2484f,0.1982f,-0.0022f,0.9232f,0.3843f,6.1095f,-0.2699f,0.3695f,-0.8892f,-0.2489f,0f,0f,0f,1f],start_interpolation: 0,interpolation_duration: 1}
$data merge entity $(right_thumb_2) {transformation: [-0.1683f,-0.0281f,-0.9853f,-0.75f,0.9412f,-0.3018f,-0.1521f,6.7141f,-0.2931f,-0.953f,0.0772f,1.8156f,0f,0f,0f,1f],start_interpolation: 0,interpolation_duration: 1}
$data merge entity $(right_thumb) {transformation: [-0.1683f,-0.8674f,-0.4683f,-1.0474f,0.9412f,-0.2826f,0.1853f,6.7601f,-0.2931f,-0.4096f,0.8639f,1.6282f,0f,0f,0f,1f],start_interpolation: 0,interpolation_duration: 1}
$data merge entity $(right_fingers2) {transformation: [0.3614f,0.6133f,-0.7023f,-0.7167f,-0.9319f,0.2626f,-0.2503f,6.8609f,0.0309f,0.7449f,0.6665f,2.1354f,0f,0f,0f,1f],start_interpolation: 0,interpolation_duration: 1}
$data merge entity $(right_fingers) {transformation: [0.4763f,-0.5291f,-0.7023f,-0.8592f,0.5307f,0.8098f,-0.2503f,7.1048f,0.7011f,-0.2535f,0.6665f,2.0878f,0f,0f,0f,1f],start_interpolation: 0,interpolation_duration: 1}
$data merge entity $(scout) {transformation: [0f,0f,0f,-0.8713f,0f,0f,0f,6.9064f,0f,0f,0f,2.1606f,0f,0f,0f,1f],start_interpolation: 0,interpolation_duration: 1}
$data merge entity $(right_hand) {transformation: [-0.4856f,-0.5206f,-0.7023f,-1.2075f,0.853f,-0.4581f,-0.2503f,6.8081f,-0.1914f,-0.7205f,0.6665f,1.6757f,0f,0f,0f,1f],start_interpolation: 0,interpolation_duration: 1}
$data merge entity $(right_forearm) {transformation: [-0.5838f,-0.6221f,-1.0814f,-2.1594f,1.0451f,-0.8958f,-0.0489f,5.4138f,-0.6812f,-0.8412f,0.8517f,0.4682f,0f,0f,0f,1f],start_interpolation: 0,interpolation_duration: 1}
$data merge entity $(right_shoulder) {transformation: [-0.9637f,0.9799f,-0.5107f,-0.754f,0.9916f,0.4677f,-0.9736f,5.8155f,-0.4878f,-0.9853f,-0.9701f,-0.6035f,0f,0f,0f,1f],start_interpolation: 0,interpolation_duration: 1}
$data merge entity $(right_arm) {transformation: [-0.9375f,-0.03f,0.3466f,-0.2311f,0.0309f,0.9852f,0.1688f,6.0849f,-0.3466f,0.169f,-0.9227f,-0.367f,0f,0f,0f,1f],start_interpolation: 0,interpolation_duration: 1}
$data merge entity $(left_thumb_2) {transformation: [0.1436f,0.0215f,0.9894f,0.5279f,-0.9453f,-0.2929f,0.1436f,7.4852f,0.2929f,-0.9559f,-0.0218f,2.8956f,0f,0f,0f,1f],start_interpolation: 0,interpolation_duration: 1}
$data merge entity $(left_thumb) {transformation: [0.1436f,0.8676f,0.4761f,0.779f,-0.9453f,-0.0221f,0.3255f,7.6137f,0.2929f,-0.4968f,0.817f,2.6809f,0f,0f,0f,1f],start_interpolation: 0,interpolation_duration: 1}
$data merge entity $(left_fingers2) {transformation: [0.0685f,-0.5872f,0.8066f,0.4846f,0.9963f,0.0817f,-0.0252f,7.6201f,-0.051f,0.8053f,0.5906f,3.2195f,0f,0f,0f,1f],start_interpolation: 0,interpolation_duration: 1}
$data merge entity $(left_fingers) {transformation: [0.5394f,0.2419f,0.8066f,0.5443f,-0.3775f,0.9257f,-0.0252f,7.8943f,-0.7527f,-0.2908f,0.5906f,3.1622f,0f,0f,0f,1f],start_interpolation: 0,interpolation_duration: 1}
$data merge entity $(left_hand) {transformation: [-0.194f,0.5584f,0.8066f,0.9219f,-0.9551f,-0.2954f,-0.0252f,7.707f,0.2241f,-0.7752f,0.5906f,2.7133f,0f,0f,0f,1f],start_interpolation: 0,interpolation_duration: 1}
$data merge entity $(left_forearm) {transformation: [-1.2483f,0.557f,0.1689f,1.715f,-0.5693f,-1.0851f,-0.6289f,6.0263f,-0.1213f,-0.6399f,1.2137f,1.7888f,0f,0f,0f,1f],start_interpolation: 0,interpolation_duration: 1}
$data merge entity $(left_shoulder) {transformation: [-0.8211f,-0.3105f,1.1744f,1.1332f,-1.1949f,-0.0488f,-0.8484f,5.7533f,0.2187f,-1.4322f,-0.2257f,0.0941f,0f,0f,0f,1f],start_interpolation: 0,interpolation_duration: 1}
$data merge entity $(left_arm) {transformation: [-0.9375f,-0.03f,0.3466f,0.5987f,0.0309f,0.9852f,0.1688f,6.0575f,-0.3466f,0.169f,-0.9227f,-0.0602f,0f,0f,0f,1f],start_interpolation: 0,interpolation_duration: 1}
$data merge entity $(chest) {transformation: [-1.1987f,-0.0383f,0.4432f,0.25f,0.0395f,1.2596f,0.2158f,4.2978f,-0.4431f,0.216f,-1.1797f,-0.5506f,0f,0f,0f,1f],start_interpolation: 0,interpolation_duration: 1}
data modify storage animated_java:temp entry.data merge value {"locators":{"consume":{"px":-0.7379592124,"py":6.9459123732,"pz":2.2581044212,"ry":226.4988011879,"rx":-14.4928162471}}}
# Data Manager: Prepare for Read / Write
execute store result storage animated_java:temp args.id int 1 run scoreboard players get @s aj.id
# Data Manager: Write
function animated_java:global/data_manager/write with storage animated_java:temp args