# This file was generated by Animated Java via MC-Build. It is not recommended to edit this file directly.
$data merge entity $(neck) {transformation: [-0.9626f,-0.1078f,0.2484f,0.1816f,-0.0043f,0.9232f,0.3842f,6.1067f,-0.2708f,0.3688f,-0.8892f,-0.205f,0f,0f,0f,1f],start_interpolation: 0,interpolation_duration: 1}
$data merge entity $(right_thumb_2) {transformation: [-0.1967f,-0.0462f,-0.9794f,-0.7532f,0.9387f,-0.2973f,-0.1745f,6.6657f,-0.2831f,-0.9537f,0.1018f,1.8001f,0f,0f,0f,1f],start_interpolation: 0,interpolation_duration: 1}
$data merge entity $(right_thumb) {transformation: [-0.1967f,-0.8713f,-0.4497f,-1.0563f,0.9387f,-0.2998f,0.1702f,6.706f,-0.2831f,-0.3886f,0.8768f,1.6208f,0f,0f,0f,1f],start_interpolation: 0,interpolation_duration: 1}
$data merge entity $(right_fingers2) {transformation: [0.3827f,0.6265f,-0.679f,-0.7148f,-0.9237f,0.2723f,-0.2694f,6.8115f,0.0161f,0.7303f,0.683f,2.1199f,0f,0f,0f,1f],start_interpolation: 0,interpolation_duration: 1}
$data merge entity $(right_fingers) {transformation: [0.4824f,-0.5534f,-0.679f,-0.8639f,0.5375f,0.7991f,-0.2694f,7.0524f,0.6916f,-0.235f,0.683f,2.0774f,0f,0f,0f,1f],start_interpolation: 0,interpolation_duration: 1}
$data merge entity $(scout) {transformation: [0f,0f,0f,-0.8698f,0f,0f,0f,6.8534f,0f,0f,0f,2.1493f,0f,0f,0f,1f],start_interpolation: 0,interpolation_duration: 1}
$data merge entity $(right_hand) {transformation: [-0.5092f,-0.5288f,-0.679f,-1.2162f,0.8429f,-0.4658f,-0.2694f,6.7502f,-0.1738f,-0.7095f,0.683f,1.6727f,0f,0f,0f,1f],start_interpolation: 0,interpolation_duration: 1}
$data merge entity $(right_forearm) {transformation: [-0.6244f,-0.6237f,-1.0575f,-2.1681f,1.0354f,-0.905f,-0.0775f,5.3413f,-0.6598f,-0.83f,0.8791f,0.4821f,0f,0f,0f,1f],start_interpolation: 0,interpolation_duration: 1}
$data merge entity $(right_shoulder) {transformation: [-0.9933f,0.9721f,-0.4672f,-0.7676f,0.9668f,0.5209f,-0.9715f,5.8128f,-0.4781f,-0.9662f,-0.9938f,-0.5675f,0f,0f,0f,1f],start_interpolation: 0,interpolation_duration: 1}
$data merge entity $(right_arm) {transformation: [-0.9375f,-0.039f,0.3457f,-0.2473f,0.0309f,0.9805f,0.1943f,6.0811f,-0.3466f,0.1929f,-0.918f,-0.3239f,0f,0f,0f,1f],start_interpolation: 0,interpolation_duration: 1}
$data merge entity $(left_thumb_2) {transformation: [0.1202f,0.0271f,0.9924f,0.5507f,-0.9506f,-0.2849f,0.1229f,7.4257f,0.2861f,-0.9582f,-0.0085f,2.9338f,0f,0f,0f,1f],start_interpolation: 0,interpolation_duration: 1}
$data merge entity $(left_thumb) {transformation: [0.1202f,0.873f,0.4728f,0.807f,-0.9506f,-0.0361f,0.3082f,7.5507f,0.2861f,-0.4865f,0.8255f,2.7232f,0f,0f,0f,1f],start_interpolation: 0,interpolation_duration: 1}
$data merge entity $(left_fingers2) {transformation: [0.0901f,-0.5952f,0.7985f,0.5063f,0.9951f,0.087f,-0.0474f,7.5586f,-0.0413f,0.7989f,0.6001f,3.2583f,0f,0f,0f,1f],start_interpolation: 0,interpolation_duration: 1}
$data merge entity $(left_fingers) {transformation: [0.5405f,0.2649f,0.7985f,0.5724f,-0.3822f,0.9229f,-0.0474f,7.832f,-0.7495f,-0.2796f,0.6001f,3.2042f,0f,0f,0f,1f],start_interpolation: 0,interpolation_duration: 1}
$data merge entity $(left_hand) {transformation: [-0.2168f,0.5616f,0.7985f,0.9515f,-0.9527f,-0.3003f,-0.0474f,7.6407f,0.2132f,-0.771f,0.6001f,2.7582f,0f,0f,0f,1f],start_interpolation: 0,interpolation_duration: 1}
$data merge entity $(left_forearm) {transformation: [-1.2584f,0.5419f,0.1408f,1.7204f,-0.5418f,-1.091f,-0.6429f,5.9517f,-0.1414f,-0.6428f,1.2099f,1.8283f,0f,0f,0f,1f],start_interpolation: 0,interpolation_duration: 1}
$data merge entity $(left_shoulder) {transformation: [-0.8381f,-0.3236f,1.1587f,1.1196f,-1.1892f,0.009f,-0.8577f,5.7506f,0.1822f,-1.43f,-0.2677f,0.1301f,0f,0f,0f,1f],start_interpolation: 0,interpolation_duration: 1}
$data merge entity $(left_arm) {transformation: [-0.9375f,-0.039f,0.3457f,0.5825f,0.0309f,0.9805f,0.1943f,6.0537f,-0.3466f,0.1929f,-0.918f,-0.0172f,0f,0f,0f,1f],start_interpolation: 0,interpolation_duration: 1}
$data merge entity $(chest) {transformation: [-1.1987f,-0.0498f,0.4421f,0.25f,0.0395f,1.2535f,0.2485f,4.3034f,-0.4431f,0.2466f,-1.1737f,-0.5506f,0f,0f,0f,1f],start_interpolation: 0,interpolation_duration: 1}
data modify storage animated_java:temp entry.data merge value {"locators":{"consume":{"px":-0.7348209376,"py":6.8953963788,"pz":2.2435488497,"ry":224.8326883801,"rx":-15.627380441}}}
# Data Manager: Prepare for Read / Write
execute store result storage animated_java:temp args.id int 1 run scoreboard players get @s aj.id
# Data Manager: Write
function animated_java:global/data_manager/write with storage animated_java:temp args