# This file was generated by Animated Java via MC-Build. It is not recommended to edit this file directly.
$data merge entity $(neck) {transformation: [-0.9627f,-0.107f,0.2484f,0.1878f,-0.0035f,0.9232f,0.3843f,6.1056f,-0.2704f,0.3691f,-0.8892f,-0.2214f,0f,0f,0f,1f],start_interpolation: 0,interpolation_duration: 1}
$data merge entity $(right_thumb_2) {transformation: [-0.1825f,-0.0398f,-0.9824f,-0.7469f,0.9395f,-0.3016f,-0.1623f,6.6833f,-0.2898f,-0.9526f,0.0924f,1.8067f,0f,0f,0f,1f],start_interpolation: 0,interpolation_duration: 1}
$data merge entity $(right_thumb) {transformation: [-0.1825f,-0.8707f,-0.4568f,-1.0477f,0.9395f,-0.2914f,0.18f,6.7264f,-0.2898f,-0.3963f,0.8712f,1.6239f,0f,0f,0f,1f],start_interpolation: 0,interpolation_duration: 1}
$data merge entity $(right_fingers2) {transformation: [0.3715f,0.622f,-0.6893f,-0.7102f,-0.9281f,0.2686f,-0.2578f,6.8303f,0.0247f,0.7355f,0.6771f,2.1261f,0f,0f,0f,1f],start_interpolation: 0,interpolation_duration: 1}
$data merge entity $(right_fingers) {transformation: [0.4815f,-0.5413f,-0.6893f,-0.8559f,0.5352f,0.8044f,-0.2578f,7.0727f,0.694f,-0.2447f,0.6771f,2.0809f,0f,0f,0f,1f],start_interpolation: 0,interpolation_duration: 1}
$data merge entity $(scout) {transformation: [0f,0f,0f,-0.8649f,0f,0f,0f,6.8742f,0f,0f,0f,2.1536f,0f,0f,0f,1f],start_interpolation: 0,interpolation_duration: 1}
$data merge entity $(right_hand) {transformation: [-0.4973f,-0.5269f,-0.6893f,-1.2075f,0.848f,-0.4631f,-0.2578f,6.7727f,-0.1833f,-0.7127f,0.6771f,1.674f,0f,0f,0f,1f],start_interpolation: 0,interpolation_duration: 1}
$data merge entity $(right_forearm) {transformation: [-0.605f,-0.6258f,-1.0675f,-2.1636f,1.0394f,-0.9018f,-0.0605f,5.3692f,-0.6714f,-0.8321f,0.8683f,0.4804f,0f,0f,0f,1f],start_interpolation: 0,interpolation_duration: 1}
$data merge entity $(right_shoulder) {transformation: [-0.9823f,0.9739f,-0.4861f,-0.7625f,0.9762f,0.4985f,-0.9739f,5.8116f,-0.4816f,-0.9761f,-0.9824f,-0.581f,0f,0f,0f,1f],start_interpolation: 0,interpolation_duration: 1}
$data merge entity $(right_arm) {transformation: [-0.9375f,-0.0356f,0.3461f,-0.2412f,0.0309f,0.9823f,0.1848f,6.0803f,-0.3466f,0.1839f,-0.9198f,-0.34f,0f,0f,0f,1f],start_interpolation: 0,interpolation_duration: 1}
$data merge entity $(left_thumb_2) {transformation: [0.13f,0.0253f,0.9912f,0.5368f,-0.9472f,-0.2923f,0.1317f,7.4523f,0.293f,-0.956f,-0.0141f,2.914f,0f,0f,0f,1f],start_interpolation: 0,interpolation_duration: 1}
$data merge entity $(left_thumb) {transformation: [0.13f,0.871f,0.4737f,0.7911f,-0.9472f,-0.0321f,0.3189f,7.5779f,0.293f,-0.4902f,0.8209f,2.7013f,0f,0f,0f,1f],start_interpolation: 0,interpolation_duration: 1}
$data merge entity $(left_fingers2) {transformation: [0.0809f,-0.5923f,0.8017f,0.4927f,0.9955f,0.088f,-0.0355f,7.5874f,-0.0495f,0.8009f,0.5967f,3.2377f,0f,0f,0f,1f],start_interpolation: 0,interpolation_duration: 1}
$data merge entity $(left_fingers) {transformation: [0.5405f,0.2553f,0.8017f,0.5561f,-0.3833f,0.923f,-0.0355f,7.8609f,-0.749f,-0.288f,0.5967f,3.1811f,0f,0f,0f,1f],start_interpolation: 0,interpolation_duration: 1}
$data merge entity $(left_hand) {transformation: [-0.2072f,0.5607f,0.8017f,0.9349f,-0.9528f,-0.3014f,-0.0355f,7.6695f,0.2217f,-0.7712f,0.5967f,2.7349f,0f,0f,0f,1f],start_interpolation: 0,interpolation_duration: 1}
$data merge entity $(left_forearm) {transformation: [-1.2541f,0.5488f,0.1521f,1.7147f,-0.5541f,-1.0911f,-0.6321f,5.9802f,-0.1314f,-0.6367f,1.2143f,1.8149f,0f,0f,0f,1f],start_interpolation: 0,interpolation_duration: 1}
$data merge entity $(left_shoulder) {transformation: [-0.8318f,-0.3157f,1.1655f,1.1247f,-1.1915f,-0.0149f,-0.8544f,5.7494f,0.1958f,-1.4318f,-0.2481f,0.1167f,0f,0f,0f,1f],start_interpolation: 0,interpolation_duration: 1}
$data merge entity $(left_arm) {transformation: [-0.9375f,-0.0356f,0.3461f,0.5886f,0.0309f,0.9823f,0.1848f,6.053f,-0.3466f,0.1839f,-0.9198f,-0.0333f,0f,0f,0f,1f],start_interpolation: 0,interpolation_duration: 1}
$data merge entity $(chest) {transformation: [-1.1987f,-0.0455f,0.4425f,0.25f,0.0395f,1.2559f,0.2362f,4.299f,-0.4431f,0.2352f,-1.176f,-0.5506f,0f,0f,0f,1f],start_interpolation: 0,interpolation_duration: 1}
data modify storage animated_java:temp entry.data merge value {"locators":{"consume":{"px":-0.7304609695,"py":6.9150677721,"pz":2.2491280969,"ry":225.5099653211,"rx":-14.942028274}}}
# Data Manager: Prepare for Read / Write
execute store result storage animated_java:temp args.id int 1 run scoreboard players get @s aj.id
# Data Manager: Write
function animated_java:global/data_manager/write with storage animated_java:temp args