# This file was generated by Animated Java via MC-Build. It is not recommended to edit this file directly.
$data merge entity $(neck) {transformation: [-0.9626f,-0.1082f,0.2484f,0.179f,-0.0046f,0.9232f,0.3842f,6.1084f,-0.2709f,0.3687f,-0.8892f,-0.1979f,0f,0f,0f,1f],start_interpolation: 0,interpolation_duration: 1}
$data merge entity $(right_thumb_2) {transformation: [-0.2047f,-0.0488f,-0.9776f,-0.7586f,0.9383f,-0.2941f,-0.1818f,6.6585f,-0.2786f,-0.9545f,0.106f,1.7969f,0f,0f,0f,1f],start_interpolation: 0,interpolation_duration: 1}
$data merge entity $(right_thumb) {transformation: [-0.2047f,-0.871f,-0.4465f,-1.0629f,0.9383f,-0.3045f,0.1638f,6.6973f,-0.2786f,-0.3855f,0.8796f,1.6192f,0f,0f,0f,1f],start_interpolation: 0,interpolation_duration: 1}
$data merge entity $(right_fingers2) {transformation: [0.3893f,0.6282f,-0.6737f,-0.7197f,-0.921f,0.2741f,-0.2767f,6.8034f,0.0108f,0.7282f,0.6853f,2.117f,0f,0f,0f,1f],start_interpolation: 0,interpolation_duration: 1}
$data merge entity $(right_fingers) {transformation: [0.482f,-0.5602f,-0.6737f,-0.8707f,0.5383f,0.796f,-0.2767f,7.0434f,0.6912f,-0.2293f,0.6853f,2.0762f,0f,0f,0f,1f],start_interpolation: 0,interpolation_duration: 1}
$data merge entity $(scout) {transformation: [0f,0f,0f,-0.8748f,0f,0f,0f,6.844f,0f,0f,0f,2.1473f,0f,0f,0f,1f],start_interpolation: 0,interpolation_duration: 1}
$data merge entity $(right_hand) {transformation: [-0.516f,-0.529f,-0.6737f,-1.2228f,0.8399f,-0.4669f,-0.2767f,6.7401f,-0.1682f,-0.7086f,0.6853f,1.6721f,0f,0f,0f,1f],start_interpolation: 0,interpolation_duration: 1}
$data merge entity $(right_forearm) {transformation: [-0.6349f,-0.6214f,-1.0525f,-2.1706f,1.0334f,-0.9064f,-0.0882f,5.329f,-0.6528f,-0.8303f,0.884f,0.4809f,0f,0f,0f,1f],start_interpolation: 0,interpolation_duration: 1}
$data merge entity $(right_shoulder) {transformation: [-0.9979f,0.9719f,-0.4577f,-0.7698f,0.9627f,0.5319f,-0.9696f,5.8146f,-0.4767f,-0.9604f,-1.0001f,-0.5617f,0f,0f,0f,1f],start_interpolation: 0,interpolation_duration: 1}
$data merge entity $(right_arm) {transformation: [-0.9375f,-0.0404f,0.3456f,-0.2499f,0.0309f,0.9796f,0.1984f,6.0826f,-0.3466f,0.1967f,-0.9172f,-0.3171f,0f,0f,0f,1f],start_interpolation: 0,interpolation_duration: 1}
$data merge entity $(left_thumb_2) {transformation: [0.1153f,0.0277f,0.9929f,0.5595f,-0.9528f,-0.2794f,0.1185f,7.4119f,0.2807f,-0.9598f,-0.0058f,2.9451f,0f,0f,0f,1f],start_interpolation: 0,interpolation_duration: 1}
$data merge entity $(left_thumb) {transformation: [0.1153f,0.8738f,0.4725f,0.8168f,-0.9528f,-0.0371f,0.3012f,7.537f,0.2807f,-0.4849f,0.8283f,2.7358f,0f,0f,0f,1f],start_interpolation: 0,interpolation_duration: 1}
$data merge entity $(left_fingers2) {transformation: [0.0946f,-0.5964f,0.7971f,0.515f,0.9949f,0.085f,-0.0545f,7.5431f,-0.0352f,0.7982f,0.6014f,3.2704f,0f,0f,0f,1f],start_interpolation: 0,interpolation_duration: 1}
$data merge entity $(left_fingers) {transformation: [0.5403f,0.2695f,0.7971f,0.5824f,-0.3802f,0.9233f,-0.0545f,7.8165f,-0.7507f,-0.2736f,0.6014f,3.218f,0f,0f,0f,1f],start_interpolation: 0,interpolation_duration: 1}
$data merge entity $(left_hand) {transformation: [-0.2214f,0.5618f,0.7971f,0.9616f,-0.9529f,-0.2983f,-0.0545f,7.6261f,0.2071f,-0.7717f,0.6014f,2.7716f,0f,0f,0f,1f],start_interpolation: 0,interpolation_duration: 1}
$data merge entity $(left_forearm) {transformation: [-1.2605f,0.5383f,0.1355f,1.7249f,-0.5353f,-1.0896f,-0.6507f,5.9393f,-0.1471f,-0.6481f,1.2064f,1.8334f,0f,0f,0f,1f],start_interpolation: 0,interpolation_duration: 1}
$data merge entity $(left_shoulder) {transformation: [-0.8408f,-0.3287f,1.1553f,1.1174f,-1.1882f,0.0205f,-0.8589f,5.7524f,0.1764f,-1.4288f,-0.2781f,0.1359f,0f,0f,0f,1f],start_interpolation: 0,interpolation_duration: 1}
$data merge entity $(left_arm) {transformation: [-0.9375f,-0.0404f,0.3456f,0.5799f,0.0309f,0.9796f,0.1984f,6.0553f,-0.3466f,0.1967f,-0.9172f,-0.0103f,0f,0f,0f,1f],start_interpolation: 0,interpolation_duration: 1}
$data merge entity $(chest) {transformation: [-1.1987f,-0.0517f,0.4418f,0.25f,0.0395f,1.2525f,0.2537f,4.3066f,-0.4431f,0.2515f,-1.1726f,-0.5506f,0f,0f,0f,1f],start_interpolation: 0,interpolation_duration: 1}
data modify storage animated_java:temp entry.data merge value {"locators":{"consume":{"px":-0.7396765502,"py":6.8866659807,"pz":2.2410673776,"ry":224.5103842208,"rx":-16.0634319935}}}
# Data Manager: Prepare for Read / Write
execute store result storage animated_java:temp args.id int 1 run scoreboard players get @s aj.id
# Data Manager: Write
function animated_java:global/data_manager/write with storage animated_java:temp args