# This file was generated by Animated Java via MC-Build. It is not recommended to edit this file directly.
$data merge entity $(neck) {transformation: [-0.9626f,-0.1085f,0.2484f,0.1767f,-0.0049f,0.9232f,0.3842f,6.1109f,-0.271f,0.3686f,-0.8892f,-0.1919f,0f,0f,0f,1f],start_interpolation: 0,interpolation_duration: 1}
$data merge entity $(right_thumb_2) {transformation: [-0.2131f,-0.051f,-0.9757f,-0.7654f,0.938f,-0.2903f,-0.1897f,6.6526f,-0.2736f,-0.9556f,0.1097f,1.7938f,0f,0f,0f,1f],start_interpolation: 0,interpolation_duration: 1}
$data merge entity $(right_thumb) {transformation: [-0.2131f,-0.8705f,-0.4437f,-1.0708f,0.938f,-0.3094f,0.1566f,6.6899f,-0.2736f,-0.3828f,0.8824f,1.6176f,0f,0f,0f,1f],start_interpolation: 0,interpolation_duration: 1}
$data merge entity $(right_fingers2) {transformation: [0.3963f,0.6294f,-0.6684f,-0.7261f,-0.9181f,0.2756f,-0.2848f,6.7964f,0.005f,0.7265f,0.6871f,2.1143f,0f,0f,0f,1f],start_interpolation: 0,interpolation_duration: 1}
$data merge entity $(right_fingers) {transformation: [0.4811f,-0.5673f,-0.6684f,-0.8791f,0.539f,0.7927f,-0.2848f,7.0354f,0.6914f,-0.2232f,0.6871f,2.0753f,0f,0f,0f,1f],start_interpolation: 0,interpolation_duration: 1}
$data merge entity $(scout) {transformation: [0f,0f,0f,-0.8814f,0f,0f,0f,6.8357f,0f,0f,0f,2.1455f,0f,0f,0f,1f],start_interpolation: 0,interpolation_duration: 1}
$data merge entity $(right_hand) {transformation: [-0.5232f,-0.5287f,-0.6684f,-1.2308f,0.8367f,-0.4678f,-0.2848f,6.7313f,-0.1621f,-0.7082f,0.6871f,1.6715f,0f,0f,0f,1f],start_interpolation: 0,interpolation_duration: 1}
$data merge entity $(right_forearm) {transformation: [-0.6457f,-0.6183f,-1.0478f,-2.1733f,1.0313f,-0.9074f,-0.1001f,5.3182f,-0.6454f,-0.8315f,0.8884f,0.4784f,0f,0f,0f,1f],start_interpolation: 0,interpolation_duration: 1}
$data merge entity $(right_shoulder) {transformation: [-1.0018f,0.9722f,-0.4484f,-0.7716f,0.9592f,0.5423f,-0.9673f,5.8171f,-0.4755f,-0.9543f,-1.0065f,-0.5568f,0f,0f,0f,1f],start_interpolation: 0,interpolation_duration: 1}
$data merge entity $(right_arm) {transformation: [-0.9375f,-0.0417f,0.3454f,-0.2521f,0.0309f,0.9789f,0.2019f,6.085f,-0.3466f,0.1999f,-0.9165f,-0.3112f,0f,0f,0f,1f],start_interpolation: 0,interpolation_duration: 1}
$data merge entity $(left_thumb_2) {transformation: [0.1107f,0.0282f,0.9934f,0.5692f,-0.9553f,-0.2728f,0.1142f,7.3983f,0.2743f,-0.9616f,-0.0033f,2.9571f,0f,0f,0f,1f],start_interpolation: 0,interpolation_duration: 1}
$data merge entity $(left_thumb) {transformation: [0.1107f,0.8745f,0.4723f,0.8274f,-0.9553f,-0.0375f,0.2934f,7.5237f,0.2743f,-0.4837f,0.8312f,2.7491f,0f,0f,0f,1f],start_interpolation: 0,interpolation_duration: 1}
$data merge entity $(left_fingers2) {transformation: [0.0989f,-0.5974f,0.7958f,0.5248f,0.9947f,0.082f,-0.0621f,7.5274f,-0.0281f,0.7977f,0.6023f,3.2832f,0f,0f,0f,1f],start_interpolation: 0,interpolation_duration: 1}
$data merge entity $(left_fingers) {transformation: [0.54f,0.274f,0.7958f,0.5934f,-0.3773f,0.924f,-0.0621f,7.8009f,-0.7524f,-0.2667f,0.6023f,3.2328f,0f,0f,0f,1f],start_interpolation: 0,interpolation_duration: 1}
$data merge entity $(left_hand) {transformation: [-0.2259f,0.5618f,0.7958f,0.9726f,-0.9534f,-0.2953f,-0.0621f,7.612f,0.2001f,-0.7727f,0.6023f,2.7858f,0f,0f,0f,1f],start_interpolation: 0,interpolation_duration: 1}
$data merge entity $(left_forearm) {transformation: [-1.2626f,0.5348f,0.1306f,1.7302f,-0.5288f,-1.0874f,-0.6596f,5.9284f,-0.153f,-0.6548f,1.2021f,1.8371f,0f,0f,0f,1f],start_interpolation: 0,interpolation_duration: 1}
$data merge entity $(left_shoulder) {transformation: [-0.8431f,-0.3343f,1.152f,1.1156f,-1.1872f,0.0313f,-0.8598f,5.7549f,0.1715f,-1.4273f,-0.2887f,0.1408f,0f,0f,0f,1f],start_interpolation: 0,interpolation_duration: 1}
$data merge entity $(left_arm) {transformation: [-0.9375f,-0.0417f,0.3454f,0.5777f,0.0309f,0.9789f,0.2019f,6.0576f,-0.3466f,0.1999f,-0.9165f,-0.0045f,0f,0f,0f,1f],start_interpolation: 0,interpolation_duration: 1}
$data merge entity $(chest) {transformation: [-1.1987f,-0.0533f,0.4417f,0.25f,0.0395f,1.2516f,0.2581f,4.3103f,-0.4431f,0.2556f,-1.1717f,-0.5506f,0f,0f,0f,1f],start_interpolation: 0,interpolation_duration: 1}
data modify storage animated_java:temp entry.data merge value {"locators":{"consume":{"px":-0.7461549437,"py":6.8789660243,"pz":2.2388881773,"ry":224.2086340826,"rx":-16.5482522681}}}
# Data Manager: Prepare for Read / Write
execute store result storage animated_java:temp args.id int 1 run scoreboard players get @s aj.id
# Data Manager: Write
function animated_java:global/data_manager/write with storage animated_java:temp args