# This file was generated by Animated Java via MC-Build. It is not recommended to edit this file directly.
$data merge entity $(neck) {transformation: [-0.9625f,-0.109f,0.2485f,0.1725f,-0.0054f,0.9232f,0.3842f,6.1268f,-0.2713f,0.3684f,-0.8892f,-0.1807f,0f,0f,0f,1f],start_interpolation: 0,interpolation_duration: 1}
$data merge entity $(right_thumb_2) {transformation: [-0.2463f,-0.0542f,-0.9677f,-0.8023f,0.9365f,-0.2706f,-0.2232f,6.644f,-0.2498f,-0.9612f,0.1174f,1.7848f,0f,0f,0f,1f],start_interpolation: 0,interpolation_duration: 1}
$data merge entity $(right_thumb) {transformation: [-0.2463f,-0.8651f,-0.4369f,-1.111f,0.9365f,-0.3286f,0.1228f,6.6754f,-0.2498f,-0.3789f,0.8911f,1.6133f,0f,0f,0f,1f],start_interpolation: 0,interpolation_duration: 1}
$data merge entity $(right_fingers2) {transformation: [0.4253f,0.6298f,-0.65f,-0.7634f,-0.9048f,0.2795f,-0.3212f,6.7819f,-0.0206f,0.7247f,0.6887f,2.108f,0f,0f,0f,1f],start_interpolation: 0,interpolation_duration: 1}
$data merge entity $(right_fingers) {transformation: [0.4728f,-0.595f,-0.65f,-0.9244f,0.5387f,0.7789f,-0.3212f,7.0167f,0.6974f,-0.1983f,0.6887f,2.0762f,0f,0f,0f,1f],start_interpolation: 0,interpolation_duration: 1}
$data merge entity $(scout) {transformation: [0f,0f,0f,-0.9194f,0f,0f,0f,6.8156f,0f,0f,0f,2.142f,0f,0f,0f,1f],start_interpolation: 0,interpolation_duration: 1}
$data merge entity $(right_hand) {transformation: [-0.5515f,-0.5228f,-0.65f,-1.2715f,0.8229f,-0.4687f,-0.3212f,6.7105f,-0.1368f,-0.712f,0.6887f,1.67f,0f,0f,0f,1f],start_interpolation: 0,interpolation_duration: 1}
$data merge entity $(right_forearm) {transformation: [-0.6865f,-0.6f,-1.0324f,-2.1842f,1.0242f,-0.9082f,-0.1532f,5.2946f,-0.614f,-0.844f,0.8988f,0.4573f,0f,0f,0f,1f],start_interpolation: 0,interpolation_duration: 1}
$data merge entity $(right_shoulder) {transformation: [-1.0091f,0.9778f,-0.4187f,-0.7751f,0.9526f,0.5739f,-0.9555f,5.8331f,-0.4733f,-0.9297f,-1.0303f,-0.5476f,0f,0f,0f,1f],start_interpolation: 0,interpolation_duration: 1}
$data merge entity $(right_arm) {transformation: [-0.9375f,-0.044f,0.3452f,-0.2562f,0.0309f,0.9776f,0.2084f,6.1006f,-0.3466f,0.2061f,-0.9151f,-0.3002f,0f,0f,0f,1f],start_interpolation: 0,interpolation_duration: 1}
$data merge entity $(left_thumb_2) {transformation: [0.0965f,0.0286f,0.9949f,0.6122f,-0.9658f,-0.2391f,0.1005f,7.3515f,0.2408f,-0.9706f,0.0045f,3.005f,0f,0f,0f,1f],start_interpolation: 0,interpolation_duration: 1}
$data merge entity $(left_thumb) {transformation: [0.0965f,0.8759f,0.4727f,0.873f,-0.9658f,-0.0325f,0.2574f,7.4806f,0.2408f,-0.4813f,0.8428f,2.8025f,0f,0f,0f,1f],start_interpolation: 0,interpolation_duration: 1}
$data merge entity $(left_fingers2) {transformation: [0.1127f,-0.5996f,0.7923f,0.5681f,0.9936f,0.0621f,-0.0943f,7.4696f,0.0074f,0.7979f,0.6028f,3.3352f,0f,0f,0f,1f],start_interpolation: 0,interpolation_duration: 1}
$data merge entity $(left_fingers) {transformation: [0.538f,0.2878f,0.7923f,0.6408f,-0.358f,0.929f,-0.0943f,7.7438f,-0.7631f,-0.2329f,0.6028f,3.2948f,0f,0f,0f,1f],start_interpolation: 0,interpolation_duration: 1}
$data merge entity $(left_hand) {transformation: [-0.2398f,0.561f,0.7923f,1.0192f,-0.9566f,-0.2757f,-0.0943f,7.5655f,0.1655f,-0.7805f,0.6028f,2.8429f,0f,0f,0f,1f],start_interpolation: 0,interpolation_duration: 1}
$data merge entity $(left_forearm) {transformation: [-1.269f,0.5226f,0.1163f,1.7577f,-0.5055f,-1.0709f,-0.7033f,5.9061f,-0.1764f,-0.6907f,1.1785f,1.8382f,0f,0f,0f,1f],start_interpolation: 0,interpolation_duration: 1}
$data merge entity $(left_shoulder) {transformation: [-0.8474f,-0.3593f,1.1413f,1.1121f,-1.1855f,0.0624f,-0.8606f,5.7709f,0.1623f,-1.4201f,-0.3266f,0.15f,0f,0f,0f,1f],start_interpolation: 0,interpolation_duration: 1}
$data merge entity $(left_arm) {transformation: [-0.9375f,-0.044f,0.3452f,0.5736f,0.0309f,0.9776f,0.2084f,6.0733f,-0.3466f,0.2061f,-0.9151f,0.0065f,0f,0f,0f,1f],start_interpolation: 0,interpolation_duration: 1}
$data merge entity $(chest) {transformation: [-1.1987f,-0.0562f,0.4413f,0.25f,0.0395f,1.2498f,0.2665f,4.3287f,-0.4431f,0.2634f,-1.17f,-0.5506f,0f,0f,0f,1f],start_interpolation: 0,interpolation_duration: 1}
data modify storage animated_java:temp entry.data merge value {"locators":{"consume":{"px":-0.7844347475,"py":6.8610593088,"pz":2.2346236,"ry":223.3427022437,"rx":-18.7329812002}}}
# Data Manager: Prepare for Read / Write
execute store result storage animated_java:temp args.id int 1 run scoreboard players get @s aj.id
# Data Manager: Write
function animated_java:global/data_manager/write with storage animated_java:temp args