# This file was generated by Animated Java via MC-Build. It is not recommended to edit this file directly.
$data merge entity $(neck) {transformation: [-0.9625f,-0.1089f,0.2485f,0.1736f,-0.0053f,0.9232f,0.3842f,6.1371f,-0.2712f,0.3685f,-0.8892f,-0.1836f,0f,0f,0f,1f],start_interpolation: 0,interpolation_duration: 1}
$data merge entity $(right_thumb_2) {transformation: [-0.2598f,-0.0524f,-0.9642f,-0.8234f,0.9359f,-0.2595f,-0.238f,6.6487f,-0.2378f,-0.9643f,0.1165f,1.7835f,0f,0f,0f,1f],start_interpolation: 0,interpolation_duration: 1}
$data merge entity $(right_thumb) {transformation: [-0.2598f,-0.8613f,-0.4367f,-1.1328f,0.9359f,-0.3359f,0.1057f,6.6779f,-0.2378f,-0.3813f,0.8934f,1.613f,0f,0f,0f,1f],start_interpolation: 0,interpolation_duration: 1}
$data merge entity $(right_fingers2) {transformation: [0.4377f,0.6274f,-0.644f,-0.7857f,-0.8985f,0.2793f,-0.3386f,6.7831f,-0.0325f,0.7269f,0.686f,2.1083f,0f,0f,0f,1f],start_interpolation: 0,interpolation_duration: 1}
$data merge entity $(right_fingers) {transformation: [0.4667f,-0.6061f,-0.644f,-0.95f,0.5366f,0.7729f,-0.3386f,7.0161f,0.703f,-0.1876f,0.686f,2.0797f,0f,0f,0f,1f],start_interpolation: 0,interpolation_duration: 1}
$data merge entity $(scout) {transformation: [0f,0f,0f,-0.9421f,0f,0f,0f,6.8142f,0f,0f,0f,2.143f,0f,0f,0f,1f],start_interpolation: 0,interpolation_duration: 1}
$data merge entity $(right_hand) {transformation: [-0.5631f,-0.5178f,-0.644f,-1.2937f,0.8168f,-0.4672f,-0.3386f,6.71f,-0.1256f,-0.7167f,0.686f,1.6704f,0f,0f,0f,1f],start_interpolation: 0,interpolation_duration: 1}
$data merge entity $(right_forearm) {transformation: [-0.7019f,-0.5892f,-1.0283f,-2.1892f,1.022f,-0.906f,-0.1785f,5.2966f,-0.6f,-0.8539f,0.8988f,0.4421f,0f,0f,0f,1f],start_interpolation: 0,interpolation_duration: 1}
$data merge entity $(right_shoulder) {transformation: [-1.0073f,0.9832f,-0.4106f,-0.7742f,0.9543f,0.5812f,-0.9494f,5.8434f,-0.4739f,-0.9195f,-1.0392f,-0.55f,0f,0f,0f,1f],start_interpolation: 0,interpolation_duration: 1}
$data merge entity $(right_arm) {transformation: [-0.9375f,-0.0434f,0.3452f,-0.2552f,0.0309f,0.9779f,0.2067f,6.111f,-0.3466f,0.2045f,-0.9155f,-0.303f,0f,0f,0f,1f],start_interpolation: 0,interpolation_duration: 1}
$data merge entity $(left_thumb_2) {transformation: [0.093f,0.0279f,0.9953f,0.6323f,-0.9705f,-0.2208f,0.0968f,7.3365f,0.2224f,-0.9749f,0.0066f,3.0248f,0f,0f,0f,1f],start_interpolation: 0,interpolation_duration: 1}
$data merge entity $(left_thumb) {transformation: [0.093f,0.8759f,0.4735f,0.8936f,-0.9705f,-0.0265f,0.2396f,7.4685f,0.2224f,-0.4818f,0.8476f,2.8248f,0f,0f,0f,1f],start_interpolation: 0,interpolation_duration: 1}
$data merge entity $(left_fingers2) {transformation: [0.1162f,-0.5996f,0.7918f,0.5886f,0.9929f,0.0491f,-0.1086f,7.4485f,0.0263f,0.7988f,0.601f,3.3572f,0f,0f,0f,1f],start_interpolation: 0,interpolation_duration: 1}
$data merge entity $(left_fingers) {transformation: [0.5369f,0.2911f,0.7918f,0.6622f,-0.3454f,0.9322f,-0.1086f,7.7231f,-0.7697f,-0.2152f,0.601f,3.322f,0f,0f,0f,1f],start_interpolation: 0,interpolation_duration: 1}
$data merge entity $(left_hand) {transformation: [-0.2432f,0.5602f,0.7918f,1.0401f,-0.9587f,-0.2628f,-0.1086f,7.5521f,0.1473f,-0.7856f,0.601f,2.8668f,0f,0f,0f,1f],start_interpolation: 0,interpolation_duration: 1}
$data merge entity $(left_forearm) {transformation: [-1.2708f,0.5189f,0.1136f,1.7729f,-0.4976f,-1.0595f,-0.726f,5.9094f,-0.1861f,-0.7109f,1.165f,1.8309f,0f,0f,0f,1f],start_interpolation: 0,interpolation_duration: 1}
$data merge entity $(left_shoulder) {transformation: [-0.8463f,-0.3713f,1.1383f,1.113f,-1.1859f,0.0682f,-0.8595f,5.7812f,0.1647f,-1.4168f,-0.3397f,0.1476f,0f,0f,0f,1f],start_interpolation: 0,interpolation_duration: 1}
$data merge entity $(left_arm) {transformation: [-0.9375f,-0.0434f,0.3452f,0.5746f,0.0309f,0.9779f,0.2067f,6.0836f,-0.3466f,0.2045f,-0.9155f,0.0037f,0f,0f,0f,1f],start_interpolation: 0,interpolation_duration: 1}
$data merge entity $(chest) {transformation: [-1.1987f,-0.0554f,0.4414f,0.25f,0.0395f,1.2503f,0.2643f,4.3384f,-0.4431f,0.2614f,-1.1705f,-0.5506f,0f,0f,0f,1f],start_interpolation: 0,interpolation_duration: 1}
data modify storage animated_java:temp entry.data merge value {"locators":{"consume":{"px":-0.8075674327,"py":6.8604381934,"pz":2.235890273,"ry":223.1942323187,"rx":-19.7899405039}}}
# Data Manager: Prepare for Read / Write
execute store result storage animated_java:temp args.id int 1 run scoreboard players get @s aj.id
# Data Manager: Write
function animated_java:global/data_manager/write with storage animated_java:temp args