# This file was generated by Animated Java via MC-Build. It is not recommended to edit this file directly.
$data merge entity $(neck) {transformation: [-0.9625f,-0.1087f,0.2484f,0.1749f,-0.0051f,0.9232f,0.3842f,6.1424f,-0.2711f,0.3685f,-0.8892f,-0.1871f,0f,0f,0f,1f],start_interpolation: 0,interpolation_duration: 1}
$data merge entity $(right_thumb_2) {transformation: [-0.2651f,-0.0508f,-0.9629f,-0.8337f,0.9358f,-0.2541f,-0.2442f,6.653f,-0.2322f,-0.9659f,0.1148f,1.7838f,0f,0f,0f,1f],start_interpolation: 0,interpolation_duration: 1}
$data merge entity $(right_thumb) {transformation: [-0.2651f,-0.8593f,-0.4375f,-1.1433f,0.9358f,-0.3386f,0.0979f,6.6815f,-0.2322f,-0.3835f,0.8939f,1.6134f,0f,0f,0f,1f],start_interpolation: 0,interpolation_duration: 1}
$data merge entity $(right_fingers2) {transformation: [0.4429f,0.6256f,-0.6422f,-0.7969f,-0.8958f,0.2786f,-0.3463f,6.7857f,-0.0377f,0.7287f,0.6838f,2.1094f,0f,0f,0f,1f],start_interpolation: 0,interpolation_duration: 1}
$data merge entity $(right_fingers) {transformation: [0.4635f,-0.6105f,-0.6422f,-0.9625f,0.5351f,0.7705f,-0.3463f,7.0178f,0.7063f,-0.1831f,0.6838f,2.0821f,0f,0f,0f,1f],start_interpolation: 0,interpolation_duration: 1}
$data merge entity $(scout) {transformation: [0f,0f,0f,-0.9534f,0f,0f,0f,6.8157f,0f,0f,0f,2.1442f,0f,0f,0f,1f],start_interpolation: 0,interpolation_duration: 1}
$data merge entity $(right_hand) {transformation: [-0.5678f,-0.5149f,-0.6422f,-1.3043f,0.8142f,-0.4659f,-0.3463f,6.7123f,-0.1209f,-0.7196f,0.6838f,1.671f,0f,0f,0f,1f],start_interpolation: 0,interpolation_duration: 1}
$data merge entity $(right_forearm) {transformation: [-0.7076f,-0.5838f,-1.0274f,-2.1914f,1.0215f,-0.9043f,-0.1897f,5.3011f,-0.5941f,-0.8594f,0.8975f,0.434f,0f,0f,0f,1f],start_interpolation: 0,interpolation_duration: 1}
$data merge entity $(right_shoulder) {transformation: [-1.005f,0.9863f,-0.4087f,-0.7731f,0.9564f,0.5822f,-0.9467f,5.8486f,-0.4745f,-0.9154f,-1.0424f,-0.5529f,0f,0f,0f,1f],start_interpolation: 0,interpolation_duration: 1}
$data merge entity $(right_arm) {transformation: [-0.9375f,-0.0426f,0.3453f,-0.2539f,0.0309f,0.9783f,0.2047f,6.1164f,-0.3466f,0.2026f,-0.9159f,-0.3065f,0f,0f,0f,1f],start_interpolation: 0,interpolation_duration: 1}
$data merge entity $(left_thumb_2) {transformation: [0.0924f,0.0273f,0.9954f,0.6411f,-0.9725f,-0.212f,0.0961f,7.3318f,0.2136f,-0.9769f,0.007f,3.0327f,0f,0f,0f,1f],start_interpolation: 0,interpolation_duration: 1}
$data merge entity $(left_thumb) {transformation: [0.0924f,0.8757f,0.474f,0.9024f,-0.9725f,-0.0228f,0.2316f,7.4654f,0.2136f,-0.4824f,0.8495f,2.8339f,0f,0f,0f,1f],start_interpolation: 0,interpolation_duration: 1}
$data merge entity $(left_fingers2) {transformation: [0.117f,-0.5992f,0.792f,0.5976f,0.9925f,0.0423f,-0.1146f,7.4408f,0.0352f,0.7995f,0.5997f,3.3662f,0f,0f,0f,1f],start_interpolation: 0,interpolation_duration: 1}
$data merge entity $(left_fingers) {transformation: [0.5363f,0.2917f,0.792f,0.6714f,-0.3388f,0.9339f,-0.1146f,7.7156f,-0.7731f,-0.2069f,0.5997f,3.3334f,0f,0f,0f,1f],start_interpolation: 0,interpolation_duration: 1}
$data merge entity $(left_hand) {transformation: [-0.2439f,0.5597f,0.792f,1.049f,-0.9598f,-0.2561f,-0.1146f,7.5485f,0.1387f,-0.7881f,0.5997f,2.8765f,0f,0f,0f,1f],start_interpolation: 0,interpolation_duration: 1}
$data merge entity $(left_forearm) {transformation: [-1.2712f,0.5179f,0.1136f,1.7801f,-0.495f,-1.0534f,-0.7365f,5.9147f,-0.1901f,-0.7206f,1.1583f,1.8256f,0f,0f,0f,1f],start_interpolation: 0,interpolation_duration: 1}
$data merge entity $(left_shoulder) {transformation: [-0.845f,-0.3766f,1.1375f,1.1141f,-1.1865f,0.0683f,-0.8587f,5.7865f,0.1676f,-1.4154f,-0.3441f,0.1448f,0f,0f,0f,1f],start_interpolation: 0,interpolation_duration: 1}
$data merge entity $(left_arm) {transformation: [-0.9375f,-0.0426f,0.3453f,0.5759f,0.0309f,0.9783f,0.2047f,6.089f,-0.3466f,0.2026f,-0.9159f,0.0002f,0f,0f,0f,1f],start_interpolation: 0,interpolation_duration: 1}
$data merge entity $(chest) {transformation: [-1.1987f,-0.0545f,0.4415f,0.25f,0.0395f,1.2508f,0.2617f,4.3429f,-0.4431f,0.259f,-1.171f,-0.5506f,0f,0f,0f,1f],start_interpolation: 0,interpolation_duration: 1}
data modify storage animated_java:temp entry.data merge value {"locators":{"consume":{"px":-0.8191752191,"py":6.8621182089,"pz":2.2374328688,"ry":223.2049587594,"rx":-20.264112684}}}
# Data Manager: Prepare for Read / Write
execute store result storage animated_java:temp args.id int 1 run scoreboard players get @s aj.id
# Data Manager: Write
function animated_java:global/data_manager/write with storage animated_java:temp args