# This file was generated by Animated Java via MC-Build. It is not recommended to edit this file directly.
$data merge entity $(neck) {transformation: [-0.9626f,-0.1078f,0.2484f,0.1816f,-0.0043f,0.9232f,0.3842f,6.1573f,-0.2708f,0.3688f,-0.8892f,-0.205f,0f,0f,0f,1f],start_interpolation: 0,interpolation_duration: 1}
$data merge entity $(right_thumb_2) {transformation: [-0.2738f,-0.0428f,-0.9608f,-0.8607f,0.9365f,-0.2395f,-0.2562f,6.6721f,-0.2191f,-0.97f,0.1057f,1.7883f,0f,0f,0f,1f],start_interpolation: 0,interpolation_duration: 1}
$data merge entity $(right_thumb) {transformation: [-0.2738f,-0.8535f,-0.4434f,-1.1696f,0.9365f,-0.3416f,0.0793f,6.6999f,-0.2191f,-0.3935f,0.8928f,1.6166f,0f,0f,0f,1f],start_interpolation: 0,interpolation_duration: 1}
$data merge entity $(right_fingers2) {transformation: [0.4527f,0.6186f,-0.6422f,-0.8271f,-0.8903f,0.2738f,-0.3638f,6.8f,-0.0492f,0.7364f,0.6747f,2.1161f,0f,0f,0f,1f],start_interpolation: 0,interpolation_duration: 1}
$data merge entity $(right_fingers) {transformation: [0.4539f,-0.6177f,-0.6422f,-0.995f,0.5289f,0.7668f,-0.3638f,7.0308f,0.7171f,-0.1745f,0.6747f,2.0916f,0f,0f,0f,1f],start_interpolation: 0,interpolation_duration: 1}
$data merge entity $(scout) {transformation: [0f,0f,0f,-0.9841f,0f,0f,0f,6.8278f,0f,0f,0f,2.1505f,0f,0f,0f,1f],start_interpolation: 0,interpolation_duration: 1}
$data merge entity $(right_hand) {transformation: [-0.5758f,-0.506f,-0.6422f,-1.3313f,0.8099f,-0.46f,-0.3638f,6.7281f,-0.1114f,-0.7296f,0.6747f,1.6738f,0f,0f,0f,1f],start_interpolation: 0,interpolation_duration: 1}
$data merge entity $(right_forearm) {transformation: [-0.7153f,-0.5694f,-1.0302f,-2.1965f,1.0231f,-0.8969f,-0.2146f,5.327f,-0.5821f,-0.8766f,0.8887f,0.4101f,0f,0f,0f,1f],start_interpolation: 0,interpolation_duration: 1}
$data merge entity $(right_shoulder) {transformation: [-0.9933f,0.9969f,-0.4116f,-0.7676f,0.9668f,0.5749f,-0.9406f,5.8634f,-0.4781f,-0.9085f,-1.0468f,-0.5675f,0f,0f,0f,1f],start_interpolation: 0,interpolation_duration: 1}
$data merge entity $(right_arm) {transformation: [-0.9375f,-0.039f,0.3457f,-0.2473f,0.0309f,0.9805f,0.1943f,6.1316f,-0.3466f,0.1929f,-0.918f,-0.3239f,0f,0f,0f,1f],start_interpolation: 0,interpolation_duration: 1}
$data merge entity $(left_thumb_2) {transformation: [0.0953f,0.0248f,0.9951f,0.6602f,-0.9769f,-0.1898f,0.0983f,7.33f,0.1913f,-0.9815f,0.0061f,3.0469f,0f,0f,0f,1f],start_interpolation: 0,interpolation_duration: 1}
$data merge entity $(left_thumb) {transformation: [0.0953f,0.8742f,0.4761f,0.9206f,-0.9769f,-0.0098f,0.2135f,7.4687f,0.1913f,-0.4854f,0.8531f,2.8503f,0f,0f,0f,1f],start_interpolation: 0,interpolation_duration: 1}
$data merge entity $(left_fingers2) {transformation: [0.1147f,-0.5968f,0.7941f,0.6175f,0.9917f,0.0227f,-0.1262f,7.4314f,0.0572f,0.8021f,0.5945f,3.3828f,0f,0f,0f,1f],start_interpolation: 0,interpolation_duration: 1}
$data merge entity $(left_fingers) {transformation: [0.5347f,0.2889f,0.7941f,0.6906f,-0.3199f,0.939f,-0.1262f,7.7071f,-0.7822f,-0.1866f,0.5945f,3.3561f,0f,0f,0f,1f],start_interpolation: 0,interpolation_duration: 1}
$data merge entity $(left_hand) {transformation: [-0.2412f,0.5578f,0.7941f,1.0671f,-0.9633f,-0.2369f,-0.1262f,7.5512f,0.1177f,-0.7954f,0.5945f,2.8944f,0f,0f,0f,1f],start_interpolation: 0,interpolation_duration: 1}
$data merge entity $(left_forearm) {transformation: [-1.2706f,0.5181f,0.1189f,1.7989f,-0.4936f,-1.0356f,-0.7623f,5.9434f,-0.1973f,-0.7458f,1.141f,1.8045f,0f,0f,0f,1f],start_interpolation: 0,interpolation_duration: 1}
$data merge entity $(left_shoulder) {transformation: [-0.8381f,-0.3885f,1.1386f,1.1196f,-1.1892f,0.0574f,-0.8558f,5.8012f,0.1822f,-1.4126f,-0.348f,0.1301f,0f,0f,0f,1f],start_interpolation: 0,interpolation_duration: 1}
$data merge entity $(left_arm) {transformation: [-0.9375f,-0.039f,0.3457f,0.5825f,0.0309f,0.9805f,0.1943f,6.1043f,-0.3466f,0.1929f,-0.918f,-0.0172f,0f,0f,0f,1f],start_interpolation: 0,interpolation_duration: 1}
$data merge entity $(chest) {transformation: [-1.1987f,-0.0498f,0.4421f,0.25f,0.0395f,1.2535f,0.2485f,4.354f,-0.4431f,0.2466f,-1.1737f,-0.5506f,0f,0f,0f,1f],start_interpolation: 0,interpolation_duration: 1}
data modify storage animated_java:temp entry.data merge value {"locators":{"consume":{"px":-0.8509160453,"py":6.874191284,"pz":2.2452264004,"ry":223.58475617,"rx":-21.3329626645}}}
# Data Manager: Prepare for Read / Write
execute store result storage animated_java:temp args.id int 1 run scoreboard players get @s aj.id
# Data Manager: Write
function animated_java:global/data_manager/write with storage animated_java:temp args