# This file was generated by Animated Java via MC-Build. It is not recommended to edit this file directly.
$data merge entity $(neck) {transformation: [-0.9628f,-0.1066f,0.2484f,0.1912f,-0.003f,0.9232f,0.3843f,6.1679f,-0.2703f,0.3692f,-0.8892f,-0.2304f,0f,0f,0f,1f],start_interpolation: 0,interpolation_duration: 1}
$data merge entity $(right_thumb_2) {transformation: [-0.2705f,-0.0316f,-0.9622f,-0.8778f,0.9388f,-0.2301f,-0.2564f,6.6971f,-0.2133f,-0.9727f,0.0919f,1.7971f,0f,0f,0f,1f],start_interpolation: 0,interpolation_duration: 1}
$data merge entity $(right_thumb) {transformation: [-0.2705f,-0.8491f,-0.4537f,-1.1846f,0.9388f,-0.3371f,0.0711f,6.7268f,-0.2133f,-0.4067f,0.8883f,1.6221f,0f,0f,0f,1f],start_interpolation: 0,interpolation_duration: 1}
$data merge entity $(right_fingers2) {transformation: [0.4525f,0.6102f,-0.6503f,-0.8479f,-0.8902f,0.2662f,-0.3697f,6.8219f,-0.0525f,0.7462f,0.6636f,2.1265f,0f,0f,0f,1f],start_interpolation: 0,interpolation_duration: 1}
$data merge entity $(right_fingers) {transformation: [0.4458f,-0.6151f,-0.6503f,-1.0153f,0.5216f,0.769f,-0.3697f,7.053f,0.7275f,-0.1744f,0.6636f,2.1022f,0f,0f,0f,1f],start_interpolation: 0,interpolation_duration: 1}
$data merge entity $(scout) {transformation: [0f,0f,0f,-1.0053f,0f,0f,0f,6.8494f,0f,0f,0f,2.1593f,0f,0f,0f,1f],start_interpolation: 0,interpolation_duration: 1}
$data merge entity $(right_hand) {transformation: [-0.5739f,-0.4978f,-0.6503f,-1.3469f,0.8115f,-0.4526f,-0.3697f,6.7546f,-0.1103f,-0.7399f,0.6636f,1.6776f,0f,0f,0f,1f],start_interpolation: 0,interpolation_duration: 1}
$data merge entity $(right_forearm) {transformation: [-0.7077f,-0.5598f,-1.0407f,-2.1984f,1.0292f,-0.8879f,-0.2223f,5.3665f,-0.5806f,-0.8918f,0.8745f,0.3905f,0f,0f,0f,1f],start_interpolation: 0,interpolation_duration: 1}
$data merge entity $(right_shoulder) {transformation: [-0.9763f,1.0073f,-0.4266f,-0.7597f,0.9813f,0.5536f,-0.9384f,5.8739f,-0.4836f,-0.9103f,-1.0427f,-0.5884f,0f,0f,0f,1f],start_interpolation: 0,interpolation_duration: 1}
$data merge entity $(right_arm) {transformation: [-0.9375f,-0.0338f,0.3463f,-0.2379f,0.0309f,0.9833f,0.1795f,6.1428f,-0.3466f,0.179f,-0.9208f,-0.3489f,0f,0f,0f,1f],start_interpolation: 0,interpolation_duration: 1}
$data merge entity $(left_thumb_2) {transformation: [0.105f,0.0211f,0.9943f,0.6661f,-0.9783f,-0.1775f,0.1071f,7.3467f,0.1787f,-0.9839f,0.002f,3.0448f,0f,0f,0f,1f],start_interpolation: 0,interpolation_duration: 1}
$data merge entity $(left_thumb) {transformation: [0.105f,0.8716f,0.4789f,0.9242f,-0.9783f,0.004f,0.2072f,7.4901f,0.1787f,-0.4902f,0.8531f,2.8485f,0f,0f,0f,1f],start_interpolation: 0,interpolation_duration: 1}
$data merge entity $(left_fingers2) {transformation: [0.1063f,-0.5926f,0.7985f,0.6243f,0.992f,0.0076f,-0.1264f,7.4435f,0.0688f,0.8055f,0.5886f,3.3822f,0f,0f,0f,1f],start_interpolation: 0,interpolation_duration: 1}
$data merge entity $(left_fingers) {transformation: [0.5332f,0.2795f,0.7985f,0.6948f,-0.3055f,0.9438f,-0.1264f,7.7201f,-0.7889f,-0.1766f,0.5886f,3.3584f,0f,0f,0f,1f],start_interpolation: 0,interpolation_duration: 1}
$data merge entity $(left_hand) {transformation: [-0.232f,0.5555f,0.7985f,1.0702f,-0.9668f,-0.2221f,-0.1264f,7.5733f,0.1071f,-0.8013f,0.5886f,2.8928f,0f,0f,0f,1f],start_interpolation: 0,interpolation_duration: 1}
$data merge entity $(left_forearm) {transformation: [-1.2673f,0.5231f,0.1319f,1.8101f,-0.5024f,-1.0217f,-0.7751f,5.9856f,-0.1966f,-0.7613f,1.1309f,1.7793f,0f,0f,0f,1f],start_interpolation: 0,interpolation_duration: 1}
$data merge entity $(left_shoulder) {transformation: [-0.8283f,-0.3927f,1.1443f,1.1275f,-1.1927f,0.0321f,-0.8523f,5.8117f,0.2032f,-1.4123f,-0.3376f,0.1093f,0f,0f,0f,1f],start_interpolation: 0,interpolation_duration: 1}
$data merge entity $(left_arm) {transformation: [-0.9375f,-0.0338f,0.3463f,0.5919f,0.0309f,0.9833f,0.1795f,6.1155f,-0.3466f,0.179f,-0.9208f,-0.0421f,0f,0f,0f,1f],start_interpolation: 0,interpolation_duration: 1}
$data merge entity $(chest) {transformation: [-1.1987f,-0.0432f,0.4428f,0.25f,0.0395f,1.2571f,0.2295f,4.3596f,-0.4431f,0.2289f,-1.1773f,-0.5506f,0f,0f,0f,1f],start_interpolation: 0,interpolation_duration: 1}
data modify storage animated_java:temp entry.data merge value {"locators":{"consume":{"px":-0.8731470061,"py":6.8947923217,"pz":2.2559970337,"ry":224.4191534274,"rx":-21.6970544235}}}
# Data Manager: Prepare for Read / Write
execute store result storage animated_java:temp args.id int 1 run scoreboard players get @s aj.id
# Data Manager: Write
function animated_java:global/data_manager/write with storage animated_java:temp args