# This file was generated by Animated Java via MC-Build. It is not recommended to edit this file directly.
$data merge entity $(neck) {transformation: [-0.9628f,-0.1061f,0.2484f,0.1947f,-0.0026f,0.9232f,0.3843f,6.17f,-0.2701f,0.3694f,-0.8892f,-0.2397f,0f,0f,0f,1f],start_interpolation: 0,interpolation_duration: 1}
$data merge entity $(right_thumb_2) {transformation: [-0.2668f,-0.0275f,-0.9634f,-0.8805f,0.9399f,-0.2286f,-0.2538f,6.706f,-0.2133f,-0.9731f,0.0869f,1.8005f,0f,0f,0f,1f],start_interpolation: 0,interpolation_duration: 1}
$data merge entity $(right_thumb) {transformation: [-0.2668f,-0.8481f,-0.4578f,-1.1865f,0.9399f,-0.3341f,0.0711f,6.7369f,-0.2133f,-0.4113f,0.8862f,1.6241f,0f,0f,0f,1f],start_interpolation: 0,interpolation_duration: 1}
$data merge entity $(right_fingers2) {transformation: [0.4502f,0.6073f,-0.6546f,-0.8519f,-0.8914f,0.2634f,-0.3688f,6.8302f,-0.0515f,0.7496f,0.6599f,2.1302f,0f,0f,0f,1f],start_interpolation: 0,interpolation_duration: 1}
$data merge entity $(right_fingers) {transformation: [0.4438f,-0.612f,-0.6546f,-1.0186f,0.5192f,0.771f,-0.3688f,7.0619f,0.7304f,-0.1762f,0.6599f,2.1054f,0f,0f,0f,1f],start_interpolation: 0,interpolation_duration: 1}
$data merge entity $(scout) {transformation: [0f,0f,0f,-1.0094f,0f,0f,0f,6.8582f,0f,0f,0f,2.1624f,0f,0f,0f,1f],start_interpolation: 0,interpolation_duration: 1}
$data merge entity $(right_hand) {transformation: [-0.571f,-0.4954f,-0.6546f,-1.349f,0.8133f,-0.4501f,-0.3688f,6.7651f,-0.1119f,-0.7429f,0.6599f,1.6789f,0f,0f,0f,1f],start_interpolation: 0,interpolation_duration: 1}
$data merge entity $(right_forearm) {transformation: [-0.7019f,-0.5579f,-1.0456f,-2.1981f,1.0321f,-0.885f,-0.2205f,5.3813f,-0.5825f,-0.8958f,0.8691f,0.3856f,0f,0f,0f,1f],start_interpolation: 0,interpolation_duration: 1}
$data merge entity $(right_shoulder) {transformation: [-0.97f,1.0103f,-0.4339f,-0.7569f,0.9864f,0.5441f,-0.9385f,5.876f,-0.4856f,-0.9128f,-1.0396f,-0.596f,0f,0f,0f,1f],start_interpolation: 0,interpolation_duration: 1}
$data merge entity $(right_arm) {transformation: [-0.9375f,-0.0319f,0.3465f,-0.2345f,0.0309f,0.9842f,0.1742f,6.1451f,-0.3466f,0.174f,-0.9217f,-0.3579f,0f,0f,0f,1f],start_interpolation: 0,interpolation_duration: 1}
$data merge entity $(left_thumb_2) {transformation: [0.1094f,0.0197f,0.9938f,0.6648f,-0.9781f,-0.1762f,0.1111f,7.3559f,0.1773f,-0.9842f,0f,3.0405f,0f,0f,0f,1f],start_interpolation: 0,interpolation_duration: 1}
$data merge entity $(left_thumb) {transformation: [0.1094f,0.8705f,0.4799f,0.9219f,-0.9781f,0.0082f,0.2081f,7.5006f,0.1773f,-0.4921f,0.8523f,2.8439f,0f,0f,0f,1f],start_interpolation: 0,interpolation_duration: 1}
$data merge entity $(left_fingers2) {transformation: [0.1024f,-0.5908f,0.8003f,0.6234f,0.9923f,0.0041f,-0.1239f,7.4521f,0.0699f,0.8068f,0.5867f,3.3781f,0f,0f,0f,1f],start_interpolation: 0,interpolation_duration: 1}
$data merge entity $(left_fingers) {transformation: [0.5327f,0.2753f,0.8003f,0.6927f,-0.3023f,0.9451f,-0.1239f,7.729f,-0.7905f,-0.176f,0.5867f,3.3546f,0f,0f,0f,1f],start_interpolation: 0,interpolation_duration: 1}
$data merge entity $(left_hand) {transformation: [-0.2278f,0.5547f,0.8003f,1.0677f,-0.9679f,-0.2188f,-0.1239f,7.5843f,0.1064f,-0.8028f,0.5867f,2.888f,0f,0f,0f,1f],start_interpolation: 0,interpolation_duration: 1}
$data merge entity $(left_forearm) {transformation: [-1.2657f,0.5256f,0.1376f,1.8116f,-0.5074f,-1.0186f,-0.776f,6.001f,-0.1944f,-0.7637f,1.1296f,1.7708f,0f,0f,0f,1f],start_interpolation: 0,interpolation_duration: 1}
$data merge entity $(left_shoulder) {transformation: [-0.8247f,-0.3922f,1.1471f,1.1303f,-1.1938f,0.0213f,-0.851f,5.8138f,0.2109f,-1.4126f,-0.3313f,0.1017f,0f,0f,0f,1f],start_interpolation: 0,interpolation_duration: 1}
$data merge entity $(left_arm) {transformation: [-0.9375f,-0.0319f,0.3465f,0.5953f,0.0309f,0.9842f,0.1742f,6.1178f,-0.3466f,0.174f,-0.9217f,-0.0512f,0f,0f,0f,1f],start_interpolation: 0,interpolation_duration: 1}
$data merge entity $(chest) {transformation: [-1.1987f,-0.0408f,0.443f,0.25f,0.0395f,1.2584f,0.2227f,4.36f,-0.4431f,0.2225f,-1.1785f,-0.5506f,0f,0f,0f,1f],start_interpolation: 0,interpolation_duration: 1}
data modify storage animated_java:temp entry.data merge value {"locators":{"consume":{"px":-0.8775923598,"py":6.9030433537,"pz":2.2597383317,"ry":224.7676323368,"rx":-21.6404585106}}}
# Data Manager: Prepare for Read / Write
execute store result storage animated_java:temp args.id int 1 run scoreboard players get @s aj.id
# Data Manager: Write
function animated_java:global/data_manager/write with storage animated_java:temp args