# This file was generated by Animated Java via MC-Build. It is not recommended to edit this file directly.
$data merge entity $(neck) {transformation: [-0.9629f,-0.1057f,0.2484f,0.1982f,-0.0022f,0.9232f,0.3843f,6.1713f,-0.2699f,0.3695f,-0.8892f,-0.2489f,0f,0f,0f,1f],start_interpolation: 0,interpolation_duration: 1}
$data merge entity $(right_thumb_2) {transformation: [-0.2619f,-0.0234f,-0.9648f,-0.8817f,0.941f,-0.2281f,-0.2499f,6.7149f,-0.2142f,-0.9734f,0.0818f,1.804f,0f,0f,0f,1f],start_interpolation: 0,interpolation_duration: 1}
$data merge entity $(right_thumb) {transformation: [-0.2619f,-0.8473f,-0.4621f,-1.1866f,0.941f,-0.3305f,0.0726f,6.7471f,-0.2142f,-0.4158f,0.8838f,1.626f,0f,0f,0f,1f],start_interpolation: 0,interpolation_duration: 1}
$data merge entity $(right_fingers2) {transformation: [0.4469f,0.6045f,-0.6595f,-0.8543f,-0.8932f,0.2606f,-0.3664f,6.8389f,-0.0496f,0.7528f,0.6564f,2.1339f,0f,0f,0f,1f],start_interpolation: 0,interpolation_duration: 1}
$data merge entity $(right_fingers) {transformation: [0.4421f,-0.608f,-0.6595f,-1.0199f,0.5171f,0.7735f,-0.3664f,7.0712f,0.7329f,-0.179f,0.6564f,2.1084f,0f,0f,0f,1f],start_interpolation: 0,interpolation_duration: 1}
$data merge entity $(scout) {transformation: [0f,0f,0f,-1.0118f,0f,0f,0f,6.8675f,0f,0f,0f,2.1653f,0f,0f,0f,1f],start_interpolation: 0,interpolation_duration: 1}
$data merge entity $(right_hand) {transformation: [-0.5671f,-0.4934f,-0.6595f,-1.3493f,0.8156f,-0.4477f,-0.3664f,6.776f,-0.1145f,-0.7457f,0.6564f,1.68f,0f,0f,0f,1f],start_interpolation: 0,interpolation_duration: 1}
$data merge entity $(right_forearm) {transformation: [-0.6947f,-0.5569f,-1.0509f,-2.1973f,1.0352f,-0.8824f,-0.2167f,5.3962f,-0.5856f,-0.8991f,0.8636f,0.3817f,0f,0f,0f,1f],start_interpolation: 0,interpolation_duration: 1}
$data merge entity $(right_shoulder) {transformation: [-0.9637f,1.0128f,-0.442f,-0.754f,0.9916f,0.5337f,-0.939f,5.8772f,-0.4878f,-0.9161f,-1.0357f,-0.6035f,0f,0f,0f,1f],start_interpolation: 0,interpolation_duration: 1}
$data merge entity $(right_arm) {transformation: [-0.9375f,-0.03f,0.3466f,-0.2311f,0.0309f,0.9852f,0.1688f,6.1466f,-0.3466f,0.169f,-0.9227f,-0.367f,0f,0f,0f,1f],start_interpolation: 0,interpolation_duration: 1}
$data merge entity $(left_thumb_2) {transformation: [0.1142f,0.0182f,0.9933f,0.662f,-0.9775f,-0.1763f,0.1156f,7.3665f,0.1772f,-0.9842f,-0.0023f,3.0346f,0f,0f,0f,1f],start_interpolation: 0,interpolation_duration: 1}
$data merge entity $(left_thumb) {transformation: [0.1142f,0.8693f,0.4809f,0.918f,-0.9775f,0.012f,0.2105f,7.5124f,0.1772f,-0.4941f,0.8511f,2.8373f,0f,0f,0f,1f],start_interpolation: 0,interpolation_duration: 1}
$data merge entity $(left_fingers2) {transformation: [0.0981f,-0.589f,0.8022f,0.621f,0.9928f,0.0017f,-0.1201f,7.4627f,0.0694f,0.8081f,0.5849f,3.3723f,0f,0f,0f,1f],start_interpolation: 0,interpolation_duration: 1}
$data merge entity $(left_fingers) {transformation: [0.5322f,0.2706f,0.8022f,0.689f,-0.3001f,0.9463f,-0.1201f,7.7399f,-0.7916f,-0.1768f,0.5849f,3.3485f,0f,0f,0f,1f],start_interpolation: 0,interpolation_duration: 1}
$data merge entity $(left_hand) {transformation: [-0.2232f,0.5538f,0.8022f,1.0635f,-0.9689f,-0.2165f,-0.1201f,7.5968f,0.1071f,-0.804f,0.5849f,2.8811f,0f,0f,0f,1f],start_interpolation: 0,interpolation_duration: 1}
$data merge entity $(left_forearm) {transformation: [-1.2638f,0.5285f,0.1436f,1.812f,-0.5131f,-1.0164f,-0.7751f,6.0166f,-0.1914f,-0.7647f,1.1295f,1.7626f,0f,0f,0f,1f],start_interpolation: 0,interpolation_duration: 1}
$data merge entity $(left_shoulder) {transformation: [-0.8211f,-0.3906f,1.1502f,1.1332f,-1.1949f,0.0098f,-0.8497f,5.815f,0.2187f,-1.4132f,-0.3238f,0.0941f,0f,0f,0f,1f],start_interpolation: 0,interpolation_duration: 1}
$data merge entity $(left_arm) {transformation: [-0.9375f,-0.03f,0.3466f,0.5987f,0.0309f,0.9852f,0.1688f,6.1193f,-0.3466f,0.169f,-0.9227f,-0.0602f,0f,0f,0f,1f],start_interpolation: 0,interpolation_duration: 1}
$data merge entity $(chest) {transformation: [-1.1987f,-0.0383f,0.4432f,0.25f,0.0395f,1.2596f,0.2158f,4.3596f,-0.4431f,0.216f,-1.1797f,-0.5506f,0f,0f,0f,1f],start_interpolation: 0,interpolation_duration: 1}
data modify storage animated_java:temp entry.data merge value {"locators":{"consume":{"px":-0.8803500768,"py":6.9117702427,"pz":2.2633606194,"ry":225.1357092534,"rx":-21.4945898817}}}
# Data Manager: Prepare for Read / Write
execute store result storage animated_java:temp args.id int 1 run scoreboard players get @s aj.id
# Data Manager: Write
function animated_java:global/data_manager/write with storage animated_java:temp args