# This file was generated by Animated Java via MC-Build. It is not recommended to edit this file directly.
$data merge entity $(neck) {transformation: [-0.9629f,-0.1052f,0.2484f,0.2016f,-0.0017f,0.9232f,0.3843f,6.1717f,-0.2698f,0.3697f,-0.8891f,-0.258f,0f,0f,0f,1f],start_interpolation: 0,interpolation_duration: 1}
$data merge entity $(right_thumb_2) {transformation: [-0.2559f,-0.0194f,-0.9665f,-0.8813f,0.9422f,-0.2285f,-0.2449f,6.7237f,-0.2161f,-0.9733f,0.0768f,1.8075f,0f,0f,0f,1f],start_interpolation: 0,interpolation_duration: 1}
$data merge entity $(right_thumb) {transformation: [-0.2559f,-0.8467f,-0.4664f,-1.185f,0.9422f,-0.3263f,0.0755f,6.7574f,-0.2161f,-0.4202f,0.8813f,1.6279f,0f,0f,0f,1f],start_interpolation: 0,interpolation_duration: 1}
$data merge entity $(right_fingers2) {transformation: [0.4425f,0.6018f,-0.6648f,-0.855f,-0.8955f,0.2579f,-0.3626f,6.8478f,-0.0468f,0.7559f,0.653f,2.1375f,0f,0f,0f,1f],start_interpolation: 0,interpolation_duration: 1}
$data merge entity $(right_fingers) {transformation: [0.4408f,-0.603f,-0.6648f,-1.0193f,0.5153f,0.7765f,-0.3626f,7.0809f,0.7349f,-0.1827f,0.653f,2.111f,0f,0f,0f,1f],start_interpolation: 0,interpolation_duration: 1}
$data merge entity $(scout) {transformation: [0f,0f,0f,-1.0125f,0f,0f,0f,6.8772f,0f,0f,0f,2.168f,0f,0f,0f,1f],start_interpolation: 0,interpolation_duration: 1}
$data merge entity $(right_hand) {transformation: [-0.5623f,-0.4917f,-0.6648f,-1.3478f,0.8185f,-0.4456f,-0.3626f,6.7871f,-0.1179f,-0.7481f,0.653f,1.681f,0f,0f,0f,1f],start_interpolation: 0,interpolation_duration: 1}
$data merge entity $(right_forearm) {transformation: [-0.6862f,-0.5566f,-1.0566f,-2.196f,1.0384f,-0.88f,-0.2108f,5.4109f,-0.5899f,-0.9016f,0.8581f,0.379f,0f,0f,0f,1f],start_interpolation: 0,interpolation_duration: 1}
$data merge entity $(right_shoulder) {transformation: [-0.9575f,1.0148f,-0.4507f,-0.7512f,0.9965f,0.5228f,-0.94f,5.8777f,-0.4899f,-0.9201f,-1.0311f,-0.611f,0f,0f,0f,1f],start_interpolation: 0,interpolation_duration: 1}
$data merge entity $(right_arm) {transformation: [-0.9375f,-0.0281f,0.3468f,-0.2277f,0.0309f,0.9861f,0.1635f,6.1473f,-0.3466f,0.164f,-0.9236f,-0.3758f,0f,0f,0f,1f],start_interpolation: 0,interpolation_duration: 1}
$data merge entity $(left_thumb_2) {transformation: [0.1193f,0.0167f,0.9927f,0.6577f,-0.9767f,-0.1779f,0.1203f,7.3785f,0.1787f,-0.9839f,-0.0049f,3.0271f,0f,0f,0f,1f],start_interpolation: 0,interpolation_duration: 1}
$data merge entity $(left_thumb) {transformation: [0.1193f,0.8681f,0.4819f,0.9126f,-0.9767f,0.0152f,0.2143f,7.5252f,0.1787f,-0.4962f,0.8496f,2.829f,0f,0f,0f,1f],start_interpolation: 0,interpolation_duration: 1}
$data merge entity $(left_fingers2) {transformation: [0.0935f,-0.5871f,0.8041f,0.617f,0.9933f,0.0003f,-0.1153f,7.475f,0.0675f,0.8095f,0.5832f,3.3647f,0f,0f,0f,1f],start_interpolation: 0,interpolation_duration: 1}
$data merge entity $(left_fingers) {transformation: [0.5318f,0.2657f,0.8041f,0.6836f,-0.299f,0.9473f,-0.1153f,7.7525f,-0.7923f,-0.1791f,0.5832f,3.3403f,0f,0f,0f,1f],start_interpolation: 0,interpolation_duration: 1}
$data merge entity $(left_hand) {transformation: [-0.2183f,0.553f,0.8041f,1.0577f,-0.9697f,-0.2153f,-0.1153f,7.6104f,0.1093f,-0.8049f,0.5832f,2.8723f,0f,0f,0f,1f],start_interpolation: 0,interpolation_duration: 1}
$data merge entity $(left_forearm) {transformation: [-1.2618f,0.5315f,0.15f,1.8112f,-0.5195f,-1.0152f,-0.7724f,6.0318f,-0.1876f,-0.7642f,1.1305f,1.7548f,0f,0f,0f,1f],start_interpolation: 0,interpolation_duration: 1}
$data merge entity $(left_shoulder) {transformation: [-0.8176f,-0.3882f,1.1535f,1.136f,-1.1959f,-0.0021f,-0.8484f,5.8155f,0.2263f,-1.4139f,-0.3154f,0.0867f,0f,0f,0f,1f],start_interpolation: 0,interpolation_duration: 1}
$data merge entity $(left_arm) {transformation: [-0.9375f,-0.0281f,0.3468f,0.6021f,0.0309f,0.9861f,0.1635f,6.1199f,-0.3466f,0.164f,-0.9236f,-0.0691f,0f,0f,0f,1f],start_interpolation: 0,interpolation_duration: 1}
$data merge entity $(chest) {transformation: [-1.1987f,-0.036f,0.4434f,0.25f,0.0395f,1.2607f,0.2091f,4.3584f,-0.4431f,0.2097f,-1.1808f,-0.5506f,0f,0f,0f,1f],start_interpolation: 0,interpolation_duration: 1}
data modify storage animated_java:temp entry.data merge value {"locators":{"consume":{"px":-0.8813466521,"py":6.9208196527,"pz":2.2667552575,"ry":225.5128211499,"rx":-21.2628244701}}}
# Data Manager: Prepare for Read / Write
execute store result storage animated_java:temp args.id int 1 run scoreboard players get @s aj.id
# Data Manager: Write
function animated_java:global/data_manager/write with storage animated_java:temp args