# This file was generated by Animated Java via MC-Build. It is not recommended to edit this file directly.
$data merge entity $(neck) {transformation: [-0.963f,-0.1048f,0.2484f,0.2048f,-0.0013f,0.9232f,0.3844f,6.1713f,-0.2696f,0.3698f,-0.8891f,-0.2666f,0f,0f,0f,1f],start_interpolation: 0,interpolation_duration: 1}
$data merge entity $(right_thumb_2) {transformation: [-0.249f,-0.0156f,-0.9684f,-0.8792f,0.9434f,-0.23f,-0.2389f,6.7322f,-0.2189f,-0.9731f,0.072f,1.8109f,0f,0f,0f,1f],start_interpolation: 0,interpolation_duration: 1}
$data merge entity $(right_thumb) {transformation: [-0.249f,-0.8464f,-0.4707f,-1.1818f,0.9434f,-0.3219f,0.0797f,6.7674f,-0.2189f,-0.4242f,0.8787f,1.6296f,0f,0f,0f,1f],start_interpolation: 0,interpolation_duration: 1}
$data merge entity $(right_fingers2) {transformation: [0.4373f,0.5993f,-0.6705f,-0.8539f,-0.8983f,0.2555f,-0.3576f,6.8566f,-0.043f,0.7587f,0.65f,2.1409f,0f,0f,0f,1f],start_interpolation: 0,interpolation_duration: 1}
$data merge entity $(right_fingers) {transformation: [0.44f,-0.5973f,-0.6705f,-1.0166f,0.5138f,0.7799f,-0.3576f,7.0907f,0.7365f,-0.1871f,0.65f,2.1131f,0f,0f,0f,1f],start_interpolation: 0,interpolation_duration: 1}
$data merge entity $(scout) {transformation: [0f,0f,0f,-1.0115f,0f,0f,0f,6.887f,0f,0f,0f,2.1704f,0f,0f,0f,1f],start_interpolation: 0,interpolation_duration: 1}
$data merge entity $(right_hand) {transformation: [-0.5567f,-0.4904f,-0.6705f,-1.3447f,0.8217f,-0.4438f,-0.3576f,6.7982f,-0.1222f,-0.75f,0.65f,1.6818f,0f,0f,0f,1f],start_interpolation: 0,interpolation_duration: 1}
$data merge entity $(right_forearm) {transformation: [-0.6767f,-0.5571f,-1.0624f,-2.1943f,1.0416f,-0.8781f,-0.203f,5.4251f,-0.5952f,-0.9032f,0.8527f,0.3774f,0f,0f,0f,1f],start_interpolation: 0,interpolation_duration: 1}
$data merge entity $(right_shoulder) {transformation: [-0.9515f,1.0163f,-0.4599f,-0.7485f,1.0012f,0.5115f,-0.9412f,5.8772f,-0.492f,-0.9248f,-1.0259f,-0.618f,0f,0f,0f,1f],start_interpolation: 0,interpolation_duration: 1}
$data merge entity $(right_arm) {transformation: [-0.9375f,-0.0264f,0.3469f,-0.2246f,0.0309f,0.9869f,0.1585f,6.147f,-0.3466f,0.1594f,-0.9244f,-0.3842f,0f,0f,0f,1f],start_interpolation: 0,interpolation_duration: 1}
$data merge entity $(left_thumb_2) {transformation: [0.1245f,0.0153f,0.9921f,0.652f,-0.9755f,-0.181f,0.1252f,7.3914f,0.1815f,-0.9834f,-0.0076f,3.0183f,0f,0f,0f,1f],start_interpolation: 0,interpolation_duration: 1}
$data merge entity $(left_thumb) {transformation: [0.1245f,0.8669f,0.4828f,0.9057f,-0.9755f,0.0179f,0.2194f,7.5387f,0.1815f,-0.4982f,0.8478f,2.8192f,0f,0f,0f,1f],start_interpolation: 0,interpolation_duration: 1}
$data merge entity $(left_fingers2) {transformation: [0.0887f,-0.5852f,0.806f,0.6116f,0.994f,0f,-0.1094f,7.4888f,0.0641f,0.8109f,0.5817f,3.3557f,0f,0f,0f,1f],start_interpolation: 0,interpolation_duration: 1}
$data merge entity $(left_fingers) {transformation: [0.5315f,0.2606f,0.806f,0.6768f,-0.2989f,0.948f,-0.1094f,7.7666f,-0.7926f,-0.1827f,0.5817f,3.3303f,0f,0f,0f,1f],start_interpolation: 0,interpolation_duration: 1}
$data merge entity $(left_hand) {transformation: [-0.2133f,0.5521f,0.806f,1.0505f,-0.9704f,-0.2151f,-0.1094f,7.6248f,0.1129f,-0.8055f,0.5817f,2.8618f,0f,0f,0f,1f],start_interpolation: 0,interpolation_duration: 1}
$data merge entity $(left_forearm) {transformation: [-1.2596f,0.5348f,0.1564f,1.8092f,-0.5263f,-1.015f,-0.7681f,6.0464f,-0.1829f,-0.7622f,1.1326f,1.7476f,0f,0f,0f,1f],start_interpolation: 0,interpolation_duration: 1}
$data merge entity $(left_shoulder) {transformation: [-0.8143f,-0.3848f,1.157f,1.1387f,-1.1968f,-0.0142f,-0.847f,5.815f,0.2335f,-1.4148f,-0.3062f,0.0796f,0f,0f,0f,1f],start_interpolation: 0,interpolation_duration: 1}
$data merge entity $(left_arm) {transformation: [-0.9375f,-0.0264f,0.3469f,0.6052f,0.0309f,0.9869f,0.1585f,6.1197f,-0.3466f,0.1594f,-0.9244f,-0.0775f,0f,0f,0f,1f],start_interpolation: 0,interpolation_duration: 1}
$data merge entity $(chest) {transformation: [-1.1987f,-0.0337f,0.4436f,0.25f,0.0395f,1.2618f,0.2027f,4.3565f,-0.4431f,0.2037f,-1.1819f,-0.5506f,0f,0f,0f,1f],start_interpolation: 0,interpolation_duration: 1}
data modify storage animated_java:temp entry.data merge value {"locators":{"consume":{"px":-0.8805442845,"py":6.9300188068,"pz":2.2698251789,"ry":225.8881773892,"rx":-20.9508620004}}}
# Data Manager: Prepare for Read / Write
execute store result storage animated_java:temp args.id int 1 run scoreboard players get @s aj.id
# Data Manager: Write
function animated_java:global/data_manager/write with storage animated_java:temp args