# This file was generated by Animated Java via MC-Build. It is not recommended to edit this file directly.
$data merge entity $(neck) {transformation: [-0.963f,-0.1044f,0.2484f,0.2078f,-0.0009f,0.9232f,0.3844f,6.17f,-0.2695f,0.3699f,-0.8891f,-0.2745f,0f,0f,0f,1f],start_interpolation: 0,interpolation_duration: 1}
$data merge entity $(right_thumb_2) {transformation: [-0.2414f,-0.0121f,-0.9703f,-0.8756f,0.9445f,-0.2323f,-0.2321f,6.7402f,-0.2226f,-0.9726f,0.0675f,1.8141f,0f,0f,0f,1f],start_interpolation: 0,interpolation_duration: 1}
$data merge entity $(right_thumb) {transformation: [-0.2414f,-0.8464f,-0.4747f,-1.177f,0.9445f,-0.3172f,0.0852f,6.777f,-0.2226f,-0.4278f,0.876f,1.6311f,0f,0f,0f,1f],start_interpolation: 0,interpolation_duration: 1}
$data merge entity $(right_fingers2) {transformation: [0.4314f,0.5971f,-0.6763f,-0.8512f,-0.9013f,0.2533f,-0.3513f,6.8652f,-0.0384f,0.7612f,0.6474f,2.1438f,0f,0f,0f,1f],start_interpolation: 0,interpolation_duration: 1}
$data merge entity $(right_fingers) {transformation: [0.4397f,-0.591f,-0.6763f,-1.0121f,0.5126f,0.7835f,-0.3513f,7.1004f,0.7375f,-0.1922f,0.6474f,2.1146f,0f,0f,0f,1f],start_interpolation: 0,interpolation_duration: 1}
$data merge entity $(scout) {transformation: [0f,0f,0f,-1.0086f,0f,0f,0f,6.8968f,0f,0f,0f,2.1725f,0f,0f,0f,1f],start_interpolation: 0,interpolation_duration: 1}
$data merge entity $(right_hand) {transformation: [-0.5504f,-0.4895f,-0.6763f,-1.3399f,0.8252f,-0.4424f,-0.3513f,6.809f,-0.1272f,-0.7514f,0.6474f,1.6823f,0f,0f,0f,1f],start_interpolation: 0,interpolation_duration: 1}
$data merge entity $(right_forearm) {transformation: [-0.6665f,-0.5584f,-1.0682f,-2.192f,1.0447f,-0.8766f,-0.1935f,5.4385f,-0.6014f,-0.9039f,0.8477f,0.377f,0f,0f,0f,1f],start_interpolation: 0,interpolation_duration: 1}
$data merge entity $(right_shoulder) {transformation: [-0.946f,1.0172f,-0.4693f,-0.7461f,1.0055f,0.5002f,-0.9427f,5.876f,-0.4939f,-0.93f,-1.0203f,-0.6245f,0f,0f,0f,1f],start_interpolation: 0,interpolation_duration: 1}
$data merge entity $(right_arm) {transformation: [-0.9375f,-0.0248f,0.3471f,-0.2216f,0.0309f,0.9876f,0.1539f,6.1459f,-0.3466f,0.155f,-0.9251f,-0.392f,0f,0f,0f,1f],start_interpolation: 0,interpolation_duration: 1}
$data merge entity $(left_thumb_2) {transformation: [0.1298f,0.014f,0.9914f,0.645f,-0.974f,-0.1854f,0.1301f,7.405f,0.1857f,-0.9826f,-0.0104f,3.0084f,0f,0f,0f,1f],start_interpolation: 0,interpolation_duration: 1}
$data merge entity $(left_thumb) {transformation: [0.1298f,0.8656f,0.4836f,0.8975f,-0.974f,0.02f,0.2256f,7.5526f,0.1857f,-0.5003f,0.8457f,2.808f,0f,0f,0f,1f],start_interpolation: 0,interpolation_duration: 1}
$data merge entity $(left_fingers2) {transformation: [0.0839f,-0.5834f,0.8078f,0.6049f,0.9947f,0.0008f,-0.1028f,7.5037f,0.0593f,0.8122f,0.5804f,3.3455f,0f,0f,0f,1f],start_interpolation: 0,interpolation_duration: 1}
$data merge entity $(left_fingers) {transformation: [0.5312f,0.2555f,0.8078f,0.6686f,-0.2999f,0.9484f,-0.1028f,7.7817f,-0.7924f,-0.1876f,0.5804f,3.3186f,0f,0f,0f,1f],start_interpolation: 0,interpolation_duration: 1}
$data merge entity $(left_hand) {transformation: [-0.2082f,0.5514f,0.8078f,1.042f,-0.971f,-0.2161f,-0.1028f,7.6396f,0.1179f,-0.8058f,0.5804f,2.8499f,0f,0f,0f,1f],start_interpolation: 0,interpolation_duration: 1}
$data merge entity $(left_forearm) {transformation: [-1.2574f,0.5381f,0.1628f,1.806f,-0.5334f,-1.0158f,-0.7621f,6.0599f,-0.1777f,-0.7587f,1.1357f,1.7412f,0f,0f,0f,1f],start_interpolation: 0,interpolation_duration: 1}
$data merge entity $(left_shoulder) {transformation: [-0.8112f,-0.3806f,1.1606f,1.1411f,-1.1975f,-0.0262f,-0.8456f,5.8138f,0.2402f,-1.4157f,-0.2964f,0.0731f,0f,0f,0f,1f],start_interpolation: 0,interpolation_duration: 1}
$data merge entity $(left_arm) {transformation: [-0.9375f,-0.0248f,0.3471f,0.6082f,0.0309f,0.9876f,0.1539f,6.1186f,-0.3466f,0.155f,-0.9251f,-0.0853f,0f,0f,0f,1f],start_interpolation: 0,interpolation_duration: 1}
$data merge entity $(chest) {transformation: [-1.1987f,-0.0317f,0.4437f,0.25f,0.0395f,1.2627f,0.1968f,4.354f,-0.4431f,0.1982f,-1.1828f,-0.5506f,0f,0f,0f,1f],start_interpolation: 0,interpolation_duration: 1}
data modify storage animated_java:temp entry.data merge value {"locators":{"consume":{"px":-0.8779430792,"py":6.9391747631,"pz":2.272488343,"ry":226.2511938949,"rx":-20.5665825831}}}
# Data Manager: Prepare for Read / Write
execute store result storage animated_java:temp args.id int 1 run scoreboard players get @s aj.id
# Data Manager: Write
function animated_java:global/data_manager/write with storage animated_java:temp args