# This file was generated by Animated Java via MC-Build. It is not recommended to edit this file directly.
$data merge entity $(neck) {transformation: [-0.963f,-0.1041f,0.2484f,0.2104f,-0.0006f,0.9232f,0.3844f,6.168f,-0.2693f,0.37f,-0.8891f,-0.2816f,0f,0f,0f,1f],start_interpolation: 0,interpolation_duration: 1}
$data merge entity $(right_thumb_2) {transformation: [-0.2332f,-0.009f,-0.9724f,-0.8704f,0.9455f,-0.2356f,-0.2246f,6.7475f,-0.2271f,-0.9718f,0.0635f,1.817f,0f,0f,0f,1f],start_interpolation: 0,interpolation_duration: 1}
$data merge entity $(right_thumb) {transformation: [-0.2332f,-0.8466f,-0.4784f,-1.1706f,0.9455f,-0.3123f,0.0918f,6.7859f,-0.2271f,-0.4309f,0.8733f,1.6324f,0f,0f,0f,1f],start_interpolation: 0,interpolation_duration: 1}
$data merge entity $(right_fingers2) {transformation: [0.4248f,0.5951f,-0.6821f,-0.8467f,-0.9047f,0.2515f,-0.344f,6.8735f,-0.0332f,0.7632f,0.6453f,2.1464f,0f,0f,0f,1f],start_interpolation: 0,interpolation_duration: 1}
$data merge entity $(right_fingers) {transformation: [0.4399f,-0.5841f,-0.6821f,-1.0058f,0.5119f,0.7872f,-0.344f,7.1097f,0.7379f,-0.1979f,0.6453f,2.1156f,0f,0f,0f,1f],start_interpolation: 0,interpolation_duration: 1}
$data merge entity $(scout) {transformation: [0f,0f,0f,-1.0041f,0f,0f,0f,6.9063f,0f,0f,0f,2.1742f,0f,0f,0f,1f],start_interpolation: 0,interpolation_duration: 1}
$data merge entity $(right_hand) {transformation: [-0.5436f,-0.4891f,-0.6821f,-1.3336f,0.8288f,-0.4414f,-0.344f,6.8193f,-0.1328f,-0.7523f,0.6453f,1.6827f,0f,0f,0f,1f],start_interpolation: 0,interpolation_duration: 1}
$data merge entity $(right_forearm) {transformation: [-0.6556f,-0.5605f,-1.0738f,-2.1894f,1.0475f,-0.8755f,-0.1826f,5.4506f,-0.6083f,-0.9036f,0.843f,0.3779f,0f,0f,0f,1f],start_interpolation: 0,interpolation_duration: 1}
$data merge entity $(right_shoulder) {transformation: [-0.9411f,1.0174f,-0.4787f,-0.7439f,1.0092f,0.4892f,-0.9444f,5.8739f,-0.4956f,-0.9357f,-1.0143f,-0.6304f,0f,0f,0f,1f],start_interpolation: 0,interpolation_duration: 1}
$data merge entity $(right_arm) {transformation: [-0.9375f,-0.0233f,0.3472f,-0.219f,0.0309f,0.9882f,0.1498f,6.144f,-0.3466f,0.1512f,-0.9258f,-0.3989f,0f,0f,0f,1f],start_interpolation: 0,interpolation_duration: 1}
$data merge entity $(left_thumb_2) {transformation: [0.1349f,0.0129f,0.9908f,0.6369f,-0.9723f,-0.1911f,0.1348f,7.4188f,0.1911f,-0.9815f,-0.0132f,2.9976f,0f,0f,0f,1f],start_interpolation: 0,interpolation_duration: 1}
$data merge entity $(left_thumb) {transformation: [0.1349f,0.8645f,0.4842f,0.8882f,-0.9723f,0.0212f,0.2329f,7.5665f,0.1911f,-0.5022f,0.8434f,2.7958f,0f,0f,0f,1f],start_interpolation: 0,interpolation_duration: 1}
$data merge entity $(left_fingers2) {transformation: [0.0792f,-0.5817f,0.8095f,0.597f,0.9954f,0.0027f,-0.0955f,7.5194f,0.0533f,0.8134f,0.5793f,3.3341f,0f,0f,0f,1f],start_interpolation: 0,interpolation_duration: 1}
$data merge entity $(left_fingers) {transformation: [0.531f,0.2505f,0.8095f,0.6593f,-0.3019f,0.9485f,-0.0955f,7.7975f,-0.7918f,-0.1937f,0.5793f,3.3055f,0f,0f,0f,1f],start_interpolation: 0,interpolation_duration: 1}
$data merge entity $(left_hand) {transformation: [-0.2032f,0.5508f,0.8095f,1.0324f,-0.9712f,-0.2181f,-0.0955f,7.6545f,0.124f,-0.8057f,0.5793f,2.8369f,0f,0f,0f,1f],start_interpolation: 0,interpolation_duration: 1}
$data merge entity $(left_forearm) {transformation: [-1.2552f,0.5414f,0.1688f,1.8017f,-0.5405f,-1.0176f,-0.7546f,6.072f,-0.1719f,-0.7539f,1.1398f,1.7358f,0f,0f,0f,1f],start_interpolation: 0,interpolation_duration: 1}
$data merge entity $(left_shoulder) {transformation: [-0.8084f,-0.3757f,1.1641f,1.1433f,-1.1982f,-0.0377f,-0.8442f,5.8117f,0.2462f,-1.4168f,-0.2862f,0.0673f,0f,0f,0f,1f],start_interpolation: 0,interpolation_duration: 1}
$data merge entity $(left_arm) {transformation: [-0.9375f,-0.0233f,0.3472f,0.6108f,0.0309f,0.9882f,0.1498f,6.1167f,-0.3466f,0.1512f,-0.9258f,-0.0922f,0f,0f,0f,1f],start_interpolation: 0,interpolation_duration: 1}
$data merge entity $(chest) {transformation: [-1.1987f,-0.0298f,0.4439f,0.25f,0.0395f,1.2635f,0.1916f,4.3508f,-0.4431f,0.1933f,-1.1836f,-0.5506f,0f,0f,0f,1f],start_interpolation: 0,interpolation_duration: 1}
data modify storage animated_java:temp entry.data merge value {"locators":{"consume":{"px":-0.8735833289,"py":6.9480758469,"pz":2.2746802825,"ry":226.5918981581,"rx":-20.1198234321}}}
# Data Manager: Prepare for Read / Write
execute store result storage animated_java:temp args.id int 1 run scoreboard players get @s aj.id
# Data Manager: Write
function animated_java:global/data_manager/write with storage animated_java:temp args