# This file was generated by Animated Java via MC-Build. It is not recommended to edit this file directly.
$data merge entity $(neck) {transformation: [-0.9631f,-0.1035f,0.2484f,0.2145f,-0.0001f,0.9232f,0.3844f,6.1617f,-0.2691f,0.3702f,-0.8891f,-0.2926f,0f,0f,0f,1f],start_interpolation: 0,interpolation_duration: 1}
$data merge entity $(right_thumb_2) {transformation: [-0.2161f,-0.0044f,-0.9764f,-0.8561f,0.9469f,-0.2446f,-0.2085f,6.7593f,-0.2379f,-0.9696f,0.0571f,1.8217f,0f,0f,0f,1f],start_interpolation: 0,interpolation_duration: 1}
$data merge entity $(right_thumb) {transformation: [-0.2161f,-0.8478f,-0.4843f,-1.154f,0.9469f,-0.3029f,0.1076f,6.8007f,-0.2379f,-0.4354f,0.8682f,1.6342f,0f,0f,0f,1f],start_interpolation: 0,interpolation_duration: 1}
$data merge entity $(right_fingers2) {transformation: [0.4106f,0.5925f,-0.6931f,-0.8332f,-0.9116f,0.2492f,-0.327f,6.888f,-0.0211f,0.7661f,0.6424f,2.1502f,0f,0f,0f,1f],start_interpolation: 0,interpolation_duration: 1}
$data merge entity $(right_fingers) {transformation: [0.4416f,-0.5697f,-0.6931f,-0.9882f,0.5118f,0.7945f,-0.327f,7.1264f,0.7369f,-0.2103f,0.6424f,2.1157f,0f,0f,0f,1f],start_interpolation: 0,interpolation_duration: 1}
$data merge entity $(scout) {transformation: [0f,0f,0f,-0.9902f,0f,0f,0f,6.9236f,0f,0f,0f,2.1763f,0f,0f,0f,1f],start_interpolation: 0,interpolation_duration: 1}
$data merge entity $(right_hand) {transformation: [-0.5291f,-0.4896f,-0.6931f,-1.3169f,0.8361f,-0.4406f,-0.327f,6.8372f,-0.1452f,-0.7525f,0.6424f,1.6827f,0f,0f,0f,1f],start_interpolation: 0,interpolation_duration: 1}
$data merge entity $(right_forearm) {transformation: [-0.6335f,-0.5666f,-1.0838f,-2.1833f,1.052f,-0.8749f,-0.1575f,5.4701f,-0.6237f,-0.9003f,0.8352f,0.3832f,0f,0f,0f,1f],start_interpolation: 0,interpolation_duration: 1}
$data merge entity $(right_shoulder) {transformation: [-0.9334f,1.0159f,-0.4965f,-0.7405f,1.015f,0.4689f,-0.9485f,5.8677f,-0.4984f,-0.9475f,-1.0018f,-0.6393f,0f,0f,0f,1f],start_interpolation: 0,interpolation_duration: 1}
$data merge entity $(right_arm) {transformation: [-0.9375f,-0.0211f,0.3473f,-0.215f,0.0309f,0.9892f,0.1435f,6.1381f,-0.3466f,0.1452f,-0.9267f,-0.4097f,0f,0f,0f,1f],start_interpolation: 0,interpolation_duration: 1}
$data merge entity $(left_thumb_2) {transformation: [0.1442f,0.0112f,0.9895f,0.6179f,-0.9681f,-0.2056f,0.1434f,7.4462f,0.2051f,-0.9786f,-0.0188f,2.9741f,0f,0f,0f,1f],start_interpolation: 0,interpolation_duration: 1}
$data merge entity $(left_thumb) {transformation: [0.1442f,0.8625f,0.485f,0.8672f,-0.9681f,0.0214f,0.2498f,7.5931f,0.2051f,-0.5055f,0.8381f,2.7693f,0f,0f,0f,1f],start_interpolation: 0,interpolation_duration: 1}
$data merge entity $(left_fingers2) {transformation: [0.0705f,-0.5789f,0.8123f,0.5782f,0.9968f,0.0097f,-0.0796f,7.5514f,0.0382f,0.8153f,0.5777f,3.3093f,0f,0f,0f,1f],start_interpolation: 0,interpolation_duration: 1}
$data merge entity $(left_fingers) {transformation: [0.5309f,0.2413f,0.8123f,0.638f,-0.309f,0.9477f,-0.0796f,7.8296f,-0.7891f,-0.2087f,0.5777f,3.2763f,0f,0f,0f,1f],start_interpolation: 0,interpolation_duration: 1}
$data merge entity $(left_hand) {transformation: [-0.1942f,0.5499f,0.8123f,1.0107f,-0.9711f,-0.2252f,-0.0796f,7.6829f,0.1391f,-0.8043f,0.5777f,2.8086f,0f,0f,0f,1f],start_interpolation: 0,interpolation_duration: 1}
$data merge entity $(left_forearm) {transformation: [-1.2509f,0.5479f,0.1794f,1.7904f,-0.5541f,-1.0239f,-0.736f,6.0911f,-0.1594f,-0.7406f,1.1503f,1.7284f,0f,0f,0f,1f],start_interpolation: 0,interpolation_duration: 1}
$data merge entity $(left_shoulder) {transformation: [-0.8042f,-0.3641f,1.1707f,1.1467f,-1.1991f,-0.0582f,-0.8418f,5.8055f,0.2555f,-1.4191f,-0.2659f,0.0583f,0f,0f,0f,1f],start_interpolation: 0,interpolation_duration: 1}
$data merge entity $(left_arm) {transformation: [-0.9375f,-0.0211f,0.3473f,0.6148f,0.0309f,0.9892f,0.1435f,6.1107f,-0.3466f,0.1452f,-0.9267f,-0.1029f,0f,0f,0f,1f],start_interpolation: 0,interpolation_duration: 1}
$data merge entity $(chest) {transformation: [-1.1987f,-0.027f,0.444f,0.25f,0.0395f,1.2647f,0.1834f,4.3429f,-0.4431f,0.1857f,-1.1848f,-0.5506f,0f,0f,0f,1f],start_interpolation: 0,interpolation_duration: 1}
data modify storage animated_java:temp entry.data merge value {"locators":{"consume":{"px":-0.8599615339,"py":6.9641989303,"pz":2.2774887147,"ry":227.1715560337,"rx":-19.0861925204}}}
# Data Manager: Prepare for Read / Write
execute store result storage animated_java:temp args.id int 1 run scoreboard players get @s aj.id
# Data Manager: Write
function animated_java:global/data_manager/write with storage animated_java:temp args