# This file was generated by Animated Java via MC-Build. It is not recommended to edit this file directly.
$data merge entity $(neck) {transformation: [-0.9631f,-0.1033f,0.2484f,0.2167f,0.0002f,0.9232f,0.3844f,6.1533f,-0.269f,0.3703f,-0.8891f,-0.2983f,0f,0f,0f,1f],start_interpolation: 0,interpolation_duration: 1}
$data merge entity $(right_thumb_2) {transformation: [-0.1994f,-0.0025f,-0.9799f,-0.8375f,0.9474f,-0.2558f,-0.1921f,6.7662f,-0.2502f,-0.9667f,0.0534f,1.8248f,0f,0f,0f,1f],start_interpolation: 0,interpolation_duration: 1}
$data merge entity $(right_thumb) {transformation: [-0.1994f,-0.8499f,-0.4878f,-1.1336f,0.9474f,-0.2943f,0.1255f,6.8103f,-0.2502f,-0.4372f,0.8639f,1.6349f,0f,0f,0f,1f],start_interpolation: 0,interpolation_duration: 1}
$data merge entity $(right_fingers2) {transformation: [0.3959f,0.5918f,-0.7022f,-0.8145f,-0.9182f,0.2486f,-0.3083f,6.8984f,-0.0079f,0.7668f,0.6418f,2.1519f,0f,0f,0f,1f],start_interpolation: 0,interpolation_duration: 1}
$data merge entity $(right_fingers) {transformation: [0.4453f,-0.5556f,-0.7022f,-0.9654f,0.5132f,0.801f,-0.3083f,7.1389f,0.7337f,-0.2231f,0.6418f,2.1137f,0f,0f,0f,1f],start_interpolation: 0,interpolation_duration: 1}
$data merge entity $(scout) {transformation: [0f,0f,0f,-0.9712f,0f,0f,0f,6.9369f,0f,0f,0f,2.1766f,0f,0f,0f,1f],start_interpolation: 0,interpolation_duration: 1}
$data merge entity $(right_hand) {transformation: [-0.5146f,-0.4921f,-0.7022f,-1.2961f,0.8427f,-0.4414f,-0.3083f,6.8499f,-0.1583f,-0.7503f,0.6418f,1.682f,0f,0f,0f,1f],start_interpolation: 0,interpolation_duration: 1}
$data merge entity $(right_forearm) {transformation: [-0.6127f,-0.5752f,-1.0913f,-2.1765f,1.0547f,-0.8762f,-0.1303f,5.4818f,-0.6398f,-0.8936f,0.8302f,0.393f,0f,0f,0f,1f],start_interpolation: 0,interpolation_duration: 1}
$data merge entity $(right_shoulder) {transformation: [-0.9293f,1.0121f,-0.5117f,-0.7388f,1.018f,0.4528f,-0.9531f,5.8593f,-0.4999f,-0.9594f,-0.9897f,-0.6441f,0f,0f,0f,1f],start_interpolation: 0,interpolation_duration: 1}
$data merge entity $(right_arm) {transformation: [-0.9375f,-0.0199f,0.3474f,-0.2129f,0.0309f,0.9896f,0.1401f,6.1297f,-0.3466f,0.1421f,-0.9272f,-0.4153f,0f,0f,0f,1f],start_interpolation: 0,interpolation_duration: 1}
$data merge entity $(left_thumb_2) {transformation: [0.1515f,0.0107f,0.9884f,0.5967f,-0.9632f,-0.223f,0.15f,7.4707f,0.222f,-0.9748f,-0.0235f,2.9502f,0f,0f,0f,1f],start_interpolation: 0,interpolation_duration: 1}
$data merge entity $(left_thumb) {transformation: [0.1515f,0.8613f,0.4849f,0.8445f,-0.9632f,0.0184f,0.2681f,7.6157f,0.222f,-0.5077f,0.8324f,2.7422f,0f,0f,0f,1f],start_interpolation: 0,interpolation_duration: 1}
$data merge entity $(left_fingers2) {transformation: [0.0635f,-0.5773f,0.8141f,0.557f,0.9978f,0.0202f,-0.0635f,7.5816f,0.0202f,0.8163f,0.5773f,3.2835f,0f,0f,0f,1f],start_interpolation: 0,interpolation_duration: 1}
$data merge entity $(left_fingers) {transformation: [0.5315f,0.2342f,0.8141f,0.6147f,-0.3193f,0.9455f,-0.0635f,7.8596f,-0.7846f,-0.2262f,0.5773f,3.2454f,0f,0f,0f,1f],start_interpolation: 0,interpolation_duration: 1}
$data merge entity $(left_hand) {transformation: [-0.187f,0.5499f,0.8141f,0.9875f,-0.9698f,-0.2357f,-0.0635f,7.7072f,0.1569f,-0.8013f,0.5773f,2.7796f,0f,0f,0f,1f],start_interpolation: 0,interpolation_duration: 1}
$data merge entity $(left_forearm) {transformation: [-1.2472f,0.5536f,0.187f,1.7762f,-0.5657f,-1.0331f,-0.714f,6.1018f,-0.1467f,-0.7234f,1.1629f,1.7264f,0f,0f,0f,1f],start_interpolation: 0,interpolation_duration: 1}
$data merge entity $(left_shoulder) {transformation: [-0.8019f,-0.3513f,1.1762f,1.1484f,-1.1996f,-0.0738f,-0.8399f,5.7971f,0.2604f,-1.4216f,-0.247f,0.0536f,0f,0f,0f,1f],start_interpolation: 0,interpolation_duration: 1}
$data merge entity $(left_arm) {transformation: [-0.9375f,-0.0199f,0.3474f,0.6169f,0.0309f,0.9896f,0.1401f,6.1024f,-0.3466f,0.1421f,-0.9272f,-0.1085f,0f,0f,0f,1f],start_interpolation: 0,interpolation_duration: 1}
$data merge entity $(chest) {transformation: [-1.1987f,-0.0255f,0.4441f,0.25f,0.0395f,1.2653f,0.1792f,4.3336f,-0.4431f,0.1817f,-1.1855f,-0.5506f,0f,0f,0f,1f],start_interpolation: 0,interpolation_duration: 1}
data modify storage animated_java:temp entry.data merge value {"locators":{"consume":{"px":-0.8408574899,"py":6.9765284174,"pz":2.2781188309,"ry":227.5709236768,"rx":-17.9555001289}}}
# Data Manager: Prepare for Read / Write
execute store result storage animated_java:temp args.id int 1 run scoreboard players get @s aj.id
# Data Manager: Write
function animated_java:global/data_manager/write with storage animated_java:temp args