# This file was generated by Animated Java via MC-Build. It is not recommended to edit this file directly.
$data merge entity $(neck) {transformation: [-0.9625f,-0.1087f,0.2484f,0.1749f,-0.0051f,0.9232f,0.3842f,6.114f,-0.2711f,0.3685f,-0.8892f,-0.1871f,0f,0f,0f,1f],start_interpolation: 0,interpolation_duration: 1}
$data merge entity $(right_thumb_2) {transformation: [-0.2217f,-0.0526f,-0.9737f,-0.7734f,0.9376f,-0.2859f,-0.198f,6.6481f,-0.268f,-0.9568f,0.1127f,1.791f,0f,0f,0f,1f],start_interpolation: 0,interpolation_duration: 1}
$data merge entity $(right_thumb) {transformation: [-0.2217f,-0.8696f,-0.4413f,-1.0798f,0.9376f,-0.3144f,0.1486f,6.6839f,-0.268f,-0.3808f,0.885f,1.6162f,0f,0f,0f,1f],start_interpolation: 0,interpolation_duration: 1}
$data merge entity $(right_fingers2) {transformation: [0.4036f,0.6302f,-0.6633f,-0.7339f,-0.9149f,0.277f,-0.2935f,6.7906f,-0.0012f,0.7253f,0.6884f,2.112f,0f,0f,0f,1f],start_interpolation: 0,interpolation_duration: 1}
$data merge entity $(right_fingers) {transformation: [0.4797f,-0.5745f,-0.6633f,-0.889f,0.5393f,0.7893f,-0.2935f,7.0286f,0.6921f,-0.2169f,0.6884f,2.0748f,0f,0f,0f,1f],start_interpolation: 0,interpolation_duration: 1}
$data merge entity $(scout) {transformation: [0f,0f,0f,-0.8893f,0f,0f,0f,6.8286f,0f,0f,0f,2.1441f,0f,0f,0f,1f],start_interpolation: 0,interpolation_duration: 1}
$data merge entity $(right_hand) {transformation: [-0.5305f,-0.5279f,-0.6633f,-1.2399f,0.8333f,-0.4685f,-0.2935f,6.7237f,-0.1558f,-0.7084f,0.6884f,1.6709f,0f,0f,0f,1f],start_interpolation: 0,interpolation_duration: 1}
$data merge entity $(right_forearm) {transformation: [-0.6566f,-0.6145f,-1.0433f,-2.176f,1.0294f,-0.9082f,-0.1128f,5.3091f,-0.6375f,-0.8335f,0.8922f,0.4747f,0f,0f,0f,1f],start_interpolation: 0,interpolation_duration: 1}
$data merge entity $(right_shoulder) {transformation: [-1.005f,0.9729f,-0.4397f,-0.7731f,0.9564f,0.5519f,-0.9646f,5.8203f,-0.4745f,-0.948f,-1.0129f,-0.5529f,0f,0f,0f,1f],start_interpolation: 0,interpolation_duration: 1}
$data merge entity $(right_arm) {transformation: [-0.9375f,-0.0426f,0.3453f,-0.2539f,0.0309f,0.9783f,0.2047f,6.088f,-0.3466f,0.2026f,-0.9159f,-0.3065f,0f,0f,0f,1f],start_interpolation: 0,interpolation_duration: 1}
$data merge entity $(left_thumb_2) {transformation: [0.1065f,0.0285f,0.9939f,0.5796f,-0.9578f,-0.2653f,0.1102f,7.3851f,0.2668f,-0.9637f,-0.0009f,2.9694f,0f,0f,0f,1f],start_interpolation: 0,interpolation_duration: 1}
$data merge entity $(left_thumb) {transformation: [0.1065f,0.875f,0.4722f,0.8387f,-0.9578f,-0.0372f,0.2849f,7.5111f,0.2668f,-0.4827f,0.8342f,2.7628f,0f,0f,0f,1f],start_interpolation: 0,interpolation_duration: 1}
$data merge entity $(left_fingers2) {transformation: [0.103f,-0.5983f,0.7947f,0.5352f,0.9945f,0.0781f,-0.0701f,7.5118f,-0.0201f,0.7975f,0.603f,3.2964f,0f,0f,0f,1f],start_interpolation: 0,interpolation_duration: 1}
$data merge entity $(left_fingers) {transformation: [0.5396f,0.2781f,0.7947f,0.6051f,-0.3735f,0.925f,-0.0701f,7.7854f,-0.7545f,-0.259f,0.603f,3.2483f,0f,0f,0f,1f],start_interpolation: 0,interpolation_duration: 1}
$data merge entity $(left_hand) {transformation: [-0.2301f,0.5618f,0.7947f,0.9841f,-0.954f,-0.2915f,-0.0701f,7.5985f,0.1922f,-0.7742f,0.603f,2.8004f,0f,0f,0f,1f],start_interpolation: 0,interpolation_duration: 1}
$data merge entity $(left_forearm) {transformation: [-1.2645f,0.5314f,0.1261f,1.7363f,-0.5224f,-1.0843f,-0.6697f,5.9195f,-0.1591f,-0.6626f,1.197f,1.8395f,0f,0f,0f,1f],start_interpolation: 0,interpolation_duration: 1}
$data merge entity $(left_shoulder) {transformation: [-0.845f,-0.3403f,1.1489f,1.1141f,-1.1865f,0.0411f,-0.8605f,5.7581f,0.1676f,-1.4256f,-0.2991f,0.1448f,0f,0f,0f,1f],start_interpolation: 0,interpolation_duration: 1}
$data merge entity $(left_arm) {transformation: [-0.9375f,-0.0426f,0.3453f,0.5759f,0.0309f,0.9783f,0.2047f,6.0607f,-0.3466f,0.2026f,-0.9159f,0.0002f,0f,0f,0f,1f],start_interpolation: 0,interpolation_duration: 1}
$data merge entity $(chest) {transformation: [-1.1987f,-0.0545f,0.4415f,0.25f,0.0395f,1.2508f,0.2617f,4.3145f,-0.4431f,0.259f,-1.171f,-0.5506f,0f,0f,0f,1f],start_interpolation: 0,interpolation_duration: 1}
data modify storage animated_java:temp entry.data merge value {"locators":{"consume":{"px":-0.7540867864,"py":6.8724609149,"pz":2.2370864273,"ry":223.9344898067,"rx":-17.0702854489}}}
# Data Manager: Prepare for Read / Write
execute store result storage animated_java:temp args.id int 1 run scoreboard players get @s aj.id
# Data Manager: Write
function animated_java:global/data_manager/write with storage animated_java:temp args