# This file was generated by Animated Java via MC-Build. It is not recommended to edit this file directly.
$data merge entity $(neck) {transformation: [-0.9631f,-0.1033f,0.2484f,0.2167f,0.0002f,0.9232f,0.3844f,6.1435f,-0.269f,0.3703f,-0.8891f,-0.2983f,0f,0f,0f,1f],start_interpolation: 0,interpolation_duration: 1}
$data merge entity $(right_thumb_2) {transformation: [-0.1846f,-0.0034f,-0.9828f,-0.8165f,0.947f,-0.268f,-0.177f,6.7673f,-0.2628f,-0.9634f,0.0527f,1.8261f,0f,0f,0f,1f],start_interpolation: 0,interpolation_duration: 1}
$data merge entity $(right_thumb) {transformation: [-0.1846f,-0.8528f,-0.4885f,-1.1113f,0.947f,-0.2873f,0.1436f,6.8133f,-0.2628f,-0.4361f,0.8607f,1.6347f,0f,0f,0f,1f],start_interpolation: 0,interpolation_duration: 1}
$data merge entity $(right_fingers2) {transformation: [0.3824f,0.5931f,-0.7086f,-0.7926f,-0.924f,0.2496f,-0.2897f,6.9033f,0.005f,0.7655f,0.6434f,2.1515f,0f,0f,0f,1f],start_interpolation: 0,interpolation_duration: 1}
$data merge entity $(right_fingers) {transformation: [0.4506f,-0.543f,-0.7086f,-0.9398f,0.5159f,0.8062f,-0.2897f,7.1454f,0.7286f,-0.235f,0.6434f,2.1099f,0f,0f,0f,1f],start_interpolation: 0,interpolation_duration: 1}
$data merge entity $(scout) {transformation: [0f,0f,0f,-0.9487f,0f,0f,0f,6.9443f,0f,0f,0f,2.1753f,0f,0f,0f,1f],start_interpolation: 0,interpolation_duration: 1}
$data merge entity $(right_hand) {transformation: [-0.5017f,-0.4963f,-0.7086f,-1.2734f,0.8481f,-0.4436f,-0.2897f,6.8559f,-0.1706f,-0.7463f,0.6434f,1.6808f,0f,0f,0f,1f],start_interpolation: 0,interpolation_duration: 1}
$data merge entity $(right_forearm) {transformation: [-0.5951f,-0.5853f,-1.0956f,-2.17f,1.0554f,-0.879f,-0.1037f,5.4846f,-0.6551f,-0.8843f,0.8283f,0.4065f,0f,0f,0f,1f],start_interpolation: 0,interpolation_duration: 1}
$data merge entity $(right_shoulder) {transformation: [-0.9293f,1.0065f,-0.5228f,-0.7388f,1.018f,0.4424f,-0.958f,5.8495f,-0.4999f,-0.9701f,-0.9792f,-0.6441f,0f,0f,0f,1f],start_interpolation: 0,interpolation_duration: 1}
$data merge entity $(right_arm) {transformation: [-0.9375f,-0.0199f,0.3474f,-0.2129f,0.0309f,0.9896f,0.1401f,6.12f,-0.3466f,0.1421f,-0.9272f,-0.4153f,0f,0f,0f,1f],start_interpolation: 0,interpolation_duration: 1}
$data merge entity $(left_thumb_2) {transformation: [0.156f,0.0113f,0.9877f,0.5753f,-0.9581f,-0.2416f,0.1541f,7.4899f,0.2403f,-0.9703f,-0.0268f,2.9281f,0f,0f,0f,1f],start_interpolation: 0,interpolation_duration: 1}
$data merge entity $(left_thumb) {transformation: [0.156f,0.861f,0.484f,0.8224f,-0.9581f,0.0127f,0.2863f,7.632f,0.2403f,-0.5084f,0.8269f,2.7172f,0f,0f,0f,1f],start_interpolation: 0,interpolation_duration: 1}
$data merge entity $(left_fingers2) {transformation: [0.0589f,-0.5771f,0.8146f,0.5352f,0.9983f,0.0332f,-0.0487f,7.6069f,0.0011f,0.816f,0.578f,3.2592f,0f,0f,0f,1f],start_interpolation: 0,interpolation_duration: 1}
$data merge entity $(left_fingers) {transformation: [0.5326f,0.2297f,0.8146f,0.5917f,-0.3318f,0.9421f,-0.0487f,7.8844f,-0.7786f,-0.2443f,0.578f,3.2158f,0f,0f,0f,1f],start_interpolation: 0,interpolation_duration: 1}
$data merge entity $(left_hand) {transformation: [-0.1824f,0.5506f,0.8146f,0.9649f,-0.9674f,-0.2484f,-0.0487f,7.7248f,0.1755f,-0.7969f,0.578f,2.7527f,0f,0f,0f,1f],start_interpolation: 0,interpolation_duration: 1}
$data merge entity $(left_forearm) {transformation: [-1.2447f,0.5581f,0.1908f,1.7606f,-0.5741f,-1.0442f,-0.6908f,6.1033f,-0.1353f,-0.7037f,1.1763f,1.7301f,0f,0f,0f,1f],start_interpolation: 0,interpolation_duration: 1}
$data merge entity $(left_shoulder) {transformation: [-0.8019f,-0.3384f,1.1799f,1.1484f,-1.1996f,-0.083f,-0.839f,5.7873f,0.2604f,-1.4242f,-0.2315f,0.0536f,0f,0f,0f,1f],start_interpolation: 0,interpolation_duration: 1}
$data merge entity $(left_arm) {transformation: [-0.9375f,-0.0199f,0.3474f,0.6169f,0.0309f,0.9896f,0.1401f,6.0926f,-0.3466f,0.1421f,-0.9272f,-0.1085f,0f,0f,0f,1f],start_interpolation: 0,interpolation_duration: 1}
$data merge entity $(chest) {transformation: [-1.1987f,-0.0255f,0.4441f,0.25f,0.0395f,1.2653f,0.1792f,4.3238f,-0.4431f,0.1817f,-1.1855f,-0.5506f,0f,0f,0f,1f],start_interpolation: 0,interpolation_duration: 1}
data modify storage animated_java:temp entry.data merge value {"locators":{"consume":{"px":-0.8180970034,"py":6.9833815688,"pz":2.2767126944,"ry":227.7576514418,"rx":-16.8418633435}}}
# Data Manager: Prepare for Read / Write
execute store result storage animated_java:temp args.id int 1 run scoreboard players get @s aj.id
# Data Manager: Write
function animated_java:global/data_manager/write with storage animated_java:temp args