# This file was generated by Animated Java via MC-Build. It is not recommended to edit this file directly.
$data merge entity $(neck) {transformation: [-0.9631f,-0.1034f,0.2484f,0.2159f,0.0001f,0.9232f,0.3844f,6.1384f,-0.2691f,0.3703f,-0.8891f,-0.2961f,0f,0f,0f,1f],start_interpolation: 0,interpolation_duration: 1}
$data merge entity $(right_thumb_2) {transformation: [-0.1785f,-0.0048f,-0.9839f,-0.8057f,0.9465f,-0.2741f,-0.1703f,6.7655f,-0.2689f,-0.9617f,0.0535f,1.8261f,0f,0f,0f,1f],start_interpolation: 0,interpolation_duration: 1}
$data merge entity $(right_thumb) {transformation: [-0.1785f,-0.8545f,-0.4878f,-1.1002f,0.9465f,-0.2845f,0.1522f,6.8121f,-0.2689f,-0.4345f,0.8596f,1.6343f,0f,0f,0f,1f],start_interpolation: 0,interpolation_duration: 1}
$data merge entity $(right_fingers2) {transformation: [0.3764f,0.5945f,-0.7106f,-0.781f,-0.9264f,0.2506f,-0.2811f,6.9033f,0.0109f,0.7641f,0.645f,2.1507f,0f,0f,0f,1f],start_interpolation: 0,interpolation_duration: 1}
$data merge entity $(right_fingers) {transformation: [0.4538f,-0.5378f,-0.7106f,-0.9266f,0.5176f,0.8082f,-0.2811f,7.1461f,0.7254f,-0.2402f,0.645f,2.1074f,0f,0f,0f,1f],start_interpolation: 0,interpolation_duration: 1}
$data merge entity $(scout) {transformation: [0f,0f,0f,-0.9368f,0f,0f,0f,6.9455f,0f,0f,0f,2.1741f,0f,0f,0f,1f],start_interpolation: 0,interpolation_duration: 1}
$data merge entity $(right_hand) {transformation: [-0.4962f,-0.4989f,-0.7106f,-1.262f,0.8502f,-0.4451f,-0.2811f,6.8561f,-0.1761f,-0.7436f,0.645f,1.6801f,0f,0f,0f,1f],start_interpolation: 0,interpolation_duration: 1}
$data merge entity $(right_forearm) {transformation: [-0.5882f,-0.5907f,-1.0964f,-2.1671f,1.055f,-0.8807f,-0.0914f,5.4825f,-0.6619f,-0.8789f,0.8286f,0.4142f,0f,0f,0f,1f],start_interpolation: 0,interpolation_duration: 1}
$data merge entity $(right_shoulder) {transformation: [-0.9308f,1.0032f,-0.5263f,-0.7394f,1.0169f,0.4396f,-0.9605f,5.8444f,-0.4993f,-0.9748f,-0.9748f,-0.6423f,0f,0f,0f,1f],start_interpolation: 0,interpolation_duration: 1}
$data merge entity $(right_arm) {transformation: [-0.9375f,-0.0204f,0.3473f,-0.2137f,0.0309f,0.9895f,0.1414f,6.1148f,-0.3466f,0.1433f,-0.927f,-0.4132f,0f,0f,0f,1f],start_interpolation: 0,interpolation_duration: 1}
$data merge entity $(left_thumb_2) {transformation: [0.1571f,0.0121f,0.9875f,0.5653f,-0.9556f,-0.2507f,0.1551f,7.4968f,0.2494f,-0.968f,-0.0279f,2.9184f,0f,0f,0f,1f],start_interpolation: 0,interpolation_duration: 1}
$data merge entity $(left_thumb) {transformation: [0.1571f,0.8612f,0.4833f,0.8122f,-0.9556f,0.009f,0.2947f,7.6372f,0.2494f,-0.5081f,0.8244f,2.7063f,0f,0f,0f,1f],start_interpolation: 0,interpolation_duration: 1}
$data merge entity $(left_fingers2) {transformation: [0.0577f,-0.5775f,0.8144f,0.5249f,0.9983f,0.0401f,-0.0422f,7.6169f,-0.0083f,0.8154f,0.5788f,3.2484f,0f,0f,0f,1f],start_interpolation: 0,interpolation_duration: 1}
$data merge entity $(left_fingers) {transformation: [0.5334f,0.2287f,0.8144f,0.5809f,-0.3385f,0.94f,-0.0422f,7.894f,-0.7752f,-0.2531f,0.5788f,3.2023f,0f,0f,0f,1f],start_interpolation: 0,interpolation_duration: 1}
$data merge entity $(left_hand) {transformation: [-0.1813f,0.5513f,0.8144f,0.9546f,-0.966f,-0.2552f,-0.0422f,7.7306f,0.1846f,-0.7943f,0.5788f,2.741f,0f,0f,0f,1f],start_interpolation: 0,interpolation_duration: 1}
$data merge entity $(left_forearm) {transformation: [-1.2439f,0.5597f,0.1911f,1.7528f,-0.5769f,-1.0501f,-0.6794f,6.1004f,-0.1304f,-0.6936f,1.1828f,1.734f,0f,0f,0f,1f],start_interpolation: 0,interpolation_duration: 1}
$data merge entity $(left_shoulder) {transformation: [-0.8028f,-0.3324f,1.1811f,1.1478f,-1.1994f,-0.0848f,-0.8391f,5.7822f,0.2585f,-1.4255f,-0.2254f,0.0554f,0f,0f,0f,1f],start_interpolation: 0,interpolation_duration: 1}
$data merge entity $(left_arm) {transformation: [-0.9375f,-0.0204f,0.3473f,0.6161f,0.0309f,0.9895f,0.1414f,6.0875f,-0.3466f,0.1433f,-0.927f,-0.1064f,0f,0f,0f,1f],start_interpolation: 0,interpolation_duration: 1}
$data merge entity $(chest) {transformation: [-1.1987f,-0.026f,0.4441f,0.25f,0.0395f,1.2651f,0.1808f,4.319f,-0.4431f,0.1832f,-1.1852f,-0.5506f,0f,0f,0f,1f],start_interpolation: 0,interpolation_duration: 1}
data modify storage animated_java:temp entry.data merge value {"locators":{"consume":{"px":-0.8060563199,"py":6.9843635878,"pz":2.2753452914,"ry":227.7677958289,"rx":-16.3263755633}}}
# Data Manager: Prepare for Read / Write
execute store result storage animated_java:temp args.id int 1 run scoreboard players get @s aj.id
# Data Manager: Write
function animated_java:global/data_manager/write with storage animated_java:temp args