# This file was generated by Animated Java via MC-Build. It is not recommended to edit this file directly.
$data merge entity $(neck) {transformation: [-0.963f,-0.1041f,0.2484f,0.2104f,-0.0006f,0.9232f,0.3844f,6.1238f,-0.2693f,0.37f,-0.8891f,-0.2816f,0f,0f,0f,1f],start_interpolation: 0,interpolation_duration: 1}
$data merge entity $(right_thumb_2) {transformation: [-0.1665f,-0.0127f,-0.986f,-0.7757f,0.9443f,-0.29f,-0.1557f,6.7505f,-0.284f,-0.9569f,0.0603f,1.8237f,0f,0f,0f,1f],start_interpolation: 0,interpolation_duration: 1}
$data merge entity $(right_thumb) {transformation: [-0.1665f,-0.8602f,-0.482f,-1.0703f,0.9443f,-0.2798f,0.1733f,6.798f,-0.284f,-0.4262f,0.8589f,1.6324f,0f,0f,0f,1f],start_interpolation: 0,interpolation_duration: 1}
$data merge entity $(right_fingers2) {transformation: [0.3636f,0.6012f,-0.7116f,-0.7477f,-0.9312f,0.255f,-0.2604f,6.8934f,0.025f,0.7574f,0.6525f,2.1458f,0f,0f,0f,1f],start_interpolation: 0,interpolation_duration: 1}
$data merge entity $(right_fingers) {transformation: [0.464f,-0.5275f,-0.7116f,-0.8901f,0.5232f,0.8114f,-0.2604f,7.1375f,0.7148f,-0.2515f,0.6525f,2.0991f,0f,0f,0f,1f],start_interpolation: 0,interpolation_duration: 1}
$data merge entity $(scout) {transformation: [0f,0f,0f,-0.9028f,0f,0f,0f,6.9381f,0f,0f,0f,2.1691f,0f,0f,0f,1f],start_interpolation: 0,interpolation_duration: 1}
$data merge entity $(right_hand) {transformation: [-0.4851f,-0.5082f,-0.7116f,-1.2313f,0.854f,-0.4505f,-0.2604f,6.845f,-0.1883f,-0.734f,0.6525f,1.6781f,0f,0f,0f,1f],start_interpolation: 0,interpolation_duration: 1}
$data merge entity $(right_forearm) {transformation: [-0.5763f,-0.6066f,-1.0941f,-2.1607f,1.0519f,-0.887f,-0.0623f,5.4632f,-0.6771f,-0.8616f,0.8344f,0.439f,0f,0f,0f,1f],start_interpolation: 0,interpolation_duration: 1}
$data merge entity $(right_shoulder) {transformation: [-0.9411f,0.9925f,-0.5283f,-0.7439f,1.0092f,0.442f,-0.9674f,5.8297f,-0.4956f,-0.9846f,-0.9669f,-0.6304f,0f,0f,0f,1f],start_interpolation: 0,interpolation_duration: 1}
$data merge entity $(right_arm) {transformation: [-0.9375f,-0.0233f,0.3472f,-0.219f,0.0309f,0.9882f,0.1498f,6.0999f,-0.3466f,0.1512f,-0.9258f,-0.3989f,0f,0f,0f,1f],start_interpolation: 0,interpolation_duration: 1}
$data merge entity $(left_thumb_2) {transformation: [0.1556f,0.0156f,0.9877f,0.5405f,-0.9491f,-0.2748f,0.1538f,7.5048f,0.2739f,-0.9614f,-0.028f,2.8977f,0f,0f,0f,1f],start_interpolation: 0,interpolation_duration: 1}
$data merge entity $(left_thumb) {transformation: [0.1556f,0.8632f,0.4804f,0.7883f,-0.9491f,-0.0042f,0.3149f,7.6398f,0.2739f,-0.5049f,0.8186f,2.6831f,0f,0f,0f,1f],start_interpolation: 0,interpolation_duration: 1}
$data merge entity $(left_fingers2) {transformation: [0.0583f,-0.5805f,0.8121f,0.4989f,0.9978f,0.0608f,-0.0282f,7.6332f,-0.033f,0.812f,0.5828f,3.2244f,0f,0f,0f,1f],start_interpolation: 0,interpolation_duration: 1}
$data merge entity $(left_fingers) {transformation: [0.5361f,0.2302f,0.8121f,0.5553f,-0.358f,0.9333f,-0.0282f,7.909f,-0.7645f,-0.2757f,0.5828f,3.1717f,0f,0f,0f,1f],start_interpolation: 0,interpolation_duration: 1}
$data merge entity $(left_hand) {transformation: [-0.1826f,0.5541f,0.8121f,0.9307f,-0.9609f,-0.2753f,-0.0282f,7.7339f,0.208f,-0.7856f,0.5828f,2.716f,0f,0f,0f,1f],start_interpolation: 0,interpolation_duration: 1}
$data merge entity $(left_forearm) {transformation: [-1.2438f,0.5617f,0.1862f,1.7317f,-0.5794f,-1.0674f,-0.6497f,6.0787f,-0.1207f,-0.665f,1.2001f,1.7532f,0f,0f,0f,1f],start_interpolation: 0,interpolation_duration: 1}
$data merge entity $(left_shoulder) {transformation: [-0.8084f,-0.3178f,1.1812f,1.1433f,-1.1982f,-0.0793f,-0.8414f,5.7675f,0.2462f,-1.4292f,-0.216f,0.0673f,0f,0f,0f,1f],start_interpolation: 0,interpolation_duration: 1}
$data merge entity $(left_arm) {transformation: [-0.9375f,-0.0233f,0.3472f,0.6108f,0.0309f,0.9882f,0.1498f,6.0725f,-0.3466f,0.1512f,-0.9258f,-0.0922f,0f,0f,0f,1f],start_interpolation: 0,interpolation_duration: 1}
$data merge entity $(chest) {transformation: [-1.1987f,-0.0298f,0.4439f,0.25f,0.0395f,1.2635f,0.1916f,4.3066f,-0.4431f,0.1933f,-1.1836f,-0.5506f,0f,0f,0f,1f],start_interpolation: 0,interpolation_duration: 1}
data modify storage animated_java:temp entry.data merge value {"locators":{"consume":{"px":-0.7710698703,"py":6.9768549595,"pz":2.2692019853,"ry":227.4807087207,"rx":-15.0922027514}}}
# Data Manager: Prepare for Read / Write
execute store result storage animated_java:temp args.id int 1 run scoreboard players get @s aj.id
# Data Manager: Write
function animated_java:global/data_manager/write with storage animated_java:temp args