# This file was generated by Animated Java via MC-Build. It is not recommended to edit this file directly.
$data merge entity $(neck) {transformation: [-0.963f,-0.1048f,0.2484f,0.2048f,-0.0013f,0.9232f,0.3844f,6.1156f,-0.2696f,0.3698f,-0.8891f,-0.2666f,0f,0f,0f,1f],start_interpolation: 0,interpolation_duration: 1}
$data merge entity $(right_thumb_2) {transformation: [-0.1648f,-0.0201f,-0.9861f,-0.7601f,0.9426f,-0.2975f,-0.1514f,6.7339f,-0.2904f,-0.9545f,0.0679f,1.8203f,0f,0f,0f,1f],start_interpolation: 0,interpolation_duration: 1}
$data merge entity $(right_thumb) {transformation: [-0.1648f,-0.8641f,-0.4757f,-1.0558f,0.9426f,-0.2799f,0.182f,6.781f,-0.2904f,-0.4184f,0.8606f,1.6305f,0f,0f,0f,1f],start_interpolation: 0,interpolation_duration: 1}
$data merge entity $(right_fingers2) {transformation: [0.3602f,0.607f,-0.7083f,-0.7294f,-0.9324f,0.2587f,-0.2525f,6.8793f,0.03f,0.7514f,0.6592f,2.1411f,0f,0f,0f,1f],start_interpolation: 0,interpolation_duration: 1}
$data merge entity $(right_fingers) {transformation: [0.4706f,-0.5261f,-0.7083f,-0.8713f,0.5271f,0.8114f,-0.2525f,7.1235f,0.7076f,-0.2545f,0.6592f,2.0933f,0f,0f,0f,1f],start_interpolation: 0,interpolation_duration: 1}
$data merge entity $(scout) {transformation: [0f,0f,0f,-0.8843f,0f,0f,0f,6.9248f,0f,0f,0f,2.165f,0f,0f,0f,1f],start_interpolation: 0,interpolation_duration: 1}
$data merge entity $(right_hand) {transformation: [-0.4831f,-0.5147f,-0.7083f,-1.2163f,0.8543f,-0.4544f,-0.2525f,6.829f,-0.1919f,-0.7271f,0.6592f,1.6768f,0f,0f,0f,1f],start_interpolation: 0,interpolation_duration: 1}
$data merge entity $(right_forearm) {transformation: [-0.5768f,-0.6156f,-1.0888f,-2.159f,1.0487f,-0.8914f,-0.0515f,5.441f,-0.6817f,-0.8506f,0.842f,0.4549f,0f,0f,0f,1f],start_interpolation: 0,interpolation_duration: 1}
$data merge entity $(right_shoulder) {transformation: [-0.9515f,0.9858f,-0.5222f,-0.7485f,1.0012f,0.452f,-0.9712f,5.8215f,-0.492f,-0.9868f,-0.9664f,-0.618f,0f,0f,0f,1f],start_interpolation: 0,interpolation_duration: 1}
$data merge entity $(right_arm) {transformation: [-0.9375f,-0.0264f,0.3469f,-0.2246f,0.0309f,0.9869f,0.1585f,6.0913f,-0.3466f,0.1594f,-0.9244f,-0.3842f,0f,0f,0f,1f],start_interpolation: 0,interpolation_duration: 1}
$data merge entity $(left_thumb_2) {transformation: [0.1508f,0.0185f,0.9884f,0.5308f,-0.9463f,-0.2864f,0.1498f,7.4991f,0.2858f,-0.9579f,-0.0257f,2.8927f,0f,0f,0f,1f],start_interpolation: 0,interpolation_duration: 1}
$data merge entity $(left_thumb) {transformation: [0.1508f,0.8652f,0.4782f,0.78f,-0.9463f,-0.0135f,0.3229f,7.6306f,0.2858f,-0.5012f,0.8168f,2.6776f,0f,0f,0f,1f],start_interpolation: 0,interpolation_duration: 1}
$data merge entity $(left_fingers2) {transformation: [0.0623f,-0.5837f,0.8096f,0.4883f,0.9971f,0.0727f,-0.0243f,7.6316f,-0.0447f,0.8087f,0.5865f,3.2177f,0f,0f,0f,1f],start_interpolation: 0,interpolation_duration: 1}
$data merge entity $(left_fingers) {transformation: [0.5379f,0.2349f,0.8096f,0.546f,-0.3691f,0.9291f,-0.0243f,7.9065f,-0.7579f,-0.2858f,0.5865f,3.1619f,0f,0f,0f,1f],start_interpolation: 0,interpolation_duration: 1}
$data merge entity $(left_hand) {transformation: [-0.1871f,0.5563f,0.8096f,0.9226f,-0.9577f,-0.2868f,-0.0243f,7.7245f,0.2187f,-0.7799f,0.5865f,2.7099f,0f,0f,0f,1f],start_interpolation: 0,interpolation_duration: 1}
$data merge entity $(left_forearm) {transformation: [-1.2454f,0.5604f,0.1787f,1.7213f,-0.5761f,-1.0774f,-0.636f,6.0549f,-0.119f,-0.6499f,1.2086f,1.7703f,0f,0f,0f,1f],start_interpolation: 0,interpolation_duration: 1}
$data merge entity $(left_shoulder) {transformation: [-0.8143f,-0.3121f,1.1787f,1.1387f,-1.1968f,-0.0669f,-0.8445f,5.7593f,0.2335f,-1.4311f,-0.2176f,0.0796f,0f,0f,0f,1f],start_interpolation: 0,interpolation_duration: 1}
$data merge entity $(left_arm) {transformation: [-0.9375f,-0.0264f,0.3469f,0.6052f,0.0309f,0.9869f,0.1585f,6.064f,-0.3466f,0.1594f,-0.9244f,-0.0775f,0f,0f,0f,1f],start_interpolation: 0,interpolation_duration: 1}
$data merge entity $(chest) {transformation: [-1.1987f,-0.0337f,0.4436f,0.25f,0.0395f,1.2618f,0.2027f,4.3009f,-0.4431f,0.2037f,-1.1819f,-0.5506f,0f,0f,0f,1f],start_interpolation: 0,interpolation_duration: 1}
data modify storage animated_java:temp entry.data merge value {"locators":{"consume":{"px":-0.7517320172,"py":6.963775843,"pz":2.2639172935,"ry":227.0587713875,"rx":-14.6237511713}}}
# Data Manager: Prepare for Read / Write
execute store result storage animated_java:temp args.id int 1 run scoreboard players get @s aj.id
# Data Manager: Write
function animated_java:global/data_manager/write with storage animated_java:temp args