# This file was generated by Animated Java via MC-Build. It is not recommended to edit this file directly.
$data merge entity $(neck) {transformation: [-0.9629f,-0.1052f,0.2484f,0.2016f,-0.0017f,0.9232f,0.3843f,6.1123f,-0.2698f,0.3697f,-0.8891f,-0.258f,0f,0f,0f,1f],start_interpolation: 0,interpolation_duration: 1}
$data merge entity $(right_thumb_2) {transformation: [-0.1659f,-0.0241f,-0.9859f,-0.7543f,0.9419f,-0.3001f,-0.1511f,6.7243f,-0.2922f,-0.9536f,0.0724f,1.8181f,0f,0f,0f,1f],start_interpolation: 0,interpolation_duration: 1}
$data merge entity $(right_thumb) {transformation: [-0.1659f,-0.8658f,-0.4721f,-1.0508f,0.9419f,-0.2809f,0.1843f,6.7709f,-0.2922f,-0.4141f,0.8621f,1.6294f,0f,0f,0f,1f],start_interpolation: 0,interpolation_duration: 1}
$data merge entity $(right_fingers2) {transformation: [0.3603f,0.6102f,-0.7056f,-0.7223f,-0.9323f,0.2606f,-0.2506f,6.8705f,0.031f,0.7482f,0.6628f,2.1383f,0f,0f,0f,1f],start_interpolation: 0,interpolation_duration: 1}
$data merge entity $(right_fingers) {transformation: [0.4736f,-0.5271f,-0.7056f,-0.8643f,0.5289f,0.8108f,-0.2506f,7.1146f,0.7042f,-0.2545f,0.6628f,2.0905f,0f,0f,0f,1f],start_interpolation: 0,interpolation_duration: 1}
$data merge entity $(scout) {transformation: [0f,0f,0f,-0.877f,0f,0f,0f,6.9161f,0f,0f,0f,2.1628f,0f,0f,0f,1f],start_interpolation: 0,interpolation_duration: 1}
$data merge entity $(right_hand) {transformation: [-0.4838f,-0.5177f,-0.7056f,-1.2111f,0.8538f,-0.4563f,-0.2506f,6.819f,-0.1922f,-0.7237f,0.6628f,1.6763f,0f,0f,0f,1f],start_interpolation: 0,interpolation_duration: 1}
$data merge entity $(right_forearm) {transformation: [-0.5795f,-0.6192f,-1.0853f,-2.159f,1.0469f,-0.8937f,-0.0491f,5.4279f,-0.6821f,-0.8456f,0.8466f,0.4619f,0f,0f,0f,1f],start_interpolation: 0,interpolation_duration: 1}
$data merge entity $(right_shoulder) {transformation: [-0.9575f,0.9827f,-0.517f,-0.7512f,0.9965f,0.4592f,-0.9726f,5.8182f,-0.4899f,-0.9865f,-0.9678f,-0.611f,0f,0f,0f,1f],start_interpolation: 0,interpolation_duration: 1}
$data merge entity $(right_arm) {transformation: [-0.9375f,-0.0281f,0.3468f,-0.2277f,0.0309f,0.9861f,0.1635f,6.0878f,-0.3466f,0.164f,-0.9236f,-0.3758f,0f,0f,0f,1f],start_interpolation: 0,interpolation_duration: 1}
$data merge entity $(left_thumb_2) {transformation: [0.1475f,0.02f,0.9889f,0.5284f,-0.9456f,-0.2903f,0.1469f,7.4931f,0.29f,-0.9567f,-0.0239f,2.8932f,0f,0f,0f,1f],start_interpolation: 0,interpolation_duration: 1}
$data merge entity $(left_thumb) {transformation: [0.1475f,0.8664f,0.4771f,0.7786f,-0.9456f,-0.0179f,0.3249f,7.623f,0.29f,-0.499f,0.8166f,2.6781f,0f,0f,0f,1f],start_interpolation: 0,interpolation_duration: 1}
$data merge entity $(left_fingers2) {transformation: [0.0652f,-0.5854f,0.8081f,0.4856f,0.9967f,0.0776f,-0.0241f,7.627f,-0.0486f,0.807f,0.5885f,3.2175f,0f,0f,0f,1f],start_interpolation: 0,interpolation_duration: 1}
$data merge entity $(left_fingers) {transformation: [0.5387f,0.2382f,0.8081f,0.5442f,-0.3737f,0.9272f,-0.0241f,7.9016f,-0.7551f,-0.289f,0.5885f,3.1608f,0f,0f,0f,1f],start_interpolation: 0,interpolation_duration: 1}
$data merge entity $(left_hand) {transformation: [-0.1903f,0.5574f,0.8081f,0.9213f,-0.9563f,-0.2915f,-0.0241f,7.7167f,0.2221f,-0.7774f,0.5885f,2.7104f,0f,0f,0f,1f],start_interpolation: 0,interpolation_duration: 1}
$data merge entity $(left_forearm) {transformation: [-1.2468f,0.559f,0.1741f,1.7176f,-0.5731f,-1.0816f,-0.6316f,6.0411f,-0.1196f,-0.6441f,1.2116f,1.7795f,0f,0f,0f,1f],start_interpolation: 0,interpolation_duration: 1}
$data merge entity $(left_shoulder) {transformation: [-0.8176f,-0.3108f,1.1767f,1.136f,-1.1959f,-0.0584f,-0.8463f,5.756f,0.2263f,-1.4317f,-0.2209f,0.0867f,0f,0f,0f,1f],start_interpolation: 0,interpolation_duration: 1}
$data merge entity $(left_arm) {transformation: [-0.9375f,-0.0281f,0.3468f,0.6021f,0.0309f,0.9861f,0.1635f,6.0605f,-0.3466f,0.164f,-0.9236f,-0.0691f,0f,0f,0f,1f],start_interpolation: 0,interpolation_duration: 1}
$data merge entity $(chest) {transformation: [-1.1987f,-0.036f,0.4434f,0.25f,0.0395f,1.2607f,0.2091f,4.299f,-0.4431f,0.2097f,-1.1808f,-0.5506f,0f,0f,0f,1f],start_interpolation: 0,interpolation_duration: 1}
data modify storage animated_java:temp entry.data merge value {"locators":{"consume":{"px":-0.7440494953,"py":6.955315469,"pz":2.2610562695,"ry":226.7930997647,"rx":-14.514690131}}}
# Data Manager: Prepare for Read / Write
execute store result storage animated_java:temp args.id int 1 run scoreboard players get @s aj.id
# Data Manager: Write
function animated_java:global/data_manager/write with storage animated_java:temp args