# This file was generated by Animated Java via MC-Build. It is not recommended to edit this file directly.
$data merge entity $(neck) {transformation: [-0.9625f,-0.1089f,0.2485f,0.1736f,-0.0053f,0.9232f,0.3842f,6.1178f,-0.2712f,0.3685f,-0.8892f,-0.1836f,0f,0f,0f,1f],start_interpolation: 0,interpolation_duration: 1}
$data merge entity $(right_thumb_2) {transformation: [-0.2302f,-0.0537f,-0.9717f,-0.7823f,0.9372f,-0.2811f,-0.2065f,6.6452f,-0.2621f,-0.9582f,0.115f,1.7885f,0f,0f,0f,1f],start_interpolation: 0,interpolation_duration: 1}
$data merge entity $(right_thumb) {transformation: [-0.2302f,-0.8683f,-0.4393f,-1.0896f,0.9372f,-0.3194f,0.1402f,6.6794f,-0.2621f,-0.3795f,0.8873f,1.615f,0f,0f,0f,1f],start_interpolation: 0,interpolation_duration: 1}
$data merge entity $(right_fingers2) {transformation: [0.411f,0.6305f,-0.6584f,-0.7429f,-0.9116f,0.2782f,-0.3027f,6.7863f,-0.0077f,0.7246f,0.6891f,2.1102f,0f,0f,0f,1f],start_interpolation: 0,interpolation_duration: 1}
$data merge entity $(right_fingers) {transformation: [0.4778f,-0.5816f,-0.6584f,-0.9f,0.5394f,0.7858f,-0.3027f,7.0232f,0.6934f,-0.2106f,0.6891f,2.0748f,0f,0f,0f,1f],start_interpolation: 0,interpolation_duration: 1}
$data merge entity $(scout) {transformation: [0f,0f,0f,-0.8985f,0f,0f,0f,6.8228f,0f,0f,0f,2.143f,0f,0f,0f,1f],start_interpolation: 0,interpolation_duration: 1}
$data merge entity $(right_hand) {transformation: [-0.5377f,-0.5266f,-0.6584f,-1.2498f,0.8298f,-0.4689f,-0.3027f,6.7177f,-0.1493f,-0.7091f,0.6891f,1.6705f,0f,0f,0f,1f],start_interpolation: 0,interpolation_duration: 1}
$data merge entity $(right_forearm) {transformation: [-0.6671f,-0.6101f,-1.0391f,-2.1788f,1.0275f,-0.9086f,-0.1262f,5.3021f,-0.6296f,-0.8363f,0.8952f,0.4698f,0f,0f,0f,1f],start_interpolation: 0,interpolation_duration: 1}
$data merge entity $(right_shoulder) {transformation: [-1.0073f,0.9741f,-0.4318f,-0.7742f,0.9543f,0.5605f,-0.9617f,5.8241f,-0.4739f,-0.9417f,-1.0191f,-0.55f,0f,0f,0f,1f],start_interpolation: 0,interpolation_duration: 1}
$data merge entity $(right_arm) {transformation: [-0.9375f,-0.0434f,0.3452f,-0.2552f,0.0309f,0.9779f,0.2067f,6.0917f,-0.3466f,0.2045f,-0.9155f,-0.303f,0f,0f,0f,1f],start_interpolation: 0,interpolation_duration: 1}
$data merge entity $(left_thumb_2) {transformation: [0.1026f,0.0287f,0.9943f,0.5904f,-0.9605f,-0.2571f,0.1065f,7.3728f,0.2587f,-0.966f,0.0012f,2.9817f,0f,0f,0f,1f],start_interpolation: 0,interpolation_duration: 1}
$data merge entity $(left_thumb) {transformation: [0.1026f,0.8754f,0.4723f,0.8502f,-0.9605f,-0.0363f,0.2759f,7.4996f,0.2587f,-0.482f,0.8371f,2.7765f,0f,0f,0f,1f],start_interpolation: 0,interpolation_duration: 1}
$data merge entity $(left_fingers2) {transformation: [0.1067f,-0.5989f,0.7937f,0.5461f,0.9942f,0.0734f,-0.0783f,7.4968f,-0.0113f,0.7974f,0.6033f,3.3097f,0f,0f,0f,1f],start_interpolation: 0,interpolation_duration: 1}
$data merge entity $(left_fingers) {transformation: [0.5391f,0.2819f,0.7937f,0.6171f,-0.369f,0.9261f,-0.0783f,7.7705f,-0.7571f,-0.2506f,0.6033f,3.2641f,0f,0f,0f,1f],start_interpolation: 0,interpolation_duration: 1}
$data merge entity $(left_hand) {transformation: [-0.2338f,0.5616f,0.7937f,0.9959f,-0.9548f,-0.2868f,-0.0783f,7.5861f,0.1837f,-0.7761f,0.6033f,2.815f,0f,0f,0f,1f],start_interpolation: 0,interpolation_duration: 1}
$data merge entity $(left_forearm) {transformation: [-1.2662f,0.5281f,0.1222f,1.7431f,-0.5163f,-1.0805f,-0.6805f,5.9127f,-0.1651f,-0.6714f,1.1913f,1.8404f,0f,0f,0f,1f],start_interpolation: 0,interpolation_duration: 1}
$data merge entity $(left_shoulder) {transformation: [-0.8463f,-0.3466f,1.146f,1.113f,-1.1859f,0.0497f,-0.8608f,5.7619f,0.1647f,-1.4238f,-0.309f,0.1476f,0f,0f,0f,1f],start_interpolation: 0,interpolation_duration: 1}
$data merge entity $(left_arm) {transformation: [-0.9375f,-0.0434f,0.3452f,0.5746f,0.0309f,0.9779f,0.2067f,6.0643f,-0.3466f,0.2045f,-0.9155f,0.0037f,0f,0f,0f,1f],start_interpolation: 0,interpolation_duration: 1}
$data merge entity $(chest) {transformation: [-1.1987f,-0.0554f,0.4414f,0.25f,0.0395f,1.2503f,0.2643f,4.319f,-0.4431f,0.2614f,-1.1705f,-0.5506f,0f,0f,0f,1f],start_interpolation: 0,interpolation_duration: 1}
data modify storage animated_java:temp entry.data merge value {"locators":{"consume":{"px":-0.7632689564,"py":6.8672677503,"pz":2.235734339,"ry":223.6946975815,"rx":-17.6171261433}}}
# Data Manager: Prepare for Read / Write
execute store result storage animated_java:temp args.id int 1 run scoreboard players get @s aj.id
# Data Manager: Write
function animated_java:global/data_manager/write with storage animated_java:temp args