# This file was generated by Animated Java via MC-Build. It is not recommended to edit this file directly.
$data merge entity $(neck) {transformation: [-0.9625f,-0.109f,0.2485f,0.1728f,-0.0054f,0.9232f,0.3842f,6.1221f,-0.2712f,0.3684f,-0.8892f,-0.1814f,0f,0f,0f,1f],start_interpolation: 0,interpolation_duration: 1}
$data merge entity $(right_thumb_2) {transformation: [-0.2385f,-0.0542f,-0.9696f,-0.7921f,0.9368f,-0.276f,-0.215f,6.6439f,-0.256f,-0.9596f,0.1166f,1.7864f,0f,0f,0f,1f],start_interpolation: 0,interpolation_duration: 1}
$data merge entity $(right_thumb) {transformation: [-0.2385f,-0.8668f,-0.4379f,-1.1001f,0.9368f,-0.3242f,0.1315f,6.6766f,-0.256f,-0.3788f,0.8894f,1.614f,0f,0f,0f,1f],start_interpolation: 0,interpolation_duration: 1}
$data merge entity $(right_fingers2) {transformation: [0.4183f,0.6304f,-0.654f,-0.7528f,-0.9082f,0.279f,-0.3119f,6.7834f,-0.0142f,0.7244f,0.6892f,2.1088f,0f,0f,0f,1f],start_interpolation: 0,interpolation_duration: 1}
$data merge entity $(right_fingers) {transformation: [0.4754f,-0.5885f,-0.654f,-0.9119f,0.5392f,0.7823f,-0.3119f,7.0192f,0.6951f,-0.2043f,0.6892f,2.0752f,0f,0f,0f,1f],start_interpolation: 0,interpolation_duration: 1}
$data merge entity $(scout) {transformation: [0f,0f,0f,-0.9086f,0f,0f,0f,6.8185f,0f,0f,0f,2.1422f,0f,0f,0f,1f],start_interpolation: 0,interpolation_duration: 1}
$data merge entity $(right_hand) {transformation: [-0.5448f,-0.5249f,-0.654f,-1.2605f,0.8263f,-0.469f,-0.3119f,6.7132f,-0.143f,-0.7103f,0.6892f,1.6702f,0f,0f,0f,1f],start_interpolation: 0,interpolation_duration: 1}
$data merge entity $(right_forearm) {transformation: [-0.6772f,-0.6053f,-1.0355f,-2.1815f,1.0257f,-0.9086f,-0.1397f,5.2972f,-0.6217f,-0.8398f,0.8974f,0.464f,0f,0f,0f,1f],start_interpolation: 0,interpolation_duration: 1}
$data merge entity $(right_shoulder) {transformation: [-1.0087f,0.9757f,-0.4247f,-0.7749f,0.953f,0.5679f,-0.9586f,5.8284f,-0.4734f,-0.9355f,-1.0249f,-0.5482f,0f,0f,0f,1f],start_interpolation: 0,interpolation_duration: 1}
$data merge entity $(right_arm) {transformation: [-0.9375f,-0.0438f,0.3452f,-0.256f,0.0309f,0.9776f,0.208f,6.0959f,-0.3466f,0.2057f,-0.9152f,-0.3009f,0f,0f,0f,1f],start_interpolation: 0,interpolation_duration: 1}
$data merge entity $(left_thumb_2) {transformation: [0.0992f,0.0287f,0.9947f,0.6014f,-0.9632f,-0.2483f,0.1033f,7.3615f,0.2499f,-0.9683f,0.003f,2.9936f,0f,0f,0f,1f],start_interpolation: 0,interpolation_duration: 1}
$data merge entity $(left_thumb) {transformation: [0.0992f,0.8758f,0.4725f,0.8618f,-0.9632f,-0.0347f,0.2666f,7.4893f,0.2499f,-0.4815f,0.8401f,2.7898f,0f,0f,0f,1f],start_interpolation: 0,interpolation_duration: 1}
$data merge entity $(left_fingers2) {transformation: [0.11f,-0.5994f,0.7929f,0.5572f,0.9939f,0.068f,-0.0864f,7.4826f,-0.0021f,0.7976f,0.6032f,3.3228f,0f,0f,0f,1f],start_interpolation: 0,interpolation_duration: 1}
$data merge entity $(left_fingers) {transformation: [0.5386f,0.2851f,0.7929f,0.6291f,-0.3637f,0.9275f,-0.0864f,7.7565f,-0.76f,-0.2418f,0.6032f,3.2797f,0f,0f,0f,1f],start_interpolation: 0,interpolation_duration: 1}
$data merge entity $(left_hand) {transformation: [-0.2371f,0.5614f,0.7929f,1.0077f,-0.9557f,-0.2815f,-0.0864f,7.575f,0.1747f,-0.7782f,0.6032f,2.8293f,0f,0f,0f,1f],start_interpolation: 0,interpolation_duration: 1}
$data merge entity $(left_forearm) {transformation: [-1.2677f,0.5252f,0.1189f,1.7503f,-0.5107f,-1.076f,-0.6918f,5.9082f,-0.1709f,-0.6808f,1.1851f,1.84f,0f,0f,0f,1f],start_interpolation: 0,interpolation_duration: 1}
$data merge entity $(left_shoulder) {transformation: [-0.8472f,-0.353f,1.1435f,1.1123f,-1.1856f,0.0568f,-0.8608f,5.7662f,0.1629f,-1.422f,-0.3183f,0.1494f,0f,0f,0f,1f],start_interpolation: 0,interpolation_duration: 1}
$data merge entity $(left_arm) {transformation: [-0.9375f,-0.0438f,0.3452f,0.5738f,0.0309f,0.9776f,0.208f,6.0686f,-0.3466f,0.2057f,-0.9152f,0.0058f,0f,0f,0f,1f],start_interpolation: 0,interpolation_duration: 1}
$data merge entity $(chest) {transformation: [-1.1987f,-0.056f,0.4413f,0.25f,0.0395f,1.25f,0.2659f,4.3238f,-0.4431f,0.2629f,-1.1701f,-0.5506f,0f,0f,0f,1f],start_interpolation: 0,interpolation_duration: 1}
data modify storage animated_java:temp entry.data merge value {"locators":{"consume":{"px":-0.7734697273,"py":6.8634575952,"pz":2.2348962397,"ry":223.4955479928,"rx":-18.1757884273}}}
# Data Manager: Prepare for Read / Write
execute store result storage animated_java:temp args.id int 1 run scoreboard players get @s aj.id
# Data Manager: Write
function animated_java:global/data_manager/write with storage animated_java:temp args