# This file was generated by Animated Java via MC-Build. It is not recommended to edit this file directly.
$data merge entity $(neck) {transformation: [-0.9998f,0.0179f,-0.0008f,0.0037f,0.0173f,0.9757f,0.2183f,6.0341f,0.0047f,0.2182f,-0.9759f,-0.1047f,0f,0f,0f,1f],start_interpolation: 0,interpolation_duration: 1}
$data merge entity $(right_thumb_2) {transformation: [-0.9217f,-0.0383f,-0.3859f,-1.6778f,-0.38f,0.2877f,0.8791f,4.0541f,0.0774f,0.9569f,-0.2798f,-2.9754f,0f,0f,0f,1f],start_interpolation: 0,interpolation_duration: 1}
$data merge entity $(right_thumb) {transformation: [-0.9217f,-0.3859f,0.0383f,-1.9391f,-0.38f,0.8791f,-0.2877f,4.2846f,0.0774f,-0.2798f,-0.9569f,-3.0404f,0f,0f,0f,1f],start_interpolation: 0,interpolation_duration: 1}
$data merge entity $(right_fingers2) {transformation: [0.9761f,0.147f,0.1598f,-1.6811f,0.1184f,-0.9773f,0.1754f,3.7847f,0.182f,-0.1523f,-0.9714f,-3.1712f,0f,0f,0f,1f],start_interpolation: 0,interpolation_duration: 1}
$data merge entity $(right_fingers) {transformation: [0.1894f,-0.9688f,0.1598f,-1.9506f,-0.9713f,-0.1609f,0.1754f,3.7127f,-0.1442f,-0.1885f,-0.9714f,-3.2361f,0f,0f,0f,1f],start_interpolation: 0,interpolation_duration: 1}
$data merge entity $(scout) {transformation: [0f,0f,0f,-1.7672f,0f,0f,0f,3.7962f,0f,0f,0f,-3.3006f,0f,0f,0f,1f],start_interpolation: 0,interpolation_duration: 1}
$data merge entity $(right_hand) {transformation: [-0.9761f,-0.147f,0.1598f,-2.029f,-0.1184f,0.9773f,0.1754f,4.3213f,-0.182f,0.1523f,-0.9714f,-3.1846f,0f,0f,0f,1f],start_interpolation: 0,interpolation_duration: 1}
$data merge entity $(right_forearm) {transformation: [-0.1005f,0.0751f,1.3716f,-1.8618f,0.8252f,1.1028f,0.0001f,5.9478f,-1.0982f,0.8218f,-0.1255f,-1.9058f,0f,0f,0f,1f],start_interpolation: 0,interpolation_duration: 1}
$data merge entity $(right_shoulder) {transformation: [-0.8558f,0.5944f,1.0315f,-0.9978f,1.1466f,0.0695f,0.9112f,5.7721f,0.3205f,1.3385f,-0.5054f,-0.3222f,0f,0f,0f,1f],start_interpolation: 0,interpolation_duration: 1}
$data merge entity $(right_arm) {transformation: [-0.9786f,0.0179f,0.2051f,-0.439f,0.0619f,0.9757f,0.21f,6.0216f,-0.1963f,0.2182f,-0.9559f,-0.1563f,0f,0f,0f,1f],start_interpolation: 0,interpolation_duration: 1}
$data merge entity $(left_thumb_2) {transformation: [-0.7825f,0.1472f,0.6051f,0.1716f,-0.5798f,0.1823f,-0.7941f,4.7461f,-0.2272f,-0.9722f,-0.0573f,2.4863f,0f,0f,0f,1f],start_interpolation: 0,interpolation_duration: 1}
$data merge entity $(left_thumb) {transformation: [-0.7825f,0.6051f,-0.1472f,0.4843f,-0.5798f,-0.7941f,-0.1823f,4.5792f,-0.2272f,-0.0573f,0.9722f,2.4878f,0f,0f,0f,1f],start_interpolation: 0,interpolation_duration: 1}
$data merge entity $(left_fingers2) {transformation: [0.8988f,-0.4167f,-0.1362f,0.0939f,0.2515f,0.7446f,-0.6183f,4.8937f,0.359f,0.5215f,0.774f,2.7745f,0f,0f,0f,1f],start_interpolation: 0,interpolation_duration: 1}
$data merge entity $(left_fingers) {transformation: [0.4555f,0.8798f,-0.1362f,0.3307f,-0.7329f,0.2838f,-0.6183f,4.9908f,-0.5053f,0.3815f,0.774f,2.9032f,0f,0f,0f,1f],start_interpolation: 0,interpolation_duration: 1}
$data merge entity $(left_hand) {transformation: [-0.8988f,0.4167f,-0.1362f,0.5762f,-0.2515f,-0.7446f,-0.6183f,4.5048f,-0.359f,-0.5215f,0.774f,2.6153f,0f,0f,0f,1f],start_interpolation: 0,interpolation_duration: 1}
$data merge entity $(left_forearm) {transformation: [-1.2205f,0.5695f,-0.2884f,1.3726f,0.1774f,-0.2952f,-1.3336f,4.0192f,-0.6132f,-1.2189f,0.1882f,0.7611f,0f,0f,0f,1f],start_interpolation: 0,interpolation_duration: 1}
$data merge entity $(left_shoulder) {transformation: [-1.4634f,-0.0858f,0.0296f,0.9721f,-0.0904f,1.3347f,-0.6003f,5.6475f,0.0082f,-0.601f,-1.3374f,0.073f,0f,0f,0f,1f],start_interpolation: 0,interpolation_duration: 1}
$data merge entity $(left_arm) {transformation: [-0.9786f,0.0179f,0.2051f,0.4271f,0.0619f,0.9757f,0.21f,5.9668f,-0.1963f,0.2182f,-0.9559f,0.0174f,0f,0f,0f,1f],start_interpolation: 0,interpolation_duration: 1}
$data merge entity $(chest) {transformation: [-1.2512f,0.0229f,0.2622f,-0.0312f,0.0791f,1.2475f,0.2685f,4.2393f,-0.251f,0.279f,-1.2222f,-0.4966f,0f,0f,0f,1f],start_interpolation: 0,interpolation_duration: 1}
$data merge entity $(left_cheek) {transformation: [-0.9962f,0f,0.0872f,0.4587f,0.0262f,0.9537f,0.2996f,3.5688f,-0.0831f,0.3007f,-0.9501f,-1.4116f,0f,0f,0f,1f],start_interpolation: 0,interpolation_duration: 1}
$data merge entity $(left_foot) {transformation: [-1.0185f,0.0377f,0.0808f,0.3603f,0.0268f,1.0131f,-0.1345f,-4.1534f,-0.085f,-0.1319f,-1.0103f,0.7124f,0f,0f,0f,1f],start_interpolation: 0,interpolation_duration: 1}
$data merge entity $(left_knee) {transformation: [-3.0302f,0.0797f,0.2528f,0.5679f,0.0797f,3.0407f,-0.0033f,0.0525f,-0.2528f,0.0033f,-3.0312f,0.6003f,0f,0f,0f,1f],start_interpolation: 0,interpolation_duration: 1}
$data merge entity $(left_leg) {transformation: [-1.7114f,0.1012f,0.1104f,0.6556f,0.045f,1.5557f,-0.7275f,2.568f,-0.1428f,-0.7218f,-1.5524f,-0.5166f,0f,0f,0f,1f],start_interpolation: 0,interpolation_duration: 1}
$data merge entity $(right_cheek) {transformation: [-0.9962f,0.0402f,0.0773f,-0.399f,0.0643f,0.9384f,0.3395f,3.6023f,-0.0589f,0.3432f,-0.9374f,-1.4856f,0f,0f,0f,1f],start_interpolation: 0,interpolation_duration: 1}
$data merge entity $(right_foot) {transformation: [-1.0185f,-0.089f,0.0039f,-0.6751f,0.0657f,-0.7201f,0.7228f,-0.0334f,-0.0602f,0.7203f,0.723f,-4.7558f,0f,0f,0f,1f],start_interpolation: 0,interpolation_duration: 1}
$data merge entity $(right_knee) {transformation: [-3.0302f,-0.1955f,0.1791f,-1.0253f,0.1955f,-0.2588f,3.0244f,-0.2622f,-0.1791f,3.0244f,0.2704f,-0.564f,0f,0f,0f,1f],start_interpolation: 0,interpolation_duration: 1}
$data merge entity $(right_leg) {transformation: [-1.7114f,0.1357f,0.0633f,-0.7386f,0.1104f,1.6341f,-0.5186f,2.3663f,-0.1012f,-0.5126f,-1.6366f,-1.3331f,0f,0f,0f,1f],start_interpolation: 0,interpolation_duration: 1}
$data merge entity $(weist) {transformation: [-1.6162f,0f,0.1414f,-0.0312f,0.0425f,1.5473f,0.486f,3.9574f,-0.1349f,0.4878f,-1.5414f,-0.8902f,0f,0f,0f,1f],start_interpolation: 0,interpolation_duration: 1}
data modify storage animated_java:temp entry.data merge value {"locators":{"consume":{"px":-1.7016191928,"py":3.6410803658,"pz":-3.2781272648,"ry":9.3440704582,"rx":10.1025879993}}}
# Data Manager: Prepare for Read / Write
execute store result storage animated_java:temp args.id int 1 run scoreboard players get @s aj.id
# Data Manager: Write
function animated_java:global/data_manager/write with storage animated_java:temp args