# This file was generated by Animated Java via MC-Build. It is not recommended to edit this file directly.
$data merge entity $(neck) {transformation: [-0.9997f,0.0255f,-0.0011f,0.0253f,0.0247f,0.9792f,0.2012f,6.1083f,0.0062f,0.2011f,-0.9795f,-0.0947f,0f,0f,0f,1f],start_interpolation: 0,interpolation_duration: 1}
$data merge entity $(right_thumb_2) {transformation: [-0.9323f,-0.0589f,-0.3568f,-1.5892f,-0.3553f,0.3334f,0.8733f,4.0051f,0.0675f,0.941f,-0.3317f,-3.0097f,0f,0f,0f,1f],start_interpolation: 0,interpolation_duration: 1}
$data merge entity $(right_thumb) {transformation: [-0.9323f,-0.3568f,0.0589f,-1.843f,-0.3553f,0.8733f,-0.3334f,4.2381f,0.0675f,-0.3317f,-0.941f,-3.0931f,0f,0f,0f,1f],start_interpolation: 0,interpolation_duration: 1}
$data merge entity $(right_fingers2) {transformation: [0.973f,0.1282f,0.1918f,-1.5932f,0.1051f,-0.9865f,0.1258f,3.7269f,0.2053f,-0.1022f,-0.9733f,-3.1927f,0f,0f,0f,1f],start_interpolation: 0,interpolation_duration: 1}
$data merge entity $(right_fingers) {transformation: [0.1705f,-0.9665f,0.1918f,-1.8624f,-0.9809f,-0.1481f,0.1258f,3.6579f,-0.0932f,-0.2096f,-0.9733f,-3.2622f,0f,0f,0f,1f],start_interpolation: 0,interpolation_duration: 1}
$data merge entity $(scout) {transformation: [0f,0f,0f,-1.6753f,0f,0f,0f,3.7342f,0f,0f,0f,-3.3251f,0f,0f,0f,1f],start_interpolation: 0,interpolation_duration: 1}
$data merge entity $(right_hand) {transformation: [-0.973f,-0.1282f,0.1918f,-1.9278f,-0.1051f,0.9865f,0.1258f,4.2699f,-0.2053f,0.1022f,-0.9733f,-3.2414f,0f,0f,0f,1f],start_interpolation: 0,interpolation_duration: 1}
$data merge entity $(right_forearm) {transformation: [-0.0787f,0.0995f,1.3715f,-1.7248f,0.7789f,1.1353f,-0.0376f,5.9459f,-1.1332f,0.7735f,-0.1211f,-2.0339f,0f,0f,0f,1f],start_interpolation: 0,interpolation_duration: 1}
$data merge entity $(right_shoulder) {transformation: [-0.8733f,0.5103f,1.0615f,-0.9607f,1.161f,0.1507f,0.8827f,5.8672f,0.1982f,1.3663f,-0.4938f,-0.3922f,0f,0f,0f,1f],start_interpolation: 0,interpolation_duration: 1}
$data merge entity $(right_arm) {transformation: [-0.9563f,0.0255f,0.2912f,-0.4116f,0.0825f,0.9792f,0.1852f,6.106f,-0.2804f,0.2011f,-0.9386f,-0.1837f,0f,0f,0f,1f],start_interpolation: 0,interpolation_duration: 1}
$data merge entity $(left_thumb_2) {transformation: [-0.7406f,0.2562f,0.6212f,-0.0645f,-0.6168f,0.1077f,-0.7797f,4.9794f,-0.2667f,-0.9606f,0.0783f,2.3688f,0f,0f,0f,1f],start_interpolation: 0,interpolation_duration: 1}
$data merge entity $(left_thumb) {transformation: [-0.7406f,0.6212f,-0.2562f,0.2488f,-0.6168f,-0.7797f,-0.1077f,4.8216f,-0.2667f,0.0783f,0.9606f,2.42f,0f,0f,0f,1f],start_interpolation: 0,interpolation_duration: 1}
$data merge entity $(left_fingers2) {transformation: [0.8468f,-0.492f,-0.202f,-0.1794f,0.3243f,0.7787f,-0.5371f,5.149f,0.4216f,0.3893f,0.819f,2.6275f,0f,0f,0f,1f],start_interpolation: 0,interpolation_duration: 1}
$data merge entity $(left_fingers) {transformation: [0.5285f,0.8245f,-0.202f,0.0392f,-0.7638f,0.358f,-0.5371f,5.2686f,-0.3706f,0.4382f,0.819f,2.7689f,0f,0f,0f,1f],start_interpolation: 0,interpolation_duration: 1}
$data merge entity $(left_hand) {transformation: [-0.8468f,0.492f,-0.202f,0.3282f,-0.3243f,-0.7787f,-0.5371f,4.765f,-0.4216f,-0.3893f,0.819f,2.5638f,0f,0f,0f,1f],start_interpolation: 0,interpolation_duration: 1}
$data merge entity $(left_forearm) {transformation: [-1.1547f,0.6794f,-0.3197f,1.2917f,0.1013f,-0.4401f,-1.3012f,4.0591f,-0.744f,-1.1144f,0.319f,0.8663f,0f,0f,0f,1f],start_interpolation: 0,interpolation_duration: 1}
$data merge entity $(left_shoulder) {transformation: [-1.4573f,-0.0234f,0.1595f,0.9643f,-0.0846f,1.3456f,-0.5761f,5.7012f,-0.1372f,-0.5819f,-1.3388f,0.1723f,0f,0f,0f,1f],start_interpolation: 0,interpolation_duration: 1}
$data merge entity $(left_arm) {transformation: [-0.9563f,0.0255f,0.2912f,0.4349f,0.0825f,0.9792f,0.1852f,6.033f,-0.2804f,0.2011f,-0.9386f,0.0645f,0f,0f,0f,1f],start_interpolation: 0,interpolation_duration: 1}
$data merge entity $(chest) {transformation: [-1.2227f,0.0326f,0.3723f,-0.0243f,0.1054f,1.252f,0.2368f,4.3074f,-0.3585f,0.2571f,-1.2f,-0.4553f,0f,0f,0f,1f],start_interpolation: 0,interpolation_duration: 1}
$data merge entity $(left_cheek) {transformation: [-0.9966f,0.0043f,0.082f,0.4711f,0.0238f,0.9709f,0.2384f,3.6065f,-0.0786f,0.2396f,-0.9677f,-1.3917f,0f,0f,0f,1f],start_interpolation: 0,interpolation_duration: 1}
$data merge entity $(left_foot) {transformation: [-1.0189f,0.0226f,0.0808f,0.4589f,0.0244f,1.0219f,0.0213f,-4.2639f,-0.0803f,0.0232f,-1.0189f,-0.1683f,0f,0f,0f,1f],start_interpolation: 0,interpolation_duration: 1}
$data merge entity $(left_knee) {transformation: [-3.0315f,0.049f,0.2449f,0.6238f,0.0725f,3.0268f,0.2918f,-0.0649f,-0.239f,0.2966f,-3.0178f,0.1256f,0f,0f,0f,1f],start_interpolation: 0,interpolation_duration: 1}
$data merge entity $(left_leg) {transformation: [-1.7122f,0.073f,0.1207f,0.666f,0.0409f,1.6637f,-0.4262f,2.6148f,-0.135f,-0.4219f,-1.6599f,-0.5073f,0f,0f,0f,1f],start_interpolation: 0,interpolation_duration: 1}
$data merge entity $(right_cheek) {transformation: [-0.9966f,0.0427f,0.0699f,-0.3943f,0.0583f,0.9692f,0.2392f,3.6283f,-0.0575f,0.2424f,-0.9685f,-1.5287f,0f,0f,0f,1f],start_interpolation: 0,interpolation_duration: 1}
$data merge entity $(right_foot) {transformation: [-1.0189f,-0.0801f,0.0244f,-0.7295f,0.0597f,-0.4849f,0.8981f,-0.6506f,-0.0588f,0.8965f,0.488f,-4.2113f,0f,0f,0f,1f],start_interpolation: 0,interpolation_duration: 1}
$data merge entity $(right_knee) {transformation: [-3.0315f,-0.1542f,0.1958f,-1.0219f,0.1775f,0.3413f,3.0173f,-0.0497f,-0.175f,3.0186f,-0.3312f,-0.0521f,0f,0f,0f,1f],start_interpolation: 0,interpolation_duration: 1}
$data merge entity $(right_leg) {transformation: [-1.7122f,0.1334f,0.0448f,-0.7382f,0.1002f,1.5396f,-0.7555f,2.4349f,-0.0988f,-0.7504f,-1.5423f,-1.2049f,0f,0f,0f,1f],start_interpolation: 0,interpolation_duration: 1}
$data merge entity $(weist) {transformation: [-1.6168f,0f,0.1335f,-0.0243f,0.0377f,1.5564f,0.4562f,4.0179f,-0.1281f,0.4578f,-1.5511f,-0.8434f,0f,0f,0f,1f],start_interpolation: 0,interpolation_duration: 1}
data modify storage animated_java:temp entry.data merge value {"locators":{"consume":{"px":-1.6140789467,"py":3.5788932125,"pz":-3.293471775,"ry":11.1458916432,"rx":7.2247747164}}}
# Data Manager: Prepare for Read / Write
execute store result storage animated_java:temp args.id int 1 run scoreboard players get @s aj.id
# Data Manager: Write
function animated_java:global/data_manager/write with storage animated_java:temp args