# This file was generated by Animated Java via MC-Build. It is not recommended to edit this file directly.
$data merge entity $(neck) {transformation: [-0.9998f,-0.0183f,0.0008f,-0.0043f,-0.0177f,0.9757f,0.2183f,6.034f,-0.0048f,0.2183f,-0.9759f,-0.1046f,0f,0f,0f,1f],start_interpolation: 0,interpolation_duration: 1}
$data merge entity $(right_thumb_2) {transformation: [-0.7823f,-0.1512f,-0.6043f,-0.1608f,0.5788f,0.1821f,-0.7948f,4.7459f,0.2302f,-0.9716f,-0.055f,2.487f,0f,0f,0f,1f],start_interpolation: 0,interpolation_duration: 1}
$data merge entity $(right_thumb) {transformation: [-0.7823f,-0.6043f,0.1512f,-0.4733f,0.5788f,-0.7948f,-0.1821f,4.5785f,0.2302f,-0.055f,0.9716f,2.4898f,0f,0f,0f,1f],start_interpolation: 0,interpolation_duration: 1}
$data merge entity $(right_fingers2) {transformation: [0.8977f,0.4178f,0.1399f,-0.0821f,-0.2505f,0.7451f,-0.6182f,4.8936f,-0.3625f,0.5199f,0.7735f,2.775f,0f,0f,0f,1f],start_interpolation: 0,interpolation_duration: 1}
$data merge entity $(right_fingers) {transformation: [0.4566f,-0.8786f,0.1399f,-0.3186f,0.7335f,0.2827f,-0.6182f,4.9903f,0.5036f,0.3848f,0.7735f,2.9045f,0f,0f,0f,1f],start_interpolation: 0,interpolation_duration: 1}
$data merge entity $(scout) {transformation: [0f,0f,0f,-0.1633f,0f,0f,0f,4.8466f,0f,0f,0f,2.8995f,0f,0f,0f,1f],start_interpolation: 0,interpolation_duration: 1}
$data merge entity $(right_hand) {transformation: [-0.8977f,-0.4178f,0.1399f,-0.5645f,0.2505f,-0.7451f,-0.6182f,4.5041f,0.3625f,-0.5199f,0.7735f,2.6176f,0f,0f,0f,1f],start_interpolation: 0,interpolation_duration: 1}
$data merge entity $(right_forearm) {transformation: [-1.2179f,-0.5738f,0.2907f,-1.3675f,-0.1789f,-0.2959f,-1.3333f,4.0175f,0.6179f,-1.2167f,0.1871f,0.7664f,0f,0f,0f,1f],start_interpolation: 0,interpolation_duration: 1}
$data merge entity $(right_shoulder) {transformation: [-1.4635f,0.0819f,-0.034f,-0.9716f,0.0886f,1.3348f,-0.6003f,5.6463f,-0.0026f,-0.6013f,-1.3373f,0.0769f,0f,0f,0f,1f],start_interpolation: 0,interpolation_duration: 1}
$data merge entity $(right_arm) {transformation: [-0.9777f,-0.0183f,-0.209f,-0.4272f,-0.0631f,0.9757f,0.2098f,5.9663f,0.2001f,0.2183f,-0.9552f,0.0192f,0f,0f,0f,1f],start_interpolation: 0,interpolation_duration: 1}
$data merge entity $(left_thumb_2) {transformation: [-0.6421f,0.7526f,0.1464f,1.7764f,-0.0228f,-0.2096f,0.9775f,3.972f,0.7663f,0.6243f,0.1517f,-2.9917f,0f,0f,0f,1f],start_interpolation: 0,interpolation_duration: 1}
$data merge entity $(left_thumb) {transformation: [-0.6421f,0.1464f,-0.7526f,1.9293f,-0.0228f,0.9775f,0.2096f,4.2869f,0.7663f,0.1517f,-0.6243f,-3.0477f,0f,0f,0f,1f],start_interpolation: 0,interpolation_duration: 1}
$data merge entity $(left_fingers2) {transformation: [0.9756f,-0.1464f,-0.1638f,1.6714f,-0.1172f,-0.9775f,0.1752f,3.7867f,-0.1857f,-0.1517f,-0.9708f,-3.1775f,0f,0f,0f,1f],start_interpolation: 0,interpolation_duration: 1}
$data merge entity $(left_fingers) {transformation: [0.1888f,0.9683f,-0.1638f,1.9408f,0.9715f,-0.1598f,0.1752f,3.715f,0.1435f,-0.1922f,-0.9708f,-3.2434f,0f,0f,0f,1f],start_interpolation: 0,interpolation_duration: 1}
$data merge entity $(left_hand) {transformation: [-0.9756f,0.1464f,-0.1638f,2.0185f,0.1172f,0.9775f,0.1752f,4.3237f,0.1857f,0.1517f,-0.9708f,-3.1922f,0f,0f,0f,1f],start_interpolation: 0,interpolation_duration: 1}
$data merge entity $(left_forearm) {transformation: [-0.0953f,-0.0732f,-1.3721f,1.8543f,-0.8254f,1.1027f,-0.0015f,5.95f,1.0986f,0.8221f,-0.1202f,-1.9128f,0f,0f,0f,1f],start_interpolation: 0,interpolation_duration: 1}
$data merge entity $(left_shoulder) {transformation: [-0.8557f,-0.5893f,-1.0346f,0.9966f,-1.1476f,0.0688f,0.91f,5.7733f,-0.3172f,1.3408f,-0.5014f,-0.3259f,0f,0f,0f,1f],start_interpolation: 0,interpolation_duration: 1}
$data merge entity $(left_arm) {transformation: [-0.9777f,-0.0183f,-0.209f,0.4382f,-0.0631f,0.9757f,0.2098f,6.0221f,0.2001f,0.2183f,-0.9552f,-0.1579f,0f,0f,0f,1f],start_interpolation: 0,interpolation_duration: 1}
$data merge entity $(chest) {transformation: [-1.2501f,-0.0234f,-0.2672f,0.0313f,-0.0807f,1.2475f,0.2682f,4.2393f,0.2558f,0.2791f,-1.2212f,-0.4966f,0f,0f,0f,1f],start_interpolation: 0,interpolation_duration: 1}
$data merge entity $(left_cheek) {transformation: [-0.9962f,-0.0402f,-0.0773f,0.399f,-0.0643f,0.9384f,0.3395f,3.6023f,0.0589f,0.3432f,-0.9374f,-1.4856f,0f,0f,0f,1f],start_interpolation: 0,interpolation_duration: 1}
$data merge entity $(left_foot) {transformation: [-1.0185f,0.089f,-0.0039f,0.6751f,-0.0657f,-0.7201f,0.7228f,-0.0334f,0.0602f,0.7203f,0.723f,-4.7558f,0f,0f,0f,1f],start_interpolation: 0,interpolation_duration: 1}
$data merge entity $(left_knee) {transformation: [-3.0302f,0.1955f,-0.1791f,1.0253f,-0.1955f,-0.2588f,3.0244f,-0.2622f,0.1791f,3.0244f,0.2704f,-0.564f,0f,0f,0f,1f],start_interpolation: 0,interpolation_duration: 1}
$data merge entity $(left_leg) {transformation: [-1.7114f,-0.1357f,-0.0633f,0.7386f,-0.1104f,1.6341f,-0.5186f,2.3663f,0.1012f,-0.5126f,-1.6366f,-1.3331f,0f,0f,0f,1f],start_interpolation: 0,interpolation_duration: 1}
$data merge entity $(right_cheek) {transformation: [-0.9962f,0f,-0.0872f,-0.4587f,-0.0262f,0.9537f,0.2996f,3.5688f,0.0831f,0.3007f,-0.9501f,-1.4116f,0f,0f,0f,1f],start_interpolation: 0,interpolation_duration: 1}
$data merge entity $(right_foot) {transformation: [-1.0185f,-0.0377f,-0.0808f,-0.3603f,-0.0268f,1.0131f,-0.1345f,-4.1534f,0.085f,-0.1319f,-1.0103f,0.7124f,0f,0f,0f,1f],start_interpolation: 0,interpolation_duration: 1}
$data merge entity $(right_knee) {transformation: [-3.0302f,-0.0797f,-0.2528f,-0.5679f,-0.0797f,3.0407f,-0.0033f,0.0525f,0.2528f,0.0033f,-3.0312f,0.6003f,0f,0f,0f,1f],start_interpolation: 0,interpolation_duration: 1}
$data merge entity $(right_leg) {transformation: [-1.7114f,-0.1012f,-0.1104f,-0.6556f,-0.045f,1.5557f,-0.7275f,2.568f,0.1428f,-0.7218f,-1.5524f,-0.5166f,0f,0f,0f,1f],start_interpolation: 0,interpolation_duration: 1}
$data merge entity $(weist) {transformation: [-1.6162f,0f,-0.1414f,0.0313f,-0.0425f,1.5473f,0.486f,3.9574f,0.1349f,0.4878f,-1.5414f,-0.8902f,0f,0f,0f,1f],start_interpolation: 0,interpolation_duration: 1}
data modify storage animated_java:temp entry.data merge value {"locators":{"consume":{"px":-0.058125155,"py":4.9755868227,"pz":2.9336947991,"ry":169.7494877647,"rx":-38.1816299141}}}
# Data Manager: Prepare for Read / Write
execute store result storage animated_java:temp args.id int 1 run scoreboard players get @s aj.id
# Data Manager: Write
function animated_java:global/data_manager/write with storage animated_java:temp args
execute unless entity @s[tag=aj.transforms_only] at @s run function animated_java:female/animations/run/zzz/frames/10_root_function