# This file was generated by Animated Java via MC-Build. It is not recommended to edit this file directly.
$data merge entity $(neck) {transformation: [-0.9998f,-0.0213f,0.0009f,-0.0172f,-0.0207f,0.9796f,0.2001f,6.109f,-0.0051f,0.2f,-0.9798f,-0.102f,0f,0f,0f,1f],start_interpolation: 0,interpolation_duration: 1}
$data merge entity $(right_thumb_2) {transformation: [-0.738f,-0.1996f,-0.6446f,-0.0583f,0.642f,0.0864f,-0.7618f,4.975f,0.2077f,-0.9761f,0.0644f,2.3609f,0f,0f,0f,1f],start_interpolation: 0,interpolation_duration: 1}
$data merge entity $(right_thumb) {transformation: [-0.738f,-0.6446f,0.1996f,-0.3779f,0.642f,-0.7618f,-0.0864f,4.8263f,0.2077f,0.0644f,0.9761f,2.3987f,0f,0f,0f,1f],start_interpolation: 0,interpolation_duration: 1}
$data merge entity $(right_fingers2) {transformation: [0.8613f,0.4838f,0.1553f,0.0444f,-0.3363f,0.7718f,-0.5396f,5.1478f,-0.381f,0.4125f,0.8274f,2.6265f,0f,0f,0f,1f],start_interpolation: 0,interpolation_duration: 1}
$data merge entity $(right_fingers) {transformation: [0.5209f,-0.8394f,0.1553f,-0.1789f,0.7564f,0.3696f,-0.5396f,5.2705f,0.3955f,0.3986f,0.8274f,2.7573f,0f,0f,0f,1f],start_interpolation: 0,interpolation_duration: 1}
$data merge entity $(scout) {transformation: [0f,0f,0f,-0.0314f,0f,0f,0f,5.1188f,0f,0f,0f,2.7595f,0f,0f,0f,1f],start_interpolation: 0,interpolation_duration: 1}
$data merge entity $(right_hand) {transformation: [-0.8613f,-0.4838f,0.1553f,-0.4649f,0.3363f,-0.7718f,-0.5396f,4.7709f,0.381f,-0.4125f,0.8274f,2.5386f,0f,0f,0f,1f],start_interpolation: 0,interpolation_duration: 1}
$data merge entity $(right_forearm) {transformation: [-1.1901f,-0.6318f,0.2859f,-1.3564f,-0.0849f,-0.4309f,-1.3055f,4.078f,0.6882f,-1.1456f,0.3334f,0.7969f,0f,0f,0f,1f],start_interpolation: 0,interpolation_duration: 1}
$data merge entity $(right_shoulder) {transformation: [-1.4609f,0.0698f,-0.1037f,-0.9735f,0.1051f,1.345f,-0.5743f,5.7151f,0.0677f,-0.5796f,-1.3451f,0.1198f,0f,0f,0f,1f],start_interpolation: 0,interpolation_duration: 1}
$data merge entity $(right_arm) {transformation: [-0.9696f,-0.0213f,-0.2436f,-0.4349f,-0.069f,0.9796f,0.1889f,6.0394f,0.2346f,0.2f,-0.9513f,0.0374f,0f,0f,0f,1f],start_interpolation: 0,interpolation_duration: 1}
$data merge entity $(left_thumb_2) {transformation: [-0.6781f,0.7223f,0.1355f,1.8109f,0.0186f,-0.1675f,0.9857f,3.8998f,0.7347f,0.671f,0.1001f,-2.9417f,0f,0f,0f,1f],start_interpolation: 0,interpolation_duration: 1}
$data merge entity $(left_thumb) {transformation: [-0.6781f,0.1355f,-0.7223f,1.9652f,0.0186f,0.9857f,0.1675f,4.2118f,0.7347f,0.1001f,-0.671f,-3.0089f,0f,0f,0f,1f],start_interpolation: 0,interpolation_duration: 1}
$data merge entity $(left_fingers2) {transformation: [0.9801f,-0.1369f,-0.1435f,1.7133f,-0.1188f,-0.9846f,0.1281f,3.7041f,-0.1588f,-0.1085f,-0.9813f,-3.1205f,0f,0f,0f,1f],start_interpolation: 0,interpolation_duration: 1}
$data merge entity $(left_fingers) {transformation: [0.1796f,0.9732f,-0.1435f,1.9846f,0.9785f,-0.1616f,0.1281f,3.6314f,0.1015f,-0.1634f,-0.9813f,-3.1771f,0f,0f,0f,1f],start_interpolation: 0,interpolation_duration: 1}
$data merge entity $(left_hand) {transformation: [-0.9801f,0.1369f,-0.1435f,2.0574f,0.1188f,0.9846f,0.1281f,4.2424f,0.1588f,0.1085f,-0.9813f,-3.153f,0f,0f,0f,1f],start_interpolation: 0,interpolation_duration: 1}
$data merge entity $(left_forearm) {transformation: [-0.1434f,-0.1202f,-1.3646f,1.8207f,-0.7774f,1.1369f,-0.0185f,5.9215f,1.1279f,0.7682f,-0.1862f,-1.9559f,0f,0f,0f,1f],start_interpolation: 0,interpolation_duration: 1}
$data merge entity $(left_shoulder) {transformation: [-0.879f,-0.5726f,-1.0244f,0.9784f,-1.1487f,0.1583f,0.8973f,5.854f,-0.2398f,1.3405f,-0.5435f,-0.3524f,0f,0f,0f,1f],start_interpolation: 0,interpolation_duration: 1}
$data merge entity $(left_arm) {transformation: [-0.9696f,-0.0213f,-0.2436f,0.4234f,-0.069f,0.9796f,0.1889f,6.1005f,0.2346f,0.2f,-0.9513f,-0.1702f,0f,0f,0f,1f],start_interpolation: 0,interpolation_duration: 1}
$data merge entity $(chest) {transformation: [-1.2397f,-0.0272f,-0.3115f,0.0243f,-0.0882f,1.2524f,0.2416f,4.3074f,0.2999f,0.2557f,-1.2163f,-0.4605f,0f,0f,0f,1f],start_interpolation: 0,interpolation_duration: 1}
$data merge entity $(left_cheek) {transformation: [-0.9966f,-0.0427f,-0.0699f,0.3944f,-0.0583f,0.9692f,0.2392f,3.6185f,0.0575f,0.2424f,-0.9685f,-1.5422f,0f,0f,0f,1f],start_interpolation: 0,interpolation_duration: 1}
$data merge entity $(left_foot) {transformation: [-1.0189f,0.0801f,-0.0244f,0.7295f,-0.0597f,-0.4849f,0.8981f,-0.6506f,0.0588f,0.8965f,0.488f,-4.2165f,0f,0f,0f,1f],start_interpolation: 0,interpolation_duration: 1}
$data merge entity $(left_knee) {transformation: [-3.0315f,0.1542f,-0.1958f,1.0219f,-0.1775f,0.3413f,3.0173f,-0.0497f,0.175f,3.0186f,-0.3312f,-0.0573f,0f,0f,0f,1f],start_interpolation: 0,interpolation_duration: 1}
$data merge entity $(left_leg) {transformation: [-1.7122f,-0.1334f,-0.0448f,0.7382f,-0.1002f,1.5396f,-0.7555f,2.4349f,0.0988f,-0.7504f,-1.5423f,-1.2101f,0f,0f,0f,1f],start_interpolation: 0,interpolation_duration: 1}
$data merge entity $(right_cheek) {transformation: [-0.9966f,-0.0043f,-0.082f,-0.4711f,-0.0238f,0.9709f,0.2384f,3.6065f,0.0786f,0.2396f,-0.9677f,-1.3969f,0f,0f,0f,1f],start_interpolation: 0,interpolation_duration: 1}
$data merge entity $(right_foot) {transformation: [-1.0189f,-0.0226f,-0.0808f,-0.4589f,-0.0244f,1.0219f,0.0213f,-4.2639f,0.0803f,0.0232f,-1.0189f,-0.1735f,0f,0f,0f,1f],start_interpolation: 0,interpolation_duration: 1}
$data merge entity $(right_knee) {transformation: [-3.0315f,-0.049f,-0.2449f,-0.6238f,-0.0725f,3.0268f,0.2918f,-0.0649f,0.239f,0.2966f,-3.0178f,0.1204f,0f,0f,0f,1f],start_interpolation: 0,interpolation_duration: 1}
$data merge entity $(right_leg) {transformation: [-1.7122f,-0.073f,-0.1207f,-0.666f,-0.0409f,1.6637f,-0.4262f,2.6148f,0.135f,-0.4219f,-1.6599f,-0.5125f,0f,0f,0f,1f],start_interpolation: 0,interpolation_duration: 1}
$data merge entity $(weist) {transformation: [-1.6168f,0f,-0.1335f,0.0243f,-0.0377f,1.5564f,0.4562f,4.0179f,0.1281f,0.4578f,-1.5511f,-0.8486f,0f,0f,0f,1f],start_interpolation: 0,interpolation_duration: 1}
data modify storage animated_java:temp entry.data merge value {"locators":{"consume":{"px":0.0817864593,"py":5.2446613809,"pz":2.773816717,"ry":169.3691483455,"rx":-32.6586954743}}}
# Data Manager: Prepare for Read / Write
execute store result storage animated_java:temp args.id int 1 run scoreboard players get @s aj.id
# Data Manager: Write
function animated_java:global/data_manager/write with storage animated_java:temp args