# This file was generated by Animated Java via MC-Build. It is not recommended to edit this file directly.
$data merge entity $(neck) {transformation: [-0.9998f,-0.0214f,0.0009f,-0.0416f,-0.0211f,0.9909f,0.1332f,5.9841f,-0.0037f,0.1331f,-0.9911f,-0.0909f,0f,0f,0f,1f],start_interpolation: 0,interpolation_duration: 1}
$data merge entity $(right_thumb_2) {transformation: [-0.5097f,-0.1458f,-0.8479f,-0.3359f,0.8315f,0.1697f,-0.529f,4.7336f,0.221f,-0.9747f,0.0348f,2.1426f,0f,0f,0f,1f],start_interpolation: 0,interpolation_duration: 1}
$data merge entity $(right_thumb) {transformation: [-0.5097f,-0.8479f,0.1458f,-0.6863f,0.8315f,-0.529f,-0.1697f,4.6891f,0.221f,0.0348f,0.9747f,2.1728f,0f,0f,0f,1f],start_interpolation: 0,interpolation_duration: 1}
$data merge entity $(right_fingers2) {transformation: [0.7237f,0.6893f,-0.0324f,-0.19f,-0.5738f,0.5749f,-0.5833f,4.8594f,-0.3835f,0.4408f,0.8116f,2.4144f,0f,0f,0f,1f],start_interpolation: 0,interpolation_duration: 1}
$data merge entity $(right_fingers) {transformation: [0.7202f,-0.693f,-0.0324f,-0.3674f,0.5493f,0.5983f,-0.5833f,5.0411f,0.4236f,0.4023f,0.8116f,2.5469f,0f,0f,0f,1f],start_interpolation: 0,interpolation_duration: 1}
$data merge entity $(scout) {transformation: [0f,0f,0f,-0.2735f,0f,0f,0f,4.8514f,0f,0f,0f,2.5457f,0f,0f,0f,1f],start_interpolation: 0,interpolation_duration: 1}
$data merge entity $(right_hand) {transformation: [-0.7237f,-0.6893f,-0.0324f,-0.7886f,0.5738f,-0.5749f,-0.5833f,4.6593f,0.3835f,-0.4408f,0.8116f,2.3101f,0f,0f,0f,1f],start_interpolation: 0,interpolation_duration: 1}
$data merge entity $(right_forearm) {transformation: [-1.2208f,-0.6012f,0.213f,-1.6355f,-0.0132f,-0.4361f,-1.3064f,3.9556f,0.6377f,-1.16f,0.3808f,0.5506f,0f,0f,0f,1f],start_interpolation: 0,interpolation_duration: 1}
$data merge entity $(right_shoulder) {transformation: [-1.4162f,0.2823f,-0.254f,-0.9976f,0.3296f,1.4008f,-0.2808f,5.6061f,0.1886f,-0.3283f,-1.4165f,0.1579f,0f,0f,0f,1f],start_interpolation: 0,interpolation_duration: 1}
$data merge entity $(right_arm) {transformation: [-0.9694f,-0.0214f,-0.2444f,-0.4592f,-0.0531f,0.9909f,0.1239f,5.9241f,0.2395f,0.1331f,-0.9617f,0.0533f,0f,0f,0f,1f],start_interpolation: 0,interpolation_duration: 1}
$data merge entity $(left_thumb_2) {transformation: [-0.8899f,0.4004f,0.2187f,2.1281f,0.3139f,0.1895f,0.9303f,2.8907f,0.3311f,0.8965f,-0.2943f,-1.8129f,0f,0f,0f,1f],start_interpolation: 0,interpolation_duration: 1}
$data merge entity $(left_thumb) {transformation: [-0.8899f,0.2187f,-0.4004f,2.336f,0.3139f,0.9303f,-0.1895f,3.1461f,0.3311f,-0.2943f,-0.8965f,-1.9441f,0f,0f,0f,1f],start_interpolation: 0,interpolation_duration: 1}
$data merge entity $(left_fingers2) {transformation: [0.9763f,-0.2021f,0.0772f,2.0669f,-0.1781f,-0.9533f,-0.2439f,2.6355f,0.1229f,0.2243f,-0.9667f,-1.9201f,0f,0f,0f,1f],start_interpolation: 0,interpolation_duration: 1}
$data merge entity $(left_fingers) {transformation: [0.2445f,0.9666f,0.0772f,2.336f,0.9446f,-0.2195f,-0.2439f,2.5446f,-0.2188f,0.1326f,-0.9667f,-1.8833f,0f,0f,0f,1f],start_interpolation: 0,interpolation_duration: 1}
$data merge entity $(left_hand) {transformation: [-0.9763f,0.2021f,0.0772f,2.4587f,0.1781f,0.9533f,-0.2439f,3.1202f,-0.1229f,-0.2243f,-0.9667f,-2.0644f,0f,0f,0f,1f],start_interpolation: 0,interpolation_duration: 1}
$data merge entity $(left_forearm) {transformation: [-0.6568f,-0.2747f,-1.1791f,1.9748f,-0.3384f,1.3296f,-0.1213f,5.1041f,1.1625f,0.2318f,-0.7015f,-1.6924f,0f,0f,0f,1f],start_interpolation: 0,interpolation_duration: 1}
$data merge entity $(left_shoulder) {transformation: [-1.0354f,-0.6868f,-0.7786f,0.9538f,-1.0382f,0.6913f,0.7708f,5.7129f,0.0061f,1.0956f,-0.9745f,-0.3242f,0f,0f,0f,1f],start_interpolation: 0,interpolation_duration: 1}
$data merge entity $(left_arm) {transformation: [-0.9694f,-0.0214f,-0.2444f,0.3989f,-0.0531f,0.9909f,0.1239f,5.9711f,0.2395f,0.1331f,-0.9617f,-0.1587f,0f,0f,0f,1f],start_interpolation: 0,interpolation_duration: 1}
$data merge entity $(chest) {transformation: [-1.2395f,-0.0273f,-0.3124f,0f,-0.0679f,1.2669f,0.1585f,4.1624f,0.3062f,0.1702f,-1.2296f,-0.3264f,0f,0f,0f,1f],start_interpolation: 0,interpolation_duration: 1}
$data merge entity $(left_cheek) {transformation: [-0.9988f,-0.0247f,-0.0415f,0.411f,-0.0277f,0.9969f,0.0735f,3.3434f,0.0396f,0.0746f,-0.9964f,-1.3902f,0f,0f,0f,1f],start_interpolation: 0,interpolation_duration: 1}
$data merge entity $(left_foot) {transformation: [-1.0212f,0.0126f,-0.0477f,0.8388f,-0.0283f,0.6594f,0.7808f,-3.24f,0.0404f,0.7812f,-0.6583f,-1.4662f,0f,0f,0f,1f],start_interpolation: 0,interpolation_duration: 1}
$data merge entity $(left_knee) {transformation: [-3.0382f,0.0057f,-0.1468f,0.9278f,-0.0843f,2.4226f,1.8374f,0.1905f,0.1203f,1.8393f,-2.4196f,0.977f,0f,0f,0f,1f],start_interpolation: 0,interpolation_duration: 1}
$data merge entity $(left_leg) {transformation: [-1.716f,-0.0804f,-0.0204f,0.7282f,-0.0476f,1.3003f,-1.1217f,2.3046f,0.068f,-1.1199f,-1.301f,-0.7761f,0f,0f,0f,1f],start_interpolation: 0,interpolation_duration: 1}
$data merge entity $(right_cheek) {transformation: [-0.9988f,-0.001f,-0.0488f,-0.4764f,-0.0136f,0.9661f,0.2578f,3.4464f,0.0469f,0.2581f,-0.965f,-1.2034f,0f,0f,0f,1f],start_interpolation: 0,interpolation_duration: 1}
$data merge entity $(right_foot) {transformation: [-1.0212f,0.0057f,-0.0496f,-0.695f,-0.0139f,0.9433f,0.3941f,-4.3091f,0.0479f,0.3943f,-0.9421f,-2.719f,0f,0f,0f,1f],start_interpolation: 0,interpolation_duration: 1}
$data merge entity $(right_knee) {transformation: [-3.0381f,0.0098f,-0.1481f,-0.7747f,-0.0414f,2.859f,1.0375f,-0.3109f,0.1426f,1.0383f,-2.8555f,-1.3947f,0f,0f,0f,1f],start_interpolation: 0,interpolation_duration: 1}
$data merge entity $(right_leg) {transformation: [-1.7159f,-0.0011f,-0.0838f,-0.7026f,-0.0234f,1.6558f,0.4573f,2.3294f,0.0805f,0.4579f,-1.6539f,-0.616f,0f,0f,0f,1f],start_interpolation: 0,interpolation_duration: 1}
$data merge entity $(weist) {transformation: [-1.6203f,0f,-0.0804f,0f,-0.0174f,1.5839f,0.3507f,3.8472f,0.0785f,0.3511f,-1.5819f,-0.6939f,0f,0f,0f,1f],start_interpolation: 0,interpolation_duration: 1}
data modify storage animated_java:temp entry.data merge value {"locators":{"consume":{"px":-0.1274571152,"py":4.9360901332,"pz":2.5649773893,"ry":182.2894414595,"rx":-35.6864745907}}}
# Data Manager: Prepare for Read / Write
execute store result storage animated_java:temp args.id int 1 run scoreboard players get @s aj.id
# Data Manager: Write
function animated_java:global/data_manager/write with storage animated_java:temp args