# This file was generated by Animated Java via MC-Build. It is not recommended to edit this file directly.
$data merge entity $(neck) {transformation: [-0.9998f,-0.0177f,0.0008f,-0.0359f,-0.0175f,0.9921f,0.1242f,5.9898f,-0.003f,0.1242f,-0.9923f,-0.0879f,0f,0f,0f,1f],start_interpolation: 0,interpolation_duration: 1}
$data merge entity $(right_thumb_2) {transformation: [-0.2966f,0.009f,-0.955f,-0.699f,0.9061f,0.3186f,-0.2784f,4.4314f,0.3017f,-0.9479f,-0.1027f,1.9745f,0f,0f,0f,1f],start_interpolation: 0,interpolation_duration: 1}
$data merge entity $(right_thumb) {transformation: [-0.2966f,-0.955f,-0.009f,-1.05f,0.9061f,-0.2784f,-0.3186f,4.4806f,0.3017f,-0.1027f,0.9479f,1.9729f,0f,0f,0f,1f],start_interpolation: 0,interpolation_duration: 1}
$data merge entity $(right_fingers2) {transformation: [0.5865f,0.7636f,-0.2701f,-0.5555f,-0.6988f,0.3084f,-0.6454f,4.4792f,-0.4096f,0.5673f,0.7145f,2.2713f,0f,0f,0f,1f],start_interpolation: 0,interpolation_duration: 1}
$data merge entity $(right_fingers) {transformation: [0.7884f,-0.5526f,-0.2701f,-0.6927f,0.2776f,0.7116f,-0.6454f,4.685f,0.5489f,0.4339f,0.7145f,2.4157f,0f,0f,0f,1f],start_interpolation: 0,interpolation_duration: 1}
$data merge entity $(scout) {transformation: [0f,0f,0f,-0.6518f,0f,0f,0f,4.4785f,0f,0f,0f,2.3938f,0f,0f,0f,1f],start_interpolation: 0,interpolation_duration: 1}
$data merge entity $(right_hand) {transformation: [-0.5865f,-0.7636f,-0.2701f,-1.1707f,0.6988f,-0.3084f,-0.6454f,4.4636f,0.4096f,-0.5673f,0.7145f,2.0968f,0f,0f,0f,1f],start_interpolation: 0,interpolation_duration: 1}
$data merge entity $(right_forearm) {transformation: [-1.2751f,-0.5163f,0.0677f,-1.8928f,0.0274f,-0.2452f,-1.3551f,4.0439f,0.52f,-1.2532f,0.2372f,0.1966f,0f,0f,0f,1f],start_interpolation: 0,interpolation_duration: 1}
$data merge entity $(right_shoulder) {transformation: [-1.3615f,0.4972f,-0.2212f,-1.0051f,0.501f,1.3779f,0.0133f,5.6225f,0.2124f,-0.0632f,-1.4494f,0.1233f,0f,0f,0f,1f],start_interpolation: 0,interpolation_duration: 1}
$data merge entity $(right_arm) {transformation: [-0.9791f,-0.0177f,-0.2024f,-0.4598f,-0.0424f,0.9921f,0.1181f,5.9347f,0.1987f,0.1242f,-0.9722f,0.039f,0f,0f,0f,1f],start_interpolation: 0,interpolation_duration: 1}
$data merge entity $(left_thumb_2) {transformation: [-0.9299f,0.1722f,0.3252f,2.1589f,0.366f,0.5232f,0.7696f,2.5809f,-0.0376f,0.8347f,-0.5495f,-0.757f,0f,0f,0f,1f],start_interpolation: 0,interpolation_duration: 1}
$data merge entity $(left_thumb) {transformation: [-0.9299f,0.3252f,-0.1722f,2.4038f,0.366f,0.7696f,-0.5232f,2.7817f,-0.0376f,-0.5495f,-0.8347f,-0.9164f,0f,0f,0f,1f],start_interpolation: 0,interpolation_duration: 1}
$data merge entity $(left_fingers2) {transformation: [0.9424f,-0.2683f,0.1997f,2.1141f,-0.1327f,-0.848f,-0.5131f,2.2993f,0.307f,0.457f,-0.8348f,-0.7858f,0f,0f,0f,1f],start_interpolation: 0,interpolation_duration: 1}
$data merge entity $(left_fingers) {transformation: [0.3092f,0.9298f,0.1997f,2.3718f,0.8414f,-0.1696f,-0.5131f,2.2235f,-0.4432f,0.3267f,-0.8348f,-0.6863f,0f,0f,0f,1f],start_interpolation: 0,interpolation_duration: 1}
$data merge entity $(left_hand) {transformation: [-0.9424f,0.2683f,0.1997f,2.5408f,0.1327f,0.848f,-0.5131f,2.7223f,-0.307f,-0.457f,-0.8348f,-1.0055f,0f,0f,0f,1f],start_interpolation: 0,interpolation_duration: 1}
$data merge entity $(left_forearm) {transformation: [-0.971f,-0.2693f,-0.939f,2.0606f,-0.0368f,1.3331f,-0.3443f,4.7159f,0.9762f,-0.2176f,-0.947f,-1.3271f,0f,0f,0f,1f],start_interpolation: 0,interpolation_duration: 1}
$data merge entity $(left_shoulder) {transformation: [-1.143f,-0.7238f,-0.5653f,0.9659f,-0.9145f,0.9803f,0.5937f,5.7077f,0.0848f,0.8154f,-1.2156f,-0.2767f,0f,0f,0f,1f],start_interpolation: 0,interpolation_duration: 1}
$data merge entity $(left_arm) {transformation: [-0.9791f,-0.0177f,-0.2024f,0.4069f,-0.0424f,0.9921f,0.1181f,5.9722f,0.1987f,0.1242f,-0.9722f,-0.1369f,0f,0f,0f,1f],start_interpolation: 0,interpolation_duration: 1}
$data merge entity $(chest) {transformation: [-1.2519f,-0.0226f,-0.2588f,-0.0015f,-0.0541f,1.2684f,0.151f,4.1658f,0.2541f,0.1588f,-1.2429f,-0.3069f,0f,0f,0f,1f],start_interpolation: 0,interpolation_duration: 1}
$data merge entity $(left_cheek) {transformation: [-0.9997f,-0.0109f,-0.0224f,0.4344f,-0.0121f,0.9985f,0.0539f,3.331f,0.0218f,0.0542f,-0.9983f,-1.3097f,0f,0f,0f,1f],start_interpolation: 0,interpolation_duration: 1}
$data merge entity $(left_foot) {transformation: [-1.0221f,-0.0057f,-0.0249f,0.8073f,-0.0124f,0.9812f,0.2868f,-3.7526f,0.0223f,0.287f,-0.981f,0.2624f,0f,0f,0f,1f],start_interpolation: 0,interpolation_duration: 1}
$data merge entity $(left_knee) {transformation: [-3.0408f,-0.0181f,-0.0738f,0.8666f,-0.0369f,2.9335f,0.8032f,0.3414f,0.0664f,0.8038f,-2.9329f,1.253f,0f,0f,0f,1f],start_interpolation: 0,interpolation_duration: 1}
$data merge entity $(left_leg) {transformation: [-1.7174f,-0.0411f,-0.0122f,0.7296f,-0.0209f,1.2272f,-1.2021f,2.3418f,0.0375f,-1.2015f,-1.2273f,-0.6344f,0f,0f,0f,1f],start_interpolation: 0,interpolation_duration: 1}
$data merge entity $(right_cheek) {transformation: [-0.9997f,0.0011f,-0.0252f,-0.464f,-0.008f,0.9346f,0.3556f,3.4262f,0.024f,0.3557f,-0.9343f,-1.1856f,0f,0f,0f,1f],start_interpolation: 0,interpolation_duration: 1}
$data merge entity $(right_foot) {transformation: [-1.022f,0.008f,-0.0245f,-0.7195f,-0.0081f,0.8227f,0.6069f,-3.8563f,0.0245f,0.6069f,-0.8224f,-4.1065f,0f,0f,0f,1f],start_interpolation: 0,interpolation_duration: 1}
$data merge entity $(right_knee) {transformation: [-3.0408f,0.015f,-0.0753f,-0.7891f,-0.0242f,2.6433f,1.5048f,-0.1371f,0.0729f,1.5049f,-2.6423f,-2.1296f,0f,0f,0f,1f],start_interpolation: 0,interpolation_duration: 1}
$data merge entity $(right_leg) {transformation: [-1.7174f,0.0077f,-0.0427f,-0.7041f,-0.0137f,1.5085f,0.8219f,2.2561f,0.0411f,0.822f,-1.508f,-0.7702f,0f,0f,0f,1f],start_interpolation: 0,interpolation_duration: 1}
$data merge entity $(weist) {transformation: [-1.6218f,0f,-0.0419f,-0.0015f,-0.0087f,1.5867f,0.3381f,3.8477f,0.041f,0.3382f,-1.5862f,-0.6719f,0f,0f,0f,1f],start_interpolation: 0,interpolation_duration: 1}
data modify storage animated_java:temp entry.data merge value {"locators":{"consume":{"px":-0.4917040581,"py":4.5173405617,"pz":2.4354884638,"ry":200.7092021828,"rx":-40.1993502917}}}
# Data Manager: Prepare for Read / Write
execute store result storage animated_java:temp args.id int 1 run scoreboard players get @s aj.id
# Data Manager: Write
function animated_java:global/data_manager/write with storage animated_java:temp args