# This file was generated by Animated Java via MC-Build. It is not recommended to edit this file directly.
$data merge entity $(neck) {transformation: [-0.9999f,-0.0122f,0.0005f,-0.0237f,-0.012f,0.9926f,0.1206f,5.9782f,-0.002f,0.1205f,-0.9927f,-0.0842f,0f,0f,0f,1f],start_interpolation: 0,interpolation_duration: 1}
$data merge entity $(right_thumb_2) {transformation: [-0.0524f,0.2285f,-0.9721f,-1.1765f,0.8837f,0.464f,0.0615f,4.0344f,0.4651f,-0.8559f,-0.2263f,1.6651f,0f,0f,0f,1f],start_interpolation: 0,interpolation_duration: 1}
$data merge entity $(right_thumb) {transformation: [-0.0524f,-0.9721f,-0.2285f,-1.4938f,0.8837f,0.0615f,-0.464f,4.1917f,0.4651f,-0.2263f,0.8559f,1.6492f,0f,0f,0f,1f],start_interpolation: 0,interpolation_duration: 1}
$data merge entity $(right_fingers2) {transformation: [0.4023f,0.7384f,-0.5413f,-1.066f,-0.763f,-0.0563f,-0.6439f,3.9802f,-0.5059f,0.6721f,0.5407f,1.9746f,0f,0f,0f,1f],start_interpolation: 0,interpolation_duration: 1}
$data merge entity $(right_fingers) {transformation: [0.7552f,-0.3697f,-0.5413f,-1.154f,-0.0896f,0.7599f,-0.6439f,4.1895f,0.6493f,0.5347f,0.5407f,2.1493f,0f,0f,0f,1f],start_interpolation: 0,interpolation_duration: 1}
$data merge entity $(scout) {transformation: [0f,0f,0f,-1.1735f,0f,0f,0f,3.9881f,0f,0f,0f,2.0871f,0f,0f,0f,1f],start_interpolation: 0,interpolation_duration: 1}
$data merge entity $(right_hand) {transformation: [-0.4023f,-0.7384f,-0.5413f,-1.6294f,0.763f,0.0563f,-0.6439f,4.1918f,0.5059f,-0.6721f,0.5407f,1.7579f,0f,0f,0f,1f],start_interpolation: 0,interpolation_duration: 1}
$data merge entity $(right_forearm) {transformation: [-1.3209f,-0.3716f,-0.1196f,-2.1385f,0.1044f,0.0702f,-1.3716f,4.2433f,0.3762f,-1.3244f,-0.0392f,-0.2537f,0f,0f,0f,1f],start_interpolation: 0,interpolation_duration: 1}
$data merge entity $(right_shoulder) {transformation: [-1.2795f,0.7131f,-0.0654f,-1.0091f,0.6819f,1.2543f,0.3342f,5.6243f,0.2185f,0.2612f,-1.4261f,0.0666f,0f,0f,0f,1f],start_interpolation: 0,interpolation_duration: 1}
$data merge entity $(right_arm) {transformation: [-0.9902f,-0.0122f,-0.1394f,-0.4554f,-0.0288f,0.9926f,0.1177f,5.9291f,0.1369f,0.1205f,-0.9832f,0.016f,0f,0f,0f,1f],start_interpolation: 0,interpolation_duration: 1}
$data merge entity $(left_thumb_2) {transformation: [-0.8848f,0.0073f,0.4659f,1.9373f,0.2499f,0.8513f,0.4613f,2.5732f,-0.3933f,0.5246f,-0.7551f,0.4518f,0f,0f,0f,1f],start_interpolation: 0,interpolation_duration: 1}
$data merge entity $(left_thumb) {transformation: [-0.8848f,0.4659f,-0.0073f,2.2185f,0.2499f,0.4613f,-0.8513f,2.6966f,-0.3933f,-0.7551f,-0.5246f,0.2745f,0f,0f,0f,1f],start_interpolation: 0,interpolation_duration: 1}
$data merge entity $(left_fingers2) {transformation: [0.8982f,-0.355f,0.2594f,1.8937f,-0.0214f,-0.6245f,-0.7807f,2.296f,0.4392f,0.6956f,-0.5685f,0.5347f,0f,0f,0f,1f],start_interpolation: 0,interpolation_duration: 1}
$data merge entity $(left_fingers) {transformation: [0.3939f,0.8818f,0.2594f,2.1358f,0.623f,-0.0486f,-0.7807f,2.2588f,-0.6758f,0.4691f,-0.5685f,0.6833f,0f,0f,0f,1f],start_interpolation: 0,interpolation_duration: 1}
$data merge entity $(left_hand) {transformation: [-0.8982f,0.355f,0.2594f,2.3608f,0.0214f,0.6245f,-0.7807f,2.608f,-0.4392f,-0.6956f,-0.5685f,0.2287f,0f,0f,0f,1f],start_interpolation: 0,interpolation_duration: 1}
$data merge entity $(left_forearm) {transformation: [-1.1991f,-0.1499f,-0.661f,2.0612f,0.2268f,1.1771f,-0.6783f,4.3654f,0.6387f,-0.6994f,-1f,-0.8344f,0f,0f,0f,1f],start_interpolation: 0,interpolation_duration: 1}
$data merge entity $(left_shoulder) {transformation: [-1.2498f,-0.6858f,-0.3428f,0.9841f,-0.7554f,1.2136f,0.3261f,5.6823f,0.1312f,0.4546f,-1.3878f,-0.209f,0f,0f,0f,1f],start_interpolation: 0,interpolation_duration: 1}
$data merge entity $(left_arm) {transformation: [-0.9902f,-0.0122f,-0.1394f,0.421f,-0.0288f,0.9926f,0.1177f,5.9546f,0.1369f,0.1205f,-0.9832f,-0.1052f,0f,0f,0f,1f],start_interpolation: 0,interpolation_duration: 1}
$data merge entity $(chest) {transformation: [-1.266f,-0.0156f,-0.1782f,0f,-0.0368f,1.2691f,0.1505f,4.1532f,0.175f,0.1541f,-1.2571f,-0.2963f,0f,0f,0f,1f],start_interpolation: 0,interpolation_duration: 1}
$data merge entity $(left_cheek) {transformation: [-1f,0f,0f,0.4559f,0f,0.9977f,0.0676f,3.3263f,0f,0.0676f,-0.9977f,-1.2087f,0f,0f,0f,1f],start_interpolation: 0,interpolation_duration: 1}
$data merge entity $(left_foot) {transformation: [-1.0224f,0f,0f,0.7131f,0f,1.0155f,-0.118f,-3.7882f,0f,-0.118f,-1.0155f,1.5017f,0f,0f,0f,1f],start_interpolation: 0,interpolation_duration: 1}
$data merge entity $(left_knee) {transformation: [-3.0417f,0f,0f,0.8004f,0f,3.0414f,0.0465f,0.423f,0f,0.0465f,-3.0414f,1.4416f,0f,0f,0f,1f],start_interpolation: 0,interpolation_duration: 1}
$data merge entity $(left_leg) {transformation: [-1.718f,0f,0f,0.7289f,0f,1.1907f,-1.2384f,2.3669f,0f,-1.2384f,-1.1907f,-0.5075f,0f,0f,0f,1f],start_interpolation: 0,interpolation_duration: 1}
$data merge entity $(right_cheek) {transformation: [-1f,0f,0f,-0.4498f,0f,0.9109f,0.4127f,3.4128f,0f,0.4127f,-0.9109f,-1.1802f,0f,0f,0f,1f],start_interpolation: 0,interpolation_duration: 1}
$data merge entity $(right_foot) {transformation: [-1.0224f,0f,0f,-0.6839f,0f,0.6486f,0.7903f,-3.3818f,0f,0.7903f,-0.6486f,-5.055f,0f,0f,0f,1f],start_interpolation: 0,interpolation_duration: 1}
$data merge entity $(right_knee) {transformation: [-3.0417f,0f,0f,-0.7712f,0f,2.3513f,1.9297f,-0.0486f,0f,1.9297f,-2.3513f,-2.4806f,0f,0f,0f,1f],start_interpolation: 0,interpolation_duration: 1}
$data merge entity $(right_leg) {transformation: [-1.718f,0f,0f,-0.6997f,0f,1.4179f,0.97f,2.1946f,0f,0.97f,-1.4179f,-0.8851f,0f,0f,0f,1f],start_interpolation: 0,interpolation_duration: 1}
$data merge entity $(weist) {transformation: [-1.6223f,0f,0f,0f,0f,1.5876f,0.3338f,3.8341f,0f,0.3338f,-1.5876f,-0.6604f,0f,0f,0f,1f],start_interpolation: 0,interpolation_duration: 1}
data modify storage animated_java:temp entry.data merge value {"locators":{"consume":{"px":-1.0161066113,"py":3.9661121371,"pz":2.1472378132,"ry":225.0303047927,"rx":-40.0830282195}}}
# Data Manager: Prepare for Read / Write
execute store result storage animated_java:temp args.id int 1 run scoreboard players get @s aj.id
# Data Manager: Write
function animated_java:global/data_manager/write with storage animated_java:temp args