# This file was generated by Animated Java via MC-Build. It is not recommended to edit this file directly.
$data merge entity $(neck) {transformation: [-1f,-0.0055f,0.0002f,-0.0093f,-0.0054f,0.9924f,0.1226f,5.9698f,-0.0009f,0.1226f,-0.9925f,-0.081f,0f,0f,0f,1f],start_interpolation: 0,interpolation_duration: 1}
$data merge entity $(right_thumb_2) {transformation: [0.0329f,0.3515f,-0.9356f,-1.5328f,0.528f,0.7887f,0.3149f,3.3134f,0.8486f,-0.5044f,-0.1596f,0.8241f,0f,0f,0f,1f],start_interpolation: 0,interpolation_duration: 1}
$data merge entity $(right_thumb) {transformation: [0.0329f,-0.9356f,-0.3515f,-1.824f,0.528f,0.3149f,-0.7887f,3.5041f,0.8486f,-0.1596f,0.5044f,0.8914f,0f,0f,0f,1f],start_interpolation: 0,interpolation_duration: 1}
$data merge entity $(right_fingers2) {transformation: [0.3321f,0.6724f,-0.6615f,-1.4538f,-0.4585f,-0.4978f,-0.7362f,3.0953f,-0.8243f,0.5478f,0.143f,1.0631f,0f,0f,0f,1f],start_interpolation: 0,interpolation_duration: 1}
$data merge entity $(right_fingers) {transformation: [0.6862f,-0.3025f,-0.6615f,-1.5255f,-0.5173f,0.4364f,-0.7362f,3.1997f,0.5113f,0.8474f,0.143f,1.32f,0f,0f,0f,1f],start_interpolation: 0,interpolation_duration: 1}
$data merge entity $(scout) {transformation: [0f,0f,0f,-1.5673f,0f,0f,0f,3.0622f,0f,0f,0f,1.1646f,0f,0f,0f,1f],start_interpolation: 0,interpolation_duration: 1}
$data merge entity $(right_hand) {transformation: [-0.3321f,-0.6724f,-0.6615f,-1.966f,0.4585f,0.4978f,-0.7362f,3.4706f,0.8243f,-0.5478f,0.143f,0.9858f,0f,0f,0f,1f],start_interpolation: 0,interpolation_duration: 1}
$data merge entity $(right_forearm) {transformation: [-1.3537f,-0.2453f,-0.0658f,-2.2815f,-0.0815f,0.7576f,-1.1474f,4.5732f,0.2406f,-1.1238f,-0.7591f,-0.7443f,0f,0f,0f,1f],start_interpolation: 0,interpolation_duration: 1}
$data merge entity $(right_shoulder) {transformation: [-1.1746f,0.855f,0.1976f,-1.0087f,0.8494f,1.0247f,0.6152f,5.6315f,0.2207f,0.6073f,-1.3162f,-0.006f,0f,0f,0f,1f],start_interpolation: 0,interpolation_duration: 1}
$data merge entity $(right_arm) {transformation: [-0.998f,-0.0055f,-0.0631f,-0.448f,-0.0132f,0.9924f,0.122f,5.9275f,0.0619f,0.1226f,-0.9905f,-0.0138f,0f,0f,0f,1f],start_interpolation: 0,interpolation_duration: 1}
$data merge entity $(left_thumb_2) {transformation: [-0.8047f,-0.0359f,0.5926f,1.5136f,-0.0145f,0.9991f,0.0409f,2.9439f,-0.5935f,0.0243f,-0.8045f,1.511f,0f,0f,0f,1f],start_interpolation: 0,interpolation_duration: 1}
$data merge entity $(left_thumb) {transformation: [-0.8047f,0.5926f,0.0359f,1.8231f,-0.0145f,0.0409f,-0.9991f,2.9733f,-0.5935f,-0.8045f,-0.0243f,1.3406f,0f,0f,0f,1f],start_interpolation: 0,interpolation_duration: 1}
$data merge entity $(left_fingers2) {transformation: [0.8701f,-0.4371f,0.2275f,1.4556f,0.111f,-0.2759f,-0.9547f,2.7268f,0.4801f,0.856f,-0.1915f,1.7119f,0f,0f,0f,1f],start_interpolation: 0,interpolation_duration: 1}
$data merge entity $(left_fingers) {transformation: [0.4747f,0.8503f,0.2275f,1.6861f,0.2805f,0.0989f,-0.9547f,2.7401f,-0.8343f,0.517f,-0.1915f,1.8813f,0f,0f,0f,1f],start_interpolation: 0,interpolation_duration: 1}
$data merge entity $(left_hand) {transformation: [-0.8701f,0.4371f,0.2275f,1.9603f,-0.111f,0.2759f,-0.9547f,2.8668f,-0.4801f,-0.856f,-0.1915f,1.3447f,0f,0f,0f,1f],start_interpolation: 0,interpolation_duration: 1}
$data merge entity $(left_forearm) {transformation: [-1.3046f,0.048f,-0.4393f,1.9624f,0.373f,0.854f,-1.0143f,4.1315f,0.237f,-1.0796f,-0.8218f,-0.3013f,0f,0f,0f,1f],start_interpolation: 0,interpolation_duration: 1}
$data merge entity $(left_shoulder) {transformation: [-1.3403f,-0.5718f,-0.1627f,1.0003f,-0.5769f,1.3479f,0.0149f,5.6581f,0.1437f,0.0777f,-1.4571f,-0.1307f,0f,0f,0f,1f],start_interpolation: 0,interpolation_duration: 1}
$data merge entity $(left_arm) {transformation: [-0.998f,-0.0055f,-0.0631f,0.4353f,-0.0132f,0.9924f,0.122f,5.9391f,0.0619f,0.1226f,-0.9905f,-0.0686f,0f,0f,0f,1f],start_interpolation: 0,interpolation_duration: 1}
$data merge entity $(chest) {transformation: [-1.276f,-0.0071f,-0.0806f,0.0015f,-0.0169f,1.2689f,0.156f,4.1452f,0.0792f,0.1567f,-1.2664f,-0.2969f,0f,0f,0f,1f],start_interpolation: 0,interpolation_duration: 1}
$data merge entity $(left_cheek) {transformation: [-0.9997f,0.007f,0.0243f,0.4719f,0.008f,0.9991f,0.0415f,3.2884f,-0.024f,0.0417f,-0.9988f,-1.2067f,0f,0f,0f,1f],start_interpolation: 0,interpolation_duration: 1}
$data merge entity $(left_foot) {transformation: [-1.022f,0.0181f,0.0184f,0.5905f,0.0081f,0.9174f,-0.4513f,-3.6562f,-0.0245f,-0.451f,-0.9172f,2.4678f,0f,0f,0f,1f],start_interpolation: 0,interpolation_duration: 1}
$data merge entity $(left_knee) {transformation: [-3.0408f,0.0377f,0.0669f,0.7327f,0.0242f,2.9857f,-0.5808f,0.4516f,-0.0729f,-0.5801f,-2.985f,1.5449f,0f,0f,0f,1f],start_interpolation: 0,interpolation_duration: 1}
$data merge entity $(left_leg) {transformation: [-1.7174f,0.0391f,0.0187f,0.7234f,0.0137f,1.1908f,-1.2383f,2.3962f,-0.0411f,-1.2377f,-1.1907f,-0.4048f,0f,0f,0f,1f],start_interpolation: 0,interpolation_duration: 1}
$data merge entity $(right_cheek) {transformation: [-0.9997f,0.0011f,0.0249f,-0.4257f,0.0121f,0.8945f,0.4469f,3.4079f,-0.0218f,0.4471f,-0.8942f,-1.1913f,0f,0f,0f,1f],start_interpolation: 0,interpolation_duration: 1}
$data merge entity $(right_foot) {transformation: [-1.0221f,-0.0164f,0.0196f,-0.6401f,0.0124f,0.3666f,0.9543f,-2.9067f,-0.0223f,0.9542f,-0.3663f,-5.6068f,0f,0f,0f,1f],start_interpolation: 0,interpolation_duration: 1}
$data merge entity $(right_knee) {transformation: [-3.0408f,-0.0289f,0.0703f,-0.7644f,0.0369f,1.8973f,2.3772f,-0.1824f,-0.0664f,2.3773f,-1.8964f,-2.3961f,0f,0f,0f,1f],start_interpolation: 0,interpolation_duration: 1}
$data merge entity $(right_leg) {transformation: [-1.7174f,-0.0009f,0.0429f,-0.6957f,0.0209f,1.4832f,0.8666f,2.1675f,-0.0375f,0.8669f,-1.4827f,-0.9623f,0f,0f,0f,1f],start_interpolation: 0,interpolation_duration: 1}
$data merge entity $(weist) {transformation: [-1.6218f,0f,0.0419f,0.0015f,0.0087f,1.5867f,0.3381f,3.827f,-0.041f,0.3382f,-1.5862f,-0.6618f,0f,0f,0f,1f],start_interpolation: 0,interpolation_duration: 1}
data modify storage animated_java:temp entry.data merge value {"locators":{"consume":{"px":-1.4191646304,"py":2.9892213988,"pz":1.2046101773,"ry":257.8052794395,"rx":-47.406548023}}}
# Data Manager: Prepare for Read / Write
execute store result storage animated_java:temp args.id int 1 run scoreboard players get @s aj.id
# Data Manager: Write
function animated_java:global/data_manager/write with storage animated_java:temp args