# This file was generated by Animated Java via MC-Build. It is not recommended to edit this file directly.
$data merge entity $(neck) {transformation: [-1f,0.0016f,-0.0001f,0.0031f,0.0016f,0.9914f,0.1305f,5.9852f,0.0003f,0.1305f,-0.9914f,-0.0803f,0f,0f,0f,1f],start_interpolation: 0,interpolation_duration: 1}
$data merge entity $(right_thumb_2) {transformation: [-0.0666f,0.4105f,-0.9094f,-1.7226f,-0.0134f,0.911f,0.4122f,3.0277f,0.9977f,0.0396f,-0.0552f,-0.5381f,0f,0f,0f,1f],start_interpolation: 0,interpolation_duration: 1}
$data merge entity $(right_thumb) {transformation: [-0.0666f,-0.9094f,-0.4105f,-2.0193f,-0.0134f,0.4122f,-0.911f,3.1712f,0.9977f,-0.0552f,-0.0396f,-0.4074f,0f,0f,0f,1f],start_interpolation: 0,interpolation_duration: 1}
$data merge entity $(right_fingers2) {transformation: [0.4264f,0.6016f,-0.6755f,-1.6729f,0.0348f,-0.7571f,-0.6524f,2.7108f,-0.9039f,0.2547f,-0.3437f,-0.4486f,0f,0f,0f,1f],start_interpolation: 0,interpolation_duration: 1}
$data merge entity $(right_fingers) {transformation: [0.6197f,-0.3997f,-0.6755f,-1.7743f,-0.7548f,-0.0678f,-0.6524f,2.6654f,0.215f,0.9141f,-0.3437f,-0.1845f,0f,0f,0f,1f],start_interpolation: 0,interpolation_duration: 1}
$data merge entity $(scout) {transformation: [0f,0f,0f,-1.7978f,0f,0f,0f,2.6359f,0f,0f,0f,-0.3928f,0f,0f,0f,1f],start_interpolation: 0,interpolation_duration: 1}
$data merge entity $(right_hand) {transformation: [-0.4264f,-0.6016f,-0.6755f,-2.1716f,-0.0348f,0.7571f,-0.6524f,3.1017f,0.9039f,-0.2547f,-0.3437f,-0.3607f,0f,0f,0f,1f],start_interpolation: 0,interpolation_duration: 1}
$data merge entity $(right_forearm) {transformation: [-1.3552f,-0.1101f,0.2201f,-2.273f,-0.1855f,1.2664f,-0.5089f,4.9981f,-0.1617f,-0.5303f,-1.2608f,-1.1985f,0f,0f,0f,1f],start_interpolation: 0,interpolation_duration: 1}
$data merge entity $(right_shoulder) {transformation: [-1.0607f,0.8782f,0.5036f,-1.0047f,0.9858f,0.7304f,0.8028f,5.664f,0.23f,0.9193f,-1.1188f,-0.088f,0f,0f,0f,1f],start_interpolation: 0,interpolation_duration: 1}
$data merge entity $(right_arm) {transformation: [-0.9998f,0.0016f,0.0181f,-0.4402f,0.0039f,0.9914f,0.1305f,5.9501f,-0.0177f,0.1305f,-0.9913f,-0.0486f,0f,0f,0f,1f],start_interpolation: 0,interpolation_duration: 1}
$data merge entity $(left_thumb_2) {transformation: [-0.7566f,0.0128f,0.6538f,1.0412f,-0.3029f,0.8792f,-0.3677f,3.5695f,-0.5795f,-0.4762f,-0.6613f,2.2102f,0f,0f,0f,1f],start_interpolation: 0,interpolation_duration: 1}
$data merge entity $(left_thumb) {transformation: [-0.7566f,0.6538f,-0.0128f,1.3639f,-0.3029f,-0.3677f,-0.8792f,3.5085f,-0.5795f,-0.6613f,0.4762f,2.0767f,0f,0f,0f,1f],start_interpolation: 0,interpolation_duration: 1}
$data merge entity $(left_fingers2) {transformation: [0.8712f,-0.4749f,0.1243f,0.9673f,0.2071f,0.126f,-0.9702f,3.4642f,0.445f,0.871f,0.2082f,2.4943f,0f,0f,0f,1f],start_interpolation: 0,interpolation_duration: 1}
$data merge entity $(left_fingers) {transformation: [0.5124f,0.8497f,0.1243f,1.1959f,-0.1169f,0.2124f,-0.9702f,3.5209f,-0.8507f,0.4826f,0.2082f,2.6573f,0f,0f,0f,1f],start_interpolation: 0,interpolation_duration: 1}
$data merge entity $(left_hand) {transformation: [-0.8712f,0.4749f,0.1243f,1.4887f,-0.2071f,-0.126f,-0.9702f,3.3996f,-0.445f,-0.871f,0.2082f,2.1293f,0f,0f,0f,1f],start_interpolation: 0,interpolation_duration: 1}
$data merge entity $(left_forearm) {transformation: [-1.3161f,0.2492f,-0.3206f,1.7977f,0.3875f,0.4455f,-1.2444f,4.0413f,-0.1215f,-1.2793f,-0.4958f,0.1797f,0f,0f,0f,1f],start_interpolation: 0,interpolation_duration: 1}
$data merge entity $(left_shoulder) {transformation: [-1.4047f,-0.4169f,-0.0536f,1.0079f,-0.4001f,1.3834f,-0.2758f,5.6561f,0.129f,-0.2496f,-1.4391f,-0.0523f,0f,0f,0f,1f],start_interpolation: 0,interpolation_duration: 1}
$data merge entity $(left_arm) {transformation: [-0.9998f,0.0016f,0.0181f,0.4447f,0.0039f,0.9914f,0.1305f,5.9467f,-0.0177f,0.1305f,-0.9913f,-0.0329f,0f,0f,0f,1f],start_interpolation: 0,interpolation_duration: 1}
$data merge entity $(chest) {transformation: [-1.2783f,0.002f,0.0231f,0f,0.005f,1.2676f,0.1668f,4.1624f,-0.0227f,0.1669f,-1.2674f,-0.3108f,0f,0f,0f,1f],start_interpolation: 0,interpolation_duration: 1}
$data merge entity $(left_cheek) {transformation: [-0.9988f,0.0115f,0.0474f,0.4813f,0.0136f,0.9989f,0.0444f,3.2963f,-0.0469f,0.045f,-0.9979f,-1.2133f,0f,0f,0f,1f],start_interpolation: 0,interpolation_duration: 1}
$data merge entity $(left_foot) {transformation: [-1.0212f,0.0376f,0.0328f,0.4719f,0.0139f,0.8599f,-0.5528f,-3.6124f,-0.0479f,-0.5517f,-0.8594f,2.6697f,0f,0f,0f,1f],start_interpolation: 0,interpolation_duration: 1}
$data merge entity $(left_knee) {transformation: [-3.0381f,0.0741f,0.1287f,0.6669f,0.0414f,2.9543f,-0.7231f,0.4456f,-0.1426f,-0.7204f,-2.9517f,1.556f,0f,0f,0f,1f],start_interpolation: 0,interpolation_duration: 1}
$data merge entity $(left_leg) {transformation: [-1.7159f,0.0731f,0.0411f,0.7114f,0.0234f,1.2262f,-1.203f,2.4463f,-0.0805f,-1.201f,-1.2257f,-0.3356f,0f,0f,0f,1f],start_interpolation: 0,interpolation_duration: 1}
$data merge entity $(right_cheek) {transformation: [-0.9988f,0.0112f,0.047f,-0.402f,0.0277f,0.9294f,0.3681f,3.4532f,-0.0396f,0.369f,-0.9286f,-1.2242f,0f,0f,0f,1f],start_interpolation: 0,interpolation_duration: 1}
$data merge entity $(right_foot) {transformation: [-1.0212f,-0.0414f,0.0269f,-0.6127f,0.0283f,-0.0343f,1.0214f,-2.2116f,-0.0404f,1.021f,0.0354f,-5.787f,0f,0f,0f,1f],start_interpolation: 0,interpolation_duration: 1}
$data merge entity $(right_knee) {transformation: [-3.0382f,-0.0762f,0.1256f,-0.8003f,0.0843f,1.2254f,2.7827f,-0.3994f,-0.1203f,2.7829f,-1.2219f,-1.9889f,0f,0f,0f,1f],start_interpolation: 0,interpolation_duration: 1}
$data merge entity $(right_leg) {transformation: [-1.716f,0.0227f,0.0798f,-0.6949f,0.0476f,1.6227f,0.5622f,2.1818f,-0.068f,0.5637f,-1.6214f,-1.0354f,0f,0f,0f,1f],start_interpolation: 0,interpolation_duration: 1}
$data merge entity $(weist) {transformation: [-1.6203f,0f,0.0804f,0f,0.0174f,1.5839f,0.3507f,3.8472f,-0.0785f,0.3511f,-1.5819f,-0.6783f,0f,0f,0f,1f],start_interpolation: 0,interpolation_duration: 1}
data modify storage animated_java:temp entry.data merge value {"locators":{"consume":{"px":-1.6555699768,"py":2.5433026773,"pz":-0.3842903839,"ry":296.9689359076,"rx":-40.7229614747}}}
# Data Manager: Prepare for Read / Write
execute store result storage animated_java:temp args.id int 1 run scoreboard players get @s aj.id
# Data Manager: Write
function animated_java:global/data_manager/write with storage animated_java:temp args