# This file was generated by Animated Java via MC-Build. It is not recommended to edit this file directly.
$data merge entity $(neck) {transformation: [-1f,0.0083f,-0.0004f,0.0058f,0.0082f,0.9871f,0.1597f,6.0619f,0.0017f,0.1597f,-0.9872f,-0.0874f,0f,0f,0f,1f],start_interpolation: 0,interpolation_duration: 1}
$data merge entity $(right_thumb_2) {transformation: [-0.4522f,0.4324f,-0.7801f,-1.9992f,-0.3425f,0.7234f,0.5995f,3.3375f,0.8235f,0.5383f,-0.1791f,-1.6889f,0f,0f,0f,1f],start_interpolation: 0,interpolation_duration: 1}
$data merge entity $(right_thumb) {transformation: [-0.4522f,-0.7801f,-0.4324f,-2.3111f,-0.3425f,0.5995f,-0.7234f,3.4898f,0.8235f,-0.1791f,-0.5383f,-1.6168f,0f,0f,0f,1f],start_interpolation: 0,interpolation_duration: 1}
$data merge entity $(right_fingers2) {transformation: [0.7471f,0.3928f,-0.5362f,-2.0134f,0.2484f,-0.9132f,-0.323f,3.0067f,-0.6165f,0.1081f,-0.7799f,-1.7247f,0f,0f,0f,1f],start_interpolation: 0,interpolation_duration: 1}
$data merge entity $(right_fingers) {transformation: [0.4251f,-0.7293f,-0.5362f,-2.2132f,-0.9015f,-0.288f,-0.323f,2.8968f,0.0811f,0.6206f,-0.7799f,-1.5512f,0f,0f,0f,1f],start_interpolation: 0,interpolation_duration: 1}
$data merge entity $(scout) {transformation: [0f,0f,0f,-2.1556f,0f,0f,0f,2.9473f,0f,0f,0f,-1.7485f,0f,0f,0f,1f],start_interpolation: 0,interpolation_duration: 1}
$data merge entity $(right_hand) {transformation: [-0.7471f,-0.3928f,-0.5362f,-2.4744f,-0.2484f,0.9132f,-0.323f,3.4447f,0.6165f,-0.1081f,-0.7799f,-1.6552f,0f,0f,0f,1f],start_interpolation: 0,interpolation_duration: 1}
$data merge entity $(right_forearm) {transformation: [-1.1178f,0.17f,0.7867f,-2.1434f,0.1771f,1.3652f,-0.0433f,5.4918f,-0.7851f,0.0661f,-1.1298f,-1.5642f,0f,0f,0f,1f],start_interpolation: 0,interpolation_duration: 1}
$data merge entity $(right_shoulder) {transformation: [-0.9573f,0.7969f,0.7736f,-1.0037f,1.0783f,0.4223f,0.8994f,5.7603f,0.266f,1.1561f,-0.8617f,-0.1806f,0f,0f,0f,1f],start_interpolation: 0,interpolation_duration: 1}
$data merge entity $(right_arm) {transformation: [-0.9954f,0.0083f,0.0954f,-0.4392f,0.0234f,0.9871f,0.1582f,6.0344f,-0.0929f,0.1597f,-0.9828f,-0.0902f,0f,0f,0f,1f],start_interpolation: 0,interpolation_duration: 1}
$data merge entity $(left_thumb_2) {transformation: [-0.7587f,0.0752f,0.6471f,0.6399f,-0.4859f,0.5963f,-0.639f,4.2142f,-0.4339f,-0.7992f,-0.4158f,2.502f,0f,0f,0f,1f],start_interpolation: 0,interpolation_duration: 1}
$data merge entity $(left_thumb) {transformation: [-0.7587f,0.6471f,-0.0752f,0.9616f,-0.4859f,-0.639f,-0.5963f,4.0891f,-0.4339f,-0.4158f,0.7992f,2.4212f,0f,0f,0f,1f],start_interpolation: 0,interpolation_duration: 1}
$data merge entity $(left_fingers2) {transformation: [0.8895f,-0.457f,0.0049f,0.5621f,0.2392f,0.4564f,-0.857f,4.2291f,0.3894f,0.7634f,0.5153f,2.8142f,0f,0f,0f,1f],start_interpolation: 0,interpolation_duration: 1}
$data merge entity $(left_fingers) {transformation: [0.4953f,0.8687f,0.0049f,0.7957f,-0.4456f,0.2589f,-0.857f,4.3092f,-0.7457f,0.4223f,0.5153f,2.9594f,0f,0f,0f,1f],start_interpolation: 0,interpolation_duration: 1}
$data merge entity $(left_hand) {transformation: [-0.8895f,0.457f,0.0049f,1.0721f,-0.2392f,-0.4564f,-0.857f,3.9897f,-0.3894f,-0.7634f,0.5153f,2.5113f,0f,0f,0f,1f],start_interpolation: 0,interpolation_duration: 1}
$data merge entity $(left_forearm) {transformation: [-1.2861f,0.4023f,-0.285f,1.6141f,0.3229f,0.0858f,-1.3362f,4.0838f,-0.3725f,-1.3145f,-0.1745f,0.5098f,0f,0f,0f,1f],start_interpolation: 0,interpolation_duration: 1}
$data merge entity $(left_shoulder) {transformation: [-1.442f,-0.2655f,-0.008f,1f,-0.2487f,1.365f,-0.4742f,5.7131f,0.0933f,-0.465f,-1.3874f,0.0064f,0f,0f,0f,1f],start_interpolation: 0,interpolation_duration: 1}
$data merge entity $(left_arm) {transformation: [-0.9954f,0.0083f,0.0954f,0.4419f,0.0234f,0.9871f,0.1582f,6.0136f,-0.0929f,0.1597f,-0.9828f,-0.008f,0f,0f,0f,1f],start_interpolation: 0,interpolation_duration: 1}
$data merge entity $(chest) {transformation: [-1.2727f,0.0107f,0.122f,-0.0104f,0.03f,1.2621f,0.2022f,4.2467f,-0.1188f,0.2042f,-1.2565f,-0.3715f,0f,0f,0f,1f],start_interpolation: 0,interpolation_duration: 1}
$data merge entity $(left_cheek) {transformation: [-0.9976f,0.0123f,0.0674f,0.478f,0.0188f,0.9952f,0.0963f,3.4133f,-0.0659f,0.0974f,-0.9931f,-1.2814f,0f,0f,0f,1f],start_interpolation: 0,interpolation_duration: 1}
$data merge entity $(left_foot) {transformation: [-1.02f,0.0515f,0.0475f,0.3795f,0.0192f,0.8722f,-0.533f,-3.6863f,-0.0674f,-0.5308f,-0.8712f,2.304f,0f,0f,0f,1f],start_interpolation: 0,interpolation_duration: 1}
$data merge entity $(left_knee) {transformation: [-3.0346f,0.0956f,0.1852f,0.6065f,0.0572f,2.9809f,-0.6025f,0.4131f,-0.2005f,-0.5976f,-2.9757f,1.361f,0f,0f,0f,1f],start_interpolation: 0,interpolation_duration: 1}
$data merge entity $(left_leg) {transformation: [-1.7139f,0.0974f,0.0661f,0.6894f,0.0323f,1.3164f,-1.1034f,2.5556f,-0.1132f,-1.0996f,-1.3151f,-0.3668f,0f,0f,0f,1f],start_interpolation: 0,interpolation_duration: 1}
$data merge entity $(right_cheek) {transformation: [-0.9977f,0.0243f,0.0636f,-0.3915f,0.0443f,0.9409f,0.3359f,3.4834f,-0.0517f,0.3379f,-0.9398f,-1.3702f,0f,0f,0f,1f],start_interpolation: 0,interpolation_duration: 1}
$data merge entity $(right_foot) {transformation: [-1.02f,-0.067f,0.0189f,-0.6139f,0.0453f,-0.4288f,0.927f,-1.1995f,-0.0528f,0.9257f,0.4308f,-5.6234f,0f,0f,0f,1f],start_interpolation: 0,interpolation_duration: 1}
$data merge entity $(right_knee) {transformation: [-3.0347f,-0.1352f,0.1569f,-0.8817f,0.1348f,0.4589f,3.0039f,-0.4376f,-0.1572f,3.0039f,-0.4519f,-1.489f,0f,0f,0f,1f],start_interpolation: 0,interpolation_duration: 1}
$data merge entity $(right_leg) {transformation: [-1.714f,0.0672f,0.0957f,-0.7055f,0.0762f,1.7084f,0.1638f,2.2914f,-0.0888f,0.1677f,-1.7075f,-1.1666f,0f,0f,0f,1f],start_interpolation: 0,interpolation_duration: 1}
$data merge entity $(weist) {transformation: [-1.6185f,0f,0.112f,-0.0104f,0.0274f,1.573f,0.3961f,3.9424f,-0.1086f,0.3971f,-1.5692f,-0.7481f,0f,0f,0f,1f],start_interpolation: 0,interpolation_duration: 1}
data modify storage animated_java:temp entry.data merge value {"locators":{"consume":{"px":-2.0357536826,"py":2.8279939421,"pz":-1.732038098,"ry":325.4917077452,"rx":-18.8434557352}}}
# Data Manager: Prepare for Read / Write
execute store result storage animated_java:temp args.id int 1 run scoreboard players get @s aj.id
# Data Manager: Write
function animated_java:global/data_manager/write with storage animated_java:temp args