# This file was generated by Animated Java via MC-Build. It is not recommended to edit this file directly.
$data merge entity $(neck) {transformation: [-0.9999f,0.014f,-0.0006f,0.003f,0.0136f,0.98f,0.1986f,5.9383f,0.0034f,0.1986f,-0.9801f,-0.0991f,0f,0f,0f,1f],start_interpolation: 0,interpolation_duration: 1}
$data merge entity $(right_thumb_2) {transformation: [-0.8218f,0.1366f,-0.5531f,-1.8136f,-0.4527f,0.4327f,0.7796f,3.6923f,0.3459f,0.8911f,-0.2938f,-2.6096f,0f,0f,0f,1f],start_interpolation: 0,interpolation_duration: 1}
$data merge entity $(right_thumb) {transformation: [-0.8218f,-0.5531f,-0.1366f,-2.1115f,-0.4527f,0.7796f,-0.4327f,3.8821f,0.3459f,-0.2938f,-0.8911f,-2.6403f,0f,0f,0f,1f],start_interpolation: 0,interpolation_duration: 1}
$data merge entity $(right_fingers2) {transformation: [0.9671f,0.2397f,-0.0848f,-1.824f,0.2431f,-0.9695f,0.0318f,3.3959f,-0.0746f,-0.0514f,-0.9959f,-2.7612f,0f,0f,0f,1f],start_interpolation: 0,interpolation_duration: 1}
$data merge entity $(right_fingers) {transformation: [0.2817f,-0.9558f,-0.0848f,-2.089f,-0.958f,-0.2851f,0.0318f,3.2879f,-0.0546f,0.0722f,-0.9959f,-2.7494f,0f,0f,0f,1f],start_interpolation: 0,interpolation_duration: 1}
$data merge entity $(scout) {transformation: [0f,0f,0f,-1.9374f,0f,0f,0f,3.3778f,0f,0f,0f,-2.8666f,0f,0f,0f,1f],start_interpolation: 0,interpolation_duration: 1}
$data merge entity $(right_hand) {transformation: [-0.9671f,-0.2397f,-0.0848f,-2.2352f,-0.2431f,0.9695f,0.0318f,3.886f,0.0746f,0.0514f,-0.9959f,-2.7623f,0f,0f,0f,1f],start_interpolation: 0,interpolation_duration: 1}
$data merge entity $(right_forearm) {transformation: [-0.4793f,0.1284f,1.2849f,-1.9752f,0.6249f,1.2224f,0.111f,5.7049f,-1.13f,0.6216f,-0.4836f,-1.7968f,0f,0f,0f,1f],start_interpolation: 0,interpolation_duration: 1}
$data merge entity $(right_shoulder) {transformation: [-0.8839f,0.6762f,0.9547f,-1.0033f,1.1275f,0.1733f,0.9212f,5.6593f,0.312f,1.2894f,-0.6245f,-0.2675f,0f,0f,0f,1f],start_interpolation: 0,interpolation_duration: 1}
$data merge entity $(right_arm) {transformation: [-0.9869f,0.014f,0.1604f,-0.4413f,0.0454f,0.98f,0.1938f,5.9192f,-0.1545f,0.1986f,-0.9678f,-0.131f,0f,0f,0f,1f],start_interpolation: 0,interpolation_duration: 1}
$data merge entity $(left_thumb_2) {transformation: [-0.7798f,0.1138f,0.6157f,0.351f,-0.5552f,0.329f,-0.7639f,4.4663f,-0.2895f,-0.9374f,-0.1934f,2.5399f,0f,0f,0f,1f],start_interpolation: 0,interpolation_duration: 1}
$data merge entity $(left_thumb) {transformation: [-0.7798f,0.6157f,-0.1138f,0.6663f,-0.5552f,-0.7639f,-0.329f,4.3075f,-0.2895f,-0.1934f,0.9374f,2.5073f,0f,0f,0f,1f],start_interpolation: 0,interpolation_duration: 1}
$data merge entity $(left_fingers2) {transformation: [0.9037f,-0.4192f,-0.0866f,0.2776f,0.2374f,0.659f,-0.7137f,4.5701f,0.3563f,0.6244f,0.6951f,2.8444f,0f,0f,0f,1f],start_interpolation: 0,interpolation_duration: 1}
$data merge entity $(left_fingers) {transformation: [0.4583f,0.8846f,-0.0866f,0.5161f,-0.6481f,0.2659f,-0.7137f,4.6589f,-0.6083f,0.3832f,0.6951f,2.9759f,0f,0f,0f,1f],start_interpolation: 0,interpolation_duration: 1}
$data merge entity $(left_hand) {transformation: [-0.9037f,0.4192f,-0.0866f,0.7653f,-0.2374f,-0.659f,-0.7137f,4.2214f,-0.3563f,-0.6244f,0.6951f,2.6213f,0f,0f,0f,1f],start_interpolation: 0,interpolation_duration: 1}
$data merge entity $(left_forearm) {transformation: [-1.25f,0.5025f,-0.2864f,1.4597f,0.244f,-0.1604f,-1.3461f,3.941f,-0.5245f,-1.2723f,0.0565f,0.6854f,0f,0f,0f,1f],start_interpolation: 0,interpolation_duration: 1}
$data merge entity $(left_shoulder) {transformation: [-1.4586f,-0.1493f,0.0072f,0.9834f,-0.1402f,1.3423f,-0.573f,5.5678f,0.0518f,-0.5707f,-1.3496f,0.0435f,0f,0f,0f,1f],start_interpolation: 0,interpolation_duration: 1}
$data merge entity $(left_arm) {transformation: [-0.9869f,0.014f,0.1604f,0.4323f,0.0454f,0.98f,0.1938f,5.879f,-0.1545f,0.1986f,-0.9678f,0.0057f,0f,0f,0f,1f],start_interpolation: 0,interpolation_duration: 1}
$data merge entity $(chest) {transformation: [-1.2619f,0.0179f,0.2051f,-0.0243f,0.0581f,1.253f,0.2478f,4.1359f,-0.1975f,0.2539f,-1.2374f,-0.4547f,0f,0f,0f,1f],start_interpolation: 0,interpolation_duration: 1}
$data merge entity $(left_cheek) {transformation: [-0.9966f,0.0084f,0.0817f,0.4673f,0.0238f,0.9815f,0.19f,3.3746f,-0.0786f,0.1913f,-0.9784f,-1.3775f,0f,0f,0f,1f],start_interpolation: 0,interpolation_duration: 1}
$data merge entity $(left_foot) {transformation: [-1.0189f,0.0517f,0.0661f,0.3397f,0.0244f,0.953f,-0.3693f,-4.0514f,-0.0803f,-0.3665f,-0.951f,1.503f,0f,0f,0f,1f],start_interpolation: 0,interpolation_duration: 1}
$data merge entity $(left_knee) {transformation: [-3.0315f,0.0948f,0.2311f,0.5673f,0.0725f,3.027f,-0.2903f,0.124f,-0.239f,-0.2838f,-3.019f,0.9935f,0f,0f,0f,1f],start_interpolation: 0,interpolation_duration: 1}
$data merge entity $(left_leg) {transformation: [-1.7122f,0.1078f,0.0909f,0.6662f,0.0409f,1.4397f,-0.9365f,2.4596f,-0.135f,-0.9312f,-1.4374f,-0.4619f,0f,0f,0f,1f],start_interpolation: 0,interpolation_duration: 1}
$data merge entity $(right_cheek) {transformation: [-0.9966f,0.0371f,0.073f,-0.3922f,0.0583f,0.9474f,0.3146f,3.404f,-0.0575f,0.3178f,-0.9464f,-1.5037f,0f,0f,0f,1f],start_interpolation: 0,interpolation_duration: 1}
$data merge entity $(right_foot) {transformation: [-1.0189f,-0.0836f,0.0055f,-0.6382f,0.0597f,-0.6768f,0.7639f,-0.4418f,-0.0588f,0.7617f,0.6794f,-5.2116f,0f,0f,0f,1f],start_interpolation: 0,interpolation_duration: 1}
$data merge entity $(right_knee) {transformation: [-3.0315f,-0.183f,0.1691f,-0.9716f,0.1775f,-0.1361f,3.0335f,-0.501f,-0.175f,3.0332f,0.1464f,-1.0127f,0f,0f,0f,1f],start_interpolation: 0,interpolation_duration: 1}
$data merge entity $(right_leg) {transformation: [-1.7122f,0.1121f,0.0851f,-0.7233f,0.1002f,1.7005f,-0.2227f,2.2257f,-0.0988f,-0.217f,-1.7013f,-1.3064f,0f,0f,0f,1f],start_interpolation: 0,interpolation_duration: 1}
$data merge entity $(weist) {transformation: [-1.6168f,0f,0.1335f,-0.0243f,0.0377f,1.5564f,0.4562f,3.8464f,-0.1281f,0.4578f,-1.5511f,-0.8428f,0f,0f,0f,1f],start_interpolation: 0,interpolation_duration: 1}
data modify storage animated_java:temp entry.data merge value {"locators":{"consume":{"px":-1.8482376279,"py":3.2356680401,"pz":-2.8399919149,"ry":355.1345466968,"rx":1.8248667845}}}
# Data Manager: Prepare for Read / Write
execute store result storage animated_java:temp args.id int 1 run scoreboard players get @s aj.id
# Data Manager: Write
function animated_java:global/data_manager/write with storage animated_java:temp args