# This file was generated by Animated Java via MC-Build. It is not recommended to edit this file directly.
$data merge entity $(neck) {transformation: [-0.9997f,0.0226f,-0.001f,0.0335f,0.0221f,0.9865f,0.1622f,5.9418f,0.0046f,0.1622f,-0.9867f,-0.0837f,0f,0f,0f,1f],start_interpolation: 0,interpolation_duration: 1}
$data merge entity $(right_thumb_2) {transformation: [-0.8973f,0.0527f,-0.4383f,-1.861f,-0.3645f,0.4716f,0.803f,3.3999f,0.249f,0.8803f,-0.4039f,-2.5634f,0f,0f,0f,1f],start_interpolation: 0,interpolation_duration: 1}
$data merge entity $(right_thumb) {transformation: [-0.8973f,-0.4383f,-0.0527f,-2.1343f,-0.3645f,0.803f,-0.4716f,3.6108f,0.249f,-0.4039f,-0.8803f,-2.644f,0f,0f,0f,1f],start_interpolation: 0,interpolation_duration: 1}
$data merge entity $(right_fingers2) {transformation: [0.9859f,0.1589f,0.0531f,-1.8767f,0.1601f,-0.9869f,-0.0195f,3.097f,0.0493f,0.0278f,-0.9984f,-2.7009f,0f,0f,0f,1f],start_interpolation: 0,interpolation_duration: 1}
$data merge entity $(right_fingers) {transformation: [0.2017f,-0.978f,0.0531f,-2.1493f,-0.979f,-0.203f,-0.0195f,3.0114f,0.0299f,-0.0481f,-0.9984f,-2.7211f,0f,0f,0f,1f],start_interpolation: 0,interpolation_duration: 1}
$data merge entity $(scout) {transformation: [0f,0f,0f,-1.976f,0f,0f,0f,3.0819f,0f,0f,0f,-2.8201f,0f,0f,0f,1f],start_interpolation: 0,interpolation_duration: 1}
$data merge entity $(right_hand) {transformation: [-0.9859f,-0.1589f,0.0531f,-2.2396f,-0.1601f,0.9869f,-0.0195f,3.6175f,-0.0493f,-0.0278f,-0.9984f,-2.782f,0f,0f,0f,1f],start_interpolation: 0,interpolation_duration: 1}
$data merge entity $(right_forearm) {transformation: [-0.3504f,0.202f,1.3166f,-1.8729f,0.6051f,1.237f,-0.0288f,5.4541f,-1.1867f,0.5711f,-0.4034f,-1.8873f,0f,0f,0f,1f],start_interpolation: 0,interpolation_duration: 1}
$data merge entity $(right_shoulder) {transformation: [-0.9432f,0.618f,0.9372f,-0.9595f,1.1169f,0.3935f,0.8646f,5.6809f,0.1129f,1.2701f,-0.7239f,-0.3383f,0f,0f,0f,1f],start_interpolation: 0,interpolation_duration: 1}
$data merge entity $(right_arm) {transformation: [-0.9659f,0.0226f,0.2578f,-0.4061f,0.0633f,0.9865f,0.151f,5.9323f,-0.2509f,0.1622f,-0.9543f,-0.1578f,0f,0f,0f,1f],start_interpolation: 0,interpolation_duration: 1}
$data merge entity $(left_thumb_2) {transformation: [-0.6774f,0.2343f,0.6973f,0.1247f,-0.6759f,0.1761f,-0.7157f,4.854f,-0.2904f,-0.9561f,0.0391f,2.2694f,0f,0f,0f,1f],start_interpolation: 0,interpolation_duration: 1}
$data merge entity $(left_thumb) {transformation: [-0.6774f,0.6973f,-0.2343f,0.4528f,-0.6759f,-0.7157f,-0.1761f,4.7265f,-0.2904f,0.0391f,0.9561f,2.3115f,0f,0f,0f,1f],start_interpolation: 0,interpolation_duration: 1}
$data merge entity $(left_fingers2) {transformation: [0.8084f,-0.5784f,-0.1095f,-0.0087f,0.4443f,0.7215f,-0.5311f,5.0029f,0.3862f,0.3806f,0.8402f,2.522f,0f,0f,0f,1f],start_interpolation: 0,interpolation_duration: 1}
$data merge entity $(left_fingers) {transformation: [0.6131f,0.7824f,-0.1095f,0.1962f,-0.7014f,0.4753f,-0.5311f,5.1543f,-0.3634f,0.4024f,0.8402f,2.6531f,0f,0f,0f,1f],start_interpolation: 0,interpolation_duration: 1}
$data merge entity $(left_hand) {transformation: [-0.8084f,0.5784f,-0.1095f,0.5426f,-0.4443f,-0.7215f,-0.5311f,4.6854f,-0.3862f,-0.3806f,0.8402f,2.4545f,0f,0f,0f,1f],start_interpolation: 0,interpolation_duration: 1}
$data merge entity $(left_forearm) {transformation: [-1.1882f,0.6382f,-0.2791f,1.4441f,0.0391f,-0.49f,-1.2867f,3.9023f,-0.6955f,-1.1179f,0.4046f,0.7568f,0f,0f,0f,1f],start_interpolation: 0,interpolation_duration: 1}
$data merge entity $(left_shoulder) {transformation: [-1.4472f,-0.1323f,0.195f,0.9849f,-0.1899f,1.3731f,-0.478f,5.5534f,-0.1395f,-0.497f,-1.3724f,0.1669f,0f,0f,0f,1f],start_interpolation: 0,interpolation_duration: 1}
$data merge entity $(left_arm) {transformation: [-0.9659f,0.0226f,0.2578f,0.4489f,0.0633f,0.9865f,0.151f,5.8762f,-0.2509f,0.1622f,-0.9543f,0.0643f,0f,0f,0f,1f],start_interpolation: 0,interpolation_duration: 1}
$data merge entity $(chest) {transformation: [-1.235f,0.0288f,0.3297f,-0.0104f,0.081f,1.2613f,0.1931f,4.1278f,-0.3208f,0.2074f,-1.2201f,-0.3727f,0f,0f,0f,1f],start_interpolation: 0,interpolation_duration: 1}
$data merge entity $(left_cheek) {transformation: [-0.9976f,0.0025f,0.0685f,0.4768f,0.0188f,0.971f,0.2383f,3.4025f,-0.0659f,0.2391f,-0.9688f,-1.2594f,0f,0f,0f,1f],start_interpolation: 0,interpolation_duration: 1}
$data merge entity $(left_foot) {transformation: [-1.02f,0.006f,0.0698f,0.5941f,0.0192f,1.0036f,0.1939f,-4.5197f,-0.0674f,0.1948f,-1.0014f,-1.316f,0f,0f,0f,1f],start_interpolation: 0,interpolation_duration: 1}
$data merge entity $(left_knee) {transformation: [-3.0346f,0.0146f,0.208f,0.7099f,0.0572f,2.9762f,0.6254f,-0.3766f,-0.2005f,0.6278f,-2.9695f,-0.5628f,0f,0f,0f,1f],start_interpolation: 0,interpolation_duration: 1}
$data merge entity $(left_leg) {transformation: [-1.7139f,0.0323f,0.1132f,0.6871f,0.0323f,1.7177f,-0.0013f,2.3765f,-0.1132f,0.0008f,-1.7142f,-0.5159f,0f,0f,0f,1f],start_interpolation: 0,interpolation_duration: 1}
$data merge entity $(right_cheek) {transformation: [-0.9977f,0.0366f,0.0574f,-0.3971f,0.0443f,0.9892f,0.1399f,3.3857f,-0.0517f,0.1421f,-0.9885f,-1.4562f,0f,0f,0f,1f],start_interpolation: 0,interpolation_duration: 1}
$data merge entity $(right_foot) {transformation: [-1.02f,-0.0502f,0.0482f,-0.7999f,0.0453f,0.0578f,1.0197f,-2.131f,-0.0528f,1.0195f,-0.0555f,-3.12f,0f,0f,0f,1f],start_interpolation: 0,interpolation_duration: 1}
$data merge entity $(right_knee) {transformation: [-3.0347f,-0.0755f,0.1928f,-0.9836f,0.1348f,1.4292f,2.6817f,-0.0393f,-0.1572f,2.684f,-1.4225f,0.5319f,0f,0f,0f,1f],start_interpolation: 0,interpolation_duration: 1}
$data merge entity $(right_leg) {transformation: [-1.714f,0.113f,0.0302f,-0.7322f,0.0762f,1.4153f,-0.9709f,2.2533f,-0.0888f,-0.9673f,-1.417f,-0.9725f,0f,0f,0f,1f],start_interpolation: 0,interpolation_duration: 1}
$data merge entity $(weist) {transformation: [-1.6185f,0f,0.112f,-0.0104f,0.0274f,1.573f,0.3961f,3.8235f,-0.1086f,0.3971f,-1.5692f,-0.7493f,0f,0f,0f,1f],start_interpolation: 0,interpolation_duration: 1}
data modify storage animated_java:temp entry.data merge value {"locators":{"consume":{"px":-1.9040217855,"py":2.9348548834,"pz":-2.774772,"ry":3.0464444132,"rx":-1.1186564377}}}
# Data Manager: Prepare for Read / Write
execute store result storage animated_java:temp args.id int 1 run scoreboard players get @s aj.id
# Data Manager: Write
function animated_java:global/data_manager/write with storage animated_java:temp args