# This file was generated by Animated Java via MC-Build. It is not recommended to edit this file directly.
$data merge entity $(neck) {transformation: [-0.9998f,0.0197f,-0.0008f,0.0384f,0.0194f,0.991f,0.1328f,5.9843f,0.0035f,0.1327f,-0.9911f,-0.076f,0f,0f,0f,1f],start_interpolation: 0,interpolation_duration: 1}
$data merge entity $(right_thumb_2) {transformation: [-0.8311f,0.159f,-0.5329f,-2.0696f,-0.3124f,0.6593f,0.6839f,2.9532f,0.4601f,0.7349f,-0.4983f,-1.8021f,0f,0f,0f,1f],start_interpolation: 0,interpolation_duration: 1}
$data merge entity $(right_thumb) {transformation: [-0.8311f,-0.5329f,-0.159f,-2.362f,-0.3124f,0.6839f,-0.6593f,3.1362f,0.4601f,-0.4983f,-0.7349f,-1.8839f,0f,0f,0f,1f],start_interpolation: 0,interpolation_duration: 1}
$data merge entity $(right_fingers2) {transformation: [0.973f,0.2104f,-0.0945f,-2.0903f,0.1822f,-0.9525f,-0.2442f,2.6268f,-0.1414f,0.2204f,-0.9651f,-1.8651f,0f,0f,0f,1f],start_interpolation: 0,interpolation_duration: 1}
$data merge entity $(right_fingers) {transformation: [0.2526f,-0.9629f,-0.0945f,-2.3583f,-0.9436f,-0.2236f,-0.2442f,2.5347f,0.214f,0.1509f,-0.9651f,-1.8231f,0f,0f,0f,1f],start_interpolation: 0,interpolation_duration: 1}
$data merge entity $(scout) {transformation: [0f,0f,0f,-2.2053f,0f,0f,0f,2.5836f,0f,0f,0f,-1.961f,0f,0f,0f,1f],start_interpolation: 0,interpolation_duration: 1}
$data merge entity $(right_hand) {transformation: [-0.973f,-0.2104f,-0.0945f,-2.4868f,-0.1822f,0.9525f,-0.2442f,3.1098f,0.1414f,-0.2204f,-0.9651f,-2.0018f,0f,0f,0f,1f],start_interpolation: 0,interpolation_duration: 1}
$data merge entity $(right_forearm) {transformation: [-0.6801f,0.2734f,1.1661f,-2.0043f,0.3355f,1.3308f,-0.1163f,5.0957f,-1.1498f,0.2266f,-0.7237f,-1.6391f,0f,0f,0f,1f],start_interpolation: 0,interpolation_duration: 1}
$data merge entity $(right_shoulder) {transformation: [-1.0397f,0.7045f,0.7567f,-0.9601f,1.0338f,0.6943f,0.774f,5.7089f,0.0136f,1.0824f,-0.989f,-0.2904f,0f,0f,0f,1f],start_interpolation: 0,interpolation_duration: 1}
$data merge entity $(right_arm) {transformation: [-0.974f,0.0197f,0.2255f,-0.4032f,0.049f,0.991f,0.1249f,5.9694f,-0.221f,0.1327f,-0.9662f,-0.1354f,0f,0f,0f,1f],start_interpolation: 0,interpolation_duration: 1}
$data merge entity $(left_thumb_2) {transformation: [-0.5843f,0.1504f,0.7975f,0.3861f,-0.7163f,0.3662f,-0.5939f,4.7718f,-0.3814f,-0.9183f,-0.1062f,2.1656f,0f,0f,0f,1f],start_interpolation: 0,interpolation_duration: 1}
$data merge entity $(left_thumb) {transformation: [-0.5843f,0.7975f,-0.1504f,0.7314f,-0.7163f,-0.5939f,-0.3662f,4.6921f,-0.3814f,-0.1062f,0.9183f,2.175f,0f,0f,0f,1f],start_interpolation: 0,interpolation_duration: 1}
$data merge entity $(left_fingers2) {transformation: [0.7284f,-0.6833f,0.0503f,0.239f,0.5768f,0.572f,-0.5832f,4.8603f,0.3697f,0.4538f,0.8108f,2.4259f,0f,0f,0f,1f],start_interpolation: 0,interpolation_duration: 1}
$data merge entity $(left_fingers) {transformation: [0.7144f,0.6979f,0.0503f,0.4182f,-0.5463f,0.6012f,-0.5832f,5.0427f,-0.4373f,0.3891f,0.8108f,2.5551f,0f,0f,0f,1f],start_interpolation: 0,interpolation_duration: 1}
$data merge entity $(left_hand) {transformation: [-0.7284f,0.6833f,0.0503f,0.8364f,-0.5768f,-0.572f,-0.5832f,4.6627f,-0.3697f,-0.4538f,0.8108f,2.3103f,0f,0f,0f,1f],start_interpolation: 0,interpolation_duration: 1}
$data merge entity $(left_forearm) {transformation: [-1.2327f,0.5809f,-0.2002f,1.6527f,0.008f,-0.4336f,-1.3073f,3.9625f,-0.6144f,-1.1712f,0.3847f,0.535f,0f,0f,0f,1f],start_interpolation: 0,interpolation_duration: 1}
$data merge entity $(left_shoulder) {transformation: [-1.4181f,-0.2944f,0.2283f,1.0006f,-0.3356f,1.3996f,-0.2797f,5.6103f,-0.1617f,-0.3228f,-1.4211f,0.1546f,0f,0f,0f,1f],start_interpolation: 0,interpolation_duration: 1}
$data merge entity $(left_arm) {transformation: [-0.974f,0.0197f,0.2255f,0.4589f,0.049f,0.991f,0.1249f,5.926f,-0.221f,0.1327f,-0.9662f,0.0602f,0f,0f,0f,1f],start_interpolation: 0,interpolation_duration: 1}
$data merge entity $(chest) {transformation: [-1.2453f,0.0252f,0.2884f,0f,0.0627f,1.267f,0.1597f,4.1624f,-0.2826f,0.1697f,-1.2353f,-0.3108f,0f,0f,0f,1f],start_interpolation: 0,interpolation_duration: 1}
$data merge entity $(left_cheek) {transformation: [-0.9988f,0.001f,0.0488f,0.4764f,0.0136f,0.9661f,0.2578f,3.4464f,-0.0469f,0.2581f,-0.965f,-1.1877f,0f,0f,0f,1f],start_interpolation: 0,interpolation_duration: 1}
$data merge entity $(left_foot) {transformation: [-1.0212f,-0.0057f,0.0496f,0.695f,0.0139f,0.9433f,0.3941f,-4.3091f,-0.0479f,0.3943f,-0.9421f,-2.7033f,0f,0f,0f,1f],start_interpolation: 0,interpolation_duration: 1}
$data merge entity $(left_knee) {transformation: [-3.0381f,-0.0098f,0.1481f,0.7747f,0.0414f,2.859f,1.0375f,-0.3109f,-0.1426f,1.0383f,-2.8555f,-1.3791f,0f,0f,0f,1f],start_interpolation: 0,interpolation_duration: 1}
$data merge entity $(left_leg) {transformation: [-1.7159f,0.0011f,0.0838f,0.7026f,0.0234f,1.6558f,0.4573f,2.3294f,-0.0805f,0.4579f,-1.6539f,-0.6003f,0f,0f,0f,1f],start_interpolation: 0,interpolation_duration: 1}
$data merge entity $(right_cheek) {transformation: [-0.9988f,0.0247f,0.0415f,-0.4107f,0.0277f,0.9969f,0.0735f,3.3782f,-0.0396f,0.0746f,-0.9964f,-1.3577f,0f,0f,0f,1f],start_interpolation: 0,interpolation_duration: 1}
$data merge entity $(right_foot) {transformation: [-1.0212f,-0.0126f,0.0477f,-0.8388f,0.0283f,0.6594f,0.7808f,-3.24f,-0.0404f,0.7812f,-0.6583f,-1.4506f,0f,0f,0f,1f],start_interpolation: 0,interpolation_duration: 1}
$data merge entity $(right_knee) {transformation: [-3.0382f,-0.0057f,0.1468f,-0.9278f,0.0843f,2.4226f,1.8374f,0.1905f,-0.1203f,1.8393f,-2.4196f,0.9927f,0f,0f,0f,1f],start_interpolation: 0,interpolation_duration: 1}
$data merge entity $(right_leg) {transformation: [-1.716f,0.0804f,0.0204f,-0.7282f,0.0476f,1.3003f,-1.1217f,2.3046f,-0.068f,-1.1199f,-1.301f,-0.7605f,0f,0f,0f,1f],start_interpolation: 0,interpolation_duration: 1}
$data merge entity $(weist) {transformation: [-1.6203f,0f,0.0804f,0f,0.0174f,1.5839f,0.3507f,3.8472f,-0.0785f,0.3511f,-1.5819f,-0.6783f,0f,0f,0f,1f],start_interpolation: 0,interpolation_duration: 1}
data modify storage animated_java:temp entry.data merge value {"locators":{"consume":{"px":-2.1201500274,"py":2.4517704106,"pz":-1.8960047877,"ry":354.4069020806,"rx":-14.1353461689}}}
# Data Manager: Prepare for Read / Write
execute store result storage animated_java:temp args.id int 1 run scoreboard players get @s aj.id
# Data Manager: Write
function animated_java:global/data_manager/write with storage animated_java:temp args