# This file was generated by Animated Java via MC-Build. It is not recommended to edit this file directly.
$data merge entity $(neck) {transformation: [-0.9999f,0.0154f,-0.0007f,0.0315f,0.0152f,0.9922f,0.1238f,5.99f,0.0026f,0.1238f,-0.9923f,-0.0752f,0f,0f,0f,1f],start_interpolation: 0,interpolation_duration: 1}
$data merge entity $(right_thumb_2) {transformation: [-0.7418f,0.2297f,-0.6301f,-2.1016f,-0.1693f,0.845f,0.5073f,2.6184f,0.6489f,0.483f,-0.5879f,-0.7546f,0f,0f,0f,1f],start_interpolation: 0,interpolation_duration: 1}
$data merge entity $(right_thumb) {transformation: [-0.7418f,-0.6301f,-0.2297f,-2.4111f,-0.1693f,0.5073f,-0.845f,2.7684f,0.6489f,-0.5879f,-0.483f,-0.8407f,0f,0f,0f,1f],start_interpolation: 0,interpolation_duration: 1}
$data merge entity $(right_fingers2) {transformation: [0.9334f,0.2847f,-0.2184f,-2.1155f,0.1379f,-0.8465f,-0.5142f,2.2877f,-0.3312f,0.4499f,-0.8294f,-0.7176f,0f,0f,0f,1f],start_interpolation: 0,interpolation_duration: 1}
$data merge entity $(right_fingers) {transformation: [0.3251f,-0.9201f,-0.2184f,-2.3701f,-0.8397f,-0.1747f,-0.5142f,2.2104f,0.435f,0.3505f,-0.8294f,-0.6115f,0f,0f,0f,1f],start_interpolation: 0,interpolation_duration: 1}
$data merge entity $(scout) {transformation: [0f,0f,0f,-2.2407f,0f,0f,0f,2.218f,0f,0f,0f,-0.7788f,0f,0f,0f,1f],start_interpolation: 0,interpolation_duration: 1}
$data merge entity $(right_hand) {transformation: [-0.9334f,-0.2847f,-0.2184f,-2.55f,-0.1379f,0.8465f,-0.5142f,2.7083f,0.3312f,-0.4499f,-0.8294f,-0.9261f,0f,0f,0f,1f],start_interpolation: 0,interpolation_duration: 1}
$data merge entity $(right_forearm) {transformation: [-0.9961f,0.2563f,0.9161f,-2.0892f,0.0314f,1.3346f,-0.3392f,4.7045f,-0.9508f,-0.2244f,-0.971f,-1.2599f,0f,0f,0f,1f],start_interpolation: 0,interpolation_duration: 1}
$data merge entity $(right_shoulder) {transformation: [-1.1498f,0.7392f,0.5304f,-0.9733f,0.9082f,0.9844f,0.5967f,5.7024f,-0.0552f,0.7965f,-1.2298f,-0.2381f,0f,0f,0f,1f],start_interpolation: 0,interpolation_duration: 1}
$data merge entity $(right_arm) {transformation: [-0.9842f,0.0154f,0.1766f,-0.4123f,0.0369f,0.9922f,0.1191f,5.97f,-0.1734f,0.1238f,-0.9771f,-0.1128f,0f,0f,0f,1f],start_interpolation: 0,interpolation_duration: 1}
$data merge entity $(left_thumb_2) {transformation: [-0.4871f,-0.0486f,0.872f,0.7547f,-0.7033f,0.6138f,-0.3586f,4.489f,-0.5178f,-0.7879f,-0.3332f,2.0002f,0f,0f,0f,1f],start_interpolation: 0,interpolation_duration: 1}
$data merge entity $(left_thumb) {transformation: [-0.4871f,0.872f,0.0486f,1.1068f,-0.7033f,-0.3586f,-0.6138f,4.4866f,-0.5178f,-0.3332f,0.7879f,1.9586f,0f,0f,0f,1f],start_interpolation: 0,interpolation_duration: 1}
$data merge entity $(left_fingers2) {transformation: [0.593f,-0.7504f,0.292f,0.6201f,0.702f,0.3042f,-0.6439f,4.4824f,0.3943f,0.5868f,0.7072f,2.2697f,0f,0f,0f,1f],start_interpolation: 0,interpolation_duration: 1}
$data merge entity $(left_fingers) {transformation: [0.7755f,0.5597f,0.292f,0.7599f,-0.2733f,0.7146f,-0.6439f,4.689f,-0.5691f,0.4195f,0.7072f,2.4105f,0f,0f,0f,1f],start_interpolation: 0,interpolation_duration: 1}
$data merge entity $(left_hand) {transformation: [-0.593f,0.7504f,0.292f,1.2307f,-0.702f,-0.3042f,-0.6439f,4.4702f,-0.3943f,-0.5868f,0.7072f,2.0793f,0f,0f,0f,1f],start_interpolation: 0,interpolation_duration: 1}
$data merge entity $(left_forearm) {transformation: [-1.288f,0.4852f,-0.0541f,1.9058f,-0.0344f,-0.2424f,-1.3554f,4.0543f,-0.4869f,-1.2661f,0.2388f,0.1611f,0f,0f,0f,1f],start_interpolation: 0,interpolation_duration: 1}
$data merge entity $(left_shoulder) {transformation: [-1.3638f,-0.5062f,0.1836f,1.0078f,-0.5085f,1.3752f,0.0144f,5.628f,-0.1772f,-0.0503f,-1.4546f,0.1109f,0f,0f,0f,1f],start_interpolation: 0,interpolation_duration: 1}
$data merge entity $(left_arm) {transformation: [-0.9842f,0.0154f,0.1766f,0.4588f,0.0369f,0.9922f,0.1191f,5.9373f,-0.1734f,0.1238f,-0.9771f,0.0407f,0f,0f,0f,1f],start_interpolation: 0,interpolation_duration: 1}
$data merge entity $(chest) {transformation: [-1.2583f,0.0198f,0.2258f,0.0015f,0.0472f,1.2686f,0.1523f,4.1658f,-0.2216f,0.1582f,-1.2492f,-0.2933f,0f,0f,0f,1f],start_interpolation: 0,interpolation_duration: 1}
$data merge entity $(left_cheek) {transformation: [-0.9997f,-0.0011f,0.0252f,0.464f,0.008f,0.9346f,0.3556f,3.4262f,-0.024f,0.3557f,-0.9343f,-1.1721f,0f,0f,0f,1f],start_interpolation: 0,interpolation_duration: 1}
$data merge entity $(left_foot) {transformation: [-1.022f,-0.008f,0.0245f,0.7195f,0.0081f,0.8227f,0.6069f,-3.8563f,-0.0245f,0.6069f,-0.8224f,-4.0929f,0f,0f,0f,1f],start_interpolation: 0,interpolation_duration: 1}
$data merge entity $(left_knee) {transformation: [-3.0408f,-0.015f,0.0753f,0.7891f,0.0242f,2.6433f,1.5048f,-0.1371f,-0.0729f,1.5049f,-2.6423f,-2.1161f,0f,0f,0f,1f],start_interpolation: 0,interpolation_duration: 1}
$data merge entity $(left_leg) {transformation: [-1.7174f,-0.0077f,0.0427f,0.7041f,0.0137f,1.5085f,0.8219f,2.2561f,-0.0411f,0.822f,-1.508f,-0.7567f,0f,0f,0f,1f],start_interpolation: 0,interpolation_duration: 1}
$data merge entity $(right_cheek) {transformation: [-0.9997f,0.0109f,0.0224f,-0.4342f,0.0121f,0.9985f,0.0539f,3.3787f,-0.0218f,0.0542f,-0.9983f,-1.2767f,0f,0f,0f,1f],start_interpolation: 0,interpolation_duration: 1}
$data merge entity $(right_foot) {transformation: [-1.0221f,0.0057f,0.0249f,-0.8073f,0.0124f,0.9812f,0.2868f,-3.7526f,-0.0223f,0.287f,-0.981f,0.276f,0f,0f,0f,1f],start_interpolation: 0,interpolation_duration: 1}
$data merge entity $(right_knee) {transformation: [-3.0408f,0.0181f,0.0738f,-0.8666f,0.0369f,2.9335f,0.8032f,0.3414f,-0.0664f,0.8038f,-2.9329f,1.2666f,0f,0f,0f,1f],start_interpolation: 0,interpolation_duration: 1}
$data merge entity $(right_leg) {transformation: [-1.7174f,0.0411f,0.0122f,-0.7296f,0.0209f,1.2272f,-1.2021f,2.3418f,-0.0375f,-1.2015f,-1.2273f,-0.6208f,0f,0f,0f,1f],start_interpolation: 0,interpolation_duration: 1}
$data merge entity $(weist) {transformation: [-1.6218f,0f,0.0419f,0.0015f,0.0087f,1.5867f,0.3381f,3.8477f,-0.041f,0.3382f,-1.5862f,-0.6583f,0f,0f,0f,1f],start_interpolation: 0,interpolation_duration: 1}
data modify storage animated_java:temp entry.data merge value {"locators":{"consume":{"px":-2.1409938862,"py":2.1110367273,"pz":-0.692293739,"ry":345.2501685021,"rx":-30.9471423508}}}
# Data Manager: Prepare for Read / Write
execute store result storage animated_java:temp args.id int 1 run scoreboard players get @s aj.id
# Data Manager: Write
function animated_java:global/data_manager/write with storage animated_java:temp args