# This file was generated by Animated Java via MC-Build. It is not recommended to edit this file directly.
$data merge entity $(neck) {transformation: [-0.9999f,0.0101f,-0.0004f,0.0196f,0.01f,0.9927f,0.1203f,5.9783f,0.0016f,0.1203f,-0.9927f,-0.0759f,0f,0f,0f,1f],start_interpolation: 0,interpolation_duration: 1}
$data merge entity $(right_thumb_2) {transformation: [-0.664f,0.2276f,-0.7122f,-1.8725f,0.0625f,0.9661f,0.2505f,2.582f,0.7451f,0.1219f,-0.6557f,0.4349f,0f,0f,0f,1f],start_interpolation: 0,interpolation_duration: 1}
$data merge entity $(right_thumb) {transformation: [-0.664f,-0.7122f,-0.2276f,-2.1968f,0.0625f,0.2505f,-0.9661f,2.6855f,0.7451f,-0.6557f,-0.1219f,0.3361f,0f,0f,0f,1f],start_interpolation: 0,interpolation_duration: 1}
$data merge entity $(right_fingers2) {transformation: [0.8873f,0.3747f,-0.269f,-1.8639f,0.0259f,-0.6227f,-0.782f,2.2865f,-0.4605f,0.6869f,-0.5622f,0.5884f,0f,0f,0f,1f],start_interpolation: 0,interpolation_duration: 1}
$data merge entity $(right_fingers) {transformation: [0.413f,-0.8701f,-0.269f,-2.1022f,-0.621f,-0.053f,-0.782f,2.2482f,0.6662f,0.49f,-0.5622f,0.7427f,0f,0f,0f,1f],start_interpolation: 0,interpolation_duration: 1}
$data merge entity $(scout) {transformation: [0f,0f,0f,-1.9904f,0f,0f,0f,2.1973f,0f,0f,0f,0.5703f,0f,0f,0f,1f],start_interpolation: 0,interpolation_duration: 1}
$data merge entity $(right_hand) {transformation: [-0.8873f,-0.3747f,-0.269f,-2.3398f,-0.0259f,0.6227f,-0.782f,2.5962f,0.4605f,-0.6869f,-0.5622f,0.2937f,0f,0f,0f,1f],start_interpolation: 0,interpolation_duration: 1}
$data merge entity $(right_forearm) {transformation: [-1.2128f,0.1272f,0.6403f,-2.0745f,-0.2329f,1.1778f,-0.6751f,4.355f,-0.6098f,-0.7027f,-1.0156f,-0.7762f,0f,0f,0f,1f],start_interpolation: 0,interpolation_duration: 1}
$data merge entity $(right_shoulder) {transformation: [-1.2563f,0.6904f,0.3079f,-0.9894f,0.7491f,1.217f,0.3278f,5.6773f,-0.1013f,0.4382f,-1.3956f,-0.1766f,0f,0f,0f,1f],start_interpolation: 0,interpolation_duration: 1}
$data merge entity $(right_arm) {transformation: [-0.9933f,0.0101f,0.1152f,-0.4254f,0.0238f,0.9927f,0.1183f,5.9525f,-0.1132f,0.1203f,-0.9863f,-0.0863f,0f,0f,0f,1f],start_interpolation: 0,interpolation_duration: 1}
$data merge entity $(left_thumb_2) {transformation: [-0.4279f,-0.3236f,0.8439f,1.2092f,-0.6084f,0.7936f,-0.0042f,4.0993f,-0.6684f,-0.5153f,-0.5364f,1.7025f,0f,0f,0f,1f],start_interpolation: 0,interpolation_duration: 1}
$data merge entity $(left_thumb) {transformation: [-0.4279f,0.8439f,0.3236f,1.5396f,-0.6084f,-0.0042f,-0.7936f,4.1994f,-0.6684f,-0.5364f,0.5153f,1.6218f,0f,0f,0f,1f],start_interpolation: 0,interpolation_duration: 1}
$data merge entity $(left_fingers2) {transformation: [0.4104f,-0.7218f,0.5573f,1.1208f,0.7651f,-0.06f,-0.6411f,3.9857f,0.4962f,0.6895f,0.5276f,1.9573f,0f,0f,0f,1f],start_interpolation: 0,interpolation_duration: 1}
$data merge entity $(left_fingers) {transformation: [0.739f,0.3785f,0.5573f,1.2119f,0.0933f,0.7617f,-0.6411f,4.1954f,-0.6672f,0.5258f,0.5276f,2.1298f,0f,0f,0f,1f],start_interpolation: 0,interpolation_duration: 1}
$data merge entity $(left_hand) {transformation: [-0.4104f,0.7218f,0.5573f,1.6778f,-0.7651f,0.06f,-0.6411f,4.2001f,-0.4962f,-0.6895f,0.5276f,1.7271f,0f,0f,0f,1f],start_interpolation: 0,interpolation_duration: 1}
$data merge entity $(left_forearm) {transformation: [-1.329f,0.3395f,0.1255f,2.1384f,-0.1111f,0.072f,-1.371f,4.2541f,-0.3445f,-1.3329f,-0.0421f,-0.2961f,0f,0f,0f,1f],start_interpolation: 0,interpolation_duration: 1}
$data merge entity $(left_shoulder) {transformation: [-1.2809f,-0.7129f,0.0296f,1.0101f,-0.6883f,1.2507f,0.3344f,5.6294f,-0.1879f,0.2782f,-1.4273f,0.0512f,0f,0f,0f,1f],start_interpolation: 0,interpolation_duration: 1}
$data merge entity $(left_arm) {transformation: [-0.9933f,0.0101f,0.1152f,0.4538f,0.0238f,0.9927f,0.1183f,5.9314f,-0.1132f,0.1203f,-0.9863f,0.0139f,0f,0f,0f,1f],start_interpolation: 0,interpolation_duration: 1}
$data merge entity $(chest) {transformation: [-1.27f,0.0129f,0.1473f,0f,0.0304f,1.2692f,0.1513f,4.1532f,-0.1447f,0.1538f,-1.261f,-0.2875f,0f,0f,0f,1f],start_interpolation: 0,interpolation_duration: 1}
$data merge entity $(left_cheek) {transformation: [-1f,0f,0f,0.4498f,0f,0.9109f,0.4127f,3.4128f,0f,0.4127f,-0.9109f,-1.1714f,0f,0f,0f,1f],start_interpolation: 0,interpolation_duration: 1}
$data merge entity $(left_foot) {transformation: [-1.0224f,0f,0f,0.6839f,0f,0.6486f,0.7903f,-3.3818f,0f,0.7903f,-0.6486f,-5.0463f,0f,0f,0f,1f],start_interpolation: 0,interpolation_duration: 1}
$data merge entity $(left_knee) {transformation: [-3.0417f,0f,0f,0.7712f,0f,2.3513f,1.9297f,-0.0486f,0f,1.9297f,-2.3513f,-2.4718f,0f,0f,0f,1f],start_interpolation: 0,interpolation_duration: 1}
$data merge entity $(left_leg) {transformation: [-1.718f,0f,0f,0.6997f,0f,1.4179f,0.97f,2.1946f,0f,0.97f,-1.4179f,-0.8763f,0f,0f,0f,1f],start_interpolation: 0,interpolation_duration: 1}
$data merge entity $(right_cheek) {transformation: [-1f,0f,0f,-0.4559f,0f,0.9977f,0.0676f,3.3867f,0f,0.0676f,-0.9977f,-1.1774f,0f,0f,0f,1f],start_interpolation: 0,interpolation_duration: 1}
$data merge entity $(right_foot) {transformation: [-1.0224f,0f,0f,-0.7131f,0f,1.0155f,-0.118f,-3.7882f,0f,-0.118f,-1.0155f,1.5105f,0f,0f,0f,1f],start_interpolation: 0,interpolation_duration: 1}
$data merge entity $(right_knee) {transformation: [-3.0417f,0f,0f,-0.8004f,0f,3.0414f,0.0465f,0.423f,0f,0.0465f,-3.0414f,1.4504f,0f,0f,0f,1f],start_interpolation: 0,interpolation_duration: 1}
$data merge entity $(right_leg) {transformation: [-1.718f,0f,0f,-0.7289f,0f,1.1907f,-1.2384f,2.3669f,0f,-1.2384f,-1.1907f,-0.4987f,0f,0f,0f,1f],start_interpolation: 0,interpolation_duration: 1}
$data merge entity $(weist) {transformation: [-1.6223f,0f,0f,0f,0f,1.5876f,0.3338f,3.8341f,0f,0.3338f,-1.5876f,-0.6516f,0f,0f,0f,1f],start_interpolation: 0,interpolation_duration: 1}
data modify storage animated_java:temp entry.data merge value {"locators":{"consume":{"px":-1.8768050283,"py":2.1304347184,"pz":0.6775449925,"ry":334.4339888694,"rx":-51.4471298795}}}
# Data Manager: Prepare for Read / Write
execute store result storage animated_java:temp args.id int 1 run scoreboard players get @s aj.id
# Data Manager: Write
function animated_java:global/data_manager/write with storage animated_java:temp args