# This file was generated by Animated Java via MC-Build. It is not recommended to edit this file directly.
$data merge entity $(neck) {transformation: [-1f,0.004f,-0.0002f,0.0064f,0.004f,0.9925f,0.1225f,5.9698f,0.0007f,0.1225f,-0.9925f,-0.0776f,0f,0f,0f,1f],start_interpolation: 0,interpolation_duration: 1}
$data merge entity $(right_thumb_2) {transformation: [-0.6355f,0.1529f,-0.7568f,-1.4558f,0.3153f,0.9461f,-0.0736f,2.9305f,0.7047f,-0.2854f,-0.6495f,1.4827f,0f,0f,0f,1f],start_interpolation: 0,interpolation_duration: 1}
$data merge entity $(right_thumb) {transformation: [-0.6355f,-0.7568f,-0.1529f,-1.7914f,0.3153f,-0.0736f,-0.9461f,2.9669f,0.7047f,-0.6495f,0.2854f,1.3742f,0f,0f,0f,1f],start_interpolation: 0,interpolation_duration: 1}
$data merge entity $(right_fingers2) {transformation: [0.8624f,0.4523f,-0.2273f,-1.4169f,-0.108f,-0.2743f,-0.9556f,2.7217f,-0.4945f,0.8486f,-0.1878f,1.7393f,0f,0f,0f,1f],start_interpolation: 0,interpolation_duration: 1}
$data merge entity $(right_fingers) {transformation: [0.4895f,-0.8419f,-0.2273f,-1.6446f,-0.2788f,0.0959f,-0.9556f,2.7342f,0.8263f,0.5311f,-0.1878f,1.9126f,0f,0f,0f,1f],start_interpolation: 0,interpolation_duration: 1}
$data merge entity $(scout) {transformation: [0f,0f,0f,-1.5363f,0f,0f,0f,2.6255f,0f,0f,0f,1.7668f,0f,0f,0f,1f],start_interpolation: 0,interpolation_duration: 1}
$data merge entity $(right_hand) {transformation: [-0.8624f,-0.4523f,-0.2273f,-1.9282f,0.108f,0.2743f,-0.9556f,2.8599f,0.4945f,-0.8486f,-0.1878f,1.3806f,0f,0f,0f,1f],start_interpolation: 0,interpolation_duration: 1}
$data merge entity $(right_forearm) {transformation: [-1.307f,-0.069f,0.4291f,-1.9621f,-0.3776f,0.8538f,-1.0127f,4.1245f,-0.2152f,-1.0786f,-0.8291f,-0.2651f,0f,0f,0f,1f],start_interpolation: 0,interpolation_duration: 1}
$data merge entity $(right_shoulder) {transformation: [-1.3445f,0.5683f,0.1384f,-1.0027f,0.5721f,1.3499f,0.0155f,5.6545f,-0.1214f,0.0682f,-1.4596f,-0.1105f,0f,0f,0f,1f],start_interpolation: 0,interpolation_duration: 1}
$data merge entity $(right_arm) {transformation: [-0.9989f,0.004f,0.0461f,-0.4378f,0.0097f,0.9925f,0.1222f,5.9376f,-0.0453f,0.1225f,-0.9914f,-0.0579f,0f,0f,0f,1f],start_interpolation: 0,interpolation_duration: 1}
$data merge entity $(left_thumb_2) {transformation: [-0.4986f,-0.4285f,0.7535f,1.5355f,-0.1404f,0.8977f,0.4176f,3.3428f,-0.8554f,0.1024f,-0.5078f,0.8995f,0f,0f,0f,1f],start_interpolation: 0,interpolation_duration: 1}
$data merge entity $(left_thumb) {transformation: [-0.4986f,0.7535f,0.4285f,1.8458f,-0.1404f,0.4176f,-0.8977f,3.5106f,-0.8554f,-0.5078f,-0.1024f,0.8644f,0f,0f,0f,1f],start_interpolation: 0,interpolation_duration: 1}
$data merge entity $(left_fingers2) {transformation: [0.3442f,-0.6614f,0.6664f,1.4799f,0.4597f,-0.5002f,-0.7338f,3.1005f,0.8187f,0.5589f,0.1319f,1.0422f,0f,0f,0f,1f],start_interpolation: 0,interpolation_duration: 1}
$data merge entity $(left_fingers) {transformation: [0.6758f,0.315f,0.6664f,1.5555f,0.5198f,0.4374f,-0.7338f,3.2051f,-0.5227f,0.8423f,0.1319f,1.2979f,0f,0f,0f,1f],start_interpolation: 0,interpolation_duration: 1}
$data merge entity $(left_hand) {transformation: [-0.3442f,0.6614f,0.6664f,1.9895f,-0.4597f,0.5002f,-0.7338f,3.4776f,-0.8187f,-0.5589f,0.1319f,0.9564f,0f,0f,0f,1f],start_interpolation: 0,interpolation_duration: 1}
$data merge entity $(left_forearm) {transformation: [-1.3578f,0.2239f,0.0573f,2.2722f,0.0767f,0.7584f,-1.1472f,4.5813f,-0.218f,-1.1277f,-0.7602f,-0.7787f,0f,0f,0f,1f],start_interpolation: 0,interpolation_duration: 1}
$data merge entity $(left_shoulder) {transformation: [-1.1751f,-0.8484f,-0.2216f,1.0081f,-0.8535f,1.0217f,0.6144f,5.6351f,-0.2011f,0.6214f,-1.3127f,-0.0193f,0f,0f,0f,1f],start_interpolation: 0,interpolation_duration: 1}
$data merge entity $(left_arm) {transformation: [-0.9989f,0.004f,0.0461f,0.4463f,0.0097f,0.9925f,0.1222f,5.9291f,-0.0453f,0.1225f,-0.9914f,-0.0178f,0f,0f,0f,1f],start_interpolation: 0,interpolation_duration: 1}
$data merge entity $(chest) {transformation: [-1.2772f,0.0052f,0.059f,-0.0015f,0.0123f,1.2689f,0.1562f,4.1452f,-0.0579f,0.1566f,-1.2676f,-0.2933f,0f,0f,0f,1f],start_interpolation: 0,interpolation_duration: 1}
$data merge entity $(left_cheek) {transformation: [-0.9997f,-0.0011f,-0.0249f,0.4257f,-0.0121f,0.8945f,0.4469f,3.4079f,0.0218f,0.4471f,-0.8942f,-1.1877f,0f,0f,0f,1f],start_interpolation: 0,interpolation_duration: 1}
$data merge entity $(left_foot) {transformation: [-1.0221f,0.0164f,-0.0196f,0.6401f,-0.0124f,0.3666f,0.9543f,-2.9067f,0.0223f,0.9542f,-0.3663f,-5.6032f,0f,0f,0f,1f],start_interpolation: 0,interpolation_duration: 1}
$data merge entity $(left_knee) {transformation: [-3.0408f,0.0289f,-0.0703f,0.7644f,-0.0369f,1.8973f,2.3772f,-0.1824f,0.0664f,2.3773f,-1.8964f,-2.3925f,0f,0f,0f,1f],start_interpolation: 0,interpolation_duration: 1}
$data merge entity $(left_leg) {transformation: [-1.7174f,0.0009f,-0.0429f,0.6957f,-0.0209f,1.4832f,0.8666f,2.1675f,0.0375f,0.8669f,-1.4827f,-0.9588f,0f,0f,0f,1f],start_interpolation: 0,interpolation_duration: 1}
$data merge entity $(right_cheek) {transformation: [-0.9997f,-0.007f,-0.0243f,-0.4718f,-0.008f,0.9991f,0.0415f,3.3367f,0.024f,0.0417f,-0.9988f,-1.1852f,0f,0f,0f,1f],start_interpolation: 0,interpolation_duration: 1}
$data merge entity $(right_foot) {transformation: [-1.022f,-0.0181f,-0.0184f,-0.5905f,-0.0081f,0.9174f,-0.4513f,-3.6562f,0.0245f,-0.451f,-0.9172f,2.4713f,0f,0f,0f,1f],start_interpolation: 0,interpolation_duration: 1}
$data merge entity $(right_knee) {transformation: [-3.0408f,-0.0377f,-0.0669f,-0.7327f,-0.0242f,2.9857f,-0.5808f,0.4516f,0.0729f,-0.5801f,-2.985f,1.5485f,0f,0f,0f,1f],start_interpolation: 0,interpolation_duration: 1}
$data merge entity $(right_leg) {transformation: [-1.7174f,-0.0391f,-0.0187f,-0.7234f,-0.0137f,1.1908f,-1.2383f,2.3962f,0.0411f,-1.2377f,-1.1907f,-0.4012f,0f,0f,0f,1f],start_interpolation: 0,interpolation_duration: 1}
$data merge entity $(weist) {transformation: [-1.6218f,0f,-0.0419f,-0.0015f,-0.0087f,1.5867f,0.3381f,3.827f,0.041f,0.3382f,-1.5862f,-0.6583f,0f,0f,0f,1f],start_interpolation: 0,interpolation_duration: 1}
data modify storage animated_java:temp entry.data merge value {"locators":{"consume":{"px":-1.4132902478,"py":2.6136209867,"pz":1.8834444929,"ry":309.5586197237,"rx":-72.8537937386}}}
# Data Manager: Prepare for Read / Write
execute store result storage animated_java:temp args.id int 1 run scoreboard players get @s aj.id
# Data Manager: Write
function animated_java:global/data_manager/write with storage animated_java:temp args