# This file was generated by Animated Java via MC-Build. It is not recommended to edit this file directly.
$data merge entity $(neck) {transformation: [-1f,-0.0023f,0.0001f,-0.0044f,-0.0022f,0.9914f,0.1306f,5.9852f,-0.0004f,0.1306f,-0.9914f,-0.0803f,0f,0f,0f,1f],start_interpolation: 0,interpolation_duration: 1}
$data merge entity $(right_thumb_2) {transformation: [-0.6651f,0.0474f,-0.7452f,-1.007f,0.5005f,0.769f,-0.3977f,3.5491f,0.5542f,-0.6375f,-0.5352f,2.1859f,0f,0f,0f,1f],start_interpolation: 0,interpolation_duration: 1}
$data merge entity $(right_thumb) {transformation: [-0.6651f,-0.7452f,-0.0474f,-1.3447f,0.5005f,-0.3977f,-0.769f,3.5062f,0.5542f,-0.5352f,0.6375f,2.0869f,0f,0f,0f,1f],start_interpolation: 0,interpolation_duration: 1}
$data merge entity $(right_fingers2) {transformation: [0.8682f,0.4812f,-0.1211f,-0.9449f,-0.2057f,0.1268f,-0.9704f,3.4626f,-0.4516f,0.8674f,0.2091f,2.5015f,0f,0f,0f,1f],start_interpolation: 0,interpolation_duration: 1}
$data merge entity $(right_fingers) {transformation: [0.5187f,-0.8464f,-0.1211f,-1.1723f,0.1177f,0.211f,-0.9704f,3.5189f,0.8468f,0.489f,0.2091f,2.6663f,0f,0f,0f,1f],start_interpolation: 0,interpolation_duration: 1}
$data merge entity $(scout) {transformation: [0f,0f,0f,-1.0529f,0f,0f,0f,3.3733f,0f,0f,0f,2.5696f,0f,0f,0f,1f],start_interpolation: 0,interpolation_duration: 1}
$data merge entity $(right_hand) {transformation: [-0.8682f,-0.4812f,-0.1211f,-1.4689f,0.2057f,-0.1268f,-0.9704f,3.3971f,0.4516f,-0.8674f,0.2091f,2.1405f,0f,0f,0f,1f],start_interpolation: 0,interpolation_duration: 1}
$data merge entity $(right_forearm) {transformation: [-1.3145f,-0.2597f,0.3189f,-1.7937f,-0.3897f,0.445f,-1.2439f,4.0382f,0.1315f,-1.2774f,-0.4982f,0.1933f,0f,0f,0f,1f],start_interpolation: 0,interpolation_duration: 1}
$data merge entity $(right_shoulder) {transformation: [-1.4063f,0.4127f,0.0432f,-1.0085f,0.3977f,1.3841f,-0.2757f,5.6544f,-0.1184f,-0.2527f,-1.4394f,-0.0447f,0f,0f,0f,1f],start_interpolation: 0,interpolation_duration: 1}
$data merge entity $(right_arm) {transformation: [-0.9997f,-0.0023f,-0.0258f,-0.4456f,-0.0056f,0.9914f,0.1305f,5.9459f,0.0253f,0.1306f,-0.9911f,-0.0295f,0f,0f,0f,1f],start_interpolation: 0,interpolation_duration: 1}
$data merge entity $(left_thumb_2) {transformation: [-0.6695f,-0.3558f,0.652f,1.7161f,0.3674f,0.6044f,0.707f,2.9931f,-0.6456f,0.7129f,-0.2739f,-0.4403f,0f,0f,0f,1f],start_interpolation: 0,interpolation_duration: 1}
$data merge entity $(left_thumb) {transformation: [-0.6695f,0.652f,0.3558f,2.0202f,0.3674f,0.707f,-0.6044f,3.1746f,-0.6456f,-0.2739f,-0.7129f,-0.4227f,0f,0f,0f,1f],start_interpolation: 0,interpolation_duration: 1}
$data merge entity $(left_fingers2) {transformation: [0.4333f,-0.5984f,0.6739f,1.6743f,-0.034f,-0.7581f,-0.6513f,2.7136f,0.9006f,0.2592f,-0.3488f,-0.4612f,0f,0f,0f,1f],start_interpolation: 0,interpolation_duration: 1}
$data merge entity $(left_fingers) {transformation: [0.6168f,0.4067f,0.6739f,1.7777f,0.7559f,-0.0671f,-0.6513f,2.6684f,-0.2197f,0.9111f,-0.3488f,-0.198f,0f,0f,0f,1f],start_interpolation: 0,interpolation_duration: 1}
$data merge entity $(left_hand) {transformation: [-0.4333f,0.5984f,0.6739f,2.1729f,0.034f,0.7581f,-0.6513f,3.1054f,-0.9006f,-0.2592f,-0.3488f,-0.3771f,0f,0f,0f,1f],start_interpolation: 0,interpolation_duration: 1}
$data merge entity $(left_forearm) {transformation: [-1.3542f,0.1039f,-0.2288f,2.2648f,0.1832f,1.2666f,-0.5092f,5.0019f,0.172f,-0.5311f,-1.2591f,-1.2157f,0f,0f,0f,1f],start_interpolation: 0,interpolation_duration: 1}
$data merge entity $(left_shoulder) {transformation: [-1.0608f,-0.8724f,-0.5134f,1.0038f,-0.9876f,0.7289f,0.802f,5.6657f,-0.2219f,0.926f,-1.115f,-0.0956f,0f,0f,0f,1f],start_interpolation: 0,interpolation_duration: 1}
$data merge entity $(left_arm) {transformation: [-0.9997f,-0.0023f,-0.0258f,0.4392f,-0.0056f,0.9914f,0.1305f,5.9509f,0.0253f,0.1306f,-0.9911f,-0.0519f,0f,0f,0f,1f],start_interpolation: 0,interpolation_duration: 1}
$data merge entity $(chest) {transformation: [-1.2781f,-0.0029f,-0.033f,0f,-0.0072f,1.2676f,0.1668f,4.1624f,0.0323f,0.1669f,-1.2672f,-0.3108f,0f,0f,0f,1f],start_interpolation: 0,interpolation_duration: 1}
$data merge entity $(left_cheek) {transformation: [-0.9988f,-0.0112f,-0.047f,0.402f,-0.0277f,0.9294f,0.3681f,3.4532f,0.0396f,0.369f,-0.9286f,-1.2242f,0f,0f,0f,1f],start_interpolation: 0,interpolation_duration: 1}
$data merge entity $(left_foot) {transformation: [-1.0212f,0.0414f,-0.0269f,0.6127f,-0.0283f,-0.0343f,1.0214f,-2.2116f,0.0404f,1.021f,0.0354f,-5.787f,0f,0f,0f,1f],start_interpolation: 0,interpolation_duration: 1}
$data merge entity $(left_knee) {transformation: [-3.0382f,0.0762f,-0.1256f,0.8003f,-0.0843f,1.2254f,2.7827f,-0.3994f,0.1203f,2.7829f,-1.2219f,-1.9889f,0f,0f,0f,1f],start_interpolation: 0,interpolation_duration: 1}
$data merge entity $(left_leg) {transformation: [-1.716f,-0.0227f,-0.0798f,0.6949f,-0.0476f,1.6227f,0.5622f,2.1818f,0.068f,0.5637f,-1.6214f,-1.0354f,0f,0f,0f,1f],start_interpolation: 0,interpolation_duration: 1}
$data merge entity $(right_cheek) {transformation: [-0.9988f,-0.0115f,-0.0474f,-0.4811f,-0.0136f,0.9989f,0.0444f,3.3321f,0.0469f,0.045f,-0.9979f,-1.1988f,0f,0f,0f,1f],start_interpolation: 0,interpolation_duration: 1}
$data merge entity $(right_foot) {transformation: [-1.0212f,-0.0376f,-0.0328f,-0.4719f,-0.0139f,0.8599f,-0.5528f,-3.6124f,0.0479f,-0.5517f,-0.8594f,2.6697f,0f,0f,0f,1f],start_interpolation: 0,interpolation_duration: 1}
$data merge entity $(right_knee) {transformation: [-3.0381f,-0.0741f,-0.1287f,-0.6669f,-0.0414f,2.9543f,-0.7231f,0.4456f,0.1426f,-0.7204f,-2.9517f,1.556f,0f,0f,0f,1f],start_interpolation: 0,interpolation_duration: 1}
$data merge entity $(right_leg) {transformation: [-1.7159f,-0.0731f,-0.0411f,-0.7114f,-0.0234f,1.2262f,-1.203f,2.4463f,0.0805f,-1.201f,-1.2257f,-0.3356f,0f,0f,0f,1f],start_interpolation: 0,interpolation_duration: 1}
$data merge entity $(weist) {transformation: [-1.6203f,0f,-0.0804f,0f,-0.0174f,1.5839f,0.3507f,3.8472f,0.0785f,0.3511f,-1.5819f,-0.6783f,0f,0f,0f,1f],start_interpolation: 0,interpolation_duration: 1}
data modify storage animated_java:temp entry.data merge value {"locators":{"consume":{"px":-0.9291521783,"py":3.4205094409,"pz":2.6760410199,"ry":210.0804354622,"rx":-76.0164991375}}}
# Data Manager: Prepare for Read / Write
execute store result storage animated_java:temp args.id int 1 run scoreboard players get @s aj.id
# Data Manager: Write
function animated_java:global/data_manager/write with storage animated_java:temp args