# This file was generated by Animated Java via MC-Build. It is not recommended to edit this file directly.
$data merge entity $(neck) {transformation: [-1f,-0.0084f,0.0004f,-0.0059f,-0.0082f,0.9871f,0.1597f,6.0619f,-0.0017f,0.1597f,-0.9872f,-0.088f,0f,0f,0f,1f],start_interpolation: 0,interpolation_duration: 1}
$data merge entity $(right_thumb_2) {transformation: [-0.7239f,-0.0415f,-0.6886f,-0.6318f,0.5727f,0.5203f,-0.6334f,4.2006f,0.3846f,-0.853f,-0.3529f,2.4893f,0f,0f,0f,1f],start_interpolation: 0,interpolation_duration: 1}
$data merge entity $(right_thumb) {transformation: [-0.7239f,-0.6886f,0.0415f,-0.9612f,0.5727f,-0.6334f,-0.5203f,4.0891f,0.3846f,-0.3529f,0.853f,2.4208f,0f,0f,0f,1f],start_interpolation: 0,interpolation_duration: 1}
$data merge entity $(right_fingers2) {transformation: [0.8894f,0.4571f,-0.0048f,-0.5616f,-0.2392f,0.4565f,-0.857f,4.2291f,-0.3895f,0.7634f,0.5153f,2.8137f,0f,0f,0f,1f],start_interpolation: 0,interpolation_duration: 1}
$data merge entity $(right_fingers) {transformation: [0.4954f,-0.8686f,-0.0048f,-0.7952f,0.4456f,0.2588f,-0.857f,4.3091f,0.7457f,0.4224f,0.5153f,2.9589f,0f,0f,0f,1f],start_interpolation: 0,interpolation_duration: 1}
$data merge entity $(scout) {transformation: [0f,0f,0f,-0.6586f,0f,0f,0f,4.1549f,0f,0f,0f,2.9106f,0f,0f,0f,1f],start_interpolation: 0,interpolation_duration: 1}
$data merge entity $(right_hand) {transformation: [-0.8894f,-0.4571f,-0.0048f,-1.0717f,0.2392f,-0.4565f,-0.857f,3.9897f,0.3895f,-0.7634f,0.5153f,2.5109f,0f,0f,0f,1f],start_interpolation: 0,interpolation_duration: 1}
$data merge entity $(right_forearm) {transformation: [-1.2861f,-0.4025f,0.285f,-1.614f,-0.323f,0.0858f,-1.3362f,4.0837f,0.3727f,-1.3145f,-0.1745f,0.5095f,0f,0f,0f,1f],start_interpolation: 0,interpolation_duration: 1}
$data merge entity $(right_shoulder) {transformation: [-1.442f,0.2654f,0.0079f,-1f,0.2486f,1.365f,-0.4742f,5.7131f,-0.0931f,-0.465f,-1.3874f,0.006f,0f,0f,0f,1f],start_interpolation: 0,interpolation_duration: 1}
$data merge entity $(right_arm) {transformation: [-0.9954f,-0.0084f,-0.0956f,-0.4419f,-0.0235f,0.9871f,0.1582f,6.0136f,0.093f,0.1597f,-0.9828f,-0.0085f,0f,0f,0f,1f],start_interpolation: 0,interpolation_duration: 1}
$data merge entity $(left_thumb_2) {transformation: [-0.9111f,-0.0139f,0.412f,2.0435f,0.4052f,0.1524f,0.9014f,3.2578f,-0.0753f,0.9882f,-0.1332f,-1.5999f,0f,0f,0f,1f],start_interpolation: 0,interpolation_duration: 1}
$data merge entity $(left_thumb) {transformation: [-0.9111f,0.412f,0.0139f,2.3109f,0.4052f,0.9014f,-0.1524f,3.4899f,-0.0753f,-0.1332f,-0.9882f,-1.6177f,0f,0f,0f,1f],start_interpolation: 0,interpolation_duration: 1}
$data merge entity $(left_fingers2) {transformation: [0.7472f,-0.3928f,0.5361f,2.0133f,-0.2484f,-0.9132f,-0.323f,3.0067f,0.6164f,0.1082f,-0.78f,-1.7255f,0f,0f,0f,1f],start_interpolation: 0,interpolation_duration: 1}
$data merge entity $(left_fingers) {transformation: [0.425f,0.7294f,0.5361f,2.2131f,0.9015f,-0.288f,-0.323f,2.8969f,-0.0812f,0.6205f,-0.78f,-1.5521f,0f,0f,0f,1f],start_interpolation: 0,interpolation_duration: 1}
$data merge entity $(left_hand) {transformation: [-0.7472f,0.3928f,0.5361f,2.4743f,0.2484f,0.9132f,-0.323f,3.4448f,-0.6164f,-0.1082f,-0.78f,-1.6561f,0f,0f,0f,1f],start_interpolation: 0,interpolation_duration: 1}
$data merge entity $(left_forearm) {transformation: [-1.1177f,-0.17f,-0.7868f,2.1432f,-0.1772f,1.3652f,-0.0433f,5.4918f,0.7852f,0.0661f,-1.1297f,-1.565f,0f,0f,0f,1f],start_interpolation: 0,interpolation_duration: 1}
$data merge entity $(left_shoulder) {transformation: [-0.9573f,-0.7967f,-0.7737f,1.0037f,-1.0783f,0.4222f,0.8993f,5.7603f,-0.2659f,1.1562f,-0.8616f,-0.1813f,0f,0f,0f,1f],start_interpolation: 0,interpolation_duration: 1}
$data merge entity $(left_arm) {transformation: [-0.9954f,-0.0084f,-0.0956f,0.4391f,-0.0235f,0.9871f,0.1582f,6.0344f,0.093f,0.1597f,-0.9828f,-0.0909f,0f,0f,0f,1f],start_interpolation: 0,interpolation_duration: 1}
$data merge entity $(chest) {transformation: [-1.2726f,-0.0107f,-0.1222f,0.0104f,-0.03f,1.2621f,0.2022f,4.2467f,0.1189f,0.2042f,-1.2565f,-0.3721f,0f,0f,0f,1f],start_interpolation: 0,interpolation_duration: 1}
$data merge entity $(left_cheek) {transformation: [-0.9977f,-0.0243f,-0.0636f,0.3915f,-0.0443f,0.9409f,0.3359f,3.4834f,0.0517f,0.3379f,-0.9398f,-1.3708f,0f,0f,0f,1f],start_interpolation: 0,interpolation_duration: 1}
$data merge entity $(left_foot) {transformation: [-1.02f,0.067f,-0.0189f,0.6139f,-0.0453f,-0.4288f,0.927f,-1.1995f,0.0528f,0.9257f,0.4308f,-5.624f,0f,0f,0f,1f],start_interpolation: 0,interpolation_duration: 1}
$data merge entity $(left_knee) {transformation: [-3.0347f,0.1352f,-0.1569f,0.8817f,-0.1348f,0.4589f,3.0039f,-0.4376f,0.1572f,3.0039f,-0.4519f,-1.4896f,0f,0f,0f,1f],start_interpolation: 0,interpolation_duration: 1}
$data merge entity $(left_leg) {transformation: [-1.714f,-0.0672f,-0.0957f,0.7055f,-0.0762f,1.7084f,0.1638f,2.2914f,0.0888f,0.1677f,-1.7075f,-1.1672f,0f,0f,0f,1f],start_interpolation: 0,interpolation_duration: 1}
$data merge entity $(right_cheek) {transformation: [-0.9976f,-0.0123f,-0.0674f,-0.4777f,-0.0188f,0.9952f,0.0963f,3.4364f,0.0659f,0.0974f,-0.9931f,-1.2704f,0f,0f,0f,1f],start_interpolation: 0,interpolation_duration: 1}
$data merge entity $(right_foot) {transformation: [-1.02f,-0.0515f,-0.0475f,-0.3795f,-0.0192f,0.8722f,-0.533f,-3.6863f,0.0674f,-0.5308f,-0.8712f,2.3035f,0f,0f,0f,1f],start_interpolation: 0,interpolation_duration: 1}
$data merge entity $(right_knee) {transformation: [-3.0346f,-0.0956f,-0.1852f,-0.6065f,-0.0572f,2.9809f,-0.6025f,0.4131f,0.2005f,-0.5976f,-2.9757f,1.3604f,0f,0f,0f,1f],start_interpolation: 0,interpolation_duration: 1}
$data merge entity $(right_leg) {transformation: [-1.7139f,-0.0974f,-0.0661f,-0.6894f,-0.0323f,1.3164f,-1.1034f,2.5556f,0.1132f,-1.0996f,-1.3151f,-0.3674f,0f,0f,0f,1f],start_interpolation: 0,interpolation_duration: 1}
$data merge entity $(weist) {transformation: [-1.6185f,0f,-0.112f,0.0104f,-0.0274f,1.573f,0.3961f,3.9424f,0.1086f,0.3971f,-1.5692f,-0.7487f,0f,0f,0f,1f],start_interpolation: 0,interpolation_duration: 1}
data modify storage animated_java:temp entry.data merge value {"locators":{"consume":{"px":-0.542058703,"py":4.2480671184,"pz":2.9918670837,"ry":180.5307932858,"rx":-58.9812859578}}}
# Data Manager: Prepare for Read / Write
execute store result storage animated_java:temp args.id int 1 run scoreboard players get @s aj.id
# Data Manager: Write
function animated_java:global/data_manager/write with storage animated_java:temp args