# This file was generated by Animated Java via MC-Build. It is not recommended to edit this file directly.
$data merge entity $(neck) {transformation: [-0.9999f,-0.0138f,0.0006f,-0.0026f,-0.0134f,0.98f,0.1986f,5.9384f,-0.0033f,0.1985f,-0.9801f,-0.0986f,0f,0f,0f,1f],start_interpolation: 0,interpolation_duration: 1}
$data merge entity $(right_thumb_2) {transformation: [-0.7724f,-0.1013f,-0.627f,-0.355f,0.5755f,0.3062f,-0.7583f,4.4623f,0.2688f,-0.9466f,-0.1782f,2.5372f,0f,0f,0f,1f],start_interpolation: 0,interpolation_duration: 1}
$data merge entity $(right_thumb) {transformation: [-0.7724f,-0.627f,0.1013f,-0.6727f,0.5755f,-0.7583f,-0.3062f,4.308f,0.2688f,-0.1782f,0.9466f,2.5064f,0f,0f,0f,1f],start_interpolation: 0,interpolation_duration: 1}
$data merge entity $(right_fingers2) {transformation: [0.9044f,0.4183f,0.0846f,-0.2845f,-0.2379f,0.6588f,-0.7137f,4.5703f,-0.3543f,0.6253f,0.6953f,2.8443f,0f,0f,0f,1f],start_interpolation: 0,interpolation_duration: 1}
$data merge entity $(right_fingers) {transformation: [0.4574f,-0.8853f,0.0846f,-0.5233f,0.6478f,0.2665f,-0.7137f,4.6592f,0.6093f,0.3812f,0.6953f,2.9753f,0f,0f,0f,1f],start_interpolation: 0,interpolation_duration: 1}
$data merge entity $(scout) {transformation: [0f,0f,0f,-0.3727f,0f,0f,0f,4.5114f,0f,0f,0f,2.9586f,0f,0f,0f,1f],start_interpolation: 0,interpolation_duration: 1}
$data merge entity $(right_hand) {transformation: [-0.9044f,-0.4183f,0.0846f,-0.7719f,0.2379f,-0.6588f,-0.7137f,4.2219f,0.3543f,-0.6253f,0.6953f,2.6201f,0f,0f,0f,1f],start_interpolation: 0,interpolation_duration: 1}
$data merge entity $(right_forearm) {transformation: [-1.2513f,-0.4999f,0.2855f,-1.4623f,-0.2432f,-0.16f,-1.3462f,3.942f,0.5217f,-1.2734f,0.0571f,0.6828f,0f,0f,0f,1f],start_interpolation: 0,interpolation_duration: 1}
$data merge entity $(right_shoulder) {transformation: [-1.4584f,0.1514f,-0.0046f,-0.9836f,0.1411f,1.3422f,-0.573f,5.5685f,-0.055f,-0.5703f,-1.3496f,0.0419f,0f,0f,0f,1f],start_interpolation: 0,interpolation_duration: 1}
$data merge entity $(right_arm) {transformation: [-0.9873f,-0.0138f,-0.1582f,-0.4322f,-0.0448f,0.98f,0.1939f,5.8793f,0.1524f,0.1985f,-0.9682f,0.0053f,0f,0f,0f,1f],start_interpolation: 0,interpolation_duration: 1}
$data merge entity $(left_thumb_2) {transformation: [-0.8104f,0.5342f,0.2408f,1.911f,0.1762f,-0.1697f,0.9696f,3.5974f,0.5588f,0.8282f,0.0434f,-2.5779f,0f,0f,0f,1f],start_interpolation: 0,interpolation_duration: 1}
$data merge entity $(left_thumb) {transformation: [-0.8104f,0.2408f,-0.5342f,2.1161f,0.1762f,0.9696f,0.1697f,3.8808f,0.5588f,0.0434f,-0.8282f,-2.6351f,0f,0f,0f,1f],start_interpolation: 0,interpolation_duration: 1}
$data merge entity $(left_fingers2) {transformation: [0.9668f,-0.2402f,0.087f,1.8286f,-0.2437f,-0.9693f,0.0318f,3.3948f,0.0767f,-0.0519f,-0.9957f,-2.7567f,0f,0f,0f,1f],start_interpolation: 0,interpolation_duration: 1}
$data merge entity $(left_fingers) {transformation: [0.2822f,0.9554f,0.087f,2.0935f,0.9578f,-0.2858f,0.0318f,3.2866f,0.0552f,0.0743f,-0.9957f,-2.7443f,0f,0f,0f,1f],start_interpolation: 0,interpolation_duration: 1}
$data merge entity $(left_hand) {transformation: [-0.9668f,0.2402f,0.087f,2.2401f,0.2437f,0.9693f,0.0318f,3.8845f,-0.0767f,0.0519f,-0.9957f,-2.7568f,0f,0f,0f,1f],start_interpolation: 0,interpolation_duration: 1}
$data merge entity $(left_forearm) {transformation: [-0.4821f,-0.1289f,-1.2838f,1.9791f,-0.6246f,1.2225f,0.1118f,5.7037f,1.1289f,0.6213f,-0.4864f,-1.7919f,0f,0f,0f,1f],start_interpolation: 0,interpolation_duration: 1}
$data merge entity $(left_shoulder) {transformation: [-0.8839f,-0.6789f,-0.9527f,1.0038f,-1.1269f,0.1737f,0.9218f,5.6587f,-0.3139f,1.2879f,-0.6266f,-0.2648f,0f,0f,0f,1f],start_interpolation: 0,interpolation_duration: 1}
$data merge entity $(left_arm) {transformation: [-0.9873f,-0.0138f,-0.1582f,0.4417f,-0.0448f,0.98f,0.1939f,5.9189f,0.1524f,0.1985f,-0.9682f,-0.1295f,0f,0f,0f,1f],start_interpolation: 0,interpolation_duration: 1}
$data merge entity $(chest) {transformation: [-1.2623f,-0.0177f,-0.2023f,0.0243f,-0.0573f,1.253f,0.2479f,4.1359f,0.1948f,0.2538f,-1.2379f,-0.4542f,0f,0f,0f,1f],start_interpolation: 0,interpolation_duration: 1}
$data merge entity $(left_cheek) {transformation: [-0.9966f,-0.0371f,-0.073f,0.3922f,-0.0583f,0.9474f,0.3146f,3.404f,0.0575f,0.3178f,-0.9464f,-1.5032f,0f,0f,0f,1f],start_interpolation: 0,interpolation_duration: 1}
$data merge entity $(left_foot) {transformation: [-1.0189f,0.0836f,-0.0055f,0.6382f,-0.0597f,-0.6768f,0.7639f,-0.4418f,0.0588f,0.7617f,0.6794f,-5.211f,0f,0f,0f,1f],start_interpolation: 0,interpolation_duration: 1}
$data merge entity $(left_knee) {transformation: [-3.0315f,0.183f,-0.1691f,0.9716f,-0.1775f,-0.1361f,3.0335f,-0.501f,0.175f,3.0332f,0.1464f,-1.0121f,0f,0f,0f,1f],start_interpolation: 0,interpolation_duration: 1}
$data merge entity $(left_leg) {transformation: [-1.7122f,-0.1121f,-0.0851f,0.7233f,-0.1002f,1.7005f,-0.2227f,2.2257f,0.0988f,-0.217f,-1.7013f,-1.3058f,0f,0f,0f,1f],start_interpolation: 0,interpolation_duration: 1}
$data merge entity $(right_cheek) {transformation: [-0.9966f,-0.0084f,-0.0817f,-0.467f,-0.0238f,0.9815f,0.19f,3.3854f,0.0786f,0.1913f,-0.9784f,-1.3698f,0f,0f,0f,1f],start_interpolation: 0,interpolation_duration: 1}
$data merge entity $(right_foot) {transformation: [-1.0189f,-0.0517f,-0.0661f,-0.3397f,-0.0244f,0.953f,-0.3693f,-4.0514f,0.0803f,-0.3665f,-0.951f,1.5036f,0f,0f,0f,1f],start_interpolation: 0,interpolation_duration: 1}
$data merge entity $(right_knee) {transformation: [-3.0315f,-0.0948f,-0.2311f,-0.5673f,-0.0725f,3.027f,-0.2903f,0.124f,0.239f,-0.2838f,-3.019f,0.9941f,0f,0f,0f,1f],start_interpolation: 0,interpolation_duration: 1}
$data merge entity $(right_leg) {transformation: [-1.7122f,-0.1078f,-0.0909f,-0.6662f,-0.0409f,1.4397f,-0.9365f,2.4596f,0.135f,-0.9312f,-1.4374f,-0.4613f,0f,0f,0f,1f],start_interpolation: 0,interpolation_duration: 1}
$data merge entity $(weist) {transformation: [-1.6168f,0f,-0.1335f,0.0243f,-0.0377f,1.5564f,0.4562f,3.8464f,0.1281f,0.4578f,-1.5511f,-0.8422f,0f,0f,0f,1f],start_interpolation: 0,interpolation_duration: 1}
data modify storage animated_java:temp entry.data merge value {"locators":{"consume":{"px":-0.2650091062,"py":4.631087433,"pz":3.0128663322,"ry":173.0625729682,"rx":-45.5387073694}}}
# Data Manager: Prepare for Read / Write
execute store result storage animated_java:temp args.id int 1 run scoreboard players get @s aj.id
# Data Manager: Write
function animated_java:global/data_manager/write with storage animated_java:temp args