# This file was generated by Animated Java via MC-Build. It is not recommended to edit this file directly.
$data merge entity $(up) {transformation: [-1.9653f,0f,0f,0f,0f,1.3278f,1.449f,0.5678f,0f,1.449f,-1.3278f,2.9528f,0f,0f,0f,1f],start_interpolation: 0,interpolation_duration: 1}
$data merge entity $(down) {transformation: [-1.2477f,0f,0f,0f,0f,0.8429f,0.9199f,0.4077f,0f,0.9199f,-0.8429f,3.3083f,0f,0f,0f,1f],start_interpolation: 0,interpolation_duration: 1}
$data merge entity $(right_hand) {transformation: [-0.9501f,0.2644f,-0.1655f,-2.7152f,0.2666f,0.9638f,0.0092f,-1.799f,0.162f,-0.0354f,-0.9862f,3.1233f,0f,0f,0f,1f],start_interpolation: 0,interpolation_duration: 1}
$data merge entity $(right_forearm) {transformation: [-1.968f,0.5478f,-0.3429f,-2.4924f,0.5523f,1.9963f,0.019f,-0.2215f,0.3355f,-0.0733f,-2.0428f,1.8331f,0f,0f,0f,1f],start_interpolation: 0,interpolation_duration: 1}
$data merge entity $(right_arm) {transformation: [-1.4557f,0.4052f,-0.2536f,-1.9334f,0.4085f,1.4766f,0.0141f,1.3427f,0.2482f,-0.0542f,-1.5109f,1.5256f,0f,0f,0f,1f],start_interpolation: 0,interpolation_duration: 1}
$data merge entity $(left_hand) {transformation: [-0.9501f,-0.2644f,0.1655f,2.7152f,-0.2666f,0.9638f,0.0092f,-1.799f,-0.162f,-0.0354f,-0.9862f,3.1233f,0f,0f,0f,1f],start_interpolation: 0,interpolation_duration: 1}
$data merge entity $(left_forearm) {transformation: [-1.968f,-0.5478f,0.3429f,2.4924f,-0.5523f,1.9963f,0.019f,-0.2214f,-0.3355f,-0.0733f,-2.0428f,1.8331f,0f,0f,0f,1f],start_interpolation: 0,interpolation_duration: 1}
$data merge entity $(left_arm) {transformation: [-1.4557f,-0.4052f,0.2536f,1.9334f,-0.4085f,1.4766f,0.0141f,1.3427f,-0.2482f,-0.0542f,-1.5109f,1.5256f,0f,0f,0f,1f],start_interpolation: 0,interpolation_duration: 1}
$data merge entity $(chest) {transformation: [-2.8487f,0f,0f,0f,0f,1.9245f,2.1003f,2.9559f,0f,2.1003f,-1.9245f,-0.595f,0f,0f,0f,1f],start_interpolation: 0,interpolation_duration: 1}
$data merge entity $(left_foot) {transformation: [-0.9063f,-0.0734f,0.4162f,2.2963f,-0.2855f,0.8324f,-0.475f,2.7376f,-0.3116f,-0.5493f,-0.7754f,-3.387f,0f,0f,0f,1f],start_interpolation: 0,interpolation_duration: 1}
$data merge entity $(left_knee) {transformation: [-1.1435f,-0.4368f,0.3059f,2.0008f,-0.3603f,1.1664f,0.3189f,1.9903f,-0.3931f,0.2017f,-1.1818f,-1.7845f,0f,0f,0f,1f],start_interpolation: 0,interpolation_duration: 1}
$data merge entity $(left_leg) {transformation: [-1.8378f,-0.7918f,0.328f,1.0815f,-0.579f,1.7192f,0.9061f,4.1554f,-0.6318f,0.7276f,-1.7842f,-1.2122f,0f,0f,0f,1f],start_interpolation: 0,interpolation_duration: 1}
$data merge entity $(right_foot) {transformation: [-0.9063f,0.366f,-0.2113f,-1.4931f,0.2855f,0.8989f,0.3324f,6.0421f,0.3116f,0.2409f,-0.9192f,-4.0787f,0f,0f,0f,1f],start_interpolation: 0,interpolation_duration: 1}
$data merge entity $(right_knee) {transformation: [-1.1435f,0.5151f,0.138f,-1.8379f,0.3603f,0.5055f,1.0985f,4.3805f,0.3931f,1.035f,-0.6052f,-3.5009f,0f,0f,0f,1f],start_interpolation: 0,interpolation_duration: 1}
$data merge entity $(right_leg) {transformation: [-1.8378f,0.5217f,0.6799f,-1.0815f,0.579f,-0.4303f,1.8952f,4.1554f,0.6318f,1.9117f,0.241f,-1.2122f,0f,0f,0f,1f],start_interpolation: 0,interpolation_duration: 1}
$data merge entity $(group) {transformation: [-1.9904f,0f,0f,0f,0f,1.3447f,1.4675f,2.2512f,0f,1.4675f,-1.3447f,0.4285f,0f,0f,0f,1f],start_interpolation: 0,interpolation_duration: 1}