# This file was generated by Animated Java via MC-Build. It is not recommended to edit this file directly.
$data merge entity $(up) {transformation: [-1.9653f,0f,0f,0f,0f,1.9553f,0.198f,1.4021f,0f,0.198f,-1.9553f,3.399f,0f,0f,0f,1f],start_interpolation: 0,interpolation_duration: 1}
$data merge entity $(down) {transformation: [-1.2477f,0f,0f,0f,0f,1.2305f,0.2066f,1.5191f,0f,0.2066f,-1.2305f,3.7709f,0f,0f,0f,1f],start_interpolation: 0,interpolation_duration: 1}
$data merge entity $(right_hand) {transformation: [-0.977f,-0.2063f,-0.0548f,-2.6505f,-0.1981f,0.9719f,-0.1273f,-1.5452f,0.0796f,-0.1135f,-0.9903f,2.9688f,0f,0f,0f,1f],start_interpolation: 0,interpolation_duration: 1}
$data merge entity $(right_forearm) {transformation: [-1.5818f,0.717f,-1.1289f,-2.7726f,0.6966f,1.9344f,0.2525f,0.1155f,1.1416f,-0.1868f,-1.7183f,1.7863f,0f,0f,0f,1f],start_interpolation: 0,interpolation_duration: 1}
$data merge entity $(right_arm) {transformation: [-1.17f,0.7446f,-0.6512f,-1.9334f,0.5152f,1.3197f,0.5833f,1.5813f,0.8444f,0.2264f,-1.2582f,1.7574f,0f,0f,0f,1f],start_interpolation: 0,interpolation_duration: 1}
$data merge entity $(left_hand) {transformation: [-0.977f,0.2063f,0.0548f,2.6505f,0.1981f,0.9719f,-0.1273f,-1.5452f,-0.0796f,-0.1135f,-0.9903f,2.9688f,0f,0f,0f,1f],start_interpolation: 0,interpolation_duration: 1}
$data merge entity $(left_forearm) {transformation: [-1.5818f,-0.717f,1.1289f,2.7726f,-0.6966f,1.9344f,0.2525f,0.1155f,-1.1416f,-0.1868f,-1.7183f,1.7863f,0f,0f,0f,1f],start_interpolation: 0,interpolation_duration: 1}
$data merge entity $(left_arm) {transformation: [-1.17f,-0.7446f,0.6512f,1.9334f,-0.5152f,1.3197f,0.5833f,1.5813f,-0.8444f,0.2264f,-1.2582f,1.7574f,0f,0f,0f,1f],start_interpolation: 0,interpolation_duration: 1}
$data merge entity $(chest) {transformation: [-2.8487f,0f,0f,0f,0f,2.4975f,1.3702f,2.4309f,0f,1.3702f,-2.4975f,-0.7672f,0f,0f,0f,1f],start_interpolation: 0,interpolation_duration: 1}
$data merge entity $(left_foot) {transformation: [-0.9434f,-0.2339f,0.2352f,2.0091f,-0.2909f,0.9243f,-0.2472f,1.6174f,-0.1596f,-0.3017f,-0.94f,-3.9139f,0f,0f,0f,1f],start_interpolation: 0,interpolation_duration: 1}
$data merge entity $(left_knee) {transformation: [-1.1903f,-0.3817f,0.1717f,1.8871f,-0.367f,1.2007f,0.1254f,1.1314f,-0.2013f,0.0683f,-1.2437f,-2.1927f,0f,0f,0f,1f],start_interpolation: 0,interpolation_duration: 1}
$data merge entity $(left_leg) {transformation: [-1.913f,-0.6649f,0.1023f,1.0815f,-0.5898f,1.806f,0.7089f,3.3684f,-0.3236f,0.639f,-1.8971f,-1.7373f,0f,0f,0f,1f],start_interpolation: 0,interpolation_duration: 1}
$data merge entity $(right_foot) {transformation: [-0.9434f,0.3114f,-0.1143f,-1.7291f,0.2909f,0.9422f,0.1665f,3.0701f,0.1596f,0.1239f,-0.9794f,-4.9061f,0f,0f,0f,1f],start_interpolation: 0,interpolation_duration: 1}
$data merge entity $(right_knee) {transformation: [-1.1903f,0.4185f,0.0057f,-1.8645f,0.367f,1.0352f,0.6211f,1.9357f,0.2013f,0.5875f,-1.0983f,-3.5247f,0f,0f,0f,1f],start_interpolation: 0,interpolation_duration: 1}
$data merge entity $(right_leg) {transformation: [-1.913f,0.5898f,0.3236f,-1.0815f,0.5898f,1.0013f,1.6618f,3.3684f,0.3236f,1.6618f,-1.1161f,-1.7373f,0f,0f,0f,1f],start_interpolation: 0,interpolation_duration: 1}
$data merge entity $(group) {transformation: [-1.9904f,0f,0f,0f,0f,1.7451f,0.9574f,2.0926f,0f,0.9574f,-1.7451f,0.4285f,0f,0f,0f,1f],start_interpolation: 0,interpolation_duration: 1}