# This file was generated by Animated Java via MC-Build. It is not recommended to edit this file directly.
$data merge entity $(up) {transformation: [-1.9653f,0f,0f,0f,0f,0.7658f,1.81f,1.3748f,0f,1.81f,-0.7658f,3.2913f,0f,0f,0f,1f],start_interpolation: 0,interpolation_duration: 1}
$data merge entity $(down) {transformation: [-1.2477f,0f,0f,0f,0f,0.4632f,1.1585f,1.1048f,0f,1.1585f,-0.4632f,3.5726f,0f,0f,0f,1f],start_interpolation: 0,interpolation_duration: 1}
$data merge entity $(right_hand) {transformation: [-0.9391f,0.0486f,0.3403f,-3.8358f,0.0977f,0.9868f,0.1287f,-0.5025f,-0.3295f,0.1542f,-0.9315f,2.2339f,0f,0f,0f,1f],start_interpolation: 0,interpolation_duration: 1}
$data merge entity $(right_forearm) {transformation: [-0.7619f,1.4226f,-1.2986f,-3.5464f,0.9515f,1.4922f,1.0765f,1.2727f,1.6748f,-0.2005f,-1.2023f,1.3571f,0f,0f,0f,1f],start_interpolation: 0,interpolation_duration: 1}
$data merge entity $(right_arm) {transformation: [-0.5636f,1.38f,0.354f,-1.9334f,0.7038f,-0.0614f,1.3595f,1.3304f,1.2388f,0.6627f,-0.6113f,1.8555f,0f,0f,0f,1f],start_interpolation: 0,interpolation_duration: 1}
$data merge entity $(left_hand) {transformation: [-0.9391f,-0.0486f,-0.3403f,3.8358f,-0.0977f,0.9868f,0.1287f,-0.5025f,0.3295f,0.1542f,-0.9315f,2.2339f,0f,0f,0f,1f],start_interpolation: 0,interpolation_duration: 1}
$data merge entity $(left_forearm) {transformation: [-0.7619f,-1.4226f,1.2986f,3.5464f,-0.9515f,1.4922f,1.0765f,1.2727f,-1.6748f,-0.2005f,-1.2023f,1.3571f,0f,0f,0f,1f],start_interpolation: 0,interpolation_duration: 1}
$data merge entity $(left_arm) {transformation: [-0.5636f,-1.38f,-0.354f,1.9334f,-0.7038f,-0.0614f,1.3595f,1.3304f,-1.2388f,0.6627f,-0.6113f,1.8555f,0f,0f,0f,1f],start_interpolation: 0,interpolation_duration: 1}
$data merge entity $(chest) {transformation: [-2.8487f,0f,0f,0f,0f,2.7997f,0.526f,1.3266f,0f,0.526f,-2.7997f,-0.8131f,0f,0f,0f,1f],start_interpolation: 0,interpolation_duration: 1}
$data merge entity $(left_foot) {transformation: [-0.8954f,-0.382f,0.2288f,2.0902f,-0.4386f,0.8452f,-0.3053f,0.2528f,-0.0767f,-0.3738f,-0.9243f,-4.048f,0f,0f,0f,1f],start_interpolation: 0,interpolation_duration: 1}
$data merge entity $(left_knee) {transformation: [-1.1298f,-0.5601f,0.0446f,2.1917f,-0.5534f,1.1266f,0.1283f,-0.2151f,-0.0968f,0.0953f,-1.2544f,-2.3204f,0f,0f,0f,1f],start_interpolation: 0,interpolation_duration: 1}
$data merge entity $(left_leg) {transformation: [-1.8157f,-0.8986f,-0.0888f,1.0815f,-0.8895f,1.7455f,0.5236f,1.9161f,-0.1556f,0.5077f,-1.957f,-2.0266f,0f,0f,0f,1f],start_interpolation: 0,interpolation_duration: 1}
$data merge entity $(right_foot) {transformation: [-0.8954f,0.382f,-0.2288f,-2.0902f,0.4386f,0.8452f,-0.3053f,0.2528f,0.0767f,-0.3738f,-0.9243f,-4.048f,0f,0f,0f,1f],start_interpolation: 0,interpolation_duration: 1}
$data merge entity $(right_knee) {transformation: [-1.1298f,0.5601f,-0.0446f,-2.1917f,0.5534f,1.1266f,0.1283f,-0.2151f,0.0968f,0.0953f,-1.2544f,-2.3204f,0f,0f,0f,1f],start_interpolation: 0,interpolation_duration: 1}
$data merge entity $(right_leg) {transformation: [-1.8157f,0.8986f,0.0888f,-1.0815f,0.8895f,1.7455f,0.5236f,1.9161f,0.1556f,0.5077f,-1.957f,-2.0266f,0f,0f,0f,1f],start_interpolation: 0,interpolation_duration: 1}
$data merge entity $(group) {transformation: [-1.9904f,0f,0f,0f,0f,1.9562f,0.3675f,1.3767f,0f,0.3675f,-1.9562f,0.4285f,0f,0f,0f,1f],start_interpolation: 0,interpolation_duration: 1}