# This file was generated by Animated Java via MC-Build. It is not recommended to edit this file directly.
$data merge entity $(up) {transformation: [-1.9653f,0f,0f,0f,0f,0.9075f,1.7433f,1.4746f,0f,1.7433f,-0.9075f,3.3073f,0f,0f,0f,1f],start_interpolation: 0,interpolation_duration: 1}
$data merge entity $(down) {transformation: [-1.2477f,0f,0f,0f,0f,0.5761f,1.1067f,1.2279f,0f,1.1067f,-0.5761f,3.6093f,0f,0f,0f,1f],start_interpolation: 0,interpolation_duration: 1}
$data merge entity $(right_hand) {transformation: [-0.952f,0.0047f,0.3062f,-3.7945f,0.0316f,0.996f,0.0831f,-0.578f,-0.3046f,0.0888f,-0.9483f,2.2851f,0f,0f,0f,1f],start_interpolation: 0,interpolation_duration: 1}
$data merge entity $(right_forearm) {transformation: [-0.876f,1.3769f,-1.2758f,-3.5253f,0.989f,1.5351f,0.9778f,1.1706f,1.5954f,-0.1956f,-1.3066f,1.349f,0f,0f,0f,1f],start_interpolation: 0,interpolation_duration: 1}
$data merge entity $(right_arm) {transformation: [-0.6479f,1.3686f,0.2335f,-1.9334f,0.7315f,0.1175f,1.3411f,1.417f,1.18f,0.6786f,-0.7031f,1.8575f,0f,0f,0f,1f],start_interpolation: 0,interpolation_duration: 1}
$data merge entity $(left_hand) {transformation: [-0.952f,-0.0047f,-0.3062f,3.7945f,-0.0316f,0.996f,0.0831f,-0.578f,0.3046f,0.0888f,-0.9483f,2.2851f,0f,0f,0f,1f],start_interpolation: 0,interpolation_duration: 1}
$data merge entity $(left_forearm) {transformation: [-0.876f,-1.3769f,1.2758f,3.5253f,-0.989f,1.5351f,0.9778f,1.1706f,-1.5954f,-0.1956f,-1.3066f,1.349f,0f,0f,0f,1f],start_interpolation: 0,interpolation_duration: 1}
$data merge entity $(left_arm) {transformation: [-0.6479f,-1.3686f,-0.2335f,1.9334f,-0.7315f,0.1175f,1.3411f,1.417f,-1.18f,0.6786f,-0.7031f,1.8575f,0f,0f,0f,1f],start_interpolation: 0,interpolation_duration: 1}
$data merge entity $(chest) {transformation: [-2.8487f,0f,0f,0f,0f,2.8054f,0.4947f,1.3747f,0f,0.4947f,-2.8054f,-0.8125f,0f,0f,0f,1f],start_interpolation: 0,interpolation_duration: 1}
$data merge entity $(left_foot) {transformation: [-0.9063f,-0.366f,0.2113f,2.0453f,-0.4162f,0.8598f,-0.2959f,0.2499f,-0.0734f,-0.3561f,-0.9316f,-4.0371f,0f,0f,0f,1f],start_interpolation: 0,interpolation_duration: 1}
$data merge entity $(left_knee) {transformation: [-1.1435f,-0.5312f,0.0465f,2.1368f,-0.5251f,1.141f,0.1201f,-0.2108f,-0.0926f,0.0895f,-1.2552f,-2.3071f,0f,0f,0f,1f],start_interpolation: 0,interpolation_duration: 1}
$data merge entity $(left_leg) {transformation: [-1.8378f,-0.8537f,-0.0747f,1.0815f,-0.844f,1.7723f,0.5085f,1.9506f,-0.1488f,0.492f,-1.9616f,-2.0324f,0f,0f,0f,1f],start_interpolation: 0,interpolation_duration: 1}
$data merge entity $(right_foot) {transformation: [-0.9063f,0.366f,-0.2113f,-2.0453f,0.4162f,0.8598f,-0.2959f,0.2499f,0.0734f,-0.3561f,-0.9316f,-4.0371f,0f,0f,0f,1f],start_interpolation: 0,interpolation_duration: 1}
$data merge entity $(right_knee) {transformation: [-1.1435f,0.5312f,-0.0465f,-2.1368f,0.5251f,1.141f,0.1201f,-0.2108f,0.0926f,0.0895f,-1.2552f,-2.3071f,0f,0f,0f,1f],start_interpolation: 0,interpolation_duration: 1}
$data merge entity $(right_leg) {transformation: [-1.8378f,0.8537f,0.0747f,-1.0815f,0.844f,1.7723f,0.5085f,1.9506f,0.1488f,0.492f,-1.9616f,-2.0324f,0f,0f,0f,1f],start_interpolation: 0,interpolation_duration: 1}
$data merge entity $(group) {transformation: [-1.9904f,0f,0f,0f,0f,1.9602f,0.3456f,1.4387f,0f,0.3456f,-1.9602f,0.4285f,0f,0f,0f,1f],start_interpolation: 0,interpolation_duration: 1}