# This file was generated by Animated Java via MC-Build. It is not recommended to edit this file directly.
$data merge entity $(bone_up) {transformation: [-1.9653f,0f,0f,0f,0f,1.083f,1.64f,1.6532f,0f,1.64f,-1.083f,3.325f,0f,0f,0f,1f],start_interpolation: 0,interpolation_duration: 1}
$data merge entity $(bone_down) {transformation: [-1.2477f,0f,0f,0f,0f,0.6954f,1.0359f,1.4391f,0f,1.0359f,-0.6954f,3.6508f,0f,0f,0f,1f],start_interpolation: 0,interpolation_duration: 1}
$data merge entity $(bone_right_hand) {transformation: [-0.9673f,-0.0614f,0.2461f,-3.6829f,-0.0638f,0.998f,-0.0017f,-0.7064f,-0.2455f,-0.0173f,-0.9692f,2.3839f,0f,0f,0f,1f],start_interpolation: 0,interpolation_duration: 1}
$data merge entity $(bone_right_forearm) {transformation: [-1.0932f,1.2825f,-1.2045f,-3.4405f,1.0227f,1.6171f,0.7937f,0.9947f,1.4317f,-0.1758f,-1.4866f,1.3539f,0f,0f,0f,1f],start_interpolation: 0,interpolation_duration: 1}
$data merge entity $(bone_right_arm) {transformation: [-0.8086f,1.3007f,0.0416f,-1.9334f,0.7564f,0.4299f,1.2611f,1.5665f,1.059f,0.6861f,-0.8691f,1.8591f,0f,0f,0f,1f],start_interpolation: 0,interpolation_duration: 1}
$data merge entity $(bone_left_hand) {transformation: [-0.9673f,0.0614f,-0.2461f,3.6829f,0.0638f,0.998f,-0.0017f,-0.7064f,0.2455f,-0.0173f,-0.9692f,2.3839f,0f,0f,0f,1f],start_interpolation: 0,interpolation_duration: 1}
$data merge entity $(bone_left_forearm) {transformation: [-1.0932f,-1.2825f,1.2045f,3.4405f,-1.0227f,1.6171f,0.7937f,0.9947f,-1.4317f,-0.1758f,-1.4866f,1.3539f,0f,0f,0f,1f],start_interpolation: 0,interpolation_duration: 1}
$data merge entity $(bone_left_arm) {transformation: [-0.8086f,-1.3007f,-0.0416f,1.9334f,-0.7564f,0.4299f,1.2611f,1.5665f,-1.059f,0.6861f,-0.8691f,1.8591f,0f,0f,0f,1f],start_interpolation: 0,interpolation_duration: 1}
$data merge entity $(bone_chest) {transformation: [-2.8487f,0f,0f,0f,0f,2.8149f,0.4375f,1.4605f,0f,0.4375f,-2.8149f,-0.8109f,0f,0f,0f,1f],start_interpolation: 0,interpolation_duration: 1}
$data merge entity $(bone_left_foot) {transformation: [-0.9232f,-0.3362f,0.1862f,1.9685f,-0.378f,0.8816f,-0.2826f,0.2532f,-0.0691f,-0.3313f,-0.941f,-4.0099f,0f,0f,0f,1f],start_interpolation: 0,interpolation_duration: 1}
$data merge entity $(bone_left_knee) {transformation: [-1.1649f,-0.4824f,0.0494f,2.0434f,-0.477f,1.163f,0.1091f,-0.1986f,-0.0872f,0.0821f,-1.2561f,-2.2767f,0f,0f,0f,1f],start_interpolation: 0,interpolation_duration: 1}
$data merge entity $(bone_left_leg) {transformation: [-1.8721f,-0.7778f,-0.0479f,1.0815f,-0.7666f,1.8157f,0.4773f,2.0106f,-0.1402f,0.4587f,-1.9703f,-2.0427f,0f,0f,0f,1f],start_interpolation: 0,interpolation_duration: 1}
$data merge entity $(bone_right_foot) {transformation: [-0.9232f,0.3362f,-0.1862f,-1.9685f,0.378f,0.8816f,-0.2826f,0.2532f,0.0691f,-0.3313f,-0.941f,-4.0099f,0f,0f,0f,1f],start_interpolation: 0,interpolation_duration: 1}
$data merge entity $(bone_right_knee) {transformation: [-1.1649f,0.4824f,-0.0494f,-2.0434f,0.477f,1.163f,0.1091f,-0.1986f,0.0872f,0.0821f,-1.2561f,-2.2767f,0f,0f,0f,1f],start_interpolation: 0,interpolation_duration: 1}
$data merge entity $(bone_right_leg) {transformation: [-1.8721f,0.7778f,0.0479f,-1.0815f,0.7666f,1.8157f,0.4773f,2.0106f,0.1402f,0.4587f,-1.9703f,-2.0427f,0f,0f,0f,1f],start_interpolation: 0,interpolation_duration: 1}
$data merge entity $(bone_group) {transformation: [-1.9904f,0f,0f,0f,0f,1.967f,0.3044f,1.5505f,0f,0.3044f,-1.967f,0.4285f,0f,0f,0f,1f],start_interpolation: 0,interpolation_duration: 1}