# This file was generated by Animated Java via MC-Build. It is not recommended to edit this file directly.
$data merge entity $(bone_up) {transformation: [-1.9653f,0f,0f,0f,0f,1.3184f,1.4576f,1.8884f,0f,1.4576f,-1.3184f,3.3468f,0f,0f,0f,1f],start_interpolation: 0,interpolation_duration: 1}
$data merge entity $(bone_down) {transformation: [-1.2477f,0f,0f,0f,0f,0.8459f,0.9172f,1.7259f,0f,0.9172f,-0.8459f,3.7013f,0f,0f,0f,1f],start_interpolation: 0,interpolation_duration: 1}
$data merge entity $(bone_right_hand) {transformation: [-0.979f,-0.1183f,0.1658f,-3.4489f,-0.1374f,0.9845f,-0.1088f,-0.8811f,-0.1504f,-0.1293f,-0.9801f,2.5546f,0f,0f,0f,1f],start_interpolation: 0,interpolation_duration: 1}
$data merge entity $(bone_right_forearm) {transformation: [-1.4013f,1.1153f,-1.0409f,-3.232f,0.985f,1.7407f,0.5391f,0.7629f,1.1649f,-0.1303f,-1.7079f,1.4252f,0f,0f,0f,1f],start_interpolation: 0,interpolation_duration: 1}
$data merge entity $(bone_right_arm) {transformation: [-1.0364f,1.1153f,-0.171f,-1.9334f,0.7286f,0.8388f,1.055f,1.7521f,0.8616f,0.6323f,-1.0978f,1.8595f,0f,0f,0f,1f],start_interpolation: 0,interpolation_duration: 1}
$data merge entity $(bone_left_hand) {transformation: [-0.979f,0.1183f,-0.1658f,3.4489f,0.1374f,0.9845f,-0.1088f,-0.8811f,0.1504f,-0.1293f,-0.9801f,2.5546f,0f,0f,0f,1f],start_interpolation: 0,interpolation_duration: 1}
$data merge entity $(bone_left_forearm) {transformation: [-1.4013f,-1.1153f,1.0409f,3.232f,-0.985f,1.7407f,0.5391f,0.7629f,-1.1649f,-0.1303f,-1.7079f,1.4252f,0f,0f,0f,1f],start_interpolation: 0,interpolation_duration: 1}
$data merge entity $(bone_left_arm) {transformation: [-1.0364f,-1.1153f,0.171f,1.9334f,-0.7286f,0.8388f,1.055f,1.7521f,-0.8616f,0.6323f,-1.0978f,1.8595f,0f,0f,0f,1f],start_interpolation: 0,interpolation_duration: 1}
$data merge entity $(bone_chest) {transformation: [-2.8487f,0f,0f,0f,0f,2.8264f,0.3556f,1.5591f,0f,0.3556f,-2.8264f,-0.8075f,0f,0f,0f,1f],start_interpolation: 0,interpolation_duration: 1}
$data merge entity $(bone_left_foot) {transformation: [-0.9448f,-0.2893f,0.154f,1.8568f,-0.3211f,0.9112f,-0.258f,0.2369f,-0.0657f,-0.2932f,-0.9538f,-3.9605f,0f,0f,0f,1f],start_interpolation: 0,interpolation_duration: 1}
$data merge entity $(bone_left_knee) {transformation: [-1.1921f,-0.4097f,0.0561f,1.9036f,-0.4051f,1.1914f,0.0922f,-0.1997f,-0.0829f,0.0691f,-1.2571f,-2.2225f,0f,0f,0f,1f],start_interpolation: 0,interpolation_duration: 1}
$data merge entity $(bone_left_leg) {transformation: [-1.9158f,-0.6645f,-0.0065f,1.0815f,-0.651f,1.8729f,0.4248f,2.0711f,-0.1332f,0.4035f,-1.9828f,-2.0556f,0f,0f,0f,1f],start_interpolation: 0,interpolation_duration: 1}
$data merge entity $(bone_right_foot) {transformation: [-0.9448f,0.2893f,-0.154f,-1.8568f,0.3211f,0.9112f,-0.258f,0.2369f,0.0657f,-0.2932f,-0.9538f,-3.9605f,0f,0f,0f,1f],start_interpolation: 0,interpolation_duration: 1}
$data merge entity $(bone_right_knee) {transformation: [-1.1921f,0.4097f,-0.0561f,-1.9036f,0.4051f,1.1914f,0.0922f,-0.1997f,0.0829f,0.0691f,-1.2571f,-2.2225f,0f,0f,0f,1f],start_interpolation: 0,interpolation_duration: 1}
$data merge entity $(bone_right_leg) {transformation: [-1.9158f,0.6645f,0.0065f,-1.0815f,0.651f,1.8729f,0.4248f,2.0711f,0.1332f,0.4035f,-1.9828f,-2.0556f,0f,0f,0f,1f],start_interpolation: 0,interpolation_duration: 1}
$data merge entity $(bone_group) {transformation: [-1.9904f,0f,0f,0f,0f,1.9754f,0.2438f,1.6871f,0f,0.2438f,-1.9754f,0.4285f,0f,0f,0f,1f],start_interpolation: 0,interpolation_duration: 1}