# This file was generated by Animated Java via MC-Build. It is not recommended to edit this file directly.
$data merge entity $(bone_up) {transformation: [-1.9653f,0f,0f,0f,0f,1.5538f,1.2034f,2.1925f,0f,1.2034f,-1.5538f,3.3658f,0f,0f,0f,1f],start_interpolation: 0,interpolation_duration: 1}
$data merge entity $(bone_down) {transformation: [-1.2477f,0f,0f,0f,0f,0.9926f,0.7559f,2.0948f,0f,0.7559f,-0.9926f,3.7433f,0f,0f,0f,1f],start_interpolation: 0,interpolation_duration: 1}
$data merge entity $(bone_right_hand) {transformation: [-0.9882f,-0.129f,0.0822f,-3.0993f,-0.142f,0.9732f,-0.1808f,-0.9664f,-0.0567f,-0.1903f,-0.9801f,2.7796f,0f,0f,0f,1f],start_interpolation: 0,interpolation_duration: 1}
$data merge entity $(bone_right_forearm) {transformation: [-1.7125f,0.8679f,-0.7779f,-2.909f,0.8184f,1.8798f,0.2957f,0.6408f,0.8298f,-0.0628f,-1.8969f,1.5871f,0f,0f,0f,1f],start_interpolation: 0,interpolation_duration: 1}
$data merge entity $(bone_right_arm) {transformation: [-1.2666f,0.8118f,-0.2901f,-1.9334f,0.6053f,1.2046f,0.728f,1.993f,0.6138f,0.4872f,-1.3166f,1.858f,0f,0f,0f,1f],start_interpolation: 0,interpolation_duration: 1}
$data merge entity $(bone_left_hand) {transformation: [-0.9882f,0.129f,-0.0822f,3.0993f,0.142f,0.9732f,-0.1808f,-0.9664f,0.0567f,-0.1903f,-0.9801f,2.7796f,0f,0f,0f,1f],start_interpolation: 0,interpolation_duration: 1}
$data merge entity $(bone_left_forearm) {transformation: [-1.7125f,-0.8679f,0.7779f,2.909f,-0.8184f,1.8798f,0.2957f,0.6408f,-0.8298f,-0.0628f,-1.8969f,1.5871f,0f,0f,0f,1f],start_interpolation: 0,interpolation_duration: 1}
$data merge entity $(bone_left_arm) {transformation: [-1.2666f,-0.8118f,0.2901f,1.9334f,-0.6053f,1.2046f,0.728f,1.993f,-0.6138f,0.4872f,-1.3166f,1.858f,0f,0f,0f,1f],start_interpolation: 0,interpolation_duration: 1}
$data merge entity $(bone_chest) {transformation: [-2.8487f,0f,0f,0f,0f,2.8365f,0.2628f,1.7029f,0f,0.2628f,-2.8365f,-0.8022f,0f,0f,0f,1f],start_interpolation: 0,interpolation_duration: 1}
$data merge entity $(bone_left_foot) {transformation: [-0.965f,-0.2309f,0.1243f,1.7285f,-0.2538f,0.9417f,-0.2211f,0.2566f,-0.066f,-0.2449f,-0.9673f,-3.8883f,0f,0f,0f,1f],start_interpolation: 0,interpolation_duration: 1}
$data merge entity $(bone_left_knee) {transformation: [-1.2176f,-0.3239f,0.0674f,1.7373f,-0.3202f,1.2184f,0.071f,-0.1588f,-0.0833f,0.0514f,-1.258f,-2.1445f,0f,0f,0f,1f],start_interpolation: 0,interpolation_duration: 1}
$data merge entity $(bone_left_leg) {transformation: [-1.9569f,-0.5299f,0.0438f,1.0815f,-0.5146f,1.9295f,0.3526f,2.1703f,-0.1338f,0.3292f,-1.9964f,-2.0677f,0f,0f,0f,1f],start_interpolation: 0,interpolation_duration: 1}
$data merge entity $(bone_right_foot) {transformation: [-0.965f,0.2309f,-0.1243f,-1.7285f,0.2538f,0.9417f,-0.2211f,0.2566f,0.066f,-0.2449f,-0.9673f,-3.8883f,0f,0f,0f,1f],start_interpolation: 0,interpolation_duration: 1}
$data merge entity $(bone_right_knee) {transformation: [-1.2176f,0.3239f,-0.0674f,-1.7373f,0.3202f,1.2184f,0.071f,-0.1588f,0.0833f,0.0514f,-1.258f,-2.1445f,0f,0f,0f,1f],start_interpolation: 0,interpolation_duration: 1}
$data merge entity $(bone_right_leg) {transformation: [-1.9569f,0.5299f,-0.0438f,-1.0815f,0.5146f,1.9295f,0.3526f,2.1703f,0.1338f,0.3292f,-1.9964f,-2.0677f,0f,0f,0f,1f],start_interpolation: 0,interpolation_duration: 1}
$data merge entity $(bone_group) {transformation: [-1.9904f,0f,0f,0f,0f,1.9828f,0.1735f,1.8748f,0f,0.1735f,-1.9828f,0.4285f,0f,0f,0f,1f],start_interpolation: 0,interpolation_duration: 1}