# This file was generated by Animated Java via MC-Build. It is not recommended to edit this file directly.
$data merge entity $(bone_up) {transformation: [-1.9653f,0f,0f,0f,0f,1.7425f,0.9089f,2.4778f,0f,0.9089f,-1.7425f,3.3772f,0f,0f,0f,1f],start_interpolation: 0,interpolation_duration: 1}
$data merge entity $(bone_down) {transformation: [-1.2477f,0f,0f,0f,0f,1.109f,0.5716f,2.4486f,0f,0.5716f,-1.109f,3.766f,0f,0f,0f,1f],start_interpolation: 0,interpolation_duration: 1}
$data merge entity $(bone_right_hand) {transformation: [-0.9955f,-0.0945f,0.0075f,-2.7005f,-0.0944f,0.9804f,-0.173f,-0.9643f,0.009f,-0.173f,-0.9849f,3.0138f,0f,0f,0f,1f],start_interpolation: 0,interpolation_duration: 1}
$data merge entity $(bone_right_forearm) {transformation: [-1.9404f,0.5562f,-0.4652f,-2.5568f,0.539f,1.9953f,0.1375f,0.6415f,0.485f,0.0078f,-2.0138f,1.8045f,0f,0f,0f,1f],start_interpolation: 0,interpolation_duration: 1}
$data merge entity $(bone_right_arm) {transformation: [-1.4352f,0.4676f,-0.2627f,-1.9334f,0.3987f,1.4321f,0.371f,2.2106f,0.3587f,0.2791f,-1.4631f,1.8548f,0f,0f,0f,1f],start_interpolation: 0,interpolation_duration: 1}
$data merge entity $(bone_left_hand) {transformation: [-0.9955f,0.0945f,-0.0075f,2.7005f,0.0944f,0.9804f,-0.173f,-0.9643f,-0.009f,-0.173f,-0.9849f,3.0138f,0f,0f,0f,1f],start_interpolation: 0,interpolation_duration: 1}
$data merge entity $(bone_left_forearm) {transformation: [-1.9404f,-0.5562f,0.4652f,2.5568f,-0.539f,1.9953f,0.1375f,0.6415f,-0.485f,0.0078f,-2.0138f,1.8045f,0f,0f,0f,1f],start_interpolation: 0,interpolation_duration: 1}
$data merge entity $(bone_left_arm) {transformation: [-1.4352f,-0.4676f,0.2627f,1.9334f,-0.3987f,1.4321f,0.371f,2.2106f,-0.3587f,0.2791f,-1.4631f,1.8548f,0f,0f,0f,1f],start_interpolation: 0,interpolation_duration: 1}
$data merge entity $(bone_chest) {transformation: [-2.8487f,0f,0f,0f,0f,2.8435f,0.172f,1.826f,0f,0.172f,-2.8435f,-0.7953f,0f,0f,0f,1f],start_interpolation: 0,interpolation_duration: 1}
$data merge entity $(bone_left_foot) {transformation: [-0.98f,-0.1696f,0.1039f,1.6009f,-0.1858f,0.9671f,-0.1736f,0.2661f,-0.0711f,-0.1894f,-0.9793f,-3.7983f,0f,0f,0f,1f],start_interpolation: 0,interpolation_duration: 1}
$data merge entity $(bone_left_knee) {transformation: [-1.2365f,-0.2371f,0.0822f,1.5665f,-0.2344f,1.2389f,0.0477f,-0.1235f,-0.0897f,0.0315f,-1.2582f,-2.0488f,0f,0f,0f,1f],start_interpolation: 0,interpolation_duration: 1}
$data merge entity $(bone_left_leg) {transformation: [-1.9873f,-0.3919f,0.0953f,1.0815f,-0.3767f,1.9747f,0.2655f,2.2481f,-0.1441f,0.2425f,-2.0081f,-2.0766f,0f,0f,0f,1f],start_interpolation: 0,interpolation_duration: 1}
$data merge entity $(bone_right_foot) {transformation: [-0.98f,0.1696f,-0.1039f,-1.6009f,0.1858f,0.9671f,-0.1736f,0.2661f,0.0711f,-0.1894f,-0.9793f,-3.7983f,0f,0f,0f,1f],start_interpolation: 0,interpolation_duration: 1}
$data merge entity $(bone_right_knee) {transformation: [-1.2365f,0.2371f,-0.0822f,-1.5665f,0.2344f,1.2389f,0.0477f,-0.1235f,0.0897f,0.0315f,-1.2582f,-2.0488f,0f,0f,0f,1f],start_interpolation: 0,interpolation_duration: 1}
$data merge entity $(bone_right_leg) {transformation: [-1.9873f,0.3919f,-0.0953f,-1.0815f,0.3767f,1.9747f,0.2655f,2.2481f,0.1441f,0.2425f,-2.0081f,-2.0766f,0f,0f,0f,1f],start_interpolation: 0,interpolation_duration: 1}
$data merge entity $(bone_group) {transformation: [-1.9904f,0f,0f,0f,0f,1.9878f,0.1029f,2.0415f,0f,0.1029f,-1.9878f,0.4285f,0f,0f,0f,1f],start_interpolation: 0,interpolation_duration: 1}