# This file was generated by Animated Java via MC-Build. It is not recommended to edit this file directly.
$data merge entity $(bone_up) {transformation: [-1.9653f,0f,0f,0f,0f,1.8629f,0.6263f,2.7246f,0f,0.6263f,-1.8629f,3.3806f,0f,0f,0f,1f],start_interpolation: 0,interpolation_duration: 1}
$data merge entity $(bone_down) {transformation: [-1.2477f,0f,0f,0f,0f,1.1832f,0.3958f,2.7564f,0f,0.3958f,-1.1832f,3.7692f,0f,0f,0f,1f],start_interpolation: 0,interpolation_duration: 1}
$data merge entity $(bone_right_hand) {transformation: [-0.9978f,-0.0436f,-0.0502f,-2.3416f,-0.0388f,0.9949f,-0.0933f,-0.8772f,0.054f,-0.0911f,-0.9944f,3.2059f,0f,0f,0f,1f],start_interpolation: 0,interpolation_duration: 1}
$data merge entity $(bone_right_forearm) {transformation: [-2.0494f,0.2381f,-0.1844f,-2.2704f,0.2316f,2.0568f,0.0819f,0.7493f,0.1926f,0.0604f,-2.0616f,2.0081f,0f,0f,0f,1f],start_interpolation: 0,interpolation_duration: 1}
$data merge entity $(bone_right_arm) {transformation: [-1.5158f,0.1788f,-0.1329f,-1.9334f,0.1713f,1.5198f,0.0911f,2.397f,0.1424f,0.0752f,-1.5236f,1.851f,0f,0f,0f,1f],start_interpolation: 0,interpolation_duration: 1}
$data merge entity $(bone_left_hand) {transformation: [-0.9978f,0.0436f,0.0502f,2.3416f,0.0388f,0.9949f,-0.0933f,-0.8772f,-0.054f,-0.0911f,-0.9944f,3.2059f,0f,0f,0f,1f],start_interpolation: 0,interpolation_duration: 1}
$data merge entity $(bone_left_forearm) {transformation: [-2.0494f,-0.2381f,0.1844f,2.2704f,-0.2316f,2.0568f,0.0819f,0.7493f,-0.1926f,0.0604f,-2.0616f,2.0081f,0f,0f,0f,1f],start_interpolation: 0,interpolation_duration: 1}
$data merge entity $(bone_left_arm) {transformation: [-1.5158f,-0.1788f,0.1329f,1.9334f,-0.1713f,1.5198f,0.0911f,2.397f,-0.1424f,0.0752f,-1.5236f,1.851f,0f,0f,0f,1f],start_interpolation: 0,interpolation_duration: 1}
$data merge entity $(bone_chest) {transformation: [-2.8487f,0f,0f,0f,0f,2.8471f,0.0952f,1.9318f,0f,0.0952f,-2.8471f,-0.7881f,0f,0f,0f,1f],start_interpolation: 0,interpolation_duration: 1}
$data merge entity $(bone_left_foot) {transformation: [-0.9887f,-0.1158f,0.0948f,1.491f,-0.1269f,0.9845f,-0.1209f,0.2836f,-0.0794f,-0.1316f,-0.9881f,-3.7022f,0f,0f,0f,1f],start_interpolation: 0,interpolation_duration: 1}
$data merge entity $(bone_left_knee) {transformation: [-1.2475f,-0.1617f,0.0977f,1.4152f,-0.1601f,1.2513f,0.0258f,-0.0797f,-0.1001f,0.0131f,-1.2577f,-1.9484f,0f,0f,0f,1f],start_interpolation: 0,interpolation_duration: 1}
$data merge entity $(bone_left_leg) {transformation: [-2.005f,-0.2696f,0.1394f,1.0815f,-0.2573f,2.0039f,0.1742f,2.3144f,-0.1609f,0.1545f,-2.0155f,-2.0818f,0f,0f,0f,1f],start_interpolation: 0,interpolation_duration: 1}
$data merge entity $(bone_right_foot) {transformation: [-0.9887f,0.1158f,-0.0948f,-1.491f,0.1269f,0.9845f,-0.1209f,0.2836f,0.0794f,-0.1316f,-0.9881f,-3.7022f,0f,0f,0f,1f],start_interpolation: 0,interpolation_duration: 1}
$data merge entity $(bone_right_knee) {transformation: [-1.2475f,0.1617f,-0.0977f,-1.4152f,0.1601f,1.2513f,0.0258f,-0.0797f,0.1001f,0.0131f,-1.2577f,-1.9484f,0f,0f,0f,1f],start_interpolation: 0,interpolation_duration: 1}
$data merge entity $(bone_right_leg) {transformation: [-2.005f,0.2696f,-0.1394f,-1.0815f,0.2573f,2.0039f,0.1742f,2.3144f,0.1609f,0.1545f,-2.0155f,-2.0818f,0f,0f,0f,1f],start_interpolation: 0,interpolation_duration: 1}
$data merge entity $(bone_group) {transformation: [-1.9904f,0f,0f,0f,0f,1.99f,0.0418f,2.1848f,0f,0.0418f,-1.99f,0.4285f,0f,0f,0f,1f],start_interpolation: 0,interpolation_duration: 1}