# This file was generated by Animated Java via MC-Build. It is not recommended to edit this file directly.
$data merge entity $(bone_up) {transformation: [-1.9653f,0f,0f,0f,0f,1.937f,0.3327f,2.9276f,0f,0.3327f,-1.937f,3.3845f,0f,0f,0f,1f],start_interpolation: 0,interpolation_duration: 1}
$data merge entity $(bone_down) {transformation: [-1.2477f,0f,0f,0f,0f,1.2297f,0.2112f,3.0186f,0f,0.2112f,-1.2297f,3.7636f,0f,0f,0f,1f],start_interpolation: 0,interpolation_duration: 1}
$data merge entity $(bone_right_hand) {transformation: [-0.9946f,0.016f,-0.1021f,-1.9923f,0.0101f,0.9982f,0.0587f,-0.7568f,0.1028f,0.0574f,-0.993f,3.3441f,0f,0f,0f,1f],start_interpolation: 0,interpolation_duration: 1}
$data merge entity $(bone_right_forearm) {transformation: [-2.0672f,-0.1064f,0.0777f,-2.0279f,-0.1028f,2.0667f,0.0959f,0.9031f,-0.0824f,0.0919f,-2.0677f,2.1676f,0f,0f,0f,1f],start_interpolation: 0,interpolation_duration: 1}
$data merge entity $(bone_right_arm) {transformation: [-1.529f,-0.0723f,0.0654f,-1.9334f,-0.076f,1.5276f,-0.0894f,2.5593f,-0.061f,-0.0925f,-1.5281f,1.8491f,0f,0f,0f,1f],start_interpolation: 0,interpolation_duration: 1}
$data merge entity $(bone_left_hand) {transformation: [-0.9946f,-0.016f,0.1021f,1.9923f,-0.0101f,0.9982f,0.0587f,-0.7568f,-0.1028f,0.0574f,-0.993f,3.3441f,0f,0f,0f,1f],start_interpolation: 0,interpolation_duration: 1}
$data merge entity $(bone_left_forearm) {transformation: [-2.0672f,0.1064f,-0.0777f,2.0279f,0.1028f,2.0666f,0.0959f,0.9031f,0.0824f,0.0919f,-2.0677f,2.1676f,0f,0f,0f,1f],start_interpolation: 0,interpolation_duration: 1}
$data merge entity $(bone_left_arm) {transformation: [-1.529f,0.0723f,-0.0654f,1.9334f,0.076f,1.5276f,-0.0894f,2.5593f,0.061f,-0.0925f,-1.5281f,1.8491f,0f,0f,0f,1f],start_interpolation: 0,interpolation_duration: 1}
$data merge entity $(bone_chest) {transformation: [-2.8487f,0f,0f,0f,0f,2.8482f,0.0498f,2.0356f,0f,0.0498f,-2.8482f,-0.7825f,0f,0f,0f,1f],start_interpolation: 0,interpolation_duration: 1}
$data merge entity $(bone_left_foot) {transformation: [-0.9934f,-0.0662f,0.0935f,1.3797f,-0.0686f,0.9974f,-0.0229f,0.3402f,-0.0917f,-0.0292f,-0.9954f,-3.5778f,0f,0f,0f,1f],start_interpolation: 0,interpolation_duration: 1}
$data merge entity $(bone_left_knee) {transformation: [-1.2534f,-0.0875f,0.115f,1.2601f,-0.0866f,1.2587f,0.0137f,-0.0093f,-0.1157f,0.0058f,-1.2564f,-1.8236f,0f,0f,0f,1f],start_interpolation: 0,interpolation_duration: 1}
$data merge entity $(bone_left_leg) {transformation: [-2.0145f,-0.1441f,0.1822f,1.0815f,-0.1391f,2.0221f,0.061f,2.3909f,-0.186f,0.0481f,-2.0187f,-2.084f,0f,0f,0f,1f],start_interpolation: 0,interpolation_duration: 1}
$data merge entity $(bone_right_foot) {transformation: [-0.9934f,0.0662f,-0.0935f,-1.3797f,0.0686f,0.9974f,-0.0229f,0.3402f,0.0917f,-0.0292f,-0.9954f,-3.5778f,0f,0f,0f,1f],start_interpolation: 0,interpolation_duration: 1}
$data merge entity $(bone_right_knee) {transformation: [-1.2534f,0.0875f,-0.115f,-1.2601f,0.0866f,1.2587f,0.0137f,-0.0093f,0.1157f,0.0058f,-1.2564f,-1.8236f,0f,0f,0f,1f],start_interpolation: 0,interpolation_duration: 1}
$data merge entity $(bone_right_leg) {transformation: [-2.0145f,0.1441f,-0.1822f,-1.0815f,0.1391f,2.0221f,0.061f,2.3909f,0.186f,0.0481f,-2.0187f,-2.084f,0f,0f,0f,1f],start_interpolation: 0,interpolation_duration: 1}
$data merge entity $(bone_group) {transformation: [-1.9904f,0f,0f,0f,0f,1.9904f,0f,2.3141f,0f,0f,-1.9904f,0.4285f,0f,0f,0f,1f],start_interpolation: 0,interpolation_duration: 1}