# This file was generated by Animated Java via MC-Build. It is not recommended to edit this file directly.
$data merge entity $(up) {transformation: [-1.9653f,0f,0f,0f,0f,1.9439f,0.2893f,2.9357f,0f,0.2893f,-1.9439f,3.3869f,0f,0f,0f,1f],start_interpolation: 0,interpolation_duration: 1}
$data merge entity $(down) {transformation: [-1.2477f,0f,0f,0f,0f,1.2341f,0.1837f,3.0353f,0f,0.1837f,-1.2341f,3.7639f,0f,0f,0f,1f],start_interpolation: 0,interpolation_duration: 1}
$data merge entity $(right_hand) {transformation: [-0.994f,0.0254f,-0.1066f,-1.952f,0.0165f,0.9964f,0.0831f,-0.7492f,0.1083f,0.0809f,-0.9908f,3.3511f,0f,0f,0f,1f],start_interpolation: 0,interpolation_duration: 1}
$data merge entity $(right_forearm) {transformation: [-2.0633f,-0.1468f,0.109f,-2.0008f,-0.1425f,2.0648f,0.0841f,0.9116f,-0.1146f,0.0763f,-2.0668f,2.1633f,0f,0f,0f,1f],start_interpolation: 0,interpolation_duration: 1}
$data merge entity $(right_arm) {transformation: [-1.5261f,-0.1004f,0.0907f,-1.9334f,-0.1054f,1.5262f,-0.0846f,2.5701f,-0.0848f,-0.0905f,-1.5271f,1.8497f,0f,0f,0f,1f],start_interpolation: 0,interpolation_duration: 1}
$data merge entity $(left_hand) {transformation: [-0.994f,-0.0254f,0.1066f,1.952f,-0.0165f,0.9964f,0.0831f,-0.7492f,-0.1083f,0.0809f,-0.9908f,3.3511f,0f,0f,0f,1f],start_interpolation: 0,interpolation_duration: 1}
$data merge entity $(left_forearm) {transformation: [-2.0633f,0.1468f,-0.109f,2.0008f,0.1425f,2.0648f,0.0841f,0.9116f,0.1146f,0.0763f,-2.0668f,2.1634f,0f,0f,0f,1f],start_interpolation: 0,interpolation_duration: 1}
$data merge entity $(left_arm) {transformation: [-1.5261f,0.1004f,-0.0907f,1.9334f,0.1054f,1.5262f,-0.0846f,2.5701f,0.0848f,-0.0905f,-1.5271f,1.8497f,0f,0f,0f,1f],start_interpolation: 0,interpolation_duration: 1}
$data merge entity $(chest) {transformation: [-2.8487f,0f,0f,0f,0f,2.8482f,0.0527f,2.0424f,0f,0.0527f,-2.8482f,-0.7825f,0f,0f,0f,1f],start_interpolation: 0,interpolation_duration: 1}
$data merge entity $(left_foot) {transformation: [-0.9937f,-0.0626f,0.0928f,1.3637f,-0.0615f,0.998f,0.0146f,0.3523f,-0.0935f,0.0088f,-0.9956f,-3.5398f,0f,0f,0f,1f],start_interpolation: 0,interpolation_duration: 1}
$data merge entity $(left_knee) {transformation: [-1.2538f,-0.0787f,0.1172f,1.2388f,-0.0776f,1.2593f,0.0153f,0.0003f,-0.118f,0.008f,-1.2562f,-1.7865f,0f,0f,0f,1f],start_interpolation: 0,interpolation_duration: 1}
$data merge entity $(left_leg) {transformation: [-2.0151f,-0.1269f,0.1882f,1.0815f,-0.1247f,2.0238f,0.0285f,2.3977f,-0.1896f,0.0167f,-2.0189f,-2.084f,0f,0f,0f,1f],start_interpolation: 0,interpolation_duration: 1}
$data merge entity $(right_foot) {transformation: [-0.9937f,0.0626f,-0.0928f,-1.3637f,0.0615f,0.998f,0.0146f,0.3523f,0.0935f,0.0088f,-0.9956f,-3.5398f,0f,0f,0f,1f],start_interpolation: 0,interpolation_duration: 1}
$data merge entity $(right_knee) {transformation: [-1.2538f,0.0787f,-0.1172f,-1.2388f,0.0776f,1.2593f,0.0153f,0.0003f,0.118f,0.008f,-1.2562f,-1.7865f,0f,0f,0f,1f],start_interpolation: 0,interpolation_duration: 1}
$data merge entity $(right_leg) {transformation: [-2.0151f,0.1269f,-0.1882f,-1.0815f,0.1247f,2.0238f,0.0285f,2.3977f,0.1896f,0.0167f,-2.0189f,-2.084f,0f,0f,0f,1f],start_interpolation: 0,interpolation_duration: 1}
$data merge entity $(group) {transformation: [-1.9904f,0f,0f,0f,0f,1.9904f,0f,2.3209f,0f,0f,-1.9904f,0.4285f,0f,0f,0f,1f],start_interpolation: 0,interpolation_duration: 1}