# This file was generated by Animated Java via MC-Build. It is not recommended to edit this file directly.
$data merge entity $(up) {transformation: [-1.9653f,0f,0f,0f,0f,1.7812f,-0.8306f,2.047f,0f,-0.8306f,-1.7812f,3.4512f,0f,0f,0f,1f],start_interpolation: 0,interpolation_duration: 1}
$data merge entity $(down) {transformation: [-1.2477f,0f,0f,0f,0f,1.1899f,-0.3752f,2.3379f,0f,-0.3752f,-1.1899f,3.7108f,0f,0f,0f,1f],start_interpolation: 0,interpolation_duration: 1}
$data merge entity $(right_hand) {transformation: [-0.9585f,-0.0272f,0.2837f,-3.6694f,-0.0059f,0.9971f,0.0755f,-0.8557f,-0.2849f,0.0706f,-0.9559f,2.6544f,0f,0f,0f,1f],start_interpolation: 0,interpolation_duration: 1}
$data merge entity $(right_forearm) {transformation: [-0.876f,1.3199f,-1.3346f,-3.4516f,0.989f,1.5763f,0.9099f,0.9152f,1.5954f,-0.2524f,-1.2968f,1.6761f,0f,0f,0f,1f],start_interpolation: 0,interpolation_duration: 1}
$data merge entity $(right_arm) {transformation: [-0.6479f,1.3659f,-0.2486f,-1.9334f,0.7315f,0.5691f,1.22f,1.635f,1.18f,0.3972f,-0.8928f,1.8508f,0f,0f,0f,1f],start_interpolation: 0,interpolation_duration: 1}
$data merge entity $(left_hand) {transformation: [-0.9585f,0.0272f,-0.2837f,3.6694f,0.0059f,0.9971f,0.0755f,-0.8557f,0.2849f,0.0706f,-0.9559f,2.6544f,0f,0f,0f,1f],start_interpolation: 0,interpolation_duration: 1}
$data merge entity $(left_forearm) {transformation: [-0.876f,-1.3199f,1.3346f,3.4516f,-0.989f,1.5763f,0.9099f,0.9152f,-1.5954f,-0.2524f,-1.2968f,1.6761f,0f,0f,0f,1f],start_interpolation: 0,interpolation_duration: 1}
$data merge entity $(left_arm) {transformation: [-0.6479f,-1.3659f,0.2486f,1.9334f,-0.7315f,0.5691f,1.22f,1.635f,-1.18f,0.3972f,-0.8928f,1.8508f,0f,0f,0f,1f],start_interpolation: 0,interpolation_duration: 1}
$data merge entity $(chest) {transformation: [-2.8487f,0f,0f,0f,0f,2.8054f,0.4947f,1.6308f,0f,0.4947f,-2.8054f,-0.8125f,0f,0f,0f,1f],start_interpolation: 0,interpolation_duration: 1}
$data merge entity $(left_foot) {transformation: [-0.9659f,-0.2527f,0.056f,1.74f,-0.2549f,0.9663f,-0.0364f,0.1499f,-0.0449f,-0.0494f,-0.9978f,-4.1079f,0f,0f,0f,1f],start_interpolation: 0,interpolation_duration: 1}
$data merge entity $(left_knee) {transformation: [-1.2188f,-0.3188f,0.0707f,1.7428f,-0.3216f,1.2192f,-0.0459f,-0.1026f,-0.0567f,-0.0623f,-1.2589f,-2.3331f,0f,0f,0f,1f],start_interpolation: 0,interpolation_duration: 1}
$data merge entity $(left_leg) {transformation: [-1.9587f,-0.5228f,-0.0457f,1.0815f,-0.5169f,1.8909f,0.5189f,2.2067f,-0.0911f,0.5129f,-1.9598f,-2.0324f,0f,0f,0f,1f],start_interpolation: 0,interpolation_duration: 1}
$data merge entity $(right_foot) {transformation: [-0.9659f,0.2527f,-0.056f,-1.74f,0.2549f,0.9663f,-0.0364f,0.1499f,0.0449f,-0.0494f,-0.9978f,-4.1079f,0f,0f,0f,1f],start_interpolation: 0,interpolation_duration: 1}
$data merge entity $(right_knee) {transformation: [-1.2188f,0.3188f,-0.0707f,-1.7428f,0.3216f,1.2192f,-0.0459f,-0.1026f,0.0567f,-0.0623f,-1.2589f,-2.3331f,0f,0f,0f,1f],start_interpolation: 0,interpolation_duration: 1}
$data merge entity $(right_leg) {transformation: [-1.9587f,0.5228f,0.0457f,-1.0815f,0.5169f,1.8909f,0.5189f,2.2067f,0.0911f,0.5129f,-1.9598f,-2.0324f,0f,0f,0f,1f],start_interpolation: 0,interpolation_duration: 1}
$data merge entity $(group) {transformation: [-1.9904f,0f,0f,0f,0f,1.9602f,0.3456f,1.6948f,0f,0.3456f,-1.9602f,0.4285f,0f,0f,0f,1f],start_interpolation: 0,interpolation_duration: 1}
execute unless entity @s[tag=aj.transforms_only] at @s run function animated_java:cart/animations/jump_end/zzz/frames/2_root_function