# This file was generated by Animated Java via MC-Build. It is not recommended to edit this file directly.
$data merge entity $(bone_up) {transformation: [-1.9653f,0f,0f,0f,0f,1.9457f,0.2768f,2.9237f,0f,0.2768f,-1.9457f,3.3875f,0f,0f,0f,1f],start_interpolation: 0,interpolation_duration: 1}
$data merge entity $(bone_down) {transformation: [-1.2477f,0f,0f,0f,0f,1.2352f,0.1757f,3.0257f,0f,0.1757f,-1.2352f,3.7638f,0f,0f,0f,1f],start_interpolation: 0,interpolation_duration: 1}
$data merge entity $(bone_right_hand) {transformation: [-0.9942f,0.0266f,-0.1044f,-1.9581f,0.0182f,0.9966f,0.0798f,-0.7529f,0.1062f,0.0775f,-0.9913f,3.3501f,0f,0f,0f,1f],start_interpolation: 0,interpolation_duration: 1}
$data merge entity $(bone_right_forearm) {transformation: [-2.064f,-0.1393f,0.1068f,-2.0029f,-0.1368f,2.0663f,0.0514f,0.8991f,-0.11f,0.0442f,-2.068f,2.1368f,0f,0f,0f,1f],start_interpolation: 0,interpolation_duration: 1}
$data merge entity $(bone_right_arm) {transformation: [-1.5266f,-0.0978f,0.0855f,-1.9334f,-0.1012f,1.5276f,-0.06f,2.5623f,-0.0814f,-0.0654f,-1.5286f,1.8499f,0f,0f,0f,1f],start_interpolation: 0,interpolation_duration: 1}
$data merge entity $(bone_left_hand) {transformation: [-0.9942f,-0.0266f,0.1044f,1.9581f,-0.0182f,0.9966f,0.0798f,-0.7529f,-0.1062f,0.0775f,-0.9913f,3.3501f,0f,0f,0f,1f],start_interpolation: 0,interpolation_duration: 1}
$data merge entity $(bone_left_forearm) {transformation: [-2.064f,0.1393f,-0.1068f,2.0029f,0.1368f,2.0663f,0.0514f,0.8991f,0.11f,0.0442f,-2.068f,2.1368f,0f,0f,0f,1f],start_interpolation: 0,interpolation_duration: 1}
$data merge entity $(bone_left_arm) {transformation: [-1.5266f,0.0978f,-0.0855f,1.9334f,0.1012f,1.5276f,-0.06f,2.5623f,0.0814f,-0.0654f,-1.5286f,1.8499f,0f,0f,0f,1f],start_interpolation: 0,interpolation_duration: 1}
$data merge entity $(bone_chest) {transformation: [-2.8487f,0f,0f,0f,0f,2.8482f,0.0532f,2.0295f,0f,0.0532f,-2.8482f,-0.7825f,0f,0f,0f,1f],start_interpolation: 0,interpolation_duration: 1}
$data merge entity $(bone_left_foot) {transformation: [-0.9937f,-0.0662f,0.0907f,1.362f,-0.0625f,0.9971f,0.0424f,0.3435f,-0.0932f,0.0365f,-0.995f,-3.5055f,0f,0f,0f,1f],start_interpolation: 0,interpolation_duration: 1}
$data merge entity $(bone_left_knee) {transformation: [-1.2538f,-0.08f,0.1169f,1.2379f,-0.0789f,1.2592f,0.0151f,-0.0081f,-0.1176f,0.0077f,-1.2562f,-1.7521f,0f,0f,0f,1f],start_interpolation: 0,interpolation_duration: 1}
$data merge entity $(bone_left_leg) {transformation: [-2.015f,-0.1262f,0.1895f,1.0815f,-0.1268f,2.0238f,-0.0005f,2.3848f,-0.1891f,-0.0123f,-2.0189f,-2.084f,0f,0f,0f,1f],start_interpolation: 0,interpolation_duration: 1}
$data merge entity $(bone_right_foot) {transformation: [-0.9937f,0.0662f,-0.0907f,-1.362f,0.0625f,0.9971f,0.0424f,0.3435f,0.0932f,0.0365f,-0.995f,-3.5055f,0f,0f,0f,1f],start_interpolation: 0,interpolation_duration: 1}
$data merge entity $(bone_right_knee) {transformation: [-1.2538f,0.08f,-0.1169f,-1.2379f,0.0789f,1.2592f,0.0151f,-0.0081f,0.1176f,0.0077f,-1.2562f,-1.7521f,0f,0f,0f,1f],start_interpolation: 0,interpolation_duration: 1}
$data merge entity $(bone_right_leg) {transformation: [-2.015f,0.1262f,-0.1895f,-1.0815f,0.1268f,2.0238f,-0.0005f,2.3848f,0.1891f,-0.0123f,-2.0189f,-2.084f,0f,0f,0f,1f],start_interpolation: 0,interpolation_duration: 1}
$data merge entity $(bone_group) {transformation: [-1.9904f,0f,0f,0f,0f,1.9904f,0f,2.308f,0f,0f,-1.9904f,0.4285f,0f,0f,0f,1f],start_interpolation: 0,interpolation_duration: 1}