# This file was generated by Animated Java via MC-Build. It is not recommended to edit this file directly.
$data merge entity $(bone_up) {transformation: [-1.9653f,0f,0f,0f,0f,1.9447f,0.2842f,2.9004f,0f,0.2842f,-1.9447f,3.3868f,0f,0f,0f,1f],start_interpolation: 0,interpolation_duration: 1}
$data merge entity $(bone_down) {transformation: [-1.2477f,0f,0f,0f,0f,1.2346f,0.1804f,3.0009f,0f,0.1804f,-1.2346f,3.7635f,0f,0f,0f,1f],start_interpolation: 0,interpolation_duration: 1}
$data merge entity $(bone_right_hand) {transformation: [-0.9948f,0.0219f,-0.099f,-1.9929f,0.0161f,0.9981f,0.0592f,-0.7623f,0.1001f,0.0573f,-0.9933f,3.3438f,0f,0f,0f,1f],start_interpolation: 0,interpolation_duration: 1}
$data merge entity $(bone_right_forearm) {transformation: [-2.0672f,-0.103f,0.0822f,-2.0245f,-0.1027f,2.0689f,0.0075f,0.875f,-0.0825f,0.0034f,-2.0698f,2.0975f,0f,0f,0f,1f],start_interpolation: 0,interpolation_duration: 1}
$data merge entity $(bone_right_arm) {transformation: [-1.529f,-0.075f,0.0623f,-1.9334f,-0.076f,1.5301f,-0.0241f,2.5434f,-0.061f,-0.0271f,-1.5307f,1.8497f,0f,0f,0f,1f],start_interpolation: 0,interpolation_duration: 1}
$data merge entity $(bone_left_hand) {transformation: [-0.9948f,-0.0219f,0.099f,1.9929f,-0.0161f,0.9981f,0.0592f,-0.7623f,-0.1001f,0.0573f,-0.9933f,3.3438f,0f,0f,0f,1f],start_interpolation: 0,interpolation_duration: 1}
$data merge entity $(bone_left_forearm) {transformation: [-2.0672f,0.103f,-0.0822f,2.0245f,0.1027f,2.0689f,0.0075f,0.875f,0.0825f,0.0034f,-2.0698f,2.0975f,0f,0f,0f,1f],start_interpolation: 0,interpolation_duration: 1}
$data merge entity $(bone_left_arm) {transformation: [-1.529f,0.075f,-0.0623f,1.9334f,0.076f,1.5301f,-0.0241f,2.5434f,0.061f,-0.0271f,-1.5307f,1.8497f,0f,0f,0f,1f],start_interpolation: 0,interpolation_duration: 1}
$data merge entity $(bone_chest) {transformation: [-2.8487f,0f,0f,0f,0f,2.8482f,0.0517f,2.005f,0f,0.0517f,-2.8482f,-0.7825f,0f,0f,0f,1f],start_interpolation: 0,interpolation_duration: 1}
$data merge entity $(bone_left_foot) {transformation: [-0.9934f,-0.0739f,0.0875f,1.3694f,-0.0686f,0.9957f,0.0624f,0.3222f,-0.0917f,0.0559f,-0.9942f,-3.4756f,0f,0f,0f,1f],start_interpolation: 0,interpolation_duration: 1}
$data merge entity $(bone_left_knee) {transformation: [-1.2534f,-0.0875f,0.115f,1.2498f,-0.0866f,1.2587f,0.0137f,-0.0273f,-0.1157f,0.0058f,-1.2564f,-1.7214f,0f,0f,0f,1f],start_interpolation: 0,interpolation_duration: 1}
$data merge entity $(bone_left_leg) {transformation: [-2.0145f,-0.1362f,0.1882f,1.0815f,-0.1391f,2.0229f,-0.0255f,2.3603f,-0.186f,-0.0383f,-2.0189f,-2.084f,0f,0f,0f,1f],start_interpolation: 0,interpolation_duration: 1}
$data merge entity $(bone_right_foot) {transformation: [-0.9934f,0.0739f,-0.0875f,-1.3694f,0.0686f,0.9957f,0.0624f,0.3222f,0.0917f,0.0559f,-0.9942f,-3.4756f,0f,0f,0f,1f],start_interpolation: 0,interpolation_duration: 1}
$data merge entity $(bone_right_knee) {transformation: [-1.2534f,0.0875f,-0.115f,-1.2498f,0.0866f,1.2587f,0.0137f,-0.0273f,0.1157f,0.0058f,-1.2564f,-1.7214f,0f,0f,0f,1f],start_interpolation: 0,interpolation_duration: 1}
$data merge entity $(bone_right_leg) {transformation: [-2.0145f,0.1362f,-0.1882f,-1.0815f,0.1391f,2.0229f,-0.0255f,2.3603f,0.186f,-0.0383f,-2.0189f,-2.084f,0f,0f,0f,1f],start_interpolation: 0,interpolation_duration: 1}
$data merge entity $(bone_group) {transformation: [-1.9904f,0f,0f,0f,0f,1.9904f,0f,2.2835f,0f,0f,-1.9904f,0.4285f,0f,0f,0f,1f],start_interpolation: 0,interpolation_duration: 1}