# This file was generated by Animated Java via MC-Build. It is not recommended to edit this file directly.
$data merge entity $(bone_up) {transformation: [-1.9653f,0f,0f,0f,0f,1.9423f,0.3002f,2.874f,0f,0.3002f,-1.9423f,3.3852f,0f,0f,0f,1f],start_interpolation: 0,interpolation_duration: 1}
$data merge entity $(bone_down) {transformation: [-1.2477f,0f,0f,0f,0f,1.233f,0.1906f,2.9714f,0f,0.1906f,-1.233f,3.7628f,0f,0f,0f,1f],start_interpolation: 0,interpolation_duration: 1}
$data merge entity $(bone_right_hand) {transformation: [-0.9955f,0.0143f,-0.0932f,-2.0392f,0.0113f,0.9994f,0.0323f,-0.7725f,0.0936f,0.0311f,-0.9951f,3.3344f,0f,0f,0f,1f],start_interpolation: 0,interpolation_duration: 1}
$data merge entity $(bone_right_forearm) {transformation: [-2.0701f,-0.0563f,0.0468f,-2.0557f,-0.0572f,2.0703f,-0.0378f,0.8482f,-0.0458f,-0.039f,-2.0706f,2.054f,0f,0f,0f,1f],start_interpolation: 0,interpolation_duration: 1}
$data merge entity $(bone_right_arm) {transformation: [-1.5312f,-0.0426f,0.0334f,-1.9334f,-0.0423f,1.5315f,0.0162f,2.5205f,-0.0339f,0.0152f,-1.5317f,1.8492f,0f,0f,0f,1f],start_interpolation: 0,interpolation_duration: 1}
$data merge entity $(bone_left_hand) {transformation: [-0.9955f,-0.0143f,0.0932f,2.0392f,-0.0113f,0.9994f,0.0323f,-0.7725f,-0.0936f,0.0311f,-0.9951f,3.3344f,0f,0f,0f,1f],start_interpolation: 0,interpolation_duration: 1}
$data merge entity $(bone_left_forearm) {transformation: [-2.0701f,0.0563f,-0.0468f,2.0557f,0.0572f,2.0703f,-0.0378f,0.8482f,0.0458f,-0.039f,-2.0706f,2.054f,0f,0f,0f,1f],start_interpolation: 0,interpolation_duration: 1}
$data merge entity $(bone_left_arm) {transformation: [-1.5312f,0.0426f,-0.0334f,1.9334f,0.0423f,1.5315f,0.0162f,2.5205f,0.0339f,0.0152f,-1.5317f,1.8492f,0f,0f,0f,1f],start_interpolation: 0,interpolation_duration: 1}
$data merge entity $(bone_chest) {transformation: [-2.8487f,0f,0f,0f,0f,2.8483f,0.0487f,1.9765f,0f,0.0487f,-2.8483f,-0.7825f,0f,0f,0f,1f],start_interpolation: 0,interpolation_duration: 1}
$data merge entity $(bone_left_foot) {transformation: [-0.993f,-0.0831f,0.0838f,1.3807f,-0.0767f,0.994f,0.0774f,0.2963f,-0.0897f,0.0704f,-0.9935f,-3.4496f,0f,0f,0f,1f],start_interpolation: 0,interpolation_duration: 1}
$data merge entity $(bone_left_knee) {transformation: [-1.2529f,-0.0975f,0.1126f,1.2673f,-0.0968f,1.258f,0.0119f,-0.0503f,-0.1132f,0.0032f,-1.2567f,-1.6944f,0f,0f,0f,1f],start_interpolation: 0,interpolation_duration: 1}
$data merge entity $(bone_left_leg) {transformation: [-2.0136f,-0.1506f,0.186f,1.0815f,-0.1555f,2.0213f,-0.0472f,2.3318f,-0.1819f,-0.0612f,-2.0187f,-2.084f,0f,0f,0f,1f],start_interpolation: 0,interpolation_duration: 1}
$data merge entity $(bone_right_foot) {transformation: [-0.993f,0.0831f,-0.0838f,-1.3807f,0.0767f,0.994f,0.0774f,0.2963f,0.0897f,0.0704f,-0.9935f,-3.4496f,0f,0f,0f,1f],start_interpolation: 0,interpolation_duration: 1}
$data merge entity $(bone_right_knee) {transformation: [-1.2529f,0.0975f,-0.1126f,-1.2673f,0.0968f,1.258f,0.0119f,-0.0503f,0.1132f,0.0032f,-1.2567f,-1.6944f,0f,0f,0f,1f],start_interpolation: 0,interpolation_duration: 1}
$data merge entity $(bone_right_leg) {transformation: [-2.0136f,0.1506f,-0.186f,-1.0815f,0.1555f,2.0213f,-0.0472f,2.3318f,0.1819f,-0.0612f,-2.0187f,-2.084f,0f,0f,0f,1f],start_interpolation: 0,interpolation_duration: 1}
$data merge entity $(bone_group) {transformation: [-1.9904f,0f,0f,0f,0f,1.9904f,0f,2.255f,0f,0f,-1.9904f,0.4285f,0f,0f,0f,1f],start_interpolation: 0,interpolation_duration: 1}