# This file was generated by Animated Java via MC-Build. It is not recommended to edit this file directly.
$data merge entity $(up) {transformation: [-1.9653f,0f,0f,0f,0f,1.9403f,0.3126f,2.8526f,0f,0.3126f,-1.9403f,3.3835f,0f,0f,0f,1f],start_interpolation: 0,interpolation_duration: 1}
$data merge entity $(down) {transformation: [-1.2477f,0f,0f,0f,0f,1.2318f,0.1985f,2.9476f,0f,0.1985f,-1.2318f,3.7616f,0f,0f,0f,1f],start_interpolation: 0,interpolation_duration: 1}
$data merge entity $(right_hand) {transformation: [-0.996f,0.0072f,-0.0888f,-2.0798f,0.0063f,0.9999f,0.0097f,-0.7798f,0.0888f,0.0091f,-0.996f,3.3253f,0f,0f,0f,1f],start_interpolation: 0,interpolation_duration: 1}
$data merge entity $(right_forearm) {transformation: [-2.0713f,-0.0167f,0.0143f,-2.0845f,-0.0172f,2.0699f,-0.0771f,0.8259f,-0.0137f,-0.0772f,-2.0699f,2.0146f,0f,0f,0f,1f],start_interpolation: 0,interpolation_duration: 1}
$data merge entity $(right_arm) {transformation: [-1.532f,-0.013f,0.0097f,-1.9334f,-0.0127f,1.5312f,0.0531f,2.5001f,-0.0101f,0.053f,-1.5312f,1.8485f,0f,0f,0f,1f],start_interpolation: 0,interpolation_duration: 1}
$data merge entity $(left_hand) {transformation: [-0.996f,-0.0072f,0.0888f,2.0798f,-0.0063f,0.9999f,0.0097f,-0.7798f,-0.0888f,0.0091f,-0.996f,3.3253f,0f,0f,0f,1f],start_interpolation: 0,interpolation_duration: 1}
$data merge entity $(left_forearm) {transformation: [-2.0713f,0.0167f,-0.0143f,2.0845f,0.0172f,2.0699f,-0.0771f,0.8259f,0.0137f,-0.0772f,-2.0699f,2.0146f,0f,0f,0f,1f],start_interpolation: 0,interpolation_duration: 1}
$data merge entity $(left_arm) {transformation: [-1.532f,0.013f,-0.0097f,1.9334f,0.0127f,1.5312f,0.0531f,2.5001f,0.0101f,0.053f,-1.5312f,1.8485f,0f,0f,0f,1f],start_interpolation: 0,interpolation_duration: 1}
$data merge entity $(chest) {transformation: [-2.8487f,0f,0f,0f,0f,2.8483f,0.0447f,1.9512f,0f,0.0447f,-2.8483f,-0.7825f,0f,0f,0f,1f],start_interpolation: 0,interpolation_duration: 1}
$data merge entity $(left_foot) {transformation: [-0.9926f,-0.0912f,0.0802f,1.3906f,-0.0838f,0.9923f,0.0915f,0.2738f,-0.0879f,0.0841f,-0.9926f,-3.4256f,0f,0f,0f,1f],start_interpolation: 0,interpolation_duration: 1}
$data merge entity $(left_knee) {transformation: [-1.2524f,-0.1062f,0.1105f,1.2824f,-0.1057f,1.2573f,0.0103f,-0.0702f,-0.1109f,0.001f,-1.2569f,-1.6696f,0f,0f,0f,1f],start_interpolation: 0,interpolation_duration: 1}
$data merge entity $(left_leg) {transformation: [-2.0128f,-0.1632f,0.1844f,1.0815f,-0.1699f,2.0196f,-0.0673f,2.3065f,-0.1783f,-0.0822f,-2.0183f,-2.084f,0f,0f,0f,1f],start_interpolation: 0,interpolation_duration: 1}
$data merge entity $(right_foot) {transformation: [-0.9926f,0.0912f,-0.0802f,-1.3906f,0.0838f,0.9923f,0.0915f,0.2738f,0.0879f,0.0841f,-0.9926f,-3.4256f,0f,0f,0f,1f],start_interpolation: 0,interpolation_duration: 1}
$data merge entity $(right_knee) {transformation: [-1.2524f,0.1062f,-0.1105f,-1.2824f,0.1057f,1.2573f,0.0103f,-0.0702f,0.1109f,0.001f,-1.2569f,-1.6696f,0f,0f,0f,1f],start_interpolation: 0,interpolation_duration: 1}
$data merge entity $(right_leg) {transformation: [-2.0128f,0.1632f,-0.1844f,-1.0815f,0.1699f,2.0196f,-0.0673f,2.3065f,0.1783f,-0.0822f,-2.0183f,-2.084f,0f,0f,0f,1f],start_interpolation: 0,interpolation_duration: 1}
$data merge entity $(group) {transformation: [-1.9904f,0f,0f,0f,0f,1.9904f,0f,2.2297f,0f,0f,-1.9904f,0.4285f,0f,0f,0f,1f],start_interpolation: 0,interpolation_duration: 1}