# This file was generated by Animated Java via MC-Build. It is not recommended to edit this file directly.
$data merge entity $(bone_up) {transformation: [-1.9653f,0f,0f,0f,0f,1.92f,-0.4195f,2.2628f,0f,-0.4195f,-1.92f,3.4483f,0f,0f,0f,1f],start_interpolation: 0,interpolation_duration: 1}
$data merge entity $(bone_down) {transformation: [-1.2477f,0f,0f,0f,0f,1.2444f,-0.0897f,2.4896f,0f,-0.0897f,-1.2444f,3.7654f,0f,0f,0f,1f],start_interpolation: 0,interpolation_duration: 1}
$data merge entity $(bone_right_hand) {transformation: [-0.9352f,0.0485f,0.3508f,-3.8612f,0.0843f,0.9926f,0.0873f,-0.3849f,-0.344f,0.1112f,-0.9324f,2.5373f,0f,0f,0f,1f],start_interpolation: 0,interpolation_duration: 1}
$data merge entity $(bone_right_forearm) {transformation: [-0.7725f,1.4282f,-1.2862f,-3.5366f,1.0184f,1.4798f,1.0314f,1.3781f,1.63f,-0.2477f,-1.254f,1.5896f,0f,0f,0f,1f],start_interpolation: 0,interpolation_duration: 1}
$data merge entity $(bone_right_arm) {transformation: [-0.5714f,1.4214f,-0.0246f,-1.9334f,0.7533f,0.3252f,1.2939f,1.8412f,1.2056f,0.4704f,-0.8201f,1.8518f,0f,0f,0f,1f],start_interpolation: 0,interpolation_duration: 1}
$data merge entity $(bone_left_hand) {transformation: [-0.9352f,-0.0485f,-0.3508f,3.8612f,-0.0843f,0.9926f,0.0873f,-0.3849f,0.344f,0.1112f,-0.9324f,2.5373f,0f,0f,0f,1f],start_interpolation: 0,interpolation_duration: 1}
$data merge entity $(bone_left_forearm) {transformation: [-0.7725f,-1.4282f,1.2862f,3.5366f,-1.0184f,1.4798f,1.0314f,1.3781f,-1.63f,-0.2477f,-1.254f,1.5896f,0f,0f,0f,1f],start_interpolation: 0,interpolation_duration: 1}
$data merge entity $(bone_left_arm) {transformation: [-0.5714f,-1.4214f,0.0246f,1.9334f,-0.7533f,0.3252f,1.2939f,1.8412f,-1.2056f,0.4704f,-0.8201f,1.8518f,0f,0f,0f,1f],start_interpolation: 0,interpolation_duration: 1}
$data merge entity $(bone_chest) {transformation: [-2.8487f,0f,0f,0f,0f,2.8252f,0.3651f,1.7158f,0f,0.3651f,-2.8252f,-0.8082f,0f,0f,0f,1f],start_interpolation: 0,interpolation_duration: 1}
$data merge entity $(bone_left_foot) {transformation: [-0.9597f,-0.2757f,0.0551f,1.7684f,-0.2788f,0.9584f,-0.061f,0.2015f,-0.036f,-0.0739f,-0.9966f,-4.0997f,0f,0f,0f,1f],start_interpolation: 0,interpolation_duration: 1}
$data merge entity $(bone_left_knee) {transformation: [-1.2109f,-0.35f,0.0579f,1.7972f,-0.3518f,1.2112f,-0.0365f,-0.0615f,-0.0455f,-0.0512f,-1.2599f,-2.3267f,0f,0f,0f,1f],start_interpolation: 0,interpolation_duration: 1}
$data merge entity $(bone_left_leg) {transformation: [-1.946f,-0.5659f,-0.0688f,1.0815f,-0.5654f,1.8845f,0.491f,2.2349f,-0.0731f,0.4904f,-1.9663f,-2.0534f,0f,0f,0f,1f],start_interpolation: 0,interpolation_duration: 1}
$data merge entity $(bone_right_foot) {transformation: [-0.9597f,0.2718f,-0.0719f,-1.7958f,0.2788f,0.9529f,-0.1196f,0.08f,0.036f,-0.1348f,-0.9902f,-3.8903f,0f,0f,0f,1f],start_interpolation: 0,interpolation_duration: 1}
$data merge entity $(bone_right_knee) {transformation: [-1.2109f,0.3458f,-0.0793f,-1.7937f,0.3518f,1.2066f,-0.1107f,-0.0782f,0.0455f,-0.1283f,-1.2544f,-2.1047f,0f,0f,0f,1f],start_interpolation: 0,interpolation_duration: 1}
$data merge entity $(bone_right_leg) {transformation: [-1.946f,0.5699f,0.0165f,-1.0815f,0.5654f,1.9216f,0.3157f,2.2349f,0.0731f,0.3076f,-2.003f,-2.0534f,0f,0f,0f,1f],start_interpolation: 0,interpolation_duration: 1}
$data merge entity $(bone_group) {transformation: [-1.9904f,0f,0f,0f,0f,1.974f,0.2551f,1.8368f,0f,0.2551f,-1.974f,0.4285f,0f,0f,0f,1f],start_interpolation: 0,interpolation_duration: 1}