# This file was generated by Animated Java via MC-Build. It is not recommended to edit this file directly.
$data merge entity $(up) {transformation: [-1.9653f,0f,0f,0f,0f,1.9051f,0.4827f,1.8134f,0f,0.4827f,-1.9051f,3.4369f,0f,0f,0f,1f],start_interpolation: 0,interpolation_duration: 1}
$data merge entity $(down) {transformation: [-1.2477f,0f,0f,0f,0f,1.1514f,0.4806f,1.8747f,0f,0.4806f,-1.1514f,3.822f,0f,0f,0f,1f],start_interpolation: 0,interpolation_duration: 1}
$data merge entity $(right_hand) {transformation: [-0.9352f,0.0499f,0.3506f,-3.8806f,0.0858f,0.9924f,0.0877f,-0.5846f,-0.3436f,0.1121f,-0.9324f,2.4321f,0f,0f,0f,1f],start_interpolation: 0,interpolation_duration: 1}
$data merge entity $(right_forearm) {transformation: [-0.7839f,1.4341f,-1.2727f,-3.549f,1.0154f,1.4768f,1.0387f,1.1745f,1.6264f,-0.2308f,-1.2618f,1.4936f,0f,0f,0f,1f],start_interpolation: 0,interpolation_duration: 1}
$data merge entity $(right_arm) {transformation: [-0.5798f,1.4141f,0.1076f,-1.9334f,0.751f,0.2076f,1.3192f,1.5136f,1.203f,0.552f,-0.7717f,1.8519f,0f,0f,0f,1f],start_interpolation: 0,interpolation_duration: 1}
$data merge entity $(left_hand) {transformation: [-0.9352f,-0.0499f,-0.3506f,3.8806f,-0.0858f,0.9924f,0.0877f,-0.5846f,0.3436f,0.1121f,-0.9324f,2.4321f,0f,0f,0f,1f],start_interpolation: 0,interpolation_duration: 1}
$data merge entity $(left_forearm) {transformation: [-0.7839f,-1.4341f,1.2727f,3.549f,-1.0154f,1.4768f,1.0387f,1.1745f,-1.6264f,-0.2308f,-1.2618f,1.4936f,0f,0f,0f,1f],start_interpolation: 0,interpolation_duration: 1}
$data merge entity $(left_arm) {transformation: [-0.5798f,-1.4141f,-0.1076f,1.9334f,-0.751f,0.2076f,1.3192f,1.5136f,-1.203f,0.552f,-0.7717f,1.8519f,0f,0f,0f,1f],start_interpolation: 0,interpolation_duration: 1}
$data merge entity $(chest) {transformation: [-2.8487f,0f,0f,0f,0f,2.8233f,0.3795f,1.4015f,0f,0.3795f,-2.8233f,-0.8088f,0f,0f,0f,1f],start_interpolation: 0,interpolation_duration: 1}
$data merge entity $(left_foot) {transformation: [-0.9434f,-0.3172f,0.0972f,1.8673f,-0.3288f,0.933f,-0.1465f,0.002f,-0.0442f,-0.1701f,-0.9844f,-4.0831f,0f,0f,0f,1f],start_interpolation: 0,interpolation_duration: 1}
$data merge entity $(left_knee) {transformation: [-1.1903f,-0.4152f,0.0535f,1.9191f,-0.4149f,1.1915f,0.0159f,-0.3282f,-0.0558f,-0.0026f,-1.2605f,-2.3219f,0f,0f,0f,1f],start_interpolation: 0,interpolation_duration: 1}
$data merge entity $(left_leg) {transformation: [-1.913f,-0.6681f,-0.0787f,1.0815f,-0.6667f,1.8513f,0.4901f,1.927f,-0.0896f,0.4882f,-1.9661f,-2.0513f,0f,0f,0f,1f],start_interpolation: 0,interpolation_duration: 1}
$data merge entity $(right_foot) {transformation: [-0.9434f,0.3114f,-0.1143f,-1.8961f,0.3288f,0.9236f,-0.1971f,-0.1053f,0.0442f,-0.2235f,-0.9737f,-3.9011f,0f,0f,0f,1f],start_interpolation: 0,interpolation_duration: 1}
$data merge entity $(right_knee) {transformation: [-1.1903f,0.4116f,-0.0761f,-1.9155f,0.4149f,1.1906f,-0.049f,-0.3445f,0.0558f,-0.0713f,-1.2585f,-2.1246f,0f,0f,0f,1f],start_interpolation: 0,interpolation_duration: 1}
$data merge entity $(right_leg) {transformation: [-1.913f,0.6723f,0.0238f,-1.0815f,0.6667f,1.8852f,0.3372f,1.927f,0.0896f,0.3259f,-1.9994f,-2.0513f,0f,0f,0f,1f],start_interpolation: 0,interpolation_duration: 1}
$data merge entity $(group) {transformation: [-1.9904f,0f,0f,0f,0f,1.9727f,0.2652f,1.5162f,0f,0.2652f,-1.9727f,0.4285f,0f,0f,0f,1f],start_interpolation: 0,interpolation_duration: 1}