# This file was generated by Animated Java via MC-Build. It is not recommended to edit this file directly.
$data merge entity $(bone_up) {transformation: [-1.9653f,0f,0f,0f,0f,1.4367f,1.341f,1.6276f,0f,1.341f,-1.4367f,3.3753f,0f,0f,0f,1f],start_interpolation: 0,interpolation_duration: 1}
$data merge entity $(bone_down) {transformation: [-1.2477f,0f,0f,0f,0f,0.7813f,0.9728f,1.4957f,0f,0.9728f,-0.7813f,3.7422f,0f,0f,0f,1f],start_interpolation: 0,interpolation_duration: 1}
$data merge entity $(bone_right_hand) {transformation: [-0.9464f,0.0204f,0.3224f,-3.8323f,0.0505f,0.9951f,0.0851f,-0.5813f,-0.3191f,0.0968f,-0.9428f,2.3426f,0f,0f,0f,1f],start_interpolation: 0,interpolation_duration: 1}
$data merge entity $(bone_right_forearm) {transformation: [-0.8413f,1.3975f,-1.2767f,-3.5363f,0.9994f,1.5145f,0.9992f,1.1775f,1.6076f,-0.2101f,-1.2893f,1.4042f,0f,0f,0f,1f],start_interpolation: 0,interpolation_duration: 1}
$data merge entity $(bone_right_arm) {transformation: [-0.6222f,1.3886f,0.1791f,-1.9334f,0.7392f,0.1593f,1.3325f,1.4674f,1.1891f,0.6276f,-0.7346f,1.8516f,0f,0f,0f,1f],start_interpolation: 0,interpolation_duration: 1}
$data merge entity $(bone_left_hand) {transformation: [-0.9464f,-0.0204f,-0.3224f,3.8323f,-0.0505f,0.9951f,0.0851f,-0.5813f,0.3191f,0.0968f,-0.9428f,2.3426f,0f,0f,0f,1f],start_interpolation: 0,interpolation_duration: 1}
$data merge entity $(bone_left_forearm) {transformation: [-0.8413f,-1.3975f,1.2767f,3.5363f,-0.9994f,1.5145f,0.9992f,1.1775f,-1.6076f,-0.2101f,-1.2893f,1.4042f,0f,0f,0f,1f],start_interpolation: 0,interpolation_duration: 1}
$data merge entity $(bone_left_arm) {transformation: [-0.6222f,-1.3886f,-0.1791f,1.9334f,-0.7392f,0.1593f,1.3325f,1.4674f,-1.1891f,0.6276f,-0.7346f,1.8516f,0f,0f,0f,1f],start_interpolation: 0,interpolation_duration: 1}
$data merge entity $(bone_chest) {transformation: [-2.8487f,0f,0f,0f,0f,2.8127f,0.4516f,1.4216f,0f,0.4516f,-2.8127f,-0.8114f,0f,0f,0f,1f],start_interpolation: 0,interpolation_duration: 1}
$data merge entity $(bone_left_foot) {transformation: [-0.9223f,-0.3506f,0.1625f,1.9769f,-0.3816f,0.8929f,-0.2391f,0.187f,-0.0613f,-0.2825f,-0.9573f,-4.0584f,0f,0f,0f,1f],start_interpolation: 0,interpolation_duration: 1}
$data merge entity $(bone_left_knee) {transformation: [-1.1637f,-0.4849f,0.0509f,2.0503f,-0.4814f,1.1636f,0.0789f,-0.2228f,-0.0773f,0.0533f,-1.2583f,-2.3148f,0f,0f,0f,1f],start_interpolation: 0,interpolation_duration: 1}
$data merge entity $(bone_left_leg) {transformation: [-1.8703f,-0.7799f,-0.0771f,1.0815f,-0.7738f,1.806f,0.5015f,1.9787f,-0.1242f,0.492f,-1.9633f,-2.04f,0f,0f,0f,1f],start_interpolation: 0,interpolation_duration: 1}
$data merge entity $(bone_right_foot) {transformation: [-0.9223f,0.3472f,-0.1696f,-1.9897f,0.3816f,0.8878f,-0.2573f,0.1455f,0.0613f,-0.302f,-0.9513f,-3.9926f,0f,0f,0f,1f],start_interpolation: 0,interpolation_duration: 1}
$data merge entity $(bone_right_knee) {transformation: [-1.1637f,0.4838f,-0.0608f,-2.049f,0.4814f,1.165f,0.0551f,-0.2313f,0.0773f,0.0276f,-1.2591f,-2.241f,0f,0f,0f,1f],start_interpolation: 0,interpolation_duration: 1}
$data merge entity $(bone_right_leg) {transformation: [-1.8703f,0.7819f,0.0531f,-1.0815f,0.7738f,1.8206f,0.4459f,1.9787f,0.1242f,0.4315f,-1.9775f,-2.04f,0f,0f,0f,1f],start_interpolation: 0,interpolation_duration: 1}
$data merge entity $(bone_group) {transformation: [-1.9904f,0f,0f,0f,0f,1.9652f,0.3155f,1.5046f,0f,0.3155f,-1.9652f,0.4285f,0f,0f,0f,1f],start_interpolation: 0,interpolation_duration: 1}