# This file was generated by Animated Java via MC-Build. It is not recommended to edit this file directly.
$data merge entity $(up) {transformation: [-1.9653f,0f,0f,0f,0f,0.7074f,1.8336f,1.3186f,0f,1.8336f,-0.7074f,3.2815f,0f,0f,0f,1f],start_interpolation: 0,interpolation_duration: 1}
$data merge entity $(down) {transformation: [-1.2477f,0f,0f,0f,0f,0.3174f,1.2066f,1.0398f,0f,1.2066f,-0.3174f,3.5541f,0f,0f,0f,1f],start_interpolation: 0,interpolation_duration: 1}
$data merge entity $(right_hand) {transformation: [-0.9486f,0.0171f,0.316f,-3.8131f,0.0495f,0.9942f,0.095f,-0.6854f,-0.3125f,0.1057f,-0.944f,2.2477f,0f,0f,0f,1f],start_interpolation: 0,interpolation_duration: 1}
$data merge entity $(right_forearm) {transformation: [-0.8473f,1.392f,-1.2788f,-3.5302f,0.9806f,1.5217f,1.0067f,1.075f,1.6159f,-0.1936f,-1.2814f,1.3278f,0f,0f,0f,1f],start_interpolation: 0,interpolation_duration: 1}
$data merge entity $(right_arm) {transformation: [-0.6267f,1.3674f,0.2914f,-1.9334f,0.7253f,0.045f,1.3488f,1.2445f,1.1952f,0.6896f,-0.6658f,1.8521f,0f,0f,0f,1f],start_interpolation: 0,interpolation_duration: 1}
$data merge entity $(left_hand) {transformation: [-0.9486f,-0.0171f,-0.316f,3.8131f,-0.0495f,0.9942f,0.095f,-0.6854f,0.3125f,0.1057f,-0.944f,2.2477f,0f,0f,0f,1f],start_interpolation: 0,interpolation_duration: 1}
$data merge entity $(left_forearm) {transformation: [-0.8473f,-1.392f,1.2788f,3.5302f,-0.9806f,1.5217f,1.0067f,1.075f,-1.6159f,-0.1936f,-1.2814f,1.3278f,0f,0f,0f,1f],start_interpolation: 0,interpolation_duration: 1}
$data merge entity $(left_arm) {transformation: [-0.6267f,-1.3674f,-0.2914f,1.9334f,-0.7253f,0.045f,1.3488f,1.2445f,-1.1952f,0.6896f,-0.6658f,1.8521f,0f,0f,0f,1f],start_interpolation: 0,interpolation_duration: 1}
$data merge entity $(chest) {transformation: [-2.8487f,0f,0f,0f,0f,2.8039f,0.5029f,1.2395f,0f,0.5029f,-2.8039f,-0.8127f,0f,0f,0f,1f],start_interpolation: 0,interpolation_duration: 1}
$data merge entity $(left_foot) {transformation: [-0.8991f,-0.3741f,0.2274f,2.0715f,-0.4311f,0.8467f,-0.3119f,0.1497f,-0.0758f,-0.3784f,-0.9225f,-4.0348f,0f,0f,0f,1f],start_interpolation: 0,interpolation_duration: 1}
$data merge entity $(left_knee) {transformation: [-1.1344f,-0.5507f,0.0427f,2.1732f,-0.544f,1.1308f,0.1315f,-0.324f,-0.0957f,0.0999f,-1.2541f,-2.3089f,0f,0f,0f,1f],start_interpolation: 0,interpolation_duration: 1}
$data merge entity $(left_leg) {transformation: [-1.8232f,-0.8841f,-0.08f,1.0815f,-0.8742f,1.7566f,0.5118f,1.8188f,-0.1538f,0.4947f,-1.9605f,-2.031f,0f,0f,0f,1f],start_interpolation: 0,interpolation_duration: 1}
$data merge entity $(right_foot) {transformation: [-0.8991f,0.3741f,-0.2274f,-2.0715f,0.4311f,0.8467f,-0.3119f,0.1497f,0.0758f,-0.3784f,-0.9225f,-4.0348f,0f,0f,0f,1f],start_interpolation: 0,interpolation_duration: 1}
$data merge entity $(right_knee) {transformation: [-1.1344f,0.5507f,-0.0427f,-2.1732f,0.544f,1.1308f,0.1315f,-0.324f,0.0957f,0.0999f,-1.2541f,-2.3089f,0f,0f,0f,1f],start_interpolation: 0,interpolation_duration: 1}
$data merge entity $(right_leg) {transformation: [-1.8232f,0.8841f,0.08f,-1.0815f,0.8742f,1.7566f,0.5118f,1.8188f,0.1538f,0.4947f,-1.9605f,-2.031f,0f,0f,0f,1f],start_interpolation: 0,interpolation_duration: 1}
$data merge entity $(group) {transformation: [-1.9904f,0f,0f,0f,0f,1.9592f,0.3511f,1.3f,0f,0.3511f,-1.9592f,0.4285f,0f,0f,0f,1f],start_interpolation: 0,interpolation_duration: 1}