# This file was generated by Animated Java via MC-Build. It is not recommended to edit this file directly.
$data merge entity $(up) {transformation: [-1.9653f,0f,0f,0f,0f,0.6334f,1.8605f,1.4441f,0f,1.8605f,-0.6334f,3.2732f,0f,0f,0f,1f],start_interpolation: 0,interpolation_duration: 1}
$data merge entity $(down) {transformation: [-1.2477f,0f,0f,0f,0f,0.3044f,1.21f,1.1546f,0f,1.21f,-0.3044f,3.5344f,0f,0f,0f,1f],start_interpolation: 0,interpolation_duration: 1}
$data merge entity $(right_hand) {transformation: [-0.9421f,0.039f,0.333f,-3.8301f,0.0826f,0.9896f,0.1177f,-0.4598f,-0.3249f,0.1384f,-0.9356f,2.2247f,0f,0f,0f,1f],start_interpolation: 0,interpolation_duration: 1}
$data merge entity $(right_forearm) {transformation: [-0.7902f,1.4147f,-1.2903f,-3.5394f,0.9616f,1.5003f,1.056f,1.3113f,1.6558f,-0.1961f,-1.2291f,1.3348f,0f,0f,0f,1f],start_interpolation: 0,interpolation_duration: 1}
$data merge entity $(right_arm) {transformation: [-0.5845f,1.3719f,0.3515f,-1.9334f,0.7113f,-0.0445f,1.3563f,1.3861f,1.2247f,0.6806f,-0.6199f,1.8529f,0f,0f,0f,1f],start_interpolation: 0,interpolation_duration: 1}
$data merge entity $(left_hand) {transformation: [-0.9421f,-0.039f,-0.333f,3.8301f,-0.0826f,0.9896f,0.1177f,-0.4598f,0.3249f,0.1384f,-0.9356f,2.2247f,0f,0f,0f,1f],start_interpolation: 0,interpolation_duration: 1}
$data merge entity $(left_forearm) {transformation: [-0.7902f,-1.4147f,1.2903f,3.5394f,-0.9616f,1.5003f,1.056f,1.3113f,-1.6558f,-0.1961f,-1.2291f,1.3348f,0f,0f,0f,1f],start_interpolation: 0,interpolation_duration: 1}
$data merge entity $(left_arm) {transformation: [-0.5845f,-1.3719f,-0.3515f,1.9334f,-0.7113f,-0.0445f,1.3563f,1.3861f,-1.2247f,0.6806f,-0.6199f,1.8529f,0f,0f,0f,1f],start_interpolation: 0,interpolation_duration: 1}
$data merge entity $(chest) {transformation: [-2.8487f,0f,0f,0f,0f,2.801f,0.5189f,1.3904f,0f,0.5189f,-2.801f,-0.813f,0f,0f,0f,1f],start_interpolation: 0,interpolation_duration: 1}
$data merge entity $(left_foot) {transformation: [-0.8935f,-0.3818f,0.2364f,2.0937f,-0.4423f,0.8392f,-0.3165f,0.3263f,-0.0776f,-0.3873f,-0.9187f,-4.0402f,0f,0f,0f,1f],start_interpolation: 0,interpolation_duration: 1}
$data merge entity $(left_knee) {transformation: [-1.1274f,-0.565f,0.0417f,2.2005f,-0.558f,1.1235f,0.1356f,-0.1509f,-0.0979f,0.1027f,-1.2538f,-2.3156f,0f,0f,0f,1f],start_interpolation: 0,interpolation_duration: 1}
$data merge entity $(left_leg) {transformation: [-1.8119f,-0.9064f,-0.0871f,1.0815f,-0.8969f,1.743f,0.5193f,1.9765f,-0.1573f,0.5026f,-1.9582f,-2.0281f,0f,0f,0f,1f],start_interpolation: 0,interpolation_duration: 1}
$data merge entity $(right_foot) {transformation: [-0.8935f,0.3818f,-0.2364f,-2.0937f,0.4423f,0.8392f,-0.3165f,0.3263f,0.0776f,-0.3873f,-0.9187f,-4.0402f,0f,0f,0f,1f],start_interpolation: 0,interpolation_duration: 1}
$data merge entity $(right_knee) {transformation: [-1.1274f,0.565f,-0.0417f,-2.2005f,0.558f,1.1235f,0.1356f,-0.1509f,0.0979f,0.1027f,-1.2538f,-2.3156f,0f,0f,0f,1f],start_interpolation: 0,interpolation_duration: 1}
$data merge entity $(right_leg) {transformation: [-1.8119f,0.9064f,0.0871f,-1.0815f,0.8969f,1.743f,0.5193f,1.9765f,0.1573f,0.5026f,-1.9582f,-2.0281f,0f,0f,0f,1f],start_interpolation: 0,interpolation_duration: 1}
$data merge entity $(group) {transformation: [-1.9904f,0f,0f,0f,0f,1.9572f,0.362f,1.444f,0f,0.362f,-1.9572f,0.4285f,0f,0f,0f,1f],start_interpolation: 0,interpolation_duration: 1}