# This file was generated by Animated Java via MC-Build. It is not recommended to edit this file directly.
$data merge entity $(up) {transformation: [-1.9653f,0f,0f,0f,0f,0.6632f,1.8501f,1.3197f,0f,1.8501f,-0.6632f,3.2781f,0f,0f,0f,1f],start_interpolation: 0,interpolation_duration: 1}
$data merge entity $(down) {transformation: [-1.2477f,0f,0f,0f,0f,0.3627f,1.1938f,1.0345f,0f,1.1938f,-0.3627f,3.5439f,0f,0f,0f,1f],start_interpolation: 0,interpolation_duration: 1}
$data merge entity $(right_hand) {transformation: [-0.9369f,0.0554f,0.3452f,-3.8406f,0.1078f,0.985f,0.1345f,-0.5245f,-0.3326f,0.1633f,-0.9288f,2.2179f,0f,0f,0f,1f],start_interpolation: 0,interpolation_duration: 1}
$data merge entity $(right_forearm) {transformation: [-0.7478f,1.4297f,-1.2991f,-3.5456f,0.9455f,1.4856f,1.0907f,1.2549f,1.6845f,-0.1992f,-1.189f,1.3501f,0f,0f,0f,1f],start_interpolation: 0,interpolation_duration: 1}
$data merge entity $(right_arm) {transformation: [-0.5531f,1.3763f,0.3836f,-1.9334f,0.6994f,-0.0978f,1.3597f,1.2733f,1.2459f,0.666f,-0.5929f,1.8539f,0f,0f,0f,1f],start_interpolation: 0,interpolation_duration: 1}
$data merge entity $(left_hand) {transformation: [-0.9369f,-0.0554f,-0.3452f,3.8406f,-0.1078f,0.985f,0.1345f,-0.5245f,0.3326f,0.1633f,-0.9288f,2.2179f,0f,0f,0f,1f],start_interpolation: 0,interpolation_duration: 1}
$data merge entity $(left_forearm) {transformation: [-0.7478f,-1.4297f,1.2991f,3.5456f,-0.9455f,1.4856f,1.0907f,1.2549f,-1.6845f,-0.1992f,-1.189f,1.3501f,0f,0f,0f,1f],start_interpolation: 0,interpolation_duration: 1}
$data merge entity $(left_arm) {transformation: [-0.5531f,-1.3763f,-0.3836f,1.9334f,-0.6994f,-0.0978f,1.3597f,1.2733f,-1.2459f,0.666f,-0.5929f,1.8539f,0f,0f,0f,1f],start_interpolation: 0,interpolation_duration: 1}
$data merge entity $(chest) {transformation: [-2.8487f,0f,0f,0f,0f,2.7989f,0.5304f,1.2817f,0f,0.5304f,-2.7989f,-0.8132f,0f,0f,0f,1f],start_interpolation: 0,interpolation_duration: 1}
$data merge entity $(left_foot) {transformation: [-0.8916f,-0.3857f,0.2371f,2.1031f,-0.446f,0.8385f,-0.3131f,0.2257f,-0.078f,-0.3849f,-0.9196f,-4.0466f,0f,0f,0f,1f],start_interpolation: 0,interpolation_duration: 1}
$data merge entity $(left_knee) {transformation: [-1.125f,-0.5697f,0.0427f,2.2097f,-0.5627f,1.1213f,0.1339f,-0.2486f,-0.0985f,0.1004f,-1.2539f,-2.3211f,0f,0f,0f,1f],start_interpolation: 0,interpolation_duration: 1}
$data merge entity $(left_leg) {transformation: [-1.808f,-0.9136f,-0.0914f,1.0815f,-0.9044f,1.7373f,0.5251f,1.8729f,-0.1583f,0.5089f,-1.9565f,-2.0258f,0f,0f,0f,1f],start_interpolation: 0,interpolation_duration: 1}
$data merge entity $(right_foot) {transformation: [-0.8916f,0.3857f,-0.2371f,-2.1031f,0.446f,0.8385f,-0.3131f,0.2257f,0.078f,-0.3849f,-0.9196f,-4.0466f,0f,0f,0f,1f],start_interpolation: 0,interpolation_duration: 1}
$data merge entity $(right_knee) {transformation: [-1.125f,0.5697f,-0.0427f,-2.2097f,0.5627f,1.1213f,0.1339f,-0.2486f,0.0985f,0.1004f,-1.2539f,-2.3211f,0f,0f,0f,1f],start_interpolation: 0,interpolation_duration: 1}
$data merge entity $(right_leg) {transformation: [-1.808f,0.9136f,0.0914f,-1.0815f,0.9044f,1.7373f,0.5251f,1.8729f,0.1583f,0.5089f,-1.9565f,-2.0258f,0f,0f,0f,1f],start_interpolation: 0,interpolation_duration: 1}
$data merge entity $(group) {transformation: [-1.9904f,0f,0f,0f,0f,1.9557f,0.3702f,1.3301f,0f,0.3702f,-1.9557f,0.4285f,0f,0f,0f,1f],start_interpolation: 0,interpolation_duration: 1}