# This file was generated by Animated Java via MC-Build. It is not recommended to edit this file directly.
$data merge entity $(neck) {transformation: [-1f,0f,0f,0f,0f,1f,0f,5.9223f,0f,0f,-1f,0.0711f,0f,0f,0f,1f],start_interpolation: 0,interpolation_duration: 1}
$data merge entity $(right_thumb_2) {transformation: [-0.9634f,0.1501f,-0.2223f,-1.8933f,0.2147f,0.9284f,-0.3033f,1.9196f,0.1608f,-0.3399f,-0.9266f,0.9751f,0f,0f,0f,1f],start_interpolation: 0,interpolation_duration: 1}
$data merge entity $(right_thumb) {transformation: [-0.9634f,0.0072f,-0.2681f,-2.0301f,0.2147f,0.62f,-0.7546f,2.1616f,0.1608f,-0.7845f,-0.5989f,0.755f,0f,0f,0f,1f],start_interpolation: 0,interpolation_duration: 1}
$data merge entity $(right_fingers2) {transformation: [0.5195f,-0.8216f,-0.2345f,-2.0211f,-0.8262f,-0.4131f,-0.3831f,1.4399f,0.2179f,0.3928f,-0.8935f,0.9719f,0f,0f,0f,1f],start_interpolation: 0,interpolation_duration: 1}
$data merge entity $(right_fingers) {transformation: [-0.6897f,-0.685f,-0.2345f,-2.2375f,-0.5821f,0.7172f,-0.3831f,1.625f,0.4306f,-0.1277f,-0.8935f,0.9411f,0f,0f,0f,1f],start_interpolation: 0,interpolation_duration: 1}
$data merge entity $(scout) {transformation: [0f,0f,0f,-2.0859f,0f,0f,0f,1.5864f,0f,0f,0f,0.7985f,0f,0f,0f,1f],start_interpolation: 0,interpolation_duration: 1}
$data merge entity $(right_hand) {transformation: [-0.9634f,0.1302f,-0.2345f,-2.1631f,0.2147f,0.8984f,-0.3831f,2.1588f,0.1608f,-0.4194f,-0.8935f,0.6432f,0f,0f,0f,1f],start_interpolation: 0,interpolation_duration: 1}
$data merge entity $(right_forearm) {transformation: [-1.1667f,0.1793f,0.7098f,-1.8187f,-0.164f,1.2375f,-0.5821f,4.0081f,-0.7135f,-0.5776f,-1.0268f,-0.2344f,0f,0f,0f,1f],start_interpolation: 0,interpolation_duration: 1}
$data merge entity $(right_shoulder) {transformation: [-1.3984f,0.4366f,0.0614f,-1.0065f,0.4409f,1.3848f,0.1946f,5.6013f,0f,0.2041f,-1.452f,0.0612f,0f,0f,0f,1f],start_interpolation: 0,interpolation_duration: 1}
$data merge entity $(right_arm) {transformation: [-1f,0f,0f,-0.4425f,0f,1f,0f,5.891f,0f,0f,-1f,0.0527f,0f,0f,0f,1f],start_interpolation: 0,interpolation_duration: 1}
$data merge entity $(left_thumb_2) {transformation: [-0.7462f,-0.1866f,0.639f,1.8371f,-0.3673f,0.916f,-0.1614f,1.8421f,-0.5552f,-0.3552f,-0.7521f,0.8264f,0f,0f,0f,1f],start_interpolation: 0,interpolation_duration: 1}
$data merge entity $(left_thumb) {transformation: [-0.7462f,0.186f,0.6392f,1.9986f,-0.3673f,0.6858f,-0.6283f,2.126f,-0.5552f,-0.7036f,-0.4435f,0.6886f,0f,0f,0f,1f],start_interpolation: 0,interpolation_duration: 1}
$data merge entity $(left_fingers2) {transformation: [0.3799f,0.6553f,0.6528f,2.0513f,0.9243f,-0.2962f,-0.2407f,1.3962f,0.0356f,0.6949f,-0.7182f,0.8689f,0f,0f,0f,1f],start_interpolation: 0,interpolation_duration: 1}
$data merge entity $(left_fingers) {transformation: [-0.5575f,0.5128f,0.6528f,2.2179f,0.4892f,0.8383f,-0.2407f,1.6195f,-0.6707f,0.1852f,-0.7182f,0.9353f,0f,0f,0f,1f],start_interpolation: 0,interpolation_duration: 1}
$data merge entity $(left_hand) {transformation: [-0.7462f,-0.1302f,0.6528f,2.1631f,-0.3673f,0.8984f,-0.2407f,2.1588f,-0.5552f,-0.4194f,-0.7182f,0.6432f,0f,0f,0f,1f],start_interpolation: 0,interpolation_duration: 1}
$data merge entity $(left_forearm) {transformation: [-1.1667f,-0.1793f,-0.7098f,1.8187f,0.164f,1.2375f,-0.5821f,4.0081f,0.7135f,-0.5776f,-1.0268f,-0.2344f,0f,0f,0f,1f],start_interpolation: 0,interpolation_duration: 1}
$data merge entity $(left_shoulder) {transformation: [-1.3984f,-0.4366f,-0.0614f,1.0065f,-0.4409f,1.3848f,0.1946f,5.6013f,0f,0.2041f,-1.452f,0.0612f,0f,0f,0f,1f],start_interpolation: 0,interpolation_duration: 1}
$data merge entity $(left_arm) {transformation: [-1f,0f,0f,0.4426f,0f,1f,0f,5.891f,0f,0f,-1f,0.0527f,0f,0f,0f,1f],start_interpolation: 0,interpolation_duration: 1}
$data merge entity $(chest) {transformation: [-1.2785f,0f,0f,0f,0f,1.2785f,0f,4.085f,0f,0f,-1.2785f,0.0181f,0f,0f,0f,1f],start_interpolation: 0,interpolation_duration: 1}
$data merge entity $(left_cheek) {transformation: [-0.9853f,-0.0027f,-0.1707f,0.3467f,-0.013f,0.9982f,0.0594f,3.2568f,0.1702f,0.0607f,-0.9835f,-0.516f,0f,0f,0f,1f],start_interpolation: 0,interpolation_duration: 1}
$data merge entity $(left_foot) {transformation: [-0.8856f,0.0118f,-0.5107f,0.3752f,-0.0116f,1.0214f,0.0438f,-4.8026f,0.5107f,0.0438f,-0.8846f,-0.8251f,0f,0f,0f,1f],start_interpolation: 0,interpolation_duration: 1}
$data merge entity $(left_knee) {transformation: [-2.8102f,0.1519f,-1.1541f,0.619f,0f,3.0157f,0.397f,-0.6126f,1.164f,0.3668f,-2.7862f,-0.4649f,0f,0f,0f,1f],start_interpolation: 0,interpolation_duration: 1}
$data merge entity $(left_leg) {transformation: [-1.5872f,0.0858f,-0.6518f,0.7095f,0f,1.7033f,0.2242f,2.1096f,0.6574f,0.2072f,-1.5736f,-0.0595f,0f,0f,0f,1f],start_interpolation: 0,interpolation_duration: 1}
$data merge entity $(right_cheek) {transformation: [-0.9834f,0.0436f,-0.176f,-0.4922f,0.0363f,0.9984f,0.0443f,3.2532f,0.1777f,0.0372f,-0.9834f,-0.3598f,0f,0f,0f,1f],start_interpolation: 0,interpolation_duration: 1}
$data merge entity $(right_foot) {transformation: [-1.0185f,-0.0205f,0.0861f,-0.5124f,-0.024f,1.0213f,-0.0412f,-4.8094f,-0.0852f,-0.043f,-1.0179f,0.8779f,0f,0f,0f,1f],start_interpolation: 0,interpolation_duration: 1}
$data merge entity $(right_knee) {transformation: [-3.0411f,-0.061f,-0.0089f,-0.6844f,-0.0605f,3.0384f,-0.1282f,-0.6111f,0.0114f,-0.128f,-3.039f,0.5767f,0f,0f,0f,1f],start_interpolation: 0,interpolation_duration: 1}
$data merge entity $(right_leg) {transformation: [-1.7176f,-0.0348f,-0.0005f,-0.6687f,-0.0342f,1.692f,-0.2958f,2.1096f,0.0065f,-0.2957f,-1.6923f,0.1523f,0f,0f,0f,1f],start_interpolation: 0,interpolation_duration: 1}
$data merge entity $(weist) {transformation: [-1.5977f,0f,-0.2817f,0f,0f,1.6223f,0f,3.7603f,0.2817f,0f,-1.5977f,-0.0225f,0f,0f,0f,1f],start_interpolation: 0,interpolation_duration: 1}
data modify storage animated_java:temp entry.data merge value {"locators":{"consume":{"px":-2.0495444297,"py":1.4487041381,"pz":0.8911231865,"ry":345.2925936573,"rx":-22.5231079865}}}
# Data Manager: Prepare for Read / Write
execute store result storage animated_java:temp args.id int 1 run scoreboard players get @s aj.id
# Data Manager: Write
function animated_java:global/data_manager/write with storage animated_java:temp args
execute unless entity @s[tag=aj.transforms_only] at @s run function animated_java:female/animations/sneak/zzz/frames/0_root_function