# This file was generated by Animated Java via MC-Build. It is not recommended to edit this file directly.
$data merge entity $(neck) {transformation: [-1f,0f,0f,0f,0f,1f,0.0063f,5.9321f,0f,0.0063f,-1f,0.077f,0f,0f,0f,1f],start_interpolation: 0,interpolation_duration: 1}
$data merge entity $(right_thumb_2) {transformation: [-0.9595f,0.154f,-0.2359f,-1.8827f,0.2226f,0.9276f,-0.2999f,1.9294f,0.1726f,-0.3403f,-0.9243f,0.9142f,0f,0f,0f,1f],start_interpolation: 0,interpolation_duration: 1}
$data merge entity $(right_thumb) {transformation: [-0.9595f,0.0024f,-0.2817f,-2.0202f,0.2226f,0.6193f,-0.7529f,2.1723f,0.1726f,-0.7851f,-0.5948f,0.6956f,0f,0f,0f,1f],start_interpolation: 0,interpolation_duration: 1}
$data merge entity $(right_fingers2) {transformation: [0.4876f,-0.8371f,-0.2481f,-2.0178f,-0.8445f,-0.38f,-0.3774f,1.4471f,0.2216f,0.3935f,-0.8922f,0.9113f,0f,0f,0f,1f],start_interpolation: 0,interpolation_duration: 1}
$data merge entity $(right_fingers) {transformation: [-0.6993f,-0.6704f,-0.2481f,-2.2304f,-0.5676f,0.7317f,-0.3774f,1.6369f,0.4345f,-0.1231f,-0.8922f,0.8819f,0f,0f,0f,1f],start_interpolation: 0,interpolation_duration: 1}
$data merge entity $(scout) {transformation: [0f,0f,0f,-2.0808f,0f,0f,0f,1.5975f,0f,0f,0f,0.7375f,0f,0f,0f,1f],start_interpolation: 0,interpolation_duration: 1}
$data merge entity $(right_hand) {transformation: [-0.9595f,0.1335f,-0.2481f,-2.1546f,0.2226f,0.8989f,-0.3774f,2.1712f,0.1726f,-0.4173f,-0.8922f,0.5853f,0f,0f,0f,1f],start_interpolation: 0,interpolation_duration: 1}
$data merge entity $(right_forearm) {transformation: [-1.1665f,0.1838f,0.709f,-1.8034f,-0.1588f,1.2381f,-0.5822f,4.0211f,-0.715f,-0.5748f,-1.0274f,-0.288f,0f,0f,0f,1f],start_interpolation: 0,interpolation_duration: 1}
$data merge entity $(right_shoulder) {transformation: [-1.4028f,0.4231f,0.0544f,-1.0065f,0.4262f,1.3812f,0.2458f,5.6114f,0.0197f,0.251f,-1.4445f,0.0605f,0f,0f,0f,1f],start_interpolation: 0,interpolation_duration: 1}
$data merge entity $(right_arm) {transformation: [-1f,0f,0f,-0.4425f,0f,0.9998f,0.0204f,5.9012f,0f,0.0204f,-0.9998f,0.0579f,0f,0f,0f,1f],start_interpolation: 0,interpolation_duration: 1}
$data merge entity $(left_thumb_2) {transformation: [-0.7395f,-0.1754f,0.6499f,1.8097f,-0.3727f,0.9107f,-0.1783f,1.884f,-0.5605f,-0.3741f,-0.7388f,0.8694f,0f,0f,0f,1f],start_interpolation: 0,interpolation_duration: 1}
$data merge entity $(left_thumb) {transformation: [-0.7395f,0.2108f,0.6393f,1.9781f,-0.3727f,0.6626f,-0.6497f,2.1616f,-0.5605f,-0.7187f,-0.4114f,0.7271f,0f,0f,0f,1f],start_interpolation: 0,interpolation_duration: 1}
$data merge entity $(left_fingers2) {transformation: [0.3685f,0.6408f,0.6734f,2.0213f,0.9296f,-0.2585f,-0.2628f,1.4335f,0.0057f,0.7229f,-0.691f,0.9208f,0f,0f,0f,1f],start_interpolation: 0,interpolation_duration: 1}
$data merge entity $(left_fingers) {transformation: [-0.5326f,0.5127f,0.6734f,2.1873f,0.4757f,0.8394f,-0.2628f,1.6573f,-0.7f,0.1804f,-0.691f,0.9869f,0f,0f,0f,1f],start_interpolation: 0,interpolation_duration: 1}
$data merge entity $(left_hand) {transformation: [-0.7361f,-0.1128f,0.6674f,2.1439f,-0.3701f,0.8926f,-0.2574f,2.1923f,-0.5667f,-0.4365f,-0.6988f,0.685f,0f,0f,0f,1f],start_interpolation: 0,interpolation_duration: 1}
$data merge entity $(left_forearm) {transformation: [-1.1858f,-0.1663f,-0.6808f,1.8194f,0.1771f,1.2235f,-0.6073f,4.0201f,0.678f,-0.6104f,-1.0319f,-0.2435f,0f,0f,0f,1f],start_interpolation: 0,interpolation_duration: 1}
$data merge entity $(left_shoulder) {transformation: [-1.3985f,-0.437f,-0.0554f,1.0065f,-0.4404f,1.3834f,0.2054f,5.6114f,-0.009f,0.2126f,-1.4507f,0.0605f,0f,0f,0f,1f],start_interpolation: 0,interpolation_duration: 1}
$data merge entity $(left_arm) {transformation: [-1f,0f,0f,0.4426f,0f,0.9998f,0.0204f,5.9012f,0f,0.0204f,-0.9998f,0.0579f,0f,0f,0f,1f],start_interpolation: 0,interpolation_duration: 1}
$data merge entity $(chest) {transformation: [-1.2785f,0f,0f,0f,0f,1.2783f,0.026f,4.0962f,0f,0.026f,-1.2783f,-0.0134f,0f,0f,0f,1f],start_interpolation: 0,interpolation_duration: 1}
$data merge entity $(left_cheek) {transformation: [-0.9858f,-0.0138f,-0.1674f,0.3632f,-0.0254f,0.9974f,0.0669f,3.2624f,0.1661f,0.0702f,-0.9836f,-0.5323f,0f,0f,0f,1f],start_interpolation: 0,interpolation_duration: 1}
$data merge entity $(left_foot) {transformation: [-0.8932f,0.005f,-0.4975f,0.4474f,-0.0172f,1.0214f,0.041f,-4.7859f,0.4972f,0.0442f,-0.8922f,-0.8011f,0f,0f,0f,1f],start_interpolation: 0,interpolation_duration: 1}
$data merge entity $(left_knee) {transformation: [-2.8231f,0.1524f,-1.1221f,0.693f,-0.0122f,3.0098f,0.4394f,-0.6126f,1.1323f,0.4123f,-2.7929f,-0.3786f,0f,0f,0f,1f],start_interpolation: 0,interpolation_duration: 1}
$data merge entity $(left_leg) {transformation: [-1.5945f,0.044f,-0.638f,0.7118f,-0.0069f,1.7126f,0.1352f,2.1278f,0.6395f,0.128f,-1.5893f,-0.1102f,0f,0f,0f,1f],start_interpolation: 0,interpolation_duration: 1}
$data merge entity $(right_cheek) {transformation: [-0.9841f,0.0409f,-0.1731f,-0.4896f,0.0334f,0.9984f,0.0459f,3.2634f,0.1747f,0.0394f,-0.9838f,-0.4106f,0f,0f,0f,1f],start_interpolation: 0,interpolation_duration: 1}
$data merge entity $(right_foot) {transformation: [-1.018f,-0.021f,0.092f,-0.4962f,-0.0227f,1.022f,-0.018f,-4.7983f,-0.0916f,-0.0199f,-1.0181f,0.6512f,0f,0f,0f,1f],start_interpolation: 0,interpolation_duration: 1}
$data merge entity $(right_knee) {transformation: [-3.0409f,-0.0696f,0.0146f,-0.6792f,-0.0695f,3.0409f,0.0205f,-0.5909f,-0.0151f,0.0201f,-3.0416f,0.5542f,0f,0f,0f,1f],start_interpolation: 0,interpolation_duration: 1}
$data merge entity $(right_leg) {transformation: [-1.7175f,-0.037f,0.0156f,-0.6675f,-0.0392f,1.6881f,-0.3166f,2.1244f,-0.0085f,-0.3168f,-1.6885f,0.0964f,0f,0f,0f,1f],start_interpolation: 0,interpolation_duration: 1}
$data merge entity $(weist) {transformation: [-1.5991f,-0.0021f,-0.2737f,0f,-0.0041f,1.6223f,0.0118f,3.7772f,0.2737f,0.0123f,-1.599f,-0.0642f,0f,0f,0f,1f],start_interpolation: 0,interpolation_duration: 1}
data modify storage animated_java:temp entry.data merge value {"locators":{"consume":{"px":-2.0445948096,"py":1.4590573479,"pz":0.8291505702,"ry":344.4617769109,"rx":-22.1718371221}}}
# Data Manager: Prepare for Read / Write
execute store result storage animated_java:temp args.id int 1 run scoreboard players get @s aj.id
# Data Manager: Write
function animated_java:global/data_manager/write with storage animated_java:temp args