# This file was generated by Animated Java via MC-Build. It is not recommended to edit this file directly.
$data merge entity $(neck) {transformation: [-1f,0f,0f,0f,0f,0.9926f,0.1211f,6.0445f,0f,0.1211f,-0.9926f,0.0271f,0f,0f,0f,1f],start_interpolation: 0,interpolation_duration: 1}
$data merge entity $(right_thumb_2) {transformation: [-0.864f,0.2186f,-0.4536f,-1.8992f,0.3257f,0.9296f,-0.1724f,2.2669f,0.384f,-0.2967f,-0.8744f,-0.1925f,0f,0f,0f,1f],start_interpolation: 0,interpolation_duration: 1}
$data merge entity $(right_thumb) {transformation: [-0.864f,-0.0811f,-0.497f,-2.0464f,0.3257f,0.6626f,-0.6744f,2.5379f,0.384f,-0.7446f,-0.546f,-0.3674f,0f,0f,0f,1f],start_interpolation: 0,interpolation_duration: 1}
$data merge entity $(right_fingers2) {transformation: [-0.0841f,-0.8825f,-0.4627f,-2.1668f,-0.9558f,0.2027f,-0.2128f,1.7635f,0.2816f,0.4244f,-0.8606f,-0.2048f,0f,0f,0f,1f],start_interpolation: 0,interpolation_duration: 1}
$data merge entity $(right_fingers) {transformation: [-0.7981f,-0.3859f,-0.4627f,-2.3027f,-0.3226f,0.9223f,-0.2128f,2.0157f,0.5089f,-0.0206f,-0.8606f,-0.2026f,0f,0f,0f,1f],start_interpolation: 0,interpolation_duration: 1}
$data merge entity $(scout) {transformation: [0f,0f,0f,-2.19f,0f,0f,0f,1.9766f,0f,0f,0f,-0.3775f,0f,0f,0f,1f],start_interpolation: 0,interpolation_duration: 1}
$data merge entity $(right_hand) {transformation: [-0.864f,0.1986f,-0.4627f,-2.1968f,0.3257f,0.9212f,-0.2128f,2.5705f,0.384f,-0.3346f,-0.8606f,-0.4481f,0f,0f,0f,1f],start_interpolation: 0,interpolation_duration: 1}
$data merge entity $(right_forearm) {transformation: [-1.1622f,0.2736f,0.6867f,-1.7116f,-0.0178f,1.2688f,-0.5356f,4.4625f,-0.739f,-0.4609f,-1.0671f,-1.1502f,0f,0f,0f,1f],start_interpolation: 0,interpolation_duration: 1}
$data merge entity $(right_shoulder) {transformation: [-1.4245f,0.3411f,-0.0656f,-1.0065f,0.2226f,1.1091f,0.9329f,5.7399f,0.2666f,0.8964f,-1.1293f,-0.0748f,0f,0f,0f,1f],start_interpolation: 0,interpolation_duration: 1}
$data merge entity $(right_arm) {transformation: [-1f,0f,0f,-0.4425f,0f,0.9578f,0.2875f,6.0198f,0f,0.2875f,-0.9578f,0.0004f,0f,0f,0f,1f],start_interpolation: 0,interpolation_duration: 1}
$data merge entity $(left_thumb_2) {transformation: [-0.5849f,0.1471f,0.7977f,1.1466f,-0.3891f,0.812f,-0.435f,2.7552f,-0.7117f,-0.5648f,-0.4177f,1.2291f,0f,0f,0f,1f],start_interpolation: 0,interpolation_duration: 1}
$data merge entity $(left_thumb) {transformation: [-0.5849f,0.6875f,0.4305f,1.4484f,-0.3891f,0.2278f,-0.8926f,2.8988f,-0.7117f,-0.6896f,0.1342f,1.1109f,0f,0f,0f,1f],start_interpolation: 0,interpolation_duration: 1}
$data merge entity $(left_fingers2) {transformation: [0.4678f,0.3021f,0.8306f,1.2398f,0.7612f,0.3399f,-0.5524f,2.2226f,-0.4492f,0.8906f,-0.071f,1.4186f,0f,0f,0f,1f],start_interpolation: 0,interpolation_duration: 1}
$data merge entity $(left_fingers) {transformation: [0.0572f,0.554f,0.8306f,1.4021f,0.2114f,0.8064f,-0.5524f,2.4423f,-0.9757f,0.2072f,-0.071f,1.5046f,0f,0f,0f,1f],start_interpolation: 0,interpolation_duration: 1}
$data merge entity $(left_hand) {transformation: [-0.48f,0.2961f,0.8258f,1.6181f,-0.3816f,0.7771f,-0.5005f,2.8956f,-0.7899f,-0.5554f,-0.26f,1.1481f,0f,0f,0f,1f],start_interpolation: 0,interpolation_duration: 1}
$data merge entity $(left_forearm) {transformation: [-1.3165f,0.2548f,-0.3145f,1.9357f,0.404f,0.8928f,-0.9679f,4.2217f,0.0248f,-1.0174f,-0.9281f,-0.4169f,0f,0f,0f,1f],start_interpolation: 0,interpolation_duration: 1}
$data merge entity $(left_shoulder) {transformation: [-1.3642f,-0.5353f,0.0468f,1.0065f,-0.5147f,1.3384f,0.306f,5.7399f,-0.1545f,0.2683f,-1.4332f,-0.0748f,0f,0f,0f,1f],start_interpolation: 0,interpolation_duration: 1}
$data merge entity $(left_arm) {transformation: [-1f,0f,0f,0.4426f,0f,0.9578f,0.2875f,6.0198f,0f,0.2875f,-0.9578f,0.0004f,0f,0f,0f,1f],start_interpolation: 0,interpolation_duration: 1}
$data merge entity $(chest) {transformation: [-1.2785f,0f,0f,0f,0f,1.2246f,0.3676f,4.2999f,0f,0.3676f,-1.2246f,-0.5519f,0f,0f,0f,1f],start_interpolation: 0,interpolation_duration: 1}
$data merge entity $(left_cheek) {transformation: [-0.9899f,-0.0936f,-0.1067f,0.3852f,-0.1064f,0.9868f,0.1221f,3.5988f,0.0938f,0.1323f,-0.9868f,-1.293f,0f,0f,0f,1f],start_interpolation: 0,interpolation_duration: 1}
$data merge entity $(left_foot) {transformation: [-0.9878f,-0.0542f,-0.258f,1.031f,-0.0598f,1.0205f,0.0149f,-3.1866f,0.2567f,0.0295f,-0.9892f,-0.3816f,0f,0f,0f,1f],start_interpolation: 0,interpolation_duration: 1}
$data merge entity $(left_knee) {transformation: [-2.9835f,0.1196f,-0.58f,1.2511f,-0.1111f,2.8131f,1.1516f,0.5837f,0.5817f,1.1507f,-2.7549f,1.0107f,0f,0f,0f,1f],start_interpolation: 0,interpolation_duration: 1}
$data merge entity $(left_leg) {transformation: [-1.6851f,-0.2726f,-0.1937f,0.7287f,-0.0628f,1.2352f,-1.1923f,2.4648f,0.3285f,-1.1624f,-1.2216f,-0.9354f,0f,0f,0f,1f],start_interpolation: 0,interpolation_duration: 1}
$data merge entity $(right_cheek) {transformation: [-0.9938f,0.0455f,-0.1017f,-0.4398f,0.0387f,0.997f,0.0676f,3.5285f,0.1044f,0.0633f,-0.9925f,-1.2352f,0f,0f,0f,1f],start_interpolation: 0,interpolation_duration: 1}
$data merge entity $(right_foot) {transformation: [-1.0052f,-0.0736f,0.1713f,-0.1226f,-0.0096f,0.9585f,0.3557f,-3.1136f,-0.1862f,0.3481f,-0.9431f,-2.7363f,0f,0f,0f,1f],start_interpolation: 0,interpolation_duration: 1}
$data merge entity $(right_knee) {transformation: [-3.0036f,-0.4219f,0.2295f,-0.7833f,-0.1248f,2.0894f,2.207f,-0.1351f,-0.4638f,2.1699f,-2.0805f,0.1684f,0f,0f,0f,1f],start_interpolation: 0,interpolation_duration: 1}
$data merge entity $(right_leg) {transformation: [-1.6964f,0.0345f,0.2691f,-0.6654f,-0.0705f,1.5895f,-0.6481f,2.4333f,-0.2619f,-0.651f,-1.5681f,-0.8176f,0f,0f,0f,1f],start_interpolation: 0,interpolation_duration: 1}
$data merge entity $(weist) {transformation: [-1.6162f,-0.0185f,-0.1402f,0f,-0.0366f,1.6083f,0.2102f,4.0965f,0.1366f,0.2125f,-1.6025f,-0.7456f,0f,0f,0f,1f],start_interpolation: 0,interpolation_duration: 1}
data modify storage animated_java:temp entry.data merge value {"locators":{"consume":{"px":-2.1605813077,"py":1.8231945394,"pz":-0.310568207,"ry":331.7342508184,"rx":-12.2875956784}}}
# Data Manager: Prepare for Read / Write
execute store result storage animated_java:temp args.id int 1 run scoreboard players get @s aj.id
# Data Manager: Write
function animated_java:global/data_manager/write with storage animated_java:temp args
execute unless entity @s[tag=aj.transforms_only] at @s run function animated_java:female/animations/sneak/zzz/frames/10_root_function