# This file was generated by Animated Java via MC-Build. It is not recommended to edit this file directly.
$data merge entity $(neck) {transformation: [-1f,0f,0f,0f,0f,0.9905f,0.1372f,6.0514f,0f,0.1372f,-0.9905f,0.0096f,0f,0f,0f,1f],start_interpolation: 0,interpolation_duration: 1}
$data merge entity $(right_thumb_2) {transformation: [-0.8446f,0.2287f,-0.4841f,-1.9208f,0.3371f,0.9296f,-0.1489f,2.3306f,0.416f,-0.2889f,-0.8622f,-0.3337f,0f,0f,0f,1f],start_interpolation: 0,interpolation_duration: 1}
$data merge entity $(right_thumb) {transformation: [-0.8446f,-0.0932f,-0.5273f,-2.0686f,0.3371f,0.6725f,-0.6588f,2.6063f,0.416f,-0.7342f,-0.5366f,-0.5006f,0f,0f,0f,1f],start_interpolation: 0,interpolation_duration: 1}
$data merge entity $(right_fingers2) {transformation: [-0.1589f,-0.8557f,-0.4925f,-2.2087f,-0.9419f,0.281f,-0.1843f,1.8282f,0.2961f,0.4346f,-0.8506f,-0.3457f,0f,0f,0f,1f],start_interpolation: 0,interpolation_duration: 1}
$data merge entity $(right_fingers) {transformation: [-0.8007f,-0.341f,-0.4925f,-2.332f,-0.287f,0.94f,-0.1843f,2.0867f,0.5258f,-0.0062f,-0.8506f,-0.3389f,0f,0f,0f,1f],start_interpolation: 0,interpolation_duration: 1}
$data merge entity $(scout) {transformation: [0f,0f,0f,-2.2254f,0f,0f,0f,2.0486f,0f,0f,0f,-0.5177f,0f,0f,0f,1f],start_interpolation: 0,interpolation_duration: 1}
$data merge entity $(right_hand) {transformation: [-0.8446f,0.21f,-0.4925f,-2.2206f,0.3371f,0.9233f,-0.1843f,2.6439f,0.416f,-0.3216f,-0.8506f,-0.5761f,0f,0f,0f,1f],start_interpolation: 0,interpolation_duration: 1}
$data merge entity $(right_forearm) {transformation: [-1.1637f,0.2893f,0.6777f,-1.7118f,0.008f,1.2717f,-0.5291f,4.5394f,-0.7368f,-0.443f,-1.0761f,-1.2518f,0f,0f,0f,1f],start_interpolation: 0,interpolation_duration: 1}
$data merge entity $(right_shoulder) {transformation: [-1.4237f,0.341f,-0.0821f,-1.0065f,0.194f,1.0517f,1.0031f,5.7503f,0.2922f,0.9631f,-1.0663f,-0.1022f,0f,0f,0f,1f],start_interpolation: 0,interpolation_duration: 1}
$data merge entity $(right_arm) {transformation: [-1f,0f,0f,-0.4425f,0f,0.9478f,0.3188f,6.0275f,0f,0.3188f,-0.9478f,-0.0179f,0f,0f,0f,1f],start_interpolation: 0,interpolation_duration: 1}
$data merge entity $(left_thumb_2) {transformation: [-0.5485f,0.1993f,0.812f,1.04f,-0.3952f,0.7941f,-0.4618f,2.889f,-0.7369f,-0.5742f,-0.3568f,1.2249f,0f,0f,0f,1f],start_interpolation: 0,interpolation_duration: 1}
$data merge entity $(left_thumb) {transformation: [-0.5485f,0.7461f,0.3775f,1.356f,-0.3952f,0.1666f,-0.9034f,3.0139f,-0.7369f,-0.6447f,0.2035f,1.1239f,0f,0f,0f,1f],start_interpolation: 0,interpolation_duration: 1}
$data merge entity $(left_fingers2) {transformation: [0.5124f,0.2568f,0.8194f,1.1102f,0.7064f,0.4165f,-0.5723f,2.3481f,-0.4883f,0.8721f,0.0321f,1.4324f,0f,0f,0f,1f],start_interpolation: 0,interpolation_duration: 1}
$data merge entity $(left_fingers) {transformation: [0.1523f,0.5526f,0.8194f,1.2693f,0.1635f,0.8036f,-0.5723f,2.5683f,-0.9747f,0.2211f,0.0321f,1.5232f,0f,0f,0f,1f],start_interpolation: 0,interpolation_duration: 1}
$data merge entity $(left_hand) {transformation: [-0.4244f,0.3552f,0.8329f,1.5222f,-0.3918f,0.7572f,-0.5226f,3.0084f,-0.8163f,-0.5481f,-0.1822f,1.1744f,0f,0f,0f,1f],start_interpolation: 0,interpolation_duration: 1}
$data merge entity $(left_forearm) {transformation: [-1.3067f,0.3301f,-0.284f,1.9546f,0.4297f,0.8319f,-1.0101f,4.2423f,-0.0706f,-1.0469f,-0.8922f,-0.4377f,0f,0f,0f,1f],start_interpolation: 0,interpolation_duration: 1}
$data merge entity $(left_shoulder) {transformation: [-1.357f,-0.5516f,0.0651f,1.0065f,-0.5264f,1.3321f,0.3134f,5.7503f,-0.1771f,0.2667f,-1.4309f,-0.1022f,0f,0f,0f,1f],start_interpolation: 0,interpolation_duration: 1}
$data merge entity $(left_arm) {transformation: [-1f,0f,0f,0.4426f,0f,0.9478f,0.3188f,6.0275f,0f,0.3188f,-0.9478f,-0.0179f,0f,0f,0f,1f],start_interpolation: 0,interpolation_duration: 1}
$data merge entity $(chest) {transformation: [-1.2785f,0f,0f,0f,0f,1.2118f,0.4076f,4.3268f,0f,0.4076f,-1.2118f,-0.6264f,0f,0f,0f,1f],start_interpolation: 0,interpolation_duration: 1}
$data merge entity $(left_cheek) {transformation: [-0.9914f,-0.096f,-0.0892f,0.3905f,-0.1044f,0.9901f,0.0942f,3.6298f,0.0793f,0.1027f,-0.9915f,-1.4045f,0f,0f,0f,1f],start_interpolation: 0,interpolation_duration: 1}
$data merge entity $(left_foot) {transformation: [-0.9959f,-0.054f,-0.2248f,1.0179f,-0.0583f,1.0206f,0.0132f,-2.8146f,0.2237f,0.0257f,-0.9973f,-0.3844f,0f,0f,0f,1f],start_interpolation: 0,interpolation_duration: 1}
$data merge entity $(left_knee) {transformation: [-2.9972f,0.1094f,-0.5071f,1.227f,-0.1093f,2.7733f,1.2445f,0.8855f,0.5071f,1.2445f,-2.7288f,1.1255f,0f,0f,0f,1f],start_interpolation: 0,interpolation_duration: 1}
$data merge entity $(left_leg) {transformation: [-1.6928f,-0.2595f,-0.136f,0.7281f,-0.0618f,1.0956f,-1.3218f,2.5146f,0.2864f,-1.2976f,-1.0889f,-1.0431f,0f,0f,0f,1f],start_interpolation: 0,interpolation_duration: 1}
$data merge entity $(right_cheek) {transformation: [-0.9955f,0.052f,-0.0786f,-0.4327f,0.0468f,0.9967f,0.0663f,3.5767f,0.0818f,0.0623f,-0.9947f,-1.3427f,0f,0f,0f,1f],start_interpolation: 0,interpolation_duration: 1}
$data merge entity $(right_foot) {transformation: [-1.0027f,-0.0865f,0.1796f,-0.0714f,-0.009f,0.9399f,0.4022f,-2.7046f,-0.1991f,0.3929f,-0.9226f,-3.0763f,0f,0f,0f,1f],start_interpolation: 0,interpolation_duration: 1}
$data merge entity $(right_knee) {transformation: [-2.9941f,-0.4872f,0.224f,-0.8226f,-0.1192f,1.8436f,2.4164f,-0.0576f,-0.5229f,2.3698f,-1.8338f,0.1135f,0f,0f,0f,1f],start_interpolation: 0,interpolation_duration: 1}
$data merge entity $(right_leg) {transformation: [-1.6911f,0.0582f,0.2972f,-0.6676f,-0.0673f,1.5715f,-0.6909f,2.483f,-0.2953f,-0.6917f,-1.5446f,-0.9371f,0f,0f,0f,1f],start_interpolation: 0,interpolation_duration: 1}
$data merge entity $(weist) {transformation: [-1.6176f,-0.0182f,-0.1225f,0f,-0.0359f,1.6046f,0.2366f,4.1442f,0.1185f,0.2387f,-1.6003f,-0.8344f,0f,0f,0f,1f],start_interpolation: 0,interpolation_duration: 1}
data modify storage animated_java:temp entry.data merge value {"locators":{"consume":{"px":-2.1976275045,"py":1.8932764067,"pz":-0.4548619833,"ry":329.9270470692,"rx":-10.6187897492}}}
# Data Manager: Prepare for Read / Write
execute store result storage animated_java:temp args.id int 1 run scoreboard players get @s aj.id
# Data Manager: Write
function animated_java:global/data_manager/write with storage animated_java:temp args