# This file was generated by Animated Java via MC-Build. It is not recommended to edit this file directly.
$data merge entity $(neck) {transformation: [-1f,0f,0f,0f,0f,0.9882f,0.1532f,6.0564f,0f,0.1532f,-0.9882f,-0.0094f,0f,0f,0f,1f],start_interpolation: 0,interpolation_duration: 1}
$data merge entity $(right_thumb_2) {transformation: [-0.8235f,0.2386f,-0.5148f,-1.9447f,0.3471f,0.9295f,-0.1245f,2.3968f,0.4488f,-0.2812f,-0.8482f,-0.4702f,0f,0f,0f,1f],start_interpolation: 0,interpolation_duration: 1}
$data merge entity $(right_thumb) {transformation: [-0.8235f,-0.1058f,-0.5574f,-2.093f,0.3471f,0.6831f,-0.6426f,2.6771f,0.4488f,-0.7226f,-0.5258f,-0.6287f,0f,0f,0f,1f],start_interpolation: 0,interpolation_duration: 1}
$data merge entity $(right_fingers2) {transformation: [-0.2296f,-0.8213f,-0.5223f,-2.2527f,-0.9215f,0.3562f,-0.1549f,1.8963f,0.3133f,0.4457f,-0.8386f,-0.4811f,0f,0f,0f,1f],start_interpolation: 0,interpolation_duration: 1}
$data merge entity $(right_fingers) {transformation: [-0.7999f,-0.2956f,-0.5223f,-2.3633f,-0.2518f,0.9553f,-0.1549f,2.1603f,0.5447f,0.0076f,-0.8386f,-0.4697f,0f,0f,0f,1f],start_interpolation: 0,interpolation_duration: 1}
$data merge entity $(scout) {transformation: [0f,0f,0f,-2.2631f,0f,0f,0f,2.1237f,0f,0f,0f,-0.6525f,0f,0f,0f,1f],start_interpolation: 0,interpolation_duration: 1}
$data merge entity $(right_hand) {transformation: [-0.8235f,0.2216f,-0.5223f,-2.2462f,0.3471f,0.9249f,-0.1549f,2.7198f,0.4488f,-0.3089f,-0.8386f,-0.6987f,0f,0f,0f,1f],start_interpolation: 0,interpolation_duration: 1}
$data merge entity $(right_forearm) {transformation: [-1.1658f,0.3052f,0.667f,-1.7138f,0.0346f,1.274f,-0.5225f,4.6178f,-0.7327f,-0.4255f,-1.086f,-1.3485f,0f,0f,0f,1f],start_interpolation: 0,interpolation_duration: 1}
$data merge entity $(right_shoulder) {transformation: [-1.4223f,0.3424f,-0.0985f,-1.0065f,0.1648f,0.9914f,1.0676f,5.7591f,0.3159f,1.0245f,-1.0002f,-0.1309f,0f,0f,0f,1f],start_interpolation: 0,interpolation_duration: 1}
$data merge entity $(right_arm) {transformation: [-1f,0f,0f,-0.4425f,0f,0.937f,0.3493f,6.0334f,0f,0.3493f,-0.937f,-0.0377f,0f,0f,0f,1f],start_interpolation: 0,interpolation_duration: 1}
$data merge entity $(left_thumb_2) {transformation: [-0.5081f,0.2515f,0.8237f,0.9332f,-0.4044f,0.7748f,-0.486f,3.0237f,-0.7604f,-0.5801f,-0.292f,1.2066f,0f,0f,0f,1f],start_interpolation: 0,interpolation_duration: 1}
$data merge entity $(left_thumb) {transformation: [-0.5081f,0.7997f,0.3198f,1.2613f,-0.4044f,0.1064f,-0.9084f,3.1307f,-0.7604f,-0.5909f,0.2693f,1.1254f,0f,0f,0f,1f],start_interpolation: 0,interpolation_duration: 1}
$data merge entity $(left_fingers2) {transformation: [0.5615f,0.2155f,0.7989f,0.9793f,0.6452f,0.4906f,-0.5858f,2.4759f,-0.5181f,0.8443f,0.1364f,1.4321f,0f,0f,0f,1f],start_interpolation: 0,interpolation_duration: 1}
$data merge entity $(left_fingers) {transformation: [0.2472f,0.5483f,0.7989f,1.1344f,0.113f,0.8026f,-0.5858f,2.6971f,-0.9624f,0.235f,0.1364f,1.5272f,0f,0f,0f,1f],start_interpolation: 0,interpolation_duration: 1}
$data merge entity $(left_hand) {transformation: [-0.3644f,0.4123f,0.835f,1.4227f,-0.4058f,0.7367f,-0.5409f,3.1237f,-0.8382f,-0.5359f,-0.1011f,1.1894f,0f,0f,0f,1f],start_interpolation: 0,interpolation_duration: 1}
$data merge entity $(left_forearm) {transformation: [-1.29f,0.4071f,-0.2593f,1.9728f,0.4534f,0.7679f,-1.0497f,4.2608f,-0.1657f,-1.0685f,-0.8532f,-0.4577f,0f,0f,0f,1f],start_interpolation: 0,interpolation_duration: 1}
$data merge entity $(left_shoulder) {transformation: [-1.3494f,-0.5672f,0.0846f,1.0065f,-0.5374f,1.3262f,0.3199f,5.7591f,-0.2003f,0.2634f,-1.4284f,-0.1309f,0f,0f,0f,1f],start_interpolation: 0,interpolation_duration: 1}
$data merge entity $(left_arm) {transformation: [-1f,0f,0f,0.4426f,0f,0.937f,0.3493f,6.0334f,0f,0.3493f,-0.937f,-0.0377f,0f,0f,0f,1f],start_interpolation: 0,interpolation_duration: 1}
$data merge entity $(chest) {transformation: [-1.2785f,0f,0f,0f,0f,1.198f,0.4466f,4.3533f,0f,0.4466f,-1.198f,-0.7009f,0f,0f,0f,1f],start_interpolation: 0,interpolation_duration: 1}
$data merge entity $(left_cheek) {transformation: [-0.993f,-0.0942f,-0.0706f,0.4011f,-0.099f,0.9928f,0.0681f,3.6526f,0.0636f,0.0746f,-0.9952f,-1.5013f,0f,0f,0f,1f],start_interpolation: 0,interpolation_duration: 1}
$data merge entity $(left_foot) {transformation: [-1.0028f,-0.0519f,-0.192f,0.9894f,-0.055f,1.0208f,0.0117f,-2.4199f,0.1911f,0.0218f,-1.0041f,-0.4141f,0f,0f,0f,1f],start_interpolation: 0,interpolation_duration: 1}
$data merge entity $(left_knee) {transformation: [-3.0089f,0.098f,-0.4351f,1.186f,-0.1042f,2.731f,1.3352f,1.2074f,0.4337f,1.3357f,-2.6982f,1.2089f,0f,0f,0f,1f],start_interpolation: 0,interpolation_duration: 1}
$data merge entity $(left_leg) {transformation: [-1.6994f,-0.2367f,-0.0862f,0.7269f,-0.0588f,0.9445f,-1.4338f,2.5649f,0.245f,-1.4154f,-0.9424f,-1.1492f,0f,0f,0f,1f],start_interpolation: 0,interpolation_duration: 1}
$data merge entity $(right_cheek) {transformation: [-0.9969f,0.0592f,-0.0522f,-0.4257f,0.0556f,0.9962f,0.0667f,3.6273f,0.056f,0.0636f,-0.9964f,-1.4484f,0f,0f,0f,1f],start_interpolation: 0,interpolation_duration: 1}
$data merge entity $(right_foot) {transformation: [-1f,-0.1004f,0.1874f,-0.0243f,-0.0086f,0.9194f,0.447f,-2.2679f,-0.2124f,0.4357f,-0.9002f,-3.3755f,0f,0f,0f,1f],start_interpolation: 0,interpolation_duration: 1}
$data merge entity $(right_knee) {transformation: [-2.9837f,-0.5529f,0.2093f,-0.8666f,-0.1108f,1.5807f,2.5964f,0.0229f,-0.5807f,2.5392f,-1.5707f,0.0579f,0f,0f,0f,1f],start_interpolation: 0,interpolation_duration: 1}
$data merge entity $(right_leg) {transformation: [-1.6852f,0.0846f,0.323f,-0.6704f,-0.0626f,1.5525f,-0.733f,2.5341f,-0.328f,-0.7308f,-1.5198f,-1.0546f,0f,0f,0f,1f],start_interpolation: 0,interpolation_duration: 1}
$data merge entity $(weist) {transformation: [-1.6188f,-0.0173f,-0.105f,0f,-0.0341f,1.6006f,0.2627f,4.1926f,0.1008f,0.2644f,-1.5975f,-0.9218f,0f,0f,0f,1f],start_interpolation: 0,interpolation_duration: 1}
data modify storage animated_java:temp entry.data merge value {"locators":{"consume":{"px":-2.2370653386,"py":1.9663939254,"pz":-0.5937382596,"ry":328.0829498593,"rx":-8.9128776077}}}
# Data Manager: Prepare for Read / Write
execute store result storage animated_java:temp args.id int 1 run scoreboard players get @s aj.id
# Data Manager: Write
function animated_java:global/data_manager/write with storage animated_java:temp args