# This file was generated by Animated Java via MC-Build. It is not recommended to edit this file directly.
$data merge entity $(neck) {transformation: [-1f,0f,0f,0f,0f,0.9856f,0.1688f,6.0595f,0f,0.1688f,-0.9856f,-0.0296f,0f,0f,0f,1f],start_interpolation: 0,interpolation_duration: 1}
$data merge entity $(right_thumb_2) {transformation: [-0.801f,0.248f,-0.545f,-1.9697f,0.3556f,0.9293f,-0.0998f,2.4642f,0.4817f,-0.2737f,-0.8325f,-0.6005f,0f,0f,0f,1f],start_interpolation: 0,interpolation_duration: 1}
$data merge entity $(right_thumb) {transformation: [-0.801f,-0.1189f,-0.5868f,-2.1184f,0.3556f,0.694f,-0.626f,2.749f,0.4817f,-0.7101f,-0.5136f,-0.7503f,0f,0f,0f,1f],start_interpolation: 0,interpolation_duration: 1}
$data merge entity $(right_fingers2) {transformation: [-0.2946f,-0.7804f,-0.5516f,-2.2975f,-0.8957f,0.4267f,-0.1254f,1.9662f,0.3332f,0.4571f,-0.8246f,-0.6092f,0f,0f,0f,1f],start_interpolation: 0,interpolation_duration: 1}
$data merge entity $(right_fingers) {transformation: [-0.7956f,-0.2505f,-0.5516f,-2.3954f,-0.2178f,0.9679f,-0.1254f,2.235f,0.5653f,0.0204f,-0.8246f,-0.5935f,0f,0f,0f,1f],start_interpolation: 0,interpolation_duration: 1}
$data merge entity $(scout) {transformation: [0f,0f,0f,-2.3018f,0f,0f,0f,2.2001f,0f,0f,0f,-0.7801f,0f,0f,0f,1f],start_interpolation: 0,interpolation_duration: 1}
$data merge entity $(right_hand) {transformation: [-0.801f,0.2329f,-0.5516f,-2.2727f,0.3556f,0.9262f,-0.1254f,2.7965f,0.4817f,-0.2966f,-0.8246f,-0.8145f,0f,0f,0f,1f],start_interpolation: 0,interpolation_duration: 1}
$data merge entity $(right_forearm) {transformation: [-1.1686f,0.3208f,0.6547f,-1.7173f,0.0612f,1.2757f,-0.5157f,4.6964f,-0.7265f,-0.4085f,-1.0966f,-1.4394f,0f,0f,0f,1f],start_interpolation: 0,interpolation_duration: 1}
$data merge entity $(right_shoulder) {transformation: [-1.4204f,0.3451f,-0.1144f,-1.0065f,0.1352f,0.9295f,1.1259f,5.7662f,0.3375f,1.0802f,-0.9323f,-0.1605f,0f,0f,0f,1f],start_interpolation: 0,interpolation_duration: 1}
$data merge entity $(right_arm) {transformation: [-1f,0f,0f,-0.4425f,0f,0.9255f,0.3787f,6.0375f,0f,0.3787f,-0.9255f,-0.0586f,0f,0f,0f,1f],start_interpolation: 0,interpolation_duration: 1}
$data merge entity $(left_thumb_2) {transformation: [-0.4649f,0.3028f,0.832f,0.8287f,-0.4168f,0.7542f,-0.5074f,3.1571f,-0.7811f,-0.5827f,-0.2244f,1.1749f,0f,0f,0f,1f],start_interpolation: 0,interpolation_duration: 1}
$data merge entity $(left_thumb) {transformation: [-0.4649f,0.8468f,0.2586f,1.1664f,-0.4168f,0.0483f,-0.9077f,3.2472f,-0.7811f,-0.5297f,0.3305f,1.1156f,0f,0f,0f,1f],start_interpolation: 0,interpolation_duration: 1}
$data merge entity $(left_fingers2) {transformation: [0.6132f,0.18f,0.7692f,0.8499f,0.5786f,0.5605f,-0.5924f,2.6039f,-0.5378f,0.8083f,0.2396f,1.4182f,0f,0f,0f,1f],start_interpolation: 0,interpolation_duration: 1}
$data merge entity $(left_fingers) {transformation: [0.3392f,0.5416f,0.7692f,1.0003f,0.0608f,0.8033f,-0.5924f,2.8267f,-0.9388f,0.2477f,0.2396f,1.517f,0f,0f,0f,1f],start_interpolation: 0,interpolation_duration: 1}
$data merge entity $(left_hand) {transformation: [-0.3015f,0.4664f,0.8316f,1.322f,-0.4237f,0.7158f,-0.5551f,3.2397f,-0.8542f,-0.5197f,-0.0182f,1.1927f,0f,0f,0f,1f],start_interpolation: 0,interpolation_duration: 1}
$data merge entity $(left_forearm) {transformation: [-1.2667f,0.4841f,-0.2412f,1.9896f,0.4749f,0.7017f,-1.0859f,4.2767f,-0.2588f,-1.0818f,-0.8123f,-0.4768f,0f,0f,0f,1f],start_interpolation: 0,interpolation_duration: 1}
$data merge entity $(left_shoulder) {transformation: [-1.3418f,-0.5818f,0.1051f,1.0065f,-0.5472f,1.3207f,0.3257f,5.7662f,-0.2239f,0.2589f,-1.4257f,-0.1605f,0f,0f,0f,1f],start_interpolation: 0,interpolation_duration: 1}
$data merge entity $(left_arm) {transformation: [-1f,0f,0f,0.4426f,0f,0.9255f,0.3787f,6.0375f,0f,0.3787f,-0.9255f,-0.0586f,0f,0f,0f,1f],start_interpolation: 0,interpolation_duration: 1}
$data merge entity $(chest) {transformation: [-1.2785f,0f,0f,0f,0f,1.1833f,0.4842f,4.3791f,0f,0.4842f,-1.1833f,-0.7745f,0f,0f,0f,1f],start_interpolation: 0,interpolation_duration: 1}
$data merge entity $(left_cheek) {transformation: [-0.9948f,-0.0888f,-0.0508f,0.4139f,-0.0911f,0.9949f,0.0439f,3.6778f,0.0467f,0.0483f,-0.9977f,-1.5861f,0f,0f,0f,1f],start_interpolation: 0,interpolation_duration: 1}
$data merge entity $(left_foot) {transformation: [-1.0086f,-0.0481f,-0.1602f,0.9496f,-0.0503f,1.0211f,0.0102f,-2.0122f,0.1595f,0.0179f,-1.0097f,-0.4718f,0f,0f,0f,1f],start_interpolation: 0,interpolation_duration: 1}
$data merge entity $(left_knee) {transformation: [-3.0186f,0.0856f,-0.365f,1.1325f,-0.0958f,2.6869f,1.4224f,1.5409f,0.3624f,1.4231f,-2.6638f,1.2583f,0f,0f,0f,1f],start_interpolation: 0,interpolation_duration: 1}
$data merge entity $(left_leg) {transformation: [-1.7049f,-0.2067f,-0.046f,0.725f,-0.0541f,0.7862f,-1.5265f,2.615f,0.2047f,-1.5135f,-0.7867f,-1.2522f,0f,0f,0f,1f],start_interpolation: 0,interpolation_duration: 1}
$data merge entity $(right_cheek) {transformation: [-0.9975f,0.0665f,-0.0234f,-0.4187f,0.0648f,0.9955f,0.0685f,3.6794f,0.0279f,0.0668f,-0.9974f,-1.5512f,0f,0f,0f,1f],start_interpolation: 0,interpolation_duration: 1}
$data merge entity $(right_foot) {transformation: [-0.9971f,-0.1151f,0.1945f,0.0172f,-0.0081f,0.8975f,0.4896f,-1.8144f,-0.2259f,0.4759f,-0.8762f,-3.6297f,0f,0f,0f,1f],start_interpolation: 0,interpolation_duration: 1}
$data merge entity $(right_knee) {transformation: [-2.9727f,-0.6169f,0.1859f,-0.9143f,-0.0998f,1.3081f,2.7443f,0.1054f,-0.6365f,2.6759f,-1.2986f,0.0024f,0f,0f,0f,1f],start_interpolation: 0,interpolation_duration: 1}
$data merge entity $(right_leg) {transformation: [-1.679f,0.1129f,0.3459f,-0.6737f,-0.0564f,1.5327f,-0.7739f,2.5859f,-0.3595f,-0.7677f,-1.4943f,-1.1688f,0f,0f,0f,1f],start_interpolation: 0,interpolation_duration: 1}
$data merge entity $(weist) {transformation: [-1.6199f,-0.0159f,-0.088f,0f,-0.0313f,1.5962f,0.2882f,4.2409f,0.0837f,0.2894f,-1.5941f,-1.0066f,0f,0f,0f,1f],start_interpolation: 0,interpolation_duration: 1}
data modify storage animated_java:temp entry.data merge value {"locators":{"consume":{"px":-2.2774976918,"py":2.0410925566,"pz":-0.7254731108,"ry":326.222683755,"rx":-7.2015648182}}}
# Data Manager: Prepare for Read / Write
execute store result storage animated_java:temp args.id int 1 run scoreboard players get @s aj.id
# Data Manager: Write
function animated_java:global/data_manager/write with storage animated_java:temp args