# This file was generated by Animated Java via MC-Build. It is not recommended to edit this file directly.
$data merge entity $(neck) {transformation: [-1f,0f,0f,0f,0f,0.9829f,0.1839f,6.061f,0f,0.1839f,-0.9829f,-0.0505f,0f,0f,0f,1f],start_interpolation: 0,interpolation_duration: 1}
$data merge entity $(right_thumb_2) {transformation: [-0.7775f,0.2566f,-0.5742f,-1.9947f,0.3622f,0.9291f,-0.0753f,2.5314f,0.5141f,-0.2665f,-0.8153f,-0.7233f,0f,0f,0f,1f],start_interpolation: 0,interpolation_duration: 1}
$data merge entity $(right_thumb) {transformation: [-0.7775f,-0.1322f,-0.6149f,-2.1439f,0.3622f,0.7052f,-0.6096f,2.8206f,0.5141f,-0.6966f,-0.5004f,-0.8641f,0f,0f,0f,1f],start_interpolation: 0,interpolation_duration: 1}
$data merge entity $(right_fingers2) {transformation: [-0.3524f,-0.7346f,-0.5798f,-2.3416f,-0.8657f,0.4912f,-0.0962f,2.0366f,0.3554f,0.4681f,-0.809f,-0.7288f,0f,0f,0f,1f],start_interpolation: 0,interpolation_duration: 1}
$data merge entity $(right_fingers) {transformation: [-0.7881f,-0.2067f,-0.5798f,-2.4269f,-0.1857f,0.9779f,-0.0962f,2.3093f,0.5869f,0.0319f,-0.809f,-0.7091f,0f,0f,0f,1f],start_interpolation: 0,interpolation_duration: 1}
$data merge entity $(scout) {transformation: [0f,0f,0f,-2.3401f,0f,0f,0f,2.2764f,0f,0f,0f,-0.8993f,0f,0f,0f,1f],start_interpolation: 0,interpolation_duration: 1}
$data merge entity $(right_hand) {transformation: [-0.7775f,0.2436f,-0.5798f,-2.2991f,0.3622f,0.9271f,-0.0962f,2.8727f,0.5141f,-0.2848f,-0.809f,-0.9224f,0f,0f,0f,1f],start_interpolation: 0,interpolation_duration: 1}
$data merge entity $(right_forearm) {transformation: [-1.1719f,0.3355f,0.6413f,-1.7217f,0.0872f,1.277f,-0.5088f,4.7737f,-0.7185f,-0.3922f,-1.1077f,-1.5235f,0f,0f,0f,1f],start_interpolation: 0,interpolation_duration: 1}
$data merge entity $(right_shoulder) {transformation: [-1.4182f,0.3487f,-0.1297f,-1.0065f,0.1055f,0.8671f,1.1776f,5.7717f,0.3568f,1.1297f,-0.8638f,-0.1902f,0f,0f,0f,1f],start_interpolation: 0,interpolation_duration: 1}
$data merge entity $(right_arm) {transformation: [-1f,0f,0f,-0.4425f,0f,0.9135f,0.4067f,6.0398f,0f,0.4067f,-0.9135f,-0.0801f,0f,0f,0f,1f],start_interpolation: 0,interpolation_duration: 1}
$data merge entity $(left_thumb_2) {transformation: [-0.4203f,0.3521f,0.8363f,0.729f,-0.4323f,0.7326f,-0.5257f,3.2869f,-0.7978f,-0.5825f,-0.1556f,1.1312f,0f,0f,0f,1f],start_interpolation: 0,interpolation_duration: 1}
$data merge entity $(left_thumb) {transformation: [-0.4203f,0.8862f,0.1949f,1.0737f,-0.4323f,-0.0067f,-0.9017f,3.3615f,-0.7978f,-0.4632f,0.3859f,1.095f,0f,0f,0f,1f],start_interpolation: 0,interpolation_duration: 1}
$data merge entity $(left_fingers2) {transformation: [0.6652f,0.1518f,0.7311f,0.7247f,0.5083f,0.6251f,-0.5923f,2.7299f,-0.5469f,0.7656f,0.3387f,1.3918f,0f,0f,0f,1f],start_interpolation: 0,interpolation_duration: 1}
$data merge entity $(left_fingers) {transformation: [0.4257f,0.5332f,0.7311f,0.87f,0.0081f,0.8057f,-0.5923f,2.9549f,-0.9048f,0.258f,0.3387f,1.4934f,0f,0f,0f,1f],start_interpolation: 0,interpolation_duration: 1}
$data merge entity $(left_hand) {transformation: [-0.2379f,0.5165f,0.8225f,1.2224f,-0.4449f,0.6949f,-0.565f,3.3545f,-0.8634f,-0.5004f,0.0645f,1.1846f,0f,0f,0f,1f],start_interpolation: 0,interpolation_duration: 1}
$data merge entity $(left_forearm) {transformation: [-1.2376f,0.5592f,-0.2297f,2.0048f,0.4942f,0.6345f,-1.1181f,4.2899f,-0.3482f,-1.0871f,-0.7708f,-0.4951f,0f,0f,0f,1f],start_interpolation: 0,interpolation_duration: 1}
$data merge entity $(left_shoulder) {transformation: [-1.3342f,-0.5949f,0.126f,1.0065f,-0.5555f,1.3159f,0.3309f,5.7717f,-0.2473f,0.2534f,-1.4228f,-0.1902f,0f,0f,0f,1f],start_interpolation: 0,interpolation_duration: 1}
$data merge entity $(left_arm) {transformation: [-1f,0f,0f,0.4426f,0f,0.9135f,0.4067f,6.0398f,0f,0.4067f,-0.9135f,-0.0801f,0f,0f,0f,1f],start_interpolation: 0,interpolation_duration: 1}
$data merge entity $(chest) {transformation: [-1.2785f,0f,0f,0f,0f,1.168f,0.52f,4.404f,0f,0.52f,-1.168f,-0.8463f,0f,0f,0f,1f],start_interpolation: 0,interpolation_duration: 1}
$data merge entity $(left_cheek) {transformation: [-0.9963f,-0.0807f,-0.0304f,0.4261f,-0.0813f,0.9965f,0.0215f,3.7123f,0.0285f,0.0239f,-0.9993f,-1.666f,0f,0f,0f,1f],start_interpolation: 0,interpolation_duration: 1}
$data merge entity $(left_foot) {transformation: [-1.0132f,-0.0428f,-0.1299f,0.9034f,-0.0442f,1.0214f,0.0087f,-1.6021f,0.1294f,0.0142f,-1.0141f,-0.5564f,0f,0f,0f,1f],start_interpolation: 0,interpolation_duration: 1}
$data merge entity $(left_knee) {transformation: [-3.0263f,0.0724f,-0.2975f,1.0717f,-0.0848f,2.642f,1.505f,1.8767f,0.2943f,1.5057f,-2.6265f,1.2738f,0f,0f,0f,1f],start_interpolation: 0,interpolation_duration: 1}
$data merge entity $(left_leg) {transformation: [-1.7092f,-0.1722f,-0.0162f,0.7226f,-0.0479f,0.6253f,-1.5994f,2.6643f,0.1662f,-1.5908f,-0.6269f,-1.351f,0f,0f,0f,1f],start_interpolation: 0,interpolation_duration: 1}
$data merge entity $(right_cheek) {transformation: [-0.9973f,0.0737f,0.0066f,-0.4119f,0.074f,0.9947f,0.071f,3.732f,-0.0014f,0.0713f,-0.9975f,-1.6497f,0f,0f,0f,1f],start_interpolation: 0,interpolation_duration: 1}
$data merge entity $(right_foot) {transformation: [-0.9939f,-0.1303f,0.2011f,0.0519f,-0.0075f,0.8746f,0.5294f,-1.3561f,-0.2394f,0.5132f,-0.8512f,-3.8375f,0f,0f,0f,1f],start_interpolation: 0,interpolation_duration: 1}
$data merge entity $(right_knee) {transformation: [-2.9613f,-0.6775f,0.1549f,-0.9644f,-0.0868f,1.0332f,2.8596f,0.1884f,-0.6895f,2.7795f,-1.0252f,-0.0524f,0f,0f,0f,1f],start_interpolation: 0,interpolation_duration: 1}
$data merge entity $(right_leg) {transformation: [-1.6725f,0.1424f,0.3657f,-0.6774f,-0.049f,1.5126f,-0.8131f,2.6375f,-0.3894f,-0.802f,-1.4685f,-1.278f,0f,0f,0f,1f],start_interpolation: 0,interpolation_duration: 1}
$data merge entity $(weist) {transformation: [-1.6207f,-0.0141f,-0.0717f,0f,-0.0277f,1.5917f,0.3126f,4.2885f,0.0676f,0.3135f,-1.5903f,-1.0878f,0f,0f,0f,1f],start_interpolation: 0,interpolation_duration: 1}
data modify storage animated_java:temp entry.data merge value {"locators":{"consume":{"px":-2.3175174792,"py":2.1157990024,"pz":-0.8487171083,"ry":324.3716349248,"rx":-5.5178227713}}}
# Data Manager: Prepare for Read / Write
execute store result storage animated_java:temp args.id int 1 run scoreboard players get @s aj.id
# Data Manager: Write
function animated_java:global/data_manager/write with storage animated_java:temp args