# This file was generated by Animated Java via MC-Build. It is not recommended to edit this file directly.
$data merge entity $(neck) {transformation: [-1f,0f,0f,0f,0f,0.9802f,0.1982f,6.0608f,0f,0.1982f,-0.9802f,-0.0716f,0f,0f,0f,1f],start_interpolation: 0,interpolation_duration: 1}
$data merge entity $(right_thumb_2) {transformation: [-0.7536f,0.2642f,-0.6019f,-2.0189f,0.3668f,0.9289f,-0.0515f,2.5971f,0.5455f,-0.2596f,-0.7969f,-0.8374f,0f,0f,0f,1f],start_interpolation: 0,interpolation_duration: 1}
$data merge entity $(right_thumb) {transformation: [-0.7536f,-0.1455f,-0.6411f,-2.1684f,0.3668f,0.7162f,-0.5937f,2.8902f,0.5455f,-0.6825f,-0.4864f,-0.9692f,0f,0f,0f,1f],start_interpolation: 0,interpolation_duration: 1}
$data merge entity $(right_fingers2) {transformation: [-0.4022f,-0.6858f,-0.6065f,-2.3834f,-0.8332f,0.5487f,-0.0679f,2.1057f,0.3794f,0.4781f,-0.7922f,-0.839f,0f,0f,0f,1f],start_interpolation: 0,interpolation_duration: 1}
$data merge entity $(right_fingers) {transformation: [-0.7777f,-0.1652f,-0.6065f,-2.4569f,-0.1564f,0.9854f,-0.0679f,2.3816f,0.6089f,0.042f,-0.7922f,-0.8157f,0f,0f,0f,1f],start_interpolation: 0,interpolation_duration: 1}
$data merge entity $(scout) {transformation: [0f,0f,0f,-2.3766f,0f,0f,0f,2.3509f,0f,0f,0f,-1.0091f,0f,0f,0f,1f],start_interpolation: 0,interpolation_duration: 1}
$data merge entity $(right_hand) {transformation: [-0.7536f,0.2535f,-0.6065f,-2.3242f,0.3668f,0.9278f,-0.0679f,2.9466f,0.5455f,-0.2736f,-0.7922f,-1.0215f,0f,0f,0f,1f],start_interpolation: 0,interpolation_duration: 1}
$data merge entity $(right_forearm) {transformation: [-1.1755f,0.3491f,0.6272f,-1.7267f,0.112f,1.278f,-0.5014f,4.8483f,-0.7091f,-0.3769f,-1.1191f,-1.6003f,0f,0f,0f,1f],start_interpolation: 0,interpolation_duration: 1}
$data merge entity $(right_shoulder) {transformation: [-1.4158f,0.3528f,-0.1443f,-1.0065f,0.0762f,0.8056f,1.2227f,5.7758f,0.3735f,1.1732f,-0.7962f,-0.2196f,0f,0f,0f,1f],start_interpolation: 0,interpolation_duration: 1}
$data merge entity $(right_arm) {transformation: [-1f,0f,0f,-0.4425f,0f,0.9013f,0.4331f,6.0406f,0f,0.4331f,-0.9013f,-0.1018f,0f,0f,0f,1f],start_interpolation: 0,interpolation_duration: 1}
$data merge entity $(left_thumb_2) {transformation: [-0.376f,0.3989f,0.8364f,0.6362f,-0.4504f,0.7102f,-0.5412f,3.411f,-0.8098f,-0.5801f,-0.0874f,1.0779f,0f,0f,0f,1f],start_interpolation: 0,interpolation_duration: 1}
$data merge entity $(left_thumb) {transformation: [-0.376f,0.9174f,0.1305f,0.9853f,-0.4504f,-0.0579f,-0.891f,3.4717f,-0.8098f,-0.3938f,0.4349f,1.0651f,0f,0f,0f,1f],start_interpolation: 0,interpolation_duration: 1}
$data merge entity $(left_fingers2) {transformation: [0.7154f,0.1317f,0.6862f,0.6064f,0.4361f,0.6831f,-0.5858f,2.852f,-0.5459f,0.7184f,0.4313f,1.3553f,0f,0f,0f,1f],start_interpolation: 0,interpolation_duration: 1}
$data merge entity $(left_fingers) {transformation: [0.5044f,0.5241f,0.6862f,0.7465f,-0.0439f,0.8092f,-0.5858f,3.0795f,-0.8623f,0.2654f,0.4313f,1.4584f,0f,0f,0f,1f],start_interpolation: 0,interpolation_duration: 1}
$data merge entity $(left_hand) {transformation: [-0.176f,0.5621f,0.8081f,1.1266f,-0.4688f,0.674f,-0.5709f,3.4659f,-0.8656f,-0.4793f,0.1448f,1.1661f,0f,0f,0f,1f],start_interpolation: 0,interpolation_duration: 1}
$data merge entity $(left_forearm) {transformation: [-1.2038f,0.6305f,-0.2248f,2.0179f,0.5114f,0.5677f,-1.146f,4.3005f,-0.432f,-1.085f,-0.7303f,-0.5124f,0f,0f,0f,1f],start_interpolation: 0,interpolation_duration: 1}
$data merge entity $(left_shoulder) {transformation: [-1.3269f,-0.6063f,0.1469f,1.0065f,-0.5623f,1.3119f,0.3356f,5.7758f,-0.2702f,0.2474f,-1.4197f,-0.2196f,0f,0f,0f,1f],start_interpolation: 0,interpolation_duration: 1}
$data merge entity $(left_arm) {transformation: [-1f,0f,0f,0.4426f,0f,0.9013f,0.4331f,6.0406f,0f,0.4331f,-0.9013f,-0.1018f,0f,0f,0f,1f],start_interpolation: 0,interpolation_duration: 1}
$data merge entity $(chest) {transformation: [-1.2785f,0f,0f,0f,0f,1.1524f,0.5538f,4.4277f,0f,0.5538f,-1.1524f,-0.9152f,0f,0f,0f,1f],start_interpolation: 0,interpolation_duration: 1}
$data merge entity $(left_cheek) {transformation: [-0.9975f,-0.0707f,-0.0096f,0.436f,-0.0707f,0.9975f,0.0012f,3.7582f,0.0095f,0.0018f,-1f,-1.7504f,0f,0f,0f,1f],start_interpolation: 0,interpolation_duration: 1}
$data merge entity $(left_foot) {transformation: [-1.0167f,-0.0362f,-0.1014f,0.8555f,-0.0371f,1.0217f,0.0072f,-1.2006f,0.1011f,0.0108f,-1.0173f,-0.6644f,0f,0f,0f,1f],start_interpolation: 0,interpolation_duration: 1}
$data merge entity $(left_knee) {transformation: [-3.0322f,0.0589f,-0.2338f,1.0086f,-0.0715f,2.5971f,1.5819f,2.2054f,0.2302f,1.5824f,-2.5875f,1.2578f,0f,0f,0f,1f],start_interpolation: 0,interpolation_duration: 1}
$data merge entity $(left_leg) {transformation: [-1.7126f,-0.1361f,0.0034f,0.7198f,-0.0404f,0.4665f,-1.6529f,2.7119f,0.13f,-1.6478f,-0.4682f,-1.4444f,0f,0f,0f,1f],start_interpolation: 0,interpolation_duration: 1}
$data merge entity $(right_cheek) {transformation: [-0.9961f,0.0803f,0.0369f,-0.4054f,0.0829f,0.9938f,0.0739f,3.7842f,-0.0307f,0.0767f,-0.9966f,-1.7428f,0f,0f,0f,1f],start_interpolation: 0,interpolation_duration: 1}
$data merge entity $(right_foot) {transformation: [-0.9906f,-0.1454f,0.207f,0.079f,-0.0067f,0.8514f,0.566f,-0.9052f,-0.2529f,0.547f,-0.8259f,-3.9997f,0f,0f,0f,1f],start_interpolation: 0,interpolation_duration: 1}
$data merge entity $(right_knee) {transformation: [-2.9497f,-0.7331f,0.118f,-1.0155f,-0.0722f,0.764f,2.9433f,0.2706f,-0.739f,2.8515f,-0.7583f,-0.1055f,0f,0f,0f,1f],start_interpolation: 0,interpolation_duration: 1}
$data merge entity $(right_leg) {transformation: [-1.666f,0.1723f,0.3824f,-0.6813f,-0.0408f,1.4923f,-0.8501f,2.688f,-0.4174f,-0.8335f,-1.4431f,-1.3811f,0f,0f,0f,1f],start_interpolation: 0,interpolation_duration: 1}
$data merge entity $(weist) {transformation: [-1.6213f,-0.0119f,-0.0563f,0f,-0.0233f,1.5871f,0.3356f,4.3346f,0.0526f,0.3362f,-1.5863f,-1.1643f,0f,0f,0f,1f],start_interpolation: 0,interpolation_duration: 1}
data modify storage animated_java:temp entry.data merge value {"locators":{"consume":{"px":-2.35580321,"py":2.1888786379,"pz":-0.9624957338,"ry":322.5597941294,"rx":-3.8943657999}}}
# Data Manager: Prepare for Read / Write
execute store result storage animated_java:temp args.id int 1 run scoreboard players get @s aj.id
# Data Manager: Write
function animated_java:global/data_manager/write with storage animated_java:temp args
execute unless entity @s[tag=aj.transforms_only] at @s run function animated_java:female/animations/sneak/zzz/frames/15_root_function