# This file was generated by Animated Java via MC-Build. It is not recommended to edit this file directly.
$data merge entity $(neck) {transformation: [-1f,0f,0f,0f,0f,0.9774f,0.2115f,6.0594f,0f,0.2115f,-0.9774f,-0.0922f,0f,0f,0f,1f],start_interpolation: 0,interpolation_duration: 1}
$data merge entity $(right_thumb_2) {transformation: [-0.7299f,0.2706f,-0.6277f,-2.0412f,0.3692f,0.9289f,-0.0289f,2.6598f,0.5752f,-0.2528f,-0.7779f,-0.942f,0f,0f,0f,1f],start_interpolation: 0,interpolation_duration: 1}
$data merge entity $(right_thumb) {transformation: [-0.7299f,-0.1586f,-0.6649f,-2.1911f,0.3692f,0.7271f,-0.5788f,2.9566f,0.5752f,-0.668f,-0.4722f,-1.0649f,0f,0f,0f,1f],start_interpolation: 0,interpolation_duration: 1}
$data merge entity $(right_fingers2) {transformation: [-0.4436f,-0.6362f,-0.6312f,-2.4219f,-0.8f,0.5986f,-0.0412f,2.1719f,0.4041f,0.4867f,-0.7745f,-0.9392f,0f,0f,0f,1f],start_interpolation: 0,interpolation_duration: 1}
$data merge entity $(right_fingers) {transformation: [-0.7652f,-0.1269f,-0.6312f,-2.4842f,-0.1303f,0.9906f,-0.0412f,2.4502f,0.6305f,0.0507f,-0.7745f,-0.9126f,0f,0f,0f,1f],start_interpolation: 0,interpolation_duration: 1}
$data merge entity $(scout) {transformation: [0f,0f,0f,-2.4104f,0f,0f,0f,2.422f,0f,0f,0f,-1.109f,0f,0f,0f,1f],start_interpolation: 0,interpolation_duration: 1}
$data merge entity $(right_hand) {transformation: [-0.7299f,0.2623f,-0.6312f,-2.3474f,0.3692f,0.9284f,-0.0412f,3.0168f,0.5752f,-0.2631f,-0.7745f,-1.1114f,0f,0f,0f,1f],start_interpolation: 0,interpolation_duration: 1}
$data merge entity $(right_forearm) {transformation: [-1.1793f,0.3612f,0.6131f,-1.732f,0.1351f,1.2788f,-0.4936f,4.919f,-0.6986f,-0.3624f,-1.1303f,-1.6693f,0f,0f,0f,1f],start_interpolation: 0,interpolation_duration: 1}
$data merge entity $(right_shoulder) {transformation: [-1.4133f,0.3573f,-0.1579f,-1.0065f,0.0477f,0.7461f,1.2613f,5.7785f,0.3877f,1.2106f,-0.7308f,-0.248f,0f,0f,0f,1f],start_interpolation: 0,interpolation_duration: 1}
$data merge entity $(right_arm) {transformation: [-1f,0f,0f,-0.4425f,0f,0.8892f,0.4576f,6.04f,0f,0.4576f,-0.8892f,-0.1229f,0f,0f,0f,1f],start_interpolation: 0,interpolation_duration: 1}
$data merge entity $(left_thumb_2) {transformation: [-0.3339f,0.4423f,0.8324f,0.5523f,-0.4701f,0.6873f,-0.5538f,3.5274f,-0.817f,-0.5762f,-0.0215f,1.0179f,0f,0f,0f,1f],start_interpolation: 0,interpolation_duration: 1}
$data merge entity $(left_thumb) {transformation: [-0.3339f,0.9402f,0.067f,0.9034f,-0.4701f,-0.1045f,-0.8764f,3.5758f,-0.817f,-0.3241f,0.4769f,1.028f,0f,0f,0f,1f],start_interpolation: 0,interpolation_duration: 1}
$data merge entity $(left_fingers2) {transformation: [0.7617f,0.1201f,0.6367f,0.4971f,0.364f,0.7336f,-0.5739f,2.968f,-0.536f,0.6689f,0.515f,1.3114f,0f,0f,0f,1f],start_interpolation: 0,interpolation_duration: 1}
$data merge entity $(left_fingers) {transformation: [0.5736f,0.5154f,0.6367f,0.6325f,-0.0939f,0.8135f,-0.5739f,3.1983f,-0.8137f,0.2694f,0.515f,1.4149f,0f,0f,0f,1f],start_interpolation: 0,interpolation_duration: 1}
$data merge entity $(left_hand) {transformation: [-0.118f,0.6027f,0.7892f,1.0369f,-0.4943f,0.6537f,-0.5731f,3.572f,-0.8613f,-0.4577f,0.2207f,1.1392f,0f,0f,0f,1f],start_interpolation: 0,interpolation_duration: 1}
$data merge entity $(left_forearm) {transformation: [-1.1667f,0.6963f,-0.2258f,2.0288f,0.5264f,0.5027f,-1.1693f,4.3084f,-0.5087f,-1.0768f,-0.6919f,-0.5288f,0f,0f,0f,1f],start_interpolation: 0,interpolation_duration: 1}
$data merge entity $(left_shoulder) {transformation: [-1.3201f,-0.6159f,0.1673f,1.0065f,-0.5674f,1.3086f,0.3399f,5.7785f,-0.292f,0.2412f,-1.4165f,-0.248f,0f,0f,0f,1f],start_interpolation: 0,interpolation_duration: 1}
$data merge entity $(left_arm) {transformation: [-1f,0f,0f,0.4426f,0f,0.8892f,0.4576f,6.04f,0f,0.4576f,-0.8892f,-0.1229f,0f,0f,0f,1f],start_interpolation: 0,interpolation_duration: 1}
$data merge entity $(chest) {transformation: [-1.2785f,0f,0f,0f,0f,1.1368f,0.585f,4.45f,0f,0.585f,-1.1368f,-0.9801f,0f,0f,0f,1f],start_interpolation: 0,interpolation_duration: 1}
$data merge entity $(left_cheek) {transformation: [-0.9982f,-0.0597f,0.0108f,0.4449f,-0.0598f,0.9981f,-0.0173f,3.8083f,-0.0098f,-0.0179f,-0.9998f,-1.8332f,0f,0f,0f,1f],start_interpolation: 0,interpolation_duration: 1}
$data merge entity $(left_foot) {transformation: [-1.0192f,-0.0289f,-0.0752f,0.8096f,-0.0294f,1.0219f,0.0057f,-0.8182f,0.075f,0.0078f,-1.0196f,-0.7901f,0f,0f,0f,1f],start_interpolation: 0,interpolation_duration: 1}
$data merge entity $(left_knee) {transformation: [-3.0364f,0.0454f,-0.1746f,0.9477f,-0.0568f,2.5533f,1.6521f,2.518f,0.1712f,1.6525f,-2.548f,1.215f,0f,0f,0f,1f],start_interpolation: 0,interpolation_duration: 1}
$data merge entity $(left_leg) {transformation: [-1.7149f,-0.1009f,0.0138f,0.7168f,-0.0321f,0.3143f,-1.6887f,2.7571f,0.0967f,-1.6859f,-0.3157f,-1.5311f,0f,0f,0f,1f],start_interpolation: 0,interpolation_duration: 1}
$data merge entity $(right_cheek) {transformation: [-0.9941f,0.0862f,0.0661f,-0.3992f,0.0912f,0.9929f,0.0769f,3.8347f,-0.059f,0.0825f,-0.9948f,-1.8292f,0f,0f,0f,1f],start_interpolation: 0,interpolation_duration: 1}
$data merge entity $(right_foot) {transformation: [-0.9872f,-0.1602f,0.2123f,0.0985f,-0.0057f,0.8285f,0.599f,-0.4736f,-0.2659f,0.5772f,-0.8008f,-4.1197f,0f,0f,0f,1f],start_interpolation: 0,interpolation_duration: 1}
$data merge entity $(right_knee) {transformation: [-2.9383f,-0.7827f,0.077f,-1.0659f,-0.0567f,0.5078f,2.9985f,0.3502f,-0.7844f,2.8951f,-0.5051f,-0.156f,0f,0f,0f,1f],start_interpolation: 0,interpolation_duration: 1}
$data merge entity $(right_leg) {transformation: [-1.6595f,0.2017f,0.3958f,-0.6854f,-0.032f,1.4724f,-0.8845f,2.7364f,-0.443f,-0.8618f,-1.4186f,-1.4766f,0f,0f,0f,1f],start_interpolation: 0,interpolation_duration: 1}
$data merge entity $(weist) {transformation: [-1.6218f,-0.0095f,-0.042f,0f,-0.0185f,1.5825f,0.357f,4.3783f,0.0389f,0.3573f,-1.582f,-1.2353f,0f,0f,0f,1f],start_interpolation: 0,interpolation_duration: 1}
data modify storage animated_java:temp entry.data merge value {"locators":{"consume":{"px":-2.3911939432,"py":2.2586909478,"pz":-1.0661790628,"ry":320.8213908013,"rx":-2.3621652253}}}
# Data Manager: Prepare for Read / Write
execute store result storage animated_java:temp args.id int 1 run scoreboard players get @s aj.id
# Data Manager: Write
function animated_java:global/data_manager/write with storage animated_java:temp args