# This file was generated by Animated Java via MC-Build. It is not recommended to edit this file directly.
$data merge entity $(neck) {transformation: [-1f,0f,0f,0f,0f,0.9747f,0.2236f,6.057f,0f,0.2236f,-0.9747f,-0.1118f,0f,0f,0f,1f],start_interpolation: 0,interpolation_duration: 1}
$data merge entity $(right_thumb_2) {transformation: [-0.7073f,0.2758f,-0.6509f,-2.0611f,0.3697f,0.9291f,-0.008f,2.7181f,0.6026f,-0.2463f,-0.7591f,-1.0366f,0f,0f,0f,1f],start_interpolation: 0,interpolation_duration: 1}
$data merge entity $(right_thumb) {transformation: [-0.7073f,-0.1711f,-0.6859f,-2.2114f,0.3697f,0.7375f,-0.5652f,3.0181f,0.6026f,-0.6533f,-0.4583f,-1.151f,0f,0f,0f,1f],start_interpolation: 0,interpolation_duration: 1}
$data merge entity $(right_fingers2) {transformation: [-0.4767f,-0.5881f,-0.6534f,-2.4559f,-0.7676f,0.6407f,-0.0166f,2.2336f,0.4284f,0.4937f,-0.7568f,-1.0291f,0f,0f,0f,1f],start_interpolation: 0,interpolation_duration: 1}
$data merge entity $(right_fingers) {transformation: [-0.7513f,-0.0925f,-0.6534f,-2.5083f,-0.108f,0.994f,-0.0166f,2.5136f,0.651f,0.0581f,-0.7568f,-0.9998f,0f,0f,0f,1f],start_interpolation: 0,interpolation_duration: 1}
$data merge entity $(scout) {transformation: [0f,0f,0f,-2.4405f,0f,0f,0f,2.488f,0f,0f,0f,-1.1986f,0f,0f,0f,1f],start_interpolation: 0,interpolation_duration: 1}
$data merge entity $(right_hand) {transformation: [-0.7073f,0.2698f,-0.6534f,-2.3679f,0.3697f,0.929f,-0.0166f,3.0817f,0.6026f,-0.2533f,-0.7568f,-1.1918f,0f,0f,0f,1f],start_interpolation: 0,interpolation_duration: 1}
$data merge entity $(right_forearm) {transformation: [-1.1831f,0.3716f,0.5994f,-1.7373f,0.1561f,1.2796f,-0.4852f,4.9845f,-0.6878f,-0.3488f,-1.1412f,-1.7301f,0f,0f,0f,1f],start_interpolation: 0,interpolation_duration: 1}
$data merge entity $(right_shoulder) {transformation: [-1.4107f,0.3617f,-0.1703f,-1.0065f,0.0208f,0.6901f,1.2935f,5.7801f,0.3992f,1.2421f,-0.6691f,-0.2746f,0f,0f,0f,1f],start_interpolation: 0,interpolation_duration: 1}
$data merge entity $(right_arm) {transformation: [-1f,0f,0f,-0.4425f,0f,0.8774f,0.4798f,6.0383f,0f,0.4798f,-0.8774f,-0.143f,0f,0f,0f,1f],start_interpolation: 0,interpolation_duration: 1}
$data merge entity $(left_thumb_2) {transformation: [-0.2956f,0.4818f,0.8249f,0.4787f,-0.4906f,0.6644f,-0.5638f,3.6341f,-0.8197f,-0.5714f,0.04f,0.9548f,0f,0f,0f,1f],start_interpolation: 0,interpolation_duration: 1}
$data merge entity $(left_thumb) {transformation: [-0.2956f,0.9553f,0.0063f,0.8298f,-0.4906f,-0.1462f,-0.8591f,3.6719f,-0.8197f,-0.257f,0.5119f,0.9865f,0f,0f,0f,1f],start_interpolation: 0,interpolation_duration: 1}
$data merge entity $(left_fingers2) {transformation: [0.8024f,0.1163f,0.5854f,0.3989f,0.2944f,0.776f,-0.5578f,3.076f,-0.5192f,0.6199f,0.5884f,1.2632f,0f,0f,0f,1f],start_interpolation: 0,interpolation_duration: 1}
$data merge entity $(left_fingers) {transformation: [0.632f,0.5078f,0.5854f,0.5301f,-0.1406f,0.818f,-0.5578f,3.309f,-0.7621f,0.2702f,0.5884f,1.366f,0f,0f,0f,1f],start_interpolation: 0,interpolation_duration: 1}
$data merge entity $(left_hand) {transformation: [-0.0659f,0.6381f,0.7671f,0.9556f,-0.5202f,0.6341f,-0.5721f,3.6706f,-0.8515f,-0.4367f,0.2902f,1.1063f,0f,0f,0f,1f],start_interpolation: 0,interpolation_duration: 1}
$data merge entity $(left_forearm) {transformation: [-1.1283f,0.7552f,-0.2319f,2.0375f,0.5394f,0.4411f,-1.1881f,4.314f,-0.5772f,-1.0641f,-0.657f,-0.5441f,0f,0f,0f,1f],start_interpolation: 0,interpolation_duration: 1}
$data merge entity $(left_shoulder) {transformation: [-1.3139f,-0.6235f,0.1865f,1.0065f,-0.571f,1.306f,0.3437f,5.7801f,-0.3123f,0.2354f,-1.4131f,-0.2746f,0f,0f,0f,1f],start_interpolation: 0,interpolation_duration: 1}
$data merge entity $(left_arm) {transformation: [-1f,0f,0f,0.4426f,0f,0.8774f,0.4798f,6.0383f,0f,0.4798f,-0.8774f,-0.143f,0f,0f,0f,1f],start_interpolation: 0,interpolation_duration: 1}
$data merge entity $(chest) {transformation: [-1.2785f,0f,0f,0f,0f,1.1217f,0.6135f,4.4704f,0f,0.6135f,-1.1217f,-1.04f,0f,0f,0f,1f],start_interpolation: 0,interpolation_duration: 1}
$data merge entity $(left_cheek) {transformation: [-0.9984f,-0.0485f,0.0303f,0.4541f,-0.0496f,0.9982f,-0.0339f,3.8572f,-0.0286f,-0.0354f,-0.999f,-1.9032f,0f,0f,0f,1f],start_interpolation: 0,interpolation_duration: 1}
$data merge entity $(left_foot) {transformation: [-1.0208f,-0.0211f,-0.0517f,0.7688f,-0.0214f,1.0221f,0.0041f,-0.4645f,0.0516f,0.0052f,-1.0211f,-0.9262f,0f,0f,0f,1f],start_interpolation: 0,interpolation_duration: 1}
$data merge entity $(left_knee) {transformation: [-3.0392f,0.0323f,-0.1207f,0.8922f,-0.0415f,2.5119f,1.7149f,2.8063f,0.1179f,1.715f,-2.5094f,1.1523f,0f,0f,0f,1f],start_interpolation: 0,interpolation_duration: 1}
$data merge entity $(left_leg) {transformation: [-1.7165f,-0.0686f,0.0166f,0.7136f,-0.0234f,0.1731f,-1.7091f,2.799f,0.0666f,-1.7078f,-0.1739f,-1.6099f,0f,0f,0f,1f],start_interpolation: 0,interpolation_duration: 1}
$data merge entity $(right_cheek) {transformation: [-0.9914f,0.0913f,0.0934f,-0.3934f,0.0988f,0.9919f,0.0796f,3.8823f,-0.0853f,0.0881f,-0.9924f,-1.9078f,0f,0f,0f,1f],start_interpolation: 0,interpolation_duration: 1}
$data merge entity $(right_foot) {transformation: [-0.9838f,-0.1743f,0.2169f,0.1109f,-0.0044f,0.8066f,0.6282f,-0.0728f,-0.2782f,0.6036f,-0.7769f,-4.2026f,0f,0f,0f,1f],start_interpolation: 0,interpolation_duration: 1}
$data merge entity $(right_knee) {transformation: [-2.9274f,-0.8255f,0.0344f,-1.1142f,-0.0409f,0.2713f,3.0293f,0.4254f,-0.8252f,2.915f,-0.2722f,-0.203f,0f,0f,0f,1f],start_interpolation: 0,interpolation_duration: 1}
$data merge entity $(right_leg) {transformation: [-1.6534f,0.2296f,0.4062f,-0.6894f,-0.0231f,1.4534f,-0.9156f,2.7817f,-0.4661f,-0.8867f,-1.3957f,-1.5632f,0f,0f,0f,1f],start_interpolation: 0,interpolation_duration: 1}
$data merge entity $(weist) {transformation: [-1.6221f,-0.0069f,-0.029f,0f,-0.0135f,1.578f,0.3764f,4.4189f,0.0266f,0.3766f,-1.5778f,-1.2996f,0f,0f,0f,1f],start_interpolation: 0,interpolation_duration: 1}
data modify storage animated_java:temp entry.data merge value {"locators":{"consume":{"px":-2.4227361746,"py":2.3236359661,"pz":-1.1594214782,"ry":319.1942049413,"rx":-0.9492195755}}}
# Data Manager: Prepare for Read / Write
execute store result storage animated_java:temp args.id int 1 run scoreboard players get @s aj.id
# Data Manager: Write
function animated_java:global/data_manager/write with storage animated_java:temp args