# This file was generated by Animated Java via MC-Build. It is not recommended to edit this file directly.
$data merge entity $(neck) {transformation: [-1f,0f,0f,0f,0f,0.9722f,0.2343f,6.054f,0f,0.2343f,-0.9722f,-0.1298f,0f,0f,0f,1f],start_interpolation: 0,interpolation_duration: 1}
$data merge entity $(right_thumb_2) {transformation: [-0.6865f,0.2797f,-0.6712f,-2.078f,0.3683f,0.9297f,0.0108f,2.7708f,0.627f,-0.2398f,-0.7412f,-1.1207f,0f,0f,0f,1f],start_interpolation: 0,interpolation_duration: 1}
$data merge entity $(right_thumb) {transformation: [-0.6865f,-0.1828f,-0.7038f,-2.2287f,0.3683f,0.7472f,-0.5532f,3.0736f,0.627f,-0.639f,-0.4456f,-1.227f,0f,0f,0f,1f],start_interpolation: 0,interpolation_duration: 1}
$data merge entity $(right_fingers2) {transformation: [-0.5021f,-0.5434f,-0.6728f,-2.4849f,-0.7379f,0.6749f,0.0056f,2.2891f,0.451f,0.4992f,-0.7398f,-1.1088f,0f,0f,0f,1f],start_interpolation: 0,interpolation_duration: 1}
$data merge entity $(right_fingers) {transformation: [-0.7372f,-0.0627f,-0.6728f,-2.5285f,-0.0898f,0.9959f,0.0056f,2.5704f,0.6697f,0.0645f,-0.7398f,-1.077f,0f,0f,0f,1f],start_interpolation: 0,interpolation_duration: 1}
$data merge entity $(scout) {transformation: [0f,0f,0f,-2.4662f,0f,0f,0f,2.5474f,0f,0f,0f,-1.2779f,0f,0f,0f,1f],start_interpolation: 0,interpolation_duration: 1}
$data merge entity $(right_hand) {transformation: [-0.6865f,0.276f,-0.6728f,-2.3853f,0.3683f,0.9297f,0.0056f,3.1399f,0.627f,-0.2439f,-0.7398f,-1.2626f,0f,0f,0f,1f],start_interpolation: 0,interpolation_duration: 1}
$data merge entity $(right_forearm) {transformation: [-1.1867f,0.3801f,0.5869f,-1.7422f,0.1746f,1.2805f,-0.4763f,5.0437f,-0.6771f,-0.336f,-1.1514f,-1.7823f,0f,0f,0f,1f],start_interpolation: 0,interpolation_duration: 1}
$data merge entity $(right_shoulder) {transformation: [-1.4082f,0.3658f,-0.1814f,-1.0065f,-0.004f,0.6387f,1.3198f,5.7809f,0.4083f,1.2681f,-0.6125f,-0.2988f,0f,0f,0f,1f],start_interpolation: 0,interpolation_duration: 1}
$data merge entity $(right_arm) {transformation: [-1f,0f,0f,-0.4425f,0f,0.8663f,0.4995f,6.036f,0f,0.4995f,-0.8663f,-0.1615f,0f,0f,0f,1f],start_interpolation: 0,interpolation_duration: 1}
$data merge entity $(left_thumb_2) {transformation: [-0.2624f,0.5167f,0.815f,0.4162f,-0.5106f,0.6423f,-0.5716f,3.7294f,-0.8188f,-0.5661f,0.0953f,0.8925f,0f,0f,0f,1f],start_interpolation: 0,interpolation_duration: 1}
$data merge entity $(left_thumb) {transformation: [-0.2624f,0.9637f,-0.0497f,0.7659f,-0.5106f,-0.1824f,-0.8403f,3.7582f,-0.8188f,-0.1951f,0.5399f,0.9435f,0f,0f,0f,1f],start_interpolation: 0,interpolation_duration: 1}
$data merge entity $(left_fingers2) {transformation: [0.8363f,0.1192f,0.5352f,0.3134f,0.2296f,0.8103f,-0.5392f,3.1738f,-0.4979f,0.5738f,0.6503f,1.2142f,0f,0f,0f,1f],start_interpolation: 0,interpolation_duration: 1}
$data merge entity $(left_fingers) {transformation: [0.6793f,0.5021f,0.5352f,0.4413f,-0.1829f,0.8221f,-0.5392f,3.4093f,-0.7107f,0.2684f,0.6503f,1.3155f,0f,0f,0f,1f],start_interpolation: 0,interpolation_duration: 1}
$data merge entity $(left_hand) {transformation: [-0.0211f,0.6684f,0.7435f,0.8846f,-0.5453f,0.6157f,-0.5689f,3.7595f,-0.838f,-0.4174f,0.3515f,1.0705f,0f,0f,0f,1f],start_interpolation: 0,interpolation_duration: 1}
$data merge entity $(left_forearm) {transformation: [-1.0905f,0.8059f,-0.2416f,2.0441f,0.5505f,0.3844f,-1.2026f,4.3175f,-0.6362f,-1.0488f,-0.6264f,-0.5582f,0f,0f,0f,1f],start_interpolation: 0,interpolation_duration: 1}
$data merge entity $(left_shoulder) {transformation: [-1.3085f,-0.6293f,0.204f,1.0065f,-0.5731f,1.3042f,0.3472f,5.7809f,-0.3305f,0.2302f,-1.4098f,-0.2988f,0f,0f,0f,1f],start_interpolation: 0,interpolation_duration: 1}
$data merge entity $(left_arm) {transformation: [-1f,0f,0f,0.4426f,0f,0.8663f,0.4995f,6.036f,0f,0.4995f,-0.8663f,-0.1615f,0f,0f,0f,1f],start_interpolation: 0,interpolation_duration: 1}
$data merge entity $(chest) {transformation: [-1.2785f,0f,0f,0f,0f,1.1076f,0.6387f,4.4888f,0f,0.6387f,-1.1076f,-1.0936f,0f,0f,0f,1f],start_interpolation: 0,interpolation_duration: 1}
$data merge entity $(left_cheek) {transformation: [-0.9981f,-0.038f,0.0482f,0.4626f,-0.0404f,0.998f,-0.0486f,3.9049f,-0.0463f,-0.0505f,-0.9977f,-1.9639f,0f,0f,0f,1f],start_interpolation: 0,interpolation_duration: 1}
$data merge entity $(left_foot) {transformation: [-1.0218f,-0.0134f,-0.0311f,0.7349f,-0.0135f,1.0223f,0.0026f,-0.1484f,0.0311f,0.003f,-1.0219f,-1.0642f,0f,0f,0f,1f],start_interpolation: 0,interpolation_duration: 1}
$data merge entity $(left_knee) {transformation: [-3.0408f,0.02f,-0.0732f,0.8446f,-0.0263f,2.474f,1.7694f,3.0633f,0.0712f,1.7695f,-2.473f,1.0775f,0f,0f,0f,1f],start_interpolation: 0,interpolation_duration: 1}
$data merge entity $(left_leg) {transformation: [-1.7174f,-0.0406f,0.0138f,0.7105f,-0.0149f,0.0466f,-1.7173f,2.8367f,0.0402f,-1.7169f,-0.0469f,-1.6796f,0f,0f,0f,1f],start_interpolation: 0,interpolation_duration: 1}
$data merge entity $(right_cheek) {transformation: [-0.9884f,0.0957f,0.1175f,-0.3881f,0.1056f,0.991f,0.0817f,3.9259f,-0.1087f,0.0932f,-0.9897f,-1.9773f,0f,0f,0f,1f],start_interpolation: 0,interpolation_duration: 1}
$data merge entity $(right_foot) {transformation: [-0.9805f,-0.1871f,0.2208f,0.1172f,-0.0029f,0.7864f,0.6534f,0.2869f,-0.2894f,0.626f,-0.7547f,-4.2548f,0f,0f,0f,1f],start_interpolation: 0,interpolation_duration: 1}
$data merge entity $(right_knee) {transformation: [-2.9173f,-0.8611f,-0.0076f,-1.1586f,-0.0257f,0.0604f,3.041f,0.4942f,-0.8608f,2.9167f,-0.0652f,-0.2455f,0f,0f,0f,1f],start_interpolation: 0,interpolation_duration: 1}
$data merge entity $(right_leg) {transformation: [-1.6477f,0.2553f,0.414f,-0.6933f,-0.0145f,1.4359f,-0.9431f,2.8228f,-0.4862f,-0.908f,-1.375f,-1.6397f,0f,0f,0f,1f],start_interpolation: 0,interpolation_duration: 1}
$data merge entity $(weist) {transformation: [-1.6222f,-0.0044f,-0.0176f,0f,-0.0085f,1.5739f,0.3935f,4.4554f,0.016f,0.3936f,-1.5738f,-1.3563f,0f,0f,0f,1f],start_interpolation: 0,interpolation_duration: 1}
data modify storage animated_java:temp entry.data merge value {"locators":{"consume":{"px":-2.44969882,"py":2.3821854429,"pz":-1.2420752336,"ry":317.7185693138,"rx":0.3202146804}}}
# Data Manager: Prepare for Read / Write
execute store result storage animated_java:temp args.id int 1 run scoreboard players get @s aj.id
# Data Manager: Write
function animated_java:global/data_manager/write with storage animated_java:temp args