# This file was generated by Animated Java via MC-Build. It is not recommended to edit this file directly.
$data merge entity $(neck) {transformation: [-1f,0f,0f,0f,0f,0.97f,0.2433f,6.0508f,0f,0.2433f,-0.97f,-0.1456f,0f,0f,0f,1f],start_interpolation: 0,interpolation_duration: 1}
$data merge entity $(right_thumb_2) {transformation: [-0.6682f,0.2824f,-0.6882f,-2.0915f,0.3653f,0.9305f,0.0272f,2.8165f,0.6481f,-0.2332f,-0.725f,-1.1939f,0f,0f,0f,1f],start_interpolation: 0,interpolation_duration: 1}
$data merge entity $(right_thumb) {transformation: [-0.6682f,-0.1931f,-0.7184f,-2.2426f,0.3653f,0.7561f,-0.543f,3.1215f,0.6481f,-0.6253f,-0.4347f,-1.2928f,0f,0f,0f,1f],start_interpolation: 0,interpolation_duration: 1}
$data merge entity $(right_fingers2) {transformation: [-0.5207f,-0.5042f,-0.6889f,-2.5083f,-0.7122f,0.7016f,0.0249f,2.3372f,0.4708f,0.5036f,-0.7244f,-1.1783f,0f,0f,0f,1f],start_interpolation: 0,interpolation_duration: 1}
$data merge entity $(right_fingers) {transformation: [-0.7238f,-0.0379f,-0.6889f,-2.5446f,-0.0759f,0.9968f,0.0249f,2.6193f,0.6858f,0.0703f,-0.7244f,-1.1442f,0f,0f,0f,1f],start_interpolation: 0,interpolation_duration: 1}
$data merge entity $(scout) {transformation: [0f,0f,0f,-2.487f,0f,0f,0f,2.5989f,0f,0f,0f,-1.3469f,0f,0f,0f,1f],start_interpolation: 0,interpolation_duration: 1}
$data merge entity $(right_hand) {transformation: [-0.6682f,0.2807f,-0.6889f,-2.3993f,0.3653f,0.9306f,0.0249f,3.1901f,0.6481f,-0.235f,-0.7244f,-1.3238f,0f,0f,0f,1f],start_interpolation: 0,interpolation_duration: 1}
$data merge entity $(right_forearm) {transformation: [-1.1898f,0.3866f,0.5762f,-1.7465f,0.1904f,1.2817f,-0.4669f,5.0954f,-0.6672f,-0.3237f,-1.1607f,-1.8258f,0f,0f,0f,1f],start_interpolation: 0,interpolation_duration: 1}
$data merge entity $(right_shoulder) {transformation: [-1.406f,0.3695f,-0.1908f,-1.0065f,-0.026f,0.5934f,1.3405f,5.781f,0.415f,1.2889f,-0.5624f,-0.32f,0f,0f,0f,1f],start_interpolation: 0,interpolation_duration: 1}
$data merge entity $(right_arm) {transformation: [-1f,0f,0f,-0.4425f,0f,0.8564f,0.5163f,6.0334f,0f,0.5163f,-0.8564f,-0.1776f,0f,0f,0f,1f],start_interpolation: 0,interpolation_duration: 1}
$data merge entity $(left_thumb_2) {transformation: [-0.2351f,0.5464f,0.8038f,0.3654f,-0.529f,0.6218f,-0.5774f,3.8113f,-0.8154f,-0.561f,0.1429f,0.8346f,0f,0f,0f,1f],start_interpolation: 0,interpolation_duration: 1}
$data merge entity $(left_thumb) {transformation: [-0.2351f,0.9669f,-0.099f,0.7128f,-0.529f,-0.2128f,-0.8215f,3.8328f,-0.8154f,-0.1407f,0.5615f,0.9023f,0f,0f,0f,1f],start_interpolation: 0,interpolation_duration: 1}
$data merge entity $(left_fingers2) {transformation: [0.863f,0.1266f,0.489f,0.2418f,0.172f,0.8366f,-0.5201f,3.2591f,-0.475f,0.5329f,0.7003f,1.1679f,0f,0f,0f,1f],start_interpolation: 0,interpolation_duration: 1}
$data merge entity $(left_fingers) {transformation: [0.7158f,0.4984f,0.489f,0.3672f,-0.2195f,0.8255f,-0.5201f,3.4967f,-0.6629f,0.2649f,0.7003f,1.2672f,0f,0f,0f,1f],start_interpolation: 0,interpolation_duration: 1}
$data merge entity $(left_hand) {transformation: [0.0154f,0.6934f,0.7204f,0.8251f,-0.5681f,0.599f,-0.5644f,3.8368f,-0.8228f,-0.4005f,0.4032f,1.0349f,0f,0f,0f,1f],start_interpolation: 0,interpolation_duration: 1}
$data merge entity $(left_forearm) {transformation: [-1.0555f,0.8478f,-0.2534f,2.0487f,0.5598f,0.3344f,-1.2132f,4.3194f,-0.6853f,-1.0327f,-0.6008f,-0.5707f,0f,0f,0f,1f],start_interpolation: 0,interpolation_duration: 1}
$data merge entity $(left_shoulder) {transformation: [-1.304f,-0.6335f,0.2192f,1.0065f,-0.5741f,1.3029f,0.3503f,5.781f,-0.3461f,0.2258f,-1.4068f,-0.32f,0f,0f,0f,1f],start_interpolation: 0,interpolation_duration: 1}
$data merge entity $(left_arm) {transformation: [-1f,0f,0f,0.4426f,0f,0.8564f,0.5163f,6.0334f,0f,0.5163f,-0.8564f,-0.1776f,0f,0f,0f,1f],start_interpolation: 0,interpolation_duration: 1}
$data merge entity $(chest) {transformation: [-1.2785f,0f,0f,0f,0f,1.0949f,0.6602f,4.5047f,0f,0.6602f,-1.0949f,-1.1398f,0f,0f,0f,1f],start_interpolation: 0,interpolation_duration: 1}
$data merge entity $(left_cheek) {transformation: [-0.9975f,-0.0287f,0.0639f,0.47f,-0.0327f,0.9976f,-0.0614f,3.9493f,-0.062f,-0.0633f,-0.9961f,-2.0189f,0f,0f,0f,1f],start_interpolation: 0,interpolation_duration: 1}
$data merge entity $(left_foot) {transformation: [-1.0223f,-0.0062f,-0.0138f,0.7085f,-0.0062f,1.0224f,0.0012f,0.1224f,0.0138f,0.0013f,-1.0223f,-1.1949f,0f,0f,0f,1f],start_interpolation: 0,interpolation_duration: 1}
$data merge entity $(left_knee) {transformation: [-3.0415f,0.0091f,-0.0327f,0.806f,-0.0122f,2.4407f,1.8152f,3.2826f,0.0317f,1.8153f,-2.4405f,0.9993f,0f,0f,0f,1f],start_interpolation: 0,interpolation_duration: 1}
$data merge entity $(left_leg) {transformation: [-1.7179f,-0.0176f,0.0075f,0.7076f,-0.0069f,-0.062f,-1.7168f,2.8693f,0.0179f,-1.7168f,0.0619f,-1.739f,0f,0f,0f,1f],start_interpolation: 0,interpolation_duration: 1}
$data merge entity $(right_cheek) {transformation: [-0.9855f,0.0994f,0.1377f,-0.3835f,0.1115f,0.9903f,0.0832f,3.964f,-0.1281f,0.0973f,-0.987f,-2.0365f,0f,0f,0f,1f],start_interpolation: 0,interpolation_duration: 1}
$data merge entity $(right_foot) {transformation: [-0.9776f,-0.1984f,0.2241f,0.1188f,-0.0014f,0.7685f,0.6742f,0.5965f,-0.2993f,0.6444f,-0.7351f,-4.2836f,0f,0f,0f,1f],start_interpolation: 0,interpolation_duration: 1}
$data merge entity $(right_knee) {transformation: [-2.9084f,-0.8896f,-0.0464f,-1.1978f,-0.0118f,-0.1198f,3.0394f,0.5547f,-0.8907f,2.9063f,0.1111f,-0.2823f,0f,0f,0f,1f],start_interpolation: 0,interpolation_duration: 1}
$data merge entity $(right_leg) {transformation: [-1.6426f,0.2778f,0.4195f,-0.6968f,-0.0067f,1.4203f,-0.9665f,2.8586f,-0.5031f,-0.9258f,-1.3569f,-1.7048f,0f,0f,0f,1f],start_interpolation: 0,interpolation_duration: 1}
$data merge entity $(weist) {transformation: [-1.6223f,-0.002f,-0.0078f,0f,-0.0039f,1.5702f,0.4081f,4.4871f,0.0071f,0.4081f,-1.5701f,-1.4046f,0f,0f,0f,1f],start_interpolation: 0,interpolation_duration: 1}
data modify storage animated_java:temp entry.data merge value {"locators":{"consume":{"px":-2.4715567716,"py":2.4328946911,"pz":-1.3140837992,"ry":316.436115309,"rx":1.4257811184}}}
# Data Manager: Prepare for Read / Write
execute store result storage animated_java:temp args.id int 1 run scoreboard players get @s aj.id
# Data Manager: Write
function animated_java:global/data_manager/write with storage animated_java:temp args