# This file was generated by Animated Java via MC-Build. It is not recommended to edit this file directly.
$data merge entity $(neck) {transformation: [-1f,0f,0f,0f,0f,0.9999f,0.0143f,5.9441f,0f,0.0143f,-0.9999f,0.0811f,0f,0f,0f,1f],start_interpolation: 0,interpolation_duration: 1}
$data merge entity $(right_thumb_2) {transformation: [-0.9546f,0.1583f,-0.2523f,-1.872f,0.2316f,0.9272f,-0.2945f,1.9436f,0.1873f,-0.3395f,-0.9218f,0.835f,0f,0f,0f,1f],start_interpolation: 0,interpolation_duration: 1}
$data merge entity $(right_thumb) {transformation: [-0.9546f,-0.0037f,-0.2978f,-2.0105f,0.2316f,0.6196f,-0.75f,2.1879f,0.1873f,-0.7849f,-0.5906f,0.6186f,0f,0f,0f,1f],start_interpolation: 0,interpolation_duration: 1}
$data merge entity $(right_fingers2) {transformation: [0.4477f,-0.8542f,-0.2643f,-2.0159f,-0.8652f,-0.3393f,-0.3692f,1.4584f,0.2256f,0.394f,-0.891f,0.832f,0f,0f,0f,1f],start_interpolation: 0,interpolation_duration: 1}
$data merge entity $(right_fingers) {transformation: [-0.7103f,-0.6523f,-0.2643f,-2.2237f,-0.5503f,0.7489f,-0.3692f,1.6536f,0.4388f,-0.1167f,-0.891f,0.8045f,0f,0f,0f,1f],start_interpolation: 0,interpolation_duration: 1}
$data merge entity $(scout) {transformation: [0f,0f,0f,-2.0766f,0f,0f,0f,1.6135f,0f,0f,0f,0.6578f,0f,0f,0f,1f],start_interpolation: 0,interpolation_duration: 1}
$data merge entity $(right_hand) {transformation: [-0.9546f,0.1372f,-0.2643f,-2.1464f,0.2316f,0.9001f,-0.3692f,2.1889f,0.1873f,-0.4136f,-0.891f,0.5102f,0f,0f,0f,1f],start_interpolation: 0,interpolation_duration: 1}
$data merge entity $(right_forearm) {transformation: [-1.166f,0.189f,0.7084f,-1.7875f,-0.1519f,1.2397f,-0.5807f,4.041f,-0.7173f,-0.5697f,-1.0286f,-0.3554f,0f,0f,0f,1f],start_interpolation: 0,interpolation_duration: 1}
$data merge entity $(right_shoulder) {transformation: [-1.4072f,0.4092f,0.046f,-1.0065f,0.4095f,1.374f,0.307f,5.6238f,0.0426f,0.3075f,-1.433f,0.057f,0f,0f,0f,1f],start_interpolation: 0,interpolation_duration: 1}
$data merge entity $(right_arm) {transformation: [-1f,0f,0f,-0.4425f,0f,0.999f,0.0439f,5.9136f,0f,0.0439f,-0.999f,0.0613f,0f,0f,0f,1f],start_interpolation: 0,interpolation_duration: 1}
$data merge entity $(left_thumb_2) {transformation: [-0.7317f,-0.1594f,0.6628f,1.7731f,-0.3774f,0.9044f,-0.1992f,1.938f,-0.5677f,-0.3958f,-0.7219f,0.9177f,0f,0f,0f,1f],start_interpolation: 0,interpolation_duration: 1}
$data merge entity $(left_thumb) {transformation: [-0.7317f,0.2432f,0.6368f,1.9509f,-0.3774f,0.6335f,-0.6755f,2.2073f,-0.5677f,-0.7346f,-0.3717f,0.7708f,0f,0f,0f,1f],start_interpolation: 0,interpolation_duration: 1}
$data merge entity $(left_fingers2) {transformation: [0.3581f,0.621f,0.6972f,1.9805f,0.9332f,-0.2128f,-0.2897f,1.4814f,-0.0316f,0.7543f,-0.6557f,0.9798f,0f,0f,0f,1f],start_interpolation: 0,interpolation_duration: 1}
$data merge entity $(left_fingers) {transformation: [-0.4995f,0.5142f,0.6972f,2.1462f,0.4597f,0.8395f,-0.2897f,1.7056f,-0.7342f,0.1758f,-0.6557f,1.0458f,0f,0f,0f,1f],start_interpolation: 0,interpolation_duration: 1}
$data merge entity $(left_hand) {transformation: [-0.7236f,-0.089f,0.6844f,2.1182f,-0.3719f,0.8856f,-0.2781f,2.2354f,-0.5814f,-0.4558f,-0.674f,0.7331f,0f,0f,0f,1f],start_interpolation: 0,interpolation_duration: 1}
$data merge entity $(left_forearm) {transformation: [-1.2074f,-0.1472f,-0.6462f,1.8228f,0.1939f,1.2058f,-0.6369f,4.0361f,0.6337f,-0.6493f,-1.0363f,-0.2561f,0f,0f,0f,1f],start_interpolation: 0,interpolation_duration: 1}
$data merge entity $(left_shoulder) {transformation: [-1.3979f,-0.4397f,-0.0485f,1.0065f,-0.442f,1.381f,0.2173f,5.6238f,-0.0194f,0.2218f,-1.4492f,0.057f,0f,0f,0f,1f],start_interpolation: 0,interpolation_duration: 1}
$data merge entity $(left_arm) {transformation: [-1f,0f,0f,0.4426f,0f,0.999f,0.0439f,5.9136f,0f,0.0439f,-0.999f,0.0613f,0f,0f,0f,1f],start_interpolation: 0,interpolation_duration: 1}
$data merge entity $(chest) {transformation: [-1.2785f,0f,0f,0f,0f,1.2773f,0.0562f,4.1108f,0f,0.0562f,-1.2773f,-0.0526f,0f,0f,0f,1f],start_interpolation: 0,interpolation_duration: 1}
$data merge entity $(left_cheek) {transformation: [-0.9861f,-0.0256f,-0.1642f,0.3746f,-0.0392f,0.996f,0.0803f,3.2737f,0.1615f,0.0856f,-0.9832f,-0.5742f,0f,0f,0f,1f],start_interpolation: 0,interpolation_duration: 1}
$data merge entity $(left_foot) {transformation: [-0.9022f,-0.003f,-0.4808f,0.5323f,-0.0236f,1.0214f,0.0378f,-4.7517f,0.4803f,0.0445f,-0.9015f,-0.7678f,0f,0f,0f,1f],start_interpolation: 0,interpolation_duration: 1}
$data merge entity $(left_knee) {transformation: [-2.8386f,0.1526f,-1.0823f,0.7794f,-0.0263f,3.0015f,0.4922f,-0.6003f,1.0927f,0.4686f,-2.7997f,-0.2689f,0f,0f,0f,1f],start_interpolation: 0,interpolation_duration: 1}
$data merge entity $(left_leg) {transformation: [-1.6032f,-0.0049f,-0.6173f,0.7144f,-0.0148f,1.7177f,0.0249f,2.1506f,0.6171f,0.0286f,-1.603f,-0.1728f,0f,0f,0f,1f],start_interpolation: 0,interpolation_duration: 1}
$data merge entity $(right_cheek) {transformation: [-0.9846f,0.0379f,-0.1706f,-0.4863f,0.0299f,0.9984f,0.0487f,3.2771f,0.1722f,0.0429f,-0.9841f,-0.4732f,0f,0f,0f,1f],start_interpolation: 0,interpolation_duration: 1}
$data merge entity $(right_foot) {transformation: [-1.0173f,-0.022f,0.0991f,-0.4746f,-0.0211f,1.0221f,0.0107f,-4.7696f,-0.0993f,0.0086f,-1.0175f,0.3709f,0f,0f,0f,1f],start_interpolation: 0,interpolation_duration: 1}
$data merge entity $(right_knee) {transformation: [-3.0403f,-0.0827f,0.0427f,-0.6746f,-0.0797f,3.0338f,0.2042f,-0.5646f,-0.0481f,0.203f,-3.0346f,0.5263f,0f,0f,0f,1f],start_interpolation: 0,interpolation_duration: 1}
$data merge entity $(right_leg) {transformation: [-1.7172f,-0.0387f,0.0356f,-0.6661f,-0.045f,1.683f,-0.3421f,2.1435f,-0.0272f,-0.3429f,-1.6832f,0.0275f,0f,0f,0f,1f],start_interpolation: 0,interpolation_duration: 1}
$data merge entity $(weist) {transformation: [-1.6007f,-0.0044f,-0.2638f,0f,-0.0088f,1.6221f,0.0265f,3.7986f,0.2637f,0.0275f,-1.6005f,-0.1157f,0f,0f,0f,1f],start_interpolation: 0,interpolation_duration: 1}
data modify storage animated_java:temp entry.data merge value {"locators":{"consume":{"px":-2.0405853176,"py":1.4741527114,"pz":0.7480953386,"ry":343.4745757492,"rx":-21.6636696109}}}
# Data Manager: Prepare for Read / Write
execute store result storage animated_java:temp args.id int 1 run scoreboard players get @s aj.id
# Data Manager: Write
function animated_java:global/data_manager/write with storage animated_java:temp args