# This file was generated by Animated Java via MC-Build. It is not recommended to edit this file directly.
$data merge entity $(neck) {transformation: [-1f,0f,0f,0f,0f,0.9681f,0.2504f,6.0477f,0f,0.2504f,-0.9681f,-0.1588f,0f,0f,0f,1f],start_interpolation: 0,interpolation_duration: 1}
$data merge entity $(right_thumb_2) {transformation: [-0.6534f,0.2841f,-0.7017f,-2.1015f,0.361f,0.9317f,0.041f,2.8539f,0.6654f,-0.2265f,-0.7113f,-1.2558f,0f,0f,0f,1f],start_interpolation: 0,interpolation_duration: 1}
$data merge entity $(right_thumb) {transformation: [-0.6534f,-0.2018f,-0.7296f,-2.253f,0.361f,0.7641f,-0.5346f,3.1608f,0.6654f,-0.6127f,-0.4264f,-1.3482f,0f,0f,0f,1f],start_interpolation: 0,interpolation_duration: 1}
$data merge entity $(right_fingers2) {transformation: [-0.5336f,-0.4721f,-0.7017f,-2.5258f,-0.6918f,0.7209f,0.041f,2.3763f,0.4865f,0.5073f,-0.7113f,-1.2376f,0f,0f,0f,1f],start_interpolation: 0,interpolation_duration: 1}
$data merge entity $(right_fingers) {transformation: [-0.7122f,-0.0187f,-0.7017f,-2.5563f,-0.0666f,0.9969f,0.041f,2.6588f,0.6988f,0.0759f,-0.7113f,-1.2015f,0f,0f,0f,1f],start_interpolation: 0,interpolation_duration: 1}
$data merge entity $(scout) {transformation: [0f,0f,0f,-2.5026f,0f,0f,0f,2.641f,0f,0f,0f,-1.4055f,0f,0f,0f,1f],start_interpolation: 0,interpolation_duration: 1}
$data merge entity $(right_hand) {transformation: [-0.6534f,0.2841f,-0.7017f,-2.4096f,0.361f,0.9317f,0.041f,3.231f,0.6654f,-0.2265f,-0.7113f,-1.3754f,0f,0f,0f,1f],start_interpolation: 0,interpolation_duration: 1}
$data merge entity $(right_forearm) {transformation: [-1.1924f,0.3913f,0.5677f,-1.7502f,0.2034f,1.2832f,-0.4572f,5.1385f,-0.6588f,-0.312f,-1.1687f,-1.8604f,0f,0f,0f,1f],start_interpolation: 0,interpolation_duration: 1}
$data merge entity $(right_shoulder) {transformation: [-1.4042f,0.3726f,-0.1984f,-1.0065f,-0.0443f,0.5553f,1.3563f,5.7808f,0.4198f,1.3049f,-0.5205f,-0.3374f,0f,0f,0f,1f],start_interpolation: 0,interpolation_duration: 1}
$data merge entity $(right_arm) {transformation: [-1f,0f,0f,-0.4425f,0f,0.848f,0.5299f,6.0309f,0f,0.5299f,-0.848f,-0.191f,0f,0f,0f,1f],start_interpolation: 0,interpolation_duration: 1}
$data merge entity $(left_thumb_2) {transformation: [-0.2142f,0.5704f,0.7929f,0.3263f,-0.5447f,0.6041f,-0.5817f,3.878f,-0.8108f,-0.5565f,0.1813f,0.785f,0f,0f,0f,1f],start_interpolation: 0,interpolation_duration: 1}
$data merge entity $(left_thumb) {transformation: [-0.2142f,0.9667f,-0.1398f,0.671f,-0.5447f,-0.2371f,-0.8044f,3.8939f,-0.8108f,-0.0961f,0.5774f,0.8661f,0f,0f,0f,1f],start_interpolation: 0,interpolation_duration: 1}
$data merge entity $(left_fingers2) {transformation: [0.8827f,0.1363f,0.4498f,0.1851f,0.1239f,0.8558f,-0.5023f,3.3295f,-0.4534f,0.4991f,0.7385f,1.1276f,0f,0f,0f,1f],start_interpolation: 0,interpolation_duration: 1}
$data merge entity $(left_fingers) {transformation: [0.7424f,0.4965f,0.4498f,0.3089f,-0.2494f,0.8279f,-0.5023f,3.5688f,-0.6218f,0.2607f,0.7385f,1.2249f,0f,0f,0f,1f],start_interpolation: 0,interpolation_duration: 1}
$data merge entity $(left_hand) {transformation: [0.0433f,0.7131f,0.6997f,0.7781f,-0.5875f,0.5846f,-0.5595f,3.9002f,-0.8081f,-0.3868f,0.4443f,1.0029f,0f,0f,0f,1f],start_interpolation: 0,interpolation_duration: 1}
$data merge entity $(left_forearm) {transformation: [-1.0254f,0.8805f,-0.2654f,2.0518f,0.5673f,0.2927f,-1.2205f,4.3202f,-0.7238f,-1.0179f,-0.5806f,-0.5813f,0f,0f,0f,1f],start_interpolation: 0,interpolation_duration: 1}
$data merge entity $(left_shoulder) {transformation: [-1.3006f,-0.6362f,0.2316f,1.0065f,-0.5742f,1.3022f,0.3529f,5.7808f,-0.3588f,0.2224f,-1.4042f,-0.3374f,0f,0f,0f,1f],start_interpolation: 0,interpolation_duration: 1}
$data merge entity $(left_arm) {transformation: [-1f,0f,0f,0.4426f,0f,0.848f,0.5299f,6.0309f,0f,0.5299f,-0.848f,-0.191f,0f,0f,0f,1f],start_interpolation: 0,interpolation_duration: 1}
$data merge entity $(chest) {transformation: [-1.2785f,0f,0f,0f,0f,1.0843f,0.6775f,4.5177f,0f,0.6775f,-1.0843f,-1.1774f,0f,0f,0f,1f],start_interpolation: 0,interpolation_duration: 1}
$data merge entity $(left_cheek) {transformation: [-0.9968f,-0.0213f,0.0766f,0.4758f,-0.0268f,0.997f,-0.0722f,3.9874f,-0.0748f,-0.074f,-0.9944f,-2.072f,0f,0f,0f,1f],start_interpolation: 0,interpolation_duration: 1}
$data merge entity $(left_foot) {transformation: [-1.0224f,0f,0f,0.6893f,0f,1.0224f,0f,0.3412f,0f,0f,-1.0224f,-1.3092f,0f,0f,0f,1f],start_interpolation: 0,interpolation_duration: 1}
$data merge entity $(left_knee) {transformation: [-3.0417f,0f,0f,0.7766f,0f,2.4132f,1.8517f,3.4593f,0f,1.8517f,-2.4132f,0.9265f,0f,0f,0f,1f],start_interpolation: 0,interpolation_duration: 1}
$data merge entity $(left_leg) {transformation: [-1.718f,0f,0f,0.7052f,0f,-0.1497f,-1.7114f,2.896f,0f,-1.7114f,0.1497f,-1.787f,0f,0f,0f,1f],start_interpolation: 0,interpolation_duration: 1}
$data merge entity $(right_cheek) {transformation: [-0.9829f,0.1027f,0.1529f,-0.3797f,0.1164f,0.9897f,0.0838f,3.9954f,-0.1427f,0.1002f,-0.9847f,-2.0844f,0f,0f,0f,1f],start_interpolation: 0,interpolation_duration: 1}
$data merge entity $(right_foot) {transformation: [-0.9751f,-0.2077f,0.2267f,0.1174f,0f,0.7538f,0.6907f,0.8476f,-0.3074f,0.6587f,-0.7189f,-4.2963f,0f,0f,0f,1f],start_interpolation: 0,interpolation_duration: 1}
$data merge entity $(right_knee) {transformation: [-2.901f,-0.9112f,-0.0797f,-1.2302f,0f,-0.2651f,3.0302f,0.6046f,-0.9147f,2.8899f,0.2528f,-0.3125f,0f,0f,0f,1f],start_interpolation: 0,interpolation_duration: 1}
$data merge entity $(right_leg) {transformation: [-1.6385f,0.2963f,0.4232f,-0.6997f,0f,1.4073f,-0.9854f,2.8881f,-0.5166f,-0.9398f,-1.3421f,-1.7572f,0f,0f,0f,1f],start_interpolation: 0,interpolation_duration: 1}
$data merge entity $(weist) {transformation: [-1.6223f,0f,0f,0f,0f,1.5671f,0.4199f,4.5129f,0f,0.4199f,-1.5671f,-1.4436f,0f,0f,0f,1f],start_interpolation: 0,interpolation_duration: 1}
data modify storage animated_java:temp entry.data merge value {"locators":{"consume":{"px":-2.4879479979,"py":2.4743943535,"pz":-1.3753615084,"ry":315.3883541757,"rx":2.3505060651}}}
# Data Manager: Prepare for Read / Write
execute store result storage animated_java:temp args.id int 1 run scoreboard players get @s aj.id
# Data Manager: Write
function animated_java:global/data_manager/write with storage animated_java:temp args
execute unless entity @s[tag=aj.transforms_only] at @s run function animated_java:female/animations/sneak/zzz/frames/20_root_function