# This file was generated by Animated Java via MC-Build. It is not recommended to edit this file directly.
$data merge entity $(neck) {transformation: [-1f,0f,0f,0f,0f,0.9997f,0.0238f,5.9575f,0f,0.0238f,-0.9997f,0.0832f,0f,0f,0f,1f],start_interpolation: 0,interpolation_duration: 1}
$data merge entity $(right_thumb_2) {transformation: [-0.9486f,0.1631f,-0.2711f,-1.8624f,0.2414f,0.927f,-0.2869f,1.9631f,0.2046f,-0.3376f,-0.9188f,0.7394f,0f,0f,0f,1f],start_interpolation: 0,interpolation_duration: 1}
$data merge entity $(right_thumb) {transformation: [-0.9486f,-0.011f,-0.3162f,-2.0021f,0.2414f,0.6209f,-0.7458f,2.2091f,0.2046f,-0.7838f,-0.5863f,0.5258f,0f,0f,0f,1f],start_interpolation: 0,interpolation_duration: 1}
$data merge entity $(right_fingers2) {transformation: [0.4003f,-0.8716f,-0.283f,-2.0166f,-0.8871f,-0.291f,-0.3583f,1.4745f,0.2299f,0.3945f,-0.8897f,0.7358f,0f,0f,0f,1f],start_interpolation: 0,interpolation_duration: 1}
$data merge entity $(right_fingers) {transformation: [-0.7225f,-0.6307f,-0.283f,-2.2188f,-0.5303f,0.7683f,-0.3583f,1.6759f,0.4435f,-0.1088f,-0.8897f,0.7107f,0f,0f,0f,1f],start_interpolation: 0,interpolation_duration: 1}
$data merge entity $(scout) {transformation: [0f,0f,0f,-2.0745f,0f,0f,0f,1.6353f,0f,0f,0f,0.5613f,0f,0f,0f,1f],start_interpolation: 0,interpolation_duration: 1}
$data merge entity $(right_hand) {transformation: [-0.9486f,0.1415f,-0.283f,-2.1397f,0.2414f,0.9018f,-0.3583f,2.2127f,0.2046f,-0.4083f,-0.8897f,0.4197f,0f,0f,0f,1f],start_interpolation: 0,interpolation_duration: 1}
$data merge entity $(right_forearm) {transformation: [-1.1653f,0.1949f,0.708f,-1.7719f,-0.1432f,1.2422f,-0.5776f,4.0683f,-0.7203f,-0.5623f,-1.0306f,-0.4347f,0f,0f,0f,1f],start_interpolation: 0,interpolation_duration: 1}
$data merge entity $(right_shoulder) {transformation: [-1.4114f,0.3954f,0.036f,-1.0065f,0.3912f,1.362f,0.3764f,5.6379f,0.0681f,0.372f,-1.4166f,0.0507f,0f,0f,0f,1f],start_interpolation: 0,interpolation_duration: 1}
$data merge entity $(right_arm) {transformation: [-1f,0f,0f,-0.4425f,0f,0.9975f,0.0702f,5.9275f,0f,0.0702f,-0.9975f,0.0626f,0f,0f,0f,1f],start_interpolation: 0,interpolation_duration: 1}
$data merge entity $(left_thumb_2) {transformation: [-0.7226f,-0.138f,0.6773f,1.7269f,-0.3809f,0.8972f,-0.2236f,2.0041f,-0.5768f,-0.4196f,-0.7009f,0.9695f,0f,0f,0f,1f],start_interpolation: 0,interpolation_duration: 1}
$data merge entity $(left_thumb) {transformation: [-0.7226f,0.2828f,0.6308f,1.9161f,-0.3809f,0.5986f,-0.7047f,2.2631f,-0.5768f,-0.7495f,-0.3248f,0.8185f,0f,0f,0f,1f],start_interpolation: 0,interpolation_duration: 1}
$data merge entity $(left_fingers2) {transformation: [0.3502f,0.5958f,0.7228f,1.928f,0.9336f,-0.1598f,-0.3207f,1.54f,-0.0755f,0.7871f,-0.6122f,1.0438f,0f,0f,0f,1f],start_interpolation: 0,interpolation_duration: 1}
$data merge entity $(left_fingers) {transformation: [-0.4581f,0.5175f,0.7228f,2.0937f,0.441f,0.8383f,-0.3207f,1.7641f,-0.7718f,0.1718f,-0.6122f,1.1101f,0f,0f,0f,1f],start_interpolation: 0,interpolation_duration: 1}
$data merge entity $(left_hand) {transformation: [-0.7086f,-0.0588f,0.7032f,2.0851f,-0.3727f,0.8774f,-0.3022f,2.2878f,-0.5992f,-0.4762f,-0.6436f,0.7862f,0f,0f,0f,1f],start_interpolation: 0,interpolation_duration: 1}
$data merge entity $(left_forearm) {transformation: [-1.2303f,-0.1213f,-0.6073f,1.8291f,0.2142f,1.184f,-0.6704f,4.0553f,0.5811f,-0.6933f,-1.0387f,-0.2715f,0f,0f,0f,1f],start_interpolation: 0,interpolation_duration: 1}
$data merge entity $(left_shoulder) {transformation: [-1.3965f,-0.4449f,-0.0408f,1.0065f,-0.4457f,1.3778f,0.2298f,5.6379f,-0.0313f,0.2313f,-1.4475f,0.0507f,0f,0f,0f,1f],start_interpolation: 0,interpolation_duration: 1}
$data merge entity $(left_arm) {transformation: [-1f,0f,0f,0.4426f,0f,0.9975f,0.0702f,5.9275f,0f,0.0702f,-0.9975f,0.0626f,0f,0f,0f,1f],start_interpolation: 0,interpolation_duration: 1}
$data merge entity $(chest) {transformation: [-1.2785f,0f,0f,0f,0f,1.2754f,0.0897f,4.1284f,0f,0.0897f,-1.2754f,-0.0987f,0f,0f,0f,1f],start_interpolation: 0,interpolation_duration: 1}
$data merge entity $(left_cheek) {transformation: [-0.9862f,-0.0374f,-0.1611f,0.3816f,-0.0535f,0.9938f,0.0973f,3.2919f,0.1564f,0.1046f,-0.9821f,-0.6394f,0f,0f,0f,1f],start_interpolation: 0,interpolation_duration: 1}
$data merge entity $(left_foot) {transformation: [-0.9125f,-0.0117f,-0.461f,0.6245f,-0.0305f,1.0213f,0.0344f,-4.6928f,0.4601f,0.0444f,-0.9119f,-0.7252f,0f,0f,0f,1f],start_interpolation: 0,interpolation_duration: 1}
$data merge entity $(left_knee) {transformation: [-2.856f,0.1523f,-1.0355f,0.8729f,-0.0415f,2.9905f,0.5542f,-0.5688f,1.0459f,0.5344f,-2.8058f,-0.1373f,0f,0f,0f,1f],start_interpolation: 0,interpolation_duration: 1}
$data merge entity $(left_leg) {transformation: [-1.613f,-0.0576f,-0.5883f,0.7171f,-0.0234f,1.7147f,-0.1038f,2.1779f,0.5907f,-0.0894f,-1.6107f,-0.2458f,0f,0f,0f,1f],start_interpolation: 0,interpolation_duration: 1}
$data merge entity $(right_cheek) {transformation: [-0.9851f,0.035f,-0.1681f,-0.4823f,0.0265f,0.9983f,0.0523f,3.2943f,0.1697f,0.0471f,-0.9844f,-0.5463f,0f,0f,0f,1f],start_interpolation: 0,interpolation_duration: 1}
$data merge entity $(right_foot) {transformation: [-1.0165f,-0.0239f,0.1072f,-0.4472f,-0.0193f,1.0212f,0.0442f,-4.7148f,-0.1081f,0.042f,-1.0158f,0.0441f,0f,0f,0f,1f],start_interpolation: 0,interpolation_duration: 1}
$data merge entity $(right_knee) {transformation: [-3.0392f,-0.1014f,0.0738f,-0.6718f,-0.0903f,3.0115f,0.4181f,-0.5323f,-0.087f,0.4156f,-3.012f,0.4936f,0f,0f,0f,1f],start_interpolation: 0,interpolation_duration: 1}
$data merge entity $(right_leg) {transformation: [-1.7165f,-0.0391f,0.059f,-0.6648f,-0.051f,1.6765f,-0.3718f,2.1666f,-0.0491f,-0.3732f,-1.6762f,-0.0532f,0f,0f,0f,1f],start_interpolation: 0,interpolation_duration: 1}
$data merge entity $(weist) {transformation: [-1.6026f,-0.007f,-0.2522f,0f,-0.0139f,1.6217f,0.0437f,3.8242f,0.2519f,0.0453f,-1.602f,-0.1759f,0f,0f,0f,1f],start_interpolation: 0,interpolation_duration: 1}
data modify storage animated_java:temp entry.data merge value {"locators":{"consume":{"px":-2.0387772133,"py":1.4947499176,"pz":0.6498734165,"ry":342.3520152705,"rx":-20.9976933433}}}
# Data Manager: Prepare for Read / Write
execute store result storage animated_java:temp args.id int 1 run scoreboard players get @s aj.id
# Data Manager: Write
function animated_java:global/data_manager/write with storage animated_java:temp args