# This file was generated by Animated Java via MC-Build. It is not recommended to edit this file directly.
$data merge entity $(neck) {transformation: [-1f,0f,0f,0f,0f,0.9994f,0.0348f,5.9717f,0f,0.0348f,-0.9994f,0.0829f,0f,0f,0f,1f],start_interpolation: 0,interpolation_duration: 1}
$data merge entity $(right_thumb_2) {transformation: [-0.9414f,0.1687f,-0.2922f,-1.8551f,0.2521f,0.9272f,-0.2771f,1.9883f,0.2242f,-0.3345f,-0.9153f,0.6296f,0f,0f,0f,1f],start_interpolation: 0,interpolation_duration: 1}
$data merge entity $(right_thumb) {transformation: [-0.9414f,-0.0192f,-0.3368f,-1.9961f,0.2521f,0.6233f,-0.7402f,2.2366f,0.2242f,-0.7817f,-0.5819f,0.4195f,0f,0f,0f,1f],start_interpolation: 0,interpolation_duration: 1}
$data merge entity $(right_fingers2) {transformation: [0.3456f,-0.8878f,-0.3039f,-2.0212f,-0.9086f,-0.2356f,-0.3449f,1.4963f,0.2346f,0.3953f,-0.8881f,0.6249f,0f,0f,0f,1f],start_interpolation: 0,interpolation_duration: 1}
$data merge entity $(right_fingers) {transformation: [-0.7355f,-0.6056f,-0.3039f,-2.2168f,-0.5076f,0.7895f,-0.3449f,1.7044f,0.4488f,-0.0994f,-0.8881f,0.6027f,0f,0f,0f,1f],start_interpolation: 0,interpolation_duration: 1}
$data merge entity $(scout) {transformation: [0f,0f,0f,-2.0758f,0f,0f,0f,1.6635f,0f,0f,0f,0.4503f,0f,0f,0f,1f],start_interpolation: 0,interpolation_duration: 1}
$data merge entity $(right_hand) {transformation: [-0.9414f,0.1466f,-0.3039f,-2.1355f,0.2521f,0.9042f,-0.3449f,2.2432f,0.2242f,-0.4013f,-0.8881f,0.3159f,0f,0f,0f,1f],start_interpolation: 0,interpolation_duration: 1}
$data merge entity $(right_forearm) {transformation: [-1.1643f,0.2019f,0.7076f,-1.7573f,-0.1325f,1.2453f,-0.5733f,4.1033f,-0.7238f,-0.5527f,-1.0333f,-0.524f,0f,0f,0f,1f],start_interpolation: 0,interpolation_duration: 1}
$data merge entity $(right_shoulder) {transformation: [-1.4153f,0.3824f,0.0246f,-1.0065f,0.3712f,1.3445f,0.4521f,5.6532f,0.0953f,0.4426f,-1.3946f,0.0413f,0f,0f,0f,1f],start_interpolation: 0,interpolation_duration: 1}
$data merge entity $(right_arm) {transformation: [-1f,0f,0f,-0.4425f,0f,0.9951f,0.0985f,5.9423f,0f,0.0985f,-0.9951f,0.0614f,0f,0f,0f,1f],start_interpolation: 0,interpolation_duration: 1}
$data merge entity $(left_thumb_2) {transformation: [-0.7121f,-0.1111f,0.6932f,1.6707f,-0.3831f,0.8889f,-0.2511f,2.0819f,-0.5883f,-0.4444f,-0.6756f,1.0225f,0f,0f,0f,1f],start_interpolation: 0,interpolation_duration: 1}
$data merge entity $(left_thumb) {transformation: [-0.7121f,0.3291f,0.6202f,1.8734f,-0.3831f,0.5581f,-0.7361f,2.3286f,-0.5883f,-0.7618f,-0.2713f,0.8685f,0f,0f,0f,1f],start_interpolation: 0,interpolation_duration: 1}
$data merge entity $(left_fingers2) {transformation: [0.3466f,0.5651f,0.7487f,1.8632f,0.9296f,-0.1004f,-0.3546f,1.6092f,-0.1252f,0.8189f,-0.5601f,1.1106f,0f,0f,0f,1f],start_interpolation: 0,interpolation_duration: 1}
$data merge entity $(left_fingers) {transformation: [-0.4081f,0.5224f,0.7487f,2.0291f,0.4193f,0.8357f,-0.3546f,1.8329f,-0.811f,0.1692f,-0.5601f,1.1776f,0f,0f,0f,1f],start_interpolation: 0,interpolation_duration: 1}
$data merge entity $(left_hand) {transformation: [-0.6905f,-0.0222f,0.723f,2.044f,-0.3725f,0.8678f,-0.329f,2.3495f,-0.6201f,-0.4965f,-0.6075f,0.8427f,0f,0f,0f,1f],start_interpolation: 0,interpolation_duration: 1}
$data merge entity $(left_forearm) {transformation: [-1.2529f,-0.0884f,-0.5653f,1.8382f,0.2375f,1.1577f,-0.7075f,4.0771f,0.5205f,-0.741f,-1.0378f,-0.2894f,0f,0f,0f,1f],start_interpolation: 0,interpolation_duration: 1}
$data merge entity $(left_shoulder) {transformation: [-1.3943f,-0.4525f,-0.0322f,1.0065f,-0.4514f,1.3738f,0.2424f,5.6532f,-0.0447f,0.2405f,-1.4457f,0.0413f,0f,0f,0f,1f],start_interpolation: 0,interpolation_duration: 1}
$data merge entity $(left_arm) {transformation: [-1f,0f,0f,0.4426f,0f,0.9951f,0.0985f,5.9423f,0f,0.0985f,-0.9951f,0.0614f,0f,0f,0f,1f],start_interpolation: 0,interpolation_duration: 1}
$data merge entity $(chest) {transformation: [-1.2785f,0f,0f,0f,0f,1.2723f,0.1259f,4.1485f,0f,0.1259f,-1.2723f,-0.1508f,0f,0f,0f,1f],start_interpolation: 0,interpolation_duration: 1}
$data merge entity $(left_cheek) {transformation: [-0.9863f,-0.0486f,-0.1579f,0.3851f,-0.0673f,0.991f,0.1154f,3.3176f,0.1509f,0.1244f,-0.9807f,-0.7263f,0f,0f,0f,1f],start_interpolation: 0,interpolation_duration: 1}
$data merge entity $(left_foot) {transformation: [-0.9235f,-0.0205f,-0.4382f,0.7184f,-0.0374f,1.0212f,0.0309f,-4.6023f,0.4371f,0.0439f,-0.9232f,-0.6739f,0f,0f,0f,1f],start_interpolation: 0,interpolation_duration: 1}
$data merge entity $(left_knee) {transformation: [-2.8747f,0.1513f,-0.9825f,0.9672f,-0.0568f,2.9764f,0.6245f,-0.5115f,0.9925f,0.6085f,-2.8101f,0.0135f,0f,0f,0f,1f],start_interpolation: 0,interpolation_duration: 1}
$data merge entity $(left_leg) {transformation: [-1.6236f,-0.1109f,-0.5504f,0.7199f,-0.0321f,1.6997f,-0.2477f,2.2092f,0.5606f,-0.2238f,-1.6084f,-0.328f,0f,0f,0f,1f],start_interpolation: 0,interpolation_duration: 1}
$data merge entity $(right_cheek) {transformation: [-0.9857f,0.0327f,-0.165f,-0.4776f,0.0237f,0.9981f,0.0562f,3.3155f,0.1666f,0.0515f,-0.9847f,-0.6285f,0f,0f,0f,1f],start_interpolation: 0,interpolation_duration: 1}
$data merge entity $(right_foot) {transformation: [-1.0154f,-0.0267f,0.116f,-0.4139f,-0.0175f,1.0189f,0.082f,-4.6258f,-0.1177f,0.0794f,-1.0125f,-0.3209f,0f,0f,0f,1f],start_interpolation: 0,interpolation_duration: 1}
$data merge entity $(right_knee) {transformation: [-3.0372f,-0.1266f,0.1064f,-0.672f,-0.1007f,2.9683f,0.6567f,-0.4937f,-0.1311f,0.6522f,-2.9681f,0.4565f,0f,0f,0f,1f],start_interpolation: 0,interpolation_duration: 1}
$data merge entity $(right_leg) {transformation: [-1.7154f,-0.0378f,0.0854f,-0.6637f,-0.0569f,1.6686f,-0.405f,2.1937f,-0.0741f,-0.4073f,-1.6673f,-0.144f,0f,0f,0f,1f],start_interpolation: 0,interpolation_duration: 1}
$data merge entity $(weist) {transformation: [-1.6046f,-0.0095f,-0.239f,0f,-0.019f,1.621f,0.0631f,3.8537f,0.2385f,0.0652f,-1.6034f,-0.2437f,0f,0f,0f,1f],start_interpolation: 0,interpolation_duration: 1}
data modify storage animated_java:temp entry.data merge value {"locators":{"consume":{"px":-2.0404131428,"py":1.5215254651,"pz":0.5366872972,"ry":341.1109935816,"rx":-20.1744569124}}}
# Data Manager: Prepare for Read / Write
execute store result storage animated_java:temp args.id int 1 run scoreboard players get @s aj.id
# Data Manager: Write
function animated_java:global/data_manager/write with storage animated_java:temp args