# This file was generated by Animated Java via MC-Build. It is not recommended to edit this file directly.
$data merge entity $(neck) {transformation: [-1f,0f,0f,0f,0f,0.9989f,0.047f,5.9861f,0f,0.047f,-0.9989f,0.08f,0f,0f,0f,1f],start_interpolation: 0,interpolation_duration: 1}
$data merge entity $(right_thumb_2) {transformation: [-0.9327f,0.175f,-0.3153f,-1.8513f,0.2636f,0.9275f,-0.265f,2.0197f,0.246f,-0.3303f,-0.9113f,0.5077f,0f,0f,0f,1f],start_interpolation: 0,interpolation_duration: 1}
$data merge entity $(right_thumb) {transformation: [-0.9327f,-0.0282f,-0.3594f,-1.9936f,0.2636f,0.627f,-0.7331f,2.2708f,0.246f,-0.7785f,-0.5774f,0.3019f,0f,0f,0f,1f],start_interpolation: 0,interpolation_duration: 1}
$data merge entity $(right_fingers2) {transformation: [0.2843f,-0.9014f,-0.3266f,-2.0308f,-0.9283f,-0.1736f,-0.3288f,1.5243f,0.2397f,0.3967f,-0.8861f,0.5017f,0f,0f,0f,1f],start_interpolation: 0,interpolation_duration: 1}
$data merge entity $(right_fingers) {transformation: [-0.7486f,-0.5769f,-0.3266f,-2.2188f,-0.4823f,0.812f,-0.3288f,1.7397f,0.4549f,-0.0886f,-0.8861f,0.4828f,0f,0f,0f,1f],start_interpolation: 0,interpolation_duration: 1}
$data merge entity $(scout) {transformation: [0f,0f,0f,-2.0814f,0f,0f,0f,1.6985f,0f,0f,0f,0.3271f,0f,0f,0f,1f],start_interpolation: 0,interpolation_duration: 1}
$data merge entity $(right_hand) {transformation: [-0.9327f,0.1526f,-0.3266f,-2.1348f,0.2636f,0.9069f,-0.3288f,2.2808f,0.246f,-0.3928f,-0.8861f,0.2011f,0f,0f,0f,1f],start_interpolation: 0,interpolation_duration: 1}
$data merge entity $(right_forearm) {transformation: [-1.1633f,0.2102f,0.7069f,-1.7441f,-0.1194f,1.2491f,-0.568f,4.1462f,-0.7278f,-0.541f,-1.0367f,-0.6211f,0f,0f,0f,1f],start_interpolation: 0,interpolation_duration: 1}
$data merge entity $(right_shoulder) {transformation: [-1.4185f,0.3708f,0.0119f,-1.0065f,0.3497f,1.3208f,0.532f,5.669f,0.1239f,0.5175f,-1.3663f,0.0289f,0f,0f,0f,1f],start_interpolation: 0,interpolation_duration: 1}
$data merge entity $(right_arm) {transformation: [-1f,0f,0f,-0.4426f,0f,0.9917f,0.1284f,5.9574f,0f,0.1284f,-0.9917f,0.0577f,0f,0f,0f,1f],start_interpolation: 0,interpolation_duration: 1}
$data merge entity $(left_thumb_2) {transformation: [-0.6996f,-0.0789f,0.7102f,1.6043f,-0.3842f,0.8795f,-0.2808f,2.1711f,-0.6025f,-0.4693f,-0.6456f,1.0743f,0f,0f,0f,1f],start_interpolation: 0,interpolation_duration: 1}
$data merge entity $(left_thumb) {transformation: [-0.6996f,0.3814f,0.6042f,1.8222f,-0.3842f,0.5123f,-0.7681f,2.4037f,-0.6025f,-0.7695f,-0.2119f,0.9191f,0f,0f,0f,1f],start_interpolation: 0,interpolation_duration: 1}
$data merge entity $(left_fingers2) {transformation: [0.3487f,0.5292f,0.7736f,1.786f,0.9199f,-0.0353f,-0.3905f,1.6888f,-0.1793f,0.8478f,-0.4991f,1.1774f,0f,0f,0f,1f],start_interpolation: 0,interpolation_duration: 1}
$data merge entity $(left_fingers) {transformation: [-0.3493f,0.5287f,0.7736f,1.9522f,0.3943f,0.8319f,-0.3905f,1.9118f,-0.85f,0.1686f,-0.4991f,1.2458f,0f,0f,0f,1f],start_interpolation: 0,interpolation_duration: 1}
$data merge entity $(left_hand) {transformation: [-0.6687f,0.0204f,0.7433f,1.9943f,-0.3716f,0.8567f,-0.3578f,2.4203f,-0.644f,-0.5155f,-0.5652f,0.901f,0f,0f,0f,1f],start_interpolation: 0,interpolation_duration: 1}
$data merge entity $(left_forearm) {transformation: [-1.274f,-0.0481f,-0.5213f,1.8499f,0.2633f,1.1266f,-0.7474f,4.1006f,0.4524f,-0.791f,-1.0328f,-0.309f,0f,0f,0f,1f],start_interpolation: 0,interpolation_duration: 1}
$data merge entity $(left_shoulder) {transformation: [-1.3912f,-0.4624f,-0.0224f,1.0065f,-0.4591f,1.369f,0.2549f,5.669f,-0.0594f,0.2489f,-1.4437f,0.0289f,0f,0f,0f,1f],start_interpolation: 0,interpolation_duration: 1}
$data merge entity $(left_arm) {transformation: [-1f,0f,0f,0.4425f,0f,0.9917f,0.1284f,5.9574f,0f,0.1284f,-0.9917f,0.0577f,0f,0f,0f,1f],start_interpolation: 0,interpolation_duration: 1}
$data merge entity $(chest) {transformation: [-1.2785f,0f,0f,0f,0f,1.268f,0.1641f,4.1707f,0f,0.1641f,-1.268f,-0.2084f,0f,0f,0f,1f],start_interpolation: 0,interpolation_duration: 1}
$data merge entity $(left_cheek) {transformation: [-0.9863f,-0.0589f,-0.1542f,0.3856f,-0.0796f,0.988f,0.1323f,3.3508f,0.1445f,0.1427f,-0.9792f,-0.8331f,0f,0f,0f,1f],start_interpolation: 0,interpolation_duration: 1}
$data merge entity $(left_foot) {transformation: [-0.9349f,-0.0291f,-0.4127f,0.8081f,-0.0439f,1.0211f,0.0275f,-4.4742f,0.4114f,0.0429f,-0.935f,-0.6158f,0f,0f,0f,1f],start_interpolation: 0,interpolation_duration: 1}
$data merge entity $(left_knee) {transformation: [-2.8941f,0.1493f,-0.9241f,1.0562f,-0.0715f,2.9588f,0.7019f,-0.4226f,0.9333f,0.6895f,-2.8117f,0.1794f,0f,0f,0f,1f],start_interpolation: 0,interpolation_duration: 1}
$data merge entity $(left_leg) {transformation: [-1.6346f,-0.1611f,-0.5036f,0.7225f,-0.0404f,1.6695f,-0.403f,2.2444f,0.5271f,-0.3716f,-1.5923f,-0.4179f,0f,0f,0f,1f],start_interpolation: 0,interpolation_duration: 1}
$data merge entity $(right_cheek) {transformation: [-0.9865f,0.0314f,-0.1608f,-0.4723f,0.022f,0.9979f,0.0602f,3.3407f,0.1624f,0.0558f,-0.9852f,-0.7184f,0f,0f,0f,1f],start_interpolation: 0,interpolation_duration: 1}
$data merge entity $(right_foot) {transformation: [-1.0142f,-0.0308f,0.1252f,-0.3748f,-0.0156f,1.0148f,0.1232f,-4.4956f,-0.128f,0.1203f,-1.0072f,-0.7149f,0f,0f,0f,1f],start_interpolation: 0,interpolation_duration: 1}
$data merge entity $(right_knee) {transformation: [-3.0344f,-0.159f,0.1385f,-0.6763f,-0.1102f,2.8992f,0.9135f,-0.4487f,-0.1798f,0.9062f,-2.898f,0.4157f,0f,0f,0f,1f],start_interpolation: 0,interpolation_duration: 1}
$data merge entity $(right_leg) {transformation: [-1.7138f,-0.0339f,0.1142f,-0.6628f,-0.0623f,1.6591f,-0.4413f,2.2248f,-0.1015f,-0.4444f,-1.6564f,-0.2435f,0f,0f,0f,1f],start_interpolation: 0,interpolation_duration: 1}
$data merge entity $(weist) {transformation: [-1.6067f,-0.012f,-0.2246f,0f,-0.0239f,1.62f,0.0846f,3.8868f,0.2236f,0.0871f,-1.6045f,-0.3179f,0f,0f,0f,1f],start_interpolation: 0,interpolation_duration: 1}
data modify storage animated_java:temp entry.data merge value {"locators":{"consume":{"px":-2.0465804151,"py":1.5549905067,"pz":0.4109877941,"ry":339.764373431,"rx":-19.1964540325}}}
# Data Manager: Prepare for Read / Write
execute store result storage animated_java:temp args.id int 1 run scoreboard players get @s aj.id
# Data Manager: Write
function animated_java:global/data_manager/write with storage animated_java:temp args
execute unless entity @s[tag=aj.transforms_only] at @s run function animated_java:female/animations/sneak/zzz/frames/5_root_function