# This file was generated by Animated Java via MC-Build. It is not recommended to edit this file directly.
$data merge entity $(neck) {transformation: [-1f,0f,0f,0f,0f,0.9982f,0.0603f,6.0001f,0f,0.0603f,-0.9982f,0.0746f,0f,0f,0f,1f],start_interpolation: 0,interpolation_duration: 1}
$data merge entity $(right_thumb_2) {transformation: [-0.9226f,0.1821f,-0.3401f,-1.8516f,0.2756f,0.928f,-0.2506f,2.0574f,0.27f,-0.325f,-0.9064f,0.3764f,0f,0f,0f,1f],start_interpolation: 0,interpolation_duration: 1}
$data merge entity $(right_thumb) {transformation: [-0.9226f,-0.0378f,-0.384f,-1.9951f,0.2756f,0.6319f,-0.7244f,2.3118f,0.27f,-0.7742f,-0.5725f,0.1755f,0f,0f,0f,1f],start_interpolation: 0,interpolation_duration: 1}
$data merge entity $(right_fingers2) {transformation: [0.2171f,-0.9108f,-0.3512f,-2.0462f,-0.9448f,-0.1056f,-0.3102f,1.559f,0.2454f,0.3991f,-0.8834f,0.3688f,0f,0f,0f,1f],start_interpolation: 0,interpolation_duration: 1}
$data merge entity $(right_fingers) {transformation: [-0.7615f,-0.5448f,-0.3512f,-2.2255f,-0.4544f,0.8351f,-0.3102f,1.7819f,0.4622f,-0.0766f,-0.8834f,0.3536f,0f,0f,0f,1f],start_interpolation: 0,interpolation_duration: 1}
$data merge entity $(scout) {transformation: [0f,0f,0f,-2.0923f,0f,0f,0f,1.7408f,0f,0f,0f,0.1943f,0f,0f,0f,1f],start_interpolation: 0,interpolation_duration: 1}
$data merge entity $(right_hand) {transformation: [-0.9226f,0.1598f,-0.3512f,-2.1383f,0.2756f,0.9099f,-0.3102f,2.3257f,0.27f,-0.3829f,-0.8834f,0.078f,0f,0f,0f,1f],start_interpolation: 0,interpolation_duration: 1}
$data merge entity $(right_forearm) {transformation: [-1.1623f,0.22f,0.7055f,-1.7329f,-0.1038f,1.2532f,-0.562f,4.1968f,-0.7317f,-0.5274f,-1.041f,-0.7238f,0f,0f,0f,1f],start_interpolation: 0,interpolation_duration: 1}
$data merge entity $(right_shoulder) {transformation: [-1.4212f,0.3608f,-0.0021f,-1.0065f,0.3267f,1.2906f,0.6143f,5.6848f,0.153f,0.5949f,-1.3313f,0.0135f,0f,0f,0f,1f],start_interpolation: 0,interpolation_duration: 1}
$data merge entity $(right_arm) {transformation: [-1f,0f,0f,-0.4425f,0f,0.9872f,0.1594f,5.9721f,0f,0.1594f,-0.9872f,0.0514f,0f,0f,0f,1f],start_interpolation: 0,interpolation_duration: 1}
$data merge entity $(left_thumb_2) {transformation: [-0.6845f,-0.0414f,0.7278f,1.5283f,-0.3843f,0.8689f,-0.312f,2.271f,-0.6195f,-0.4933f,-0.6107f,1.1224f,0f,0f,0f,1f],start_interpolation: 0,interpolation_duration: 1}
$data merge entity $(left_thumb) {transformation: [-0.6845f,0.4386f,0.5823f,1.7626f,-0.3843f,0.4617f,-0.7995f,2.4878f,-0.6195f,-0.771f,-0.1475f,0.9683f,0f,0f,0f,1f],start_interpolation: 0,interpolation_duration: 1}
$data merge entity $(left_fingers2) {transformation: [0.3574f,0.4887f,0.7959f,1.6966f,0.9036f,0.0345f,-0.427f,1.7785f,-0.2361f,0.8718f,-0.4292f,1.2416f,0f,0f,0f,1f],start_interpolation: 0,interpolation_duration: 1}
$data merge entity $(left_fingers) {transformation: [-0.2821f,0.5357f,0.7959f,1.8631f,0.3657f,0.827f,-0.427f,2.0007f,-0.8869f,0.1706f,-0.4292f,1.3121f,0f,0f,0f,1f],start_interpolation: 0,interpolation_duration: 1}
$data merge entity $(left_hand) {transformation: [-0.6424f,0.0686f,0.7633f,1.9357f,-0.3707f,0.8439f,-0.3878f,2.5f,-0.6707f,-0.5321f,-0.5167f,0.9591f,0f,0f,0f,1f],start_interpolation: 0,interpolation_duration: 1}
$data merge entity $(left_forearm) {transformation: [-1.2923f,-0.0004f,-0.4765f,1.864f,0.2909f,1.0903f,-0.7898f,4.1253f,0.3774f,-0.8417f,-1.0229f,-0.33f,0f,0f,0f,1f],start_interpolation: 0,interpolation_duration: 1}
$data merge entity $(left_shoulder) {transformation: [-1.3874f,-0.4743f,-0.0115f,1.0065f,-0.4684f,1.3635f,0.2669f,5.6848f,-0.0756f,0.2562f,-1.4417f,0.0135f,0f,0f,0f,1f],start_interpolation: 0,interpolation_duration: 1}
$data merge entity $(left_arm) {transformation: [-1f,0f,0f,0.4426f,0f,0.9872f,0.1594f,5.9721f,0f,0.1594f,-0.9872f,0.0514f,0f,0f,0f,1f],start_interpolation: 0,interpolation_duration: 1}
$data merge entity $(chest) {transformation: [-1.2785f,0f,0f,0f,0f,1.2622f,0.2039f,4.1947f,0f,0.2039f,-1.2622f,-0.2707f,0f,0f,0f,1f],start_interpolation: 0,interpolation_duration: 1}
$data merge entity $(left_cheek) {transformation: [-0.9864f,-0.0679f,-0.1494f,0.3887f,-0.0899f,0.9852f,0.1457f,3.3812f,0.1373f,0.1572f,-0.978f,-0.9159f,0f,0f,0f,1f],start_interpolation: 0,interpolation_duration: 1}
$data merge entity $(left_foot) {transformation: [-0.9465f,-0.0369f,-0.3848f,0.8878f,-0.0497f,1.0209f,0.0244f,-4.3041f,0.3834f,0.0413f,-0.9469f,-0.5546f,0f,0f,0f,1f],start_interpolation: 0,interpolation_duration: 1}
$data merge entity $(left_knee) {transformation: [-2.9137f,0.1461f,-0.861f,1.1338f,-0.0847f,2.9374f,0.7852f,-0.2975f,0.8692f,0.7761f,-2.8097f,0.355f,0f,0f,0f,1f],start_interpolation: 0,interpolation_duration: 1}
$data merge entity $(left_leg) {transformation: [-1.6456f,-0.205f,-0.4487f,0.7248f,-0.0479f,1.6216f,-0.5653f,2.2831f,0.4909f,-0.529f,-1.559f,-0.5141f,0f,0f,0f,1f],start_interpolation: 0,interpolation_duration: 1}
$data merge entity $(right_cheek) {transformation: [-0.9874f,0.0315f,-0.1548f,-0.4665f,0.0218f,0.9977f,0.0637f,3.3701f,0.1565f,0.0596f,-0.9859f,-0.8146f,0f,0f,0f,1f],start_interpolation: 0,interpolation_duration: 1}
$data merge entity $(right_foot) {transformation: [-1.0128f,-0.0363f,0.1346f,-0.3304f,-0.0139f,1.0085f,0.1672f,-4.3185f,-0.1387f,0.1638f,-0.9996f,-1.1272f,0f,0f,0f,1f],start_interpolation: 0,interpolation_duration: 1}
$data merge entity $(right_knee) {transformation: [-3.0306f,-0.1988f,0.1684f,-0.6857f,-0.1181f,2.8005f,1.1812f,-0.3976f,-0.2322f,1.1703f,-2.798f,0.3714f,0f,0f,0f,1f],start_interpolation: 0,interpolation_duration: 1}
$data merge entity $(right_leg) {transformation: [-1.7116f,-0.0272f,0.1446f,-0.6622f,-0.0667f,1.6482f,-0.48f,2.2598f,-0.1312f,-0.4838f,-1.6432f,-0.3501f,0f,0f,0f,1f],start_interpolation: 0,interpolation_duration: 1}
$data merge entity $(weist) {transformation: [-1.6088f,-0.0141f,-0.209f,0f,-0.0282f,1.6185f,0.1077f,3.9234f,0.2076f,0.1104f,-1.6052f,-0.3974f,0f,0f,0f,1f],start_interpolation: 0,interpolation_duration: 1}
data modify storage animated_java:temp entry.data merge value {"locators":{"consume":{"px":-2.058093389,"py":1.5954311444,"pz":0.2754148887,"ry":338.3216796609,"rx":-18.0687377349}}}
# Data Manager: Prepare for Read / Write
execute store result storage animated_java:temp args.id int 1 run scoreboard players get @s aj.id
# Data Manager: Write
function animated_java:global/data_manager/write with storage animated_java:temp args