# This file was generated by Animated Java via MC-Build. It is not recommended to edit this file directly.
$data merge entity $(neck) {transformation: [-1f,0f,0f,0f,0f,0.9972f,0.0746f,6.0133f,0f,0.0746f,-0.9972f,0.0665f,0f,0f,0f,1f],start_interpolation: 0,interpolation_duration: 1}
$data merge entity $(right_thumb_2) {transformation: [-0.9107f,0.1902f,-0.3666f,-1.8566f,0.2881f,0.9285f,-0.234f,2.1014f,0.2959f,-0.3188f,-0.9005f,0.2383f,0f,0f,0f,1f],start_interpolation: 0,interpolation_duration: 1}
$data merge entity $(right_thumb) {transformation: [-0.9107f,-0.0479f,-0.4102f,-2.0012f,0.2881f,0.6379f,-0.7141f,2.3595f,0.2959f,-0.7686f,-0.5672f,0.0428f,0f,0f,0f,1f],start_interpolation: 0,interpolation_duration: 1}
$data merge entity $(right_fingers2) {transformation: [0.1451f,-0.9147f,-0.3773f,-2.0677f,-0.9568f,-0.0326f,-0.289f,1.6006f,0.2521f,0.4029f,-0.8798f,0.229f,0f,0f,0f,1f],start_interpolation: 0,interpolation_duration: 1}
$data merge entity $(right_fingers) {transformation: [-0.7735f,-0.5093f,-0.3773f,-2.2374f,-0.4241f,0.8583f,-0.289f,1.8311f,0.471f,-0.0636f,-0.8798f,0.2178f,0f,0f,0f,1f],start_interpolation: 0,interpolation_duration: 1}
$data merge entity $(scout) {transformation: [0f,0f,0f,-2.1087f,0f,0f,0f,1.7901f,0f,0f,0f,0.0548f,0f,0f,0f,1f],start_interpolation: 0,interpolation_duration: 1}
$data merge entity $(right_hand) {transformation: [-0.9107f,0.168f,-0.3773f,-2.1463f,0.2881f,0.9129f,-0.289f,2.3776f,0.2959f,-0.3719f,-0.8798f,-0.0511f,0f,0f,0f,1f],start_interpolation: 0,interpolation_duration: 1}
$data merge entity $(right_forearm) {transformation: [-1.1616f,0.2314f,0.7031f,-1.724f,-0.0857f,1.2574f,-0.5556f,4.2546f,-0.7352f,-0.5123f,-1.046f,-0.8301f,0f,0f,0f,1f],start_interpolation: 0,interpolation_duration: 1}
$data merge entity $(right_shoulder) {transformation: [-1.4231f,0.3527f,-0.0171f,-1.0065f,0.3025f,1.254f,0.6971f,5.7001f,0.1823f,0.673f,-1.2898f,-0.0047f,0f,0f,0f,1f],start_interpolation: 0,interpolation_duration: 1}
$data merge entity $(right_arm) {transformation: [-1f,0f,0f,-0.4425f,0f,0.9815f,0.1912f,5.986f,0f,0.1912f,-0.9815f,0.0424f,0f,0f,0f,1f],start_interpolation: 0,interpolation_duration: 1}
$data merge entity $(left_thumb_2) {transformation: [-0.6661f,0.0007f,0.7459f,1.4432f,-0.3841f,0.8569f,-0.3438f,2.3807f,-0.6394f,-0.5155f,-0.5705f,1.1643f,0f,0f,0f,1f],start_interpolation: 0,interpolation_duration: 1}
$data merge entity $(left_thumb) {transformation: [-0.6661f,0.4994f,0.554f,1.6948f,-0.3841f,0.4071f,-0.8287f,2.5803f,-0.6394f,-0.7648f,-0.0794f,1.0142f,0f,0f,0f,1f],start_interpolation: 0,interpolation_duration: 1}
$data merge entity $(left_fingers2) {transformation: [0.3736f,0.4445f,0.8142f,1.5959f,0.8799f,0.1081f,-0.4628f,1.8777f,-0.2937f,0.8893f,-0.3507f,1.3004f,0f,0f,0f,1f],start_interpolation: 0,interpolation_duration: 1}
$data merge entity $(left_fingers) {transformation: [-0.2068f,0.5426f,0.8142f,1.7623f,0.3332f,0.8215f,-0.4628f,2.099f,-0.9199f,0.1756f,-0.3507f,1.3738f,0f,0f,0f,1f],start_interpolation: 0,interpolation_duration: 1}
$data merge entity $(left_hand) {transformation: [-0.6109f,0.1214f,0.7823f,1.8684f,-0.3704f,0.8295f,-0.418f,2.5882f,-0.6997f,-0.5452f,-0.4618f,1.0151f,0f,0f,0f,1f],start_interpolation: 0,interpolation_duration: 1}
$data merge entity $(left_forearm) {transformation: [-1.3066f,0.0544f,-0.4323f,1.8802f,0.3195f,1.0487f,-0.8339f,4.1504f,0.2962f,-0.8913f,-1.0074f,-0.3516f,0f,0f,0f,1f],start_interpolation: 0,interpolation_duration: 1}
$data merge entity $(left_shoulder) {transformation: [-1.3826f,-0.488f,0.0008f,1.0065f,-0.479f,1.3576f,0.2781f,5.7001f,-0.0933f,0.262f,-1.4396f,-0.0047f,0f,0f,0f,1f],start_interpolation: 0,interpolation_duration: 1}
$data merge entity $(left_arm) {transformation: [-1f,0f,0f,0.4426f,0f,0.9815f,0.1912f,5.986f,0f,0.1912f,-0.9815f,0.0424f,0f,0f,0f,1f],start_interpolation: 0,interpolation_duration: 1}
$data merge entity $(chest) {transformation: [-1.2785f,0f,0f,0f,0f,1.2549f,0.2445f,4.22f,0f,0.2445f,-1.2549f,-0.337f,0f,0f,0f,1f],start_interpolation: 0,interpolation_duration: 1}
$data merge entity $(left_cheek) {transformation: [-0.9868f,-0.0758f,-0.1428f,0.3899f,-0.0978f,0.9833f,0.1536f,3.4289f,0.1287f,0.1656f,-0.9778f,-0.9955f,0f,0f,0f,1f],start_interpolation: 0,interpolation_duration: 1}
$data merge entity $(left_foot) {transformation: [-0.9578f,-0.0436f,-0.355f,0.9528f,-0.0545f,1.0207f,0.0216f,-4.0893f,0.3535f,0.0391f,-0.9585f,-0.4948f,0f,0f,0f,1f],start_interpolation: 0,interpolation_duration: 1}
$data merge entity $(left_knee) {transformation: [-2.9328f,0.1416f,-0.7942f,1.195f,-0.0958f,2.9121f,0.8732f,-0.1338f,0.801f,0.867f,-2.8034f,0.5337f,0f,0f,0f,1f],start_interpolation: 0,interpolation_duration: 1}
$data merge entity $(left_leg) {transformation: [-1.6564f,-0.2397f,-0.3875f,0.7267f,-0.0541f,1.5542f,-0.7301f,2.3249f,0.4524f,-0.6917f,-1.5061f,-0.6154f,0f,0f,0f,1f],start_interpolation: 0,interpolation_duration: 1}
$data merge entity $(right_cheek) {transformation: [-0.9887f,0.0329f,-0.1465f,-0.4603f,0.0233f,0.9975f,0.0666f,3.4037f,0.1483f,0.0625f,-0.987f,-0.9158f,0f,0f,0f,1f],start_interpolation: 0,interpolation_duration: 1}
$data merge entity $(right_foot) {transformation: [-1.0112f,-0.0433f,0.1441f,-0.2815f,-0.0124f,0.9998f,0.2132f,-4.0912f,-0.15f,0.2091f,-0.9894f,-1.5468f,0f,0f,0f,1f],start_interpolation: 0,interpolation_duration: 1}
$data merge entity $(right_knee) {transformation: [-3.0256f,-0.2459f,0.194f,-0.7008f,-0.1239f,2.6698f,1.4522f,-0.3402f,-0.2877f,1.4366f,-2.6657f,0.3241f,0f,0f,0f,1f],start_interpolation: 0,interpolation_duration: 1}
$data merge entity $(right_leg) {transformation: [-1.7088f,-0.0171f,0.1761f,-0.6622f,-0.07f,1.6357f,-0.5205f,2.2984f,-0.1625f,-0.5249f,-1.6277f,-0.4624f,0f,0f,0f,1f],start_interpolation: 0,interpolation_duration: 1}
$data merge entity $(weist) {transformation: [-1.6108f,-0.016f,-0.1926f,0f,-0.0318f,1.6166f,0.1321f,3.9631f,0.1906f,0.1349f,-1.6054f,-0.4811f,0f,0f,0f,1f],start_interpolation: 0,interpolation_duration: 1}
data modify storage animated_java:temp entry.data merge value {"locators":{"consume":{"px":-2.07540669,"py":1.6428706983,"pz":0.1327234395,"ry":336.7902593389,"rx":-16.7996063317}}}
# Data Manager: Prepare for Read / Write
execute store result storage animated_java:temp args.id int 1 run scoreboard players get @s aj.id
# Data Manager: Write
function animated_java:global/data_manager/write with storage animated_java:temp args