# This file was generated by Animated Java via MC-Build. It is not recommended to edit this file directly.
$data merge entity $(neck) {transformation: [-1f,0f,0f,0f,0f,0.996f,0.0896f,6.0253f,0f,0.0896f,-0.996f,0.0558f,0f,0f,0f,1f],start_interpolation: 0,interpolation_duration: 1}
$data merge entity $(right_thumb_2) {transformation: [-0.8971f,0.1991f,-0.3945f,-1.8664f,0.3009f,0.929f,-0.2153f,2.1515f,0.3236f,-0.3119f,-0.8933f,0.0957f,0f,0f,0f,1f],start_interpolation: 0,interpolation_duration: 1}
$data merge entity $(right_thumb) {transformation: [-0.8971f,-0.0584f,-0.438f,-2.0121f,0.3009f,0.6451f,-0.7023f,2.4135f,0.3236f,-0.7618f,-0.5612f,-0.0935f,0f,0f,0f,1f],start_interpolation: 0,interpolation_duration: 1}
$data merge entity $(right_fingers2) {transformation: [0.0698f,-0.9118f,-0.4047f,-2.0953f,-0.9631f,0.0442f,-0.2656f,1.6489f,0.26f,0.4083f,-0.875f,0.085f,0f,0f,0f,1f],start_interpolation: 0,interpolation_duration: 1}
$data merge entity $(right_fingers) {transformation: [-0.784f,-0.4707f,-0.4047f,-2.2545f,-0.3917f,0.8809f,-0.2656f,1.8869f,0.4815f,-0.0497f,-0.875f,0.078f,0f,0f,0f,1f],start_interpolation: 0,interpolation_duration: 1}
$data merge entity $(scout) {transformation: [0f,0f,0f,-2.1308f,0f,0f,0f,1.8463f,0f,0f,0f,-0.0888f,0f,0f,0f,1f],start_interpolation: 0,interpolation_duration: 1}
$data merge entity $(right_hand) {transformation: [-0.8971f,0.1773f,-0.4047f,-2.159f,0.3009f,0.9159f,-0.2656f,2.4362f,0.3236f,-0.36f,-0.875f,-0.1834f,0f,0f,0f,1f],start_interpolation: 0,interpolation_duration: 1}
$data merge entity $(right_forearm) {transformation: [-1.1612f,0.2443f,0.6993f,-1.7174f,-0.0652f,1.2616f,-0.5489f,4.3189f,-0.7378f,-0.4959f,-1.0521f,-0.9378f,0f,0f,0f,1f],start_interpolation: 0,interpolation_duration: 1}
$data merge entity $(right_shoulder) {transformation: [-1.4243f,0.3468f,-0.0328f,-1.0065f,0.2769f,1.2111f,0.7787f,5.7146f,0.2113f,0.7502f,-1.2419f,-0.0257f,0f,0f,0f,1f],start_interpolation: 0,interpolation_duration: 1}
$data merge entity $(right_arm) {transformation: [-1f,0f,0f,-0.4425f,0f,0.9747f,0.2234f,5.9988f,0f,0.2234f,-0.9747f,0.0308f,0f,0f,0f,1f],start_interpolation: 0,interpolation_duration: 1}
$data merge entity $(left_thumb_2) {transformation: [-0.6437f,0.0467f,0.7639f,1.3502f,-0.3843f,0.8434f,-0.3754f,2.4991f,-0.6618f,-0.5352f,-0.5249f,1.1974f,0f,0f,0f,1f],start_interpolation: 0,interpolation_duration: 1}
$data merge entity $(left_thumb) {transformation: [-0.6437f,0.5623f,0.5192f,1.6192f,-0.3843f,0.3492f,-0.8546f,2.6805f,-0.6618f,-0.7496f,-0.0087f,1.0545f,0f,0f,0f,1f],start_interpolation: 0,interpolation_duration: 1}
$data merge entity $(left_fingers2) {transformation: [0.3976f,0.3977f,0.8269f,1.4849f,0.8482f,0.1843f,-0.4965f,1.9857f,-0.3499f,0.8988f,-0.264f,1.351f,0f,0f,0f,1f],start_interpolation: 0,interpolation_duration: 1}
$data merge entity $(left_fingers) {transformation: [-0.1243f,0.5484f,0.8269f,1.6508f,0.2966f,0.8158f,-0.4965f,2.2062f,-0.9469f,0.1836f,-0.264f,1.4281f,0f,0f,0f,1f],start_interpolation: 0,interpolation_duration: 1}
$data merge entity $(left_hand) {transformation: [-0.5736f,0.1778f,0.7996f,1.7925f,-0.3716f,0.8135f,-0.4475f,2.6842f,-0.73f,-0.5538f,-0.4005f,1.0666f,0f,0f,0f,1f],start_interpolation: 0,interpolation_duration: 1}
$data merge entity $(left_forearm) {transformation: [-1.316f,0.1157f,-0.3897f,1.8979f,0.3484f,1.0017f,-0.8789f,4.1752f,0.2096f,-0.9383f,-0.9863f,-0.3736f,0f,0f,0f,1f],start_interpolation: 0,interpolation_duration: 1}
$data merge entity $(left_shoulder) {transformation: [-1.3772f,-0.503f,0.0146f,1.0065f,-0.4905f,1.3513f,0.2884f,5.7146f,-0.1124f,0.266f,-1.4375f,-0.0257f,0f,0f,0f,1f],start_interpolation: 0,interpolation_duration: 1}
$data merge entity $(left_arm) {transformation: [-1f,0f,0f,0.4426f,0f,0.9747f,0.2234f,5.9988f,0f,0.2234f,-0.9747f,0.0308f,0f,0f,0f,1f],start_interpolation: 0,interpolation_duration: 1}
$data merge entity $(chest) {transformation: [-1.2785f,0f,0f,0f,0f,1.2462f,0.2856f,4.2462f,0f,0.2856f,-1.2462f,-0.4064f,0f,0f,0f,1f],start_interpolation: 0,interpolation_duration: 1}
$data merge entity $(left_cheek) {transformation: [-0.9876f,-0.0826f,-0.1337f,0.3885f,-0.103f,0.9827f,0.1538f,3.4881f,0.1187f,0.1656f,-0.979f,-1.0816f,0f,0f,0f,1f],start_interpolation: 0,interpolation_duration: 1}
$data merge entity $(left_foot) {transformation: [-0.9686f,-0.0489f,-0.3236f,0.9993f,-0.0579f,1.0206f,0.019f,-3.8295f,0.3221f,0.0364f,-0.9696f,-0.442f,0f,0f,0f,1f],start_interpolation: 0,interpolation_duration: 1}
$data merge entity $(left_knee) {transformation: [-2.9511f,0.1358f,-0.7244f,1.2359f,-0.1042f,2.8829f,0.9645f,0.0692f,0.7297f,0.9606f,-2.7923f,0.7078f,0f,0f,0f,1f],start_interpolation: 0,interpolation_duration: 1}
$data merge entity $(left_leg) {transformation: [-1.6668f,-0.2631f,-0.3226f,0.728f,-0.0588f,1.4667f,-0.8925f,2.3695f,0.4121f,-0.8549f,-1.432f,-0.7202f,0f,0f,0f,1f],start_interpolation: 0,interpolation_duration: 1}
$data merge entity $(right_cheek) {transformation: [-0.9902f,0.0358f,-0.1352f,-0.4537f,0.0267f,0.9973f,0.0685f,3.4415f,0.1373f,0.0642f,-0.9884f,-1.0205f,0f,0f,0f,1f],start_interpolation: 0,interpolation_duration: 1}
$data merge entity $(right_foot) {transformation: [-1.0094f,-0.0519f,0.1535f,-0.2295f,-0.0112f,0.9886f,0.2605f,-3.8128f,-0.1616f,0.2555f,-0.9766f,-1.9621f,0f,0f,0f,1f],start_interpolation: 0,interpolation_duration: 1}
$data merge entity $(right_knee) {transformation: [-3.0194f,-0.2996f,0.2137f,-0.722f,-0.1271f,2.5066f,1.7185f,-0.2771f,-0.3453f,1.6969f,-2.5007f,0.2742f,0f,0f,0f,1f],start_interpolation: 0,interpolation_duration: 1}
$data merge entity $(right_leg) {transformation: [-1.7053f,-0.0034f,0.2078f,-0.6627f,-0.0718f,1.6217f,-0.5624f,2.3405f,-0.195f,-0.5669f,-1.6099f,-0.5788f,0f,0f,0f,1f],start_interpolation: 0,interpolation_duration: 1}
$data merge entity $(weist) {transformation: [-1.6127f,-0.0173f,-0.1755f,0f,-0.0345f,1.6143f,0.1576f,4.0054f,0.1729f,0.1604f,-1.6051f,-0.5678f,0f,0f,0f,1f],start_interpolation: 0,interpolation_duration: 1}
data modify storage animated_java:temp entry.data merge value {"locators":{"consume":{"px":-2.0985671948,"py":1.697051219,"pz":-0.0143003784,"ry":335.1766959336,"rx":-15.4012489509}}}
# Data Manager: Prepare for Read / Write
execute store result storage animated_java:temp args.id int 1 run scoreboard players get @s aj.id
# Data Manager: Write
function animated_java:global/data_manager/write with storage animated_java:temp args