# This file was generated by Animated Java via MC-Build. It is not recommended to edit this file directly.
$data merge entity $(neck) {transformation: [-1f,0f,0f,0f,0f,0.9945f,0.1052f,6.0357f,0f,0.1052f,-0.9945f,0.0425f,0f,0f,0f,1f],start_interpolation: 0,interpolation_duration: 1}
$data merge entity $(right_thumb_2) {transformation: [-0.8815f,0.2086f,-0.4236f,-1.8808f,0.3135f,0.9294f,-0.1947f,2.2069f,0.3531f,-0.3044f,-0.8847f,-0.0486f,0f,0f,0f,1f],start_interpolation: 0,interpolation_duration: 1}
$data merge entity $(right_thumb) {transformation: [-0.8815f,-0.0695f,-0.4671f,-2.0273f,0.3135f,0.6534f,-0.689f,2.4733f,0.3531f,-0.7538f,-0.5542f,-0.231f,0f,0f,0f,1f],start_interpolation: 0,interpolation_duration: 1}
$data merge entity $(right_fingers2) {transformation: [-0.0073f,-0.9012f,-0.4333f,-2.1287f,-0.9629f,0.1232f,-0.2401f,1.7034f,0.2697f,0.4155f,-0.8687f,-0.0604f,0f,0f,0f,1f],start_interpolation: 0,interpolation_duration: 1}
$data merge entity $(right_fingers) {transformation: [-0.7924f,-0.4293f,-0.4333f,-2.2765f,-0.3577f,0.9025f,-0.2401f,1.9488f,0.4941f,-0.0352f,-0.8687f,-0.0629f,0f,0f,0f,1f],start_interpolation: 0,interpolation_duration: 1}
$data merge entity $(scout) {transformation: [0f,0f,0f,-2.1581f,0f,0f,0f,1.9088f,0f,0f,0f,-0.2337f,0f,0f,0f,1f],start_interpolation: 0,interpolation_duration: 1}
$data merge entity $(right_hand) {transformation: [-0.8815f,0.1876f,-0.4333f,-2.1761f,0.3135f,0.9187f,-0.2401f,2.5009f,0.3531f,-0.3475f,-0.8687f,-0.3165f,0f,0f,0f,1f],start_interpolation: 0,interpolation_duration: 1}
$data merge entity $(right_forearm) {transformation: [-1.1614f,0.2584f,0.6939f,-1.7133f,-0.0424f,1.2654f,-0.5423f,4.3886f,-0.7392f,-0.4786f,-1.0591f,-1.0451f,0f,0f,0f,1f],start_interpolation: 0,interpolation_duration: 1}
$data merge entity $(right_shoulder) {transformation: [-1.4247f,0.3429f,-0.0491f,-1.0065f,0.2503f,1.1625f,0.8577f,5.7279f,0.2395f,0.8251f,-1.1881f,-0.0492f,0f,0f,0f,1f],start_interpolation: 0,interpolation_duration: 1}
$data merge entity $(right_arm) {transformation: [-1f,0f,0f,-0.4425f,0f,0.9668f,0.2556f,6.0101f,0f,0.2556f,-0.9668f,0.0167f,0f,0f,0f,1f],start_interpolation: 0,interpolation_duration: 1}
$data merge entity $(left_thumb_2) {transformation: [-0.6167f,0.0959f,0.7814f,1.2507f,-0.3857f,0.8285f,-0.4061f,2.6246f,-0.6863f,-0.5518f,-0.4739f,1.2196f,0f,0f,0f,1f],start_interpolation: 0,interpolation_duration: 1}
$data merge entity $(left_thumb) {transformation: [-0.6167f,0.6256f,0.4779f,1.5366f,-0.3857f,0.2891f,-0.8762f,2.7871f,-0.6863f,-0.7246f,0.063f,1.0873f,0f,0f,0f,1f],start_interpolation: 0,interpolation_duration: 1}
$data merge entity $(left_fingers2) {transformation: [0.4292f,0.3497f,0.8328f,1.3655f,0.8086f,0.262f,-0.5268f,2.1012f,-0.4024f,0.8995f,-0.1703f,1.391f,0f,0f,0f,1f],start_interpolation: 0,interpolation_duration: 1}
$data merge entity $(left_fingers) {transformation: [-0.0357f,0.5525f,0.8328f,1.5301f,0.2559f,0.8106f,-0.5268f,2.3211f,-0.966f,0.1943f,-0.1703f,1.4724f,0f,0f,0f,1f],start_interpolation: 0,interpolation_duration: 1}
$data merge entity $(left_hand) {transformation: [-0.5299f,0.2366f,0.8144f,1.7087f,-0.3751f,0.7959f,-0.4752f,2.787f,-0.7606f,-0.5573f,-0.333f,1.1116f,0f,0f,0f,1f],start_interpolation: 0,interpolation_duration: 1}
$data merge entity $(left_forearm) {transformation: [-1.3195f,0.1829f,-0.3501f,1.9165f,0.3767f,0.9496f,-0.9238f,4.1991f,0.1187f,-0.9808f,-0.9597f,-0.3954f,0f,0f,0f,1f],start_interpolation: 0,interpolation_duration: 1}
$data merge entity $(left_shoulder) {transformation: [-1.371f,-0.519f,0.03f,1.0065f,-0.5026f,1.3448f,0.2977f,5.7279f,-0.1329f,0.2681f,-1.4354f,-0.0492f,0f,0f,0f,1f],start_interpolation: 0,interpolation_duration: 1}
$data merge entity $(left_arm) {transformation: [-1f,0f,0f,0.4426f,0f,0.9668f,0.2556f,6.0101f,0f,0.2556f,-0.9668f,0.0167f,0f,0f,0f,1f],start_interpolation: 0,interpolation_duration: 1}
$data merge entity $(chest) {transformation: [-1.2785f,0f,0f,0f,0f,1.2361f,0.3268f,4.2729f,0f,0.3268f,-1.2361f,-0.4783f,0f,0f,0f,1f],start_interpolation: 0,interpolation_duration: 1}
$data merge entity $(left_cheek) {transformation: [-0.9886f,-0.0884f,-0.1218f,0.3858f,-0.1058f,0.9839f,0.144f,3.549f,0.1071f,0.1553f,-0.982f,-1.1803f,0f,0f,0f,1f],start_interpolation: 0,interpolation_duration: 1}
$data merge entity $(left_foot) {transformation: [-0.9787f,-0.0524f,-0.2911f,1.0254f,-0.0597f,1.0205f,0.0169f,-3.5271f,0.2897f,0.0331f,-0.9799f,-0.4024f,0f,0f,0f,1f],start_interpolation: 0,interpolation_duration: 1}
$data merge entity $(left_knee) {transformation: [-2.9681f,0.1284f,-0.6527f,1.2547f,-0.1093f,2.8498f,1.0578f,0.3097f,0.6562f,1.0557f,-2.7762f,0.8693f,0f,0f,0f,1f],start_interpolation: 0,interpolation_duration: 1}
$data merge entity $(left_leg) {transformation: [-1.6764f,-0.2741f,-0.2569f,0.7287f,-0.0618f,1.3599f,-1.048f,2.4163f,0.3706f,-1.0134f,-1.3368f,-0.8274f,0f,0f,0f,1f],start_interpolation: 0,interpolation_duration: 1}
$data merge entity $(right_cheek) {transformation: [-0.9919f,0.0401f,-0.1204f,-0.4468f,0.0319f,0.9971f,0.069f,3.4832f,0.1228f,0.0646f,-0.9903f,-1.1274f,0f,0f,0f,1f],start_interpolation: 0,interpolation_duration: 1}
$data merge entity $(right_foot) {transformation: [-1.0074f,-0.062f,0.1626f,-0.1759f,-0.0103f,0.9747f,0.3082f,-3.4854f,-0.1737f,0.3021f,-0.9611f,-2.362f,0f,0f,0f,1f],start_interpolation: 0,interpolation_duration: 1}
$data merge entity $(right_knee) {transformation: [-3.0121f,-0.3587f,0.2259f,-0.7496f,-0.1274f,2.312f,1.9724f,-0.2085f,-0.4043f,1.9437f,-2.3045f,0.2222f,0f,0f,0f,1f],start_interpolation: 0,interpolation_duration: 1}
$data merge entity $(right_leg) {transformation: [-1.7012f,0.0138f,0.239f,-0.6637f,-0.072f,1.6063f,-0.6051f,2.3856f,-0.2284f,-0.6092f,-1.59f,-0.6977f,0f,0f,0f,1f],start_interpolation: 0,interpolation_duration: 1}
$data merge entity $(weist) {transformation: [-1.6145f,-0.0182f,-0.1579f,0f,-0.0361f,1.6115f,0.1837f,4.0501f,0.1548f,0.1863f,-1.6041f,-0.6563f,0f,0f,0f,1f],start_interpolation: 0,interpolation_duration: 1}
data modify storage animated_java:temp entry.data merge value {"locators":{"consume":{"px":-2.1272078354,"py":1.7574308679,"pz":-0.1629266084,"ry":333.4882636448,"rx":-13.8902167893}}}
# Data Manager: Prepare for Read / Write
execute store result storage animated_java:temp args.id int 1 run scoreboard players get @s aj.id
# Data Manager: Write
function animated_java:global/data_manager/write with storage animated_java:temp args