# This file was generated by Animated Java via MC-Build. It is not recommended to edit this file directly.
$data merge entity $(neck) {transformation: [-0.9763f,-0.0672f,0.2056f,0.1834f,0.0003f,0.9501f,0.3121f,6.0853f,-0.2163f,0.3048f,-0.9275f,-0.2013f,0f,0f,0f,1f],start_interpolation: 0,interpolation_duration: 1}
$data merge entity $(right_thumb_2) {transformation: [-0.3493f,0.2226f,-0.9102f,-1.6098f,0.8891f,-0.2278f,-0.3969f,6.3119f,-0.2957f,-0.9479f,-0.1184f,2.2415f,0f,0f,0f,1f],start_interpolation: 0,interpolation_duration: 1}
$data merge entity $(right_thumb) {transformation: [-0.3493f,-0.6117f,-0.7098f,-1.8484f,0.8891f,-0.4555f,-0.045f,6.2978f,-0.2957f,-0.6468f,0.703f,1.9796f,0f,0f,0f,1f],start_interpolation: 0,interpolation_duration: 1}
$data merge entity $(right_fingers2) {transformation: [0.5894f,0.1773f,-0.7882f,-1.7023f,-0.7518f,0.4774f,-0.4548f,6.4273f,0.2957f,0.8606f,0.4146f,2.5938f,0f,0f,0f,1f],start_interpolation: 0,interpolation_duration: 1}
$data merge entity $(right_fingers) {transformation: [0.0562f,-0.6129f,-0.7882f,-1.8811f,0.6177f,0.6416f,-0.4548f,6.6242f,0.7844f,-0.4613f,0.4146f,2.4875f,0f,0f,0f,1f],start_interpolation: 0,interpolation_duration: 1}
$data merge entity $(scout) {transformation: [0f,0f,0f,-1.8687f,0f,0f,0f,6.4211f,0f,0f,0f,2.5455f,0f,0f,0f,1f],start_interpolation: 0,interpolation_duration: 1}
$data merge entity $(right_hand) {transformation: [-0.5894f,-0.1773f,-0.7882f,-2.0219f,0.7518f,-0.4774f,-0.4548f,6.3072f,-0.2957f,-0.8606f,0.4146f,1.9787f,0f,0f,0f,1f],start_interpolation: 0,interpolation_duration: 1}
$data merge entity $(right_forearm) {transformation: [-0.9135f,-0.0995f,-1.0261f,-2.1711f,0.8565f,-0.8362f,-0.6814f,4.9874f,-0.5737f,-1.0899f,0.6164f,0.3836f,0f,0f,0f,1f],start_interpolation: 0,interpolation_duration: 1}
$data merge entity $(right_shoulder) {transformation: [-1.0911f,0.9439f,-0.2616f,-0.7919f,0.8825f,0.7775f,-0.8755f,5.7856f,-0.425f,-0.8089f,-1.1467f,-0.4802f,0f,0f,0f,1f],start_interpolation: 0,interpolation_duration: 1}
$data merge entity $(right_arm) {transformation: [-0.9599f,-0.017f,0.28f,-0.2532f,0.0253f,0.9888f,0.1468f,6.059f,-0.2794f,0.148f,-0.9487f,-0.2878f,0f,0f,0f,1f],start_interpolation: 0,interpolation_duration: 1}
$data merge entity $(left_thumb_2) {transformation: [-0.0868f,-0.1923f,0.9775f,1.5385f,-0.995f,-0.0313f,-0.0945f,6.5082f,0.0488f,-0.9808f,-0.1886f,3.4789f,0f,0f,0f,1f],start_interpolation: 0,interpolation_duration: 1}
$data merge entity $(left_thumb) {transformation: [-0.0868f,0.6842f,0.7242f,1.7613f,-0.995f,-0.0951f,-0.0294f,6.6255f,0.0488f,-0.7231f,0.689f,3.2293f,0f,0f,0f,1f],start_interpolation: 0,interpolation_duration: 1}
$data merge entity $(left_fingers2) {transformation: [0.3546f,-0.263f,0.8973f,1.6112f,0.9319f,0.178f,-0.3161f,6.551f,-0.0766f,0.9482f,0.3082f,3.8516f,0f,0f,0f,1f],start_interpolation: 0,interpolation_duration: 1}
$data merge entity $(left_fingers) {transformation: [0.187f,0.3999f,0.8973f,1.7264f,-0.3602f,0.8777f,-0.3161f,6.809f,-0.9139f,-0.2641f,0.3082f,3.8043f,0f,0f,0f,1f],start_interpolation: 0,interpolation_duration: 1}
$data merge entity $(left_hand) {transformation: [-0.3546f,0.263f,0.8973f,1.9258f,-0.9319f,-0.178f,-0.3161f,6.681f,0.0766f,-0.9482f,0.3082f,3.2359f,0f,0f,0f,1f],start_interpolation: 0,interpolation_duration: 1}
$data merge entity $(left_forearm) {transformation: [-1.3362f,0.1605f,0.2932f,2.1226f,-0.3317f,-0.7837f,-1.083f,5.4476f,0.0406f,-1.1213f,0.7989f,1.5781f,0f,0f,0f,1f],start_interpolation: 0,interpolation_duration: 1}
$data merge entity $(left_shoulder) {transformation: [-0.9656f,-0.622f,0.9113f,1.1403f,-1.0951f,0.3929f,-0.8923f,5.7347f,0.1343f,-1.2683f,-0.7234f,0.0822f,0f,0f,0f,1f],start_interpolation: 0,interpolation_duration: 1}
$data merge entity $(left_arm) {transformation: [-0.9599f,-0.017f,0.28f,0.5964f,0.0253f,0.9888f,0.1468f,6.0366f,-0.2794f,0.148f,-0.9487f,-0.0405f,0f,0f,0f,1f],start_interpolation: 0,interpolation_duration: 1}
$data merge entity $(chest) {transformation: [-1.2272f,-0.0217f,0.358f,0.212f,0.0324f,1.2643f,0.1877f,4.267f,-0.3572f,0.1892f,-1.213f,-0.4642f,0f,0f,0f,1f],start_interpolation: 0,interpolation_duration: 1}
$data merge entity $(left_cheek) {transformation: [-0.9246f,-0.1407f,0.354f,0.7594f,-0.2166f,0.9586f,-0.1849f,3.3564f,-0.3133f,-0.2477f,-0.9168f,-0.6608f,0f,0f,0f,1f],start_interpolation: 0,interpolation_duration: 1}
$data merge entity $(left_foot) {transformation: [-1.0042f,0.0577f,-0.183f,1.2337f,-0.0438f,0.8805f,0.5177f,-3.8805f,0.1868f,0.5163f,-0.8624f,1.7012f,0f,0f,0f,1f],start_interpolation: 0,interpolation_duration: 1}
$data merge entity $(left_knee) {transformation: [-3.0351f,-0.1095f,-0.169f,1.1624f,-0.1211f,3.0321f,0.2101f,0.328f,0.1609f,0.2164f,-3.0298f,1.8721f,0f,0f,0f,1f],start_interpolation: 0,interpolation_duration: 1}
$data merge entity $(left_leg) {transformation: [-1.715f,-0.0992f,-0.02f,0.9327f,-0.0624f,1.3045f,-1.1161f,2.448f,0.0797f,-1.1135f,-1.3058f,0.1299f,0f,0f,0f,1f],start_interpolation: 0,interpolation_duration: 1}
$data merge entity $(right_cheek) {transformation: [-0.8849f,0.113f,0.4518f,0.1291f,0.0787f,0.9925f,-0.0939f,3.3324f,-0.459f,-0.0476f,-0.8871f,-0.9032f,0f,0f,0f,1f],start_interpolation: 0,interpolation_duration: 1}
$data merge entity $(right_foot) {transformation: [-0.6777f,0.0396f,0.7645f,-0.9482f,0.0789f,1.0192f,0.0171f,-4.3381f,-0.7614f,0.0703f,-0.6786f,-1.3244f,0f,0f,0f,1f],start_interpolation: 0,interpolation_duration: 1}
$data merge entity $(right_knee) {transformation: [-2.1815f,-0.253f,2.1046f,-1.275f,0.4961f,2.8752f,0.8599f,-0.3094f,-2.0609f,0.96f,-2.0208f,-0.1376f,0f,0f,0f,1f],start_interpolation: 0,interpolation_duration: 1}
$data merge entity $(right_leg) {transformation: [-1.2321f,0.5658f,1.0551f,-0.3482f,0.2802f,1.6082f,-0.5353f,2.2711f,-1.164f,-0.2118f,-1.2457f,-0.392f,0f,0f,0f,1f],start_interpolation: 0,interpolation_duration: 1}
$data merge entity $(weist) {transformation: [-1.5039f,-0.0975f,0.6006f,0.212f,-0.2005f,1.5913f,-0.2438f,3.967f,-0.5745f,-0.3002f,-1.4872f,-0.5048f,0f,0f,0f,1f],start_interpolation: 0,interpolation_duration: 1}
data modify storage animated_java:temp entry.data merge value {"locators":{"consume":{"px":-1.7810350687,"py":6.4765931227,"pz":2.6800658406,"ry":242.2524489285,"rx":-27.0521554584}}}
# Data Manager: Prepare for Read / Write
execute store result storage animated_java:temp args.id int 1 run scoreboard players get @s aj.id
# Data Manager: Write
function animated_java:global/data_manager/write with storage animated_java:temp args