# This file was generated by Animated Java via MC-Build. It is not recommended to edit this file directly.
$data merge entity $(neck) {transformation: [-0.9867f,-0.0366f,0.1581f,0.1466f,0.002f,0.9715f,0.2371f,6.0451f,-0.1622f,0.2343f,-0.9585f,-0.1261f,0f,0f,0f,1f],start_interpolation: 0,interpolation_duration: 1}
$data merge entity $(right_thumb_2) {transformation: [-0.473f,0.4205f,-0.7742f,-2.3233f,0.8544f,0.0044f,-0.5196f,5.3493f,-0.2151f,-0.9073f,-0.3614f,2.5205f,0f,0f,0f,1f],start_interpolation: 0,interpolation_duration: 1}
$data merge entity $(right_thumb) {transformation: [-0.473f,-0.3084f,-0.8253f,-2.481f,0.8544f,-0.3893f,-0.3442f,5.3556f,-0.2151f,-0.868f,0.4476f,2.203f,0f,0f,0f,1f],start_interpolation: 0,interpolation_duration: 1}
$data merge entity $(right_fingers2) {transformation: [0.576f,-0.2716f,-0.771f,-2.5317f,-0.6552f,0.4107f,-0.6341f,5.3522f,0.4888f,0.8704f,0.0586f,2.875f,0f,0f,0f,1f],start_interpolation: 0,interpolation_duration: 1}
$data merge entity $(right_fingers) {transformation: [-0.3255f,-0.5473f,-0.771f,-2.7025f,0.4716f,0.6128f,-0.6341f,5.5355f,0.8195f,-0.57f,0.0586f,2.7361f,0f,0f,0f,1f],start_interpolation: 0,interpolation_duration: 1}
$data merge entity $(scout) {transformation: [0f,0f,0f,-2.6683f,0f,0f,0f,5.3271f,0f,0f,0f,2.7507f,0f,0f,0f,1f],start_interpolation: 0,interpolation_duration: 1}
$data merge entity $(right_hand) {transformation: [-0.6211f,0.1405f,-0.771f,-2.6472f,0.7286f,-0.2591f,-0.6341f,5.3446f,-0.2889f,-0.9556f,0.0586f,2.1532f,0f,0f,0f,1f],start_interpolation: 0,interpolation_duration: 1}
$data merge entity $(right_forearm) {transformation: [-1.144f,0.3381f,-0.6886f,-2.1154f,0.5713f,-0.4496f,-1.1699f,4.6013f,-0.512f,-1.2572f,0.2331f,0.2896f,0f,0f,0f,1f],start_interpolation: 0,interpolation_duration: 1}
$data merge entity $(right_shoulder) {transformation: [-1.1991f,0.841f,-0.0688f,-0.8462f,0.7707f,1.043f,-0.6841f,5.7396f,-0.3435f,-0.5956f,-1.295f,-0.3257f,0f,0f,0f,1f],start_interpolation: 0,interpolation_duration: 1}
$data merge entity $(right_arm) {transformation: [-0.9773f,-0.0062f,0.2115f,-0.295f,0.0193f,0.9928f,0.1183f,6.0173f,-0.2108f,0.1197f,-0.9702f,-0.1804f,0f,0f,0f,1f],start_interpolation: 0,interpolation_duration: 1}
$data merge entity $(left_thumb_2) {transformation: [-0.3115f,-0.3379f,0.8881f,2.3046f,-0.9401f,0.2455f,-0.2364f,5.1724f,-0.1381f,-0.9086f,-0.3941f,3.5084f,0f,0f,0f,1f],start_interpolation: 0,interpolation_duration: 1}
$data merge entity $(left_thumb) {transformation: [-0.3115f,0.4486f,0.8377f,2.4833f,-0.9401f,-0.0174f,-0.3403f,5.311f,-0.1381f,-0.8935f,0.4272f,3.2353f,0f,0f,0f,1f],start_interpolation: 0,interpolation_duration: 1}
$data merge entity $(left_fingers2) {transformation: [0.4736f,0.1136f,0.8734f,2.4787f,0.8647f,0.1283f,-0.4856f,5.0877f,-0.1672f,0.9852f,-0.0375f,3.8711f,0f,0f,0f,1f],start_interpolation: 0,interpolation_duration: 1}
$data merge entity $(left_fingers) {transformation: [-0.1585f,0.4605f,0.8734f,2.6208f,-0.2106f,0.8484f,-0.4856f,5.3319f,-0.9646f,-0.2609f,-0.0375f,3.8237f,0f,0f,0f,1f],start_interpolation: 0,interpolation_duration: 1}
$data merge entity $(left_hand) {transformation: [-0.487f,-0.0084f,0.8734f,2.6518f,-0.872f,0.0619f,-0.4856f,5.3441f,-0.05f,-0.998f,-0.0375f,3.2088f,0f,0f,0f,1f],start_interpolation: 0,interpolation_duration: 1}
$data merge entity $(left_forearm) {transformation: [-1.3519f,-0.2022f,0.1694f,2.2972f,-0.1289f,-0.2653f,-1.3454f,4.8903f,0.2302f,-1.3364f,0.2414f,1.2146f,0f,0f,0f,1f],start_interpolation: 0,interpolation_duration: 1}
$data merge entity $(left_shoulder) {transformation: [-1.105f,-0.7664f,0.5843f,1.1212f,-0.9605f,0.8034f,-0.7628f,5.7007f,0.0786f,-0.9576f,-1.1075f,0.0985f,0f,0f,0f,1f],start_interpolation: 0,interpolation_duration: 1}
$data merge entity $(left_arm) {transformation: [-0.9773f,-0.0062f,0.2115f,0.57f,0.0193f,0.9928f,0.1183f,6.0002f,-0.2108f,0.1197f,-0.9702f,0.0062f,0f,0f,0f,1f],start_interpolation: 0,interpolation_duration: 1}
$data merge entity $(chest) {transformation: [-1.2496f,-0.0079f,0.2705f,0.156f,0.0247f,1.2693f,0.1512f,4.2198f,-0.2695f,0.153f,-1.2404f,-0.3368f,0f,0f,0f,1f],start_interpolation: 0,interpolation_duration: 1}
$data merge entity $(left_cheek) {transformation: [-0.9691f,-0.1127f,0.2193f,0.6794f,-0.1435f,0.981f,-0.1302f,3.2986f,-0.2005f,-0.1576f,-0.9669f,-0.6019f,0f,0f,0f,1f],start_interpolation: 0,interpolation_duration: 1}
$data merge entity $(left_foot) {transformation: [-0.9831f,0.0694f,-0.2719f,1.2921f,-0.0405f,0.9451f,0.3877f,-4.2859f,0.2776f,0.3836f,-0.9061f,1.1434f,0f,0f,0f,1f],start_interpolation: 0,interpolation_duration: 1}
$data merge entity $(left_knee) {transformation: [-3.0082f,-0.0763f,-0.4442f,1.2546f,-0.1097f,3.0316f,0.222f,-0.0778f,0.4371f,0.2356f,-3.0009f,1.3341f,0f,0f,0f,1f],start_interpolation: 0,interpolation_duration: 1}
$data merge entity $(left_leg) {transformation: [-1.7002f,-0.1634f,-0.1842f,0.9275f,-0.0559f,1.508f,-0.8211f,2.3598f,0.2398f,-0.8067f,-1.4977f,0.0957f,0f,0f,0f,1f],start_interpolation: 0,interpolation_duration: 1}
$data merge entity $(right_cheek) {transformation: [-0.9539f,0.0805f,0.2891f,-0.0423f,0.0645f,0.9958f,-0.0645f,3.2968f,-0.293f,-0.0429f,-0.9551f,-0.778f,0f,0f,0f,1f],start_interpolation: 0,interpolation_duration: 1}
$data merge entity $(right_foot) {transformation: [-0.8271f,0.0439f,0.5993f,-1.0919f,0.0524f,1.021f,-0.0024f,-4.5387f,-0.5986f,0.0288f,-0.8283f,-0.6181f,0f,0f,0f,1f],start_interpolation: 0,interpolation_duration: 1}
$data merge entity $(right_knee) {transformation: [-2.5815f,-0.0158f,1.6087f,-1.122f,0.352f,2.9623f,0.5939f,-0.4044f,-1.5698f,0.6902f,-2.5123f,0.1893f,0f,0f,0f,1f],start_interpolation: 0,interpolation_duration: 1}
$data merge entity $(right_leg) {transformation: [-1.458f,0.4156f,0.808f,-0.4193f,0.1988f,1.6366f,-0.483f,2.2235f,-0.8866f,-0.3164f,-1.4371f,-0.2386f,0f,0f,0f,1f],start_interpolation: 0,interpolation_duration: 1}
$data merge entity $(weist) {transformation: [-1.5756f,-0.1047f,0.372f,0.156f,-0.1541f,1.6024f,-0.2017f,3.9124f,-0.3544f,-0.2312f,-1.5662f,-0.3774f,0f,0f,0f,1f],start_interpolation: 0,interpolation_duration: 1}
data modify storage animated_java:temp entry.data merge value {"locators":{"consume":{"px":-2.629909621,"py":5.3562299679,"pz":2.9136081419,"ry":265.65537302,"rx":-39.3516241766}}}
# Data Manager: Prepare for Read / Write
execute store result storage animated_java:temp args.id int 1 run scoreboard players get @s aj.id
# Data Manager: Write
function animated_java:global/data_manager/write with storage animated_java:temp args