# This file was generated by Animated Java via MC-Build. It is not recommended to edit this file directly.
$data merge entity $(neck) {transformation: [-0.9941f,-0.0148f,0.1071f,0.096f,0.0025f,0.9871f,0.1598f,5.9983f,-0.1081f,0.1591f,-0.9813f,-0.0407f,0f,0f,0f,1f],start_interpolation: 0,interpolation_duration: 1}
$data merge entity $(right_thumb_2) {transformation: [-0.5896f,0.4889f,-0.6428f,-2.6249f,0.8073f,0.3331f,-0.4871f,4.0132f,-0.024f,-0.8062f,-0.5912f,2.4456f,0f,0f,0f,1f],start_interpolation: 0,interpolation_duration: 1}
$data merge entity $(right_thumb) {transformation: [-0.5896f,-0.0878f,-0.8029f,-2.7293f,0.8073f,-0.0937f,-0.5827f,4.111f,-0.024f,-0.9917f,0.1261f,2.1212f,0f,0f,0f,1f],start_interpolation: 0,interpolation_duration: 1}
$data merge entity $(right_fingers2) {transformation: [0.467f,-0.5699f,-0.6761f,-2.8968f,-0.7267f,0.1882f,-0.6607f,3.8495f,0.5038f,0.7998f,-0.3263f,2.7508f,0f,0f,0f,1f],start_interpolation: 0,interpolation_duration: 1}
$data merge entity $(right_fingers) {transformation: [-0.5658f,-0.472f,-0.6761f,-3.0522f,0.1819f,0.7283f,-0.6607f,4.0573f,0.8042f,-0.4968f,-0.3263f,2.6295f,0f,0f,0f,1f],start_interpolation: 0,interpolation_duration: 1}
$data merge entity $(scout) {transformation: [0f,0f,0f,-2.9923f,0f,0f,0f,3.8622f,0f,0f,0f,2.5737f,0f,0f,0f,1f],start_interpolation: 0,interpolation_duration: 1}
$data merge entity $(right_hand) {transformation: [-0.6641f,0.3192f,-0.6761f,-2.8827f,0.7382f,0.1365f,-0.6607f,4.1083f,-0.1186f,-0.9378f,-0.3263f,2.0396f,0f,0f,0f,1f],start_interpolation: 0,interpolation_duration: 1}
$data merge entity $(right_forearm) {transformation: [-1.2524f,0.5473f,-0.1708f,-2.0126f,0.2525f,0.1581f,-1.3447f,4.287f,-0.5147f,-1.254f,-0.2441f,0.1636f,0f,0f,0f,1f],start_interpolation: 0,interpolation_duration: 1}
$data merge entity $(right_shoulder) {transformation: [-1.2904f,0.6942f,0.0535f,-0.9079f,0.6527f,1.2453f,-0.4161f,5.6871f,-0.2424f,-0.3423f,-1.4049f,-0.1597f,0f,0f,0f,1f],start_interpolation: 0,interpolation_duration: 1}
$data merge entity $(right_arm) {transformation: [-0.9899f,0.0004f,0.1417f,-0.3483f,0.013f,0.996f,0.0885f,5.969f,-0.1411f,0.0894f,-0.9859f,-0.0625f,0f,0f,0f,1f],start_interpolation: 0,interpolation_duration: 1}
$data merge entity $(left_thumb_2) {transformation: [-0.5051f,-0.3884f,0.7707f,2.6087f,-0.8127f,0.5146f,-0.2733f,3.7514f,-0.2905f,-0.7644f,-0.5756f,2.9866f,0f,0f,0f,1f],start_interpolation: 0,interpolation_duration: 1}
$data merge entity $(left_thumb) {transformation: [-0.5051f,0.2488f,0.8264f,2.752f,-0.8127f,0.1851f,-0.5524f,3.9392f,-0.2905f,-0.9507f,0.1087f,2.7223f,0f,0f,0f,1f],start_interpolation: 0,interpolation_duration: 1}
$data merge entity $(left_fingers2) {transformation: [0.4665f,0.4184f,0.7793f,2.8447f,0.8598f,-0.0078f,-0.5105f,3.5249f,-0.2075f,0.9082f,-0.3634f,3.2814f,0f,0f,0f,1f],start_interpolation: 0,interpolation_duration: 1}
$data merge entity $(left_fingers) {transformation: [-0.4143f,0.4701f,0.7793f,2.9961f,0.0153f,0.8597f,-0.5105f,3.7658f,-0.91f,-0.1996f,-0.3634f,3.2475f,0f,0f,0f,1f],start_interpolation: 0,interpolation_duration: 1}
$data merge entity $(left_hand) {transformation: [-0.5996f,-0.1821f,0.7793f,2.9157f,-0.776f,0.3704f,-0.5105f,3.9668f,-0.1957f,-0.9108f,-0.3634f,2.671f,0f,0f,0f,1f],start_interpolation: 0,interpolation_duration: 1}
$data merge entity $(left_forearm) {transformation: [-1.3115f,-0.4005f,-0.1293f,2.2533f,0.0282f,0.3384f,-1.3348f,4.4291f,0.4199f,-1.2736f,-0.3141f,0.759f,0f,0f,0f,1f],start_interpolation: 0,interpolation_duration: 1}
$data merge entity $(left_shoulder) {transformation: [-1.2311f,-0.7476f,0.2742f,1.0848f,-0.7953f,1.1287f,-0.4933f,5.6608f,0.0404f,-0.5629f,-1.3533f,0.1243f,0f,0f,0f,1f],start_interpolation: 0,interpolation_duration: 1}
$data merge entity $(left_arm) {transformation: [-0.9899f,0.0004f,0.1417f,0.5279f,0.013f,0.996f,0.0885f,5.9574f,-0.1411f,0.0894f,-0.9859f,0.0623f,0f,0f,0f,1f],start_interpolation: 0,interpolation_duration: 1}
$data merge entity $(chest) {transformation: [-1.2656f,0.0005f,0.1812f,0.094f,0.0167f,1.2734f,0.1131f,4.1675f,-0.1804f,0.1144f,-1.2606f,-0.1957f,0f,0f,0f,1f],start_interpolation: 0,interpolation_duration: 1}
$data merge entity $(left_cheek) {transformation: [-0.9953f,-0.0699f,0.0677f,0.5749f,-0.0727f,0.9966f,-0.04f,3.2653f,-0.0646f,-0.0448f,-0.9969f,-0.5405f,0f,0f,0f,1f],start_interpolation: 0,interpolation_duration: 1}
$data merge entity $(left_foot) {transformation: [-0.951f,0.0612f,-0.3704f,1.1238f,-0.0321f,0.9918f,0.2462f,-4.6194f,0.374f,0.2406f,-0.9206f,0.3934f,0f,0f,0f,1f],start_interpolation: 0,interpolation_duration: 1}
$data merge entity $(left_knee) {transformation: [-2.9507f,-0.0111f,-0.7384f,1.1629f,-0.0784f,3.0289f,0.2679f,-0.4142f,0.7343f,0.2789f,-2.9386f,0.6381f,0f,0f,0f,1f],start_interpolation: 0,interpolation_duration: 1}
$data merge entity $(left_leg) {transformation: [-1.6675f,-0.1417f,-0.3884f,0.878f,-0.0397f,1.6614f,-0.4355f,2.2586f,0.4115f,-0.4137f,-1.6158f,0.0398f,0f,0f,0f,1f],start_interpolation: 0,interpolation_duration: 1}
$data merge entity $(right_cheek) {transformation: [-0.994f,0.0489f,0.0979f,-0.24f,0.0464f,0.9985f,-0.0278f,3.2691f,-0.0991f,-0.0231f,-0.9948f,-0.6282f,0f,0f,0f,1f],start_interpolation: 0,interpolation_duration: 1}
$data merge entity $(right_foot) {transformation: [-0.9419f,0.0312f,0.3964f,-1.0171f,0.0245f,1.0218f,-0.0221f,-4.696f,-0.3968f,-0.0109f,-0.9422f,0.1026f,0f,0f,0f,1f],start_interpolation: 0,interpolation_duration: 1}
$data merge entity $(right_knee) {transformation: [-2.8813f,0.0903f,0.9706f,-0.9351f,0.1949f,3.0209f,0.2977f,-0.4973f,-0.9551f,0.3442f,-2.8673f,0.4342f,0f,0f,0f,1f],start_interpolation: 0,interpolation_duration: 1}
$data merge entity $(right_leg) {transformation: [-1.6273f,0.233f,0.4989f,-0.5088f,0.1101f,1.6628f,-0.4174f,2.1743f,-0.5395f,-0.3634f,-1.5901f,-0.079f,0f,0f,0f,1f],start_interpolation: 0,interpolation_duration: 1}
$data merge entity $(weist) {transformation: [-1.6163f,-0.0859f,0.1105f,0.094f,-0.0951f,1.6138f,-0.1368f,3.8519f,-0.1027f,-0.1428f,-1.6128f,-0.2364f,0f,0f,0f,1f],start_interpolation: 0,interpolation_duration: 1}
data modify storage animated_java:temp entry.data merge value {"locators":{"consume":{"px":-2.9836001078,"py":3.8293979865,"pz":2.7401373423,"ry":295.762710032,"rx":-41.3497911504}}}
# Data Manager: Prepare for Read / Write
execute store result storage animated_java:temp args.id int 1 run scoreboard players get @s aj.id
# Data Manager: Write
function animated_java:global/data_manager/write with storage animated_java:temp args