# This file was generated by Animated Java via MC-Build. It is not recommended to edit this file directly.
$data merge entity $(neck) {transformation: [-0.9985f,-0.0025f,0.0539f,0.0432f,0.0018f,0.9967f,0.0806f,5.9566f,-0.054f,0.0806f,-0.9953f,0.0282f,0f,0f,0f,1f],start_interpolation: 0,interpolation_duration: 1}
$data merge entity $(right_thumb_2) {transformation: [-0.7037f,0.4009f,-0.5866f,-2.4028f,0.6617f,0.6705f,-0.3355f,2.6939f,0.2588f,-0.6242f,-0.7371f,1.8709f,0f,0f,0f,1f],start_interpolation: 0,interpolation_duration: 1}
$data merge entity $(right_thumb) {transformation: [-0.7037f,-0.0452f,-0.7091f,-2.5117f,0.6617f,0.3218f,-0.6772f,2.9051f,0.2588f,-0.9457f,-0.1966f,1.6077f,0f,0f,0f,1f],start_interpolation: 0,interpolation_duration: 1}
$data merge entity $(right_fingers2) {transformation: [0.399f,-0.6882f,-0.6059f,-2.6696f,-0.8651f,-0.0634f,-0.4977f,2.3622f,0.3041f,0.7227f,-0.6207f,2.0674f,0f,0f,0f,1f],start_interpolation: 0,interpolation_duration: 1}
$data merge entity $(right_fingers) {transformation: [-0.6386f,-0.4743f,-0.6059f,-2.8272f,-0.1609f,0.8523f,-0.4977f,2.5969f,0.7525f,-0.2203f,-0.6207f,2.0212f,0f,0f,0f,1f],start_interpolation: 0,interpolation_duration: 1}
$data merge entity $(scout) {transformation: [0f,0f,0f,-2.7479f,0f,0f,0f,2.4549f,0f,0f,0f,1.8858f,0f,0f,0f,1f],start_interpolation: 0,interpolation_duration: 1}
$data merge entity $(right_hand) {transformation: [-0.7355f,0.3031f,-0.6059f,-2.6642f,0.6477f,0.5769f,-0.4977f,2.926f,0.1987f,-0.7585f,-0.6207f,1.527f,0f,0f,0f,1f],start_interpolation: 0,interpolation_duration: 1}
$data merge entity $(right_forearm) {transformation: [-1.2442f,0.4708f,0.357f,-1.8904f,-0.0227f,0.7935f,-1.1256f,4.081f,-0.5904f,-1.0226f,-0.7091f,-0.0143f,0f,0f,0f,1f],start_interpolation: 0,interpolation_duration: 1}
$data merge entity $(right_shoulder) {transformation: [-1.3613f,0.5363f,0.0953f,-0.9652f,0.5304f,1.3635f,-0.0961f,5.6397f,-0.1238f,-0.0548f,-1.46f,-0.0092f,0f,0f,0f,1f],start_interpolation: 0,interpolation_duration: 1}
$data merge entity $(right_arm) {transformation: [-0.9975f,0.0025f,0.071f,-0.4014f,0.0066f,0.9983f,0.0573f,5.9256f,-0.0707f,0.0577f,-0.9958f,0.0389f,0f,0f,0f,1f],start_interpolation: 0,interpolation_duration: 1}
$data merge entity $(left_thumb_2) {transformation: [-0.6588f,-0.3315f,0.6753f,2.3904f,-0.6183f,0.7499f,-0.2351f,2.5569f,-0.4285f,-0.5725f,-0.699f,2.0276f,0f,0f,0f,1f],start_interpolation: 0,interpolation_duration: 1}
$data merge entity $(left_thumb) {transformation: [-0.6588f,0.1546f,0.7362f,2.5274f,-0.6183f,0.4462f,-0.647f,2.8012f,-0.4285f,-0.8815f,-0.1984f,1.8103f,0f,0f,0f,1f],start_interpolation: 0,interpolation_duration: 1}
$data merge entity $(left_fingers2) {transformation: [0.4215f,0.597f,0.6826f,2.6358f,0.8968f,-0.1626f,-0.4116f,2.2008f,-0.1347f,0.7856f,-0.6039f,2.2086f,0f,0f,0f,1f],start_interpolation: 0,interpolation_duration: 1}
$data merge entity $(left_fingers) {transformation: [-0.5455f,0.4864f,0.6826f,2.7948f,0.2631f,0.8726f,-0.4116f,2.439f,-0.7958f,-0.0449f,-0.6039f,2.2138f,0f,0f,0f,1f],start_interpolation: 0,interpolation_duration: 1}
$data merge entity $(left_hand) {transformation: [-0.6979f,-0.217f,0.6826f,2.6882f,-0.6125f,0.6749f,-0.4116f,2.8323f,-0.3713f,-0.7053f,-0.6039f,1.7521f,0f,0f,0f,1f],start_interpolation: 0,interpolation_duration: 1}
$data merge entity $(left_forearm) {transformation: [-1.2377f,-0.3771f,-0.4723f,2.0516f,0.1326f,0.8808f,-1.0506f,4.1259f,0.5897f,-0.9895f,-0.7551f,0.2589f,0f,0f,0f,1f],start_interpolation: 0,interpolation_duration: 1}
$data merge entity $(left_shoulder) {transformation: [-1.3345f,-0.6057f,0.0474f,1.0427f,-0.6074f,1.3275f,-0.1366f,5.6264f,0.0135f,-0.1439f,-1.4591f,0.1331f,0f,0f,0f,1f],start_interpolation: 0,interpolation_duration: 1}
$data merge entity $(left_arm) {transformation: [-0.9975f,0.0025f,0.071f,0.4815f,0.0066f,0.9983f,0.0573f,5.9198f,-0.0707f,0.0577f,-0.9958f,0.1015f,0f,0f,0f,1f],start_interpolation: 0,interpolation_duration: 1}
$data merge entity $(chest) {transformation: [-1.2753f,0.0032f,0.0908f,0.038f,0.0084f,1.2764f,0.0733f,4.1217f,-0.0904f,0.0737f,-1.2732f,-0.0683f,0f,0f,0f,1f],start_interpolation: 0,interpolation_duration: 1}
$data merge entity $(left_cheek) {transformation: [-0.9973f,-0.0213f,-0.0698f,0.4586f,-0.0242f,0.9989f,0.0413f,3.2523f,0.0688f,0.0428f,-0.9967f,-0.5001f,0f,0f,0f,1f],start_interpolation: 0,interpolation_duration: 1}
$data merge entity $(left_foot) {transformation: [-0.9144f,0.0367f,-0.4559f,0.7473f,-0.0208f,1.0147f,0.1234f,-4.7819f,0.4569f,0.1197f,-0.9067f,-0.3366f,0f,0f,0f,1f],start_interpolation: 0,interpolation_duration: 1}
$data merge entity $(left_knee) {transformation: [-2.8747f,0.0765f,-0.9912f,0.8952f,-0.0356f,3.0228f,0.3367f,-0.5835f,0.9935f,0.3298f,-2.8559f,-0.0255f,0f,0f,0f,1f],start_interpolation: 0,interpolation_duration: 1}
$data merge entity $(left_leg) {transformation: [-1.6239f,-0.0329f,-0.5596f,0.7913f,-0.018f,1.7172f,-0.0487f,2.1682f,0.5603f,-0.0402f,-1.6235f,-0.019f,0f,0f,0f,1f],start_interpolation: 0,interpolation_duration: 1}
$data merge entity $(right_cheek) {transformation: [-0.9968f,0.0338f,-0.0721f,-0.4091f,0.033f,0.9994f,0.0117f,3.255f,0.0724f,0.0093f,-0.9973f,-0.4741f,0f,0f,0f,1f],start_interpolation: 0,interpolation_duration: 1}
$data merge entity $(right_foot) {transformation: [-1.0007f,0.0046f,0.2092f,-0.7626f,-0.0028f,1.0218f,-0.0355f,-4.7817f,-0.2093f,-0.0353f,-1.0001f,0.6233f,0f,0f,0f,1f],start_interpolation: 0,interpolation_duration: 1}
$data merge entity $(right_knee) {transformation: [-3.0181f,0.0419f,0.3764f,-0.7758f,0.0471f,3.0411f,0.039f,-0.5698f,-0.3758f,0.0445f,-3.0181f,0.5506f,0f,0f,0f,1f],start_interpolation: 0,interpolation_duration: 1}
$data merge entity $(right_leg) {transformation: [-1.7046f,0.0689f,0.2025f,-0.6004f,0.0266f,1.682f,-0.3485f,2.134f,-0.2122f,-0.3426f,-1.67f,0.0595f,0f,0f,0f,1f],start_interpolation: 0,interpolation_duration: 1}
$data merge entity $(weist) {transformation: [-1.6169f,-0.043f,-0.1255f,0.038f,-0.0384f,1.6207f,-0.0609f,3.7973f,0.127f,-0.0577f,-1.6163f,-0.109f,0f,0f,0f,1f],start_interpolation: 0,interpolation_duration: 1}
data modify storage animated_java:temp entry.data merge value {"locators":{"consume":{"px":-2.7358281088,"py":2.3508399112,"pz":2.0196000789,"ry":315.6889842942,"rx":-29.8447492559}}}
# Data Manager: Prepare for Read / Write
execute store result storage animated_java:temp args.id int 1 run scoreboard players get @s aj.id
# Data Manager: Write
function animated_java:global/data_manager/write with storage animated_java:temp args