# This file was generated by Animated Java via MC-Build. It is not recommended to edit this file directly.
$data merge entity $(neck) {transformation: [-1f,0f,0f,0f,0f,1f,0f,5.9311f,0f,0f,-1f,0.054f,0f,0f,0f,1f],start_interpolation: 0,interpolation_duration: 1}
$data merge entity $(right_thumb_2) {transformation: [-0.7592f,0.1714f,-0.6278f,-1.7632f,0.3504f,0.9206f,-0.1724f,1.8386f,0.5484f,-0.3509f,-0.759f,0.8005f,0f,0f,0f,1f],start_interpolation: 0,interpolation_duration: 1}
$data merge entity $(right_thumb) {transformation: [-0.7592f,-0.1928f,-0.6216f,-1.929f,0.3504f,0.6838f,-0.64f,2.1195f,0.5484f,-0.7038f,-0.4516f,0.6618f,0f,0f,0f,1f],start_interpolation: 0,interpolation_duration: 1}
$data merge entity $(right_fingers2) {transformation: [0.3991f,-0.6562f,-0.6404f,-1.9686f,-0.9163f,-0.3114f,-0.252f,1.3883f,-0.034f,0.6874f,-0.7255f,0.8396f,0f,0f,0f,1f],start_interpolation: 0,interpolation_duration: 1}
$data merge entity $(right_fingers) {transformation: [-0.5543f,-0.5317f,-0.6404f,-2.1405f,-0.5023f,0.8272f,-0.252f,1.608f,0.6637f,0.182f,-0.7255f,0.9049f,0f,0f,0f,1f],start_interpolation: 0,interpolation_duration: 1}
$data merge entity $(scout) {transformation: [0f,0f,0f,-2.069f,0f,0f,0f,1.5594f,0f,0f,0f,0.7117f,0f,0f,0f,1f],start_interpolation: 0,interpolation_duration: 1}
$data merge entity $(right_hand) {transformation: [-0.7592f,0.1161f,-0.6404f,-2.0937f,0.3504f,0.902f,-0.252f,2.1491f,0.5484f,-0.4157f,-0.7255f,0.6147f,0f,0f,0f,1f],start_interpolation: 0,interpolation_duration: 1}
$data merge entity $(right_forearm) {transformation: [-1.1557f,0.1598f,0.7321f,-1.7783f,-0.1859f,1.2424f,-0.5647f,4.0074f,-0.7259f,-0.5726f,-1.0209f,-0.2546f,0f,0f,0f,1f],start_interpolation: 0,interpolation_duration: 1}
$data merge entity $(right_shoulder) {transformation: [-1.4088f,0.4017f,0.0607f,-1.0065f,0.4061f,1.3872f,0.246f,5.6089f,0.01f,0.2532f,-1.4442f,0.0986f,0f,0f,0f,1f],start_interpolation: 0,interpolation_duration: 1}
$data merge entity $(right_arm) {transformation: [-1f,0f,0f,-0.4425f,0f,0.9997f,0.0247f,5.8987f,0f,0.0247f,-0.9997f,0.0973f,0f,0f,0f,1f],start_interpolation: 0,interpolation_duration: 1}
$data merge entity $(left_thumb_2) {transformation: [-0.7592f,-0.1714f,0.6278f,1.7632f,-0.3504f,0.9206f,-0.1724f,1.8386f,-0.5484f,-0.3509f,-0.759f,0.8005f,0f,0f,0f,1f],start_interpolation: 0,interpolation_duration: 1}
$data merge entity $(left_thumb) {transformation: [-0.7592f,0.1928f,0.6216f,1.929f,-0.3504f,0.6838f,-0.64f,2.1195f,-0.5484f,-0.7038f,-0.4516f,0.6618f,0f,0f,0f,1f],start_interpolation: 0,interpolation_duration: 1}
$data merge entity $(left_fingers2) {transformation: [0.3991f,0.6562f,0.6404f,1.9686f,0.9163f,-0.3114f,-0.252f,1.3883f,0.034f,0.6874f,-0.7255f,0.8396f,0f,0f,0f,1f],start_interpolation: 0,interpolation_duration: 1}
$data merge entity $(left_fingers) {transformation: [-0.5543f,0.5317f,0.6404f,2.1405f,0.5023f,0.8272f,-0.252f,1.608f,-0.6637f,0.182f,-0.7255f,0.9049f,0f,0f,0f,1f],start_interpolation: 0,interpolation_duration: 1}
$data merge entity $(left_hand) {transformation: [-0.7592f,-0.1161f,0.6404f,2.0937f,-0.3504f,0.902f,-0.252f,2.1491f,-0.5484f,-0.4157f,-0.7255f,0.6147f,0f,0f,0f,1f],start_interpolation: 0,interpolation_duration: 1}
$data merge entity $(left_forearm) {transformation: [-1.1557f,-0.1598f,-0.7321f,1.7783f,0.1859f,1.2424f,-0.5647f,4.0074f,0.7259f,-0.5726f,-1.0209f,-0.2546f,0f,0f,0f,1f],start_interpolation: 0,interpolation_duration: 1}
$data merge entity $(left_shoulder) {transformation: [-1.4088f,-0.4017f,-0.0607f,1.0065f,-0.4061f,1.3872f,0.246f,5.6089f,-0.01f,0.2532f,-1.4442f,0.0986f,0f,0f,0f,1f],start_interpolation: 0,interpolation_duration: 1}
$data merge entity $(left_arm) {transformation: [-1f,0f,0f,0.4426f,0f,0.9997f,0.0247f,5.8987f,0f,0.0247f,-0.9997f,0.0973f,0f,0f,0f,1f],start_interpolation: 0,interpolation_duration: 1}
$data merge entity $(chest) {transformation: [-1.2785f,0f,0f,0f,0f,1.2782f,0.0316f,4.0941f,0f,0.0316f,-1.2782f,0.0181f,0f,0f,0f,1f],start_interpolation: 0,interpolation_duration: 1}
$data merge entity $(left_cheek) {transformation: [-0.9853f,-0.0027f,-0.1707f,0.3467f,-0.013f,0.9982f,0.0594f,3.2568f,0.1702f,0.0607f,-0.9835f,-0.516f,0f,0f,0f,1f],start_interpolation: 0,interpolation_duration: 1}
$data merge entity $(left_foot) {transformation: [-0.8856f,0.0118f,-0.5107f,0.3752f,-0.0116f,1.0214f,0.0438f,-4.8026f,0.5107f,0.0438f,-0.8846f,-0.8251f,0f,0f,0f,1f],start_interpolation: 0,interpolation_duration: 1}
$data merge entity $(left_knee) {transformation: [-2.8102f,0.1519f,-1.1541f,0.619f,0f,3.0157f,0.397f,-0.6126f,1.164f,0.3668f,-2.7862f,-0.4649f,0f,0f,0f,1f],start_interpolation: 0,interpolation_duration: 1}
$data merge entity $(left_leg) {transformation: [-1.5872f,0.0858f,-0.6518f,0.7095f,0f,1.7033f,0.2242f,2.1096f,0.6574f,0.2072f,-1.5736f,-0.0595f,0f,0f,0f,1f],start_interpolation: 0,interpolation_duration: 1}
$data merge entity $(right_cheek) {transformation: [-0.9834f,0.0436f,-0.176f,-0.4922f,0.0363f,0.9984f,0.0443f,3.2532f,0.1777f,0.0372f,-0.9834f,-0.3598f,0f,0f,0f,1f],start_interpolation: 0,interpolation_duration: 1}
$data merge entity $(right_foot) {transformation: [-1.0185f,-0.0205f,0.0861f,-0.5124f,-0.024f,1.0213f,-0.0412f,-4.8094f,-0.0852f,-0.043f,-1.0179f,0.8779f,0f,0f,0f,1f],start_interpolation: 0,interpolation_duration: 1}
$data merge entity $(right_knee) {transformation: [-3.0411f,-0.061f,-0.0089f,-0.6844f,-0.0605f,3.0384f,-0.1282f,-0.6111f,0.0114f,-0.128f,-3.039f,0.5767f,0f,0f,0f,1f],start_interpolation: 0,interpolation_duration: 1}
$data merge entity $(right_leg) {transformation: [-1.7176f,-0.0348f,-0.0005f,-0.6687f,-0.0342f,1.692f,-0.2958f,2.1096f,0.0065f,-0.2957f,-1.6923f,0.1523f,0f,0f,0f,1f],start_interpolation: 0,interpolation_duration: 1}
$data merge entity $(weist) {transformation: [-1.5977f,0f,-0.2817f,0f,0f,1.6223f,0f,3.7603f,0.2817f,0f,-1.5977f,-0.0225f,0f,0f,0f,1f],start_interpolation: 0,interpolation_duration: 1}
data modify storage animated_java:temp entry.data merge value {"locators":{"consume":{"px":-2.024909818,"py":1.4093346193,"pz":0.7780146996,"ry":318.5662229934,"rx":-14.5956315769}}}
# Data Manager: Prepare for Read / Write
execute store result storage animated_java:temp args.id int 1 run scoreboard players get @s aj.id
# Data Manager: Write
function animated_java:global/data_manager/write with storage animated_java:temp args
execute unless entity @s[tag=aj.transforms_only] at @s run function animated_java:female/animations/idle_fight_to_idle/zzz/frames/5_root_function