# This file was generated by Animated Java via MC-Build. It is not recommended to edit this file directly.
$data merge entity $(neck) {transformation: [-0.9992f,0.0084f,-0.0385f,-0.027f,0.0052f,0.9966f,0.0824f,5.973f,0.0391f,0.0821f,-0.9959f,-0.0071f,0f,0f,0f,1f],start_interpolation: 0,interpolation_duration: 1}
$data merge entity $(right_thumb_2) {transformation: [-0.7109f,0.0824f,-0.6985f,-1.7244f,0.278f,0.9451f,-0.1715f,1.9364f,0.646f,-0.3161f,-0.6948f,0.7042f,0f,0f,0f,1f],start_interpolation: 0,interpolation_duration: 1}
$data merge entity $(right_thumb) {transformation: [-0.7109f,-0.3113f,-0.6307f,-1.9211f,0.278f,0.6993f,-0.6585f,2.2119f,0.646f,-0.6435f,-0.4106f,0.5987f,0f,0f,0f,1f],start_interpolation: 0,interpolation_duration: 1}
$data merge entity $(right_fingers2) {transformation: [0.3314f,-0.6553f,-0.6788f,-1.9202f,-0.9418f,-0.1871f,-0.2792f,1.4581f,0.0559f,0.7318f,-0.6792f,0.7891f,0f,0f,0f,1f],start_interpolation: 0,interpolation_duration: 1}
$data merge entity $(right_fingers) {transformation: [-0.5345f,-0.5036f,-0.6788f,-2.0838f,-0.4464f,0.8502f,-0.2792f,1.6858f,0.7177f,0.1538f,-0.6792f,0.8482f,0f,0f,0f,1f],start_interpolation: 0,interpolation_duration: 1}
$data merge entity $(scout) {transformation: [0f,0f,0f,-2.0247f,0f,0f,0f,1.644f,0f,0f,0f,0.6493f,0f,0f,0f,1f],start_interpolation: 0,interpolation_duration: 1}
$data merge entity $(right_hand) {transformation: [-0.7336f,0.0322f,-0.6788f,-2.0903f,0.2984f,0.9127f,-0.2792f,2.2325f,0.6105f,-0.4074f,-0.6792f,0.5649f,0f,0f,0f,1f],start_interpolation: 0,interpolation_duration: 1}
$data merge entity $(right_forearm) {transformation: [-1.2216f,0.0894f,0.6299f,-1.8819f,-0.1935f,1.2469f,-0.5523f,4.0982f,-0.6061f,-0.5783f,-1.0933f,-0.3207f,0f,0f,0f,1f],start_interpolation: 0,interpolation_duration: 1}
$data merge entity $(right_shoulder) {transformation: [-1.3866f,0.4766f,-0.0129f,-1.021f,0.4585f,1.3439f,0.3654f,5.6325f,0.1305f,0.3415f,-1.4199f,0.115f,0f,0f,0f,1f],start_interpolation: 0,interpolation_duration: 1}
$data merge entity $(right_arm) {transformation: [-0.9965f,-0.0143f,-0.0829f,-0.4639f,-0.0175f,0.9991f,0.039f,5.9322f,0.0823f,0.0403f,-0.9958f,0.0719f,0f,0f,0f,1f],start_interpolation: 0,interpolation_duration: 1}
$data merge entity $(left_thumb_2) {transformation: [-0.6381f,-0.0323f,0.7692f,1.7662f,-0.3402f,0.9081f,-0.2441f,2.1433f,-0.6907f,-0.4174f,-0.5905f,1.1137f,0f,0f,0f,1f],start_interpolation: 0,interpolation_duration: 1}
$data merge entity $(left_thumb) {transformation: [-0.6381f,0.3918f,0.6628f,1.9776f,-0.3402f,0.6287f,-0.6993f,2.4059f,-0.6907f,-0.6717f,-0.2679f,1.0038f,0f,0f,0f,1f],start_interpolation: 0,interpolation_duration: 1}
$data merge entity $(left_fingers2) {transformation: [0.3497f,0.5663f,0.7463f,1.9441f,0.93f,-0.1136f,-0.3496f,1.6755f,-0.1132f,0.8163f,-0.5664f,1.2682f,0f,0f,0f,1f],start_interpolation: 0,interpolation_duration: 1}
$data merge entity $(left_fingers) {transformation: [-0.4439f,0.4959f,0.7463f,2.1033f,0.3725f,0.8597f,-0.3496f,1.9074f,-0.815f,0.1228f,-0.5664f,1.322f,0f,0f,0f,1f],start_interpolation: 0,interpolation_duration: 1}
$data merge entity $(left_hand) {transformation: [-0.665f,0.0273f,0.7463f,2.1498f,-0.3567f,0.8663f,-0.3496f,2.4223f,-0.6561f,-0.4987f,-0.5664f,0.9874f,0f,0f,0f,1f],start_interpolation: 0,interpolation_duration: 1}
$data merge entity $(left_forearm) {transformation: [-1.2278f,-0.1243f,-0.6116f,1.8893f,0.2581f,1.1278f,-0.7474f,4.1042f,0.5683f,-0.7809f,-0.9821f,-0.2007f,0f,0f,0f,1f],start_interpolation: 0,interpolation_duration: 1}
$data merge entity $(left_shoulder) {transformation: [-1.3728f,-0.514f,0.0302f,0.9849f,-0.5104f,1.3698f,0.1135f,5.6678f,-0.068f,0.0958f,-1.4615f,-0.0506f,0f,0f,0f,1f],start_interpolation: 0,interpolation_duration: 1}
$data merge entity $(left_arm) {transformation: [-0.9965f,-0.0143f,-0.0829f,0.4181f,-0.0175f,0.9991f,0.039f,5.9477f,0.0823f,0.0403f,-0.9958f,-0.0009f,0f,0f,0f,1f],start_interpolation: 0,interpolation_duration: 1}
$data merge entity $(chest) {transformation: [-1.274f,-0.0182f,-0.106f,0f,-0.0224f,1.2774f,0.0498f,4.1369f,0.1052f,0.0515f,-1.2732f,-0.0717f,0f,0f,0f,1f],start_interpolation: 0,interpolation_duration: 1}
$data merge entity $(left_cheek) {transformation: [-0.9678f,-0.1383f,-0.2106f,0.3671f,-0.0693f,0.9498f,-0.305f,3.3795f,0.2422f,-0.2806f,-0.9288f,-0.743f,0f,0f,0f,1f],start_interpolation: 0,interpolation_duration: 1}
$data merge entity $(left_foot) {transformation: [-0.8766f,0.0153f,-0.526f,0.5166f,-0.0038f,1.0217f,0.036f,-4.7638f,0.5262f,0.0328f,-0.8759f,-0.8118f,0f,0f,0f,1f],start_interpolation: 0,interpolation_duration: 1}
$data merge entity $(left_knee) {transformation: [-2.7861f,0.1345f,-1.2133f,0.7331f,-0.0545f,3.0065f,0.4585f,-0.5825f,1.2195f,0.4417f,-2.7514f,-0.3481f,0f,0f,0f,1f],start_interpolation: 0,interpolation_duration: 1}
$data merge entity $(left_leg) {transformation: [-1.5736f,0.012f,-0.6893f,0.7071f,-0.0308f,1.7148f,0.1002f,2.1605f,0.6888f,0.1041f,-1.5704f,-0.1066f,0f,0f,0f,1f],start_interpolation: 0,interpolation_duration: 1}
$data merge entity $(right_cheek) {transformation: [-0.996f,0.0014f,-0.089f,-0.4909f,0.0189f,0.9803f,-0.1967f,3.2457f,0.0869f,-0.1976f,-0.9764f,-0.6017f,0f,0f,0f,1f],start_interpolation: 0,interpolation_duration: 1}
$data merge entity $(right_foot) {transformation: [-1.019f,-0.0095f,0.0829f,-0.6253f,0.0022f,1.0123f,0.143f,-4.7121f,-0.0834f,0.1427f,-1.0089f,0.7141f,0f,0f,0f,1f],start_interpolation: 0,interpolation_duration: 1}
$data merge entity $(right_knee) {transformation: [-3.0417f,-0.012f,-0.009f,-0.7295f,-0.0124f,3.0371f,0.1668f,-0.5022f,0.0083f,0.1669f,-3.0371f,0.821f,0f,0f,0f,1f],start_interpolation: 0,interpolation_duration: 1}
$data merge entity $(right_leg) {transformation: [-1.7179f,-0.0088f,-0.0029f,-0.6721f,-0.0077f,1.655f,-0.4609f,2.163f,0.0051f,-0.4609f,-1.655f,0.1309f,0f,0f,0f,1f],start_interpolation: 0,interpolation_duration: 1}
$data merge entity $(weist) {transformation: [-1.5988f,0.0024f,-0.2754f,0f,0.0029f,1.6223f,-0.0029f,3.8122f,0.2754f,-0.0034f,-1.5988f,-0.1071f,0f,0f,0f,1f],start_interpolation: 0,interpolation_duration: 1}
data modify storage animated_java:temp entry.data merge value {"locators":{"consume":{"px":-1.9671335955,"py":1.4958893704,"pz":0.7094114329,"ry":315.0160804912,"rx":-16.2127866851}}}
# Data Manager: Prepare for Read / Write
execute store result storage animated_java:temp args.id int 1 run scoreboard players get @s aj.id
# Data Manager: Write
function animated_java:global/data_manager/write with storage animated_java:temp args