# This file was generated by Animated Java via MC-Build. It is not recommended to edit this file directly.
$data merge entity $(neck) {transformation: [-0.9989f,0.044f,0.016f,0.107f,0.0464f,0.884f,0.4652f,6.3369f,0.0063f,0.4654f,-0.8851f,-0.2766f,0f,0f,0f,1f],start_interpolation: 0,interpolation_duration: 1}
$data merge entity $(right_thumb_2) {transformation: [-0.8889f,0.4077f,-0.2088f,-3.1769f,0.4428f,0.8815f,-0.1641f,4.7891f,0.1172f,-0.2383f,-0.9641f,-2.2314f,0f,0f,0f,1f],start_interpolation: 0,interpolation_duration: 1}
$data merge entity $(right_thumb) {transformation: [-0.8889f,0.1963f,-0.4138f,-3.2398f,0.4428f,0.5994f,-0.6668f,5.057f,0.1172f,-0.776f,-0.6198f,-2.455f,0f,0f,0f,1f],start_interpolation: 0,interpolation_duration: 1}
$data merge entity $(right_fingers2) {transformation: [-0.9617f,0.2741f,0.0054f,-3.9058f,0.2316f,0.8229f,-0.5189f,4.5164f,-0.1467f,-0.4977f,-0.8548f,-2.2253f,0f,0f,0f,1f],start_interpolation: 0,interpolation_duration: 1}
$data merge entity $(right_fingers) {transformation: [-0.5961f,0.8029f,0.0054f,-3.6938f,0.6847f,0.5118f,-0.5189f,4.6778f,-0.4194f,-0.3056f,-0.8548f,-2.3305f,0f,0f,0f,1f],start_interpolation: 0,interpolation_duration: 1}
$data merge entity $(scout) {transformation: [0f,0f,0f,-3.5265f,0f,0f,0f,4.5588f,0f,0f,0f,-2.382f,0f,0f,0f,1f],start_interpolation: 0,interpolation_duration: 1}
$data merge entity $(right_hand) {transformation: [-0.7836f,0.6213f,0.0054f,-3.3081f,0.5289f,0.6716f,-0.5189f,5.0647f,-0.326f,-0.4037f,-0.8548f,-2.6146f,0f,0f,0f,1f],start_interpolation: 0,interpolation_duration: 1}
$data merge entity $(right_forearm) {transformation: [0.0334f,1.1795f,0.7105f,-1.5073f,0.316f,0.6852f,-1.1523f,6.0414f,-1.3402f,0.191f,-0.254f,-2.2805f,0f,0f,0f,1f],start_interpolation: 0,interpolation_duration: 1}
$data merge entity $(right_shoulder) {transformation: [-0.7755f,0.4149f,1.1732f,-0.8829f,1.244f,0.2904f,0.7197f,6.1216f,-0.0287f,1.376f,-0.5056f,-0.5808f,0f,0f,0f,1f],start_interpolation: 0,interpolation_duration: 1}
$data merge entity $(right_arm) {transformation: [-0.9753f,-0.0102f,0.2208f,-0.334f,0.0928f,0.8878f,0.4507f,6.3303f,-0.2007f,0.46f,-0.8649f,-0.3417f,0f,0f,0f,1f],start_interpolation: 0,interpolation_duration: 1}
$data merge entity $(left_thumb_2) {transformation: [-0.8415f,-0.0967f,0.5316f,3.6804f,-0.3353f,0.865f,-0.3733f,3.7899f,-0.4237f,-0.4924f,-0.7603f,-0.2408f,0f,0f,0f,1f],start_interpolation: 0,interpolation_duration: 1}
$data merge entity $(left_thumb) {transformation: [-0.8415f,0.2469f,0.4806f,3.8779f,-0.3353f,0.459f,-0.8228f,3.9989f,-0.4237f,-0.8535f,-0.3034f,-0.4483f,0f,0f,0f,1f],start_interpolation: 0,interpolation_duration: 1}
$data merge entity $(left_fingers2) {transformation: [-0.9677f,0.1129f,0.2254f,4.2784f,-0.0694f,0.7402f,-0.6687f,3.4293f,-0.2423f,-0.6628f,-0.7085f,0.103f,0f,0f,0f,1f],start_interpolation: 0,interpolation_duration: 1}
$data merge entity $(left_fingers) {transformation: [-0.8365f,-0.4995f,0.2254f,4.1613f,-0.5057f,0.545f,-0.6687f,3.594f,0.2112f,-0.6734f,-0.7085f,-0.1f,0f,0f,0f,1f],start_interpolation: 0,interpolation_duration: 1}
$data merge entity $(left_hand) {transformation: [-0.9372f,-0.266f,0.2254f,4.0031f,-0.3474f,0.6573f,-0.6687f,3.9664f,0.0297f,-0.7051f,-0.7085f,-0.5642f,0f,0f,0f,1f],start_interpolation: 0,interpolation_duration: 1}
$data merge entity $(left_forearm) {transformation: [-0.5547f,-0.9978f,-0.7705f,2.4493f,-0.059f,0.8614f,-1.0731f,5.2222f,1.2593f,-0.3992f,-0.3897f,-1.1272f,0f,0f,0f,1f],start_interpolation: 0,interpolation_duration: 1}
$data merge entity $(left_shoulder) {transformation: [-0.9981f,-0.97f,-0.4611f,1.0802f,-1.0573f,0.7766f,0.6549f,5.9349f,-0.1891f,0.7783f,-1.2281f,-0.1769f,0f,0f,0f,1f],start_interpolation: 0,interpolation_duration: 1}
$data merge entity $(left_arm) {transformation: [-0.9753f,-0.0102f,0.2208f,0.5292f,0.0928f,0.8878f,0.4507f,6.2482f,-0.2007f,0.46f,-0.8649f,-0.1641f,0f,0f,0f,1f],start_interpolation: 0,interpolation_duration: 1}
$data merge entity $(chest) {transformation: [-1.2469f,-0.0131f,0.2823f,0.1236f,0.1186f,1.1351f,0.5762f,4.7014f,-0.2566f,0.5882f,-1.1059f,-1.1136f,0f,0f,0f,1f],start_interpolation: 0,interpolation_duration: 1}
$data merge entity $(left_cheek) {transformation: [-0.997f,-0.0757f,0.0139f,0.3299f,-0.0755f,0.997f,0.0167f,3.7654f,-0.0151f,0.0156f,-0.9998f,-2.1642f,0f,0f,0f,1f],start_interpolation: 0,interpolation_duration: 1}
$data merge entity $(left_foot) {transformation: [-0.9777f,0.1231f,-0.2722f,0.6674f,-0.2295f,0.2872f,0.954f,-2.3158f,0.1913f,0.9735f,-0.247f,-5.9237f,0f,0f,0f,1f],start_interpolation: 0,interpolation_duration: 1}
$data merge entity $(left_knee) {transformation: [-2.9997f,0.1221f,-0.4886f,0.9025f,-0.3451f,1.6512f,2.5312f,0.0829f,0.3669f,2.5516f,-1.6145f,-2.4687f,0f,0f,0f,1f],start_interpolation: 0,interpolation_duration: 1}
$data merge entity $(left_leg) {transformation: [-1.6942f,-0.14f,-0.2476f,0.615f,-0.1949f,1.6606f,0.3948f,2.7236f,0.2072f,0.4174f,-1.6536f,-1.7429f,0f,0f,0f,1f],start_interpolation: 0,interpolation_duration: 1}
$data merge entity $(right_cheek) {transformation: [-0.9975f,0.0603f,-0.0363f,-0.5771f,0.0654f,0.9844f,-0.1632f,3.887f,0.0259f,-0.1651f,-0.9859f,-2.0247f,0f,0f,0f,1f],start_interpolation: 0,interpolation_duration: 1}
$data merge entity $(right_foot) {transformation: [-1.0099f,0.0446f,0.1528f,-1.0749f,0.0463f,1.0213f,0.0078f,-3.9209f,-0.1522f,0.0147f,-1.0109f,-0.1211f,0f,0f,0f,1f],start_interpolation: 0,interpolation_duration: 1}
$data merge entity $(right_knee) {transformation: [-3.0281f,0.1356f,0.2535f,-0.9637f,0.1312f,3.0383f,-0.0583f,0.2856f,-0.2558f,-0.0471f,-3.0306f,-0.3176f,0f,0f,0f,1f],start_interpolation: 0,interpolation_duration: 1}
$data merge entity $(right_leg) {transformation: [-1.7151f,0.08f,0.0591f,-0.7659f,0.0443f,1.5286f,-0.7827f,2.7557f,-0.0891f,-0.7799f,-1.5281f,-1.5185f,0f,0f,0f,1f],start_interpolation: 0,interpolation_duration: 1}
$data merge entity $(weist) {transformation: [-1.6009f,0.0917f,-0.2463f,0f,0.0372f,1.5841f,0.348f,4.3767f,0.2602f,0.3377f,-1.5653f,-1.4005f,0f,0f,0f,1f],start_interpolation: 0,interpolation_duration: 1}
data modify storage animated_java:temp entry.data merge value {"locators":{"consume":{"px":-3.5858239152,"py":4.4464901447,"pz":-2.269108287,"ry":0.364227159,"rx":-31.2557221958}}}
# Data Manager: Prepare for Read / Write
execute store result storage animated_java:temp args.id int 1 run scoreboard players get @s aj.id
# Data Manager: Write
function animated_java:global/data_manager/write with storage animated_java:temp args