# This file was generated by Animated Java via MC-Build. It is not recommended to edit this file directly.
$data merge entity $(neck) {transformation: [-0.9978f,0.0638f,0.0164f,0.0769f,0.059f,0.755f,0.6531f,6.4786f,0.0293f,0.6527f,-0.7571f,-0.2557f,0f,0f,0f,1f],start_interpolation: 0,interpolation_duration: 1}
$data merge entity $(right_thumb_2) {transformation: [-0.9468f,0.3106f,-0.0844f,-2.739f,0.3183f,0.9425f,-0.1021f,4.1972f,0.0479f,-0.1235f,-0.9912f,-1.5668f,0f,0f,0f,1f],start_interpolation: 0,interpolation_duration: 1}
$data merge entity $(right_thumb) {transformation: [-0.9468f,0.0991f,-0.3062f,-2.8432f,0.3183f,0.4299f,-0.8449f,4.3946f,0.0479f,-0.8974f,-0.4385f,-1.8422f,0f,0f,0f,1f],start_interpolation: 0,interpolation_duration: 1}
$data merge entity $(right_fingers2) {transformation: [0.5806f,-0.8114f,0.0671f,-2.9497f,-0.6042f,-0.4846f,-0.6325f,3.764f,0.5458f,0.3268f,-0.7716f,-1.439f,0f,0f,0f,1f],start_interpolation: 0,interpolation_duration: 1}
$data merge entity $(right_fingers) {transformation: [-0.8315f,-0.5514f,0.0671f,-3.1298f,-0.4629f,0.621f,-0.6325f,3.9233f,0.3072f,-0.557f,-0.7716f,-1.5947f,0f,0f,0f,1f],start_interpolation: 0,interpolation_duration: 1}
$data merge entity $(scout) {transformation: [0f,0f,0f,-2.9407f,0f,0f,0f,3.8535f,0f,0f,0f,-1.6592f,0f,0f,0f,1f],start_interpolation: 0,interpolation_duration: 1}
$data merge entity $(right_hand) {transformation: [-0.9473f,0.3133f,0.0671f,-2.9296f,0.2025f,0.7476f,-0.6325f,4.3535f,-0.2483f,-0.5856f,-0.7716f,-1.9873f,0f,0f,0f,1f],start_interpolation: 0,interpolation_duration: 1}
$data merge entity $(right_forearm) {transformation: [-0.2389f,0.9063f,1.0093f,-1.5181f,0.0753f,1.0321f,-0.909f,5.8716f,-1.3544f,-0.1025f,-0.2285f,-2.0936f,0f,0f,0f,1f],start_interpolation: 0,interpolation_duration: 1}
$data merge entity $(right_shoulder) {transformation: [-1.0986f,0.3252f,0.9149f,-0.9296f,0.9693f,0.4495f,1.0042f,6.192f,-0.0578f,1.3572f,-0.5518f,-0.4095f,0f,0f,0f,1f],start_interpolation: 0,interpolation_duration: 1}
$data merge entity $(right_arm) {transformation: [-1f,0f,0f,-0.3657f,0f,0.7934f,0.6088f,6.4269f,0f,0.6088f,-0.7934f,-0.2398f,0f,0f,0f,1f],start_interpolation: 0,interpolation_duration: 1}
$data merge entity $(left_thumb_2) {transformation: [-0.8821f,-0.4114f,0.2295f,3.5435f,-0.4483f,0.8828f,-0.1405f,4.212f,-0.1448f,-0.2268f,-0.9631f,-0.9834f,0f,0f,0f,1f],start_interpolation: 0,interpolation_duration: 1}
$data merge entity $(left_thumb) {transformation: [-0.8821f,-0.0328f,0.4699f,3.6571f,-0.4483f,0.3651f,-0.8159f,4.4074f,-0.1448f,-0.9304f,-0.3367f,-1.2565f,0f,0f,0f,1f],start_interpolation: 0,interpolation_duration: 1}
$data merge entity $(left_fingers2) {transformation: [0.5649f,0.8163f,0.1203f,3.7898f,0.6497f,-0.3502f,-0.6748f,3.8193f,-0.5087f,0.4594f,-0.7282f,-0.8003f,0f,0f,0f,1f],start_interpolation: 0,interpolation_duration: 1}
$data merge entity $(left_fingers) {transformation: [-0.8359f,0.5356f,0.1203f,3.9668f,0.3268f,0.6617f,-0.6748f,3.9937f,-0.441f,-0.5247f,-0.7282f,-0.9427f,0f,0f,0f,1f],start_interpolation: 0,interpolation_duration: 1}
$data merge entity $(left_hand) {transformation: [-0.9375f,-0.3265f,0.1203f,3.7669f,-0.3185f,0.6658f,-0.6748f,4.3712f,0.1402f,-0.6709f,-0.7282f,-1.3862f,0f,0f,0f,1f],start_interpolation: 0,interpolation_duration: 1}
$data merge entity $(left_forearm) {transformation: [-0.4343f,-1.009f,-0.8309f,2.199f,-0.1032f,0.8993f,-1.0382f,5.6834f,1.303f,-0.2651f,-0.3591f,-1.7444f,0f,0f,0f,1f],start_interpolation: 0,interpolation_duration: 1}
$data merge entity $(left_shoulder) {transformation: [-1.0052f,-0.7684f,-0.741f,1.0834f,-1.0617f,0.6139f,0.8036f,6.192f,-0.1109f,1.0874f,-0.9772f,-0.4095f,0f,0f,0f,1f],start_interpolation: 0,interpolation_duration: 1}
$data merge entity $(left_arm) {transformation: [-1f,0f,0f,0.5194f,0f,0.7934f,0.6088f,6.4269f,0f,0.6088f,-0.7934f,-0.2398f,0f,0f,0f,1f],start_interpolation: 0,interpolation_duration: 1}
$data merge entity $(chest) {transformation: [-1.2785f,0f,0f,0.0769f,0f,1.0143f,0.7783f,5.0152f,0f,0.7783f,-1.0143f,-1.3667f,0f,0f,0f,1f],start_interpolation: 0,interpolation_duration: 1}
$data merge entity $(left_cheek) {transformation: [-0.9887f,-0.119f,-0.0909f,0.3047f,-0.106f,0.9849f,-0.1365f,3.9647f,0.1058f,-0.1253f,-0.9865f,-2.5622f,0f,0f,0f,1f],start_interpolation: 0,interpolation_duration: 1}
$data merge entity $(left_foot) {transformation: [-0.9589f,0.0123f,-0.3545f,0.5038f,-0.2258f,0.767f,0.6372f,-2.2038f,0.2736f,0.6759f,-0.7166f,-5.5542f,0f,0f,0f,1f],start_interpolation: 0,interpolation_duration: 1}
$data merge entity $(left_knee) {transformation: [-2.9616f,0.2914f,-0.6296f,0.9662f,-0.3533f,1.7423f,2.4682f,0.3187f,0.597f,2.4762f,-1.6625f,-2.2122f,0f,0f,0f,1f],start_interpolation: 0,interpolation_duration: 1}
$data merge entity $(left_leg) {transformation: [-1.6727f,-0.2011f,-0.3362f,0.5843f,-0.1995f,1.7061f,-0.0279f,3.0445f,0.3372f,0.0119f,-1.6845f,-2.1298f,0f,0f,0f,1f],start_interpolation: 0,interpolation_duration: 1}
$data merge entity $(right_cheek) {transformation: [-0.9976f,0.0376f,0.0573f,-0.611f,0.0254f,0.9795f,-0.1999f,4.1775f,-0.0637f,-0.198f,-0.9781f,-2.3843f,0f,0f,0f,1f],start_interpolation: 0,interpolation_duration: 1}
$data merge entity $(right_foot) {transformation: [-1.0182f,0.0469f,0.0792f,-1.0987f,0.0477f,1.0212f,0.0087f,-3.5231f,-0.0787f,0.0124f,-1.0193f,-0.5756f,0f,0f,0f,1f],start_interpolation: 0,interpolation_duration: 1}
$data merge entity $(right_knee) {transformation: [-3.037f,0.1258f,0.1147f,-1.0071f,0.1296f,3.0373f,0.0998f,0.6884f,-0.1104f,0.1045f,-3.0379f,-0.5585f,0f,0f,0f,1f],start_interpolation: 0,interpolation_duration: 1}
$data merge entity $(right_leg) {transformation: [-1.7011f,0.093f,0.2215f,-0.7938f,-0.0321f,1.4817f,-0.8689f,3.089f,-0.238f,-0.8645f,-1.4654f,-1.8906f,0f,0f,0f,1f],start_interpolation: 0,interpolation_duration: 1}
$data merge entity $(weist) {transformation: [-1.5976f,0.1211f,-0.2547f,0f,0.0516f,1.5659f,0.421f,4.6905f,0.2773f,0.4065f,-1.5459f,-1.7086f,0f,0f,0f,1f],start_interpolation: 0,interpolation_duration: 1}
data modify storage animated_java:temp entry.data merge value {"locators":{"consume":{"px":-2.9456120721,"py":3.749809433,"pz":-1.5247180139,"ry":4.9685894867,"rx":-39.2384492323}}}
# Data Manager: Prepare for Read / Write
execute store result storage animated_java:temp args.id int 1 run scoreboard players get @s aj.id
# Data Manager: Write
function animated_java:global/data_manager/write with storage animated_java:temp args