# This file was generated by Animated Java via MC-Build. It is not recommended to edit this file directly.
$data merge entity $(neck) {transformation: [-0.9974f,0.0714f,0.0048f,0.0822f,0.0559f,0.7366f,0.674f,6.4151f,0.0446f,0.6726f,-0.7387f,-0.2705f,0f,0f,0f,1f],start_interpolation: 0,interpolation_duration: 1}
$data merge entity $(right_thumb_2) {transformation: [-0.9309f,0.3138f,-0.1871f,-2.6036f,0.3268f,0.9441f,-0.0425f,4.2885f,0.1633f,-0.1007f,-0.9814f,-1.1943f,0f,0f,0f,1f],start_interpolation: 0,interpolation_duration: 1}
$data merge entity $(right_thumb) {transformation: [-0.9309f,-0.037f,-0.3634f,-2.7484f,0.3268f,0.3605f,-0.8737f,4.4652f,0.1633f,-0.932f,-0.3235f,-1.4654f,0f,0f,0f,1f],start_interpolation: 0,interpolation_duration: 1}
$data merge entity $(right_fingers2) {transformation: [0.9903f,0.1273f,-0.0547f,-2.6649f,0.0591f,-0.7455f,-0.6639f,3.9408f,-0.1253f,0.6543f,-0.7458f,-1.1127f,0f,0f,0f,1f],start_interpolation: 0,interpolation_duration: 1}
$data merge entity $(right_fingers) {transformation: [-0.3031f,-0.9514f,-0.0547f,-2.9449f,-0.7006f,0.2614f,-0.6639f,3.9907f,0.6459f,-0.1629f,-0.7458f,-1.1464f,0f,0f,0f,1f],start_interpolation: 0,interpolation_duration: 1}
$data merge entity $(scout) {transformation: [0f,0f,0f,-2.7694f,0f,0f,0f,3.9288f,0f,0f,0f,-1.2472f,0f,0f,0f,1f],start_interpolation: 0,interpolation_duration: 1}
$data merge entity $(right_hand) {transformation: [-0.9896f,0.1333f,-0.0547f,-2.8605f,0.1358f,0.7354f,-0.6639f,4.4123f,-0.0483f,-0.6644f,-0.7458f,-1.5872f,0f,0f,0f,1f],start_interpolation: 0,interpolation_duration: 1}
$data merge entity $(right_forearm) {transformation: [-0.5243f,0.7945f,0.9955f,-1.606f,-0.0182f,1.0718f,-0.8649f,5.9957f,-1.2735f,-0.3424f,-0.3975f,-2.0644f,0f,0f,0f,1f],start_interpolation: 0,interpolation_duration: 1}
$data merge entity $(right_shoulder) {transformation: [-1.1027f,0.4016f,0.879f,-0.9223f,0.9578f,0.277f,1.075f,6.1058f,0.1284f,1.3827f,-0.4707f,-0.3894f,0f,0f,0f,1f],start_interpolation: 0,interpolation_duration: 1}
$data merge entity $(right_arm) {transformation: [-0.9988f,0.0053f,-0.0479f,-0.3579f,-0.0259f,0.7803f,0.6248f,6.3517f,0.0407f,0.6254f,-0.7793f,-0.2377f,0f,0f,0f,1f],start_interpolation: 0,interpolation_duration: 1}
$data merge entity $(left_thumb_2) {transformation: [-0.8382f,-0.5202f,0.164f,3.6186f,-0.5203f,0.8528f,0.0458f,4.3668f,-0.1637f,-0.0469f,-0.9854f,-1.088f,0f,0f,0f,1f],start_interpolation: 0,interpolation_duration: 1}
$data merge entity $(left_thumb) {transformation: [-0.8382f,-0.0712f,0.5408f,3.7123f,-0.5203f,0.4019f,-0.7535f,4.5839f,-0.1637f,-0.9129f,-0.3739f,-1.3521f,0f,0f,0f,1f],start_interpolation: 0,interpolation_duration: 1}
$data merge entity $(left_fingers2) {transformation: [0.9815f,0.0616f,0.1811f,3.7585f,0.1598f,-0.7842f,-0.5996f,4.0385f,0.1051f,0.6174f,-0.7796f,-1.0253f,0f,0f,0f,1f],start_interpolation: 0,interpolation_duration: 1}
$data merge entity $(left_fingers) {transformation: [-0.4707f,0.8635f,0.1811f,4.0192f,0.6432f,0.4763f,-0.5996f,4.1517f,-0.604f,-0.1657f,-0.7796f,-1.0612f,0f,0f,0f,1f],start_interpolation: 0,interpolation_duration: 1}
$data merge entity $(left_hand) {transformation: [-0.9321f,-0.3135f,0.1811f,3.8299f,-0.3574f,0.7161f,-0.5996f,4.5633f,0.0583f,-0.6236f,-0.7796f,-1.4784f,0f,0f,0f,1f],start_interpolation: 0,interpolation_duration: 1}
$data merge entity $(left_forearm) {transformation: [-0.502f,-1.0234f,-0.7731f,2.2396f,-0.2071f,0.884f,-1.0358f,5.8482f,1.2658f,-0.2612f,-0.476f,-1.8365f,0f,0f,0f,1f],start_interpolation: 0,interpolation_duration: 1}
$data merge entity $(left_shoulder) {transformation: [-0.9479f,-0.808f,-0.7735f,1.0883f,-1.0938f,0.4575f,0.8626f,6.1578f,-0.234f,1.1347f,-0.8986f,-0.4712f,0f,0f,0f,1f],start_interpolation: 0,interpolation_duration: 1}
$data merge entity $(left_arm) {transformation: [-0.9988f,0.0053f,-0.0479f,0.5262f,-0.0259f,0.7803f,0.6248f,6.3746f,0.0407f,0.6254f,-0.7793f,-0.2737f,0f,0f,0f,1f],start_interpolation: 0,interpolation_duration: 1}
$data merge entity $(chest) {transformation: [-1.2771f,0.0067f,-0.0612f,0.073f,-0.0331f,0.9977f,0.7989f,4.9755f,0.052f,0.7995f,-0.9963f,-1.4121f,0f,0f,0f,1f],start_interpolation: 0,interpolation_duration: 1}
$data merge entity $(left_cheek) {transformation: [-0.9743f,-0.145f,-0.1726f,0.3365f,-0.1212f,0.9825f,-0.1415f,3.9441f,0.1901f,-0.117f,-0.9748f,-2.601f,0f,0f,0f,1f],start_interpolation: 0,interpolation_duration: 1}
$data merge entity $(left_foot) {transformation: [-0.9281f,-0.0079f,-0.4287f,0.5808f,-0.2249f,0.8793f,0.4707f,-2.723f,0.3651f,0.5216f,-0.7999f,-5.1553f,0f,0f,0f,1f],start_interpolation: 0,interpolation_duration: 1}
$data merge entity $(left_knee) {transformation: [-2.8998f,0.3228f,-0.8596f,1.0756f,-0.398f,2.1243f,2.1404f,0.316f,0.8275f,2.153f,-1.9829f,-2.2804f,0f,0f,0f,1f],start_interpolation: 0,interpolation_duration: 1}
$data merge entity $(left_leg) {transformation: [-1.6378f,-0.2323f,-0.4636f,0.6489f,-0.2248f,1.7022f,-0.059f,3.0354f,0.4673f,0.0044f,-1.6532f,-2.2054f,0f,0f,0f,1f],start_interpolation: 0,interpolation_duration: 1}
$data merge entity $(right_cheek) {transformation: [-0.9979f,0.0624f,0.0158f,-0.5294f,0.059f,0.9849f,-0.1629f,4.1233f,-0.0257f,-0.1616f,-0.9865f,-2.4249f,0f,0f,0f,1f],start_interpolation: 0,interpolation_duration: 1}
$data merge entity $(right_foot) {transformation: [-1.0179f,0.0501f,0.081f,-1.0797f,0.0505f,1.0211f,0.0029f,-3.6329f,-0.0807f,0.0069f,-1.0192f,-0.731f,0f,0f,0f,1f],start_interpolation: 0,interpolation_duration: 1}
$data merge entity $(right_knee) {transformation: [-3.034f,0.1347f,0.17f,-0.9734f,0.1401f,3.0371f,0.0933f,0.5783f,-0.1656f,0.1009f,-3.0356f,-0.7203f,0f,0f,0f,1f],start_interpolation: 0,interpolation_duration: 1}
$data merge entity $(right_leg) {transformation: [-1.7087f,0.1102f,0.1406f,-0.7299f,0.0303f,1.5112f,-0.8166f,3.0219f,-0.176f,-0.8097f,-1.5049f,-1.9661f,0f,0f,0f,1f],start_interpolation: 0,interpolation_duration: 1}
$data merge entity $(weist) {transformation: [-1.5984f,0.0591f,-0.2714f,0f,-0.0156f,1.5635f,0.4327f,4.6508f,0.2773f,0.4289f,-1.5398f,-1.7609f,0f,0f,0f,1f],start_interpolation: 0,interpolation_duration: 1}
data modify storage animated_java:temp entry.data merge value {"locators":{"consume":{"px":-2.739128833,"py":3.8315668008,"pz":-1.1111750213,"ry":355.8019971279,"rx":-41.5990357644}}}
# Data Manager: Prepare for Read / Write
execute store result storage animated_java:temp args.id int 1 run scoreboard players get @s aj.id
# Data Manager: Write
function animated_java:global/data_manager/write with storage animated_java:temp args