# This file was generated by Animated Java via MC-Build. It is not recommended to edit this file directly.
$data merge entity $(neck) {transformation: [-0.9973f,0.0718f,-0.0135f,0.0802f,0.0441f,0.7386f,0.6727f,6.4658f,0.0583f,0.6703f,-0.7398f,-0.31f,0f,0f,0f,1f],start_interpolation: 0,interpolation_duration: 1}
$data merge entity $(right_thumb_2) {transformation: [-0.9064f,0.3728f,-0.1985f,-2.7734f,0.3526f,0.9266f,0.1304f,4.4465f,0.2326f,0.0482f,-0.9714f,-1.3595f,0f,0f,0f,1f],start_interpolation: 0,interpolation_duration: 1}
$data merge entity $(right_thumb) {transformation: [-0.9064f,-0.0324f,-0.4212f,-2.9123f,0.3526f,0.491f,-0.7966f,4.668f,0.2326f,-0.8706f,-0.4336f,-1.5989f,0f,0f,0f,1f],start_interpolation: 0,interpolation_duration: 1}
$data merge entity $(right_fingers2) {transformation: [0.9619f,0.2505f,-0.1092f,-2.841f,0.1536f,-0.8261f,-0.5422f,4.1122f,-0.226f,0.5047f,-0.8332f,-1.3434f,0f,0f,0f,1f],start_interpolation: 0,interpolation_duration: 1}
$data merge entity $(right_fingers) {transformation: [-0.2434f,-0.9638f,-0.1092f,-3.1233f,-0.7981f,0.263f,-0.5422f,4.1607f,0.5512f,-0.0448f,-0.8332f,-1.3467f,0f,0f,0f,1f],start_interpolation: 0,interpolation_duration: 1}
$data merge entity $(scout) {transformation: [0f,0f,0f,-2.9541f,0f,0f,0f,4.1065f,0f,0f,0f,-1.4616f,0f,0f,0f,1f],start_interpolation: 0,interpolation_duration: 1}
$data merge entity $(right_hand) {transformation: [-0.9824f,0.1514f,-0.1092f,-3.0303f,0.1865f,0.8193f,-0.5422f,4.639f,0.0074f,-0.553f,-0.8332f,-1.7232f,0f,0f,0f,1f],start_interpolation: 0,interpolation_duration: 1}
$data merge entity $(right_forearm) {transformation: [-0.5641f,0.8367f,0.9374f,-1.7126f,0.1761f,1.0701f,-0.8491f,6.2123f,-1.2441f,-0.2279f,-0.5452f,-2.0345f,0f,0f,0f,1f],start_interpolation: 0,interpolation_duration: 1}
$data merge entity $(right_shoulder) {transformation: [-1.0581f,0.4983f,0.8843f,-0.9203f,0.9714f,0.1269f,1.0909f,6.1362f,0.2942f,1.3731f,-0.4217f,-0.4062f,0f,0f,0f,1f],start_interpolation: 0,interpolation_duration: 1}
$data merge entity $(right_arm) {transformation: [-0.997f,0.0033f,-0.0772f,-0.3577f,-0.0455f,0.7823f,0.6212f,6.3937f,0.0624f,0.6229f,-0.7798f,-0.2675f,0f,0f,0f,1f],start_interpolation: 0,interpolation_duration: 1}
$data merge entity $(left_thumb_2) {transformation: [-0.843f,-0.4927f,0.2161f,3.5259f,-0.5001f,0.8657f,0.0228f,4.3463f,-0.1983f,-0.0888f,-0.9761f,-0.9113f,0f,0f,0f,1f],start_interpolation: 0,interpolation_duration: 1}
$data merge entity $(left_thumb) {transformation: [-0.843f,0.0004f,0.538f,3.6434f,-0.5001f,0.3679f,-0.7839f,4.5499f,-0.1983f,-0.9299f,-0.3099f,-1.1767f,0f,0f,0f,1f],start_interpolation: 0,interpolation_duration: 1}
$data merge entity $(left_fingers2) {transformation: [0.9646f,-0.1588f,0.2106f,3.6362f,0.01f,-0.776f,-0.6306f,4.0295f,0.2635f,0.6104f,-0.747f,-0.8473f,0f,0f,0f,1f],start_interpolation: 0,interpolation_duration: 1}
$data merge entity $(left_fingers) {transformation: [-0.325f,0.922f,0.2106f,3.9096f,0.6755f,0.3822f,-0.6306f,4.1148f,-0.6619f,-0.0627f,-0.747f,-0.852f,0f,0f,0f,1f],start_interpolation: 0,interpolation_duration: 1}
$data merge entity $(left_hand) {transformation: [-0.9485f,-0.2367f,0.2106f,3.7688f,-0.3168f,0.7085f,-0.6306f,4.5205f,0f,-0.6648f,-0.747f,-1.2934f,0f,0f,0f,1f],start_interpolation: 0,interpolation_duration: 1}
$data merge entity $(left_forearm) {transformation: [-0.5996f,-0.9601f,-0.7847f,2.2694f,-0.0995f,0.9061f,-1.0326f,5.8433f,1.236f,-0.3928f,-0.4638f,-1.8504f,0f,0f,0f,1f],start_interpolation: 0,interpolation_duration: 1}
$data merge entity $(left_shoulder) {transformation: [-0.968f,-0.8291f,-0.7248f,1.0867f,-1.078f,0.516f,0.8494f,6.2278f,-0.2252f,1.0937f,-0.9503f,-0.5319f,0f,0f,0f,1f],start_interpolation: 0,interpolation_duration: 1}
$data merge entity $(left_arm) {transformation: [-0.997f,0.0033f,-0.0772f,0.5247f,-0.0455f,0.7823f,0.6212f,6.434f,0.0624f,0.6229f,-0.7798f,-0.3228f,0f,0f,0f,1f],start_interpolation: 0,interpolation_duration: 1}
$data merge entity $(chest) {transformation: [-1.2747f,0.0042f,-0.0987f,0.0749f,-0.0582f,1.0002f,0.7943f,5.0225f,0.0798f,0.7964f,-0.997f,-1.4471f,0f,0f,0f,1f],start_interpolation: 0,interpolation_duration: 1}
$data merge entity $(left_cheek) {transformation: [-0.9507f,-0.1467f,-0.2732f,0.3752f,-0.1223f,0.987f,-0.1043f,4.0417f,0.2849f,-0.0658f,-0.9563f,-2.5948f,0f,0f,0f,1f],start_interpolation: 0,interpolation_duration: 1}
$data merge entity $(left_foot) {transformation: [-0.8815f,-0.0187f,-0.5175f,0.6804f,-0.2038f,0.9518f,0.3127f,-3.2072f,0.4761f,0.3728f,-0.8244f,-4.6265f,0f,0f,0f,1f],start_interpolation: 0,interpolation_duration: 1}
$data merge entity $(left_knee) {transformation: [-2.7992f,0.2783f,-1.1573f,1.0986f,-0.4112f,2.5493f,1.6076f,0.3986f,1.117f,1.6358f,-2.3084f,-2.489f,0f,0f,0f,1f],start_interpolation: 0,interpolation_duration: 1}
$data merge entity $(left_leg) {transformation: [-1.581f,-0.2101f,-0.6386f,0.7148f,-0.2322f,1.7021f,0.0148f,3.1154f,0.6309f,0.0999f,-1.5948f,-2.256f,0f,0f,0f,1f],start_interpolation: 0,interpolation_duration: 1}
$data merge entity $(right_cheek) {transformation: [-0.9952f,0.0924f,-0.0312f,-0.4394f,0.0956f,0.9875f,-0.1254f,4.1548f,0.0193f,-0.1278f,-0.9916f,-2.4454f,0f,0f,0f,1f],start_interpolation: 0,interpolation_duration: 1}
$data merge entity $(right_foot) {transformation: [-1.0167f,0.0567f,0.0916f,-1.0812f,0.0565f,1.0208f,-0.0054f,-3.6482f,-0.0918f,-0.0003f,-1.0182f,-0.8426f,0f,0f,0f,1f],start_interpolation: 0,interpolation_duration: 1}
$data merge entity $(right_knee) {transformation: [-3.0275f,0.1538f,0.25f,-0.945f,0.1603f,3.0366f,0.0733f,0.5621f,-0.2459f,0.0861f,-3.0306f,-0.8544f,0f,0f,0f,1f],start_interpolation: 0,interpolation_duration: 1}
$data merge entity $(right_leg) {transformation: [-1.7121f,0.133f,0.0475f,-0.6621f,0.0983f,1.5368f,-0.7616f,3.0424f,-0.1014f,-0.7563f,-1.5392f,-2.0167f,0f,0f,0f,1f],start_interpolation: 0,interpolation_duration: 1}
$data merge entity $(weist) {transformation: [-1.5962f,-0.0053f,-0.29f,0f,-0.0846f,1.5599f,0.4375f,4.6978f,0.2774f,0.4456f,-1.5351f,-1.7941f,0f,0f,0f,1f],start_interpolation: 0,interpolation_duration: 1}
data modify storage animated_java:temp entry.data merge value {"locators":{"consume":{"px":-2.9249371443,"py":3.9888579266,"pz":-1.3426058891,"ry":352.5323625027,"rx":-32.8301284091}}}
# Data Manager: Prepare for Read / Write
execute store result storage animated_java:temp args.id int 1 run scoreboard players get @s aj.id
# Data Manager: Write
function animated_java:global/data_manager/write with storage animated_java:temp args