# This file was generated by Animated Java via MC-Build. It is not recommended to edit this file directly.
$data merge entity $(neck) {transformation: [-0.9972f,0.0688f,-0.0296f,0.0749f,0.0324f,0.7527f,0.6575f,6.484f,0.0675f,0.6547f,-0.7528f,-0.3519f,0f,0f,0f,1f],start_interpolation: 0,interpolation_duration: 1}
$data merge entity $(right_thumb_2) {transformation: [-0.9102f,0.3868f,-0.1482f,-2.9835f,0.3464f,0.907f,0.2396f,4.1981f,0.2271f,0.1667f,-0.9595f,-1.4548f,0f,0f,0f,1f],start_interpolation: 0,interpolation_duration: 1}
$data merge entity $(right_thumb) {transformation: [-0.9102f,0.0123f,-0.4141f,-3.1086f,0.3464f,0.5705f,-0.7447f,4.4435f,0.2271f,-0.8212f,-0.5235f,-1.6779f,0f,0f,0f,1f],start_interpolation: 0,interpolation_duration: 1}
$data merge entity $(right_fingers2) {transformation: [0.9486f,0.3062f,-0.0797f,-3.05f,0.238f,-0.8566f,-0.4578f,3.8764f,-0.2085f,0.4153f,-0.8855f,-1.481f,0f,0f,0f,1f],start_interpolation: 0,interpolation_duration: 1}
$data merge entity $(right_fingers) {transformation: [-0.227f,-0.9706f,-0.0797f,-3.3336f,-0.8566f,0.2379f,-0.4578f,3.9167f,0.4633f,-0.0356f,-0.8855f,-1.4846f,0f,0f,0f,1f],start_interpolation: 0,interpolation_duration: 1}
$data merge entity $(scout) {transformation: [0f,0f,0f,-3.1603f,0f,0f,0f,3.872f,0f,0f,0f,-1.5975f,0f,0f,0f,1f],start_interpolation: 0,interpolation_duration: 1}
$data merge entity $(right_hand) {transformation: [-0.9805f,0.1799f,-0.0797f,-3.2218f,0.1963f,0.8671f,-0.4578f,4.4281f,-0.0132f,-0.4645f,-0.8855f,-1.809f,0f,0f,0f,1f],start_interpolation: 0,interpolation_duration: 1}
$data merge entity $(right_forearm) {transformation: [-0.5199f,0.8532f,0.9481f,-1.8807f,0.2631f,1.0735f,-0.8218f,6.004f,-1.248f,-0.1291f,-0.5682f,-1.9721f,0f,0f,0f,1f],start_interpolation: 0,interpolation_duration: 1}
$data merge entity $(right_shoulder) {transformation: [-1.104f,0.6219f,0.7377f,-0.9236f,0.9095f,0.2964f,1.1112f,6.1463f,0.3222f,1.2943f,-0.609f,-0.4394f,0f,0f,0f,1f],start_interpolation: 0,interpolation_duration: 1}
$data merge entity $(right_arm) {transformation: [-0.9966f,-0.0007f,-0.0818f,-0.3625f,-0.0501f,0.7961f,0.603f,6.4103f,0.0647f,0.6051f,-0.7935f,-0.3073f,0f,0f,0f,1f],start_interpolation: 0,interpolation_duration: 1}
$data merge entity $(left_thumb_2) {transformation: [-0.8622f,-0.394f,0.3183f,3.2901f,-0.4426f,0.8917f,-0.0949f,4.1013f,-0.2465f,-0.2227f,-0.9432f,-0.3933f,0f,0f,0f,1f],start_interpolation: 0,interpolation_duration: 1}
$data merge entity $(left_thumb) {transformation: [-0.8622f,0.142f,0.4863f,3.4568f,-0.4426f,0.2559f,-0.8594f,4.2614f,-0.2465f,-0.9562f,-0.1578f,-0.6621f,0f,0f,0f,1f],start_interpolation: 0,interpolation_duration: 1}
$data merge entity $(left_fingers2) {transformation: [0.893f,-0.3893f,0.2257f,3.3546f,-0.1111f,-0.6768f,-0.7278f,3.7931f,0.436f,0.6249f,-0.6476f,-0.2959f,0f,0f,0f,1f],start_interpolation: 0,interpolation_duration: 1}
$data merge entity $(left_fingers) {transformation: [-0.1271f,0.9659f,0.2257f,3.6351f,0.6371f,0.2539f,-0.7278f,3.8421f,-0.7602f,0.0512f,-0.6476f,-0.2646f,0f,0f,0f,1f],start_interpolation: 0,interpolation_duration: 1}
$data merge entity $(left_hand) {transformation: [-0.9709f,-0.0804f,0.2257f,3.5908f,-0.2228f,0.6486f,-0.7278f,4.2072f,-0.0879f,-0.7569f,-0.6476f,-0.7586f,0f,0f,0f,1f],start_interpolation: 0,interpolation_duration: 1}
$data merge entity $(left_forearm) {transformation: [-0.7376f,-0.7961f,-0.8481f,2.3303f,0.1663f,0.9217f,-1.0099f,5.5655f,1.1513f,-0.6432f,-0.3974f,-1.6938f,0f,0f,0f,1f],start_interpolation: 0,interpolation_duration: 1}
$data merge entity $(left_shoulder) {transformation: [-1.0556f,-0.8631f,-0.539f,1.0826f,-1.0018f,0.745f,0.769f,6.2471f,-0.1788f,0.9219f,-1.126f,-0.5696f,0f,0f,0f,1f],start_interpolation: 0,interpolation_duration: 1}
$data merge entity $(left_arm) {transformation: [-0.9966f,-0.0007f,-0.0818f,0.5196f,-0.0501f,0.7961f,0.603f,6.4546f,0.0647f,0.6051f,-0.7935f,-0.3646f,0f,0f,0f,1f],start_interpolation: 0,interpolation_duration: 1}
$data merge entity $(chest) {transformation: [-1.2743f,-0.001f,-0.1046f,0.0771f,-0.064f,1.0179f,0.771f,5.0154f,0.0827f,0.7737f,-1.0145f,-1.4562f,0f,0f,0f,1f],start_interpolation: 0,interpolation_duration: 1}
$data merge entity $(left_cheek) {transformation: [-0.9228f,-0.149f,-0.3554f,0.3951f,-0.1294f,0.9885f,-0.0784f,4.0794f,0.363f,-0.0264f,-0.9314f,-2.552f,0f,0f,0f,1f],start_interpolation: 0,interpolation_duration: 1}
$data merge entity $(left_foot) {transformation: [-0.8334f,-0.0584f,-0.5893f,0.9002f,-0.1896f,0.9902f,0.1699f,-3.5146f,0.561f,0.2478f,-0.818f,-4.1057f,0f,0f,0f,1f],start_interpolation: 0,interpolation_duration: 1}
$data merge entity $(left_knee) {transformation: [-2.688f,0.1328f,-1.4174f,1.1031f,-0.4412f,2.8017f,1.0992f,0.4206f,1.3535f,1.1769f,-2.4566f,-2.6162f,0f,0f,0f,1f],start_interpolation: 0,interpolation_duration: 1}
$data merge entity $(left_leg) {transformation: [-1.5182f,-0.1902f,-0.7812f,0.7581f,-0.2492f,1.6983f,0.0707f,3.1289f,0.7645f,0.1758f,-1.5284f,-2.258f,0f,0f,0f,1f],start_interpolation: 0,interpolation_duration: 1}
$data merge entity $(right_cheek) {transformation: [-0.9961f,0.0873f,0.0126f,-0.3873f,0.0856f,0.9912f,-0.1009f,4.1444f,-0.0213f,-0.0995f,-0.9948f,-2.4109f,0f,0f,0f,1f],start_interpolation: 0,interpolation_duration: 1}
$data merge entity $(right_foot) {transformation: [-1.0165f,0.0514f,0.0968f,-1.0414f,0.0512f,1.0211f,-0.0052f,-3.7037f,-0.0969f,-0.0003f,-1.0178f,-0.9279f,0f,0f,0f,1f],start_interpolation: 0,interpolation_duration: 1}
$data merge entity $(right_knee) {transformation: [-3.023f,0.1397f,0.3068f,-0.9223f,0.1484f,3.0371f,0.0798f,0.5072f,-0.3027f,0.0943f,-3.0252f,-0.9299f,0f,0f,0f,1f],start_interpolation: 0,interpolation_duration: 1}
$data merge entity $(right_leg) {transformation: [-1.7072f,0.1489f,0.1214f,-0.6163f,0.0843f,1.5561f,-0.723f,3.0179f,-0.1726f,-0.7125f,-1.5537f,-2.0187f,0f,0f,0f,1f],start_interpolation: 0,interpolation_duration: 1}
$data merge entity $(weist) {transformation: [-1.5932f,-0.0482f,-0.302f,0f,-0.1287f,1.5589f,0.4304f,4.6907f,0.2774f,0.4467f,-1.5348f,-1.7951f,0f,0f,0f,1f],start_interpolation: 0,interpolation_duration: 1}
data modify storage animated_java:temp entry.data merge value {"locators":{"consume":{"px":-3.1368659574,"py":3.7430030487,"pz":-1.4894256643,"ry":354.8553464571,"rx":-27.2426472998}}}
# Data Manager: Prepare for Read / Write
execute store result storage animated_java:temp args.id int 1 run scoreboard players get @s aj.id
# Data Manager: Write
function animated_java:global/data_manager/write with storage animated_java:temp args