# This file was generated by Animated Java via MC-Build. It is not recommended to edit this file directly.
$data merge entity $(neck) {transformation: [-0.9972f,0.0675f,-0.0305f,0.0742f,0.0316f,0.7597f,0.6495f,6.4659f,0.0671f,0.6467f,-0.7598f,-0.3525f,0f,0f,0f,1f],start_interpolation: 0,interpolation_duration: 1}
$data merge entity $(right_thumb_2) {transformation: [-0.9135f,0.3636f,-0.1824f,-2.9617f,0.3303f,0.9247f,0.1894f,4.0729f,0.2375f,0.1128f,-0.9648f,-1.2942f,0f,0f,0f,1f],start_interpolation: 0,interpolation_duration: 1}
$data merge entity $(right_thumb) {transformation: [-0.9135f,-0.0271f,-0.4059f,-3.1001f,0.3303f,0.5332f,-0.7788f,4.3044f,0.2375f,-0.8455f,-0.4781f,-1.5242f,0f,0f,0f,1f],start_interpolation: 0,interpolation_duration: 1}
$data merge entity $(right_fingers2) {transformation: [0.9453f,0.3139f,-0.0887f,-3.0215f,0.2302f,-0.8347f,-0.5004f,3.7449f,-0.2311f,0.4526f,-0.8613f,-1.3009f,0f,0f,0f,1f],start_interpolation: 0,interpolation_duration: 1}
$data merge entity $(right_fingers) {transformation: [-0.2072f,-0.9743f,-0.0887f,-3.3056f,-0.8365f,0.2235f,-0.5004f,3.7813f,0.5073f,-0.0295f,-0.8613f,-1.3013f,0f,0f,0f,1f],start_interpolation: 0,interpolation_duration: 1}
$data merge entity $(scout) {transformation: [0f,0f,0f,-3.1339f,0f,0f,0f,3.736f,0f,0f,0f,-1.4165f,0f,0f,0f,1f],start_interpolation: 0,interpolation_duration: 1}
$data merge entity $(right_hand) {transformation: [-0.9855f,0.1444f,-0.0887f,-3.2159f,0.1694f,0.8491f,-0.5004f,4.2799f,0.0031f,-0.5081f,-0.8613f,-1.6515f,0f,0f,0f,1f],start_interpolation: 0,interpolation_duration: 1}
$data merge entity $(right_forearm) {transformation: [-0.5594f,0.8194f,0.9554f,-1.9239f,0.1789f,1.0866f,-0.8272f,5.8788f,-1.2459f,-0.2119f,-0.5478f,-1.9387f,0f,0f,0f,1f],start_interpolation: 0,interpolation_duration: 1}
$data merge entity $(right_shoulder) {transformation: [-1.1214f,0.6512f,0.6843f,-0.9259f,0.8935f,0.3866f,1.0964f,6.1348f,0.3065f,1.2555f,-0.6925f,-0.4474f,0f,0f,0f,1f],start_interpolation: 0,interpolation_duration: 1}
$data merge entity $(right_arm) {transformation: [-0.9977f,-0.0015f,-0.068f,-0.3643f,-0.0417f,0.8035f,0.5939f,6.3961f,0.0538f,0.5953f,-0.8017f,-0.3121f,0f,0f,0f,1f],start_interpolation: 0,interpolation_duration: 1}
$data merge entity $(left_thumb_2) {transformation: [-0.8608f,-0.3877f,0.3296f,3.2959f,-0.4399f,0.8926f,-0.0986f,4.0614f,-0.256f,-0.2299f,-0.9389f,-0.3327f,0f,0f,0f,1f],start_interpolation: 0,interpolation_duration: 1}
$data merge entity $(left_thumb) {transformation: [-0.8608f,0.1535f,0.4852f,3.4661f,-0.4399f,0.2553f,-0.861f,4.2209f,-0.256f,-0.9546f,-0.1522f,-0.5997f,0f,0f,0f,1f],start_interpolation: 0,interpolation_duration: 1}
$data merge entity $(left_fingers2) {transformation: [0.8998f,-0.3713f,0.229f,3.3599f,-0.0938f,-0.6772f,-0.7298f,3.7507f,0.426f,0.6352f,-0.6442f,-0.2299f,0f,0f,0f,1f],start_interpolation: 0,interpolation_duration: 1}
$data merge entity $(left_fingers) {transformation: [-0.1347f,0.9641f,0.229f,3.6401f,0.6317f,0.2616f,-0.7298f,3.8021f,-0.7634f,0.0463f,-0.6442f,-0.1999f,0f,0f,0f,1f],start_interpolation: 0,interpolation_duration: 1}
$data merge entity $(left_hand) {transformation: [-0.9707f,-0.0727f,0.229f,3.6008f,-0.2206f,0.6471f,-0.7298f,4.1662f,-0.0951f,-0.7589f,-0.6442f,-0.6949f,0f,0f,0f,1f],start_interpolation: 0,interpolation_duration: 1}
$data merge entity $(left_forearm) {transformation: [-0.7461f,-0.7903f,-0.8461f,2.3488f,0.1742f,0.9185f,-1.0115f,5.5199f,1.1446f,-0.6549f,-0.3976f,-1.6481f,0f,0f,0f,1f],start_interpolation: 0,interpolation_duration: 1}
$data merge entity $(left_shoulder) {transformation: [-1.057f,-0.8775f,-0.5125f,1.0824f,-0.9982f,0.7583f,0.7606f,6.2187f,-0.1901f,0.8972f,-1.144f,-0.5557f,0f,0f,0f,1f],start_interpolation: 0,interpolation_duration: 1}
$data merge entity $(left_arm) {transformation: [-0.9977f,-0.0015f,-0.068f,0.5187f,-0.0417f,0.8035f,0.5939f,6.433f,0.0538f,0.5953f,-0.8017f,-0.3597f,0f,0f,0f,1f],start_interpolation: 0,interpolation_duration: 1}
$data merge entity $(chest) {transformation: [-1.2756f,-0.0019f,-0.087f,0.0775f,-0.0533f,1.0273f,0.7593f,4.984f,0.0688f,0.7612f,-1.025f,-1.4388f,0f,0f,0f,1f],start_interpolation: 0,interpolation_duration: 1}
$data merge entity $(left_cheek) {transformation: [-0.9209f,-0.1555f,-0.3574f,0.3815f,-0.1341f,0.9874f,-0.0842f,4.0481f,0.3659f,-0.0296f,-0.9302f,-2.5228f,0f,0f,0f,1f],start_interpolation: 0,interpolation_duration: 1}
$data merge entity $(left_foot) {transformation: [-0.8308f,-0.0671f,-0.5921f,0.9337f,-0.1937f,0.9911f,0.1593f,-3.5581f,0.5635f,0.2416f,-0.8181f,-4.0588f,0f,0f,0f,1f],start_interpolation: 0,interpolation_duration: 1}
$data merge entity $(left_knee) {transformation: [-2.6818f,0.114f,-1.4308f,1.1099f,-0.4563f,2.8071f,1.0789f,0.3843f,1.3609f,1.1658f,-2.4578f,-2.5849f,0f,0f,0f,1f],start_interpolation: 0,interpolation_duration: 1}
$data merge entity $(left_leg) {transformation: [-1.5147f,-0.1993f,-0.7858f,0.7507f,-0.2577f,1.6972f,0.0664f,3.0907f,0.7686f,0.1764f,-1.5263f,-2.2256f,0f,0f,0f,1f],start_interpolation: 0,interpolation_duration: 1}
$data merge entity $(right_cheek) {transformation: [-0.9963f,0.0837f,0.0188f,-0.3983f,0.0814f,0.9915f,-0.1015f,4.1158f,-0.0271f,-0.0996f,-0.9947f,-2.3768f,0f,0f,0f,1f],start_interpolation: 0,interpolation_duration: 1}
$data merge entity $(right_foot) {transformation: [-1.0163f,0.0472f,0.1007f,-1.0303f,0.0473f,1.0213f,-0.0007f,-3.7324f,-0.1006f,0.004f,-1.0174f,-0.9102f,0f,0f,0f,1f],start_interpolation: 0,interpolation_duration: 1}
$data merge entity $(right_knee) {transformation: [-3.022f,0.1284f,0.321f,-0.9262f,0.1391f,3.0371f,0.0944f,0.4788f,-0.3165f,0.1085f,-3.0233f,-0.8928f,0f,0f,0f,1f],start_interpolation: 0,interpolation_duration: 1}
$data merge entity $(right_leg) {transformation: [-1.7065f,0.1465f,0.1332f,-0.6243f,0.0768f,1.5549f,-0.7265f,2.988f,-0.1825f,-0.7157f,-1.5511f,-1.9863f,0f,0f,0f,1f],start_interpolation: 0,interpolation_duration: 1}
$data merge entity $(weist) {transformation: [-1.594f,-0.0408f,-0.2991f,0f,-0.1191f,1.5621f,0.4214f,4.6593f,0.2774f,0.436f,-1.5378f,-1.7738f,0f,0f,0f,1f],start_interpolation: 0,interpolation_duration: 1}
data modify storage animated_java:temp entry.data merge value {"locators":{"consume":{"px":-3.1043268547,"py":3.612863327,"pz":-1.3032056189,"ry":354.1202294601,"rx":-30.0234622597}}}
# Data Manager: Prepare for Read / Write
execute store result storage animated_java:temp args.id int 1 run scoreboard players get @s aj.id
# Data Manager: Write
function animated_java:global/data_manager/write with storage animated_java:temp args