# This file was generated by Animated Java via MC-Build. It is not recommended to edit this file directly.
$data merge entity $(neck) {transformation: [-0.9948f,0.0378f,-0.0944f,-0.0446f,0.0188f,0.9807f,0.1944f,6.04f,0.0999f,0.1916f,-0.9764f,-0.0326f,0f,0f,0f,1f],start_interpolation: 0,interpolation_duration: 1}
$data merge entity $(right_thumb_2) {transformation: [-0.6434f,-0.0616f,-0.763f,-1.5983f,0.1459f,0.9686f,-0.2013f,2.1361f,0.7515f,-0.2408f,-0.6142f,0.5783f,0f,0f,0f,1f],start_interpolation: 0,interpolation_duration: 1}
$data merge entity $(right_thumb) {transformation: [-0.6434f,-0.4748f,-0.6005f,-1.8379f,0.1459f,0.694f,-0.705f,2.391f,0.7515f,-0.5412f,-0.3773f,0.5209f,0f,0f,0f,1f],start_interpolation: 0,interpolation_duration: 1}
$data merge entity $(right_fingers2) {transformation: [0.2745f,-0.6669f,-0.6927f,-1.7551f,-0.9406f,-0.0366f,-0.3375f,1.6114f,0.1997f,0.7442f,-0.6374f,0.7172f,0f,0f,0f,1f],start_interpolation: 0,interpolation_duration: 1}
$data merge entity $(right_fingers) {transformation: [-0.5139f,-0.506f,-0.6927f,-1.9189f,-0.389f,0.8572f,-0.3375f,1.8422f,0.7646f,0.0961f,-0.6374f,0.7615f,0f,0f,0f,1f],start_interpolation: 0,interpolation_duration: 1}
$data merge entity $(scout) {transformation: [0f,0f,0f,-1.871f,0f,0f,0f,1.8135f,0f,0f,0f,0.5573f,0f,0f,0f,1f],start_interpolation: 0,interpolation_duration: 1}
$data merge entity $(right_hand) {transformation: [-0.7135f,-0.1052f,-0.6927f,-2.0105f,0.1918f,0.9216f,-0.3375f,2.3924f,0.6739f,-0.3736f,-0.6374f,0.5004f,0f,0f,0f,1f],start_interpolation: 0,interpolation_duration: 1}
$data merge entity $(right_forearm) {transformation: [-1.2677f,-0.0292f,0.5378f,-1.9821f,-0.2523f,1.2472f,-0.5271f,4.262f,-0.4759f,-0.5837f,-1.1533f,-0.4008f,0f,0f,0f,1f],start_interpolation: 0,interpolation_duration: 1}
$data merge entity $(right_shoulder) {transformation: [-1.3462f,0.571f,-0.1076f,-1.0111f,0.4847f,1.2532f,0.587f,5.6733f,0.3205f,0.5033f,-1.3393f,0.1914f,0f,0f,0f,1f],start_interpolation: 0,interpolation_duration: 1}
$data merge entity $(right_arm) {transformation: [-0.9784f,-0.0232f,-0.2054f,-0.4678f,-0.0423f,0.9951f,0.0891f,5.9861f,0.2023f,0.0959f,-0.9746f,0.0968f,0f,0f,0f,1f],start_interpolation: 0,interpolation_duration: 1}
$data merge entity $(left_thumb_2) {transformation: [-0.3517f,0.1551f,0.9232f,1.5583f,-0.4133f,0.8591f,-0.3018f,2.5768f,-0.8399f,-0.4877f,-0.238f,1.3577f,0f,0f,0f,1f],start_interpolation: 0,interpolation_duration: 1}
$data merge entity $(left_thumb) {transformation: [-0.3517f,0.6414f,0.6819f,1.8071f,-0.4133f,0.5471f,-0.7279f,2.8244f,-0.8399f,-0.5378f,0.0727f,1.3082f,0f,0f,0f,1f],start_interpolation: 0,interpolation_duration: 1}
$data merge entity $(left_fingers2) {transformation: [0.3409f,0.3733f,0.8628f,1.6502f,0.8632f,0.2393f,-0.4446f,2.1307f,-0.3725f,0.8963f,-0.2407f,1.692f,0f,0f,0f,1f],start_interpolation: 0,interpolation_duration: 1}
$data merge entity $(left_fingers) {transformation: [-0.217f,0.4566f,0.8628f,1.7928f,0.1042f,0.8897f,-0.4446f,2.378f,-0.9706f,-0.0066f,-0.2407f,1.7158f,0f,0f,0f,1f],start_interpolation: 0,interpolation_duration: 1}
$data merge entity $(left_hand) {transformation: [-0.4447f,0.2405f,0.8628f,1.9764f,-0.4409f,0.7797f,-0.4446f,2.8351f,-0.7797f,-0.5781f,-0.2407f,1.3462f,0f,0f,0f,1f],start_interpolation: 0,interpolation_duration: 1}
$data merge entity $(left_forearm) {transformation: [-1.2712f,0.0211f,-0.5298f,1.9361f,0.4009f,0.9391f,-0.9244f,4.2324f,0.3471f,-1.0074f,-0.8729f,-0.1882f,0f,0f,0f,1f],start_interpolation: 0,interpolation_duration: 1}
$data merge entity $(left_shoulder) {transformation: [-1.3391f,-0.5763f,0.1564f,0.9584f,-0.5767f,1.3477f,0.0285f,5.7584f,-0.155f,-0.0355f,-1.4576f,-0.2158f,0f,0f,0f,1f],start_interpolation: 0,interpolation_duration: 1}
$data merge entity $(left_arm) {transformation: [-0.9784f,-0.0232f,-0.2054f,0.3982f,-0.0423f,0.9951f,0.0891f,6.0236f,0.2023f,0.0959f,-0.9746f,-0.0822f,0f,0f,0f,1f],start_interpolation: 0,interpolation_duration: 1}
$data merge entity $(chest) {transformation: [-1.2509f,-0.0297f,-0.2626f,0f,-0.0541f,1.2723f,0.1139f,4.2107f,0.2587f,0.1226f,-1.2461f,-0.1995f,0f,0f,0f,1f],start_interpolation: 0,interpolation_duration: 1}
$data merge entity $(left_cheek) {transformation: [-0.9594f,-0.1717f,-0.224f,0.343f,-0.0941f,0.9429f,-0.3196f,3.3712f,0.266f,-0.2856f,-0.9207f,-0.8787f,0f,0f,0f,1f],start_interpolation: 0,interpolation_duration: 1}
$data merge entity $(left_foot) {transformation: [-0.8623f,0.0202f,-0.5489f,0.7257f,0.0099f,1.0221f,0.022f,-4.6781f,0.5492f,0.0132f,-0.8623f,-0.8234f,0f,0f,0f,1f],start_interpolation: 0,interpolation_duration: 1}
$data merge entity $(left_knee) {transformation: [-2.7487f,0.1147f,-1.2976f,0.9103f,-0.1301f,2.9906f,0.54f,-0.5133f,1.2961f,0.5435f,-2.6976f,-0.2188f,0f,0f,0f,1f],start_interpolation: 0,interpolation_duration: 1}
$data merge entity $(left_leg) {transformation: [-1.5524f,-0.1025f,-0.7286f,0.703f,-0.0735f,1.7143f,-0.0845f,2.2326f,0.7321f,-0.0452f,-1.5535f,-0.2153f,0f,0f,0f,1f],start_interpolation: 0,interpolation_duration: 1}
$data merge entity $(right_cheek) {transformation: [-0.9952f,0.0328f,-0.0923f,-0.4705f,0.0534f,0.9717f,-0.2299f,3.2748f,0.0822f,-0.2337f,-0.9688f,-0.7007f,0f,0f,0f,1f],start_interpolation: 0,interpolation_duration: 1}
$data merge entity $(right_foot) {transformation: [-1.0186f,0.0046f,0.0876f,-0.7853f,0.0396f,0.935f,0.4117f,-4.4485f,-0.0783f,0.4135f,-0.9317f,0.3628f,0f,0f,0f,1f],start_interpolation: 0,interpolation_duration: 1}
$data merge entity $(right_knee) {transformation: [-3.0412f,0.0573f,0.0064f,-0.793f,0.0575f,2.9804f,0.6053f,-0.2972f,0.0051f,0.6053f,-2.9809f,1.0787f,0f,0f,0f,1f],start_interpolation: 0,interpolation_duration: 1}
$data merge entity $(right_leg) {transformation: [-1.7177f,0.027f,-0.0165f,-0.6777f,0.0314f,1.5714f,-0.6936f,2.2393f,0.0042f,-0.6938f,-1.5716f,0.0132f,0f,0f,0f,1f],start_interpolation: 0,interpolation_duration: 1}
$data merge entity $(weist) {transformation: [-1.6006f,0.0065f,-0.2649f,0f,0.0078f,1.6223f,-0.0078f,3.886f,0.2648f,-0.009f,-1.6006f,-0.2262f,0f,0f,0f,1f],start_interpolation: 0,interpolation_duration: 1}
data modify storage animated_java:temp entry.data merge value {"locators":{"consume":{"px":-1.7922228297,"py":1.671559715,"pz":0.6073531249,"ry":312.6159069667,"rx":-19.7226690595}}}
# Data Manager: Prepare for Read / Write
execute store result storage animated_java:temp args.id int 1 run scoreboard players get @s aj.id
# Data Manager: Write
function animated_java:global/data_manager/write with storage animated_java:temp args