# This file was generated by Animated Java via MC-Build. It is not recommended to edit this file directly.
$data merge entity $(neck) {transformation: [-0.9973f,0.0663f,-0.0302f,0.0742f,0.0318f,0.7684f,0.6392f,6.4522f,0.0656f,0.6365f,-0.7685f,-0.3486f,0f,0f,0f,1f],start_interpolation: 0,interpolation_duration: 1}
$data merge entity $(right_thumb_2) {transformation: [-0.9125f,0.3582f,-0.1977f,-2.9594f,0.3343f,0.9313f,0.1444f,4.0694f,0.2359f,0.0657f,-0.9696f,-1.2082f,0f,0f,0f,1f],start_interpolation: 0,interpolation_duration: 1}
$data merge entity $(right_thumb) {transformation: [-0.9125f,-0.0403f,-0.4071f,-3.1019f,0.3343f,0.5003f,-0.7987f,4.2912f,0.2359f,-0.8649f,-0.4431f,-1.4452f,0f,0f,0f,1f],start_interpolation: 0,interpolation_duration: 1}
$data merge entity $(right_fingers2) {transformation: [0.9586f,0.2686f,-0.0948f,-3.0215f,0.1784f,-0.8256f,-0.5353f,3.7344f,-0.2221f,0.4962f,-0.8393f,-1.1952f,0f,0f,0f,1f],start_interpolation: 0,interpolation_duration: 1}
$data merge entity $(right_fingers) {transformation: [-0.2303f,-0.9685f,-0.0948f,-3.3047f,-0.8084f,0.2447f,-0.5353f,3.7774f,0.5417f,-0.0466f,-0.8393f,-1.1993f,0f,0f,0f,1f],start_interpolation: 0,interpolation_duration: 1}
$data merge entity $(scout) {transformation: [0f,0f,0f,-3.1338f,0f,0f,0f,3.7277f,0f,0f,0f,-1.314f,0f,0f,0f,1f],start_interpolation: 0,interpolation_duration: 1}
$data merge entity $(right_hand) {transformation: [-0.9858f,0.1387f,-0.0948f,-3.2187f,0.168f,0.8278f,-0.5353f,4.2613f,0.0042f,-0.5437f,-0.8393f,-1.5704f,0f,0f,0f,1f],start_interpolation: 0,interpolation_duration: 1}
$data merge entity $(right_forearm) {transformation: [-0.5691f,0.8192f,0.9499f,-1.9268f,0.1241f,1.0747f,-0.8525f,5.8436f,-1.2482f,-0.2667f,-0.5178f,-1.9389f,0f,0f,0f,1f],start_interpolation: 0,interpolation_duration: 1}
$data merge entity $(right_shoulder) {transformation: [-1.1155f,0.6531f,0.6921f,-0.9279f,0.9085f,0.4137f,1.0739f,6.1303f,0.2831f,1.2458f,-0.7194f,-0.4539f,0f,0f,0f,1f],start_interpolation: 0,interpolation_duration: 1}
$data merge entity $(right_arm) {transformation: [-0.9988f,-0.0018f,-0.0494f,-0.3656f,-0.0303f,0.8123f,0.5825f,6.3877f,0.0391f,0.5833f,-0.8113f,-0.3138f,0f,0f,0f,1f],start_interpolation: 0,interpolation_duration: 1}
$data merge entity $(left_thumb_2) {transformation: [-0.8561f,-0.3907f,0.3384f,3.3374f,-0.4431f,0.8919f,-0.0911f,4.0474f,-0.2662f,-0.2279f,-0.9366f,-0.3099f,0f,0f,0f,1f],start_interpolation: 0,interpolation_duration: 1}
$data merge entity $(left_thumb) {transformation: [-0.8561f,0.1567f,0.4926f,3.5078f,-0.4431f,0.2684f,-0.8554f,4.2115f,-0.2662f,-0.9505f,-0.1603f,-0.574f,0f,0f,0f,1f],start_interpolation: 0,interpolation_duration: 1}
$data merge entity $(left_fingers2) {transformation: [0.9185f,-0.3169f,0.2366f,3.4065f,-0.0523f,-0.6904f,-0.7215f,3.7314f,0.392f,0.6504f,-0.6507f,-0.2023f,0f,0f,0f,1f],start_interpolation: 0,interpolation_duration: 1}
$data merge entity $(left_fingers) {transformation: [-0.1687f,0.9569f,0.2366f,3.6856f,0.629f,0.2893f,-0.7215f,3.7908f,-0.7589f,0.0271f,-0.6507f,-0.1779f,0f,0f,0f,1f],start_interpolation: 0,interpolation_duration: 1}
$data merge entity $(left_hand) {transformation: [-0.9684f,-0.0784f,0.2366f,3.643f,-0.2292f,0.6533f,-0.7215f,4.159f,-0.098f,-0.753f,-0.6507f,-0.6696f,0f,0f,0f,1f],start_interpolation: 0,interpolation_duration: 1}
$data merge entity $(left_forearm) {transformation: [-0.7461f,-0.8041f,-0.833f,2.3707f,0.1527f,0.914f,-1.019f,5.5047f,1.1477f,-0.6443f,-0.4059f,-1.607f,0f,0f,0f,1f],start_interpolation: 0,interpolation_duration: 1}
$data merge entity $(left_shoulder) {transformation: [-1.0463f,-0.8968f,-0.5009f,1.0826f,-1.0058f,0.7495f,0.7592f,6.1913f,-0.2083f,0.8854f,-1.15f,-0.5326f,0f,0f,0f,1f],start_interpolation: 0,interpolation_duration: 1}
$data merge entity $(left_arm) {transformation: [-0.9988f,-0.0018f,-0.0494f,0.5184f,-0.0303f,0.8123f,0.5825f,6.4145f,0.0391f,0.5833f,-0.8113f,-0.3484f,0f,0f,0f,1f],start_interpolation: 0,interpolation_duration: 1}
$data merge entity $(chest) {transformation: [-1.277f,-0.0023f,-0.0632f,0.078f,-0.0388f,1.0385f,0.7447f,4.9542f,0.05f,0.7457f,-1.0373f,-1.4126f,0f,0f,0f,1f],start_interpolation: 0,interpolation_duration: 1}
$data merge entity $(left_cheek) {transformation: [-0.9217f,-0.1627f,-0.3521f,0.3618f,-0.1384f,0.986f,-0.0932f,4.0143f,0.3623f,-0.0372f,-0.9313f,-2.4853f,0f,0f,0f,1f],start_interpolation: 0,interpolation_duration: 1}
$data merge entity $(left_foot) {transformation: [-0.8322f,-0.0711f,-0.5895f,0.941f,-0.1991f,0.9897f,0.1617f,-3.5828f,0.5594f,0.2464f,-0.8195f,-4.0419f,0f,0f,0f,1f],start_interpolation: 0,interpolation_duration: 1}
$data merge entity $(left_knee) {transformation: [-2.6854f,0.1117f,-1.4243f,1.1144f,-0.4692f,2.7953f,1.1038f,0.3445f,1.3494f,1.1942f,-2.4506f,-2.5282f,0f,0f,0f,1f],start_interpolation: 0,interpolation_duration: 1}
$data merge entity $(left_leg) {transformation: [-1.5167f,-0.211f,-0.7788f,0.7361f,-0.265f,1.6965f,0.0565f,3.0497f,0.7621f,0.17f,-1.5302f,-2.1793f,0f,0f,0f,1f],start_interpolation: 0,interpolation_duration: 1}
$data merge entity $(right_cheek) {transformation: [-0.9963f,0.0824f,0.0244f,-0.4146f,0.0795f,0.9914f,-0.1042f,4.0901f,-0.0328f,-0.1019f,-0.9943f,-2.3311f,0f,0f,0f,1f],start_interpolation: 0,interpolation_duration: 1}
$data merge entity $(right_foot) {transformation: [-1.0158f,0.0451f,0.1064f,-1.0416f,0.0457f,1.0213f,0.0035f,-3.7536f,-0.1061f,0.0082f,-1.0168f,-0.8709f,0f,0f,0f,1f],start_interpolation: 0,interpolation_duration: 1}
$data merge entity $(right_knee) {transformation: [-3.0206f,0.1239f,0.3358f,-0.9431f,0.1364f,3.0368f,0.1068f,0.4577f,-0.3309f,0.1211f,-3.0213f,-0.8364f,0f,0f,0f,1f],start_interpolation: 0,interpolation_duration: 1}
$data merge entity $(right_leg) {transformation: [-1.7057f,0.1475f,0.1426f,-0.64f,0.0729f,1.5518f,-0.7334f,2.9623f,-0.1918f,-0.7221f,-1.547f,-1.9399f,0f,0f,0f,1f],start_interpolation: 0,interpolation_duration: 1}
$data merge entity $(weist) {transformation: [-1.5952f,-0.0263f,-0.2942f,0f,-0.1014f,1.5665f,0.4096f,4.6295f,0.2774f,0.4212f,-1.542f,-1.7428f,0f,0f,0f,1f],start_interpolation: 0,interpolation_duration: 1}
data modify storage animated_java:temp entry.data merge value {"locators":{"consume":{"px":-3.1030846943,"py":3.6092949868,"pz":-1.1960062217,"ry":353.5523131061,"rx":-32.3669916611}}}
# Data Manager: Prepare for Read / Write
execute store result storage animated_java:temp args.id int 1 run scoreboard players get @s aj.id
# Data Manager: Write
function animated_java:global/data_manager/write with storage animated_java:temp args