# This file was generated by Animated Java via MC-Build. It is not recommended to edit this file directly.
$data merge entity $(neck) {transformation: [-0.9974f,0.0654f,-0.0291f,0.075f,0.0327f,0.7785f,0.6268f,6.4336f,0.0636f,0.6243f,-0.7786f,-0.3417f,0f,0f,0f,1f],start_interpolation: 0,interpolation_duration: 1}
$data merge entity $(right_thumb_2) {transformation: [-0.9099f,0.357f,-0.2112f,-2.9609f,0.3447f,0.934f,0.0934f,4.0983f,0.2306f,0.0122f,-0.973f,-1.1398f,0f,0f,0f,1f],start_interpolation: 0,interpolation_duration: 1}
$data merge entity $(right_thumb) {transformation: [-0.9099f,-0.0489f,-0.4118f,-3.1058f,0.3447f,0.4629f,-0.8166f,4.3099f,0.2306f,-0.8851f,-0.4043f,-1.3846f,0f,0f,0f,1f],start_interpolation: 0,interpolation_duration: 1}
$data merge entity $(right_fingers2) {transformation: [0.9728f,0.2073f,-0.1031f,-3.028f,0.1124f,-0.8121f,-0.5726f,3.7568f,-0.2024f,0.5455f,-0.8133f,-1.1042f,0f,0f,0f,1f],start_interpolation: 0,interpolation_duration: 1}
$data merge entity $(right_fingers) {transformation: [-0.2639f,-0.959f,-0.1031f,-3.3095f,-0.7726f,0.2741f,-0.5726f,3.809f,0.5774f,-0.0715f,-0.8133f,-1.1142f,0f,0f,0f,1f],start_interpolation: 0,interpolation_duration: 1}
$data merge entity $(scout) {transformation: [0f,0f,0f,-3.1397f,0f,0f,0f,3.7531f,0f,0f,0f,-1.2275f,0f,0f,0f,1f],start_interpolation: 0,interpolation_duration: 1}
$data merge entity $(right_hand) {transformation: [-0.9849f,0.1393f,-0.1031f,-3.2236f,0.1733f,0.8013f,-0.5726f,4.2749f,0.0028f,-0.5818f,-0.8133f,-1.5076f,0f,0f,0f,1f],start_interpolation: 0,interpolation_duration: 1}
$data merge entity $(right_forearm) {transformation: [-0.5731f,0.8291f,0.9387f,-1.9169f,0.0765f,1.0536f,-0.8839f,5.8263f,-1.2501f,-0.3156f,-0.4845f,-1.9485f,0f,0f,0f,1f],start_interpolation: 0,interpolation_duration: 1}
$data merge entity $(right_shoulder) {transformation: [-1.1008f,0.6473f,0.7205f,-0.929f,0.9348f,0.4243f,1.0469f,6.1215f,0.2537f,1.2453f,-0.7312f,-0.4578f,0f,0f,0f,1f],start_interpolation: 0,interpolation_duration: 1}
$data merge entity $(right_arm) {transformation: [-0.9996f,-0.0016f,-0.0295f,-0.366f,-0.0181f,0.8221f,0.569f,6.3747f,0.0234f,0.5693f,-0.8218f,-0.313f,0f,0f,0f,1f],start_interpolation: 0,interpolation_duration: 1}
$data merge entity $(left_thumb_2) {transformation: [-0.85f,-0.399f,0.344f,3.3922f,-0.4494f,0.8899f,-0.0781f,4.0363f,-0.2749f,-0.2209f,-0.9357f,-0.3068f,0f,0f,0f,1f],start_interpolation: 0,interpolation_duration: 1}
$data merge entity $(left_thumb) {transformation: [-0.85f,0.1534f,0.504f,3.5604f,-0.4494f,0.2882f,-0.8456f,4.2076f,-0.2749f,-0.9452f,-0.176f,-0.5677f,0f,0f,0f,1f],start_interpolation: 0,interpolation_duration: 1}
$data merge entity $(left_fingers2) {transformation: [0.9379f,-0.2446f,0.2459f,3.4696f,0.0013f,-0.7065f,-0.7077f,3.7139f,0.3468f,0.6641f,-0.6623f,-0.1955f,0f,0f,0f,1f],start_interpolation: 0,interpolation_duration: 1}
$data merge entity $(left_fingers) {transformation: [-0.2147f,0.9452f,0.2459f,3.7468f,0.6266f,0.3264f,-0.7077f,3.784f,-0.7492f,0.0021f,-0.6623f,-0.1786f,0f,0f,0f,1f],start_interpolation: 0,interpolation_duration: 1}
$data merge entity $(left_hand) {transformation: [-0.9649f,-0.0923f,0.2459f,3.6962f,-0.2438f,0.6631f,-0.7077f,4.1588f,-0.0977f,-0.7428f,-0.6623f,-0.6646f,0f,0f,0f,1f],start_interpolation: 0,interpolation_duration: 1}
$data merge entity $(left_forearm) {transformation: [-0.7412f,-0.8263f,-0.8155f,2.3913f,0.1178f,0.909f,-1.0281f,5.4952f,1.1549f,-0.623f,-0.4185f,-1.57f,0f,0f,0f,1f],start_interpolation: 0,interpolation_duration: 1}
$data merge entity $(left_shoulder) {transformation: [-1.0308f,-0.9158f,-0.4986f,1.0831f,-1.018f,0.732f,0.7601f,6.158f,-0.2258f,0.8806f,-1.1504f,-0.5049f,0f,0f,0f,1f],start_interpolation: 0,interpolation_duration: 1}
$data merge entity $(left_arm) {transformation: [-0.9996f,-0.0016f,-0.0295f,0.5187f,-0.0181f,0.8221f,0.569f,6.3907f,0.0234f,0.5693f,-0.8218f,-0.3337f,0f,0f,0f,1f],start_interpolation: 0,interpolation_duration: 1}
$data merge entity $(chest) {transformation: [-1.278f,-0.002f,-0.0377f,0.0782f,-0.0232f,1.0511f,0.7275f,4.9176f,0.0299f,0.7279f,-1.0507f,-1.38f,0f,0f,0f,1f],start_interpolation: 0,interpolation_duration: 1}
$data merge entity $(left_cheek) {transformation: [-0.9238f,-0.17f,-0.343f,0.34f,-0.1423f,0.9843f,-0.1045f,3.9707f,0.3554f,-0.0477f,-0.9335f,-2.442f,0f,0f,0f,1f],start_interpolation: 0,interpolation_duration: 1}
$data merge entity $(left_foot) {transformation: [-0.8358f,-0.0723f,-0.5844f,0.9323f,-0.2048f,0.987f,0.1707f,-3.603f,0.5521f,0.2566f,-0.8213f,-4.0335f,0f,0f,0f,1f],start_interpolation: 0,interpolation_duration: 1}
$data merge entity $(left_knee) {transformation: [-2.6938f,0.1212f,-1.4075f,1.1198f,-0.4789f,2.7727f,1.1553f,0.2955f,1.3291f,1.2448f,-2.4365f,-2.4485f,0f,0f,0f,1f],start_interpolation: 0,interpolation_duration: 1}
$data merge entity $(left_leg) {transformation: [-1.5214f,-0.2249f,-0.7655f,0.7186f,-0.2705f,1.6961f,0.0393f,3.0003f,0.7506f,0.1553f,-1.5375f,-2.1234f,0f,0f,0f,1f],start_interpolation: 0,interpolation_duration: 1}
$data merge entity $(right_cheek) {transformation: [-0.9962f,0.0821f,0.0288f,-0.4326f,0.0785f,0.991f,-0.1081f,4.0577f,-0.0374f,-0.1054f,-0.9937f,-2.278f,0f,0f,0f,1f],start_interpolation: 0,interpolation_duration: 1}
$data merge entity $(right_foot) {transformation: [-1.0152f,0.0441f,0.1124f,-1.0616f,0.0451f,1.0213f,0.007f,-3.7798f,-0.112f,0.0119f,-1.0161f,-0.8182f,0f,0f,0f,1f],start_interpolation: 0,interpolation_duration: 1}
$data merge entity $(right_knee) {transformation: [-3.0192f,0.1225f,0.3486f,-0.9645f,0.1366f,3.0364f,0.1164f,0.4313f,-0.3433f,0.1312f,-3.0195f,-0.77f,0f,0f,0f,1f],start_interpolation: 0,interpolation_duration: 1}
$data merge entity $(right_leg) {transformation: [-1.7049f,0.1495f,0.1499f,-0.6585f,0.0706f,1.5485f,-0.7406f,2.9309f,-0.1996f,-0.7288f,-1.5429f,-1.8841f,0f,0f,0f,1f],start_interpolation: 0,interpolation_duration: 1}
$data merge entity $(weist) {transformation: [-1.5964f,-0.009f,-0.2887f,0f,-0.0805f,1.5712f,0.3962f,4.5929f,0.2774f,0.4041f,-1.5465f,-1.7046f,0f,0f,0f,1f],start_interpolation: 0,interpolation_duration: 1}
data modify storage animated_java:temp entry.data merge value {"locators":{"consume":{"px":-3.1087585812,"py":3.6401017649,"pz":-1.1045071302,"ry":352.7780143975,"rx":-34.9342915963}}}
# Data Manager: Prepare for Read / Write
execute store result storage animated_java:temp args.id int 1 run scoreboard players get @s aj.id
# Data Manager: Write
function animated_java:global/data_manager/write with storage animated_java:temp args