# This file was generated by Animated Java via MC-Build. It is not recommended to edit this file directly.
$data merge entity $(neck) {transformation: [-0.9975f,0.0646f,-0.0279f,0.0762f,0.034f,0.7896f,0.6127f,6.41f,0.0616f,0.6103f,-0.7898f,-0.3336f,0f,0f,0f,1f],start_interpolation: 0,interpolation_duration: 1}
$data merge entity $(right_thumb_2) {transformation: [-0.9071f,0.3582f,-0.2209f,-2.9594f,0.3557f,0.9331f,0.0523f,4.1127f,0.2249f,-0.0312f,-0.9739f,-1.0901f,0f,0f,0f,1f],start_interpolation: 0,interpolation_duration: 1}
$data merge entity $(right_thumb) {transformation: [-0.9071f,-0.0528f,-0.4175f,-3.105f,0.3557f,0.4339f,-0.8277f,4.3167f,0.2249f,-0.8994f,-0.3749f,-1.3409f,0f,0f,0f,1f],start_interpolation: 0,interpolation_duration: 1}
$data merge entity $(right_fingers2) {transformation: [0.9826f,0.1485f,-0.1114f,-3.0322f,0.0526f,-0.7984f,-0.5998f,3.7665f,-0.178f,0.5835f,-0.7923f,-1.0363f,0f,0f,0f,1f],start_interpolation: 0,interpolation_duration: 1}
$data merge entity $(right_fingers) {transformation: [-0.2963f,-0.9486f,-0.1114f,-3.3117f,-0.741f,0.3019f,-0.5998f,3.8273f,0.6026f,-0.0952f,-0.7923f,-1.0523f,0f,0f,0f,1f],start_interpolation: 0,interpolation_duration: 1}
$data merge entity $(scout) {transformation: [0f,0f,0f,-3.1428f,0f,0f,0f,3.7661f,0f,0f,0f,-1.1643f,0f,0f,0f,1f],start_interpolation: 0,interpolation_duration: 1}
$data merge entity $(right_hand) {transformation: [-0.9834f,0.1434f,-0.1114f,-3.2236f,0.1816f,0.7793f,-0.5998f,4.2785f,0.0008f,-0.6101f,-0.7923f,-1.462f,0f,0f,0f,1f],start_interpolation: 0,interpolation_duration: 1}
$data merge entity $(right_forearm) {transformation: [-0.5766f,0.8378f,0.9288f,-1.9041f,0.0423f,1.0352f,-0.9075f,5.8027f,-1.2501f,-0.3514f,-0.4591f,-1.9559f,0f,0f,0f,1f],start_interpolation: 0,interpolation_duration: 1}
$data merge entity $(right_shoulder) {transformation: [-1.0867f,0.6396f,0.7482f,-0.9293f,0.9585f,0.4345f,1.0209f,6.1063f,0.2236f,1.2458f,-0.7401f,-0.4583f,0f,0f,0f,1f],start_interpolation: 0,interpolation_duration: 1}
$data merge entity $(right_arm) {transformation: [-0.9999f,-0.0009f,-0.0119f,-0.3658f,-0.0073f,0.8325f,0.554f,6.3563f,0.0094f,0.554f,-0.8325f,-0.3101f,0f,0f,0f,1f],start_interpolation: 0,interpolation_duration: 1}
$data merge entity $(left_thumb_2) {transformation: [-0.8447f,-0.408f,0.3463f,3.4366f,-0.4555f,0.8879f,-0.065f,4.0119f,-0.281f,-0.2127f,-0.9359f,-0.3061f,0f,0f,0f,1f],start_interpolation: 0,interpolation_duration: 1}
$data merge entity $(left_thumb) {transformation: [-0.8447f,0.1463f,0.5148f,3.6017f,-0.4555f,0.3084f,-0.8351f,4.1904f,-0.281f,-0.9399f,-0.1939f,-0.5641f,0f,0f,0f,1f],start_interpolation: 0,interpolation_duration: 1}
$data merge entity $(left_fingers2) {transformation: [0.9511f,-0.1758f,0.2541f,3.5229f,0.052f,-0.7195f,-0.6925f,3.6835f,0.3045f,0.6718f,-0.6752f,-0.1932f,0f,0f,0f,1f],start_interpolation: 0,interpolation_duration: 1}
$data merge entity $(left_fingers) {transformation: [-0.2579f,0.9322f,0.2541f,3.7976f,0.6243f,0.3615f,-0.6925f,3.7639f,-0.7374f,-0.02f,-0.6752f,-0.1831f,0f,0f,0f,1f],start_interpolation: 0,interpolation_duration: 1}
$data merge entity $(left_hand) {transformation: [-0.9611f,-0.1081f,0.2541f,3.7377f,-0.2588f,0.6734f,-0.6925f,4.1455f,-0.0962f,-0.7313f,-0.6752f,-0.6626f,0f,0f,0f,1f],start_interpolation: 0,interpolation_duration: 1}
$data merge entity $(left_forearm) {transformation: [-0.7363f,-0.8446f,-0.801f,2.4059f,0.0845f,0.9065f,-1.0336f,5.4766f,1.161f,-0.6016f,-0.4328f,-1.5361f,0f,0f,0f,1f],start_interpolation: 0,interpolation_duration: 1}
$data merge entity $(left_shoulder) {transformation: [-1.0184f,-0.9294f,-0.4989f,1.0835f,-1.0278f,0.7185f,0.7597f,6.121f,-0.2371f,0.8774f,-1.1506f,-0.4772f,0f,0f,0f,1f],start_interpolation: 0,interpolation_duration: 1}
$data merge entity $(left_arm) {transformation: [-0.9999f,-0.0009f,-0.0119f,0.5193f,-0.0073f,0.8325f,0.554f,6.3627f,0.0094f,0.554f,-0.8325f,-0.3184f,0f,0f,0f,1f],start_interpolation: 0,interpolation_duration: 1}
$data merge entity $(chest) {transformation: [-1.2785f,-0.0011f,-0.0152f,0.0779f,-0.0093f,1.0644f,0.7083f,4.8752f,0.012f,0.7083f,-1.0643f,-1.3436f,0f,0f,0f,1f],start_interpolation: 0,interpolation_duration: 1}
$data merge entity $(left_cheek) {transformation: [-0.9261f,-0.1771f,-0.3333f,0.3206f,-0.1457f,0.9824f,-0.117f,3.9197f,0.3481f,-0.0598f,-0.9355f,-2.3951f,0f,0f,0f,1f],start_interpolation: 0,interpolation_duration: 1}
$data merge entity $(left_foot) {transformation: [-0.8394f,-0.0724f,-0.5791f,0.9174f,-0.2093f,0.9843f,0.1802f,-3.6236f,0.5448f,0.2666f,-0.823f,-4.0121f,0f,0f,0f,1f],start_interpolation: 0,interpolation_duration: 1}
$data merge entity $(left_knee) {transformation: [-2.7024f,0.1381f,-1.3893f,1.1292f,-0.4842f,2.7462f,1.2149f,0.2408f,1.3094f,1.3005f,-2.4179f,-2.3487f,0f,0f,0f,1f],start_interpolation: 0,interpolation_duration: 1}
$data merge entity $(left_leg) {transformation: [-1.5263f,-0.2404f,-0.751f,0.7026f,-0.2735f,1.696f,0.013f,2.9461f,0.7396f,0.1311f,-1.5451f,-2.0626f,0f,0f,0f,1f],start_interpolation: 0,interpolation_duration: 1}
$data merge entity $(right_cheek) {transformation: [-0.9962f,0.0813f,0.0317f,-0.449f,0.0773f,0.9907f,-0.112f,4.0183f,-0.0405f,-0.1091f,-0.9932f,-2.2218f,0f,0f,0f,1f],start_interpolation: 0,interpolation_duration: 1}
$data merge entity $(right_foot) {transformation: [-1.0147f,0.0429f,0.1175f,-1.0766f,0.0443f,1.0214f,0.0096f,-3.8146f,-0.117f,0.0146f,-1.0156f,-0.7603f,0f,0f,0f,1f],start_interpolation: 0,interpolation_duration: 1}
$data merge entity $(right_knee) {transformation: [-3.0183f,0.1206f,0.3571f,-0.9817f,0.1358f,3.0362f,0.1229f,0.3965f,-0.3516f,0.1379f,-3.0182f,-0.7031f,0f,0f,0f,1f],start_interpolation: 0,interpolation_duration: 1}
$data merge entity $(right_leg) {transformation: [-1.7044f,0.1499f,0.1552f,-0.6752f,0.0682f,1.5466f,-0.7447f,2.8933f,-0.2047f,-0.7327f,-1.5404f,-1.8232f,0f,0f,0f,1f],start_interpolation: 0,interpolation_duration: 1}
$data merge entity $(weist) {transformation: [-1.5973f,0.0068f,-0.2841f,0f,-0.0612f,1.5755f,0.382f,4.5505f,0.2775f,0.3869f,-1.5509f,-1.6617f,0f,0f,0f,1f],start_interpolation: 0,interpolation_duration: 1}
data modify storage animated_java:temp entry.data merge value {"locators":{"consume":{"px":-3.1122924493,"py":3.657155377,"pz":-1.0374697366,"ry":351.9987961497,"rx":-36.8575406943}}}
# Data Manager: Prepare for Read / Write
execute store result storage animated_java:temp args.id int 1 run scoreboard players get @s aj.id
# Data Manager: Write
function animated_java:global/data_manager/write with storage animated_java:temp args