# This file was generated by Animated Java via MC-Build. It is not recommended to edit this file directly.
$data merge entity $(neck) {transformation: [-0.9977f,0.0624f,-0.0265f,0.0764f,0.0356f,0.8145f,0.5791f,6.3669f,0.0577f,0.5768f,-0.8148f,-0.3155f,0f,0f,0f,1f],start_interpolation: 0,interpolation_duration: 1}
$data merge entity $(right_thumb_2) {transformation: [-0.9079f,0.3599f,-0.2148f,-2.9494f,0.3596f,0.9322f,0.0419f,3.9826f,0.2154f,-0.0392f,-0.9757f,-1.0555f,0f,0f,0f,1f],start_interpolation: 0,interpolation_duration: 1}
$data merge entity $(right_thumb) {transformation: [-0.9079f,-0.0374f,-0.4175f,-3.0901f,0.3596f,0.4424f,-0.8216f,4.1898f,0.2154f,-0.8961f,-0.3882f,-1.3063f,0f,0f,0f,1f],start_interpolation: 0,interpolation_duration: 1}
$data merge entity $(right_fingers2) {transformation: [0.9907f,0.0753f,-0.1134f,-3.0291f,-0.0063f,-0.8066f,-0.5911f,3.6301f,-0.136f,0.5863f,-0.7986f,-1.0016f,0f,0f,0f,1f],start_interpolation: 0,interpolation_duration: 1}
$data merge entity $(right_fingers) {transformation: [-0.3368f,-0.9347f,-0.1134f,-3.3058f,-0.7333f,0.3359f,-0.5911f,3.7008f,0.5906f,-0.1159f,-0.7986f,-1.0238f,0f,0f,0f,1f],start_interpolation: 0,interpolation_duration: 1}
$data merge entity $(scout) {transformation: [0f,0f,0f,-3.1369f,0f,0f,0f,3.6382f,0f,0f,0f,-1.135f,0f,0f,0f,1f],start_interpolation: 0,interpolation_duration: 1}
$data merge entity $(right_hand) {transformation: [-0.9808f,0.1589f,-0.1134f,-3.2083f,0.1952f,0.7826f,-0.5911f,4.1544f,-0.0052f,-0.6019f,-0.7986f,-1.4287f,0f,0f,0f,1f],start_interpolation: 0,interpolation_duration: 1}
$data merge entity $(right_forearm) {transformation: [-0.5803f,0.8282f,0.9351f,-1.9029f,0.0386f,1.0425f,-0.8994f,5.6899f,-1.2486f,-0.3528f,-0.4624f,-1.9249f,0f,0f,0f,1f],start_interpolation: 0,interpolation_duration: 1}
$data merge entity $(right_shoulder) {transformation: [-1.0909f,0.6367f,0.7446f,-0.9307f,0.9637f,0.4966f,0.9871f,6.0694f,0.1764f,1.2239f,-0.788f,-0.443f,0f,0f,0f,1f],start_interpolation: 0,interpolation_duration: 1}
$data merge entity $(right_arm) {transformation: [-1f,0.0007f,0.0066f,-0.3665f,0.0041f,0.8541f,0.5202f,6.319f,-0.0052f,0.5202f,-0.854f,-0.2965f,0f,0f,0f,1f],start_interpolation: 0,interpolation_duration: 1}
$data merge entity $(left_thumb_2) {transformation: [-0.8443f,-0.4062f,0.3494f,3.4185f,-0.4522f,0.8901f,-0.0579f,3.878f,-0.2875f,-0.2068f,-0.9352f,-0.2537f,0f,0f,0f,1f],start_interpolation: 0,interpolation_duration: 1}
$data merge entity $(left_thumb) {transformation: [-0.8443f,0.1385f,0.5176f,3.581f,-0.4522f,0.3342f,-0.827f,4.0642f,-0.2875f,-0.9323f,-0.2195f,-0.5079f,0f,0f,0f,1f],start_interpolation: 0,interpolation_duration: 1}
$data merge entity $(left_fingers2) {transformation: [0.9588f,-0.1096f,0.262f,3.5109f,0.0995f,-0.7345f,-0.6713f,3.5416f,0.2661f,0.6697f,-0.6933f,-0.1446f,0f,0f,0f,1f],start_interpolation: 0,interpolation_duration: 1}
$data merge entity $(left_fingers) {transformation: [-0.2925f,0.9197f,0.262f,3.7831f,0.6294f,0.3914f,-0.6713f,3.6305f,-0.7199f,-0.0314f,-0.6933f,-0.1384f,0f,0f,0f,1f],start_interpolation: 0,interpolation_duration: 1}
$data merge entity $(left_hand) {transformation: [-0.9578f,-0.1181f,0.262f,3.7173f,-0.2688f,0.6907f,-0.6713f,4.0237f,-0.1017f,-0.7134f,-0.6933f,-0.6077f,0f,0f,0f,1f],start_interpolation: 0,interpolation_duration: 1}
$data merge entity $(left_forearm) {transformation: [-0.7497f,-0.8306f,-0.8032f,2.406f,0.0653f,0.9255f,-1.018f,5.3831f,1.1536f,-0.5921f,-0.4644f,-1.4683f,0f,0f,0f,1f],start_interpolation: 0,interpolation_duration: 1}
$data merge entity $(left_shoulder) {transformation: [-1.0284f,-0.9284f,-0.48f,1.0823f,-1.0199f,0.7445f,0.7452f,6.0613f,-0.2281f,0.8566f,-1.1679f,-0.4324f,0f,0f,0f,1f],start_interpolation: 0,interpolation_duration: 1}
$data merge entity $(left_arm) {transformation: [-1f,0.0007f,0.0066f,0.5186f,0.0041f,0.8541f,0.5202f,6.3154f,-0.0052f,0.5202f,-0.854f,-0.2919f,0f,0f,0f,1f],start_interpolation: 0,interpolation_duration: 1}
$data merge entity $(chest) {transformation: [-1.2785f,0.0009f,0.0084f,0.075f,0.0052f,1.0919f,0.6651f,4.7927f,-0.0067f,0.6651f,-1.0919f,-1.2632f,0f,0f,0f,1f],start_interpolation: 0,interpolation_duration: 1}
$data merge entity $(left_cheek) {transformation: [-0.9277f,-0.193f,-0.3196f,0.3018f,-0.1522f,0.9771f,-0.1483f,3.8115f,0.3409f,-0.089f,-0.9359f,-2.2968f,0f,0f,0f,1f],start_interpolation: 0,interpolation_duration: 1}
$data merge entity $(left_foot) {transformation: [-0.8425f,-0.073f,-0.5745f,0.889f,-0.2123f,0.9826f,0.1864f,-3.6469f,0.5389f,0.2729f,-0.8249f,-3.8643f,0f,0f,0f,1f],start_interpolation: 0,interpolation_duration: 1}
$data merge entity $(left_knee) {transformation: [-2.7093f,0.2001f,-1.3681f,1.1877f,-0.4766f,2.6902f,1.3372f,0.1447f,1.2979f,1.4054f,-2.3648f,-2.0532f,0f,0f,0f,1f],start_interpolation: 0,interpolation_duration: 1}
$data merge entity $(left_leg) {transformation: [-1.5302f,-0.2853f,-0.7269f,0.6882f,-0.2692f,1.6939f,-0.0982f,2.8501f,0.7331f,0.0264f,-1.5535f,-1.9349f,0f,0f,0f,1f],start_interpolation: 0,interpolation_duration: 1}
$data merge entity $(right_cheek) {transformation: [-0.9968f,0.0738f,0.0306f,-0.4675f,0.0698f,0.9907f,-0.1164f,3.9346f,-0.0389f,-0.1139f,-0.9927f,-2.1075f,0f,0f,0f,1f],start_interpolation: 0,interpolation_duration: 1}
$data merge entity $(right_foot) {transformation: [-1.0145f,0.0365f,0.1209f,-1.0458f,0.0381f,1.0216f,0.0111f,-3.9071f,-0.1204f,0.0155f,-1.0151f,-0.6591f,0f,0f,0f,1f],start_interpolation: 0,interpolation_duration: 1}
$data merge entity $(right_knee) {transformation: [-3.0197f,0.1031f,0.3508f,-0.9755f,0.1184f,3.0368f,0.127f,0.3044f,-0.3459f,0.1398f,-3.0188f,-0.5991f,0f,0f,0f,1f],start_interpolation: 0,interpolation_duration: 1}
$data merge entity $(right_leg) {transformation: [-1.7051f,0.1368f,0.1596f,-0.6901f,0.0565f,1.5548f,-0.7286f,2.8143f,-0.2024f,-0.7179f,-1.5476f,-1.6954f,0f,0f,0f,1f],start_interpolation: 0,interpolation_duration: 1}
$data merge entity $(weist) {transformation: [-1.5979f,0.0209f,-0.2799f,0f,-0.0416f,1.5824f,0.3552f,4.468f,0.2776f,0.357f,-1.558f,-1.5648f,0f,0f,0f,1f],start_interpolation: 0,interpolation_duration: 1}
data modify storage animated_java:temp entry.data merge value {"locators":{"consume":{"px":-3.1089141828,"py":3.5277814174,"pz":-1.0089963296,"ry":351.9181786408,"rx":-36.2347875892}}}
# Data Manager: Prepare for Read / Write
execute store result storage animated_java:temp args.id int 1 run scoreboard players get @s aj.id
# Data Manager: Write
function animated_java:global/data_manager/write with storage animated_java:temp args