# This file was generated by Animated Java via MC-Build. It is not recommended to edit this file directly.
$data merge entity $(neck) {transformation: [-0.9978f,0.0607f,-0.0257f,0.0748f,0.0358f,0.8271f,0.5609f,6.3397f,0.0553f,0.5587f,-0.8275f,-0.304f,0f,0f,0f,1f],start_interpolation: 0,interpolation_duration: 1}
$data merge entity $(right_thumb_2) {transformation: [-0.9114f,0.3605f,-0.1986f,-2.9567f,0.355f,0.9327f,0.0637f,3.8644f,0.2082f,-0.0125f,-0.978f,-1.0813f,0f,0f,0f,1f],start_interpolation: 0,interpolation_duration: 1}
$data merge entity $(right_thumb) {transformation: [-0.9114f,-0.0163f,-0.4112f,-3.0912f,0.355f,0.4742f,-0.8056f,4.081f,0.2082f,-0.8802f,-0.4264f,-1.3276f,0f,0f,0f,1f],start_interpolation: 0,interpolation_duration: 1}
$data merge entity $(right_fingers2) {transformation: [0.994f,0.0302f,-0.1051f,-3.0403f,-0.0341f,-0.8274f,-0.5605f,3.5071f,-0.1039f,0.5607f,-0.8215f,-1.0406f,0f,0f,0f,1f],start_interpolation: 0,interpolation_duration: 1}
$data merge entity $(right_fingers) {transformation: [-0.3635f,-0.9256f,-0.1051f,-3.3151f,-0.7472f,0.3571f,-0.5605f,3.5837f,0.5564f,-0.1252f,-0.8215f,-1.0666f,0f,0f,0f,1f],start_interpolation: 0,interpolation_duration: 1}
$data merge entity $(scout) {transformation: [0f,0f,0f,-3.145f,0f,0f,0f,3.5238f,0f,0f,0f,-1.1774f,0f,0f,0f,1f],start_interpolation: 0,interpolation_duration: 1}
$data merge entity $(right_hand) {transformation: [-0.979f,0.1745f,-0.1051f,-3.2077f,0.2033f,0.8028f,-0.5605f,4.0509f,-0.0134f,-0.5701f,-0.8215f,-1.453f,0f,0f,0f,1f],start_interpolation: 0,interpolation_duration: 1}
$data merge entity $(right_forearm) {transformation: [-0.5694f,0.8235f,0.9459f,-1.9094f,0.0713f,1.0584f,-0.8786f,5.6099f,-1.2521f,-0.3143f,-0.4802f,-1.8917f,0f,0f,0f,1f],start_interpolation: 0,interpolation_duration: 1}
$data merge entity $(right_shoulder) {transformation: [-1.1027f,0.6381f,0.7258f,-0.9325f,0.9533f,0.5372f,0.976f,6.0413f,0.1588f,1.2059f,-0.8188f,-0.4272f,0f,0f,0f,1f],start_interpolation: 0,interpolation_duration: 1}
$data merge entity $(right_arm) {transformation: [-1f,0.0012f,0.0088f,-0.3682f,0.0054f,0.8643f,0.5029f,6.2929f,-0.0071f,0.5029f,-0.8643f,-0.2848f,0f,0f,0f,1f],start_interpolation: 0,interpolation_duration: 1}
$data merge entity $(left_thumb_2) {transformation: [-0.8478f,-0.3944f,0.3544f,3.3696f,-0.4426f,0.8945f,-0.0633f,3.7772f,-0.292f,-0.2105f,-0.933f,-0.2146f,0f,0f,0f,1f],start_interpolation: 0,interpolation_duration: 1}
$data merge entity $(left_thumb) {transformation: [-0.8478f,0.1405f,0.5113f,3.5333f,-0.4426f,0.3436f,-0.8283f,3.9651f,-0.292f,-0.9286f,-0.2291f,-0.4668f,0f,0f,0f,1f],start_interpolation: 0,interpolation_duration: 1}
$data merge entity $(left_fingers2) {transformation: [0.9607f,-0.0857f,0.2641f,3.4611f,0.1165f,-0.7389f,-0.6636f,3.436f,0.252f,0.6683f,-0.6999f,-0.1075f,0f,0f,0f,1f],start_interpolation: 0,interpolation_duration: 1}
$data merge entity $(left_fingers) {transformation: [-0.2994f,0.9169f,0.2641f,3.7328f,0.6334f,0.398f,-0.6636f,3.5266f,-0.7136f,-0.0314f,-0.6999f,-0.1014f,0f,0f,0f,1f],start_interpolation: 0,interpolation_duration: 1}
$data merge entity $(left_hand) {transformation: [-0.9578f,-0.1133f,0.2641f,3.67f,-0.2657f,0.6993f,-0.6636f,3.9255f,-0.1094f,-0.7058f,-0.6999f,-0.5664f,0f,0f,0f,1f],start_interpolation: 0,interpolation_duration: 1}
$data merge entity $(left_forearm) {transformation: [-0.7647f,-0.8064f,-0.8137f,2.3942f,0.0696f,0.9438f,-1.0008f,5.3133f,1.1435f,-0.5967f,-0.4832f,-1.4352f,0f,0f,0f,1f],start_interpolation: 0,interpolation_duration: 1}
$data merge entity $(left_shoulder) {transformation: [-1.0448f,-0.9172f,-0.4659f,1.0804f,-1.0064f,0.7739f,0.7335f,6.0304f,-0.2129f,0.8424f,-1.181f,-0.413f,0f,0f,0f,1f],start_interpolation: 0,interpolation_duration: 1}
$data merge entity $(left_arm) {transformation: [-1f,0.0012f,0.0088f,0.5169f,0.0054f,0.8643f,0.5029f,6.2881f,-0.0071f,0.5029f,-0.8643f,-0.2786f,0f,0f,0f,1f],start_interpolation: 0,interpolation_duration: 1}
$data merge entity $(chest) {transformation: [-1.2785f,0.0015f,0.0113f,0.0726f,0.007f,1.1051f,0.643f,4.7469f,-0.009f,0.643f,-1.105f,-1.2199f,0f,0f,0f,1f],start_interpolation: 0,interpolation_duration: 1}
$data merge entity $(left_cheek) {transformation: [-0.928f,-0.2041f,-0.3118f,0.3002f,-0.1563f,0.9727f,-0.1714f,3.743f,0.3383f,-0.1103f,-0.9346f,-2.2496f,0f,0f,0f,1f],start_interpolation: 0,interpolation_duration: 1}
$data merge entity $(left_foot) {transformation: [-0.8441f,-0.0707f,-0.5725f,0.8639f,-0.2129f,0.9812f,0.1927f,-3.6186f,0.5361f,0.2783f,-0.8248f,-3.7645f,0f,0f,0f,1f],start_interpolation: 0,interpolation_duration: 1}
$data merge entity $(left_knee) {transformation: [-2.7122f,0.2606f,-1.3521f,1.247f,-0.4647f,2.6383f,1.4407f,0.1052f,1.2962f,1.4912f,-2.3127f,-1.8326f,0f,0f,0f,1f],start_interpolation: 0,interpolation_duration: 1}
$data merge entity $(left_leg) {transformation: [-1.5318f,-0.3228f,-0.7076f,0.687f,-0.2625f,1.6859f,-0.2008f,2.801f,0.7321f,-0.0709f,-1.5526f,-1.8702f,0f,0f,0f,1f],start_interpolation: 0,interpolation_duration: 1}
$data merge entity $(right_cheek) {transformation: [-0.9974f,0.0677f,0.0251f,-0.4713f,0.0643f,0.991f,-0.1171f,3.8856f,-0.0329f,-0.1152f,-0.9928f,-2.0513f,0f,0f,0f,1f],start_interpolation: 0,interpolation_duration: 1}
$data merge entity $(right_foot) {transformation: [-1.0148f,0.0323f,0.1197f,-1.0082f,0.0336f,1.0218f,0.0093f,-3.9697f,-0.1194f,0.0132f,-1.0153f,-0.6226f,0f,0f,0f,1f],start_interpolation: 0,interpolation_duration: 1}
$data merge entity $(right_knee) {transformation: [-3.0221f,0.0903f,0.3334f,-0.9564f,0.1046f,3.0373f,0.1259f,0.2422f,-0.3292f,0.1366f,-3.0208f,-0.5666f,0f,0f,0f,1f],start_interpolation: 0,interpolation_duration: 1}
$data merge entity $(right_leg) {transformation: [-1.7064f,0.1239f,0.1558f,-0.6914f,0.0491f,1.565f,-0.7069f,2.7681f,-0.193f,-0.6977f,-1.558f,-1.6306f,0f,0f,0f,1f],start_interpolation: 0,interpolation_duration: 1}
$data merge entity $(weist) {transformation: [-1.5979f,0.0221f,-0.2794f,0f,-0.0382f,1.585f,0.3438f,4.4222f,0.2777f,0.3453f,-1.5607f,-1.5122f,0f,0f,0f,1f],start_interpolation: 0,interpolation_duration: 1}
data modify storage animated_java:temp entry.data merge value {"locators":{"consume":{"px":-3.1198033053,"py":3.4086292495,"pz":-1.0550808397,"ry":352.7099917323,"rx":-34.0913081418}}}
# Data Manager: Prepare for Read / Write
execute store result storage animated_java:temp args.id int 1 run scoreboard players get @s aj.id
# Data Manager: Write
function animated_java:global/data_manager/write with storage animated_java:temp args
execute unless entity @s[tag=aj.transforms_only] at @s run function animated_java:female/animations/bite/zzz/frames/25_root_function