# This file was generated by Animated Java via MC-Build. It is not recommended to edit this file directly.
$data merge entity $(neck) {transformation: [-0.998f,0.0581f,-0.0247f,0.0718f,0.0356f,0.8416f,0.539f,6.3113f,0.0521f,0.537f,-0.842f,-0.2899f,0f,0f,0f,1f],start_interpolation: 0,interpolation_duration: 1}
$data merge entity $(right_thumb_2) {transformation: [-0.9154f,0.3585f,-0.1831f,-2.9552f,0.3478f,0.9334f,0.0885f,3.7173f,0.2026f,0.0173f,-0.9791f,-1.1026f,0f,0f,0f,1f],start_interpolation: 0,interpolation_duration: 1}
$data merge entity $(right_thumb) {transformation: [-0.9154f,0.0053f,-0.4025f,-3.0835f,0.3478f,0.5137f,-0.7843f,3.9452f,0.2026f,-0.8579f,-0.4721f,-1.3419f,0f,0f,0f,1f],start_interpolation: 0,interpolation_duration: 1}
$data merge entity $(right_fingers2) {transformation: [0.9948f,-0.0277f,-0.0976f,-3.0431f,-0.0747f,-0.8506f,-0.5205f,3.3539f,-0.0686f,0.5251f,-0.8482f,-1.0788f,0f,0f,0f,1f],start_interpolation: 0,interpolation_duration: 1}
$data merge entity $(right_fingers) {transformation: [-0.3944f,-0.9137f,-0.0976f,-3.3153f,-0.7623f,0.3847f,-0.5205f,3.4382f,0.5132f,-0.1309f,-0.8482f,-1.1078f,0f,0f,0f,1f],start_interpolation: 0,interpolation_duration: 1}
$data merge entity $(scout) {transformation: [0f,0f,0f,-3.144f,0f,0f,0f,3.3821f,0f,0f,0f,-1.2188f,0f,0f,0f,1f],start_interpolation: 0,interpolation_duration: 1}
$data merge entity $(right_hand) {transformation: [-0.977f,0.1894f,-0.0976f,-3.1984f,0.2124f,0.827f,-0.5205f,3.9221f,-0.0179f,-0.5293f,-0.8482f,-1.4703f,0f,0f,0f,1f],start_interpolation: 0,interpolation_duration: 1}
$data merge entity $(right_forearm) {transformation: [-0.5633f,0.8107f,0.9605f,-1.9191f,0.1087f,1.08f,-0.8479f,5.5132f,-1.2522f,-0.271f,-0.5057f,-1.8448f,0f,0f,0f,1f],start_interpolation: 0,interpolation_duration: 1}
$data merge entity $(right_shoulder) {transformation: [-1.1203f,0.6399f,0.6966f,-0.9355f,0.9352f,0.5875f,0.9643f,6.01f,0.1417f,1.1812f,-0.8571f,-0.4057f,0f,0f,0f,1f],start_interpolation: 0,interpolation_duration: 1}
$data merge entity $(right_arm) {transformation: [-1f,0.0013f,0.0084f,-0.3711f,0.0052f,0.8757f,0.4828f,6.2648f,-0.0067f,0.4828f,-0.8757f,-0.2694f,0f,0f,0f,1f],start_interpolation: 0,interpolation_duration: 1}
$data merge entity $(left_thumb_2) {transformation: [-0.8525f,-0.3782f,0.361f,3.2972f,-0.4299f,0.8999f,-0.0724f,3.654f,-0.2975f,-0.2169f,-0.9298f,-0.1685f,0f,0f,0f,1f],start_interpolation: 0,interpolation_duration: 1}
$data merge entity $(left_thumb) {transformation: [-0.8525f,0.1428f,0.5029f,3.4624f,-0.4299f,0.3558f,-0.8298f,3.8439f,-0.2975f,-0.9236f,-0.2419f,-0.4181f,0f,0f,0f,1f],start_interpolation: 0,interpolation_duration: 1}
$data merge entity $(left_fingers2) {transformation: [0.9623f,-0.0503f,0.2675f,3.388f,0.1428f,-0.7434f,-0.6534f,3.306f,0.2317f,0.6669f,-0.7082f,-0.0638f,0f,0f,0f,1f],start_interpolation: 0,interpolation_duration: 1}
$data merge entity $(left_fingers) {transformation: [-0.31f,0.9123f,0.2675f,3.6586f,0.6376f,0.4082f,-0.6534f,3.3995f,-0.7053f,-0.032f,-0.7082f,-0.0582f,0f,0f,0f,1f],start_interpolation: 0,interpolation_duration: 1}
$data merge entity $(left_hand) {transformation: [-0.9576f,-0.1072f,0.2675f,3.5998f,-0.262f,0.7102f,-0.6534f,3.8056f,-0.1199f,-0.6958f,-0.7082f,-0.5174f,0f,0f,0f,1f],start_interpolation: 0,interpolation_duration: 1}
$data merge entity $(left_forearm) {transformation: [-0.785f,-0.7719f,-0.8277f,2.3746f,0.0781f,0.968f,-0.9768f,5.231f,1.1291f,-0.6036f,-0.5079f,-1.398f,0f,0f,0f,1f],start_interpolation: 0,interpolation_duration: 1}
$data merge entity $(left_shoulder) {transformation: [-1.0674f,-0.8993f,-0.449f,1.0774f,-0.9867f,0.8125f,0.7184f,5.9995f,-0.1919f,0.8252f,-1.1967f,-0.3921f,0f,0f,0f,1f],start_interpolation: 0,interpolation_duration: 1}
$data merge entity $(left_arm) {transformation: [-1f,0.0013f,0.0084f,0.5139f,0.0052f,0.8757f,0.4828f,6.2602f,-0.0067f,0.4828f,-0.8757f,-0.2634f,0f,0f,0f,1f],start_interpolation: 0,interpolation_duration: 1}
$data merge entity $(chest) {transformation: [-1.2785f,0.0016f,0.0107f,0.0694f,0.0066f,1.1197f,0.6172f,4.6976f,-0.0086f,0.6173f,-1.1196f,-1.1686f,0f,0f,0f,1f],start_interpolation: 0,interpolation_duration: 1}
$data merge entity $(left_cheek) {transformation: [-0.9285f,-0.2141f,-0.3035f,0.302f,-0.1595f,0.9678f,-0.1948f,3.6728f,0.3354f,-0.1325f,-0.9327f,-2.1921f,0f,0f,0f,1f],start_interpolation: 0,interpolation_duration: 1}
$data merge entity $(left_foot) {transformation: [-0.8465f,-0.0671f,-0.5694f,0.8285f,-0.2111f,0.9805f,0.1982f,-3.5771f,0.5331f,0.2817f,-0.8257f,-3.6383f,0f,0f,0f,1f],start_interpolation: 0,interpolation_duration: 1}
$data merge entity $(left_knee) {transformation: [-2.7167f,0.3263f,-1.3287f,1.3036f,-0.4452f,2.5824f,1.5443f,0.073f,1.2937f,1.5738f,-2.2587f,-1.5898f,0f,0f,0f,1f],start_interpolation: 0,interpolation_duration: 1}
$data merge entity $(left_leg) {transformation: [-1.5344f,-0.3571f,-0.6853f,0.6879f,-0.2514f,1.6713f,-0.3079f,2.7492f,0.7307f,-0.1747f,-1.545f,-1.7939f,0f,0f,0f,1f],start_interpolation: 0,interpolation_duration: 1}
$data merge entity $(right_cheek) {transformation: [-0.9979f,0.0616f,0.0184f,-0.4728f,0.059f,0.9912f,-0.1183f,3.8317f,-0.0256f,-0.117f,-0.9928f,-1.987f,0f,0f,0f,1f],start_interpolation: 0,interpolation_duration: 1}
$data merge entity $(right_foot) {transformation: [-1.0152f,0.0283f,0.1178f,-0.968f,0.0292f,1.0219f,0.0065f,-4.038f,-0.1176f,0.0098f,-1.0155f,-0.5714f,0f,0f,0f,1f],start_interpolation: 0,interpolation_duration: 1}
$data merge entity $(right_knee) {transformation: [-3.0246f,0.078f,0.3127f,-0.9341f,0.0907f,3.0381f,0.1191f,0.1742f,-0.3092f,0.1278f,-3.0233f,-0.5271f,0f,0f,0f,1f],start_interpolation: 0,interpolation_duration: 1}
$data merge entity $(right_leg) {transformation: [-1.7078f,0.1104f,0.1499f,-0.6906f,0.042f,1.5761f,-0.6823f,2.7175f,-0.1814f,-0.6746f,-1.5695f,-1.5543f,0f,0f,0f,1f],start_interpolation: 0,interpolation_duration: 1}
$data merge entity $(weist) {transformation: [-1.598f,0.0212f,-0.2794f,0f,-0.0367f,1.5879f,0.3304f,4.3729f,0.2778f,0.3317f,-1.5636f,-1.4499f,0f,0f,0f,1f],start_interpolation: 0,interpolation_duration: 1}
data modify storage animated_java:temp entry.data merge value {"locators":{"consume":{"px":-3.1216012499,"py":3.2611175083,"pz":-1.1017146776,"ry":353.4346331445,"rx":-31.3675540857}}}
# Data Manager: Prepare for Read / Write
execute store result storage animated_java:temp args.id int 1 run scoreboard players get @s aj.id
# Data Manager: Write
function animated_java:global/data_manager/write with storage animated_java:temp args