# This file was generated by Animated Java via MC-Build. It is not recommended to edit this file directly.
$data merge entity $(neck) {transformation: [-0.9982f,0.0546f,-0.0234f,0.0674f,0.035f,0.8597f,0.5097f,6.2825f,0.0479f,0.5079f,-0.8601f,-0.2726f,0f,0f,0f,1f],start_interpolation: 0,interpolation_duration: 1}
$data merge entity $(right_thumb_2) {transformation: [-0.9189f,0.3524f,-0.1775f,-2.9291f,0.3386f,0.9352f,0.1036f,3.5376f,0.2025f,0.0351f,-0.9787f,-1.0858f,0f,0f,0f,1f],start_interpolation: 0,interpolation_duration: 1}
$data merge entity $(right_thumb) {transformation: [-0.9189f,0.0202f,-0.394f,-3.0533f,0.3386f,0.5529f,-0.7613f,3.7764f,0.2025f,-0.833f,-0.5149f,-1.3165f,0f,0f,0f,1f],start_interpolation: 0,interpolation_duration: 1}
$data merge entity $(right_fingers2) {transformation: [0.9899f,-0.1015f,-0.0991f,-3.0215f,-0.1368f,-0.8678f,-0.4777f,3.1663f,-0.0375f,0.4865f,-0.8729f,-1.0785f,0f,0f,0f,1f],start_interpolation: 0,interpolation_duration: 1}
$data merge entity $(right_fingers) {transformation: [-0.4278f,-0.8984f,-0.0991f,-3.2903f,-0.7715f,0.4201f,-0.4777f,3.2608f,0.4708f,-0.1279f,-0.8729f,-1.1081f,0f,0f,0f,1f],start_interpolation: 0,interpolation_duration: 1}
$data merge entity $(scout) {transformation: [0f,0f,0f,-3.1192f,0f,0f,0f,3.2086f,0f,0f,0f,-1.2212f,0f,0f,0f,1f],start_interpolation: 0,interpolation_duration: 1}
$data merge entity $(right_hand) {transformation: [-0.975f,0.1986f,-0.0991f,-3.1678f,0.2217f,0.8501f,-0.4777f,3.7606f,-0.0106f,-0.4878f,-0.8729f,-1.4462f,0f,0f,0f,1f],start_interpolation: 0,interpolation_duration: 1}
$data merge entity $(right_forearm) {transformation: [-0.5753f,0.782f,0.977f,-1.9307f,0.134f,1.1077f,-0.8076f,5.3938f,-1.2443f,-0.2423f,-0.5387f,-1.779f,0f,0f,0f,1f],start_interpolation: 0,interpolation_duration: 1}
$data merge entity $(right_shoulder) {transformation: [-1.144f,0.6409f,0.6559f,-0.9398f,0.909f,0.6538f,0.9466f,5.9772f,0.1213f,1.1452f,-0.9075f,-0.378f,0f,0f,0f,1f],start_interpolation: 0,interpolation_duration: 1}
$data merge entity $(right_arm) {transformation: [-1f,0.0013f,0.007f,-0.3754f,0.0043f,0.8899f,0.456f,6.2365f,-0.0056f,0.4561f,-0.8899f,-0.2502f,0f,0f,0f,1f],start_interpolation: 0,interpolation_duration: 1}
$data merge entity $(left_thumb_2) {transformation: [-0.8572f,-0.3589f,0.3692f,3.1987f,-0.4157f,0.9055f,-0.0849f,3.5019f,-0.3039f,-0.2263f,-0.9254f,-0.1103f,0f,0f,0f,1f],start_interpolation: 0,interpolation_duration: 1}
$data merge entity $(left_thumb) {transformation: [-0.8572f,0.1432f,0.4946f,3.3649f,-0.4157f,0.3744f,-0.8289f,3.6957f,-0.3039f,-0.9161f,-0.2614f,-0.3563f,0f,0f,0f,1f],start_interpolation: 0,interpolation_duration: 1}
$data merge entity $(left_fingers2) {transformation: [0.9613f,0.0081f,0.2754f,3.2905f,0.1887f,-0.7477f,-0.6366f,3.1443f,0.2008f,0.664f,-0.7203f,-0.0094f,0f,0f,0f,1f],start_interpolation: 0,interpolation_duration: 1}
$data merge entity $(left_fingers) {transformation: [-0.3303f,0.9028f,0.2754f,3.5591f,0.641f,0.4287f,-0.6366f,3.2438f,-0.6928f,-0.0337f,-0.7203f,-0.0047f,0f,0f,0f,1f],start_interpolation: 0,interpolation_duration: 1}
$data merge entity $(left_hand) {transformation: [-0.9558f,-0.1029f,0.2754f,3.5033f,-0.2616f,0.7255f,-0.6366f,3.6599f,-0.1343f,-0.6805f,-0.7203f,-0.4552f,0f,0f,0f,1f],start_interpolation: 0,interpolation_duration: 1}
$data merge entity $(left_forearm) {transformation: [-0.8121f,-0.7254f,-0.8435f,2.3463f,0.089f,0.9985f,-0.9445f,5.133f,1.1089f,-0.6114f,-0.5418f,-1.3495f,0f,0f,0f,1f],start_interpolation: 0,interpolation_duration: 1}
$data merge entity $(left_shoulder) {transformation: [-1.0969f,-0.8742f,-0.4272f,1.0731f,-0.959f,0.8623f,0.6976f,5.9685f,-0.1647f,0.8013f,-1.2168f,-0.3666f,0f,0f,0f,1f],start_interpolation: 0,interpolation_duration: 1}
$data merge entity $(left_arm) {transformation: [-1f,0.0013f,0.007f,0.5096f,0.0043f,0.8899f,0.456f,6.2326f,-0.0056f,0.4561f,-0.8899f,-0.2452f,0f,0f,0f,1f],start_interpolation: 0,interpolation_duration: 1}
$data merge entity $(chest) {transformation: [-1.2785f,0.0016f,0.0089f,0.0651f,0.0055f,1.1378f,0.5831f,4.6431f,-0.0072f,0.5831f,-1.1378f,-1.1022f,0f,0f,0f,1f],start_interpolation: 0,interpolation_duration: 1}
$data merge entity $(left_cheek) {transformation: [-0.9297f,-0.2204f,-0.2952f,0.3057f,-0.1602f,0.9634f,-0.2147f,3.6045f,0.3318f,-0.1523f,-0.931f,-2.1117f,0f,0f,0f,1f],start_interpolation: 0,interpolation_duration: 1}
$data merge entity $(left_foot) {transformation: [-0.8499f,-0.063f,-0.5648f,0.7833f,-0.2045f,0.9819f,0.1982f,-3.5571f,0.5302f,0.2777f,-0.8288f,-3.4698f,0f,0f,0f,1f],start_interpolation: 0,interpolation_duration: 1}
$data merge entity $(left_knee) {transformation: [-2.7234f,0.3833f,-1.2994f,1.3388f,-0.4152f,2.5409f,1.6197f,0.0378f,1.2895f,1.6275f,-2.2227f,-1.3452f,0f,0f,0f,1f],start_interpolation: 0,interpolation_duration: 1}
$data merge entity $(left_leg) {transformation: [-1.5382f,-0.3773f,-0.6656f,0.6898f,-0.2345f,1.6551f,-0.3962f,2.6913f,0.7283f,-0.2639f,-1.5334f,-1.6927f,0f,0f,0f,1f],start_interpolation: 0,interpolation_duration: 1}
$data merge entity $(right_cheek) {transformation: [-0.9983f,0.0561f,0.0123f,-0.4735f,0.0542f,0.9911f,-0.1216f,3.7707f,-0.019f,-0.1207f,-0.9925f,-1.9035f,0f,0f,0f,1f],start_interpolation: 0,interpolation_duration: 1}
$data merge entity $(right_foot) {transformation: [-1.0154f,0.0247f,0.1162f,-0.9325f,0.0253f,1.0221f,0.0034f,-4.11f,-0.1161f,0.0063f,-1.0157f,-0.4804f,0f,0f,0f,1f],start_interpolation: 0,interpolation_duration: 1}
$data merge entity $(right_knee) {transformation: [-3.0267f,0.068f,0.294f,-0.9133f,0.0783f,3.039f,0.1033f,0.1024f,-0.2915f,0.1104f,-3.0257f,-0.4598f,0f,0f,0f,1f],start_interpolation: 0,interpolation_duration: 1}
$data merge entity $(right_leg) {transformation: [-1.7091f,0.0985f,0.1442f,-0.6886f,0.0358f,1.5859f,-0.6596f,2.661f,-0.171f,-0.6532f,-1.5797f,-1.4529f,0f,0f,0f,1f],start_interpolation: 0,interpolation_duration: 1}
$data merge entity $(weist) {transformation: [-1.598f,0.0193f,-0.2796f,0f,-0.0351f,1.5919f,0.3107f,4.3184f,0.278f,0.3121f,-1.5676f,-1.3688f,0f,0f,0f,1f],start_interpolation: 0,interpolation_duration: 1}
data modify storage animated_java:temp entry.data merge value {"locators":{"consume":{"px":-3.0982548387,"py":3.0818428914,"pz":-1.1099997396,"ry":353.5224167752,"rx":-28.5374896016}}}
# Data Manager: Prepare for Read / Write
execute store result storage animated_java:temp args.id int 1 run scoreboard players get @s aj.id
# Data Manager: Write
function animated_java:global/data_manager/write with storage animated_java:temp args