# This file was generated by Animated Java via MC-Build. It is not recommended to edit this file directly.
$data merge entity $(neck) {transformation: [-0.9985f,0.0499f,-0.0216f,0.0619f,0.034f,0.8827f,0.4688f,6.2536f,0.0425f,0.4673f,-0.8831f,-0.2522f,0f,0f,0f,1f],start_interpolation: 0,interpolation_duration: 1}
$data merge entity $(right_thumb_2) {transformation: [-0.9202f,0.3412f,-0.1921f,-2.8615f,0.3281f,0.9396f,0.097f,3.321f,0.2135f,0.0262f,-0.9766f,-0.9958f,0f,0f,0f,1f],start_interpolation: 0,interpolation_duration: 1}
$data merge entity $(right_thumb) {transformation: [-0.9202f,0.0207f,-0.391f,-2.9858f,0.3281f,0.5854f,-0.7414f,3.5685f,0.2135f,-0.8105f,-0.5454f,-1.2172f,0f,0f,0f,1f],start_interpolation: 0,interpolation_duration: 1}
$data merge entity $(right_fingers2) {transformation: [0.9736f,-0.1943f,-0.1202f,-2.9596f,-0.2277f,-0.8692f,-0.4388f,2.939f,-0.0192f,0.4546f,-0.8905f,-1.001f,0f,0f,0f,1f],start_interpolation: 0,interpolation_duration: 1}
$data merge entity $(right_fingers) {transformation: [-0.4622f,-0.8786f,-0.1202f,-3.2239f,-0.7691f,0.4646f,-0.4388f,3.0465f,0.4414f,-0.1104f,-0.8905f,-1.0266f,0f,0f,0f,1f],start_interpolation: 0,interpolation_duration: 1}
$data merge entity $(scout) {transformation: [0f,0f,0f,-3.0554f,0f,0f,0f,2.9977f,0f,0f,0f,-1.145f,0f,0f,0f,1f],start_interpolation: 0,interpolation_duration: 1}
$data merge entity $(right_hand) {transformation: [-0.9729f,0.1977f,-0.1202f,-3.1029f,0.2307f,0.8684f,-0.4388f,3.5593f,0.0176f,-0.4547f,-0.8905f,-1.3452f,0f,0f,0f,1f],start_interpolation: 0,interpolation_duration: 1}
$data merge entity $(right_forearm) {transformation: [-0.6185f,0.7297f,0.991f,-1.9422f,0.1308f,1.1418f,-0.7591f,5.2458f,-1.2237f,-0.2468f,-0.582f,-1.6872f,0f,0f,0f,1f],start_interpolation: 0,interpolation_duration: 1}
$data merge entity $(right_shoulder) {transformation: [-1.1738f,0.6395f,0.6025f,-0.9453f,0.8736f,0.7412f,0.915f,5.944f,0.0945f,1.0915f,-0.9744f,-0.3441f,0f,0f,0f,1f],start_interpolation: 0,interpolation_duration: 1}
$data merge entity $(right_arm) {transformation: [-1f,0.0014f,0.0062f,-0.3809f,0.0038f,0.9081f,0.4188f,6.2084f,-0.0051f,0.4188f,-0.9081f,-0.2276f,0f,0f,0f,1f],start_interpolation: 0,interpolation_duration: 1}
$data merge entity $(left_thumb_2) {transformation: [-0.8606f,-0.3385f,0.3805f,3.0715f,-0.4022f,0.9101f,-0.0999f,3.3147f,-0.3125f,-0.239f,-0.9194f,-0.0357f,0f,0f,0f,1f],start_interpolation: 0,interpolation_duration: 1}
$data merge entity $(left_thumb) {transformation: [-0.8606f,0.1399f,0.4897f,3.2372f,-0.4022f,0.4033f,-0.8219f,3.5157f,-0.3125f,-0.9043f,-0.2909f,-0.2761f,0f,0f,0f,1f],start_interpolation: 0,interpolation_duration: 1}
$data merge entity $(left_fingers2) {transformation: [0.951f,0.1f,0.2925f,3.1682f,0.2658f,-0.7476f,-0.6087f,2.9442f,0.1577f,0.6566f,-0.7376f,0.0589f,0f,0f,0f,1f],start_interpolation: 0,interpolation_duration: 1}
$data merge entity $(left_fingers) {transformation: [-0.3654f,0.8837f,0.2925f,3.4325f,0.6416f,0.4667f,-0.6087f,3.0546f,-0.6744f,-0.0348f,-0.7376f,0.0626f,0f,0f,0f,1f],start_interpolation: 0,interpolation_duration: 1}
$data merge entity $(left_hand) {transformation: [-0.9507f,-0.1034f,0.2925f,3.3772f,-0.2684f,0.7466f,-0.6087f,3.485f,-0.1554f,-0.6571f,-0.7376f,-0.3744f,0f,0f,0f,1f],start_interpolation: 0,interpolation_duration: 1}
$data merge entity $(left_forearm) {transformation: [-0.8473f,-0.6655f,-0.8581f,2.3085f,0.1008f,1.0355f,-0.9026f,5.0157f,1.0812f,-0.6181f,-0.5883f,-1.2816f,0f,0f,0f,1f],start_interpolation: 0,interpolation_duration: 1}
$data merge entity $(left_shoulder) {transformation: [-1.1333f,-0.8409f,-0.398f,1.0676f,-0.9209f,0.9249f,0.6681f,5.9362f,-0.1321f,0.7664f,-1.243f,-0.3339f,0f,0f,0f,1f],start_interpolation: 0,interpolation_duration: 1}
$data merge entity $(left_arm) {transformation: [-1f,0.0014f,0.0062f,0.5042f,0.0038f,0.9081f,0.4188f,6.205f,-0.0051f,0.4188f,-0.9081f,-0.2231f,0f,0f,0f,1f],start_interpolation: 0,interpolation_duration: 1}
$data merge entity $(chest) {transformation: [-1.2785f,0.0017f,0.0079f,0.0594f,0.0049f,1.161f,0.5355f,4.5812f,-0.0065f,0.5355f,-1.161f,-1.0131f,0f,0f,0f,1f],start_interpolation: 0,interpolation_duration: 1}
$data merge entity $(left_cheek) {transformation: [-0.9322f,-0.2203f,-0.2872f,0.3103f,-0.1572f,0.9611f,-0.2272f,3.5405f,0.3261f,-0.1666f,-0.9305f,-1.9966f,0f,0f,0f,1f],start_interpolation: 0,interpolation_duration: 1}
$data merge entity $(left_foot) {transformation: [-0.8544f,-0.0592f,-0.5584f,0.7292f,-0.191f,0.9867f,0.1877f,-3.6034f,0.528f,0.2612f,-0.8356f,-3.2438f,0f,0f,0f,1f],start_interpolation: 0,interpolation_duration: 1}
$data merge entity $(left_knee) {transformation: [-2.733f,0.4188f,-1.268f,1.3354f,-0.3723f,2.5348f,1.6396f,-0.0174f,1.2824f,1.6284f,-2.2262f,-1.118f,0f,0f,0f,1f],start_interpolation: 0,interpolation_duration: 1}
$data merge entity $(left_leg) {transformation: [-1.5436f,-0.3736f,-0.6552f,0.6919f,-0.2103f,1.6464f,-0.4434f,2.6244f,0.7243f,-0.3182f,-1.525f,-1.5529f,0f,0f,0f,1f],start_interpolation: 0,interpolation_duration: 1}
$data merge entity $(right_cheek) {transformation: [-0.9986f,0.0521f,0.0085f,-0.4744f,0.0506f,0.9904f,-0.1284f,3.7004f,-0.0151f,-0.1278f,-0.9917f,-1.7898f,0f,0f,0f,1f],start_interpolation: 0,interpolation_duration: 1}
$data merge entity $(right_foot) {transformation: [-1.0156f,0.0218f,0.1157f,-0.9083f,0.0221f,1.0221f,0.0008f,-4.1841f,-0.1156f,0.0033f,-1.0158f,-0.3239f,0f,0f,0f,1f],start_interpolation: 0,interpolation_duration: 1}
$data merge entity $(right_knee) {transformation: [-3.0279f,0.0616f,0.2828f,-0.8984f,0.0689f,3.04f,0.0753f,0.0284f,-0.2811f,0.0814f,-3.0276f,-0.3432f,0f,0f,0f,1f],start_interpolation: 0,interpolation_duration: 1}
$data merge entity $(right_leg) {transformation: [-1.7098f,0.0904f,0.1414f,-0.6866f,0.0309f,1.5923f,-0.6442f,2.597f,-0.1649f,-0.6385f,-1.5863f,-1.3128f,0f,0f,0f,1f],start_interpolation: 0,interpolation_duration: 1}
$data merge entity $(weist) {transformation: [-1.598f,0.0173f,-0.2796f,0f,-0.0318f,1.5976f,0.2807f,4.2565f,0.2784f,0.2819f,-1.5732f,-1.26f,0f,0f,0f,1f],start_interpolation: 0,interpolation_duration: 1}
data modify storage animated_java:temp entry.data merge value {"locators":{"consume":{"px":-3.0336731136,"py":2.8660830982,"pz":-1.0398104624,"ry":352.3146141033,"rx":-26.0295914306}}}
# Data Manager: Prepare for Read / Write
execute store result storage animated_java:temp args.id int 1 run scoreboard players get @s aj.id
# Data Manager: Write
function animated_java:global/data_manager/write with storage animated_java:temp args