# This file was generated by Animated Java via MC-Build. It is not recommended to edit this file directly.
$data merge entity $(neck) {transformation: [-0.9988f,0.0446f,-0.0195f,0.0558f,0.0323f,0.9072f,0.4195f,6.2121f,0.0364f,0.4184f,-0.9076f,-0.2035f,0f,0f,0f,1f],start_interpolation: 0,interpolation_duration: 1}
$data merge entity $(right_thumb_2) {transformation: [-0.9153f,0.3343f,-0.2249f,-2.7588f,0.3283f,0.9424f,0.0646f,3.0718f,0.2335f,-0.0147f,-0.9722f,-0.8102f,0f,0f,0f,1f],start_interpolation: 0,interpolation_duration: 1}
$data merge entity $(right_thumb) {transformation: [-0.9153f,0.0194f,-0.4024f,-2.8826f,0.3283f,0.6149f,-0.7171f,3.3284f,0.2335f,-0.7884f,-0.5691f,-1.0212f,0f,0f,0f,1f],start_interpolation: 0,interpolation_duration: 1}
$data merge entity $(right_fingers2) {transformation: [0.9248f,-0.3406f,-0.1694f,-2.872f,-0.3804f,-0.8354f,-0.3968f,2.675f,-0.0064f,0.4314f,-0.9021f,-0.8252f,0f,0f,0f,1f],start_interpolation: 0,interpolation_duration: 1}
$data merge entity $(right_fingers) {transformation: [-0.5183f,-0.8382f,-0.1694f,-3.1267f,-0.7427f,0.5394f,-0.3968f,2.8049f,0.424f,-0.0798f,-0.9021f,-0.8426f,0f,0f,0f,1f],start_interpolation: 0,interpolation_duration: 1}
$data merge entity $(scout) {transformation: [0f,0f,0f,-2.9647f,0f,0f,0f,2.757f,0f,0f,0f,-0.9701f,0f,0f,0f,1f],start_interpolation: 0,interpolation_duration: 1}
$data merge entity $(right_hand) {transformation: [-0.9646f,0.2022f,-0.1694f,-3.0052f,0.2546f,0.8819f,-0.3968f,3.3278f,0.0692f,-0.4258f,-0.9021f,-1.1443f,0f,0f,0f,1f],start_interpolation: 0,interpolation_duration: 1}
$data merge entity $(right_forearm) {transformation: [-0.6893f,0.6573f,0.995f,-1.9504f,0.0986f,1.1767f,-0.709f,5.07f,-1.1884f,-0.2836f,-0.6359f,-1.5452f,0f,0f,0f,1f],start_interpolation: 0,interpolation_duration: 1}
$data merge entity $(right_shoulder) {transformation: [-1.2063f,0.6342f,0.5408f,-0.9515f,0.8308f,0.8398f,0.8685f,5.8985f,0.0659f,1.021f,-1.0503f,-0.2798f,0f,0f,0f,1f],start_interpolation: 0,interpolation_duration: 1}
$data merge entity $(right_arm) {transformation: [-1f,0.0016f,0.0059f,-0.3871f,0.0037f,0.9274f,0.3741f,6.1682f,-0.0049f,0.3741f,-0.9274f,-0.1766f,0f,0f,0f,1f],start_interpolation: 0,interpolation_duration: 1}
$data merge entity $(left_thumb_2) {transformation: [-0.8597f,-0.3272f,0.3923f,2.9315f,-0.4005f,0.9084f,-0.1198f,3.0921f,-0.3172f,-0.2601f,-0.912f,0.077f,0f,0f,0f,1f],start_interpolation: 0,interpolation_duration: 1}
$data merge entity $(left_thumb) {transformation: [-0.8597f,0.1191f,0.4968f,3.0902f,-0.4005f,0.4467f,-0.8001f,3.3065f,-0.3172f,-0.8867f,-0.3363f,-0.1565f,0f,0f,0f,1f],start_interpolation: 0,interpolation_duration: 1}
$data merge entity $(left_fingers2) {transformation: [0.909f,0.2601f,0.3258f,3.0459f,0.4072f,-0.7215f,-0.5601f,2.7045f,0.0893f,0.6418f,-0.7617f,0.1613f,0f,0f,0f,1f],start_interpolation: 0,interpolation_duration: 1}
$data merge entity $(left_fingers) {transformation: [-0.4363f,0.8388f,0.3258f,3.2996f,0.6257f,0.543f,-0.5601f,2.8375f,-0.6467f,-0.0405f,-0.7617f,0.1624f,0f,0f,0f,1f],start_interpolation: 0,interpolation_duration: 1}
$data merge entity $(left_hand) {transformation: [-0.9372f,-0.1249f,0.3258f,3.2326f,-0.2977f,0.7731f,-0.5601f,3.2861f,-0.1819f,-0.6219f,-0.7617f,-0.2541f,0f,0f,0f,1f],start_interpolation: 0,interpolation_duration: 1}
$data merge entity $(left_forearm) {transformation: [-0.8875f,-0.5981f,-0.8671f,2.2634f,0.1123f,1.0736f,-0.8555f,4.8764f,1.0473f,-0.622f,-0.6429f,-1.1706f,0f,0f,0f,1f],start_interpolation: 0,interpolation_duration: 1}
$data merge entity $(left_shoulder) {transformation: [-1.1727f,-0.8015f,-0.3634f,1.0614f,-0.8745f,0.9934f,0.631f,5.891f,-0.0987f,0.7214f,-1.2726f,-0.27f,0f,0f,0f,1f],start_interpolation: 0,interpolation_duration: 1}
$data merge entity $(left_arm) {transformation: [-1f,0.0016f,0.0059f,0.498f,0.0037f,0.9274f,0.3741f,6.1649f,-0.0049f,0.3741f,-0.9274f,-0.1722f,0f,0f,0f,1f],start_interpolation: 0,interpolation_duration: 1}
$data merge entity $(chest) {transformation: [-1.2785f,0.0021f,0.0076f,0.0528f,0.0047f,1.1857f,0.4783f,4.5046f,-0.0063f,0.4783f,-1.1857f,-0.8821f,0f,0f,0f,1f],start_interpolation: 0,interpolation_duration: 1}
$data merge entity $(left_cheek) {transformation: [-0.9372f,-0.2107f,-0.2781f,0.3188f,-0.1485f,0.9621f,-0.2286f,3.477f,0.3157f,-0.1729f,-0.933f,-1.8247f,0f,0f,0f,1f],start_interpolation: 0,interpolation_duration: 1}
$data merge entity $(left_foot) {transformation: [-0.8608f,-0.0561f,-0.5488f,0.6538f,-0.1667f,0.996f,0.1597f,-3.7475f,0.5259f,0.224f,-0.8477f,-2.9166f,0f,0f,0f,1f],start_interpolation: 0,interpolation_duration: 1}
$data merge entity $(left_knee) {transformation: [-2.7474f,0.4334f,-1.2313f,1.2821f,-0.3062f,2.5752f,1.5896f,-0.1095f,1.2689f,1.5597f,-2.2824f,-0.8877f,0f,0f,0f,1f],start_interpolation: 0,interpolation_duration: 1}
$data merge entity $(left_leg) {transformation: [-1.5517f,-0.3385f,-0.6549f,0.6945f,-0.1729f,1.6507f,-0.4435f,2.5408f,0.7167f,-0.3346f,-1.5251f,-1.3493f,0f,0f,0f,1f],start_interpolation: 0,interpolation_duration: 1}
$data merge entity $(right_cheek) {transformation: [-0.9987f,0.0511f,0.0093f,-0.4751f,0.0493f,0.9887f,-0.1414f,3.6111f,-0.0165f,-0.1408f,-0.9899f,-1.6261f,0f,0f,0f,1f],start_interpolation: 0,interpolation_duration: 1}
$data merge entity $(right_foot) {transformation: [-1.0154f,0.0204f,0.1172f,-0.9047f,0.0204f,1.0222f,-0.0012f,-4.2627f,-0.1172f,0.0012f,-1.0156f,-0.0514f,0f,0f,0f,1f],start_interpolation: 0,interpolation_duration: 1}
$data merge entity $(right_knee) {transformation: [-3.0277f,0.0624f,0.2857f,-0.8936f,0.065f,3.0409f,0.0246f,-0.0511f,-0.2851f,0.0306f,-3.0282f,-0.1411f,0f,0f,0f,1f],start_interpolation: 0,interpolation_duration: 1}
$data merge entity $(right_leg) {transformation: [-1.7096f,0.0891f,0.1444f,-0.684f,0.0287f,1.5929f,-0.6429f,2.5185f,-0.1672f,-0.6373f,-1.5866f,-1.1087f,0f,0f,0f,1f],start_interpolation: 0,interpolation_duration: 1}
$data merge entity $(weist) {transformation: [-1.598f,0.0148f,-0.2797f,0f,-0.0259f,1.6054f,0.2327f,4.1799f,0.2789f,0.2336f,-1.581f,-1.1058f,0f,0f,0f,1f],start_interpolation: 0,interpolation_duration: 1}
data modify storage animated_java:temp entry.data merge value {"locators":{"consume":{"px":-2.9421966933,"py":2.6204520226,"pz":-0.8715768405,"ry":349.3641806778,"rx":-23.3765174675}}}
# Data Manager: Prepare for Read / Write
execute store result storage animated_java:temp args.id int 1 run scoreboard players get @s aj.id
# Data Manager: Write
function animated_java:global/data_manager/write with storage animated_java:temp args