# This file was generated by Animated Java via MC-Build. It is not recommended to edit this file directly.
$data merge entity $(neck) {transformation: [-0.9991f,0.0377f,-0.0168f,0.0477f,0.0293f,0.9341f,0.3557f,6.1604f,0.0291f,0.355f,-0.9344f,-0.1447f,0f,0f,0f,1f],start_interpolation: 0,interpolation_duration: 1}
$data merge entity $(right_thumb_2) {transformation: [-0.902f,0.3256f,-0.2835f,-2.6125f,0.3349f,0.9421f,0.0166f,2.7808f,0.2725f,-0.08f,-0.9588f,-0.5521f,0f,0f,0f,1f],start_interpolation: 0,interpolation_duration: 1}
$data merge entity $(right_thumb) {transformation: [-0.902f,0.01f,-0.4317f,-2.7369f,0.3349f,0.6471f,-0.6849f,3.0483f,0.2725f,-0.7623f,-0.587f,-0.7486f,0f,0f,0f,1f],start_interpolation: 0,interpolation_duration: 1}
$data merge entity $(right_fingers2) {transformation: [0.8196f,-0.5151f,-0.2508f,-2.7511f,-0.5728f,-0.7442f,-0.3436f,2.3673f,-0.0097f,0.4253f,-0.905f,-0.5752f,0f,0f,0f,1f],start_interpolation: 0,interpolation_duration: 1}
$data merge entity $(right_fingers) {transformation: [-0.584f,-0.7721f,-0.2508f,-2.9894f,-0.6919f,0.635f,-0.3436f,2.5262f,0.4245f,-0.0271f,-0.905f,-0.5776f,0f,0f,0f,1f],start_interpolation: 0,interpolation_duration: 1}
$data merge entity $(scout) {transformation: [0f,0f,0f,-2.8393f,0f,0f,0f,2.4787f,0f,0f,0f,-0.719f,0f,0f,0f,1f],start_interpolation: 0,interpolation_duration: 1}
$data merge entity $(right_hand) {transformation: [-0.9454f,0.208f,-0.2508f,-2.868f,0.2878f,0.8939f,-0.3436f,3.0587f,0.1527f,-0.397f,-0.905f,-0.8622f,0f,0f,0f,1f],start_interpolation: 0,interpolation_duration: 1}
$data merge entity $(right_forearm) {transformation: [-0.7841f,0.562f,0.9831f,-1.9533f,0.0468f,1.2108f,-0.6549f,4.8563f,-1.1315f,-0.3394f,-0.7083f,-1.3521f,0f,0f,0f,1f],start_interpolation: 0,interpolation_duration: 1}
$data merge entity $(right_shoulder) {transformation: [-1.2453f,0.6213f,0.4616f,-0.9596f,0.7732f,0.9577f,0.7967f,5.8425f,0.0361f,0.9201f,-1.1411f,-0.2009f,0f,0f,0f,1f],start_interpolation: 0,interpolation_duration: 1}
$data merge entity $(right_arm) {transformation: [-1f,0.0017f,0.0052f,-0.3951f,0.0033f,0.9485f,0.3167f,6.1182f,-0.0043f,0.3167f,-0.9485f,-0.1147f,0f,0f,0f,1f],start_interpolation: 0,interpolation_duration: 1}
$data merge entity $(left_thumb_2) {transformation: [-0.8517f,-0.3167f,0.4176f,2.7535f,-0.4052f,0.9032f,-0.1416f,2.8245f,-0.3323f,-0.2898f,-0.8975f,0.2145f,0f,0f,0f,1f],start_interpolation: 0,interpolation_duration: 1}
$data merge entity $(left_thumb) {transformation: [-0.8517f,0.0951f,0.5154f,2.9031f,-0.4052f,0.5041f,-0.7627f,3.0575f,-0.3323f,-0.8584f,-0.3907f,-0.0069f,0f,0f,0f,1f],start_interpolation: 0,interpolation_duration: 1}
$data merge entity $(left_fingers2) {transformation: [0.8063f,0.4536f,0.3797f,2.8965f,0.5911f,-0.6424f,-0.4877f,2.4179f,0.0227f,0.6177f,-0.7861f,0.2843f,0f,0f,0f,1f],start_interpolation: 0,interpolation_duration: 1}
$data merge entity $(left_fingers) {transformation: [-0.5215f,0.7641f,0.3797f,3.1317f,0.589f,0.6444f,-0.4877f,2.5813f,-0.6174f,-0.0307f,-0.7861f,0.2872f,0f,0f,0f,1f],start_interpolation: 0,interpolation_duration: 1}
$data merge entity $(left_hand) {transformation: [-0.9121f,-0.1546f,0.3797f,3.049f,-0.3393f,0.8043f,-0.4877f,3.0521f,-0.23f,-0.5737f,-0.7861f,-0.1011f,0f,0f,0f,1f],start_interpolation: 0,interpolation_duration: 1}
$data merge entity $(left_forearm) {transformation: [-0.9375f,-0.5152f,-0.8677f,2.2026f,0.1263f,1.1152f,-0.7985f,4.7077f,1.0012f,-0.623f,-0.7118f,-1.0236f,0f,0f,0f,1f],start_interpolation: 0,interpolation_duration: 1}
$data merge entity $(left_shoulder) {transformation: [-1.2193f,-0.7495f,-0.3185f,1.0533f,-0.812f,1.0749f,0.5789f,5.8359f,-0.0624f,0.6578f,-1.3089f,-0.1921f,0f,0f,0f,1f],start_interpolation: 0,interpolation_duration: 1}
$data merge entity $(left_arm) {transformation: [-1f,0.0017f,0.0052f,0.4899f,0.0033f,0.9485f,0.3167f,6.1153f,-0.0043f,0.3167f,-0.9485f,-0.1109f,0f,0f,0f,1f],start_interpolation: 0,interpolation_duration: 1}
$data merge entity $(chest) {transformation: [-1.2785f,0.0022f,0.0066f,0.0444f,0.0042f,1.2127f,0.4049f,4.4146f,-0.0056f,0.4049f,-1.2127f,-0.7176f,0f,0f,0f,1f],start_interpolation: 0,interpolation_duration: 1}
$data merge entity $(left_cheek) {transformation: [-0.9444f,-0.1934f,-0.2659f,0.3337f,-0.1352f,0.9656f,-0.2219f,3.4143f,0.2997f,-0.1736f,-0.9381f,-1.6042f,0f,0f,0f,1f],start_interpolation: 0,interpolation_duration: 1}
$data merge entity $(left_foot) {transformation: [-0.8688f,-0.0527f,-0.5364f,0.5563f,-0.1332f,1.0069f,0.1167f,-3.9564f,0.5222f,0.1691f,-0.8625f,-2.4951f,0f,0f,0f,1f],start_interpolation: 0,interpolation_duration: 1}
$data merge entity $(left_knee) {transformation: [-2.7658f,0.4369f,-1.1882f,1.1918f,-0.2197f,2.6459f,1.4844f,-0.2275f,1.2467f,1.4355f,-2.3743f,-0.6412f,0f,0f,0f,1f],start_interpolation: 0,interpolation_duration: 1}
$data merge entity $(left_leg) {transformation: [-1.5621f,-0.2795f,-0.6581f,0.6984f,-0.1241f,1.6633f,-0.4117f,2.4441f,0.7041f,-0.3268f,-1.5326f,-1.0906f,0f,0f,0f,1f],start_interpolation: 0,interpolation_duration: 1}
$data merge entity $(right_cheek) {transformation: [-0.9985f,0.0523f,0.0136f,-0.4745f,0.0494f,0.9859f,-0.1597f,3.5052f,-0.0217f,-0.1588f,-0.9871f,-1.4198f,0f,0f,0f,1f],start_interpolation: 0,interpolation_duration: 1}
$data merge entity $(right_foot) {transformation: [-1.0151f,0.0199f,0.1202f,-0.9159f,0.0197f,1.0222f,-0.0029f,-4.344f,-0.1202f,-0.0006f,-1.0153f,0.3201f,0f,0f,0f,1f],start_interpolation: 0,interpolation_duration: 1}
$data merge entity $(right_knee) {transformation: [-3.0262f,0.0689f,0.2992f,-0.8952f,0.0646f,3.0407f,-0.0464f,-0.1356f,-0.3002f,-0.0398f,-3.0266f,0.1325f,0f,0f,0f,1f],start_interpolation: 0,interpolation_duration: 1}
$data merge entity $(right_leg) {transformation: [-1.7087f,0.0927f,0.1521f,-0.68f,0.0282f,1.589f,-0.6523f,2.428f,-0.1759f,-0.6463f,-1.582f,-0.8493f,0f,0f,0f,1f],start_interpolation: 0,interpolation_duration: 1}
$data merge entity $(weist) {transformation: [-1.5979f,0.0109f,-0.2801f,0f,-0.0186f,1.6134f,0.1693f,4.0899f,0.2797f,0.1699f,-1.589f,-0.9122f,0f,0f,0f,1f],start_interpolation: 0,interpolation_duration: 1}
data modify storage animated_java:temp entry.data merge value {"locators":{"consume":{"px":-2.8154354056,"py":2.3365004056,"pz":-0.6290416563,"ry":344.5119590829,"rx":-20.0950383385}}}
# Data Manager: Prepare for Read / Write
execute store result storage animated_java:temp args.id int 1 run scoreboard players get @s aj.id
# Data Manager: Write
function animated_java:global/data_manager/write with storage animated_java:temp args
execute unless entity @s[tag=aj.transforms_only] at @s run function animated_java:female/animations/bite/zzz/frames/30_root_function