# This file was generated by Animated Java via MC-Build. It is not recommended to edit this file directly.
$data merge entity $(neck) {transformation: [-0.9995f,0.0301f,-0.0136f,0.0384f,0.025f,0.9585f,0.284f,6.1026f,0.0216f,0.2835f,-0.9587f,-0.0883f,0f,0f,0f,1f],start_interpolation: 0,interpolation_duration: 1}
$data merge entity $(right_thumb_2) {transformation: [-0.8786f,0.3109f,-0.3625f,-2.4437f,0.3465f,0.9373f,-0.0361f,2.4949f,0.3286f,-0.1574f,-0.9313f,-0.2616f,0f,0f,0f,1f],start_interpolation: 0,interpolation_duration: 1}
$data merge entity $(right_thumb) {transformation: [-0.8786f,-0.0081f,-0.4775f,-2.5699f,0.3465f,0.6771f,-0.6491f,2.7732f,0.3286f,-0.7358f,-0.5921f,-0.4413f,0f,0f,0f,1f],start_interpolation: 0,interpolation_duration: 1}
$data merge entity $(right_fingers2) {transformation: [0.6612f,-0.6619f,-0.3531f,-2.6151f,-0.7499f,-0.5967f,-0.2858f,2.0673f,-0.0215f,0.4538f,-0.8908f,-0.2873f,0f,0f,0f,1f],start_interpolation: 0,interpolation_duration: 1}
$data merge entity $(right_fingers) {transformation: [-0.6381f,-0.6842f,-0.3531f,-2.8307f,-0.6227f,0.7284f,-0.2858f,2.2552f,0.4528f,0.0375f,-0.8908f,-0.2704f,0f,0f,0f,1f],start_interpolation: 0,interpolation_duration: 1}
$data merge entity $(scout) {transformation: [0f,0f,0f,-2.6973f,0f,0f,0f,2.2081f,0f,0f,0f,-0.4279f,0f,0f,0f,1f],start_interpolation: 0,interpolation_duration: 1}
$data merge entity $(right_hand) {transformation: [-0.9109f,0.2135f,-0.3531f,-2.7106f,0.3223f,0.9024f,-0.2858f,2.7953f,0.2576f,-0.3742f,-0.8908f,-0.5409f,0f,0f,0f,1f],start_interpolation: 0,interpolation_duration: 1}
$data merge entity $(right_forearm) {transformation: [-0.8845f,0.4601f,0.9503f,-1.9462f,-0.0125f,1.235f,-0.6097f,4.6335f,-1.0558f,-0.4001f,-0.7889f,-1.1283f,0f,0f,0f,1f],start_interpolation: 0,interpolation_duration: 1}
$data merge entity $(right_shoulder) {transformation: [-1.2848f,0.5991f,0.3744f,-0.9688f,0.7064f,1.0767f,0.701f,5.7813f,0.0115f,0.7947f,-1.2322f,-0.1221f,0f,0f,0f,1f],start_interpolation: 0,interpolation_duration: 1}
$data merge entity $(right_arm) {transformation: [-1f,0.0017f,0.0041f,-0.4044f,0.0027f,0.9676f,0.2524f,6.0623f,-0.0035f,0.2524f,-0.9676f,-0.0552f,0f,0f,0f,1f],start_interpolation: 0,interpolation_duration: 1}
$data merge entity $(left_thumb_2) {transformation: [-0.8353f,-0.3027f,0.4589f,2.558f,-0.4125f,0.8969f,-0.1593f,2.551f,-0.3634f,-0.3224f,-0.8741f,0.3556f,0f,0f,0f,1f],start_interpolation: 0,interpolation_duration: 1}
$data merge entity $(left_thumb) {transformation: [-0.8353f,0.0782f,0.5442f,2.6993f,-0.4125f,0.5652f,-0.7144f,2.804f,-0.3634f,-0.8213f,-0.4398f,0.1515f,0f,0f,0f,1f],start_interpolation: 0,interpolation_duration: 1}
$data merge entity $(left_fingers2) {transformation: [0.6471f,0.6168f,0.448f,2.7357f,0.7621f,-0.5084f,-0.4008f,2.1288f,-0.0195f,0.6009f,-0.7991f,0.4098f,0f,0f,0f,1f],start_interpolation: 0,interpolation_duration: 1}
$data merge entity $(left_fingers) {transformation: [-0.5936f,0.6685f,0.448f,2.9462f,0.535f,0.7437f,-0.4008f,2.3227f,-0.6012f,0.0017f,-0.7991f,0.4214f,0f,0f,0f,1f],start_interpolation: 0,interpolation_duration: 1}
$data merge entity $(left_hand) {transformation: [-0.8751f,-0.1827f,0.448f,2.8494f,-0.3793f,0.8339f,-0.4008f,2.8153f,-0.3004f,-0.5207f,-0.7991f,0.0647f,0f,0f,0f,1f],start_interpolation: 0,interpolation_duration: 1}
$data merge entity $(left_forearm) {transformation: [-0.9909f,-0.4288f,-0.8553f,2.1313f,0.1402f,1.1529f,-0.7404f,4.5304f,0.9464f,-0.6197f,-0.7858f,-0.8578f,0f,0f,0f,1f],start_interpolation: 0,interpolation_duration: 1}
$data merge entity $(left_shoulder) {transformation: [-1.2661f,-0.6895f,-0.2674f,1.0441f,-0.7389f,1.1574f,0.5142f,5.776f,-0.0307f,0.5788f,-1.3468f,-0.115f,0f,0f,0f,1f],start_interpolation: 0,interpolation_duration: 1}
$data merge entity $(left_arm) {transformation: [-1f,0.0017f,0.0041f,0.4807f,0.0027f,0.9676f,0.2524f,6.06f,-0.0035f,0.2524f,-0.9676f,-0.0521f,0f,0f,0f,1f],start_interpolation: 0,interpolation_duration: 1}
$data merge entity $(chest) {transformation: [-1.2785f,0.0021f,0.0052f,0.0353f,0.0034f,1.2371f,0.3227f,4.3223f,-0.0045f,0.3227f,-1.2371f,-0.543f,0f,0f,0f,1f],start_interpolation: 0,interpolation_duration: 1}
$data merge entity $(left_cheek) {transformation: [-0.9526f,-0.1729f,-0.2503f,0.3531f,-0.12f,0.9697f,-0.2128f,3.3601f,0.2796f,-0.1727f,-0.9445f,-1.3678f,0f,0f,0f,1f],start_interpolation: 0,interpolation_duration: 1}
$data merge entity $(left_foot) {transformation: [-0.8768f,-0.0484f,-0.5236f,0.4539f,-0.0969f,1.0155f,0.0682f,-4.1814f,0.5168f,0.1081f,-0.8755f,-2.0405f,0f,0f,0f,1f],start_interpolation: 0,interpolation_duration: 1}
$data merge entity $(left_knee) {transformation: [-2.7843f,0.4315f,-1.1461f,1.0842f,-0.1298f,2.7266f,1.342f,-0.3491f,1.2177f,1.2773f,-2.4774f,-0.4089f,0f,0f,0f,1f],start_interpolation: 0,interpolation_duration: 1}
$data merge entity $(left_leg) {transformation: [-1.5726f,-0.2093f,-0.6592f,0.7028f,-0.0733f,1.6786f,-0.358f,2.3477f,0.6878f,-0.2996f,-1.5455f,-0.8149f,0f,0f,0f,1f],start_interpolation: 0,interpolation_duration: 1}
$data merge entity $(right_cheek) {transformation: [-0.9984f,0.0533f,0.0181f,-0.4735f,0.0492f,0.9826f,-0.179f,3.3983f,-0.0273f,-0.1778f,-0.9837f,-1.1998f,0f,0f,0f,1f],start_interpolation: 0,interpolation_duration: 1}
$data merge entity $(right_foot) {transformation: [-1.0147f,0.0192f,0.1233f,-0.9259f,0.0187f,1.0222f,-0.0048f,-4.4218f,-0.1234f,-0.0025f,-1.0149f,0.7155f,0f,0f,0f,1f],start_interpolation: 0,interpolation_duration: 1}
$data merge entity $(right_knee) {transformation: [-3.0246f,0.0752f,0.3135f,-0.8958f,0.0629f,3.0386f,-0.1222f,-0.2195f,-0.3162f,-0.115f,-3.0231f,0.4236f,0f,0f,0f,1f],start_interpolation: 0,interpolation_duration: 1}
$data merge entity $(right_leg) {transformation: [-1.7078f,0.0961f,0.1604f,-0.6756f,0.027f,1.585f,-0.6622f,2.338f,-0.185f,-0.6557f,-1.5771f,-0.573f,0f,0f,0f,1f],start_interpolation: 0,interpolation_duration: 1}
$data merge entity $(weist) {transformation: [-1.5979f,0.0066f,-0.2806f,0f,-0.0112f,1.6191f,0.1017f,3.9976f,0.2805f,0.1021f,-1.5946f,-0.7056f,0f,0f,0f,1f],start_interpolation: 0,interpolation_duration: 1}
data modify storage animated_java:temp entry.data merge value {"locators":{"consume":{"px":-2.672109735,"py":2.0606388568,"pz":-0.3472629349,"ry":338.3779650667,"rx":-16.6088580012}}}
# Data Manager: Prepare for Read / Write
execute store result storage animated_java:temp args.id int 1 run scoreboard players get @s aj.id
# Data Manager: Write
function animated_java:global/data_manager/write with storage animated_java:temp args