# This file was generated by Animated Java via MC-Build. It is not recommended to edit this file directly.
$data merge entity $(neck) {transformation: [-0.9997f,0.0224f,-0.0103f,0.0288f,0.0197f,0.9772f,0.2113f,6.0454f,0.0148f,0.2111f,-0.9774f,-0.0461f,0f,0f,0f,1f],start_interpolation: 0,interpolation_duration: 1}
$data merge entity $(right_thumb_2) {transformation: [-0.8469f,0.2876f,-0.4473f,-2.277f,0.3599f,0.9292f,-0.0838f,2.2502f,0.3915f,-0.2319f,-0.8905f,0.0224f,0f,0f,0f,1f],start_interpolation: 0,interpolation_duration: 1}
$data merge entity $(right_thumb) {transformation: [-0.8469f,-0.032f,-0.5308f,-2.4054f,0.3599f,0.7004f,-0.6164f,2.5376f,0.3915f,-0.713f,-0.5816f,-0.1408f,0f,0f,0f,1f],start_interpolation: 0,interpolation_duration: 1}
$data merge entity $(right_fingers2) {transformation: [0.4881f,-0.7437f,-0.4568f,-2.4816f,-0.8725f,-0.4294f,-0.2333f,1.8138f,-0.0226f,0.5124f,-0.8585f,0.0026f,0f,0f,0f,1f],start_interpolation: 0,interpolation_duration: 1}
$data merge entity $(right_fingers) {transformation: [-0.6661f,-0.5896f,-0.4568f,-2.6718f,-0.5499f,0.802f,-0.2333f,2.0251f,0.5039f,0.0958f,-0.8585f,0.0378f,0f,0f,0f,1f],start_interpolation: 0,interpolation_duration: 1}
$data merge entity $(scout) {transformation: [0f,0f,0f,-2.5578f,0f,0f,0f,1.9786f,0f,0f,0f,-0.1344f,0f,0f,0f,1f],start_interpolation: 0,interpolation_duration: 1}
$data merge entity $(right_hand) {transformation: [-0.8627f,0.217f,-0.4568f,-2.5544f,0.3515f,0.9067f,-0.2333f,2.5699f,0.3635f,-0.3618f,-0.8585f,-0.2242f,0f,0f,0f,1f],start_interpolation: 0,interpolation_duration: 1}
$data merge entity $(right_forearm) {transformation: [-0.9756f,0.3669f,0.9003f,-1.9284f,-0.0671f,1.2471f,-0.5809f,4.4296f,-0.9699f,-0.4553f,-0.8655f,-0.901f,0f,0f,0f,1f],start_interpolation: 0,interpolation_duration: 1}
$data merge entity $(right_shoulder) {transformation: [-1.3202f,0.5687f,0.289f,-0.9783f,0.6379f,1.1812f,0.5896f,5.7222f,-0.0042f,0.6566f,-1.311f,-0.0575f,0f,0f,0f,1f],start_interpolation: 0,interpolation_duration: 1}
$data merge entity $(right_arm) {transformation: [-1f,0.0014f,0.003f,-0.4139f,0.002f,0.9822f,0.1877f,6.0072f,-0.0026f,0.1877f,-0.9822f,-0.0099f,0f,0f,0f,1f],start_interpolation: 0,interpolation_duration: 1}
$data merge entity $(left_thumb_2) {transformation: [-0.813f,-0.2826f,0.5091f,2.3675f,-0.417f,0.8928f,-0.1704f,2.3062f,-0.4063f,-0.3508f,-0.8437f,0.4826f,0f,0f,0f,1f],start_interpolation: 0,interpolation_duration: 1}
$data merge entity $(left_thumb) {transformation: [-0.813f,0.0725f,0.5777f,2.5032f,-0.417f,0.6199f,-0.6647f,2.5768f,-0.4063f,-0.7813f,-0.4737f,0.2981f,0f,0f,0f,1f],start_interpolation: 0,interpolation_duration: 1}
$data merge entity $(left_fingers2) {transformation: [0.4742f,0.7117f,0.5182f,2.5785f,0.8795f,-0.3565f,-0.3153f,1.8744f,-0.0397f,0.6053f,-0.795f,0.5244f,0f,0f,0f,1f],start_interpolation: 0,interpolation_duration: 1}
$data merge entity $(left_fingers) {transformation: [-0.6365f,0.5713f,0.5182f,2.763f,0.4788f,0.8194f,-0.3153f,2.0921f,-0.6047f,0.0474f,-0.795f,0.5492f,0f,0f,0f,1f],start_interpolation: 0,interpolation_duration: 1}
$data merge entity $(left_hand) {transformation: [-0.8309f,-0.2028f,0.5182f,2.6572f,-0.406f,0.8578f,-0.3153f,2.6029f,-0.3806f,-0.4723f,-0.795f,0.222f,0f,0f,0f,1f],start_interpolation: 0,interpolation_duration: 1}
$data merge entity $(left_forearm) {transformation: [-1.0414f,-0.3503f,-0.8306f,2.0562f,0.1516f,1.183f,-0.689f,4.3657f,0.8886f,-0.6124f,-0.8559f,-0.6944f,0f,0f,0f,1f],start_interpolation: 0,interpolation_duration: 1}
$data merge entity $(left_shoulder) {transformation: [-1.3077f,-0.6273f,-0.2152f,1.0347f,-0.6632f,1.2306f,0.4422f,5.7182f,-0.0086f,0.4917f,-1.3813f,-0.0522f,0f,0f,0f,1f],start_interpolation: 0,interpolation_duration: 1}
$data merge entity $(left_arm) {transformation: [-1f,0.0014f,0.003f,0.4712f,0.002f,0.9822f,0.1877f,6.0055f,-0.0026f,0.1877f,-0.9822f,-0.0076f,0f,0f,0f,1f],start_interpolation: 0,interpolation_duration: 1}
$data merge entity $(chest) {transformation: [-1.2785f,0.0018f,0.0038f,0.0262f,0.0025f,1.2558f,0.24f,4.2389f,-0.0034f,0.24f,-1.2558f,-0.3817f,0f,0f,0f,1f],start_interpolation: 0,interpolation_duration: 1}
$data merge entity $(left_cheek) {transformation: [-0.9602f,-0.1535f,-0.2331f,0.3732f,-0.1053f,0.9727f,-0.2068f,3.3197f,0.2585f,-0.174f,-0.9502f,-1.1482f,0f,0f,0f,1f],start_interpolation: 0,interpolation_duration: 1}
$data merge entity $(left_foot) {transformation: [-0.8835f,-0.0429f,-0.5127f,0.3647f,-0.0639f,1.0201f,0.0248f,-4.3826f,0.5105f,0.0534f,-0.8842f,-1.6178f,0f,0f,0f,1f],start_interpolation: 0,interpolation_duration: 1}
$data merge entity $(left_knee) {transformation: [-2.8f,0.4186f,-1.1123f,0.9789f,-0.052f,2.801f,1.1849f,-0.456f,1.1873f,1.1097f,-2.5712f,-0.2212f,0f,0f,0f,1f],start_interpolation: 0,interpolation_duration: 1}
$data merge entity $(left_leg) {transformation: [-1.5814f,-0.1408f,-0.6563f,0.7068f,-0.0294f,1.6927f,-0.2923f,2.2631f,0.6706f,-0.2578f,-1.5605f,-0.5606f,0f,0f,0f,1f],start_interpolation: 0,interpolation_duration: 1}
$data merge entity $(right_cheek) {transformation: [-0.9984f,0.0521f,0.0195f,-0.473f,0.0474f,0.9796f,-0.1953f,3.3052f,-0.0293f,-0.1941f,-0.9806f,-0.9955f,0f,0f,0f,1f],start_interpolation: 0,interpolation_duration: 1}
$data merge entity $(right_foot) {transformation: [-1.0145f,0.0172f,0.1252f,-0.9211f,0.0165f,1.0222f,-0.0073f,-4.4939f,-0.1253f,-0.0052f,-1.0147f,1.0598f,0f,0f,0f,1f],start_interpolation: 0,interpolation_duration: 1}
$data merge entity $(right_knee) {transformation: [-3.0241f,0.0765f,0.3182f,-0.8889f,0.0572f,3.0355f,-0.1867f,-0.2987f,-0.3222f,-0.1797f,-3.0193f,0.6784f,0f,0f,0f,1f],start_interpolation: 0,interpolation_duration: 1}
$data merge entity $(right_leg) {transformation: [-1.7074f,0.0944f,0.1648f,-0.6715f,0.0237f,1.5851f,-0.662f,2.2591f,-0.1884f,-0.6557f,-1.5767f,-0.318f,0f,0f,0f,1f],start_interpolation: 0,interpolation_duration: 1}
$data merge entity $(weist) {transformation: [-1.5978f,0.0027f,-0.2812f,0f,-0.0046f,1.6218f,0.0414f,3.9142f,0.2812f,0.0416f,-1.5972f,-0.5127f,0f,0f,0f,1f],start_interpolation: 0,interpolation_duration: 1}
data modify storage animated_java:temp entry.data merge value {"locators":{"consume":{"px":-2.5315836048,"py":1.8269724854,"pz":-0.0622658412,"ry":331.9840604457,"rx":-13.4892670228}}}
# Data Manager: Prepare for Read / Write
execute store result storage animated_java:temp args.id int 1 run scoreboard players get @s aj.id
# Data Manager: Write
function animated_java:global/data_manager/write with storage animated_java:temp args