# This file was generated by Animated Java via MC-Build. It is not recommended to edit this file directly.
$data merge entity $(neck) {transformation: [-0.9999f,0.0154f,-0.0072f,0.0201f,0.0142f,0.9892f,0.1458f,5.9987f,0.0093f,0.1456f,-0.9893f,-0.0288f,0f,0f,0f,1f],start_interpolation: 0,interpolation_duration: 1}
$data merge entity $(right_thumb_2) {transformation: [-0.8136f,0.2596f,-0.5202f,-2.1333f,0.3703f,0.9212f,-0.1193f,2.0715f,0.4483f,-0.2897f,-0.8456f,0.263f,0f,0f,0f,1f],start_interpolation: 0,interpolation_duration: 1}
$data merge entity $(right_thumb) {transformation: [-0.8136f,-0.0606f,-0.5782f,-2.2652f,0.3703f,0.7128f,-0.5956f,2.3642f,0.4483f,-0.6987f,-0.5575f,0.1126f,0f,0f,0f,1f],start_interpolation: 0,interpolation_duration: 1}
$data merge entity $(right_fingers2) {transformation: [0.3596f,-0.7604f,-0.5409f,-2.3616f,-0.9331f,-0.2996f,-0.1992f,1.6307f,-0.0106f,0.5763f,-0.8172f,0.2565f,0f,0f,0f,1f],start_interpolation: 0,interpolation_duration: 1}
$data merge entity $(right_fingers) {transformation: [-0.6645f,-0.5156f,-0.5409f,-2.5312f,-0.4944f,0.8461f,-0.1992f,1.8564f,0.5603f,0.1351f,-0.8172f,0.3048f,0f,0f,0f,1f],start_interpolation: 0,interpolation_duration: 1}
$data merge entity $(scout) {transformation: [0f,0f,0f,-2.4351f,0f,0f,0f,1.8102f,0f,0f,0f,0.122f,0f,0f,0f,1f],start_interpolation: 0,interpolation_duration: 1}
$data merge entity $(right_hand) {transformation: [-0.8136f,0.2133f,-0.5409f,-2.4201f,0.3703f,0.9073f,-0.1992f,2.403f,0.4483f,-0.3623f,-0.8172f,0.0439f,0f,0f,0f,1f],start_interpolation: 0,interpolation_duration: 1}
$data merge entity $(right_forearm) {transformation: [-1.0475f,0.2938f,0.8447f,-1.9033f,-0.1083f,1.2497f,-0.5689f,4.2689f,-0.8878f,-0.499f,-0.9273f,-0.7045f,0f,0f,0f,1f],start_interpolation: 0,interpolation_duration: 1}
$data merge entity $(right_shoulder) {transformation: [-1.3484f,0.5344f,0.2147f,-0.9869f,0.5759f,1.261f,0.4775f,5.6749f,-0.0106f,0.5234f,-1.3696f,-0.0201f,0f,0f,0f,1f],start_interpolation: 0,interpolation_duration: 1}
$data merge entity $(right_arm) {transformation: [-1f,0.0011f,0.002f,-0.4226f,0.0013f,0.9916f,0.1294f,5.9625f,-0.0018f,0.1294f,-0.9916f,0.01f,0f,0f,0f,1f],start_interpolation: 0,interpolation_duration: 1}
$data merge entity $(left_thumb_2) {transformation: [-0.7904f,-0.2583f,0.5556f,2.2015f,-0.4146f,0.8931f,-0.1747f,2.1184f,-0.451f,-0.3684f,-0.8129f,0.5794f,0f,0f,0f,1f],start_interpolation: 0,interpolation_duration: 1}
$data merge entity $(left_thumb) {transformation: [-0.7904f,0.0807f,0.6073f,2.336f,-0.4146f,0.6594f,-0.6272f,2.4008f,-0.451f,-0.7475f,-0.4877f,0.4127f,0f,0f,0f,1f],start_interpolation: 0,interpolation_duration: 1}
$data merge entity $(left_fingers2) {transformation: [0.348f,0.7397f,0.576f,2.435f,0.9364f,-0.2445f,-0.2518f,1.6817f,-0.0455f,0.627f,-0.7777f,0.6152f,0f,0f,0f,1f],start_interpolation: 0,interpolation_duration: 1}
$data merge entity $(left_fingers) {transformation: [-0.6468f,0.4999f,0.576f,2.5999f,0.4413f,0.8613f,-0.2518f,1.9128f,-0.6219f,0.0913f,-0.7777f,0.6531f,0f,0f,0f,1f],start_interpolation: 0,interpolation_duration: 1}
$data merge entity $(left_hand) {transformation: [-0.7904f,-0.2089f,0.576f,2.4931f,-0.4146f,0.8745f,-0.2518f,2.4367f,-0.451f,-0.4378f,-0.7777f,0.3475f,0f,0f,0f,1f],start_interpolation: 0,interpolation_duration: 1}
$data merge entity $(left_forearm) {transformation: [-1.0839f,-0.2877f,-0.7997f,1.9857f,0.1591f,1.2044f,-0.649f,4.2335f,0.8348f,-0.6031f,-0.9146f,-0.5593f,0f,0f,0f,1f],start_interpolation: 0,interpolation_duration: 1}
$data merge entity $(left_shoulder) {transformation: [-1.3405f,-0.5698f,-0.1677f,1.0261f,-0.594f,1.288f,0.3715f,5.6722f,0.0029f,0.4076f,-1.4084f,-0.0164f,0f,0f,0f,1f],start_interpolation: 0,interpolation_duration: 1}
$data merge entity $(left_arm) {transformation: [-1f,0.0011f,0.002f,0.4625f,0.0013f,0.9916f,0.1294f,5.9613f,-0.0018f,0.1294f,-0.9916f,0.0116f,0f,0f,0f,1f],start_interpolation: 0,interpolation_duration: 1}
$data merge entity $(chest) {transformation: [-1.2785f,0.0014f,0.0025f,0.0181f,0.0017f,1.2678f,0.1655f,4.1756f,-0.0023f,0.1655f,-1.2678f,-0.2572f,0f,0f,0f,1f],start_interpolation: 0,interpolation_duration: 1}
$data merge entity $(left_cheek) {transformation: [-0.9659f,-0.1394f,-0.2182f,0.3882f,-0.0933f,0.9735f,-0.2088f,3.2958f,0.2416f,-0.1813f,-0.9533f,-0.9784f,0f,0f,0f,1f],start_interpolation: 0,interpolation_duration: 1}
$data merge entity $(left_foot) {transformation: [-0.8878f,-0.0361f,-0.5058f,0.307f,-0.0401f,1.0216f,-0.0025f,-4.5336f,0.5055f,0.0177f,-0.8885f,-1.2961f,0f,0f,0f,1f],start_interpolation: 0,interpolation_duration: 1}
$data merge entity $(left_knee) {transformation: [-2.8102f,0.3981f,-1.0938f,0.8939f,0f,2.8583f,1.0403f,-0.5351f,1.164f,0.9611f,-2.6407f,-0.1073f,0f,0f,0f,1f],start_interpolation: 0,interpolation_duration: 1}
$data merge entity $(left_leg) {transformation: [-1.5872f,-0.0858f,-0.6518f,0.7095f,0f,1.7033f,-0.2242f,2.2002f,0.6574f,-0.2072f,-1.5736f,-0.3658f,0f,0f,0f,1f],start_interpolation: 0,interpolation_duration: 1}
$data merge entity $(right_cheek) {transformation: [-0.9988f,0.0471f,0.0143f,-0.4743f,0.0432f,0.9779f,-0.2044f,3.2403f,-0.0236f,-0.2035f,-0.9788f,-0.8365f,0f,0f,0f,1f],start_interpolation: 0,interpolation_duration: 1}
$data merge entity $(right_foot) {transformation: [-1.0147f,0.0137f,0.124f,-0.8903f,0.0125f,1.0222f,-0.0107f,-4.5609f,-0.1241f,-0.0091f,-1.0148f,1.2777f,0f,0f,0f,1f],start_interpolation: 0,interpolation_duration: 1}
$data merge entity $(right_knee) {transformation: [-3.0259f,0.0688f,0.3027f,-0.8695f,0.0465f,3.0331f,-0.2246f,-0.3709f,-0.3069f,-0.2188f,-3.0183f,0.8426f,0f,0f,0f,1f],start_interpolation: 0,interpolation_duration: 1}
$data merge entity $(right_leg) {transformation: [-1.7085f,0.0839f,0.1597f,-0.6687f,0.0183f,1.5936f,-0.6415f,2.2002f,-0.1795f,-0.6363f,-1.5857f,-0.1227f,0f,0f,0f,1f],start_interpolation: 0,interpolation_duration: 1}
$data merge entity $(weist) {transformation: [-1.5977f,0f,-0.2817f,0f,0f,1.6223f,0f,3.8509f,0.2817f,0f,-1.5977f,-0.36f,0f,0f,0f,1f],start_interpolation: 0,interpolation_duration: 1}
data modify storage animated_java:temp entry.data merge value {"locators":{"consume":{"px":-2.407521999,"py":1.6562935965,"pz":0.1883651637,"ry":326.5000092634,"rx":-11.4888934781}}}
# Data Manager: Prepare for Read / Write
execute store result storage animated_java:temp args.id int 1 run scoreboard players get @s aj.id
# Data Manager: Write
function animated_java:global/data_manager/write with storage animated_java:temp args