# This file was generated by Animated Java via MC-Build. It is not recommended to edit this file directly.
$data merge entity $(neck) {transformation: [-0.9999f,0.0101f,-0.0047f,0.0133f,0.0096f,0.9954f,0.0952f,5.9769f,0.0056f,0.0952f,-0.9954f,-0.0522f,0f,0f,0f,1f],start_interpolation: 0,interpolation_duration: 1}
$data merge entity $(right_thumb_2) {transformation: [-0.7919f,0.2292f,-0.5659f,-2.0208f,0.3641f,0.9213f,-0.1363f,1.983f,0.4902f,-0.314f,-0.8131f,0.4198f,0f,0f,0f,1f],start_interpolation: 0,interpolation_duration: 1}
$data merge entity $(right_thumb) {transformation: [-0.7919f,-0.1107f,-0.6005f,-2.1653f,0.3641f,0.7038f,-0.61f,2.2721f,0.4902f,-0.7017f,-0.5171f,0.274f,0f,0f,0f,1f],start_interpolation: 0,interpolation_duration: 1}
$data merge entity $(right_fingers2) {transformation: [0.3719f,-0.7218f,-0.5838f,-2.2427f,-0.928f,-0.3034f,-0.2161f,1.539f,-0.0212f,0.6221f,-0.7826f,0.4311f,0f,0f,0f,1f],start_interpolation: 0,interpolation_duration: 1}
$data merge entity $(right_fingers) {transformation: [-0.6242f,-0.5193f,-0.5838f,-2.4125f,-0.4971f,0.8404f,-0.2161f,1.7629f,0.6028f,0.1553f,-0.7826f,0.4866f,0f,0f,0f,1f],start_interpolation: 0,interpolation_duration: 1}
$data merge entity $(scout) {transformation: [0f,0f,0f,-2.3264f,0f,0f,0f,1.7159f,0f,0f,0f,0.2991f,0f,0f,0f,1f],start_interpolation: 0,interpolation_duration: 1}
$data merge entity $(right_hand) {transformation: [-0.7919f,0.179f,-0.5838f,-2.3244f,0.3641f,0.9059f,-0.2161f,2.308f,0.4902f,-0.3837f,-0.7826f,0.2139f,0f,0f,0f,1f],start_interpolation: 0,interpolation_duration: 1}
$data merge entity $(right_forearm) {transformation: [-1.0948f,0.2466f,0.7985f,-1.8784f,-0.1331f,1.2478f,-0.5678f,4.172f,-0.8251f,-0.5285f,-0.968f,-0.5828f,0f,0f,0f,1f],start_interpolation: 0,interpolation_duration: 1}
$data merge entity $(right_shoulder) {transformation: [-1.3676f,0.5039f,0.1597f,-0.9935f,0.5285f,1.3126f,0.3843f,5.6534f,-0.0109f,0.416f,-1.4059f,-0.0282f,0f,0f,0f,1f],start_interpolation: 0,interpolation_duration: 1}
$data merge entity $(right_arm) {transformation: [-1f,0.0008f,0.0013f,-0.4293f,0.0009f,0.9964f,0.0845f,5.9423f,-0.0012f,0.0845f,-0.9964f,-0.0115f,0f,0f,0f,1f],start_interpolation: 0,interpolation_duration: 1}
$data merge entity $(left_thumb_2) {transformation: [-0.7774f,-0.2299f,0.5855f,2.0678f,-0.3954f,0.9025f,-0.1706f,2.0179f,-0.4892f,-0.3641f,-0.7925f,0.6256f,0f,0f,0f,1f],start_interpolation: 0,interpolation_duration: 1}
$data merge entity $(left_thumb) {transformation: [-0.7774f,0.1207f,0.6174f,2.2131f,-0.3954f,0.6695f,-0.6288f,2.3008f,-0.4892f,-0.7329f,-0.4728f,0.469f,0f,0f,0f,1f],start_interpolation: 0,interpolation_duration: 1}
$data merge entity $(left_fingers2) {transformation: [0.3633f,0.7099f,0.6033f,2.2932f,0.9315f,-0.2655f,-0.2486f,1.5772f,-0.0163f,0.6523f,-0.7578f,0.6638f,0f,0f,0f,1f],start_interpolation: 0,interpolation_duration: 1}
$data merge entity $(left_fingers) {transformation: [-0.6145f,0.5084f,0.6033f,2.4598f,0.4608f,0.852f,-0.2486f,1.8051f,-0.6404f,0.1253f,-0.7578f,0.712f,0f,0f,0f,1f],start_interpolation: 0,interpolation_duration: 1}
$data merge entity $(left_hand) {transformation: [-0.7774f,-0.178f,0.6033f,2.3732f,-0.3954f,0.8842f,-0.2486f,2.3352f,-0.4892f,-0.4318f,-0.7578f,0.4108f,0f,0f,0f,1f],start_interpolation: 0,interpolation_duration: 1}
$data merge entity $(left_forearm) {transformation: [-1.1145f,-0.2452f,-0.7713f,1.9295f,0.1628f,1.2179f,-0.6224f,4.1535f,0.7928f,-0.5948f,-0.9565f,-0.4867f,0f,0f,0f,1f],start_interpolation: 0,interpolation_duration: 1}
$data merge entity $(left_shoulder) {transformation: [-1.3629f,-0.5246f,-0.1308f,1.0195f,-0.5406f,1.3265f,0.3132f,5.6517f,0.0063f,0.3394f,-1.4264f,-0.0258f,0f,0f,0f,1f],start_interpolation: 0,interpolation_duration: 1}
$data merge entity $(left_arm) {transformation: [-1f,0.0008f,0.0013f,0.4558f,0.0009f,0.9964f,0.0845f,5.9415f,-0.0012f,0.0845f,-0.9964f,-0.0104f,0f,0f,0f,1f],start_interpolation: 0,interpolation_duration: 1}
$data merge entity $(chest) {transformation: [-1.2785f,0.001f,0.0017f,0.0119f,0.0011f,1.274f,0.1081f,4.1453f,-0.0016f,0.1081f,-1.274f,-0.1981f,0f,0f,0f,1f],start_interpolation: 0,interpolation_duration: 1}
$data merge entity $(left_cheek) {transformation: [-0.9686f,-0.1323f,-0.2107f,0.3931f,-0.0878f,0.9742f,-0.208f,3.2962f,0.2327f,-0.183f,-0.9552f,-0.898f,0f,0f,0f,1f],start_interpolation: 0,interpolation_duration: 1}
$data merge entity $(left_foot) {transformation: [-0.8891f,-0.0295f,-0.5039f,0.2863f,-0.0338f,1.0218f,0f,-4.6061f,0.5036f,0.0167f,-0.8896f,-1.2203f,0f,0f,0f,1f],start_interpolation: 0,interpolation_duration: 1}
$data merge entity $(left_knee) {transformation: [-2.8139f,0.3758f,-1.0923f,0.8425f,0.0092f,2.8835f,0.9683f,-0.576f,1.1551f,0.8925f,-2.6686f,-0.1275f,0f,0f,0f,1f],start_interpolation: 0,interpolation_duration: 1}
$data merge entity $(left_leg) {transformation: [-1.5893f,-0.0536f,-0.6502f,0.7095f,0.0052f,1.7111f,-0.1538f,2.1699f,0.6524f,-0.1443f,-1.5827f,-0.2851f,0f,0f,0f,1f],start_interpolation: 0,interpolation_duration: 1}
$data merge entity $(right_cheek) {transformation: [-0.9992f,0.0405f,0.0045f,-0.4773f,0.0388f,0.9798f,-0.196f,3.2202f,-0.0124f,-0.1956f,-0.9806f,-0.7614f,0f,0f,0f,1f],start_interpolation: 0,interpolation_duration: 1}
$data merge entity $(right_foot) {transformation: [-1.0152f,0.0103f,0.1205f,-0.851f,0.0098f,1.0223f,-0.005f,-4.6228f,-0.1206f,-0.0038f,-1.0152f,1.2535f,0f,0f,0f,1f],start_interpolation: 0,interpolation_duration: 1}
$data merge entity $(right_knee) {transformation: [-3.0289f,0.0572f,0.2732f,-0.8476f,0.0391f,3.0347f,-0.2023f,-0.4298f,-0.2764f,-0.198f,-3.0227f,0.8479f,0f,0f,0f,1f],start_interpolation: 0,interpolation_duration: 1}
$data merge entity $(right_leg) {transformation: [-1.7103f,0.0699f,0.1467f,-0.6687f,0.015f,1.6123f,-0.5931f,2.1699f,-0.1618f,-0.5891f,-1.6057f,-0.0421f,0f,0f,0f,1f],start_interpolation: 0,interpolation_duration: 1}
$data merge entity $(weist) {transformation: [-1.5977f,0f,-0.2817f,0f,0f,1.6223f,0f,3.8206f,0.2817f,0f,-1.5977f,-0.2793f,0f,0f,0f,1f],start_interpolation: 0,interpolation_duration: 1}
data modify storage animated_java:temp entry.data merge value {"locators":{"consume":{"px":-2.2927790171,"py":1.5631899397,"pz":0.3654489517,"ry":323.2816316327,"rx":-12.4793277117}}}
# Data Manager: Prepare for Read / Write
execute store result storage animated_java:temp args.id int 1 run scoreboard players get @s aj.id
# Data Manager: Write
function animated_java:global/data_manager/write with storage animated_java:temp args