# This file was generated by Animated Java via MC-Build. It is not recommended to edit this file directly.
$data merge entity $(neck) {transformation: [-1f,0.0065f,-0.003f,0.0087f,0.0063f,0.9981f,0.0612f,5.9592f,0.0034f,0.0611f,-0.9981f,-0.0556f,0f,0f,0f,1f],start_interpolation: 0,interpolation_duration: 1}
$data merge entity $(right_thumb_2) {transformation: [-0.7764f,0.2123f,-0.5934f,-1.9523f,0.3632f,0.9202f,-0.146f,1.9286f,0.5151f,-0.3289f,-0.7915f,0.5381f,0f,0f,0f,1f],start_interpolation: 0,interpolation_duration: 1}
$data merge entity $(right_thumb) {transformation: [-0.7764f,-0.1398f,-0.6146f,-2.1037f,0.3632f,0.6976f,-0.6176f,2.2156f,0.5151f,-0.7027f,-0.4908f,0.3953f,0f,0f,0f,1f],start_interpolation: 0,interpolation_duration: 1}
$data merge entity $(right_fingers2) {transformation: [0.3766f,-0.6974f,-0.6097f,-2.1709f,-0.926f,-0.3028f,-0.2257f,1.4834f,-0.0272f,0.6495f,-0.7598f,0.5606f,0f,0f,0f,1f],start_interpolation: 0,interpolation_duration: 1}
$data merge entity $(right_fingers) {transformation: [-0.5994f,-0.5187f,-0.6097f,-2.3401f,-0.496f,0.8385f,-0.2257f,1.7067f,0.6282f,0.1672f,-0.7598f,0.6204f,0f,0f,0f,1f],start_interpolation: 0,interpolation_duration: 1}
$data merge entity $(scout) {transformation: [0f,0f,0f,-2.2603f,0f,0f,0f,1.6588f,0f,0f,0f,0.4303f,0f,0f,0f,1f],start_interpolation: 0,interpolation_duration: 1}
$data merge entity $(right_hand) {transformation: [-0.7764f,0.1598f,-0.6097f,-2.265f,0.3632f,0.904f,-0.2257f,2.2501f,0.5151f,-0.3967f,-0.7598f,0.3406f,0f,0f,0f,1f],start_interpolation: 0,interpolation_duration: 1}
$data merge entity $(right_forearm) {transformation: [-1.1224f,0.2201f,0.7673f,-1.859f,-0.146f,1.2451f,-0.5706f,4.1104f,-0.7848f,-0.5463f,-0.9913f,-0.4856f,0f,0f,0f,1f],start_interpolation: 0,interpolation_duration: 1}
$data merge entity $(right_shoulder) {transformation: [-1.3794f,0.4814f,0.1238f,-0.998f,0.497f,1.3422f,0.3185f,5.6364f,-0.0087f,0.3416f,-1.4259f,-0.0215f,0f,0f,0f,1f],start_interpolation: 0,interpolation_duration: 1}
$data merge entity $(right_arm) {transformation: [-1f,0.0005f,0.0009f,-0.4339f,0.0006f,0.9985f,0.0543f,5.9258f,-0.0009f,0.0543f,-0.9985f,-0.0137f,0f,0f,0f,1f],start_interpolation: 0,interpolation_duration: 1}
$data merge entity $(left_thumb_2) {transformation: [-0.7671f,-0.2129f,0.6051f,1.9823f,-0.3842f,0.9079f,-0.1676f,1.953f,-0.5137f,-0.361f,-0.7783f,0.671f,0f,0f,0f,1f],start_interpolation: 0,interpolation_duration: 1}
$data merge entity $(left_thumb) {transformation: [-0.7671f,0.1455f,0.6247f,2.134f,-0.3842f,0.6757f,-0.6292f,2.2362f,-0.5137f,-0.7227f,-0.4624f,0.5212f,0f,0f,0f,1f],start_interpolation: 0,interpolation_duration: 1}
$data merge entity $(left_fingers2) {transformation: [0.371f,0.6901f,0.6214f,2.2031f,0.9286f,-0.2777f,-0.2461f,1.5101f,0.0027f,0.6683f,-0.7439f,0.7107f,0f,0f,0f,1f],start_interpolation: 0,interpolation_duration: 1}
$data merge entity $(left_fingers) {transformation: [-0.5935f,0.5116f,0.6214f,2.3702f,0.4721f,0.8465f,-0.2461f,1.7362f,-0.6519f,0.1473f,-0.7439f,0.7656f,0f,0f,0f,1f],start_interpolation: 0,interpolation_duration: 1}
$data merge entity $(left_hand) {transformation: [-0.7671f,-0.1594f,0.6214f,2.2959f,-0.3842f,0.8899f,-0.2461f,2.2699f,-0.5137f,-0.4275f,-0.7439f,0.4676f,0f,0f,0f,1f],start_interpolation: 0,interpolation_duration: 1}
$data merge entity $(left_forearm) {transformation: [-1.134f,-0.2195f,-0.7504f,1.8908f,0.1641f,1.2257f,-0.6066f,4.1005f,0.7644f,-0.5888f,-0.9829f,-0.4231f,0f,0f,0f,1f],start_interpolation: 0,interpolation_duration: 1}
$data merge entity $(left_shoulder) {transformation: [-1.3766f,-0.4936f,-0.1059f,1.015f,-0.5048f,1.3494f,0.2721f,5.6352f,0.0059f,0.292f,-1.4369f,-0.0198f,0f,0f,0f,1f],start_interpolation: 0,interpolation_duration: 1}
$data merge entity $(left_arm) {transformation: [-1f,0.0005f,0.0009f,0.4512f,0.0006f,0.9985f,0.0543f,5.9253f,-0.0009f,0.0543f,-0.9985f,-0.013f,0f,0f,0f,1f],start_interpolation: 0,interpolation_duration: 1}
$data merge entity $(chest) {transformation: [-1.2785f,0.0007f,0.0011f,0.0077f,0.0008f,1.2767f,0.0695f,4.1241f,-0.0011f,0.0695f,-1.2767f,-0.146f,0f,0f,0f,1f],start_interpolation: 0,interpolation_duration: 1}
$data merge entity $(left_cheek) {transformation: [-0.9705f,-0.1268f,-0.2051f,0.3948f,-0.0813f,0.9728f,-0.2169f,3.3042f,0.2271f,-0.1938f,-0.9544f,-0.8323f,0f,0f,0f,1f],start_interpolation: 0,interpolation_duration: 1}
$data merge entity $(left_foot) {transformation: [-0.8893f,-0.0219f,-0.5039f,0.2846f,-0.0285f,1.022f,0.0058f,-4.6709f,0.5035f,0.0191f,-0.8896f,-1.1396f,0f,0f,0f,1f],start_interpolation: 0,interpolation_duration: 1}
$data merge entity $(left_knee) {transformation: [-2.8153f,0.3423f,-1.0996f,0.7941f,0.0128f,2.9134f,0.874f,-0.6032f,1.1516f,0.8043f,-2.698f,-0.1698f,0f,0f,0f,1f],start_interpolation: 0,interpolation_duration: 1}
$data merge entity $(left_leg) {transformation: [-1.5901f,-0.0234f,-0.65f,0.7095f,0.0072f,1.7161f,-0.0795f,2.1487f,0.6504f,-0.0764f,-1.5882f,-0.2185f,0f,0f,0f,1f],start_interpolation: 0,interpolation_duration: 1}
$data merge entity $(right_cheek) {transformation: [-0.9995f,0.0308f,-0.0099f,-0.4815f,0.0322f,0.9814f,-0.1892f,3.2114f,0.0039f,-0.1895f,-0.9819f,-0.7f,0f,0f,0f,1f],start_interpolation: 0,interpolation_duration: 1}
$data merge entity $(right_foot) {transformation: [-1.0159f,0.0056f,0.115f,-0.793f,0.0049f,1.0223f,-0.0059f,-4.6757f,-0.1151f,-0.0053f,-1.0159f,1.2101f,0f,0f,0f,1f],start_interpolation: 0,interpolation_duration: 1}
$data merge entity $(right_knee) {transformation: [-3.0328f,0.0388f,0.2293f,-0.817f,0.025f,3.0361f,-0.183f,-0.4804f,-0.2312f,-0.1806f,-3.0276f,0.8297f,0f,0f,0f,1f],start_interpolation: 0,interpolation_duration: 1}
$data merge entity $(right_leg) {transformation: [-1.7126f,0.0504f,0.1262f,-0.6687f,0.0084f,1.6315f,-0.5382f,2.1487f,-0.1356f,-0.5359f,-1.6266f,0.0245f,0f,0f,0f,1f],start_interpolation: 0,interpolation_duration: 1}
$data merge entity $(weist) {transformation: [-1.5977f,0f,-0.2817f,0f,0f,1.6223f,0f,3.7994f,0.2817f,0f,-1.5977f,-0.2128f,0f,0f,0f,1f],start_interpolation: 0,interpolation_duration: 1}
data modify storage animated_java:temp entry.data merge value {"locators":{"consume":{"px":-2.2234337204,"py":1.5067312637,"pz":0.4965795813,"ry":321.2570636495,"rx":-13.0415992746}}}
# Data Manager: Prepare for Read / Write
execute store result storage animated_java:temp args.id int 1 run scoreboard players get @s aj.id
# Data Manager: Write
function animated_java:global/data_manager/write with storage animated_java:temp args
execute unless entity @s[tag=aj.transforms_only] at @s run function animated_java:female/animations/bite/zzz/frames/35_root_function