# This file was generated by Animated Java via MC-Build. It is not recommended to edit this file directly.
$data merge entity $(neck) {transformation: [-1f,0.0041f,-0.0019f,0.0055f,0.004f,0.9993f,0.0381f,5.9466f,0.002f,0.0381f,-0.9993f,-0.0487f,0f,0f,0f,1f],start_interpolation: 0,interpolation_duration: 1}
$data merge entity $(right_thumb_2) {transformation: [-0.7653f,0.2019f,-0.6112f,-1.9077f,0.364f,0.9189f,-0.1521f,1.8947f,0.5309f,-0.3389f,-0.7767f,0.6287f,0f,0f,0f,1f],start_interpolation: 0,interpolation_duration: 1}
$data merge entity $(right_thumb) {transformation: [-0.7653f,-0.1581f,-0.624f,-2.0632f,0.364f,0.6933f,-0.622f,2.1805f,0.5309f,-0.7031f,-0.473f,0.4879f,0f,0f,0f,1f],start_interpolation: 0,interpolation_duration: 1}
$data merge entity $(right_fingers2) {transformation: [0.3786f,-0.6813f,-0.6265f,-2.1244f,-0.925f,-0.3011f,-0.2317f,1.449f,-0.0308f,0.6672f,-0.7442f,0.6588f,0f,0f,0f,1f],start_interpolation: 0,interpolation_duration: 1}
$data merge entity $(right_fingers) {transformation: [-0.5832f,-0.5171f,-0.6265f,-2.2928f,-0.4942f,0.8379f,-0.2317f,1.6722f,0.6447f,0.1745f,-0.7442f,0.7212f,0f,0f,0f,1f],start_interpolation: 0,interpolation_duration: 1}
$data merge entity $(scout) {transformation: [0f,0f,0f,-2.2173f,0f,0f,0f,1.6234f,0f,0f,0f,0.5296f,0f,0f,0f,1f],start_interpolation: 0,interpolation_duration: 1}
$data merge entity $(right_hand) {transformation: [-0.7653f,0.1479f,-0.6265f,-2.2258f,0.364f,0.9021f,-0.2317f,2.2142f,0.5309f,-0.4053f,-0.7442f,0.4368f,0f,0f,0f,1f],start_interpolation: 0,interpolation_duration: 1}
$data merge entity $(right_forearm) {transformation: [-1.1399f,0.2037f,0.7458f,-1.8446f,-0.1536f,1.2426f,-0.574f,4.071f,-0.7577f,-0.5582f,-1.0057f,-0.409f,0f,0f,0f,1f],start_interpolation: 0,interpolation_duration: 1}
$data merge entity $(right_shoulder) {transformation: [-1.3869f,0.4651f,0.0999f,-1.0011f,0.4757f,1.3599f,0.2726f,5.6243f,-0.0062f,0.2903f,-1.4372f,-0.0076f,0f,0f,0f,1f],start_interpolation: 0,interpolation_duration: 1}
$data merge entity $(right_arm) {transformation: [-1f,0.0004f,0.0006f,-0.4371f,0.0004f,0.9994f,0.0338f,5.9139f,-0.0006f,0.0338f,-0.9994f,-0.006f,0f,0f,0f,1f],start_interpolation: 0,interpolation_duration: 1}
$data merge entity $(left_thumb_2) {transformation: [-0.7596f,-0.2023f,0.6181f,1.9263f,-0.3773f,0.9112f,-0.1654f,1.9108f,-0.5298f,-0.3589f,-0.7685f,0.7118f,0f,0f,0f,1f],start_interpolation: 0,interpolation_duration: 1}
$data merge entity $(left_thumb) {transformation: [-0.7596f,0.1615f,0.63f,2.0819f,-0.3773f,0.6796f,-0.6291f,2.1942f,-0.5298f,-0.7156f,-0.4553f,0.5666f,0f,0f,0f,1f],start_interpolation: 0,interpolation_duration: 1}
$data merge entity $(left_fingers2) {transformation: [0.3751f,0.6768f,0.6334f,2.1443f,0.9269f,-0.2852f,-0.2442f,1.4666f,0.0154f,0.6787f,-0.7343f,0.7526f,0f,0f,0f,1f],start_interpolation: 0,interpolation_duration: 1}
$data merge entity $(left_fingers) {transformation: [-0.5796f,0.5127f,0.6334f,2.3114f,0.479f,0.8432f,-0.2442f,1.6915f,-0.6592f,0.1619f,-0.7343f,0.8119f,0f,0f,0f,1f],start_interpolation: 0,interpolation_duration: 1}
$data merge entity $(left_hand) {transformation: [-0.7596f,-0.1477f,0.6334f,2.2449f,-0.3773f,0.8933f,-0.2442f,2.2275f,-0.5298f,-0.4245f,-0.7343f,0.5161f,0f,0f,0f,1f],start_interpolation: 0,interpolation_duration: 1}
$data merge entity $(left_forearm) {transformation: [-1.1467f,-0.2034f,-0.7355f,1.864f,0.1645f,1.2304f,-0.5968f,4.0656f,0.7452f,-0.5846f,-1f,-0.3698f,0f,0f,0f,1f],start_interpolation: 0,interpolation_duration: 1}
$data merge entity $(left_shoulder) {transformation: [-1.3852f,-0.4723f,-0.089f,1.0119f,-0.4806f,1.3637f,0.2434f,5.6235f,0.0044f,0.2592f,-1.4431f,-0.0065f,0f,0f,0f,1f],start_interpolation: 0,interpolation_duration: 1}
$data merge entity $(left_arm) {transformation: [-1f,0.0004f,0.0006f,0.448f,0.0004f,0.9994f,0.0338f,5.9136f,-0.0006f,0.0338f,-0.9994f,-0.0055f,0f,0f,0f,1f],start_interpolation: 0,interpolation_duration: 1}
$data merge entity $(chest) {transformation: [-1.2785f,0.0005f,0.0008f,0.0048f,0.0005f,1.2778f,0.0432f,4.1099f,-0.0007f,0.0432f,-1.2778f,-0.1014f,0f,0f,0f,1f],start_interpolation: 0,interpolation_duration: 1}
$data merge entity $(left_cheek) {transformation: [-0.9717f,-0.1228f,-0.2017f,0.3941f,-0.0744f,0.9698f,-0.2323f,3.3183f,0.2241f,-0.2107f,-0.9515f,-0.7791f,0f,0f,0f,1f],start_interpolation: 0,interpolation_duration: 1}
$data merge entity $(left_foot) {transformation: [-0.8888f,-0.014f,-0.5051f,0.2969f,-0.0239f,1.022f,0.0137f,-4.723f,0.5047f,0.0237f,-0.8888f,-1.0572f,0f,0f,0f,1f],start_interpolation: 0,interpolation_duration: 1}
$data merge entity $(left_knee) {transformation: [-2.8151f,0.3014f,-1.1121f,0.7493f,0.0123f,2.9435f,0.7666f,-0.6181f,1.1521f,0.7049f,-2.7254f,-0.2261f,0f,0f,0f,1f],start_interpolation: 0,interpolation_duration: 1}
$data merge entity $(left_leg) {transformation: [-1.5899f,0.0045f,-0.6507f,0.7095f,0.007f,1.7179f,-0.005f,2.1346f,0.6507f,-0.0072f,-1.5899f,-0.164f,0f,0f,0f,1f],start_interpolation: 0,interpolation_duration: 1}
$data merge entity $(right_cheek) {transformation: [-0.9994f,0.0194f,-0.0272f,-0.4867f,0.0241f,0.9826f,-0.184f,3.2114f,0.0231f,-0.1846f,-0.9825f,-0.6504f,0f,0f,0f,1f],start_interpolation: 0,interpolation_duration: 1}
$data merge entity $(right_foot) {transformation: [-1.0166f,-0.0002f,0.1084f,-0.7258f,-0.0014f,1.0223f,-0.0115f,-4.7188f,-0.1084f,-0.0116f,-1.0165f,1.1537f,0f,0f,0f,1f],start_interpolation: 0,interpolation_duration: 1}
$data merge entity $(right_knee) {transformation: [-3.0366f,0.0164f,0.1765f,-0.783f,0.0067f,3.0372f,-0.1667f,-0.522f,-0.1771f,-0.1661f,-3.032f,0.7948f,0f,0f,0f,1f],start_interpolation: 0,interpolation_duration: 1}
$data merge entity $(right_leg) {transformation: [-1.7148f,0.0286f,0.1001f,-0.6687f,-0.0005f,1.6494f,-0.4805f,2.1346f,-0.1041f,-0.4796f,-1.6464f,0.079f,0f,0f,0f,1f],start_interpolation: 0,interpolation_duration: 1}
$data merge entity $(weist) {transformation: [-1.5977f,0f,-0.2817f,0f,0f,1.6223f,0f,3.7852f,0.2817f,0f,-1.5977f,-0.1583f,0f,0f,0f,1f],start_interpolation: 0,interpolation_duration: 1}
data modify storage animated_java:temp entry.data merge value {"locators":{"consume":{"px":-2.1784910804,"py":1.4718722041,"pz":0.5958646506,"ry":319.9095292649,"rx":-13.3943255982}}}
# Data Manager: Prepare for Read / Write
execute store result storage animated_java:temp args.id int 1 run scoreboard players get @s aj.id
# Data Manager: Write
function animated_java:global/data_manager/write with storage animated_java:temp args