# This file was generated by Animated Java via MC-Build. It is not recommended to edit this file directly.
$data merge entity $(neck) {transformation: [-1f,0.0025f,-0.0011f,0.0034f,0.0025f,0.9997f,0.0232f,5.9381f,0.0012f,0.0232f,-0.9997f,-0.035f,0f,0f,0f,1f],start_interpolation: 0,interpolation_duration: 1}
$data merge entity $(right_thumb_2) {transformation: [-0.7579f,0.1957f,-0.6223f,-1.8797f,0.3649f,0.9179f,-0.1559f,1.8742f,0.5407f,-0.3453f,-0.7671f,0.6968f,0f,0f,0f,1f],start_interpolation: 0,interpolation_duration: 1}
$data merge entity $(right_thumb) {transformation: [-0.7579f,-0.1693f,-0.63f,-2.0376f,0.3649f,0.6904f,-0.6247f,2.1592f,0.5407f,-0.7034f,-0.4615f,0.5572f,0f,0f,0f,1f],start_interpolation: 0,interpolation_duration: 1}
$data merge entity $(right_fingers2) {transformation: [0.3794f,-0.671f,-0.637f,-2.0953f,-0.9246f,-0.2995f,-0.2353f,1.4283f,-0.0329f,0.6783f,-0.7341f,0.7318f,0f,0f,0f,1f],start_interpolation: 0,interpolation_duration: 1}
$data merge entity $(right_fingers) {transformation: [-0.573f,-0.5157f,-0.637f,-2.2631f,-0.4925f,0.8379f,-0.2353f,1.6515f,0.6551f,0.1789f,-0.7341f,0.7958f,0f,0f,0f,1f],start_interpolation: 0,interpolation_duration: 1}
$data merge entity $(scout) {transformation: [0f,0f,0f,-2.1904f,0f,0f,0f,1.6021f,0f,0f,0f,0.6033f,0f,0f,0f,1f],start_interpolation: 0,interpolation_duration: 1}
$data merge entity $(right_hand) {transformation: [-0.7579f,0.1407f,-0.637f,-2.201f,0.3649f,0.9008f,-0.2353f,2.1925f,0.5407f,-0.4108f,-0.7341f,0.5084f,0f,0f,0f,1f],start_interpolation: 0,interpolation_duration: 1}
$data merge entity $(right_forearm) {transformation: [-1.1507f,0.1938f,0.7318f,-1.8348f,-0.1579f,1.2407f,-0.5769f,4.0466f,-0.7404f,-0.5658f,-1.0143f,-0.3499f,0f,0f,0f,1f],start_interpolation: 0,interpolation_duration: 1}
$data merge entity $(right_shoulder) {transformation: [-1.3915f,0.4543f,0.0847f,-1.0032f,0.4621f,1.3702f,0.2424f,5.6163f,-0.0041f,0.2568f,-1.4436f,0.0105f,0f,0f,0f,1f],start_interpolation: 0,interpolation_duration: 1}
$data merge entity $(right_arm) {transformation: [-1f,0.0002f,0.0004f,-0.4392f,0.0003f,0.9998f,0.0206f,5.9059f,-0.0004f,0.0206f,-0.9998f,0.0082f,0f,0f,0f,1f],start_interpolation: 0,interpolation_duration: 1}
$data merge entity $(left_thumb_2) {transformation: [-0.7545f,-0.1959f,0.6264f,1.8909f,-0.3732f,0.9132f,-0.1639f,1.8843f,-0.5399f,-0.3574f,-0.7621f,0.7476f,0f,0f,0f,1f],start_interpolation: 0,interpolation_duration: 1}
$data merge entity $(left_thumb) {transformation: [-0.7545f,0.1713f,0.6335f,2.049f,-0.3732f,0.6821f,-0.6289f,2.1679f,-0.5399f,-0.7109f,-0.4507f,0.6053f,0f,0f,0f,1f],start_interpolation: 0,interpolation_duration: 1}
$data merge entity $(left_fingers2) {transformation: [0.3773f,0.6684f,0.6411f,2.1074f,0.9258f,-0.2897f,-0.2429f,1.4394f,0.0234f,0.6851f,-0.728f,0.7891f,0f,0f,0f,1f],start_interpolation: 0,interpolation_duration: 1}
$data merge entity $(left_fingers) {transformation: [-0.5709f,0.513f,0.6411f,2.2744f,0.4832f,0.8412f,-0.2429f,1.6637f,-0.6638f,0.1711f,-0.728f,0.8512f,0f,0f,0f,1f],start_interpolation: 0,interpolation_duration: 1}
$data merge entity $(left_hand) {transformation: [-0.7545f,-0.1406f,0.6411f,2.2126f,-0.3732f,0.8954f,-0.2429f,2.201f,-0.5399f,-0.4225f,-0.728f,0.5568f,0f,0f,0f,1f],start_interpolation: 0,interpolation_duration: 1}
$data merge entity $(left_forearm) {transformation: [-1.1546f,-0.1936f,-0.7256f,1.8465f,0.1645f,1.2333f,-0.5908f,4.0436f,0.7328f,-0.5819f,-1.0107f,-0.3258f,0f,0f,0f,1f],start_interpolation: 0,interpolation_duration: 1}
$data merge entity $(left_shoulder) {transformation: [-1.3905f,-0.4584f,-0.0782f,1.0098f,-0.465f,1.3723f,0.2246f,5.6158f,0.003f,0.2378f,-1.4468f,0.0112f,0f,0f,0f,1f],start_interpolation: 0,interpolation_duration: 1}
$data merge entity $(left_arm) {transformation: [-1f,0.0002f,0.0004f,0.4459f,0.0003f,0.9998f,0.0206f,5.9057f,-0.0004f,0.0206f,-0.9998f,0.0085f,0f,0f,0f,1f],start_interpolation: 0,interpolation_duration: 1}
$data merge entity $(chest) {transformation: [-1.2785f,0.0003f,0.0005f,0.003f,0.0003f,1.2783f,0.0263f,4.1009f,-0.0005f,0.0263f,-1.2783f,-0.0634f,0f,0f,0f,1f],start_interpolation: 0,interpolation_duration: 1}
$data merge entity $(left_cheek) {transformation: [-0.9724f,-0.12f,-0.1999f,0.392f,-0.0675f,0.9656f,-0.251f,3.3364f,0.2232f,-0.2306f,-0.9471f,-0.7359f,0f,0f,0f,1f],start_interpolation: 0,interpolation_duration: 1}
$data merge entity $(left_foot) {transformation: [-0.8879f,-0.0061f,-0.5069f,0.3179f,-0.0199f,1.0219f,0.0227f,-4.7605f,0.5065f,0.0296f,-0.8876f,-0.9771f,0f,0f,0f,1f],start_interpolation: 0,interpolation_duration: 1}
$data merge entity $(left_knee) {transformation: [-2.8139f,0.2572f,-1.1261f,0.7085f,0.0092f,2.9703f,0.6553f,-0.623f,1.1551f,0.6028f,-2.7486f,-0.2885f,0f,0f,0f,1f],start_interpolation: 0,interpolation_duration: 1}
$data merge entity $(left_leg) {transformation: [-1.5893f,0.03f,-0.6517f,0.7095f,0.0052f,1.7167f,0.0662f,2.1255f,0.6524f,0.0593f,-1.5882f,-0.1198f,0f,0f,0f,1f],start_interpolation: 0,interpolation_duration: 1}
$data merge entity $(right_cheek) {transformation: [-0.9989f,0.0074f,-0.0454f,-0.4923f,0.0154f,0.9835f,-0.1802f,3.2176f,0.0433f,-0.1807f,-0.9826f,-0.6107f,0f,0f,0f,1f],start_interpolation: 0,interpolation_duration: 1}
$data merge entity $(right_foot) {transformation: [-1.0173f,-0.0062f,0.1015f,-0.6574f,-0.0082f,1.0221f,-0.0198f,-4.7523f,-0.1014f,-0.0205f,-1.0171f,1.0912f,0f,0f,0f,1f],start_interpolation: 0,interpolation_duration: 1}
$data merge entity $(right_knee) {transformation: [-3.0393f,-0.0073f,0.1206f,-0.7497f,-0.0134f,3.0378f,-0.1535f,-0.5545f,-0.1201f,-0.1539f,-3.0355f,0.7505f,0f,0f,0f,1f],start_interpolation: 0,interpolation_duration: 1}
$data merge entity $(right_leg) {transformation: [-1.7165f,0.0073f,0.0712f,-0.6687f,-0.0105f,1.6649f,-0.4237f,2.1255f,-0.0708f,-0.4238f,-1.6634f,0.1232f,0f,0f,0f,1f],start_interpolation: 0,interpolation_duration: 1}
$data merge entity $(weist) {transformation: [-1.5977f,0f,-0.2817f,0f,0f,1.6223f,0f,3.7762f,0.2817f,0f,-1.5977f,-0.114f,0f,0f,0f,1f],start_interpolation: 0,interpolation_duration: 1}
data modify storage animated_java:temp entry.data merge value {"locators":{"consume":{"px":-2.1503569396,"py":1.4508373403,"pz":0.6695596447,"ry":319.0514740135,"rx":-13.6093854591}}}
# Data Manager: Prepare for Read / Write
execute store result storage animated_java:temp args.id int 1 run scoreboard players get @s aj.id
# Data Manager: Write
function animated_java:global/data_manager/write with storage animated_java:temp args