# This file was generated by Animated Java via MC-Build. It is not recommended to edit this file directly.
$data merge entity $(neck) {transformation: [-1f,0.0015f,-0.0007f,0.002f,0.0015f,0.9999f,0.0137f,5.9324f,0.0007f,0.0137f,-0.9999f,-0.0184f,0f,0f,0f,1f],start_interpolation: 0,interpolation_duration: 1}
$data merge entity $(right_thumb_2) {transformation: [-0.7532f,0.1919f,-0.6292f,-1.8622f,0.3658f,0.9172f,-0.1582f,1.8615f,0.5467f,-0.3493f,-0.761f,0.7483f,0f,0f,0f,1f],start_interpolation: 0,interpolation_duration: 1}
$data merge entity $(right_thumb) {transformation: [-0.7532f,-0.1763f,-0.6337f,-2.0216f,0.3658f,0.6885f,-0.6262f,2.146f,0.5467f,-0.7035f,-0.4541f,0.6095f,0f,0f,0f,1f],start_interpolation: 0,interpolation_duration: 1}
$data merge entity $(right_fingers2) {transformation: [0.3797f,-0.6646f,-0.6435f,-2.0772f,-0.9245f,-0.2982f,-0.2375f,1.4156f,-0.0341f,0.6851f,-0.7276f,0.7863f,0f,0f,0f,1f],start_interpolation: 0,interpolation_duration: 1}
$data merge entity $(right_fingers) {transformation: [-0.5666f,-0.5146f,-0.6435f,-2.2445f,-0.4913f,0.838f,-0.2375f,1.6388f,0.6615f,0.1815f,-0.7276f,0.8514f,0f,0f,0f,1f],start_interpolation: 0,interpolation_duration: 1}
$data merge entity $(scout) {transformation: [0f,0f,0f,-2.1735f,0f,0f,0f,1.5889f,0f,0f,0f,0.6583f,0f,0f,0f,1f],start_interpolation: 0,interpolation_duration: 1}
$data merge entity $(right_hand) {transformation: [-0.7532f,0.1363f,-0.6435f,-2.1855f,0.3658f,0.8999f,-0.2375f,2.1791f,0.5467f,-0.4143f,-0.7276f,0.562f,0f,0f,0f,1f],start_interpolation: 0,interpolation_duration: 1}
$data merge entity $(right_forearm) {transformation: [-1.1573f,0.1877f,0.7229f,-1.8283f,-0.1605f,1.2395f,-0.5789f,4.0313f,-0.7294f,-0.5706f,-1.0196f,-0.3041f,0f,0f,0f,1f],start_interpolation: 0,interpolation_duration: 1}
$data merge entity $(right_shoulder) {transformation: [-1.3944f,0.4472f,0.0752f,-1.0045f,0.4534f,1.3764f,0.2231f,5.6109f,-0.0025f,0.2354f,-1.4472f,0.0299f,0f,0f,0f,1f],start_interpolation: 0,interpolation_duration: 1}
$data merge entity $(right_arm) {transformation: [-1f,0.0001f,0.0002f,-0.4405f,0.0001f,0.9999f,0.0122f,5.9006f,-0.0002f,0.0122f,-0.9999f,0.0251f,0f,0f,0f,1f],start_interpolation: 0,interpolation_duration: 1}
$data merge entity $(left_thumb_2) {transformation: [-0.7512f,-0.192f,0.6316f,1.8688f,-0.3707f,0.9143f,-0.1629f,1.8676f,-0.5462f,-0.3565f,-0.758f,0.7784f,0f,0f,0f,1f],start_interpolation: 0,interpolation_duration: 1}
$data merge entity $(left_thumb) {transformation: [-0.7512f,0.1774f,0.6358f,2.0283f,-0.3707f,0.6836f,-0.6287f,2.1513f,-0.5462f,-0.708f,-0.4478f,0.638f,0f,0f,0f,1f],start_interpolation: 0,interpolation_duration: 1}
$data merge entity $(left_fingers2) {transformation: [0.3785f,0.663f,0.6459f,2.0843f,0.9252f,-0.2924f,-0.242f,1.4222f,0.0284f,0.6891f,-0.7241f,0.8203f,0f,0f,0f,1f],start_interpolation: 0,interpolation_duration: 1}
$data merge entity $(left_fingers) {transformation: [-0.5654f,0.513f,0.6459f,2.2511f,0.4857f,0.84f,-0.242f,1.6461f,-0.6667f,0.1769f,-0.7241f,0.8842f,0f,0f,0f,1f],start_interpolation: 0,interpolation_duration: 1}
$data merge entity $(left_hand) {transformation: [-0.7512f,-0.1363f,0.6459f,2.1923f,-0.3707f,0.8967f,-0.242f,2.1843f,-0.5462f,-0.4212f,-0.7241f,0.5907f,0f,0f,0f,1f],start_interpolation: 0,interpolation_duration: 1}
$data merge entity $(left_forearm) {transformation: [-1.1596f,-0.1877f,-0.7192f,1.8352f,0.1643f,1.235f,-0.5872f,4.0297f,0.7249f,-0.5802f,-1.0174f,-0.2899f,0f,0f,0f,1f],start_interpolation: 0,interpolation_duration: 1}
$data merge entity $(left_shoulder) {transformation: [-1.3938f,-0.4496f,-0.0713f,1.0085f,-0.4552f,1.3775f,0.2124f,5.6106f,0.0019f,0.2241f,-1.449f,0.0304f,0f,0f,0f,1f],start_interpolation: 0,interpolation_duration: 1}
$data merge entity $(left_arm) {transformation: [-1f,0.0001f,0.0002f,0.4446f,0.0001f,0.9999f,0.0122f,5.9004f,-0.0002f,0.0122f,-0.9999f,0.0253f,0f,0f,0f,1f],start_interpolation: 0,interpolation_duration: 1}
$data merge entity $(chest) {transformation: [-1.2785f,0.0002f,0.0003f,0.0018f,0.0002f,1.2784f,0.0156f,4.0951f,-0.0003f,0.0156f,-1.2784f,-0.0314f,0f,0f,0f,1f],start_interpolation: 0,interpolation_duration: 1}
$data merge entity $(left_cheek) {transformation: [-0.9728f,-0.1181f,-0.1994f,0.3895f,-0.0613f,0.9609f,-0.27f,3.356f,0.2235f,-0.2504f,-0.942f,-0.7005f,0f,0f,0f,1f],start_interpolation: 0,interpolation_duration: 1}
$data merge entity $(left_foot) {transformation: [-0.8868f,0.0012f,-0.5087f,0.342f,-0.0166f,1.0217f,0.0315f,-4.7837f,0.5084f,0.0356f,-0.8863f,-0.9034f,0f,0f,0f,1f],start_interpolation: 0,interpolation_duration: 1}
$data merge entity $(left_knee) {transformation: [-2.8122f,0.2142f,-1.1391f,0.6725f,0.0051f,2.9916f,0.5499f,-0.6209f,1.1591f,0.5065f,-2.7663f,-0.3489f,0f,0f,0f,1f],start_interpolation: 0,interpolation_duration: 1}
$data merge entity $(left_leg) {transformation: [-1.5883f,0.0524f,-0.6525f,0.7095f,0.0029f,1.713f,0.1305f,2.1197f,0.6546f,0.1196f,-1.5838f,-0.0837f,0f,0f,0f,1f],start_interpolation: 0,interpolation_duration: 1}
$data merge entity $(right_cheek) {transformation: [-0.998f,-0.0041f,-0.0627f,-0.4979f,0.0071f,0.9841f,-0.1774f,3.2267f,0.0625f,-0.1775f,-0.9821f,-0.5788f,0f,0f,0f,1f],start_interpolation: 0,interpolation_duration: 1}
$data merge entity $(right_foot) {transformation: [-1.0179f,-0.0121f,0.0951f,-0.595f,-0.0148f,1.0219f,-0.0288f,-4.7771f,-0.0947f,-0.0301f,-1.0175f,1.0297f,0f,0f,0f,1f],start_interpolation: 0,interpolation_duration: 1}
$data merge entity $(right_knee) {transformation: [-3.0408f,-0.0298f,0.0673f,-0.7208f,-0.0329f,3.0382f,-0.1431f,-0.579f,-0.0659f,-0.1438f,-3.0376f,0.7045f,0f,0f,0f,1f],start_interpolation: 0,interpolation_duration: 1}
$data merge entity $(right_leg) {transformation: [-1.7174f,-0.0113f,0.0424f,-0.6687f,-0.0202f,1.6772f,-0.3716f,2.1197f,-0.039f,-0.372f,-1.6767f,0.1593f,0f,0f,0f,1f],start_interpolation: 0,interpolation_duration: 1}
$data merge entity $(weist) {transformation: [-1.5977f,0f,-0.2817f,0f,0f,1.6223f,0f,3.7704f,0.2817f,0f,-1.5977f,-0.078f,0f,0f,0f,1f],start_interpolation: 0,interpolation_duration: 1}
data modify storage animated_java:temp entry.data merge value {"locators":{"consume":{"px":-2.1327959648,"py":1.4378757755,"pz":0.7245631579,"ry":318.5099888279,"rx":-13.7411024175}}}
# Data Manager: Prepare for Read / Write
execute store result storage animated_java:temp args.id int 1 run scoreboard players get @s aj.id
# Data Manager: Write
function animated_java:global/data_manager/write with storage animated_java:temp args