# This file was generated by Animated Java via MC-Build. It is not recommended to edit this file directly.
$data merge entity $(neck) {transformation: [-1f,0.0007f,-0.0003f,0.001f,0.0007f,1f,0.0069f,5.9278f,0.0004f,0.0069f,-1f,-0.0026f,0f,0f,0f,1f],start_interpolation: 0,interpolation_duration: 1}
$data merge entity $(right_thumb_2) {transformation: [-0.7497f,0.1892f,-0.6341f,-1.8497f,0.3665f,0.9166f,-0.1598f,1.8521f,0.551f,-0.3522f,-0.7565f,0.7894f,0f,0f,0f,1f],start_interpolation: 0,interpolation_duration: 1}
$data merge entity $(right_thumb) {transformation: [-0.7497f,-0.1811f,-0.6365f,-2.0101f,0.3665f,0.6872f,-0.6273f,2.1363f,0.551f,-0.7035f,-0.4488f,0.651f,0f,0f,0f,1f],start_interpolation: 0,interpolation_duration: 1}
$data merge entity $(right_fingers2) {transformation: [0.3799f,-0.66f,-0.6482f,-2.0643f,-0.9244f,-0.2972f,-0.2391f,1.4062f,-0.0349f,0.69f,-0.723f,0.8296f,0f,0f,0f,1f],start_interpolation: 0,interpolation_duration: 1}
$data merge entity $(right_fingers) {transformation: [-0.5621f,-0.5137f,-0.6482f,-2.2313f,-0.4903f,0.8381f,-0.2391f,1.6294f,0.6661f,0.1834f,-0.723f,0.8953f,0f,0f,0f,1f],start_interpolation: 0,interpolation_duration: 1}
$data merge entity $(scout) {transformation: [0f,0f,0f,-2.1615f,0f,0f,0f,1.5793f,0f,0f,0f,0.7019f,0f,0f,0f,1f],start_interpolation: 0,interpolation_duration: 1}
$data merge entity $(right_hand) {transformation: [-0.7497f,0.1332f,-0.6482f,-2.1743f,0.3665f,0.8992f,-0.2391f,2.1693f,0.551f,-0.4168f,-0.723f,0.6046f,0f,0f,0f,1f],start_interpolation: 0,interpolation_duration: 1}
$data merge entity $(right_forearm) {transformation: [-1.162f,0.1835f,0.7164f,-1.8236f,-0.1623f,1.2385f,-0.5804f,4.0201f,-0.7215f,-0.5741f,-1.0232f,-0.2672f,0f,0f,0f,1f],start_interpolation: 0,interpolation_duration: 1}
$data merge entity $(right_shoulder) {transformation: [-1.3964f,0.442f,0.0683f,-1.0055f,0.4472f,1.3806f,0.209f,5.6065f,-0.0013f,0.2199f,-1.4496f,0.0478f,0f,0f,0f,1f],start_interpolation: 0,interpolation_duration: 1}
$data merge entity $(right_arm) {transformation: [-1f,0.0001f,0.0001f,-0.4415f,0.0001f,1f,0.0062f,5.8962f,-0.0001f,0.0062f,-1f,0.0412f,0f,0f,0f,1f],start_interpolation: 0,interpolation_duration: 1}
$data merge entity $(left_thumb_2) {transformation: [-0.7487f,-0.1893f,0.6353f,1.853f,-0.369f,0.9152f,-0.1622f,1.8552f,-0.5507f,-0.3558f,-0.7551f,0.8045f,0f,0f,0f,1f],start_interpolation: 0,interpolation_duration: 1}
$data merge entity $(left_thumb) {transformation: [-0.7487f,0.1817f,0.6375f,2.0135f,-0.369f,0.6847f,-0.6285f,2.1391f,-0.5507f,-0.7058f,-0.4456f,0.6654f,0f,0f,0f,1f],start_interpolation: 0,interpolation_duration: 1}
$data merge entity $(left_fingers2) {transformation: [0.3792f,0.6592f,0.6493f,2.0678f,0.9247f,-0.2943f,-0.2413f,1.4096f,0.032f,0.692f,-0.7212f,0.8467f,0f,0f,0f,1f],start_interpolation: 0,interpolation_duration: 1}
$data merge entity $(left_fingers) {transformation: [-0.5615f,0.5129f,0.6493f,2.2346f,0.4875f,0.8391f,-0.2413f,1.6332f,-0.6687f,0.181f,-0.7212f,0.9118f,0f,0f,0f,1f],start_interpolation: 0,interpolation_duration: 1}
$data merge entity $(left_hand) {transformation: [-0.7487f,-0.1332f,0.6493f,2.1777f,-0.369f,0.8976f,-0.2413f,2.172f,-0.5507f,-0.4203f,-0.7212f,0.6191f,0f,0f,0f,1f],start_interpolation: 0,interpolation_duration: 1}
$data merge entity $(left_forearm) {transformation: [-1.1631f,-0.1835f,-0.7146f,1.827f,0.1642f,1.2363f,-0.5847f,4.0193f,0.7193f,-0.5789f,-1.0221f,-0.26f,0f,0f,0f,1f],start_interpolation: 0,interpolation_duration: 1}
$data merge entity $(left_shoulder) {transformation: [-1.3961f,-0.4432f,-0.0664f,1.0075f,-0.4481f,1.3811f,0.2036f,5.6063f,0.001f,0.2142f,-1.4505f,0.048f,0f,0f,0f,1f],start_interpolation: 0,interpolation_duration: 1}
$data merge entity $(left_arm) {transformation: [-1f,0.0001f,0.0001f,0.4436f,0.0001f,1f,0.0062f,5.8961f,-0.0001f,0.0062f,-1f,0.0413f,0f,0f,0f,1f],start_interpolation: 0,interpolation_duration: 1}
$data merge entity $(chest) {transformation: [-1.2785f,0.0001f,0.0001f,0.0009f,0.0001f,1.2785f,0.0079f,4.0904f,-0.0001f,0.0079f,-1.2785f,-0.0045f,0f,0f,0f,1f],start_interpolation: 0,interpolation_duration: 1}
$data merge entity $(left_cheek) {transformation: [-0.973f,-0.1167f,-0.1994f,0.3875f,-0.0561f,0.9566f,-0.286f,3.374f,0.2241f,-0.2671f,-0.9372f,-0.6705f,0f,0f,0f,1f],start_interpolation: 0,interpolation_duration: 1}
$data merge entity $(left_foot) {transformation: [-0.886f,0.0074f,-0.5101f,0.3631f,-0.0139f,1.0215f,0.0389f,-4.7961f,0.51f,0.0407f,-0.8852f,-0.8408f,0f,0f,0f,1f],start_interpolation: 0,interpolation_duration: 1}
$data merge entity $(left_knee) {transformation: [-2.8108f,0.1774f,-1.1489f,0.6423f,0.0015f,3.0067f,0.4604f,-0.616f,1.1625f,0.4249f,-2.7785f,-0.3998f,0f,0f,0f,1f],start_interpolation: 0,interpolation_duration: 1}
$data merge entity $(left_leg) {transformation: [-1.5875f,0.0712f,-0.6527f,0.7095f,0.0009f,1.708f,0.1843f,2.115f,0.6566f,0.17f,-1.5784f,-0.0538f,0f,0f,0f,1f],start_interpolation: 0,interpolation_duration: 1}
$data merge entity $(right_cheek) {transformation: [-0.9969f,-0.0137f,-0.0773f,-0.5029f,0.0001f,0.9845f,-0.1752f,3.2355f,0.0785f,-0.1747f,-0.9815f,-0.5525f,0f,0f,0f,1f],start_interpolation: 0,interpolation_duration: 1}
$data merge entity $(right_foot) {transformation: [-1.0183f,-0.0171f,0.0897f,-0.5449f,-0.0204f,1.0215f,-0.0366f,-4.7953f,-0.089f,-0.0383f,-1.0178f,0.9769f,0f,0f,0f,1f],start_interpolation: 0,interpolation_duration: 1}
$data merge entity $(right_knee) {transformation: [-3.0413f,-0.0485f,0.0223f,-0.6984f,-0.0494f,3.0383f,-0.1349f,-0.5971f,-0.0201f,-0.1353f,-3.0387f,0.6648f,0f,0f,0f,1f],start_interpolation: 0,interpolation_duration: 1}
$data merge entity $(right_leg) {transformation: [-1.7177f,-0.0257f,0.0173f,-0.6687f,-0.0286f,1.6862f,-0.3278f,2.115f,-0.0121f,-0.328f,-1.6863f,0.1892f,0f,0f,0f,1f],start_interpolation: 0,interpolation_duration: 1}
$data merge entity $(weist) {transformation: [-1.5977f,0f,-0.2817f,0f,0f,1.6223f,0f,3.7657f,0.2817f,0f,-1.5977f,-0.0481f,0f,0f,0f,1f],start_interpolation: 0,interpolation_duration: 1}
data modify storage animated_java:temp entry.data merge value {"locators":{"consume":{"px":-2.1203015924,"py":1.4283573785,"pz":0.7681475011,"ry":318.1221133843,"rx":-13.8335440445}}}
# Data Manager: Prepare for Read / Write
execute store result storage animated_java:temp args.id int 1 run scoreboard players get @s aj.id
# Data Manager: Write
function animated_java:global/data_manager/write with storage animated_java:temp args