# This file was generated by Animated Java via MC-Build. It is not recommended to edit this file directly.
$data merge entity $(neck) {transformation: [-0.9816f,0.1534f,-0.114f,0.0261f,0.0809f,0.8738f,0.4795f,6.2889f,0.1731f,0.4614f,-0.8701f,-0.184f,0f,0f,0f,1f],start_interpolation: 0,interpolation_duration: 1}
$data merge entity $(right_thumb_2) {transformation: [-0.6383f,-0.2939f,-0.7114f,-2.1031f,-0.1781f,0.9555f,-0.235f,3.0781f,0.7489f,-0.0233f,-0.6623f,0.2022f,0f,0f,0f,1f],start_interpolation: 0,interpolation_duration: 1}
$data merge entity $(right_thumb) {transformation: [-0.6383f,-0.658f,-0.3995f,-2.4038f,-0.1781f,0.6311f,-0.755f,3.2654f,0.7489f,-0.4108f,-0.52f,0.1884f,0f,0f,0f,1f],start_interpolation: 0,interpolation_duration: 1}
$data merge entity $(right_fingers2) {transformation: [-0.3907f,-0.8067f,-0.4434f,-2.2978f,-0.7313f,0.5645f,-0.3827f,2.4264f,0.559f,0.1747f,-0.8106f,0.4271f,0f,0f,0f,1f],start_interpolation: 0,interpolation_duration: 1}
$data merge entity $(right_fingers) {transformation: [-0.8573f,-0.2617f,-0.4434f,-2.3998f,-0.083f,0.9202f,-0.3827f,2.6835f,0.5081f,-0.2912f,-0.8106f,0.3525f,0f,0f,0f,1f],start_interpolation: 0,interpolation_duration: 1}
$data merge entity $(scout) {transformation: [0f,0f,0f,-2.3049f,0f,0f,0f,2.6949f,0f,0f,0f,0.1636f,0f,0f,0f,1f],start_interpolation: 0,interpolation_duration: 1}
$data merge entity $(right_hand) {transformation: [-0.8631f,-0.2417f,-0.4434f,-2.5635f,-0.0616f,0.9218f,-0.3827f,3.2331f,0.5012f,-0.303f,-0.8106f,0.128f,0f,0f,0f,1f],start_interpolation: 0,interpolation_duration: 1}
$data merge entity $(right_forearm) {transformation: [-1.1237f,0.1725f,0.7776f,-2.2287f,-0.2259f,1.2204f,-0.5972f,5.0587f,-0.7638f,-0.6148f,-0.9674f,-0.8012f,0f,0f,0f,1f],start_interpolation: 0,interpolation_duration: 1}
$data merge entity $(right_shoulder) {transformation: [-1.1537f,0.9049f,0.0097f,-0.8932f,0.6312f,0.7933f,1.0593f,5.8646f,0.6485f,0.8377f,-1.0137f,0.122f,0f,0f,0f,1f],start_interpolation: 0,interpolation_duration: 1}
$data merge entity $(right_arm) {transformation: [-0.9269f,0.0187f,-0.3747f,-0.3682f,-0.1037f,0.947f,0.3039f,6.2f,0.3606f,0.3206f,-0.8759f,0.0041f,0f,0f,0f,1f],start_interpolation: 0,interpolation_duration: 1}
$data merge entity $(left_thumb_2) {transformation: [0.0256f,0.361f,0.9322f,1.5577f,-0.9757f,0.2122f,-0.0554f,4.3f,-0.2178f,-0.9081f,0.3576f,1.3818f,0f,0f,0f,1f],start_interpolation: 0,interpolation_duration: 1}
$data merge entity $(left_thumb) {transformation: [0.0256f,0.8427f,0.5377f,1.8174f,-0.9757f,0.1382f,-0.1703f,4.4915f,-0.2178f,-0.5203f,0.8257f,1.2351f,0f,0f,0f,1f],start_interpolation: 0,interpolation_duration: 1}
$data merge entity $(left_fingers2) {transformation: [0.1617f,0.5684f,0.8067f,1.4742f,-0.6477f,0.6779f,-0.3478f,4.5698f,-0.7445f,-0.4663f,0.4778f,2.0401f,0f,0f,0f,1f],start_interpolation: 0,interpolation_duration: 1}
$data merge entity $(left_fingers) {transformation: [-0.307f,0.5049f,0.8067f,1.6327f,-0.9375f,-0.0144f,-0.3478f,4.5896f,-0.164f,-0.863f,0.4778f,1.8023f,0f,0f,0f,1f],start_interpolation: 0,interpolation_duration: 1}
$data merge entity $(left_hand) {transformation: [-0.3187f,0.4977f,0.8067f,1.9724f,-0.9369f,-0.0362f,-0.3478f,4.5473f,-0.1439f,-0.8666f,0.4778f,1.2905f,0f,0f,0f,1f],start_interpolation: 0,interpolation_duration: 1}
$data merge entity $(left_forearm) {transformation: [-1.1653f,0.304f,-0.6685f,2.3575f,0.7223f,0.2482f,-1.1462f,4.9094f,-0.1326f,-1.3203f,-0.3694f,-0.7168f,0f,0f,0f,1f],start_interpolation: 0,interpolation_duration: 1}
$data merge entity $(left_shoulder) {transformation: [-1.116f,-0.9508f,0.0191f,0.9727f,-0.9474f,1.1141f,0.1052f,6.0733f,-0.0827f,0.0677f,-1.4623f,-0.6038f,0f,0f,0f,1f],start_interpolation: 0,interpolation_duration: 1}
$data merge entity $(left_arm) {transformation: [-0.9269f,0.0187f,-0.3747f,0.4522f,-0.1037f,0.947f,0.3039f,6.2918f,0.3606f,0.3206f,-0.8759f,-0.315f,0f,0f,0f,1f],start_interpolation: 0,interpolation_duration: 1}
$data merge entity $(chest) {transformation: [-1.1851f,0.024f,-0.4791f,-0.0048f,-0.1326f,1.2108f,0.3886f,4.546f,0.461f,0.4099f,-1.1199f,-0.7647f,0f,0f,0f,1f],start_interpolation: 0,interpolation_duration: 1}
$data merge entity $(left_cheek) {transformation: [-0.8774f,-0.3277f,-0.3503f,0.2066f,-0.2123f,0.9202f,-0.3289f,3.5835f,0.4301f,-0.2142f,-0.877f,-1.5946f,0f,0f,0f,1f],start_interpolation: 0,interpolation_duration: 1}
$data merge entity $(left_foot) {transformation: [-0.7291f,-0.0462f,-0.7152f,1.3775f,-0.0663f,1.0202f,0.0017f,-4.0567f,0.7136f,0.0475f,-0.7306f,-1.8312f,0f,0f,0f,1f],start_interpolation: 0,interpolation_duration: 1}
$data merge entity $(left_knee) {transformation: [-2.4103f,0.1473f,-1.8496f,1.5748f,-0.475f,2.8821f,0.8485f,-0.0194f,1.7936f,0.9612f,-2.2608f,-0.6448f,0f,0f,0f,1f],start_interpolation: 0,interpolation_duration: 1}
$data merge entity $(left_leg) {transformation: [-1.3613f,-0.5024f,-0.9197f,0.7403f,-0.2683f,1.6245f,-0.4903f,2.5863f,1.013f,-0.2449f,-1.3657f,-0.955f,0f,0f,0f,1f],start_interpolation: 0,interpolation_duration: 1}
$data merge entity $(right_cheek) {transformation: [-0.9855f,0.0712f,-0.154f,-0.422f,0.1167f,0.9433f,-0.3108f,3.5977f,0.1231f,-0.3242f,-0.9379f,-1.3499f,0f,0f,0f,1f],start_interpolation: 0,interpolation_duration: 1}
$data merge entity $(right_foot) {transformation: [-1.0166f,0.0558f,0.0929f,-0.9289f,0.1082f,0.4735f,0.8996f,-2.9373f,0.0061f,0.9044f,-0.4767f,-0.936f,0f,0f,0f,1f],start_interpolation: 0,interpolation_duration: 1}
$data merge entity $(right_knee) {transformation: [-3.0313f,0.2477f,-0.0469f,-0.675f,0.1787f,2.5103f,1.7084f,0.612f,0.1778f,1.6998f,-2.5162f,1.3187f,0f,0f,0f,1f],start_interpolation: 0,interpolation_duration: 1}
$data merge entity $(right_leg) {transformation: [-1.712f,-0.0137f,-0.1424f,-0.6215f,0.0932f,1.1909f,-1.2347f,2.5523f,0.1086f,-1.2381f,-1.186f,-0.6346f,0f,0f,0f,1f],start_interpolation: 0,interpolation_duration: 1}
$data merge entity $(weist) {transformation: [-1.5788f,-0.0319f,-0.3722f,0f,-0.0395f,1.6216f,0.0287f,4.2213f,0.3714f,0.037f,-1.5788f,-0.8716f,0f,0f,0f,1f],start_interpolation: 0,interpolation_duration: 1}
data modify storage animated_java:temp entry.data merge value {"locators":{"consume":{"px":-2.2067760276,"py":2.5672422148,"pz":0.2177589933,"ry":331.3221020542,"rx":-22.4986492629}}}
# Data Manager: Prepare for Read / Write
execute store result storage animated_java:temp args.id int 1 run scoreboard players get @s aj.id
# Data Manager: Write
function animated_java:global/data_manager/write with storage animated_java:temp args