# This file was generated by Animated Java via MC-Build. It is not recommended to edit this file directly.
$data merge entity $(neck) {transformation: [-0.9962f,0.0867f,0.0039f,-0.003f,0.0727f,0.8095f,0.5826f,6.3844f,0.0474f,0.5807f,-0.8127f,-0.294f,0f,0f,0f,1f],start_interpolation: 0,interpolation_duration: 1}
$data merge entity $(right_thumb_2) {transformation: [-0.6973f,-0.2674f,-0.665f,-2.8104f,-0.1913f,0.9636f,-0.187f,3.8929f,0.6908f,-0.0032f,-0.723f,-0.8867f,0f,0f,0f,1f],start_interpolation: 0,interpolation_duration: 1}
$data merge entity $(right_thumb) {transformation: [-0.6973f,-0.6162f,-0.3661f,-3.1069f,-0.1913f,0.6522f,-0.7335f,4.0847f,0.6908f,-0.4415f,-0.5726f,-0.9183f,0f,0f,0f,1f],start_interpolation: 0,interpolation_duration: 1}
$data merge entity $(right_fingers2) {transformation: [-0.9025f,-0.3257f,-0.2817f,-3.2094f,-0.2214f,0.912f,-0.3453f,3.2442f,0.3693f,-0.2493f,-0.8952f,-0.6518f,0f,0f,0f,1f],start_interpolation: 0,interpolation_duration: 1}
$data merge entity $(right_fingers) {transformation: [-0.9316f,0.2298f,-0.2817f,-3.1723f,0.3218f,0.8816f,-0.3453f,3.502f,0.1689f,-0.4124f,-0.8952f,-0.7711f,0f,0f,0f,1f],start_interpolation: 0,interpolation_duration: 1}
$data merge entity $(scout) {transformation: [0f,0f,0f,-3.0387f,0f,0f,0f,3.5095f,0f,0f,0f,-0.9352f,0f,0f,0f,1f],start_interpolation: 0,interpolation_duration: 1}
$data merge entity $(right_hand) {transformation: [-0.9524f,-0.1167f,-0.2817f,-3.2516f,-0.0128f,0.9384f,-0.3453f,4.0631f,0.3046f,-0.3253f,-0.8952f,-1.012f,0f,0f,0f,1f],start_interpolation: 0,interpolation_duration: 1}
$data merge entity $(right_forearm) {transformation: [-0.9165f,0.5715f,0.8547f,-2.3218f,0.1242f,1.1981f,-0.6679f,5.838f,-1.0206f,-0.3674f,-0.8488f,-1.5537f,0f,0f,0f,1f],start_interpolation: 0,interpolation_duration: 1}
$data merge entity $(right_shoulder) {transformation: [-1.0666f,0.9238f,0.3984f,-0.9933f,0.721f,0.2969f,1.2417f,6.0147f,0.7017f,1.0992f,-0.6702f,-0.3334f,0f,0f,0f,1f],start_interpolation: 0,interpolation_duration: 1}
$data merge entity $(right_arm) {transformation: [-0.9945f,-0.0161f,-0.1039f,-0.438f,-0.0673f,0.8566f,0.5115f,6.3052f,0.0808f,0.5157f,-0.853f,-0.2368f,0f,0f,0f,1f],start_interpolation: 0,interpolation_duration: 1}
$data merge entity $(left_thumb_2) {transformation: [0.1006f,-0.1497f,0.9836f,2.6191f,-0.6603f,0.7295f,0.1785f,4.0637f,-0.7442f,-0.6674f,-0.0254f,0.8043f,0f,0f,0f,1f],start_interpolation: 0,interpolation_duration: 1}
$data merge entity $(left_thumb) {transformation: [0.1006f,0.4782f,0.8725f,2.7457f,-0.6603f,0.688f,-0.301f,4.3872f,-0.7442f,-0.5458f,0.385f,0.7336f,0f,0f,0f,1f],start_interpolation: 0,interpolation_duration: 1}
$data merge entity $(left_fingers2) {transformation: [-0.2711f,0.09f,0.9583f,2.8532f,-0.6985f,0.6666f,-0.2602f,4.0966f,-0.6623f,-0.7399f,-0.1179f,1.5655f,0f,0f,0f,1f],start_interpolation: 0,interpolation_duration: 1}
$data merge entity $(left_fingers) {transformation: [-0.2755f,-0.0756f,0.9583f,2.8465f,-0.951f,0.1671f,-0.2602f,4.1691f,-0.1404f,-0.983f,-0.1179f,1.2884f,0f,0f,0f,1f],start_interpolation: 0,interpolation_duration: 1}
$data merge entity $(left_hand) {transformation: [-0.2844f,0.0274f,0.9583f,2.9043f,-0.8293f,0.4945f,-0.2602f,4.4572f,-0.481f,-0.8688f,-0.1179f,0.7472f,0f,0f,0f,1f],start_interpolation: 0,interpolation_duration: 1}
$data merge entity $(left_forearm) {transformation: [-1.1946f,-0.1665f,-0.6651f,2.5796f,0.5152f,0.6636f,-1.0915f,5.4381f,0.4524f,-1.1954f,-0.5132f,-1.0529f,0f,0f,0f,1f],start_interpolation: 0,interpolation_duration: 1}
$data merge entity $(left_shoulder) {transformation: [-0.9272f,-1.1357f,-0.0168f,1.0086f,-0.9487f,0.7625f,0.8176f,6.1502f,-0.6245f,0.5279f,-1.217f,-0.4961f,0f,0f,0f,1f],start_interpolation: 0,interpolation_duration: 1}
$data merge entity $(left_arm) {transformation: [-0.9945f,-0.0161f,-0.1039f,0.4422f,-0.0673f,0.8566f,0.5115f,6.3648f,0.0808f,0.5157f,-0.853f,-0.3083f,0f,0f,0f,1f],start_interpolation: 0,interpolation_duration: 1}
$data merge entity $(chest) {transformation: [-1.2715f,-0.0206f,-0.1329f,0.0276f,-0.0861f,1.0952f,0.654f,4.8056f,0.1033f,0.6593f,-1.0906f,-1.2334f,0f,0f,0f,1f],start_interpolation: 0,interpolation_duration: 1}
$data merge entity $(left_cheek) {transformation: [-0.873f,-0.2918f,-0.3907f,0.1568f,-0.2603f,0.9564f,-0.1326f,3.9433f,0.4124f,-0.0141f,-0.9109f,-2.2363f,0f,0f,0f,1f],start_interpolation: 0,interpolation_duration: 1}
$data merge entity $(left_foot) {transformation: [-0.7017f,0.1227f,-0.7333f,0.8126f,-0.2813f,0.8896f,0.418f,-3.2891f,0.6883f,0.4887f,-0.5768f,-4.4014f,0f,0f,0f,1f],start_interpolation: 0,interpolation_duration: 1}
$data merge entity $(left_knee) {transformation: [-2.3553f,0.4553f,-1.8702f,1.4339f,-0.7701f,2.4857f,1.575f,0.2376f,1.7641f,1.693f,-1.8094f,-2.1829f,0f,0f,0f,1f],start_interpolation: 0,interpolation_duration: 1}
$data merge entity $(left_leg) {transformation: [-1.3302f,-0.4005f,-1.0107f,0.7665f,-0.4349f,1.6598f,-0.0853f,2.8811f,0.9963f,0.1898f,-1.3866f,-1.7967f,0f,0f,0f,1f],start_interpolation: 0,interpolation_duration: 1}
$data merge entity $(right_cheek) {transformation: [-0.9903f,0.1064f,-0.0893f,-0.3481f,0.1336f,0.9059f,-0.4018f,3.7515f,0.0382f,-0.4098f,-0.9114f,-2.1552f,0f,0f,0f,1f],start_interpolation: 0,interpolation_duration: 1}
$data merge entity $(right_foot) {transformation: [-1.0086f,0.105f,0.1298f,-1.0258f,0.1267f,0.999f,0.1768f,-2.9549f,-0.1087f,0.1905f,-0.9986f,-0.5299f,0f,0f,0f,1f],start_interpolation: 0,interpolation_duration: 1}
$data merge entity $(right_knee) {transformation: [-3.0247f,0.2357f,0.2188f,-0.7774f,0.2955f,2.8534f,1.0113f,1.0442f,-0.1269f,1.0269f,-2.8603f,0.7707f,0f,0f,0f,1f],start_interpolation: 0,interpolation_duration: 1}
$data merge entity $(right_leg) {transformation: [-1.714f,0.0913f,-0.0715f,-0.5578f,0.1127f,1.0618f,-1.3458f,2.78f,-0.0274f,-1.3475f,-1.0654f,-1.3557f,0f,0f,0f,1f],start_interpolation: 0,interpolation_duration: 1}
$data merge entity $(weist) {transformation: [-1.5352f,-0.0655f,-0.5205f,0f,-0.1172f,1.6118f,0.1428f,4.4809f,0.5113f,0.1728f,-1.5299f,-1.5113f,0f,0f,0f,1f],start_interpolation: 0,interpolation_duration: 1}
data modify storage animated_java:temp entry.data merge value {"locators":{"consume":{"px":-2.9621234653,"py":3.3753217122,"pz":-0.864447462,"ry":342.5356622717,"rx":-20.2015158732}}}
# Data Manager: Prepare for Read / Write
execute store result storage animated_java:temp args.id int 1 run scoreboard players get @s aj.id
# Data Manager: Write
function animated_java:global/data_manager/write with storage animated_java:temp args