# This file was generated by Animated Java via MC-Build. It is not recommended to edit this file directly.
$data merge entity $(neck) {transformation: [-0.998f,0.0629f,0.0083f,0.0265f,0.0581f,0.8526f,0.5193f,6.3648f,0.0256f,0.5188f,-0.8545f,-0.2688f,0f,0f,0f,1f],start_interpolation: 0,interpolation_duration: 1}
$data merge entity $(right_thumb_2) {transformation: [-0.7341f,-0.208f,-0.6464f,-2.8958f,-0.0751f,0.971f,-0.2272f,4.1068f,0.6749f,-0.1182f,-0.7284f,-1.0647f,0f,0f,0f,1f],start_interpolation: 0,interpolation_duration: 1}
$data merge entity $(right_thumb) {transformation: [-0.7341f,-0.552f,-0.3955f,-3.1766f,-0.0751f,0.6449f,-0.7606f,4.3139f,0.6749f,-0.5286f,-0.5148f,-1.1275f,0f,0f,0f,1f],start_interpolation: 0,interpolation_duration: 1}
$data merge entity $(right_fingers2) {transformation: [-0.9541f,-0.136f,-0.2667f,-3.3737f,-0.0136f,0.9096f,-0.4153f,3.5219f,0.299f,-0.3926f,-0.8697f,-0.7815f,0f,0f,0f,1f],start_interpolation: 0,interpolation_duration: 1}
$data merge entity $(right_fingers) {transformation: [-0.8886f,0.3733f,-0.2667f,-3.2944f,0.4555f,0.7875f,-0.4153f,3.7561f,0.055f,-0.4905f,-0.8697f,-0.9261f,0f,0f,0f,1f],start_interpolation: 0,interpolation_duration: 1}
$data merge entity $(scout) {transformation: [0f,0f,0f,-3.1533f,0f,0f,0f,3.7366f,0f,0f,0f,-1.0827f,0f,0f,0f,1f],start_interpolation: 0,interpolation_duration: 1}
$data merge entity $(right_hand) {transformation: [-0.9634f,-0.0274f,-0.2667f,-3.3182f,0.0892f,0.9053f,-0.4153f,4.2933f,0.2528f,-0.4239f,-0.8697f,-1.2261f,0f,0f,0f,1f],start_interpolation: 0,interpolation_duration: 1}
$data merge entity $(right_forearm) {transformation: [-0.8555f,0.6808f,0.8377f,-2.2269f,0.1846f,1.1454f,-0.7424f,5.9836f,-1.0636f,-0.3489f,-0.8027f,-1.7365f,0f,0f,0f,1f],start_interpolation: 0,interpolation_duration: 1}
$data merge entity $(right_shoulder) {transformation: [-1.0398f,0.8706f,0.5574f,-0.9737f,0.8298f,0.2315f,1.1864f,6.0604f,0.6165f,1.1568f,-0.6569f,-0.4292f,0f,0f,0f,1f],start_interpolation: 0,interpolation_duration: 1}
$data merge entity $(right_arm) {transformation: [-0.9986f,-0.0229f,0.0481f,-0.4168f,0.0028f,0.879f,0.4769f,6.3175f,-0.0532f,0.4763f,-0.8777f,-0.2686f,0f,0f,0f,1f],start_interpolation: 0,interpolation_duration: 1}
$data merge entity $(left_thumb_2) {transformation: [-0.0586f,-0.3737f,0.9257f,3.144f,-0.3644f,0.8713f,0.3287f,3.9033f,-0.9294f,-0.3181f,-0.1872f,0.6449f,0f,0f,0f,1f],start_interpolation: 0,interpolation_duration: 1}
$data merge entity $(left_thumb) {transformation: [-0.0586f,0.2509f,0.9662f,3.2198f,-0.3644f,0.8958f,-0.2547f,4.2491f,-0.9294f,-0.367f,0.039f,0.664f,0f,0f,0f,1f],start_interpolation: 0,interpolation_duration: 1}
$data merge entity $(left_fingers2) {transformation: [-0.369f,-0.2168f,0.9038f,3.584f,-0.5919f,0.8045f,-0.0487f,3.7569f,-0.7165f,-0.553f,-0.4252f,1.305f,0f,0f,0f,1f],start_interpolation: 0,interpolation_duration: 1}
$data merge entity $(left_fingers) {transformation: [-0.2053f,-0.3755f,0.9038f,3.4894f,-0.9211f,0.3863f,-0.0487f,3.8926f,-0.3309f,-0.8425f,-0.4252f,1.0711f,0f,0f,0f,1f],start_interpolation: 0,interpolation_duration: 1}
$data merge entity $(left_hand) {transformation: [-0.3422f,-0.2571f,0.9038f,3.3697f,-0.679f,0.7326f,-0.0487f,4.337f,-0.6496f,-0.6303f,-0.4252f,0.662f,0f,0f,0f,1f],start_interpolation: 0,interpolation_duration: 1}
$data merge entity $(left_forearm) {transformation: [-1.2022f,-0.4359f,-0.5117f,2.6447f,0.1971f,0.7738f,-1.1223f,5.4697f,0.6426f,-1.0528f,-0.613f,-0.9191f,0f,0f,0f,1f],start_interpolation: 0,interpolation_duration: 1}
$data merge entity $(left_shoulder) {transformation: [-0.8775f,-1.1745f,-0.0182f,1.0364f,-0.8941f,0.6531f,0.9611f,6.0548f,-0.7618f,0.5863f,-1.1071f,-0.3222f,0f,0f,0f,1f],start_interpolation: 0,interpolation_duration: 1}
$data merge entity $(left_arm) {transformation: [-0.9986f,-0.0229f,0.0481f,0.467f,0.0028f,0.879f,0.4769f,6.315f,-0.0532f,0.4763f,-0.8777f,-0.2216f,0f,0f,0f,1f],start_interpolation: 0,interpolation_duration: 1}
$data merge entity $(chest) {transformation: [-1.2767f,-0.0293f,0.0614f,0.0681f,0.0035f,1.1238f,0.6097f,4.7453f,-0.068f,0.609f,-1.1221f,-1.1358f,0f,0f,0f,1f],start_interpolation: 0,interpolation_duration: 1}
$data merge entity $(left_cheek) {transformation: [-0.9664f,-0.1632f,-0.1985f,0.2651f,-0.1746f,0.9838f,0.0411f,3.9564f,0.1886f,0.0744f,-0.9792f,-2.0761f,0f,0f,0f,1f],start_interpolation: 0,interpolation_duration: 1}
$data merge entity $(left_foot) {transformation: [-0.858f,0.2181f,-0.5114f,0.5941f,-0.2907f,0.6257f,0.7545f,-2.8383f,0.4739f,0.7786f,-0.4631f,-5.4397f,0f,0f,0f,1f],start_interpolation: 0,interpolation_duration: 1}
$data merge entity $(left_knee) {transformation: [-2.7438f,0.3419f,-1.2676f,1.0942f,-0.6768f,2.1481f,2.0445f,0.2378f,1.125f,2.1263f,-1.8616f,-2.6053f,0f,0f,0f,1f],start_interpolation: 0,interpolation_duration: 1}
$data merge entity $(left_leg) {transformation: [-1.5497f,-0.1865f,-0.7177f,0.7521f,-0.3823f,1.6257f,0.4031f,2.8144f,0.6354f,0.5233f,-1.5079f,-1.6963f,0f,0f,0f,1f],start_interpolation: 0,interpolation_duration: 1}
$data merge entity $(right_cheek) {transformation: [-0.9925f,0.1089f,-0.0546f,-0.3685f,0.1209f,0.9366f,-0.329f,3.7593f,0.0153f,-0.3331f,-0.9428f,-2.0434f,0f,0f,0f,1f],start_interpolation: 0,interpolation_duration: 1}
$data merge entity $(right_foot) {transformation: [-1.0058f,0.1014f,0.1525f,-1.1101f,0.1123f,1.014f,0.0663f,-3.4036f,-0.1447f,0.0819f,-1.0088f,-0.2535f,0f,0f,0f,1f],start_interpolation: 0,interpolation_duration: 1}
$data merge entity $(right_knee) {transformation: [-3.0207f,0.223f,0.2788f,-0.8767f,0.2783f,2.9588f,0.6481f,0.726f,-0.2237f,0.6691f,-2.9588f,0.5451f,0f,0f,0f,1f],start_interpolation: 0,interpolation_duration: 1}
$data merge entity $(right_leg) {transformation: [-1.7129f,0.1314f,-0.0137f,-0.5945f,0.1039f,1.23f,-1.1949f,2.7272f,-0.0816f,-1.1922f,-1.2343f,-1.3253f,0f,0f,0f,1f],start_interpolation: 0,interpolation_duration: 1}
$data merge entity $(weist) {transformation: [-1.561f,-0.0462f,-0.4394f,0f,-0.1012f,1.6079f,0.1905f,4.4206f,0.4301f,0.2107f,-1.55f,-1.4088f,0f,0f,0f,1f],start_interpolation: 0,interpolation_duration: 1}
data modify storage animated_java:temp entry.data merge value {"locators":{"consume":{"px":-3.0907981002,"py":3.6052885478,"pz":-0.9947964178,"ry":342.9532255265,"rx":-24.5378936621}}}
# Data Manager: Prepare for Read / Write
execute store result storage animated_java:temp args.id int 1 run scoreboard players get @s aj.id
# Data Manager: Write
function animated_java:global/data_manager/write with storage animated_java:temp args