# This file was generated by Animated Java via MC-Build. It is not recommended to edit this file directly.
$data merge entity $(neck) {transformation: [-0.9989f,-0.0227f,-0.0421f,-0.0016f,-0.0329f,0.9652f,0.2596f,6.0305f,0.0348f,0.2607f,-0.9648f,-0.5312f,0f,0f,0f,1f],start_interpolation: 0,interpolation_duration: 1}
$data merge entity $(right_thumb_2) {transformation: [-0.3911f,0.6031f,-0.6952f,-3.7033f,0.1079f,0.7802f,0.6162f,2.8409f,0.914f,0.166f,-0.3702f,-1.0431f,0f,0f,0f,1f],start_interpolation: 0,interpolation_duration: 1}
$data merge entity $(right_thumb) {transformation: [-0.3911f,0.1352f,-0.9103f,-3.705f,0.1079f,0.9891f,0.1005f,3.1737f,0.914f,-0.0589f,-0.4015f,-0.9208f,0f,0f,0f,1f],start_interpolation: 0,interpolation_duration: 1}
$data merge entity $(right_fingers2) {transformation: [-0.1624f,-0.6469f,-0.7451f,-4.1135f,-0.7058f,-0.4515f,0.5459f,2.5905f,-0.6895f,0.6146f,-0.3833f,-1.1676f,0f,0f,0f,1f],start_interpolation: 0,interpolation_duration: 1}
$data merge entity $(right_fingers) {transformation: [-0.6667f,0.0186f,-0.7451f,-4.1325f,-0.5935f,0.5914f,0.5459f,2.7463f,0.4508f,0.8062f,-0.3833f,-0.928f,0f,0f,0f,1f],start_interpolation: 0,interpolation_duration: 1}
$data merge entity $(scout) {transformation: [0f,0f,0f,-4.1184f,0f,0f,0f,2.8226f,0f,0f,0f,-1.1249f,0f,0f,0f,1f],start_interpolation: 0,interpolation_duration: 1}
$data merge entity $(right_hand) {transformation: [-0.3911f,0.5402f,-0.7451f,-3.8317f,0.1079f,0.8309f,0.5459f,3.2802f,0.914f,0.1331f,-0.3833f,-0.8677f,0f,0f,0f,1f],start_interpolation: 0,interpolation_duration: 1}
$data merge entity $(right_forearm) {transformation: [-1.1408f,0.7441f,0.2052f,-2.6562f,0.7617f,1.1445f,0.0844f,4.9751f,-0.1249f,0.1834f,-1.3594f,-0.6358f,0f,0f,0f,1f],start_interpolation: 0,interpolation_duration: 1}
$data merge entity $(right_shoulder) {transformation: [-0.7558f,1.2417f,-0.1917f,-0.9837f,1.0324f,0.7413f,0.7311f,5.6472f,0.7161f,0.2419f,-1.2564f,-0.4448f,0f,0f,0f,1f],start_interpolation: 0,interpolation_duration: 1}
$data merge entity $(right_arm) {transformation: [-0.9848f,0f,-0.1736f,-0.4298f,-0.0665f,0.9239f,0.3769f,5.9555f,0.1604f,0.3827f,-0.9098f,-0.4321f,0f,0f,0f,1f],start_interpolation: 0,interpolation_duration: 1}
$data merge entity $(left_thumb_2) {transformation: [-0.6422f,-0.6164f,0.4556f,3.7326f,-0.1776f,0.6979f,0.6938f,3.3427f,-0.7456f,0.3647f,-0.5577f,-2.2544f,0f,0f,0f,1f],start_interpolation: 0,interpolation_duration: 1}
$data merge entity $(left_thumb) {transformation: [-0.6422f,-0.2751f,0.7154f,3.7292f,-0.1776f,0.9614f,0.2102f,3.6754f,-0.7456f,0.0079f,-0.6663f,-2.1319f,0f,0f,0f,1f],start_interpolation: 0,interpolation_duration: 1}
$data merge entity $(left_fingers2) {transformation: [-0.0271f,0.8612f,0.5076f,4.1114f,0.6931f,-0.3497f,0.6304f,3.1455f,0.7204f,0.3689f,-0.5873f,-2.5075f,0f,0f,0f,1f],start_interpolation: 0,interpolation_duration: 1}
$data merge entity $(left_fingers) {transformation: [-0.8466f,0.1599f,0.5076f,4.1846f,0.4914f,0.6009f,0.6304f,3.3075f,-0.2042f,0.7831f,-0.5873f,-2.2829f,0f,0f,0f,1f],start_interpolation: 0,interpolation_duration: 1}
$data merge entity $(left_hand) {transformation: [-0.6422f,-0.5743f,0.5076f,3.8511f,-0.1776f,0.7557f,0.6304f,3.7986f,-0.7456f,0.3147f,-0.5873f,-2.1193f,0f,0f,0f,1f],start_interpolation: 0,interpolation_duration: 1}
$data merge entity $(left_forearm) {transformation: [-0.9328f,-0.7911f,-0.6334f,2.5979f,-0.9016f,1.0409f,0.0278f,5.3297f,0.4627f,0.4335f,-1.2227f,-1.4917f,0f,0f,0f,1f],start_interpolation: 0,interpolation_duration: 1}
$data merge entity $(left_shoulder) {transformation: [-0.8013f,-1.1874f,-0.3126f,0.9987f,-1.1375f,0.5773f,0.7229f,5.781f,-0.4624f,0.6376f,-1.2367f,-0.7678f,0f,0f,0f,1f],start_interpolation: 0,interpolation_duration: 1}
$data merge entity $(left_arm) {transformation: [-0.9848f,0f,-0.1736f,0.4418f,-0.0665f,0.9239f,0.3769f,6.0144f,0.1604f,0.3827f,-0.9098f,-0.5741f,0f,0f,0f,1f],start_interpolation: 0,interpolation_duration: 1}
$data merge entity $(chest) {transformation: [-1.2591f,0f,-0.222f,0f,-0.085f,1.1812f,0.4818f,4.3294f,0.2051f,0.4893f,-1.1633f,-1.2257f,0f,0f,0f,1f],start_interpolation: 0,interpolation_duration: 1}
$data merge entity $(left_cheek) {transformation: [-0.9832f,-0.0759f,-0.1661f,0.4254f,-0.0924f,0.9912f,0.0943f,3.5981f,0.1574f,0.108f,-0.9816f,-1.8163f,0f,0f,0f,1f],start_interpolation: 0,interpolation_duration: 1}
$data merge entity $(left_foot) {transformation: [-0.9428f,0.0368f,-0.3937f,1.2515f,-0.1784f,0.8688f,0.5085f,-3.7877f,0.3529f,0.5376f,-0.7948f,-3.0896f,0f,0f,0f,1f],start_interpolation: 0,interpolation_duration: 1}
$data merge entity $(left_knee) {transformation: [-2.805f,0.1095f,-1.1713f,1.4356f,-0.5308f,2.5849f,1.5128f,-0.133f,1.0498f,1.5995f,-2.3647f,-1.0028f,0f,0f,0f,1f],start_interpolation: 0,interpolation_duration: 1}
$data merge entity $(left_leg) {transformation: [-1.5843f,-0.4241f,-0.5115f,0.7054f,-0.2998f,1.6365f,-0.4282f,2.4888f,0.5929f,-0.3056f,-1.5832f,-1.4214f,0f,0f,0f,1f],start_interpolation: 0,interpolation_duration: 1}
$data merge entity $(right_cheek) {transformation: [-0.9946f,0.0983f,0.0338f,-0.4199f,0.0999f,0.9938f,0.0484f,3.5934f,-0.0288f,0.0515f,-0.9983f,-1.7924f,0f,0f,0f,1f],start_interpolation: 0,interpolation_duration: 1}
$data merge entity $(right_foot) {transformation: [-1.0185f,0.063f,0.063f,-1.1788f,0.0707f,1.0114f,0.1313f,-3.6625f,-0.0542f,0.1351f,-1.0119f,0.0201f,0f,0f,0f,1f],start_interpolation: 0,interpolation_duration: 1}
$data merge entity $(right_knee) {transformation: [-3.0302f,0.1875f,0.1875f,-0.9987f,0.2103f,3.0092f,0.3905f,0.5243f,-0.1614f,0.402f,-3.0107f,0.4487f,0f,0f,0f,1f],start_interpolation: 0,interpolation_duration: 1}
$data merge entity $(right_leg) {transformation: [-1.7114f,0.1484f,-0.0195f,-0.6891f,0.1188f,1.2096f,-1.2141f,2.4928f,-0.0912f,-1.2108f,-1.2153f,-1.4517f,0f,0f,0f,1f],start_interpolation: 0,interpolation_duration: 1}
$data merge entity $(weist) {transformation: [-1.6223f,0f,0f,0f,0f,1.6085f,0.2118f,4.1368f,0f,0.2118f,-1.6085f,-1.2921f,0f,0f,0f,1f],start_interpolation: 0,interpolation_duration: 1}
data modify storage animated_java:temp entry.data merge value {"locators":{"consume":{"px":-4.1555331907,"py":2.6650545781,"pz":-1.1765329909,"ry":297.2220027978,"rx":33.0827862541}}}
# Data Manager: Prepare for Read / Write
execute store result storage animated_java:temp args.id int 1 run scoreboard players get @s aj.id
# Data Manager: Write
function animated_java:global/data_manager/write with storage animated_java:temp args