# This file was generated by Animated Java via MC-Build. It is not recommended to edit this file directly.
$data merge entity $(neck) {transformation: [-0.9989f,-0.0227f,-0.0421f,-0.0016f,-0.0329f,0.9652f,0.2596f,6.0301f,0.0348f,0.2607f,-0.9648f,-0.5308f,0f,0f,0f,1f],start_interpolation: 0,interpolation_duration: 1}
$data merge entity $(right_thumb_2) {transformation: [-0.3928f,0.615f,-0.6837f,-3.7462f,0.1333f,0.7737f,0.6194f,2.8727f,0.9099f,0.1521f,-0.3859f,-0.9947f,0f,0f,0f,1f],start_interpolation: 0,interpolation_duration: 1}
$data merge entity $(right_thumb) {transformation: [-0.3928f,0.1514f,-0.9071f,-3.7429f,0.1333f,0.9853f,0.1067f,3.208f,0.9099f,-0.0791f,-0.4072f,-0.8795f,0f,0f,0f,1f],start_interpolation: 0,interpolation_duration: 1}
$data merge entity $(right_fingers2) {transformation: [-0.1712f,-0.6564f,-0.7347f,-4.1599f,-0.7175f,-0.428f,0.5496f,2.6263f,-0.6752f,0.6213f,-0.3977f,-1.1157f,0f,0f,0f,1f],start_interpolation: 0,interpolation_duration: 1}
$data merge entity $(right_fingers) {transformation: [-0.6779f,0.0251f,-0.7347f,-4.1772f,-0.5731f,0.6078f,0.5496f,2.7874f,0.4604f,0.7937f,-0.3977f,-0.8794f,0f,0f,0f,1f],start_interpolation: 0,interpolation_duration: 1}
$data merge entity $(scout) {transformation: [0f,0f,0f,-4.1612f,0f,0f,0f,2.8593f,0f,0f,0f,-1.0778f,0f,0f,0f,1f],start_interpolation: 0,interpolation_duration: 1}
$data merge entity $(right_hand) {transformation: [-0.3928f,0.5531f,-0.7347f,-3.868f,0.1333f,0.8247f,0.5496f,3.3176f,0.9099f,0.1179f,-0.3977f,-0.8291f,0f,0f,0f,1f],start_interpolation: 0,interpolation_duration: 1}
$data merge entity $(right_forearm) {transformation: [-1.1278f,0.7618f,0.2116f,-2.6661f,0.7772f,1.1359f,0.0525f,4.9978f,-0.1455f,0.1624f,-1.36f,-0.628f,0f,0f,0f,1f],start_interpolation: 0,interpolation_duration: 1}
$data merge entity $(right_shoulder) {transformation: [-0.7416f,1.2527f,-0.1751f,-0.9837f,1.0593f,0.7261f,0.7075f,5.6468f,0.6912f,0.2313f,-1.2723f,-0.4444f,0f,0f,0f,1f],start_interpolation: 0,interpolation_duration: 1}
$data merge entity $(right_arm) {transformation: [-0.9848f,0f,-0.1736f,-0.4298f,-0.0665f,0.9239f,0.3769f,5.9551f,0.1604f,0.3827f,-0.9098f,-0.4317f,0f,0f,0f,1f],start_interpolation: 0,interpolation_duration: 1}
$data merge entity $(left_thumb_2) {transformation: [-0.6392f,-0.6312f,0.4395f,3.7837f,-0.203f,0.6896f,0.6952f,3.3808f,-0.7418f,0.3551f,-0.5689f,-2.2214f,0f,0f,0f,1f],start_interpolation: 0,interpolation_duration: 1}
$data merge entity $(left_thumb) {transformation: [-0.6392f,-0.2962f,0.7098f,3.7732f,-0.203f,0.9551f,0.2158f,3.7151f,-0.7418f,-0.0061f,-0.6706f,-2.1039f,0f,0f,0f,1f],start_interpolation: 0,interpolation_duration: 1}
$data merge entity $(left_fingers2) {transformation: [-0.0415f,0.8692f,0.4928f,4.1665f,0.7031f,-0.325f,0.6324f,3.1882f,0.7098f,0.3727f,-0.5976f,-2.4721f,0f,0f,0f,1f],start_interpolation: 0,interpolation_duration: 1}
$data merge entity $(left_fingers) {transformation: [-0.8575f,0.1476f,0.4928f,4.2364f,0.4695f,0.6161f,0.6324f,3.3551f,-0.2103f,0.7737f,-0.5976f,-2.2501f,0f,0f,0f,1f],start_interpolation: 0,interpolation_duration: 1}
$data merge entity $(left_hand) {transformation: [-0.6392f,-0.5905f,0.4928f,3.8923f,-0.203f,0.7476f,0.6324f,3.8412f,-0.7418f,0.3042f,-0.5976f,-2.0933f,0f,0f,0f,1f],start_interpolation: 0,interpolation_duration: 1}
$data merge entity $(left_forearm) {transformation: [-0.9121f,-0.8133f,-0.6355f,2.6065f,-0.9148f,1.0297f,-0.0047f,5.3536f,0.4778f,0.419f,-1.222f,-1.487f,0f,0f,0f,1f],start_interpolation: 0,interpolation_duration: 1}
$data merge entity $(left_shoulder) {transformation: [-0.7767f,-1.199f,-0.33f,0.9987f,-1.1618f,0.5606f,0.697f,5.7806f,-0.4438f,0.6307f,-1.247f,-0.7673f,0f,0f,0f,1f],start_interpolation: 0,interpolation_duration: 1}
$data merge entity $(left_arm) {transformation: [-0.9848f,0f,-0.1736f,0.4418f,-0.0665f,0.9239f,0.3769f,6.0139f,0.1604f,0.3827f,-0.9098f,-0.5737f,0f,0f,0f,1f],start_interpolation: 0,interpolation_duration: 1}
$data merge entity $(chest) {transformation: [-1.2591f,0f,-0.222f,0f,-0.085f,1.1812f,0.4818f,4.329f,0.2051f,0.4893f,-1.1633f,-1.2253f,0f,0f,0f,1f],start_interpolation: 0,interpolation_duration: 1}
$data merge entity $(left_cheek) {transformation: [-0.9841f,-0.0744f,-0.1615f,0.4311f,-0.0908f,0.9912f,0.0964f,3.597f,0.153f,0.1095f,-0.9821f,-1.7976f,0f,0f,0f,1f],start_interpolation: 0,interpolation_duration: 1}
$data merge entity $(left_foot) {transformation: [-0.9436f,0.0365f,-0.3918f,1.2556f,-0.1723f,0.877f,0.4965f,-3.781f,0.3538f,0.5243f,-0.8032f,-3.0746f,0f,0f,0f,1f],start_interpolation: 0,interpolation_duration: 1}
$data merge entity $(left_knee) {transformation: [-2.805f,0.1109f,-1.1712f,1.4417f,-0.5308f,2.5831f,1.5159f,-0.1287f,1.0498f,1.6023f,-2.3627f,-0.9838f,0f,0f,0f,1f],start_interpolation: 0,interpolation_duration: 1}
$data merge entity $(left_leg) {transformation: [-1.5843f,-0.4278f,-0.5084f,0.7054f,-0.2998f,1.6333f,-0.4402f,2.4884f,0.5929f,-0.3172f,-1.5809f,-1.4209f,0f,0f,0f,1f],start_interpolation: 0,interpolation_duration: 1}
$data merge entity $(right_cheek) {transformation: [-0.9946f,0.0984f,0.0336f,-0.4199f,0.0999f,0.9939f,0.0459f,3.5921f,-0.0289f,0.049f,-0.9984f,-1.7947f,0f,0f,0f,1f],start_interpolation: 0,interpolation_duration: 1}
$data merge entity $(right_foot) {transformation: [-1.0185f,0.0632f,0.0629f,-1.1794f,0.0707f,1.0118f,0.1288f,-3.6593f,-0.0542f,0.1326f,-1.0123f,0.0356f,0f,0f,0f,1f],start_interpolation: 0,interpolation_duration: 1}
$data merge entity $(right_knee) {transformation: [-3.0302f,0.1879f,0.187f,-0.9986f,0.2103f,3.0102f,0.3832f,0.5285f,-0.1614f,0.3947f,-3.0117f,0.454f,0f,0f,0f,1f],start_interpolation: 0,interpolation_duration: 1}
$data merge entity $(right_leg) {transformation: [-1.7114f,0.1484f,-0.0199f,-0.6891f,0.1188f,1.2067f,-1.2171f,2.4924f,-0.0912f,-1.2138f,-1.2123f,-1.4513f,0f,0f,0f,1f],start_interpolation: 0,interpolation_duration: 1}
$data merge entity $(weist) {transformation: [-1.6223f,0f,0f,0f,0f,1.6085f,0.2118f,4.1363f,0f,0.2118f,-1.6085f,-1.2917f,0f,0f,0f,1f],start_interpolation: 0,interpolation_duration: 1}
data modify storage animated_java:temp entry.data merge value {"locators":{"consume":{"px":-4.2006404912,"py":2.70136645,"pz":-1.1263355514,"ry":298.4258838334,"rx":33.3394815751}}}
# Data Manager: Prepare for Read / Write
execute store result storage animated_java:temp args.id int 1 run scoreboard players get @s aj.id
# Data Manager: Write
function animated_java:global/data_manager/write with storage animated_java:temp args