# This file was generated by Animated Java via MC-Build. It is not recommended to edit this file directly.
$data merge entity $(neck) {transformation: [-0.9989f,-0.0227f,-0.0421f,-0.0016f,-0.0329f,0.9652f,0.2596f,6.0183f,0.0348f,0.2607f,-0.9648f,-0.519f,0f,0f,0f,1f],start_interpolation: 0,interpolation_duration: 1}
$data merge entity $(right_thumb_2) {transformation: [-0.2133f,0.8583f,-0.4666f,-4.5805f,0.7513f,0.4494f,0.4832f,4.2152f,0.6245f,-0.2475f,-0.7408f,0.3902f,0f,0f,0f,1f],start_interpolation: 0,interpolation_duration: 1}
$data merge entity $(right_thumb) {transformation: [-0.2133f,0.4732f,-0.8547f,-4.4478f,0.7513f,0.6387f,0.1661f,4.5297f,0.6245f,-0.6068f,-0.4918f,0.2945f,0f,0f,0f,1f],start_interpolation: 0,interpolation_duration: 1}
$data merge entity $(right_fingers2) {transformation: [-0.4867f,-0.6869f,-0.5397f,-5.065f,-0.8582f,0.2607f,0.4422f,4.1071f,-0.1631f,0.6784f,-0.7164f,0.3861f,0f,0f,0f,1f],start_interpolation: 0,interpolation_duration: 1}
$data merge entity $(right_fingers) {transformation: [-0.776f,0.3265f,-0.5397f,-4.9978f,0.0687f,0.8943f,0.4422f,4.3671f,0.627f,0.3061f,-0.7164f,0.4857f,0f,0f,0f,1f],start_interpolation: 0,interpolation_duration: 1}
$data merge entity $(scout) {transformation: [0f,0f,0f,-4.9811f,0f,0f,0f,4.303f,0f,0f,0f,0.2847f,0f,0f,0f,1f],start_interpolation: 0,interpolation_duration: 1}
$data merge entity $(right_hand) {transformation: [-0.2133f,0.8144f,-0.5397f,-4.5204f,0.7513f,0.4898f,0.4422f,4.6837f,0.6245f,-0.3111f,-0.7164f,0.2598f,0f,0f,0f,1f],start_interpolation: 0,interpolation_duration: 1}
$data merge entity $(right_forearm) {transformation: [-0.7973f,1.1217f,0.0567f,-2.7959f,0.8921f,0.6747f,-0.8038f,5.6335f,-0.6824f,-0.4285f,-1.1171f,-0.3978f,0f,0f,0f,1f],start_interpolation: 0,interpolation_duration: 1}
$data merge entity $(right_shoulder) {transformation: [-0.2426f,1.4445f,-0.0661f,-0.9837f,1.4413f,0.2361f,-0.1297f,5.635f,-0.1171f,-0.0864f,-1.459f,-0.4326f,0f,0f,0f,1f],start_interpolation: 0,interpolation_duration: 1}
$data merge entity $(right_arm) {transformation: [-0.9848f,0f,-0.1736f,-0.4298f,-0.0665f,0.9239f,0.3769f,5.9433f,0.1604f,0.3827f,-0.9098f,-0.4199f,0f,0f,0f,1f],start_interpolation: 0,interpolation_duration: 1}
$data merge entity $(left_thumb_2) {transformation: [-0.2995f,-0.9436f,0.1412f,4.8243f,-0.7859f,0.3279f,0.5243f,4.8498f,-0.541f,0.046f,-0.8398f,-1.1419f,0f,0f,0f,1f],start_interpolation: 0,interpolation_duration: 1}
$data merge entity $(left_thumb) {transformation: [-0.2995f,-0.72f,0.6261f,4.6283f,-0.7859f,0.5582f,0.266f,5.1421f,-0.541f,-0.4124f,-0.733f,-1.1841f,0f,0f,0f,1f],start_interpolation: 0,interpolation_duration: 1}
$data merge entity $(left_fingers2) {transformation: [-0.5182f,0.8257f,0.2229f,5.2925f,0.7904f,0.3627f,0.4937f,4.806f,0.3268f,0.432f,-0.8406f,-1.3012f,0f,0f,0f,1f],start_interpolation: 0,interpolation_duration: 1}
$data merge entity $(left_fingers) {transformation: [-0.9183f,-0.3272f,0.2229f,5.2268f,-0.1831f,0.8501f,0.4937f,5.057f,-0.351f,0.4125f,-0.8406f,-1.1799f,0f,0f,0f,1f],start_interpolation: 0,interpolation_duration: 1}
$data merge entity $(left_hand) {transformation: [-0.2995f,-0.9277f,0.2229f,4.6654f,-0.7859f,0.3723f,0.4937f,5.3036f,-0.541f,-0.0273f,-0.8406f,-1.2366f,0f,0f,0f,1f],start_interpolation: 0,interpolation_duration: 1}
$data merge entity $(left_forearm) {transformation: [-0.4168f,-1.2778f,-0.301f,2.7128f,-0.974f,0.5128f,-0.8279f,6.0052f,0.8801f,-0.0377f,-1.0588f,-1.2952f,0f,0f,0f,1f],start_interpolation: 0,interpolation_duration: 1}
$data merge entity $(left_shoulder) {transformation: [-0.0023f,-1.4156f,-0.382f,0.9987f,-1.4578f,0.0431f,-0.151f,5.7688f,0.157f,0.3795f,-1.4075f,-0.7555f,0f,0f,0f,1f],start_interpolation: 0,interpolation_duration: 1}
$data merge entity $(left_arm) {transformation: [-0.9848f,0f,-0.1736f,0.4418f,-0.0665f,0.9239f,0.3769f,6.0021f,0.1604f,0.3827f,-0.9098f,-0.5619f,0f,0f,0f,1f],start_interpolation: 0,interpolation_duration: 1}
$data merge entity $(chest) {transformation: [-1.2591f,0f,-0.222f,0f,-0.085f,1.1812f,0.4818f,4.3172f,0.2051f,0.4893f,-1.1633f,-1.2135f,0f,0f,0f,1f],start_interpolation: 0,interpolation_duration: 1}
$data merge entity $(left_cheek) {transformation: [-0.9972f,-0.0678f,-0.0303f,0.4154f,-0.0717f,0.9859f,0.1515f,3.5245f,0.0196f,0.1532f,-0.988f,-1.837f,0f,0f,0f,1f],start_interpolation: 0,interpolation_duration: 1}
$data merge entity $(left_foot) {transformation: [-0.9498f,0.0416f,-0.3761f,1.3516f,-0.0057f,1.0145f,0.1266f,-3.5445f,0.3784f,0.1197f,-0.9422f,-2.6809f,0f,0f,0f,1f],start_interpolation: 0,interpolation_duration: 1}
$data merge entity $(left_knee) {transformation: [-2.805f,0.1495f,-1.1669f,1.5912f,-0.5308f,2.5317f,1.6003f,0.0401f,1.0498f,1.6794f,-2.3086f,-0.4811f,0f,0f,0f,1f],start_interpolation: 0,interpolation_duration: 1}
$data merge entity $(left_leg) {transformation: [-1.5843f,-0.5194f,-0.4143f,0.7054f,-0.2998f,1.5149f,-0.7527f,2.4766f,0.5929f,-0.6219f,-1.4876f,-1.4091f,0f,0f,0f,1f],start_interpolation: 0,interpolation_duration: 1}
$data merge entity $(right_cheek) {transformation: [-0.9944f,0.102f,0.0291f,-0.4178f,0.1014f,0.9946f,-0.0198f,3.5543f,-0.031f,-0.0168f,-0.9994f,-1.8556f,0f,0f,0f,1f],start_interpolation: 0,interpolation_duration: 1}
$data merge entity $(right_foot) {transformation: [-1.0185f,0.0672f,0.0586f,-1.193f,0.0707f,1.018f,0.0618f,-3.5584f,-0.0542f,0.0656f,-1.0188f,0.4504f,0f,0f,0f,1f],start_interpolation: 0,interpolation_duration: 1}
$data merge entity $(right_knee) {transformation: [-3.0302f,0.1998f,0.1742f,-0.9963f,0.2103f,3.0289f,0.1839f,0.6472f,-0.1614f,0.1952f,-3.0312f,0.592f,0f,0f,0f,1f],start_interpolation: 0,interpolation_duration: 1}
$data merge entity $(right_leg) {transformation: [-1.7114f,0.1468f,-0.0296f,-0.6891f,0.1188f,1.1238f,-1.294f,2.4806f,-0.0912f,-1.2911f,-1.1297f,-1.4395f,0f,0f,0f,1f],start_interpolation: 0,interpolation_duration: 1}
$data merge entity $(weist) {transformation: [-1.6223f,0f,0f,0f,0f,1.6085f,0.2118f,4.1245f,0f,0.2118f,-1.6085f,-1.2798f,0f,0f,0f,1f],start_interpolation: 0,interpolation_duration: 1}
data modify storage animated_java:temp entry.data merge value {"locators":{"consume":{"px":-5.0782051008,"py":4.1713364049,"pz":0.3303763423,"ry":323.0071263693,"rx":26.2464756113}}}
# Data Manager: Prepare for Read / Write
execute store result storage animated_java:temp args.id int 1 run scoreboard players get @s aj.id
# Data Manager: Write
function animated_java:global/data_manager/write with storage animated_java:temp args