# This file was generated by Animated Java via MC-Build. It is not recommended to edit this file directly.
$data merge entity $(neck) {transformation: [-0.9989f,-0.0227f,-0.0421f,-0.0016f,-0.0329f,0.9652f,0.2596f,6.0227f,0.0348f,0.2607f,-0.9648f,-0.5234f,0f,0f,0f,1f],start_interpolation: 0,interpolation_duration: 1}
$data merge entity $(right_thumb_2) {transformation: [-0.3245f,0.791f,-0.5187f,-4.3595f,0.5474f,0.6043f,0.579f,3.6042f,0.7714f,-0.0961f,-0.629f,-0.135f,0f,0f,0f,1f],start_interpolation: 0,interpolation_duration: 1}
$data merge entity $(right_thumb) {transformation: [-0.3245f,0.3884f,-0.8625f,-4.2705f,0.5474f,0.8207f,0.1636f,3.9471f,0.7714f,-0.419f,-0.4789f,-0.1486f,0f,0f,0f,1f],start_interpolation: 0,interpolation_duration: 1}
$data merge entity $(right_fingers2) {transformation: [-0.3604f,-0.726f,-0.5857f,-4.8243f,-0.8517f,0f,0.5241f,3.4373f,-0.3805f,0.6877f,-0.6183f,-0.1866f,0f,0f,0f,1f],start_interpolation: 0,interpolation_duration: 1}
$data merge entity $(right_fingers) {transformation: [-0.7868f,0.1947f,-0.5857f,-4.7953f,-0.1844f,0.8315f,0.5241f,3.6729f,0.589f,0.5203f,-0.6183f,-0.0262f,0f,0f,0f,1f],start_interpolation: 0,interpolation_duration: 1}
$data merge entity $(scout) {transformation: [0f,0f,0f,-4.7669f,0f,0f,0f,3.661f,0f,0f,0f,-0.2356f,0f,0f,0f,1f],start_interpolation: 0,interpolation_duration: 1}
$data merge entity $(right_hand) {transformation: [-0.3245f,0.7427f,-0.5857f,-4.3634f,0.5474f,0.6524f,0.5241f,4.094f,0.7714f,-0.1506f,-0.6183f,-0.1499f,0f,0f,0f,1f],start_interpolation: 0,interpolation_duration: 1}
$data merge entity $(right_forearm) {transformation: [-0.9038f,1.023f,0.1837f,-2.7784f,0.9152f,0.8986f,-0.502f,5.391f,-0.4927f,-0.2074f,-1.2694f,-0.4879f,0f,0f,0f,1f],start_interpolation: 0,interpolation_duration: 1}
$data merge entity $(right_shoulder) {transformation: [-0.4388f,1.3988f,-0.0267f,-0.9837f,1.3832f,0.438f,0.2116f,5.6394f,0.2099f,0.0381f,-1.4506f,-0.437f,0f,0f,0f,1f],start_interpolation: 0,interpolation_duration: 1}
$data merge entity $(right_arm) {transformation: [-0.9848f,0f,-0.1736f,-0.4298f,-0.0665f,0.9239f,0.3769f,5.9477f,0.1604f,0.3827f,-0.9098f,-0.4243f,0f,0f,0f,1f],start_interpolation: 0,interpolation_duration: 1}
$data merge entity $(left_thumb_2) {transformation: [-0.477f,-0.8527f,0.2129f,4.5327f,-0.6015f,0.4934f,0.6283f,4.2043f,-0.6408f,0.1717f,-0.7482f,-1.5836f,0f,0f,0f,1f],start_interpolation: 0,interpolation_duration: 1}
$data merge entity $(left_thumb) {transformation: [-0.477f,-0.6048f,0.6377f,4.3999f,-0.6015f,0.7537f,0.2649f,4.5322f,-0.6408f,-0.2572f,-0.7233f,-1.5611f,0f,0f,0f,1f],start_interpolation: 0,interpolation_duration: 1}
$data merge entity $(left_fingers2) {transformation: [-0.3299f,0.8995f,0.2864f,4.975f,0.8051f,0.1096f,0.583f,4.0985f,0.493f,0.4229f,-0.7603f,-1.7829f,0f,0f,0f,1f],start_interpolation: 0,interpolation_duration: 1}
$data merge entity $(left_fingers) {transformation: [-0.9496f,-0.1274f,0.2864f,4.9676f,0.0672f,0.8097f,0.583f,4.3317f,-0.3062f,0.5728f,-0.7603f,-1.6166f,0f,0f,0f,1f],start_interpolation: 0,interpolation_duration: 1}
$data merge entity $(left_hand) {transformation: [-0.477f,-0.8309f,0.2864f,4.4675f,-0.6015f,0.5462f,0.583f,4.6899f,-0.6408f,0.1058f,-0.7603f,-1.5885f,0f,0f,0f,1f],start_interpolation: 0,interpolation_duration: 1}
$data merge entity $(left_forearm) {transformation: [-0.5738f,-1.1445f,-0.508f,2.7016f,-1.0149f,0.7524f,-0.5487f,5.7608f,0.7334f,0.1457f,-1.1567f,-1.3806f,0f,0f,0f,1f],start_interpolation: 0,interpolation_duration: 1}
$data merge entity $(left_shoulder) {transformation: [-0.2976f,-1.3597f,-0.461f,0.9987f,-1.4329f,0.2519f,0.1823f,5.7732f,-0.0899f,0.4875f,-1.3799f,-0.76f,0f,0f,0f,1f],start_interpolation: 0,interpolation_duration: 1}
$data merge entity $(left_arm) {transformation: [-0.9848f,0f,-0.1736f,0.4418f,-0.0665f,0.9239f,0.3769f,6.0065f,0.1604f,0.3827f,-0.9098f,-0.5663f,0f,0f,0f,1f],start_interpolation: 0,interpolation_duration: 1}
$data merge entity $(chest) {transformation: [-1.2591f,0f,-0.222f,0f,-0.085f,1.1812f,0.4818f,4.3216f,0.2051f,0.4893f,-1.1633f,-1.2179f,0f,0f,0f,1f],start_interpolation: 0,interpolation_duration: 1}
$data merge entity $(left_cheek) {transformation: [-0.9947f,-0.0626f,-0.0811f,0.4233f,-0.0729f,0.9887f,0.1311f,3.5508f,0.0719f,0.1364f,-0.988f,-1.8163f,0f,0f,0f,1f],start_interpolation: 0,interpolation_duration: 1}
$data merge entity $(left_foot) {transformation: [-0.9509f,0.038f,-0.3736f,1.319f,-0.0684f,0.9826f,0.2741f,-3.6455f,0.3692f,0.2799f,-0.9113f,-2.8257f,0f,0f,0f,1f],start_interpolation: 0,interpolation_duration: 1}
$data merge entity $(left_knee) {transformation: [-2.805f,0.135f,-1.1686f,1.5385f,-0.5308f,2.5513f,1.5688f,-0.035f,1.0498f,1.6507f,-2.3292f,-0.6666f,0f,0f,0f,1f],start_interpolation: 0,interpolation_duration: 1}
$data merge entity $(left_leg) {transformation: [-1.5843f,-0.4872f,-0.4518f,0.7054f,-0.2998f,1.5666f,-0.6381f,2.481f,0.5929f,-0.5096f,-1.5297f,-1.4136f,0f,0f,0f,1f],start_interpolation: 0,interpolation_duration: 1}
$data merge entity $(right_cheek) {transformation: [-0.9944f,0.1007f,0.0308f,-0.4185f,0.1009f,0.9949f,0.0049f,3.5691f,-0.0302f,0.008f,-0.9995f,-1.8329f,0f,0f,0f,1f],start_interpolation: 0,interpolation_duration: 1}
$data merge entity $(right_foot) {transformation: [-1.0185f,0.0657f,0.0602f,-1.1882f,0.0707f,1.0162f,0.087f,-3.5994f,-0.0542f,0.0909f,-1.0169f,0.2955f,0f,0f,0f,1f],start_interpolation: 0,interpolation_duration: 1}
$data merge entity $(right_knee) {transformation: [-3.0302f,0.1955f,0.1791f,-0.9973f,0.2103f,3.0234f,0.2589f,0.6016f,-0.1614f,0.2703f,-3.0254f,0.5412f,0f,0f,0f,1f],start_interpolation: 0,interpolation_duration: 1}
$data merge entity $(right_leg) {transformation: [-1.7114f,0.1475f,-0.026f,-0.6891f,0.1188f,1.1555f,-1.2657f,2.485f,-0.0912f,-1.2627f,-1.1613f,-1.4439f,0f,0f,0f,1f],start_interpolation: 0,interpolation_duration: 1}
$data merge entity $(weist) {transformation: [-1.6223f,0f,0f,0f,0f,1.6085f,0.2118f,4.1289f,0f,0.2118f,-1.6085f,-1.2843f,0f,0f,0f,1f],start_interpolation: 0,interpolation_duration: 1}
data modify storage animated_java:temp entry.data merge value {"locators":{"consume":{"px":-4.8454598096,"py":3.5106259378,"pz":-0.2263707615,"ry":316.5498419535,"rx":31.608012358}}}
# Data Manager: Prepare for Read / Write
execute store result storage animated_java:temp args.id int 1 run scoreboard players get @s aj.id
# Data Manager: Write
function animated_java:global/data_manager/write with storage animated_java:temp args