# This file was generated by Animated Java via MC-Build. It is not recommended to edit this file directly.
$data merge entity $(neck) {transformation: [-0.9989f,-0.0227f,-0.0421f,-0.0016f,-0.0329f,0.9652f,0.2596f,6.025f,0.0348f,0.2607f,-0.9648f,-0.5257f,0f,0f,0f,1f],start_interpolation: 0,interpolation_duration: 1}
$data merge entity $(right_thumb_2) {transformation: [-0.364f,0.7425f,-0.5623f,-4.1943f,0.4241f,0.6696f,0.6097f,3.335f,0.8293f,-0.0165f,-0.5586f,-0.4106f,0f,0f,0f,1f],start_interpolation: 0,interpolation_duration: 1}
$data merge entity $(right_thumb) {transformation: [-0.364f,0.3241f,-0.8732f,-4.1317f,0.4241f,0.8924f,0.1544f,3.6828f,0.8293f,-0.3141f,-0.4623f,-0.3822f,0f,0f,0f,1f],start_interpolation: 0,interpolation_duration: 1}
$data merge entity $(right_fingers2) {transformation: [-0.2951f,-0.7228f,-0.6249f,-4.6451f,-0.8243f,-0.1381f,0.549f,3.1408f,-0.4831f,0.6771f,-0.5551f,-0.4856f,0f,0f,0f,1f],start_interpolation: 0,interpolation_duration: 1}
$data merge entity $(right_fingers) {transformation: [-0.7695f,0.1317f,-0.6249f,-4.6338f,-0.3132f,0.7749f,0.549f,3.3569f,0.5565f,0.6182f,-0.5551f,-0.2977f,0f,0f,0f,1f],start_interpolation: 0,interpolation_duration: 1}
$data merge entity $(scout) {transformation: [0f,0f,0f,-4.605f,0f,0f,0f,3.3725f,0f,0f,0f,-0.5068f,0f,0f,0f,1f],start_interpolation: 0,interpolation_duration: 1}
$data merge entity $(right_hand) {transformation: [-0.364f,0.6907f,-0.6249f,-4.2354f,0.4241f,0.7202f,0.549f,3.8214f,0.8293f,-0.0651f,-0.5551f,-0.3664f,0f,0f,0f,1f],start_interpolation: 0,interpolation_duration: 1}
$data merge entity $(right_forearm) {transformation: [-0.9716f,0.9513f,0.2194f,-2.7544f,0.8969f,0.992f,-0.3296f,5.266f,-0.3857f,-0.0897f,-1.3192f,-0.5335f,0f,0f,0f,1f],start_interpolation: 0,interpolation_duration: 1}
$data merge entity $(right_shoulder) {transformation: [-0.5426f,1.3614f,-0.045f,-0.9837f,1.3105f,0.5349f,0.3826f,5.6417f,0.3717f,0.1013f,-1.4147f,-0.4393f,0f,0f,0f,1f],start_interpolation: 0,interpolation_duration: 1}
$data merge entity $(right_arm) {transformation: [-0.9848f,0f,-0.1736f,-0.4298f,-0.0665f,0.9239f,0.3769f,5.95f,0.1604f,0.3827f,-0.9098f,-0.4266f,0f,0f,0f,1f],start_interpolation: 0,interpolation_duration: 1}
$data merge entity $(left_thumb_2) {transformation: [-0.5486f,-0.7906f,0.2721f,4.3266f,-0.4856f,0.5662f,0.666f,3.91f,-0.6806f,0.2332f,-0.6945f,-1.7987f,0f,0f,0f,1f],start_interpolation: 0,interpolation_duration: 1}
$data merge entity $(left_thumb) {transformation: [-0.5486f,-0.5206f,0.6542f,4.2312f,-0.4856f,0.8354f,0.2575f,4.2471f,-0.6806f,-0.1765f,-0.7111f,-1.7446f,0f,0f,0f,1f],start_interpolation: 0,interpolation_duration: 1}
$data merge entity $(left_fingers2) {transformation: [-0.2325f,0.9112f,0.3399f,4.7519f,0.7887f,-0.0278f,0.6141f,3.7749f,0.5691f,0.4109f,-0.7122f,-2.0164f,0f,0f,0f,1f],start_interpolation: 0,interpolation_duration: 1}
$data merge entity $(left_fingers) {transformation: [-0.94f,-0.0298f,0.3399f,4.7724f,0.1979f,0.764f,0.6141f,3.9916f,-0.278f,0.6445f,-0.7122f,-1.8301f,0f,0f,0f,1f],start_interpolation: 0,interpolation_duration: 1}
$data merge entity $(left_hand) {transformation: [-0.5486f,-0.7639f,0.3399f,4.3156f,-0.4856f,0.6221f,0.6141f,4.3984f,-0.6806f,0.1718f,-0.7122f,-1.7594f,0f,0f,0f,1f],start_interpolation: 0,interpolation_duration: 1}
$data merge entity $(left_forearm) {transformation: [-0.6738f,-1.0521f,-0.5798f,2.682f,-1.0079f,0.8568f,-0.3836f,5.6329f,0.6537f,0.2367f,-1.189f,-1.4191f,0f,0f,0f,1f],start_interpolation: 0,interpolation_duration: 1}
$data merge entity $(left_shoulder) {transformation: [-0.4558f,-1.3173f,-0.4548f,0.9987f,-1.3778f,0.3542f,0.355f,5.7755f,-0.2091f,0.5377f,-1.348f,-0.7623f,0f,0f,0f,1f],start_interpolation: 0,interpolation_duration: 1}
$data merge entity $(left_arm) {transformation: [-0.9848f,0f,-0.1736f,0.4418f,-0.0665f,0.9239f,0.3769f,6.0089f,0.1604f,0.3827f,-0.9098f,-0.5686f,0f,0f,0f,1f],start_interpolation: 0,interpolation_duration: 1}
$data merge entity $(chest) {transformation: [-1.2591f,0f,-0.222f,0f,-0.085f,1.1812f,0.4818f,4.3239f,0.2051f,0.4893f,-1.1633f,-1.2202f,0f,0f,0f,1f],start_interpolation: 0,interpolation_duration: 1}
$data merge entity $(left_cheek) {transformation: [-0.9922f,-0.0636f,-0.107f,0.4277f,-0.0765f,0.9898f,0.1204f,3.5655f,0.0983f,0.1277f,-0.9869f,-1.8042f,0f,0f,0f,1f],start_interpolation: 0,interpolation_duration: 1}
$data merge entity $(left_foot) {transformation: [-0.9499f,0.0364f,-0.3764f,1.3003f,-0.101f,0.9562f,0.3475f,-3.6924f,0.3644f,0.3601f,-0.8847f,-2.9028f,0f,0f,0f,1f],start_interpolation: 0,interpolation_duration: 1}
$data merge entity $(left_knee) {transformation: [-2.805f,0.1275f,-1.1695f,1.5094f,-0.5308f,2.5614f,1.5523f,-0.0686f,1.0498f,1.6356f,-2.3398f,-0.765f,0f,0f,0f,1f],start_interpolation: 0,interpolation_duration: 1}
$data merge entity $(left_leg) {transformation: [-1.5843f,-0.4693f,-0.4703f,0.7054f,-0.2998f,1.5902f,-0.577f,2.4833f,0.5929f,-0.45f,-1.5483f,-1.4159f,0f,0f,0f,1f],start_interpolation: 0,interpolation_duration: 1}
$data merge entity $(right_cheek) {transformation: [-0.9945f,0.1f,0.0317f,-0.4189f,0.1006f,0.9948f,0.0178f,3.5765f,-0.0298f,0.0208f,-0.9993f,-1.821f,0f,0f,0f,1f],start_interpolation: 0,interpolation_duration: 1}
$data merge entity $(right_foot) {transformation: [-1.0185f,0.0649f,0.061f,-1.1855f,0.0707f,1.015f,0.1001f,-3.6193f,-0.0542f,0.104f,-1.0156f,0.2143f,0f,0f,0f,1f],start_interpolation: 0,interpolation_duration: 1}
$data merge entity $(right_knee) {transformation: [-3.0302f,0.1931f,0.1816f,-0.9978f,0.2103f,3.0198f,0.2979f,0.5784f,-0.1614f,0.3094f,-3.0217f,0.5142f,0f,0f,0f,1f],start_interpolation: 0,interpolation_duration: 1}
$data merge entity $(right_leg) {transformation: [-1.7114f,0.1478f,-0.0241f,-0.6891f,0.1188f,1.1718f,-1.2507f,2.4873f,-0.0912f,-1.2476f,-1.1775f,-1.4462f,0f,0f,0f,1f],start_interpolation: 0,interpolation_duration: 1}
$data merge entity $(weist) {transformation: [-1.6223f,0f,0f,0f,0f,1.6085f,0.2118f,4.1313f,0f,0.2118f,-1.6085f,-1.2866f,0f,0f,0f,1f],start_interpolation: 0,interpolation_duration: 1}
data modify storage animated_java:temp entry.data merge value {"locators":{"consume":{"px":-4.6718127268,"py":3.2166127181,"pz":-0.5163829236,"ry":311.6138363755,"rx":33.3010252287}}}
# Data Manager: Prepare for Read / Write
execute store result storage animated_java:temp args.id int 1 run scoreboard players get @s aj.id
# Data Manager: Write
function animated_java:global/data_manager/write with storage animated_java:temp args