# This file was generated by Animated Java via MC-Build. It is not recommended to edit this file directly.
$data merge entity $(neck) {transformation: [-0.9989f,-0.0227f,-0.0421f,-0.0016f,-0.0329f,0.9652f,0.2596f,6.0271f,0.0348f,0.2607f,-0.9648f,-0.5279f,0f,0f,0f,1f],start_interpolation: 0,interpolation_duration: 1}
$data merge entity $(right_thumb_2) {transformation: [-0.3864f,0.6919f,-0.6099f,-4.0185f,0.3041f,0.7199f,0.624f,3.1196f,0.8708f,0.0556f,-0.4886f,-0.6605f,0f,0f,0f,1f],start_interpolation: 0,interpolation_duration: 1}
$data merge entity $(right_thumb) {transformation: [-0.3864f,0.2558f,-0.8861f,-3.9809f,0.3041f,0.9424f,0.1395f,3.4659f,0.8708f,-0.2156f,-0.4419f,-0.5945f,0f,0f,0f,1f],start_interpolation: 0,interpolation_duration: 1}
$data merge entity $(right_fingers2) {transformation: [-0.2389f,-0.7049f,-0.6679f,-4.4546f,-0.7865f,-0.263f,0.5589f,2.9023f,-0.5695f,0.6588f,-0.4915f,-0.7556f,0f,0f,0f,1f],start_interpolation: 0,interpolation_duration: 1}
$data merge entity $(right_fingers) {transformation: [-0.7399f,0.0807f,-0.6679f,-4.4574f,-0.427f,0.7109f,0.5589f,3.0969f,0.5199f,0.6986f,-0.4915f,-0.5454f,0f,0f,0f,1f],start_interpolation: 0,interpolation_duration: 1}
$data merge entity $(scout) {transformation: [0f,0f,0f,-4.4316f,0f,0f,0f,3.1372f,0f,0f,0f,-0.7516f,0f,0f,0f,1f],start_interpolation: 0,interpolation_duration: 1}
$data merge entity $(right_hand) {transformation: [-0.3864f,0.6361f,-0.6679f,-4.0943f,0.3041f,0.7715f,0.5589f,3.594f,0.8708f,0.0128f,-0.4915f,-0.5636f,0f,0f,0f,1f],start_interpolation: 0,interpolation_duration: 1}
$data merge entity $(right_forearm) {transformation: [-1.0374f,0.8761f,0.231f,-2.7233f,0.8601f,1.0626f,-0.168f,5.1524f,-0.285f,0.0177f,-1.3474f,-0.5742f,0f,0f,0f,1f],start_interpolation: 0,interpolation_duration: 1}
$data merge entity $(right_shoulder) {transformation: [-0.6327f,1.3199f,-0.0852f,-0.9837f,1.2194f,0.6187f,0.5292f,5.6439f,0.5124f,0.1576f,-1.3647f,-0.4415f,0f,0f,0f,1f],start_interpolation: 0,interpolation_duration: 1}
$data merge entity $(right_arm) {transformation: [-0.9848f,0f,-0.1736f,-0.4298f,-0.0665f,0.9239f,0.3769f,5.9522f,0.1604f,0.3827f,-0.9098f,-0.4288f,0f,0f,0f,1f],start_interpolation: 0,interpolation_duration: 1}
$data merge entity $(left_thumb_2) {transformation: [-0.5984f,-0.7268f,0.3371f,4.1116f,-0.3705f,0.6241f,0.6879f,3.6682f,-0.7103f,0.2867f,-0.6428f,-1.9849f,0f,0f,0f,1f],start_interpolation: 0,interpolation_duration: 1}
$data merge entity $(left_thumb) {transformation: [-0.5984f,-0.4319f,0.6748f,4.0519f,-0.3705f,0.896f,0.2448f,4.0079f,-0.7103f,-0.1036f,-0.6962f,-1.9031f,0f,0f,0f,1f],start_interpolation: 0,interpolation_duration: 1}
$data merge entity $(left_fingers2) {transformation: [-0.1475f,0.905f,0.3991f,4.5198f,0.7604f,-0.1543f,0.6309f,3.5079f,0.6325f,0.3965f,-0.6654f,-2.2176f,0f,0f,0f,1f],start_interpolation: 0,interpolation_duration: 1}
$data merge entity $(left_fingers) {transformation: [-0.9154f,0.0519f,0.3991f,4.5633f,0.3153f,0.709f,0.6309f,3.7056f,-0.2502f,0.7033f,-0.6654f,-2.015f,0f,0f,0f,1f],start_interpolation: 0,interpolation_duration: 1}
$data merge entity $(left_hand) {transformation: [-0.5984f,-0.6947f,0.3991f,4.1513f,-0.3705f,0.6817f,0.6309f,4.1504f,-0.7103f,0.2296f,-0.6654f,-1.9069f,0f,0f,0f,1f],start_interpolation: 0,interpolation_duration: 1}
$data merge entity $(left_forearm) {transformation: [-0.7722f,-0.9568f,-0.6208f,2.6557f,-0.9822f,0.939f,-0.2255f,5.5154f,0.5798f,0.3163f,-1.2087f,-1.4505f,0f,0f,0f,1f],start_interpolation: 0,interpolation_duration: 1}
$data merge entity $(left_shoulder) {transformation: [-0.5969f,-1.2715f,-0.4205f,0.9987f,-1.3024f,0.4438f,0.5066f,5.7776f,-0.3121f,0.5797f,-1.3101f,-0.7644f,0f,0f,0f,1f],start_interpolation: 0,interpolation_duration: 1}
$data merge entity $(left_arm) {transformation: [-0.9848f,0f,-0.1736f,0.4418f,-0.0665f,0.9239f,0.3769f,6.011f,0.1604f,0.3827f,-0.9098f,-0.5708f,0f,0f,0f,1f],start_interpolation: 0,interpolation_duration: 1}
$data merge entity $(chest) {transformation: [-1.2591f,0f,-0.222f,0f,-0.085f,1.1812f,0.4818f,4.3261f,0.2051f,0.4893f,-1.1633f,-1.2224f,0f,0f,0f,1f],start_interpolation: 0,interpolation_duration: 1}
$data merge entity $(left_cheek) {transformation: [-0.9892f,-0.0667f,-0.1304f,0.4312f,-0.0814f,0.9905f,0.1105f,3.579f,0.1218f,0.1199f,-0.9853f,-1.7948f,0f,0f,0f,1f],start_interpolation: 0,interpolation_duration: 1}
$data merge entity $(left_foot) {transformation: [-0.9479f,0.0357f,-0.3814f,1.2822f,-0.131f,0.9263f,0.4123f,-3.7319f,0.36f,0.4311f,-0.8543f,-2.9745f,0f,0f,0f,1f],start_interpolation: 0,interpolation_duration: 1}
$data merge entity $(left_knee) {transformation: [-2.805f,0.1205f,-1.1702f,1.4816f,-0.5308f,2.5706f,1.5371f,-0.0961f,1.0498f,1.6217f,-2.3495f,-0.8563f,0f,0f,0f,1f],start_interpolation: 0,interpolation_duration: 1}
$data merge entity $(left_leg) {transformation: [-1.5843f,-0.4523f,-0.4867f,0.7054f,-0.2998f,1.6097f,-0.52f,2.4855f,0.5929f,-0.3946f,-1.5634f,-1.418f,0f,0f,0f,1f],start_interpolation: 0,interpolation_duration: 1}
$data merge entity $(right_cheek) {transformation: [-0.9945f,0.0993f,0.0325f,-0.4193f,0.1003f,0.9945f,0.0296f,3.5831f,-0.0294f,0.0327f,-0.999f,-1.81f,0f,0f,0f,1f],start_interpolation: 0,interpolation_duration: 1}
$data merge entity $(right_foot) {transformation: [-1.0185f,0.0642f,0.0618f,-1.183f,0.0707f,1.0137f,0.1122f,-3.6367f,-0.0542f,0.116f,-1.0143f,0.1394f,0f,0f,0f,1f],start_interpolation: 0,interpolation_duration: 1}
$data merge entity $(right_knee) {transformation: [-3.0302f,0.191f,0.1839f,-0.9981f,0.2103f,3.016f,0.3337f,0.5573f,-0.1614f,0.3452f,-3.0178f,0.4891f,0f,0f,0f,1f],start_interpolation: 0,interpolation_duration: 1}
$data merge entity $(right_leg) {transformation: [-1.7114f,0.1481f,-0.0223f,-0.6891f,0.1188f,1.1865f,-1.2367f,2.4895f,-0.0912f,-1.2335f,-1.1923f,-1.4484f,0f,0f,0f,1f],start_interpolation: 0,interpolation_duration: 1}
$data merge entity $(weist) {transformation: [-1.6223f,0f,0f,0f,0f,1.6085f,0.2118f,4.1334f,0f,0.2118f,-1.6085f,-1.2887f,0f,0f,0f,1f],start_interpolation: 0,interpolation_duration: 1}
data modify storage animated_java:temp entry.data merge value {"locators":{"consume":{"px":-4.4870586951,"py":2.9787987562,"pz":-0.7779838514,"ry":306.3519369074,"rx":33.9763376097}}}
# Data Manager: Prepare for Read / Write
execute store result storage animated_java:temp args.id int 1 run scoreboard players get @s aj.id
# Data Manager: Write
function animated_java:global/data_manager/write with storage animated_java:temp args