# This file was generated by Animated Java via MC-Build. It is not recommended to edit this file directly.
$data merge entity $(neck) {transformation: [-0.9989f,-0.0227f,-0.0421f,-0.0016f,-0.0329f,0.9652f,0.2596f,6.0289f,0.0348f,0.2607f,-0.9648f,-0.5296f,0f,0f,0f,1f],start_interpolation: 0,interpolation_duration: 1}
$data merge entity $(right_thumb_2) {transformation: [-0.3938f,0.6469f,-0.6531f,-3.8597f,0.2026f,0.7541f,0.6247f,2.9654f,0.8966f,0.1137f,-0.428f,-0.8615f,0f,0f,0f,1f],start_interpolation: 0,interpolation_duration: 1}
$data merge entity $(right_thumb) {transformation: [-0.3938f,0.1947f,-0.8984f,-3.8428f,0.2026f,0.9717f,0.1217f,3.3064f,0.8966f,-0.1341f,-0.4221f,-0.7658f,0f,0f,0f,1f],start_interpolation: 0,interpolation_duration: 1}
$data merge entity $(right_fingers2) {transformation: [-0.1969f,-0.6793f,-0.707f,-4.2828f,-0.7474f,-0.3626f,0.5566f,2.7304f,-0.6345f,0.638f,-0.4363f,-0.9723f,0f,0f,0f,1f],start_interpolation: 0,interpolation_duration: 1}
$data merge entity $(right_fingers) {transformation: [-0.7058f,0.0452f,-0.707f,-4.295f,-0.5158f,0.6512f,0.5566f,2.9055f,0.4856f,0.7575f,-0.4363f,-0.746f,0f,0f,0f,1f],start_interpolation: 0,interpolation_duration: 1}
$data merge entity $(scout) {transformation: [0f,0f,0f,-4.2742f,0f,0f,0f,2.9651f,0f,0f,0f,-0.948f,0f,0f,0f,1f],start_interpolation: 0,interpolation_duration: 1}
$data merge entity $(right_hand) {transformation: [-0.3938f,0.5875f,-0.707f,-3.9634f,0.2026f,0.8057f,0.5566f,3.424f,0.8966f,0.0759f,-0.4363f,-0.7231f,0f,0f,0f,1f],start_interpolation: 0,interpolation_duration: 1}
$data merge entity $(right_forearm) {transformation: [-1.0918f,0.8092f,0.2245f,-2.6912f,0.8151f,1.1097f,-0.0356f,5.0599f,-0.2018f,0.1046f,-1.3585f,-0.6066f,0f,0f,0f,1f],start_interpolation: 0,interpolation_duration: 1}
$data merge entity $(right_shoulder) {transformation: [-0.7003f,1.2812f,-0.1342f,-0.9837f,1.1285f,0.6838f,0.6394f,5.6456f,0.6212f,0.2021f,-1.3126f,-0.4432f,0f,0f,0f,1f],start_interpolation: 0,interpolation_duration: 1}
$data merge entity $(right_arm) {transformation: [-0.9848f,0f,-0.1736f,-0.4298f,-0.0665f,0.9239f,0.3769f,5.9539f,0.1604f,0.3827f,-0.9098f,-0.4305f,0f,0f,0f,1f],start_interpolation: 0,interpolation_duration: 1}
$data merge entity $(left_thumb_2) {transformation: [-0.6268f,-0.6706f,0.3967f,3.9198f,-0.2715f,0.6652f,0.6956f,3.4904f,-0.7303f,0.3283f,-0.599f,-2.1288f,0f,0f,0f,1f],start_interpolation: 0,interpolation_duration: 1}
$data merge entity $(left_thumb) {transformation: [-0.6268f,-0.3525f,0.6949f,3.8896f,-0.2715f,0.9347f,0.2292f,3.8281f,-0.7303f,-0.045f,-0.6816f,-2.0254f,0f,0f,0f,1f],start_interpolation: 0,interpolation_duration: 1}
$data merge entity $(left_fingers2) {transformation: [-0.0824f,0.8874f,0.4536f,4.3131f,0.7286f,-0.2569f,0.635f,3.3105f,0.68f,0.3828f,-0.6254f,-2.3726f,0f,0f,0f,1f],start_interpolation: 0,interpolation_duration: 1}
$data merge entity $(left_fingers) {transformation: [-0.8842f,0.1116f,0.4536f,4.3732f,0.4085f,0.6557f,0.635f,3.4904f,-0.2266f,0.7467f,-0.6254f,-2.1581f,0f,0f,0f,1f],start_interpolation: 0,interpolation_duration: 1}
$data merge entity $(left_hand) {transformation: [-0.6268f,-0.6335f,0.4536f,4.001f,-0.2715f,0.7233f,0.635f,3.9614f,-0.7303f,0.2748f,-0.6254f,-2.0205f,0f,0f,0f,1f],start_interpolation: 0,interpolation_duration: 1}
$data merge entity $(left_forearm) {transformation: [-0.8555f,-0.8726f,-0.6355f,2.6282f,-0.9465f,0.9962f,-0.0937f,5.4189f,0.519f,0.3786f,-1.2184f,-1.4732f,0f,0f,0f,1f],start_interpolation: 0,interpolation_duration: 1}
$data merge entity $(left_shoulder) {transformation: [-0.7067f,-1.2295f,-0.3724f,0.9987f,-1.2234f,0.5144f,0.6233f,5.7794f,-0.392f,0.6111f,-1.2738f,-0.7662f,0f,0f,0f,1f],start_interpolation: 0,interpolation_duration: 1}
$data merge entity $(left_arm) {transformation: [-0.9848f,0f,-0.1736f,0.4418f,-0.0665f,0.9239f,0.3769f,6.0127f,0.1604f,0.3827f,-0.9098f,-0.5725f,0f,0f,0f,1f],start_interpolation: 0,interpolation_duration: 1}
$data merge entity $(chest) {transformation: [-1.2591f,0f,-0.222f,0f,-0.085f,1.1812f,0.4818f,4.3278f,0.2051f,0.4893f,-1.1633f,-1.2241f,0f,0f,0f,1f],start_interpolation: 0,interpolation_duration: 1}
$data merge entity $(left_cheek) {transformation: [-0.9863f,-0.0708f,-0.1491f,0.4327f,-0.0866f,0.991f,0.1021f,3.59f,0.1406f,0.1136f,-0.9835f,-1.7916f,0f,0f,0f,1f],start_interpolation: 0,interpolation_duration: 1}
$data merge entity $(left_foot) {transformation: [-0.9456f,0.0359f,-0.3871f,1.2665f,-0.1556f,0.898f,0.4633f,-3.762f,0.3563f,0.4874f,-0.8251f,-3.034f,0f,0f,0f,1f],start_interpolation: 0,interpolation_duration: 1}
$data merge entity $(left_knee) {transformation: [-2.805f,0.1148f,-1.1708f,1.458f,-0.5308f,2.578f,1.5245f,-0.1163f,1.0498f,1.6102f,-2.3574f,-0.9321f,0f,0f,0f,1f],start_interpolation: 0,interpolation_duration: 1}
$data merge entity $(left_leg) {transformation: [-1.5843f,-0.4378f,-0.4998f,0.7054f,-0.2998f,1.6242f,-0.4726f,2.4872f,0.5929f,-0.3486f,-1.5743f,-1.4197f,0f,0f,0f,1f],start_interpolation: 0,interpolation_duration: 1}
$data merge entity $(right_cheek) {transformation: [-0.9946f,0.0988f,0.0332f,-0.4196f,0.1001f,0.9942f,0.0393f,3.5885f,-0.0291f,0.0424f,-0.9987f,-1.8009f,0f,0f,0f,1f],start_interpolation: 0,interpolation_duration: 1}
$data merge entity $(right_foot) {transformation: [-1.0185f,0.0636f,0.0624f,-1.1809f,0.0707f,1.0126f,0.1221f,-3.6504f,-0.0542f,0.1259f,-1.0131f,0.0776f,0f,0f,0f,1f],start_interpolation: 0,interpolation_duration: 1}
$data merge entity $(right_knee) {transformation: [-3.0302f,0.1892f,0.1857f,-0.9984f,0.2103f,3.0126f,0.3632f,0.5401f,-0.1614f,0.3747f,-3.0143f,0.4682f,0f,0f,0f,1f],start_interpolation: 0,interpolation_duration: 1}
$data merge entity $(right_leg) {transformation: [-1.7114f,0.1483f,-0.0209f,-0.6891f,0.1188f,1.1986f,-1.225f,2.4912f,-0.0912f,-1.2218f,-1.2043f,-1.4501f,0f,0f,0f,1f],start_interpolation: 0,interpolation_duration: 1}
$data merge entity $(weist) {transformation: [-1.6223f,0f,0f,0f,0f,1.6085f,0.2118f,4.1351f,0f,0.2118f,-1.6085f,-1.2905f,0f,0f,0f,1f],start_interpolation: 0,interpolation_duration: 1}
data modify storage animated_java:temp entry.data merge value {"locators":{"consume":{"px":-4.3201308542,"py":2.8064146528,"pz":-0.9877406968,"ry":301.680297163,"rx":33.8239696172}}}
# Data Manager: Prepare for Read / Write
execute store result storage animated_java:temp args.id int 1 run scoreboard players get @s aj.id
# Data Manager: Write
function animated_java:global/data_manager/write with storage animated_java:temp args