# This file was generated by Animated Java via MC-Build. It is not recommended to edit this file directly.
$data merge entity $(neck) {transformation: [-0.9989f,-0.0227f,-0.0421f,-0.0016f,-0.0329f,0.9652f,0.2596f,6.0204f,0.0348f,0.2607f,-0.9648f,-0.5211f,0f,0f,0f,1f],start_interpolation: 0,interpolation_duration: 1}
$data merge entity $(right_thumb_2) {transformation: [-0.2715f,0.8308f,-0.4859f,-4.4921f,0.6599f,0.5282f,0.5343f,3.908f,0.7006f,-0.1756f,-0.6916f,0.1407f,0f,0f,0f,1f],start_interpolation: 0,interpolation_duration: 1}
$data merge entity $(right_thumb) {transformation: [-0.2715f,0.4396f,-0.8562f,-4.3788f,0.6599f,0.7325f,0.1669f,4.2392f,0.7006f,-0.5197f,-0.489f,0.0842f,0f,0f,0f,1f],start_interpolation: 0,interpolation_duration: 1}
$data merge entity $(right_fingers2) {transformation: [-0.4271f,-0.7127f,-0.5565f,-4.9684f,-0.8629f,0.1374f,0.4863f,3.7707f,-0.2701f,0.6879f,-0.6737f,0.1135f,0f,0f,0f,1f],start_interpolation: 0,interpolation_duration: 1}
$data merge entity $(right_fingers) {transformation: [-0.7882f,0.2627f,-0.5565f,-4.9199f,-0.0526f,0.8722f,0.4863f,4.0213f,0.6131f,0.4126f,-0.6737f,0.2434f,0f,0f,0f,1f],start_interpolation: 0,interpolation_duration: 1}
$data merge entity $(scout) {transformation: [0f,0f,0f,-4.8959f,0f,0f,0f,3.9818f,0f,0f,0f,0.0368f,0f,0f,0f,1f],start_interpolation: 0,interpolation_duration: 1}
$data merge entity $(right_hand) {transformation: [-0.2715f,0.7853f,-0.5565f,-4.4608f,0.6599f,0.5727f,0.4863f,4.3913f,0.7006f,-0.2352f,-0.6737f,0.0656f,0f,0f,0f,1f],start_interpolation: 0,interpolation_duration: 1}
$data merge entity $(right_forearm) {transformation: [-0.8434f,1.0816f,0.1261f,-2.7923f,0.9121f,0.7888f,-0.6655f,5.5171f,-0.5948f,-0.324f,-1.1993f,-0.4412f,0f,0f,0f,1f],start_interpolation: 0,interpolation_duration: 1}
$data merge entity $(right_shoulder) {transformation: [-0.3345f,1.4271f,-0.0352f,-0.9837f,1.427f,0.3353f,0.0341f,5.6371f,0.0413f,-0.0265f,-1.4654f,-0.4347f,0f,0f,0f,1f],start_interpolation: 0,interpolation_duration: 1}
$data merge entity $(right_arm) {transformation: [-0.9848f,0f,-0.1736f,-0.4298f,-0.0665f,0.9239f,0.3769f,5.9454f,0.1604f,0.3827f,-0.9098f,-0.422f,0f,0f,0f,1f],start_interpolation: 0,interpolation_duration: 1}
$data merge entity $(left_thumb_2) {transformation: [-0.3901f,-0.9053f,0.1681f,4.7036f,-0.7046f,0.411f,0.5785f,4.5285f,-0.5928f,0.1072f,-0.7982f,-1.3573f,0f,0f,0f,1f],start_interpolation: 0,interpolation_duration: 1}
$data merge entity $(left_thumb) {transformation: [-0.3901f,-0.6732f,0.6282f,4.536f,-0.7046f,0.6575f,0.267f,4.8407f,-0.5928f,-0.3385f,-0.7308f,-1.368f,0f,0f,0f,1f],start_interpolation: 0,interpolation_duration: 1}
$data merge entity $(left_fingers2) {transformation: [-0.4289f,0.8691f,0.2464f,5.1606f,0.8052f,0.2441f,0.5405f,4.4541f,0.4096f,0.4302f,-0.8045f,-1.5366f,0f,0f,0f,1f],start_interpolation: 0,interpolation_duration: 1}
$data merge entity $(left_fingers) {transformation: [-0.9413f,-0.2306f,0.2464f,5.1232f,-0.0641f,0.8389f,0.5405f,4.699f,-0.3313f,0.493f,-0.8045f,-1.3927f,0f,0f,0f,1f],start_interpolation: 0,interpolation_duration: 1}
$data merge entity $(left_hand) {transformation: [-0.3901f,-0.8872f,0.2464f,4.5872f,-0.7046f,0.4599f,0.5405f,5.0018f,-0.5928f,0.0372f,-0.8045f,-1.4083f,0f,0f,0f,1f],start_interpolation: 0,interpolation_duration: 1}
$data merge entity $(left_forearm) {transformation: [-0.4852f,-1.222f,-0.4104f,2.7118f,-1.0018f,0.6334f,-0.7017f,5.8885f,0.8113f,0.0513f,-1.1119f,-1.3379f,0f,0f,0f,1f],start_interpolation: 0,interpolation_duration: 1}
$data merge entity $(left_shoulder) {transformation: [-0.1406f,-1.3933f,-0.4344f,0.9987f,-1.459f,0.145f,0.0072f,5.7709f,0.0361f,0.433f,-1.4004f,-0.7577f,0f,0f,0f,1f],start_interpolation: 0,interpolation_duration: 1}
$data merge entity $(left_arm) {transformation: [-0.9848f,0f,-0.1736f,0.4418f,-0.0665f,0.9239f,0.3769f,6.0042f,0.1604f,0.3827f,-0.9098f,-0.564f,0f,0f,0f,1f],start_interpolation: 0,interpolation_duration: 1}
$data merge entity $(chest) {transformation: [-1.2591f,0f,-0.222f,0f,-0.085f,1.1812f,0.4818f,4.3193f,0.2051f,0.4893f,-1.1633f,-1.2156f,0f,0f,0f,1f],start_interpolation: 0,interpolation_duration: 1}
$data merge entity $(left_cheek) {transformation: [-0.9964f,-0.0642f,-0.0547f,0.4189f,-0.0713f,0.9873f,0.1417f,3.5365f,0.0449f,0.1451f,-0.9884f,-1.8283f,0f,0f,0f,1f],start_interpolation: 0,interpolation_duration: 1}
$data merge entity $(left_foot) {transformation: [-0.9508f,0.0399f,-0.3736f,1.3365f,-0.0357f,1.0024f,0.1981f,-3.5947f,0.374f,0.1973f,-0.9308f,-2.7497f,0f,0f,0f,1f],start_interpolation: 0,interpolation_duration: 1}
$data merge entity $(left_knee) {transformation: [-2.805f,0.1425f,-1.1677f,1.5666f,-0.5308f,2.5411f,1.5853f,0.0024f,1.0498f,1.6657f,-2.3185f,-0.5693f,0f,0f,0f,1f],start_interpolation: 0,interpolation_duration: 1}
$data merge entity $(left_leg) {transformation: [-1.5843f,-0.5043f,-0.4326f,0.7054f,-0.2998f,1.5407f,-0.6983f,2.4787f,0.5929f,-0.5685f,-1.5088f,-1.4112f,0f,0f,0f,1f],start_interpolation: 0,interpolation_duration: 1}
$data merge entity $(right_cheek) {transformation: [-0.9944f,0.1014f,0.0299f,-0.4181f,0.1012f,0.9948f,-0.008f,3.5615f,-0.0306f,-0.0049f,-0.9995f,-1.8447f,0f,0f,0f,1f],start_interpolation: 0,interpolation_duration: 1}
$data merge entity $(right_foot) {transformation: [-1.0185f,0.0665f,0.0593f,-1.1907f,0.0707f,1.0172f,0.0739f,-3.5785f,-0.0542f,0.0777f,-1.018f,0.3764f,0f,0f,0f,1f],start_interpolation: 0,interpolation_duration: 1}
$data merge entity $(right_knee) {transformation: [-3.0302f,0.1978f,0.1766f,-0.9968f,0.2103f,3.0265f,0.2198f,0.6252f,-0.1614f,0.2312f,-3.0286f,0.5678f,0f,0f,0f,1f],start_interpolation: 0,interpolation_duration: 1}
$data merge entity $(right_leg) {transformation: [-1.7114f,0.1471f,-0.0279f,-0.6891f,0.1188f,1.1391f,-1.2805f,2.4827f,-0.0912f,-1.2776f,-1.1449f,-1.4416f,0f,0f,0f,1f],start_interpolation: 0,interpolation_duration: 1}
$data merge entity $(weist) {transformation: [-1.6223f,0f,0f,0f,0f,1.6085f,0.2118f,4.1266f,0f,0.2118f,-1.6085f,-1.282f,0f,0f,0f,1f],start_interpolation: 0,interpolation_duration: 1}
data modify storage animated_java:temp entry.data merge value {"locators":{"consume":{"px":-4.9849026373,"py":3.8399175331,"pz":0.0651110707,"ry":320.4437383565,"rx":29.0961456733}}}
# Data Manager: Prepare for Read / Write
execute store result storage animated_java:temp args.id int 1 run scoreboard players get @s aj.id
# Data Manager: Write
function animated_java:global/data_manager/write with storage animated_java:temp args