# This file was generated by Animated Java via MC-Build. It is not recommended to edit this file directly.
$data merge entity $(neck) {transformation: [-0.9989f,-0.0227f,-0.0421f,-0.0016f,-0.0329f,0.9652f,0.2596f,6.0165f,0.0348f,0.2607f,-0.9648f,-0.5172f,0f,0f,0f,1f],start_interpolation: 0,interpolation_duration: 1}
$data merge entity $(right_thumb_2) {transformation: [-0.1605f,0.8737f,-0.4592f,-4.6266f,0.8165f,0.379f,0.4355f,4.4861f,0.5545f,-0.3051f,-0.7742f,0.5903f,0f,0f,0f,1f],start_interpolation: 0,interpolation_duration: 1}
$data merge entity $(right_thumb) {transformation: [-0.1605f,0.4901f,-0.8568f,-4.4807f,0.8165f,0.5536f,0.1637f,4.7829f,0.5545f,-0.6733f,-0.4891f,0.4628f,0f,0f,0f,1f],start_interpolation: 0,interpolation_duration: 1}
$data merge entity $(right_fingers2) {transformation: [-0.5329f,-0.6567f,-0.5336f,-5.116f,-0.8431f,0.3584f,0.4008f,4.4035f,-0.072f,0.6635f,-0.7447f,0.6056f,0f,0f,0f,1f],start_interpolation: 0,interpolation_duration: 1}
$data merge entity $(right_fingers) {transformation: [-0.7565f,0.3781f,-0.5336f,-5.0335f,0.1675f,0.9007f,0.4008f,4.6678f,0.6322f,0.2139f,-0.7447f,0.6789f,0f,0f,0f,1f],start_interpolation: 0,interpolation_duration: 1}
$data merge entity $(scout) {transformation: [0f,0f,0f,-5.0247f,0f,0f,0f,4.5845f,0f,0f,0f,0.4845f,0f,0f,0f,1f],start_interpolation: 0,interpolation_duration: 1}
$data merge entity $(right_hand) {transformation: [-0.1605f,0.8303f,-0.5336f,-4.5463f,0.8165f,0.4155f,0.4008f,4.9366f,0.5545f,-0.3714f,-0.7447f,0.4151f,0f,0f,0f,1f],start_interpolation: 0,interpolation_duration: 1}
$data merge entity $(right_forearm) {transformation: [-0.7675f,1.1437f,-0.0102f,-2.7924f,0.8647f,0.5722f,-0.9066f,5.7295f,-0.7485f,-0.5115f,-1.0369f,-0.3619f,0f,0f,0f,1f],start_interpolation: 0,interpolation_duration: 1}
$data merge entity $(right_shoulder) {transformation: [-0.1727f,1.4521f,-0.107f,-0.9837f,1.4347f,0.1513f,-0.262f,5.6332f,-0.2484f,-0.1356f,-1.4387f,-0.4308f,0f,0f,0f,1f],start_interpolation: 0,interpolation_duration: 1}
$data merge entity $(right_arm) {transformation: [-0.9848f,0f,-0.1736f,-0.4298f,-0.0665f,0.9239f,0.3769f,5.9415f,0.1604f,0.3827f,-0.9098f,-0.4181f,0f,0f,0f,1f],start_interpolation: 0,interpolation_duration: 1}
$data merge entity $(left_thumb_2) {transformation: [-0.2192f,-0.967f,0.1299f,4.8947f,-0.8421f,0.2547f,0.4753f,5.1285f,-0.4927f,-0.0052f,-0.8702f,-0.9608f,0f,0f,0f,1f],start_interpolation: 0,interpolation_duration: 1}
$data merge entity $(left_thumb) {transformation: [-0.2192f,-0.7458f,0.6291f,4.6784f,-0.8421f,0.4702f,0.264f,5.401f,-0.4927f,-0.472f,-0.7311f,-1.0293f,0f,0f,0f,1f],start_interpolation: 0,interpolation_duration: 1}
$data merge entity $(left_fingers2) {transformation: [-0.5884f,0.7798f,0.2137f,5.3702f,0.7675f,0.4554f,0.4513f,5.1111f,0.2546f,0.4295f,-0.8664f,-1.1027f,0f,0f,0f,1f],start_interpolation: 0,interpolation_duration: 1}
$data merge entity $(left_fingers) {transformation: [-0.8887f,-0.4056f,0.2137f,5.2812f,-0.2785f,0.8478f,0.4513f,5.3638f,-0.3642f,0.3415f,-0.8664f,-1.0014f,0f,0f,0f,1f],start_interpolation: 0,interpolation_duration: 1}
$data merge entity $(left_hand) {transformation: [-0.2192f,-0.952f,0.2137f,4.7048f,-0.8421f,0.2952f,0.4513f,5.5609f,-0.4927f,-0.081f,-0.8664f,-1.092f,0f,0f,0f,1f],start_interpolation: 0,interpolation_duration: 1}
$data merge entity $(left_forearm) {transformation: [-0.3715f,-1.3112f,-0.1994f,2.7074f,-0.9416f,0.4066f,-0.9194f,6.1006f,0.9341f,-0.1116f,-1.0061f,-1.2578f,0f,0f,0f,1f],start_interpolation: 0,interpolation_duration: 1}
$data merge entity $(left_shoulder) {transformation: [0.104f,-1.4272f,-0.3197f,0.9987f,-1.4393f,-0.0429f,-0.2763f,5.767f,0.2596f,0.3335f,-1.404f,-0.7538f,0f,0f,0f,1f],start_interpolation: 0,interpolation_duration: 1}
$data merge entity $(left_arm) {transformation: [-0.9848f,0f,-0.1736f,0.4418f,-0.0665f,0.9239f,0.3769f,6.0004f,0.1604f,0.3827f,-0.9098f,-0.5601f,0f,0f,0f,1f],start_interpolation: 0,interpolation_duration: 1}
$data merge entity $(chest) {transformation: [-1.2591f,0f,-0.222f,0f,-0.085f,1.1812f,0.4818f,4.3154f,0.2051f,0.4893f,-1.1633f,-1.2117f,0f,0f,0f,1f],start_interpolation: 0,interpolation_duration: 1}
$data merge entity $(left_cheek) {transformation: [-0.9973f,-0.0725f,-0.0101f,0.4136f,-0.0732f,0.9845f,0.1595f,3.5164f,-0.0016f,0.1598f,-0.9871f,-1.8397f,0f,0f,0f,1f],start_interpolation: 0,interpolation_duration: 1}
$data merge entity $(left_foot) {transformation: [-0.9482f,0.0425f,-0.38f,1.3632f,0.0189f,1.02f,0.0669f,-3.5008f,0.3819f,0.0551f,-0.9468f,-2.625f,0f,0f,0f,1f],start_interpolation: 0,interpolation_duration: 1}
$data merge entity $(left_knee) {transformation: [-2.805f,0.1552f,-1.1661f,1.6108f,-0.5308f,2.5238f,1.6127f,0.0734f,1.0498f,1.6907f,-2.3004f,-0.4094f,0f,0f,0f,1f],start_interpolation: 0,interpolation_duration: 1}
$data merge entity $(left_leg) {transformation: [-1.5843f,-0.5313f,-0.3989f,0.7054f,-0.2998f,1.4922f,-0.7968f,2.4748f,0.5929f,-0.6652f,-1.4688f,-1.4074f,0f,0f,0f,1f],start_interpolation: 0,interpolation_duration: 1}
$data merge entity $(right_cheek) {transformation: [-0.9943f,0.1025f,0.0284f,-0.4175f,0.1016f,0.9944f,-0.0296f,3.5483f,-0.0313f,-0.0265f,-0.9992f,-1.8644f,0f,0f,0f,1f],start_interpolation: 0,interpolation_duration: 1}
$data merge entity $(right_foot) {transformation: [-1.0185f,0.0677f,0.0579f,-1.1948f,0.0707f,1.0186f,0.0519f,-3.5412f,-0.0542f,0.0557f,-1.0194f,0.5112f,0f,0f,0f,1f],start_interpolation: 0,interpolation_duration: 1}
$data merge entity $(right_knee) {transformation: [-3.0302f,0.2015f,0.1722f,-0.9959f,0.2103f,3.0305f,0.1543f,0.6655f,-0.1614f,0.1656f,-3.0329f,0.6117f,0f,0f,0f,1f],start_interpolation: 0,interpolation_duration: 1}
$data merge entity $(right_leg) {transformation: [-1.7114f,0.1465f,-0.0311f,-0.6891f,0.1188f,1.1111f,-1.3049f,2.4788f,-0.0912f,-1.3021f,-1.117f,-1.4377f,0f,0f,0f,1f],start_interpolation: 0,interpolation_duration: 1}
$data merge entity $(weist) {transformation: [-1.6223f,0f,0f,0f,0f,1.6085f,0.2118f,4.1228f,0f,0.2118f,-1.6085f,-1.2781f,0f,0f,0f,1f],start_interpolation: 0,interpolation_duration: 1}
data modify storage animated_java:temp entry.data merge value {"locators":{"consume":{"px":-5.1272169087,"py":4.4628712051,"pz":0.5442898185,"ry":324.3742389452,"rx":23.6306792424}}}
# Data Manager: Prepare for Read / Write
execute store result storage animated_java:temp args.id int 1 run scoreboard players get @s aj.id
# Data Manager: Write
function animated_java:global/data_manager/write with storage animated_java:temp args