# This file was generated by Animated Java via MC-Build. It is not recommended to edit this file directly.
$data merge entity $(neck) {transformation: [-0.9989f,-0.0227f,-0.0421f,-0.0016f,-0.0329f,0.9652f,0.2596f,6.0153f,0.0348f,0.2607f,-0.9648f,-0.516f,0f,0f,0f,1f],start_interpolation: 0,interpolation_duration: 1}
$data merge entity $(right_thumb_2) {transformation: [-0.123f,0.88f,-0.4587f,-4.6433f,0.8552f,0.3285f,0.401f,4.678f,0.5036f,-0.343f,-0.793f,0.7222f,0f,0f,0f,1f],start_interpolation: 0,interpolation_duration: 1}
$data merge entity $(right_thumb) {transformation: [-0.123f,0.4957f,-0.8597f,-4.4899f,0.8552f,0.4925f,0.1617f,4.961f,0.5036f,-0.7153f,-0.4845f,0.5735f,0f,0f,0f,1f],start_interpolation: 0,interpolation_duration: 1}
$data merge entity $(right_fingers2) {transformation: [-0.5619f,-0.632f,-0.5337f,-5.1348f,-0.8272f,0.4222f,0.3708f,4.6134f,-0.009f,0.6498f,-0.7601f,0.7507f,0f,0f,0f,1f],start_interpolation: 0,interpolation_duration: 1}
$data merge entity $(right_fingers) {transformation: [-0.7387f,0.4118f,-0.5337f,-5.0422f,0.2332f,0.899f,0.3708f,4.8789f,0.6324f,0.1495f,-0.7601f,0.8056f,0f,0f,0f,1f],start_interpolation: 0,interpolation_duration: 1}
$data merge entity $(scout) {transformation: [0f,0f,0f,-5.0398f,0f,0f,0f,4.7831f,0f,0f,0f,0.6169f,0f,0f,0f,1f],start_interpolation: 0,interpolation_duration: 1}
$data merge entity $(right_hand) {transformation: [-0.123f,0.8367f,-0.5337f,-4.5512f,0.8552f,0.3622f,0.3708f,5.1135f,0.5036f,-0.4108f,-0.7601f,0.5172f,0f,0f,0f,1f],start_interpolation: 0,interpolation_duration: 1}
$data merge entity $(right_forearm) {transformation: [-0.752f,1.1524f,-0.0595f,-2.7866f,0.8413f,0.4989f,-0.9698f,5.7946f,-0.7899f,-0.5658f,-0.9763f,-0.3375f,0f,0f,0f,1f],start_interpolation: 0,interpolation_duration: 1}
$data merge entity $(right_shoulder) {transformation: [-0.1295f,1.4536f,-0.1422f,-0.9837f,1.4211f,0.0924f,-0.349f,5.632f,-0.337f,-0.1687f,-1.417f,-0.4296f,0f,0f,0f,1f],start_interpolation: 0,interpolation_duration: 1}
$data merge entity $(right_arm) {transformation: [-0.9848f,0f,-0.1736f,-0.4298f,-0.0665f,0.9239f,0.3769f,5.9404f,0.1604f,0.3827f,-0.9098f,-0.417f,0f,0f,0f,1f],start_interpolation: 0,interpolation_duration: 1}
$data merge entity $(left_thumb_2) {transformation: [-0.1628f,-0.9783f,0.128f,4.9264f,-0.8744f,0.2031f,0.4406f,5.3237f,-0.457f,-0.0402f,-0.8885f,-0.8368f,0f,0f,0f,1f],start_interpolation: 0,interpolation_duration: 1}
$data merge entity $(left_thumb) {transformation: [-0.1628f,-0.7563f,0.6336f,4.6983f,-0.8744f,0.408f,0.2624f,5.581f,-0.457f,-0.5113f,-0.7278f,-0.9233f,0f,0f,0f,1f],start_interpolation: 0,interpolation_duration: 1}
$data merge entity $(left_fingers2) {transformation: [-0.6334f,0.744f,0.2128f,5.4057f,0.7465f,0.5151f,0.4212f,5.3247f,0.2037f,0.4256f,-0.8817f,-0.9664f,0f,0f,0f,1f],start_interpolation: 0,interpolation_duration: 1}
$data merge entity $(left_fingers) {transformation: [-0.8634f,-0.4574f,0.2128f,5.3013f,-0.3413f,0.8403f,0.4212f,5.5769f,-0.3714f,0.291f,-0.8817f,-0.8794f,0f,0f,0f,1f],start_interpolation: 0,interpolation_duration: 1}
$data merge entity $(left_hand) {transformation: [-0.1628f,-0.9634f,0.2128f,4.7181f,-0.8744f,0.2408f,0.4212f,5.739f,-0.457f,-0.1175f,-0.8817f,-0.9928f,0f,0f,0f,1f],start_interpolation: 0,interpolation_duration: 1}
$data merge entity $(left_forearm) {transformation: [-0.3469f,-1.327f,-0.1257f,2.7007f,-0.9154f,0.3316f,-0.9742f,6.1649f,0.9689f,-0.1619f,-0.9655f,-1.2314f,0f,0f,0f,1f],start_interpolation: 0,interpolation_duration: 1}
$data merge entity $(left_shoulder) {transformation: [0.1709f,-1.4313f,-0.2684f,0.9987f,-1.4183f,-0.1022f,-0.3575f,5.7658f,0.3303f,0.3013f,-1.3964f,-0.7526f,0f,0f,0f,1f],start_interpolation: 0,interpolation_duration: 1}
$data merge entity $(left_arm) {transformation: [-0.9848f,0f,-0.1736f,0.4418f,-0.0665f,0.9239f,0.3769f,5.9992f,0.1604f,0.3827f,-0.9098f,-0.559f,0f,0f,0f,1f],start_interpolation: 0,interpolation_duration: 1}
$data merge entity $(chest) {transformation: [-1.2591f,0f,-0.222f,0f,-0.085f,1.1812f,0.4818f,4.3143f,0.2051f,0.4893f,-1.1633f,-1.2106f,0f,0f,0f,1f],start_interpolation: 0,interpolation_duration: 1}
$data merge entity $(left_cheek) {transformation: [-0.9971f,-0.0765f,0.0035f,0.4143f,-0.0749f,0.9835f,0.165f,3.5143f,-0.016f,0.1642f,-0.9863f,-1.8335f,0f,0f,0f,1f],start_interpolation: 0,interpolation_duration: 1}
$data merge entity $(left_foot) {transformation: [-0.9467f,0.0429f,-0.3835f,1.3707f,0.0356f,1.0214f,0.0262f,-3.4699f,0.3842f,0.0109f,-0.9474f,-2.5876f,0f,0f,0f,1f],start_interpolation: 0,interpolation_duration: 1}
$data merge entity $(left_knee) {transformation: [-2.805f,0.159f,-1.1656f,1.6237f,-0.5308f,2.5185f,1.621f,0.0972f,1.0498f,1.6983f,-2.2947f,-0.3612f,0f,0f,0f,1f],start_interpolation: 0,interpolation_duration: 1}
$data merge entity $(left_leg) {transformation: [-1.5843f,-0.5392f,-0.3883f,0.7054f,-0.2998f,1.476f,-0.8264f,2.4737f,0.5929f,-0.6943f,-1.4553f,-1.4062f,0f,0f,0f,1f],start_interpolation: 0,interpolation_duration: 1}
$data merge entity $(right_cheek) {transformation: [-0.9943f,0.1028f,0.0279f,-0.4173f,0.1018f,0.9941f,-0.0362f,3.5442f,-0.0315f,-0.0332f,-0.999f,-1.8704f,0f,0f,0f,1f],start_interpolation: 0,interpolation_duration: 1}
$data merge entity $(right_foot) {transformation: [-1.0185f,0.0681f,0.0574f,-1.1961f,0.0707f,1.0189f,0.0451f,-3.5292f,-0.0542f,0.0489f,-1.0198f,0.5524f,0f,0f,0f,1f],start_interpolation: 0,interpolation_duration: 1}
$data merge entity $(right_knee) {transformation: [-3.0302f,0.2027f,0.1709f,-0.9956f,0.2103f,3.0315f,0.1342f,0.678f,-0.1614f,0.1455f,-3.034f,0.625f,0f,0f,0f,1f],start_interpolation: 0,interpolation_duration: 1}
$data merge entity $(right_leg) {transformation: [-1.7114f,0.1463f,-0.0321f,-0.6891f,0.1188f,1.1024f,-1.3122f,2.4777f,-0.0912f,-1.3094f,-1.1083f,-1.4365f,0f,0f,0f,1f],start_interpolation: 0,interpolation_duration: 1}
$data merge entity $(weist) {transformation: [-1.6223f,0f,0f,0f,0f,1.6085f,0.2118f,4.1216f,0f,0.2118f,-1.6085f,-1.2769f,0f,0f,0f,1f],start_interpolation: 0,interpolation_duration: 1}
data modify storage animated_java:temp entry.data merge value {"locators":{"consume":{"px":-5.1451451795,"py":4.6691549974,"pz":0.6859535396,"ry":324.9253449808,"rx":21.7658376522}}}
# Data Manager: Prepare for Read / Write
execute store result storage animated_java:temp args.id int 1 run scoreboard players get @s aj.id
# Data Manager: Write
function animated_java:global/data_manager/write with storage animated_java:temp args