# This file was generated by Animated Java via MC-Build. It is not recommended to edit this file directly.
$data merge entity $(neck) {transformation: [-1f,0f,0f,0f,0f,0.887f,0.4617f,6.0316f,0f,0.4617f,-0.887f,-0.3749f,0f,0f,0f,1f],start_interpolation: 0,interpolation_duration: 1}
$data merge entity $(right_thumb_2) {transformation: [-0.3845f,-0.7267f,-0.5693f,-0.1383f,0.242f,0.5158f,-0.8218f,3.7147f,0.8909f,-0.4537f,-0.0225f,0.2242f,0f,0f,0f,1f],start_interpolation: 0,interpolation_duration: 1}
$data merge entity $(right_thumb) {transformation: [-0.3845f,-0.9231f,-0.0093f,-0.4921f,0.242f,-0.091f,-0.966f,3.7349f,0.8909f,-0.3736f,0.2584f,0.2324f,0f,0f,0f,1f],start_interpolation: 0,interpolation_duration: 1}
$data merge entity $(right_fingers2) {transformation: [0.4961f,-0.6555f,-0.5693f,0.0797f,-0.3652f,0.4373f,-0.8218f,3.2312f,0.7877f,0.6156f,-0.0225f,0.5808f,0f,0f,0f,1f],start_interpolation: 0,interpolation_duration: 1}
$data merge entity $(right_fingers) {transformation: [-0.0413f,-0.8211f,-0.5693f,-0.1596f,0.0013f,0.5698f,-0.8218f,3.3875f,0.9991f,-0.0347f,-0.0225f,0.5989f,0f,0f,0f,1f],start_interpolation: 0,interpolation_duration: 1}
$data merge entity $(scout) {transformation: [0f,0f,0f,-0.1848f,0f,0f,0f,3.2801f,0f,0f,0f,0.4183f,0f,0f,0f,1f],start_interpolation: 0,interpolation_duration: 1}
$data merge entity $(right_hand) {transformation: [-0.3845f,-0.7267f,-0.5693f,-0.6292f,0.242f,0.5158f,-0.8218f,3.6668f,0.8909f,-0.4537f,-0.0225f,0.3148f,0f,0f,0f,1f],start_interpolation: 0,interpolation_duration: 1}
$data merge entity $(right_forearm) {transformation: [-0.3387f,-0.5161f,1.2313f,-1.3476f,-1.3062f,0.3908f,-0.1955f,4.3025f,-0.276f,-1.2157f,-0.5856f,-1.5259f,0f,0f,0f,1f],start_interpolation: 0,interpolation_duration: 1}
$data merge entity $(right_shoulder) {transformation: [-1.4042f,0.0365f,-0.4205f,-1.0065f,-0.1885f,1.2527f,0.7382f,5.8441f,0.3777f,0.7611f,-1.195f,-0.6357f,0f,0f,0f,1f],start_interpolation: 0,interpolation_duration: 1}
$data merge entity $(right_arm) {transformation: [-1f,0f,0f,-0.4425f,0f,0.6088f,0.7934f,6.0272f,0f,0.7934f,-0.6088f,-0.411f,0f,0f,0f,1f],start_interpolation: 0,interpolation_duration: 1}
$data merge entity $(left_thumb_2) {transformation: [-0.4608f,0.5527f,0.6944f,0.5698f,-0.4392f,0.5378f,-0.7196f,4.319f,-0.7712f,-0.6366f,-0.005f,0.2929f,0f,0f,0f,1f],start_interpolation: 0,interpolation_duration: 1}
$data merge entity $(left_thumb) {transformation: [-0.4608f,0.8711f,-0.1697f,0.9207f,-0.4392f,-0.39f,-0.8093f,4.27f,-0.7712f,-0.2984f,0.5623f,0.3033f,0f,0f,0f,1f],start_interpolation: 0,interpolation_duration: 1}
$data merge entity $(left_fingers2) {transformation: [0.7867f,0.3821f,0.4848f,0.4001f,0.0053f,0.7811f,-0.6243f,3.7786f,-0.6173f,0.4938f,0.6125f,0.6357f,0f,0f,0f,1f],start_interpolation: 0,interpolation_duration: 1}
$data merge entity $(left_fingers) {transformation: [0.5515f,0.6788f,0.4848f,0.5815f,-0.3253f,0.7102f,-0.6243f,3.9856f,-0.7681f,0.1866f,0.6125f,0.7151f,0f,0f,0f,1f],start_interpolation: 0,interpolation_duration: 1}
$data merge entity $(left_hand) {transformation: [-0.2197f,0.7194f,0.6589f,1.0514f,-0.5252f,0.482f,-0.7013f,4.248f,-0.8221f,-0.5002f,0.272f,0.4158f,0f,0f,0f,1f],start_interpolation: 0,interpolation_duration: 1}
$data merge entity $(left_forearm) {transformation: [-1.0254f,0.7068f,-0.5883f,2.0518f,0.7848f,0.2133f,-1.1116f,4.5615f,-0.4793f,-1.1628f,-0.5616f,-1.3757f,0f,0f,0f,1f],start_interpolation: 0,interpolation_duration: 1}
$data merge entity $(left_shoulder) {transformation: [-1.3006f,-0.6362f,0.2316f,1.0065f,-0.4122f,1.1418f,0.8223f,5.8441f,-0.5371f,0.6643f,-1.1917f,-0.6357f,0f,0f,0f,1f],start_interpolation: 0,interpolation_duration: 1}
$data merge entity $(left_arm) {transformation: [-1f,0f,0f,0.4426f,0f,0.6088f,0.7934f,6.0272f,0f,0.7934f,-0.6088f,-0.411f,0f,0f,0f,1f],start_interpolation: 0,interpolation_duration: 1}
$data merge entity $(chest) {transformation: [-1.2785f,0f,0f,0f,0f,0.7783f,1.0143f,4.9552f,0f,1.0143f,-0.7783f,-1.8649f,0f,0f,0f,1f],start_interpolation: 0,interpolation_duration: 1}
$data merge entity $(left_cheek) {transformation: [-0.995f,-0.0647f,0.0766f,0.4758f,-0.0703f,0.9949f,-0.0722f,4.4249f,-0.0715f,-0.0772f,-0.9944f,-2.7595f,0f,0f,0f,1f],start_interpolation: 0,interpolation_duration: 1}
$data merge entity $(left_foot) {transformation: [-1.0224f,0f,0f,0.6893f,0f,1.0224f,0f,0.746f,0f,0f,-1.0224f,-2.3703f,0f,0f,0f,1f],start_interpolation: 0,interpolation_duration: 1}
$data merge entity $(left_knee) {transformation: [-3.0417f,0f,0f,0.7766f,0f,2.4132f,1.8517f,3.8641f,0f,1.8517f,-2.4132f,-0.1345f,0f,0f,0f,1f],start_interpolation: 0,interpolation_duration: 1}
$data merge entity $(left_leg) {transformation: [-1.718f,0f,0f,0.7052f,0f,-0.1497f,-1.7114f,3.3335f,0f,-1.7114f,0.1497f,-2.4745f,0f,0f,0f,1f],start_interpolation: 0,interpolation_duration: 1}
$data merge entity $(right_cheek) {transformation: [-0.9822f,0.1057f,0.155f,-0.3787f,0.1194f,0.9894f,0.0822f,4.4348f,-0.1447f,0.0992f,-0.9845f,-2.7737f,0f,0f,0f,1f],start_interpolation: 0,interpolation_duration: 1}
$data merge entity $(right_foot) {transformation: [-0.975f,-0.2078f,0.2267f,0.1171f,-0.0001f,0.7537f,0.6908f,1.2436f,-0.3075f,0.6588f,-0.7188f,-4.9918f,0f,0f,0f,1f],start_interpolation: 0,interpolation_duration: 1}
$data merge entity $(right_knee) {transformation: [-2.9009f,-0.9114f,-0.08f,-1.2309f,-0.0002f,-0.2653f,3.0301f,1.0004f,-0.915f,2.8898f,0.253f,-1.0082f,0f,0f,0f,1f],start_interpolation: 0,interpolation_duration: 1}
$data merge entity $(right_leg) {transformation: [-1.6384f,0.2963f,0.4234f,-0.7005f,-0.0001f,1.4073f,-0.9853f,3.2839f,-0.5168f,-0.9397f,-1.3422f,-2.4528f,0f,0f,0f,1f],start_interpolation: 0,interpolation_duration: 1}
$data merge entity $(weist) {transformation: [-1.6223f,0f,0f,0f,0f,1.5671f,0.4199f,4.9504f,0f,0.4199f,-1.5671f,-2.1311f,0f,0f,0f,1f],start_interpolation: 0,interpolation_duration: 1}
data modify storage animated_java:temp entry.data merge value {"locators":{"consume":{"px":-0.0290221322,"py":3.2183685657,"pz":0.4465051369,"ry":272.2581080788,"rx":-55.2647923969}}}
# Data Manager: Prepare for Read / Write
execute store result storage animated_java:temp args.id int 1 run scoreboard players get @s aj.id
# Data Manager: Write
function animated_java:global/data_manager/write with storage animated_java:temp args
execute unless entity @s[tag=aj.transforms_only] run function animated_java:female/variants/skin_2/apply
execute unless entity @s[tag=aj.transforms_only] at @s run function animated_java:female/animations/born/zzz/frames/17_root_function