# This file was generated by Animated Java via MC-Build. It is not recommended to edit this file directly.
$data merge entity $(neck) {transformation: [-1.0006f,-0.0009f,0.0013f,-0.0011f,-0.0003f,0.915f,0.405f,6.0204f,-0.0016f,0.405f,-0.915f,-0.3702f,0f,0f,0f,1f],start_interpolation: 0,interpolation_duration: 1}
$data merge entity $(right_thumb_2) {transformation: [-0.404f,-0.72f,-0.5654f,-0.1433f,0.2633f,0.5006f,-0.8255f,3.7314f,0.8768f,-0.4821f,-0.0127f,0.2572f,0f,0f,0f,1f],start_interpolation: 0,interpolation_duration: 1}
$data merge entity $(right_thumb) {transformation: [-0.404f,-0.9154f,-0.009f,-0.4976f,0.2633f,-0.1067f,-0.9595f,3.7497f,0.8768f,-0.3898f,0.284f,0.2578f,0f,0f,0f,1f],start_interpolation: 0,interpolation_duration: 1}
$data merge entity $(right_fingers2) {transformation: [0.4688f,-0.6787f,-0.5664f,0.0689f,-0.3352f,0.4568f,-0.8248f,3.2567f,0.818f,0.5762f,-0.0133f,0.6331f,0f,0f,0f,1f],start_interpolation: 0,interpolation_duration: 1}
$data merge entity $(right_fingers) {transformation: [-0.0685f,-0.822f,-0.5664f,-0.1715f,0.0309f,0.5658f,-0.8248f,3.4128f,0.9978f,-0.074f,-0.0133f,0.6401f,0f,0f,0f,1f],start_interpolation: 0,interpolation_duration: 1}
$data merge entity $(scout) {transformation: [0f,0f,0f,-0.1925f,0f,0f,0f,3.3007f,0f,0f,0f,0.4616f,0f,0f,0f,1f],start_interpolation: 0,interpolation_duration: 1}
$data merge entity $(right_hand) {transformation: [-0.404f,-0.7192f,-0.5664f,-0.6362f,0.2633f,0.5017f,-0.8248f,3.6832f,0.8768f,-0.482f,-0.0133f,0.339f,0f,0f,0f,1f],start_interpolation: 0,interpolation_duration: 1}
$data merge entity $(right_forearm) {transformation: [-0.3031f,-0.4973f,1.2492f,-1.327f,-1.3169f,0.3678f,-0.1731f,4.2856f,-0.2709f,-1.2317f,-0.5561f,-1.5248f,0f,0f,0f,1f],start_interpolation: 0,interpolation_duration: 1}
$data merge entity $(right_shoulder) {transformation: [-1.4043f,0.0182f,-0.4245f,-1.0081f,-0.206f,1.2529f,0.7352f,5.8309f,0.3716f,0.7633f,-1.1966f,-0.6306f,0f,0f,0f,1f],start_interpolation: 0,interpolation_duration: 1}
$data merge entity $(right_arm) {transformation: [-1.0006f,-0.0007f,-0.0034f,-0.444f,-0.0032f,0.6052f,0.7969f,6.0148f,0.0015f,0.7969f,-0.6052f,-0.4057f,0f,0f,0f,1f],start_interpolation: 0,interpolation_duration: 1}
$data merge entity $(left_thumb_2) {transformation: [-0.4638f,0.5572f,0.6897f,0.5768f,-0.4434f,0.5283f,-0.725f,4.3576f,-0.7678f,-0.6417f,0.0021f,0.2847f,0f,0f,0f,1f],start_interpolation: 0,interpolation_duration: 1}
$data merge entity $(left_thumb) {transformation: [-0.4638f,0.8676f,-0.1831f,0.9272f,-0.4434f,-0.4059f,-0.8f,4.3041f,-0.7678f,-0.2897f,0.5726f,0.2973f,0f,0f,0f,1f],start_interpolation: 0,interpolation_duration: 1}
$data merge entity $(left_fingers2) {transformation: [0.7857f,0.3964f,0.4762f,0.4019f,-0.0224f,0.7867f,-0.6179f,3.8187f,-0.6192f,0.4746f,0.6266f,0.6336f,0f,0f,0f,1f],start_interpolation: 0,interpolation_duration: 1}
$data merge entity $(left_fingers) {transformation: [0.5547f,0.6833f,0.4762f,0.5844f,-0.3425f,0.7086f,-0.6179f,4.0258f,-0.7592f,0.1796f,0.6266f,0.7108f,0f,0f,0f,1f],start_interpolation: 0,interpolation_duration: 1}
$data merge entity $(left_hand) {transformation: [-0.2192f,0.7247f,0.6543f,1.0574f,-0.5331f,0.4729f,-0.7024f,4.2825f,-0.818f,-0.5024f,0.2825f,0.4106f,0f,0f,0f,1f],start_interpolation: 0,interpolation_duration: 1}
$data merge entity $(left_forearm) {transformation: [-1.0169f,0.7058f,-0.6061f,2.0559f,0.7949f,0.1927f,-1.1093f,4.5654f,-0.4833f,-1.168f,-0.5493f,-1.3885f,0f,0f,0f,1f],start_interpolation: 0,interpolation_duration: 1}
$data merge entity $(left_shoulder) {transformation: [-1.301f,-0.64f,0.2245f,1.0062f,-0.4136f,1.1336f,0.8345f,5.8373f,-0.5375f,0.6767f,-1.1856f,-0.6336f,0f,0f,0f,1f],start_interpolation: 0,interpolation_duration: 1}
$data merge entity $(left_arm) {transformation: [-1.0006f,-0.0007f,-0.0034f,0.4416f,-0.0032f,0.6052f,0.7969f,6.0176f,0.0015f,0.7969f,-0.6052f,-0.407f,0f,0f,0f,1f],start_interpolation: 0,interpolation_duration: 1}
$data merge entity $(chest) {transformation: [-1.2794f,-0.0009f,-0.0044f,0f,-0.004f,0.7737f,1.0189f,4.9508f,0.0019f,1.0189f,-0.7737f,-1.8665f,0f,0f,0f,1f],start_interpolation: 0,interpolation_duration: 1}
$data merge entity $(left_cheek) {transformation: [-0.9951f,-0.0664f,0.0809f,0.4727f,-0.0725f,0.9952f,-0.0747f,4.4553f,-0.0755f,-0.0802f,-0.9946f,-2.7275f,0f,0f,0f,1f],start_interpolation: 0,interpolation_duration: 1}
$data merge entity $(left_foot) {transformation: [-1.023f,0.0036f,0.0076f,0.6821f,0.0036f,1.023f,-0.0007f,0.8419f,-0.0077f,-0.0007f,-1.023f,-2.4234f,0f,0f,0f,1f],start_interpolation: 0,interpolation_duration: 1}
$data merge entity $(left_knee) {transformation: [-3.0436f,-0.0052f,0.0182f,0.7637f,0.0071f,2.3991f,1.873f,3.9382f,-0.0176f,1.873f,-2.3991f,-0.1634f,0f,0f,0f,1f],start_interpolation: 0,interpolation_duration: 1}
$data merge entity $(left_leg) {transformation: [-1.719f,0.0094f,-0.0051f,0.7042f,0.004f,-0.1988f,-1.7075f,3.3353f,-0.0099f,-1.7075f,0.1988f,-2.4824f,0f,0f,0f,1f],start_interpolation: 0,interpolation_duration: 1}
$data merge entity $(right_cheek) {transformation: [-0.9821f,0.1073f,0.159f,-0.3767f,0.1215f,0.9898f,0.0825f,4.4384f,-0.1485f,0.1003f,-0.9845f,-2.7834f,0f,0f,0f,1f],start_interpolation: 0,interpolation_duration: 1}
$data merge entity $(right_foot) {transformation: [-0.9744f,-0.2079f,0.2323f,0.1206f,0.0009f,0.7604f,0.6843f,1.2742f,-0.3117f,0.652f,-0.7241f,-5.0004f,0f,0f,0f,1f],start_interpolation: 0,interpolation_duration: 1}
$data merge entity $(right_knee) {transformation: [-2.8991f,-0.9237f,-0.0794f,-1.2442f,0.007f,-0.2825f,3.0305f,1.0074f,-0.9271f,2.8864f,0.2712f,-1.0212f,0f,0f,0f,1f],start_interpolation: 0,interpolation_duration: 1}
$data merge entity $(right_leg) {transformation: [-1.6374f,0.3035f,0.4267f,-0.7024f,0.0039f,1.408f,-0.9862f,3.2919f,-0.5236f,-0.9384f,-1.3418f,-2.4634f,0f,0f,0f,1f],start_interpolation: 0,interpolation_duration: 1}
$data merge entity $(weist) {transformation: [-1.6234f,0.0012f,0.0044f,0f,0.0023f,1.5663f,0.4267f,4.9528f,-0.0039f,0.4267f,-1.5663f,-2.1337f,0f,0f,0f,1f],start_interpolation: 0,interpolation_duration: 1}
data modify storage animated_java:temp entry.data merge value {"locators":{"consume":{"px":-0.0370783617,"py":3.2401714632,"pz":0.4946441264,"ry":271.3487748451,"rx":-55.5113614837}}}
# Data Manager: Prepare for Read / Write
execute store result storage animated_java:temp args.id int 1 run scoreboard players get @s aj.id
# Data Manager: Write
function animated_java:global/data_manager/write with storage animated_java:temp args