# This file was generated by Animated Java via MC-Build. It is not recommended to edit this file directly.
$data merge entity $(neck) {transformation: [-1.0007f,-0.0028f,0.0041f,-0.0036f,-0.001f,0.9176f,0.3994f,6.0156f,-0.0049f,0.3993f,-0.9176f,-0.3798f,0f,0f,0f,1f],start_interpolation: 0,interpolation_duration: 1}
$data merge entity $(right_thumb_2) {transformation: [-0.4461f,-0.7003f,-0.5587f,-0.1593f,0.3035f,0.4691f,-0.8302f,3.7827f,0.8428f,-0.5395f,0.0033f,0.3034f,0f,0f,0f,1f],start_interpolation: 0,interpolation_duration: 1}
$data merge entity $(right_thumb) {transformation: [-0.4461f,-0.8957f,-0.0132f,-0.5134f,0.3035f,-0.1372f,-0.9437f,3.7969f,0.8428f,-0.4246f,0.3328f,0.287f,0f,0f,0f,1f],start_interpolation: 0,interpolation_duration: 1}
$data merge entity $(right_fingers2) {transformation: [0.4053f,-0.7223f,-0.5616f,0.0367f,-0.2737f,0.4904f,-0.8283f,3.327f,0.8731f,0.4891f,0.001f,0.7169f,0f,0f,0f,1f],start_interpolation: 0,interpolation_duration: 1}
$data merge entity $(right_fingers) {transformation: [-0.1282f,-0.8183f,-0.5616f,-0.2042f,0.0881f,0.5546f,-0.8283f,3.4814f,0.9886f,-0.1556f,0.001f,0.7004f,0f,0f,0f,1f],start_interpolation: 0,interpolation_duration: 1}
$data merge entity $(scout) {transformation: [0f,0f,0f,-0.2163f,0f,0f,0f,3.3605f,0f,0f,0f,0.527f,0f,0f,0f,1f],start_interpolation: 0,interpolation_duration: 1}
$data merge entity $(right_hand) {transformation: [-0.4461f,-0.6979f,-0.5616f,-0.6554f,0.3035f,0.4725f,-0.8283f,3.7335f,0.8428f,-0.5395f,0.001f,0.3649f,0f,0f,0f,1f],start_interpolation: 0,interpolation_duration: 1}
$data merge entity $(right_forearm) {transformation: [-0.2312f,-0.4548f,1.2805f,-1.2841f,-1.3339f,0.3238f,-0.1258f,4.2721f,-0.2593f,-1.2602f,-0.4944f,-1.5402f,0f,0f,0f,1f],start_interpolation: 0,interpolation_duration: 1}
$data merge entity $(right_shoulder) {transformation: [-1.4024f,-0.0185f,-0.4313f,-1.0101f,-0.2405f,1.251f,0.7281f,5.8223f,0.3585f,0.7666f,-1.1986f,-0.6392f,0f,0f,0f,1f],start_interpolation: 0,interpolation_duration: 1}
$data merge entity $(right_arm) {transformation: [-1.0007f,-0.0022f,-0.0103f,-0.4465f,-0.0096f,0.5972f,0.8029f,6.0075f,0.0043f,0.803f,-0.5972f,-0.4141f,0f,0f,0f,1f],start_interpolation: 0,interpolation_duration: 1}
$data merge entity $(left_thumb_2) {transformation: [-0.47f,0.5647f,0.6795f,0.5923f,-0.4516f,0.508f,-0.7345f,4.4547f,-0.7593f,-0.6516f,0.0163f,0.2489f,0f,0f,0f,1f],start_interpolation: 0,interpolation_duration: 1}
$data merge entity $(left_thumb) {transformation: [-0.47f,0.8585f,-0.2087f,0.9411f,-0.4516f,-0.4366f,-0.779f,4.3922f,-0.7593f,-0.2716f,0.5925f,0.2657f,0f,0f,0f,1f],start_interpolation: 0,interpolation_duration: 1}
$data merge entity $(left_fingers2) {transformation: [0.7809f,0.4253f,0.4591f,0.4074f,-0.0784f,0.7948f,-0.6029f,3.9198f,-0.6209f,0.4345f,0.6535f,0.6102f,0f,0f,0f,1f],start_interpolation: 0,interpolation_duration: 1}
$data merge entity $(left_fingers) {transformation: [0.5589f,0.6915f,0.4591f,0.5921f,-0.3763f,0.7045f,-0.6029f,4.1267f,-0.7399f,0.1641f,0.6535f,0.6826f,0f,0f,0f,1f],start_interpolation: 0,interpolation_duration: 1}
$data merge entity $(left_hand) {transformation: [-0.2188f,0.7337f,0.6444f,1.0701f,-0.5486f,0.4539f,-0.7031f,4.3717f,-0.8078f,-0.507f,0.303f,0.3805f,0f,0f,0f,1f],start_interpolation: 0,interpolation_duration: 1}
$data merge entity $(left_forearm) {transformation: [-0.9983f,0.7013f,-0.6413f,2.0615f,0.8141f,0.1512f,-1.1019f,4.5932f,-0.4903f,-1.1769f,-0.5238f,-1.4313f,0f,0f,0f,1f],start_interpolation: 0,interpolation_duration: 1}
$data merge entity $(left_shoulder) {transformation: [-1.3002f,-0.6467f,0.2101f,1.0042f,-0.4161f,1.1154f,0.8578f,5.8416f,-0.5378f,0.7005f,-1.1718f,-0.6479f,0f,0f,0f,1f],start_interpolation: 0,interpolation_duration: 1}
$data merge entity $(left_arm) {transformation: [-1.0007f,-0.0022f,-0.0103f,0.4392f,-0.0096f,0.5972f,0.8029f,6.016f,0.0043f,0.803f,-0.5972f,-0.4179f,0f,0f,0f,1f],start_interpolation: 0,interpolation_duration: 1}
$data merge entity $(chest) {transformation: [-1.2794f,-0.0029f,-0.0131f,0f,-0.0122f,0.7635f,1.0266f,4.961f,0.0055f,1.0267f,-0.7635f,-1.8869f,0f,0f,0f,1f],start_interpolation: 0,interpolation_duration: 1}
$data merge entity $(left_cheek) {transformation: [-0.9947f,-0.0619f,0.0899f,0.4776f,-0.0703f,0.9939f,-0.0933f,4.4479f,-0.0835f,-0.0991f,-0.9923f,-2.7698f,0f,0f,0f,1f],start_interpolation: 0,interpolation_duration: 1}
$data merge entity $(left_foot) {transformation: [-1.0228f,0.0112f,0.0228f,0.6694f,0.0112f,1.023f,-0.0022f,1.0554f,-0.0228f,-0.002f,-1.0229f,-2.552f,0f,0f,0f,1f],start_interpolation: 0,interpolation_duration: 1}
$data merge entity $(left_knee) {transformation: [-3.0434f,-0.0159f,0.0546f,0.739f,0.0219f,2.3677f,1.9129f,4.104f,-0.0524f,1.913f,-2.3671f,-0.2469f,0f,0f,0f,1f],start_interpolation: 0,interpolation_duration: 1}
$data merge entity $(left_leg) {transformation: [-1.7189f,0.027f,-0.0173f,0.7012f,0.0124f,-0.2963f,-1.6934f,3.3599f,-0.0296f,-1.6933f,0.296f,-2.5144f,0f,0f,0f,1f],start_interpolation: 0,interpolation_duration: 1}
$data merge entity $(right_cheek) {transformation: [-0.9805f,0.1108f,0.1669f,-0.3721f,0.1259f,0.9893f,0.083f,4.4655f,-0.1558f,0.1023f,-0.9832f,-2.8184f,0f,0f,0f,1f],start_interpolation: 0,interpolation_duration: 1}
$data merge entity $(right_foot) {transformation: [-0.9719f,-0.2073f,0.2434f,0.1271f,0.003f,0.7728f,0.6704f,1.3561f,-0.3197f,0.6376f,-0.7335f,-5.0307f,0f,0f,0f,1f],start_interpolation: 0,interpolation_duration: 1}
$data merge entity $(right_knee) {transformation: [-2.8918f,-0.9469f,-0.0781f,-1.2696f,0.0217f,-0.3162f,3.0274f,1.0431f,-0.9499f,2.8756f,0.3071f,-1.0655f,0f,0f,0f,1f],start_interpolation: 0,interpolation_duration: 1}
$data merge entity $(right_leg) {transformation: [-1.6333f,0.3176f,0.4326f,-0.7056f,0.0123f,1.4076f,-0.987f,3.3265f,-0.5365f,-0.9346f,-1.3395f,-2.5012f,0f,0f,0f,1f],start_interpolation: 0,interpolation_duration: 1}
$data merge entity $(weist) {transformation: [-1.6235f,0.0037f,0.0131f,0f,0.0071f,1.5628f,0.4398f,4.9766f,-0.0116f,0.4399f,-1.5627f,-2.1555f,0f,0f,0f,1f],start_interpolation: 0,interpolation_duration: 1}
data modify storage animated_java:temp entry.data merge value {"locators":{"consume":{"px":-0.0623178209,"py":3.3027555896,"pz":0.5701979742,"ry":269.8962376121,"rx":-55.8612543025}}}
# Data Manager: Prepare for Read / Write
execute store result storage animated_java:temp args.id int 1 run scoreboard players get @s aj.id
# Data Manager: Write
function animated_java:global/data_manager/write with storage animated_java:temp args