# This file was generated by Animated Java via MC-Build. It is not recommended to edit this file directly.
$data merge entity $(neck) {transformation: [-1.0005f,-0.0044f,0.0061f,-0.0055f,-0.0014f,0.9069f,0.4225f,6.0228f,-0.0074f,0.4225f,-0.9069f,-0.3982f,0f,0f,0f,1f],start_interpolation: 0,interpolation_duration: 1}
$data merge entity $(right_thumb_2) {transformation: [-0.48f,-0.6802f,-0.5548f,-0.1766f,0.3314f,0.4451f,-0.8325f,3.8302f,0.8129f,-0.5832f,0.0117f,0.3265f,0f,0f,0f,1f],start_interpolation: 0,interpolation_duration: 1}
$data merge entity $(right_thumb) {transformation: [-0.48f,-0.8776f,-0.0205f,-0.5298f,0.3314f,-0.1595f,-0.9304f,3.8412f,0.8129f,-0.4532f,0.3672f,0.2961f,0f,0f,0f,1f],start_interpolation: 0,interpolation_duration: 1}
$data merge entity $(right_fingers2) {transformation: [0.3503f,-0.7521f,-0.5591f,0.0034f,-0.2272f,0.5109f,-0.8297f,3.3892f,0.9092f,0.4174f,0.008f,0.7671f,0f,0f,0f,1f],start_interpolation: 0,interpolation_duration: 1}
$data merge entity $(right_fingers) {transformation: [-0.1772f,-0.8106f,-0.5591f,-0.2367f,0.1289f,0.5441f,-0.8297f,3.5418f,0.9762f,-0.2189f,0.008f,0.7323f,0f,0f,0f,1f],start_interpolation: 0,interpolation_duration: 1}
$data merge entity $(scout) {transformation: [0f,0f,0f,-0.2416f,0f,0f,0f,3.4148f,0f,0f,0f,0.563f,0f,0f,0f,1f],start_interpolation: 0,interpolation_duration: 1}
$data merge entity $(right_hand) {transformation: [-0.48f,-0.6767f,-0.5591f,-0.6747f,0.3314f,0.4504f,-0.8297f,3.7801f,0.8129f,-0.5832f,0.008f,0.3704f,0f,0f,0f,1f],start_interpolation: 0,interpolation_duration: 1}
$data merge entity $(right_forearm) {transformation: [-0.177f,-0.4192f,1.3007f,-1.2512f,-1.3436f,0.2929f,-0.0884f,4.2739f,-0.2496f,-1.2796f,-0.4463f,-1.5625f,0f,0f,0f,1f],start_interpolation: 0,interpolation_duration: 1}
$data merge entity $(right_shoulder) {transformation: [-1.4f,-0.0463f,-0.4357f,-1.0114f,-0.2661f,1.2486f,0.7226f,5.8266f,0.348f,0.7686f,-1.2f,-0.657f,0f,0f,0f,1f],start_interpolation: 0,interpolation_duration: 1}
$data merge entity $(right_arm) {transformation: [-1.0004f,-0.0034f,-0.0154f,-0.4484f,-0.0144f,0.591f,0.8071f,6.0127f,0.0063f,0.8073f,-0.591f,-0.4317f,0f,0f,0f,1f],start_interpolation: 0,interpolation_duration: 1}
$data merge entity $(left_thumb_2) {transformation: [-0.4751f,0.5693f,0.6716f,0.6057f,-0.4579f,0.4921f,-0.741f,4.5387f,-0.752f,-0.6593f,0.0269f,0.2111f,0f,0f,0f,1f],start_interpolation: 0,interpolation_duration: 1}
$data merge entity $(left_thumb) {transformation: [-0.4751f,0.8507f,-0.2271f,0.953f,-0.4579f,-0.4591f,-0.7619f,4.4696f,-0.752f,-0.2579f,0.6074f,0.231f,0f,0f,0f,1f],start_interpolation: 0,interpolation_duration: 1}
$data merge entity $(left_fingers2) {transformation: [0.7753f,0.4473f,0.4469f,0.4137f,-0.1206f,0.7988f,-0.5902f,4.0075f,-0.6207f,0.4035f,0.6729f,0.582f,0f,0f,0f,1f],start_interpolation: 0,interpolation_duration: 1}
$data merge entity $(left_fingers) {transformation: [0.5609f,0.6976f,0.4469f,0.6f,-0.4015f,0.701f,-0.5902f,4.2142f,-0.7247f,0.1515f,0.6729f,0.6505f,0f,0f,0f,1f],start_interpolation: 0,interpolation_duration: 1}
$data merge entity $(left_hand) {transformation: [-0.2192f,0.7396f,0.6371f,1.0813f,-0.5605f,0.4393f,-0.7028f,4.4501f,-0.7992f,-0.5109f,0.3181f,0.3468f,0f,0f,0f,1f],start_interpolation: 0,interpolation_duration: 1}
$data merge entity $(left_forearm) {transformation: [-0.9838f,0.6964f,-0.6679f,2.0648f,0.8282f,0.1201f,-1.0948f,4.6256f,-0.495f,-1.183f,-0.5043f,-1.4738f,0f,0f,0f,1f],start_interpolation: 0,interpolation_duration: 1}
$data merge entity $(left_shoulder) {transformation: [-1.2992f,-0.6514f,0.1992f,1.0023f,-0.4179f,1.101f,0.8746f,5.8556f,-0.5379f,0.7179f,-1.1607f,-0.6696f,0f,0f,0f,1f],start_interpolation: 0,interpolation_duration: 1}
$data merge entity $(left_arm) {transformation: [-1.0004f,-0.0034f,-0.0154f,0.437f,-0.0144f,0.591f,0.8071f,6.0255f,0.0063f,0.8073f,-0.591f,-0.4372f,0f,0f,0f,1f],start_interpolation: 0,interpolation_duration: 1}
$data merge entity $(chest) {transformation: [-1.279f,-0.0044f,-0.0196f,0f,-0.0184f,0.7556f,1.032f,4.9797f,0.0081f,1.0321f,-0.7556f,-1.9128f,0f,0f,0f,1f],start_interpolation: 0,interpolation_duration: 1}
$data merge entity $(left_cheek) {transformation: [-0.9942f,-0.0571f,0.0963f,0.4788f,-0.0669f,0.9931f,-0.1012f,4.4781f,-0.0898f,-0.107f,-0.9907f,-2.7897f,0f,0f,0f,1f],start_interpolation: 0,interpolation_duration: 1}
$data merge entity $(left_foot) {transformation: [-1.0222f,0.0172f,0.0339f,0.6618f,0.0171f,1.0227f,-0.0035f,1.2257f,-0.034f,-0.0029f,-1.0223f,-2.6636f,0f,0f,0f,1f],start_interpolation: 0,interpolation_duration: 1}
$data merge entity $(left_knee) {transformation: [-3.042f,-0.0241f,0.0817f,0.7223f,0.0336f,2.343f,1.9417f,4.2372f,-0.0783f,1.9419f,-2.3418f,-0.3262f,0f,0f,0f,1f],start_interpolation: 0,interpolation_duration: 1}
$data merge entity $(left_leg) {transformation: [-1.7181f,0.0391f,-0.028f,0.6986f,0.019f,-0.3688f,-1.6787f,3.3899f,-0.0442f,-1.6783f,0.3682f,-2.5487f,0f,0f,0f,1f],start_interpolation: 0,interpolation_duration: 1}
$data merge entity $(right_cheek) {transformation: [-0.979f,0.1132f,0.1724f,-0.3687f,0.1291f,0.9886f,0.0834f,4.4969f,-0.161f,0.1039f,-0.982f,-2.8544f,0f,0f,0f,1f],start_interpolation: 0,interpolation_duration: 1}
$data merge entity $(right_foot) {transformation: [-0.9697f,-0.2065f,0.2517f,0.1317f,0.0048f,0.7818f,0.6596f,1.4334f,-0.3255f,0.6265f,-0.7401f,-5.0615f,0f,0f,0f,1f],start_interpolation: 0,interpolation_duration: 1}
$data merge entity $(right_knee) {transformation: [-2.8855f,-0.9639f,-0.0771f,-1.2884f,0.0332f,-0.3411f,3.0238f,1.0859f,-0.9665f,2.8663f,0.3339f,-1.1086f,0f,0f,0f,1f],start_interpolation: 0,interpolation_duration: 1}
$data merge entity $(right_leg) {transformation: [-1.6297f,0.3282f,0.4366f,-0.7077f,0.0187f,1.4068f,-0.9874f,3.3678f,-0.5458f,-0.9314f,-1.3374f,-2.5389f,0f,0f,0f,1f],start_interpolation: 0,interpolation_duration: 1}
$data merge entity $(weist) {transformation: [-1.623f,0.0056f,0.0196f,0f,0.0109f,1.5596f,0.4495f,5.0055f,-0.0173f,0.4496f,-1.5595f,-2.1821f,0f,0f,0f,1f],start_interpolation: 0,interpolation_duration: 1}
data modify storage animated_java:temp entry.data merge value {"locators":{"consume":{"px":-0.0893556063,"py":3.3591941595,"pz":0.6143211391,"ry":269.1756975483,"rx":-56.0228815135}}}
# Data Manager: Prepare for Read / Write
execute store result storage animated_java:temp args.id int 1 run scoreboard players get @s aj.id
# Data Manager: Write
function animated_java:global/data_manager/write with storage animated_java:temp args