# This file was generated by Animated Java via MC-Build. It is not recommended to edit this file directly.
$data merge entity $(neck) {transformation: [-1.0001f,-0.0041f,0.0052f,-0.0048f,-0.0013f,0.8928f,0.4509f,6.047f,-0.0065f,0.4508f,-0.8928f,-0.4192f,0f,0f,0f,1f],start_interpolation: 0,interpolation_duration: 1}
$data merge entity $(right_thumb_2) {transformation: [-0.4683f,-0.6871f,-0.5558f,-0.1703f,0.3222f,0.4529f,-0.8315f,3.8422f,0.8229f,-0.5683f,0.0092f,0.2915f,0f,0f,0f,1f],start_interpolation: 0,interpolation_duration: 1}
$data merge entity $(right_thumb) {transformation: [-0.4683f,-0.8836f,-0.0177f,-0.5237f,0.3222f,-0.1521f,-0.9346f,3.8542f,0.8229f,-0.4433f,0.3558f,0.2659f,0f,0f,0f,1f],start_interpolation: 0,interpolation_duration: 1}
$data merge entity $(right_fingers2) {transformation: [0.3691f,-0.7422f,-0.5596f,0.0154f,-0.2426f,0.5043f,-0.8289f,3.3964f,0.8973f,0.4417f,0.0061f,0.723f,0f,0f,0f,1f],start_interpolation: 0,interpolation_duration: 1}
$data merge entity $(right_fingers) {transformation: [-0.1604f,-0.8133f,-0.5596f,-0.225f,0.1155f,0.5476f,-0.8289f,3.5496f,0.9804f,-0.1976f,0.0061f,0.6944f,0f,0f,0f,1f],start_interpolation: 0,interpolation_duration: 1}
$data merge entity $(scout) {transformation: [0f,0f,0f,-0.2323f,0f,0f,0f,3.4246f,0f,0f,0f,0.5237f,0f,0f,0f,1f],start_interpolation: 0,interpolation_duration: 1}
$data merge entity $(right_hand) {transformation: [-0.4683f,-0.684f,-0.5596f,-0.6675f,0.3222f,0.4576f,-0.8289f,3.7924f,0.8229f,-0.5684f,0.0061f,0.3414f,0f,0f,0f,1f],start_interpolation: 0,interpolation_duration: 1}
$data merge entity $(right_forearm) {transformation: [-0.1949f,-0.4312f,1.2938f,-1.2617f,-1.3401f,0.3029f,-0.101f,4.3006f,-0.2528f,-1.2728f,-0.4623f,-1.5817f,0f,0f,0f,1f],start_interpolation: 0,interpolation_duration: 1}
$data merge entity $(right_shoulder) {transformation: [-1.4003f,-0.037f,-0.4341f,-1.0106f,-0.2575f,1.2489f,0.7241f,5.8519f,0.3514f,0.7677f,-1.199f,-0.678f,0f,0f,0f,1f],start_interpolation: 0,interpolation_duration: 1}
$data merge entity $(right_arm) {transformation: [-1.0001f,-0.003f,-0.0137f,-0.4476f,-0.0128f,0.5928f,0.8054f,6.0377f,0.0057f,0.8055f,-0.5928f,-0.4529f,0f,0f,0f,1f],start_interpolation: 0,interpolation_duration: 1}
$data merge entity $(left_thumb_2) {transformation: [-0.4732f,0.5676f,0.674f,0.6008f,-0.4556f,0.4972f,-0.7386f,4.538f,-0.7542f,-0.6564f,0.0233f,0.1963f,0f,0f,0f,1f],start_interpolation: 0,interpolation_duration: 1}
$data merge entity $(left_thumb) {transformation: [-0.4732f,0.853f,-0.2209f,0.9485f,-0.4556f,-0.4515f,-0.7674f,4.4711f,-0.7542f,-0.2624f,0.6022f,0.2152f,0f,0f,0f,1f],start_interpolation: 0,interpolation_duration: 1}
$data merge entity $(left_fingers2) {transformation: [0.777f,0.4397f,0.4508f,0.4113f,-0.1064f,0.7973f,-0.5943f,4.0057f,-0.6206f,0.4138f,0.6663f,0.5638f,0f,0f,0f,1f],start_interpolation: 0,interpolation_duration: 1}
$data merge entity $(left_fingers) {transformation: [0.5601f,0.6953f,0.4508f,0.5969f,-0.393f,0.7019f,-0.5943f,4.2124f,-0.7295f,0.1557f,0.6663f,0.6336f,0f,0f,0f,1f],start_interpolation: 0,interpolation_duration: 1}
$data merge entity $(left_hand) {transformation: [-0.2189f,0.7374f,0.6393f,1.077f,-0.5563f,0.444f,-0.7027f,4.4513f,-0.8018f,-0.5093f,0.3129f,0.3306f,0f,0f,0f,1f],start_interpolation: 0,interpolation_duration: 1}
$data merge entity $(left_forearm) {transformation: [-0.9883f,0.6979f,-0.6588f,2.0629f,0.8232f,0.1304f,-1.0968f,4.642f,-0.4933f,-1.1805f,-0.5106f,-1.4863f,0f,0f,0f,1f],start_interpolation: 0,interpolation_duration: 1}
$data merge entity $(left_shoulder) {transformation: [-1.299f,-0.6496f,0.2028f,1.0025f,-0.4172f,1.1054f,0.8687f,5.8776f,-0.5377f,0.7118f,-1.1639f,-0.6894f,0f,0f,0f,1f],start_interpolation: 0,interpolation_duration: 1}
$data merge entity $(left_arm) {transformation: [-1.0001f,-0.003f,-0.0137f,0.4376f,-0.0128f,0.5928f,0.8054f,6.049f,0.0057f,0.8055f,-0.5928f,-0.4579f,0f,0f,0f,1f],start_interpolation: 0,interpolation_duration: 1}
$data merge entity $(chest) {transformation: [-1.2786f,-0.0039f,-0.0175f,0f,-0.0164f,0.758f,1.0298f,5.0005f,0.0072f,1.0299f,-0.7579f,-1.9307f,0f,0f,0f,1f],start_interpolation: 0,interpolation_duration: 1}
$data merge entity $(left_cheek) {transformation: [-0.994f,-0.0591f,0.0933f,0.4831f,-0.0659f,0.9954f,-0.0715f,4.4793f,-0.0886f,-0.0772f,-0.9932f,-2.8057f,0f,0f,0f,1f],start_interpolation: 0,interpolation_duration: 1}
$data merge entity $(left_foot) {transformation: [-1.022f,0.0152f,0.0302f,0.6639f,0.0151f,1.0224f,-0.003f,1.1977f,-0.0303f,-0.0026f,-1.0221f,-2.6521f,0f,0f,0f,1f],start_interpolation: 0,interpolation_duration: 1}
$data merge entity $(left_knee) {transformation: [-3.0413f,-0.0213f,0.0727f,0.7274f,0.0296f,2.3503f,1.9314f,4.2204f,-0.0697f,1.9315f,-2.3494f,-0.3263f,0f,0f,0f,1f],start_interpolation: 0,interpolation_duration: 1}
$data merge entity $(left_leg) {transformation: [-1.7177f,0.0352f,-0.0243f,0.6992f,0.0167f,-0.3445f,-1.6833f,3.4076f,-0.0394f,-1.683f,0.3441f,-2.5635f,0f,0f,0f,1f],start_interpolation: 0,interpolation_duration: 1}
$data merge entity $(right_cheek) {transformation: [-0.9793f,0.1114f,0.1699f,-0.3701f,0.127f,0.9885f,0.0838f,4.5131f,-0.1586f,0.1036f,-0.9821f,-2.8677f,0f,0f,0f,1f],start_interpolation: 0,interpolation_duration: 1}
$data merge entity $(right_foot) {transformation: [-0.97f,-0.2067f,0.2488f,0.1304f,0.0042f,0.7785f,0.663f,1.4491f,-0.3235f,0.6299f,-0.7377f,-5.0738f,0f,0f,0f,1f],start_interpolation: 0,interpolation_duration: 1}
$data merge entity $(right_knee) {transformation: [-2.8864f,-0.9579f,-0.0774f,-1.2813f,0.0293f,-0.3327f,3.0238f,1.1133f,-0.9606f,2.8683f,0.3249f,-1.1184f,0f,0f,0f,1f],start_interpolation: 0,interpolation_duration: 1}
$data merge entity $(right_leg) {transformation: [-1.6303f,0.3245f,0.4351f,-0.7064f,0.0166f,1.4065f,-0.9868f,3.3948f,-0.5425f,-0.9321f,-1.3376f,-2.5499f,0f,0f,0f,1f],start_interpolation: 0,interpolation_duration: 1}
$data merge entity $(weist) {transformation: [-1.6225f,0.005f,0.0174f,0f,0.0096f,1.56f,0.4461f,5.0229f,-0.0154f,0.4462f,-1.56f,-2.1997f,0f,0f,0f,1f],start_interpolation: 0,interpolation_duration: 1}
data modify storage animated_java:temp entry.data merge value {"locators":{"consume":{"px":-0.0795350136,"py":3.3683244904,"pz":0.5722773408,"ry":269.3780896321,"rx":-55.9770571933}}}
# Data Manager: Prepare for Read / Write
execute store result storage animated_java:temp args.id int 1 run scoreboard players get @s aj.id
# Data Manager: Write
function animated_java:global/data_manager/write with storage animated_java:temp args
execute unless entity @s[tag=aj.transforms_only] run function animated_java:female/variants/skin_1/apply
execute unless entity @s[tag=aj.transforms_only] at @s run function animated_java:female/animations/born/zzz/frames/21_root_function