# This file was generated by Animated Java via MC-Build. It is not recommended to edit this file directly.
$data merge entity $(neck) {transformation: [-1f,0f,0f,0f,0f,0.887f,0.4617f,6.0941f,0f,0.4617f,-0.887f,-0.4374f,0f,0f,0f,1f],start_interpolation: 0,interpolation_duration: 1}
$data merge entity $(right_thumb_2) {transformation: [-0.3845f,-0.7267f,-0.5693f,-0.1383f,0.242f,0.5158f,-0.8218f,3.7772f,0.8909f,-0.4537f,-0.0225f,0.1617f,0f,0f,0f,1f],start_interpolation: 0,interpolation_duration: 1}
$data merge entity $(right_thumb) {transformation: [-0.3845f,-0.9231f,-0.0093f,-0.4921f,0.242f,-0.091f,-0.966f,3.7974f,0.8909f,-0.3736f,0.2584f,0.1699f,0f,0f,0f,1f],start_interpolation: 0,interpolation_duration: 1}
$data merge entity $(right_fingers2) {transformation: [0.4961f,-0.6555f,-0.5693f,0.0797f,-0.3652f,0.4373f,-0.8218f,3.2937f,0.7877f,0.6156f,-0.0225f,0.5183f,0f,0f,0f,1f],start_interpolation: 0,interpolation_duration: 1}
$data merge entity $(right_fingers) {transformation: [-0.0413f,-0.8211f,-0.5693f,-0.1596f,0.0013f,0.5698f,-0.8218f,3.45f,0.9991f,-0.0347f,-0.0225f,0.5364f,0f,0f,0f,1f],start_interpolation: 0,interpolation_duration: 1}
$data merge entity $(scout) {transformation: [0f,0f,0f,-0.1848f,0f,0f,0f,3.3426f,0f,0f,0f,0.3558f,0f,0f,0f,1f],start_interpolation: 0,interpolation_duration: 1}
$data merge entity $(right_hand) {transformation: [-0.3845f,-0.7267f,-0.5693f,-0.6292f,0.242f,0.5158f,-0.8218f,3.7293f,0.8909f,-0.4537f,-0.0225f,0.2523f,0f,0f,0f,1f],start_interpolation: 0,interpolation_duration: 1}
$data merge entity $(right_forearm) {transformation: [-0.3387f,-0.5161f,1.2313f,-1.3476f,-1.3062f,0.3908f,-0.1955f,4.365f,-0.276f,-1.2157f,-0.5856f,-1.5884f,0f,0f,0f,1f],start_interpolation: 0,interpolation_duration: 1}
$data merge entity $(right_shoulder) {transformation: [-1.4042f,0.0365f,-0.4205f,-1.0065f,-0.1885f,1.2527f,0.7382f,5.9066f,0.3777f,0.7611f,-1.195f,-0.6982f,0f,0f,0f,1f],start_interpolation: 0,interpolation_duration: 1}
$data merge entity $(right_arm) {transformation: [-1f,0f,0f,-0.4425f,0f,0.6088f,0.7934f,6.0897f,0f,0.7934f,-0.6088f,-0.4735f,0f,0f,0f,1f],start_interpolation: 0,interpolation_duration: 1}
$data merge entity $(left_thumb_2) {transformation: [-0.4608f,0.5527f,0.6944f,0.5698f,-0.4392f,0.5378f,-0.7196f,4.3815f,-0.7712f,-0.6366f,-0.005f,0.2304f,0f,0f,0f,1f],start_interpolation: 0,interpolation_duration: 1}
$data merge entity $(left_thumb) {transformation: [-0.4608f,0.8711f,-0.1697f,0.9207f,-0.4392f,-0.39f,-0.8093f,4.3325f,-0.7712f,-0.2984f,0.5623f,0.2408f,0f,0f,0f,1f],start_interpolation: 0,interpolation_duration: 1}
$data merge entity $(left_fingers2) {transformation: [0.7867f,0.3821f,0.4848f,0.4001f,0.0053f,0.7811f,-0.6243f,3.8411f,-0.6173f,0.4938f,0.6125f,0.5732f,0f,0f,0f,1f],start_interpolation: 0,interpolation_duration: 1}
$data merge entity $(left_fingers) {transformation: [0.5515f,0.6788f,0.4848f,0.5815f,-0.3253f,0.7102f,-0.6243f,4.0481f,-0.7681f,0.1866f,0.6125f,0.6526f,0f,0f,0f,1f],start_interpolation: 0,interpolation_duration: 1}
$data merge entity $(left_hand) {transformation: [-0.2197f,0.7194f,0.6589f,1.0514f,-0.5252f,0.482f,-0.7013f,4.3105f,-0.8221f,-0.5002f,0.272f,0.3533f,0f,0f,0f,1f],start_interpolation: 0,interpolation_duration: 1}
$data merge entity $(left_forearm) {transformation: [-1.0254f,0.7068f,-0.5883f,2.0518f,0.7848f,0.2133f,-1.1116f,4.624f,-0.4793f,-1.1628f,-0.5616f,-1.4382f,0f,0f,0f,1f],start_interpolation: 0,interpolation_duration: 1}
$data merge entity $(left_shoulder) {transformation: [-1.3006f,-0.6362f,0.2316f,1.0065f,-0.4122f,1.1418f,0.8223f,5.9066f,-0.5371f,0.6643f,-1.1917f,-0.6982f,0f,0f,0f,1f],start_interpolation: 0,interpolation_duration: 1}
$data merge entity $(left_arm) {transformation: [-1f,0f,0f,0.4426f,0f,0.6088f,0.7934f,6.0897f,0f,0.7934f,-0.6088f,-0.4735f,0f,0f,0f,1f],start_interpolation: 0,interpolation_duration: 1}
$data merge entity $(chest) {transformation: [-1.2785f,0f,0f,0f,0f,0.7783f,1.0143f,5.0177f,0f,1.0143f,-0.7783f,-1.9274f,0f,0f,0f,1f],start_interpolation: 0,interpolation_duration: 1}
$data merge entity $(left_cheek) {transformation: [-0.995f,-0.0647f,0.0766f,0.4758f,-0.0703f,0.9949f,-0.0722f,4.4874f,-0.0715f,-0.0772f,-0.9944f,-2.822f,0f,0f,0f,1f],start_interpolation: 0,interpolation_duration: 1}
$data merge entity $(left_foot) {transformation: [-1.0224f,0f,0f,0.6893f,0f,1.0224f,0f,0.8085f,0f,0f,-1.0224f,-2.4328f,0f,0f,0f,1f],start_interpolation: 0,interpolation_duration: 1}
$data merge entity $(left_knee) {transformation: [-3.0417f,0f,0f,0.7766f,0f,2.4132f,1.8517f,3.9266f,0f,1.8517f,-2.4132f,-0.197f,0f,0f,0f,1f],start_interpolation: 0,interpolation_duration: 1}
$data merge entity $(left_leg) {transformation: [-1.718f,0f,0f,0.7052f,0f,-0.1497f,-1.7114f,3.396f,0f,-1.7114f,0.1497f,-2.537f,0f,0f,0f,1f],start_interpolation: 0,interpolation_duration: 1}
$data merge entity $(right_cheek) {transformation: [-0.9829f,0.1026f,0.1529f,-0.3797f,0.1164f,0.9897f,0.0839f,4.4954f,-0.1428f,0.1002f,-0.9847f,-2.8343f,0f,0f,0f,1f],start_interpolation: 0,interpolation_duration: 1}
$data merge entity $(right_foot) {transformation: [-0.975f,-0.2078f,0.2267f,0.1178f,-0.0001f,0.7537f,0.6908f,1.3478f,-0.3075f,0.6588f,-0.7188f,-5.0463f,0f,0f,0f,1f],start_interpolation: 0,interpolation_duration: 1}
$data merge entity $(right_knee) {transformation: [-2.9009f,-0.9114f,-0.08f,-1.2302f,-0.0002f,-0.2653f,3.0301f,1.1045f,-0.915f,2.8898f,0.253f,-1.0627f,0f,0f,0f,1f],start_interpolation: 0,interpolation_duration: 1}
$data merge entity $(right_leg) {transformation: [-1.6384f,0.2963f,0.4234f,-0.6997f,-0.0001f,1.4073f,-0.9853f,3.3881f,-0.5168f,-0.9397f,-1.3422f,-2.5072f,0f,0f,0f,1f],start_interpolation: 0,interpolation_duration: 1}
$data merge entity $(weist) {transformation: [-1.6223f,0f,0f,0f,0f,1.5671f,0.4199f,5.0129f,0f,0.4199f,-1.5671f,-2.1936f,0f,0f,0f,1f],start_interpolation: 0,interpolation_duration: 1}
data modify storage animated_java:temp entry.data merge value {"locators":{"consume":{"px":-0.0290221322,"py":3.2808685657,"pz":0.3840051369,"ry":272.2581080788,"rx":-55.2647923969}}}
# Data Manager: Prepare for Read / Write
execute store result storage animated_java:temp args.id int 1 run scoreboard players get @s aj.id
# Data Manager: Write
function animated_java:global/data_manager/write with storage animated_java:temp args