# This file was generated by Animated Java via MC-Build. It is not recommended to edit this file directly.
$data merge entity $(neck) {transformation: [-1f,0.0043f,-0.0051f,0.0044f,0.0013f,0.8801f,0.4749f,6.1042f,0.0066f,0.4749f,-0.88f,-0.4537f,0f,0f,0f,1f],start_interpolation: 0,interpolation_duration: 1}
$data merge entity $(right_thumb_2) {transformation: [-0.3366f,-0.7254f,-0.6004f,-0.1812f,0.1921f,0.5713f,-0.798f,3.7017f,0.9218f,-0.384f,-0.053f,0.042f,0f,0f,0f,1f],start_interpolation: 0,interpolation_duration: 1}
$data merge entity $(right_thumb) {transformation: [-0.3366f,-0.9409f,-0.0373f,-0.5332f,0.1921f,-0.0298f,-0.9809f,3.7344f,0.9218f,-0.3374f,0.1908f,0.0675f,0f,0f,0f,1f],start_interpolation: 0,interpolation_duration: 1}
$data merge entity $(right_fingers2) {transformation: [0.5388f,-0.5931f,-0.5983f,0.0347f,-0.4494f,0.3984f,-0.7996f,3.1903f,0.7126f,0.6997f,-0.0519f,0.3501f,0f,0f,0f,1f],start_interpolation: 0,interpolation_duration: 1}
$data merge entity $(right_fingers) {transformation: [0.0146f,-0.8011f,-0.5983f,-0.1975f,-0.0756f,0.5958f,-0.7996f,3.3521f,0.997f,0.0569f,-0.0519f,0.3941f,0f,0f,0f,1f],start_interpolation: 0,interpolation_duration: 1}
$data merge entity $(scout) {transformation: [0f,0f,0f,-0.2343f,0f,0f,0f,3.2582f,0f,0f,0f,0.2079f,0f,0f,0f,1f],start_interpolation: 0,interpolation_duration: 1}
$data merge entity $(right_hand) {transformation: [-0.3366f,-0.7271f,-0.5983f,-0.6689f,0.1921f,0.569f,-0.7996f,3.6652f,0.9218f,-0.3841f,-0.0519f,0.1512f,0f,0f,0f,1f],start_interpolation: 0,interpolation_duration: 1}
$data merge entity $(right_forearm) {transformation: [-0.4448f,-0.5492f,1.1822f,-1.4344f,-1.2681f,0.4718f,-0.2579f,4.4191f,-0.3022f,-1.1717f,-0.658f,-1.6247f,0f,0f,0f,1f],start_interpolation: 0,interpolation_duration: 1}
$data merge entity $(right_shoulder) {transformation: [-1.4052f,0.1111f,-0.4038f,-1.0027f,-0.1245f,1.239f,0.7741f,5.93f,0.3998f,0.7761f,-1.178f,-0.7212f,0f,0f,0f,1f],start_interpolation: 0,interpolation_duration: 1}
$data merge entity $(right_arm) {transformation: [-0.9999f,0.0028f,0.0147f,-0.4379f,0.0134f,0.6092f,0.7929f,6.1056f,-0.0067f,0.793f,-0.6092f,-0.4928f,0f,0f,0f,1f],start_interpolation: 0,interpolation_duration: 1}
$data merge entity $(left_thumb_2) {transformation: [-0.4548f,0.5545f,0.6969f,0.5353f,-0.428f,0.5502f,-0.7171f,4.2911f,-0.781f,-0.6244f,-0.0129f,0.2421f,0f,0f,0f,1f],start_interpolation: 0,interpolation_duration: 1}
$data merge entity $(left_thumb) {transformation: [-0.4548f,0.8769f,-0.1553f,0.8871f,-0.428f,-0.3681f,-0.8254f,4.2478f,-0.781f,-0.3089f,0.5427f,0.2509f,0f,0f,0f,1f],start_interpolation: 0,interpolation_duration: 1}
$data merge entity $(left_fingers2) {transformation: [0.7933f,0.3589f,0.4918f,0.3677f,0.051f,0.7658f,-0.641f,3.7501f,-0.6067f,0.5336f,0.5892f,0.5732f,0f,0f,0f,1f],start_interpolation: 0,interpolation_duration: 1}
$data merge entity $(left_fingers) {transformation: [0.5475f,0.677f,0.4918f,0.5488f,-0.2985f,0.7071f,-0.641f,3.9553f,-0.7817f,0.2042f,0.5892f,0.6578f,0f,0f,0f,1f],start_interpolation: 0,interpolation_duration: 1}
$data merge entity $(left_hand) {transformation: [-0.221f,0.7181f,0.6599f,1.0179f,-0.5095f,0.4919f,-0.706f,4.2237f,-0.8316f,-0.4923f,0.2572f,0.3627f,0f,0f,0f,1f],start_interpolation: 0,interpolation_duration: 1}
$data merge entity $(left_forearm) {transformation: [-1.0315f,0.7198f,-0.5613f,2.0387f,0.776f,0.2456f,-1.1111f,4.5853f,-0.4806f,-1.1483f,-0.5894f,-1.4081f,0f,0f,0f,1f],start_interpolation: 0,interpolation_duration: 1}
$data merge entity $(left_shoulder) {transformation: [-1.3015f,-0.6216f,0.264f,1.01f,-0.3965f,1.1673f,0.7937f,5.9031f,-0.5466f,0.6331f,-1.2042f,-0.7076f,0f,0f,0f,1f],start_interpolation: 0,interpolation_duration: 1}
$data merge entity $(left_arm) {transformation: [-0.9999f,0.0028f,0.0147f,0.4471f,0.0134f,0.6092f,0.7929f,6.0938f,-0.0067f,0.793f,-0.6092f,-0.4869f,0f,0f,0f,1f],start_interpolation: 0,interpolation_duration: 1}
$data merge entity $(chest) {transformation: [-1.2784f,0.0036f,0.0188f,0f,0.0171f,0.7789f,1.0137f,5.0269f,-0.0086f,1.0139f,-0.7789f,-1.9431f,0f,0f,0f,1f],start_interpolation: 0,interpolation_duration: 1}
$data merge entity $(left_cheek) {transformation: [-0.9955f,-0.0692f,0.0653f,0.471f,-0.0732f,0.9955f,-0.061f,4.4626f,-0.0608f,-0.0655f,-0.996f,-2.8369f,0f,0f,0f,1f],start_interpolation: 0,interpolation_duration: 1}
$data merge entity $(left_foot) {transformation: [-1.0222f,-0.007f,-0.0156f,0.7068f,-0.007f,1.0223f,0.0014f,0.6087f,0.0156f,0.0015f,-1.0223f,-2.3513f,0f,0f,0f,1f],start_interpolation: 0,interpolation_duration: 1}
$data merge entity $(left_knee) {transformation: [-3.0415f,0.0103f,-0.0368f,0.8056f,-0.0137f,2.4441f,1.8106f,3.7742f,0.0357f,1.8106f,-2.4439f,-0.1624f,0f,0f,0f,1f],start_interpolation: 0,interpolation_duration: 1}
$data merge entity $(left_leg) {transformation: [-1.7178f,-0.0199f,0.0083f,0.7079f,-0.0077f,-0.0509f,-1.7172f,3.3907f,0.0201f,-1.7171f,0.0508f,-2.5405f,0f,0f,0f,1f],start_interpolation: 0,interpolation_duration: 1}
$data merge entity $(right_cheek) {transformation: [-0.986f,0.0927f,0.1389f,-0.387f,0.1056f,0.9904f,0.0891f,4.4862f,-0.1293f,0.1025f,-0.9863f,-2.8295f,0f,0f,0f,1f],start_interpolation: 0,interpolation_duration: 1}
$data merge entity $(right_foot) {transformation: [-0.9779f,-0.2046f,0.2169f,0.11f,-0.0016f,0.7475f,0.6975f,1.3222f,-0.2982f,0.6668f,-0.7154f,-5.0438f,0f,0f,0f,1f],start_interpolation: 0,interpolation_duration: 1}
$data merge entity $(right_knee) {transformation: [-2.9093f,-0.8848f,-0.072f,-1.2011f,-0.0134f,-0.2028f,3.0349f,1.1653f,-0.8876f,2.9031f,0.1901f,-1.0435f,0f,0f,0f,1f],start_interpolation: 0,interpolation_duration: 1}
$data merge entity $(right_leg) {transformation: [-1.6432f,0.2805f,0.4156f,-0.6955f,-0.0076f,1.4099f,-0.9816f,3.4531f,-0.5013f,-0.9407f,-1.3473f,-2.4902f,0f,0f,0f,1f],start_interpolation: 0,interpolation_duration: 1}
$data merge entity $(weist) {transformation: [-1.6223f,-0.0023f,-0.0088f,0f,-0.0044f,1.5705f,0.4066f,5.0085f,0.008f,0.4067f,-1.5705f,-2.2072f,0f,0f,0f,1f],start_interpolation: 0,interpolation_duration: 1}
data modify storage animated_java:temp entry.data merge value {"locators":{"consume":{"px":-0.0797222259,"py":3.1897123947,"pz":0.2247334919,"ry":274.9555319817,"rx":-53.0901405993}}}
# Data Manager: Prepare for Read / Write
execute store result storage animated_java:temp args.id int 1 run scoreboard players get @s aj.id
# Data Manager: Write
function animated_java:global/data_manager/write with storage animated_java:temp args