# This file was generated by Animated Java via MC-Build. It is not recommended to edit this file directly.
$data merge entity $(neck) {transformation: [-0.9999f,0.0099f,-0.0119f,0.009f,0.0027f,0.868f,0.4965f,6.1101f,0.0152f,0.4964f,-0.8679f,-0.4743f,0f,0f,0f,1f],start_interpolation: 0,interpolation_duration: 1}
$data merge entity $(right_thumb_2) {transformation: [-0.2857f,-0.7064f,-0.6475f,-0.2707f,0.1211f,0.6437f,-0.7557f,3.5967f,0.9506f,-0.2943f,-0.0983f,-0.1272f,0f,0f,0f,1f],start_interpolation: 0,interpolation_duration: 1}
$data merge entity $(right_thumb) {transformation: [-0.2857f,-0.9541f,-0.0897f,-0.6188f,0.1211f,0.0569f,-0.991f,3.647f,0.9506f,-0.294f,0.0993f,-0.0822f,0f,0f,0f,1f],start_interpolation: 0,interpolation_duration: 1}
$data merge entity $(right_fingers2) {transformation: [0.5675f,-0.5142f,-0.643f,-0.0707f,-0.5573f,0.335f,-0.7597f,3.0518f,0.6061f,0.7895f,-0.0965f,0.1163f,0f,0f,0f,1f],start_interpolation: 0,interpolation_duration: 1}
$data merge entity $(right_fingers) {transformation: [0.068f,-0.7628f,-0.643f,-0.2909f,-0.1821f,0.6242f,-0.7597f,3.219f,0.9809f,0.1688f,-0.0965f,0.1914f,0f,0f,0f,1f],start_interpolation: 0,interpolation_duration: 1}
$data merge entity $(scout) {transformation: [0f,0f,0f,-0.3407f,0f,0f,0f,3.1452f,0f,0f,0f,-0.0007f,0f,0f,0f,1f],start_interpolation: 0,interpolation_duration: 1}
$data merge entity $(right_hand) {transformation: [-0.2857f,-0.7105f,-0.643f,-0.7543f,0.1211f,0.6389f,-0.7597f,3.5772f,0.9506f,-0.2949f,-0.0965f,0.0012f,0f,0f,0f,1f],start_interpolation: 0,interpolation_duration: 1}
$data merge entity $(right_forearm) {transformation: [-0.5835f,-0.5735f,1.1081f,-1.5534f,-1.2017f,0.5872f,-0.3289f,4.4995f,-0.3355f,-1.1061f,-0.7491f,-1.6779f,0f,0f,0f,1f],start_interpolation: 0,interpolation_duration: 1}
$data merge entity $(right_shoulder) {transformation: [-1.4011f,0.2137f,-0.3755f,-0.9983f,-0.0369f,1.2105f,0.8265f,5.9562f,0.4304f,0.7993f,-1.1514f,-0.7531f,0f,0f,0f,1f],start_interpolation: 0,interpolation_duration: 1}
$data merge entity $(right_arm) {transformation: [-0.9993f,0.006f,0.0362f,-0.4327f,0.0324f,0.6057f,0.795f,6.1201f,-0.0172f,0.7957f,-0.6055f,-0.518f,0f,0f,0f,1f],start_interpolation: 0,interpolation_duration: 1}
$data merge entity $(left_thumb_2) {transformation: [-0.4464f,0.5607f,0.6974f,0.4804f,-0.4136f,0.5618f,-0.7164f,4.1746f,-0.7935f,-0.6083f,-0.0189f,0.2576f,0f,0f,0f,1f],start_interpolation: 0,interpolation_duration: 1}
$data merge entity $(left_thumb) {transformation: [-0.4464f,0.8835f,-0.1418f,0.8328f,-0.4136f,-0.3443f,-0.8428f,4.1371f,-0.7935f,-0.3176f,0.5191f,0.2657f,0f,0f,0f,1f],start_interpolation: 0,interpolation_duration: 1}
$data merge entity $(left_fingers2) {transformation: [0.8025f,0.3308f,0.4965f,0.3123f,0.1029f,0.743f,-0.6613f,3.6345f,-0.5877f,0.5818f,0.5622f,0.5749f,0f,0f,0f,1f],start_interpolation: 0,interpolation_duration: 1}
$data merge entity $(left_fingers) {transformation: [0.5437f,0.6766f,0.4965f,0.4934f,-0.268f,0.7006f,-0.6613f,3.8369f,-0.7953f,0.2265f,0.5622f,0.666f,0f,0f,0f,1f],start_interpolation: 0,interpolation_duration: 1}
$data merge entity $(left_hand) {transformation: [-0.2221f,0.7199f,0.6576f,0.9635f,-0.4907f,0.5003f,-0.7134f,4.1102f,-0.8426f,-0.4811f,0.2421f,0.377f,0f,0f,0f,1f],start_interpolation: 0,interpolation_duration: 1}
$data merge entity $(left_forearm) {transformation: [-1.0335f,0.7403f,-0.5299f,2.0162f,0.7693f,0.2814f,-1.1073f,4.5257f,-0.4869f,-1.1269f,-0.6247f,-1.363f,0f,0f,0f,1f],start_interpolation: 0,interpolation_duration: 1}
$data merge entity $(left_shoulder) {transformation: [-1.3012f,-0.5992f,0.3126f,1.0133f,-0.372f,1.2012f,0.754f,5.891f,-0.5642f,0.5898f,-1.218f,-0.7184f,0f,0f,0f,1f],start_interpolation: 0,interpolation_duration: 1}
$data merge entity $(left_arm) {transformation: [-0.9993f,0.006f,0.0362f,0.4518f,0.0324f,0.6057f,0.795f,6.0914f,-0.0172f,0.7957f,-0.6055f,-0.5028f,0f,0f,0f,1f],start_interpolation: 0,interpolation_duration: 1}
$data merge entity $(chest) {transformation: [-1.2777f,0.0076f,0.0463f,0f,0.0415f,0.7744f,1.0165f,5.0394f,-0.022f,1.0173f,-0.7741f,-1.9683f,0f,0f,0f,1f],start_interpolation: 0,interpolation_duration: 1}
$data merge entity $(left_cheek) {transformation: [-0.996f,-0.074f,0.0506f,0.4646f,-0.0762f,0.9962f,-0.0423f,4.435f,-0.0473f,-0.0459f,-0.9978f,-2.8675f,0f,0f,0f,1f],start_interpolation: 0,interpolation_duration: 1}
$data merge entity $(left_foot) {transformation: [-1.0216f,-0.0151f,-0.0354f,0.7324f,-0.0152f,1.0223f,0.003f,0.3562f,0.0354f,0.0035f,-1.0218f,-2.2662f,0f,0f,0f,1f],start_interpolation: 0,interpolation_duration: 1}
$data merge entity $(left_knee) {transformation: [-3.0405f,0.0226f,-0.0832f,0.845f,-0.0296f,2.482f,1.758f,3.5804f,0.081f,1.7582f,-2.4808f,-0.1377f,0f,0f,0f,1f],start_interpolation: 0,interpolation_duration: 1}
$data merge entity $(left_leg) {transformation: [-1.7173f,-0.0464f,0.0148f,0.7112f,-0.0167f,0.0732f,-1.7163f,3.3851f,0.0457f,-1.7158f,-0.0737f,-2.55f,0f,0f,0f,1f],start_interpolation: 0,interpolation_duration: 1}
$data merge entity $(right_cheek) {transformation: [-0.9897f,0.0793f,0.1196f,-0.3959f,0.091f,0.9913f,0.0955f,4.4761f,-0.1109f,0.1054f,-0.9882f,-2.8306f,0f,0f,0f,1f],start_interpolation: 0,interpolation_duration: 1}
$data merge entity $(right_foot) {transformation: [-0.9815f,-0.2017f,0.2031f,0.0971f,-0.0033f,0.7331f,0.7126f,1.3478f,-0.2862f,0.6834f,-0.7044f,-5.0393f,0f,0f,0f,1f],start_interpolation: 0,interpolation_duration: 1}
$data merge entity $(right_knee) {transformation: [-2.9197f,-0.85f,-0.0704f,-1.166f,-0.029f,-0.1522f,3.0378f,1.2605f,-0.8524f,2.9166f,0.138f,-1.0215f,0f,0f,0f,1f],start_interpolation: 0,interpolation_duration: 1}
$data merge entity $(right_leg) {transformation: [-1.649f,0.2613f,0.4046f,-0.6905f,-0.0164f,1.4119f,-0.9786f,3.5519f,-0.4814f,-0.9432f,-1.3528f,-2.4728f,0f,0f,0f,1f],start_interpolation: 0,interpolation_duration: 1}
$data merge entity $(weist) {transformation: [-1.6222f,-0.0049f,-0.02f,0f,-0.0096f,1.5748f,0.3899f,5.0041f,0.0182f,0.39f,-1.5747f,-2.2295f,0f,0f,0f,1f],start_interpolation: 0,interpolation_duration: 1}
data modify storage animated_java:temp entry.data merge value {"locators":{"consume":{"px":-0.1895499659,"py":3.0675881572,"pz":0.002373472,"ry":278.5322308058,"rx":-49.4401190937}}}
# Data Manager: Prepare for Read / Write
execute store result storage animated_java:temp args.id int 1 run scoreboard players get @s aj.id
# Data Manager: Write
function animated_java:global/data_manager/write with storage animated_java:temp args