# This file was generated by Animated Java via MC-Build. It is not recommended to edit this file directly.
$data merge entity $(neck) {transformation: [-0.9997f,0.0158f,-0.019f,0.0119f,0.0035f,0.8521f,0.5233f,6.1134f,0.0245f,0.5231f,-0.8519f,-0.4956f,0f,0f,0f,1f],start_interpolation: 0,interpolation_duration: 1}
$data merge entity $(right_thumb_2) {transformation: [-0.2461f,-0.6641f,-0.706f,-0.4137f,0.0327f,0.7223f,-0.6908f,3.4775f,0.9687f,-0.1931f,-0.156f,-0.3318f,0f,0f,0f,1f],start_interpolation: 0,interpolation_duration: 1}
$data merge entity $(right_thumb) {transformation: [-0.2461f,-0.955f,-0.1658f,-0.7551f,0.0327f,0.1628f,-0.9861f,3.5486f,0.9687f,-0.2481f,-0.0089f,-0.2679f,0f,0f,0f,1f],start_interpolation: 0,interpolation_duration: 1}
$data merge entity $(right_fingers2) {transformation: [0.5689f,-0.4334f,-0.699f,-0.2465f,-0.6734f,0.2424f,-0.6984f,2.9013f,0.4721f,0.868f,-0.154f,-0.1637f,0f,0f,0f,1f],start_interpolation: 0,interpolation_duration: 1}
$data merge entity $(right_fingers) {transformation: [0.1018f,-0.7079f,-0.699f,-0.4505f,-0.3103f,0.645f,-0.6984f,3.0712f,0.9452f,0.288f,-0.154f,-0.0561f,0f,0f,0f,1f],start_interpolation: 0,interpolation_duration: 1}
$data merge entity $(scout) {transformation: [0f,0f,0f,-0.5115f,0f,0f,0f,3.023f,0f,0f,0f,-0.253f,0f,0f,0f,1f],start_interpolation: 0,interpolation_duration: 1}
$data merge entity $(right_hand) {transformation: [-0.2461f,-0.6715f,-0.699f,-0.8926f,0.0327f,0.715f,-0.6984f,3.4793f,0.9687f,-0.1947f,-0.154f,-0.1873f,0f,0f,0f,1f],start_interpolation: 0,interpolation_duration: 1}
$data merge entity $(right_forearm) {transformation: [-0.7398f,-0.5753f,1.0094f,-1.6915f,-1.1019f,0.7267f,-0.3935f,4.6052f,-0.3682f,-1.0189f,-0.8506f,-1.7374f,0f,0f,0f,1f],start_interpolation: 0,interpolation_duration: 1}
$data merge entity $(right_shoulder) {transformation: [-1.3883f,0.3332f,-0.3337f,-0.9946f,0.0664f,1.1653f,0.8874f,5.984f,0.4669f,0.8251f,-1.1185f,-0.7895f,0f,0f,0f,1f],start_interpolation: 0,interpolation_duration: 1}
$data merge entity $(right_arm) {transformation: [-0.998f,0.0083f,0.0627f,-0.4289f,0.0551f,0.6003f,0.7978f,6.1336f,-0.031f,0.7997f,-0.5996f,-0.5454f,0f,0f,0f,1f],start_interpolation: 0,interpolation_duration: 1}
$data merge entity $(left_thumb_2) {transformation: [-0.4363f,0.5683f,0.6977f,0.4087f,-0.3983f,0.5733f,-0.716f,4.0381f,-0.8069f,-0.5903f,-0.0238f,0.2798f,0f,0f,0f,1f],start_interpolation: 0,interpolation_duration: 1}
$data merge entity $(left_thumb) {transformation: [-0.4363f,0.8909f,-0.126f,0.7618f,-0.3983f,-0.3168f,-0.8608f,4.0073f,-0.8069f,-0.3254f,0.493f,0.2878f,0f,0f,0f,1f],start_interpolation: 0,interpolation_duration: 1}
$data merge entity $(left_fingers2) {transformation: [0.8123f,0.2973f,0.5018f,0.2398f,0.1606f,0.713f,-0.6825f,3.5003f,-0.5607f,0.635f,0.5315f,0.5825f,0f,0f,0f,1f],start_interpolation: 0,interpolation_duration: 1}
$data merge entity $(left_fingers) {transformation: [0.5394f,0.6762f,0.5018f,0.421f,-0.2334f,0.6926f,-0.6825f,3.6992f,-0.809f,0.251f,0.5315f,0.6808f,0f,0f,0f,1f],start_interpolation: 0,interpolation_duration: 1}
$data merge entity $(left_hand) {transformation: [-0.2231f,0.7221f,0.6548f,0.8924f,-0.4703f,0.5086f,-0.7212f,3.9774f,-0.8538f,-0.4688f,0.2261f,0.3985f,0f,0f,0f,1f],start_interpolation: 0,interpolation_duration: 1}
$data merge entity $(left_forearm) {transformation: [-1.034f,0.7644f,-0.4935f,1.9826f,0.7629f,0.3214f,-1.1008f,4.4531f,-0.4958f,-1.0998f,-0.6647f,-1.3025f,0f,0f,0f,1f],start_interpolation: 0,interpolation_duration: 1}
$data merge entity $(left_shoulder) {transformation: [-1.2989f,-0.5697f,0.3717f,1.0143f,-0.3424f,1.2399f,0.7037f,5.8732f,-0.5878f,0.5366f,-1.2314f,-0.7271f,0f,0f,0f,1f],start_interpolation: 0,interpolation_duration: 1}
$data merge entity $(left_arm) {transformation: [-0.998f,0.0083f,0.0627f,0.4544f,0.0551f,0.6003f,0.7978f,6.0849f,-0.031f,0.7997f,-0.5996f,-0.518f,0f,0f,0f,1f],start_interpolation: 0,interpolation_duration: 1}
$data merge entity $(chest) {transformation: [-1.276f,0.0106f,0.0801f,0f,0.0704f,0.7676f,1.0201f,5.0527f,-0.0397f,1.0225f,-0.7666f,-1.9967f,0f,0f,0f,1f],start_interpolation: 0,interpolation_duration: 1}
$data merge entity $(left_cheek) {transformation: [-0.9963f,-0.079f,0.0327f,0.4565f,-0.0796f,0.9966f,-0.0187f,4.4119f,-0.0311f,-0.0213f,-0.9993f,-2.9002f,0f,0f,0f,1f],start_interpolation: 0,interpolation_duration: 1}
$data merge entity $(left_foot) {transformation: [-1.0204f,-0.0237f,-0.0592f,0.7666f,-0.024f,1.0221f,0.0046f,0.0551f,0.0591f,0.006f,-1.0206f,-2.1816f,0f,0f,0f,1f],start_interpolation: 0,interpolation_duration: 1}
$data merge entity $(left_knee) {transformation: [-3.0384f,0.0366f,-0.138f,0.8948f,-0.0466f,2.5254f,1.6948f,3.3471f,0.135f,1.6951f,-2.5221f,-0.1265f,0f,0f,0f,1f],start_interpolation: 0,interpolation_duration: 1}
$data merge entity $(left_leg) {transformation: [-1.7161f,-0.079f,0.0164f,0.7147f,-0.0263f,0.2187f,-1.7038f,3.3772f,0.0762f,-1.7022f,-0.2197f,-2.5592f,0f,0f,0f,1f],start_interpolation: 0,interpolation_duration: 1}
$data merge entity $(right_cheek) {transformation: [-0.9932f,0.0649f,0.0967f,-0.4056f,0.0747f,0.992f,0.102f,4.463f,-0.0893f,0.1085f,-0.9901f,-2.8332f,0f,0f,0f,1f],start_interpolation: 0,interpolation_duration: 1}
$data merge entity $(right_foot) {transformation: [-0.9855f,-0.196f,0.1887f,0.0796f,-0.0047f,0.7212f,0.7246f,1.3449f,-0.272f,0.6976f,-0.6961f,-5.032f,0f,0f,0f,1f],start_interpolation: 0,interpolation_duration: 1}
$data merge entity $(right_knee) {transformation: [-2.9315f,-0.8089f,-0.0627f,-1.1266f,-0.0458f,-0.0698f,3.0406f,1.3714f,-0.81f,2.9314f,0.0551f,-0.9959f,0f,0f,0f,1f],start_interpolation: 0,interpolation_duration: 1}
$data merge entity $(right_leg) {transformation: [-1.6557f,0.2394f,0.3907f,-0.6855f,-0.0259f,1.4135f,-0.976f,3.6657f,-0.4575f,-0.9466f,-1.3587f,-2.4535f,0f,0f,0f,1f],start_interpolation: 0,interpolation_duration: 1}
$data merge entity $(weist) {transformation: [-1.622f,-0.0078f,-0.0332f,0f,-0.0151f,1.5795f,0.3702f,4.9975f,0.0305f,0.3704f,-1.5792f,-2.2535f,0f,0f,0f,1f],start_interpolation: 0,interpolation_duration: 1}
data modify storage animated_java:temp entry.data merge value {"locators":{"consume":{"px":-0.3663640356,"py":2.9354658088,"pz":-0.2644247976,"ry":282.4251588966,"rx":-44.2979139173}}}
# Data Manager: Prepare for Read / Write
execute store result storage animated_java:temp args.id int 1 run scoreboard players get @s aj.id
# Data Manager: Write
function animated_java:global/data_manager/write with storage animated_java:temp args
execute unless entity @s[tag=aj.transforms_only] run function animated_java:female/variants/default/apply
execute unless entity @s[tag=aj.transforms_only] at @s run function animated_java:female/animations/born/zzz/frames/25_root_function