# This file was generated by Animated Java via MC-Build. It is not recommended to edit this file directly.
$data merge entity $(neck) {transformation: [-0.9994f,0.0209f,-0.0258f,0.0115f,0.0032f,0.8339f,0.5519f,6.1155f,0.0331f,0.5515f,-0.8335f,-0.5142f,0f,0f,0f,1f],start_interpolation: 0,interpolation_duration: 1}
$data merge entity $(right_thumb_2) {transformation: [-0.2305f,-0.5971f,-0.7684f,-0.612f,-0.0633f,0.7971f,-0.6005f,3.36f,0.971f,-0.0898f,-0.2215f,-0.556f,0f,0f,0f,1f],start_interpolation: 0,interpolation_duration: 1}
$data merge entity $(right_thumb) {transformation: [-0.2305f,-0.9376f,-0.2604f,-0.9442f,-0.0633f,0.2815f,-0.9575f,3.4547f,0.971f,-0.2042f,-0.1242f,-0.4759f,0f,0f,0f,1f],start_interpolation: 0,interpolation_duration: 1}
$data merge entity $(right_fingers2) {transformation: [0.537f,-0.3678f,-0.7592f,-0.4941f,-0.7805f,0.1248f,-0.6125f,2.7622f,0.3201f,0.9215f,-0.2201f,-0.4672f,0f,0f,0f,1f],start_interpolation: 0,interpolation_duration: 1}
$data merge entity $(right_fingers) {transformation: [0.1024f,-0.6428f,-0.7592f,-0.68f,-0.4464f,0.6524f,-0.6125f,2.931f,0.889f,0.4016f,-0.2201f,-0.3293f,0f,0f,0f,1f],start_interpolation: 0,interpolation_duration: 1}
$data merge entity $(scout) {transformation: [0f,0f,0f,-0.7474f,0f,0f,0f,2.9122f,0f,0f,0f,-0.5291f,0f,0f,0f,1f],start_interpolation: 0,interpolation_duration: 1}
$data merge entity $(right_hand) {transformation: [-0.2305f,-0.6087f,-0.7592f,-1.0862f,-0.0633f,0.7879f,-0.6125f,3.3882f,0.971f,-0.0931f,-0.2201f,-0.4011f,0f,0f,0f,1f],start_interpolation: 0,interpolation_duration: 1}
$data merge entity $(right_forearm) {transformation: [-0.8977f,-0.5441f,0.8918f,-1.8358f,-0.9675f,0.8765f,-0.4391f,4.7323f,-0.394f,-0.9126f,-0.9534f,-1.7939f,0f,0f,0f,1f],start_interpolation: 0,interpolation_duration: 1}
$data merge entity $(right_shoulder) {transformation: [-1.3646f,0.4586f,-0.2782f,-0.9926f,0.1777f,1.1041f,0.9483f,6.0121f,0.5061f,0.8489f,-1.0831f,-0.8261f,0f,0f,0f,1f],start_interpolation: 0,interpolation_duration: 1}
$data merge entity $(right_arm) {transformation: [-0.9957f,0.0089f,0.0921f,-0.4278f,0.0793f,0.5954f,0.7995f,6.1467f,-0.0477f,0.8034f,-0.5935f,-0.5715f,0f,0f,0f,1f],start_interpolation: 0,interpolation_duration: 1}
$data merge entity $(left_thumb_2) {transformation: [-0.4252f,0.5744f,0.6995f,0.326f,-0.3837f,0.5856f,-0.7141f,3.8872f,-0.8197f,-0.572f,-0.0286f,0.312f,0f,0f,0f,1f],start_interpolation: 0,interpolation_duration: 1}
$data merge entity $(left_thumb) {transformation: [-0.4252f,0.899f,-0.105f,0.6798f,-0.3837f,-0.2842f,-0.8787f,3.8651f,-0.8197f,-0.3333f,0.4658f,0.3197f,0f,0f,0f,1f],start_interpolation: 0,interpolation_duration: 1}
$data merge entity $(left_fingers2) {transformation: [0.8202f,0.2586f,0.5103f,0.1579f,0.2236f,0.6762f,-0.702f,3.3529f,-0.5266f,0.6899f,0.4968f,0.6004f,0f,0f,0f,1f],start_interpolation: 0,interpolation_duration: 1}
$data merge entity $(left_fingers) {transformation: [0.5337f,0.6744f,0.5103f,0.3387f,-0.1945f,0.6851f,-0.702f,3.5484f,-0.823f,0.2754f,0.4968f,0.7057f,0f,0f,0f,1f],start_interpolation: 0,interpolation_duration: 1}
$data merge entity $(left_hand) {transformation: [-0.2246f,0.7226f,0.6538f,0.8103f,-0.4499f,0.5182f,-0.7274f,3.8323f,-0.8644f,-0.4575f,0.2087f,0.4296f,0f,0f,0f,1f],start_interpolation: 0,interpolation_duration: 1}
$data merge entity $(left_forearm) {transformation: [-1.0354f,0.7882f,-0.4516f,1.9378f,0.7551f,0.3663f,-1.0921f,4.3756f,-0.5048f,-1.0685f,-0.7075f,-1.2263f,0f,0f,0f,1f],start_interpolation: 0,interpolation_duration: 1}
$data merge entity $(left_shoulder) {transformation: [-1.2941f,-0.5341f,0.4357f,1.0117f,-0.3114f,1.2799f,0.644f,5.8526f,-0.6149f,0.4759f,-1.2431f,-0.7301f,0f,0f,0f,1f],start_interpolation: 0,interpolation_duration: 1}
$data merge entity $(left_arm) {transformation: [-0.9957f,0.0089f,0.0921f,0.4535f,0.0793f,0.5954f,0.7995f,6.0765f,-0.0477f,0.8034f,-0.5935f,-0.5293f,0f,0f,0f,1f],start_interpolation: 0,interpolation_duration: 1}
$data merge entity $(chest) {transformation: [-1.2731f,0.0114f,0.1177f,0f,0.1013f,0.7612f,1.0222f,5.064f,-0.061f,1.0272f,-0.7588f,-2.0219f,0f,0f,0f,1f],start_interpolation: 0,interpolation_duration: 1}
$data merge entity $(left_cheek) {transformation: [-0.9964f,-0.0837f,0.0122f,0.447f,-0.0836f,0.9965f,0.0068f,4.3974f,-0.0128f,0.0058f,-0.9999f,-2.9188f,0f,0f,0f,1f],start_interpolation: 0,interpolation_duration: 1}
$data merge entity $(left_foot) {transformation: [-1.0182f,-0.0322f,-0.0865f,0.8085f,-0.0329f,1.0218f,0.0064f,-0.289f,0.0863f,0.0091f,-1.0187f,-2.102f,0f,0f,0f,1f],start_interpolation: 0,interpolation_duration: 1}
$data merge entity $(left_knee) {transformation: [-3.0347f,0.0513f,-0.2003f,0.9533f,-0.0635f,2.5725f,1.6218f,3.0777f,0.1967f,1.6222f,-2.5655f,-0.1326f,0f,0f,0f,1f],start_interpolation: 0,interpolation_duration: 1}
$data merge entity $(left_leg) {transformation: [-1.714f,-0.1163f,0.0103f,0.7182f,-0.0359f,0.3808f,-1.6748f,3.3649f,0.1111f,-1.6712f,-0.3824f,-2.5618f,0f,0f,0f,1f],start_interpolation: 0,interpolation_duration: 1}
$data merge entity $(right_cheek) {transformation: [-0.9961f,0.0514f,0.0723f,-0.4156f,0.0591f,0.9924f,0.1076f,4.4449f,-0.0662f,0.1114f,-0.9916f,-2.832f,0f,0f,0f,1f],start_interpolation: 0,interpolation_duration: 1}
$data merge entity $(right_foot) {transformation: [-0.9897f,-0.1851f,0.1775f,0.0577f,-0.0056f,0.7231f,0.7227f,1.2341f,-0.2564f,0.6986f,-0.701f,-5.0126f,0f,0f,0f,1f],start_interpolation: 0,interpolation_duration: 1}
$data merge entity $(right_knee) {transformation: [-2.9442f,-0.763f,-0.0388f,-1.0844f,-0.063f,0.0883f,3.0398f,1.4789f,-0.7613f,2.9432f,-0.1013f,-0.9652f,0f,0f,0f,1f],start_interpolation: 0,interpolation_duration: 1}
$data merge entity $(right_leg) {transformation: [-1.6629f,0.2155f,0.3738f,-0.6809f,-0.0356f,1.4149f,-0.9738f,3.7757f,-0.43f,-0.9503f,-1.3651f,-2.4297f,0f,0f,0f,1f],start_interpolation: 0,interpolation_duration: 1}
$data merge entity $(weist) {transformation: [-1.6216f,-0.0106f,-0.0482f,0f,-0.0207f,1.5845f,0.3477f,4.9867f,0.0448f,0.3482f,-1.5839f,-2.2728f,0f,0f,0f,1f],start_interpolation: 0,interpolation_duration: 1}
data modify storage animated_java:temp entry.data merge value {"locators":{"consume":{"px":-0.6105674245,"py":2.8145865076,"pz":-0.5541730361,"ry":286.1663323735,"rx":-37.7724180694}}}
# Data Manager: Prepare for Read / Write
execute store result storage animated_java:temp args.id int 1 run scoreboard players get @s aj.id
# Data Manager: Write
function animated_java:global/data_manager/write with storage animated_java:temp args