# This file was generated by Animated Java via MC-Build. It is not recommended to edit this file directly.
$data merge entity $(neck) {transformation: [-0.9992f,0.0248f,-0.0317f,0.0074f,0.0018f,0.8152f,0.5791f,6.118f,0.0402f,0.5786f,-0.8146f,-0.5267f,0f,0f,0f,1f],start_interpolation: 0,interpolation_duration: 1}
$data merge entity $(right_thumb_2) {transformation: [-0.2459f,-0.5082f,-0.8254f,-0.8608f,-0.1519f,0.8612f,-0.485f,3.2584f,0.9573f,0.0061f,-0.289f,-0.7825f,0f,0f,0f,1f],start_interpolation: 0,interpolation_duration: 1}
$data merge entity $(right_thumb) {transformation: [-0.2459f,-0.8984f,-0.3638f,-1.1812f,-0.1519f,0.4064f,-0.901f,3.3793f,0.9573f,-0.1663f,-0.2364f,-0.6907f,0f,0f,0f,1f],start_interpolation: 0,interpolation_duration: 1}
$data merge entity $(right_fingers2) {transformation: [0.4752f,-0.332f,-0.8149f,-0.8045f,-0.8646f,-0.0042f,-0.5024f,2.6534f,0.1634f,0.9433f,-0.289f,-0.7697f,0f,0f,0f,1f],start_interpolation: 0,interpolation_duration: 1}
$data merge entity $(right_fingers) {transformation: [0.0637f,-0.5761f,-0.8149f,-0.9729f,-0.5733f,0.6472f,-0.5024f,2.818f,0.8169f,0.4992f,-0.289f,-0.6065f,0f,0f,0f,1f],start_interpolation: 0,interpolation_duration: 1}
$data merge entity $(scout) {transformation: [0f,0f,0f,-1.0397f,0f,0f,0f,2.8295f,0f,0f,0f,-0.807f,0f,0f,0f,1f],start_interpolation: 0,interpolation_duration: 1}
$data merge entity $(right_hand) {transformation: [-0.2459f,-0.5249f,-0.8149f,-1.3301f,-0.1519f,0.8512f,-0.5024f,3.3193f,0.9573f,0.0002f,-0.289f,-0.624f,0f,0f,0f,1f],start_interpolation: 0,interpolation_duration: 1}
$data merge entity $(right_forearm) {transformation: [-1.0417f,-0.4752f,0.7656f,-1.9745f,-0.8027f,1.021f,-0.4585f,4.8737f,-0.4093f,-0.793f,-1.0492f,-1.8393f,0f,0f,0f,1f],start_interpolation: 0,interpolation_duration: 1}
$data merge entity $(right_shoulder) {transformation: [-1.3301f,0.5798f,-0.2111f,-0.9927f,0.2901f,1.0303f,1.0021f,6.0392f,0.5446f,0.8672f,-1.0494f,-0.858f,0f,0f,0f,1f],start_interpolation: 0,interpolation_duration: 1}
$data merge entity $(right_arm) {transformation: [-0.9925f,0.0076f,0.1223f,-0.4298f,0.1029f,0.593f,0.7986f,6.1597f,-0.0665f,0.8051f,-0.5893f,-0.5922f,0f,0f,0f,1f],start_interpolation: 0,interpolation_duration: 1}
$data merge entity $(left_thumb_2) {transformation: [-0.4142f,0.5763f,0.7045f,0.2403f,-0.3715f,0.5996f,-0.7089f,3.7268f,-0.8309f,-0.5553f,-0.0343f,0.3572f,0f,0f,0f,1f],start_interpolation: 0,interpolation_duration: 1}
$data merge entity $(left_thumb) {transformation: [-0.4142f,0.907f,-0.076f,0.5946f,-0.3715f,-0.2447f,-0.8956f,3.7158f,-0.8309f,-0.3427f,0.4383f,0.364f,0f,0f,0f,1f],start_interpolation: 0,interpolation_duration: 1}
$data merge entity $(left_fingers2) {transformation: [0.8235f,0.2158f,0.5247f,0.0762f,0.2914f,0.6326f,-0.7175f,3.1967f,-0.4868f,0.7438f,0.4581f,0.6324f,0f,0f,0f,1f],start_interpolation: 0,interpolation_duration: 1}
$data merge entity $(left_fingers) {transformation: [0.525f,0.6702f,0.5247f,0.2562f,-0.1509f,0.68f,-0.7175f,3.3895f,-0.8376f,0.2975f,0.4581f,0.7441f,0f,0f,0f,1f],start_interpolation: 0,interpolation_duration: 1}
$data merge entity $(left_hand) {transformation: [-0.2273f,0.719f,0.6568f,0.7257f,-0.4307f,0.5307f,-0.73f,3.681f,-0.8734f,-0.4488f,0.189f,0.4725f,0f,0f,0f,1f],start_interpolation: 0,interpolation_duration: 1}
$data merge entity $(left_forearm) {transformation: [-1.0401f,0.8073f,-0.4045f,1.8836f,0.7443f,0.4171f,-1.0813f,4.3007f,-0.5113f,-1.0351f,-0.7512f,-1.1349f,0f,0f,0f,1f],start_interpolation: 0,interpolation_duration: 1}
$data merge entity $(left_shoulder) {transformation: [-1.2869f,-0.4946f,0.499f,1.0051f,-0.2828f,1.3179f,0.577f,5.8319f,-0.6432f,0.4102f,-1.2521f,-0.7241f,0f,0f,0f,1f],start_interpolation: 0,interpolation_duration: 1}
$data merge entity $(left_arm) {transformation: [-0.9925f,0.0076f,0.1223f,0.4486f,0.1029f,0.593f,0.7986f,6.0686f,-0.0665f,0.8051f,-0.5893f,-0.5334f,0f,0f,0f,1f],start_interpolation: 0,interpolation_duration: 1}
$data merge entity $(chest) {transformation: [-1.2689f,0.0097f,0.1564f,0f,0.1316f,0.7582f,1.021f,5.0707f,-0.085f,1.0294f,-0.7535f,-2.0373f,0f,0f,0f,1f],start_interpolation: 0,interpolation_duration: 1}
$data merge entity $(left_cheek) {transformation: [-0.9961f,-0.088f,-0.01f,0.4375f,-0.0883f,0.9956f,0.0318f,4.3915f,0.0071f,0.0325f,-0.9994f,-2.9054f,0f,0f,0f,1f],start_interpolation: 0,interpolation_duration: 1}
$data merge entity $(left_foot) {transformation: [-1.0149f,-0.04f,-0.117f,0.8559f,-0.0412f,1.0215f,0.008f,-0.6689f,0.1165f,0.0127f,-1.0156f,-2.0309f,0f,0f,0f,1f],start_interpolation: 0,interpolation_duration: 1}
$data merge entity $(left_knee) {transformation: [-3.0291f,0.0664f,-0.2687f,1.0176f,-0.0791f,2.6219f,1.5399f,2.7773f,0.2652f,1.5405f,-2.6093f,-0.1587f,0f,0f,0f,1f],start_interpolation: 0,interpolation_duration: 1}
$data merge entity $(left_leg) {transformation: [-1.7108f,-0.1562f,-0.0062f,0.7214f,-0.0447f,0.5542f,-1.6255f,3.346f,0.1498f,-1.6186f,-0.5559f,-2.5514f,0f,0f,0f,1f],start_interpolation: 0,interpolation_duration: 1}
$data merge entity $(right_cheek) {transformation: [-0.998f,0.0411f,0.0485f,-0.4254f,0.0463f,0.9927f,0.1114f,4.4196f,-0.0435f,0.1134f,-0.9926f,-2.8209f,0f,0f,0f,1f],start_interpolation: 0,interpolation_duration: 1}
$data merge entity $(right_foot) {transformation: [-0.9937f,-0.1677f,0.1721f,0.0289f,-0.006f,0.7495f,0.6953f,0.9375f,-0.2403f,0.6748f,-0.7295f,-4.9529f,0f,0f,0f,1f],start_interpolation: 0,interpolation_duration: 1}
$data merge entity $(right_knee) {transformation: [-2.9573f,-0.7118f,0.0082f,-1.0408f,-0.0794f,0.3649f,3.0187f,1.5637f,-0.7074f,2.9347f,-0.3733f,-0.9268f,0f,0f,0f,1f],start_interpolation: 0,interpolation_duration: 1}
$data merge entity $(right_leg) {transformation: [-1.6703f,0.1901f,0.3542f,-0.6771f,-0.0449f,1.4161f,-0.9716f,3.8628f,-0.3995f,-0.9539f,-1.3718f,-2.3981f,0f,0f,0f,1f],start_interpolation: 0,interpolation_duration: 1}
$data merge entity $(weist) {transformation: [-1.621f,-0.0132f,-0.0647f,0f,-0.0258f,1.5897f,0.323f,4.9695f,0.0608f,0.3237f,-1.5885f,-2.2806f,0f,0f,0f,1f],start_interpolation: 0,interpolation_duration: 1}
data modify storage animated_java:temp entry.data merge value {"locators":{"consume":{"px":-0.9132361929,"py":2.7220881794,"pz":-0.843503938,"ry":289.5286777304,"rx":-30.1622069349}}}
# Data Manager: Prepare for Read / Write
execute store result storage animated_java:temp args.id int 1 run scoreboard players get @s aj.id
# Data Manager: Write
function animated_java:global/data_manager/write with storage animated_java:temp args