# This file was generated by Animated Java via MC-Build. It is not recommended to edit this file directly.
$data merge entity $(neck) {transformation: [-0.9988f,0.0287f,-0.0408f,-0.0076f,-0.0027f,0.7859f,0.6184f,6.1282f,0.0498f,0.6177f,-0.7848f,-0.5178f,0f,0f,0f,1f],start_interpolation: 0,interpolation_duration: 1}
$data merge entity $(right_thumb_2) {transformation: [-0.3586f,-0.2884f,-0.8878f,-1.4565f,-0.2487f,0.9462f,-0.2069f,3.1347f,0.8998f,0.1466f,-0.4111f,-1.1705f,0f,0f,0f,1f],start_interpolation: 0,interpolation_duration: 1}
$data merge entity $(right_thumb) {transformation: [-0.3586f,-0.7522f,-0.5528f,-1.7439f,-0.2487f,0.6478f,-0.7201f,3.3164f,0.8998f,-0.1208f,-0.4194f,-1.07f,0f,0f,0f,1f],start_interpolation: 0,interpolation_duration: 1}
$data merge entity $(right_fingers2) {transformation: [0.3072f,-0.3665f,-0.8782f,-1.5344f,-0.9452f,-0.225f,-0.2368f,2.5596f,-0.1108f,0.9028f,-0.4155f,-1.2755f,0f,0f,0f,1f],start_interpolation: 0,interpolation_duration: 1}
$data merge entity $(right_fingers) {transformation: [-0.1126f,-0.4648f,-0.8782f,-1.6765f,-0.7421f,0.6271f,-0.2368f,2.7157f,0.6608f,0.6251f,-0.4155f,-1.0818f,0f,0f,0f,1f],start_interpolation: 0,interpolation_duration: 1}
$data merge entity $(scout) {transformation: [0f,0f,0f,-1.7208f,0f,0f,0f,2.7766f,0f,0f,0f,-1.2796f,0f,0f,0f,1f],start_interpolation: 0,interpolation_duration: 1}
$data merge entity $(right_hand) {transformation: [-0.3586f,-0.3163f,-0.8782f,-1.9078f,-0.2487f,0.9392f,-0.2368f,3.2833f,0.8998f,0.1335f,-0.4155f,-1.0227f,0f,0f,0f,1f],start_interpolation: 0,interpolation_duration: 1}
$data merge entity $(right_forearm) {transformation: [-1.2452f,-0.241f,0.5371f,-2.1994f,-0.4225f,1.2409f,-0.4228f,5.1542f,-0.4099f,-0.547f,-1.1958f,-1.873f,0f,0f,0f,1f],start_interpolation: 0,interpolation_duration: 1}
$data merge entity $(right_shoulder) {transformation: [-1.2402f,0.7798f,-0.0592f,-0.9967f,0.4984f,0.8736f,1.0669f,6.0846f,0.6027f,0.8823f,-1.004f,-0.8864f,0f,0f,0f,1f],start_interpolation: 0,interpolation_duration: 1}
$data merge entity $(right_arm) {transformation: [-0.9842f,0.001f,0.1771f,-0.4399f,0.1417f,0.6044f,0.784f,6.1864f,-0.1062f,0.7967f,-0.595f,-0.6008f,0f,0f,0f,1f],start_interpolation: 0,interpolation_duration: 1}
$data merge entity $(left_thumb_2) {transformation: [-0.3969f,0.5575f,0.7292f,0.1063f,-0.3577f,0.6377f,-0.6822f,3.3908f,-0.8453f,-0.5316f,-0.0537f,0.4985f,0f,0f,0f,1f],start_interpolation: 0,interpolation_duration: 1}
$data merge entity $(left_thumb) {transformation: [-0.3969f,0.9177f,0.0156f,0.4602f,-0.3577f,-0.139f,-0.9234f,3.4121f,-0.8453f,-0.3721f,0.3835f,0.4987f,0f,0f,0f,1f],start_interpolation: 0,interpolation_duration: 1}
$data merge entity $(left_fingers2) {transformation: [0.8055f,0.1281f,0.5786f,-0.0341f,0.4401f,0.5246f,-0.7288f,2.8695f,-0.3968f,0.8417f,0.3662f,0.7525f,0f,0f,0f,1f],start_interpolation: 0,interpolation_duration: 1}
$data merge entity $(left_fingers) {transformation: [0.4901f,0.6519f,0.5786f,0.1421f,-0.0482f,0.683f,-0.7288f,3.0602f,-0.8703f,0.3293f,0.3662f,0.8735f,0f,0f,0f,1f],start_interpolation: 0,interpolation_duration: 1}
$data merge entity $(left_hand) {transformation: [-0.2402f,0.6908f,0.682f,0.5953f,-0.3996f,0.5699f,-0.718f,3.3765f,-0.8847f,-0.445f,0.1392f,0.602f,0f,0f,0f,1f],start_interpolation: 0,interpolation_duration: 1}
$data merge entity $(left_forearm) {transformation: [-1.0689f,0.8153f,-0.3f,1.7677f,0.7074f,0.5408f,-1.0508f,4.1821f,-0.5042f,-0.9695f,-0.8384f,-0.9096f,0f,0f,0f,1f],start_interpolation: 0,interpolation_duration: 1}
$data merge entity $(left_shoulder) {transformation: [-1.2695f,-0.4166f,0.6038f,0.9845f,-0.2455f,1.3786f,0.4348f,5.7994f,-0.6912f,0.2754f,-1.2634f,-0.6726f,0f,0f,0f,1f],start_interpolation: 0,interpolation_duration: 1}
$data merge entity $(left_arm) {transformation: [-0.9842f,0.001f,0.1771f,0.4312f,0.1417f,0.6044f,0.784f,6.061f,-0.1062f,0.7967f,-0.595f,-0.5067f,0f,0f,0f,1f],start_interpolation: 0,interpolation_duration: 1}
$data merge entity $(chest) {transformation: [-1.2583f,0.0013f,0.2264f,0f,0.1811f,0.7727f,1.0024f,5.0593f,-0.1358f,1.0186f,-0.7607f,-2.0132f,0f,0f,0f,1f],start_interpolation: 0,interpolation_duration: 1}
$data merge entity $(left_cheek) {transformation: [-0.994f,-0.0944f,-0.0556f,0.4229f,-0.0987f,0.9919f,0.0799f,4.3569f,0.0476f,0.0849f,-0.9953f,-2.7994f,0f,0f,0f,1f],start_interpolation: 0,interpolation_duration: 1}
$data merge entity $(left_foot) {transformation: [-1.0042f,-0.0512f,-0.1849f,0.9492f,-0.0541f,1.0209f,0.0113f,-1.4995f,0.184f,0.0209f,-1.0055f,-1.9193f,0f,0f,0f,1f],start_interpolation: 0,interpolation_duration: 1}
$data merge entity $(left_knee) {transformation: [-3.0112f,0.0953f,-0.4194f,1.1429f,-0.1026f,2.7214f,1.3549f,2.1114f,0.4176f,1.3555f,-2.6908f,-0.2719f,0f,0f,0f,1f],start_interpolation: 0,interpolation_duration: 1}
$data merge entity $(left_leg) {transformation: [-1.7007f,-0.2306f,-0.0764f,0.7265f,-0.0579f,0.9098f,-1.4561f,3.2799f,0.2359f,-1.4389f,-0.9084f,-2.4669f,0f,0f,0f,1f],start_interpolation: 0,interpolation_duration: 1}
$data merge entity $(right_cheek) {transformation: [-0.9993f,0.0361f,0.01f,-0.4432f,0.037f,0.9926f,0.1159f,4.2992f,-0.0058f,0.1162f,-0.9932f,-2.7428f,0f,0f,0f,1f],start_interpolation: 0,interpolation_duration: 1}
$data merge entity $(right_foot) {transformation: [-1.0008f,-0.126f,0.1669f,-0.0608f,-0.0058f,0.8324f,0.5936f,-0.0225f,-0.209f,0.5801f,-0.8155f,-4.5914f,0f,0f,0f,1f],start_interpolation: 0,interpolation_duration: 1}
$data merge entity $(right_knee) {transformation: [-2.9825f,-0.5865f,0.1132f,-0.9535f,-0.1071f,1.0919f,2.837f,1.6016f,-0.5877f,2.7778f,-1.0913f,-0.8085f,0f,0f,0f,1f],start_interpolation: 0,interpolation_duration: 1}
$data merge entity $(right_leg) {transformation: [-1.6845f,0.1379f,0.3079f,-0.6716f,-0.0605f,1.4191f,-0.9664f,3.9059f,-0.3319f,-0.9584f,-1.3866f,-2.2894f,0f,0f,0f,1f],start_interpolation: 0,interpolation_duration: 1}
$data merge entity $(weist) {transformation: [-1.6191f,-0.017f,-0.1011f,0f,-0.0336f,1.5996f,0.2685f,4.9073f,0.0969f,0.27f,-1.5968f,-2.2354f,0f,0f,0f,1f],start_interpolation: 0,interpolation_duration: 1}
data modify storage animated_java:temp entry.data merge value {"locators":{"consume":{"px":-1.6191578114,"py":2.6498359069,"pz":-1.3294016542,"ry":295.3180559366,"rx":-13.6951634441}}}
# Data Manager: Prepare for Read / Write
execute store result storage animated_java:temp args.id int 1 run scoreboard players get @s aj.id
# Data Manager: Write
function animated_java:global/data_manager/write with storage animated_java:temp args
execute unless entity @s[tag=aj.transforms_only] at @s run function animated_java:female/animations/born/zzz/frames/29_root_function