# This file was generated by Animated Java via MC-Build. It is not recommended to edit this file directly.
$data merge entity $(neck) {transformation: [-0.9986f,0.0303f,-0.044f,-0.014f,-0.0039f,0.7801f,0.6256f,6.1225f,0.0533f,0.6249f,-0.7789f,-0.4836f,0f,0f,0f,1f],start_interpolation: 0,interpolation_duration: 1}
$data merge entity $(right_thumb_2) {transformation: [-0.4347f,-0.171f,-0.8842f,-1.7634f,-0.2405f,0.9682f,-0.069f,3.0959f,0.8679f,0.1826f,-0.462f,-1.2922f,0f,0f,0f,1f],start_interpolation: 0,interpolation_duration: 1}
$data merge entity $(right_thumb) {transformation: [-0.4347f,-0.651f,-0.6223f,-2.0285f,-0.2405f,0.7498f,-0.6164f,3.3102f,0.8679f,-0.1184f,-0.4825f,-1.1948f,0f,0f,0f,1f],start_interpolation: 0,interpolation_duration: 1}
$data merge entity $(right_fingers2) {transformation: [0.2266f,-0.4235f,-0.8771f,-1.902f,-0.951f,-0.2906f,-0.1054f,2.5504f,-0.2103f,0.858f,-0.4686f,-1.4328f,0f,0f,0f,1f],start_interpolation: 0,interpolation_duration: 1}
$data merge entity $(right_fingers) {transformation: [-0.2255f,-0.424f,-0.8771f,-2.0356f,-0.771f,0.628f,-0.1054f,2.7069f,0.5955f,0.6525f,-0.4686f,-1.2335f,0f,0f,0f,1f],start_interpolation: 0,interpolation_duration: 1}
$data merge entity $(scout) {transformation: [0f,0f,0f,-2.0613f,0f,0f,0f,2.7815f,0f,0f,0f,-1.4299f,0f,0f,0f,1f],start_interpolation: 0,interpolation_duration: 1}
$data merge entity $(right_hand) {transformation: [-0.4347f,-0.2041f,-0.8771f,-2.1976f,-0.2405f,0.9649f,-0.1054f,3.2961f,0.8679f,0.1651f,-0.4686f,-1.1571f,0f,0f,0f,1f],start_interpolation: 0,interpolation_duration: 1}
$data merge entity $(right_forearm) {transformation: [-1.2959f,-0.0982f,0.4563f,-2.2749f,-0.2339f,1.3018f,-0.3842f,5.2523f,-0.4039f,-0.439f,-1.2415f,-1.8467f,0f,0f,0f,1f],start_interpolation: 0,interpolation_duration: 1}
$data merge entity $(right_shoulder) {transformation: [-1.1945f,0.8502f,0.0145f,-0.998f,0.5887f,0.8089f,1.0719f,6.0853f,0.6136f,0.8791f,-1.0003f,-0.8664f,0f,0f,0f,1f],start_interpolation: 0,interpolation_duration: 1}
$data merge entity $(right_arm) {transformation: [-0.9803f,-0.0019f,0.1977f,-0.4441f,0.1537f,0.6215f,0.7682f,6.1852f,-0.1243f,0.7834f,-0.6089f,-0.5745f,0f,0f,0f,1f],start_interpolation: 0,interpolation_duration: 1}
$data merge entity $(left_thumb_2) {transformation: [-0.3933f,0.5318f,0.75f,0.0872f,-0.3566f,0.6636f,-0.6576f,3.2044f,-0.8474f,-0.5261f,-0.0714f,0.6043f,0f,0f,0f,1f],start_interpolation: 0,interpolation_duration: 1}
$data merge entity $(left_thumb) {transformation: [-0.3933f,0.9158f,0.0815f,0.439f,-0.3566f,-0.0703f,-0.9316f,3.2478f,-0.8474f,-0.3954f,0.3542f,0.5977f,0f,0f,0f,1f],start_interpolation: 0,interpolation_duration: 1}
$data merge entity $(left_fingers2) {transformation: [0.7794f,0.0912f,0.6198f,-0.0316f,0.5194f,0.4591f,-0.7207f,2.6873f,-0.3503f,0.8837f,0.3105f,0.8502f,0f,0f,0f,1f],start_interpolation: 0,interpolation_duration: 1}
$data merge entity $(left_fingers) {transformation: [0.4581f,0.6371f,0.6198f,0.1416f,0.0111f,0.6931f,-0.7207f,2.8792f,-0.8888f,0.337f,0.3105f,0.9736f,0f,0f,0f,1f],start_interpolation: 0,interpolation_duration: 1}
$data merge entity $(left_hand) {transformation: [-0.2528f,0.6616f,0.706f,0.5779f,-0.3886f,0.5988f,-0.7003f,3.2141f,-0.8861f,-0.4514f,0.1057f,0.6966f,0f,0f,0f,1f],start_interpolation: 0,interpolation_duration: 1}
$data merge entity $(left_forearm) {transformation: [-1.0969f,0.7954f,-0.2478f,1.7211f,0.6785f,0.6153f,-1.0287f,4.1315f,-0.4834f,-0.9412f,-0.8818f,-0.7731f,0f,0f,0f,1f],start_interpolation: 0,interpolation_duration: 1}
$data merge entity $(left_shoulder) {transformation: [-1.263f,-0.3862f,0.6369f,0.9752f,-0.2421f,1.3985f,0.3679f,5.7759f,-0.7044f,0.2118f,-1.2684f,-0.6161f,0f,0f,0f,1f],start_interpolation: 0,interpolation_duration: 1}
$data merge entity $(left_arm) {transformation: [-0.9803f,-0.0019f,0.1977f,0.4235f,0.1537f,0.6215f,0.7682f,6.0491f,-0.1243f,0.7834f,-0.6089f,-0.4644f,0f,0f,0f,1f],start_interpolation: 0,interpolation_duration: 1}
$data merge entity $(chest) {transformation: [-1.2533f,-0.0025f,0.2528f,0f,0.1965f,0.7946f,0.9822f,5.0213f,-0.159f,1.0016f,-0.7785f,-1.9554f,0f,0f,0f,1f],start_interpolation: 0,interpolation_duration: 1}
$data merge entity $(left_cheek) {transformation: [-0.9924f,-0.0966f,-0.0764f,0.4183f,-0.1038f,0.9899f,0.0962f,4.2566f,0.0663f,0.1034f,-0.9924f,-2.7204f,0f,0f,0f,1f],start_interpolation: 0,interpolation_duration: 1}
$data merge entity $(left_foot) {transformation: [-0.9967f,-0.0538f,-0.2211f,0.9835f,-0.058f,1.0206f,0.0131f,-1.9438f,0.22f,0.0253f,-0.9981f,-1.8693f,0f,0f,0f,1f],start_interpolation: 0,interpolation_duration: 1}
$data merge entity $(left_knee) {transformation: [-2.9986f,0.1082f,-0.4991f,1.1913f,-0.1089f,2.7688f,1.2547f,1.7483f,0.4989f,1.2548f,-2.7256f,-0.3466f,0f,0f,0f,1f],start_interpolation: 0,interpolation_duration: 1}
$data merge entity $(left_leg) {transformation: [-1.6936f,-0.2574f,-0.13f,0.728f,-0.0615f,1.0793f,-1.3352f,3.2139f,0.2818f,-1.3116f,-1.0732f,-2.375f,0f,0f,0f,1f],start_interpolation: 0,interpolation_duration: 1}
$data merge entity $(right_cheek) {transformation: [-0.9992f,0.0406f,-0.0043f,-0.4452f,0.0397f,0.9916f,0.1228f,4.2704f,0.0092f,0.1225f,-0.9924f,-2.6517f,0f,0f,0f,1f],start_interpolation: 0,interpolation_duration: 1}
$data merge entity $(right_foot) {transformation: [-1.0037f,-0.1069f,0.1624f,-0.1171f,-0.0055f,0.8694f,0.538f,-0.5491f,-0.1943f,0.5273f,-0.8541f,-4.2676f,0f,0f,0f,1f],start_interpolation: 0,interpolation_duration: 1}
$data merge entity $(right_knee) {transformation: [-2.9939f,-0.5164f,0.1481f,-0.9116f,-0.117f,1.4451f,2.674f,1.5569f,-0.5243f,2.6263f,-1.4422f,-0.7068f,0f,0f,0f,1f],start_interpolation: 0,interpolation_duration: 1}
$data merge entity $(right_leg) {transformation: [-1.691f,0.1123f,0.2818f,-0.6696f,-0.0661f,1.4213f,-0.9628f,3.8649f,-0.2961f,-0.9585f,-1.3946f,-2.1892f,0f,0f,0f,1f],start_interpolation: 0,interpolation_duration: 1}
$data merge entity $(weist) {transformation: [-1.6178f,-0.0181f,-0.1205f,0f,-0.0358f,1.6042f,0.2396f,4.8434f,0.1165f,0.2415f,-1.6f,-2.1642f,0f,0f,0f,1f],start_interpolation: 0,interpolation_duration: 1}
data modify storage animated_java:temp entry.data merge value {"locators":{"consume":{"px":-1.973641668,"py":2.6452123014,"pz":-1.481021597,"ry":298.112161975,"rx":-6.0478764457}}}
# Data Manager: Prepare for Read / Write
execute store result storage animated_java:temp args.id int 1 run scoreboard players get @s aj.id
# Data Manager: Write
function animated_java:global/data_manager/write with storage animated_java:temp args