# This file was generated by Animated Java via MC-Build. It is not recommended to edit this file directly.
$data merge entity $(neck) {transformation: [-0.9984f,0.033f,-0.0461f,-0.0161f,-0.0028f,0.7835f,0.6214f,6.1167f,0.0566f,0.6206f,-0.7821f,-0.4351f,0f,0f,0f,1f],start_interpolation: 0,interpolation_duration: 1}
$data merge entity $(right_thumb_2) {transformation: [-0.5072f,-0.0581f,-0.8599f,-2.0445f,-0.1963f,0.9793f,0.0496f,3.0648f,0.8392f,0.1939f,-0.5081f,-1.3548f,0f,0f,0f,1f],start_interpolation: 0,interpolation_duration: 1}
$data merge entity $(right_thumb) {transformation: [-0.5072f,-0.5408f,-0.6711f,-2.2842f,-0.1963f,0.8307f,-0.521f,3.3102f,0.8392f,-0.1326f,-0.5275f,-1.2656f,0f,0f,0f,1f],start_interpolation: 0,interpolation_duration: 1}
$data merge entity $(right_fingers2) {transformation: [0.1609f,-0.4904f,-0.8565f,-2.2341f,-0.9465f,-0.3226f,0.0069f,2.5514f,-0.2797f,0.8096f,-0.5161f,-1.515f,0f,0f,0f,1f],start_interpolation: 0,interpolation_duration: 1}
$data merge entity $(right_fingers) {transformation: [-0.3358f,-0.392f,-0.8565f,-2.3616f,-0.7668f,0.6419f,0.0069f,2.7127f,0.5471f,0.6591f,-0.5161f,-1.3155f,0f,0f,0f,1f],start_interpolation: 0,interpolation_duration: 1}
$data merge entity $(scout) {transformation: [0f,0f,0f,-2.3673f,0f,0f,0f,2.7922f,0f,0f,0f,-1.5116f,0f,0f,0f,1f],start_interpolation: 0,interpolation_duration: 1}
$data merge entity $(right_hand) {transformation: [-0.5072f,-0.0955f,-0.8565f,-2.4556f,-0.1963f,0.9805f,0.0069f,3.3162f,0.8392f,0.1716f,-0.5161f,-1.2372f,0f,0f,0f,1f],start_interpolation: 0,interpolation_duration: 1}
$data merge entity $(right_forearm) {transformation: [-1.3157f,0.0418f,0.4055f,-2.3231f,-0.0648f,1.3312f,-0.3477f,5.311f,-0.4024f,-0.3513f,-1.2696f,-1.7956f,0f,0f,0f,1f],start_interpolation: 0,interpolation_duration: 1}
$data merge entity $(right_shoulder) {transformation: [-1.1558f,0.8988f,0.0788f,-0.9969f,0.6678f,0.7662f,1.0568f,6.0765f,0.6066f,0.8689f,-1.0133f,-0.8259f,0f,0f,0f,1f],start_interpolation: 0,interpolation_duration: 1}
$data merge entity $(right_arm) {transformation: [-0.9774f,-0.0027f,0.2114f,-0.4447f,0.1594f,0.6479f,0.7448f,6.1806f,-0.139f,0.7617f,-0.6329f,-0.5322f,0f,0f,0f,1f],start_interpolation: 0,interpolation_duration: 1}
$data merge entity $(left_thumb_2) {transformation: [-0.395f,0.492f,0.7758f,0.1217f,-0.3589f,0.6948f,-0.6233f,3.0152f,-0.8457f,-0.5246f,-0.0979f,0.7242f,0f,0f,0f,1f],start_interpolation: 0,interpolation_duration: 1}
$data merge entity $(left_thumb) {transformation: [-0.395f,0.9044f,0.1614f,0.4689f,-0.3589f,0.0098f,-0.9333f,3.0847f,-0.8457f,-0.4266f,0.3207f,0.7078f,0f,0f,0f,1f],start_interpolation: 0,interpolation_duration: 1}
$data merge entity $(left_fingers2) {transformation: [0.7397f,0.0662f,0.6697f,0.032f,0.6001f,0.3853f,-0.701f,2.5019f,-0.3044f,0.9204f,0.2452f,0.9628f,0f,0f,0f,1f],start_interpolation: 0,interpolation_duration: 1}
$data merge entity $(left_fingers) {transformation: [0.4113f,0.6183f,0.6697f,0.2015f,0.0752f,0.7092f,-0.701f,2.6968f,-0.9084f,0.3387f,0.2452f,1.0867f,0f,0f,0f,1f],start_interpolation: 0,interpolation_duration: 1}
$data merge entity $(left_hand) {transformation: [-0.2716f,0.6189f,0.7371f,0.6128f,-0.3807f,0.6343f,-0.6729f,3.0547f,-0.8839f,-0.4633f,0.0633f,0.8005f,0f,0f,0f,1f],start_interpolation: 0,interpolation_duration: 1}
$data merge entity $(left_forearm) {transformation: [-1.1351f,0.7539f,-0.2011f,1.6936f,0.6406f,0.6979f,-0.9999f,4.0959f,-0.4454f,-0.9175f,-0.9257f,-0.6334f,0f,0f,0f,1f],start_interpolation: 0,interpolation_duration: 1}
$data merge entity $(left_shoulder) {transformation: [-1.2608f,-0.3674f,0.6522f,0.9706f,-0.251f,1.411f,0.3096f,5.7557f,-0.7052f,0.1545f,-1.2762f,-0.5461f,0f,0f,0f,1f],start_interpolation: 0,interpolation_duration: 1}
$data merge entity $(left_arm) {transformation: [-0.9774f,-0.0027f,0.2114f,0.4204f,0.1594f,0.6479f,0.7448f,6.0396f,-0.139f,0.7617f,-0.6329f,-0.4092f,0f,0f,0f,1f],start_interpolation: 0,interpolation_duration: 1}
$data merge entity $(chest) {transformation: [-1.2496f,-0.0034f,0.2703f,0f,0.2037f,0.8284f,0.9523f,4.9657f,-0.1777f,0.9738f,-0.8091f,-1.8682f,0f,0f,0f,1f],start_interpolation: 0,interpolation_duration: 1}
$data merge entity $(left_cheek) {transformation: [-0.9907f,-0.0978f,-0.0944f,0.4149f,-0.1077f,0.9886f,0.1057f,4.1766f,0.083f,0.1149f,-0.9899f,-2.5796f,0f,0f,0f,1f],start_interpolation: 0,interpolation_duration: 1}
$data merge entity $(left_foot) {transformation: [-0.9878f,-0.0542f,-0.258f,1.0013f,-0.0598f,1.0205f,0.0149f,-2.386f,0.2567f,0.0295f,-0.9892f,-1.8247f,0f,0f,0f,1f],start_interpolation: 0,interpolation_duration: 1}
$data merge entity $(left_knee) {transformation: [-2.9835f,0.1196f,-0.58f,1.2213f,-0.1111f,2.8131f,1.1516f,1.3843f,0.5817f,1.1507f,-2.7549f,-0.4324f,0f,0f,0f,1f],start_interpolation: 0,interpolation_duration: 1}
$data merge entity $(left_leg) {transformation: [-1.6851f,-0.2726f,-0.1937f,0.7287f,-0.0628f,1.2352f,-1.1923f,3.1306f,0.3285f,-1.1624f,-1.2216f,-2.2517f,0f,0f,0f,1f],start_interpolation: 0,interpolation_duration: 1}
$data merge entity $(right_cheek) {transformation: [-0.9987f,0.0483f,-0.0163f,-0.4489f,0.0458f,0.9904f,0.1306f,4.2116f,0.0224f,0.1297f,-0.9913f,-2.5275f,0f,0f,0f,1f],start_interpolation: 0,interpolation_duration: 1}
$data merge entity $(right_foot) {transformation: [-1.0062f,-0.0872f,0.159f,-0.1813f,-0.0059f,0.9116f,0.4627f,-1.1379f,-0.1812f,0.4545f,-0.8977f,-3.8039f,0f,0f,0f,1f],start_interpolation: 0,interpolation_duration: 1}
$data merge entity $(right_knee) {transformation: [-3.0042f,-0.442f,0.1786f,-0.8719f,-0.1238f,1.8237f,2.4313f,1.482f,-0.4603f,2.394f,-1.8191f,-0.5782f,0f,0f,0f,1f],start_interpolation: 0,interpolation_duration: 1}
$data merge entity $(right_leg) {transformation: [-1.6967f,0.0879f,0.2545f,-0.668f,-0.0699f,1.4243f,-0.958f,3.7948f,-0.26f,-0.9566f,-1.4031f,-2.0588f,0f,0f,0f,1f],start_interpolation: 0,interpolation_duration: 1}
$data merge entity $(weist) {transformation: [-1.6162f,-0.0185f,-0.1402f,0f,-0.0366f,1.6083f,0.2102f,4.7623f,0.1366f,0.2125f,-1.6025f,-2.0618f,0f,0f,0f,1f],start_interpolation: 0,interpolation_duration: 1}
data modify storage animated_java:temp entry.data merge value {"locators":{"consume":{"px":-2.2939948974,"py":2.6469116454,"pz":-1.5605197999,"ry":301.0704480022,"rx":0.3936894554}}}
# Data Manager: Prepare for Read / Write
execute store result storage animated_java:temp args.id int 1 run scoreboard players get @s aj.id
# Data Manager: Write
function animated_java:global/data_manager/write with storage animated_java:temp args