# This file was generated by Animated Java via MC-Build. It is not recommended to edit this file directly.
$data merge entity $(neck) {transformation: [-0.9982f,0.0376f,-0.0468f,-0.0115f,0.0018f,0.7976f,0.6032f,6.1172f,0.06f,0.602f,-0.7962f,-0.3845f,0f,0f,0f,1f],start_interpolation: 0,interpolation_duration: 1}
$data merge entity $(right_thumb_2) {transformation: [-0.5674f,0.0426f,-0.8224f,-2.2745f,-0.1253f,0.9826f,0.1374f,3.0278f,0.8139f,0.181f,-0.5521f,-1.3585f,0f,0f,0f,1f],start_interpolation: 0,interpolation_duration: 1}
$data merge entity $(right_thumb) {transformation: [-0.5674f,-0.4325f,-0.7007f,-2.4879f,-0.1253f,0.8864f,-0.4457f,3.3006f,0.8139f,-0.1651f,-0.5571f,-1.2831f,0f,0f,0f,1f],start_interpolation: 0,interpolation_duration: 1}
$data merge entity $(right_fingers2) {transformation: [0.1163f,-0.5553f,-0.8235f,-2.5032f,-0.9405f,-0.3281f,0.0884f,2.5437f,-0.3192f,0.7642f,-0.5605f,-1.5239f,0f,0f,0f,1f],start_interpolation: 0,interpolation_duration: 1}
$data merge entity $(right_fingers) {transformation: [-0.4316f,-0.3683f,-0.8235f,-2.6263f,-0.7389f,0.668f,0.0884f,2.7139f,0.5175f,0.6466f,-0.5605f,-1.3291f,0f,0f,0f,1f],start_interpolation: 0,interpolation_duration: 1}
$data merge entity $(scout) {transformation: [0f,0f,0f,-2.6135f,0f,0f,0f,2.7898f,0f,0f,0f,-1.5263f,0f,0f,0f,1f],start_interpolation: 0,interpolation_duration: 1}
$data merge entity $(right_hand) {transformation: [-0.5674f,0.0017f,-0.8235f,-2.6588f,-0.1253f,0.9882f,0.0884f,3.3254f,0.8139f,0.1533f,-0.5605f,-1.2638f,0f,0f,0f,1f],start_interpolation: 0,interpolation_duration: 1}
$data merge entity $(right_forearm) {transformation: [-1.3122f,0.1638f,0.3852f,-2.3436f,0.0716f,1.3367f,-0.3246f,5.3236f,-0.4124f,-0.2892f,-1.2819f,-1.7288f,0f,0f,0f,1f],start_interpolation: 0,interpolation_duration: 1}
$data merge entity $(right_shoulder) {transformation: [-1.1303f,0.9251f,0.1279f,-0.9919f,0.7334f,0.755f,1.0208f,6.0634f,0.5782f,0.8509f,-1.0447f,-0.7744f,0f,0f,0f,1f],start_interpolation: 0,interpolation_duration: 1}
$data merge entity $(right_arm) {transformation: [-0.9763f,0f,0.2164f,-0.4395f,0.1578f,0.6844f,0.7118f,6.1787f,-0.1481f,0.7291f,-0.6682f,-0.4853f,0f,0f,0f,1f],start_interpolation: 0,interpolation_duration: 1}
$data merge entity $(left_thumb_2) {transformation: [-0.4041f,0.4357f,0.8043f,0.2248f,-0.3635f,0.7304f,-0.5783f,2.8327f,-0.8394f,-0.526f,-0.1368f,0.8402f,0f,0f,0f,1f],start_interpolation: 0,interpolation_duration: 1}
$data merge entity $(left_thumb) {transformation: [-0.4041f,0.8787f,0.2542f,0.5638f,-0.3635f,0.1008f,-0.9261f,2.9321f,-0.8394f,-0.4667f,0.2786f,0.8106f,0f,0f,0f,1f],start_interpolation: 0,interpolation_duration: 1}
$data merge entity $(left_fingers2) {transformation: [0.686f,0.0601f,0.7252f,0.1719f,0.6796f,0.3032f,-0.668f,2.3235f,-0.26f,0.951f,0.1671f,1.0708f,0f,0f,0f,1f],start_interpolation: 0,interpolation_duration: 1}
$data merge entity $(left_fingers) {transformation: [0.3454f,0.5957f,0.7252f,0.3373f,0.1429f,0.7303f,-0.668f,2.5226f,-0.9275f,0.3344f,0.1671f,1.1934f,0f,0f,0f,1f],start_interpolation: 0,interpolation_duration: 1}
$data merge entity $(left_hand) {transformation: [-0.2985f,0.5599f,0.7729f,0.7138f,-0.3755f,0.6757f,-0.6344f,2.9077f,-0.8775f,-0.4796f,0.0086f,0.8949f,0f,0f,0f,1f],start_interpolation: 0,interpolation_duration: 1}
$data merge entity $(left_forearm) {transformation: [-1.1824f,0.6866f,-0.1662f,1.6926f,0.5923f,0.7869f,-0.9629f,4.0823f,-0.385f,-0.898f,-0.9708f,-0.5089f,0f,0f,0f,1f],start_interpolation: 0,interpolation_duration: 1}
$data merge entity $(left_shoulder) {transformation: [-1.265f,-0.3638f,0.646f,0.9733f,-0.2729f,1.4164f,0.2632f,5.7457f,-0.6894f,0.1068f,-1.2896f,-0.4762f,0f,0f,0f,1f],start_interpolation: 0,interpolation_duration: 1}
$data merge entity $(left_arm) {transformation: [-0.9763f,0f,0.2164f,0.4246f,0.1578f,0.6844f,0.7118f,6.039f,-0.1481f,0.7291f,-0.6682f,-0.3541f,0f,0f,0f,1f],start_interpolation: 0,interpolation_duration: 1}
$data merge entity $(chest) {transformation: [-1.2482f,0f,0.2767f,0f,0.2018f,0.875f,0.9101f,4.8974f,-0.1894f,0.9322f,-0.8543f,-1.7596f,0f,0f,0f,1f],start_interpolation: 0,interpolation_duration: 1}
$data merge entity $(left_cheek) {transformation: [-0.9893f,-0.0965f,-0.1095f,0.4062f,-0.1088f,0.9877f,0.1119f,4.0933f,0.0973f,0.1226f,-0.9877f,-2.4482f,0f,0f,0f,1f],start_interpolation: 0,interpolation_duration: 1}
$data merge entity $(left_foot) {transformation: [-0.9776f,-0.0521f,-0.2947f,0.9978f,-0.0596f,1.0205f,0.0171f,-2.8092f,0.2933f,0.0335f,-0.9788f,-1.7896f,0f,0f,0f,1f],start_interpolation: 0,interpolation_duration: 1}
$data merge entity $(left_knee) {transformation: [-2.9663f,0.1293f,-0.6608f,1.228f,-0.1089f,2.8536f,1.0474f,1.0347f,0.6644f,1.0451f,-2.7782f,-0.5315f,0f,0f,0f,1f],start_interpolation: 0,interpolation_duration: 1}
$data merge entity $(left_leg) {transformation: [-1.6753f,-0.2736f,-0.2642f,0.7287f,-0.0615f,1.3726f,-1.0312f,3.0355f,0.3753f,-0.9962f,-1.3484f,-2.1054f,0f,0f,0f,1f],start_interpolation: 0,interpolation_duration: 1}
$data merge entity $(right_cheek) {transformation: [-0.9979f,0.0581f,-0.027f,-0.451f,0.0539f,0.9892f,0.1363f,4.138f,0.0346f,0.1345f,-0.9903f,-2.3775f,0f,0f,0f,1f],start_interpolation: 0,interpolation_duration: 1}
$data merge entity $(right_foot) {transformation: [-1.0081f,-0.0686f,0.1555f,-0.2497f,-0.0076f,0.9527f,0.3708f,-1.7349f,-0.1698f,0.3644f,-0.94f,-3.2043f,0f,0f,0f,1f],start_interpolation: 0,interpolation_duration: 1}
$data merge entity $(right_knee) {transformation: [-3.013f,-0.3664f,0.1993f,-0.8351f,-0.1274f,2.1925f,2.1045f,1.3821f,-0.3971f,2.0762f,-2.1872f,-0.4317f,0f,0f,0f,1f],start_interpolation: 0,interpolation_duration: 1}
$data merge entity $(right_leg) {transformation: [-1.7017f,0.0651f,0.2264f,-0.6666f,-0.0719f,1.4284f,-0.9518f,3.7013f,-0.2243f,-0.9523f,-1.4122f,-1.9066f,0f,0f,0f,1f],start_interpolation: 0,interpolation_duration: 1}
$data merge entity $(weist) {transformation: [-1.6143f,-0.0181f,-0.1599f,0f,-0.036f,1.6118f,0.1808f,4.6695f,0.1569f,0.1834f,-1.6043f,-1.9364f,0f,0f,0f,1f],start_interpolation: 0,interpolation_duration: 1}
data modify storage animated_java:temp entry.data merge value {"locators":{"consume":{"px":-2.5538576275,"py":2.6366940292,"pz":-1.5693468943,"ry":304.2397521263,"rx":5.0725727203}}}
# Data Manager: Prepare for Read / Write
execute store result storage animated_java:temp args.id int 1 run scoreboard players get @s aj.id
# Data Manager: Write
function animated_java:global/data_manager/write with storage animated_java:temp args