# This file was generated by Animated Java via MC-Build. It is not recommended to edit this file directly.
$data merge entity $(neck) {transformation: [-0.9979f,0.0465f,-0.0456f,0.0055f,0.0127f,0.8254f,0.5643f,6.1441f,0.0639f,0.5626f,-0.8243f,-0.3608f,0f,0f,0f,1f],start_interpolation: 0,interpolation_duration: 1}
$data merge entity $(right_thumb_2) {transformation: [-0.6163f,0.1282f,-0.777f,-2.4415f,-0.0309f,0.982f,0.1866f,2.9826f,0.7869f,0.139f,-0.6012f,-1.3012f,0f,0f,0f,1f],start_interpolation: 0,interpolation_duration: 1}
$data merge entity $(right_thumb) {transformation: [-0.6163f,-0.3321f,-0.7141f,-2.6297f,-0.0309f,0.9162f,-0.3994f,3.2784f,0.7869f,-0.2241f,-0.5749f,-1.2485f,0f,0f,0f,1f],start_interpolation: 0,interpolation_duration: 1}
$data merge entity $(right_fingers2) {transformation: [0.0931f,-0.6151f,-0.7829f,-2.6978f,-0.9416f,-0.3101f,0.1317f,2.5212f,-0.3238f,0.7249f,-0.608f,-1.4572f,0f,0f,0f,1f],start_interpolation: 0,interpolation_duration: 1}
$data merge entity $(right_fingers) {transformation: [-0.5115f,-0.3541f,-0.7829f,-2.8189f,-0.6926f,0.7092f,0.1317f,2.7048f,0.5086f,0.6096f,-0.608f,-1.2736f,0f,0f,0f,1f],start_interpolation: 0,interpolation_duration: 1}
$data merge entity $(scout) {transformation: [0f,0f,0f,-2.7894f,0f,0f,0f,2.7687f,0f,0f,0f,-1.4732f,0f,0f,0f,1f],start_interpolation: 0,interpolation_duration: 1}
$data merge entity $(right_hand) {transformation: [-0.6163f,0.0848f,-0.7829f,-2.7983f,-0.0309f,0.9908f,0.1317f,3.3193f,0.7869f,0.1054f,-0.608f,-1.2397f,0f,0f,0f,1f],start_interpolation: 0,interpolation_duration: 1}
$data merge entity $(right_forearm) {transformation: [-1.2924f,0.2635f,0.3966f,-2.3334f,0.1681f,1.3259f,-0.333f,5.2969f,-0.4455f,-0.264f,-1.2763f,-1.6653f,0f,0f,0f,1f],start_interpolation: 0,interpolation_duration: 1}
$data merge entity $(right_shoulder) {transformation: [-1.1217f,0.9293f,0.1674f,-0.9796f,0.7911f,0.7831f,0.9543f,6.0615f,0.5155f,0.8204f,-1.1005f,-0.7335f,0f,0f,0f,1f],start_interpolation: 0,interpolation_duration: 1}
$data merge entity $(right_arm) {transformation: [-0.978f,0.009f,0.2086f,-0.4238f,0.1471f,0.7388f,0.6577f,6.1981f,-0.1482f,0.6739f,-0.7238f,-0.4609f,0f,0f,0f,1f],start_interpolation: 0,interpolation_duration: 1}
$data merge entity $(left_thumb_2) {transformation: [-0.4286f,0.3534f,0.8315f,0.4354f,-0.369f,0.7716f,-0.5182f,2.6766f,-0.8247f,-0.5289f,-0.2003f,0.9126f,0f,0f,0f,1f],start_interpolation: 0,interpolation_duration: 1}
$data merge entity $(left_thumb) {transformation: [-0.4286f,0.8279f,0.3617f,0.7602f,-0.369f,0.205f,-0.9065f,2.81f,-0.8247f,-0.522f,0.2177f,0.8638f,0f,0f,0f,1f],start_interpolation: 0,interpolation_duration: 1}
$data merge entity $(left_fingers2) {transformation: [0.6148f,0.0876f,0.7838f,0.4305f,0.7573f,0.212f,-0.6177f,2.1716f,-0.2203f,0.9733f,0.064f,1.1315f,0f,0f,0f,1f],start_interpolation: 0,interpolation_duration: 1}
$data merge entity $(left_fingers) {transformation: [0.2469f,0.5699f,0.7838f,0.5917f,0.2153f,0.7564f,-0.6177f,2.3765f,-0.9448f,0.3212f,0.064f,1.2501f,0f,0f,0f,1f],start_interpolation: 0,interpolation_duration: 1}
$data merge entity $(left_hand) {transformation: [-0.3417f,0.4751f,0.8109f,0.9176f,-0.372f,0.724f,-0.5809f,2.7937f,-0.8631f,-0.5001f,-0.0707f,0.9355f,0f,0f,0f,1f],start_interpolation: 0,interpolation_duration: 1}
$data merge entity $(left_forearm) {transformation: [-1.2397f,0.5794f,-0.1565f,1.7329f,0.5283f,0.8833f,-0.9153f,4.1126f,-0.2846f,-0.8838f,-1.0173f,-0.4444f,0f,0f,0f,1f],start_interpolation: 0,interpolation_duration: 1}
$data merge entity $(left_shoulder) {transformation: [-1.2811f,-0.3825f,0.6019f,0.989f,-0.3109f,1.4133f,0.2363f,5.7654f,-0.6418f,0.0788f,-1.3159f,-0.4353f,0f,0f,0f,1f],start_interpolation: 0,interpolation_duration: 1}
$data merge entity $(left_arm) {transformation: [-0.978f,0.009f,0.2086f,0.4418f,0.1471f,0.7388f,0.6577f,6.068f,-0.1482f,0.6739f,-0.7238f,-0.3297f,0f,0f,0f,1f],start_interpolation: 0,interpolation_duration: 1}
$data merge entity $(chest) {transformation: [-1.2504f,0.0115f,0.2667f,0f,0.188f,0.9445f,0.8409f,4.8216f,-0.1894f,0.8616f,-0.9254f,-1.6374f,0f,0f,0f,1f],start_interpolation: 0,interpolation_duration: 1}
$data merge entity $(left_cheek) {transformation: [-0.9883f,-0.0915f,-0.122f,0.3938f,-0.1059f,0.9873f,0.1181f,4.0182f,0.1097f,0.1296f,-0.9855f,-2.3157f,0f,0f,0f,1f],start_interpolation: 0,interpolation_duration: 1}
$data merge entity $(left_foot) {transformation: [-0.9662f,-0.0478f,-0.3307f,0.9702f,-0.0572f,1.0206f,0.0196f,-3.1987f,0.3292f,0.037f,-0.9672f,-1.7656f,0f,0f,0f,1f],start_interpolation: 0,interpolation_duration: 1}
$data merge entity $(left_knee) {transformation: [-2.9471f,0.1372f,-0.7401f,1.2082f,-0.1026f,2.8897f,0.944f,0.7131f,0.7457f,0.9396f,-2.7952f,-0.6429f,0f,0f,0f,1f],start_interpolation: 0,interpolation_duration: 1}
$data merge entity $(left_leg) {transformation: [-1.6645f,-0.259f,-0.3372f,0.7278f,-0.0579f,1.4879f,-0.8569f,2.934f,0.4212f,-0.8188f,-1.4503f,-1.9447f,0f,0f,0f,1f],start_interpolation: 0,interpolation_duration: 1}
$data merge entity $(right_cheek) {transformation: [-0.9969f,0.0685f,-0.0375f,-0.4517f,0.0628f,0.9886f,0.1369f,4.0548f,0.0464f,0.1341f,-0.9899f,-2.2171f,0f,0f,0f,1f],start_interpolation: 0,interpolation_duration: 1}
$data merge entity $(right_foot) {transformation: [-1.0098f,-0.0522f,0.1514f,-0.3172f,-0.0112f,0.9871f,0.266f,-2.2891f,-0.1597f,0.261f,-0.9755f,-2.4897f,0f,0f,0f,1f],start_interpolation: 0,interpolation_duration: 1}
$data merge entity $(right_knee) {transformation: [-3.0204f,-0.2937f,0.2075f,-0.8019f,-0.128f,2.5183f,1.7012f,1.2621f,-0.3361f,1.6806f,-2.513f,-0.2762f,0f,0f,0f,1f],start_interpolation: 0,interpolation_duration: 1}
$data merge entity $(right_leg) {transformation: [-1.7059f,0.0444f,0.1982f,-0.6655f,-0.0723f,1.4338f,-0.9436f,3.5898f,-0.1898f,-0.9453f,-1.4219f,-1.7411f,0f,0f,0f,1f],start_interpolation: 0,interpolation_duration: 1}
$data merge entity $(weist) {transformation: [-1.6123f,-0.0171f,-0.1793f,0f,-0.034f,1.6149f,0.1518f,4.5704f,0.1769f,0.1547f,-1.6052f,-1.7963f,0f,0f,0f,1f],start_interpolation: 0,interpolation_duration: 1}
data modify storage animated_java:temp entry.data merge value {"locators":{"consume":{"px":-2.7419378586,"py":2.6087958561,"pz":-1.5055044037,"ry":307.8313565338,"rx":7.5657098434}}}
# Data Manager: Prepare for Read / Write
execute store result storage animated_java:temp args.id int 1 run scoreboard players get @s aj.id
# Data Manager: Write
function animated_java:global/data_manager/write with storage animated_java:temp args
execute unless entity @s[tag=aj.transforms_only] at @s run function animated_java:female/animations/born/zzz/frames/33_root_function