# This file was generated by Animated Java via MC-Build. It is not recommended to edit this file directly.
$data merge entity $(neck) {transformation: [-0.9975f,0.0563f,-0.0425f,0.0292f,0.0274f,0.8645f,0.5019f,6.1894f,0.0649f,0.4995f,-0.8639f,-0.3754f,0f,0f,0f,1f],start_interpolation: 0,interpolation_duration: 1}
$data merge entity $(right_thumb_2) {transformation: [-0.6539f,0.1872f,-0.733f,-2.5145f,0.0684f,0.9796f,0.1892f,2.9025f,0.7535f,0.0736f,-0.6534f,-1.1885f,0f,0f,0f,1f],start_interpolation: 0,interpolation_duration: 1}
$data merge entity $(right_thumb) {transformation: [-0.6539f,-0.2545f,-0.7125f,-2.6833f,0.0684f,0.918f,-0.3906f,3.2135f,0.7535f,-0.3041f,-0.5829f,-1.1664f,0f,0f,0f,1f],start_interpolation: 0,interpolation_duration: 1}
$data merge entity $(right_fingers2) {transformation: [0.0989f,-0.6618f,-0.7431f,-2.7841f,-0.9494f,-0.2864f,0.1287f,2.4538f,-0.2981f,0.6928f,-0.6567f,-1.324f,0f,0f,0f,1f],start_interpolation: 0,interpolation_duration: 1}
$data merge entity $(right_fingers) {transformation: [-0.5668f,-0.3557f,-0.7431f,-2.9069f,-0.6427f,0.7552f,0.1287f,2.6518f,0.5154f,0.5506f,-0.6567f,-1.1574f,0f,0f,0f,1f],start_interpolation: 0,interpolation_duration: 1}
$data merge entity $(scout) {transformation: [0f,0f,0f,-2.8638f,0f,0f,0f,2.6978f,0f,0f,0f,-1.3595f,0f,0f,0f,1f],start_interpolation: 0,interpolation_duration: 1}
$data merge entity $(right_hand) {transformation: [-0.6539f,0.1419f,-0.7431f,-2.8493f,0.0684f,0.9893f,0.1287f,3.2648f,0.7535f,0.0334f,-0.6567f,-1.1697f,0f,0f,0f,1f],start_interpolation: 0,interpolation_duration: 1}
$data merge entity $(right_forearm) {transformation: [-1.2663f,0.3236f,0.4347f,-2.2934f,0.2084f,1.3107f,-0.3686f,5.2165f,-0.5003f,-0.2731f,-1.2539f,-1.6057f,0f,0f,0f,1f],start_interpolation: 0,interpolation_duration: 1}
$data merge entity $(right_shoulder) {transformation: [-1.1365f,0.9073f,0.1876f,-0.9642f,0.8248f,0.8557f,0.8586f,6.0659f,0.4218f,0.771f,-1.1736f,-0.7129f,0f,0f,0f,1f],start_interpolation: 0,interpolation_duration: 1}
$data merge entity $(right_arm) {transformation: [-0.9821f,0.0213f,0.1869f,-0.4026f,0.128f,0.8039f,0.5808f,6.2315f,-0.1379f,0.5944f,-0.7923f,-0.4697f,0f,0f,0f,1f],start_interpolation: 0,interpolation_duration: 1}
$data merge entity $(left_thumb_2) {transformation: [-0.4688f,0.2506f,0.847f,0.7319f,-0.3735f,0.8127f,-0.4472f,2.554f,-0.8005f,-0.526f,-0.2874f,0.9096f,0f,0f,0f,1f],start_interpolation: 0,interpolation_duration: 1}
$data merge entity $(left_thumb) {transformation: [-0.4688f,0.748f,0.4698f,1.0354f,-0.3735f,0.3141f,-0.8728f,2.7228f,-0.8005f,-0.5846f,0.1321f,0.8383f,0f,0f,0f,1f],start_interpolation: 0,interpolation_duration: 1}
$data merge entity $(left_fingers2) {transformation: [0.5353f,0.1525f,0.8308f,0.7811f,0.8252f,0.1155f,-0.5529f,2.0551f,-0.1803f,0.9815f,-0.064f,1.1099f,0f,0f,0f,1f],start_interpolation: 0,interpolation_duration: 1}
$data merge entity $(left_fingers) {transformation: [0.1172f,0.5441f,0.8308f,0.9389f,0.2862f,0.7826f,-0.5529f,2.2659f,-0.951f,0.3025f,-0.064f,1.2224f,0f,0f,0f,1f],start_interpolation: 0,interpolation_duration: 1}
$data merge entity $(left_hand) {transformation: [-0.401f,0.3683f,0.8388f,1.2002f,-0.3693f,0.773f,-0.5159f,2.716f,-0.8383f,-0.5166f,-0.174f,0.8932f,0f,0f,0f,1f],start_interpolation: 0,interpolation_duration: 1}
$data merge entity $(left_forearm) {transformation: [-1.2927f,0.4392f,-0.1822f,1.8012f,0.4531f,0.9778f,-0.8577f,4.1763f,-0.1441f,-0.8649f,-1.0622f,-0.454f,0f,0f,0f,1f],start_interpolation: 0,interpolation_duration: 1}
$data merge entity $(left_shoulder) {transformation: [-1.3055f,-0.417f,0.5211f,1.0128f,-0.3587f,1.4038f,0.2248f,5.8083f,-0.5629f,0.0726f,-1.3519f,-0.4354f,0f,0f,0f,1f],start_interpolation: 0,interpolation_duration: 1}
$data merge entity $(left_arm) {transformation: [-0.9821f,0.0213f,0.1869f,0.4667f,0.128f,0.8039f,0.5808f,6.1182f,-0.1379f,0.5944f,-0.7923f,-0.3476f,0f,0f,0f,1f],start_interpolation: 0,interpolation_duration: 1}
$data merge entity $(chest) {transformation: [-1.2557f,0.0272f,0.239f,0f,0.1636f,1.0278f,0.7426f,4.7431f,-0.1763f,0.76f,-1.0129f,-1.5096f,0f,0f,0f,1f],start_interpolation: 0,interpolation_duration: 1}
$data merge entity $(left_cheek) {transformation: [-0.9878f,-0.0814f,-0.1329f,0.3818f,-0.0985f,0.9869f,0.1274f,3.9526f,0.1207f,0.139f,-0.9829f,-2.1726f,0f,0f,0f,1f],start_interpolation: 0,interpolation_duration: 1}
$data merge entity $(left_foot) {transformation: [-0.954f,-0.0415f,-0.3651f,0.9182f,-0.053f,1.0207f,0.0225f,-3.5429f,0.3636f,0.0399f,-0.9547f,-1.7522f,0f,0f,0f,1f],start_interpolation: 0,interpolation_duration: 1}
$data merge entity $(left_knee) {transformation: [-2.9265f,0.1433f,-0.8168f,1.1618f,-0.0924f,2.921f,0.8434f,0.4302f,0.8241f,0.8363f,-2.806f,-0.7637f,0f,0f,0f,1f],start_interpolation: 0,interpolation_duration: 1}
$data merge entity $(left_leg) {transformation: [-1.6529f,-0.2293f,-0.4084f,0.7261f,-0.0522f,1.5789f,-0.6752f,2.8315f,0.4655f,-0.6372f,-1.526f,-1.7779f,0f,0f,0f,1f],start_interpolation: 0,interpolation_duration: 1}
$data merge entity $(right_cheek) {transformation: [-0.9958f,0.0777f,-0.049f,-0.4519f,0.0708f,0.989f,0.1296f,3.9672f,0.0585f,0.1256f,-0.9904f,-2.0613f,0f,0f,0f,1f],start_interpolation: 0,interpolation_duration: 1}
$data merge entity $(right_foot) {transformation: [-1.0111f,-0.0389f,0.1464f,-0.3781f,-0.0166f,1.0106f,0.1536f,-2.7595f,-0.1506f,0.1495f,-1.0001f,-1.6972f,0f,0f,0f,1f],start_interpolation: 0,interpolation_duration: 1}
$data merge entity $(right_knee) {transformation: [-3.0263f,-0.2283f,0.2032f,-0.7727f,-0.1259f,2.7741f,1.2413f,1.1271f,-0.2785f,1.2266f,-2.7695f,-0.1209f,0f,0f,0f,1f],start_interpolation: 0,interpolation_duration: 1}
$data merge entity $(right_leg) {transformation: [-1.7093f,0.0261f,0.1706f,-0.6647f,-0.0711f,1.4408f,-0.933f,3.4656f,-0.1573f,-0.9354f,-1.4324f,-1.5709f,0f,0f,0f,1f],start_interpolation: 0,interpolation_duration: 1}
$data merge entity $(weist) {transformation: [-1.6101f,-0.0154f,-0.1982f,0f,-0.0307f,1.6173f,0.1238f,4.4703f,0.1964f,0.1267f,-1.6054f,-1.6496f,0f,0f,0f,1f],start_interpolation: 0,interpolation_duration: 1}
data modify storage animated_java:temp entry.data merge value {"locators":{"consume":{"px":-2.8250963612,"py":2.5332516502,"pz":-1.3768984401,"ry":311.4650771737,"rx":7.3967451929}}}
# Data Manager: Prepare for Read / Write
execute store result storage animated_java:temp args.id int 1 run scoreboard players get @s aj.id
# Data Manager: Write
function animated_java:global/data_manager/write with storage animated_java:temp args