# This file was generated by Animated Java via MC-Build. It is not recommended to edit this file directly.
$data merge entity $(neck) {transformation: [-0.9973f,0.0622f,-0.038f,0.0503f,0.0405f,0.9065f,0.4202f,6.1475f,0.0606f,0.4175f,-0.9066f,-0.3327f,0f,0f,0f,1f],start_interpolation: 0,interpolation_duration: 1}
$data merge entity $(right_thumb_2) {transformation: [-0.6838f,0.2197f,-0.6958f,-2.4996f,0.1569f,0.9756f,0.1539f,2.6947f,0.7126f,-0.0039f,-0.7016f,-0.9413f,0f,0f,0f,1f],start_interpolation: 0,interpolation_duration: 1}
$data merge entity $(right_thumb) {transformation: [-0.6838f,-0.2029f,-0.7009f,-2.6563f,0.1569f,0.8972f,-0.4127f,3.0125f,0.7126f,-0.3922f,-0.5817f,-0.9536f,0f,0f,0f,1f],start_interpolation: 0,interpolation_duration: 1}
$data merge entity $(right_fingers2) {transformation: [0.1306f,-0.6931f,-0.7089f,-2.7701f,-0.9586f,-0.2709f,0.0883f,2.2504f,-0.2532f,0.668f,-0.6997f,-1.0497f,0f,0f,0f,1f],start_interpolation: 0,interpolation_duration: 1}
$data merge entity $(right_fingers) {transformation: [-0.5987f,-0.3728f,-0.7089f,-2.8984f,-0.5998f,0.7952f,0.0883f,2.4607f,0.5309f,0.4781f,-0.6997f,-0.9036f,0f,0f,0f,1f],start_interpolation: 0,interpolation_duration: 1}
$data merge entity $(scout) {transformation: [0f,0f,0f,-2.8451f,0f,0f,0f,2.4864f,0f,0f,0f,-1.1068f,0f,0f,0f,1f],start_interpolation: 0,interpolation_duration: 1}
$data merge entity $(right_hand) {transformation: [-0.6838f,0.1727f,-0.7089f,-2.8203f,0.1569f,0.9837f,0.0883f,3.068f,0.7126f,-0.0509f,-0.6997f,-0.9693f,0f,0f,0f,1f],start_interpolation: 0,interpolation_duration: 1}
$data merge entity $(right_forearm) {transformation: [-1.2403f,0.3441f,0.4902f,-2.2326f,0.1956f,1.2982f,-0.4165f,4.9998f,-0.5661f,-0.3054f,-1.2179f,-1.45f,0f,0f,0f,1f],start_interpolation: 0,interpolation_duration: 1}
$data merge entity $(right_shoulder) {transformation: [-1.1711f,0.8616f,0.1899f,-0.9522f,0.8253f,0.9582f,0.742f,5.9778f,0.3119f,0.6996f,-1.2503f,-0.6197f,0f,0f,0f,1f],start_interpolation: 0,interpolation_duration: 1}
$data merge entity $(right_arm) {transformation: [-0.9874f,0.0318f,0.1549f,-0.3848f,0.1039f,0.8692f,0.4834f,6.1751f,-0.1193f,0.4934f,-0.8616f,-0.4168f,0f,0f,0f,1f],start_interpolation: 0,interpolation_duration: 1}
$data merge entity $(left_thumb_2) {transformation: [-0.521f,0.1415f,0.8417f,1.0564f,-0.3744f,0.8483f,-0.3744f,2.3729f,-0.767f,-0.5102f,-0.389f,0.9125f,0f,0f,0f,1f],start_interpolation: 0,interpolation_duration: 1}
$data merge entity $(left_thumb) {transformation: [-0.521f,0.6445f,0.5596f,1.3331f,-0.3744f,0.4165f,-0.8284f,2.5741f,-0.767f,-0.6411f,0.0243f,0.8196f,0f,0f,0f,1f],start_interpolation: 0,interpolation_duration: 1}
$data merge entity $(left_fingers2) {transformation: [0.4628f,0.2471f,0.8513f,1.157f,0.8761f,0.019f,-0.4818f,1.8821f,-0.1352f,0.9688f,-0.2077f,1.086f,0f,0f,0f,1f],start_interpolation: 0,interpolation_duration: 1}
$data merge entity $(left_fingers) {transformation: [-0.0307f,0.5238f,0.8513f,1.3133f,0.3494f,0.8036f,-0.4818f,2.0977f,-0.9365f,0.2827f,-0.2077f,1.1914f,0f,0f,0f,1f],start_interpolation: 0,interpolation_duration: 1}
$data merge entity $(left_hand) {transformation: [-0.4717f,0.2522f,0.8449f,1.5033f,-0.366f,0.8158f,-0.4479f,2.5771f,-0.8022f,-0.5205f,-0.2925f,0.8548f,0f,0f,0f,1f],start_interpolation: 0,interpolation_duration: 1}
$data merge entity $(left_forearm) {transformation: [-1.3244f,0.2864f,-0.2468f,1.8705f,0.3773f,1.0605f,-0.7939f,4.161f,0.025f,-0.831f,-1.0982f,-0.4356f,0f,0f,0f,1f],start_interpolation: 0,interpolation_duration: 1}
$data merge entity $(left_shoulder) {transformation: [-1.3314f,-0.4539f,0.4138f,1.0354f,-0.406f,1.3916f,0.2203f,5.7687f,-0.461f,0.0854f,-1.3893f,-0.3796f,0f,0f,0f,1f],start_interpolation: 0,interpolation_duration: 1}
$data merge entity $(left_arm) {transformation: [-0.9874f,0.0318f,0.1549f,0.4891f,0.1039f,0.8692f,0.4834f,6.0832f,-0.1193f,0.4934f,-0.8616f,-0.3112f,0f,0f,0f,1f],start_interpolation: 0,interpolation_duration: 1}
$data merge entity $(chest) {transformation: [-1.2624f,0.0407f,0.1981f,0f,0.1328f,1.1113f,0.6181f,4.5761f,-0.1525f,0.6309f,-1.1016f,-1.285f,0f,0f,0f,1f],start_interpolation: 0,interpolation_duration: 1}
$data merge entity $(left_cheek) {transformation: [-0.9875f,-0.0658f,-0.1432f,0.3753f,-0.0864f,0.9859f,0.143f,3.7982f,0.1317f,0.1536f,-0.9793f,-1.9144f,0f,0f,0f,1f],start_interpolation: 0,interpolation_duration: 1}
$data merge entity $(left_foot) {transformation: [-0.9413f,-0.0336f,-0.3975f,0.8444f,-0.0473f,1.021f,0.0257f,-3.9244f,0.3961f,0.0421f,-0.9416f,-1.6496f,0f,0f,0f,1f],start_interpolation: 0,interpolation_duration: 1}
$data merge entity $(left_knee) {transformation: [-2.905f,0.1477f,-0.8896f,1.0915f,-0.0791f,2.9474f,0.7475f,0.1029f,0.8983f,0.737f,-2.8111f,-0.7915f,0f,0f,0f,1f],start_interpolation: 0,interpolation_duration: 1}
$data merge entity $(left_leg) {transformation: [-1.6407f,-0.1864f,-0.474f,0.7238f,-0.0447f,1.6452f,-0.4926f,2.6424f,0.5073f,-0.4581f,-1.5761f,-1.515f,0f,0f,0f,1f],start_interpolation: 0,interpolation_duration: 1}
$data merge entity $(right_cheek) {transformation: [-0.9945f,0.0839f,-0.0628f,-0.453f,0.0766f,0.9908f,0.1114f,3.7896f,0.0716f,0.106f,-0.9918f,-1.8264f,0f,0f,0f,1f],start_interpolation: 0,interpolation_duration: 1}
$data merge entity $(right_foot) {transformation: [-1.0122f,-0.0292f,0.1408f,-0.4281f,-0.0239f,1.0213f,0.0398f,-3.2117f,-0.1418f,0.0361f,-1.0118f,-0.778f,0f,0f,0f,1f],start_interpolation: 0,interpolation_duration: 1}
$data merge entity $(right_knee) {transformation: [-3.0309f,-0.1737f,0.1888f,-0.7478f,-0.1218f,2.9444f,0.7535f,0.8908f,-0.2258f,0.7433f,-2.9409f,0.1239f,0f,0f,0f,1f],start_interpolation: 0,interpolation_duration: 1}
$data merge entity $(right_leg) {transformation: [-1.7118f,0.0104f,0.1446f,-0.6641f,-0.0688f,1.4495f,-0.9196f,3.2427f,-0.1275f,-0.9221f,-1.4439f,-1.3058f,0f,0f,0f,1f],start_interpolation: 0,interpolation_duration: 1}
$data merge entity $(weist) {transformation: [-1.6078f,-0.0132f,-0.2161f,0f,-0.0264f,1.6192f,0.0972f,4.2837f,0.2149f,0.0999f,-1.6049f,-1.4058f,0f,0f,0f,1f],start_interpolation: 0,interpolation_duration: 1}
data modify storage animated_java:temp entry.data merge value {"locators":{"consume":{"px":-2.8110169489,"py":2.319959484,"pz":-1.107228719,"ry":314.625038386,"rx":5.0648181594}}}
# Data Manager: Prepare for Read / Write
execute store result storage animated_java:temp args.id int 1 run scoreboard players get @s aj.id
# Data Manager: Write
function animated_java:global/data_manager/write with storage animated_java:temp args