# This file was generated by Animated Java via MC-Build. It is not recommended to edit this file directly.
$data merge entity $(neck) {transformation: [-0.9976f,0.0608f,-0.0322f,0.0608f,0.0471f,0.9445f,0.3252f,6.072f,0.0501f,0.3229f,-0.9451f,-0.2863f,0f,0f,0f,1f],start_interpolation: 0,interpolation_duration: 1}
$data merge entity $(right_thumb_2) {transformation: [-0.7089f,0.2274f,-0.6676f,-2.4077f,0.2247f,0.9701f,0.0919f,2.4361f,0.6685f,-0.0849f,-0.7388f,-0.6312f,0f,0f,0f,1f],start_interpolation: 0,interpolation_duration: 1}
$data merge entity $(right_thumb) {transformation: [-0.7089f,-0.1773f,-0.6826f,-2.5602f,0.2247f,0.8607f,-0.4569f,2.7528f,0.6685f,-0.4773f,-0.5703f,-0.6776f,0f,0f,0f,1f],start_interpolation: 0,interpolation_duration: 1}
$data merge entity $(right_fingers2) {transformation: [0.1833f,-0.7078f,-0.6822f,-2.669f,-0.9625f,-0.2703f,0.0218f,1.9902f,-0.1999f,0.6527f,-0.7308f,-0.709f,0f,0f,0f,1f],start_interpolation: 0,interpolation_duration: 1}
$data merge entity $(right_fingers) {transformation: [-0.6093f,-0.4041f,-0.6822f,-2.8063f,-0.5694f,0.8217f,0.0218f,2.2085f,0.5518f,0.4018f,-0.7308f,-0.5843f,0f,0f,0f,1f],start_interpolation: 0,interpolation_duration: 1}
$data merge entity $(scout) {transformation: [0f,0f,0f,-2.7454f,0f,0f,0f,2.2147f,0f,0f,0f,-0.7869f,0f,0f,0f,1f],start_interpolation: 0,interpolation_duration: 1}
$data merge entity $(right_hand) {transformation: [-0.7089f,0.1788f,-0.6822f,-2.7232f,0.2247f,0.9742f,0.0218f,2.8067f,0.6685f,-0.1378f,-0.7308f,-0.7046f,0f,0f,0f,1f],start_interpolation: 0,interpolation_duration: 1}
$data merge entity $(right_forearm) {transformation: [-1.2175f,0.3286f,0.5539f,-2.1576f,0.1381f,1.2903f,-0.4617f,4.7273f,-0.6291f,-0.3526f,-1.1735f,-1.2521f,0f,0f,0f,1f],start_interpolation: 0,interpolation_duration: 1}
$data merge entity $(right_shoulder) {transformation: [-1.2194f,0.7947f,0.1773f,-0.9486f,0.7885f,1.073f,0.6139f,5.8568f,0.203f,0.6059f,-1.3197f,-0.5119f,0f,0f,0f,1f],start_interpolation: 0,interpolation_duration: 1}
$data merge entity $(right_arm) {transformation: [-0.9925f,0.0365f,0.117f,-0.3774f,0.0777f,0.9255f,0.3707f,6.0842f,-0.0948f,0.377f,-0.9214f,-0.357f,0f,0f,0f,1f],start_interpolation: 0,interpolation_duration: 1}
$data merge entity $(left_thumb_2) {transformation: [-0.5801f,0.0405f,0.8135f,1.3518f,-0.3702f,0.8765f,-0.3076f,2.1903f,-0.7255f,-0.4796f,-0.4935f,0.8672f,0f,0f,0f,1f],start_interpolation: 0,interpolation_duration: 1}
$data merge entity $(left_thumb) {transformation: [-0.5801f,0.5298f,0.6187f,1.5995f,-0.3702f,0.5051f,-0.7797f,2.4187f,-0.7255f,-0.6813f,-0.0969f,0.7569f,0f,0f,0f,1f],start_interpolation: 0,interpolation_duration: 1}
$data merge entity $(left_fingers2) {transformation: [0.4106f,0.3562f,0.8394f,1.4944f,0.9078f,-0.0731f,-0.413f,1.7089f,-0.0858f,0.9315f,-0.3534f,1.0073f,0f,0f,0f,1f],start_interpolation: 0,interpolation_duration: 1}
$data merge entity $(left_fingers) {transformation: [-0.1796f,0.513f,0.8394f,1.6518f,0.4028f,0.8168f,-0.413f,1.9272f,-0.8975f,0.2639f,-0.3534f,1.1052f,0f,0f,0f,1f],start_interpolation: 0,interpolation_duration: 1}
$data merge entity $(left_hand) {transformation: [-0.547f,0.1413f,0.8251f,1.7723f,-0.3605f,0.8498f,-0.3845f,2.4304f,-0.7555f,-0.5078f,-0.4139f,0.7713f,0f,0f,0f,1f],start_interpolation: 0,interpolation_duration: 1}
$data merge entity $(left_forearm) {transformation: [-1.3261f,0.1427f,-0.3438f,1.9196f,0.3101f,1.1272f,-0.7282f,4.1144f,0.2059f,-0.7785f,-1.1174f,-0.4333f,0f,0f,0f,1f],start_interpolation: 0,interpolation_duration: 1}
$data merge entity $(left_shoulder) {transformation: [-1.3534f,-0.4824f,0.2921f,1.0492f,-0.4451f,1.3801f,0.2171f,5.7003f,-0.3464f,0.1117f,-1.4203f,-0.3211f,0f,0f,0f,1f],start_interpolation: 0,interpolation_duration: 1}
$data merge entity $(left_arm) {transformation: [-0.9925f,0.0365f,0.117f,0.5011f,0.0777f,0.9255f,0.3707f,6.0154f,-0.0948f,0.377f,-0.9214f,-0.2732f,0f,0f,0f,1f],start_interpolation: 0,interpolation_duration: 1}
$data merge entity $(chest) {transformation: [-1.2689f,0.0467f,0.1496f,0f,0.0994f,1.1833f,0.474f,4.3912f,-0.1211f,0.482f,-1.178f,-1.0278f,0f,0f,0f,1f],start_interpolation: 0,interpolation_duration: 1}
$data merge entity $(left_cheek) {transformation: [-0.9874f,-0.0549f,-0.1486f,0.3729f,-0.0738f,0.9894f,0.1249f,3.6053f,0.1402f,0.1343f,-0.981f,-1.6178f,0f,0f,0f,1f],start_interpolation: 0,interpolation_duration: 1}
$data merge entity $(left_foot) {transformation: [-0.9285f,-0.0244f,-0.4272f,0.754f,-0.0403f,1.0212f,0.0294f,-4.2728f,0.4259f,0.0435f,-0.9284f,-1.5135f,0f,0f,0f,1f],start_interpolation: 0,interpolation_duration: 1}
$data merge entity $(left_knee) {transformation: [-2.8833f,0.1505f,-0.9572f,1.0027f,-0.0635f,2.969f,0.658f,-0.1986f,0.9669f,0.6437f,-2.8112f,-0.7791f,0f,0f,0f,1f],start_interpolation: 0,interpolation_duration: 1}
$data merge entity $(left_leg) {transformation: [-1.6285f,-0.1338f,-0.5307f,0.7211f,-0.0359f,1.6884f,-0.3155f,2.4378f,0.5461f,-0.288f,-1.6032f,-1.2209f,0f,0f,0f,1f],start_interpolation: 0,interpolation_duration: 1}
$data merge entity $(right_cheek) {transformation: [-0.9924f,0.0848f,-0.0893f,-0.4608f,0.075f,0.9913f,0.1081f,3.5901f,0.0977f,0.1006f,-0.9901f,-1.5564f,0f,0f,0f,1f],start_interpolation: 0,interpolation_duration: 1}
$data merge entity $(right_foot) {transformation: [-1.0143f,-0.0238f,0.1261f,-0.4543f,-0.0253f,1.022f,-0.0114f,-3.6735f,-0.1257f,-0.0144f,-1.0145f,-0.2248f,0f,0f,0f,1f],start_interpolation: 0,interpolation_duration: 1}
$data merge entity $(right_knee) {transformation: [-3.0357f,-0.1294f,0.1408f,-0.7148f,-0.1076f,3.0073f,0.4433f,0.5037f,-0.1581f,0.4375f,-3.006f,0.2532f,0f,0f,0f,1f],start_interpolation: 0,interpolation_duration: 1}
$data merge entity $(right_leg) {transformation: [-1.7146f,-0.0108f,0.1075f,-0.6638f,-0.0608f,1.5093f,-0.8184f,2.9483f,-0.0893f,-0.8205f,-1.5067f,-1.0135f,0f,0f,0f,1f],start_interpolation: 0,interpolation_duration: 1}
$data merge entity $(weist) {transformation: [-1.6055f,-0.0106f,-0.2328f,0f,-0.0212f,1.6206f,0.0724f,4.0813f,0.232f,0.0747f,-1.6039f,-1.1298f,0f,0f,0f,1f],start_interpolation: 0,interpolation_duration: 1}
data modify storage animated_java:temp entry.data merge value {"locators":{"consume":{"px":-2.7121268719,"py":2.0488972478,"pz":-0.7702143512,"ry":316.9680917761,"rx":1.2492299136}}}
# Data Manager: Prepare for Read / Write
execute store result storage animated_java:temp args.id int 1 run scoreboard players get @s aj.id
# Data Manager: Write
function animated_java:global/data_manager/write with storage animated_java:temp args