# This file was generated by Animated Java via MC-Build. It is not recommended to edit this file directly.
$data merge entity $(neck) {transformation: [-0.9984f,0.0509f,-0.0249f,0.0572f,0.044f,0.9733f,0.2255f,6.0096f,0.0357f,0.224f,-0.9739f,-0.2475f,0f,0f,0f,1f],start_interpolation: 0,interpolation_duration: 1}
$data merge entity $(right_thumb_2) {transformation: [-0.7305f,0.2151f,-0.6481f,-2.2581f,0.2689f,0.963f,0.0165f,2.2015f,0.6277f,-0.1622f,-0.7614f,-0.2951f,0f,0f,0f,1f],start_interpolation: 0,interpolation_duration: 1}
$data merge entity $(right_thumb) {transformation: [-0.7305f,-0.1738f,-0.6604f,-2.413f,0.2689f,0.8158f,-0.5121f,2.511f,0.6277f,-0.5517f,-0.5492f,-0.3718f,0f,0f,0f,1f],start_interpolation: 0,interpolation_duration: 1}
$data merge entity $(right_fingers2) {transformation: [0.2495f,-0.7061f,-0.6627f,-2.503f,-0.957f,-0.2844f,-0.0574f,1.7513f,-0.148f,0.6485f,-0.7467f,-0.3415f,0f,0f,0f,1f],start_interpolation: 0,interpolation_duration: 1}
$data merge entity $(right_fingers) {transformation: [-0.6022f,-0.4452f,-0.6627f,-2.6517f,-0.552f,0.8319f,-0.0574f,1.9724f,0.5769f,0.3312f,-0.7467f,-0.2363f,0f,0f,0f,1f],start_interpolation: 0,interpolation_duration: 1}
$data merge entity $(scout) {transformation: [0f,0f,0f,-2.5855f,0f,0f,0f,1.9617f,0f,0f,0f,-0.437f,0f,0f,0f,1f],start_interpolation: 0,interpolation_duration: 1}
$data merge entity $(right_hand) {transformation: [-0.7305f,0.1648f,-0.6627f,-2.5761f,0.2689f,0.9615f,-0.0574f,2.559f,0.6277f,-0.2201f,-0.7467f,-0.4076f,0f,0f,0f,1f],start_interpolation: 0,interpolation_duration: 1}
$data merge entity $(right_forearm) {transformation: [-1.1979f,0.2849f,0.6173f,-2.0748f,0.051f,1.2847f,-0.4939f,4.4737f,-0.6779f,-0.4067f,-1.1279f,-1.0329f,0f,0f,0f,1f],start_interpolation: 0,interpolation_duration: 1}
$data merge entity $(right_shoulder) {transformation: [-1.2726f,0.7117f,0.154f,-0.9556f,0.7197f,1.1821f,0.4842f,5.7543f,0.1108f,0.4959f,-1.3754f,-0.4064f,0f,0f,0f,1f],start_interpolation: 0,interpolation_duration: 1}
$data merge entity $(right_arm) {transformation: [-0.9964f,0.0334f,0.0782f,-0.3833f,0.0521f,0.9665f,0.2512f,6.007f,-0.0672f,0.2544f,-0.9648f,-0.303f,0f,0f,0f,1f],start_interpolation: 0,interpolation_duration: 1}
$data merge entity $(left_thumb_2) {transformation: [-0.6399f,-0.0413f,0.7673f,1.5773f,-0.3602f,0.8982f,-0.252f,2.0491f,-0.6788f,-0.4377f,-0.5896f,0.7779f,0f,0f,0f,1f],start_interpolation: 0,interpolation_duration: 1}
$data merge entity $(left_thumb) {transformation: [-0.6399f,0.4188f,0.6443f,1.7979f,-0.3602f,0.5771f,-0.7329f,2.2985f,-0.6788f,-0.7011f,-0.2184f,0.656f,0f,0f,0f,1f],start_interpolation: 0,interpolation_duration: 1}
$data merge entity $(left_fingers2) {transformation: [0.3848f,0.462f,0.799f,1.749f,0.9223f,-0.1582f,-0.3527f,1.5766f,-0.0365f,0.8726f,-0.487f,0.882f,0f,0f,0f,1f],start_interpolation: 0,interpolation_duration: 1}
$data merge entity $(left_fingers) {transformation: [-0.3132f,0.5133f,0.799f,1.9099f,0.4473f,0.8219f,-0.3527f,1.7956f,-0.8378f,0.2469f,-0.487f,0.9724f,0f,0f,0f,1f],start_interpolation: 0,interpolation_duration: 1}
$data merge entity $(left_hand) {transformation: [-0.6198f,0.0474f,0.7833f,1.9706f,-0.3516f,0.8756f,-0.3312f,2.317f,-0.7016f,-0.4807f,-0.526f,0.6504f,0f,0f,0f,1f],start_interpolation: 0,interpolation_duration: 1}
$data merge entity $(left_forearm) {transformation: [-1.2984f,0.0252f,-0.4588f,1.9378f,0.2575f,1.1788f,-0.6642f,4.0788f,0.3806f,-0.7119f,-1.116f,-0.4465f,0f,0f,0f,1f],start_interpolation: 0,interpolation_duration: 1}
$data merge entity $(left_shoulder) {transformation: [-1.3689f,-0.4972f,0.1696f,1.0501f,-0.4719f,1.3718f,0.2127f,5.6494f,-0.2308f,0.1439f,-1.4408f,-0.2712f,0f,0f,0f,1f],start_interpolation: 0,interpolation_duration: 1}
$data merge entity $(left_arm) {transformation: [-0.9964f,0.0334f,0.0782f,0.4986f,0.0521f,0.9665f,0.2512f,5.9609f,-0.0672f,0.2544f,-0.9648f,-0.2436f,0f,0f,0f,1f],start_interpolation: 0,interpolation_duration: 1}
$data merge entity $(chest) {transformation: [-1.2739f,0.0427f,0.1f,0f,0.0666f,1.2357f,0.3212f,4.2471f,-0.0859f,0.3253f,-1.2335f,-0.7661f,0f,0f,0f,1f],start_interpolation: 0,interpolation_duration: 1}
$data merge entity $(left_cheek) {transformation: [-0.9872f,-0.0423f,-0.1539f,0.3682f,-0.0587f,0.9929f,0.1033f,3.4357f,0.1484f,0.111f,-0.9827f,-1.3314f,0f,0f,0f,1f],start_interpolation: 0,interpolation_duration: 1}
$data merge entity $(left_foot) {transformation: [-0.9161f,-0.0146f,-0.4537f,0.6539f,-0.0328f,1.0213f,0.0332f,-4.5329f,0.4527f,0.0443f,-0.9156f,-1.3647f,0f,0f,0f,1f],start_interpolation: 0,interpolation_duration: 1}
$data merge entity $(left_knee) {transformation: [-2.8621f,0.152f,-1.0185f,0.9026f,-0.0466f,2.9862f,0.5767f,-0.4194f,1.0288f,0.5583f,-2.8075f,-0.7447f,0f,0f,0f,1f],start_interpolation: 0,interpolation_duration: 1}
$data merge entity $(left_leg) {transformation: [-1.6165f,-0.0755f,-0.5767f,0.7181f,-0.0263f,1.7112f,-0.1502f,2.2764f,0.581f,-0.1325f,-1.6113f,-0.9245f,0f,0f,0f,1f],start_interpolation: 0,interpolation_duration: 1}
$data merge entity $(right_cheek) {transformation: [-0.99f,0.0777f,-0.1173f,-0.4701f,0.0668f,0.9933f,0.0944f,3.4248f,0.1238f,0.0857f,-0.9886f,-1.2787f,0f,0f,0f,1f],start_interpolation: 0,interpolation_duration: 1}
$data merge entity $(right_foot) {transformation: [-1.0159f,-0.0218f,0.113f,-0.4681f,-0.0256f,1.0215f,-0.0336f,-4.098f,-0.1122f,-0.0362f,-1.0156f,0.1396f,0f,0f,0f,1f],start_interpolation: 0,interpolation_duration: 1}
$data merge entity $(right_knee) {transformation: [-3.0386f,-0.1014f,0.0943f,-0.6918f,-0.0941f,3.0317f,0.2287f,0.1045f,-0.1016f,0.2256f,-3.0317f,0.3249f,0f,0f,0f,1f],start_interpolation: 0,interpolation_duration: 1}
$data merge entity $(right_leg) {transformation: [-1.7162f,-0.026f,0.0737f,-0.6642f,-0.0531f,1.5765f,-0.6805f,2.6524f,-0.0574f,-0.6821f,-1.5757f,-0.7194f,0f,0f,0f,1f],start_interpolation: 0,interpolation_duration: 1}
$data merge entity $(weist) {transformation: [-1.6033f,-0.0078f,-0.248f,0f,-0.0156f,1.6215f,0.0499f,3.9221f,0.2476f,0.0517f,-1.6025f,-0.8499f,0f,0f,0f,1f],start_interpolation: 0,interpolation_duration: 1}
data modify storage animated_java:temp entry.data merge value {"locators":{"consume":{"px":-2.549683089,"py":1.7987694161,"pz":-0.4047107647,"ry":318.4090284225,"rx":-3.2883643171}}}
# Data Manager: Prepare for Read / Write
execute store result storage animated_java:temp args.id int 1 run scoreboard players get @s aj.id
# Data Manager: Write
function animated_java:global/data_manager/write with storage animated_java:temp args
execute unless entity @s[tag=aj.transforms_only] at @s run function animated_java:female/animations/born/zzz/frames/37_root_function