# This file was generated by Animated Java via MC-Build. It is not recommended to edit this file directly.
$data merge entity $(neck) {transformation: [-0.9993f,0.0343f,-0.0162f,0.0412f,0.0318f,0.9908f,0.1313f,5.9837f,0.0206f,0.1307f,-0.9912f,-0.1747f,0f,0f,0f,1f],start_interpolation: 0,interpolation_duration: 1}
$data merge entity $(right_thumb_2) {transformation: [-0.7481f,0.1906f,-0.6357f,-2.0805f,0.293f,0.9543f,-0.0587f,2.0377f,0.5955f,-0.2301f,-0.7697f,0.0736f,0f,0f,0f,1f],start_interpolation: 0,interpolation_duration: 1}
$data merge entity $(right_thumb) {transformation: [-0.7481f,-0.1849f,-0.6374f,-2.2419f,0.293f,0.7698f,-0.5671f,2.3368f,0.5955f,-0.611f,-0.5217f,-0.0273f,0f,0f,0f,1f],start_interpolation: 0,interpolation_duration: 1}
$data merge entity $(right_fingers2) {transformation: [0.3189f,-0.6907f,-0.649f,-2.3055f,-0.9419f,-0.3074f,-0.1356f,1.5832f,-0.1058f,0.6545f,-0.7486f,0.0567f,0f,0f,0f,1f],start_interpolation: 0,interpolation_duration: 1}
$data merge entity $(right_fingers) {transformation: [-0.5828f,-0.4891f,-0.649f,-2.4661f,-0.544f,0.8281f,-0.1356f,1.8028f,0.6037f,0.274f,-0.7486f,0.1463f,0f,0f,0f,1f],start_interpolation: 0,interpolation_duration: 1}
$data merge entity $(scout) {transformation: [0f,0f,0f,-2.3965f,0f,0f,0f,1.7789f,0f,0f,0f,-0.0522f,0f,0f,0f,1f],start_interpolation: 0,interpolation_duration: 1}
$data merge entity $(right_hand) {transformation: [-0.7481f,0.1386f,-0.649f,-2.4059f,0.293f,0.9465f,-0.1356f,2.3767f,0.5955f,-0.2916f,-0.7486f,-0.0689f,0f,0f,0f,1f],start_interpolation: 0,interpolation_duration: 1}
$data merge entity $(right_forearm) {transformation: [-1.1804f,0.2259f,0.6729f,-1.9921f,-0.0459f,1.2787f,-0.5099f,4.2857f,-0.7084f,-0.4594f,-1.0883f,-0.7709f,0f,0f,0f,1f],start_interpolation: 0,interpolation_duration: 1}
$data merge entity $(right_shoulder) {transformation: [-1.3217f,0.6221f,0.1261f,-0.9712f,0.6332f,1.2716f,0.3633f,5.6967f,0.0448f,0.382f,-1.4149f,-0.2687f,0f,0f,0f,1f],start_interpolation: 0,interpolation_duration: 1}
$data merge entity $(right_arm) {transformation: [-0.9988f,0.0237f,0.0435f,-0.4008f,0.0294f,0.9903f,0.1359f,5.9682f,-0.0398f,0.1371f,-0.9898f,-0.2149f,0f,0f,0f,1f],start_interpolation: 0,interpolation_duration: 1}
$data merge entity $(left_thumb_2) {transformation: [-0.6942f,-0.099f,0.713f,1.7183f,-0.3454f,0.9148f,-0.2093f,1.9657f,-0.6315f,-0.3915f,-0.6692f,0.7115f,0f,0f,0f,1f],start_interpolation: 0,interpolation_duration: 1}
$data merge entity $(left_thumb) {transformation: [-0.6942f,0.3243f,0.6426f,1.9165f,-0.3454f,0.6332f,-0.6927f,2.2303f,-0.6315f,-0.7028f,-0.3275f,0.5837f,0f,0f,0f,1f],start_interpolation: 0,interpolation_duration: 1}
$data merge entity $(left_fingers2) {transformation: [0.3837f,0.55f,0.7418f,1.9062f,0.9234f,-0.2346f,-0.3037f,1.5005f,0.007f,0.8015f,-0.5979f,0.7815f,0f,0f,0f,1f],start_interpolation: 0,interpolation_duration: 1}
$data merge entity $(left_fingers) {transformation: [-0.4201f,0.5228f,0.7418f,2.0725f,0.4846f,0.8203f,-0.3037f,1.7183f,-0.7673f,0.2319f,-0.5979f,0.8649f,0f,0f,0f,1f],start_interpolation: 0,interpolation_duration: 1}
$data merge entity $(left_hand) {transformation: [-0.6836f,-0.023f,0.7295f,2.0872f,-0.3393f,0.8949f,-0.2898f,2.2535f,-0.6462f,-0.4456f,-0.6196f,0.5606f,0f,0f,0f,1f],start_interpolation: 0,interpolation_duration: 1}
$data merge entity $(left_forearm) {transformation: [-1.2506f,-0.058f,-0.5741f,1.9269f,0.221f,1.2178f,-0.6044f,4.0747f,0.5331f,-0.6409f,-1.0965f,-0.4223f,0f,0f,0f,1f],start_interpolation: 0,interpolation_duration: 1}
$data merge entity $(left_shoulder) {transformation: [-1.3775f,-0.4988f,0.0594f,1.0393f,-0.4863f,1.3677f,0.2065f,5.6376f,-0.1256f,0.1743f,-1.4504f,-0.1885f,0f,0f,0f,1f],start_interpolation: 0,interpolation_duration: 1}
$data merge entity $(left_arm) {transformation: [-0.9988f,0.0237f,0.0435f,0.4832f,0.0294f,0.9903f,0.1359f,5.9422f,-0.0398f,0.1371f,-0.9898f,-0.1796f,0f,0f,0f,1f],start_interpolation: 0,interpolation_duration: 1}
$data merge entity $(chest) {transformation: [-1.277f,0.0303f,0.0556f,0f,0.0376f,1.2661f,0.1738f,4.1714f,-0.0509f,0.1752f,-1.2655f,-0.479f,0f,0f,0f,1f],start_interpolation: 0,interpolation_duration: 1}
$data merge entity $(left_cheek) {transformation: [-0.9868f,-0.029f,-0.1595f,0.3604f,-0.0426f,0.9957f,0.0824f,3.3319f,0.1564f,0.0881f,-0.9838f,-1.0324f,0f,0f,0f,1f],start_interpolation: 0,interpolation_duration: 1}
$data merge entity $(left_foot) {transformation: [-0.9044f,-0.0049f,-0.4767f,0.552f,-0.0251f,1.0214f,0.0371f,-4.684f,0.476f,0.0445f,-0.9037f,-1.1769f,0f,0f,0f,1f],start_interpolation: 0,interpolation_duration: 1}
$data merge entity $(left_knee) {transformation: [-2.8423f,0.1526f,-1.0725f,0.7996f,-0.0296f,2.9993f,0.5052f,-0.5382f,1.0829f,0.4825f,-2.8012f,-0.6591f,0f,0f,0f,1f],start_interpolation: 0,interpolation_duration: 1}
$data merge entity $(left_leg) {transformation: [-1.6053f,-0.0164f,-0.6116f,0.715f,-0.0167f,1.7179f,-0.0022f,2.186f,0.6116f,0.0039f,-1.6054f,-0.6059f,0f,0f,0f,1f],start_interpolation: 0,interpolation_duration: 1}
$data merge entity $(right_cheek) {transformation: [-0.9876f,0.0654f,-0.1426f,-0.4796f,0.055f,0.9956f,0.0756f,3.33f,0.1469f,0.0668f,-0.9869f,-0.9582f,0f,0f,0f,1f],start_interpolation: 0,interpolation_duration: 1}
$data merge entity $(right_foot) {transformation: [-1.0171f,-0.0211f,0.102f,-0.4807f,-0.0251f,1.0213f,-0.0383f,-4.4304f,-0.1011f,-0.0406f,-1.0165f,0.4131f,0f,0f,0f,1f],start_interpolation: 0,interpolation_duration: 1}
$data merge entity $(right_knee) {transformation: [-3.0401f,-0.083f,0.053f,-0.6807f,-0.0815f,3.0395f,0.0823f,-0.2226f,-0.0552f,0.0808f,-3.0402f,0.3989f,0f,0f,0f,1f],start_interpolation: 0,interpolation_duration: 1}
$data merge entity $(right_leg) {transformation: [-1.7171f,-0.0342f,0.0438f,-0.6653f,-0.046f,1.6338f,-0.5292f,2.4122f,-0.0312f,-0.5301f,-1.6338f,-0.4011f,0f,0f,0f,1f],start_interpolation: 0,interpolation_duration: 1}
$data merge entity $(weist) {transformation: [-1.6011f,-0.005f,-0.2614f,0f,-0.0099f,1.622f,0.0301f,3.8337f,0.2612f,0.0313f,-1.6009f,-0.5462f,0f,0f,0f,1f],start_interpolation: 0,interpolation_duration: 1}
data modify storage animated_java:temp entry.data merge value {"locators":{"consume":{"px":-2.3561570075,"py":1.6201374749,"pz":-0.0068834392,"ry":319.0769032313,"rx":-7.793658807}}}
# Data Manager: Prepare for Read / Write
execute store result storage animated_java:temp args.id int 1 run scoreboard players get @s aj.id
# Data Manager: Write
function animated_java:global/data_manager/write with storage animated_java:temp args