# This file was generated by Animated Java via MC-Build. It is not recommended to edit this file directly.
$data merge entity $(neck) {transformation: [-0.9999f,0.0153f,-0.0073f,0.019f,0.0149f,0.9985f,0.0529f,5.97f,0.0081f,0.0528f,-0.9986f,-0.0666f,0f,0f,0f,1f],start_interpolation: 0,interpolation_duration: 1}
$data merge entity $(right_thumb_2) {transformation: [-0.7606f,0.1645f,-0.628f,-1.914f,0.3043f,0.9448f,-0.1211f,1.9311f,0.5734f,-0.2832f,-0.7687f,0.4354f,0f,0f,0f,1f],start_interpolation: 0,interpolation_duration: 1}
$data merge entity $(right_thumb) {transformation: [-0.7606f,-0.2004f,-0.6175f,-2.0825f,0.3043f,0.7301f,-0.6119f,2.2198f,0.5734f,-0.6533f,-0.4943f,0.3172f,0f,0f,0f,1f],start_interpolation: 0,interpolation_duration: 1}
$data merge entity $(right_fingers2) {transformation: [0.3798f,-0.6683f,-0.6396f,-2.1203f,-0.9217f,-0.332f,-0.2004f,1.4743f,-0.0785f,0.6657f,-0.7421f,0.4425f,0f,0f,0f,1f],start_interpolation: 0,interpolation_duration: 1}
$data merge entity $(right_fingers) {transformation: [-0.5593f,-0.5273f,-0.6396f,-2.291f,-0.541f,0.8168f,-0.2004f,1.6903f,0.6281f,0.234f,-0.7421f,0.5214f,0f,0f,0f,1f],start_interpolation: 0,interpolation_duration: 1}
$data merge entity $(scout) {transformation: [0f,0f,0f,-2.2194f,0f,0f,0f,1.6567f,0f,0f,0f,0.3251f,0f,0f,0f,1f],start_interpolation: 0,interpolation_duration: 1}
$data merge entity $(right_hand) {transformation: [-0.7606f,0.1109f,-0.6396f,-2.2474f,0.3043f,0.9313f,-0.2004f,2.2519f,0.5734f,-0.347f,-0.7421f,0.2726f,0f,0f,0f,1f],start_interpolation: 0,interpolation_duration: 1}
$data merge entity $(right_forearm) {transformation: [-1.1643f,0.1681f,0.7164f,-1.9197f,-0.1318f,1.2716f,-0.5127f,4.1537f,-0.7239f,-0.5019f,-1.0588f,-0.4917f,0f,0f,0f,1f],start_interpolation: 0,interpolation_duration: 1}
$data merge entity $(right_shoulder) {transformation: [-1.3595f,0.5399f,0.1005f,-0.9906f,0.5492f,1.3341f,0.2616f,5.6611f,0.0049f,0.2802f,-1.4392f,-0.1048f,0f,0f,0f,1f],start_interpolation: 0,interpolation_duration: 1}
$data merge entity $(right_arm) {transformation: [-0.9998f,0.0108f,0.0166f,-0.4235f,0.0114f,0.9993f,0.0368f,5.9444f,-0.0162f,0.0369f,-0.9992f,-0.0934f,0f,0f,0f,1f],start_interpolation: 0,interpolation_duration: 1}
$data merge entity $(left_thumb_2) {transformation: [-0.738f,-0.1333f,0.6615f,1.785f,-0.328f,0.9276f,-0.179f,1.9099f,-0.5897f,-0.349f,-0.7283f,0.6953f,0f,0f,0f,1f],start_interpolation: 0,interpolation_duration: 1}
$data merge entity $(left_thumb) {transformation: [-0.738f,0.2536f,0.6253f,1.9672f,-0.328f,0.6751f,-0.6608f,2.1851f,-0.5897f,-0.6928f,-0.4151f,0.5657f,0f,0f,0f,1f],start_interpolation: 0,interpolation_duration: 1}
$data merge entity $(left_fingers2) {transformation: [0.3993f,0.6126f,0.6821f,1.9791f,0.9159f,-0.3003f,-0.2665f,1.4501f,0.0415f,0.7311f,-0.681f,0.7371f,0f,0f,0f,1f],start_interpolation: 0,interpolation_duration: 1}
$data merge entity $(left_fingers) {transformation: [-0.496f,0.5374f,0.6821f,2.1513f,0.5157f,0.8143f,-0.2665f,1.6656f,-0.6986f,0.2195f,-0.681f,0.8144f,0f,0f,0f,1f],start_interpolation: 0,interpolation_duration: 1}
$data merge entity $(left_hand) {transformation: [-0.7339f,-0.0691f,0.6757f,2.135f,-0.325f,0.9093f,-0.26f,2.211f,-0.5965f,-0.4104f,-0.6898f,0.5288f,0f,0f,0f,1f],start_interpolation: 0,interpolation_duration: 1}
$data merge entity $(left_forearm) {transformation: [-1.1964f,-0.1075f,-0.6739f,1.8988f,0.1985f,1.2465f,-0.5514f,4.0763f,0.6529f,-0.5761f,-1.0672f,-0.3505f,0f,0f,0f,1f],start_interpolation: 0,interpolation_duration: 1}
$data merge entity $(left_shoulder) {transformation: [-1.3811f,-0.4916f,-0.0282f,1.022f,-0.4907f,1.3673f,0.1987f,5.6381f,-0.0404f,0.1966f,-1.4524f,-0.0721f,0f,0f,0f,1f],start_interpolation: 0,interpolation_duration: 1}
$data merge entity $(left_arm) {transformation: [-0.9998f,0.0108f,0.0166f,0.4615f,0.0114f,0.9993f,0.0368f,5.9343f,-0.0162f,0.0369f,-0.9992f,-0.079f,0f,0f,0f,1f],start_interpolation: 0,interpolation_duration: 1}
$data merge entity $(chest) {transformation: [-1.2783f,0.0139f,0.0213f,0f,0.0146f,1.2776f,0.047f,4.136f,-0.0207f,0.0472f,-1.2775f,-0.1875f,0f,0f,0f,1f],start_interpolation: 0,interpolation_duration: 1}
$data merge entity $(left_cheek) {transformation: [-0.9861f,-0.0156f,-0.1652f,0.3517f,-0.0268f,0.9974f,0.0663f,3.2776f,0.1638f,0.0698f,-0.984f,-0.734f,0f,0f,0f,1f],start_interpolation: 0,interpolation_duration: 1}
$data merge entity $(left_foot) {transformation: [-0.8941f,0.0041f,-0.4958f,0.4566f,-0.0179f,1.0214f,0.0407f,-4.7625f,0.4955f,0.0442f,-0.8932f,-0.9676f,0f,0f,0f,1f],start_interpolation: 0,interpolation_duration: 1}
$data merge entity $(left_knee) {transformation: [-2.8247f,0.1524f,-1.118f,0.7023f,-0.0137f,3.009f,0.4448f,-0.5914f,1.1283f,0.4181f,-2.7936f,-0.5373f,0f,0f,0f,1f],start_interpolation: 0,interpolation_duration: 1}
$data merge entity $(left_leg) {transformation: [-1.5954f,0.0388f,-0.6361f,0.712f,-0.0077f,1.7135f,0.124f,2.1386f,0.6372f,0.118f,-1.591f,-0.2872f,0f,0f,0f,1f],start_interpolation: 0,interpolation_duration: 1}
$data merge entity $(right_cheek) {transformation: [-0.9853f,0.0521f,-0.1625f,-0.4874f,0.0434f,0.9974f,0.057f,3.2807f,0.165f,0.0491f,-0.9851f,-0.6165f,0f,0f,0f,1f],start_interpolation: 0,interpolation_duration: 1}
$data merge entity $(right_foot) {transformation: [-1.0179f,-0.0208f,0.0931f,-0.496f,-0.0243f,1.0214f,-0.037f,-4.6682f,-0.0922f,-0.0391f,-1.0175f,0.66f,0f,0f,0f,1f],start_interpolation: 0,interpolation_duration: 1}
$data merge entity $(right_knee) {transformation: [-3.0409f,-0.0701f,0.0185f,-0.6796f,-0.0703f,3.0408f,-0.0264f,-0.4627f,-0.0179f,-0.0268f,-3.0416f,0.498f,0f,0f,0f,1f],start_interpolation: 0,interpolation_duration: 1}
$data merge entity $(right_leg) {transformation: [-1.7175f,-0.0364f,0.0189f,-0.6669f,-0.0397f,1.6724f,-0.3912f,2.2296f,-0.0101f,-0.3916f,-1.6727f,-0.0799f,0f,0f,0f,1f],start_interpolation: 0,interpolation_duration: 1}
$data merge entity $(weist) {transformation: [-1.5993f,-0.0023f,-0.2727f,0f,-0.0046f,1.6223f,0.0133f,3.7879f,0.2727f,0.0139f,-1.5992f,-0.2401f,0f,0f,0f,1f],start_interpolation: 0,interpolation_duration: 1}
data modify storage animated_java:temp entry.data merge value {"locators":{"consume":{"px":-2.1745016064,"py":1.5023462916,"pz":0.3799780419,"ry":319.2421064367,"rx":-11.5584803051}}}
# Data Manager: Prepare for Read / Write
execute store result storage animated_java:temp args.id int 1 run scoreboard players get @s aj.id
# Data Manager: Write
function animated_java:global/data_manager/write with storage animated_java:temp args