# This file was generated by Animated Java via MC-Build. It is not recommended to edit this file directly.
$data merge entity $(neck) {transformation: [-1f,0f,0f,0f,0f,1f,0f,5.9543f,0f,0f,-1f,0.007f,0f,0f,0f,1f],start_interpolation: 0,interpolation_duration: 1}
$data merge entity $(right_thumb_2) {transformation: [-0.768f,0.1492f,-0.6228f,-1.8029f,0.3114f,0.9368f,-0.1595f,1.8632f,0.5597f,-0.3164f,-0.7659f,0.6802f,0f,0f,0f,1f],start_interpolation: 0,interpolation_duration: 1}
$data merge entity $(right_thumb) {transformation: [-0.768f,-0.2088f,-0.6055f,-1.9754f,0.3114f,0.7044f,-0.6379f,2.145f,0.5597f,-0.6784f,-0.4759f,0.5516f,0f,0f,0f,1f],start_interpolation: 0,interpolation_duration: 1}
$data merge entity $(right_fingers2) {transformation: [0.4214f,-0.649f,-0.6335f,-1.9973f,-0.9044f,-0.3524f,-0.2406f,1.4069f,-0.0671f,0.6743f,-0.7354f,0.7023f,0f,0f,0f,1f],start_interpolation: 0,interpolation_duration: 1}
$data merge entity $(right_fingers) {transformation: [-0.5424f,-0.5519f,-0.6335f,-2.1745f,-0.5398f,0.8067f,-0.2406f,1.6198f,0.6438f,0.2115f,-0.7354f,0.7753f,0f,0f,0f,1f],start_interpolation: 0,interpolation_duration: 1}
$data merge entity $(scout) {transformation: [0f,0f,0f,-2.1017f,0f,0f,0f,1.5801f,0f,0f,0f,0.5806f,0f,0f,0f,1f],start_interpolation: 0,interpolation_duration: 1}
$data merge entity $(right_hand) {transformation: [-0.768f,0.0943f,-0.6335f,-2.1407f,0.3114f,0.9193f,-0.2406f,2.1722f,0.5597f,-0.382f,-0.7354f,0.5054f,0f,0f,0f,1f],start_interpolation: 0,interpolation_duration: 1}
$data merge entity $(right_forearm) {transformation: [-1.1502f,0.1299f,0.7465f,-1.87f,-0.1871f,1.2663f,-0.5086f,4.0685f,-0.7342f,-0.5261f,-1.0398f,-0.2942f,0f,0f,0f,1f],start_interpolation: 0,interpolation_duration: 1}
$data merge entity $(right_shoulder) {transformation: [-1.3821f,0.482f,0.085f,-1.0065f,0.4891f,1.3692f,0.1895f,5.6331f,-0.0171f,0.207f,-1.4515f,0.0082f,0f,0f,0f,1f],start_interpolation: 0,interpolation_duration: 1}
$data merge entity $(right_arm) {transformation: [-1f,0f,0f,-0.4425f,0f,0.9994f,-0.0349f,5.9223f,0f,-0.0349f,-0.9994f,-0.0104f,0f,0f,0f,1f],start_interpolation: 0,interpolation_duration: 1}
$data merge entity $(left_thumb_2) {transformation: [-0.768f,-0.1492f,0.6228f,1.8029f,-0.3114f,0.9368f,-0.1595f,1.8632f,-0.5597f,-0.3164f,-0.7659f,0.6802f,0f,0f,0f,1f],start_interpolation: 0,interpolation_duration: 1}
$data merge entity $(left_thumb) {transformation: [-0.768f,0.2088f,0.6055f,1.9754f,-0.3114f,0.7044f,-0.6379f,2.145f,-0.5597f,-0.6784f,-0.4759f,0.5516f,0f,0f,0f,1f],start_interpolation: 0,interpolation_duration: 1}
$data merge entity $(left_fingers2) {transformation: [0.4214f,0.649f,0.6335f,1.9973f,0.9044f,-0.3524f,-0.2406f,1.4069f,0.0671f,0.6743f,-0.7354f,0.7023f,0f,0f,0f,1f],start_interpolation: 0,interpolation_duration: 1}
$data merge entity $(left_fingers) {transformation: [-0.5424f,0.5519f,0.6335f,2.1745f,0.5398f,0.8067f,-0.2406f,1.6198f,-0.6438f,0.2115f,-0.7354f,0.7753f,0f,0f,0f,1f],start_interpolation: 0,interpolation_duration: 1}
$data merge entity $(left_hand) {transformation: [-0.768f,-0.0943f,0.6335f,2.1407f,-0.3114f,0.9193f,-0.2406f,2.1722f,-0.5597f,-0.382f,-0.7354f,0.5054f,0f,0f,0f,1f],start_interpolation: 0,interpolation_duration: 1}
$data merge entity $(left_forearm) {transformation: [-1.1502f,-0.1299f,-0.7465f,1.87f,0.1871f,1.2663f,-0.5086f,4.0685f,0.7342f,-0.5261f,-1.0398f,-0.2942f,0f,0f,0f,1f],start_interpolation: 0,interpolation_duration: 1}
$data merge entity $(left_shoulder) {transformation: [-1.3821f,-0.482f,-0.085f,1.0065f,-0.4891f,1.3692f,0.1895f,5.6331f,0.0171f,0.207f,-1.4515f,0.0082f,0f,0f,0f,1f],start_interpolation: 0,interpolation_duration: 1}
$data merge entity $(left_arm) {transformation: [-1f,0f,0f,0.4426f,0f,0.9994f,-0.0349f,5.9223f,0f,-0.0349f,-0.9994f,-0.0104f,0f,0f,0f,1f],start_interpolation: 0,interpolation_duration: 1}
$data merge entity $(chest) {transformation: [-1.2785f,0f,0f,0f,0f,1.2778f,-0.0446f,4.1162f,0f,-0.0446f,-1.2778f,0.0181f,0f,0f,0f,1f],start_interpolation: 0,interpolation_duration: 1}
$data merge entity $(left_cheek) {transformation: [-0.9853f,-0.0027f,-0.1707f,0.3467f,-0.013f,0.9982f,0.0594f,3.2568f,0.1702f,0.0607f,-0.9835f,-0.516f,0f,0f,0f,1f],start_interpolation: 0,interpolation_duration: 1}
$data merge entity $(left_foot) {transformation: [-0.8856f,0.0118f,-0.5107f,0.3752f,-0.0116f,1.0214f,0.0438f,-4.8026f,0.5107f,0.0438f,-0.8846f,-0.8251f,0f,0f,0f,1f],start_interpolation: 0,interpolation_duration: 1}
$data merge entity $(left_knee) {transformation: [-2.8102f,0.1519f,-1.1541f,0.619f,0f,3.0157f,0.397f,-0.6126f,1.164f,0.3668f,-2.7862f,-0.4649f,0f,0f,0f,1f],start_interpolation: 0,interpolation_duration: 1}
$data merge entity $(left_leg) {transformation: [-1.5872f,0.0858f,-0.6518f,0.7095f,0f,1.7033f,0.2242f,2.1096f,0.6574f,0.2072f,-1.5736f,-0.0595f,0f,0f,0f,1f],start_interpolation: 0,interpolation_duration: 1}
$data merge entity $(right_cheek) {transformation: [-0.9834f,0.0436f,-0.176f,-0.4922f,0.0363f,0.9984f,0.0443f,3.2532f,0.1777f,0.0372f,-0.9834f,-0.3598f,0f,0f,0f,1f],start_interpolation: 0,interpolation_duration: 1}
$data merge entity $(right_foot) {transformation: [-1.0185f,-0.0205f,0.0861f,-0.5124f,-0.024f,1.0213f,-0.0412f,-4.8094f,-0.0852f,-0.043f,-1.0179f,0.8779f,0f,0f,0f,1f],start_interpolation: 0,interpolation_duration: 1}
$data merge entity $(right_knee) {transformation: [-3.0411f,-0.061f,-0.0089f,-0.6844f,-0.0605f,3.0384f,-0.1282f,-0.6111f,0.0114f,-0.128f,-3.039f,0.5767f,0f,0f,0f,1f],start_interpolation: 0,interpolation_duration: 1}
$data merge entity $(right_leg) {transformation: [-1.7176f,-0.0348f,-0.0005f,-0.6687f,-0.0342f,1.692f,-0.2958f,2.1096f,0.0065f,-0.2957f,-1.6923f,0.1523f,0f,0f,0f,1f],start_interpolation: 0,interpolation_duration: 1}
$data merge entity $(weist) {transformation: [-1.5977f,0f,-0.2817f,0f,0f,1.6223f,0f,3.7603f,0.2817f,0f,-1.5977f,-0.0225f,0f,0f,0f,1f],start_interpolation: 0,interpolation_duration: 1}
data modify storage animated_java:temp entry.data merge value {"locators":{"consume":{"px":-2.0539702636,"py":1.428836082,"pz":0.6414180333,"ry":319.2589408899,"rx":-13.9204271165}}}
# Data Manager: Prepare for Read / Write
execute store result storage animated_java:temp args.id int 1 run scoreboard players get @s aj.id
# Data Manager: Write
function animated_java:global/data_manager/write with storage animated_java:temp args