# This file was generated by Animated Java via MC-Build. It is not recommended to edit this file directly.
$data merge entity $(neck) {transformation: [-0.9999f,-0.0096f,0.0117f,-0.0096f,-0.0096f,1f,-0.0023f,5.9622f,-0.0116f,-0.0024f,-0.9999f,-0.0481f,0f,0f,0f,1f],start_interpolation: 0,interpolation_duration: 1}
$data merge entity $(right_thumb_2) {transformation: [-0.7656f,0.1421f,-0.6275f,-1.7864f,0.3219f,0.929f,-0.1824f,1.881f,0.5571f,-0.3416f,-0.757f,0.7437f,0f,0f,0f,1f],start_interpolation: 0,interpolation_duration: 1}
$data merge entity $(right_thumb) {transformation: [-0.7656f,-0.2173f,-0.6056f,-1.9613f,0.3219f,0.6856f,-0.653f,2.1585f,0.5571f,-0.6948f,-0.4549f,0.6092f,0f,0f,0f,1f],start_interpolation: 0,interpolation_duration: 1}
$data merge entity $(right_fingers2) {transformation: [0.4256f,-0.6423f,-0.6375f,-1.9783f,-0.9037f,-0.3381f,-0.2627f,1.4244f,-0.0468f,0.6879f,-0.7243f,0.779f,0f,0f,0f,1f],start_interpolation: 0,interpolation_duration: 1}
$data merge entity $(right_fingers) {transformation: [-0.5349f,-0.5545f,-0.6375f,-2.156f,-0.5257f,0.8091f,-0.2627f,1.6382f,0.6614f,0.1946f,-0.7243f,0.8478f,0f,0f,0f,1f],start_interpolation: 0,interpolation_duration: 1}
$data merge entity $(scout) {transformation: [0f,0f,0f,-2.0844f,0f,0f,0f,1.594f,0f,0f,0f,0.6536f,0f,0f,0f,1f],start_interpolation: 0,interpolation_duration: 1}
$data merge entity $(right_hand) {transformation: [-0.7656f,0.0868f,-0.6375f,-2.1271f,0.3219f,0.9096f,-0.2627f,2.1837f,0.5571f,-0.4063f,-0.7243f,0.5635f,0f,0f,0f,1f],start_interpolation: 0,interpolation_duration: 1}
$data merge entity $(right_forearm) {transformation: [-1.1545f,0.1196f,0.7416f,-1.8719f,-0.2117f,1.2529f,-0.5316f,4.0599f,-0.7207f,-0.5596f,-1.0318f,-0.2868f,0f,0f,0f,1f],start_interpolation: 0,interpolation_duration: 1}
$data merge entity $(right_shoulder) {transformation: [-1.3847f,0.4764f,0.0736f,-1.0144f,0.4816f,1.3765f,0.1523f,5.6362f,-0.0196f,0.168f,-1.4564f,-0.0312f,0f,0f,0f,1f],start_interpolation: 0,interpolation_duration: 1}
$data merge entity $(right_arm) {transformation: [-1f,-0.0054f,-0.007f,-0.4521f,-0.005f,0.9981f,-0.0607f,5.9276f,0.0073f,-0.0607f,-0.9981f,-0.0613f,0f,0f,0f,1f],start_interpolation: 0,interpolation_duration: 1}
$data merge entity $(left_thumb_2) {transformation: [-0.7704f,-0.1563f,0.6181f,1.8192f,-0.3295f,0.9276f,-0.1762f,1.8989f,-0.5458f,-0.3394f,-0.7661f,0.7173f,0f,0f,0f,1f],start_interpolation: 0,interpolation_duration: 1}
$data merge entity $(left_thumb) {transformation: [-0.7704f,0.2003f,0.6053f,1.9893f,-0.3295f,0.6876f,-0.647f,2.1781f,-0.5458f,-0.6979f,-0.4637f,0.5803f,0f,0f,0f,1f],start_interpolation: 0,interpolation_duration: 1}
$data merge entity $(left_fingers2) {transformation: [0.4172f,0.6556f,0.6294f,2.0161f,0.9079f,-0.3316f,-0.2563f,1.4443f,0.0407f,0.6784f,-0.7336f,0.7498f,0f,0f,0f,1f],start_interpolation: 0,interpolation_duration: 1}
$data merge entity $(left_fingers) {transformation: [-0.5498f,0.5492f,0.6294f,2.1927f,0.5203f,0.8146f,-0.2563f,1.6599f,-0.6535f,0.1865f,-0.7336f,0.816f,0f,0f,0f,1f],start_interpolation: 0,interpolation_duration: 1}
$data merge entity $(left_hand) {transformation: [-0.7704f,-0.1018f,0.6294f,2.1541f,-0.3295f,0.9087f,-0.2563f,2.205f,-0.5458f,-0.4049f,-0.7336f,0.5322f,0f,0f,0f,1f],start_interpolation: 0,interpolation_duration: 1}
$data merge entity $(left_forearm) {transformation: [-1.1459f,-0.1402f,-0.7513f,1.8679f,0.2003f,1.2516f,-0.5391f,4.0786f,0.7376f,-0.5577f,-1.0208f,-0.3142f,0f,0f,0f,1f],start_interpolation: 0,interpolation_duration: 1}
$data merge entity $(left_shoulder) {transformation: [-1.3794f,-0.4876f,-0.0964f,0.9985f,-0.4954f,1.3717f,0.1514f,5.6462f,0.0398f,0.1751f,-1.4552f,-0.0459f,0f,0f,0f,1f],start_interpolation: 0,interpolation_duration: 1}
$data merge entity $(left_arm) {transformation: [-1f,-0.0054f,-0.007f,0.433f,-0.005f,0.9981f,-0.0607f,5.932f,0.0073f,-0.0607f,-0.9981f,-0.0678f,0f,0f,0f,1f],start_interpolation: 0,interpolation_duration: 1}
$data merge entity $(chest) {transformation: [-1.2785f,-0.0069f,-0.009f,0f,-0.0064f,1.2762f,-0.0776f,4.1251f,0.0094f,-0.0776f,-1.2762f,0.0105f,0f,0f,0f,1f],start_interpolation: 0,interpolation_duration: 1}
data modify storage animated_java:temp entry.data merge value {"locators":{"consume":{"px":-2.0355217631,"py":1.4445114473,"pz":0.7180077347,"ry":318.6476760554,"rx":-15.2279303998}}}
# Data Manager: Prepare for Read / Write
execute store result storage animated_java:temp args.id int 1 run scoreboard players get @s aj.id
# Data Manager: Write
function animated_java:global/data_manager/write with storage animated_java:temp args
execute unless entity @s[tag=aj.transforms_only] at @s run function animated_java:female/animations/born/zzz/frames/41_root_function