# This file was generated by Animated Java via MC-Build. It is not recommended to edit this file directly.
$data merge entity $(neck) {transformation: [-0.9998f,-0.0143f,0.0134f,-0.0154f,-0.0144f,0.9999f,-0.0008f,5.9663f,-0.0134f,-0.001f,-0.9999f,-0.08f,0f,0f,0f,1f],start_interpolation: 0,interpolation_duration: 1}
$data merge entity $(right_thumb_2) {transformation: [-0.7642f,0.1378f,-0.6301f,-1.7765f,0.3279f,0.9242f,-0.1956f,1.892f,0.5554f,-0.3561f,-0.7515f,0.7803f,0f,0f,0f,1f],start_interpolation: 0,interpolation_duration: 1}
$data merge entity $(right_thumb) {transformation: [-0.7642f,-0.2223f,-0.6054f,-1.9528f,0.3279f,0.6744f,-0.6616f,2.1669f,0.5554f,-0.7041f,-0.4425f,0.6424f,0f,0f,0f,1f],start_interpolation: 0,interpolation_duration: 1}
$data merge entity $(right_fingers2) {transformation: [0.4281f,-0.6384f,-0.6397f,-1.9668f,-0.903f,-0.3297f,-0.2754f,1.4355f,-0.0351f,0.6956f,-0.7176f,0.8233f,0f,0f,0f,1f],start_interpolation: 0,interpolation_duration: 1}
$data merge entity $(right_fingers) {transformation: [-0.5306f,-0.5562f,-0.6397f,-2.1449f,-0.5173f,0.8103f,-0.2754f,1.6498f,0.6715f,0.1848f,-0.7176f,0.8896f,0f,0f,0f,1f],start_interpolation: 0,interpolation_duration: 1}
$data merge entity $(scout) {transformation: [0f,0f,0f,-2.074f,0f,0f,0f,1.6028f,0f,0f,0f,0.6958f,0f,0f,0f,1f],start_interpolation: 0,interpolation_duration: 1}
$data merge entity $(right_hand) {transformation: [-0.7642f,0.0824f,-0.6397f,-2.1188f,0.3279f,0.9037f,-0.2754f,2.191f,0.5554f,-0.4202f,-0.7176f,0.597f,0f,0f,0f,1f],start_interpolation: 0,interpolation_duration: 1}
$data merge entity $(right_forearm) {transformation: [-1.1568f,0.1134f,0.739f,-1.8729f,-0.226f,1.2447f,-0.5448f,4.055f,-0.7127f,-0.5788f,-1.0267f,-0.2824f,0f,0f,0f,1f],start_interpolation: 0,interpolation_duration: 1}
$data merge entity $(right_shoulder) {transformation: [-1.3863f,0.4729f,0.0671f,-1.0191f,0.4771f,1.3803f,0.1306f,5.6375f,-0.021f,0.1453f,-1.4589f,-0.054f,0f,0f,0f,1f],start_interpolation: 0,interpolation_duration: 1}
$data merge entity $(right_arm) {transformation: [-0.9999f,-0.0087f,-0.0109f,-0.4579f,-0.0079f,0.9971f,-0.0757f,5.9301f,0.0116f,-0.0756f,-0.9971f,-0.0909f,0f,0f,0f,1f],start_interpolation: 0,interpolation_duration: 1}
$data merge entity $(left_thumb_2) {transformation: [-0.7716f,-0.1605f,0.6155f,1.8289f,-0.34f,0.9219f,-0.1858f,1.9204f,-0.5376f,-0.3526f,-0.7659f,0.7386f,0f,0f,0f,1f],start_interpolation: 0,interpolation_duration: 1}
$data merge entity $(left_thumb) {transformation: [-0.7716f,0.1953f,0.6054f,1.9976f,-0.34f,0.6777f,-0.652f,2.198f,-0.5376f,-0.7089f,-0.4565f,0.5967f,0f,0f,0f,1f],start_interpolation: 0,interpolation_duration: 1}
$data merge entity $(left_fingers2) {transformation: [0.4146f,0.6594f,0.6272f,2.0273f,0.9097f,-0.3194f,-0.2654f,1.4669f,0.0253f,0.6805f,-0.7323f,0.7771f,0f,0f,0f,1f],start_interpolation: 0,interpolation_duration: 1}
$data merge entity $(left_fingers) {transformation: [-0.554f,0.5475f,0.6272f,2.2036f,0.5088f,0.819f,-0.2654f,1.684f,-0.6589f,0.172f,-0.7323f,0.8394f,0f,0f,0f,1f],start_interpolation: 0,interpolation_duration: 1}
$data merge entity $(left_hand) {transformation: [-0.7716f,-0.1063f,0.6272f,2.1622f,-0.34f,0.9022f,-0.2654f,2.2247f,-0.5376f,-0.4181f,-0.7323f,0.5475f,0f,0f,0f,1f],start_interpolation: 0,interpolation_duration: 1}
$data merge entity $(left_forearm) {transformation: [-1.1434f,-0.1464f,-0.7538f,1.8667f,0.2079f,1.2426f,-0.5566f,4.0844f,0.7392f,-0.5758f,-1.0095f,-0.3256f,0f,0f,0f,1f],start_interpolation: 0,interpolation_duration: 1}
$data merge entity $(left_shoulder) {transformation: [-1.3777f,-0.491f,-0.1029f,0.9936f,-0.4989f,1.3727f,0.1293f,5.6533f,0.053f,0.1565f,-1.4569f,-0.0773f,0f,0f,0f,1f],start_interpolation: 0,interpolation_duration: 1}
$data merge entity $(left_arm) {transformation: [-0.9999f,-0.0087f,-0.0109f,0.4271f,-0.0079f,0.9971f,-0.0757f,5.9371f,0.0116f,-0.0756f,-0.9971f,-0.1011f,0f,0f,0f,1f],start_interpolation: 0,interpolation_duration: 1}
$data merge entity $(chest) {transformation: [-1.2784f,-0.0112f,-0.014f,0f,-0.0101f,1.2748f,-0.0968f,4.1302f,0.0148f,-0.0967f,-1.2748f,0.0061f,0f,0f,0f,1f],start_interpolation: 0,interpolation_duration: 1}
data modify storage animated_java:temp entry.data merge value {"locators":{"consume":{"px":-2.0243660955,"py":1.4544815754,"pz":0.7622199784,"ry":318.2870057251,"rx":-15.9868401648}}}
# Data Manager: Prepare for Read / Write
execute store result storage animated_java:temp args.id int 1 run scoreboard players get @s aj.id
# Data Manager: Write
function animated_java:global/data_manager/write with storage animated_java:temp args