# This file was generated by Animated Java via MC-Build. It is not recommended to edit this file directly.
$data merge entity $(neck) {transformation: [-0.9998f,-0.0152f,0.0098f,-0.0179f,-0.0152f,0.9999f,0.0034f,5.9678f,-0.0099f,0.0033f,-0.9999f,-0.0929f,0f,0f,0f,1f],start_interpolation: 0,interpolation_duration: 1}
$data merge entity $(right_thumb_2) {transformation: [-0.7637f,0.1361f,-0.6311f,-1.7724f,0.3303f,0.9222f,-0.2009f,1.8967f,0.5546f,-0.3619f,-0.7493f,0.7951f,0f,0f,0f,1f],start_interpolation: 0,interpolation_duration: 1}
$data merge entity $(right_thumb) {transformation: [-0.7637f,-0.2243f,-0.6053f,-1.9493f,0.3303f,0.6698f,-0.665f,2.1705f,0.5546f,-0.7078f,-0.4375f,0.6557f,0f,0f,0f,1f],start_interpolation: 0,interpolation_duration: 1}
$data merge entity $(right_fingers2) {transformation: [0.4292f,-0.6368f,-0.6405f,-1.9621f,-0.9027f,-0.3262f,-0.2806f,1.4401f,-0.0303f,0.6986f,-0.7149f,0.8411f,0f,0f,0f,1f],start_interpolation: 0,interpolation_duration: 1}
$data merge entity $(right_fingers) {transformation: [-0.5288f,-0.5569f,-0.6405f,-2.1404f,-0.5139f,0.8107f,-0.2806f,1.6546f,0.6755f,0.1808f,-0.7149f,0.9065f,0f,0f,0f,1f],start_interpolation: 0,interpolation_duration: 1}
$data merge entity $(scout) {transformation: [0f,0f,0f,-2.0697f,0f,0f,0f,1.6065f,0f,0f,0f,0.7128f,0f,0f,0f,1f],start_interpolation: 0,interpolation_duration: 1}
$data merge entity $(right_hand) {transformation: [-0.7637f,0.0805f,-0.6405f,-2.1154f,0.3303f,0.9012f,-0.2806f,2.1941f,0.5546f,-0.4259f,-0.7149f,0.6105f,0f,0f,0f,1f],start_interpolation: 0,interpolation_duration: 1}
$data merge entity $(right_forearm) {transformation: [-1.1577f,0.1109f,0.7379f,-1.8733f,-0.2317f,1.2413f,-0.5501f,4.053f,-0.7093f,-0.5866f,-1.0247f,-0.2806f,0f,0f,0f,1f],start_interpolation: 0,interpolation_duration: 1}
$data merge entity $(right_shoulder) {transformation: [-1.3869f,0.4714f,0.0645f,-1.0211f,0.4753f,1.3817f,0.1219f,5.6379f,-0.0216f,0.1362f,-1.4597f,-0.0632f,0f,0f,0f,1f],start_interpolation: 0,interpolation_duration: 1}
$data merge entity $(right_arm) {transformation: [-0.9999f,-0.0101f,-0.0125f,-0.4603f,-0.009f,0.9966f,-0.0818f,5.931f,0.0133f,-0.0817f,-0.9966f,-0.1028f,0f,0f,0f,1f],start_interpolation: 0,interpolation_duration: 1}
$data merge entity $(left_thumb_2) {transformation: [-0.7721f,-0.1623f,0.6145f,1.8329f,-0.3442f,0.9195f,-0.1897f,1.9292f,-0.5342f,-0.358f,-0.7658f,0.7472f,0f,0f,0f,1f],start_interpolation: 0,interpolation_duration: 1}
$data merge entity $(left_thumb) {transformation: [-0.7721f,0.1933f,0.6054f,2.001f,-0.3442f,0.6736f,-0.654f,2.2062f,-0.5342f,-0.7134f,-0.4535f,0.6033f,0f,0f,0f,1f],start_interpolation: 0,interpolation_duration: 1}
$data merge entity $(left_fingers2) {transformation: [0.4135f,0.6609f,0.6263f,2.0319f,0.9103f,-0.3145f,-0.2691f,1.4762f,0.0191f,0.6814f,-0.7317f,0.7881f,0f,0f,0f,1f],start_interpolation: 0,interpolation_duration: 1}
$data merge entity $(left_fingers) {transformation: [-0.5558f,0.5467f,0.6263f,2.208f,0.5041f,0.8207f,-0.2691f,1.6939f,-0.6611f,0.1661f,-0.7317f,0.8487f,0f,0f,0f,1f],start_interpolation: 0,interpolation_duration: 1}
$data merge entity $(left_hand) {transformation: [-0.7721f,-0.1081f,0.6263f,2.1654f,-0.3442f,0.8995f,-0.2691f,2.2328f,-0.5342f,-0.4234f,-0.7317f,0.5537f,0f,0f,0f,1f],start_interpolation: 0,interpolation_duration: 1}
$data merge entity $(left_forearm) {transformation: [-1.1425f,-0.1489f,-0.7548f,1.8662f,0.2109f,1.2389f,-0.5636f,4.0868f,0.7399f,-0.5831f,-1.0048f,-0.3303f,0f,0f,0f,1f],start_interpolation: 0,interpolation_duration: 1}
$data merge entity $(left_shoulder) {transformation: [-1.377f,-0.4925f,-0.1054f,0.9916f,-0.5003f,1.373f,0.1203f,5.6561f,0.0583f,0.149f,-1.4575f,-0.09f,0f,0f,0f,1f],start_interpolation: 0,interpolation_duration: 1}
$data merge entity $(left_arm) {transformation: [-0.9999f,-0.0101f,-0.0125f,0.4247f,-0.009f,0.9966f,-0.0818f,5.939f,0.0133f,-0.0817f,-0.9966f,-0.1146f,0f,0f,0f,1f],start_interpolation: 0,interpolation_duration: 1}
$data merge entity $(chest) {transformation: [-1.2784f,-0.0129f,-0.016f,0f,-0.0116f,1.2742f,-0.1046f,4.1323f,0.017f,-0.1044f,-1.2742f,0.0043f,0f,0f,0f,1f],start_interpolation: 0,interpolation_duration: 1}
data modify storage animated_java:temp entry.data merge value {"locators":{"consume":{"px":-2.0197645693,"py":1.458694538,"pz":0.7800420062,"ry":318.1399159011,"rx":-16.2936670077}}}
# Data Manager: Prepare for Read / Write
execute store result storage animated_java:temp args.id int 1 run scoreboard players get @s aj.id
# Data Manager: Write
function animated_java:global/data_manager/write with storage animated_java:temp args