# This file was generated by Animated Java via MC-Build. It is not recommended to edit this file directly.
$data merge entity $(neck) {transformation: [-0.9999f,-0.0119f,0.0044f,-0.0151f,-0.0118f,0.9998f,0.0173f,5.966f,-0.0046f,0.0173f,-0.9998f,-0.0779f,0f,0f,0f,1f],start_interpolation: 0,interpolation_duration: 1}
$data merge entity $(right_thumb_2) {transformation: [-0.7643f,0.1381f,-0.6299f,-1.7771f,0.3275f,0.9245f,-0.1948f,1.8913f,0.5555f,-0.3552f,-0.7519f,0.778f,0f,0f,0f,1f],start_interpolation: 0,interpolation_duration: 1}
$data merge entity $(right_thumb) {transformation: [-0.7643f,-0.222f,-0.6054f,-1.9533f,0.3275f,0.6751f,-0.661f,2.1664f,0.5555f,-0.7035f,-0.4433f,0.6403f,0f,0f,0f,1f],start_interpolation: 0,interpolation_duration: 1}
$data merge entity $(right_fingers2) {transformation: [0.428f,-0.6386f,-0.6395f,-1.9675f,-0.9031f,-0.3302f,-0.2746f,1.4348f,-0.0358f,0.6951f,-0.718f,0.8205f,0f,0f,0f,1f],start_interpolation: 0,interpolation_duration: 1}
$data merge entity $(right_fingers) {transformation: [-0.5309f,-0.5561f,-0.6395f,-2.1457f,-0.5178f,0.8102f,-0.2746f,1.649f,0.6708f,0.1854f,-0.718f,0.887f,0f,0f,0f,1f],start_interpolation: 0,interpolation_duration: 1}
$data merge entity $(scout) {transformation: [0f,0f,0f,-2.0747f,0f,0f,0f,1.6022f,0f,0f,0f,0.6931f,0f,0f,0f,1f],start_interpolation: 0,interpolation_duration: 1}
$data merge entity $(right_hand) {transformation: [-0.7643f,0.0827f,-0.6395f,-2.1193f,0.3275f,0.9041f,-0.2746f,2.1905f,0.5555f,-0.4194f,-0.718f,0.5949f,0f,0f,0f,1f],start_interpolation: 0,interpolation_duration: 1}
$data merge entity $(right_forearm) {transformation: [-1.1567f,0.1138f,0.7391f,-1.8729f,-0.2251f,1.2452f,-0.544f,4.0553f,-0.7132f,-0.5776f,-1.0271f,-0.2827f,0f,0f,0f,1f],start_interpolation: 0,interpolation_duration: 1}
$data merge entity $(right_shoulder) {transformation: [-1.3862f,0.4731f,0.0675f,-1.0188f,0.4774f,1.38f,0.132f,5.6374f,-0.0209f,0.1468f,-1.4587f,-0.0526f,0f,0f,0f,1f],start_interpolation: 0,interpolation_duration: 1}
$data merge entity $(right_arm) {transformation: [-0.9999f,-0.0085f,-0.0107f,-0.4575f,-0.0077f,0.9972f,-0.0748f,5.93f,0.0113f,-0.0747f,-0.9971f,-0.089f,0f,0f,0f,1f],start_interpolation: 0,interpolation_duration: 1}
$data merge entity $(left_thumb_2) {transformation: [-0.7715f,-0.1603f,0.6157f,1.8283f,-0.3393f,0.9223f,-0.1852f,1.919f,-0.5381f,-0.3518f,-0.7659f,0.7373f,0f,0f,0f,1f],start_interpolation: 0,interpolation_duration: 1}
$data merge entity $(left_thumb) {transformation: [-0.7715f,0.1956f,0.6054f,1.9971f,-0.3393f,0.6783f,-0.6517f,2.1968f,-0.5381f,-0.7082f,-0.457f,0.5956f,0f,0f,0f,1f],start_interpolation: 0,interpolation_duration: 1}
$data merge entity $(left_fingers2) {transformation: [0.4147f,0.6592f,0.6273f,2.0266f,0.9096f,-0.3202f,-0.2649f,1.4655f,0.0263f,0.6804f,-0.7324f,0.7754f,0f,0f,0f,1f],start_interpolation: 0,interpolation_duration: 1}
$data merge entity $(left_fingers) {transformation: [-0.5538f,0.5476f,0.6273f,2.2029f,0.5095f,0.8187f,-0.2649f,1.6825f,-0.6586f,0.1729f,-0.7324f,0.8379f,0f,0f,0f,1f],start_interpolation: 0,interpolation_duration: 1}
$data merge entity $(left_hand) {transformation: [-0.7715f,-0.106f,0.6273f,2.1616f,-0.3393f,0.9026f,-0.2649f,2.2234f,-0.5381f,-0.4172f,-0.7324f,0.5466f,0f,0f,0f,1f],start_interpolation: 0,interpolation_duration: 1}
$data merge entity $(left_forearm) {transformation: [-1.1436f,-0.146f,-0.7537f,1.8668f,0.2074f,1.2432f,-0.5555f,4.0841f,0.7391f,-0.5747f,-1.0102f,-0.3249f,0f,0f,0f,1f],start_interpolation: 0,interpolation_duration: 1}
$data merge entity $(left_shoulder) {transformation: [-1.3778f,-0.4908f,-0.1025f,0.994f,-0.4987f,1.3726f,0.1307f,5.6529f,0.0522f,0.1577f,-1.4568f,-0.0753f,0f,0f,0f,1f],start_interpolation: 0,interpolation_duration: 1}
$data merge entity $(left_arm) {transformation: [-0.9999f,-0.0085f,-0.0107f,0.4275f,-0.0077f,0.9972f,-0.0748f,5.9368f,0.0113f,-0.0747f,-0.9971f,-0.099f,0f,0f,0f,1f],start_interpolation: 0,interpolation_duration: 1}
$data merge entity $(chest) {transformation: [-1.2784f,-0.0109f,-0.0137f,0f,-0.0098f,1.2749f,-0.0956f,4.1299f,0.0144f,-0.0955f,-1.2749f,0.0064f,0f,0f,0f,1f],start_interpolation: 0,interpolation_duration: 1}
data modify storage animated_java:temp entry.data merge value {"locators":{"consume":{"px":-2.0250878567,"py":1.4538259777,"pz":0.759403237,"ry":318.3101620636,"rx":-15.9383953376}}}
# Data Manager: Prepare for Read / Write
execute store result storage animated_java:temp args.id int 1 run scoreboard players get @s aj.id
# Data Manager: Write
function animated_java:global/data_manager/write with storage animated_java:temp args