# This file was generated by Animated Java via MC-Build. It is not recommended to edit this file directly.
$data merge entity $(neck) {transformation: [-0.9999f,-0.0096f,0.0056f,-0.0114f,-0.0095f,0.9997f,0.0215f,5.9636f,-0.0058f,0.0215f,-0.9998f,-0.0582f,0f,0f,0f,1f],start_interpolation: 0,interpolation_duration: 1}
$data merge entity $(right_thumb_2) {transformation: [-0.7651f,0.1407f,-0.6283f,-1.7833f,0.3238f,0.9275f,-0.1866f,1.8844f,0.5565f,-0.3462f,-0.7552f,0.7554f,0f,0f,0f,1f],start_interpolation: 0,interpolation_duration: 1}
$data merge entity $(right_thumb) {transformation: [-0.7651f,-0.2189f,-0.6055f,-1.9586f,0.3238f,0.682f,-0.6557f,2.1611f,0.5565f,-0.6978f,-0.4509f,0.6198f,0f,0f,0f,1f],start_interpolation: 0,interpolation_duration: 1}
$data merge entity $(right_fingers2) {transformation: [0.4264f,-0.641f,-0.6382f,-1.9746f,-0.9035f,-0.3354f,-0.2667f,1.4279f,-0.0431f,0.6904f,-0.7222f,0.7932f,0f,0f,0f,1f],start_interpolation: 0,interpolation_duration: 1}
$data merge entity $(right_fingers) {transformation: [-0.5335f,-0.555f,-0.6382f,-2.1525f,-0.523f,0.8095f,-0.2667f,1.6419f,0.6647f,0.1915f,-0.7222f,0.8612f,0f,0f,0f,1f],start_interpolation: 0,interpolation_duration: 1}
$data merge entity $(scout) {transformation: [0f,0f,0f,-2.0811f,0f,0f,0f,1.5967f,0f,0f,0f,0.6671f,0f,0f,0f,1f],start_interpolation: 0,interpolation_duration: 1}
$data merge entity $(right_hand) {transformation: [-0.7651f,0.0854f,-0.6382f,-2.1244f,0.3238f,0.9077f,-0.2667f,2.186f,0.5565f,-0.4107f,-0.7222f,0.5742f,0f,0f,0f,1f],start_interpolation: 0,interpolation_duration: 1}
$data merge entity $(right_forearm) {transformation: [-1.1552f,0.1176f,0.7407f,-1.8723f,-0.2163f,1.2503f,-0.5359f,4.0584f,-0.7182f,-0.5657f,-1.0302f,-0.2854f,0f,0f,0f,1f],start_interpolation: 0,interpolation_duration: 1}
$data merge entity $(right_shoulder) {transformation: [-1.3852f,0.4753f,0.0715f,-1.0159f,0.4802f,1.3777f,0.1454f,5.6366f,-0.0201f,0.1608f,-1.4573f,-0.0385f,0f,0f,0f,1f],start_interpolation: 0,interpolation_duration: 1}
$data merge entity $(right_arm) {transformation: [-0.9999f,-0.0065f,-0.0083f,-0.4539f,-0.0059f,0.9978f,-0.0655f,5.9285f,0.0087f,-0.0655f,-0.9978f,-0.0708f,0f,0f,0f,1f],start_interpolation: 0,interpolation_duration: 1}
$data merge entity $(left_thumb_2) {transformation: [-0.7708f,-0.1576f,0.6173f,1.8223f,-0.3329f,0.9258f,-0.1793f,1.9057f,-0.5432f,-0.3437f,-0.766f,0.7241f,0f,0f,0f,1f],start_interpolation: 0,interpolation_duration: 1}
$data merge entity $(left_thumb) {transformation: [-0.7708f,0.1987f,0.6053f,1.992f,-0.3329f,0.6845f,-0.6486f,2.1844f,-0.5432f,-0.7014f,-0.4614f,0.5855f,0f,0f,0f,1f],start_interpolation: 0,interpolation_duration: 1}
$data merge entity $(left_fingers2) {transformation: [0.4164f,0.6568f,0.6287f,2.0197f,0.9085f,-0.3278f,-0.2593f,1.4515f,0.0358f,0.6791f,-0.7332f,0.7586f,0f,0f,0f,1f],start_interpolation: 0,interpolation_duration: 1}
$data merge entity $(left_fingers) {transformation: [-0.5511f,0.5487f,0.6287f,2.1962f,0.5166f,0.816f,-0.2593f,1.6675f,-0.6553f,0.1819f,-0.7332f,0.8235f,0f,0f,0f,1f],start_interpolation: 0,interpolation_duration: 1}
$data merge entity $(left_hand) {transformation: [-0.7708f,-0.1032f,0.6287f,2.1567f,-0.3329f,0.9066f,-0.2593f,2.2113f,-0.5432f,-0.4091f,-0.7332f,0.5371f,0f,0f,0f,1f],start_interpolation: 0,interpolation_duration: 1}
$data merge entity $(left_forearm) {transformation: [-1.1451f,-0.1422f,-0.7521f,1.8676f,0.2027f,1.2488f,-0.5447f,4.0804f,0.7381f,-0.5635f,-1.0172f,-0.3178f,0f,0f,0f,1f],start_interpolation: 0,interpolation_duration: 1}
$data merge entity $(left_shoulder) {transformation: [-1.3789f,-0.4887f,-0.0985f,0.997f,-0.4965f,1.372f,0.1444f,5.6485f,0.044f,0.1691f,-1.4558f,-0.0559f,0f,0f,0f,1f],start_interpolation: 0,interpolation_duration: 1}
$data merge entity $(left_arm) {transformation: [-0.9999f,-0.0065f,-0.0083f,0.4311f,-0.0059f,0.9978f,-0.0655f,5.9337f,0.0087f,-0.0655f,-0.9978f,-0.0784f,0f,0f,0f,1f],start_interpolation: 0,interpolation_duration: 1}
$data merge entity $(chest) {transformation: [-1.2785f,-0.0083f,-0.0106f,0f,-0.0075f,1.2758f,-0.0838f,4.1267f,0.0111f,-0.0837f,-1.2758f,0.0091f,0f,0f,0f,1f],start_interpolation: 0,interpolation_duration: 1}
data modify storage animated_java:temp entry.data merge value {"locators":{"consume":{"px":-2.0319968753,"py":1.4476235738,"pz":0.7321371073,"ry":318.5330557695,"rx":-15.4701207237}}}
# Data Manager: Prepare for Read / Write
execute store result storage animated_java:temp args.id int 1 run scoreboard players get @s aj.id
# Data Manager: Write
function animated_java:global/data_manager/write with storage animated_java:temp args