# This file was generated by Animated Java via MC-Build. It is not recommended to edit this file directly.
$data merge entity $(neck) {transformation: [-1f,-0.0066f,0.0053f,-0.0074f,-0.0065f,0.9998f,0.0197f,5.9606f,-0.0054f,0.0197f,-0.9998f,-0.0358f,0f,0f,0f,1f],start_interpolation: 0,interpolation_duration: 1}
$data merge entity $(right_thumb_2) {transformation: [-0.7661f,0.1437f,-0.6265f,-1.7901f,0.3196f,0.9308f,-0.1773f,1.8769f,0.5577f,-0.336f,-0.759f,0.7296f,0f,0f,0f,1f],start_interpolation: 0,interpolation_duration: 1}
$data merge entity $(right_thumb) {transformation: [-0.7661f,-0.2154f,-0.6056f,-1.9645f,0.3196f,0.6898f,-0.6497f,2.1553f,0.5577f,-0.6912f,-0.4596f,0.5964f,0f,0f,0f,1f],start_interpolation: 0,interpolation_duration: 1}
$data merge entity $(right_fingers2) {transformation: [0.4246f,-0.6437f,-0.6366f,-1.9826f,-0.9039f,-0.3413f,-0.2578f,1.4204f,-0.0514f,0.6849f,-0.7268f,0.762f,0f,0f,0f,1f],start_interpolation: 0,interpolation_duration: 1}
$data merge entity $(right_fingers) {transformation: [-0.5366f,-0.5539f,-0.6366f,-2.1602f,-0.5289f,0.8086f,-0.2578f,1.634f,0.6576f,0.1984f,-0.7268f,0.8318f,0f,0f,0f,1f],start_interpolation: 0,interpolation_duration: 1}
$data merge entity $(scout) {transformation: [0f,0f,0f,-2.0883f,0f,0f,0f,1.5907f,0f,0f,0f,0.6375f,0f,0f,0f,1f],start_interpolation: 0,interpolation_duration: 1}
$data merge entity $(right_hand) {transformation: [-0.7661f,0.0885f,-0.6366f,-2.1301f,0.3196f,0.9118f,-0.2578f,2.181f,0.5577f,-0.4009f,-0.7268f,0.5506f,0f,0f,0f,1f],start_interpolation: 0,interpolation_duration: 1}
$data merge entity $(right_forearm) {transformation: [-1.1536f,0.1219f,0.7426f,-1.8715f,-0.2062f,1.2559f,-0.5265f,4.0618f,-0.7238f,-0.5522f,-1.0336f,-0.2885f,0f,0f,0f,1f],start_interpolation: 0,interpolation_duration: 1}
$data merge entity $(right_shoulder) {transformation: [-1.3841f,0.4777f,0.0761f,-1.0126f,0.4833f,1.3749f,0.1606f,5.6356f,-0.019f,0.1767f,-1.4554f,-0.0224f,0f,0f,0f,1f],start_interpolation: 0,interpolation_duration: 1}
$data merge entity $(right_arm) {transformation: [-1f,-0.0042f,-0.0055f,-0.4499f,-0.0039f,0.9985f,-0.055f,5.9265f,0.0057f,-0.055f,-0.9985f,-0.05f,0f,0f,0f,1f],start_interpolation: 0,interpolation_duration: 1}
$data merge entity $(left_thumb_2) {transformation: [-0.7699f,-0.1547f,0.6192f,1.8155f,-0.3255f,0.9297f,-0.1725f,1.8909f,-0.5489f,-0.3343f,-0.7661f,0.7091f,0f,0f,0f,1f],start_interpolation: 0,interpolation_duration: 1}
$data merge entity $(left_thumb) {transformation: [-0.7699f,0.2022f,0.6053f,1.9862f,-0.3255f,0.6914f,-0.645f,2.1707f,-0.5489f,-0.6936f,-0.4665f,0.5739f,0f,0f,0f,1f],start_interpolation: 0,interpolation_duration: 1}
$data merge entity $(left_fingers2) {transformation: [0.4182f,0.6541f,0.6303f,2.0119f,0.9072f,-0.3363f,-0.2529f,1.4358f,0.0466f,0.6775f,-0.734f,0.7393f,0f,0f,0f,1f],start_interpolation: 0,interpolation_duration: 1}
$data merge entity $(left_fingers) {transformation: [-0.5481f,0.5498f,0.6303f,2.1886f,0.5247f,0.8129f,-0.2529f,1.6508f,-0.6514f,0.1921f,-0.734f,0.807f,0f,0f,0f,1f],start_interpolation: 0,interpolation_duration: 1}
$data merge entity $(left_hand) {transformation: [-0.7699f,-0.1001f,0.6303f,2.1511f,-0.3255f,0.9111f,-0.2529f,2.1976f,-0.5489f,-0.3998f,-0.734f,0.5263f,0f,0f,0f,1f],start_interpolation: 0,interpolation_duration: 1}
$data merge entity $(left_forearm) {transformation: [-1.1468f,-0.1379f,-0.7503f,1.8684f,0.1973f,1.2549f,-0.5323f,4.0763f,0.7369f,-0.5507f,-1.0251f,-0.3098f,0f,0f,0f,1f],start_interpolation: 0,interpolation_duration: 1}
$data merge entity $(left_shoulder) {transformation: [-1.3801f,-0.4863f,-0.0939f,1.0004f,-0.494f,1.3712f,0.1599f,5.6434f,0.0348f,0.1822f,-1.4545f,-0.0339f,0f,0f,0f,1f],start_interpolation: 0,interpolation_duration: 1}
$data merge entity $(left_arm) {transformation: [-1f,-0.0042f,-0.0055f,0.4352f,-0.0039f,0.9985f,-0.055f,5.93f,0.0057f,-0.055f,-0.9985f,-0.055f,0f,0f,0f,1f],start_interpolation: 0,interpolation_duration: 1}
$data merge entity $(chest) {transformation: [-1.2785f,-0.0053f,-0.007f,0f,-0.005f,1.2766f,-0.0703f,4.1231f,0.0073f,-0.0703f,-1.2766f,0.0122f,0f,0f,0f,1f],start_interpolation: 0,interpolation_duration: 1}
data modify storage animated_java:temp entry.data merge value {"locators":{"consume":{"px":-2.0397073168,"py":1.4408632697,"pz":0.7010295722,"ry":318.7846256447,"rx":-14.9373237176}}}
# Data Manager: Prepare for Read / Write
execute store result storage animated_java:temp args.id int 1 run scoreboard players get @s aj.id
# Data Manager: Write
function animated_java:global/data_manager/write with storage animated_java:temp args