# This file was generated by Animated Java via MC-Build. It is not recommended to edit this file directly.
$data merge entity $(neck) {transformation: [-1f,-0.0036f,0.0038f,-0.0037f,-0.0035f,0.9999f,0.014f,5.9576f,-0.0039f,0.014f,-0.9999f,-0.0148f,0f,0f,0f,1f],start_interpolation: 0,interpolation_duration: 1}
$data merge entity $(right_thumb_2) {transformation: [-0.767f,0.1464f,-0.6247f,-1.7965f,0.3155f,0.9338f,-0.1686f,1.87f,0.5587f,-0.3264f,-0.7624f,0.7053f,0f,0f,0f,1f],start_interpolation: 0,interpolation_duration: 1}
$data merge entity $(right_thumb) {transformation: [-0.767f,-0.2122f,-0.6055f,-1.9699f,0.3155f,0.697f,-0.6439f,2.1501f,0.5587f,-0.685f,-0.4677f,0.5744f,0f,0f,0f,1f],start_interpolation: 0,interpolation_duration: 1}
$data merge entity $(right_fingers2) {transformation: [0.423f,-0.6463f,-0.6351f,-1.9899f,-0.9042f,-0.3468f,-0.2493f,1.4136f,-0.0591f,0.6797f,-0.7311f,0.7327f,0f,0f,0f,1f],start_interpolation: 0,interpolation_duration: 1}
$data merge entity $(right_fingers) {transformation: [-0.5394f,-0.5529f,-0.6351f,-2.1673f,-0.5343f,0.8077f,-0.2493f,1.6269f,0.6508f,0.2048f,-0.7311f,0.8041f,0f,0f,0f,1f],start_interpolation: 0,interpolation_duration: 1}
$data merge entity $(scout) {transformation: [0f,0f,0f,-2.095f,0f,0f,0f,1.5854f,0f,0f,0f,0.6095f,0f,0f,0f,1f],start_interpolation: 0,interpolation_duration: 1}
$data merge entity $(right_hand) {transformation: [-0.767f,0.0914f,-0.6351f,-2.1354f,0.3155f,0.9156f,-0.2493f,2.1766f,0.5587f,-0.3916f,-0.7311f,0.5284f,0f,0f,0f,1f],start_interpolation: 0,interpolation_duration: 1}
$data merge entity $(right_forearm) {transformation: [-1.152f,0.1259f,0.7445f,-1.8708f,-0.1968f,1.2611f,-0.5178f,4.0651f,-0.729f,-0.5394f,-1.0367f,-0.2913f,0f,0f,0f,1f],start_interpolation: 0,interpolation_duration: 1}
$data merge entity $(right_shoulder) {transformation: [-1.3831f,0.4799f,0.0804f,-1.0095f,0.4862f,1.3722f,0.1748f,5.6344f,-0.0181f,0.1916f,-1.4535f,-0.0074f,0f,0f,0f,1f],start_interpolation: 0,interpolation_duration: 1}
$data merge entity $(right_arm) {transformation: [-1f,-0.0021f,-0.0028f,-0.4462f,-0.002f,0.999f,-0.0451f,5.9246f,0.0029f,-0.0451f,-0.999f,-0.0305f,0f,0f,0f,1f],start_interpolation: 0,interpolation_duration: 1}
$data merge entity $(left_thumb_2) {transformation: [-0.769f,-0.152f,0.621f,1.8093f,-0.3186f,0.9332f,-0.1661f,1.8771f,-0.5543f,-0.3256f,-0.766f,0.6949f,0f,0f,0f,1f],start_interpolation: 0,interpolation_duration: 1}
$data merge entity $(left_thumb) {transformation: [-0.769f,0.2055f,0.6054f,1.9808f,-0.3186f,0.6978f,-0.6415f,2.1579f,-0.5543f,-0.6862f,-0.4712f,0.563f,0f,0f,0f,1f],start_interpolation: 0,interpolation_duration: 1}
$data merge entity $(left_fingers2) {transformation: [0.4198f,0.6516f,0.6318f,2.0046f,0.9059f,-0.3442f,-0.2468f,1.4214f,0.0567f,0.676f,-0.7348f,0.7211f,0f,0f,0f,1f],start_interpolation: 0,interpolation_duration: 1}
$data merge entity $(left_fingers) {transformation: [-0.5453f,0.5509f,0.6318f,2.1816f,0.5322f,0.8099f,-0.2468f,1.6354f,-0.6477f,0.2016f,-0.7348f,0.7915f,0f,0f,0f,1f],start_interpolation: 0,interpolation_duration: 1}
$data merge entity $(left_hand) {transformation: [-0.769f,-0.0973f,0.6318f,2.146f,-0.3186f,0.9152f,-0.2468f,2.185f,-0.5543f,-0.3911f,-0.7348f,0.516f,0f,0f,0f,1f],start_interpolation: 0,interpolation_duration: 1}
$data merge entity $(left_forearm) {transformation: [-1.1485f,-0.134f,-0.7484f,1.8692f,0.1923f,1.2606f,-0.5207f,4.0724f,0.7356f,-0.5387f,-1.0324f,-0.3021f,0f,0f,0f,1f],start_interpolation: 0,interpolation_duration: 1}
$data merge entity $(left_shoulder) {transformation: [-1.3811f,-0.4841f,-0.0895f,1.0034f,-0.4917f,1.3703f,0.1745f,5.6384f,0.0261f,0.1944f,-1.4531f,-0.0132f,0f,0f,0f,1f],start_interpolation: 0,interpolation_duration: 1}
$data merge entity $(left_arm) {transformation: [-1f,-0.0021f,-0.0028f,0.4389f,-0.002f,0.999f,-0.0451f,5.9263f,0.0029f,-0.0451f,-0.999f,-0.0331f,0f,0f,0f,1f],start_interpolation: 0,interpolation_duration: 1}
$data merge entity $(chest) {transformation: [-1.2785f,-0.0027f,-0.0036f,0f,-0.0025f,1.2772f,-0.0577f,4.1197f,0.0037f,-0.0577f,-1.2772f,0.0151f,0f,0f,0f,1f],start_interpolation: 0,interpolation_duration: 1}
data modify storage animated_java:temp entry.data merge value {"locators":{"consume":{"px":-2.0468012971,"py":1.4348010631,"pz":0.6717325669,"ry":319.0189825818,"rx":-14.4368979799}}}
# Data Manager: Prepare for Read / Write
execute store result storage animated_java:temp args.id int 1 run scoreboard players get @s aj.id
# Data Manager: Write
function animated_java:global/data_manager/write with storage animated_java:temp args