# This file was generated by Animated Java via MC-Build. It is not recommended to edit this file directly.
$data merge entity $(neck) {transformation: [-1f,-0.0012f,0.0019f,-0.001f,-0.0011f,1f,0.0067f,5.9552f,-0.0019f,0.0067f,-1f,0.0009f,0f,0f,0f,1f],start_interpolation: 0,interpolation_duration: 1}
$data merge entity $(right_thumb_2) {transformation: [-0.7677f,0.1484f,-0.6234f,-1.8011f,0.3125f,0.936f,-0.1621f,1.8651f,0.5594f,-0.3193f,-0.7649f,0.6872f,0f,0f,0f,1f],start_interpolation: 0,interpolation_duration: 1}
$data merge entity $(right_thumb) {transformation: [-0.7677f,-0.2098f,-0.6055f,-1.9739f,0.3125f,0.7023f,-0.6396f,2.1464f,0.5594f,-0.6803f,-0.4736f,0.558f,0f,0f,0f,1f],start_interpolation: 0,interpolation_duration: 1}
$data merge entity $(right_fingers2) {transformation: [0.4218f,-0.6482f,-0.6339f,-1.9952f,-0.9043f,-0.3508f,-0.243f,1.4087f,-0.0649f,0.6758f,-0.7342f,0.7109f,0f,0f,0f,1f],start_interpolation: 0,interpolation_duration: 1}
$data merge entity $(right_fingers) {transformation: [-0.5415f,-0.5521f,-0.6339f,-2.1725f,-0.5383f,0.807f,-0.243f,1.6217f,0.6458f,0.2096f,-0.7342f,0.7834f,0f,0f,0f,1f],start_interpolation: 0,interpolation_duration: 1}
$data merge entity $(scout) {transformation: [0f,0f,0f,-2.0998f,0f,0f,0f,1.5816f,0f,0f,0f,0.5887f,0f,0f,0f,1f],start_interpolation: 0,interpolation_duration: 1}
$data merge entity $(right_hand) {transformation: [-0.7677f,0.0935f,-0.6339f,-2.1392f,0.3125f,0.9183f,-0.243f,2.1734f,0.5594f,-0.3847f,-0.7342f,0.5119f,0f,0f,0f,1f],start_interpolation: 0,interpolation_duration: 1}
$data merge entity $(right_forearm) {transformation: [-1.1507f,0.1288f,0.7459f,-1.8702f,-0.1898f,1.2648f,-0.5112f,4.0675f,-0.7328f,-0.5299f,-1.0389f,-0.2934f,0f,0f,0f,1f],start_interpolation: 0,interpolation_duration: 1}
$data merge entity $(right_shoulder) {transformation: [-1.3824f,0.4814f,0.0837f,-1.0073f,0.4883f,1.37f,0.1853f,5.6335f,-0.0174f,0.2026f,-1.4521f,0.0038f,0f,0f,0f,1f],start_interpolation: 0,interpolation_duration: 1}
$data merge entity $(right_arm) {transformation: [-1f,-0.0006f,-0.0008f,-0.4436f,-0.0006f,0.9993f,-0.0378f,5.923f,0.0008f,-0.0378f,-0.9993f,-0.016f,0f,0f,0f,1f],start_interpolation: 0,interpolation_duration: 1}
$data merge entity $(left_thumb_2) {transformation: [-0.7683f,-0.15f,0.6223f,1.8047f,-0.3134f,0.9358f,-0.1614f,1.8671f,-0.5582f,-0.319f,-0.766f,0.6843f,0f,0f,0f,1f],start_interpolation: 0,interpolation_duration: 1}
$data merge entity $(left_thumb) {transformation: [-0.7683f,0.2079f,0.6054f,1.9769f,-0.3134f,0.7025f,-0.6389f,2.1486f,-0.5582f,-0.6806f,-0.4746f,0.5548f,0f,0f,0f,1f],start_interpolation: 0,interpolation_duration: 1}
$data merge entity $(left_fingers2) {transformation: [0.4209f,0.6497f,0.633f,1.9993f,0.9048f,-0.3501f,-0.2423f,1.411f,0.0642f,0.6748f,-0.7352f,0.7076f,0f,0f,0f,1f],start_interpolation: 0,interpolation_duration: 1}
$data merge entity $(left_fingers) {transformation: [-0.5432f,0.5516f,0.633f,2.1765f,0.5377f,0.8076f,-0.2423f,1.6241f,-0.6449f,0.2087f,-0.7352f,0.7799f,0f,0f,0f,1f],start_interpolation: 0,interpolation_duration: 1}
$data merge entity $(left_hand) {transformation: [-0.7683f,-0.0952f,0.633f,2.1422f,-0.3134f,0.9182f,-0.2423f,2.1758f,-0.5582f,-0.3846f,-0.7352f,0.5084f,0f,0f,0f,1f],start_interpolation: 0,interpolation_duration: 1}
$data merge entity $(left_forearm) {transformation: [-1.1497f,-0.1311f,-0.747f,1.8698f,0.1885f,1.2647f,-0.512f,4.0696f,0.7346f,-0.5297f,-1.0377f,-0.2965f,0f,0f,0f,1f],start_interpolation: 0,interpolation_duration: 1}
$data merge entity $(left_shoulder) {transformation: [-1.3818f,-0.4826f,-0.0863f,1.0056f,-0.4899f,1.3695f,0.1853f,5.6346f,0.0196f,0.2034f,-1.4519f,0.0022f,0f,0f,0f,1f],start_interpolation: 0,interpolation_duration: 1}
$data merge entity $(left_arm) {transformation: [-1f,-0.0006f,-0.0008f,0.4415f,-0.0006f,0.9993f,-0.0378f,5.9235f,0.0008f,-0.0378f,-0.9993f,-0.0167f,0f,0f,0f,1f],start_interpolation: 0,interpolation_duration: 1}
$data merge entity $(chest) {transformation: [-1.2785f,-0.0007f,-0.001f,0f,-0.0007f,1.2776f,-0.0483f,4.1172f,0.001f,-0.0483f,-1.2776f,0.0173f,0f,0f,0f,1f],start_interpolation: 0,interpolation_duration: 1}
data modify storage animated_java:temp entry.data merge value {"locators":{"consume":{"px":-2.0519699197,"py":1.4304836868,"pz":0.6499512327,"ry":319.1916514863,"rx":-14.0656736212}}}
# Data Manager: Prepare for Read / Write
execute store result storage animated_java:temp args.id int 1 run scoreboard players get @s aj.id
# Data Manager: Write
function animated_java:global/data_manager/write with storage animated_java:temp args