# This file was generated by Animated Java via MC-Build. It is not recommended to edit this file directly.
$data merge entity $(neck) {transformation: [-1f,0.002f,-0.0049f,0f,0.0019f,0.9999f,0.0157f,5.9664f,0.0049f,0.0157f,-0.9999f,0.016f,0f,0f,0f,1f],start_interpolation: 0,interpolation_duration: 1}
$data merge entity $(right_thumb_2) {transformation: [-0.7354f,0.1729f,-0.6552f,-1.8377f,0.3835f,0.9033f,-0.1921f,1.9831f,0.5587f,-0.3925f,-0.7306f,0.7677f,0f,0f,0f,1f],start_interpolation: 0,interpolation_duration: 1}
$data merge entity $(right_thumb) {transformation: [-0.7354f,-0.2062f,-0.6455f,-2.004f,0.3835f,0.6587f,-0.6474f,2.2609f,0.5587f,-0.7236f,-0.4053f,0.6234f,0f,0f,0f,1f],start_interpolation: 0,interpolation_duration: 1}
$data merge entity $(right_fingers2) {transformation: [0.3846f,-0.6373f,-0.6678f,-2.0481f,-0.923f,-0.2739f,-0.2701f,1.5379f,-0.0108f,0.7202f,-0.6936f,0.8313f,0f,0f,0f,1f],start_interpolation: 0,interpolation_duration: 1}
$data merge entity $(right_fingers) {transformation: [-0.539f,-0.5134f,-0.6678f,-2.2145f,-0.4672f,0.8419f,-0.2701f,1.7626f,0.7008f,0.1664f,-0.6936f,0.8934f,0f,0f,0f,1f],start_interpolation: 0,interpolation_duration: 1}
$data merge entity $(scout) {transformation: [0f,0f,0f,-2.1502f,0f,0f,0f,1.7055f,0f,0f,0f,0.7001f,0f,0f,0f,1f],start_interpolation: 0,interpolation_duration: 1}
$data merge entity $(right_hand) {transformation: [-0.7354f,0.1151f,-0.6678f,-2.1697f,0.3835f,0.8832f,-0.2701f,2.2912f,0.5587f,-0.4547f,-0.6936f,0.5807f,0f,0f,0f,1f],start_interpolation: 0,interpolation_duration: 1}
$data merge entity $(right_forearm) {transformation: [-1.1818f,0.1585f,0.6895f,-1.8567f,-0.196f,1.2164f,-0.6156f,4.1089f,-0.6798f,-0.6263f,-1.0212f,-0.3714f,0f,0f,0f,1f],start_interpolation: 0,interpolation_duration: 1}
$data merge entity $(right_shoulder) {transformation: [-1.3897f,0.4675f,-0.0044f,-1.0065f,0.4548f,1.355f,0.3271f,5.6587f,0.1084f,0.3087f,-1.4293f,0.0291f,0f,0f,0f,1f],start_interpolation: 0,interpolation_duration: 1}
$data merge entity $(right_arm) {transformation: [-1f,0f,0f,-0.4425f,0f,0.9977f,0.0682f,5.9483f,0f,0.0682f,-0.9977f,0.0404f,0f,0f,0f,1f],start_interpolation: 0,interpolation_duration: 1}
$data merge entity $(left_thumb_2) {transformation: [-0.7704f,-0.1952f,0.6069f,1.8739f,-0.3568f,0.921f,-0.1566f,1.9525f,-0.5284f,-0.3372f,-0.7792f,0.5371f,0f,0f,0f,1f],start_interpolation: 0,interpolation_duration: 1}
$data merge entity $(left_thumb) {transformation: [-0.7704f,0.1614f,0.6168f,2.0314f,-0.3568f,0.6926f,-0.6269f,2.237f,-0.5284f,-0.703f,-0.476f,0.396f,0f,0f,0f,1f],start_interpolation: 0,interpolation_duration: 1}
$data merge entity $(left_fingers2) {transformation: [0.3867f,0.6812f,0.6216f,2.0869f,0.9217f,-0.3077f,-0.2363f,1.5049f,0.0303f,0.6643f,-0.7468f,0.5659f,0f,0f,0f,1f],start_interpolation: 0,interpolation_duration: 1}
$data merge entity $(left_fingers) {transformation: [-0.5813f,0.525f,0.6216f,2.2574f,0.4999f,0.8333f,-0.2363f,1.7265f,-0.642f,0.1734f,-0.7468f,0.628f,0f,0f,0f,1f],start_interpolation: 0,interpolation_duration: 1}
$data merge entity $(left_hand) {transformation: [-0.7704f,-0.1416f,0.6216f,2.1941f,-0.3568f,0.9038f,-0.2363f,2.2694f,-0.5284f,-0.4038f,-0.7468f,0.3443f,0f,0f,0f,1f],start_interpolation: 0,interpolation_duration: 1}
$data merge entity $(left_forearm) {transformation: [-1.1357f,-0.195f,-0.7545f,1.8257f,0.1626f,1.2449f,-0.5665f,4.1303f,0.7622f,-0.5562f,-1.0034f,-0.4982f,0f,0f,0f,1f],start_interpolation: 0,interpolation_duration: 1}
$data merge entity $(left_shoulder) {transformation: [-1.3949f,-0.4436f,-0.0857f,1.0065f,-0.4499f,1.3384f,0.395f,5.6587f,-0.0413f,0.4021f,-1.4094f,0.0291f,0f,0f,0f,1f],start_interpolation: 0,interpolation_duration: 1}
$data merge entity $(left_arm) {transformation: [-1f,0f,0f,0.4426f,0f,0.9977f,0.0682f,5.9483f,0f,0.0682f,-0.9977f,0.0404f,0f,0f,0f,1f],start_interpolation: 0,interpolation_duration: 1}
$data merge entity $(chest) {transformation: [-1.2785f,0f,0f,0f,0f,1.2756f,0.0872f,4.1489f,0f,0.0872f,-1.2756f,-0.1173f,0f,0f,0f,1f],start_interpolation: 0,interpolation_duration: 1}
$data merge entity $(left_cheek) {transformation: [-0.9837f,-0.0143f,-0.1793f,0.3431f,-0.0255f,0.9978f,0.0604f,3.2996f,0.1781f,0.064f,-0.9819f,-0.6753f,0f,0f,0f,1f],start_interpolation: 0,interpolation_duration: 1}
$data merge entity $(left_foot) {transformation: [-0.8859f,0.0091f,-0.5102f,0.4716f,-0.012f,1.0216f,0.0391f,-4.7421f,0.5101f,0.0399f,-0.8851f,-0.9478f,0f,0f,0f,1f],start_interpolation: 0,interpolation_duration: 1}
$data merge entity $(left_knee) {transformation: [-2.8073f,0.1631f,-1.1595f,0.7305f,-0.0378f,2.9979f,0.5132f,-0.5709f,1.1704f,0.4881f,-2.7648f,-0.4191f,0f,0f,0f,1f],start_interpolation: 0,interpolation_duration: 1}
$data merge entity $(left_leg) {transformation: [-1.5856f,0.016f,-0.6612f,0.7095f,-0.0213f,1.7153f,0.0927f,2.1735f,0.661f,0.0938f,-1.5829f,-0.1949f,0f,0f,0f,1f],start_interpolation: 0,interpolation_duration: 1}
$data merge entity $(right_cheek) {transformation: [-0.9833f,0.0492f,-0.1754f,-0.4942f,0.0415f,0.998f,0.0471f,3.3128f,0.1774f,0.039f,-0.9834f,-0.4889f,0f,0f,0f,1f],start_interpolation: 0,interpolation_duration: 1}
$data merge entity $(right_foot) {transformation: [-1.0186f,-0.0186f,0.0859f,-0.5128f,-0.0212f,1.0217f,-0.0306f,-4.7176f,-0.0853f,-0.0322f,-1.0183f,0.7946f,0f,0f,0f,1f],start_interpolation: 0,interpolation_duration: 1}
$data merge entity $(right_knee) {transformation: [-3.0411f,-0.0607f,-0.0108f,-0.6844f,-0.0605f,3.041f,-0.0324f,-0.5119f,0.0114f,-0.0322f,-3.0415f,0.6259f,0f,0f,0f,1f],start_interpolation: 0,interpolation_duration: 1}
$data merge entity $(right_leg) {transformation: [-1.7176f,-0.0347f,0.0019f,-0.6687f,-0.0342f,1.6678f,-0.4106f,2.1735f,0.0065f,-0.4105f,-1.6682f,0.0169f,0f,0f,0f,1f],start_interpolation: 0,interpolation_duration: 1}
$data merge entity $(weist) {transformation: [-1.5977f,0f,-0.2817f,0f,0f,1.6223f,0f,3.8242f,0.2817f,0f,-1.5977f,-0.1579f,0f,0f,0f,1f],start_interpolation: 0,interpolation_duration: 1}
data modify storage animated_java:temp entry.data merge value {"locators":{"consume":{"px":-2.1061172218,"py":1.5574223862,"pz":0.7708034707,"ry":316.0888397423,"rx":-15.6707868702}}}
# Data Manager: Prepare for Read / Write
execute store result storage animated_java:temp args.id int 1 run scoreboard players get @s aj.id
# Data Manager: Write
function animated_java:global/data_manager/write with storage animated_java:temp args