# This file was generated by Animated Java via MC-Build. It is not recommended to edit this file directly.
$data merge entity $(neck) {transformation: [-0.9999f,0.007f,-0.0104f,0.0038f,0.0085f,0.9887f,-0.1499f,6.0183f,0.0092f,-0.1499f,-0.9887f,0.1829f,0f,0f,0f,1f],start_interpolation: 0,interpolation_duration: 1}
$data merge entity $(right_thumb_2) {transformation: [-0.7655f,-0.0237f,-0.643f,-1.3431f,0.1837f,0.9497f,-0.2538f,2.0084f,0.6166f,-0.3124f,-0.7226f,0.6744f,0f,0f,0f,1f],start_interpolation: 0,interpolation_duration: 1}
$data merge entity $(right_thumb) {transformation: [-0.7655f,-0.3655f,-0.5295f,-1.5667f,0.1837f,0.6646f,-0.7243f,2.2597f,0.6166f,-0.6518f,-0.4416f,0.5623f,0f,0f,0f,1f],start_interpolation: 0,interpolation_duration: 1}
$data merge entity $(right_fingers2) {transformation: [0.5531f,-0.5352f,-0.6384f,-1.4608f,-0.8259f,-0.4531f,-0.3356f,1.527f,-0.1097f,0.7129f,-0.6927f,0.7034f,0f,0f,0f,1f],start_interpolation: 0,interpolation_duration: 1}
$data merge entity $(right_fingers) {transformation: [-0.4028f,-0.6558f,-0.6384f,-1.6638f,-0.6211f,0.7082f,-0.3356f,1.7088f,0.6722f,0.2614f,-0.6927f,0.7918f,0f,0f,0f,1f],start_interpolation: 0,interpolation_duration: 1}
$data merge entity $(scout) {transformation: [0f,0f,0f,-1.5997f,0f,0f,0f,1.6819f,0f,0f,0f,0.5918f,0f,0f,0f,1f],start_interpolation: 0,interpolation_duration: 1}
$data merge entity $(right_hand) {transformation: [-0.7655f,-0.0797f,-0.6384f,-1.7371f,0.1837f,0.9239f,-0.3356f,2.2605f,0.6166f,-0.3742f,-0.6927f,0.5282f,0f,0f,0f,1f],start_interpolation: 0,interpolation_duration: 1}
$data merge entity $(right_forearm) {transformation: [-1.1557f,-0.1097f,0.7412f,-1.8273f,-0.3647f,1.2726f,-0.3803f,4.1783f,-0.6545f,-0.5154f,-1.0969f,-0.2607f,0f,0f,0f,1f],start_interpolation: 0,interpolation_duration: 1}
$data merge entity $(right_shoulder) {transformation: [-1.3953f,0.4429f,-0.0831f,-1.0034f,0.4081f,1.3565f,0.3786f,5.7377f,0.1913f,0.3371f,-1.4141f,0.1573f,0f,0f,0f,1f],start_interpolation: 0,interpolation_duration: 1}
$data merge entity $(right_arm) {transformation: [-0.9999f,0.0024f,0.0127f,-0.4387f,0.0033f,0.9975f,0.0707f,6.0254f,-0.0125f,0.0708f,-0.9974f,0.1764f,0f,0f,0f,1f],start_interpolation: 0,interpolation_duration: 1}
$data merge entity $(left_thumb_2) {transformation: [-0.839f,-0.0059f,0.544f,1.3723f,-0.1107f,0.9808f,-0.1602f,1.9684f,-0.5327f,-0.1947f,-0.8236f,0.1936f,0f,0f,0f,1f],start_interpolation: 0,interpolation_duration: 1}
$data merge entity $(left_thumb) {transformation: [-0.839f,0.2874f,0.462f,1.5827f,-0.1107f,0.7411f,-0.6622f,2.2326f,-0.5327f,-0.6067f,-0.59f,0.0857f,0f,0f,0f,1f],start_interpolation: 0,interpolation_duration: 1}
$data merge entity $(left_fingers2) {transformation: [0.5712f,0.616f,0.5425f,1.4878f,0.809f,-0.5343f,-0.2451f,1.4876f,0.1388f,0.5789f,-0.8035f,0.1486f,0f,0f,0f,1f],start_interpolation: 0,interpolation_duration: 1}
$data merge entity $(left_fingers) {transformation: [-0.4778f,0.691f,0.5425f,1.7021f,0.6967f,0.6742f,-0.2451f,1.6582f,-0.5351f,0.2608f,-0.8035f,0.2321f,0f,0f,0f,1f],start_interpolation: 0,interpolation_duration: 1}
$data merge entity $(left_hand) {transformation: [-0.839f,0.0416f,0.5425f,1.7474f,-0.1107f,0.9631f,-0.2451f,2.2384f,-0.5327f,-0.2657f,-0.8035f,0.0307f,0f,0f,0f,1f],start_interpolation: 0,interpolation_duration: 1}
$data merge entity $(left_forearm) {transformation: [-1.0601f,0.0573f,-0.8775f,1.7577f,0.2761f,1.3266f,-0.247f,4.2387f,0.8349f,-0.366f,-1.0325f,-0.5234f,0f,0f,0f,1f],start_interpolation: 0,interpolation_duration: 1}
$data merge entity $(left_shoulder) {transformation: [-1.4125f,-0.3826f,-0.0918f,1.0094f,-0.3886f,1.3028f,0.5491f,5.7311f,-0.0617f,0.5533f,-1.3564f,0.1825f,0f,0f,0f,1f],start_interpolation: 0,interpolation_duration: 1}
$data merge entity $(left_arm) {transformation: [-0.9999f,0.0024f,0.0127f,0.4463f,0.0033f,0.9975f,0.0707f,6.0225f,-0.0125f,0.0708f,-0.9974f,0.1875f,0f,0f,0f,1f],start_interpolation: 0,interpolation_duration: 1}
$data merge entity $(chest) {transformation: [-1.2784f,0.003f,0.0163f,0f,0.0042f,1.2753f,0.0904f,4.2249f,-0.016f,0.0905f,-1.2752f,0.0196f,0f,0f,0f,1f],start_interpolation: 0,interpolation_duration: 1}
$data merge entity $(left_cheek) {transformation: [-0.9986f,0.0002f,-0.0529f,0.4457f,-0.0058f,0.9935f,0.114f,3.458f,0.0526f,0.1141f,-0.9921f,-0.418f,0f,0f,0f,1f],start_interpolation: 0,interpolation_duration: 1}
$data merge entity $(left_foot) {transformation: [-1.0143f,0.0526f,-0.1169f,0.8349f,0.0198f,0.9853f,0.272f,-4.5991f,0.1267f,0.2676f,-0.9786f,0.0609f,0f,0f,0f,1f],start_interpolation: 0,interpolation_duration: 1}
$data merge entity $(left_knee) {transformation: [-3.0276f,-0.0333f,-0.2915f,0.8639f,-0.0614f,3.027f,0.2927f,-0.3959f,0.2869f,0.2972f,-3.0136f,0.3407f,0f,0f,0f,1f],start_interpolation: 0,interpolation_duration: 1}
$data merge entity $(left_leg) {transformation: [-1.71f,-0.0552f,-0.1562f,0.7088f,-0.0347f,1.7032f,-0.2224f,2.3377f,0.162f,-0.2182f,-1.6963f,0.0476f,0f,0f,0f,1f],start_interpolation: 0,interpolation_duration: 1}
$data merge entity $(right_cheek) {transformation: [-0.9991f,-0.002f,-0.0425f,-0.4718f,-0.0055f,0.9965f,0.0834f,3.4385f,0.0422f,0.0835f,-0.9956f,-0.3539f,0f,0f,0f,1f],start_interpolation: 0,interpolation_duration: 1}
$data merge entity $(right_foot) {transformation: [-1.0221f,-0.0151f,0.0167f,-0.5949f,-0.0093f,0.974f,0.3106f,-4.5961f,-0.0205f,0.3104f,-0.9739f,0.3764f,0f,0f,0f,1f],start_interpolation: 0,interpolation_duration: 1}
$data merge entity $(right_knee) {transformation: [-3.0415f,-0.0309f,-0.0193f,-0.7258f,-0.0319f,3.037f,0.1663f,-0.3869f,0.0176f,0.1665f,-3.0371f,0.4831f,0f,0f,0f,1f],start_interpolation: 0,interpolation_duration: 1}
$data merge entity $(right_leg) {transformation: [-1.7178f,-0.0194f,-0.0069f,-0.6852f,-0.018f,1.6954f,-0.2768f,2.3381f,0.01f,-0.2767f,-1.6955f,0.089f,0f,0f,0f,1f],start_interpolation: 0,interpolation_duration: 1}
$data merge entity $(weist) {transformation: [-1.6202f,0f,-0.0839f,0f,0.0008f,1.6223f,-0.0157f,3.9878f,0.0839f,-0.0157f,-1.6201f,-0.0187f,0f,0f,0f,1f],start_interpolation: 0,interpolation_duration: 1}
data modify storage animated_java:temp entry.data merge value {"locators":{"consume":{"px":-1.5245097679,"py":1.5398409152,"pz":0.6469612473,"ry":317.3320387548,"rx":-19.6083982291}}}
# Data Manager: Prepare for Read / Write
execute store result storage animated_java:temp args.id int 1 run scoreboard players get @s aj.id
# Data Manager: Write
function animated_java:global/data_manager/write with storage animated_java:temp args