# This file was generated by Animated Java via MC-Build. It is not recommended to edit this file directly.
$data merge entity $(neck) {transformation: [-1f,0f,0f,0f,0f,0.9763f,-0.2164f,5.9145f,0f,-0.2164f,-0.9763f,0.161f,0f,0f,0f,1f],start_interpolation: 0,interpolation_duration: 1}
$data merge entity $(right_thumb_2) {transformation: [-0.7563f,-0.02f,-0.6539f,-1.3402f,0.0657f,0.9922f,-0.1064f,1.6744f,0.6509f,-0.1234f,-0.7491f,0.5788f,0f,0f,0f,1f],start_interpolation: 0,interpolation_duration: 1}
$data merge entity $(right_thumb) {transformation: [-0.7563f,-0.3682f,-0.5407f,-1.5632f,0.0657f,0.7796f,-0.6228f,1.9438f,0.6509f,-0.5065f,-0.5655f,0.5204f,0f,0f,0f,1f],start_interpolation: 0,interpolation_duration: 1}
$data merge entity $(right_fingers2) {transformation: [0.5451f,-0.5299f,-0.6497f,-1.4614f,-0.7923f,-0.5791f,-0.1924f,1.1971f,-0.2742f,0.6196f,-0.7355f,0.5163f,0f,0f,0f,1f],start_interpolation: 0,interpolation_duration: 1}
$data merge entity $(right_fingers) {transformation: [-0.3994f,-0.6469f,-0.6497f,-1.6618f,-0.7368f,0.6481f,-0.1924f,1.3596f,0.5456f,0.4018f,-0.7355f,0.6408f,0f,0f,0f,1f],start_interpolation: 0,interpolation_duration: 1}
$data merge entity $(scout) {transformation: [0f,0f,0f,-1.6004f,0f,0f,0f,1.3713f,0f,0f,0f,0.4385f,0f,0f,0f,1f],start_interpolation: 0,interpolation_duration: 1}
$data merge entity $(right_hand) {transformation: [-0.7563f,-0.077f,-0.6497f,-1.734f,0.0657f,0.9791f,-0.1924f,1.9521f,0.6509f,-0.1882f,-0.7355f,0.4894f,0f,0f,0f,1f],start_interpolation: 0,interpolation_duration: 1}
$data merge entity $(right_forearm) {transformation: [-1.1667f,-0.106f,0.7244f,-1.8187f,-0.2256f,1.3486f,-0.166f,3.9864f,-0.6965f,-0.2592f,-1.1596f,0.0858f,0f,0f,0f,1f],start_interpolation: 0,interpolation_duration: 1}
$data merge entity $(right_shoulder) {transformation: [-1.3984f,0.4366f,0.0614f,-1.0065f,0.4392f,1.3973f,0.0673f,5.5993f,-0.0384f,0.0826f,-1.4634f,0.2413f,0f,0f,0f,1f],start_interpolation: 0,interpolation_duration: 1}
$data merge entity $(right_arm) {transformation: [-1f,0f,0f,-0.4426f,0f,0.9962f,-0.0872f,5.8871f,0f,-0.0872f,-0.9962f,0.2077f,0f,0f,0f,1f],start_interpolation: 0,interpolation_duration: 1}
$data merge entity $(left_thumb_2) {transformation: [-0.7563f,0.02f,0.6539f,1.3402f,-0.0657f,0.9922f,-0.1064f,1.6744f,-0.6509f,-0.1234f,-0.7491f,0.5788f,0f,0f,0f,1f],start_interpolation: 0,interpolation_duration: 1}
$data merge entity $(left_thumb) {transformation: [-0.7563f,0.3682f,0.5407f,1.5632f,-0.0657f,0.7796f,-0.6228f,1.9438f,-0.6509f,-0.5065f,-0.5655f,0.5204f,0f,0f,0f,1f],start_interpolation: 0,interpolation_duration: 1}
$data merge entity $(left_fingers2) {transformation: [0.5451f,0.5299f,0.6497f,1.4614f,0.7923f,-0.5791f,-0.1924f,1.1971f,0.2742f,0.6196f,-0.7355f,0.5163f,0f,0f,0f,1f],start_interpolation: 0,interpolation_duration: 1}
$data merge entity $(left_fingers) {transformation: [-0.3994f,0.6469f,0.6497f,1.6618f,0.7368f,0.6481f,-0.1924f,1.3596f,-0.5456f,0.4018f,-0.7355f,0.6408f,0f,0f,0f,1f],start_interpolation: 0,interpolation_duration: 1}
$data merge entity $(left_hand) {transformation: [-0.7563f,0.077f,0.6497f,1.734f,-0.0657f,0.9791f,-0.1924f,1.9521f,-0.6509f,-0.1882f,-0.7355f,0.4894f,0f,0f,0f,1f],start_interpolation: 0,interpolation_duration: 1}
$data merge entity $(left_forearm) {transformation: [-1.1667f,0.106f,-0.7244f,1.8187f,0.2256f,1.3486f,-0.166f,3.9864f,0.6965f,-0.2592f,-1.1596f,0.0858f,0f,0f,0f,1f],start_interpolation: 0,interpolation_duration: 1}
$data merge entity $(left_shoulder) {transformation: [-1.3984f,-0.4366f,-0.0614f,1.0065f,-0.4392f,1.3973f,0.0673f,5.5993f,0.0384f,0.0826f,-1.4634f,0.2413f,0f,0f,0f,1f],start_interpolation: 0,interpolation_duration: 1}
$data merge entity $(left_arm) {transformation: [-1f,0f,0f,0.4425f,0f,0.9962f,-0.0872f,5.8871f,0f,-0.0872f,-0.9962f,0.2077f,0f,0f,0f,1f],start_interpolation: 0,interpolation_duration: 1}
$data merge entity $(chest) {transformation: [-1.2785f,0f,0f,0f,0f,1.2737f,-0.1114f,4.085f,0f,-0.1114f,-1.2737f,0.3306f,0f,0f,0f,1f],start_interpolation: 0,interpolation_duration: 1}
$data merge entity $(left_cheek) {transformation: [-1f,0.0004f,-0.0057f,0.4554f,-0.0004f,0.9915f,0.1304f,3.3638f,0.0057f,0.1304f,-0.9914f,-0.1304f,0f,0f,0f,1f],start_interpolation: 0,interpolation_duration: 1}
$data merge entity $(left_foot) {transformation: [-1.0224f,0f,0f,0.6894f,0f,0.9445f,0.3912f,-4.7275f,0f,0.3912f,-0.9445f,0.4509f,0f,0f,0f,1f],start_interpolation: 0,interpolation_duration: 1}
$data merge entity $(left_knee) {transformation: [-3.0417f,0f,0f,0.7768f,0f,3.0417f,0f,-0.5177f,0f,0f,-3.0417f,0.3265f,0f,0f,0f,1f],start_interpolation: 0,interpolation_duration: 1}
$data merge entity $(left_leg) {transformation: [-1.718f,0f,0f,0.7053f,0f,1.718f,0f,2.2346f,0f,0f,-1.718f,0.3769f,0f,0f,0f,1f],start_interpolation: 0,interpolation_duration: 1}
$data merge entity $(right_cheek) {transformation: [-0.9997f,0.0055f,0.0233f,-0.4579f,0.0077f,0.9957f,0.0926f,3.3563f,-0.0227f,0.0927f,-0.9954f,-0.1517f,0f,0f,0f,1f],start_interpolation: 0,interpolation_duration: 1}
$data merge entity $(right_foot) {transformation: [-1.0224f,0f,0f,-0.6732f,0f,0.9445f,0.3912f,-4.7275f,0f,0.3912f,-0.9445f,0.4203f,0f,0f,0f,1f],start_interpolation: 0,interpolation_duration: 1}
$data merge entity $(right_knee) {transformation: [-3.0417f,0f,0f,-0.7605f,0f,3.0417f,0f,-0.5177f,0f,0f,-3.0417f,0.2958f,0f,0f,0f,1f],start_interpolation: 0,interpolation_duration: 1}
$data merge entity $(right_leg) {transformation: [-1.718f,0f,0f,-0.689f,0f,1.718f,0f,2.2346f,0f,0f,-1.718f,0.3462f,0f,0f,0f,1f],start_interpolation: 0,interpolation_duration: 1}
$data merge entity $(weist) {transformation: [-1.6223f,0f,0f,0f,0f,1.6223f,0f,3.8853f,0f,0f,-1.6223f,0.29f,0f,0f,0f,1f],start_interpolation: 0,interpolation_duration: 1}
data modify storage animated_java:temp entry.data merge value {"locators":{"consume":{"px":-1.5256742317,"py":1.220905321,"pz":0.4642444775,"ry":318.5445312112,"rx":-11.0945093944}}}
# Data Manager: Prepare for Read / Write
execute store result storage animated_java:temp args.id int 1 run scoreboard players get @s aj.id
# Data Manager: Write
function animated_java:global/data_manager/write with storage animated_java:temp args