# This file was generated by Animated Java via MC-Build. It is not recommended to edit this file directly.
$data merge entity $(neck) {transformation: [-0.9999f,-0.0129f,-0.0013f,-0.0168f,-0.0125f,0.986f,-0.1662f,5.9283f,0.0035f,-0.1662f,-0.9861f,0.064f,0f,0f,0f,1f],start_interpolation: 0,interpolation_duration: 1}
$data merge entity $(right_thumb_2) {transformation: [-0.7408f,0.0653f,-0.6686f,-1.6923f,0.0596f,0.9977f,0.0313f,1.6806f,0.6691f,-0.0167f,-0.743f,0.2302f,0f,0f,0f,1f],start_interpolation: 0,interpolation_duration: 1}
$data merge entity $(right_thumb) {transformation: [-0.7408f,-0.3042f,-0.599f,-1.8916f,0.0596f,0.8583f,-0.5096f,1.9728f,0.6691f,-0.4132f,-0.6177f,0.2052f,0f,0f,0f,1f],start_interpolation: 0,interpolation_duration: 1}
$data merge entity $(right_fingers2) {transformation: [0.471f,-0.5718f,-0.6717f,-1.8554f,-0.8018f,-0.595f,-0.0557f,1.2249f,-0.3678f,0.5649f,-0.7387f,0.1196f,0f,0f,0f,1f],start_interpolation: 0,interpolation_duration: 1}
$data merge entity $(right_fingers) {transformation: [-0.4563f,-0.5836f,-0.6717f,-2.0395f,-0.7544f,0.654f,-0.0557f,1.3896f,0.4719f,0.4813f,-0.7387f,0.2647f,0f,0f,0f,1f],start_interpolation: 0,interpolation_duration: 1}
$data merge entity $(scout) {transformation: [0f,0f,0f,-1.9795f,0f,0f,0f,1.4177f,0f,0f,0f,0.0636f,0f,0f,0f,1f],start_interpolation: 0,interpolation_duration: 1}
$data merge entity $(right_hand) {transformation: [-0.7408f,0.0068f,-0.6717f,-2.0613f,0.0596f,0.9967f,-0.0557f,1.999f,0.6691f,-0.0813f,-0.7387f,0.1787f,0f,0f,0f,1f],start_interpolation: 0,interpolation_duration: 1}
$data merge entity $(right_forearm) {transformation: [-1.1892f,0.0093f,0.6948f,-1.9726f,-0.0485f,1.3728f,-0.1014f,4.0646f,-0.6932f,-0.112f,-1.1849f,-0.0043f,0f,0f,0f,1f],start_interpolation: 0,interpolation_duration: 1}
$data merge entity $(right_shoulder) {transformation: [-1.3538f,0.5602f,0.0561f,-1.0185f,0.5627f,1.3512f,0.0866f,5.5958f,-0.0186f,0.1015f,-1.4626f,0.1702f,0f,0f,0f,1f],start_interpolation: 0,interpolation_duration: 1}
$data merge entity $(right_arm) {transformation: [-0.9996f,-0.0088f,-0.025f,-0.4575f,-0.0074f,0.9984f,-0.0558f,5.8888f,0.0255f,-0.0556f,-0.9981f,0.1313f,0f,0f,0f,1f],start_interpolation: 0,interpolation_duration: 1}
$data merge entity $(left_thumb_2) {transformation: [-0.7494f,-0.0864f,0.6565f,1.7504f,-0.0899f,0.9955f,0.0284f,1.7126f,-0.656f,-0.0378f,-0.7538f,0.2553f,0f,0f,0f,1f],start_interpolation: 0,interpolation_duration: 1}
$data merge entity $(left_thumb) {transformation: [-0.7494f,0.2798f,0.6001f,1.9431f,-0.0899f,0.8549f,-0.511f,2.0082f,-0.656f,-0.4369f,-0.6155f,0.2207f,0f,0f,0f,1f],start_interpolation: 0,interpolation_duration: 1}
$data merge entity $(left_fingers2) {transformation: [0.4596f,0.5926f,0.6615f,1.9213f,0.8194f,-0.5702f,-0.0585f,1.258f,0.3425f,0.5689f,-0.7476f,0.1523f,0f,0f,0f,1f],start_interpolation: 0,interpolation_duration: 1}
$data merge entity $(left_fingers) {transformation: [-0.4791f,0.5769f,0.6615f,2.1041f,0.734f,0.6766f,-0.0585f,1.4297f,-0.4813f,0.4575f,-0.7476f,0.2908f,0f,0f,0f,1f],start_interpolation: 0,interpolation_duration: 1}
$data merge entity $(left_hand) {transformation: [-0.7494f,-0.0289f,0.6615f,2.1118f,-0.0899f,0.9942f,-0.0585f,2.0373f,-0.656f,-0.1033f,-0.7476f,0.191f,0f,0f,0f,1f],start_interpolation: 0,interpolation_duration: 1}
$data merge entity $(left_forearm) {transformation: [-1.1794f,-0.0398f,-0.7104f,1.977f,0.0396f,1.3694f,-0.1424f,4.0961f,0.7104f,-0.1423f,-1.1714f,-0.0364f,0f,0f,0f,1f],start_interpolation: 0,interpolation_duration: 1}
$data merge entity $(left_shoulder) {transformation: [-1.3413f,-0.5868f,-0.08f,0.9938f,-0.5899f,1.3413f,0.0525f,5.6108f,0.0522f,0.0802f,-1.4631f,0.1189f,0f,0f,0f,1f],start_interpolation: 0,interpolation_duration: 1}
$data merge entity $(left_arm) {transformation: [-0.9996f,-0.0088f,-0.025f,0.4273f,-0.0074f,0.9984f,-0.0558f,5.8954f,0.0255f,-0.0556f,-0.9981f,0.1087f,0f,0f,0f,1f],start_interpolation: 0,interpolation_duration: 1}
$data merge entity $(chest) {transformation: [-1.2781f,-0.0113f,-0.032f,0f,-0.0095f,1.2765f,-0.0713f,4.087f,0.0326f,-0.071f,-1.2762f,0.1858f,0f,0f,0f,1f],start_interpolation: 0,interpolation_duration: 1}
$data merge entity $(left_cheek) {transformation: [-0.9998f,0.001f,-0.0216f,0.4585f,-0.0019f,0.991f,0.1341f,3.3698f,0.0215f,0.1341f,-0.9907f,-0.3018f,0f,0f,0f,1f],start_interpolation: 0,interpolation_duration: 1}
$data merge entity $(left_foot) {transformation: [-1.0218f,-0.0111f,-0.0326f,0.7861f,-0.0241f,0.9224f,0.4402f,-4.7178f,0.0246f,0.4408f,-0.9222f,0.0285f,0f,0f,0f,1f],start_interpolation: 0,interpolation_duration: 1}
$data merge entity $(left_knee) {transformation: [-3.04f,-0.0395f,-0.0942f,0.8148f,-0.045f,3.0362f,0.1772f,-0.507f,0.0917f,0.1785f,-3.0351f,0.1486f,0f,0f,0f,1f],start_interpolation: 0,interpolation_duration: 1}
$data merge entity $(left_leg) {transformation: [-1.717f,-0.0254f,-0.0518f,0.7043f,-0.0254f,1.7178f,0.0006f,2.2439f,0.0518f,0.0013f,-1.7172f,0.2033f,0f,0f,0f,1f],start_interpolation: 0,interpolation_duration: 1}
$data merge entity $(right_cheek) {transformation: [-0.9991f,0.0147f,0.0386f,-0.4508f,0.018f,0.9959f,0.0885f,3.3675f,-0.0372f,0.0891f,-0.9953f,-0.3277f,0f,0f,0f,1f],start_interpolation: 0,interpolation_duration: 1}
$data merge entity $(right_foot) {transformation: [-1.0223f,0.0089f,0.0077f,-0.7517f,0.0111f,0.951f,0.3751f,-4.7143f,-0.0039f,0.3752f,-0.951f,0.4004f,0f,0f,0f,1f],start_interpolation: 0,interpolation_duration: 1}
$data merge entity $(right_knee) {transformation: [-3.0414f,0.0329f,0.0288f,-0.7924f,0.0331f,3.0415f,0.0194f,-0.5031f,-0.0286f,0.0197f,-3.0415f,0.3024f,0f,0f,0f,1f],start_interpolation: 0,interpolation_duration: 1}
$data merge entity $(right_leg) {transformation: [-1.7178f,0.0198f,0.0148f,-0.6896f,0.0187f,1.7135f,-0.1227f,2.2448f,-0.0162f,-0.1225f,-1.7135f,0.1571f,0f,0f,0f,1f],start_interpolation: 0,interpolation_duration: 1}
$data merge entity $(weist) {transformation: [-1.6222f,0f,0.0181f,0f,0.0004f,1.622f,0.0323f,3.8961f,-0.0181f,0.0323f,-1.6219f,0.1414f,0f,0f,0f,1f],start_interpolation: 0,interpolation_duration: 1}
data modify storage animated_java:temp entry.data merge value {"locators":{"consume":{"px":-1.9178743382,"py":1.2596074156,"pz":0.0717076527,"ry":317.7172580528,"rx":-3.1953431631}}}
# Data Manager: Prepare for Read / Write
execute store result storage animated_java:temp args.id int 1 run scoreboard players get @s aj.id
# Data Manager: Write
function animated_java:global/data_manager/write with storage animated_java:temp args