# This file was generated by Animated Java via MC-Build. It is not recommended to edit this file directly.
$data merge entity $(neck) {transformation: [-0.9996f,-0.0262f,-0.0089f,-0.0332f,-0.0256f,0.9978f,-0.0615f,5.9815f,0.0105f,-0.0613f,-0.9981f,-0.0844f,0f,0f,0f,1f],start_interpolation: 0,interpolation_duration: 1}
$data merge entity $(right_thumb_2) {transformation: [-0.6915f,0.2116f,-0.6907f,-2.2709f,0.09f,0.9739f,0.2083f,1.8635f,0.7168f,0.0819f,-0.6925f,-0.2574f,0f,0f,0f,1f],start_interpolation: 0,interpolation_duration: 1}
$data merge entity $(right_thumb) {transformation: [-0.6915f,-0.1926f,-0.6962f,-2.4255f,0.09f,0.9333f,-0.3476f,2.182f,0.7168f,-0.303f,-0.6281f,-0.2398f,0f,0f,0f,1f],start_interpolation: 0,interpolation_duration: 1}
$data merge entity $(right_fingers2) {transformation: [0.3291f,-0.6265f,-0.7065f,-2.5047f,-0.815f,-0.5664f,0.1226f,1.4507f,-0.477f,0.5354f,-0.697f,-0.4039f,0f,0f,0f,1f],start_interpolation: 0,interpolation_duration: 1}
$data merge entity $(right_fingers) {transformation: [-0.5404f,-0.4569f,-0.7065f,-2.6553f,-0.7294f,0.673f,0.1226f,1.6228f,0.4195f,0.5816f,-0.697f,-0.2314f,0f,0f,0f,1f],start_interpolation: 0,interpolation_duration: 1}
$data merge entity $(scout) {transformation: [0f,0f,0f,-2.6013f,0f,0f,0f,1.6642f,0f,0f,0f,-0.4318f,0f,0f,0f,1f],start_interpolation: 0,interpolation_duration: 1}
$data merge entity $(right_hand) {transformation: [-0.6915f,0.1506f,-0.7065f,-2.5906f,0.09f,0.9884f,0.1226f,2.2348f,0.7168f,0.0213f,-0.697f,-0.2527f,0f,0f,0f,1f],start_interpolation: 0,interpolation_duration: 1}
$data merge entity $(right_forearm) {transformation: [-1.2145f,0.2074f,0.6157f,-2.2053f,0.1984f,1.3613f,-0.0674f,4.2743f,-0.6187f,0.0293f,-1.2302f,-0.2277f,0f,0f,0f,1f],start_interpolation: 0,interpolation_duration: 1}
$data merge entity $(right_shoulder) {transformation: [-1.2549f,0.7582f,-0.0029f,-1.0278f,0.7491f,1.2406f,0.223f,5.6286f,0.1177f,0.1894f,-1.4492f,0.0261f,0f,0f,0f,1f],start_interpolation: 0,interpolation_duration: 1}
$data merge entity $(right_arm) {transformation: [-0.9978f,-0.0173f,-0.0633f,-0.4706f,-0.0202f,0.9987f,0.0463f,5.9297f,0.0624f,0.0475f,-0.9969f,-0.0038f,0f,0f,0f,1f],start_interpolation: 0,interpolation_duration: 1}
$data merge entity $(left_thumb_2) {transformation: [-0.7425f,-0.2458f,0.6231f,2.3571f,-0.133f,0.9658f,0.2225f,1.9537f,-0.6565f,0.0824f,-0.7498f,-0.4195f,0f,0f,0f,1f],start_interpolation: 0,interpolation_duration: 1}
$data merge entity $(left_thumb) {transformation: [-0.7425f,0.1275f,0.6576f,2.4989f,-0.133f,0.9341f,-0.3312f,2.2786f,-0.6565f,-0.3334f,-0.6766f,-0.4199f,0f,0f,0f,1f],start_interpolation: 0,interpolation_duration: 1}
$data merge entity $(left_fingers2) {transformation: [0.3313f,0.6913f,0.6422f,2.5958f,0.8374f,-0.5291f,0.1375f,1.548f,0.4348f,0.4922f,-0.7541f,-0.5775f,0f,0f,0f,1f],start_interpolation: 0,interpolation_duration: 1}
$data merge entity $(left_fingers) {transformation: [-0.6032f,0.473f,0.6422f,2.7523f,0.6978f,0.703f,0.1375f,1.7297f,-0.3864f,0.531f,-0.7541f,-0.4208f,0f,0f,0f,1f],start_interpolation: 0,interpolation_duration: 1}
$data merge entity $(left_hand) {transformation: [-0.7425f,-0.1906f,0.6422f,2.66f,-0.133f,0.9815f,0.1375f,2.338f,-0.6565f,0.0167f,-0.7541f,-0.4471f,0f,0f,0f,1f],start_interpolation: 0,interpolation_duration: 1}
$data merge entity $(left_forearm) {transformation: [-1.1511f,-0.2625f,-0.7093f,2.191f,-0.2357f,1.3519f,-0.1177f,4.3598f,0.7187f,0.023f,-1.1748f,-0.4253f,0f,0f,0f,1f],start_interpolation: 0,interpolation_duration: 1}
$data merge entity $(left_shoulder) {transformation: [-1.2271f,-0.7929f,-0.1234f,0.9809f,-0.8025f,1.2118f,0.1934f,5.6693f,-0.0026f,0.2294f,-1.4482f,-0.0995f,0f,0f,0f,1f],start_interpolation: 0,interpolation_duration: 1}
$data merge entity $(left_arm) {transformation: [-0.9978f,-0.0173f,-0.0633f,0.4126f,-0.0202f,0.9987f,0.0463f,5.9476f,0.0624f,0.0475f,-0.9969f,-0.059f,0f,0f,0f,1f],start_interpolation: 0,interpolation_duration: 1}
$data merge entity $(chest) {transformation: [-1.2758f,-0.0221f,-0.0809f,0f,-0.0258f,1.2769f,0.0592f,4.1366f,0.0798f,0.0607f,-1.2746f,-0.1517f,0f,0f,0f,1f],start_interpolation: 0,interpolation_duration: 1}
$data merge entity $(left_cheek) {transformation: [-0.9981f,-0.0024f,-0.0609f,0.4616f,-0.0104f,0.9913f,0.1313f,3.4137f,0.0601f,0.1317f,-0.9895f,-0.6534f,0f,0f,0f,1f],start_interpolation: 0,interpolation_duration: 1}
$data merge entity $(left_foot) {transformation: [-1.0155f,-0.0043f,-0.1185f,0.9662f,-0.0595f,0.9019f,0.4777f,-4.6129f,0.1026f,0.4814f,-0.8961f,-0.7803f,0f,0f,0f,1f],start_interpolation: 0,interpolation_duration: 1}
$data merge entity $(left_knee) {transformation: [-3.0201f,-0.0872f,-0.3514f,0.9179f,-0.1499f,2.9884f,0.5468f,-0.4502f,0.3295f,0.5602f,-2.9715f,-0.136f,0f,0f,0f,1f],start_interpolation: 0,interpolation_duration: 1}
$data merge entity $(left_leg) {transformation: [-1.7058f,-0.0925f,-0.1823f,0.7042f,-0.0846f,1.7141f,-0.0776f,2.2947f,0.1861f,-0.068f,-1.7065f,-0.1872f,0f,0f,0f,1f],start_interpolation: 0,interpolation_duration: 1}
$data merge entity $(right_cheek) {transformation: [-0.9988f,0.0274f,0.0413f,-0.4441f,0.0306f,0.9964f,0.079f,3.4032f,-0.039f,0.0802f,-0.996f,-0.6641f,0f,0f,0f,1f],start_interpolation: 0,interpolation_duration: 1}
$data merge entity $(right_foot) {transformation: [-1.0219f,0.0197f,0.0237f,-0.8649f,0.0262f,0.9701f,0.3216f,-4.5972f,-0.0163f,0.3221f,-0.9702f,0.3506f,0f,0f,0f,1f],start_interpolation: 0,interpolation_duration: 1}
$data merge entity $(right_knee) {transformation: [-3.04f,0.0761f,0.0702f,-0.8439f,0.0785f,3.039f,0.1037f,-0.3848f,-0.0676f,0.1054f,-3.0392f,0.3702f,0f,0f,0f,1f],start_interpolation: 0,interpolation_duration: 1}
$data merge entity $(right_leg) {transformation: [-1.717f,0.0522f,0.0265f,-0.6897f,0.0443f,1.6676f,-0.4104f,2.2971f,-0.0382f,-0.4095f,-1.668f,-0.2353f,0f,0f,0f,1f],start_interpolation: 0,interpolation_duration: 1}
$data merge entity $(weist) {transformation: [-1.6222f,0f,0.0204f,0f,0.001f,1.6204f,0.0798f,3.9481f,-0.0204f,0.0798f,-1.6202f,-0.2016f,0f,0f,0f,1f],start_interpolation: 0,interpolation_duration: 1}
data modify storage animated_java:temp entry.data merge value {"locators":{"consume":{"px":-2.5635143562,"py":1.4990462847,"pz":-0.4439374927,"ry":314.6111269798,"rx":7.0446261561}}}
# Data Manager: Prepare for Read / Write
execute store result storage animated_java:temp args.id int 1 run scoreboard players get @s aj.id
# Data Manager: Write
function animated_java:global/data_manager/write with storage animated_java:temp args