# This file was generated by Animated Java via MC-Build. It is not recommended to edit this file directly.
$data merge entity $(neck) {transformation: [-0.9993f,-0.0319f,-0.0211f,-0.0344f,-0.0332f,0.9973f,0.0662f,6.0254f,0.0189f,0.0669f,-0.9976f,-0.2539f,0f,0f,0f,1f],start_interpolation: 0,interpolation_duration: 1}
$data merge entity $(right_thumb_2) {transformation: [-0.5979f,0.377f,-0.7073f,-2.8977f,0.1193f,0.9145f,0.3865f,2.1996f,0.7926f,0.1467f,-0.5918f,-0.6894f,0f,0f,0f,1f],start_interpolation: 0,interpolation_duration: 1}
$data merge entity $(right_thumb) {transformation: [-0.5979f,-0.0621f,-0.7991f,-2.9951f,0.1193f,0.979f,-0.1654f,2.5345f,0.7926f,-0.1943f,-0.578f,-0.6263f,0f,0f,0f,1f],start_interpolation: 0,interpolation_duration: 1}
$data merge entity $(right_fingers2) {transformation: [0.1439f,-0.6598f,-0.7375f,-3.2093f,-0.8004f,-0.5158f,0.3054f,1.8464f,-0.5819f,0.5464f,-0.6024f,-0.8466f,0f,0f,0f,1f],start_interpolation: 0,interpolation_duration: 1}
$data merge entity $(right_fingers) {transformation: [-0.6131f,-0.2833f,-0.7375f,-3.3127f,-0.6768f,0.6698f,0.3054f,2.0204f,0.4075f,0.6864f,-0.6024f,-0.6439f,0f,0f,0f,1f],start_interpolation: 0,interpolation_duration: 1}
$data merge entity $(scout) {transformation: [0f,0f,0f,-3.2713f,0f,0f,0f,2.0742f,0f,0f,0f,-0.8444f,0f,0f,0f,1f],start_interpolation: 0,interpolation_duration: 1}
$data merge entity $(right_hand) {transformation: [-0.5979f,0.3139f,-0.7375f,-3.1495f,0.1193f,0.9447f,0.3054f,2.6136f,0.7926f,0.0946f,-0.6024f,-0.6164f,0f,0f,0f,1f],start_interpolation: 0,interpolation_duration: 1}
$data merge entity $(right_forearm) {transformation: [-1.2165f,0.4324f,0.48f,-2.4303f,0.4506f,1.3012f,-0.0303f,4.5534f,-0.463f,0.1303f,-1.2907f,-0.448f,0f,0f,0f,1f],start_interpolation: 0,interpolation_duration: 1}
$data merge entity $(right_shoulder) {transformation: [-1.0952f,0.9713f,-0.0836f,-1.0227f,0.9138f,1.0667f,0.4207f,5.6561f,0.3395f,0.2621f,-1.4021f,-0.1517f,0f,0f,0f,1f],start_interpolation: 0,interpolation_duration: 1}
$data merge entity $(right_arm) {transformation: [-0.9941f,-0.0177f,-0.1073f,-0.4681f,-0.0368f,0.9832f,0.1787f,5.9632f,0.1023f,0.1816f,-0.978f,-0.1651f,0f,0f,0f,1f],start_interpolation: 0,interpolation_duration: 1}
$data merge entity $(left_thumb_2) {transformation: [-0.7163f,-0.409f,0.5654f,2.9694f,-0.1707f,0.8883f,0.4264f,2.4039f,-0.6766f,0.209f,-0.706f,-1.209f,0f,0f,0f,1f],start_interpolation: 0,interpolation_duration: 1}
$data merge entity $(left_thumb) {transformation: [-0.7163f,-0.0412f,0.6966f,3.0525f,-0.1707f,0.9783f,-0.1176f,2.7456f,-0.6766f,-0.2031f,-0.7077f,-1.1641f,0f,0f,0f,1f],start_interpolation: 0,interpolation_duration: 1}
$data merge entity $(left_fingers2) {transformation: [0.186f,0.7789f,0.5989f,3.2731f,0.816f,-0.462f,0.3474f,2.071f,0.5473f,0.4241f,-0.7216f,-1.4175f,0f,0f,0f,1f],start_interpolation: 0,interpolation_duration: 1}
$data merge entity $(left_fingers) {transformation: [-0.7202f,0.3502f,0.5989f,3.3976f,0.6276f,0.6967f,0.3474f,2.2544f,-0.2956f,0.6261f,-0.7216f,-1.2361f,0f,0f,0f,1f],start_interpolation: 0,interpolation_duration: 1}
$data merge entity $(left_hand) {transformation: [-0.7163f,-0.3582f,0.5989f,3.2004f,-0.1707f,0.9221f,0.3474f,2.8352f,-0.6766f,0.1466f,-0.7216f,-1.1813f,0f,0f,0f,1f],start_interpolation: 0,interpolation_duration: 1}
$data merge entity $(left_forearm) {transformation: [-1.0834f,-0.4934f,-0.6928f,2.3872f,-0.527f,1.27f,-0.0803f,4.723f,0.6676f,0.202f,-1.1877f,-0.8926f,0f,0f,0f,1f],start_interpolation: 0,interpolation_duration: 1}
$data merge entity $(left_shoulder) {transformation: [-1.0707f,-0.9835f,-0.19f,0.9783f,-0.9914f,1.0007f,0.4069f,5.7301f,-0.1432f,0.4256f,-1.3958f,-0.3577f,0f,0f,0f,1f],start_interpolation: 0,interpolation_duration: 1}
$data merge entity $(left_arm) {transformation: [-0.9941f,-0.0177f,-0.1073f,0.4117f,-0.0368f,0.9832f,0.1787f,5.9957f,0.1023f,0.1816f,-0.978f,-0.2556f,0f,0f,0f,1f],start_interpolation: 0,interpolation_duration: 1}
$data merge entity $(chest) {transformation: [-1.271f,-0.0226f,-0.1371f,0f,-0.047f,1.2571f,0.2285f,4.21f,0.1308f,0.2322f,-1.2505f,-0.5722f,0f,0f,0f,1f],start_interpolation: 0,interpolation_duration: 1}
$data merge entity $(left_cheek) {transformation: [-0.9942f,-0.0195f,-0.1062f,0.4356f,-0.0323f,0.9922f,0.1206f,3.4691f,0.103f,0.1233f,-0.987f,-1.1151f,0f,0f,0f,1f],start_interpolation: 0,interpolation_duration: 1}
$data merge entity $(left_foot) {transformation: [-0.9967f,0.012f,-0.2274f,1.1301f,-0.1033f,0.8862f,0.4993f,-4.3714f,0.203f,0.5097f,-0.8627f,-1.7262f,0f,0f,0f,1f],start_interpolation: 0,interpolation_duration: 1}
$data merge entity $(left_knee) {transformation: [-2.963f,-0.0713f,-0.6837f,1.0885f,-0.2917f,2.8698f,0.9651f,-0.3517f,0.6225f,1.0057f,-2.8024f,-0.4668f,0f,0f,0f,1f],start_interpolation: 0,interpolation_duration: 1}
$data merge entity $(left_leg) {transformation: [-1.6735f,-0.2022f,-0.3314f,0.7046f,-0.1648f,1.6978f,-0.2041f,2.3675f,0.3516f,-0.167f,-1.6733f,-0.6707f,0f,0f,0f,1f],start_interpolation: 0,interpolation_duration: 1}
$data merge entity $(right_cheek) {transformation: [-0.9981f,0.049f,0.0371f,-0.4336f,0.0514f,0.9964f,0.0671f,3.4236f,-0.0337f,0.0689f,-0.9971f,-1.1387f,0f,0f,0f,1f],start_interpolation: 0,interpolation_duration: 1}
$data merge entity $(right_foot) {transformation: [-1.021f,0.0341f,0.0414f,-0.9934f,0.0432f,0.9906f,0.2491f,-4.3268f,-0.0318f,0.2505f,-0.9907f,0.2639f,0f,0f,0f,1f],start_interpolation: 0,interpolation_duration: 1}
$data merge entity $(right_knee) {transformation: [-3.0371f,0.1213f,0.1164f,-0.908f,0.1293f,3.0313f,0.2165f,-0.1189f,-0.1074f,0.2211f,-3.0318f,0.4429f,0f,0f,0f,1f],start_interpolation: 0,interpolation_duration: 1}
$data merge entity $(right_leg) {transformation: [-1.7153f,0.0922f,0.0225f,-0.6895f,0.073f,1.5422f,-0.7533f,2.3709f,-0.0606f,-0.7512f,-1.5438f,-0.7129f,0f,0f,0f,1f],start_interpolation: 0,interpolation_duration: 1}
$data merge entity $(weist) {transformation: [-1.6223f,0f,0.0136f,0f,0.0011f,1.6169f,0.1324f,4.0202f,-0.0135f,0.1324f,-1.6169f,-0.6285f,0f,0f,0f,1f],start_interpolation: 0,interpolation_duration: 1}
data modify storage animated_java:temp entry.data merge value {"locators":{"consume":{"px":-3.2627341429,"py":1.9073726598,"pz":-0.87550591,"ry":309.2401758394,"rx":17.7799736304}}}
# Data Manager: Prepare for Read / Write
execute store result storage animated_java:temp args.id int 1 run scoreboard players get @s aj.id
# Data Manager: Write
function animated_java:global/data_manager/write with storage animated_java:temp args