# This file was generated by Animated Java via MC-Build. It is not recommended to edit this file directly.
$data merge entity $(neck) {transformation: [-0.999f,-0.0286f,-0.0337f,-0.019f,-0.0343f,0.9824f,0.1836f,6.0376f,0.0279f,0.1846f,-0.9824f,-0.4158f,0f,0f,0f,1f],start_interpolation: 0,interpolation_duration: 1}
$data merge entity $(right_thumb_2) {transformation: [-0.4804f,0.5168f,-0.7086f,-3.405f,0.1224f,0.8395f,0.5293f,2.5738f,0.8685f,0.1675f,-0.4666f,-0.9455f,0f,0f,0f,1f],start_interpolation: 0,interpolation_duration: 1}
$data merge entity $(right_thumb) {transformation: [-0.4804f,0.0552f,-0.8753f,-3.4462f,0.1224f,0.9925f,-0.0046f,2.9113f,0.8685f,-0.1094f,-0.4835f,-0.8451f,0f,0f,0f,1f],start_interpolation: 0,interpolation_duration: 1}
$data merge entity $(right_fingers2) {transformation: [-0.0383f,-0.6593f,-0.7509f,-3.7794f,-0.7547f,-0.4734f,0.4542f,2.2807f,-0.6549f,0.5842f,-0.4794f,-1.0886f,0f,0f,0f,1f],start_interpolation: 0,interpolation_duration: 1}
$data merge entity $(right_fingers) {transformation: [-0.6519f,-0.1053f,-0.7509f,-3.8333f,-0.6256f,0.6344f,0.4542f,2.4472f,0.4286f,0.7658f,-0.4794f,-0.8618f,0f,0f,0f,1f],start_interpolation: 0,interpolation_duration: 1}
$data merge entity $(scout) {transformation: [0f,0f,0f,-3.8079f,0f,0f,0f,2.5134f,0f,0f,0f,-1.0612f,0f,0f,0f,1f],start_interpolation: 0,interpolation_duration: 1}
$data merge entity $(right_hand) {transformation: [-0.4804f,0.4531f,-0.7509f,-3.5857f,0.1224f,0.8825f,0.4542f,3.0086f,0.8685f,0.1262f,-0.4794f,-0.8098f,0f,0f,0f,1f],start_interpolation: 0,interpolation_duration: 1}
$data merge entity $(right_forearm) {transformation: [-1.1854f,0.6241f,0.32f,-2.5849f,0.6473f,1.2155f,0.0273f,4.8132f,-0.27f,0.1739f,-1.3394f,-0.5855f,0f,0f,0f,1f],start_interpolation: 0,interpolation_duration: 1}
$data merge entity $(right_shoulder) {transformation: [-0.9049f,1.1435f,-0.153f,-1.0034f,1.0036f,0.8761f,0.6124f,5.6593f,0.569f,0.2732f,-1.3234f,-0.3245f,0f,0f,0f,1f],start_interpolation: 0,interpolation_duration: 1}
$data merge entity $(right_arm) {transformation: [-0.9891f,-0.0094f,-0.1472f,-0.4496f,-0.0538f,0.9521f,0.3009f,5.968f,0.1373f,0.3055f,-0.9422f,-0.3214f,0f,0f,0f,1f],start_interpolation: 0,interpolation_duration: 1}
$data merge entity $(left_thumb_2) {transformation: [-0.6756f,-0.5392f,0.5028f,3.4497f,-0.1842f,0.7838f,0.5931f,2.9388f,-0.7138f,0.3081f,-0.6289f,-1.8698f,0f,0f,0f,1f],start_interpolation: 0,interpolation_duration: 1}
$data merge entity $(left_thumb) {transformation: [-0.6756f,-0.1846f,0.7137f,3.4804f,-0.1842f,0.9797f,0.079f,3.2802f,-0.7138f,-0.0781f,-0.6959f,-1.7792f,0f,0f,0f,1f],start_interpolation: 0,interpolation_duration: 1}
$data merge entity $(left_fingers2) {transformation: [0.0564f,0.8347f,0.5478f,3.8018f,0.7562f,-0.394f,0.5225f,2.6841f,0.652f,0.3848f,-0.6534f,-2.1098f,0f,0f,0f,1f],start_interpolation: 0,interpolation_duration: 1}
$data merge entity $(left_fingers) {transformation: [-0.8027f,0.2357f,0.5478f,3.8956f,0.5483f,0.6529f,0.5225f,2.8585f,-0.2346f,0.7198f,-0.6534f,-1.9029f,0f,0f,0f,1f],start_interpolation: 0,interpolation_duration: 1}
$data merge entity $(left_hand) {transformation: [-0.6756f,-0.4933f,0.5478f,3.6134f,-0.1842f,0.8325f,0.5225f,3.392f,-0.7138f,0.2521f,-0.6534f,-1.7805f,0f,0f,0f,1f],start_interpolation: 0,interpolation_duration: 1}
$data merge entity $(left_forearm) {transformation: [-0.9995f,-0.6795f,-0.6606f,2.5245f,-0.7626f,1.1467f,-0.0256f,5.0862f,0.5626f,0.3472f,-1.2083f,-1.2782f,0f,0f,0f,1f],start_interpolation: 0,interpolation_duration: 1}
$data merge entity $(left_shoulder) {transformation: [-0.913f,-1.1166f,-0.2633f,0.9876f,-1.1002f,0.7568f,0.6056f,5.7676f,-0.3253f,0.5747f,-1.3091f,-0.6009f,0f,0f,0f,1f],start_interpolation: 0,interpolation_duration: 1}
$data merge entity $(left_arm) {transformation: [-0.9891f,-0.0094f,-0.1472f,0.4258f,-0.0538f,0.9521f,0.3009f,6.0157f,0.1373f,0.3055f,-0.9422f,-0.443f,0f,0f,0f,1f],start_interpolation: 0,interpolation_duration: 1}
$data merge entity $(chest) {transformation: [-1.2646f,-0.012f,-0.1882f,0f,-0.0688f,1.2174f,0.3847f,4.2827f,0.1756f,0.3906f,-1.2047f,-0.9665f,0f,0f,0f,1f],start_interpolation: 0,interpolation_duration: 1}
$data merge entity $(left_cheek) {transformation: [-0.9884f,-0.0493f,-0.144f,0.4273f,-0.0648f,0.9923f,0.1057f,3.5408f,0.1377f,0.1138f,-0.9839f,-1.5374f,0f,0f,0f,1f],start_interpolation: 0,interpolation_duration: 1}
$data merge entity $(left_foot) {transformation: [-0.9676f,0.0276f,-0.329f,1.2223f,-0.1472f,0.8759f,0.5063f,-4.0463f,0.2956f,0.5265f,-0.825f,-2.5631f,0f,0f,0f,1f],start_interpolation: 0,interpolation_duration: 1}
$data merge entity $(left_knee) {transformation: [-2.8773f,0.0169f,-0.9863f,1.2879f,-0.4336f,2.7102f,1.3112f,-0.2293f,0.8861f,1.3809f,-2.5613f,-0.7821f,0f,0f,0f,1f],start_interpolation: 0,interpolation_duration: 1}
$data merge entity $(left_leg) {transformation: [-1.6251f,-0.3298f,-0.449f,0.7051f,-0.2449f,1.6665f,-0.3379f,2.4403f,0.5004f,-0.2556f,-1.6235f,-1.1233f,0f,0f,0f,1f],start_interpolation: 0,interpolation_duration: 1}
$data merge entity $(right_cheek) {transformation: [-0.9965f,0.0766f,0.0333f,-0.4268f,0.0784f,0.9954f,0.0559f,3.502f,-0.0289f,0.0583f,-0.9979f,-1.5313f,0f,0f,0f,1f],start_interpolation: 0,interpolation_duration: 1}
$data merge entity $(right_foot) {transformation: [-1.0196f,0.0503f,0.0555f,-1.1063f,0.0592f,1.005f,0.1781f,-3.9584f,-0.0458f,0.1809f,-1.0052f,0.1372f,0f,0f,0f,1f],start_interpolation: 0,interpolation_duration: 1}
$data merge entity $(right_knee) {transformation: [-3.0333f,0.1606f,0.1587f,-0.9647f,0.1767f,3.0194f,0.323f,0.2388f,-0.1405f,0.3314f,-3.0204f,0.4682f,0f,0f,0f,1f],start_interpolation: 0,interpolation_duration: 1}
$data merge entity $(right_leg) {transformation: [-1.7132f,0.1275f,0.0023f,-0.6892f,0.0998f,1.36f,-1.0449f,2.4441f,-0.0793f,-1.0418f,-1.3637f,-1.1576f,0f,0f,0f,1f],start_interpolation: 0,interpolation_duration: 1}
$data merge entity $(weist) {transformation: [-1.6223f,0f,0.0045f,0f,0.0005f,1.6124f,0.1797f,4.0907f,-0.0045f,0.1797f,-1.6123f,-1.0288f,0f,0f,0f,1f],start_interpolation: 0,interpolation_duration: 1}
data modify storage animated_java:temp entry.data merge value {"locators":{"consume":{"px":-3.8265854738,"py":2.3505698728,"pz":-1.1058071232,"ry":302.5541231018,"rx":27.0105710841}}}
# Data Manager: Prepare for Read / Write
execute store result storage animated_java:temp args.id int 1 run scoreboard players get @s aj.id
# Data Manager: Write
function animated_java:global/data_manager/write with storage animated_java:temp args