# This file was generated by Animated Java via MC-Build. It is not recommended to edit this file directly.
$data merge entity $(neck) {transformation: [-0.9999f,0.0039f,-0.0123f,0f,0.0034f,0.9992f,0.0387f,6.0114f,0.0125f,0.0387f,-0.9992f,0.0214f,0f,0f,0f,1f],start_interpolation: 0,interpolation_duration: 1}
$data merge entity $(right_thumb_2) {transformation: [-0.7349f,0.1532f,-0.6607f,-1.8448f,0.3981f,0.8862f,-0.2372f,2.1891f,0.5491f,-0.4373f,-0.7122f,0.6759f,0f,0f,0f,1f],start_interpolation: 0,interpolation_duration: 1}
$data merge entity $(right_thumb) {transformation: [-0.7349f,-0.2257f,-0.6396f,-2.0174f,0.3981f,0.6199f,-0.6762f,2.4571f,0.5491f,-0.7515f,-0.3657f,0.5207f,0f,0f,0f,1f],start_interpolation: 0,interpolation_duration: 1}
$data merge entity $(right_fingers2) {transformation: [0.3995f,-0.624f,-0.6715f,-2.0471f,-0.9163f,-0.2492f,-0.3135f,1.7442f,0.0283f,0.7406f,-0.6714f,0.7634f,0f,0f,0f,1f],start_interpolation: 0,interpolation_duration: 1}
$data merge entity $(right_fingers) {transformation: [-0.5228f,-0.5251f,-0.6715f,-2.2165f,-0.4416f,0.8406f,-0.3135f,1.969f,0.7291f,0.1327f,-0.6714f,0.8168f,0f,0f,0f,1f],start_interpolation: 0,interpolation_duration: 1}
$data merge entity $(scout) {transformation: [0f,0f,0f,-2.1535f,0f,0f,0f,1.9036f,0f,0f,0f,0.6256f,0f,0f,0f,1f],start_interpolation: 0,interpolation_duration: 1}
$data merge entity $(right_hand) {transformation: [-0.7349f,0.0951f,-0.6715f,-2.1841f,0.3981f,0.8621f,-0.3135f,2.4826f,0.5491f,-0.4977f,-0.6714f,0.4787f,0f,0f,0f,1f],start_interpolation: 0,interpolation_duration: 1}
$data merge entity $(right_forearm) {transformation: [-1.1865f,0.131f,0.6872f,-1.9125f,-0.247f,1.1874f,-0.6528f,4.2574f,-0.6545f,-0.6855f,-0.9994f,-0.5628f,0f,0f,0f,1f],start_interpolation: 0,interpolation_duration: 1}
$data merge entity $(right_shoulder) {transformation: [-1.3697f,0.5141f,-0.0979f,-1.0065f,0.4493f,1.2959f,0.5183f,5.7301f,0.2682f,0.4542f,-1.3681f,-0.0191f,0f,0f,0f,1f],start_interpolation: 0,interpolation_duration: 1}
$data merge entity $(right_arm) {transformation: [-1f,0f,0f,-0.4425f,0f,0.9859f,0.1673f,6.0171f,0f,0.1673f,-0.9859f,0.021f,0f,0f,0f,1f],start_interpolation: 0,interpolation_duration: 1}
$data merge entity $(left_thumb_2) {transformation: [-0.8073f,-0.23f,0.5435f,1.9839f,-0.3552f,0.9248f,-0.1361f,2.1595f,-0.4713f,-0.3029f,-0.8283f,0.1237f,0f,0f,0f,1f],start_interpolation: 0,interpolation_duration: 1}
$data merge entity $(left_thumb) {transformation: [-0.8073f,0.098f,0.582f,2.1269f,-0.3552f,0.7069f,-0.6117f,2.4482f,-0.4713f,-0.7005f,-0.5358f,-0.0242f,0f,0f,0f,1f],start_interpolation: 0,interpolation_duration: 1}
$data merge entity $(left_fingers2) {transformation: [0.3796f,0.7353f,0.5615f,2.2025f,0.925f,-0.3125f,-0.2162f,1.7138f,0.0165f,0.6014f,-0.7988f,0.1268f,0f,0f,0f,1f],start_interpolation: 0,interpolation_duration: 1}
$data merge entity $(left_fingers) {transformation: [-0.6357f,0.5298f,0.5615f,2.3755f,0.5053f,0.8354f,-0.2162f,1.936f,-0.5836f,0.1463f,-0.7988f,0.1791f,0f,0f,0f,1f],start_interpolation: 0,interpolation_duration: 1}
$data merge entity $(left_hand) {transformation: [-0.8073f,-0.1818f,0.5615f,2.2846f,-0.3552f,0.9095f,-0.2162f,2.4832f,-0.4713f,-0.3739f,-0.7988f,-0.0882f,0f,0f,0f,1f],start_interpolation: 0,interpolation_duration: 1}
$data merge entity $(left_forearm) {transformation: [-1.0719f,-0.2504f,-0.8279f,1.8328f,0.1369f,1.2527f,-0.5561f,4.3552f,0.854f,-0.515f,-0.95f,-0.8629f,0f,0f,0f,1f],start_interpolation: 0,interpolation_duration: 1}
$data merge entity $(left_shoulder) {transformation: [-1.3896f,-0.4513f,-0.1238f,1.0065f,-0.4563f,1.2209f,0.6716f,5.7301f,-0.1036f,0.675f,-1.2975f,-0.0191f,0f,0f,0f,1f],start_interpolation: 0,interpolation_duration: 1}
$data merge entity $(left_arm) {transformation: [-1f,0f,0f,0.4426f,0f,0.9859f,0.1673f,6.0171f,0f,0.1673f,-0.9859f,0.021f,0f,0f,0f,1f],start_interpolation: 0,interpolation_duration: 1}
$data merge entity $(chest) {transformation: [-1.2785f,0f,0f,0f,0f,1.2605f,0.2139f,4.2424f,0f,0.2139f,-1.2605f,-0.3152f,0f,0f,0f,1f],start_interpolation: 0,interpolation_duration: 1}
$data merge entity $(left_cheek) {transformation: [-0.9814f,-0.0301f,-0.1896f,0.3519f,-0.0425f,0.9972f,0.0616f,3.3731f,0.1872f,0.0685f,-0.9799f,-0.8696f,0f,0f,0f,1f],start_interpolation: 0,interpolation_duration: 1}
$data merge entity $(left_foot) {transformation: [-0.8853f,0.0055f,-0.5113f,0.6129f,-0.0121f,1.0218f,0.032f,-4.6115f,0.5111f,0.0338f,-0.8848f,-1.1237f,0f,0f,0f,1f],start_interpolation: 0,interpolation_duration: 1}
$data merge entity $(left_knee) {transformation: [-2.8022f,0.1808f,-1.1692f,0.8958f,-0.0929f,2.9631f,0.6811f,-0.4801f,1.1794f,0.6631f,-2.7242f,-0.3512f,0f,0f,0f,1f],start_interpolation: 0,interpolation_duration: 1}
$data merge entity $(left_leg) {transformation: [-1.5827f,-0.0873f,-0.6625f,0.7095f,-0.0525f,1.7142f,-0.1004f,2.267f,0.6661f,-0.0722f,-1.5819f,-0.3928f,0f,0f,0f,1f],start_interpolation: 0,interpolation_duration: 1}
$data merge entity $(right_cheek) {transformation: [-0.983f,0.0602f,-0.1735f,-0.4962f,0.0492f,0.9966f,0.0667f,3.3916f,0.177f,0.0571f,-0.9826f,-0.7182f,0f,0f,0f,1f],start_interpolation: 0,interpolation_duration: 1}
$data merge entity $(right_foot) {transformation: [-1.0187f,-0.0158f,0.0855f,-0.5139f,-0.0171f,1.0221f,-0.0151f,-4.5535f,-0.0852f,-0.0164f,-1.0187f,0.6672f,0f,0f,0f,1f],start_interpolation: 0,interpolation_duration: 1}
$data merge entity $(right_knee) {transformation: [-3.0411f,-0.0601f,-0.0136f,-0.6849f,-0.0605f,3.0392f,0.1076f,-0.3444f,0.0114f,0.1078f,-3.0398f,0.6924f,0f,0f,0f,1f],start_interpolation: 0,interpolation_duration: 1}
$data merge entity $(right_leg) {transformation: [-1.7176f,-0.0344f,0.0053f,-0.6687f,-0.0342f,1.6186f,-0.5747f,2.267f,0.0065f,-0.5747f,-1.619f,-0.181f,0f,0f,0f,1f],start_interpolation: 0,interpolation_duration: 1}
$data merge entity $(weist) {transformation: [-1.5977f,0f,-0.2817f,0f,0f,1.6223f,0f,3.9177f,0.2817f,0f,-1.5977f,-0.3559f,0f,0f,0f,1f],start_interpolation: 0,interpolation_duration: 1}
data modify storage animated_java:temp entry.data merge value {"locators":{"consume":{"px":-2.1061561947,"py":1.7598754625,"pz":0.7027309197,"ry":314.9937518472,"rx":-18.2726057366}}}
# Data Manager: Prepare for Read / Write
execute store result storage animated_java:temp args.id int 1 run scoreboard players get @s aj.id
# Data Manager: Write
function animated_java:global/data_manager/write with storage animated_java:temp args
execute unless entity @s[tag=aj.transforms_only] at @s run function animated_java:female/animations/jump_init/zzz/frames/2_root_function