# This file was generated by Animated Java via MC-Build. It is not recommended to edit this file directly.
$data merge entity $(neck) {transformation: [-0.9998f,0.0047f,-0.0213f,0f,0.0033f,0.9979f,0.0653f,6.0359f,0.0216f,0.0653f,-0.9976f,0.0169f,0f,0f,0f,1f],start_interpolation: 0,interpolation_duration: 1}
$data merge entity $(right_thumb_2) {transformation: [-0.7531f,0.1426f,-0.6423f,-1.8888f,0.4055f,0.8694f,-0.2824f,2.4184f,0.5182f,-0.4731f,-0.7125f,0.5588f,0f,0f,0f,1f],start_interpolation: 0,interpolation_duration: 1}
$data merge entity $(right_thumb) {transformation: [-0.7531f,-0.2248f,-0.6183f,-2.0641f,0.4055f,0.5815f,-0.7053f,2.6756f,0.5182f,-0.7818f,-0.3468f,0.389f,0f,0f,0f,1f],start_interpolation: 0,interpolation_duration: 1}
$data merge entity $(right_fingers2) {transformation: [0.4181f,-0.6322f,-0.6523f,-2.0833f,-0.9052f,-0.2303f,-0.3571f,1.9735f,0.0755f,0.7398f,-0.6686f,0.6622f,0f,0f,0f,1f],start_interpolation: 0,interpolation_duration: 1}
$data merge entity $(right_fingers) {transformation: [-0.5267f,-0.545f,-0.6523f,-2.2583f,-0.4208f,0.8339f,-0.3571f,2.1966f,0.7386f,0.0864f,-0.6686f,0.7027f,0f,0f,0f,1f],start_interpolation: 0,interpolation_duration: 1}
$data merge entity $(scout) {transformation: [0f,0f,0f,-2.1905f,0f,0f,0f,2.1244f,0f,0f,0f,0.5157f,0f,0f,0f,1f],start_interpolation: 0,interpolation_duration: 1}
$data merge entity $(right_hand) {transformation: [-0.7531f,0.0861f,-0.6523f,-2.2305f,0.4055f,0.8415f,-0.3571f,2.6956f,0.5182f,-0.5334f,-0.6686f,0.343f,0f,0f,0f,1f],start_interpolation: 0,interpolation_duration: 1}
$data merge entity $(right_forearm) {transformation: [-1.1688f,0.1186f,0.7191f,-1.9772f,-0.3011f,1.159f,-0.6805f,4.4289f,-0.6637f,-0.7347f,-0.9576f,-0.7707f,0f,0f,0f,1f],start_interpolation: 0,interpolation_duration: 1}
$data merge entity $(right_shoulder) {transformation: [-1.3358f,0.57f,-0.2013f,-1.0065f,0.4047f,1.2061f,0.729f,5.7943f,0.449f,0.6086f,-1.2561f,-0.0788f,0f,0f,0f,1f],start_interpolation: 0,interpolation_duration: 1}
$data merge entity $(right_arm) {transformation: [-1f,0f,0f,-0.4425f,0f,0.96f,0.2798f,6.0748f,0f,0.2798f,-0.96f,-0.0058f,0f,0f,0f,1f],start_interpolation: 0,interpolation_duration: 1}
$data merge entity $(left_thumb_2) {transformation: [-0.839f,-0.307f,0.4492f,2.2036f,-0.3831f,0.9196f,-0.0871f,2.4661f,-0.3863f,-0.2452f,-0.8892f,-0.3464f,0f,0f,0f,1f],start_interpolation: 0,interpolation_duration: 1}
$data merge entity $(left_thumb) {transformation: [-0.839f,-0.0175f,0.5438f,2.3147f,-0.3831f,0.7288f,-0.5676f,2.7654f,-0.3863f,-0.6846f,-0.6182f,-0.5006f,0f,0f,0f,1f],start_interpolation: 0,interpolation_duration: 1}
$data merge entity $(left_fingers2) {transformation: [0.335f,0.8141f,0.4743f,2.4418f,0.9422f,-0.2905f,-0.1669f,2.032f,0.0018f,0.5028f,-0.8644f,-0.3824f,0f,0f,0f,1f],start_interpolation: 0,interpolation_duration: 1}
$data merge entity $(left_fingers) {transformation: [-0.7223f,0.5033f,0.4743f,2.6091f,0.4875f,0.857f,-0.1669f,2.2612f,-0.4905f,0.1106f,-0.8644f,-0.3434f,0f,0f,0f,1f],start_interpolation: 0,interpolation_duration: 1}
$data merge entity $(left_hand) {transformation: [-0.839f,-0.2667f,0.4743f,2.4621f,-0.3831f,0.9085f,-0.1669f,2.8099f,-0.3863f,-0.3218f,-0.8644f,-0.5812f,0f,0f,0f,1f],start_interpolation: 0,interpolation_duration: 1}
$data merge entity $(left_forearm) {transformation: [-0.9705f,-0.3673f,-0.9057f,1.8356f,0.0606f,1.2513f,-0.5724f,4.6761f,0.9755f,-0.4432f,-0.8655f,-1.2396f,0f,0f,0f,1f],start_interpolation: 0,interpolation_duration: 1}
$data merge entity $(left_shoulder) {transformation: [-1.383f,-0.4559f,-0.1714f,1.0065f,-0.4536f,1.0173f,0.9535f,5.7943f,-0.1776f,0.9524f,-1.1006f,-0.0788f,0f,0f,0f,1f],start_interpolation: 0,interpolation_duration: 1}
$data merge entity $(left_arm) {transformation: [-1f,0f,0f,0.4426f,0f,0.96f,0.2798f,6.0748f,0f,0.2798f,-0.96f,-0.0058f,0f,0f,0f,1f],start_interpolation: 0,interpolation_duration: 1}
$data merge entity $(chest) {transformation: [-1.2785f,0f,0f,0f,0f,1.2275f,0.3578f,4.3506f,0f,0.3578f,-1.2275f,-0.5444f,0f,0f,0f,1f],start_interpolation: 0,interpolation_duration: 1}
$data merge entity $(left_cheek) {transformation: [-0.9791f,-0.0476f,-0.1978f,0.3369f,-0.0612f,0.9962f,0.0628f,3.4505f,0.194f,0.0735f,-0.9782f,-1.1121f,0f,0f,0f,1f],start_interpolation: 0,interpolation_duration: 1}
$data merge entity $(left_foot) {transformation: [-0.883f,0.0014f,-0.5152f,0.773f,-0.012f,1.022f,0.0233f,-4.3979f,0.5151f,0.0262f,-0.8827f,-1.3243f,0f,0f,0f,1f],start_interpolation: 0,interpolation_duration: 1}
$data merge entity $(left_knee) {transformation: [-2.795f,0.2038f,-1.1826f,1.0868f,-0.1567f,2.9099f,0.8717f,-0.3303f,1.1897f,0.8619f,-2.6634f,-0.2746f,0f,0f,0f,1f],start_interpolation: 0,interpolation_duration: 1}
$data merge entity $(left_leg) {transformation: [-1.5786f,-0.2063f,-0.6456f,0.7096f,-0.0885f,1.6852f,-0.3222f,2.3752f,0.672f,-0.2628f,-1.5591f,-0.622f,0f,0f,0f,1f],start_interpolation: 0,interpolation_duration: 1}
$data merge entity $(right_cheek) {transformation: [-0.983f,0.0696f,-0.1699f,-0.4919f,0.063f,0.997f,0.0441f,3.4771f,0.1724f,0.0326f,-0.9845f,-0.9644f,0f,0f,0f,1f],start_interpolation: 0,interpolation_duration: 1}
$data merge entity $(right_foot) {transformation: [-1.0188f,-0.0126f,0.0849f,-0.5161f,-0.0124f,1.0223f,0.0029f,-4.3199f,-0.0849f,0.0019f,-1.0188f,0.5087f,0f,0f,0f,1f],start_interpolation: 0,interpolation_duration: 1}
$data merge entity $(right_knee) {transformation: [-3.0411f,-0.0593f,-0.0168f,-0.6862f,-0.0605f,3.0292f,0.2694f,-0.1182f,0.0114f,0.2697f,-3.0297f,0.7584f,0f,0f,0f,1f],start_interpolation: 0,interpolation_duration: 1}
$data merge entity $(right_leg) {transformation: [-1.7176f,-0.0335f,0.0093f,-0.6687f,-0.0342f,1.5416f,-0.7574f,2.3752f,0.0065f,-0.7575f,-1.5419f,-0.4102f,0f,0f,0f,1f],start_interpolation: 0,interpolation_duration: 1}
$data merge entity $(weist) {transformation: [-1.5977f,0f,-0.2817f,0f,0f,1.6223f,0f,4.0259f,0.2817f,0f,-1.5977f,-0.585f,0f,0f,0f,1f],start_interpolation: 0,interpolation_duration: 1}
data modify storage animated_java:temp entry.data merge value {"locators":{"consume":{"px":-2.1415095654,"py":1.9851889812,"pz":0.5998605643,"ry":315.7071695582,"rx":-20.9205257704}}}
# Data Manager: Prepare for Read / Write
execute store result storage animated_java:temp args.id int 1 run scoreboard players get @s aj.id
# Data Manager: Write
function animated_java:global/data_manager/write with storage animated_java:temp args