# This file was generated by Animated Java via MC-Build. It is not recommended to edit this file directly.
$data merge entity $(neck) {transformation: [-0.9995f,0.004f,-0.0304f,0f,0.0011f,0.9958f,0.0919f,6.0327f,0.0307f,0.0918f,-0.9953f,-0.0028f,0f,0f,0f,1f],start_interpolation: 0,interpolation_duration: 1}
$data merge entity $(right_thumb_2) {transformation: [-0.7831f,0.1559f,-0.6021f,-1.9964f,0.4095f,0.8578f,-0.3105f,2.6251f,0.4681f,-0.4897f,-0.7356f,0.4252f,0f,0f,0f,1f],start_interpolation: 0,interpolation_duration: 1}
$data merge entity $(right_thumb) {transformation: [-0.7831f,-0.192f,-0.5916f,-2.1659f,0.4095f,0.5566f,-0.7228f,2.8751f,0.4681f,-0.8083f,-0.3572f,0.2396f,0f,0f,0f,1f],start_interpolation: 0,interpolation_duration: 1}
$data merge entity $(right_fingers2) {transformation: [0.4246f,-0.666f,-0.6134f,-2.1905f,-0.8971f,-0.2182f,-0.3841f,2.1806f,0.122f,0.7134f,-0.6901f,0.5312f,0f,0f,0f,1f],start_interpolation: 0,interpolation_duration: 1}
$data merge entity $(right_fingers) {transformation: [-0.5583f,-0.5586f,-0.6134f,-2.3699f,-0.4072f,0.8287f,-0.3841f,2.4025f,0.7229f,0.0353f,-0.6901f,0.5566f,0f,0f,0f,1f],start_interpolation: 0,interpolation_duration: 1}
$data merge entity $(scout) {transformation: [0f,0f,0f,-2.2919f,0f,0f,0f,2.326f,0f,0f,0f,0.3753f,0f,0f,0f,1f],start_interpolation: 0,interpolation_duration: 1}
$data merge entity $(right_hand) {transformation: [-0.7831f,0.1028f,-0.6134f,-2.33f,0.4095f,0.8275f,-0.3841f,2.8917f,0.4681f,-0.552f,-0.6901f,0.1848f,0f,0f,0f,1f],start_interpolation: 0,interpolation_duration: 1}
$data merge entity $(right_forearm) {transformation: [-1.1301f,0.1416f,0.7746f,-2.0415f,-0.3349f,1.1398f,-0.6971f,4.5967f,-0.7126f,-0.7603f,-0.9007f,-0.9633f,0f,0f,0f,1f],start_interpolation: 0,interpolation_duration: 1}
$data merge entity $(right_shoulder) {transformation: [-1.2911f,0.6276f,-0.2985f,-1.0065f,0.3203f,1.0963f,0.9194f,5.8392f,0.6168f,0.7444f,-1.1024f,-0.1446f,0f,0f,0f,1f],start_interpolation: 0,interpolation_duration: 1}
$data merge entity $(right_arm) {transformation: [-1f,0f,0f,-0.4425f,0f,0.9214f,0.3886f,6.1094f,0f,0.3886f,-0.9214f,-0.0398f,0f,0f,0f,1f],start_interpolation: 0,interpolation_duration: 1}
$data merge entity $(left_thumb_2) {transformation: [-0.8412f,-0.4215f,0.3387f,2.5183f,-0.4514f,0.8923f,-0.0106f,2.856f,-0.2977f,-0.1618f,-0.9408f,-0.8154f,0f,0f,0f,1f],start_interpolation: 0,interpolation_duration: 1}
$data merge entity $(left_thumb) {transformation: [-0.8412f,-0.1735f,0.5121f,2.5799f,-0.4514f,0.7468f,-0.4884f,3.1701f,-0.2977f,-0.642f,-0.7066f,-0.9679f,0f,0f,0f,1f],start_interpolation: 0,interpolation_duration: 1}
$data merge entity $(left_fingers2) {transformation: [0.2417f,0.8953f,0.3741f,2.79f,0.9703f,-0.225f,-0.0884f,2.4494f,0.0051f,0.3844f,-0.9232f,-0.901f,0f,0f,0f,1f],start_interpolation: 0,interpolation_duration: 1}
$data merge entity $(left_fingers) {transformation: [-0.8218f,0.4297f,0.3741f,2.9384f,0.4297f,0.8986f,-0.0884f,2.6927f,-0.3742f,0.0881f,-0.9232f,-0.8721f,0f,0f,0f,1f],start_interpolation: 0,interpolation_duration: 1}
$data merge entity $(left_hand) {transformation: [-0.8412f,-0.3904f,0.3741f,2.711f,-0.4514f,0.888f,-0.0884f,3.232f,-0.2977f,-0.2432f,-0.9232f,-1.0638f,0f,0f,0f,1f],start_interpolation: 0,interpolation_duration: 1}
$data merge entity $(left_forearm) {transformation: [-0.8398f,-0.5377f,-0.9501f,1.8317f,-0.0709f,1.223f,-0.6295f,5.048f,1.0894f,-0.335f,-0.7734f,-1.5511f,0f,0f,0f,1f],start_interpolation: 0,interpolation_duration: 1}
$data merge entity $(left_shoulder) {transformation: [-1.3759f,-0.4552f,-0.2223f,1.0065f,-0.4395f,0.7527f,1.179f,5.8392f,-0.252f,1.173f,-0.8428f,-0.1446f,0f,0f,0f,1f],start_interpolation: 0,interpolation_duration: 1}
$data merge entity $(left_arm) {transformation: [-1f,0f,0f,0.4426f,0f,0.9214f,0.3886f,6.1094f,0f,0.3886f,-0.9214f,-0.0398f,0f,0f,0f,1f],start_interpolation: 0,interpolation_duration: 1}
$data merge entity $(chest) {transformation: [-1.2785f,0f,0f,0f,0f,1.178f,0.4969f,4.4588f,0f,0.4969f,-1.178f,-0.7736f,0f,0f,0f,1f],start_interpolation: 0,interpolation_duration: 1}
$data merge entity $(left_cheek) {transformation: [-0.9772f,-0.0651f,-0.202f,0.3341f,-0.0796f,0.9948f,0.0641f,3.5593f,0.1968f,0.0787f,-0.9773f,-1.3276f,0f,0f,0f,1f],start_interpolation: 0,interpolation_duration: 1}
$data merge entity $(left_foot) {transformation: [-0.879f,-0.0031f,-0.5221f,0.9239f,-0.0119f,1.0222f,0.014f,-4.1184f,0.522f,0.0181f,-0.8789f,-1.5247f,0f,0f,0f,1f],start_interpolation: 0,interpolation_duration: 1}
$data merge entity $(left_knee) {transformation: [-2.7864f,0.2297f,-1.198f,1.2728f,-0.2202f,2.8435f,1.0573f,-0.1333f,1.1998f,1.0553f,-2.5883f,-0.2045f,0f,0f,0f,1f],start_interpolation: 0,interpolation_duration: 1}
$data merge entity $(left_leg) {transformation: [-1.5738f,-0.3218f,-0.6091f,0.7096f,-0.1244f,1.6267f,-0.5382f,2.4834f,0.6776f,-0.4489f,-1.5135f,-0.8511f,0f,0f,0f,1f],start_interpolation: 0,interpolation_duration: 1}
$data merge entity $(right_cheek) {transformation: [-0.9829f,0.0818f,-0.165f,-0.4856f,0.0758f,0.9962f,0.0426f,3.5872f,0.1678f,0.0293f,-0.9854f,-1.1816f,0f,0f,0f,1f],start_interpolation: 0,interpolation_duration: 1}
$data merge entity $(right_foot) {transformation: [-1.0189f,-0.0094f,0.0842f,-0.5193f,-0.0077f,1.0221f,0.0209f,-4.0411f,-0.0844f,0.0202f,-1.0187f,0.3354f,0f,0f,0f,1f],start_interpolation: 0,interpolation_duration: 1}
$data merge entity $(right_knee) {transformation: [-3.0411f,-0.0583f,-0.0199f,-0.6881f,-0.0605f,3.0105f,0.4305f,0.1414f,0.0114f,0.4308f,-3.011f,0.8088f,0f,0f,0f,1f],start_interpolation: 0,interpolation_duration: 1}
$data merge entity $(right_leg) {transformation: [-1.7176f,-0.0322f,0.0131f,-0.6687f,-0.0342f,1.444f,-0.9301f,2.4834f,0.0065f,-0.9302f,-1.4443f,-0.6393f,0f,0f,0f,1f],start_interpolation: 0,interpolation_duration: 1}
$data merge entity $(weist) {transformation: [-1.5977f,0f,-0.2817f,0f,0f,1.6223f,0f,4.1341f,0.2817f,0f,-1.5977f,-0.8142f,0f,0f,0f,1f],start_interpolation: 0,interpolation_duration: 1}
data modify storage animated_java:temp entry.data merge value {"locators":{"consume":{"px":-2.2456050539,"py":2.1898394402,"pz":0.4657968486,"ry":318.3674315071,"rx":-22.5871954252}}}
# Data Manager: Prepare for Read / Write
execute store result storage animated_java:temp args.id int 1 run scoreboard players get @s aj.id
# Data Manager: Write
function animated_java:global/data_manager/write with storage animated_java:temp args
execute unless entity @s[tag=aj.transforms_only] at @s run function animated_java:female/animations/jump_init/zzz/frames/4_root_function