# This file was generated by Animated Java via MC-Build. It is not recommended to edit this file directly.
$data merge entity $(neck) {transformation: [-0.9993f,0.002f,-0.0383f,0f,-0.0024f,0.9934f,0.1148f,6.0093f,0.0383f,0.1148f,-0.9926f,-0.0345f,0f,0f,0f,1f],start_interpolation: 0,interpolation_duration: 1}
$data merge entity $(right_thumb_2) {transformation: [-0.8096f,0.1919f,-0.5548f,-2.1518f,0.4176f,0.8524f,-0.3146f,2.7775f,0.4126f,-0.4864f,-0.7702f,0.2887f,0f,0f,0f,1f],start_interpolation: 0,interpolation_duration: 1}
$data merge entity $(right_thumb) {transformation: [-0.8096f,-0.1363f,-0.571f,-2.3076f,0.4176f,0.5499f,-0.7233f,3.0265f,0.4126f,-0.824f,-0.3883f,0.0903f,0f,0f,0f,1f],start_interpolation: 0,interpolation_duration: 1}
$data merge entity $(right_fingers2) {transformation: [0.411f,-0.7119f,-0.5694f,-2.3548f,-0.8979f,-0.2083f,-0.3877f,2.335f,0.1574f,0.6706f,-0.7249f,0.386f,0f,0f,0f,1f],start_interpolation: 0,interpolation_duration: 1}
$data merge entity $(right_fingers) {transformation: [-0.6061f,-0.5554f,-0.5694f,-2.5343f,-0.3977f,0.8316f,-0.3877f,2.5579f,0.6888f,-0.0085f,-0.7249f,0.3977f,0f,0f,0f,1f],start_interpolation: 0,interpolation_duration: 1}
$data merge entity $(scout) {transformation: [0f,0f,0f,-2.4451f,0f,0f,0f,2.4793f,0f,0f,0f,0.2225f,0f,0f,0f,1f],start_interpolation: 0,interpolation_duration: 1}
$data merge entity $(right_hand) {transformation: [-0.8096f,0.1428f,-0.5694f,-2.4677f,0.4176f,0.8218f,-0.3877f,3.0434f,0.4126f,-0.5516f,-0.7249f,0.0248f,0f,0f,0f,1f],start_interpolation: 0,interpolation_duration: 1}
$data merge entity $(right_forearm) {transformation: [-1.0833f,0.1967f,0.8276f,-2.0964f,-0.3363f,1.1319f,-0.7091f,4.7361f,-0.7814f,-0.7598f,-0.8422f,-1.1176f,0f,0f,0f,1f],start_interpolation: 0,interpolation_duration: 1}
$data merge entity $(right_shoulder) {transformation: [-1.2441f,0.6783f,-0.3767f,-1.0065f,0.2176f,0.9883f,1.061f,5.8631f,0.7447f,0.8443f,-0.9393f,-0.2081f,0f,0f,0f,1f],start_interpolation: 0,interpolation_duration: 1}
$data merge entity $(right_arm) {transformation: [-1f,0f,0f,-0.4425f,0f,0.8781f,0.4785f,6.1215f,0f,0.4785f,-0.8781f,-0.0769f,0f,0f,0f,1f],start_interpolation: 0,interpolation_duration: 1}
$data merge entity $(left_thumb_2) {transformation: [-0.8059f,-0.5431f,0.2358f,2.8479f,-0.5424f,0.8369f,0.0734f,3.2808f,-0.2372f,-0.0687f,-0.969f,-1.2183f,0f,0f,0f,1f],start_interpolation: 0,interpolation_duration: 1}
$data merge entity $(left_thumb) {transformation: [-0.8059f,-0.3313f,0.4906f,2.8538f,-0.5424f,0.7453f,-0.3877f,3.6065f,-0.2372f,-0.5786f,-0.7804f,-1.3583f,0f,0f,0f,1f],start_interpolation: 0,interpolation_duration: 1}
$data merge entity $(left_fingers2) {transformation: [0.1194f,0.9519f,0.2822f,3.1571f,0.9922f,-0.1245f,0.0002f,2.9165f,0.0353f,0.28f,-0.9594f,-1.3533f,0f,0f,0f,1f],start_interpolation: 0,interpolation_duration: 1}
$data merge entity $(left_fingers) {transformation: [-0.9035f,0.3226f,0.2822f,3.2765f,0.3363f,0.9418f,0.0002f,3.1754f,-0.2657f,0.0951f,-0.9594f,-1.3257f,0f,0f,0f,1f],start_interpolation: 0,interpolation_duration: 1}
$data merge entity $(left_hand) {transformation: [-0.8059f,-0.5204f,0.2822f,2.9653f,-0.5424f,0.8401f,0.0002f,3.6887f,-0.2372f,-0.1529f,-0.9594f,-1.4632f,0f,0f,0f,1f],start_interpolation: 0,interpolation_duration: 1}
$data merge entity $(left_forearm) {transformation: [-0.7045f,-0.7168f,-0.9418f,1.8222f,-0.225f,1.1571f,-0.7125f,5.396f,1.162f,-0.2106f,-0.7089f,-1.7578f,0f,0f,0f,1f],start_interpolation: 0,interpolation_duration: 1}
$data merge entity $(left_shoulder) {transformation: [-1.3695f,-0.4497f,-0.2683f,1.0065f,-0.4182f,0.487f,1.3182f,5.8631f,-0.3152f,1.3078f,-0.5832f,-0.2081f,0f,0f,0f,1f],start_interpolation: 0,interpolation_duration: 1}
$data merge entity $(left_arm) {transformation: [-1f,0f,0f,0.4426f,0f,0.8781f,0.4785f,6.1215f,0f,0.4785f,-0.8781f,-0.0769f,0f,0f,0f,1f],start_interpolation: 0,interpolation_duration: 1}
$data merge entity $(chest) {transformation: [-1.2785f,0f,0f,0f,0f,1.1227f,0.6118f,4.5523f,0f,0.6118f,-1.1227f,-0.9715f,0f,0f,0f,1f],start_interpolation: 0,interpolation_duration: 1}
$data merge entity $(left_cheek) {transformation: [-0.9759f,-0.0809f,-0.2026f,0.3317f,-0.096f,0.9932f,0.0655f,3.679f,0.196f,0.0834f,-0.9771f,-1.51f,0f,0f,0f,1f],start_interpolation: 0,interpolation_duration: 1}
$data merge entity $(left_foot) {transformation: [-0.874f,-0.0074f,-0.5304f,1.0427f,-0.012f,1.0223f,0.0055f,-3.8257f,0.5303f,0.0109f,-0.874f,-1.6998f,0f,0f,0f,1f],start_interpolation: 0,interpolation_duration: 1}
$data merge entity $(left_knee) {transformation: [-2.7779f,0.2548f,-1.2126f,1.4255f,-0.2749f,2.7759f,1.2129f,0.0736f,1.2082f,1.2173f,-2.5121f,-0.1525f,0f,0f,0f,1f],start_interpolation: 0,interpolation_duration: 1}
$data merge entity $(left_leg) {transformation: [-1.569f,-0.4164f,-0.5625f,0.7096f,-0.1552f,1.5534f,-0.717f,2.5769f,0.6824f,-0.604f,-1.4563f,-1.0491f,0f,0f,0f,1f],start_interpolation: 0,interpolation_duration: 1}
$data merge entity $(right_cheek) {transformation: [-0.9827f,0.0936f,-0.1597f,-0.4796f,0.0865f,0.995f,0.0507f,3.7029f,0.1636f,0.036f,-0.9859f,-1.3633f,0f,0f,0f,1f],start_interpolation: 0,interpolation_duration: 1}
$data merge entity $(right_foot) {transformation: [-1.0189f,-0.0066f,0.0835f,-0.5228f,-0.0036f,1.0217f,0.0364f,-3.7655f,-0.0837f,0.036f,-1.0183f,0.1714f,0f,0f,0f,1f],start_interpolation: 0,interpolation_duration: 1}
$data merge entity $(right_knee) {transformation: [-3.0411f,-0.0573f,-0.0226f,-0.6904f,-0.0605f,2.9875f,0.5687f,0.3907f,0.0114f,0.569f,-2.988f,0.837f,0f,0f,0f,1f],start_interpolation: 0,interpolation_duration: 1}
$data merge entity $(right_leg) {transformation: [-1.7176f,-0.0308f,0.0162f,-0.6687f,-0.0342f,1.3441f,-1.0694f,2.5769f,0.0065f,-1.0695f,-1.3445f,-0.8372f,0f,0f,0f,1f],start_interpolation: 0,interpolation_duration: 1}
$data merge entity $(weist) {transformation: [-1.5977f,0f,-0.2817f,0f,0f,1.6223f,0f,4.2276f,0.2817f,0f,-1.5977f,-1.0121f,0f,0f,0f,1f],start_interpolation: 0,interpolation_duration: 1}
data modify storage animated_java:temp entry.data merge value {"locators":{"consume":{"px":-2.4054814618,"py":2.3438320949,"pz":0.3170306586,"ry":321.8503995321,"rx":-22.8105341983}}}
# Data Manager: Prepare for Read / Write
execute store result storage animated_java:temp args.id int 1 run scoreboard players get @s aj.id
# Data Manager: Write
function animated_java:global/data_manager/write with storage animated_java:temp args