# This file was generated by Animated Java via MC-Build. It is not recommended to edit this file directly.
$data merge entity $(neck) {transformation: [-0.9988f,-0.0023f,-0.049f,0f,-0.0101f,0.9871f,0.16f,5.9424f,0.048f,0.1603f,-0.9859f,-0.1181f,0f,0f,0f,1f],start_interpolation: 0,interpolation_duration: 1}
$data merge entity $(right_thumb_2) {transformation: [-0.826f,0.2971f,-0.4791f,-2.5056f,0.4664f,0.8375f,-0.2847f,2.9723f,0.3166f,-0.4586f,-0.8303f,0.0515f,0f,0f,0f,1f],start_interpolation: 0,interpolation_duration: 1}
$data merge entity $(right_thumb) {transformation: [-0.826f,-0.0068f,-0.5637f,-2.6223f,0.4664f,0.5534f,-0.6901f,3.2293f,0.3166f,-0.8329f,-0.4539f,-0.1631f,0f,0f,0f,1f],start_interpolation: 0,interpolation_duration: 1}
$data merge entity $(right_fingers2) {transformation: [0.3362f,-0.7961f,-0.5031f,-2.7443f,-0.9199f,-0.163f,-0.3566f,2.543f,0.2019f,0.5827f,-0.7872f,0.1234f,0f,0f,0f,1f],start_interpolation: 0,interpolation_duration: 1}
$data merge entity $(right_fingers) {transformation: [-0.7045f,-0.5005f,-0.5031f,-2.9105f,-0.3583f,0.8628f,-0.3566f,2.7761f,0.6126f,-0.071f,-0.7872f,0.1147f,0f,0f,0f,1f],start_interpolation: 0,interpolation_duration: 1}
$data merge entity $(scout) {transformation: [0f,0f,0f,-2.8063f,0f,0f,0f,2.6917f,0f,0f,0f,-0.0491f,0f,0f,0f,1f],start_interpolation: 0,interpolation_duration: 1}
$data merge entity $(right_hand) {transformation: [-0.826f,0.2542f,-0.5031f,-2.7724f,0.4664f,0.8095f,-0.3566f,3.2552f,0.3166f,-0.5292f,-0.7872f,-0.2468f,0f,0f,0f,1f],start_interpolation: 0,interpolation_duration: 1}
$data merge entity $(right_forearm) {transformation: [-1.003f,0.3502f,0.8766f,-2.1714f,-0.2753f,1.115f,-0.7604f,4.9181f,-0.9029f,-0.7289f,-0.742f,-1.3339f,0f,0f,0f,1f],start_interpolation: 0,interpolation_duration: 1}
$data merge entity $(right_shoulder) {transformation: [-1.1667f,0.75f,-0.4754f,-1.0065f,0.0298f,0.8176f,1.2168f,5.8697f,0.8875f,0.9586f,-0.6658f,-0.3227f,0f,0f,0f,1f],start_interpolation: 0,interpolation_duration: 1}
$data merge entity $(right_arm) {transformation: [-1f,0f,0f,-0.4425f,0f,0.7999f,0.6001f,6.1066f,0f,0.6001f,-0.7999f,-0.1556f,0f,0f,0f,1f],start_interpolation: 0,interpolation_duration: 1}
$data merge entity $(left_thumb_2) {transformation: [-0.6663f,-0.7397f,0.0944f,3.3776f,-0.7139f,0.6693f,0.2058f,4.0899f,-0.2154f,0.0698f,-0.974f,-1.7342f,0f,0f,0f,1f],start_interpolation: 0,interpolation_duration: 1}
$data merge entity $(left_thumb) {transformation: [-0.6663f,-0.5731f,0.477f,3.2853f,-0.7139f,0.6751f,-0.1861f,4.4156f,-0.2154f,-0.4645f,-0.859f,-1.8396f,0f,0f,0f,1f],start_interpolation: 0,interpolation_duration: 1}
$data merge entity $(left_fingers2) {transformation: [-0.1299f,0.9788f,0.1585f,3.7502f,0.9834f,0.1067f,0.1467f,3.8301f,0.1266f,0.1749f,-0.9764f,-1.9346f,0f,0f,0f,1f],start_interpolation: 0,interpolation_duration: 1}
$data merge entity $(left_fingers) {transformation: [-0.9837f,0.0851f,0.1585f,3.8034f,0.1086f,0.9832f,0.1467f,4.1083f,-0.1433f,0.1615f,-0.9764f,-1.8917f,0f,0f,0f,1f],start_interpolation: 0,interpolation_duration: 1}
$data merge entity $(left_hand) {transformation: [-0.6663f,-0.7286f,0.1585f,3.3595f,-0.7139f,0.6847f,0.1467f,4.5318f,-0.2154f,-0.0154f,-0.9764f,-1.9454f,0f,0f,0f,1f],start_interpolation: 0,interpolation_duration: 1}
$data merge entity $(left_forearm) {transformation: [-0.4842f,-1.0036f,-0.8096f,1.7985f,-0.4884f,0.9431f,-0.877f,5.8998f,1.1934f,-0.0212f,-0.6873f,-1.9528f,0f,0f,0f,1f],start_interpolation: 0,interpolation_duration: 1}
$data merge entity $(left_shoulder) {transformation: [-1.36f,-0.4336f,-0.3348f,1.0065f,-0.3723f,0.0742f,1.4162f,5.8697f,-0.4019f,1.3987f,-0.179f,-0.3227f,0f,0f,0f,1f],start_interpolation: 0,interpolation_duration: 1}
$data merge entity $(left_arm) {transformation: [-1f,0f,0f,0.4426f,0f,0.7999f,0.6001f,6.1066f,0f,0.6001f,-0.7999f,-0.1556f,0f,0f,0f,1f],start_interpolation: 0,interpolation_duration: 1}
$data merge entity $(chest) {transformation: [-1.2785f,0f,0f,0f,0f,1.0228f,0.7672f,4.6826f,0f,0.7672f,-1.0228f,-1.2671f,0f,0f,0f,1f],start_interpolation: 0,interpolation_duration: 1}
$data merge entity $(left_cheek) {transformation: [-0.9706f,-0.1126f,-0.213f,0.2873f,-0.1288f,0.9896f,0.0637f,3.8179f,0.2036f,0.0892f,-0.975f,-1.8411f,0f,0f,0f,1f],start_interpolation: 0,interpolation_duration: 1}
$data merge entity $(left_foot) {transformation: [-0.8464f,-0.0319f,-0.5726f,1.1484f,-0.0172f,1.0217f,-0.0316f,-3.3477f,0.5732f,-0.0165f,-0.8464f,-2.0245f,0f,0f,0f,1f],start_interpolation: 0,interpolation_duration: 1}
$data merge entity $(left_knee) {transformation: [-2.7336f,0.3391f,-1.2903f,1.6434f,-0.3496f,2.6569f,1.439f,0.3985f,1.2875f,1.4415f,-2.3488f,-0.1625f,0f,0f,0f,1f],start_interpolation: 0,interpolation_duration: 1}
$data merge entity $(left_leg) {transformation: [-1.5439f,-0.5524f,-0.5124f,0.7092f,-0.1975f,1.4242f,-0.9403f,2.6994f,0.7272f,-0.7861f,-1.3434f,-1.3524f,0f,0f,0f,1f],start_interpolation: 0,interpolation_duration: 1}
$data merge entity $(right_cheek) {transformation: [-0.9802f,0.1184f,-0.1587f,-0.4754f,0.1127f,0.9926f,0.0443f,3.83f,0.1627f,0.0255f,-0.9863f,-1.6998f,0f,0f,0f,1f],start_interpolation: 0,interpolation_duration: 1}
$data merge entity $(right_foot) {transformation: [-1.0186f,-0.0007f,0.0877f,-0.5197f,0.0019f,1.0219f,0.0306f,-3.3196f,-0.0876f,0.0306f,-1.0181f,-0.0653f,0f,0f,0f,1f],start_interpolation: 0,interpolation_duration: 1}
$data merge entity $(right_knee) {transformation: [-3.041f,-0.0592f,-0.0276f,-0.69f,-0.0642f,2.9466f,0.7522f,0.7874f,0.0121f,0.7526f,-2.9471f,0.8561f,0f,0f,0f,1f],start_interpolation: 0,interpolation_duration: 1}
$data merge entity $(right_leg) {transformation: [-1.7176f,-0.0297f,0.0219f,-0.6668f,-0.0363f,1.1695f,-1.2579f,2.6994f,0.0069f,-1.2581f,-1.1699f,-1.1255f,0f,0f,0f,1f],start_interpolation: 0,interpolation_duration: 1}
$data merge entity $(weist) {transformation: [-1.5945f,0f,-0.2991f,0f,0f,1.6223f,0f,4.3501f,0.2991f,0f,-1.5945f,-1.3077f,0f,0f,0f,1f],start_interpolation: 0,interpolation_duration: 1}
data modify storage animated_java:temp entry.data merge value {"locators":{"consume":{"px":-2.786002483,"py":2.5544912618,"pz":0.04899067,"ry":327.4147329216,"rx":-20.8916149722}}}
# Data Manager: Prepare for Read / Write
execute store result storage animated_java:temp args.id int 1 run scoreboard players get @s aj.id
# Data Manager: Write
function animated_java:global/data_manager/write with storage animated_java:temp args