# This file was generated by Animated Java via MC-Build. It is not recommended to edit this file directly.
$data merge entity $(neck) {transformation: [-0.999f,0f,-0.0436f,0f,-0.0057f,0.9914f,0.1304f,5.9834f,0.0432f,0.1305f,-0.9905f,-0.0652f,0f,0f,0f,1f],start_interpolation: 0,interpolation_duration: 1}
$data merge entity $(right_thumb_2) {transformation: [-0.8236f,0.2302f,-0.5183f,-2.2928f,0.4293f,0.8503f,-0.3045f,2.8671f,0.3706f,-0.4733f,-0.7992f,0.179f,0f,0f,0f,1f],start_interpolation: 0,interpolation_duration: 1}
$data merge entity $(right_thumb) {transformation: [-0.8236f,-0.0843f,-0.5608f,-2.4341f,0.4293f,0.5535f,-0.7137f,3.1189f,0.3706f,-0.8285f,-0.4197f,-0.0267f,0f,0f,0f,1f],start_interpolation: 0,interpolation_duration: 1}
$data merge entity $(right_fingers2) {transformation: [0.3883f,-0.7493f,-0.5364f,-2.5074f,-0.9045f,-0.1986f,-0.3774f,2.4276f,0.1763f,0.6317f,-0.7549f,0.2642f,0f,0f,0f,1f],start_interpolation: 0,interpolation_duration: 1}
$data merge entity $(right_fingers) {transformation: [-0.6475f,-0.5413f,-0.5364f,-2.6838f,-0.3897f,0.8401f,-0.3774f,2.6532f,0.6549f,-0.0354f,-0.7549f,0.267f,0f,0f,0f,1f],start_interpolation: 0,interpolation_duration: 1}
$data merge entity $(scout) {transformation: [0f,0f,0f,-2.5868f,0f,0f,0f,2.5737f,0f,0f,0f,0.0966f,0f,0f,0f,1f],start_interpolation: 0,interpolation_duration: 1}
$data merge entity $(right_hand) {transformation: [-0.8236f,0.1842f,-0.5364f,-2.5903f,0.4293f,0.8205f,-0.3774f,3.1384f,0.3706f,-0.5411f,-0.7549f,-0.1005f,0f,0f,0f,1f],start_interpolation: 0,interpolation_duration: 1}
$data merge entity $(right_forearm) {transformation: [-1.0457f,0.2537f,0.8598f,-2.1335f,-0.318f,1.1302f,-0.7202f,4.8274f,-0.8381f,-0.7453f,-0.7995f,-1.2172f,0f,0f,0f,1f],start_interpolation: 0,interpolation_duration: 1}
$data merge entity $(right_shoulder) {transformation: [-1.2078f,0.7134f,-0.4267f,-1.0065f,0.1331f,0.9089f,1.1428f,5.8719f,0.8205f,0.9027f,-0.8135f,-0.2559f,0f,0f,0f,1f],start_interpolation: 0,interpolation_duration: 1}
$data merge entity $(right_arm) {transformation: [-1f,0f,0f,-0.4425f,0f,0.8434f,0.5373f,6.1208f,0f,0.5373f,-0.8434f,-0.1074f,0f,0f,0f,1f],start_interpolation: 0,interpolation_duration: 1}
$data merge entity $(left_thumb_2) {transformation: [-0.7571f,-0.6323f,0.1641f,3.0896f,-0.6172f,0.7747f,0.1374f,3.6307f,-0.214f,0.0028f,-0.9768f,-1.4846f,0f,0f,0f,1f],start_interpolation: 0,interpolation_duration: 1}
$data merge entity $(left_thumb) {transformation: [-0.7571f,-0.4451f,0.4782f,3.0519f,-0.6172f,0.7272f,-0.3003f,3.9604f,-0.214f,-0.5225f,-0.8253f,-1.6093f,0f,0f,0f,1f],start_interpolation: 0,interpolation_duration: 1}
$data merge entity $(left_fingers2) {transformation: [0.0151f,0.9757f,0.2186f,3.4266f,0.9971f,-0.0309f,0.0694f,3.308f,0.0745f,0.2169f,-0.9733f,-1.6545f,0f,0f,0f,1f],start_interpolation: 0,interpolation_duration: 1}
$data merge entity $(left_fingers) {transformation: [-0.9493f,0.2259f,0.2186f,3.5193f,0.246f,0.9668f,0.0694f,3.5771f,-0.1956f,0.1197f,-0.9733f,-1.622f,0f,0f,0f,1f],start_interpolation: 0,interpolation_duration: 1}
$data merge entity $(left_hand) {transformation: [-0.7571f,-0.6156f,0.2186f,3.1471f,-0.6172f,0.7837f,0.0694f,4.0584f,-0.214f,-0.0824f,-0.9733f,-1.7167f,0f,0f,0f,1f],start_interpolation: 0,interpolation_duration: 1}
$data merge entity $(left_forearm) {transformation: [-0.6007f,-0.8479f,-0.904f,1.8122f,-0.3468f,1.0795f,-0.7821f,5.6412f,1.19f,-0.1135f,-0.6843f,-1.863f,0f,0f,0f,1f],start_interpolation: 0,interpolation_duration: 1}
$data merge entity $(left_shoulder) {transformation: [-1.3649f,-0.4431f,-0.3007f,1.0065f,-0.3988f,0.2916f,1.3805f,5.8719f,-0.3574f,1.3669f,-0.392f,-0.2559f,0f,0f,0f,1f],start_interpolation: 0,interpolation_duration: 1}
$data merge entity $(left_arm) {transformation: [-1f,0f,0f,0.4426f,0f,0.8434f,0.5373f,6.1208f,0f,0.5373f,-0.8434f,-0.1074f,0f,0f,0f,1f],start_interpolation: 0,interpolation_duration: 1}
$data merge entity $(chest) {transformation: [-1.2785f,0f,0f,0f,0f,1.0783f,0.687f,4.6162f,0f,0.687f,-1.0783f,-1.1069f,0f,0f,0f,1f],start_interpolation: 0,interpolation_duration: 1}
$data merge entity $(left_cheek) {transformation: [-0.9751f,-0.0925f,-0.2015f,0.3254f,-0.1079f,0.9919f,0.0669f,3.7705f,0.1937f,0.0869f,-0.9772f,-1.6419f,0f,0f,0f,1f],start_interpolation: 0,interpolation_duration: 1}
$data merge entity $(left_foot) {transformation: [-0.8698f,-0.0109f,-0.5372f,1.116f,-0.0123f,1.0223f,-0.0007f,-3.5992f,0.5372f,0.0059f,-0.8699f,-1.8216f,0f,0f,0f,1f],start_interpolation: 0,interpolation_duration: 1}
$data merge entity $(left_knee) {transformation: [-2.7715f,0.2735f,-1.2232f,1.5241f,-0.3122f,2.7243f,1.3165f,0.2341f,1.2139f,1.3251f,-2.4541f,-0.1229f,0f,0f,0f,1f],start_interpolation: 0,interpolation_duration: 1}
$data merge entity $(left_leg) {transformation: [-1.5653f,-0.4773f,-0.5228f,0.7096f,-0.1763f,1.4916f,-0.8339f,2.6408f,0.6856f,-0.7062f,-1.4081f,-1.1845f,0f,0f,0f,1f],start_interpolation: 0,interpolation_duration: 1}
$data merge entity $(right_cheek) {transformation: [-0.9826f,0.1017f,-0.1555f,-0.4778f,0.0939f,0.994f,0.0567f,3.7735f,0.1604f,0.0411f,-0.9862f,-1.4941f,0f,0f,0f,1f],start_interpolation: 0,interpolation_duration: 1}
$data merge entity $(right_foot) {transformation: [-1.019f,-0.0047f,0.083f,-0.5257f,-0.0009f,1.0213f,0.047f,-3.5593f,-0.0831f,0.0468f,-1.0179f,0.0505f,0f,0f,0f,1f],start_interpolation: 0,interpolation_duration: 1}
$data merge entity $(right_knee) {transformation: [-3.0411f,-0.0566f,-0.0244f,-0.6923f,-0.0605f,2.9681f,0.6625f,0.5739f,0.0114f,0.6629f,-2.9686f,0.8468f,0f,0f,0f,1f],start_interpolation: 0,interpolation_duration: 1}
$data merge entity $(right_leg) {transformation: [-1.7176f,-0.0296f,0.0183f,-0.6688f,-0.0342f,1.268f,-1.1586f,2.6408f,0.0065f,-1.1587f,-1.2684f,-0.9726f,0f,0f,0f,1f],start_interpolation: 0,interpolation_duration: 1}
$data merge entity $(weist) {transformation: [-1.5977f,0f,-0.2817f,0f,0f,1.6223f,0f,4.2915f,0.2817f,0f,-1.5977f,-1.1475f,0f,0f,0f,1f],start_interpolation: 0,interpolation_duration: 1}
data modify storage animated_java:temp entry.data merge value {"locators":{"consume":{"px":-2.5542219999,"py":2.4373720869,"pz":0.1926850886,"ry":324.6055606882,"rx":-22.1748299634}}}
# Data Manager: Prepare for Read / Write
execute store result storage animated_java:temp args.id int 1 run scoreboard players get @s aj.id
# Data Manager: Write
function animated_java:global/data_manager/write with storage animated_java:temp args
execute unless entity @s[tag=aj.transforms_only] at @s run function animated_java:female/animations/jump_init/zzz/frames/8_root_function