# This file was generated by Animated Java via MC-Build. It is not recommended to edit this file directly.
$data merge entity $(neck) {transformation: [-0.9996f,0.0033f,-0.029f,-0.0017f,0.0031f,0.9999f,0.0096f,6.0562f,0.0291f,0.0095f,-0.9995f,0.0774f,0f,0f,0f,1f],start_interpolation: 0,interpolation_duration: 1}
$data merge entity $(right_thumb_2) {transformation: [-0.8069f,0.0796f,-0.5853f,-1.7789f,0.3208f,0.8911f,-0.3211f,2.5314f,0.496f,-0.4468f,-0.7445f,0.4417f,0f,0f,0f,1f],start_interpolation: 0,interpolation_duration: 1}
$data merge entity $(right_thumb) {transformation: [-0.8069f,-0.2473f,-0.5364f,-1.9705f,0.3208f,0.579f,-0.7496f,2.7758f,0.496f,-0.7769f,-0.3879f,0.2708f,0f,0f,0f,1f],start_interpolation: 0,interpolation_duration: 1}
$data merge entity $(right_fingers2) {transformation: [0.497f,-0.6363f,-0.59f,-1.9351f,-0.8648f,-0.3069f,-0.3975f,2.0679f,0.0719f,0.7078f,-0.7028f,0.5269f,0f,0f,0f,1f],start_interpolation: 0,interpolation_duration: 1}
$data merge entity $(right_fingers) {transformation: [-0.5137f,-0.6229f,-0.59f,-2.1314f,-0.4868f,0.7778f,-0.3975f,2.2729f,0.7066f,0.083f,-0.7028f,0.5653f,0f,0f,0f,1f],start_interpolation: 0,interpolation_duration: 1}
$data merge entity $(scout) {transformation: [0f,0f,0f,-2.0501f,0f,0f,0f,2.2122f,0f,0f,0f,0.3796f,0f,0f,0f,1f],start_interpolation: 0,interpolation_duration: 1}
$data merge entity $(right_hand) {transformation: [-0.8069f,0.0283f,-0.59f,-2.1361f,0.3208f,0.8597f,-0.3975f,2.7818f,0.496f,-0.51f,-0.7028f,0.2185f,0f,0f,0f,1f],start_interpolation: 0,interpolation_duration: 1}
$data merge entity $(right_forearm) {transformation: [-1.1092f,0.039f,0.8156f,-2.0016f,-0.3893f,1.1841f,-0.586f,4.5599f,-0.7177f,-0.7025f,-0.9426f,-0.8439f,0f,0f,0f,1f],start_interpolation: 0,interpolation_duration: 1}
$data merge entity $(right_shoulder) {transformation: [-1.3089f,0.591f,-0.2956f,-1.0077f,0.32f,1.1407f,0.8638f,5.8583f,0.5782f,0.7066f,-1.1473f,-0.0621f,0f,0f,0f,1f],start_interpolation: 0,interpolation_duration: 1}
$data merge entity $(right_arm) {transformation: [-1f,-0.0006f,0.0064f,-0.4439f,0.0017f,0.9375f,0.3479f,6.1319f,-0.0062f,0.3479f,-0.9375f,0.0343f,0f,0f,0f,1f],start_interpolation: 0,interpolation_duration: 1}
$data merge entity $(left_thumb_2) {transformation: [-0.8904f,-0.3159f,0.3276f,2.2336f,-0.3421f,0.9393f,-0.024f,2.707f,-0.3001f,-0.1334f,-0.9445f,-0.7553f,0f,0f,0f,1f],start_interpolation: 0,interpolation_duration: 1}
$data merge entity $(left_thumb) {transformation: [-0.8904f,-0.0905f,0.446f,2.3302f,-0.3421f,0.7794f,-0.5249f,3.0158f,-0.3001f,-0.62f,-0.7249f,-0.9f,0f,0f,0f,1f],start_interpolation: 0,interpolation_duration: 1}
$data merge entity $(left_fingers2) {transformation: [0.3531f,0.8661f,0.3539f,2.4554f,0.9352f,-0.3381f,-0.1058f,2.2741f,0.028f,0.3683f,-0.9293f,-0.8546f,0f,0f,0f,1f],start_interpolation: 0,interpolation_duration: 1}
$data merge entity $(left_fingers) {transformation: [-0.7691f,0.5322f,0.3539f,2.6314f,0.5325f,0.8398f,-0.1058f,2.4976f,-0.3535f,0.1071f,-0.9293f,-0.821f,0f,0f,0f,1f],start_interpolation: 0,interpolation_duration: 1}
$data merge entity $(left_hand) {transformation: [-0.8904f,-0.2862f,0.3539f,2.4668f,-0.3421f,0.9337f,-0.1058f,3.0647f,-0.3001f,-0.2152f,-0.9293f,-0.9957f,0f,0f,0f,1f],start_interpolation: 0,interpolation_duration: 1}
$data merge entity $(left_forearm) {transformation: [-0.8336f,-0.3942f,-1.0231f,1.8012f,-0.0028f,1.286f,-0.4932f,4.9833f,1.0964f,-0.2964f,-0.7791f,-1.4249f,0f,0f,0f,1f],start_interpolation: 0,interpolation_duration: 1}
$data merge entity $(left_shoulder) {transformation: [-1.3879f,-0.4287f,-0.1996f,1.0052f,-0.4163f,0.814f,1.1463f,5.855f,-0.2243f,1.1417f,-0.8922f,-0.0495f,0f,0f,0f,1f],start_interpolation: 0,interpolation_duration: 1}
$data merge entity $(left_arm) {transformation: [-1f,-0.0006f,0.0064f,0.4412f,0.0017f,0.9375f,0.3479f,6.1305f,-0.0062f,0.3479f,-0.9375f,0.0399f,0f,0f,0f,1f],start_interpolation: 0,interpolation_duration: 1}
$data merge entity $(chest) {transformation: [-1.2785f,-0.0008f,0.0082f,0f,0.0021f,1.1987f,0.4449f,4.4501f,-0.008f,0.4449f,-1.1986f,-0.6237f,0f,0f,0f,1f],start_interpolation: 0,interpolation_duration: 1}
$data merge entity $(left_cheek) {transformation: [-0.9897f,-0.0358f,-0.1385f,0.3762f,-0.0483f,0.995f,0.0875f,3.6171f,0.1347f,0.0932f,-0.9865f,-1.1276f,0f,0f,0f,1f],start_interpolation: 0,interpolation_duration: 1}
$data merge entity $(left_foot) {transformation: [-0.955f,0.0526f,-0.3611f,1.0569f,0.0106f,1.0152f,0.12f,-4.1384f,0.3647f,0.1083f,-0.9489f,-1.0158f,0f,0f,0f,1f],start_interpolation: 0,interpolation_duration: 1}
$data merge entity $(left_knee) {transformation: [-2.9196f,0.0595f,-0.8511f,1.1882f,-0.2042f,2.8974f,0.9031f,-0.0855f,0.8283f,0.924f,-2.7771f,0.1256f,0f,0f,0f,1f],start_interpolation: 0,interpolation_duration: 1}
$data merge entity $(left_leg) {transformation: [-1.649f,-0.2627f,-0.4039f,0.7106f,-0.1154f,1.6135f,-0.5785f,2.5115f,0.4678f,-0.5282f,-1.5664f,-0.6552f,0f,0f,0f,1f],start_interpolation: 0,interpolation_duration: 1}
$data merge entity $(right_cheek) {transformation: [-0.9919f,0.0398f,-0.1206f,-0.477f,0.032f,0.9973f,0.0661f,3.5976f,0.1229f,0.0617f,-0.9905f,-1.0258f,0f,0f,0f,1f],start_interpolation: 0,interpolation_duration: 1}
$data merge entity $(right_foot) {transformation: [-1.0208f,-0.0162f,0.0551f,-0.5488f,-0.0074f,1.0096f,0.1608f,-4.1173f,-0.0569f,0.1602f,-1.0081f,0.2388f,0f,0f,0f,1f],start_interpolation: 0,interpolation_duration: 1}
$data merge entity $(right_knee) {transformation: [-3.0413f,-0.0469f,-0.0225f,-0.702f,-0.0498f,3.0076f,0.4519f,0.0623f,0.0153f,0.4522f,-3.0079f,0.7421f,0f,0f,0f,1f],start_interpolation: 0,interpolation_duration: 1}
$data merge entity $(right_leg) {transformation: [-1.7177f,-0.0288f,0.0057f,-0.6769f,-0.0281f,1.5137f,-0.8121f,2.5122f,0.0086f,-0.812f,-1.5139f,-0.5148f,0f,0f,0f,1f],start_interpolation: 0,interpolation_duration: 1}
$data merge entity $(weist) {transformation: [-1.6101f,0f,-0.1988f,0f,0.001f,1.6223f,-0.0078f,4.1622f,0.1988f,-0.0079f,-1.6101f,-0.663f,0f,0f,0f,1f],start_interpolation: 0,interpolation_duration: 1}
data modify storage animated_java:temp entry.data merge value {"locators":{"consume":{"px":-1.9916951604,"py":2.0758882076,"pz":0.4625045683,"ry":319.9856010808,"rx":-23.4231799744}}}
# Data Manager: Prepare for Read / Write
execute store result storage animated_java:temp args.id int 1 run scoreboard players get @s aj.id
# Data Manager: Write
function animated_java:global/data_manager/write with storage animated_java:temp args