# This file was generated by Animated Java via MC-Build. It is not recommended to edit this file directly.
$data merge entity $(neck) {transformation: [-1f,0f,0f,0f,0f,1f,0f,5.9528f,0f,0f,-1f,0.0728f,0f,0f,0f,1f],start_interpolation: 0,interpolation_duration: 1}
$data merge entity $(right_thumb_2) {transformation: [-0.7806f,0.1415f,-0.6088f,-1.678f,0.3104f,0.9332f,-0.181f,1.8467f,0.5425f,-0.3303f,-0.7724f,0.7144f,0f,0f,0f,1f],start_interpolation: 0,interpolation_duration: 1}
$data merge entity $(right_thumb) {transformation: [-0.7806f,-0.2077f,-0.5895f,-1.8523f,0.3104f,0.6898f,-0.6541f,2.1239f,0.5425f,-0.6936f,-0.474f,0.5784f,0f,0f,0f,1f],start_interpolation: 0,interpolation_duration: 1}
$data merge entity $(right_fingers2) {transformation: [0.4344f,-0.6545f,-0.6188f,-1.8666f,-0.8996f,-0.3497f,-0.2617f,1.3883f,-0.0451f,0.6703f,-0.7407f,0.7415f,0f,0f,0f,1f],start_interpolation: 0,interpolation_duration: 1}
$data merge entity $(right_fingers) {transformation: [-0.545f,-0.5658f,-0.6188f,-2.0478f,-0.5361f,0.8026f,-0.2617f,1.5999f,0.6447f,0.1891f,-0.7407f,0.8081f,0f,0f,0f,1f],start_interpolation: 0,interpolation_duration: 1}
$data merge entity $(scout) {transformation: [0f,0f,0f,-1.9715f,0f,0f,0f,1.558f,0f,0f,0f,0.6152f,0f,0f,0f,1f],start_interpolation: 0,interpolation_duration: 1}
$data merge entity $(right_hand) {transformation: [-0.7806f,0.0879f,-0.6188f,-2.0172f,0.3104f,0.9139f,-0.2617f,2.1481f,0.5425f,-0.3963f,-0.7407f,0.5293f,0f,0f,0f,1f],start_interpolation: 0,interpolation_duration: 1}
$data merge entity $(right_forearm) {transformation: [-1.1362f,0.1211f,0.7691f,-1.7596f,-0.2152f,1.2588f,-0.5161f,4.0339f,-0.7483f,-0.5459f,-1.0194f,-0.2988f,0f,0f,0f,1f],start_interpolation: 0,interpolation_duration: 1}
$data merge entity $(right_shoulder) {transformation: [-1.4129f,0.3859f,0.068f,-1.0065f,0.3916f,1.3817f,0.2956f,5.6301f,0.0137f,0.303f,-1.4345f,0.114f,0f,0f,0f,1f],start_interpolation: 0,interpolation_duration: 1}
$data merge entity $(right_arm) {transformation: [-1f,0f,0f,-0.4425f,0f,0.9994f,0.0349f,5.9199f,0f,0.0349f,-0.9994f,0.1157f,0f,0f,0f,1f],start_interpolation: 0,interpolation_duration: 1}
$data merge entity $(left_thumb_2) {transformation: [-0.7806f,-0.1415f,0.6088f,1.678f,-0.3104f,0.9332f,-0.181f,1.8467f,-0.5425f,-0.3303f,-0.7724f,0.7144f,0f,0f,0f,1f],start_interpolation: 0,interpolation_duration: 1}
$data merge entity $(left_thumb) {transformation: [-0.7806f,0.2077f,0.5895f,1.8523f,-0.3104f,0.6898f,-0.6541f,2.1239f,-0.5425f,-0.6936f,-0.474f,0.5784f,0f,0f,0f,1f],start_interpolation: 0,interpolation_duration: 1}
$data merge entity $(left_fingers2) {transformation: [0.4344f,0.6545f,0.6188f,1.8666f,0.8996f,-0.3497f,-0.2617f,1.3883f,0.0451f,0.6703f,-0.7407f,0.7415f,0f,0f,0f,1f],start_interpolation: 0,interpolation_duration: 1}
$data merge entity $(left_fingers) {transformation: [-0.545f,0.5658f,0.6188f,2.0478f,0.5361f,0.8026f,-0.2617f,1.5999f,-0.6447f,0.1891f,-0.7407f,0.8081f,0f,0f,0f,1f],start_interpolation: 0,interpolation_duration: 1}
$data merge entity $(left_hand) {transformation: [-0.7806f,-0.0879f,0.6188f,2.0172f,-0.3104f,0.9139f,-0.2617f,2.1481f,-0.5425f,-0.3963f,-0.7407f,0.5293f,0f,0f,0f,1f],start_interpolation: 0,interpolation_duration: 1}
$data merge entity $(left_forearm) {transformation: [-1.1362f,-0.1211f,-0.7691f,1.7596f,0.2152f,1.2588f,-0.5161f,4.0339f,0.7483f,-0.5459f,-1.0194f,-0.2988f,0f,0f,0f,1f],start_interpolation: 0,interpolation_duration: 1}
$data merge entity $(left_shoulder) {transformation: [-1.4129f,-0.3859f,-0.068f,1.0065f,-0.3916f,1.3817f,0.2956f,5.6301f,-0.0137f,0.303f,-1.4345f,0.114f,0f,0f,0f,1f],start_interpolation: 0,interpolation_duration: 1}
$data merge entity $(left_arm) {transformation: [-1f,0f,0f,0.4426f,0f,0.9994f,0.0349f,5.9199f,0f,0.0349f,-0.9994f,0.1157f,0f,0f,0f,1f],start_interpolation: 0,interpolation_duration: 1}
$data merge entity $(chest) {transformation: [-1.2785f,0f,0f,0f,0f,1.2778f,0.0446f,4.1162f,0f,0.0446f,-1.2778f,0.0181f,0f,0f,0f,1f],start_interpolation: 0,interpolation_duration: 1}
data modify storage animated_java:temp entry.data merge value {"locators":{"consume":{"px":-1.9226871529,"py":1.408392991,"pz":0.6793684165,"ry":320.1236726701,"rx":-15.1691935132}}}
# Data Manager: Prepare for Read / Write
execute store result storage animated_java:temp args.id int 1 run scoreboard players get @s aj.id
# Data Manager: Write
function animated_java:global/data_manager/write with storage animated_java:temp args