# This file was generated by Animated Java via MC-Build. It is not recommended to edit this file directly.
$data merge entity $(neck) {transformation: [-1f,0f,0f,0f,0f,1f,0f,5.9577f,0f,0f,-1f,0.072f,0f,0f,0f,1f],start_interpolation: 0,interpolation_duration: 1}
$data merge entity $(right_thumb_2) {transformation: [-0.7847f,0.1352f,-0.605f,-1.664f,0.3015f,0.9359f,-0.182f,1.8497f,0.5417f,-0.3252f,-0.7751f,0.6944f,0f,0f,0f,1f],start_interpolation: 0,interpolation_duration: 1}
$data merge entity $(right_thumb) {transformation: [-0.7847f,-0.2111f,-0.5829f,-1.84f,0.3015f,0.6916f,-0.6563f,2.1262f,0.5417f,-0.6907f,-0.479f,0.5592f,0f,0f,0f,1f],start_interpolation: 0,interpolation_duration: 1}
$data merge entity $(right_fingers2) {transformation: [0.4416f,-0.6537f,-0.6145f,-1.849f,-0.8959f,-0.3582f,-0.2628f,1.3896f,-0.0483f,0.6666f,-0.7439f,0.7186f,0f,0f,0f,1f],start_interpolation: 0,interpolation_duration: 1}
$data merge entity $(right_fingers) {transformation: [-0.5427f,-0.5727f,-0.6145f,-2.032f,-0.5436f,0.7971f,-0.2628f,1.5995f,0.6404f,0.1914f,-0.7439f,0.7857f,0f,0f,0f,1f],start_interpolation: 0,interpolation_duration: 1}
$data merge entity $(scout) {transformation: [0f,0f,0f,-1.9548f,0f,0f,0f,1.5592f,0f,0f,0f,0.5928f,0f,0f,0f,1f],start_interpolation: 0,interpolation_duration: 1}
$data merge entity $(right_hand) {transformation: [-0.7847f,0.0819f,-0.6145f,-2.005f,0.3015f,0.9165f,-0.2628f,2.1493f,0.5417f,-0.3915f,-0.7439f,0.5097f,0f,0f,0f,1f],start_interpolation: 0,interpolation_duration: 1}
$data merge entity $(right_forearm) {transformation: [-1.1322f,0.1128f,0.7762f,-1.7597f,-0.2204f,1.2624f,-0.5049f,4.0412f,-0.7528f,-0.5392f,-1.0196f,-0.3082f,0f,0f,0f,1f],start_interpolation: 0,interpolation_duration: 1}
$data merge entity $(right_shoulder) {transformation: [-1.4127f,0.3861f,0.0703f,-1.0065f,0.3922f,1.38f,0.3025f,5.635f,0.0135f,0.3102f,-1.433f,0.1134f,0f,0f,0f,1f],start_interpolation: 0,interpolation_duration: 1}
$data merge entity $(right_arm) {transformation: [-1f,0f,0f,-0.4425f,0f,0.9994f,0.0345f,5.9248f,0f,0.0345f,-0.9994f,0.1149f,0f,0f,0f,1f],start_interpolation: 0,interpolation_duration: 1}
$data merge entity $(left_thumb_2) {transformation: [-0.7847f,-0.1352f,0.605f,1.664f,-0.3015f,0.9359f,-0.182f,1.8497f,-0.5417f,-0.3252f,-0.7751f,0.6944f,0f,0f,0f,1f],start_interpolation: 0,interpolation_duration: 1}
$data merge entity $(left_thumb) {transformation: [-0.7847f,0.2111f,0.5829f,1.84f,-0.3015f,0.6916f,-0.6563f,2.1262f,-0.5417f,-0.6907f,-0.479f,0.5592f,0f,0f,0f,1f],start_interpolation: 0,interpolation_duration: 1}
$data merge entity $(left_fingers2) {transformation: [0.4416f,0.6537f,0.6145f,1.849f,0.8959f,-0.3582f,-0.2628f,1.3896f,0.0483f,0.6666f,-0.7439f,0.7186f,0f,0f,0f,1f],start_interpolation: 0,interpolation_duration: 1}
$data merge entity $(left_fingers) {transformation: [-0.5427f,0.5727f,0.6145f,2.032f,0.5436f,0.7971f,-0.2628f,1.5995f,-0.6404f,0.1914f,-0.7439f,0.7857f,0f,0f,0f,1f],start_interpolation: 0,interpolation_duration: 1}
$data merge entity $(left_hand) {transformation: [-0.7847f,-0.0819f,0.6145f,2.005f,-0.3015f,0.9165f,-0.2628f,2.1493f,-0.5417f,-0.3915f,-0.7439f,0.5097f,0f,0f,0f,1f],start_interpolation: 0,interpolation_duration: 1}
$data merge entity $(left_forearm) {transformation: [-1.1322f,-0.1128f,-0.7762f,1.7597f,0.2204f,1.2624f,-0.5049f,4.0412f,0.7528f,-0.5392f,-1.0196f,-0.3082f,0f,0f,0f,1f],start_interpolation: 0,interpolation_duration: 1}
$data merge entity $(left_shoulder) {transformation: [-1.4127f,-0.3861f,-0.0703f,1.0065f,-0.3922f,1.38f,0.3025f,5.635f,-0.0135f,0.3102f,-1.433f,0.1134f,0f,0f,0f,1f],start_interpolation: 0,interpolation_duration: 1}
$data merge entity $(left_arm) {transformation: [-1f,0f,0f,0.4426f,0f,0.9994f,0.0345f,5.9248f,0f,0.0345f,-0.9994f,0.1149f,0f,0f,0f,1f],start_interpolation: 0,interpolation_duration: 1}
$data merge entity $(chest) {transformation: [-1.2785f,0f,0f,0f,0f,1.2778f,0.0441f,4.1211f,0f,0.0441f,-1.2778f,0.0181f,0f,0f,0f,1f],start_interpolation: 0,interpolation_duration: 1}
data modify storage animated_java:temp entry.data merge value {"locators":{"consume":{"px":-1.9050625255,"py":1.4096509134,"pz":0.6563772425,"ry":320.4402228418,"rx":-15.2384004263}}}
# Data Manager: Prepare for Read / Write
execute store result storage animated_java:temp args.id int 1 run scoreboard players get @s aj.id
# Data Manager: Write
function animated_java:global/data_manager/write with storage animated_java:temp args