# This file was generated by Animated Java via MC-Build. It is not recommended to edit this file directly.
$data merge entity $(neck) {transformation: [-1f,0f,0f,0f,0f,1f,0f,5.9625f,0f,0f,-1f,0.0696f,0f,0f,0f,1f],start_interpolation: 0,interpolation_duration: 1}
$data merge entity $(right_thumb_2) {transformation: [-0.7884f,0.129f,-0.6015f,-1.6517f,0.2929f,0.9386f,-0.1826f,1.853f,0.541f,-0.3201f,-0.7777f,0.6745f,0f,0f,0f,1f],start_interpolation: 0,interpolation_duration: 1}
$data merge entity $(right_thumb) {transformation: [-0.7884f,-0.2144f,-0.5766f,-1.8295f,0.2929f,0.6935f,-0.6583f,2.1288f,0.541f,-0.6878f,-0.4839f,0.5402f,0f,0f,0f,1f],start_interpolation: 0,interpolation_duration: 1}
$data merge entity $(right_fingers2) {transformation: [0.4485f,-0.6528f,-0.6105f,-1.8334f,-0.8923f,-0.3664f,-0.2637f,1.3914f,-0.0515f,0.663f,-0.7469f,0.6959f,0f,0f,0f,1f],start_interpolation: 0,interpolation_duration: 1}
$data merge entity $(right_fingers) {transformation: [-0.5403f,-0.5792f,-0.6105f,-2.0181f,-0.5509f,0.7918f,-0.2637f,1.5996f,0.6361f,0.1938f,-0.7469f,0.7636f,0f,0f,0f,1f],start_interpolation: 0,interpolation_duration: 1}
$data merge entity $(scout) {transformation: [0f,0f,0f,-1.9401f,0f,0f,0f,1.5608f,0f,0f,0f,0.5707f,0f,0f,0f,1f],start_interpolation: 0,interpolation_duration: 1}
$data merge entity $(right_hand) {transformation: [-0.7884f,0.0761f,-0.6105f,-1.9944f,0.2929f,0.9191f,-0.2637f,2.151f,0.541f,-0.3867f,-0.7469f,0.4904f,0f,0f,0f,1f],start_interpolation: 0,interpolation_duration: 1}
$data merge entity $(right_forearm) {transformation: [-1.1285f,0.1048f,0.7828f,-1.7613f,-0.2251f,1.2659f,-0.4939f,4.0488f,-0.757f,-0.5326f,-1.02f,-0.3173f,0f,0f,0f,1f],start_interpolation: 0,interpolation_duration: 1}
$data merge entity $(right_shoulder) {transformation: [-1.4122f,0.3875f,0.0726f,-1.0065f,0.394f,1.3783f,0.3079f,5.6399f,0.0131f,0.3161f,-1.4317f,0.1115f,0f,0f,0f,1f],start_interpolation: 0,interpolation_duration: 1}
$data merge entity $(right_arm) {transformation: [-1f,0f,0f,-0.4425f,0f,0.9994f,0.0332f,5.9297f,0f,0.0332f,-0.9994f,0.1126f,0f,0f,0f,1f],start_interpolation: 0,interpolation_duration: 1}
$data merge entity $(left_thumb_2) {transformation: [-0.7884f,-0.129f,0.6015f,1.6517f,-0.2929f,0.9386f,-0.1826f,1.853f,-0.541f,-0.3201f,-0.7777f,0.6745f,0f,0f,0f,1f],start_interpolation: 0,interpolation_duration: 1}
$data merge entity $(left_thumb) {transformation: [-0.7884f,0.2144f,0.5766f,1.8295f,-0.2929f,0.6935f,-0.6583f,2.1288f,-0.541f,-0.6878f,-0.4839f,0.5402f,0f,0f,0f,1f],start_interpolation: 0,interpolation_duration: 1}
$data merge entity $(left_fingers2) {transformation: [0.4485f,0.6528f,0.6105f,1.8334f,0.8923f,-0.3664f,-0.2637f,1.3914f,0.0515f,0.663f,-0.7469f,0.6959f,0f,0f,0f,1f],start_interpolation: 0,interpolation_duration: 1}
$data merge entity $(left_fingers) {transformation: [-0.5403f,0.5792f,0.6105f,2.0181f,0.5509f,0.7918f,-0.2637f,1.5996f,-0.6361f,0.1938f,-0.7469f,0.7636f,0f,0f,0f,1f],start_interpolation: 0,interpolation_duration: 1}
$data merge entity $(left_hand) {transformation: [-0.7884f,-0.0761f,0.6105f,1.9944f,-0.2929f,0.9191f,-0.2637f,2.151f,-0.541f,-0.3867f,-0.7469f,0.4904f,0f,0f,0f,1f],start_interpolation: 0,interpolation_duration: 1}
$data merge entity $(left_forearm) {transformation: [-1.1285f,-0.1048f,-0.7828f,1.7613f,0.2251f,1.2659f,-0.4939f,4.0488f,0.757f,-0.5326f,-1.02f,-0.3173f,0f,0f,0f,1f],start_interpolation: 0,interpolation_duration: 1}
$data merge entity $(left_shoulder) {transformation: [-1.4122f,-0.3875f,-0.0726f,1.0065f,-0.394f,1.3783f,0.3079f,5.6399f,-0.0131f,0.3161f,-1.4317f,0.1115f,0f,0f,0f,1f],start_interpolation: 0,interpolation_duration: 1}
$data merge entity $(left_arm) {transformation: [-1f,0f,0f,0.4426f,0f,0.9994f,0.0332f,5.9297f,0f,0.0332f,-0.9994f,0.1126f,0f,0f,0f,1f],start_interpolation: 0,interpolation_duration: 1}
$data merge entity $(chest) {transformation: [-1.2785f,0f,0f,0f,0f,1.2778f,0.0424f,4.1259f,0f,0.0424f,-1.2778f,0.0181f,0f,0f,0f,1f],start_interpolation: 0,interpolation_duration: 1}
data modify storage animated_java:temp entry.data merge value {"locators":{"consume":{"px":-1.889371118,"py":1.4113240413,"pz":0.6336184425,"ry":320.7380306607,"rx":-15.2893188003}}}
# Data Manager: Prepare for Read / Write
execute store result storage animated_java:temp args.id int 1 run scoreboard players get @s aj.id
# Data Manager: Write
function animated_java:global/data_manager/write with storage animated_java:temp args