# This file was generated by Animated Java via MC-Build. It is not recommended to edit this file directly.
$data merge entity $(neck) {transformation: [-1f,0f,0f,0f,0f,1f,0f,5.9753f,0f,0f,-1f,0.054f,0f,0f,0f,1f],start_interpolation: 0,interpolation_duration: 1}
$data merge entity $(right_thumb_2) {transformation: [-0.7968f,0.1131f,-0.5935f,-1.6282f,0.2703f,0.9453f,-0.1827f,1.8634f,0.5404f,-0.306f,-0.7838f,0.6207f,0f,0f,0f,1f],start_interpolation: 0,interpolation_duration: 1}
$data merge entity $(right_thumb) {transformation: [-0.7968f,-0.2235f,-0.5614f,-1.8103f,0.2703f,0.6991f,-0.662f,2.1377f,0.5404f,-0.6792f,-0.4966f,0.4893f,0f,0f,0f,1f],start_interpolation: 0,interpolation_duration: 1}
$data merge entity $(right_fingers2) {transformation: [0.4655f,-0.6496f,-0.6011f,-1.8012f,-0.8829f,-0.388f,-0.2644f,1.3982f,-0.0615f,0.6538f,-0.7541f,0.6345f,0f,0f,0f,1f],start_interpolation: 0,interpolation_duration: 1}
$data merge entity $(right_fingers) {transformation: [-0.5334f,-0.5951f,-0.6011f,-1.9903f,-0.5699f,0.778f,-0.2644f,1.6019f,0.625f,0.2015f,-0.7541f,0.704f,0f,0f,0f,1f],start_interpolation: 0,interpolation_duration: 1}
$data merge entity $(scout) {transformation: [0f,0f,0f,-1.9104f,0f,0f,0f,1.5673f,0f,0f,0f,0.5111f,0f,0f,0f,1f],start_interpolation: 0,interpolation_duration: 1}
$data merge entity $(right_hand) {transformation: [-0.7968f,0.0609f,-0.6011f,-1.9754f,0.2703f,0.9258f,-0.2644f,2.1575f,0.5404f,-0.3732f,-0.7541f,0.4387f,0f,0f,0f,1f],start_interpolation: 0,interpolation_duration: 1}
$data merge entity $(right_forearm) {transformation: [-1.1197f,0.0839f,0.7977f,-1.7734f,-0.2354f,1.2751f,-0.4646f,4.0706f,-0.7668f,-0.514f,-1.0222f,-0.3406f,0f,0f,0f,1f],start_interpolation: 0,interpolation_duration: 1}
$data merge entity $(right_shoulder) {transformation: [-1.4088f,0.3982f,0.0804f,-1.0065f,0.4061f,1.3734f,0.3142f,5.6531f,0.01f,0.3242f,-1.4299f,0.0986f,0f,0f,0f,1f],start_interpolation: 0,interpolation_duration: 1}
$data merge entity $(right_arm) {transformation: [-1f,0f,0f,-0.4425f,0f,0.9997f,0.0247f,5.9429f,0f,0.0247f,-0.9997f,0.0973f,0f,0f,0f,1f],start_interpolation: 0,interpolation_duration: 1}
$data merge entity $(left_thumb_2) {transformation: [-0.7968f,-0.1131f,0.5935f,1.6282f,-0.2703f,0.9453f,-0.1827f,1.8634f,-0.5404f,-0.306f,-0.7838f,0.6207f,0f,0f,0f,1f],start_interpolation: 0,interpolation_duration: 1}
$data merge entity $(left_thumb) {transformation: [-0.7968f,0.2235f,0.5614f,1.8103f,-0.2703f,0.6991f,-0.662f,2.1377f,-0.5404f,-0.6792f,-0.4966f,0.4893f,0f,0f,0f,1f],start_interpolation: 0,interpolation_duration: 1}
$data merge entity $(left_fingers2) {transformation: [0.4655f,0.6496f,0.6011f,1.8012f,0.8829f,-0.388f,-0.2644f,1.3982f,0.0615f,0.6538f,-0.7541f,0.6345f,0f,0f,0f,1f],start_interpolation: 0,interpolation_duration: 1}
$data merge entity $(left_fingers) {transformation: [-0.5334f,0.5951f,0.6011f,1.9903f,0.5699f,0.778f,-0.2644f,1.6019f,-0.625f,0.2015f,-0.7541f,0.704f,0f,0f,0f,1f],start_interpolation: 0,interpolation_duration: 1}
$data merge entity $(left_hand) {transformation: [-0.7968f,-0.0609f,0.6011f,1.9754f,-0.2703f,0.9258f,-0.2644f,2.1575f,-0.5404f,-0.3732f,-0.7541f,0.4387f,0f,0f,0f,1f],start_interpolation: 0,interpolation_duration: 1}
$data merge entity $(left_forearm) {transformation: [-1.1197f,-0.0839f,-0.7977f,1.7734f,0.2354f,1.2751f,-0.4646f,4.0706f,0.7668f,-0.514f,-1.0222f,-0.3406f,0f,0f,0f,1f],start_interpolation: 0,interpolation_duration: 1}
$data merge entity $(left_shoulder) {transformation: [-1.4088f,-0.3982f,-0.0804f,1.0065f,-0.4061f,1.3734f,0.3142f,5.6531f,-0.01f,0.3242f,-1.4299f,0.0986f,0f,0f,0f,1f],start_interpolation: 0,interpolation_duration: 1}
$data merge entity $(left_arm) {transformation: [-1f,0f,0f,0.4426f,0f,0.9997f,0.0247f,5.9429f,0f,0.0247f,-0.9997f,0.0973f,0f,0f,0f,1f],start_interpolation: 0,interpolation_duration: 1}
$data merge entity $(chest) {transformation: [-1.2785f,0f,0f,0f,0f,1.2782f,0.0316f,4.1383f,0f,0.0316f,-1.2782f,0.0181f,0f,0f,0f,1f],start_interpolation: 0,interpolation_duration: 1}
data modify storage animated_java:temp entry.data merge value {"locators":{"consume":{"px":-1.8572587572,"py":1.4179555276,"pz":0.5721723036,"ry":321.4412803014,"rx":-15.3327210251}}}
# Data Manager: Prepare for Read / Write
execute store result storage animated_java:temp args.id int 1 run scoreboard players get @s aj.id
# Data Manager: Write
function animated_java:global/data_manager/write with storage animated_java:temp args