# This file was generated by Animated Java via MC-Build. It is not recommended to edit this file directly.
$data merge entity $(neck) {transformation: [-1f,0f,0f,0f,0f,1f,0f,5.9833f,0f,0f,-1f,0.0285f,0f,0f,0f,1f],start_interpolation: 0,interpolation_duration: 1}
$data merge entity $(right_thumb_2) {transformation: [-0.8002f,0.1039f,-0.5907f,-1.628f,0.2565f,0.9495f,-0.1805f,1.872f,0.5421f,-0.296f,-0.7864f,0.5841f,0f,0f,0f,1f],start_interpolation: 0,interpolation_duration: 1}
$data merge entity $(right_thumb) {transformation: [-0.8002f,-0.2298f,-0.554f,-1.8127f,0.2565f,0.7038f,-0.6624f,2.1458f,0.5421f,-0.6722f,-0.5042f,0.4553f,0f,0f,0f,1f],start_interpolation: 0,interpolation_duration: 1}
$data merge entity $(right_fingers2) {transformation: [0.4745f,-0.6464f,-0.5975f,-1.7963f,-0.8774f,-0.4014f,-0.2626f,1.405f,-0.0701f,0.6489f,-0.7577f,0.5928f,0f,0f,0f,1f],start_interpolation: 0,interpolation_duration: 1}
$data merge entity $(right_fingers) {transformation: [-0.5284f,-0.6032f,-0.5975f,-1.9875f,-0.5818f,0.7698f,-0.2626f,1.606f,0.6183f,0.2089f,-0.7577f,0.6642f,0f,0f,0f,1f],start_interpolation: 0,interpolation_duration: 1}
$data merge entity $(scout) {transformation: [0f,0f,0f,-1.907f,0f,0f,0f,1.5742f,0f,0f,0f,0.471f,0f,0f,0f,1f],start_interpolation: 0,interpolation_duration: 1}
$data merge entity $(right_hand) {transformation: [-0.8002f,0.052f,-0.5975f,-1.978f,0.2565f,0.9302f,-0.2626f,2.1644f,0.5421f,-0.3634f,-0.7577f,0.4047f,0f,0f,0f,1f],start_interpolation: 0,interpolation_duration: 1}
$data merge entity $(right_forearm) {transformation: [-1.1163f,0.0716f,0.8037f,-1.7945f,-0.2387f,1.2812f,-0.4457f,4.0876f,-0.7707f,-0.5005f,-1.0259f,-0.3543f,0f,0f,0f,1f],start_interpolation: 0,interpolation_duration: 1}
$data merge entity $(right_shoulder) {transformation: [-1.403f,0.4166f,0.0878f,-1.0065f,0.4258f,1.3695f,0.3048f,5.6617f,0.0046f,0.3172f,-1.4315f,0.0775f,0f,0f,0f,1f],start_interpolation: 0,interpolation_duration: 1}
$data merge entity $(right_arm) {transformation: [-1f,0f,0f,-0.4425f,0f,0.9999f,0.0108f,5.9515f,0f,0.0108f,-0.9999f,0.0722f,0f,0f,0f,1f],start_interpolation: 0,interpolation_duration: 1}
$data merge entity $(left_thumb_2) {transformation: [-0.8002f,-0.1039f,0.5907f,1.628f,-0.2565f,0.9495f,-0.1805f,1.872f,-0.5421f,-0.296f,-0.7864f,0.5841f,0f,0f,0f,1f],start_interpolation: 0,interpolation_duration: 1}
$data merge entity $(left_thumb) {transformation: [-0.8002f,0.2298f,0.554f,1.8127f,-0.2565f,0.7038f,-0.6624f,2.1458f,-0.5421f,-0.6722f,-0.5042f,0.4553f,0f,0f,0f,1f],start_interpolation: 0,interpolation_duration: 1}
$data merge entity $(left_fingers2) {transformation: [0.4745f,0.6464f,0.5975f,1.7963f,0.8774f,-0.4014f,-0.2626f,1.405f,0.0701f,0.6489f,-0.7577f,0.5928f,0f,0f,0f,1f],start_interpolation: 0,interpolation_duration: 1}
$data merge entity $(left_fingers) {transformation: [-0.5284f,0.6032f,0.5975f,1.9875f,0.5818f,0.7698f,-0.2626f,1.606f,-0.6183f,0.2089f,-0.7577f,0.6642f,0f,0f,0f,1f],start_interpolation: 0,interpolation_duration: 1}
$data merge entity $(left_hand) {transformation: [-0.8002f,-0.052f,0.5975f,1.978f,-0.2565f,0.9302f,-0.2626f,2.1644f,-0.5421f,-0.3634f,-0.7577f,0.4047f,0f,0f,0f,1f],start_interpolation: 0,interpolation_duration: 1}
$data merge entity $(left_forearm) {transformation: [-1.1163f,-0.0716f,-0.8037f,1.7945f,0.2387f,1.2812f,-0.4457f,4.0876f,0.7707f,-0.5005f,-1.0259f,-0.3543f,0f,0f,0f,1f],start_interpolation: 0,interpolation_duration: 1}
$data merge entity $(left_shoulder) {transformation: [-1.403f,-0.4166f,-0.0878f,1.0065f,-0.4258f,1.3695f,0.3048f,5.6617f,-0.0046f,0.3172f,-1.4315f,0.0775f,0f,0f,0f,1f],start_interpolation: 0,interpolation_duration: 1}
$data merge entity $(left_arm) {transformation: [-1f,0f,0f,0.4426f,0f,0.9999f,0.0108f,5.9515f,0f,0.0108f,-0.9999f,0.0722f,0f,0f,0f,1f],start_interpolation: 0,interpolation_duration: 1}
$data merge entity $(chest) {transformation: [-1.2785f,0f,0f,0f,0f,1.2785f,0.0138f,4.1459f,0f,0.0138f,-1.2785f,0.0181f,0f,0f,0f,1f],start_interpolation: 0,interpolation_duration: 1}
data modify storage animated_java:temp entry.data merge value {"locators":{"consume":{"px":-1.8524524622,"py":1.424770664,"pz":0.5305933791,"ry":321.74082273,"rx":-15.2249971731}}}
# Data Manager: Prepare for Read / Write
execute store result storage animated_java:temp args.id int 1 run scoreboard players get @s aj.id
# Data Manager: Write
function animated_java:global/data_manager/write with storage animated_java:temp args