# This file was generated by Animated Java via MC-Build. It is not recommended to edit this file directly.
$data merge entity $(neck) {transformation: [-1f,0f,0f,0f,0f,1f,0f,5.9844f,0f,0f,-1f,-0.0014f,0f,0f,0f,1f],start_interpolation: 0,interpolation_duration: 1}
$data merge entity $(right_thumb_2) {transformation: [-0.7981f,0.1036f,-0.5935f,-1.6518f,0.2546f,0.9508f,-0.1765f,1.8761f,0.5461f,-0.2919f,-0.7852f,0.5719f,0f,0f,0f,1f],start_interpolation: 0,interpolation_duration: 1}
$data merge entity $(right_thumb) {transformation: [-0.7981f,-0.2316f,-0.5562f,-1.8368f,0.2546f,0.7071f,-0.6597f,2.1507f,0.5461f,-0.6681f,-0.5054f,0.445f,0f,0f,0f,1f],start_interpolation: 0,interpolation_duration: 1}
$data merge entity $(right_fingers2) {transformation: [0.4736f,-0.6445f,-0.6003f,-1.8205f,-0.8775f,-0.4039f,-0.2586f,1.4092f,-0.0758f,0.6492f,-0.7568f,0.579f,0f,0f,0f,1f],start_interpolation: 0,interpolation_duration: 1}
$data merge entity $(right_fingers) {transformation: [-0.5267f,-0.6019f,-0.6003f,-2.0112f,-0.5843f,0.7692f,-0.2586f,1.61f,0.6175f,0.2145f,-0.7568f,0.652f,0f,0f,0f,1f],start_interpolation: 0,interpolation_duration: 1}
$data merge entity $(scout) {transformation: [0f,0f,0f,-1.9315f,0f,0f,0f,1.5791f,0f,0f,0f,0.4584f,0f,0f,0f,1f],start_interpolation: 0,interpolation_duration: 1}
$data merge entity $(right_hand) {transformation: [-0.7981f,0.0514f,-0.6003f,-2.0022f,0.2546f,0.9318f,-0.2586f,2.1697f,0.5461f,-0.3593f,-0.7568f,0.3952f,0f,0f,0f,1f],start_interpolation: 0,interpolation_duration: 1}
$data merge entity $(right_forearm) {transformation: [-1.1191f,0.0709f,0.7998f,-1.8198f,-0.2343f,1.2834f,-0.4416f,4.0962f,-0.768f,-0.4948f,-1.0308f,-0.3556f,0f,0f,0f,1f],start_interpolation: 0,interpolation_duration: 1}
$data merge entity $(right_shoulder) {transformation: [-1.3959f,0.4388f,0.0931f,-1.0065f,0.4485f,1.3672f,0.2818f,5.6636f,-0.0024f,0.2968f,-1.4359f,0.0529f,0f,0f,0f,1f],start_interpolation: 0,interpolation_duration: 1}
$data merge entity $(right_arm) {transformation: [-1f,0f,0f,-0.4425f,0f,1f,-0.0055f,5.9532f,0f,-0.0055f,-1f,0.0428f,0f,0f,0f,1f],start_interpolation: 0,interpolation_duration: 1}
$data merge entity $(left_thumb_2) {transformation: [-0.7981f,-0.1036f,0.5935f,1.6518f,-0.2546f,0.9508f,-0.1765f,1.8761f,-0.5461f,-0.2919f,-0.7852f,0.5719f,0f,0f,0f,1f],start_interpolation: 0,interpolation_duration: 1}
$data merge entity $(left_thumb) {transformation: [-0.7981f,0.2316f,0.5562f,1.8368f,-0.2546f,0.7071f,-0.6597f,2.1507f,-0.5461f,-0.6681f,-0.5054f,0.445f,0f,0f,0f,1f],start_interpolation: 0,interpolation_duration: 1}
$data merge entity $(left_fingers2) {transformation: [0.4736f,0.6445f,0.6003f,1.8205f,0.8775f,-0.4039f,-0.2586f,1.4092f,0.0758f,0.6492f,-0.7568f,0.579f,0f,0f,0f,1f],start_interpolation: 0,interpolation_duration: 1}
$data merge entity $(left_fingers) {transformation: [-0.5267f,0.6019f,0.6003f,2.0112f,0.5843f,0.7692f,-0.2586f,1.61f,-0.6175f,0.2145f,-0.7568f,0.652f,0f,0f,0f,1f],start_interpolation: 0,interpolation_duration: 1}
$data merge entity $(left_hand) {transformation: [-0.7981f,-0.0514f,0.6003f,2.0022f,-0.2546f,0.9318f,-0.2586f,2.1697f,-0.5461f,-0.3593f,-0.7568f,0.3952f,0f,0f,0f,1f],start_interpolation: 0,interpolation_duration: 1}
$data merge entity $(left_forearm) {transformation: [-1.1191f,-0.0709f,-0.7998f,1.8198f,0.2343f,1.2834f,-0.4416f,4.0962f,0.768f,-0.4948f,-1.0308f,-0.3556f,0f,0f,0f,1f],start_interpolation: 0,interpolation_duration: 1}
$data merge entity $(left_shoulder) {transformation: [-1.3959f,-0.4388f,-0.0931f,1.0065f,-0.4485f,1.3672f,0.2818f,5.6636f,0.0024f,0.2968f,-1.4359f,0.0529f,0f,0f,0f,1f],start_interpolation: 0,interpolation_duration: 1}
$data merge entity $(left_arm) {transformation: [-1f,0f,0f,0.4426f,0f,1f,-0.0055f,5.9532f,0f,-0.0055f,-1f,0.0428f,0f,0f,0f,1f],start_interpolation: 0,interpolation_duration: 1}
$data merge entity $(chest) {transformation: [-1.2785f,0f,0f,0f,0f,1.2785f,-0.007f,4.1471f,0f,-0.007f,-1.2785f,0.0181f,0f,0f,0f,1f],start_interpolation: 0,interpolation_duration: 1}
data modify storage animated_java:temp entry.data merge value {"locators":{"consume":{"px":-1.8768161219,"py":1.4293490587,"pz":0.5171486677,"ry":321.577614782,"rx":-14.9898200121}}}
# Data Manager: Prepare for Read / Write
execute store result storage animated_java:temp args.id int 1 run scoreboard players get @s aj.id
# Data Manager: Write
function animated_java:global/data_manager/write with storage animated_java:temp args