# This file was generated by Animated Java via MC-Build. It is not recommended to edit this file directly.
$data merge entity $(neck) {transformation: [-1f,0f,0f,0f,0f,1f,0f,5.9831f,0f,0f,-1f,-0.0112f,0f,0f,0f,1f],start_interpolation: 0,interpolation_duration: 1}
$data merge entity $(right_thumb_2) {transformation: [-0.7963f,0.1056f,-0.5956f,-1.6645f,0.2568f,0.9505f,-0.1747f,1.8763f,0.5477f,-0.2921f,-0.784f,0.5738f,0f,0f,0f,1f],start_interpolation: 0,interpolation_duration: 1}
$data merge entity $(right_thumb) {transformation: [-0.7963f,-0.231f,-0.5591f,-1.849f,0.2568f,0.7078f,-0.6581f,2.1514f,0.5477f,-0.6676f,-0.5043f,0.4474f,0f,0f,0f,1f],start_interpolation: 0,interpolation_duration: 1}
$data merge entity $(right_fingers2) {transformation: [0.471f,-0.6442f,-0.6026f,-1.8345f,-0.8788f,-0.4022f,-0.2569f,1.4099f,-0.0768f,0.6505f,-0.7556f,0.5813f,0f,0f,0f,1f],start_interpolation: 0,interpolation_duration: 1}
$data merge entity $(right_fingers) {transformation: [-0.527f,-0.5993f,-0.6026f,-2.0245f,-0.5829f,0.7709f,-0.2569f,1.6112f,0.6185f,0.2158f,-0.7556f,0.6547f,0f,0f,0f,1f],start_interpolation: 0,interpolation_duration: 1}
$data merge entity $(scout) {transformation: [0f,0f,0f,-1.9453f,0f,0f,0f,1.5801f,0f,0f,0f,0.4609f,0f,0f,0f,1f],start_interpolation: 0,interpolation_duration: 1}
$data merge entity $(right_hand) {transformation: [-0.7963f,0.0533f,-0.6026f,-2.0145f,0.2568f,0.9317f,-0.2569f,2.1708f,0.5477f,-0.3593f,-0.7556f,0.3979f,0f,0f,0f,1f],start_interpolation: 0,interpolation_duration: 1}
$data merge entity $(right_forearm) {transformation: [-1.1214f,0.0734f,0.7964f,-1.8283f,-0.2312f,1.2833f,-0.4437f,4.0969f,-0.7657f,-0.4949f,-1.0325f,-0.3532f,0f,0f,0f,1f],start_interpolation: 0,interpolation_duration: 1}
$data merge entity $(right_shoulder) {transformation: [-1.3935f,0.4462f,0.094f,-1.0065f,0.4559f,1.3668f,0.2719f,5.6626f,-0.0049f,0.2877f,-1.4377f,0.0448f,0f,0f,0f,1f],start_interpolation: 0,interpolation_duration: 1}
$data merge entity $(right_arm) {transformation: [-1f,0f,0f,-0.4425f,0f,0.9999f,-0.0108f,5.9522f,0f,-0.0108f,-0.9999f,0.0332f,0f,0f,0f,1f],start_interpolation: 0,interpolation_duration: 1}
$data merge entity $(left_thumb_2) {transformation: [-0.7963f,-0.1056f,0.5956f,1.6645f,-0.2568f,0.9505f,-0.1747f,1.8763f,-0.5477f,-0.2921f,-0.784f,0.5738f,0f,0f,0f,1f],start_interpolation: 0,interpolation_duration: 1}
$data merge entity $(left_thumb) {transformation: [-0.7963f,0.231f,0.5591f,1.849f,-0.2568f,0.7078f,-0.6581f,2.1514f,-0.5477f,-0.6676f,-0.5043f,0.4474f,0f,0f,0f,1f],start_interpolation: 0,interpolation_duration: 1}
$data merge entity $(left_fingers2) {transformation: [0.471f,0.6442f,0.6026f,1.8345f,0.8788f,-0.4022f,-0.2569f,1.4099f,0.0768f,0.6505f,-0.7556f,0.5813f,0f,0f,0f,1f],start_interpolation: 0,interpolation_duration: 1}
$data merge entity $(left_fingers) {transformation: [-0.527f,0.5993f,0.6026f,2.0245f,0.5829f,0.7709f,-0.2569f,1.6112f,-0.6185f,0.2158f,-0.7556f,0.6547f,0f,0f,0f,1f],start_interpolation: 0,interpolation_duration: 1}
$data merge entity $(left_hand) {transformation: [-0.7963f,-0.0533f,0.6026f,2.0145f,-0.2568f,0.9317f,-0.2569f,2.1708f,-0.5477f,-0.3593f,-0.7556f,0.3979f,0f,0f,0f,1f],start_interpolation: 0,interpolation_duration: 1}
$data merge entity $(left_forearm) {transformation: [-1.1214f,-0.0734f,-0.7964f,1.8283f,0.2312f,1.2833f,-0.4437f,4.0969f,0.7657f,-0.4949f,-1.0325f,-0.3532f,0f,0f,0f,1f],start_interpolation: 0,interpolation_duration: 1}
$data merge entity $(left_shoulder) {transformation: [-1.3935f,-0.4462f,-0.094f,1.0065f,-0.4559f,1.3668f,0.2719f,5.6626f,0.0049f,0.2877f,-1.4377f,0.0448f,0f,0f,0f,1f],start_interpolation: 0,interpolation_duration: 1}
$data merge entity $(left_arm) {transformation: [-1f,0f,0f,0.4426f,0f,0.9999f,-0.0108f,5.9522f,0f,-0.0108f,-0.9999f,0.0332f,0f,0f,0f,1f],start_interpolation: 0,interpolation_duration: 1}
$data merge entity $(chest) {transformation: [-1.2785f,0f,0f,0f,0f,1.2785f,-0.0138f,4.1459f,0f,-0.0138f,-1.2785f,0.0181f,0f,0f,0f,1f],start_interpolation: 0,interpolation_duration: 1}
data modify storage animated_java:temp entry.data merge value {"locators":{"consume":{"px":-1.8908683989,"py":1.4301839789,"pz":0.5195232736,"ry":321.4271073533,"rx":-14.8878616937}}}
# Data Manager: Prepare for Read / Write
execute store result storage animated_java:temp args.id int 1 run scoreboard players get @s aj.id
# Data Manager: Write
function animated_java:global/data_manager/write with storage animated_java:temp args