# This file was generated by Animated Java via MC-Build. It is not recommended to edit this file directly.
$data merge entity $(neck) {transformation: [-1f,0f,0f,0f,0f,1f,0f,5.981f,0f,0f,-1f,-0.0205f,0f,0f,0f,1f],start_interpolation: 0,interpolation_duration: 1}
$data merge entity $(right_thumb_2) {transformation: [-0.7939f,0.1086f,-0.5982f,-1.6792f,0.2603f,0.9499f,-0.1729f,1.876f,0.5495f,-0.293f,-0.7824f,0.5788f,0f,0f,0f,1f],start_interpolation: 0,interpolation_duration: 1}
$data merge entity $(right_thumb) {transformation: [-0.7939f,-0.2298f,-0.5629f,-1.8629f,0.2603f,0.7083f,-0.6562f,2.1517f,0.5495f,-0.6675f,-0.5025f,0.4526f,0f,0f,0f,1f],start_interpolation: 0,interpolation_duration: 1}
$data merge entity $(right_fingers2) {transformation: [0.4674f,-0.6442f,-0.6054f,-1.851f,-0.8807f,-0.3992f,-0.255f,1.4102f,-0.0774f,0.6524f,-0.7539f,0.5869f,0f,0f,0f,1f],start_interpolation: 0,interpolation_duration: 1}
$data merge entity $(right_fingers) {transformation: [-0.5278f,-0.5957f,-0.6054f,-2.04f,-0.5804f,0.7734f,-0.255f,1.6124f,0.6202f,0.2168f,-0.7539f,0.6607f,0f,0f,0f,1f],start_interpolation: 0,interpolation_duration: 1}
$data merge entity $(scout) {transformation: [0f,0f,0f,-1.9614f,0f,0f,0f,1.5808f,0f,0f,0f,0.4667f,0f,0f,0f,1f],start_interpolation: 0,interpolation_duration: 1}
$data merge entity $(right_hand) {transformation: [-0.7939f,0.0561f,-0.6054f,-2.0284f,0.2603f,0.9312f,-0.255f,2.1717f,0.5495f,-0.3601f,-0.7539f,0.4034f,0f,0f,0f,1f],start_interpolation: 0,interpolation_duration: 1}
$data merge entity $(right_forearm) {transformation: [-1.1241f,0.0772f,0.7922f,-1.8365f,-0.2272f,1.2827f,-0.4475f,4.0966f,-0.7628f,-0.4959f,-1.0341f,-0.3493f,0f,0f,0f,1f],start_interpolation: 0,interpolation_duration: 1}
$data merge entity $(right_shoulder) {transformation: [-1.3912f,0.4533f,0.0945f,-1.0065f,0.463f,1.3665f,0.2613f,5.6609f,-0.0073f,0.2778f,-1.4397f,0.0371f,0f,0f,0f,1f],start_interpolation: 0,interpolation_duration: 1}
$data merge entity $(right_arm) {transformation: [-1f,0f,0f,-0.4425f,0f,0.9999f,-0.0158f,5.9504f,0f,-0.0158f,-0.9999f,0.0241f,0f,0f,0f,1f],start_interpolation: 0,interpolation_duration: 1}
$data merge entity $(left_thumb_2) {transformation: [-0.7939f,-0.1086f,0.5982f,1.6792f,-0.2603f,0.9499f,-0.1729f,1.876f,-0.5495f,-0.293f,-0.7824f,0.5788f,0f,0f,0f,1f],start_interpolation: 0,interpolation_duration: 1}
$data merge entity $(left_thumb) {transformation: [-0.7939f,0.2298f,0.5629f,1.8629f,-0.2603f,0.7083f,-0.6562f,2.1517f,-0.5495f,-0.6675f,-0.5025f,0.4526f,0f,0f,0f,1f],start_interpolation: 0,interpolation_duration: 1}
$data merge entity $(left_fingers2) {transformation: [0.4674f,0.6442f,0.6054f,1.851f,0.8807f,-0.3992f,-0.255f,1.4102f,0.0774f,0.6524f,-0.7539f,0.5869f,0f,0f,0f,1f],start_interpolation: 0,interpolation_duration: 1}
$data merge entity $(left_fingers) {transformation: [-0.5278f,0.5957f,0.6054f,2.04f,0.5804f,0.7734f,-0.255f,1.6124f,-0.6202f,0.2168f,-0.7539f,0.6607f,0f,0f,0f,1f],start_interpolation: 0,interpolation_duration: 1}
$data merge entity $(left_hand) {transformation: [-0.7939f,-0.0561f,0.6054f,2.0284f,-0.2603f,0.9312f,-0.255f,2.1717f,-0.5495f,-0.3601f,-0.7539f,0.4034f,0f,0f,0f,1f],start_interpolation: 0,interpolation_duration: 1}
$data merge entity $(left_forearm) {transformation: [-1.1241f,-0.0772f,-0.7922f,1.8365f,0.2272f,1.2827f,-0.4475f,4.0966f,0.7628f,-0.4959f,-1.0341f,-0.3493f,0f,0f,0f,1f],start_interpolation: 0,interpolation_duration: 1}
$data merge entity $(left_shoulder) {transformation: [-1.3912f,-0.4533f,-0.0945f,1.0065f,-0.463f,1.3665f,0.2613f,5.6609f,0.0073f,0.2778f,-1.4397f,0.0371f,0f,0f,0f,1f],start_interpolation: 0,interpolation_duration: 1}
$data merge entity $(left_arm) {transformation: [-1f,0f,0f,0.4426f,0f,0.9999f,-0.0158f,5.9504f,0f,-0.0158f,-0.9999f,0.0241f,0f,0f,0f,1f],start_interpolation: 0,interpolation_duration: 1}
$data merge entity $(chest) {transformation: [-1.2785f,0f,0f,0f,0f,1.2784f,-0.0203f,4.144f,0f,-0.0203f,-1.2784f,0.0181f,0f,0f,0f,1f],start_interpolation: 0,interpolation_duration: 1}
data modify storage animated_java:temp entry.data merge value {"locators":{"consume":{"px":-1.9074256572,"py":1.4306848404,"pz":0.5252945956,"ry":321.2352347745,"rx":-14.776313549}}}
# Data Manager: Prepare for Read / Write
execute store result storage animated_java:temp args.id int 1 run scoreboard players get @s aj.id
# Data Manager: Write
function animated_java:global/data_manager/write with storage animated_java:temp args