# This file was generated by Animated Java via MC-Build. It is not recommended to edit this file directly.
$data merge entity $(neck) {transformation: [-1f,0f,0f,0f,0f,1f,0f,5.9783f,0f,0f,-1f,-0.029f,0f,0f,0f,1f],start_interpolation: 0,interpolation_duration: 1}
$data merge entity $(right_thumb_2) {transformation: [-0.7911f,0.1126f,-0.6012f,-1.6955f,0.265f,0.949f,-0.171f,1.8751f,0.5513f,-0.2946f,-0.7806f,0.5866f,0f,0f,0f,1f],start_interpolation: 0,interpolation_duration: 1}
$data merge entity $(right_thumb) {transformation: [-0.7911f,-0.2281f,-0.5676f,-1.8782f,0.265f,0.7085f,-0.6541f,2.1515f,0.5513f,-0.6679f,-0.5001f,0.4605f,0f,0f,0f,1f],start_interpolation: 0,interpolation_duration: 1}
$data merge entity $(right_fingers2) {transformation: [0.4627f,-0.6445f,-0.6087f,-1.8696f,-0.8831f,-0.3951f,-0.253f,1.4102f,-0.0774f,0.6547f,-0.7519f,0.5958f,0f,0f,0f,1f],start_interpolation: 0,interpolation_duration: 1}
$data merge entity $(right_fingers) {transformation: [-0.529f,-0.5912f,-0.6087f,-2.0574f,-0.5768f,0.7767f,-0.253f,1.6134f,0.6224f,0.2173f,-0.7519f,0.6698f,0f,0f,0f,1f],start_interpolation: 0,interpolation_duration: 1}
$data merge entity $(scout) {transformation: [0f,0f,0f,-1.9794f,0f,0f,0f,1.5812f,0f,0f,0f,0.4757f,0f,0f,0f,1f],start_interpolation: 0,interpolation_duration: 1}
$data merge entity $(right_hand) {transformation: [-0.7911f,0.0598f,-0.6087f,-2.0437f,0.265f,0.9305f,-0.253f,2.1724f,0.5513f,-0.3615f,-0.7519f,0.4118f,0f,0f,0f,1f],start_interpolation: 0,interpolation_duration: 1}
$data merge entity $(right_forearm) {transformation: [-1.1273f,0.0823f,0.7871f,-1.8441f,-0.2226f,1.2816f,-0.4529f,4.0952f,-0.7594f,-0.4979f,-1.0356f,-0.3442f,0f,0f,0f,1f],start_interpolation: 0,interpolation_duration: 1}
$data merge entity $(right_shoulder) {transformation: [-1.389f,0.4599f,0.0946f,-1.0065f,0.4694f,1.3663f,0.2502f,5.6584f,-0.0096f,0.2673f,-1.4416f,0.03f,0f,0f,0f,1f],start_interpolation: 0,interpolation_duration: 1}
$data merge entity $(right_arm) {transformation: [-1f,0f,0f,-0.4425f,0f,0.9998f,-0.0205f,5.9478f,0f,-0.0205f,-0.9998f,0.0156f,0f,0f,0f,1f],start_interpolation: 0,interpolation_duration: 1}
$data merge entity $(left_thumb_2) {transformation: [-0.7911f,-0.1126f,0.6012f,1.6955f,-0.265f,0.949f,-0.171f,1.8751f,-0.5513f,-0.2946f,-0.7806f,0.5866f,0f,0f,0f,1f],start_interpolation: 0,interpolation_duration: 1}
$data merge entity $(left_thumb) {transformation: [-0.7911f,0.2281f,0.5676f,1.8782f,-0.265f,0.7085f,-0.6541f,2.1515f,-0.5513f,-0.6679f,-0.5001f,0.4605f,0f,0f,0f,1f],start_interpolation: 0,interpolation_duration: 1}
$data merge entity $(left_fingers2) {transformation: [0.4627f,0.6445f,0.6087f,1.8696f,0.8831f,-0.3951f,-0.253f,1.4102f,0.0774f,0.6547f,-0.7519f,0.5958f,0f,0f,0f,1f],start_interpolation: 0,interpolation_duration: 1}
$data merge entity $(left_fingers) {transformation: [-0.529f,0.5912f,0.6087f,2.0574f,0.5768f,0.7767f,-0.253f,1.6134f,-0.6224f,0.2173f,-0.7519f,0.6698f,0f,0f,0f,1f],start_interpolation: 0,interpolation_duration: 1}
$data merge entity $(left_hand) {transformation: [-0.7911f,-0.0598f,0.6087f,2.0437f,-0.265f,0.9305f,-0.253f,2.1724f,-0.5513f,-0.3615f,-0.7519f,0.4118f,0f,0f,0f,1f],start_interpolation: 0,interpolation_duration: 1}
$data merge entity $(left_forearm) {transformation: [-1.1273f,-0.0823f,-0.7871f,1.8441f,0.2226f,1.2816f,-0.4529f,4.0952f,0.7594f,-0.4979f,-1.0356f,-0.3442f,0f,0f,0f,1f],start_interpolation: 0,interpolation_duration: 1}
$data merge entity $(left_shoulder) {transformation: [-1.389f,-0.4599f,-0.0946f,1.0065f,-0.4694f,1.3663f,0.2502f,5.6584f,0.0096f,0.2673f,-1.4416f,0.03f,0f,0f,0f,1f],start_interpolation: 0,interpolation_duration: 1}
$data merge entity $(left_arm) {transformation: [-1f,0f,0f,0.4426f,0f,0.9998f,-0.0205f,5.9478f,0f,-0.0205f,-0.9998f,0.0156f,0f,0f,0f,1f],start_interpolation: 0,interpolation_duration: 1}
$data merge entity $(chest) {transformation: [-1.2785f,0f,0f,0f,0f,1.2783f,-0.0262f,4.1415f,0f,-0.0262f,-1.2783f,0.0181f,0f,0f,0f,1f],start_interpolation: 0,interpolation_duration: 1}
data modify storage animated_java:temp entry.data merge value {"locators":{"consume":{"px":-1.9260985179,"py":1.4308895807,"pz":0.5343337254,"ry":321.007498892,"rx":-14.6569181543}}}
# Data Manager: Prepare for Read / Write
execute store result storage animated_java:temp args.id int 1 run scoreboard players get @s aj.id
# Data Manager: Write
function animated_java:global/data_manager/write with storage animated_java:temp args