# This file was generated by Animated Java via MC-Build. It is not recommended to edit this file directly.
$data merge entity $(neck) {transformation: [-1f,0f,0f,0f,0f,1f,0f,5.9709f,0f,0f,-1f,-0.0432f,0f,0f,0f,1f],start_interpolation: 0,interpolation_duration: 1}
$data merge entity $(right_thumb_2) {transformation: [-0.7843f,0.123f,-0.6081f,-1.7313f,0.2778f,0.946f,-0.1669f,1.8721f,0.5547f,-0.2998f,-0.7761f,0.6101f,0f,0f,0f,1f],start_interpolation: 0,interpolation_duration: 1}
$data merge entity $(right_thumb) {transformation: [-0.7843f,-0.223f,-0.5789f,-1.9112f,0.2778f,0.7082f,-0.6491f,2.1502f,0.5547f,-0.6699f,-0.4935f,0.4838f,0f,0f,0f,1f],start_interpolation: 0,interpolation_duration: 1}
$data merge entity $(right_fingers2) {transformation: [0.4509f,-0.6455f,-0.6165f,-1.9113f,-0.8893f,-0.3837f,-0.2487f,1.4095f,-0.076f,0.6604f,-0.747f,0.6226f,0f,0f,0f,1f],start_interpolation: 0,interpolation_duration: 1}
$data merge entity $(right_fingers) {transformation: [-0.5326f,-0.5799f,-0.6165f,-2.0961f,-0.5671f,0.7852f,-0.2487f,1.6155f,0.6283f,0.2171f,-0.747f,0.6967f,0f,0f,0f,1f],start_interpolation: 0,interpolation_duration: 1}
$data merge entity $(scout) {transformation: [0f,0f,0f,-2.0197f,0f,0f,0f,1.5813f,0f,0f,0f,0.5023f,0f,0f,0f,1f],start_interpolation: 0,interpolation_duration: 1}
$data merge entity $(right_hand) {transformation: [-0.7843f,0.0695f,-0.6165f,-2.0767f,0.2778f,0.9279f,-0.2487f,2.173f,0.5547f,-0.3663f,-0.747f,0.4359f,0f,0f,0f,1f],start_interpolation: 0,interpolation_duration: 1}
$data merge entity $(right_forearm) {transformation: [-1.1347f,0.0957f,0.7749f,-1.8571f,-0.2117f,1.278f,-0.4679f,4.0894f,-0.7516f,-0.5046f,-1.0381f,-0.3305f,0f,0f,0f,1f],start_interpolation: 0,interpolation_duration: 1}
$data merge entity $(right_shoulder) {transformation: [-1.3854f,0.4711f,0.0931f,-1.0065f,0.48f,1.3666f,0.2278f,5.6515f,-0.0136f,0.2457f,-1.4454f,0.0183f,0f,0f,0f,1f],start_interpolation: 0,interpolation_duration: 1}
$data merge entity $(right_arm) {transformation: [-1f,0f,0f,-0.4425f,0f,0.9996f,-0.0282f,5.9408f,0f,-0.0282f,-0.9996f,0.0017f,0f,0f,0f,1f],start_interpolation: 0,interpolation_duration: 1}
$data merge entity $(left_thumb_2) {transformation: [-0.7843f,-0.123f,0.6081f,1.7313f,-0.2778f,0.946f,-0.1669f,1.8721f,-0.5547f,-0.2998f,-0.7761f,0.6101f,0f,0f,0f,1f],start_interpolation: 0,interpolation_duration: 1}
$data merge entity $(left_thumb) {transformation: [-0.7843f,0.223f,0.5789f,1.9112f,-0.2778f,0.7082f,-0.6491f,2.1502f,-0.5547f,-0.6699f,-0.4935f,0.4838f,0f,0f,0f,1f],start_interpolation: 0,interpolation_duration: 1}
$data merge entity $(left_fingers2) {transformation: [0.4509f,0.6455f,0.6165f,1.9113f,0.8893f,-0.3837f,-0.2487f,1.4095f,0.076f,0.6604f,-0.747f,0.6226f,0f,0f,0f,1f],start_interpolation: 0,interpolation_duration: 1}
$data merge entity $(left_fingers) {transformation: [-0.5326f,0.5799f,0.6165f,2.0961f,0.5671f,0.7852f,-0.2487f,1.6155f,-0.6283f,0.2171f,-0.747f,0.6967f,0f,0f,0f,1f],start_interpolation: 0,interpolation_duration: 1}
$data merge entity $(left_hand) {transformation: [-0.7843f,-0.0695f,0.6165f,2.0767f,-0.2778f,0.9279f,-0.2487f,2.173f,-0.5547f,-0.3663f,-0.747f,0.4359f,0f,0f,0f,1f],start_interpolation: 0,interpolation_duration: 1}
$data merge entity $(left_forearm) {transformation: [-1.1347f,-0.0957f,-0.7749f,1.8571f,0.2117f,1.278f,-0.4679f,4.0894f,0.7516f,-0.5046f,-1.0381f,-0.3305f,0f,0f,0f,1f],start_interpolation: 0,interpolation_duration: 1}
$data merge entity $(left_shoulder) {transformation: [-1.3854f,-0.4711f,-0.0931f,1.0065f,-0.48f,1.3666f,0.2278f,5.6515f,0.0136f,0.2457f,-1.4454f,0.0183f,0f,0f,0f,1f],start_interpolation: 0,interpolation_duration: 1}
$data merge entity $(left_arm) {transformation: [-1f,0f,0f,0.4426f,0f,0.9996f,-0.0282f,5.9408f,0f,-0.0282f,-0.9996f,0.0017f,0f,0f,0f,1f],start_interpolation: 0,interpolation_duration: 1}
$data merge entity $(chest) {transformation: [-1.2785f,0f,0f,0f,0f,1.278f,-0.0361f,4.1346f,0f,-0.0361f,-1.278f,0.0181f,0f,0f,0f,1f],start_interpolation: 0,interpolation_duration: 1}
data modify storage animated_java:temp entry.data merge value {"locators":{"consume":{"px":-1.9679130654,"py":1.4306221356,"pz":0.5613464285,"ry":320.4697555321,"rx":-14.4034520472}}}
# Data Manager: Prepare for Read / Write
execute store result storage animated_java:temp args.id int 1 run scoreboard players get @s aj.id
# Data Manager: Write
function animated_java:global/data_manager/write with storage animated_java:temp args