# This file was generated by Animated Java via MC-Build. It is not recommended to edit this file directly.
$data merge entity $(neck) {transformation: [-1f,0f,0f,0f,0f,1f,0f,5.9666f,0f,0f,-1f,-0.0485f,0f,0f,0f,1f],start_interpolation: 0,interpolation_duration: 1}
$data merge entity $(right_thumb_2) {transformation: [-0.7804f,0.1291f,-0.6118f,-1.7499f,0.2854f,0.9441f,-0.1649f,1.8701f,0.5563f,-0.3033f,-0.7737f,0.6252f,0f,0f,0f,1f],start_interpolation: 0,interpolation_duration: 1}
$data merge entity $(right_thumb) {transformation: [-0.7804f,-0.2198f,-0.5853f,-1.9281f,0.2854f,0.7076f,-0.6464f,2.1492f,0.5563f,-0.6715f,-0.4895f,0.4986f,0f,0f,0f,1f],start_interpolation: 0,interpolation_duration: 1}
$data merge entity $(right_fingers2) {transformation: [0.444f,-0.6462f,-0.6207f,-1.9333f,-0.8929f,-0.3766f,-0.2466f,1.4089f,-0.0744f,0.6637f,-0.7443f,0.6399f,0f,0f,0f,1f],start_interpolation: 0,interpolation_duration: 1}
$data merge entity $(right_fingers) {transformation: [-0.5348f,-0.5733f,-0.6207f,-2.1163f,-0.561f,0.7903f,-0.2466f,1.6165f,0.6319f,0.2163f,-0.7443f,0.7139f,0f,0f,0f,1f],start_interpolation: 0,interpolation_duration: 1}
$data merge entity $(scout) {transformation: [0f,0f,0f,-2.0408f,0f,0f,0f,1.5811f,0f,0f,0f,0.5193f,0f,0f,0f,1f],start_interpolation: 0,interpolation_duration: 1}
$data merge entity $(right_hand) {transformation: [-0.7804f,0.0753f,-0.6207f,-2.0936f,0.2854f,0.9261f,-0.2466f,2.173f,0.5563f,-0.3696f,-0.7443f,0.4512f,0f,0f,0f,1f],start_interpolation: 0,interpolation_duration: 1}
$data merge entity $(right_forearm) {transformation: [-1.1386f,0.1037f,0.7681f,-1.8622f,-0.2057f,1.2756f,-0.4771f,4.0852f,-0.7473f,-0.5091f,-1.039f,-0.3222f,0f,0f,0f,1f],start_interpolation: 0,interpolation_duration: 1}
$data merge entity $(right_shoulder) {transformation: [-1.384f,0.4754f,0.0916f,-1.0065f,0.4839f,1.3669f,0.217f,5.6473f,-0.0151f,0.2351f,-1.4472f,0.014f,0f,0f,0f,1f],start_interpolation: 0,interpolation_duration: 1}
$data merge entity $(right_arm) {transformation: [-1f,0f,0f,-0.4425f,0f,0.9995f,-0.0311f,5.9366f,0f,-0.0311f,-0.9995f,-0.0035f,0f,0f,0f,1f],start_interpolation: 0,interpolation_duration: 1}
$data merge entity $(left_thumb_2) {transformation: [-0.7804f,-0.1291f,0.6118f,1.7499f,-0.2854f,0.9441f,-0.1649f,1.8701f,-0.5563f,-0.3033f,-0.7737f,0.6252f,0f,0f,0f,1f],start_interpolation: 0,interpolation_duration: 1}
$data merge entity $(left_thumb) {transformation: [-0.7804f,0.2198f,0.5853f,1.9281f,-0.2854f,0.7076f,-0.6464f,2.1492f,-0.5563f,-0.6715f,-0.4895f,0.4986f,0f,0f,0f,1f],start_interpolation: 0,interpolation_duration: 1}
$data merge entity $(left_fingers2) {transformation: [0.444f,0.6462f,0.6207f,1.9333f,0.8929f,-0.3766f,-0.2466f,1.4089f,0.0744f,0.6637f,-0.7443f,0.6399f,0f,0f,0f,1f],start_interpolation: 0,interpolation_duration: 1}
$data merge entity $(left_fingers) {transformation: [-0.5348f,0.5733f,0.6207f,2.1163f,0.561f,0.7903f,-0.2466f,1.6165f,-0.6319f,0.2163f,-0.7443f,0.7139f,0f,0f,0f,1f],start_interpolation: 0,interpolation_duration: 1}
$data merge entity $(left_hand) {transformation: [-0.7804f,-0.0753f,0.6207f,2.0936f,-0.2854f,0.9261f,-0.2466f,2.173f,-0.5563f,-0.3696f,-0.7443f,0.4512f,0f,0f,0f,1f],start_interpolation: 0,interpolation_duration: 1}
$data merge entity $(left_forearm) {transformation: [-1.1386f,-0.1037f,-0.7681f,1.8622f,0.2057f,1.2756f,-0.4771f,4.0852f,0.7473f,-0.5091f,-1.039f,-0.3222f,0f,0f,0f,1f],start_interpolation: 0,interpolation_duration: 1}
$data merge entity $(left_shoulder) {transformation: [-1.384f,-0.4754f,-0.0916f,1.0065f,-0.4839f,1.3669f,0.217f,5.6473f,0.0151f,0.2351f,-1.4472f,0.014f,0f,0f,0f,1f],start_interpolation: 0,interpolation_duration: 1}
$data merge entity $(left_arm) {transformation: [-1f,0f,0f,0.4426f,0f,0.9995f,-0.0311f,5.9366f,0f,-0.0311f,-0.9995f,-0.0035f,0f,0f,0f,1f],start_interpolation: 0,interpolation_duration: 1}
$data merge entity $(chest) {transformation: [-1.2785f,0f,0f,0f,0f,1.2779f,-0.0398f,4.1304f,0f,-0.0398f,-1.2779f,0.0181f,0f,0f,0f,1f],start_interpolation: 0,interpolation_duration: 1}
data modify storage animated_java:temp entry.data merge value {"locators":{"consume":{"px":-1.9899899838,"py":1.430264549,"pz":0.5787174824,"ry":320.1734270655,"rx":-14.2748033109}}}
# Data Manager: Prepare for Read / Write
execute store result storage animated_java:temp args.id int 1 run scoreboard players get @s aj.id
# Data Manager: Write
function animated_java:global/data_manager/write with storage animated_java:temp args