# This file was generated by Animated Java via MC-Build. It is not recommended to edit this file directly.
$data merge entity $(neck) {transformation: [-1f,0f,0f,0f,0f,1f,0f,5.957f,0f,0f,-1f,-0.0547f,0f,0f,0f,1f],start_interpolation: 0,interpolation_duration: 1}
$data merge entity $(right_thumb_2) {transformation: [-0.7722f,0.1424f,-0.6192f,-1.7862f,0.3025f,0.9394f,-0.1612f,1.8656f,0.5588f,-0.3117f,-0.7685f,0.6607f,0f,0f,0f,1f],start_interpolation: 0,interpolation_duration: 1}
$data merge entity $(right_thumb) {transformation: [-0.7722f,-0.2126f,-0.5988f,-1.9607f,0.3025f,0.7057f,-0.6407f,2.1465f,0.5588f,-0.6758f,-0.4806f,0.5329f,0f,0f,0f,1f],start_interpolation: 0,interpolation_duration: 1}
$data merge entity $(right_fingers2) {transformation: [0.429f,-0.648f,-0.6293f,-1.9769f,-0.9006f,-0.3608f,-0.2424f,1.4076f,-0.07f,0.6707f,-0.7384f,0.6802f,0f,0f,0f,1f],start_interpolation: 0,interpolation_duration: 1}
$data merge entity $(right_fingers) {transformation: [-0.5398f,-0.5591f,-0.6293f,-2.1561f,-0.5472f,0.8011f,-0.2424f,1.6187f,0.6397f,0.2135f,-0.7384f,0.7537f,0f,0f,0f,1f],start_interpolation: 0,interpolation_duration: 1}
$data merge entity $(scout) {transformation: [0f,0f,0f,-2.0824f,0f,0f,0f,1.5805f,0f,0f,0f,0.5589f,0f,0f,0f,1f],start_interpolation: 0,interpolation_duration: 1}
$data merge entity $(right_hand) {transformation: [-0.7722f,0.0879f,-0.6293f,-2.126f,0.3025f,0.9218f,-0.2424f,2.1726f,0.5588f,-0.3775f,-0.7384f,0.4863f,0f,0f,0f,1f],start_interpolation: 0,interpolation_duration: 1}
$data merge entity $(right_forearm) {transformation: [-1.1465f,0.121f,0.7537f,-1.8687f,-0.1932f,1.2697f,-0.4977f,4.0746f,-0.7385f,-0.52f,-1.0399f,-0.3039f,0f,0f,0f,1f],start_interpolation: 0,interpolation_duration: 1}
$data merge entity $(right_shoulder) {transformation: [-1.3823f,0.4809f,0.0875f,-1.0065f,0.4886f,1.3682f,0.1976f,5.638f,-0.0169f,0.2155f,-1.4502f,0.0089f,0f,0f,0f,1f],start_interpolation: 0,interpolation_duration: 1}
$data merge entity $(right_arm) {transformation: [-1f,0f,0f,-0.4425f,0f,0.9994f,-0.0345f,5.9272f,0f,-0.0345f,-0.9994f,-0.0096f,0f,0f,0f,1f],start_interpolation: 0,interpolation_duration: 1}
$data merge entity $(left_thumb_2) {transformation: [-0.7722f,-0.1424f,0.6192f,1.7862f,-0.3025f,0.9394f,-0.1612f,1.8656f,-0.5588f,-0.3117f,-0.7685f,0.6607f,0f,0f,0f,1f],start_interpolation: 0,interpolation_duration: 1}
$data merge entity $(left_thumb) {transformation: [-0.7722f,0.2126f,0.5988f,1.9607f,-0.3025f,0.7057f,-0.6407f,2.1465f,-0.5588f,-0.6758f,-0.4806f,0.5329f,0f,0f,0f,1f],start_interpolation: 0,interpolation_duration: 1}
$data merge entity $(left_fingers2) {transformation: [0.429f,0.648f,0.6293f,1.9769f,0.9006f,-0.3608f,-0.2424f,1.4076f,0.07f,0.6707f,-0.7384f,0.6802f,0f,0f,0f,1f],start_interpolation: 0,interpolation_duration: 1}
$data merge entity $(left_fingers) {transformation: [-0.5398f,0.5591f,0.6293f,2.1561f,0.5472f,0.8011f,-0.2424f,1.6187f,-0.6397f,0.2135f,-0.7384f,0.7537f,0f,0f,0f,1f],start_interpolation: 0,interpolation_duration: 1}
$data merge entity $(left_hand) {transformation: [-0.7722f,-0.0879f,0.6293f,2.126f,-0.3025f,0.9218f,-0.2424f,2.1726f,-0.5588f,-0.3775f,-0.7384f,0.4863f,0f,0f,0f,1f],start_interpolation: 0,interpolation_duration: 1}
$data merge entity $(left_forearm) {transformation: [-1.1465f,-0.121f,-0.7537f,1.8687f,0.1932f,1.2697f,-0.4977f,4.0746f,0.7385f,-0.52f,-1.0399f,-0.3039f,0f,0f,0f,1f],start_interpolation: 0,interpolation_duration: 1}
$data merge entity $(left_shoulder) {transformation: [-1.3823f,-0.4809f,-0.0875f,1.0065f,-0.4886f,1.3682f,0.1976f,5.638f,0.0169f,0.2155f,-1.4502f,0.0089f,0f,0f,0f,1f],start_interpolation: 0,interpolation_duration: 1}
$data merge entity $(left_arm) {transformation: [-1f,0f,0f,0.4426f,0f,0.9994f,-0.0345f,5.9272f,0f,-0.0345f,-0.9994f,-0.0096f,0f,0f,0f,1f],start_interpolation: 0,interpolation_duration: 1}
$data merge entity $(chest) {transformation: [-1.2785f,0f,0f,0f,0f,1.2778f,-0.0441f,4.1211f,0f,-0.0441f,-1.2778f,0.0181f,0f,0f,0f,1f],start_interpolation: 0,interpolation_duration: 1}
data modify storage animated_java:temp entry.data merge value {"locators":{"consume":{"px":-2.033601675,"py":1.4293433479,"pz":0.6192245534,"ry":319.5610960486,"rx":-14.0297649935}}}
# Data Manager: Prepare for Read / Write
execute store result storage animated_java:temp args.id int 1 run scoreboard players get @s aj.id
# Data Manager: Write
function animated_java:global/data_manager/write with storage animated_java:temp args