# This file was generated by Animated Java via MC-Build. It is not recommended to edit this file directly.
$data merge entity $(neck) {transformation: [-1f,0f,0f,0f,0f,1f,0f,5.9256f,0f,0f,-1f,0.0378f,0f,0f,0f,1f],start_interpolation: 0,interpolation_duration: 1}
$data merge entity $(right_thumb_2) {transformation: [-0.7523f,0.18f,-0.6338f,-1.797f,0.3609f,0.9174f,-0.1679f,1.8388f,0.5512f,-0.355f,-0.7551f,0.8201f,0f,0f,0f,1f],start_interpolation: 0,interpolation_duration: 1}
$data merge entity $(right_thumb) {transformation: [-0.7523f,-0.1887f,-0.6312f,-1.9603f,0.3609f,0.6835f,-0.6345f,2.1212f,0.5512f,-0.7051f,-0.4461f,0.6813f,0f,0f,0f,1f],start_interpolation: 0,interpolation_duration: 1}
$data merge entity $(right_fingers2) {transformation: [0.3885f,-0.656f,-0.647f,-2.0073f,-0.9208f,-0.3015f,-0.2472f,1.391f,-0.0329f,0.6919f,-0.7213f,0.8619f,0f,0f,0f,1f],start_interpolation: 0,interpolation_duration: 1}
$data merge entity $(right_fingers) {transformation: [-0.5564f,-0.5213f,-0.647f,-2.1763f,-0.4937f,0.8338f,-0.2472f,1.6129f,0.6683f,0.1819f,-0.7213f,0.9273f,0f,0f,0f,1f],start_interpolation: 0,interpolation_duration: 1}
$data merge entity $(scout) {transformation: [0f,0f,0f,-2.1064f,0f,0f,0f,1.5628f,0f,0f,0f,0.7339f,0f,0f,0f,1f],start_interpolation: 0,interpolation_duration: 1}
$data merge entity $(right_hand) {transformation: [-0.7523f,0.1241f,-0.647f,-2.1249f,0.3609f,0.8992f,-0.2472f,2.1524f,0.5512f,-0.4195f,-0.7213f,0.635f,0f,0f,0f,1f],start_interpolation: 0,interpolation_duration: 1}
$data merge entity $(right_forearm) {transformation: [-1.1615f,0.1709f,0.7202f,-1.793f,-0.1752f,1.2386f,-0.5765f,4.004f,-0.7192f,-0.5778f,-1.0228f,-0.2424f,0f,0f,0f,1f],start_interpolation: 0,interpolation_duration: 1}
$data merge entity $(right_shoulder) {transformation: [-1.4052f,0.4144f,0.0598f,-1.0065f,0.4186f,1.3873f,0.2238f,5.6038f,0.0066f,0.2316f,-1.4478f,0.0852f,0f,0f,0f,1f],start_interpolation: 0,interpolation_duration: 1}
$data merge entity $(right_arm) {transformation: [-1f,0f,0f,-0.4425f,0f,0.9999f,0.0158f,5.8936f,0f,0.0158f,-0.9999f,0.0813f,0f,0f,0f,1f],start_interpolation: 0,interpolation_duration: 1}
$data merge entity $(left_thumb_2) {transformation: [-0.7523f,-0.18f,0.6338f,1.797f,-0.3609f,0.9174f,-0.1679f,1.8388f,-0.5512f,-0.355f,-0.7551f,0.8201f,0f,0f,0f,1f],start_interpolation: 0,interpolation_duration: 1}
$data merge entity $(left_thumb) {transformation: [-0.7523f,0.1887f,0.6312f,1.9603f,-0.3609f,0.6835f,-0.6345f,2.1212f,-0.5512f,-0.7051f,-0.4461f,0.6813f,0f,0f,0f,1f],start_interpolation: 0,interpolation_duration: 1}
$data merge entity $(left_fingers2) {transformation: [0.3885f,0.656f,0.647f,2.0073f,0.9208f,-0.3015f,-0.2472f,1.391f,0.0329f,0.6919f,-0.7213f,0.8619f,0f,0f,0f,1f],start_interpolation: 0,interpolation_duration: 1}
$data merge entity $(left_fingers) {transformation: [-0.5564f,0.5213f,0.647f,2.1763f,0.4937f,0.8338f,-0.2472f,1.6129f,-0.6683f,0.1819f,-0.7213f,0.9273f,0f,0f,0f,1f],start_interpolation: 0,interpolation_duration: 1}
$data merge entity $(left_hand) {transformation: [-0.7523f,-0.1241f,0.647f,2.1249f,-0.3609f,0.8992f,-0.2472f,2.1524f,-0.5512f,-0.4195f,-0.7213f,0.635f,0f,0f,0f,1f],start_interpolation: 0,interpolation_duration: 1}
$data merge entity $(left_forearm) {transformation: [-1.1615f,-0.1709f,-0.7202f,1.793f,0.1752f,1.2386f,-0.5765f,4.004f,0.7192f,-0.5778f,-1.0228f,-0.2424f,0f,0f,0f,1f],start_interpolation: 0,interpolation_duration: 1}
$data merge entity $(left_shoulder) {transformation: [-1.4052f,-0.4144f,-0.0598f,1.0065f,-0.4186f,1.3873f,0.2238f,5.6038f,-0.0066f,0.2316f,-1.4478f,0.0852f,0f,0f,0f,1f],start_interpolation: 0,interpolation_duration: 1}
$data merge entity $(left_arm) {transformation: [-1f,0f,0f,0.4426f,0f,0.9999f,0.0158f,5.8936f,0f,0.0158f,-0.9999f,0.0813f,0f,0f,0f,1f],start_interpolation: 0,interpolation_duration: 1}
$data merge entity $(chest) {transformation: [-1.2785f,0f,0f,0f,0f,1.2784f,0.0203f,4.0884f,0f,0.0203f,-1.2784f,0.0181f,0f,0f,0f,1f],start_interpolation: 0,interpolation_duration: 1}
data modify storage animated_java:temp entry.data merge value {"locators":{"consume":{"px":-2.0636308365,"py":1.412503942,"pz":0.8004931472,"ry":318.1055563022,"rx":-14.3113736523}}}
# Data Manager: Prepare for Read / Write
execute store result storage animated_java:temp args.id int 1 run scoreboard players get @s aj.id
# Data Manager: Write
function animated_java:global/data_manager/write with storage animated_java:temp args