# This file was generated by Animated Java via MC-Build. It is not recommended to edit this file directly.
$data merge entity $(neck) {transformation: [-1f,0f,0f,0f,0f,1f,0f,5.9473f,0f,0f,-1f,-0.0547f,0f,0f,0f,1f],start_interpolation: 0,interpolation_duration: 1}
$data merge entity $(right_thumb_2) {transformation: [-0.7639f,0.1559f,-0.6263f,-1.8179f,0.3202f,0.934f,-0.1581f,1.8608f,0.5603f,-0.3214f,-0.7634f,0.7002f,0f,0f,0f,1f],start_interpolation: 0,interpolation_duration: 1}
$data merge entity $(right_thumb) {transformation: [-0.7639f,-0.205f,-0.6119f,-1.9885f,0.3202f,0.7028f,-0.6352f,2.1433f,0.5603f,-0.6812f,-0.4712f,0.5707f,0f,0f,0f,1f],start_interpolation: 0,interpolation_duration: 1}
$data merge entity $(right_fingers2) {transformation: [0.4139f,-0.6499f,-0.6375f,-2.0159f,-0.9081f,-0.3439f,-0.239f,1.4062f,-0.064f,0.6778f,-0.7325f,0.7251f,0f,0f,0f,1f],start_interpolation: 0,interpolation_duration: 1}
$data merge entity $(right_fingers) {transformation: [-0.5449f,-0.5447f,-0.6375f,-2.1912f,-0.5323f,0.8121f,-0.239f,1.6208f,0.6479f,0.2091f,-0.7325f,0.7976f,0f,0f,0f,1f],start_interpolation: 0,interpolation_duration: 1}
$data merge entity $(scout) {transformation: [0f,0f,0f,-2.1193f,0f,0f,0f,1.5797f,0f,0f,0f,0.6028f,0f,0f,0f,1f],start_interpolation: 0,interpolation_duration: 1}
$data merge entity $(right_hand) {transformation: [-0.7639f,0.1007f,-0.6375f,-2.1537f,0.3202f,0.9167f,-0.239f,2.1717f,0.5603f,-0.3867f,-0.7325f,0.5249f,0f,0f,0f,1f],start_interpolation: 0,interpolation_duration: 1}
$data merge entity $(right_forearm) {transformation: [-1.1538f,0.1387f,0.7394f,-1.87f,-0.1813f,1.2626f,-0.5196f,4.0618f,-0.7301f,-0.5326f,-1.0394f,-0.2846f,0f,0f,0f,1f],start_interpolation: 0,interpolation_duration: 1}
$data merge entity $(right_shoulder) {transformation: [-1.3823f,0.4819f,0.0823f,-1.0065f,0.4886f,1.3703f,0.1826f,5.6282f,-0.0169f,0.1996f,-1.4525f,0.0089f,0f,0f,0f,1f],start_interpolation: 0,interpolation_duration: 1}
$data merge entity $(right_arm) {transformation: [-1f,0f,0f,-0.4425f,0f,0.9994f,-0.0345f,5.9174f,0f,-0.0345f,-0.9994f,-0.0096f,0f,0f,0f,1f],start_interpolation: 0,interpolation_duration: 1}
$data merge entity $(left_thumb_2) {transformation: [-0.7639f,-0.1559f,0.6263f,1.8179f,-0.3202f,0.934f,-0.1581f,1.8608f,-0.5603f,-0.3214f,-0.7634f,0.7002f,0f,0f,0f,1f],start_interpolation: 0,interpolation_duration: 1}
$data merge entity $(left_thumb) {transformation: [-0.7639f,0.205f,0.6119f,1.9885f,-0.3202f,0.7028f,-0.6352f,2.1433f,-0.5603f,-0.6812f,-0.4712f,0.5707f,0f,0f,0f,1f],start_interpolation: 0,interpolation_duration: 1}
$data merge entity $(left_fingers2) {transformation: [0.4139f,0.6499f,0.6375f,2.0159f,0.9081f,-0.3439f,-0.239f,1.4062f,0.064f,0.6778f,-0.7325f,0.7251f,0f,0f,0f,1f],start_interpolation: 0,interpolation_duration: 1}
$data merge entity $(left_fingers) {transformation: [-0.5449f,0.5447f,0.6375f,2.1912f,0.5323f,0.8121f,-0.239f,1.6208f,-0.6479f,0.2091f,-0.7325f,0.7976f,0f,0f,0f,1f],start_interpolation: 0,interpolation_duration: 1}
$data merge entity $(left_hand) {transformation: [-0.7639f,-0.1007f,0.6375f,2.1537f,-0.3202f,0.9167f,-0.239f,2.1717f,-0.5603f,-0.3867f,-0.7325f,0.5249f,0f,0f,0f,1f],start_interpolation: 0,interpolation_duration: 1}
$data merge entity $(left_forearm) {transformation: [-1.1538f,-0.1387f,-0.7394f,1.87f,0.1813f,1.2626f,-0.5196f,4.0618f,0.7301f,-0.5326f,-1.0394f,-0.2846f,0f,0f,0f,1f],start_interpolation: 0,interpolation_duration: 1}
$data merge entity $(left_shoulder) {transformation: [-1.3823f,-0.4819f,-0.0823f,1.0065f,-0.4886f,1.3703f,0.1826f,5.6282f,0.0169f,0.1996f,-1.4525f,0.0089f,0f,0f,0f,1f],start_interpolation: 0,interpolation_duration: 1}
$data merge entity $(left_arm) {transformation: [-1f,0f,0f,0.4426f,0f,0.9994f,-0.0345f,5.9174f,0f,-0.0345f,-0.9994f,-0.0096f,0f,0f,0f,1f],start_interpolation: 0,interpolation_duration: 1}
$data merge entity $(chest) {transformation: [-1.2785f,0f,0f,0f,0f,1.2778f,-0.0441f,4.1113f,0f,-0.0441f,-1.2778f,0.0181f,0f,0f,0f,1f],start_interpolation: 0,interpolation_duration: 1}
data modify storage animated_java:temp entry.data merge value {"locators":{"consume":{"px":-2.0726399026,"py":1.4283062352,"pz":0.6642094042,"ry":318.9682768685,"rx":-13.8245962038}}}
# Data Manager: Prepare for Read / Write
execute store result storage animated_java:temp args.id int 1 run scoreboard players get @s aj.id
# Data Manager: Write
function animated_java:global/data_manager/write with storage animated_java:temp args