# This file was generated by Animated Java via MC-Build. It is not recommended to edit this file directly.
$data merge entity $(neck) {transformation: [-1f,0f,0f,0f,0f,1f,0f,5.9342f,0f,0f,-1f,-0.0432f,0f,0f,0f,1f],start_interpolation: 0,interpolation_duration: 1}
$data merge entity $(right_thumb_2) {transformation: [-0.7531f,0.1734f,-0.6347f,-1.8497f,0.3445f,0.9257f,-0.1559f,1.8538f,0.5605f,-0.3361f,-0.7569f,0.7585f,0f,0f,0f,1f],start_interpolation: 0,interpolation_duration: 1}
$data merge entity $(right_thumb) {transformation: [-0.7531f,-0.1948f,-0.6285f,-2.0152f,0.3445f,0.697f,-0.6289f,2.138f,0.5605f,-0.6901f,-0.4578f,0.626f,0f,0f,0f,1f],start_interpolation: 0,interpolation_duration: 1}
$data merge entity $(right_fingers2) {transformation: [0.3941f,-0.6524f,-0.6474f,-2.0572f,-0.9175f,-0.3201f,-0.236f,1.4039f,-0.0533f,0.687f,-0.7247f,0.7914f,0f,0f,0f,1f],start_interpolation: 0,interpolation_duration: 1}
$data merge entity $(right_fingers) {transformation: [-0.5516f,-0.526f,-0.6474f,-2.2273f,-0.5111f,0.8265f,-0.236f,1.6233f,0.6592f,0.2007f,-0.7247f,0.8618f,0f,0f,0f,1f],start_interpolation: 0,interpolation_duration: 1}
$data merge entity $(scout) {transformation: [0f,0f,0f,-2.1576f,0f,0f,0f,1.5778f,0f,0f,0f,0.6672f,0f,0f,0f,1f],start_interpolation: 0,interpolation_duration: 1}
$data merge entity $(right_hand) {transformation: [-0.7531f,0.1174f,-0.6474f,-2.1801f,0.3445f,0.9086f,-0.236f,2.1692f,0.5605f,-0.4008f,-0.7247f,0.5809f,0f,0f,0f,1f],start_interpolation: 0,interpolation_duration: 1}
$data merge entity $(right_forearm) {transformation: [-1.1623f,0.1617f,0.7211f,-1.8619f,-0.1673f,1.2515f,-0.5503f,4.0409f,-0.7198f,-0.552f,-1.0365f,-0.2582f,0f,0f,0f,1f],start_interpolation: 0,interpolation_duration: 1}
$data merge entity $(right_shoulder) {transformation: [-1.3854f,0.4745f,0.0737f,-1.0065f,0.48f,1.3748f,0.1715f,5.6148f,-0.0136f,0.1862f,-1.4543f,0.0183f,0f,0f,0f,1f],start_interpolation: 0,interpolation_duration: 1}
$data merge entity $(right_arm) {transformation: [-1f,0f,0f,-0.4425f,0f,0.9996f,-0.0282f,5.9041f,0f,-0.0282f,-0.9996f,0.0017f,0f,0f,0f,1f],start_interpolation: 0,interpolation_duration: 1}
$data merge entity $(left_thumb_2) {transformation: [-0.7531f,-0.1734f,0.6347f,1.8497f,-0.3445f,0.9257f,-0.1559f,1.8538f,-0.5605f,-0.3361f,-0.7569f,0.7585f,0f,0f,0f,1f],start_interpolation: 0,interpolation_duration: 1}
$data merge entity $(left_thumb) {transformation: [-0.7531f,0.1948f,0.6285f,2.0152f,-0.3445f,0.697f,-0.6289f,2.138f,-0.5605f,-0.6901f,-0.4578f,0.626f,0f,0f,0f,1f],start_interpolation: 0,interpolation_duration: 1}
$data merge entity $(left_fingers2) {transformation: [0.3941f,0.6524f,0.6474f,2.0572f,0.9175f,-0.3201f,-0.236f,1.4039f,0.0533f,0.687f,-0.7247f,0.7914f,0f,0f,0f,1f],start_interpolation: 0,interpolation_duration: 1}
$data merge entity $(left_fingers) {transformation: [-0.5516f,0.526f,0.6474f,2.2273f,0.5111f,0.8265f,-0.236f,1.6233f,-0.6592f,0.2007f,-0.7247f,0.8618f,0f,0f,0f,1f],start_interpolation: 0,interpolation_duration: 1}
$data merge entity $(left_hand) {transformation: [-0.7531f,-0.1174f,0.6474f,2.1801f,-0.3445f,0.9086f,-0.236f,2.1692f,-0.5605f,-0.4008f,-0.7247f,0.5809f,0f,0f,0f,1f],start_interpolation: 0,interpolation_duration: 1}
$data merge entity $(left_forearm) {transformation: [-1.1623f,-0.1617f,-0.7211f,1.8619f,0.1673f,1.2515f,-0.5503f,4.0409f,0.7198f,-0.552f,-1.0365f,-0.2582f,0f,0f,0f,1f],start_interpolation: 0,interpolation_duration: 1}
$data merge entity $(left_shoulder) {transformation: [-1.3854f,-0.4745f,-0.0737f,1.0065f,-0.48f,1.3748f,0.1715f,5.6148f,0.0136f,0.1862f,-1.4543f,0.0183f,0f,0f,0f,1f],start_interpolation: 0,interpolation_duration: 1}
$data merge entity $(left_arm) {transformation: [-1f,0f,0f,0.4426f,0f,0.9996f,-0.0282f,5.9041f,0f,-0.0282f,-0.9996f,0.0017f,0f,0f,0f,1f],start_interpolation: 0,interpolation_duration: 1}
$data merge entity $(chest) {transformation: [-1.2785f,0f,0f,0f,0f,1.278f,-0.0361f,4.0978f,0f,-0.0361f,-1.278f,0.0181f,0f,0f,0f,1f],start_interpolation: 0,interpolation_duration: 1}
data modify storage animated_java:temp entry.data merge value {"locators":{"consume":{"px":-2.1137903914,"py":1.4263677635,"pz":0.7305750421,"ry":318.2249443644,"rx":-13.6490804125}}}
# Data Manager: Prepare for Read / Write
execute store result storage animated_java:temp args.id int 1 run scoreboard players get @s aj.id
# Data Manager: Write
function animated_java:global/data_manager/write with storage animated_java:temp args