# This file was generated by Animated Java via MC-Build. It is not recommended to edit this file directly.
$data merge entity $(neck) {transformation: [-1f,0f,0f,0f,0f,1f,0f,5.9236f,0f,0f,-1f,-0.0112f,0f,0f,0f,1f],start_interpolation: 0,interpolation_duration: 1}
$data merge entity $(right_thumb_2) {transformation: [-0.7457f,0.1861f,-0.6397f,-1.8528f,0.3647f,0.9176f,-0.1582f,1.8455f,0.5576f,-0.3513f,-0.7521f,0.8145f,0f,0f,0f,1f],start_interpolation: 0,interpolation_duration: 1}
$data merge entity $(right_thumb) {transformation: [-0.7457f,-0.1868f,-0.6396f,-2.0144f,0.3647f,0.6889f,-0.6264f,2.13f,0.5576f,-0.7004f,-0.4456f,0.6782f,0f,0f,0f,1f],start_interpolation: 0,interpolation_duration: 1}
$data merge entity $(right_fingers2) {transformation: [0.38f,-0.6546f,-0.6535f,-2.0668f,-0.9241f,-0.2993f,-0.2376f,1.3994f,-0.0401f,0.6942f,-0.7187f,0.8552f,0f,0f,0f,1f],start_interpolation: 0,interpolation_duration: 1}
$data merge entity $(right_fingers) {transformation: [-0.5568f,-0.5127f,-0.6535f,-2.2334f,-0.4922f,0.8374f,-0.2376f,1.6224f,0.6691f,0.1894f,-0.7187f,0.9228f,0f,0f,0f,1f],start_interpolation: 0,interpolation_duration: 1}
$data merge entity $(scout) {transformation: [0f,0f,0f,-2.1651f,0f,0f,0f,1.5728f,0f,0f,0f,0.7287f,0f,0f,0f,1f],start_interpolation: 0,interpolation_duration: 1}
$data merge entity $(right_hand) {transformation: [-0.7457f,0.1296f,-0.6535f,-2.1789f,0.3647f,0.9003f,-0.2376f,2.163f,0.5576f,-0.4155f,-0.7187f,0.6331f,0f,0f,0f,1f],start_interpolation: 0,interpolation_duration: 1}
$data merge entity $(right_forearm) {transformation: [-1.1674f,0.1786f,0.7089f,-1.8357f,-0.161f,1.2401f,-0.5775f,4.0162f,-0.7131f,-0.5723f,-1.0301f,-0.2366f,0f,0f,0f,1f],start_interpolation: 0,interpolation_duration: 1}
$data merge entity $(right_shoulder) {transformation: [-1.3935f,0.4514f,0.0642f,-1.0065f,0.4559f,1.3818f,0.1806f,5.6032f,-0.0049f,0.1916f,-1.4536f,0.0448f,0f,0f,0f,1f],start_interpolation: 0,interpolation_duration: 1}
$data merge entity $(right_arm) {transformation: [-1f,0f,0f,-0.4425f,0f,0.9999f,-0.0108f,5.8928f,0f,-0.0108f,-0.9999f,0.0332f,0f,0f,0f,1f],start_interpolation: 0,interpolation_duration: 1}
$data merge entity $(left_thumb_2) {transformation: [-0.7457f,-0.1861f,0.6397f,1.8528f,-0.3647f,0.9176f,-0.1582f,1.8455f,-0.5576f,-0.3513f,-0.7521f,0.8145f,0f,0f,0f,1f],start_interpolation: 0,interpolation_duration: 1}
$data merge entity $(left_thumb) {transformation: [-0.7457f,0.1868f,0.6396f,2.0144f,-0.3647f,0.6889f,-0.6264f,2.13f,-0.5576f,-0.7004f,-0.4456f,0.6782f,0f,0f,0f,1f],start_interpolation: 0,interpolation_duration: 1}
$data merge entity $(left_fingers2) {transformation: [0.38f,0.6546f,0.6535f,2.0668f,0.9241f,-0.2993f,-0.2376f,1.3994f,0.0401f,0.6942f,-0.7187f,0.8552f,0f,0f,0f,1f],start_interpolation: 0,interpolation_duration: 1}
$data merge entity $(left_fingers) {transformation: [-0.5568f,0.5127f,0.6535f,2.2334f,0.4922f,0.8374f,-0.2376f,1.6224f,-0.6691f,0.1894f,-0.7187f,0.9228f,0f,0f,0f,1f],start_interpolation: 0,interpolation_duration: 1}
$data merge entity $(left_hand) {transformation: [-0.7457f,-0.1296f,0.6535f,2.1789f,-0.3647f,0.9003f,-0.2376f,2.163f,-0.5576f,-0.4155f,-0.7187f,0.6331f,0f,0f,0f,1f],start_interpolation: 0,interpolation_duration: 1}
$data merge entity $(left_forearm) {transformation: [-1.1674f,-0.1786f,-0.7089f,1.8357f,0.161f,1.2401f,-0.5775f,4.0162f,0.7131f,-0.5723f,-1.0301f,-0.2366f,0f,0f,0f,1f],start_interpolation: 0,interpolation_duration: 1}
$data merge entity $(left_shoulder) {transformation: [-1.3935f,-0.4514f,-0.0642f,1.0065f,-0.4559f,1.3818f,0.1806f,5.6032f,0.0049f,0.1916f,-1.4536f,0.0448f,0f,0f,0f,1f],start_interpolation: 0,interpolation_duration: 1}
$data merge entity $(left_arm) {transformation: [-1f,0f,0f,0.4426f,0f,0.9999f,-0.0108f,5.8928f,0f,-0.0108f,-0.9999f,0.0332f,0f,0f,0f,1f],start_interpolation: 0,interpolation_duration: 1}
$data merge entity $(chest) {transformation: [-1.2785f,0f,0f,0f,0f,1.2785f,-0.0138f,4.0865f,0f,-0.0138f,-1.2785f,0.0181f,0f,0f,0f,1f],start_interpolation: 0,interpolation_duration: 1}
data modify storage animated_java:temp entry.data merge value {"locators":{"consume":{"px":-2.1233269693,"py":1.4217077111,"pz":0.7942929271,"ry":317.7168785613,"rx":-13.7423802407}}}
# Data Manager: Prepare for Read / Write
execute store result storage animated_java:temp args.id int 1 run scoreboard players get @s aj.id
# Data Manager: Write
function animated_java:global/data_manager/write with storage animated_java:temp args