# This file was generated by Animated Java via MC-Build. It is not recommended to edit this file directly.
$data merge entity $(neck) {transformation: [-1f,0f,0f,0f,0f,1f,0f,5.9226f,0f,0f,-1f,-0.0014f,0f,0f,0f,1f],start_interpolation: 0,interpolation_duration: 1}
$data merge entity $(right_thumb_2) {transformation: [-0.7456f,0.1869f,-0.6397f,-1.8462f,0.3667f,0.9165f,-0.1597f,1.8437f,0.5565f,-0.3536f,-0.7519f,0.822f,0f,0f,0f,1f],start_interpolation: 0,interpolation_duration: 1}
$data merge entity $(right_thumb) {transformation: [-0.7456f,-0.1861f,-0.6399f,-2.0076f,0.3667f,0.6872f,-0.6271f,2.128f,0.5565f,-0.7022f,-0.4441f,0.6849f,0f,0f,0f,1f],start_interpolation: 0,interpolation_duration: 1}
$data merge entity $(right_fingers2) {transformation: [0.3794f,-0.655f,-0.6535f,-2.0606f,-0.9245f,-0.2971f,-0.2389f,1.3978f,-0.0376f,0.6948f,-0.7182f,0.8638f,0f,0f,0f,1f],start_interpolation: 0,interpolation_duration: 1}
$data merge entity $(right_fingers) {transformation: [-0.5573f,-0.5121f,-0.6535f,-2.2271f,-0.4901f,0.8383f,-0.2389f,1.6211f,0.6702f,0.1871f,-0.7182f,0.9308f,0f,0f,0f,1f],start_interpolation: 0,interpolation_duration: 1}
$data merge entity $(scout) {transformation: [0f,0f,0f,-2.1588f,0f,0f,0f,1.571f,0f,0f,0f,0.7368f,0f,0f,0f,1f],start_interpolation: 0,interpolation_duration: 1}
$data merge entity $(right_hand) {transformation: [-0.7456f,0.1304f,-0.6535f,-2.1722f,0.3667f,0.8991f,-0.2389f,2.161f,0.5565f,-0.4178f,-0.7182f,0.6397f,0f,0f,0f,1f],start_interpolation: 0,interpolation_duration: 1}
$data merge entity $(right_forearm) {transformation: [-1.1673f,0.1796f,0.7087f,-1.8274f,-0.162f,1.2384f,-0.5806f,4.0117f,-0.713f,-0.5754f,-1.0284f,-0.2347f,0f,0f,0f,1f],start_interpolation: 0,interpolation_duration: 1}
$data merge entity $(right_shoulder) {transformation: [-1.3959f,0.4441f,0.0626f,-1.0065f,0.4485f,1.3834f,0.1869f,5.6019f,-0.0024f,0.1971f,-1.4529f,0.0529f,0f,0f,0f,1f],start_interpolation: 0,interpolation_duration: 1}
$data merge entity $(right_arm) {transformation: [-1f,0f,0f,-0.4425f,0f,1f,-0.0055f,5.8915f,0f,-0.0055f,-1f,0.0428f,0f,0f,0f,1f],start_interpolation: 0,interpolation_duration: 1}
$data merge entity $(left_thumb_2) {transformation: [-0.7456f,-0.1869f,0.6397f,1.8462f,-0.3667f,0.9165f,-0.1597f,1.8437f,-0.5565f,-0.3536f,-0.7519f,0.822f,0f,0f,0f,1f],start_interpolation: 0,interpolation_duration: 1}
$data merge entity $(left_thumb) {transformation: [-0.7456f,0.1861f,0.6399f,2.0076f,-0.3667f,0.6872f,-0.6271f,2.128f,-0.5565f,-0.7022f,-0.4441f,0.6849f,0f,0f,0f,1f],start_interpolation: 0,interpolation_duration: 1}
$data merge entity $(left_fingers2) {transformation: [0.3794f,0.655f,0.6535f,2.0606f,0.9245f,-0.2971f,-0.2389f,1.3978f,0.0376f,0.6948f,-0.7182f,0.8638f,0f,0f,0f,1f],start_interpolation: 0,interpolation_duration: 1}
$data merge entity $(left_fingers) {transformation: [-0.5573f,0.5121f,0.6535f,2.2271f,0.4901f,0.8383f,-0.2389f,1.6211f,-0.6702f,0.1871f,-0.7182f,0.9308f,0f,0f,0f,1f],start_interpolation: 0,interpolation_duration: 1}
$data merge entity $(left_hand) {transformation: [-0.7456f,-0.1304f,0.6535f,2.1722f,-0.3667f,0.8991f,-0.2389f,2.161f,-0.5565f,-0.4178f,-0.7182f,0.6397f,0f,0f,0f,1f],start_interpolation: 0,interpolation_duration: 1}
$data merge entity $(left_forearm) {transformation: [-1.1673f,-0.1796f,-0.7087f,1.8274f,0.162f,1.2384f,-0.5806f,4.0117f,0.713f,-0.5754f,-1.0284f,-0.2347f,0f,0f,0f,1f],start_interpolation: 0,interpolation_duration: 1}
$data merge entity $(left_shoulder) {transformation: [-1.3959f,-0.4441f,-0.0626f,1.0065f,-0.4485f,1.3834f,0.1869f,5.6019f,0.0024f,0.1971f,-1.4529f,0.0529f,0f,0f,0f,1f],start_interpolation: 0,interpolation_duration: 1}
$data merge entity $(left_arm) {transformation: [-1f,0f,0f,0.4426f,0f,1f,-0.0055f,5.8915f,0f,-0.0055f,-1f,0.0428f,0f,0f,0f,1f],start_interpolation: 0,interpolation_duration: 1}
$data merge entity $(chest) {transformation: [-1.2785f,0f,0f,0f,0f,1.2785f,-0.007f,4.0853f,0f,-0.007f,-1.2785f,0.0181f,0f,0f,0f,1f],start_interpolation: 0,interpolation_duration: 1}
data modify storage animated_java:temp entry.data merge value {"locators":{"consume":{"px":-2.117115238,"py":1.4200495558,"pz":0.8028134753,"ry":317.6998924108,"rx":-13.8241149111}}}
# Data Manager: Prepare for Read / Write
execute store result storage animated_java:temp args.id int 1 run scoreboard players get @s aj.id
# Data Manager: Write
function animated_java:global/data_manager/write with storage animated_java:temp args