# This file was generated by Animated Java via MC-Build. It is not recommended to edit this file directly.
$data merge entity $(neck) {transformation: [-1f,0f,0f,0f,0f,1f,0f,5.9281f,0f,0f,-1f,0.0463f,0f,0f,0f,1f],start_interpolation: 0,interpolation_duration: 1}
$data merge entity $(right_thumb_2) {transformation: [-0.7555f,0.1761f,-0.631f,-1.7805f,0.3562f,0.9188f,-0.1702f,1.8385f,0.5498f,-0.3534f,-0.7569f,0.8117f,0f,0f,0f,1f],start_interpolation: 0,interpolation_duration: 1}
$data merge entity $(right_thumb) {transformation: [-0.7555f,-0.1905f,-0.6268f,-1.945f,0.3562f,0.6835f,-0.6372f,2.1201f,0.5498f,-0.7047f,-0.4485f,0.6729f,0f,0f,0f,1f],start_interpolation: 0,interpolation_duration: 1}
$data merge entity $(right_fingers2) {transformation: [0.3934f,-0.6562f,-0.644f,-1.9886f,-0.9188f,-0.3059f,-0.2496f,1.3895f,-0.0332f,0.6898f,-0.7232f,0.8524f,0f,0f,0f,1f],start_interpolation: 0,interpolation_duration: 1}
$data merge entity $(right_fingers) {transformation: [-0.5555f,-0.5261f,-0.644f,-2.1589f,-0.4975f,0.8308f,-0.2496f,1.6104f,0.6663f,0.1817f,-0.7232f,0.9177f,0f,0f,0f,1f],start_interpolation: 0,interpolation_duration: 1}
$data merge entity $(scout) {transformation: [0f,0f,0f,-2.0883f,0f,0f,0f,1.561f,0f,0f,0f,0.7244f,0f,0f,0f,1f],start_interpolation: 0,interpolation_duration: 1}
$data merge entity $(right_hand) {transformation: [-0.7555f,0.1204f,-0.644f,-2.1096f,0.3562f,0.9004f,-0.2496f,2.1506f,0.5498f,-0.418f,-0.7232f,0.6262f,0f,0f,0f,1f],start_interpolation: 0,interpolation_duration: 1}
$data merge entity $(right_forearm) {transformation: [-1.1588f,0.1658f,0.7258f,-1.7853f,-0.1803f,1.2402f,-0.5713f,4.0051f,-0.7223f,-0.5757f,-1.0218f,-0.2479f,0f,0f,0f,1f],start_interpolation: 0,interpolation_duration: 1}
$data merge entity $(right_shoulder) {transformation: [-1.4071f,0.4077f,0.0601f,-1.0065f,0.412f,1.3874f,0.2348f,5.606f,0.0085f,0.2423f,-1.4461f,0.0923f,0f,0f,0f,1f],start_interpolation: 0,interpolation_duration: 1}
$data merge entity $(right_arm) {transformation: [-1f,0f,0f,-0.4425f,0f,0.9998f,0.0205f,5.8958f,0f,0.0205f,-0.9998f,0.0897f,0f,0f,0f,1f],start_interpolation: 0,interpolation_duration: 1}
$data merge entity $(left_thumb_2) {transformation: [-0.7555f,-0.1761f,0.631f,1.7805f,-0.3562f,0.9188f,-0.1702f,1.8385f,-0.5498f,-0.3534f,-0.7569f,0.8117f,0f,0f,0f,1f],start_interpolation: 0,interpolation_duration: 1}
$data merge entity $(left_thumb) {transformation: [-0.7555f,0.1905f,0.6268f,1.945f,-0.3562f,0.6835f,-0.6372f,2.1201f,-0.5498f,-0.7047f,-0.4485f,0.6729f,0f,0f,0f,1f],start_interpolation: 0,interpolation_duration: 1}
$data merge entity $(left_fingers2) {transformation: [0.3934f,0.6562f,0.644f,1.9886f,0.9188f,-0.3059f,-0.2496f,1.3895f,0.0332f,0.6898f,-0.7232f,0.8524f,0f,0f,0f,1f],start_interpolation: 0,interpolation_duration: 1}
$data merge entity $(left_fingers) {transformation: [-0.5555f,0.5261f,0.644f,2.1589f,0.4975f,0.8308f,-0.2496f,1.6104f,-0.6663f,0.1817f,-0.7232f,0.9177f,0f,0f,0f,1f],start_interpolation: 0,interpolation_duration: 1}
$data merge entity $(left_hand) {transformation: [-0.7555f,-0.1204f,0.644f,2.1096f,-0.3562f,0.9004f,-0.2496f,2.1506f,-0.5498f,-0.418f,-0.7232f,0.6262f,0f,0f,0f,1f],start_interpolation: 0,interpolation_duration: 1}
$data merge entity $(left_forearm) {transformation: [-1.1588f,-0.1658f,-0.7258f,1.7853f,0.1803f,1.2402f,-0.5713f,4.0051f,0.7223f,-0.5757f,-1.0218f,-0.2479f,0f,0f,0f,1f],start_interpolation: 0,interpolation_duration: 1}
$data merge entity $(left_shoulder) {transformation: [-1.4071f,-0.4077f,-0.0601f,1.0065f,-0.412f,1.3874f,0.2348f,5.606f,-0.0085f,0.2423f,-1.4461f,0.0923f,0f,0f,0f,1f],start_interpolation: 0,interpolation_duration: 1}
$data merge entity $(left_arm) {transformation: [-1f,0f,0f,0.4426f,0f,0.9998f,0.0205f,5.8958f,0f,0.0205f,-0.9998f,0.0897f,0f,0f,0f,1f],start_interpolation: 0,interpolation_duration: 1}
$data merge entity $(chest) {transformation: [-1.2785f,0f,0f,0f,0f,1.2783f,0.0262f,4.0909f,0f,0.0262f,-1.2783f,0.0181f,0f,0f,0f,1f],start_interpolation: 0,interpolation_duration: 1}
data modify storage animated_java:temp entry.data merge value {"locators":{"consume":{"px":-2.0449053606,"py":1.4107904287,"pz":0.7908764643,"ry":318.317503168,"rx":-14.4537077894}}}
# Data Manager: Prepare for Read / Write
execute store result storage animated_java:temp args.id int 1 run scoreboard players get @s aj.id
# Data Manager: Write
function animated_java:global/data_manager/write with storage animated_java:temp args