# This file was generated by Animated Java via MC-Build. It is not recommended to edit this file directly.
$data merge entity $(neck) {transformation: [-1f,0f,0f,0f,0f,1f,0f,5.9227f,0f,0f,-1f,0.0187f,0f,0f,0f,1f],start_interpolation: 0,interpolation_duration: 1}
$data merge entity $(right_thumb_2) {transformation: [-0.7476f,0.1853f,-0.6378f,-1.8257f,0.3665f,0.916f,-0.1634f,1.8407f,0.5539f,-0.3559f,-0.7527f,0.8276f,0f,0f,0f,1f],start_interpolation: 0,interpolation_duration: 1}
$data merge entity $(right_thumb) {transformation: [-0.7476f,-0.1864f,-0.6375f,-1.9875f,0.3665f,0.6847f,-0.63f,2.1242f,0.5539f,-0.7046f,-0.4435f,0.6893f,0f,0f,0f,1f],start_interpolation: 0,interpolation_duration: 1}
$data merge entity $(right_fingers2) {transformation: [0.3817f,-0.6556f,-0.6515f,-2.039f,-0.9237f,-0.2966f,-0.2426f,1.3944f,-0.0342f,0.6944f,-0.7188f,0.8703f,0f,0f,0f,1f],start_interpolation: 0,interpolation_duration: 1}
$data merge entity $(right_fingers) {transformation: [-0.5575f,-0.5145f,-0.6515f,-2.2062f,-0.4895f,0.8376f,-0.2426f,1.6175f,0.6706f,0.1837f,-0.7188f,0.9362f,0f,0f,0f,1f],start_interpolation: 0,interpolation_duration: 1}
$data merge entity $(scout) {transformation: [0f,0f,0f,-2.1374f,0f,0f,0f,1.5669f,0f,0f,0f,0.7426f,0f,0f,0f,1f],start_interpolation: 0,interpolation_duration: 1}
$data merge entity $(right_hand) {transformation: [-0.7476f,0.129f,-0.6515f,-2.152f,0.3665f,0.8982f,-0.2426f,2.1566f,0.5539f,-0.4202f,-0.7188f,0.6436f,0f,0f,0f,1f],start_interpolation: 0,interpolation_duration: 1}
$data merge entity $(right_forearm) {transformation: [-1.1655f,0.1777f,0.7122f,-1.81f,-0.1669f,1.2372f,-0.5819f,4.0056f,-0.7148f,-0.5787f,-1.0253f,-0.2356f,0f,0f,0f,1f],start_interpolation: 0,interpolation_duration: 1}
$data merge entity $(right_shoulder) {transformation: [-1.4008f,0.429f,0.0605f,-1.0065f,0.4333f,1.3859f,0.2035f,5.6014f,0.0024f,0.2123f,-1.4508f,0.0694f,0f,0f,0f,1f],start_interpolation: 0,interpolation_duration: 1}
$data merge entity $(right_arm) {transformation: [-1f,0f,0f,-0.4425f,0f,1f,0.0055f,5.8911f,0f,0.0055f,-1f,0.0626f,0f,0f,0f,1f],start_interpolation: 0,interpolation_duration: 1}
$data merge entity $(left_thumb_2) {transformation: [-0.7476f,-0.1853f,0.6378f,1.8257f,-0.3665f,0.916f,-0.1634f,1.8407f,-0.5539f,-0.3559f,-0.7527f,0.8276f,0f,0f,0f,1f],start_interpolation: 0,interpolation_duration: 1}
$data merge entity $(left_thumb) {transformation: [-0.7476f,0.1864f,0.6375f,1.9875f,-0.3665f,0.6847f,-0.63f,2.1242f,-0.5539f,-0.7046f,-0.4435f,0.6893f,0f,0f,0f,1f],start_interpolation: 0,interpolation_duration: 1}
$data merge entity $(left_fingers2) {transformation: [0.3817f,0.6556f,0.6515f,2.039f,0.9237f,-0.2966f,-0.2426f,1.3944f,0.0342f,0.6944f,-0.7188f,0.8703f,0f,0f,0f,1f],start_interpolation: 0,interpolation_duration: 1}
$data merge entity $(left_fingers) {transformation: [-0.5575f,0.5145f,0.6515f,2.2062f,0.4895f,0.8376f,-0.2426f,1.6175f,-0.6706f,0.1837f,-0.7188f,0.9362f,0f,0f,0f,1f],start_interpolation: 0,interpolation_duration: 1}
$data merge entity $(left_hand) {transformation: [-0.7476f,-0.129f,0.6515f,2.152f,-0.3665f,0.8982f,-0.2426f,2.1566f,-0.5539f,-0.4202f,-0.7188f,0.6436f,0f,0f,0f,1f],start_interpolation: 0,interpolation_duration: 1}
$data merge entity $(left_forearm) {transformation: [-1.1655f,-0.1777f,-0.7122f,1.81f,0.1669f,1.2372f,-0.5819f,4.0056f,0.7148f,-0.5787f,-1.0253f,-0.2356f,0f,0f,0f,1f],start_interpolation: 0,interpolation_duration: 1}
$data merge entity $(left_shoulder) {transformation: [-1.4008f,-0.429f,-0.0605f,1.0065f,-0.4333f,1.3859f,0.2035f,5.6014f,-0.0024f,0.2123f,-1.4508f,0.0694f,0f,0f,0f,1f],start_interpolation: 0,interpolation_duration: 1}
$data merge entity $(left_arm) {transformation: [-1f,0f,0f,0.4426f,0f,1f,0.0055f,5.8911f,0f,0.0055f,-1f,0.0626f,0f,0f,0f,1f],start_interpolation: 0,interpolation_duration: 1}
$data merge entity $(chest) {transformation: [-1.2785f,0f,0f,0f,0f,1.2785f,0.007f,4.0853f,0f,0.007f,-1.2785f,0.0181f,0f,0f,0f,1f],start_interpolation: 0,interpolation_duration: 1}
data modify storage animated_java:temp entry.data merge value {"locators":{"consume":{"px":-2.0954569784,"py":1.4163186206,"pz":0.8090585372,"ry":317.8093514384,"rx":-14.042935422}}}
# Data Manager: Prepare for Read / Write
execute store result storage animated_java:temp args.id int 1 run scoreboard players get @s aj.id
# Data Manager: Write
function animated_java:global/data_manager/write with storage animated_java:temp args