# This file was generated by Animated Java via MC-Build. It is not recommended to edit this file directly.
$data merge entity $(neck) {transformation: [-1f,0f,0f,0f,0f,1f,0f,5.9238f,0f,0f,-1f,0.0285f,0f,0f,0f,1f],start_interpolation: 0,interpolation_duration: 1}
$data merge entity $(right_thumb_2) {transformation: [-0.7496f,0.1831f,-0.636f,-1.8122f,0.3644f,0.9164f,-0.1656f,1.8396f,0.5526f,-0.3559f,-0.7537f,0.8254f,0f,0f,0f,1f],start_interpolation: 0,interpolation_duration: 1}
$data merge entity $(right_thumb) {transformation: [-0.7496f,-0.1873f,-0.6348f,-1.9746f,0.3644f,0.6839f,-0.6321f,2.1225f,0.5526f,-0.7051f,-0.4444f,0.6868f,0f,0f,0f,1f],start_interpolation: 0,interpolation_duration: 1}
$data merge entity $(right_fingers2) {transformation: [0.3846f,-0.6559f,-0.6496f,-2.0242f,-0.9225f,-0.2984f,-0.2449f,1.3927f,-0.0333f,0.6934f,-0.7198f,0.8679f,0f,0f,0f,1f],start_interpolation: 0,interpolation_duration: 1}
$data merge entity $(right_fingers) {transformation: [-0.5571f,-0.5174f,-0.6496f,-2.1922f,-0.491f,0.836f,-0.2449f,1.6153f,0.6698f,0.1826f,-0.7198f,0.9335f,0f,0f,0f,1f],start_interpolation: 0,interpolation_duration: 1}
$data merge entity $(scout) {transformation: [0f,0f,0f,-2.1229f,0f,0f,0f,1.5649f,0f,0f,0f,0.74f,0f,0f,0f,1f],start_interpolation: 0,interpolation_duration: 1}
$data merge entity $(right_hand) {transformation: [-0.7496f,0.127f,-0.6496f,-2.1391f,0.3644f,0.8985f,-0.2449f,2.1545f,0.5526f,-0.4202f,-0.7198f,0.6409f,0f,0f,0f,1f],start_interpolation: 0,interpolation_duration: 1}
$data merge entity $(right_forearm) {transformation: [-1.1638f,0.1749f,0.7157f,-1.8013f,-0.1707f,1.2376f,-0.58f,4.0042f,-0.7167f,-0.5788f,-1.024f,-0.2383f,0f,0f,0f,1f],start_interpolation: 0,interpolation_duration: 1}
$data merge entity $(right_shoulder) {transformation: [-1.403f,0.4215f,0.06f,-1.0065f,0.4258f,1.3867f,0.2133f,5.6022f,0.0046f,0.2215f,-1.4494f,0.0775f,0f,0f,0f,1f],start_interpolation: 0,interpolation_duration: 1}
$data merge entity $(right_arm) {transformation: [-1f,0f,0f,-0.4425f,0f,0.9999f,0.0108f,5.892f,0f,0.0108f,-0.9999f,0.0722f,0f,0f,0f,1f],start_interpolation: 0,interpolation_duration: 1}
$data merge entity $(left_thumb_2) {transformation: [-0.7496f,-0.1831f,0.636f,1.8122f,-0.3644f,0.9164f,-0.1656f,1.8396f,-0.5526f,-0.3559f,-0.7537f,0.8254f,0f,0f,0f,1f],start_interpolation: 0,interpolation_duration: 1}
$data merge entity $(left_thumb) {transformation: [-0.7496f,0.1873f,0.6348f,1.9746f,-0.3644f,0.6839f,-0.6321f,2.1225f,-0.5526f,-0.7051f,-0.4444f,0.6868f,0f,0f,0f,1f],start_interpolation: 0,interpolation_duration: 1}
$data merge entity $(left_fingers2) {transformation: [0.3846f,0.6559f,0.6496f,2.0242f,0.9225f,-0.2984f,-0.2449f,1.3927f,0.0333f,0.6934f,-0.7198f,0.8679f,0f,0f,0f,1f],start_interpolation: 0,interpolation_duration: 1}
$data merge entity $(left_fingers) {transformation: [-0.5571f,0.5174f,0.6496f,2.1922f,0.491f,0.836f,-0.2449f,1.6153f,-0.6698f,0.1826f,-0.7198f,0.9335f,0f,0f,0f,1f],start_interpolation: 0,interpolation_duration: 1}
$data merge entity $(left_hand) {transformation: [-0.7496f,-0.127f,0.6496f,2.1391f,-0.3644f,0.8985f,-0.2449f,2.1545f,-0.5526f,-0.4202f,-0.7198f,0.6409f,0f,0f,0f,1f],start_interpolation: 0,interpolation_duration: 1}
$data merge entity $(left_forearm) {transformation: [-1.1638f,-0.1749f,-0.7157f,1.8013f,0.1707f,1.2376f,-0.58f,4.0042f,0.7167f,-0.5788f,-1.024f,-0.2383f,0f,0f,0f,1f],start_interpolation: 0,interpolation_duration: 1}
$data merge entity $(left_shoulder) {transformation: [-1.403f,-0.4215f,-0.06f,1.0065f,-0.4258f,1.3867f,0.2133f,5.6022f,-0.0046f,0.2215f,-1.4494f,0.0775f,0f,0f,0f,1f],start_interpolation: 0,interpolation_duration: 1}
$data merge entity $(left_arm) {transformation: [-1f,0f,0f,0.4426f,0f,0.9999f,0.0108f,5.892f,0f,0.0108f,-0.9999f,0.0722f,0f,0f,0f,1f],start_interpolation: 0,interpolation_duration: 1}
$data merge entity $(chest) {transformation: [-1.2785f,0f,0f,0f,0f,1.2785f,0.0138f,4.0865f,0f,0.0138f,-1.2785f,0.0181f,0f,0f,0f,1f],start_interpolation: 0,interpolation_duration: 1}
data modify storage animated_java:temp entry.data merge value {"locators":{"consume":{"px":-2.0806254553,"py":1.414378817,"pz":0.8066080544,"ry":317.9350367818,"rx":-14.1729928132}}}
# Data Manager: Prepare for Read / Write
execute store result storage animated_java:temp args.id int 1 run scoreboard players get @s aj.id
# Data Manager: Write
function animated_java:global/data_manager/write with storage animated_java:temp args