# This file was generated by Animated Java via MC-Build. It is not recommended to edit this file directly.
$data merge entity $(neck) {transformation: [-1f,0f,0f,0f,0f,1f,0f,5.9311f,0f,0f,-1f,0.054f,0f,0f,0f,1f],start_interpolation: 0,interpolation_duration: 1}
$data merge entity $(right_thumb_2) {transformation: [-0.7592f,0.1714f,-0.6278f,-1.7632f,0.3504f,0.9206f,-0.1724f,1.8386f,0.5484f,-0.3509f,-0.759f,0.8005f,0f,0f,0f,1f],start_interpolation: 0,interpolation_duration: 1}
$data merge entity $(right_thumb) {transformation: [-0.7592f,-0.1928f,-0.6216f,-1.929f,0.3504f,0.6838f,-0.64f,2.1195f,0.5484f,-0.7038f,-0.4516f,0.6618f,0f,0f,0f,1f],start_interpolation: 0,interpolation_duration: 1}
$data merge entity $(right_fingers2) {transformation: [0.3991f,-0.6562f,-0.6404f,-1.9686f,-0.9163f,-0.3114f,-0.252f,1.3883f,-0.034f,0.6874f,-0.7255f,0.8396f,0f,0f,0f,1f],start_interpolation: 0,interpolation_duration: 1}
$data merge entity $(right_fingers) {transformation: [-0.5543f,-0.5317f,-0.6404f,-2.1405f,-0.5023f,0.8272f,-0.252f,1.608f,0.6637f,0.182f,-0.7255f,0.9049f,0f,0f,0f,1f],start_interpolation: 0,interpolation_duration: 1}
$data merge entity $(scout) {transformation: [0f,0f,0f,-2.069f,0f,0f,0f,1.5594f,0f,0f,0f,0.7117f,0f,0f,0f,1f],start_interpolation: 0,interpolation_duration: 1}
$data merge entity $(right_hand) {transformation: [-0.7592f,0.1161f,-0.6404f,-2.0937f,0.3504f,0.902f,-0.252f,2.1491f,0.5484f,-0.4157f,-0.7255f,0.6147f,0f,0f,0f,1f],start_interpolation: 0,interpolation_duration: 1}
$data merge entity $(right_forearm) {transformation: [-1.1557f,0.1598f,0.7321f,-1.7783f,-0.1859f,1.2424f,-0.5647f,4.0074f,-0.7259f,-0.5726f,-1.0209f,-0.2546f,0f,0f,0f,1f],start_interpolation: 0,interpolation_duration: 1}
$data merge entity $(right_shoulder) {transformation: [-1.4088f,0.4017f,0.0607f,-1.0065f,0.4061f,1.3872f,0.246f,5.6089f,0.01f,0.2532f,-1.4442f,0.0986f,0f,0f,0f,1f],start_interpolation: 0,interpolation_duration: 1}
$data merge entity $(right_arm) {transformation: [-1f,0f,0f,-0.4425f,0f,0.9997f,0.0247f,5.8987f,0f,0.0247f,-0.9997f,0.0973f,0f,0f,0f,1f],start_interpolation: 0,interpolation_duration: 1}
$data merge entity $(left_thumb_2) {transformation: [-0.7592f,-0.1714f,0.6278f,1.7632f,-0.3504f,0.9206f,-0.1724f,1.8386f,-0.5484f,-0.3509f,-0.759f,0.8005f,0f,0f,0f,1f],start_interpolation: 0,interpolation_duration: 1}
$data merge entity $(left_thumb) {transformation: [-0.7592f,0.1928f,0.6216f,1.929f,-0.3504f,0.6838f,-0.64f,2.1195f,-0.5484f,-0.7038f,-0.4516f,0.6618f,0f,0f,0f,1f],start_interpolation: 0,interpolation_duration: 1}
$data merge entity $(left_fingers2) {transformation: [0.3991f,0.6562f,0.6404f,1.9686f,0.9163f,-0.3114f,-0.252f,1.3883f,0.034f,0.6874f,-0.7255f,0.8396f,0f,0f,0f,1f],start_interpolation: 0,interpolation_duration: 1}
$data merge entity $(left_fingers) {transformation: [-0.5543f,0.5317f,0.6404f,2.1405f,0.5023f,0.8272f,-0.252f,1.608f,-0.6637f,0.182f,-0.7255f,0.9049f,0f,0f,0f,1f],start_interpolation: 0,interpolation_duration: 1}
$data merge entity $(left_hand) {transformation: [-0.7592f,-0.1161f,0.6404f,2.0937f,-0.3504f,0.902f,-0.252f,2.1491f,-0.5484f,-0.4157f,-0.7255f,0.6147f,0f,0f,0f,1f],start_interpolation: 0,interpolation_duration: 1}
$data merge entity $(left_forearm) {transformation: [-1.1557f,-0.1598f,-0.7321f,1.7783f,0.1859f,1.2424f,-0.5647f,4.0074f,0.7259f,-0.5726f,-1.0209f,-0.2546f,0f,0f,0f,1f],start_interpolation: 0,interpolation_duration: 1}
$data merge entity $(left_shoulder) {transformation: [-1.4088f,-0.4017f,-0.0607f,1.0065f,-0.4061f,1.3872f,0.246f,5.6089f,-0.01f,0.2532f,-1.4442f,0.0986f,0f,0f,0f,1f],start_interpolation: 0,interpolation_duration: 1}
$data merge entity $(left_arm) {transformation: [-1f,0f,0f,0.4426f,0f,0.9997f,0.0247f,5.8987f,0f,0.0247f,-0.9997f,0.0973f,0f,0f,0f,1f],start_interpolation: 0,interpolation_duration: 1}
$data merge entity $(chest) {transformation: [-1.2785f,0f,0f,0f,0f,1.2782f,0.0316f,4.0941f,0f,0.0316f,-1.2782f,0.0181f,0f,0f,0f,1f],start_interpolation: 0,interpolation_duration: 1}
data modify storage animated_java:temp entry.data merge value {"locators":{"consume":{"px":-2.024909818,"py":1.4093346193,"pz":0.7780146996,"ry":318.5662229934,"rx":-14.5956315769}}}
# Data Manager: Prepare for Read / Write
execute store result storage animated_java:temp args.id int 1 run scoreboard players get @s aj.id
# Data Manager: Write
function animated_java:global/data_manager/write with storage animated_java:temp args