# This file was generated by Animated Java via MC-Build. It is not recommended to edit this file directly.
$data merge entity $(neck) {transformation: [-1f,0f,0f,0f,0f,1f,0f,5.9347f,0f,0f,-1f,0.0605f,0f,0f,0f,1f],start_interpolation: 0,interpolation_duration: 1}
$data merge entity $(right_thumb_2) {transformation: [-0.7633f,0.1662f,-0.6243f,-1.7455f,0.3437f,0.9227f,-0.1746f,1.8392f,0.5471f,-0.3478f,-0.7614f,0.7867f,0f,0f,0f,1f],start_interpolation: 0,interpolation_duration: 1}
$data merge entity $(right_thumb) {transformation: [-0.7633f,-0.1953f,-0.6159f,-1.9128f,0.3437f,0.6844f,-0.643f,2.1194f,0.5471f,-0.7024f,-0.4553f,0.6483f,0f,0f,0f,1f],start_interpolation: 0,interpolation_duration: 1}
$data merge entity $(right_fingers2) {transformation: [0.4055f,-0.6561f,-0.6364f,-1.9479f,-0.9134f,-0.3178f,-0.2543f,1.3874f,-0.0354f,0.6845f,-0.7282f,0.824f,0f,0f,0f,1f],start_interpolation: 0,interpolation_duration: 1}
$data merge entity $(right_fingers) {transformation: [-0.5528f,-0.5379f,-0.6364f,-2.1214f,-0.508f,0.823f,-0.2543f,1.6057f,0.6606f,0.1827f,-0.7282f,0.8893f,0f,0f,0f,1f],start_interpolation: 0,interpolation_duration: 1}
$data merge entity $(scout) {transformation: [0f,0f,0f,-2.049f,0f,0f,0f,1.5582f,0f,0f,0f,0.6962f,0f,0f,0f,1f],start_interpolation: 0,interpolation_duration: 1}
$data merge entity $(right_hand) {transformation: [-0.7633f,0.1111f,-0.6364f,-2.0775f,0.3437f,0.904f,-0.2543f,2.148f,0.5471f,-0.4128f,-0.7282f,0.6009f,0f,0f,0f,1f],start_interpolation: 0,interpolation_duration: 1}
$data merge entity $(right_forearm) {transformation: [-1.1522f,0.1531f,0.739f,-1.7722f,-0.1917f,1.2451f,-0.5568f,4.0108f,-0.73f,-0.5686f,-1.0203f,-0.2623f,0f,0f,0f,1f],start_interpolation: 0,interpolation_duration: 1}
$data merge entity $(right_shoulder) {transformation: [-1.4103f,0.3965f,0.0616f,-1.0065f,0.4011f,1.3867f,0.2572f,5.6123f,0.0113f,0.2642f,-1.4422f,0.104f,0f,0f,0f,1f],start_interpolation: 0,interpolation_duration: 1}
$data merge entity $(right_arm) {transformation: [-1f,0f,0f,-0.4425f,0f,0.9996f,0.0282f,5.9021f,0f,0.0282f,-0.9996f,0.1037f,0f,0f,0f,1f],start_interpolation: 0,interpolation_duration: 1}
$data merge entity $(left_thumb_2) {transformation: [-0.7633f,-0.1662f,0.6243f,1.7455f,-0.3437f,0.9227f,-0.1746f,1.8392f,-0.5471f,-0.3478f,-0.7614f,0.7867f,0f,0f,0f,1f],start_interpolation: 0,interpolation_duration: 1}
$data merge entity $(left_thumb) {transformation: [-0.7633f,0.1953f,0.6159f,1.9128f,-0.3437f,0.6844f,-0.643f,2.1194f,-0.5471f,-0.7024f,-0.4553f,0.6483f,0f,0f,0f,1f],start_interpolation: 0,interpolation_duration: 1}
$data merge entity $(left_fingers2) {transformation: [0.4055f,0.6561f,0.6364f,1.9479f,0.9134f,-0.3178f,-0.2543f,1.3874f,0.0354f,0.6845f,-0.7282f,0.824f,0f,0f,0f,1f],start_interpolation: 0,interpolation_duration: 1}
$data merge entity $(left_fingers) {transformation: [-0.5528f,0.5379f,0.6364f,2.1214f,0.508f,0.823f,-0.2543f,1.6057f,-0.6606f,0.1827f,-0.7282f,0.8893f,0f,0f,0f,1f],start_interpolation: 0,interpolation_duration: 1}
$data merge entity $(left_hand) {transformation: [-0.7633f,-0.1111f,0.6364f,2.0775f,-0.3437f,0.904f,-0.2543f,2.148f,-0.5471f,-0.4128f,-0.7282f,0.6009f,0f,0f,0f,1f],start_interpolation: 0,interpolation_duration: 1}
$data merge entity $(left_forearm) {transformation: [-1.1522f,-0.1531f,-0.739f,1.7722f,0.1917f,1.2451f,-0.5568f,4.0108f,0.73f,-0.5686f,-1.0203f,-0.2623f,0f,0f,0f,1f],start_interpolation: 0,interpolation_duration: 1}
$data merge entity $(left_shoulder) {transformation: [-1.4103f,-0.3965f,-0.0616f,1.0065f,-0.4011f,1.3867f,0.2572f,5.6123f,-0.0113f,0.2642f,-1.4422f,0.104f,0f,0f,0f,1f],start_interpolation: 0,interpolation_duration: 1}
$data merge entity $(left_arm) {transformation: [-1f,0f,0f,0.4426f,0f,0.9996f,0.0282f,5.9021f,0f,0.0282f,-0.9996f,0.1037f,0f,0f,0f,1f],start_interpolation: 0,interpolation_duration: 1}
$data merge entity $(chest) {transformation: [-1.2785f,0f,0f,0f,0f,1.278f,0.0361f,4.0978f,0f,0.0361f,-1.278f,0.0181f,0f,0f,0f,1f],start_interpolation: 0,interpolation_duration: 1}
data modify storage animated_java:temp entry.data merge value {"locators":{"consume":{"px":-2.0041224918,"py":1.4082252379,"pz":0.7622504666,"ry":318.8458740161,"rx":-14.7329818131}}}
# Data Manager: Prepare for Read / Write
execute store result storage animated_java:temp args.id int 1 run scoreboard players get @s aj.id
# Data Manager: Write
function animated_java:global/data_manager/write with storage animated_java:temp args