# This file was generated by Animated Java via MC-Build. It is not recommended to edit this file directly.
$data merge entity $(neck) {transformation: [-1f,0f,0f,0f,0f,1f,0f,5.9432f,0f,0f,-1f,0.0696f,0f,0f,0f,1f],start_interpolation: 0,interpolation_duration: 1}
$data merge entity $(right_thumb_2) {transformation: [-0.772f,0.1543f,-0.6167f,-1.7102f,0.3279f,0.9277f,-0.1783f,1.842f,0.5446f,-0.3398f,-0.7668f,0.7532f,0f,0f,0f,1f],start_interpolation: 0,interpolation_duration: 1}
$data merge entity $(right_thumb) {transformation: [-0.772f,-0.2012f,-0.603f,-1.8809f,0.3279f,0.6867f,-0.6488f,2.1206f,0.5446f,-0.6986f,-0.4641f,0.6157f,0f,0f,0f,1f],start_interpolation: 0,interpolation_duration: 1}
$data merge entity $(right_fingers2) {transformation: [0.4196f,-0.6556f,-0.6278f,-1.906f,-0.9068f,-0.3329f,-0.2585f,1.3869f,-0.0395f,0.6777f,-0.7342f,0.7857f,0f,0f,0f,1f],start_interpolation: 0,interpolation_duration: 1}
$data merge entity $(right_fingers) {transformation: [-0.5493f,-0.5516f,-0.6278f,-2.0833f,-0.5213f,0.8133f,-0.2585f,1.602f,0.6531f,0.1853f,-0.7342f,0.8515f,0f,0f,0f,1f],start_interpolation: 0,interpolation_duration: 1}
$data merge entity $(scout) {transformation: [0f,0f,0f,-2.0089f,0f,0f,0f,1.5571f,0f,0f,0f,0.6585f,0f,0f,0f,1f],start_interpolation: 0,interpolation_duration: 1}
$data merge entity $(right_hand) {transformation: [-0.772f,0.1f,-0.6278f,-2.0457f,0.3279f,0.9087f,-0.2585f,2.1471f,0.5446f,-0.4054f,-0.7342f,0.5674f,0f,0f,0f,1f],start_interpolation: 0,interpolation_duration: 1}
$data merge entity $(right_forearm) {transformation: [-1.1444f,0.1377f,0.754f,-1.7633f,-0.2037f,1.2516f,-0.5378f,4.0208f,-0.7389f,-0.5583f,-1.0195f,-0.2798f,0f,0f,0f,1f],start_interpolation: 0,interpolation_duration: 1}
$data merge entity $(right_shoulder) {transformation: [-1.4122f,0.389f,0.0643f,-1.0065f,0.394f,1.3846f,0.2781f,5.6206f,0.0131f,0.2851f,-1.4382f,0.1115f,0f,0f,0f,1f],start_interpolation: 0,interpolation_duration: 1}
$data merge entity $(right_arm) {transformation: [-1f,0f,0f,-0.4425f,0f,0.9994f,0.0332f,5.9104f,0f,0.0332f,-0.9994f,0.1126f,0f,0f,0f,1f],start_interpolation: 0,interpolation_duration: 1}
$data merge entity $(left_thumb_2) {transformation: [-0.772f,-0.1543f,0.6167f,1.7102f,-0.3279f,0.9277f,-0.1783f,1.842f,-0.5446f,-0.3398f,-0.7668f,0.7532f,0f,0f,0f,1f],start_interpolation: 0,interpolation_duration: 1}
$data merge entity $(left_thumb) {transformation: [-0.772f,0.2012f,0.603f,1.8809f,-0.3279f,0.6867f,-0.6488f,2.1206f,-0.5446f,-0.6986f,-0.4641f,0.6157f,0f,0f,0f,1f],start_interpolation: 0,interpolation_duration: 1}
$data merge entity $(left_fingers2) {transformation: [0.4196f,0.6556f,0.6278f,1.906f,0.9068f,-0.3329f,-0.2585f,1.3869f,0.0395f,0.6777f,-0.7342f,0.7857f,0f,0f,0f,1f],start_interpolation: 0,interpolation_duration: 1}
$data merge entity $(left_fingers) {transformation: [-0.5493f,0.5516f,0.6278f,2.0833f,0.5213f,0.8133f,-0.2585f,1.602f,-0.6531f,0.1853f,-0.7342f,0.8515f,0f,0f,0f,1f],start_interpolation: 0,interpolation_duration: 1}
$data merge entity $(left_hand) {transformation: [-0.772f,-0.1f,0.6278f,2.0457f,-0.3279f,0.9087f,-0.2585f,2.1471f,-0.5446f,-0.4054f,-0.7342f,0.5674f,0f,0f,0f,1f],start_interpolation: 0,interpolation_duration: 1}
$data merge entity $(left_forearm) {transformation: [-1.1444f,-0.1377f,-0.754f,1.7633f,0.2037f,1.2516f,-0.5378f,4.0208f,0.7389f,-0.5583f,-1.0195f,-0.2798f,0f,0f,0f,1f],start_interpolation: 0,interpolation_duration: 1}
$data merge entity $(left_shoulder) {transformation: [-1.4122f,-0.389f,-0.0643f,1.0065f,-0.394f,1.3846f,0.2781f,5.6206f,-0.0131f,0.2851f,-1.4382f,0.1115f,0f,0f,0f,1f],start_interpolation: 0,interpolation_duration: 1}
$data merge entity $(left_arm) {transformation: [-1f,0f,0f,0.4426f,0f,0.9994f,0.0332f,5.9104f,0f,0.0332f,-0.9994f,0.1126f,0f,0f,0f,1f],start_interpolation: 0,interpolation_duration: 1}
$data merge entity $(chest) {transformation: [-1.2785f,0f,0f,0f,0f,1.2778f,0.0424f,4.1065f,0f,0.0424f,-1.2778f,0.0181f,0f,0f,0f,1f],start_interpolation: 0,interpolation_duration: 1}
data modify storage animated_java:temp entry.data merge value {"locators":{"consume":{"px":-1.9621127992,"py":1.4073208185,"pz":0.7237478681,"ry":319.4694416367,"rx":-14.9793262752}}}
# Data Manager: Prepare for Read / Write
execute store result storage animated_java:temp args.id int 1 run scoreboard players get @s aj.id
# Data Manager: Write
function animated_java:global/data_manager/write with storage animated_java:temp args