# This file was generated by Animated Java via MC-Build. It is not recommended to edit this file directly.
$data merge entity $(neck) {transformation: [-1f,0f,0f,0f,0f,1f,0f,5.9715f,0f,0f,-1f,0.0605f,0f,0f,0f,1f],start_interpolation: 0,interpolation_duration: 1}
$data merge entity $(right_thumb_2) {transformation: [-0.7945f,0.1178f,-0.5957f,-1.6336f,0.2771f,0.9433f,-0.183f,1.86f,0.5403f,-0.3104f,-0.7821f,0.6372f,0f,0f,0f,1f],start_interpolation: 0,interpolation_duration: 1}
$data merge entity $(right_thumb) {transformation: [-0.7945f,-0.2207f,-0.5657f,-1.8144f,0.2771f,0.6972f,-0.6611f,2.1347f,0.5403f,-0.682f,-0.4928f,0.5048f,0f,0f,0f,1f],start_interpolation: 0,interpolation_duration: 1}
$data merge entity $(right_fingers2) {transformation: [0.4606f,-0.6507f,-0.6037f,-1.8092f,-0.8857f,-0.3815f,-0.2645f,1.3958f,-0.0582f,0.6565f,-0.7521f,0.6533f,0f,0f,0f,1f],start_interpolation: 0,interpolation_duration: 1}
$data merge entity $(right_fingers) {transformation: [-0.5356f,-0.5905f,-0.6037f,-1.997f,-0.5642f,0.7821f,-0.2645f,1.6009f,0.6283f,0.1989f,-0.7521f,0.7222f,0f,0f,0f,1f],start_interpolation: 0,interpolation_duration: 1}
$data merge entity $(scout) {transformation: [0f,0f,0f,-1.9176f,0f,0f,0f,1.5649f,0f,0f,0f,0.5293f,0f,0f,0f,1f],start_interpolation: 0,interpolation_duration: 1}
$data merge entity $(right_hand) {transformation: [-0.7945f,0.0655f,-0.6037f,-1.9795f,0.2771f,0.9237f,-0.2645f,2.1551f,0.5403f,-0.3774f,-0.7521f,0.4545f,0f,0f,0f,1f],start_interpolation: 0,interpolation_duration: 1}
$data merge entity $(right_forearm) {transformation: [-1.1221f,0.0902f,0.7937f,-1.7682f,-0.2327f,1.2723f,-0.4735f,4.0637f,-0.7641f,-0.5198f,-1.0213f,-0.3337f,0f,0f,0f,1f],start_interpolation: 0,interpolation_duration: 1}
$data merge entity $(right_shoulder) {transformation: [-1.4103f,0.3936f,0.0778f,-1.0065f,0.4011f,1.3749f,0.3138f,5.6491f,0.0113f,0.3231f,-1.4301f,0.104f,0f,0f,0f,1f],start_interpolation: 0,interpolation_duration: 1}
$data merge entity $(right_arm) {transformation: [-1f,0f,0f,-0.4425f,0f,0.9996f,0.0282f,5.9389f,0f,0.0282f,-0.9996f,0.1037f,0f,0f,0f,1f],start_interpolation: 0,interpolation_duration: 1}
$data merge entity $(left_thumb_2) {transformation: [-0.7945f,-0.1178f,0.5957f,1.6336f,-0.2771f,0.9433f,-0.183f,1.86f,-0.5403f,-0.3104f,-0.7821f,0.6372f,0f,0f,0f,1f],start_interpolation: 0,interpolation_duration: 1}
$data merge entity $(left_thumb) {transformation: [-0.7945f,0.2207f,0.5657f,1.8144f,-0.2771f,0.6972f,-0.6611f,2.1347f,-0.5403f,-0.682f,-0.4928f,0.5048f,0f,0f,0f,1f],start_interpolation: 0,interpolation_duration: 1}
$data merge entity $(left_fingers2) {transformation: [0.4606f,0.6507f,0.6037f,1.8092f,0.8857f,-0.3815f,-0.2645f,1.3958f,0.0582f,0.6565f,-0.7521f,0.6533f,0f,0f,0f,1f],start_interpolation: 0,interpolation_duration: 1}
$data merge entity $(left_fingers) {transformation: [-0.5356f,0.5905f,0.6037f,1.997f,0.5642f,0.7821f,-0.2645f,1.6009f,-0.6283f,0.1989f,-0.7521f,0.7222f,0f,0f,0f,1f],start_interpolation: 0,interpolation_duration: 1}
$data merge entity $(left_hand) {transformation: [-0.7945f,-0.0655f,0.6037f,1.9795f,-0.2771f,0.9237f,-0.2645f,2.1551f,-0.5403f,-0.3774f,-0.7521f,0.4545f,0f,0f,0f,1f],start_interpolation: 0,interpolation_duration: 1}
$data merge entity $(left_forearm) {transformation: [-1.1221f,-0.0902f,-0.7937f,1.7682f,0.2327f,1.2723f,-0.4735f,4.0637f,0.7641f,-0.5198f,-1.0213f,-0.3337f,0f,0f,0f,1f],start_interpolation: 0,interpolation_duration: 1}
$data merge entity $(left_shoulder) {transformation: [-1.4103f,-0.3936f,-0.0778f,1.0065f,-0.4011f,1.3749f,0.3138f,5.6491f,-0.0113f,0.3231f,-1.4301f,0.104f,0f,0f,0f,1f],start_interpolation: 0,interpolation_duration: 1}
$data merge entity $(left_arm) {transformation: [-1f,0f,0f,0.4426f,0f,0.9996f,0.0282f,5.9389f,0f,0.0282f,-0.9996f,0.1037f,0f,0f,0f,1f],start_interpolation: 0,interpolation_duration: 1}
$data merge entity $(chest) {transformation: [-1.2785f,0f,0f,0f,0f,1.278f,0.0361f,4.1346f,0f,0.0361f,-1.278f,0.0181f,0f,0f,0f,1f],start_interpolation: 0,interpolation_duration: 1}
data modify storage animated_java:temp entry.data merge value {"locators":{"consume":{"px":-1.8651803764,"py":1.4155794019,"pz":0.5910066286,"ry":321.2454303632,"rx":-15.3360641817}}}
# Data Manager: Prepare for Read / Write
execute store result storage animated_java:temp args.id int 1 run scoreboard players get @s aj.id
# Data Manager: Write
function animated_java:global/data_manager/write with storage animated_java:temp args