# This file was generated by Animated Java via MC-Build. It is not recommended to edit this file directly.
$data merge entity $(neck) {transformation: [-1f,0f,0f,0f,0f,1f,0f,5.9787f,0f,0f,-1f,0.0463f,0f,0f,0f,1f],start_interpolation: 0,interpolation_duration: 1}
$data merge entity $(right_thumb_2) {transformation: [-0.7985f,0.1091f,-0.592f,-1.6254f,0.2645f,0.947f,-0.1822f,1.8666f,0.5407f,-0.3021f,-0.7851f,0.6061f,0f,0f,0f,1f],start_interpolation: 0,interpolation_duration: 1}
$data merge entity $(right_thumb) {transformation: [-0.7985f,-0.226f,-0.5579f,-1.8086f,0.2645f,0.7008f,-0.6625f,2.1406f,0.5407f,-0.6766f,-0.4998f,0.4756f,0f,0f,0f,1f],start_interpolation: 0,interpolation_duration: 1}
$data merge entity $(right_fingers2) {transformation: [0.4695f,-0.6485f,-0.5992f,-1.7964f,-0.8806f,-0.3936f,-0.2641f,1.4006f,-0.0646f,0.6516f,-0.7558f,0.6179f,0f,0f,0f,1f],start_interpolation: 0,interpolation_duration: 1}
$data merge entity $(right_fingers) {transformation: [-0.5315f,-0.5987f,-0.5992f,-1.9864f,-0.5748f,0.7745f,-0.2641f,1.6032f,0.6222f,0.2041f,-0.7558f,0.688f,0f,0f,0f,1f],start_interpolation: 0,interpolation_duration: 1}
$data merge entity $(scout) {transformation: [0f,0f,0f,-1.9062f,0f,0f,0f,1.5697f,0f,0f,0f,0.495f,0f,0f,0f,1f],start_interpolation: 0,interpolation_duration: 1}
$data merge entity $(right_hand) {transformation: [-0.7985f,0.0571f,-0.5992f,-1.9738f,0.2645f,0.9275f,-0.2641f,2.1599f,0.5407f,-0.3694f,-0.7558f,0.425f,0f,0f,0f,1f],start_interpolation: 0,interpolation_duration: 1}
$data merge entity $(right_forearm) {transformation: [-1.1179f,0.0787f,0.8008f,-1.7796f,-0.2373f,1.2775f,-0.4569f,4.077f,-0.7689f,-0.5088f,-1.0233f,-0.3465f,0f,0f,0f,1f],start_interpolation: 0,interpolation_duration: 1}
$data merge entity $(right_shoulder) {transformation: [-1.4071f,0.4037f,0.083f,-1.0065f,0.412f,1.3719f,0.3128f,5.6566f,0.0085f,0.3235f,-1.4301f,0.0923f,0f,0f,0f,1f],start_interpolation: 0,interpolation_duration: 1}
$data merge entity $(right_arm) {transformation: [-1f,0f,0f,-0.4425f,0f,0.9998f,0.0205f,5.9464f,0f,0.0205f,-0.9998f,0.0897f,0f,0f,0f,1f],start_interpolation: 0,interpolation_duration: 1}
$data merge entity $(left_thumb_2) {transformation: [-0.7985f,-0.1091f,0.592f,1.6254f,-0.2645f,0.947f,-0.1822f,1.8666f,-0.5407f,-0.3021f,-0.7851f,0.6061f,0f,0f,0f,1f],start_interpolation: 0,interpolation_duration: 1}
$data merge entity $(left_thumb) {transformation: [-0.7985f,0.226f,0.5579f,1.8086f,-0.2645f,0.7008f,-0.6625f,2.1406f,-0.5407f,-0.6766f,-0.4998f,0.4756f,0f,0f,0f,1f],start_interpolation: 0,interpolation_duration: 1}
$data merge entity $(left_fingers2) {transformation: [0.4695f,0.6485f,0.5992f,1.7964f,0.8806f,-0.3936f,-0.2641f,1.4006f,0.0646f,0.6516f,-0.7558f,0.6179f,0f,0f,0f,1f],start_interpolation: 0,interpolation_duration: 1}
$data merge entity $(left_fingers) {transformation: [-0.5315f,0.5987f,0.5992f,1.9864f,0.5748f,0.7745f,-0.2641f,1.6032f,-0.6222f,0.2041f,-0.7558f,0.688f,0f,0f,0f,1f],start_interpolation: 0,interpolation_duration: 1}
$data merge entity $(left_hand) {transformation: [-0.7985f,-0.0571f,0.5992f,1.9738f,-0.2645f,0.9275f,-0.2641f,2.1599f,-0.5407f,-0.3694f,-0.7558f,0.425f,0f,0f,0f,1f],start_interpolation: 0,interpolation_duration: 1}
$data merge entity $(left_forearm) {transformation: [-1.1179f,-0.0787f,-0.8008f,1.7796f,0.2373f,1.2775f,-0.4569f,4.077f,0.7689f,-0.5088f,-1.0233f,-0.3465f,0f,0f,0f,1f],start_interpolation: 0,interpolation_duration: 1}
$data merge entity $(left_shoulder) {transformation: [-1.4071f,-0.4037f,-0.083f,1.0065f,-0.412f,1.3719f,0.3128f,5.6566f,-0.0085f,0.3235f,-1.4301f,0.0923f,0f,0f,0f,1f],start_interpolation: 0,interpolation_duration: 1}
$data merge entity $(left_arm) {transformation: [-1f,0f,0f,0.4426f,0f,0.9998f,0.0205f,5.9464f,0f,0.0205f,-0.9998f,0.0897f,0f,0f,0f,1f],start_interpolation: 0,interpolation_duration: 1}
$data merge entity $(chest) {transformation: [-1.2785f,0f,0f,0f,0f,1.2783f,0.0262f,4.1415f,0f,0.0262f,-1.2783f,0.0181f,0f,0f,0f,1f],start_interpolation: 0,interpolation_duration: 1}
data modify storage animated_java:temp entry.data merge value {"locators":{"consume":{"px":-1.8524133079,"py":1.4203491465,"pz":0.555585239,"ry":321.5913499479,"rx":-15.312516009}}}
# Data Manager: Prepare for Read / Write
execute store result storage animated_java:temp args.id int 1 run scoreboard players get @s aj.id
# Data Manager: Write
function animated_java:global/data_manager/write with storage animated_java:temp args