# This file was generated by Animated Java via MC-Build. It is not recommended to edit this file directly.
$data merge entity $(neck) {transformation: [-1f,0f,0f,0f,0f,1f,0f,5.9813f,0f,0f,-1f,0.0378f,0f,0f,0f,1f],start_interpolation: 0,interpolation_duration: 1}
$data merge entity $(right_thumb_2) {transformation: [-0.7997f,0.106f,-0.591f,-1.6253f,0.2599f,0.9484f,-0.1815f,1.8695f,0.5413f,-0.2987f,-0.786f,0.5938f,0f,0f,0f,1f],start_interpolation: 0,interpolation_duration: 1}
$data merge entity $(right_thumb) {transformation: [-0.7997f,-0.2281f,-0.5554f,-1.8094f,0.2599f,0.7024f,-0.6627f,2.1433f,0.5413f,-0.6743f,-0.5024f,0.4642f,0f,0f,0f,1f],start_interpolation: 0,interpolation_duration: 1}
$data merge entity $(right_fingers2) {transformation: [0.4726f,-0.6474f,-0.598f,-1.7947f,-0.8787f,-0.3981f,-0.2635f,1.4029f,-0.0675f,0.65f,-0.757f,0.6038f,0f,0f,0f,1f],start_interpolation: 0,interpolation_duration: 1}
$data merge entity $(right_fingers) {transformation: [-0.5298f,-0.6015f,-0.598f,-1.9854f,-0.5788f,0.7717f,-0.2635f,1.6046f,0.62f,0.2065f,-0.757f,0.6746f,0f,0f,0f,1f],start_interpolation: 0,interpolation_duration: 1}
$data merge entity $(scout) {transformation: [0f,0f,0f,-1.905f,0f,0f,0f,1.572f,0f,0f,0f,0.4816f,0f,0f,0f,1f],start_interpolation: 0,interpolation_duration: 1}
$data merge entity $(right_hand) {transformation: [-0.7997f,0.0541f,-0.598f,-1.9746f,0.2599f,0.929f,-0.2635f,2.1622f,0.5413f,-0.3661f,-0.757f,0.4136f,0f,0f,0f,1f],start_interpolation: 0,interpolation_duration: 1}
$data merge entity $(right_forearm) {transformation: [-1.1167f,0.0745f,0.8028f,-1.7867f,-0.2385f,1.2796f,-0.4505f,4.0827f,-0.7702f,-0.5043f,-1.0245f,-0.3511f,0f,0f,0f,1f],start_interpolation: 0,interpolation_duration: 1}
$data merge entity $(right_shoulder) {transformation: [-1.4052f,0.4099f,0.0855f,-1.0065f,0.4186f,1.3707f,0.3096f,5.6595f,0.0066f,0.3211f,-1.4306f,0.0852f,0f,0f,0f,1f],start_interpolation: 0,interpolation_duration: 1}
$data merge entity $(right_arm) {transformation: [-1f,0f,0f,-0.4425f,0f,0.9999f,0.0158f,5.9493f,0f,0.0158f,-0.9999f,0.0813f,0f,0f,0f,1f],start_interpolation: 0,interpolation_duration: 1}
$data merge entity $(left_thumb_2) {transformation: [-0.7997f,-0.106f,0.591f,1.6253f,-0.2599f,0.9484f,-0.1815f,1.8695f,-0.5413f,-0.2987f,-0.786f,0.5938f,0f,0f,0f,1f],start_interpolation: 0,interpolation_duration: 1}
$data merge entity $(left_thumb) {transformation: [-0.7997f,0.2281f,0.5554f,1.8094f,-0.2599f,0.7024f,-0.6627f,2.1433f,-0.5413f,-0.6743f,-0.5024f,0.4642f,0f,0f,0f,1f],start_interpolation: 0,interpolation_duration: 1}
$data merge entity $(left_fingers2) {transformation: [0.4726f,0.6474f,0.598f,1.7947f,0.8787f,-0.3981f,-0.2635f,1.4029f,0.0675f,0.65f,-0.757f,0.6038f,0f,0f,0f,1f],start_interpolation: 0,interpolation_duration: 1}
$data merge entity $(left_fingers) {transformation: [-0.5298f,0.6015f,0.598f,1.9854f,0.5788f,0.7717f,-0.2635f,1.6046f,-0.62f,0.2065f,-0.757f,0.6746f,0f,0f,0f,1f],start_interpolation: 0,interpolation_duration: 1}
$data merge entity $(left_hand) {transformation: [-0.7997f,-0.0541f,0.598f,1.9746f,-0.2599f,0.929f,-0.2635f,2.1622f,-0.5413f,-0.3661f,-0.757f,0.4136f,0f,0f,0f,1f],start_interpolation: 0,interpolation_duration: 1}
$data merge entity $(left_forearm) {transformation: [-1.1167f,-0.0745f,-0.8028f,1.7867f,0.2385f,1.2796f,-0.4505f,4.0827f,0.7702f,-0.5043f,-1.0245f,-0.3511f,0f,0f,0f,1f],start_interpolation: 0,interpolation_duration: 1}
$data merge entity $(left_shoulder) {transformation: [-1.4052f,-0.4099f,-0.0855f,1.0065f,-0.4186f,1.3707f,0.3096f,5.6595f,-0.0066f,0.3211f,-1.4306f,0.0852f,0f,0f,0f,1f],start_interpolation: 0,interpolation_duration: 1}
$data merge entity $(left_arm) {transformation: [-1f,0f,0f,0.4426f,0f,0.9999f,0.0158f,5.9493f,0f,0.0158f,-0.9999f,0.0813f,0f,0f,0f,1f],start_interpolation: 0,interpolation_duration: 1}
$data merge entity $(chest) {transformation: [-1.2785f,0f,0f,0f,0f,1.2784f,0.0203f,4.144f,0f,0.0203f,-1.2784f,0.0181f,0f,0f,0f,1f],start_interpolation: 0,interpolation_duration: 1}
data modify storage animated_java:temp entry.data merge value {"locators":{"consume":{"px":-1.8507866265,"py":1.4226527598,"pz":0.5416220945,"ry":321.6919366728,"rx":-15.2763084433}}}
# Data Manager: Prepare for Read / Write
execute store result storage animated_java:temp args.id int 1 run scoreboard players get @s aj.id
# Data Manager: Write
function animated_java:global/data_manager/write with storage animated_java:temp args