# This file was generated by Animated Java via MC-Build. It is not recommended to edit this file directly.
$data merge entity $(neck) {transformation: [-1f,0f,0f,0f,0f,1f,0f,5.9845f,0f,0f,-1f,0.0187f,0f,0f,0f,1f],start_interpolation: 0,interpolation_duration: 1}
$data merge entity $(right_thumb_2) {transformation: [-0.8001f,0.1027f,-0.591f,-1.6334f,0.2545f,0.9503f,-0.1794f,1.8739f,0.5432f,-0.2939f,-0.7865f,0.5771f,0f,0f,0f,1f],start_interpolation: 0,interpolation_duration: 1}
$data merge entity $(right_thumb) {transformation: [-0.8001f,-0.2309f,-0.5536f,-1.8185f,0.2545f,0.7051f,-0.6619f,2.1478f,0.5432f,-0.6705f,-0.5054f,0.449f,0f,0f,0f,1f],start_interpolation: 0,interpolation_duration: 1}
$data merge entity $(right_fingers2) {transformation: [0.4754f,-0.6456f,-0.5977f,-1.8012f,-0.8768f,-0.4035f,-0.2615f,1.4067f,-0.0724f,0.6484f,-0.7579f,0.5848f,0f,0f,0f,1f],start_interpolation: 0,interpolation_duration: 1}
$data merge entity $(right_fingers) {transformation: [-0.5274f,-0.6038f,-0.5977f,-1.9925f,-0.5837f,0.7687f,-0.2615f,1.6074f,0.6174f,0.211f,-0.7579f,0.6568f,0f,0f,0f,1f],start_interpolation: 0,interpolation_duration: 1}
$data merge entity $(scout) {transformation: [0f,0f,0f,-1.9122f,0f,0f,0f,1.5761f,0f,0f,0f,0.4635f,0f,0f,0f,1f],start_interpolation: 0,interpolation_duration: 1}
$data merge entity $(right_hand) {transformation: [-0.8001f,0.0508f,-0.5977f,-1.9838f,0.2545f,0.931f,-0.2615f,2.1664f,0.5432f,-0.3613f,-0.7579f,0.3986f,0f,0f,0f,1f],start_interpolation: 0,interpolation_duration: 1}
$data merge entity $(right_forearm) {transformation: [-1.1166f,0.07f,0.8035f,-1.8027f,-0.2381f,1.2824f,-0.4426f,4.0915f,-0.7705f,-0.4977f,-1.0275f,-0.3562f,0f,0f,0f,1f],start_interpolation: 0,interpolation_duration: 1}
$data merge entity $(right_shoulder) {transformation: [-1.4008f,0.4238f,0.0899f,-1.0065f,0.4333f,1.3686f,0.2985f,5.6631f,0.0024f,0.3117f,-1.4327f,0.0694f,0f,0f,0f,1f],start_interpolation: 0,interpolation_duration: 1}
$data merge entity $(right_arm) {transformation: [-1f,0f,0f,-0.4425f,0f,1f,0.0055f,5.9529f,0f,0.0055f,-1f,0.0626f,0f,0f,0f,1f],start_interpolation: 0,interpolation_duration: 1}
$data merge entity $(left_thumb_2) {transformation: [-0.8001f,-0.1027f,0.591f,1.6334f,-0.2545f,0.9503f,-0.1794f,1.8739f,-0.5432f,-0.2939f,-0.7865f,0.5771f,0f,0f,0f,1f],start_interpolation: 0,interpolation_duration: 1}
$data merge entity $(left_thumb) {transformation: [-0.8001f,0.2309f,0.5536f,1.8185f,-0.2545f,0.7051f,-0.6619f,2.1478f,-0.5432f,-0.6705f,-0.5054f,0.449f,0f,0f,0f,1f],start_interpolation: 0,interpolation_duration: 1}
$data merge entity $(left_fingers2) {transformation: [0.4754f,0.6456f,0.5977f,1.8012f,0.8768f,-0.4035f,-0.2615f,1.4067f,0.0724f,0.6484f,-0.7579f,0.5848f,0f,0f,0f,1f],start_interpolation: 0,interpolation_duration: 1}
$data merge entity $(left_fingers) {transformation: [-0.5274f,0.6038f,0.5977f,1.9925f,0.5837f,0.7687f,-0.2615f,1.6074f,-0.6174f,0.211f,-0.7579f,0.6568f,0f,0f,0f,1f],start_interpolation: 0,interpolation_duration: 1}
$data merge entity $(left_hand) {transformation: [-0.8001f,-0.0508f,0.5977f,1.9838f,-0.2545f,0.931f,-0.2615f,2.1664f,-0.5432f,-0.3613f,-0.7579f,0.3986f,0f,0f,0f,1f],start_interpolation: 0,interpolation_duration: 1}
$data merge entity $(left_forearm) {transformation: [-1.1166f,-0.07f,-0.8035f,1.8027f,0.2381f,1.2824f,-0.4426f,4.0915f,0.7705f,-0.4977f,-1.0275f,-0.3562f,0f,0f,0f,1f],start_interpolation: 0,interpolation_duration: 1}
$data merge entity $(left_shoulder) {transformation: [-1.4008f,-0.4238f,-0.0899f,1.0065f,-0.4333f,1.3686f,0.2985f,5.6631f,-0.0024f,0.3117f,-1.4327f,0.0694f,0f,0f,0f,1f],start_interpolation: 0,interpolation_duration: 1}
$data merge entity $(left_arm) {transformation: [-1f,0f,0f,0.4426f,0f,1f,0.0055f,5.9529f,0f,0.0055f,-1f,0.0626f,0f,0f,0f,1f],start_interpolation: 0,interpolation_duration: 1}
$data merge entity $(chest) {transformation: [-1.2785f,0f,0f,0f,0f,1.2785f,0.007f,4.1471f,0f,0.007f,-1.2785f,0.0181f,0f,0f,0f,1f],start_interpolation: 0,interpolation_duration: 1}
data modify storage animated_java:temp entry.data merge value {"locators":{"consume":{"px":-1.8574108823,"py":1.4266251898,"pz":0.5227392132,"ry":321.7373057939,"rx":-15.1594983632}}}
# Data Manager: Prepare for Read / Write
execute store result storage animated_java:temp args.id int 1 run scoreboard players get @s aj.id
# Data Manager: Write
function animated_java:global/data_manager/write with storage animated_java:temp args