# This file was generated by Animated Java via MC-Build. It is not recommended to edit this file directly.
$data merge entity $(neck) {transformation: [-1f,0f,0f,0f,0f,1f,0f,5.9848f,0f,0f,-1f,0.0086f,0f,0f,0f,1f],start_interpolation: 0,interpolation_duration: 1}
$data merge entity $(right_thumb_2) {transformation: [-0.7994f,0.1026f,-0.592f,-1.6414f,0.2538f,0.9507f,-0.178f,1.8753f,0.5445f,-0.2926f,-0.7861f,0.573f,0f,0f,0f,1f],start_interpolation: 0,interpolation_duration: 1}
$data merge entity $(right_thumb) {transformation: [-0.7994f,-0.2315f,-0.5544f,-1.8266f,0.2538f,0.7062f,-0.6609f,2.1495f,0.5445f,-0.6691f,-0.5058f,0.4456f,0f,0f,0f,1f],start_interpolation: 0,interpolation_duration: 1}
$data merge entity $(right_fingers2) {transformation: [0.4751f,-0.6449f,-0.5987f,-1.8093f,-0.8768f,-0.4044f,-0.2602f,1.4082f,-0.0743f,0.6485f,-0.7576f,0.5802f,0f,0f,0f,1f],start_interpolation: 0,interpolation_duration: 1}
$data merge entity $(right_fingers) {transformation: [-0.5268f,-0.6034f,-0.5987f,-2.0005f,-0.5846f,0.7685f,-0.2602f,1.6088f,0.6171f,0.2129f,-0.7576f,0.6527f,0f,0f,0f,1f],start_interpolation: 0,interpolation_duration: 1}
$data merge entity $(scout) {transformation: [0f,0f,0f,-1.9204f,0f,0f,0f,1.5778f,0f,0f,0f,0.4593f,0f,0f,0f,1f],start_interpolation: 0,interpolation_duration: 1}
$data merge entity $(right_hand) {transformation: [-0.7994f,0.0506f,-0.5987f,-1.9919f,0.2538f,0.9316f,-0.2602f,2.1682f,0.5445f,-0.36f,-0.7576f,0.3954f,0f,0f,0f,1f],start_interpolation: 0,interpolation_duration: 1}
$data merge entity $(right_forearm) {transformation: [-1.1175f,0.0697f,0.8021f,-1.8112f,-0.2366f,1.2831f,-0.4412f,4.0943f,-0.7696f,-0.4958f,-1.0291f,-0.3567f,0f,0f,0f,1f],start_interpolation: 0,interpolation_duration: 1}
$data merge entity $(right_shoulder) {transformation: [-1.3984f,0.4313f,0.0917f,-1.0065f,0.4409f,1.3678f,0.2907f,5.6638f,0f,0.3048f,-1.4342f,0.0612f,0f,0f,0f,1f],start_interpolation: 0,interpolation_duration: 1}
$data merge entity $(right_arm) {transformation: [-1f,0f,0f,-0.4425f,0f,1f,0f,5.9535f,0f,0f,-1f,0.0527f,0f,0f,0f,1f],start_interpolation: 0,interpolation_duration: 1}
$data merge entity $(left_thumb_2) {transformation: [-0.7994f,-0.1026f,0.592f,1.6414f,-0.2538f,0.9507f,-0.178f,1.8753f,-0.5445f,-0.2926f,-0.7861f,0.573f,0f,0f,0f,1f],start_interpolation: 0,interpolation_duration: 1}
$data merge entity $(left_thumb) {transformation: [-0.7994f,0.2315f,0.5544f,1.8266f,-0.2538f,0.7062f,-0.6609f,2.1495f,-0.5445f,-0.6691f,-0.5058f,0.4456f,0f,0f,0f,1f],start_interpolation: 0,interpolation_duration: 1}
$data merge entity $(left_fingers2) {transformation: [0.4751f,0.6449f,0.5987f,1.8093f,0.8768f,-0.4044f,-0.2602f,1.4082f,0.0743f,0.6485f,-0.7576f,0.5802f,0f,0f,0f,1f],start_interpolation: 0,interpolation_duration: 1}
$data merge entity $(left_fingers) {transformation: [-0.5268f,0.6034f,0.5987f,2.0005f,0.5846f,0.7685f,-0.2602f,1.6088f,-0.6171f,0.2129f,-0.7576f,0.6527f,0f,0f,0f,1f],start_interpolation: 0,interpolation_duration: 1}
$data merge entity $(left_hand) {transformation: [-0.7994f,-0.0506f,0.5987f,1.9919f,-0.2538f,0.9316f,-0.2602f,2.1682f,-0.5445f,-0.36f,-0.7576f,0.3954f,0f,0f,0f,1f],start_interpolation: 0,interpolation_duration: 1}
$data merge entity $(left_forearm) {transformation: [-1.1175f,-0.0697f,-0.8021f,1.8112f,0.2366f,1.2831f,-0.4412f,4.0943f,0.7696f,-0.4958f,-1.0291f,-0.3567f,0f,0f,0f,1f],start_interpolation: 0,interpolation_duration: 1}
$data merge entity $(left_shoulder) {transformation: [-1.3984f,-0.4313f,-0.0917f,1.0065f,-0.4409f,1.3678f,0.2907f,5.6638f,0f,0.3048f,-1.4342f,0.0612f,0f,0f,0f,1f],start_interpolation: 0,interpolation_duration: 1}
$data merge entity $(left_arm) {transformation: [-1f,0f,0f,0.4426f,0f,1f,0f,5.9535f,0f,0f,-1f,0.0527f,0f,0f,0f,1f],start_interpolation: 0,interpolation_duration: 1}
$data merge entity $(chest) {transformation: [-1.2785f,0f,0f,0f,0f,1.2785f,0f,4.1475f,0f,0f,-1.2785f,0.0181f,0f,0f,0f,1f],start_interpolation: 0,interpolation_duration: 1}
data modify storage animated_java:temp entry.data merge value {"locators":{"consume":{"px":-1.865584493,"py":1.4281612888,"pz":0.5182267102,"ry":321.6821719245,"rx":-15.0807617288}}}
# Data Manager: Prepare for Read / Write
execute store result storage animated_java:temp args.id int 1 run scoreboard players get @s aj.id
# Data Manager: Write
function animated_java:global/data_manager/write with storage animated_java:temp args