# This file was generated by Animated Java via MC-Build. It is not recommended to edit this file directly.
$data merge entity $(neck) {transformation: [-1f,0f,0f,0f,0f,1f,0f,5.9749f,0f,0f,-1f,-0.0367f,0f,0f,0f,1f],start_interpolation: 0,interpolation_duration: 1}
$data merge entity $(right_thumb_2) {transformation: [-0.7879f,0.1174f,-0.6045f,-1.713f,0.2709f,0.9477f,-0.169f,1.8738f,0.553f,-0.2969f,-0.7785f,0.5971f,0f,0f,0f,1f],start_interpolation: 0,interpolation_duration: 1}
$data merge entity $(right_thumb) {transformation: [-0.7879f,-0.2258f,-0.573f,-1.8944f,0.2709f,0.7085f,-0.6517f,2.151f,0.553f,-0.6687f,-0.497f,0.471f,0f,0f,0f,1f],start_interpolation: 0,interpolation_duration: 1}
$data merge entity $(right_fingers2) {transformation: [0.4572f,-0.6449f,-0.6125f,-1.8898f,-0.886f,-0.3898f,-0.2509f,1.41f,-0.077f,0.6574f,-0.7496f,0.6078f,0f,0f,0f,1f],start_interpolation: 0,interpolation_duration: 1}
$data merge entity $(right_fingers) {transformation: [-0.5306f,-0.5859f,-0.6125f,-2.0763f,-0.5724f,0.7807f,-0.2509f,1.6144f,0.6251f,0.2174f,-0.7496f,0.6819f,0f,0f,0f,1f],start_interpolation: 0,interpolation_duration: 1}
$data merge entity $(scout) {transformation: [0f,0f,0f,-1.999f,0f,0f,0f,1.5813f,0f,0f,0f,0.4876f,0f,0f,0f,1f],start_interpolation: 0,interpolation_duration: 1}
$data merge entity $(right_hand) {transformation: [-0.7879f,0.0643f,-0.6125f,-2.0599f,0.2709f,0.9293f,-0.2509f,2.1728f,0.553f,-0.3636f,-0.7496f,0.4227f,0f,0f,0f,1f],start_interpolation: 0,interpolation_duration: 1}
$data merge entity $(right_forearm) {transformation: [-1.1309f,0.0886f,0.7813f,-1.8511f,-0.2174f,1.28f,-0.4598f,4.0928f,-0.7556f,-0.5008f,-1.037f,-0.3378f,0f,0f,0f,1f],start_interpolation: 0,interpolation_duration: 1}
$data merge entity $(right_shoulder) {transformation: [-1.3871f,0.4659f,0.0941f,-1.0065f,0.4751f,1.3664f,0.2389f,5.6552f,-0.0117f,0.2565f,-1.4436f,0.0237f,0f,0f,0f,1f],start_interpolation: 0,interpolation_duration: 1}
$data merge entity $(right_arm) {transformation: [-1f,0f,0f,-0.4425f,0f,0.9997f,-0.0247f,5.9446f,0f,-0.0247f,-0.9997f,0.0081f,0f,0f,0f,1f],start_interpolation: 0,interpolation_duration: 1}
$data merge entity $(left_thumb_2) {transformation: [-0.7879f,-0.1174f,0.6045f,1.713f,-0.2709f,0.9477f,-0.169f,1.8738f,-0.553f,-0.2969f,-0.7785f,0.5971f,0f,0f,0f,1f],start_interpolation: 0,interpolation_duration: 1}
$data merge entity $(left_thumb) {transformation: [-0.7879f,0.2258f,0.573f,1.8944f,-0.2709f,0.7085f,-0.6517f,2.151f,-0.553f,-0.6687f,-0.497f,0.471f,0f,0f,0f,1f],start_interpolation: 0,interpolation_duration: 1}
$data merge entity $(left_fingers2) {transformation: [0.4572f,0.6449f,0.6125f,1.8898f,0.886f,-0.3898f,-0.2509f,1.41f,0.077f,0.6574f,-0.7496f,0.6078f,0f,0f,0f,1f],start_interpolation: 0,interpolation_duration: 1}
$data merge entity $(left_fingers) {transformation: [-0.5306f,0.5859f,0.6125f,2.0763f,0.5724f,0.7807f,-0.2509f,1.6144f,-0.6251f,0.2174f,-0.7496f,0.6819f,0f,0f,0f,1f],start_interpolation: 0,interpolation_duration: 1}
$data merge entity $(left_hand) {transformation: [-0.7879f,-0.0643f,0.6125f,2.0599f,-0.2709f,0.9293f,-0.2509f,2.1728f,-0.553f,-0.3636f,-0.7496f,0.4227f,0f,0f,0f,1f],start_interpolation: 0,interpolation_duration: 1}
$data merge entity $(left_forearm) {transformation: [-1.1309f,-0.0886f,-0.7813f,1.8511f,0.2174f,1.28f,-0.4598f,4.0928f,0.7556f,-0.5008f,-1.037f,-0.3378f,0f,0f,0f,1f],start_interpolation: 0,interpolation_duration: 1}
$data merge entity $(left_shoulder) {transformation: [-1.3871f,-0.4659f,-0.0941f,1.0065f,-0.4751f,1.3664f,0.2389f,5.6552f,0.0117f,0.2565f,-1.4436f,0.0237f,0f,0f,0f,1f],start_interpolation: 0,interpolation_duration: 1}
$data merge entity $(left_arm) {transformation: [-1f,0f,0f,0.4426f,0f,0.9997f,-0.0247f,5.9446f,0f,-0.0247f,-0.9997f,0.0081f,0f,0f,0f,1f],start_interpolation: 0,interpolation_duration: 1}
$data merge entity $(chest) {transformation: [-1.2785f,0f,0f,0f,0f,1.2782f,-0.0316f,4.1383f,0f,-0.0316f,-1.2782f,0.0181f,0f,0f,0f,1f],start_interpolation: 0,interpolation_duration: 1}
data modify storage animated_java:temp entry.data merge value {"locators":{"consume":{"px":-1.9464314042,"py":1.4308494518,"pz":0.5464405739,"ry":320.7501067113,"rx":-14.5317919698}}}
# Data Manager: Prepare for Read / Write
execute store result storage animated_java:temp args.id int 1 run scoreboard players get @s aj.id
# Data Manager: Write
function animated_java:global/data_manager/write with storage animated_java:temp args