# This file was generated by Animated Java via MC-Build. It is not recommended to edit this file directly.
$data merge entity $(neck) {transformation: [-1f,0f,0f,0f,0f,1f,0f,5.9619f,0f,0f,-1f,-0.0523f,0f,0f,0f,1f],start_interpolation: 0,interpolation_duration: 1}
$data merge entity $(right_thumb_2) {transformation: [-0.7764f,0.1356f,-0.6155f,-1.7684f,0.2937f,0.9419f,-0.163f,1.8679f,0.5576f,-0.3073f,-0.7711f,0.6422f,0f,0f,0f,1f],start_interpolation: 0,interpolation_duration: 1}
$data merge entity $(right_thumb) {transformation: [-0.7764f,-0.2163f,-0.592f,-1.9448f,0.2937f,0.7068f,-0.6435f,2.1479f,0.5576f,-0.6735f,-0.4852f,0.5151f,0f,0f,0f,1f],start_interpolation: 0,interpolation_duration: 1}
$data merge entity $(right_fingers2) {transformation: [0.4366f,-0.6471f,-0.625f,-1.9554f,-0.8967f,-0.369f,-0.2444f,1.4083f,-0.0724f,0.6672f,-0.7414f,0.6592f,0f,0f,0f,1f],start_interpolation: 0,interpolation_duration: 1}
$data merge entity $(right_fingers) {transformation: [-0.5372f,-0.5663f,-0.625f,-2.1365f,-0.5543f,0.7956f,-0.2444f,1.6176f,0.6357f,0.2151f,-0.7414f,0.733f,0f,0f,0f,1f],start_interpolation: 0,interpolation_duration: 1}
$data merge entity $(scout) {transformation: [0f,0f,0f,-2.0619f,0f,0f,0f,1.5809f,0f,0f,0f,0.5384f,0f,0f,0f,1f],start_interpolation: 0,interpolation_duration: 1}
$data merge entity $(right_hand) {transformation: [-0.7764f,0.0815f,-0.625f,-2.1102f,0.2937f,0.9241f,-0.2444f,2.1729f,0.5576f,-0.3734f,-0.7414f,0.4681f,0f,0f,0f,1f],start_interpolation: 0,interpolation_duration: 1}
$data merge entity $(right_forearm) {transformation: [-1.1426f,0.1122f,0.761f,-1.866f,-0.1994f,1.2728f,-0.4871f,4.0803f,-0.7429f,-0.5143f,-1.0396f,-0.3133f,0f,0f,0f,1f],start_interpolation: 0,interpolation_duration: 1}
$data merge entity $(right_shoulder) {transformation: [-1.383f,0.4787f,0.0897f,-1.0065f,0.4868f,1.3675f,0.2069f,5.6428f,-0.0162f,0.2249f,-1.4488f,0.0108f,0f,0f,0f,1f],start_interpolation: 0,interpolation_duration: 1}
$data merge entity $(right_arm) {transformation: [-1f,0f,0f,-0.4425f,0f,0.9994f,-0.0332f,5.932f,0f,-0.0332f,-0.9994f,-0.0073f,0f,0f,0f,1f],start_interpolation: 0,interpolation_duration: 1}
$data merge entity $(left_thumb_2) {transformation: [-0.7764f,-0.1356f,0.6155f,1.7684f,-0.2937f,0.9419f,-0.163f,1.8679f,-0.5576f,-0.3073f,-0.7711f,0.6422f,0f,0f,0f,1f],start_interpolation: 0,interpolation_duration: 1}
$data merge entity $(left_thumb) {transformation: [-0.7764f,0.2163f,0.592f,1.9448f,-0.2937f,0.7068f,-0.6435f,2.1479f,-0.5576f,-0.6735f,-0.4852f,0.5151f,0f,0f,0f,1f],start_interpolation: 0,interpolation_duration: 1}
$data merge entity $(left_fingers2) {transformation: [0.4366f,0.6471f,0.625f,1.9554f,0.8967f,-0.369f,-0.2444f,1.4083f,0.0724f,0.6672f,-0.7414f,0.6592f,0f,0f,0f,1f],start_interpolation: 0,interpolation_duration: 1}
$data merge entity $(left_fingers) {transformation: [-0.5372f,0.5663f,0.625f,2.1365f,0.5543f,0.7956f,-0.2444f,1.6176f,-0.6357f,0.2151f,-0.7414f,0.733f,0f,0f,0f,1f],start_interpolation: 0,interpolation_duration: 1}
$data merge entity $(left_hand) {transformation: [-0.7764f,-0.0815f,0.625f,2.1102f,-0.2937f,0.9241f,-0.2444f,2.1729f,-0.5576f,-0.3734f,-0.7414f,0.4681f,0f,0f,0f,1f],start_interpolation: 0,interpolation_duration: 1}
$data merge entity $(left_forearm) {transformation: [-1.1426f,-0.1122f,-0.761f,1.866f,0.1994f,1.2728f,-0.4871f,4.0803f,0.7429f,-0.5143f,-1.0396f,-0.3133f,0f,0f,0f,1f],start_interpolation: 0,interpolation_duration: 1}
$data merge entity $(left_shoulder) {transformation: [-1.383f,-0.4787f,-0.0897f,1.0065f,-0.4868f,1.3675f,0.2069f,5.6428f,0.0162f,0.2249f,-1.4488f,0.0108f,0f,0f,0f,1f],start_interpolation: 0,interpolation_duration: 1}
$data merge entity $(left_arm) {transformation: [-1f,0f,0f,0.4426f,0f,0.9994f,-0.0332f,5.932f,0f,-0.0332f,-0.9994f,-0.0073f,0f,0f,0f,1f],start_interpolation: 0,interpolation_duration: 1}
$data merge entity $(chest) {transformation: [-1.2785f,0f,0f,0f,0f,1.2778f,-0.0424f,4.1259f,0f,-0.0424f,-1.2778f,0.0181f,0f,0f,0f,1f],start_interpolation: 0,interpolation_duration: 1}
data modify storage animated_java:temp entry.data merge value {"locators":{"consume":{"px":-2.0120823014,"py":1.4298261287,"pz":0.5981595958,"ry":319.8682010646,"rx":-14.1490831465}}}
# Data Manager: Prepare for Read / Write
execute store result storage animated_java:temp args.id int 1 run scoreboard players get @s aj.id
# Data Manager: Write
function animated_java:global/data_manager/write with storage animated_java:temp args