# This file was generated by Animated Java via MC-Build. It is not recommended to edit this file directly.
$data merge entity $(neck) {transformation: [-1f,0f,0f,0f,0f,1f,0f,5.9388f,0f,0f,-1f,0.0658f,0f,0f,0f,1f],start_interpolation: 0,interpolation_duration: 1}
$data merge entity $(right_thumb_2) {transformation: [-0.7676f,0.1604f,-0.6206f,-1.7277f,0.3361f,0.9251f,-0.1765f,1.8403f,0.5458f,-0.3441f,-0.764f,0.7708f,0f,0f,0f,1f],start_interpolation: 0,interpolation_duration: 1}
$data merge entity $(right_thumb) {transformation: [-0.7676f,-0.1981f,-0.6096f,-1.8966f,0.3361f,0.6854f,-0.646f,2.1198f,0.5458f,-0.7007f,-0.4595f,0.6328f,0f,0f,0f,1f],start_interpolation: 0,interpolation_duration: 1}
$data merge entity $(right_fingers2) {transformation: [0.4124f,-0.6559f,-0.6322f,-1.9269f,-0.9102f,-0.3251f,-0.2565f,1.3869f,-0.0373f,0.6812f,-0.7311f,0.8058f,0f,0f,0f,1f],start_interpolation: 0,interpolation_duration: 1}
$data merge entity $(right_fingers) {transformation: [-0.5511f,-0.5446f,-0.6322f,-2.1022f,-0.5144f,0.8183f,-0.2565f,1.6037f,0.657f,0.1838f,-0.7311f,0.8714f,0f,0f,0f,1f],start_interpolation: 0,interpolation_duration: 1}
$data merge entity $(scout) {transformation: [0f,0f,0f,-2.0289f,0f,0f,0f,1.5574f,0f,0f,0f,0.6783f,0f,0f,0f,1f],start_interpolation: 0,interpolation_duration: 1}
$data merge entity $(right_hand) {transformation: [-0.7676f,0.1057f,-0.6322f,-2.0614f,0.3361f,0.9062f,-0.2565f,2.1473f,0.5458f,-0.4093f,-0.7311f,0.5849f,0f,0f,0f,1f],start_interpolation: 0,interpolation_duration: 1}
$data merge entity $(right_forearm) {transformation: [-1.1484f,0.1456f,0.7464f,-1.7672f,-0.1977f,1.2482f,-0.5477f,4.0153f,-0.7343f,-0.5638f,-1.0198f,-0.2707f,0f,0f,0f,1f],start_interpolation: 0,interpolation_duration: 1}
$data merge entity $(right_shoulder) {transformation: [-1.4114f,0.3922f,0.0628f,-1.0065f,0.397f,1.3858f,0.2679f,5.6163f,0.0124f,0.2749f,-1.4402f,0.1083f,0f,0f,0f,1f],start_interpolation: 0,interpolation_duration: 1}
$data merge entity $(right_arm) {transformation: [-1f,0f,0f,-0.4425f,0f,0.9995f,0.0311f,5.9061f,0f,0.0311f,-0.9995f,0.1088f,0f,0f,0f,1f],start_interpolation: 0,interpolation_duration: 1}
$data merge entity $(left_thumb_2) {transformation: [-0.7676f,-0.1604f,0.6206f,1.7277f,-0.3361f,0.9251f,-0.1765f,1.8403f,-0.5458f,-0.3441f,-0.764f,0.7708f,0f,0f,0f,1f],start_interpolation: 0,interpolation_duration: 1}
$data merge entity $(left_thumb) {transformation: [-0.7676f,0.1981f,0.6096f,1.8966f,-0.3361f,0.6854f,-0.646f,2.1198f,-0.5458f,-0.7007f,-0.4595f,0.6328f,0f,0f,0f,1f],start_interpolation: 0,interpolation_duration: 1}
$data merge entity $(left_fingers2) {transformation: [0.4124f,0.6559f,0.6322f,1.9269f,0.9102f,-0.3251f,-0.2565f,1.3869f,0.0373f,0.6812f,-0.7311f,0.8058f,0f,0f,0f,1f],start_interpolation: 0,interpolation_duration: 1}
$data merge entity $(left_fingers) {transformation: [-0.5511f,0.5446f,0.6322f,2.1022f,0.5144f,0.8183f,-0.2565f,1.6037f,-0.657f,0.1838f,-0.7311f,0.8714f,0f,0f,0f,1f],start_interpolation: 0,interpolation_duration: 1}
$data merge entity $(left_hand) {transformation: [-0.7676f,-0.1057f,0.6322f,2.0614f,-0.3361f,0.9062f,-0.2565f,2.1473f,-0.5458f,-0.4093f,-0.7311f,0.5849f,0f,0f,0f,1f],start_interpolation: 0,interpolation_duration: 1}
$data merge entity $(left_forearm) {transformation: [-1.1484f,-0.1456f,-0.7464f,1.7672f,0.1977f,1.2482f,-0.5477f,4.0153f,0.7343f,-0.5638f,-1.0198f,-0.2707f,0f,0f,0f,1f],start_interpolation: 0,interpolation_duration: 1}
$data merge entity $(left_shoulder) {transformation: [-1.4114f,-0.3922f,-0.0628f,1.0065f,-0.397f,1.3858f,0.2679f,5.6163f,-0.0124f,0.2749f,-1.4402f,0.1083f,0f,0f,0f,1f],start_interpolation: 0,interpolation_duration: 1}
$data merge entity $(left_arm) {transformation: [-1f,0f,0f,0.4426f,0f,0.9995f,0.0311f,5.9061f,0f,0.0311f,-0.9995f,0.1088f,0f,0f,0f,1f],start_interpolation: 0,interpolation_duration: 1}
$data merge entity $(chest) {transformation: [-1.2785f,0f,0f,0f,0f,1.2779f,0.0398f,4.102f,0f,0.0398f,-1.2779f,0.0181f,0f,0f,0f,1f],start_interpolation: 0,interpolation_duration: 1}
data modify storage animated_java:temp entry.data merge value {"locators":{"consume":{"px":-1.9830289579,"py":1.4075362648,"pz":0.7440015336,"ry":319.1495466983,"rx":-14.8619703156}}}
# Data Manager: Prepare for Read / Write
execute store result storage animated_java:temp args.id int 1 run scoreboard players get @s aj.id
# Data Manager: Write
function animated_java:global/data_manager/write with storage animated_java:temp args