# This file was generated by Animated Java via MC-Build. It is not recommended to edit this file directly.
$data merge entity $(neck) {transformation: [-1f,0f,0f,0f,0f,1f,0f,5.9426f,0f,0f,-1f,-0.0523f,0f,0f,0f,1f],start_interpolation: 0,interpolation_duration: 1}
$data merge entity $(right_thumb_2) {transformation: [-0.7599f,0.1622f,-0.6294f,-1.831f,0.3289f,0.9312f,-0.157f,1.8584f,0.5607f,-0.3263f,-0.761f,0.7202f,0f,0f,0f,1f],start_interpolation: 0,interpolation_duration: 1}
$data merge entity $(right_thumb) {transformation: [-0.7599f,-0.2014f,-0.618f,-1.9997f,0.3289f,0.701f,-0.6328f,2.1416f,0.5607f,-0.6841f,-0.4665f,0.5898f,0f,0f,0f,1f],start_interpolation: 0,interpolation_duration: 1}
$data merge entity $(right_fingers2) {transformation: [0.4067f,-0.6508f,-0.6412f,-2.0324f,-0.9116f,-0.3356f,-0.2376f,1.4055f,-0.0605f,0.6811f,-0.7297f,0.7479f,0f,0f,0f,1f],start_interpolation: 0,interpolation_duration: 1}
$data merge entity $(right_fingers) {transformation: [-0.5473f,-0.5379f,-0.6412f,-2.2058f,-0.5249f,0.8173f,-0.2376f,1.6218f,0.6518f,0.2065f,-0.7297f,0.8197f,0f,0f,0f,1f],start_interpolation: 0,interpolation_duration: 1}
$data merge entity $(scout) {transformation: [0f,0f,0f,-2.1347f,0f,0f,0f,1.5792f,0f,0f,0f,0.625f,0f,0f,0f,1f],start_interpolation: 0,interpolation_duration: 1}
$data merge entity $(right_hand) {transformation: [-0.7599f,0.1068f,-0.6412f,-2.1648f,0.3289f,0.914f,-0.2376f,2.1711f,0.5607f,-0.3914f,-0.7297f,0.5443f,0f,0f,0f,1f],start_interpolation: 0,interpolation_duration: 1}
$data merge entity $(right_forearm) {transformation: [-1.157f,0.147f,0.7327f,-1.8686f,-0.1759f,1.2589f,-0.5304f,4.055f,-0.7263f,-0.5391f,-1.0387f,-0.2753f,0f,0f,0f,1f],start_interpolation: 0,interpolation_duration: 1}
$data merge entity $(right_shoulder) {transformation: [-1.383f,0.4806f,0.0794f,-1.0065f,0.4868f,1.3716f,0.1773f,5.6235f,-0.0162f,0.1936f,-1.4533f,0.0108f,0f,0f,0f,1f],start_interpolation: 0,interpolation_duration: 1}
$data merge entity $(right_arm) {transformation: [-1f,0f,0f,-0.4425f,0f,0.9994f,-0.0332f,5.9127f,0f,-0.0332f,-0.9994f,-0.0073f,0f,0f,0f,1f],start_interpolation: 0,interpolation_duration: 1}
$data merge entity $(left_thumb_2) {transformation: [-0.7599f,-0.1622f,0.6294f,1.831f,-0.3289f,0.9312f,-0.157f,1.8584f,-0.5607f,-0.3263f,-0.761f,0.7202f,0f,0f,0f,1f],start_interpolation: 0,interpolation_duration: 1}
$data merge entity $(left_thumb) {transformation: [-0.7599f,0.2014f,0.618f,1.9997f,-0.3289f,0.701f,-0.6328f,2.1416f,-0.5607f,-0.6841f,-0.4665f,0.5898f,0f,0f,0f,1f],start_interpolation: 0,interpolation_duration: 1}
$data merge entity $(left_fingers2) {transformation: [0.4067f,0.6508f,0.6412f,2.0324f,0.9116f,-0.3356f,-0.2376f,1.4055f,0.0605f,0.6811f,-0.7297f,0.7479f,0f,0f,0f,1f],start_interpolation: 0,interpolation_duration: 1}
$data merge entity $(left_fingers) {transformation: [-0.5473f,0.5379f,0.6412f,2.2058f,0.5249f,0.8173f,-0.2376f,1.6218f,-0.6518f,0.2065f,-0.7297f,0.8197f,0f,0f,0f,1f],start_interpolation: 0,interpolation_duration: 1}
$data merge entity $(left_hand) {transformation: [-0.7599f,-0.1068f,0.6412f,2.1648f,-0.3289f,0.914f,-0.2376f,2.1711f,-0.5607f,-0.3914f,-0.7297f,0.5443f,0f,0f,0f,1f],start_interpolation: 0,interpolation_duration: 1}
$data merge entity $(left_forearm) {transformation: [-1.157f,-0.147f,-0.7327f,1.8686f,0.1759f,1.2589f,-0.5304f,4.055f,0.7263f,-0.5391f,-1.0387f,-0.2753f,0f,0f,0f,1f],start_interpolation: 0,interpolation_duration: 1}
$data merge entity $(left_shoulder) {transformation: [-1.383f,-0.4806f,-0.0794f,1.0065f,-0.4868f,1.3716f,0.1773f,5.6235f,0.0162f,0.1936f,-1.4533f,0.0108f,0f,0f,0f,1f],start_interpolation: 0,interpolation_duration: 1}
$data merge entity $(left_arm) {transformation: [-1f,0f,0f,0.4426f,0f,0.9994f,-0.0332f,5.9127f,0f,-0.0332f,-0.9994f,-0.0073f,0f,0f,0f,1f],start_interpolation: 0,interpolation_duration: 1}
$data merge entity $(chest) {transformation: [-1.2785f,0f,0f,0f,0f,1.2778f,-0.0424f,4.1065f,0f,-0.0424f,-1.2778f,0.0181f,0f,0f,0f,1f],start_interpolation: 0,interpolation_duration: 1}
data modify storage animated_java:temp entry.data merge value {"locators":{"consume":{"px":-2.0891104545,"py":1.4277387704,"pz":0.6870433398,"ry":318.695285871,"rx":-13.7455776049}}}
# Data Manager: Prepare for Read / Write
execute store result storage animated_java:temp args.id int 1 run scoreboard players get @s aj.id
# Data Manager: Write
function animated_java:global/data_manager/write with storage animated_java:temp args