# This file was generated by Animated Java via MC-Build. It is not recommended to edit this file directly.
$data merge entity $(neck) {transformation: [-1f,0f,0f,0f,0f,1f,0f,5.9307f,0f,0f,-1f,-0.0367f,0f,0f,0f,1f],start_interpolation: 0,interpolation_duration: 1}
$data merge entity $(right_thumb_2) {transformation: [-0.7503f,0.1779f,-0.6367f,-1.8549f,0.3512f,0.9232f,-0.1559f,1.8516f,0.5601f,-0.3406f,-0.7552f,0.7757f,0f,0f,0f,1f],start_interpolation: 0,interpolation_duration: 1}
$data merge entity $(right_thumb) {transformation: [-0.7503f,-0.192f,-0.6326f,-2.019f,0.3512f,0.6949f,-0.6275f,2.1361f,0.5601f,-0.693f,-0.4539f,0.6422f,0f,0f,0f,1f],start_interpolation: 0,interpolation_duration: 1}
$data merge entity $(right_fingers2) {transformation: [0.389f,-0.653f,-0.6498f,-2.0648f,-0.9199f,-0.3134f,-0.2357f,1.403f,-0.0497f,0.6894f,-0.7226f,0.811f,0f,0f,0f,1f],start_interpolation: 0,interpolation_duration: 1}
$data merge entity $(right_fingers) {transformation: [-0.5533f,-0.5211f,-0.6498f,-2.2336f,-0.5051f,0.8303f,-0.2357f,1.6236f,0.6623f,0.1977f,-0.7226f,0.8807f,0f,0f,0f,1f],start_interpolation: 0,interpolation_duration: 1}
$data merge entity $(scout) {transformation: [0f,0f,0f,-2.1645f,0f,0f,0f,1.5769f,0f,0f,0f,0.6862f,0f,0f,0f,1f],start_interpolation: 0,interpolation_duration: 1}
$data merge entity $(right_hand) {transformation: [-0.7503f,0.1218f,-0.6498f,-2.1838f,0.3512f,0.9061f,-0.2357f,2.168f,0.5601f,-0.4051f,-0.7226f,0.5972f,0f,0f,0f,1f],start_interpolation: 0,interpolation_duration: 1}
$data merge entity $(right_forearm) {transformation: [-1.1643f,0.1677f,0.7165f,-1.8568f,-0.1642f,1.2481f,-0.559f,4.0341f,-0.7173f,-0.558f,-1.035f,-0.251f,0f,0f,0f,1f],start_interpolation: 0,interpolation_duration: 1}
$data merge entity $(right_shoulder) {transformation: [-1.3871f,0.47f,0.071f,-1.0065f,0.4751f,1.3765f,0.1712f,5.611f,-0.0117f,0.185f,-1.4545f,0.0237f,0f,0f,0f,1f],start_interpolation: 0,interpolation_duration: 1}
$data merge entity $(right_arm) {transformation: [-1f,0f,0f,-0.4425f,0f,0.9997f,-0.0247f,5.9004f,0f,-0.0247f,-0.9997f,0.0081f,0f,0f,0f,1f],start_interpolation: 0,interpolation_duration: 1}
$data merge entity $(left_thumb_2) {transformation: [-0.7503f,-0.1779f,0.6367f,1.8549f,-0.3512f,0.9232f,-0.1559f,1.8516f,-0.5601f,-0.3406f,-0.7552f,0.7757f,0f,0f,0f,1f],start_interpolation: 0,interpolation_duration: 1}
$data merge entity $(left_thumb) {transformation: [-0.7503f,0.192f,0.6326f,2.019f,-0.3512f,0.6949f,-0.6275f,2.1361f,-0.5601f,-0.693f,-0.4539f,0.6422f,0f,0f,0f,1f],start_interpolation: 0,interpolation_duration: 1}
$data merge entity $(left_fingers2) {transformation: [0.389f,0.653f,0.6498f,2.0648f,0.9199f,-0.3134f,-0.2357f,1.403f,0.0497f,0.6894f,-0.7226f,0.811f,0f,0f,0f,1f],start_interpolation: 0,interpolation_duration: 1}
$data merge entity $(left_fingers) {transformation: [-0.5533f,0.5211f,0.6498f,2.2336f,0.5051f,0.8303f,-0.2357f,1.6236f,-0.6623f,0.1977f,-0.7226f,0.8807f,0f,0f,0f,1f],start_interpolation: 0,interpolation_duration: 1}
$data merge entity $(left_hand) {transformation: [-0.7503f,-0.1218f,0.6498f,2.1838f,-0.3512f,0.9061f,-0.2357f,2.168f,-0.5601f,-0.4051f,-0.7226f,0.5972f,0f,0f,0f,1f],start_interpolation: 0,interpolation_duration: 1}
$data merge entity $(left_forearm) {transformation: [-1.1643f,-0.1677f,-0.7165f,1.8568f,0.1642f,1.2481f,-0.559f,4.0341f,0.7173f,-0.558f,-1.035f,-0.251f,0f,0f,0f,1f],start_interpolation: 0,interpolation_duration: 1}
$data merge entity $(left_shoulder) {transformation: [-1.3871f,-0.47f,-0.071f,1.0065f,-0.4751f,1.3765f,0.1712f,5.611f,0.0117f,0.185f,-1.4545f,0.0237f,0f,0f,0f,1f],start_interpolation: 0,interpolation_duration: 1}
$data merge entity $(left_arm) {transformation: [-1f,0f,0f,0.4426f,0f,0.9997f,-0.0247f,5.9004f,0f,-0.0247f,-0.9997f,0.0081f,0f,0f,0f,1f],start_interpolation: 0,interpolation_duration: 1}
$data merge entity $(chest) {transformation: [-1.2785f,0f,0f,0f,0f,1.2782f,-0.0316f,4.0941f,0f,-0.0316f,-1.2782f,0.0181f,0f,0f,0f,1f],start_interpolation: 0,interpolation_duration: 1}
data modify storage animated_java:temp entry.data merge value {"locators":{"consume":{"px":-2.1213742864,"py":1.425487765,"pz":0.7501642521,"ry":318.0377202053,"rx":-13.6356392475}}}
# Data Manager: Prepare for Read / Write
execute store result storage animated_java:temp args.id int 1 run scoreboard players get @s aj.id
# Data Manager: Write
function animated_java:global/data_manager/write with storage animated_java:temp args