# This file was generated by Animated Java via MC-Build. It is not recommended to edit this file directly.
$data merge entity $(neck) {transformation: [-1f,0f,0f,0f,0f,1f,0f,5.9277f,0f,0f,-1f,-0.029f,0f,0f,0f,1f],start_interpolation: 0,interpolation_duration: 1}
$data merge entity $(right_thumb_2) {transformation: [-0.7481f,0.1816f,-0.6382f,-1.8572f,0.3569f,0.921f,-0.1563f,1.8495f,0.5594f,-0.3447f,-0.7538f,0.7911f,0f,0f,0f,1f],start_interpolation: 0,interpolation_duration: 1}
$data merge entity $(right_thumb) {transformation: [-0.7481f,-0.1898f,-0.6359f,-2.0202f,0.3569f,0.6928f,-0.6266f,2.1341f,0.5594f,-0.6957f,-0.4506f,0.6565f,0f,0f,0f,1f],start_interpolation: 0,interpolation_duration: 1}
$data merge entity $(right_fingers2) {transformation: [0.3849f,-0.6536f,-0.6516f,-2.0689f,-0.9218f,-0.3076f,-0.2359f,1.402f,-0.0462f,0.6915f,-0.7209f,0.8285f,0f,0f,0f,1f],start_interpolation: 0,interpolation_duration: 1}
$data merge entity $(right_fingers) {transformation: [-0.5548f,-0.5172f,-0.6516f,-2.2368f,-0.4998f,0.8334f,-0.2359f,1.6236f,0.6651f,0.1948f,-0.7209f,0.8974f,0f,0f,0f,1f],start_interpolation: 0,interpolation_duration: 1}
$data merge entity $(scout) {transformation: [0f,0f,0f,-2.168f,0f,0f,0f,1.5757f,0f,0f,0f,0.7031f,0f,0f,0f,1f],start_interpolation: 0,interpolation_duration: 1}
$data merge entity $(right_hand) {transformation: [-0.7481f,0.1253f,-0.6516f,-2.1849f,0.3569f,0.9039f,-0.2359f,2.1666f,0.5594f,-0.4091f,-0.7209f,0.6115f,0f,0f,0f,1f],start_interpolation: 0,interpolation_duration: 1}
$data merge entity $(right_forearm) {transformation: [-1.1659f,0.1726f,0.7128f,-1.8506f,-0.1621f,1.2449f,-0.5665f,4.0275f,-0.7153f,-0.5634f,-1.0335f,-0.2449f,0f,0f,0f,1f],start_interpolation: 0,interpolation_duration: 1}
$data merge entity $(right_shoulder) {transformation: [-1.389f,0.4645f,0.0684f,-1.0065f,0.4694f,1.3783f,0.1727f,5.6078f,-0.0096f,0.1855f,-1.4544f,0.03f,0f,0f,0f,1f],start_interpolation: 0,interpolation_duration: 1}
$data merge entity $(right_arm) {transformation: [-1f,0f,0f,-0.4425f,0f,0.9998f,-0.0205f,5.8973f,0f,-0.0205f,-0.9998f,0.0156f,0f,0f,0f,1f],start_interpolation: 0,interpolation_duration: 1}
$data merge entity $(left_thumb_2) {transformation: [-0.7481f,-0.1816f,0.6382f,1.8572f,-0.3569f,0.921f,-0.1563f,1.8495f,-0.5594f,-0.3447f,-0.7538f,0.7911f,0f,0f,0f,1f],start_interpolation: 0,interpolation_duration: 1}
$data merge entity $(left_thumb) {transformation: [-0.7481f,0.1898f,0.6359f,2.0202f,-0.3569f,0.6928f,-0.6266f,2.1341f,-0.5594f,-0.6957f,-0.4506f,0.6565f,0f,0f,0f,1f],start_interpolation: 0,interpolation_duration: 1}
$data merge entity $(left_fingers2) {transformation: [0.3849f,0.6536f,0.6516f,2.0689f,0.9218f,-0.3076f,-0.2359f,1.402f,0.0462f,0.6915f,-0.7209f,0.8285f,0f,0f,0f,1f],start_interpolation: 0,interpolation_duration: 1}
$data merge entity $(left_fingers) {transformation: [-0.5548f,0.5172f,0.6516f,2.2368f,0.4998f,0.8334f,-0.2359f,1.6236f,-0.6651f,0.1948f,-0.7209f,0.8974f,0f,0f,0f,1f],start_interpolation: 0,interpolation_duration: 1}
$data merge entity $(left_hand) {transformation: [-0.7481f,-0.1253f,0.6516f,2.1849f,-0.3569f,0.9039f,-0.2359f,2.1666f,-0.5594f,-0.4091f,-0.7209f,0.6115f,0f,0f,0f,1f],start_interpolation: 0,interpolation_duration: 1}
$data merge entity $(left_forearm) {transformation: [-1.1659f,-0.1726f,-0.7128f,1.8506f,0.1621f,1.2449f,-0.5665f,4.0275f,0.7153f,-0.5634f,-1.0335f,-0.2449f,0f,0f,0f,1f],start_interpolation: 0,interpolation_duration: 1}
$data merge entity $(left_shoulder) {transformation: [-1.389f,-0.4645f,-0.0684f,1.0065f,-0.4694f,1.3783f,0.1727f,5.6078f,0.0096f,0.1855f,-1.4544f,0.03f,0f,0f,0f,1f],start_interpolation: 0,interpolation_duration: 1}
$data merge entity $(left_arm) {transformation: [-1f,0f,0f,0.4426f,0f,0.9998f,-0.0205f,5.8973f,0f,-0.0205f,-0.9998f,0.0156f,0f,0f,0f,1f],start_interpolation: 0,interpolation_duration: 1}
$data merge entity $(chest) {transformation: [-1.2785f,0f,0f,0f,0f,1.2783f,-0.0262f,4.0909f,0f,-0.0262f,-1.2783f,0.0181f,0f,0f,0f,1f],start_interpolation: 0,interpolation_duration: 1}
data modify storage animated_java:temp entry.data merge value {"locators":{"consume":{"px":-2.1255252283,"py":1.4244304784,"pz":0.7676101341,"ry":317.8883251827,"rx":-13.6468428704}}}
# Data Manager: Prepare for Read / Write
execute store result storage animated_java:temp args.id int 1 run scoreboard players get @s aj.id
# Data Manager: Write
function animated_java:global/data_manager/write with storage animated_java:temp args