# This file was generated by Animated Java via MC-Build. It is not recommended to edit this file directly.
$data merge entity $(neck) {transformation: [-1f,0f,0f,0f,0f,1f,0f,5.9253f,0f,0f,-1f,-0.0205f,0f,0f,0f,1f],start_interpolation: 0,interpolation_duration: 1}
$data merge entity $(right_thumb_2) {transformation: [-0.7466f,0.1843f,-0.6393f,-1.8564f,0.3614f,0.9191f,-0.157f,1.8474f,0.5586f,-0.3483f,-0.7528f,0.8041f,0f,0f,0f,1f],start_interpolation: 0,interpolation_duration: 1}
$data merge entity $(right_thumb) {transformation: [-0.7466f,-0.188f,-0.6382f,-2.0186f,0.3614f,0.6908f,-0.6263f,2.1321f,0.5586f,-0.6982f,-0.4478f,0.6686f,0f,0f,0f,1f],start_interpolation: 0,interpolation_duration: 1}
$data merge entity $(right_fingers2) {transformation: [0.3819f,-0.6541f,-0.6529f,-2.0696f,-0.9232f,-0.3029f,-0.2365f,1.4008f,-0.043f,0.6931f,-0.7196f,0.8433f,0f,0f,0f,1f],start_interpolation: 0,interpolation_duration: 1}
$data merge entity $(right_fingers) {transformation: [-0.556f,-0.5144f,-0.6529f,-2.2367f,-0.4955f,0.8358f,-0.2365f,1.6232f,0.6674f,0.192f,-0.7196f,0.9116f,0f,0f,0f,1f],start_interpolation: 0,interpolation_duration: 1}
$data merge entity $(scout) {transformation: [0f,0f,0f,-2.1682f,0f,0f,0f,1.5744f,0f,0f,0f,0.7174f,0f,0f,0f,1f],start_interpolation: 0,interpolation_duration: 1}
$data merge entity $(right_hand) {transformation: [-0.7466f,0.1279f,-0.6529f,-2.1832f,0.3614f,0.9019f,-0.2365f,2.1649f,0.5586f,-0.4126f,-0.7196f,0.6236f,0f,0f,0f,1f],start_interpolation: 0,interpolation_duration: 1}
$data merge entity $(right_forearm) {transformation: [-1.1669f,0.1762f,0.7103f,-1.8435f,-0.161f,1.2422f,-0.5727f,4.0215f,-0.7139f,-0.5683f,-1.0318f,-0.24f,0f,0f,0f,1f],start_interpolation: 0,interpolation_duration: 1}
$data merge entity $(right_shoulder) {transformation: [-1.3912f,0.4583f,0.0662f,-1.0065f,0.463f,1.3801f,0.1758f,5.6052f,-0.0073f,0.1877f,-1.4541f,0.0371f,0f,0f,0f,1f],start_interpolation: 0,interpolation_duration: 1}
$data merge entity $(right_arm) {transformation: [-1f,0f,0f,-0.4425f,0f,0.9999f,-0.0158f,5.8947f,0f,-0.0158f,-0.9999f,0.0241f,0f,0f,0f,1f],start_interpolation: 0,interpolation_duration: 1}
$data merge entity $(left_thumb_2) {transformation: [-0.7466f,-0.1843f,0.6393f,1.8564f,-0.3614f,0.9191f,-0.157f,1.8474f,-0.5586f,-0.3483f,-0.7528f,0.8041f,0f,0f,0f,1f],start_interpolation: 0,interpolation_duration: 1}
$data merge entity $(left_thumb) {transformation: [-0.7466f,0.188f,0.6382f,2.0186f,-0.3614f,0.6908f,-0.6263f,2.1321f,-0.5586f,-0.6982f,-0.4478f,0.6686f,0f,0f,0f,1f],start_interpolation: 0,interpolation_duration: 1}
$data merge entity $(left_fingers2) {transformation: [0.3819f,0.6541f,0.6529f,2.0696f,0.9232f,-0.3029f,-0.2365f,1.4008f,0.043f,0.6931f,-0.7196f,0.8433f,0f,0f,0f,1f],start_interpolation: 0,interpolation_duration: 1}
$data merge entity $(left_fingers) {transformation: [-0.556f,0.5144f,0.6529f,2.2367f,0.4955f,0.8358f,-0.2365f,1.6232f,-0.6674f,0.192f,-0.7196f,0.9116f,0f,0f,0f,1f],start_interpolation: 0,interpolation_duration: 1}
$data merge entity $(left_hand) {transformation: [-0.7466f,-0.1279f,0.6529f,2.1832f,-0.3614f,0.9019f,-0.2365f,2.1649f,-0.5586f,-0.4126f,-0.7196f,0.6236f,0f,0f,0f,1f],start_interpolation: 0,interpolation_duration: 1}
$data merge entity $(left_forearm) {transformation: [-1.1669f,-0.1762f,-0.7103f,1.8435f,0.161f,1.2422f,-0.5727f,4.0215f,0.7139f,-0.5683f,-1.0318f,-0.24f,0f,0f,0f,1f],start_interpolation: 0,interpolation_duration: 1}
$data merge entity $(left_shoulder) {transformation: [-1.3912f,-0.4583f,-0.0662f,1.0065f,-0.463f,1.3801f,0.1758f,5.6052f,0.0073f,0.1877f,-1.4541f,0.0371f,0f,0f,0f,1f],start_interpolation: 0,interpolation_duration: 1}
$data merge entity $(left_arm) {transformation: [-1f,0f,0f,0.4426f,0f,0.9999f,-0.0158f,5.8947f,0f,-0.0158f,-0.9999f,0.0241f,0f,0f,0f,1f],start_interpolation: 0,interpolation_duration: 1}
$data merge entity $(chest) {transformation: [-1.2785f,0f,0f,0f,0f,1.2784f,-0.0203f,4.0884f,0f,-0.0203f,-1.2784f,0.0181f,0f,0f,0f,1f],start_interpolation: 0,interpolation_duration: 1}
data modify storage animated_java:temp entry.data merge value {"locators":{"consume":{"px":-2.1261686269,"py":1.423172645,"pz":0.7824518989,"ry":317.7803995063,"rx":-13.6827118219}}}
# Data Manager: Prepare for Read / Write
execute store result storage animated_java:temp args.id int 1 run scoreboard players get @s aj.id
# Data Manager: Write
function animated_java:global/data_manager/write with storage animated_java:temp args