# This file was generated by Animated Java via MC-Build. It is not recommended to edit this file directly.
$data merge entity $(neck) {transformation: [-1f,0f,0f,0f,0f,1f,0f,5.9223f,0f,0f,-1f,0.0086f,0f,0f,0f,1f],start_interpolation: 0,interpolation_duration: 1}
$data merge entity $(right_thumb_2) {transformation: [-0.7462f,0.1866f,-0.639f,-1.8371f,0.3673f,0.916f,-0.1614f,1.8421f,0.5552f,-0.3552f,-0.7521f,0.8264f,0f,0f,0f,1f],start_interpolation: 0,interpolation_duration: 1}
$data merge entity $(right_thumb) {transformation: [-0.7462f,-0.186f,-0.6392f,-1.9986f,0.3673f,0.6858f,-0.6283f,2.126f,0.5552f,-0.7036f,-0.4435f,0.6886f,0f,0f,0f,1f],start_interpolation: 0,interpolation_duration: 1}
$data merge entity $(right_fingers2) {transformation: [0.3799f,-0.6553f,-0.6528f,-2.0513f,-0.9243f,-0.2962f,-0.2407f,1.3962f,-0.0356f,0.6949f,-0.7182f,0.8689f,0f,0f,0f,1f],start_interpolation: 0,interpolation_duration: 1}
$data merge entity $(right_fingers) {transformation: [-0.5575f,-0.5128f,-0.6528f,-2.2179f,-0.4892f,0.8383f,-0.2407f,1.6195f,0.6707f,0.1852f,-0.7182f,0.9353f,0f,0f,0f,1f],start_interpolation: 0,interpolation_duration: 1}
$data merge entity $(scout) {transformation: [0f,0f,0f,-2.1494f,0f,0f,0f,1.569f,0f,0f,0f,0.7415f,0f,0f,0f,1f],start_interpolation: 0,interpolation_duration: 1}
$data merge entity $(right_hand) {transformation: [-0.7462f,0.1302f,-0.6528f,-2.1631f,0.3673f,0.8984f,-0.2407f,2.1588f,0.5552f,-0.4194f,-0.7182f,0.6432f,0f,0f,0f,1f],start_interpolation: 0,interpolation_duration: 1}
$data merge entity $(right_forearm) {transformation: [-1.1667f,0.1793f,0.7098f,-1.8187f,-0.164f,1.2375f,-0.5821f,4.0081f,-0.7135f,-0.5776f,-1.0268f,-0.2344f,0f,0f,0f,1f],start_interpolation: 0,interpolation_duration: 1}
$data merge entity $(right_shoulder) {transformation: [-1.3984f,0.4366f,0.0614f,-1.0065f,0.4409f,1.3848f,0.1946f,5.6013f,0f,0.2041f,-1.452f,0.0612f,0f,0f,0f,1f],start_interpolation: 0,interpolation_duration: 1}
$data merge entity $(right_arm) {transformation: [-1f,0f,0f,-0.4425f,0f,1f,0f,5.891f,0f,0f,-1f,0.0527f,0f,0f,0f,1f],start_interpolation: 0,interpolation_duration: 1}
$data merge entity $(left_thumb_2) {transformation: [-0.7462f,-0.1866f,0.639f,1.8371f,-0.3673f,0.916f,-0.1614f,1.8421f,-0.5552f,-0.3552f,-0.7521f,0.8264f,0f,0f,0f,1f],start_interpolation: 0,interpolation_duration: 1}
$data merge entity $(left_thumb) {transformation: [-0.7462f,0.186f,0.6392f,1.9986f,-0.3673f,0.6858f,-0.6283f,2.126f,-0.5552f,-0.7036f,-0.4435f,0.6886f,0f,0f,0f,1f],start_interpolation: 0,interpolation_duration: 1}
$data merge entity $(left_fingers2) {transformation: [0.3799f,0.6553f,0.6528f,2.0513f,0.9243f,-0.2962f,-0.2407f,1.3962f,0.0356f,0.6949f,-0.7182f,0.8689f,0f,0f,0f,1f],start_interpolation: 0,interpolation_duration: 1}
$data merge entity $(left_fingers) {transformation: [-0.5575f,0.5128f,0.6528f,2.2179f,0.4892f,0.8383f,-0.2407f,1.6195f,-0.6707f,0.1852f,-0.7182f,0.9353f,0f,0f,0f,1f],start_interpolation: 0,interpolation_duration: 1}
$data merge entity $(left_hand) {transformation: [-0.7462f,-0.1302f,0.6528f,2.1631f,-0.3673f,0.8984f,-0.2407f,2.1588f,-0.5552f,-0.4194f,-0.7182f,0.6432f,0f,0f,0f,1f],start_interpolation: 0,interpolation_duration: 1}
$data merge entity $(left_forearm) {transformation: [-1.1667f,-0.1793f,-0.7098f,1.8187f,0.164f,1.2375f,-0.5821f,4.0081f,0.7135f,-0.5776f,-1.0268f,-0.2344f,0f,0f,0f,1f],start_interpolation: 0,interpolation_duration: 1}
$data merge entity $(left_shoulder) {transformation: [-1.3984f,-0.4366f,-0.0614f,1.0065f,-0.4409f,1.3848f,0.1946f,5.6013f,0f,0.2041f,-1.452f,0.0612f,0f,0f,0f,1f],start_interpolation: 0,interpolation_duration: 1}
$data merge entity $(left_arm) {transformation: [-1f,0f,0f,0.4426f,0f,1f,0f,5.891f,0f,0f,-1f,0.0527f,0f,0f,0f,1f],start_interpolation: 0,interpolation_duration: 1}
$data merge entity $(chest) {transformation: [-1.2785f,0f,0f,0f,0f,1.2785f,0f,4.085f,0f,0f,-1.2785f,0.0181f,0f,0f,0f,1f],start_interpolation: 0,interpolation_duration: 1}
data modify storage animated_java:temp entry.data merge value {"locators":{"consume":{"px":-2.1077334466,"py":1.4182341008,"pz":0.8077811305,"ry":317.730654914,"rx":-13.9253786261}}}
# Data Manager: Prepare for Read / Write
execute store result storage animated_java:temp args.id int 1 run scoreboard players get @s aj.id
# Data Manager: Write
function animated_java:global/data_manager/write with storage animated_java:temp args