# This file was generated by Animated Java via MC-Build. It is not recommended to edit this file directly.
$data merge entity $(neck) {transformation: [-1f,0f,0f,0f,0f,1f,0f,5.9479f,0f,0f,-1f,0.072f,0f,0f,0f,1f],start_interpolation: 0,interpolation_duration: 1}
$data merge entity $(right_thumb_2) {transformation: [-0.7763f,0.148f,-0.6127f,-1.6936f,0.3192f,0.9305f,-0.1798f,1.8441f,0.5435f,-0.3352f,-0.7696f,0.7342f,0f,0f,0f,1f],start_interpolation: 0,interpolation_duration: 1}
$data merge entity $(right_thumb) {transformation: [-0.7763f,-0.2044f,-0.5962f,-1.866f,0.3192f,0.6881f,-0.6516f,2.122f,0.5435f,-0.6962f,-0.469f,0.5974f,0f,0f,0f,1f],start_interpolation: 0,interpolation_duration: 1}
$data merge entity $(right_fingers2) {transformation: [0.427f,-0.6551f,-0.6233f,-1.8858f,-0.9033f,-0.3412f,-0.2602f,1.3873f,-0.0422f,0.6741f,-0.7375f,0.7641f,0f,0f,0f,1f],start_interpolation: 0,interpolation_duration: 1}
$data merge entity $(right_fingers) {transformation: [-0.5472f,-0.5587f,-0.6233f,-2.065f,-0.5286f,0.808f,-0.2602f,1.6008f,0.649f,0.1871f,-0.7375f,0.8303f,0f,0f,0f,1f],start_interpolation: 0,interpolation_duration: 1}
$data merge entity $(scout) {transformation: [0f,0f,0f,-1.9896f,0f,0f,0f,1.5573f,0f,0f,0f,0.6373f,0f,0f,0f,1f],start_interpolation: 0,interpolation_duration: 1}
$data merge entity $(right_hand) {transformation: [-0.7763f,0.094f,-0.6233f,-2.0309f,0.3192f,0.9113f,-0.2602f,2.1473f,0.5435f,-0.401f,-0.7375f,0.5487f,0f,0f,0f,1f],start_interpolation: 0,interpolation_duration: 1}
$data merge entity $(right_forearm) {transformation: [-1.1403f,0.1295f,0.7617f,-1.7608f,-0.2096f,1.2551f,-0.5271f,4.0271f,-0.7436f,-0.5523f,-1.0194f,-0.2892f,0f,0f,0f,1f],start_interpolation: 0,interpolation_duration: 1}
$data merge entity $(right_shoulder) {transformation: [-1.4127f,0.3868f,0.066f,-1.0065f,0.3922f,1.3833f,0.2874f,5.6252f,0.0135f,0.2946f,-1.4363f,0.1134f,0f,0f,0f,1f],start_interpolation: 0,interpolation_duration: 1}
$data merge entity $(right_arm) {transformation: [-1f,0f,0f,-0.4425f,0f,0.9994f,0.0345f,5.9151f,0f,0.0345f,-0.9994f,0.1149f,0f,0f,0f,1f],start_interpolation: 0,interpolation_duration: 1}
$data merge entity $(left_thumb_2) {transformation: [-0.7763f,-0.148f,0.6127f,1.6936f,-0.3192f,0.9305f,-0.1798f,1.8441f,-0.5435f,-0.3352f,-0.7696f,0.7342f,0f,0f,0f,1f],start_interpolation: 0,interpolation_duration: 1}
$data merge entity $(left_thumb) {transformation: [-0.7763f,0.2044f,0.5962f,1.866f,-0.3192f,0.6881f,-0.6516f,2.122f,-0.5435f,-0.6962f,-0.469f,0.5974f,0f,0f,0f,1f],start_interpolation: 0,interpolation_duration: 1}
$data merge entity $(left_fingers2) {transformation: [0.427f,0.6551f,0.6233f,1.8858f,0.9033f,-0.3412f,-0.2602f,1.3873f,0.0422f,0.6741f,-0.7375f,0.7641f,0f,0f,0f,1f],start_interpolation: 0,interpolation_duration: 1}
$data merge entity $(left_fingers) {transformation: [-0.5472f,0.5587f,0.6233f,2.065f,0.5286f,0.808f,-0.2602f,1.6008f,-0.649f,0.1871f,-0.7375f,0.8303f,0f,0f,0f,1f],start_interpolation: 0,interpolation_duration: 1}
$data merge entity $(left_hand) {transformation: [-0.7763f,-0.094f,0.6233f,2.0309f,-0.3192f,0.9113f,-0.2602f,2.1473f,-0.5435f,-0.401f,-0.7375f,0.5487f,0f,0f,0f,1f],start_interpolation: 0,interpolation_duration: 1}
$data merge entity $(left_forearm) {transformation: [-1.1403f,-0.1295f,-0.7617f,1.7608f,0.2096f,1.2551f,-0.5271f,4.0271f,0.7436f,-0.5523f,-1.0194f,-0.2892f,0f,0f,0f,1f],start_interpolation: 0,interpolation_duration: 1}
$data merge entity $(left_shoulder) {transformation: [-1.4127f,-0.3868f,-0.066f,1.0065f,-0.3922f,1.3833f,0.2874f,5.6252f,-0.0135f,0.2946f,-1.4363f,0.1134f,0f,0f,0f,1f],start_interpolation: 0,interpolation_duration: 1}
$data merge entity $(left_arm) {transformation: [-1f,0f,0f,0.4426f,0f,0.9994f,0.0345f,5.9151f,0f,0.0345f,-0.9994f,0.1149f,0f,0f,0f,1f],start_interpolation: 0,interpolation_duration: 1}
$data merge entity $(chest) {transformation: [-1.2785f,0f,0f,0f,0f,1.2778f,0.0441f,4.1113f,0f,0.0441f,-1.2778f,0.0181f,0f,0f,0f,1f],start_interpolation: 0,interpolation_duration: 1}
data modify storage animated_java:temp entry.data merge value {"locators":{"consume":{"px":-1.9418471802,"py":1.4076065581,"pz":0.7020170174,"ry":319.7970995689,"rx":-15.0823959983}}}
# Data Manager: Prepare for Read / Write
execute store result storage animated_java:temp args.id int 1 run scoreboard players get @s aj.id
# Data Manager: Write
function animated_java:global/data_manager/write with storage animated_java:temp args