# This file was generated by Animated Java via MC-Build. It is not recommended to edit this file directly.
$data merge entity $(neck) {transformation: [-0.9396f,-0.1235f,0.3193f,-0.1384f,0.192f,0.5821f,0.7901f,6.7941f,-0.2834f,0.8037f,-0.5232f,-0.5291f,0f,0f,0f,1f],start_interpolation: 0,interpolation_duration: 1}
$data merge entity $(right_thumb_2) {transformation: [-0.8969f,-0.2371f,-0.3732f,-1.9499f,-0.4297f,0.6667f,0.609f,6.795f,0.1045f,0.7066f,-0.6999f,-3.9175f,0f,0f,0f,1f],start_interpolation: 0,interpolation_duration: 1}
$data merge entity $(right_thumb) {transformation: [-0.8243f,-0.4256f,-0.3732f,-2.2038f,-0.5638f,0.5579f,0.609f,6.8823f,-0.0509f,0.7125f,-0.6999f,-3.6859f,0f,0f,0f,1f],start_interpolation: 0,interpolation_duration: 1}
$data merge entity $(right_fingers2) {transformation: [-0.8243f,-0.2504f,-0.5077f,-2.2272f,-0.5638f,0.2824f,0.7761f,6.5714f,-0.0509f,0.926f,-0.374f,-4.515f,0f,0f,0f,1f],start_interpolation: 0,interpolation_duration: 1}
$data merge entity $(right_fingers) {transformation: [-0.8611f,-0.0285f,-0.5077f,-2.2633f,-0.4715f,0.4187f,0.7761f,6.6831f,0.1905f,0.9077f,-0.374f,-4.2537f,0f,0f,0f,1f],start_interpolation: 0,interpolation_duration: 1}
$data merge entity $(scout) {transformation: [0f,0f,0f,-2.1731f,0f,0f,0f,6.8743f,0f,0f,0f,-4.2646f,0f,0f,0f,1f],start_interpolation: 0,interpolation_duration: 1}
$data merge entity $(right_hand) {transformation: [-0.85f,-0.1406f,-0.5077f,-2.3679f,-0.5221f,0.3536f,0.7761f,6.9372f,0.0704f,0.9248f,-0.374f,-3.7026f,0f,0f,0f,1f],start_interpolation: 0,interpolation_duration: 1}
$data merge entity $(right_forearm) {transformation: [-1.1386f,0.6011f,0.4892f,-1.3975f,0.7627f,0.7149f,0.8968f,8.0148f,0.1374f,1.0123f,-0.9239f,-2.2175f,0f,0f,0f,1f],start_interpolation: 0,interpolation_duration: 1}
$data merge entity $(right_shoulder) {transformation: [-1.347f,0.0492f,0.577f,-1.0846f,0.3987f,-0.9809f,1.0143f,6.7059f,0.42f,1.0887f,0.8877f,-1.0033f,0f,0f,0f,1f],start_interpolation: 0,interpolation_duration: 1}
$data merge entity $(right_arm) {transformation: [-0.9396f,-0.0514f,0.3385f,-0.5675f,0.192f,0.7393f,0.6454f,6.8275f,-0.2834f,0.6714f,-0.6847f,-0.6454f,0f,0f,0f,1f],start_interpolation: 0,interpolation_duration: 1}
$data merge entity $(left_thumb_2) {transformation: [-0.541f,0.5421f,0.643f,0.2099f,-0.7864f,-0.0549f,-0.6153f,4.3067f,-0.2983f,-0.8385f,0.456f,1.7647f,0f,0f,0f,1f],start_interpolation: 0,interpolation_duration: 1}
$data merge entity $(left_thumb) {transformation: [-0.4656f,0.7329f,0.4961f,0.5077f,-0.7868f,-0.0861f,-0.6112f,4.4042f,-0.4051f,-0.6749f,0.6167f,1.5989f,0f,0f,0f,1f],start_interpolation: 0,interpolation_duration: 1}
$data merge entity $(left_fingers2) {transformation: [-0.3072f,0.7146f,0.6285f,0.1534f,-0.73f,0.2468f,-0.6374f,4.4929f,-0.6106f,-0.6546f,0.4458f,2.4058f,0f,0f,0f,1f],start_interpolation: 0,interpolation_duration: 1}
$data merge entity $(left_fingers) {transformation: [-0.6233f,0.4653f,0.6285f,0.3082f,-0.7556f,-0.1513f,-0.6374f,4.4665f,-0.2015f,-0.8721f,0.4458f,2.1662f,0f,0f,0f,1f],start_interpolation: 0,interpolation_duration: 1}
$data merge entity $(left_hand) {transformation: [-0.5573f,0.5427f,0.6285f,0.6665f,-0.7688f,-0.0514f,-0.6374f,4.4029f,-0.3136f,-0.8384f,0.4458f,1.6694f,0f,0f,0f,1f],start_interpolation: 0,interpolation_duration: 1}
$data merge entity $(left_forearm) {transformation: [-1.117f,0.8015f,0.0836f,1.8301f,0.0927f,0.2697f,-1.3475f,4.7639f,-0.8005f,-1.0872f,-0.2727f,-0.011f,0f,0f,0f,1f],start_interpolation: 0,interpolation_duration: 1}
$data merge entity $(left_shoulder) {transformation: [-1.0849f,-0.6306f,0.7584f,0.8182f,-0.7437f,1.2636f,-0.0131f,6.155f,-0.6479f,-0.3943f,-1.2548f,-0.582f,0f,0f,0f,1f],start_interpolation: 0,interpolation_duration: 1}
$data merge entity $(left_arm) {transformation: [-0.9396f,-0.0514f,0.3385f,0.2641f,0.192f,0.7393f,0.6454f,6.6575f,-0.2834f,0.6714f,-0.6847f,-0.3946f,0f,0f,0f,1f],start_interpolation: 0,interpolation_duration: 1}
$data merge entity $(chest) {transformation: [-1.2013f,-0.0658f,0.4327f,-0.0471f,0.2455f,0.9452f,0.8252f,5.4297f,-0.3624f,0.8584f,-0.8755f,-1.7563f,0f,0f,0f,1f],start_interpolation: 0,interpolation_duration: 1}
$data merge entity $(left_cheek) {transformation: [-0.9929f,-0.0941f,-0.0757f,0.4132f,-0.1145f,0.9335f,0.3987f,5.2254f,0.0323f,0.415f,-0.914f,-2.6452f,0f,0f,0f,1f],start_interpolation: 0,interpolation_duration: 1}
$data merge entity $(left_foot) {transformation: [-1.0086f,0.1142f,0.1221f,0.6648f,0.0442f,-0.538f,0.8683f,1.3901f,0.1612f,0.8619f,0.5258f,-8.1897f,0f,0f,0f,1f],start_interpolation: 0,interpolation_duration: 1}
$data merge entity $(left_knee) {transformation: [-3.0369f,0.1029f,-0.1368f,0.8888f,-0.1361f,0.0228f,3.0386f,1.5498f,0.1039f,3.0399f,-0.0181f,-3.9862f,0f,0f,0f,1f],start_interpolation: 0,interpolation_duration: 1}
$data merge entity $(left_leg) {transformation: [-1.7152f,-0.0423f,-0.0869f,0.7522f,-0.0769f,1.5337f,0.7703f,3.9811f,0.0587f,0.773f,-1.5331f,-2.7004f,0f,0f,0f,1f],start_interpolation: 0,interpolation_duration: 1}
$data merge entity $(right_cheek) {transformation: [-0.997f,0.0654f,-0.0406f,-0.4024f,0.0489f,0.9457f,0.3214f,5.1003f,0.0594f,0.3185f,-0.9461f,-2.6532f,0f,0f,0f,1f],start_interpolation: 0,interpolation_duration: 1}
$data merge entity $(right_foot) {transformation: [-1.0145f,-0.1161f,0.0495f,-0.1204f,-0.1137f,1.0147f,0.0514f,-2.4758f,-0.055f,0.0455f,-1.0199f,-1.0406f,0f,0f,0f,1f],start_interpolation: 0,interpolation_duration: 1}
$data merge entity $(right_knee) {transformation: [-3.0154f,-0.3167f,0.2438f,-0.6353f,-0.3049f,3.0224f,0.1552f,1.7049f,-0.2584f,0.1294f,-3.028f,-0.9928f,0f,0f,0f,1f],start_interpolation: 0,interpolation_duration: 1}
$data merge entity $(right_leg) {transformation: [-1.7031f,-0.0458f,0.221f,-0.6442f,-0.1722f,1.3511f,-1.047f,3.9073f,-0.1459f,-1.0601f,-1.344f,-2.6457f,0f,0f,0f,1f],start_interpolation: 0,interpolation_duration: 1}
$data merge entity $(weist) {transformation: [-1.6188f,-0.0463f,-0.0959f,0f,-0.0855f,1.436f,0.75f,5.4597f,0.0635f,0.7535f,-1.4354f,-2.0104f,0f,0f,0f,1f],start_interpolation: 0,interpolation_duration: 1}
data modify storage animated_java:temp entry.data merge value {"locators":{"consume":{"px":-2.0890909923,"py":6.8144956924,"pz":-4.3996165486,"ry":306.373325214,"rx":50.9084070373}}}
# Data Manager: Prepare for Read / Write
execute store result storage animated_java:temp args.id int 1 run scoreboard players get @s aj.id
# Data Manager: Write
function animated_java:global/data_manager/write with storage animated_java:temp args