# This file was generated by Animated Java via MC-Build. It is not recommended to edit this file directly.
$data merge entity $(neck) {transformation: [-0.9984f,0.0472f,-0.0314f,0.0831f,-0.0129f,0.3504f,0.9365f,7.042f,0.0552f,0.9354f,-0.3492f,-0.2011f,0f,0f,0f,1f],start_interpolation: 0,interpolation_duration: 1}
$data merge entity $(right_thumb_2) {transformation: [-0.5921f,-0.2255f,-0.7737f,-2.4137f,-0.026f,0.9649f,-0.2613f,3.8655f,0.8054f,-0.1346f,-0.5772f,-1.8998f,0f,0f,0f,1f],start_interpolation: 0,interpolation_duration: 1}
$data merge entity $(right_thumb) {transformation: [-0.5293f,-0.3483f,-0.7737f,-2.5933f,-0.2343f,0.9364f,-0.2613f,4.1357f,0.8155f,0.0429f,-0.5772f,-1.7569f,0f,0f,0f,1f],start_interpolation: 0,interpolation_duration: 1}
$data merge entity $(right_fingers2) {transformation: [-0.5293f,-0.0257f,-0.8481f,-2.7651f,-0.2343f,0.9651f,0.1169f,3.2696f,0.8155f,0.2606f,-0.5168f,-1.8269f,0f,0f,0f,1f],start_interpolation: 0,interpolation_duration: 1}
$data merge entity $(right_fingers) {transformation: [-0.5179f,0.1121f,-0.8481f,-2.7539f,0.0235f,0.9929f,0.1169f,3.5541f,0.8551f,0.0406f,-0.5168f,-1.795f,0f,0f,0f,1f],start_interpolation: 0,interpolation_duration: 1}
$data merge entity $(scout) {transformation: [0f,0f,0f,-2.7488f,0f,0f,0f,3.6296f,0f,0f,0f,-1.9926f,0f,0f,0f,1f],start_interpolation: 0,interpolation_duration: 1}
$data merge entity $(right_hand) {transformation: [-0.5281f,0.0436f,-0.8481f,-2.762f,-0.1063f,0.9874f,0.1169f,4.1663f,0.8425f,0.1519f,-0.5168f,-1.7287f,0f,0f,0f,1f],start_interpolation: 0,interpolation_duration: 1}
$data merge entity $(right_forearm) {transformation: [-1.3355f,0.2439f,-0.2324f,-2.3476f,0.2068f,1.3436f,0.2217f,6.1891f,0.266f,0.1801f,-1.3394f,-1.5174f,0f,0f,0f,1f],start_interpolation: 0,interpolation_duration: 1}
$data merge entity $(right_shoulder) {transformation: [-1.0941f,0.9758f,0.026f,-0.9382f,0.531f,0.5622f,1.2457f,6.7274f,0.8191f,0.9389f,-0.7729f,-0.5129f,0f,0f,0f,1f],start_interpolation: 0,interpolation_duration: 1}
$data merge entity $(right_arm) {transformation: [-0.9984f,0.0393f,-0.0409f,-0.3582f,-0.0129f,0.5448f,0.8385f,6.9822f,0.0552f,0.8377f,-0.5434f,-0.179f,0f,0f,0f,1f],start_interpolation: 0,interpolation_duration: 1}
$data merge entity $(left_thumb_2) {transformation: [-0.7774f,-0.0112f,0.629f,2.0798f,-0.0407f,0.9986f,-0.0325f,4.66f,-0.6277f,-0.0509f,-0.7768f,-1.9102f,0f,0f,0f,1f],start_interpolation: 0,interpolation_duration: 1}
$data merge entity $(left_thumb) {transformation: [-0.7722f,0.2243f,0.5945f,2.2581f,0.09f,0.9648f,-0.2472f,4.9605f,-0.629f,-0.1374f,-0.7652f,-1.8504f,0f,0f,0f,1f],start_interpolation: 0,interpolation_duration: 1}
$data merge entity $(left_fingers2) {transformation: [-0.7381f,0.295f,0.6067f,2.4141f,0.3483f,0.9368f,-0.0318f,4.0903f,-0.5778f,0.1879f,-0.7943f,-1.7979f,0f,0f,0f,1f],start_interpolation: 0,interpolation_duration: 1}
$data merge entity $(left_fingers) {transformation: [-0.7868f,-0.1136f,0.6067f,2.4083f,-0.1668f,0.9855f,-0.0318f,4.3756f,-0.5943f,-0.1262f,-0.7943f,-1.8229f,0f,0f,0f,1f],start_interpolation: 0,interpolation_duration: 1}
$data merge entity $(left_hand) {transformation: [-0.7949f,-0.0099f,0.6067f,2.4251f,-0.0367f,0.9988f,-0.0318f,4.9875f,-0.6057f,-0.0475f,-0.7943f,-1.8902f,0f,0f,0f,1f],start_interpolation: 0,interpolation_duration: 1}
$data merge entity $(left_forearm) {transformation: [-1.2942f,-0.409f,-0.2342f,1.7468f,-0.3557f,1.2967f,-0.2987f,6.9145f,0.3092f,-0.2202f,-1.324f,-2.2572f,0f,0f,0f,1f],start_interpolation: 0,interpolation_duration: 1}
$data merge entity $(left_shoulder) {transformation: [-1.3828f,-0.3329f,-0.356f,1.0736f,-0.3631f,-0.0108f,1.4205f,6.7824f,-0.3252f,1.4279f,-0.0722f,-0.5795f,0f,0f,0f,1f],start_interpolation: 0,interpolation_duration: 1}
$data merge entity $(left_arm) {transformation: [-0.9984f,0.0393f,-0.0409f,0.5255f,-0.0129f,0.5448f,0.8385f,6.9937f,0.0552f,0.8377f,-0.5434f,-0.2279f,0f,0f,0f,1f],start_interpolation: 0,interpolation_duration: 1}
$data merge entity $(chest) {transformation: [-1.2765f,0.0503f,-0.0523f,0.0113f,-0.0165f,0.6965f,1.072f,6.0331f,0.0706f,1.071f,-0.6947f,-1.735f,0f,0f,0f,1f],start_interpolation: 0,interpolation_duration: 1}
$data merge entity $(left_cheek) {transformation: [-0.9963f,-0.0874f,-0.0029f,0.3937f,-0.0744f,0.8517f,0.5357f,5.8044f,-0.0438f,0.5407f,-0.8444f,-2.6684f,0f,0f,0f,1f],start_interpolation: 0,interpolation_duration: 1}
$data merge entity $(left_foot) {transformation: [-1.0033f,0.1908f,-0.0463f,0.2521f,0.0762f,0.6008f,0.8237f,-1.0802f,0.1809f,0.8049f,-0.6038f,-6.3011f,0f,0f,0f,1f],start_interpolation: 0,interpolation_duration: 1}
$data merge entity $(left_knee) {transformation: [-2.9897f,0.3168f,-0.4618f,0.7575f,-0.1122f,2.1187f,2.1796f,1.9445f,0.5487f,2.1594f,-2.0708f,-3.413f,0f,0f,0f,1f],start_interpolation: 0,interpolation_duration: 1}
$data merge entity $(left_leg) {transformation: [-1.6886f,-0.0042f,-0.3163f,0.6899f,-0.0634f,1.6875f,0.316f,4.636f,0.3099f,0.3222f,-1.6588f,-2.8352f,0f,0f,0f,1f],start_interpolation: 0,interpolation_duration: 1}
$data merge entity $(right_cheek) {transformation: [-0.9936f,0.1079f,0.0556f,-0.4028f,0.1127f,0.9719f,0.4546f,5.8762f,-0.0045f,0.5037f,-0.889f,-2.638f,0f,0f,0f,1f],start_interpolation: 0,interpolation_duration: 1}
$data merge entity $(right_foot) {transformation: [-1.0161f,-0.084f,-0.0752f,-0.7151f,-0.0537f,-0.239f,0.9926f,1.0243f,-0.0992f,0.9905f,0.2331f,-4.8534f,0f,0f,0f,1f],start_interpolation: 0,interpolation_duration: 1}
$data merge entity $(right_knee) {transformation: [-3.036f,-0.1083f,0.1528f,-0.9458f,0.104f,1.0885f,2.8384f,2.6498f,-0.1557f,2.8383f,-1.0827f,-0.974f,0f,0f,0f,1f],start_interpolation: 0,interpolation_duration: 1}
$data merge entity $(right_leg) {transformation: [-1.7147f,0.1034f,0.0221f,-0.7094f,0.0588f,1.2303f,-1.1977f,4.6535f,-0.0879f,-1.1946f,-1.2315f,-2.8481f,0f,0f,0f,1f],start_interpolation: 0,interpolation_duration: 1}
$data merge entity $(weist) {transformation: [-1.6221f,0.0079f,0.0239f,0f,0.0202f,1.3276f,0.9322f,6.0631f,-0.015f,0.9324f,-1.3275f,-1.9892f,0f,0f,0f,1f],start_interpolation: 0,interpolation_duration: 1}
data modify storage animated_java:temp entry.data merge value {"locators":{"consume":{"px":-2.6967690047,"py":3.4745725954,"pz":-2.0385369833,"ry":301.3592257032,"rx":6.7151077371}}}
# Data Manager: Prepare for Read / Write
execute store result storage animated_java:temp args.id int 1 run scoreboard players get @s aj.id
# Data Manager: Write
function animated_java:global/data_manager/write with storage animated_java:temp args