# This file was generated by Animated Java via MC-Build. It is not recommended to edit this file directly.
$data merge entity $(neck) {transformation: [-0.9972f,-0.0208f,0.0722f,-0.0192f,0.0579f,0.4006f,0.9144f,6.9766f,-0.048f,0.916f,-0.3982f,-0.3602f,0f,0f,0f,1f],start_interpolation: 0,interpolation_duration: 1}
$data merge entity $(right_thumb_2) {transformation: [-0.8139f,-0.1112f,-0.5703f,-2.6091f,-0.3499f,0.8774f,0.3282f,5.2251f,0.4639f,0.4666f,-0.7531f,-3.5512f,0f,0f,0f,1f],start_interpolation: 0,interpolation_duration: 1}
$data merge entity $(right_thumb) {transformation: [-0.7705f,-0.2847f,-0.5703f,-2.8069f,-0.5315f,0.7809f,0.3282f,5.3929f,0.3519f,0.556f,-0.7531f,-3.3095f,0f,0f,0f,1f],start_interpolation: 0,interpolation_duration: 1}
$data merge entity $(right_fingers2) {transformation: [-0.7705f,-0.0448f,-0.6358f,-3.0025f,-0.5315f,0.5959f,0.6021f,4.8093f,0.3519f,0.8018f,-0.483f,-3.9464f,0f,0f,0f,1f],start_interpolation: 0,interpolation_duration: 1}
$data merge entity $(right_fingers) {transformation: [-0.7559f,0.1561f,-0.6358f,-2.984f,-0.3591f,0.7131f,0.6021f,5.0068f,0.5474f,0.6834f,-0.483f,-3.7397f,0f,0f,0f,1f],start_interpolation: 0,interpolation_duration: 1}
$data merge entity $(scout) {transformation: [0f,0f,0f,-2.9128f,0f,0f,0f,5.1802f,0f,0f,0f,-3.8381f,0f,0f,0f,1f],start_interpolation: 0,interpolation_duration: 1}
$data merge entity $(right_hand) {transformation: [-0.7698f,0.0561f,-0.6358f,-2.9738f,-0.4492f,0.6601f,0.6021f,5.4411f,0.4535f,0.749f,-0.483f,-3.3033f,0f,0f,0f,1f],start_interpolation: 0,interpolation_duration: 1}
$data merge entity $(right_forearm) {transformation: [-1.286f,0.4626f,0.1717f,-2.2175f,0.4658f,0.9802f,0.8481f,6.9288f,0.1627f,0.8499f,-1.0716f,-2.0691f,0f,0f,0f,1f],start_interpolation: 0,interpolation_duration: 1}
$data merge entity $(right_shoulder) {transformation: [-1.1629f,0.7966f,0.4036f,-1.0248f,0.4572f,-0.038f,1.3926f,6.7454f,0.767f,1.2304f,-0.2182f,-0.7166f,0f,0f,0f,1f],start_interpolation: 0,interpolation_duration: 1}
$data merge entity $(right_arm) {transformation: [-0.9972f,-0.0047f,0.075f,-0.4637f,0.0579f,0.589f,0.8061f,6.9482f,-0.048f,0.8081f,-0.587f,-0.3809f,0f,0f,0f,1f],start_interpolation: 0,interpolation_duration: 1}
$data merge entity $(left_thumb_2) {transformation: [-0.6853f,-0.0089f,0.7282f,1.9779f,-0.5117f,0.7174f,-0.4728f,4.2111f,-0.5182f,-0.6966f,-0.4962f,-0.4467f,0f,0f,0f,1f],start_interpolation: 0,interpolation_duration: 1}
$data merge entity $(left_thumb) {transformation: [-0.6806f,0.2363f,0.6935f,2.145f,-0.4137f,0.6573f,-0.63f,4.4928f,-0.6047f,-0.7157f,-0.3496f,-0.5823f,0f,0f,0f,1f],start_interpolation: 0,interpolation_duration: 1}
$data merge entity $(left_fingers2) {transformation: [-0.655f,0.2626f,0.7085f,2.2966f,-0.1827f,0.8548f,-0.4857f,3.8864f,-0.7332f,-0.4476f,-0.5119f,0.0452f,0f,0f,0f,1f],start_interpolation: 0,interpolation_duration: 1}
$data merge entity $(left_fingers) {transformation: [-0.6985f,-0.1001f,0.7085f,2.2929f,-0.5856f,0.6489f,-0.4857f,4.0843f,-0.4112f,-0.7542f,-0.5119f,-0.1618f,0f,0f,0f,1f],start_interpolation: 0,interpolation_duration: 1}
$data merge entity $(left_hand) {transformation: [-0.7056f,-0.0081f,0.7085f,2.3158f,-0.4959f,0.7198f,-0.4857f,4.5025f,-0.5061f,-0.6941f,-0.5119f,-0.6133f,0f,0f,0f,1f],start_interpolation: 0,interpolation_duration: 1}
$data merge entity $(left_forearm) {transformation: [-1.361f,-0.1968f,-0.0778f,1.96f,-0.0891f,0.9922f,-0.9511f,5.9584f,0.192f,-0.9348f,-0.9932f,-2.0493f,0f,0f,0f,1f],start_interpolation: 0,interpolation_duration: 1}
$data merge entity $(left_shoulder) {transformation: [-1.3294f,-0.5869f,-0.1953f,0.9827f,-0.4616f,0.6333f,1.2392f,6.5976f,-0.4117f,1.185f,-0.759f,-0.663f,0f,0f,0f,1f],start_interpolation: 0,interpolation_duration: 1}
$data merge entity $(left_arm) {transformation: [-0.9972f,-0.0047f,0.075f,0.4189f,0.0579f,0.589f,0.8061f,6.897f,-0.048f,0.8081f,-0.587f,-0.3384f,0f,0f,0f,1f],start_interpolation: 0,interpolation_duration: 1}
$data merge entity $(chest) {transformation: [-1.2749f,-0.006f,0.0959f,-0.0113f,0.074f,0.753f,1.0306f,5.8868f,-0.0613f,1.0332f,-0.7506f,-1.8395f,0f,0f,0f,1f],start_interpolation: 0,interpolation_duration: 1}
$data merge entity $(left_cheek) {transformation: [-0.9977f,-0.0687f,-0.0004f,0.3975f,-0.0568f,0.8269f,0.5636f,5.7249f,-0.0383f,0.5642f,-0.826f,-2.7307f,0f,0f,0f,1f],start_interpolation: 0,interpolation_duration: 1}
$data merge entity $(left_foot) {transformation: [-0.9868f,0.2505f,0.0933f,0.0617f,0.0816f,-0.0573f,1.0175f,-0.3402f,0.2545f,0.9896f,0.0353f,-7.7071f,0f,0f,0f,1f],start_interpolation: 0,interpolation_duration: 1}
$data merge entity $(left_knee) {transformation: [-2.9587f,0.3957f,-0.5846f,0.6703f,-0.2659f,1.7089f,2.5022f,2.135f,0.6539f,2.485f,-1.6277f,-4.3532f,0f,0f,0f,1f],start_interpolation: 0,interpolation_duration: 1}
$data merge entity $(left_leg) {transformation: [-1.6711f,0.0578f,-0.3945f,0.705f,-0.1502f,1.4833f,0.8536f,4.4801f,0.3693f,0.8647f,-1.4378f,-2.9104f,0f,0f,0f,1f],start_interpolation: 0,interpolation_duration: 1}
$data merge entity $(right_cheek) {transformation: [-0.9919f,0.137f,-0.0124f,-0.3928f,0.1128f,1.0035f,0.3668f,5.7019f,0.0577f,0.3938f,-0.9302f,-2.859f,0f,0f,0f,1f],start_interpolation: 0,interpolation_duration: 1}
$data merge entity $(right_foot) {transformation: [-1.0192f,-0.0779f,-0.0192f,-0.6832f,-0.0726f,0.7918f,0.6427f,-0.5727f,-0.0341f,0.642f,-0.7949f,-2.1675f,0f,0f,0f,1f],start_interpolation: 0,interpolation_duration: 1}
$data merge entity $(right_knee) {transformation: [-3.0363f,-0.1001f,0.1512f,-0.9027f,-0.0235f,2.732f,1.3372f,3.2624f,-0.1798f,1.3336f,-2.7279f,-0.4385f,0f,0f,0f,1f],start_interpolation: 0,interpolation_duration: 1}
$data merge entity $(right_leg) {transformation: [-1.7149f,0.0865f,0.0549f,-0.6944f,-0.0133f,0.7257f,-1.5571f,4.4713f,-0.1016f,-1.5547f,-0.7238f,-2.9038f,0f,0f,0f,1f],start_interpolation: 0,interpolation_duration: 1}
$data merge entity $(weist) {transformation: [-1.6223f,-0.0043f,-0.0119f,0f,-0.0102f,1.3525f,0.8958f,5.9168f,0.0076f,0.8959f,-1.3525f,-2.0936f,0f,0f,0f,1f],start_interpolation: 0,interpolation_duration: 1}
data modify storage animated_java:temp entry.data merge value {"locators":{"consume":{"px":-2.8589263427,"py":5.0751155034,"pz":-3.9602066131,"ry":307.22038918,"rx":37.0169137317}}}
# Data Manager: Prepare for Read / Write
execute store result storage animated_java:temp args.id int 1 run scoreboard players get @s aj.id
# Data Manager: Write
function animated_java:global/data_manager/write with storage animated_java:temp args
execute unless entity @s[tag=aj.transforms_only] at @s run function animated_java:female/animations/berserk_run/zzz/frames/11_root_function