# This file was generated by Animated Java via MC-Build. It is not recommended to edit this file directly.
$data merge entity $(neck) {transformation: [-0.9761f,-0.077f,0.2033f,-0.0872f,0.1368f,0.5092f,0.8497f,6.8687f,-0.1689f,0.8572f,-0.4865f,-0.5727f,0f,0f,0f,1f],start_interpolation: 0,interpolation_duration: 1}
$data merge entity $(right_thumb_2) {transformation: [-0.9195f,-0.1721f,-0.3535f,-2.3338f,-0.3748f,0.6553f,0.6559f,6.4057f,0.1187f,0.7355f,-0.667f,-4.2714f,0f,0f,0f,1f],start_interpolation: 0,interpolation_duration: 1}
$data merge entity $(right_thumb) {transformation: [-0.8604f,-0.367f,-0.3535f,-2.5745f,-0.5077f,0.5586f,0.6559f,6.5009f,-0.0433f,0.7438f,-0.667f,-4.0291f,0f,0f,0f,1f],start_interpolation: 0,interpolation_duration: 1}
$data merge entity $(right_fingers2) {transformation: [-0.8604f,-0.2038f,-0.467f,-2.6426f,-0.5077f,0.2651f,0.8197f,6.2215f,-0.0433f,0.9424f,-0.3316f,-4.8668f,0f,0f,0f,1f],start_interpolation: 0,interpolation_duration: 1}
$data merge entity $(right_fingers) {transformation: [-0.8839f,0.0258f,-0.467f,-2.6636f,-0.4218f,0.3875f,0.8197f,6.326f,0.2021f,0.9215f,-0.3316f,-4.601f,0f,0f,0f,1f],start_interpolation: 0,interpolation_duration: 1}
$data merge entity $(scout) {transformation: [0f,0f,0f,-2.5615f,0f,0f,0f,6.5113f,0f,0f,0f,-4.6084f,0f,0f,0f,1f],start_interpolation: 0,interpolation_duration: 1}
$data merge entity $(right_hand) {transformation: [-0.8797f,-0.0898f,-0.467f,-2.735f,-0.4688f,0.3291f,0.8197f,6.5667f,0.0801f,0.94f,-0.3316f,-4.0387f,0f,0f,0f,1f],start_interpolation: 0,interpolation_duration: 1}
$data merge entity $(right_forearm) {transformation: [-1.1771f,0.5212f,0.4899f,-1.8834f,0.696f,0.6171f,1.0158f,7.504f,0.1649f,1.1157f,-0.7907f,-2.3941f,0f,0f,0f,1f],start_interpolation: 0,interpolation_duration: 1}
$data merge entity $(right_shoulder) {transformation: [-1.225f,0.4822f,0.6456f,-1.0694f,0.4656f,-0.5353f,1.2832f,6.7162f,0.6577f,1.277f,0.2941f,-0.9792f,0f,0f,0f,1f],start_interpolation: 0,interpolation_duration: 1}
$data merge entity $(right_arm) {transformation: [-0.9761f,-0.0312f,0.2151f,-0.5277f,0.1368f,0.681f,0.7194f,6.8762f,-0.1689f,0.7316f,-0.6605f,-0.6413f,0f,0f,0f,1f],start_interpolation: 0,interpolation_duration: 1}
$data merge entity $(left_thumb_2) {transformation: [-0.6747f,0.208f,0.7082f,1.304f,-0.7203f,0.0237f,-0.6933f,4.5831f,-0.161f,-0.9779f,0.1338f,1.1001f,0f,0f,0f,1f],start_interpolation: 0,interpolation_duration: 1}
$data merge entity $(left_thumb) {transformation: [-0.6418f,0.4405f,0.6277f,1.532f,-0.711f,-0.0353f,-0.7023f,4.6871f,-0.2872f,-0.897f,0.3359f,0.8494f,0f,0f,0f,1f],start_interpolation: 0,interpolation_duration: 1}
$data merge entity $(left_fingers2) {transformation: [-0.5611f,0.4584f,0.6892f,1.4912f,-0.6366f,0.2932f,-0.7133f,4.6926f,-0.529f,-0.839f,0.1273f,1.7341f,0f,0f,0f,1f],start_interpolation: 0,interpolation_duration: 1}
$data merge entity $(left_fingers) {transformation: [-0.7151f,0.1164f,0.6892f,1.5496f,-0.6979f,-0.0644f,-0.7133f,4.6887f,-0.0386f,-0.9911f,0.1273f,1.4537f,0f,0f,0f,1f],start_interpolation: 0,interpolation_duration: 1}
$data merge entity $(left_hand) {transformation: [-0.6938f,0.2088f,0.6892f,1.7048f,-0.7004f,0.0272f,-0.7133f,4.6704f,-0.1677f,-0.9776f,0.1273f,0.858f,0f,0f,0f,1f],start_interpolation: 0,interpolation_duration: 1}
$data merge entity $(left_forearm) {transformation: [-1.3468f,0.2717f,-0.0968f,2.0544f,0.147f,0.249f,-1.3467f,5.0025f,-0.2481f,-1.3271f,-0.2725f,-1.1608f,0f,0f,0f,1f],start_interpolation: 0,interpolation_duration: 1}
$data merge entity $(left_shoulder) {transformation: [-1.2473f,-0.7343f,0.2345f,0.9002f,-0.6072f,1.2107f,0.5617f,6.3381f,-0.4749f,0.3807f,-1.3339f,-0.7495f,0f,0f,0f,1f],start_interpolation: 0,interpolation_duration: 1}
$data merge entity $(left_arm) {transformation: [-0.9761f,-0.0312f,0.2151f,0.3363f,0.1368f,0.681f,0.7194f,6.7551f,-0.1689f,0.7316f,-0.6605f,-0.4918f,0f,0f,0f,1f],start_interpolation: 0,interpolation_duration: 1}
$data merge entity $(chest) {transformation: [-1.248f,-0.0399f,0.2751f,-0.032f,0.1749f,0.8707f,0.9197f,5.6106f,-0.216f,0.9354f,-0.8444f,-1.9107f,0f,0f,0f,1f],start_interpolation: 0,interpolation_duration: 1}
$data merge entity $(left_cheek) {transformation: [-0.9989f,-0.0426f,-0.0215f,0.4015f,-0.0477f,0.8612f,0.5061f,5.4949f,-0.003f,0.5065f,-0.8622f,-2.7466f,0f,0f,0f,1f],start_interpolation: 0,interpolation_duration: 1}
$data merge entity $(left_foot) {transformation: [-0.9841f,0.2282f,0.1571f,-0.0268f,0.0867f,-0.2968f,0.9745f,0.4854f,0.2631f,0.9514f,0.2663f,-8.6155f,0f,0f,0f,1f],start_interpolation: 0,interpolation_duration: 1}
$data merge entity $(left_knee) {transformation: [-2.9844f,0.4113f,-0.4202f,0.6109f,-0.2367f,1.1494f,2.8063f,2.1978f,0.5382f,2.786f,-1.0957f,-4.8198f,0f,0f,0f,1f],start_interpolation: 0,interpolation_duration: 1}
$data merge entity $(left_leg) {transformation: [-1.6856f,0.1103f,-0.3132f,0.7266f,-0.1337f,1.2581f,1.1622f,4.1737f,0.304f,1.1647f,-1.2258f,-2.9054f,0f,0f,0f,1f],start_interpolation: 0,interpolation_duration: 1}
$data merge entity $(right_cheek) {transformation: [-0.9878f,0.1406f,-0.0812f,-0.4023f,0.108f,1.0138f,0.259f,5.3522f,0.1124f,0.261f,-0.9624f,-2.8227f,0f,0f,0f,1f],start_interpolation: 0,interpolation_duration: 1}
$data merge entity $(right_foot) {transformation: [-1.0193f,-0.0667f,0.0425f,-0.5745f,-0.0774f,0.9539f,-0.3595f,-0.801f,-0.0162f,-0.3616f,-0.9561f,0.9366f,0f,0f,0f,1f],start_interpolation: 0,interpolation_duration: 1}
$data merge entity $(right_knee) {transformation: [-3.03f,-0.1387f,0.2287f,-0.8441f,-0.1931f,2.934f,-0.7789f,3.2223f,-0.1851f,-0.7904f,-2.9314f,-0.2827f,0f,0f,0f,1f],start_interpolation: 0,interpolation_duration: 1}
$data merge entity $(right_leg) {transformation: [-1.7113f,0.0655f,0.1362f,-0.672f,-0.1091f,0.5361f,-1.6285f,4.1334f,-0.1045f,-1.6309f,-0.5299f,-2.8755f,0f,0f,0f,1f],start_interpolation: 0,interpolation_duration: 1}
$data merge entity $(weist) {transformation: [-1.6213f,-0.023f,-0.0534f,0f,-0.0467f,1.4037f,0.8121f,5.6406f,0.0347f,0.8132f,-1.4034f,-2.1648f,0f,0f,0f,1f],start_interpolation: 0,interpolation_duration: 1}
data modify storage animated_java:temp entry.data merge value {"locators":{"consume":{"px":-2.4856604425,"py":6.4510277361,"pz":-4.7479565687,"ry":305.3773848336,"rx":55.0574732561}}}
# Data Manager: Prepare for Read / Write
execute store result storage animated_java:temp args.id int 1 run scoreboard players get @s aj.id
# Data Manager: Write
function animated_java:global/data_manager/write with storage animated_java:temp args