# This file was generated by Animated Java via MC-Build. It is not recommended to edit this file directly.
$data merge entity $(neck) {transformation: [-0.9418f,-0.096f,0.3222f,-0.0879f,0.2002f,0.61f,0.7667f,6.7556f,-0.2701f,0.7866f,-0.5553f,-0.5865f,0f,0f,0f,1f],start_interpolation: 0,interpolation_duration: 1}
$data merge entity $(right_thumb_2) {transformation: [-0.9329f,-0.2244f,-0.2817f,-2.0444f,-0.3598f,0.5478f,0.7553f,7.0001f,-0.0152f,0.806f,-0.5918f,-4.262f,0f,0f,0f,1f],start_interpolation: 0,interpolation_duration: 1}
$data merge entity $(right_thumb) {transformation: [-0.8622f,-0.421f,-0.2817f,-2.3037f,-0.4699f,0.4569f,0.7553f,7.0668f,-0.1893f,0.7836f,-0.5918f,-4.0296f,0f,0f,0f,1f],start_interpolation: 0,interpolation_duration: 1}
$data merge entity $(right_fingers2) {transformation: [-0.8622f,-0.2811f,-0.4214f,-2.3029f,-0.4699f,0.1331f,0.8727f,6.9128f,-0.1893f,0.9504f,-0.2469f,-4.9018f,0f,0f,0f,1f],start_interpolation: 0,interpolation_duration: 1}
$data merge entity $(right_fingers) {transformation: [-0.9056f,-0.0484f,-0.4214f,-2.3453f,-0.4194f,0.2502f,0.8727f,6.9786f,0.0632f,0.967f,-0.2469f,-4.6263f,0f,0f,0f,1f],start_interpolation: 0,interpolation_duration: 1}
$data merge entity $(scout) {transformation: [0f,0f,0f,-2.2397f,0f,0f,0f,7.1599f,0f,0f,0f,-4.598f,0f,0f,0f,1f],start_interpolation: 0,interpolation_duration: 1}
$data merge entity $(right_hand) {transformation: [-0.8915f,-0.1662f,-0.4214f,-2.4616f,-0.4485f,0.1933f,0.8727f,7.1382f,-0.0636f,0.967f,-0.2469f,-4.043f,0f,0f,0f,1f],start_interpolation: 0,interpolation_duration: 1}
$data merge entity $(right_forearm) {transformation: [-1.0804f,0.5955f,0.6126f,-1.4976f,0.8241f,0.4656f,1.0006f,7.8415f,0.2255f,1.1514f,-0.7215f,-2.3446f,0f,0f,0f,1f],start_interpolation: 0,interpolation_duration: 1}
$data merge entity $(right_shoulder) {transformation: [-1.2597f,0.1818f,0.728f,-1.0454f,0.5039f,-0.8493f,1.0838f,6.6696f,0.5561f,1.1813f,0.6672f,-1.0379f,0f,0f,0f,1f],start_interpolation: 0,interpolation_duration: 1}
$data merge entity $(right_arm) {transformation: [-0.9418f,-0.024f,0.3354f,-0.5188f,0.2002f,0.7615f,0.6165f,6.7931f,-0.2701f,0.6478f,-0.7123f,-0.695f,0f,0f,0f,1f],start_interpolation: 0,interpolation_duration: 1}
$data merge entity $(left_thumb_2) {transformation: [-0.7498f,0.3884f,0.5357f,0.409f,-0.6606f,-0.4869f,-0.5714f,5.3417f,0.0389f,-0.7823f,0.6216f,1.8752f,0f,0f,0f,1f],start_interpolation: 0,interpolation_duration: 1}
$data merge entity $(left_thumb) {transformation: [-0.6927f,0.5874f,0.4185f,0.6948f,-0.7185f,-0.5108f,-0.4721f,5.2906f,-0.0635f,-0.6277f,0.7759f,1.6717f,0f,0f,0f,1f],start_interpolation: 0,interpolation_duration: 1}
$data merge entity $(left_fingers2) {transformation: [-0.5562f,0.6522f,0.5151f,0.4905f,-0.7817f,-0.1999f,-0.5908f,5.7454f,-0.2823f,-0.7312f,0.621f,2.4037f,0f,0f,0f,1f],start_interpolation: 0,interpolation_duration: 1}
$data merge entity $(left_fingers) {transformation: [-0.8078f,0.2868f,0.5151f,0.5987f,-0.577f,-0.564f,-0.5908f,5.5967f,0.1211f,-0.7744f,0.621f,2.1842f,0f,0f,0f,1f],start_interpolation: 0,interpolation_duration: 1}
$data merge entity $(left_hand) {transformation: [-0.7634f,0.3897f,0.5151f,0.8571f,-0.6456f,-0.4838f,-0.5908f,5.2701f,0.019f,-0.7836f,0.621f,1.7304f,0f,0f,0f,1f],start_interpolation: 0,interpolation_duration: 1}
$data merge entity $(left_forearm) {transformation: [-1.1648f,0.6796f,-0.28f,1.8219f,0.1134f,-0.3523f,-1.3267f,4.6961f,-0.7263f,-1.145f,0.242f,-0.0154f,0f,0f,0f,1f],start_interpolation: 0,interpolation_duration: 1}
$data merge entity $(left_shoulder) {transformation: [-1.182f,-0.5801f,0.6452f,0.8557f,-0.7205f,1.2637f,-0.1839f,6.0974f,-0.4833f,-0.4653f,-1.3037f,-0.6381f,0f,0f,0f,1f],start_interpolation: 0,interpolation_duration: 1}
$data merge entity $(left_arm) {transformation: [-0.9418f,-0.024f,0.3354f,0.3148f,0.2002f,0.7615f,0.6165f,6.6159f,-0.2701f,0.6478f,-0.7123f,-0.4559f,0f,0f,0f,1f],start_interpolation: 0,interpolation_duration: 1}
$data merge entity $(chest) {transformation: [-1.2041f,-0.0306f,0.4288f,-0.0471f,0.2559f,0.9736f,0.7883f,5.3506f,-0.3454f,0.8282f,-0.9108f,-1.7699f,0f,0f,0f,1f],start_interpolation: 0,interpolation_duration: 1}
$data merge entity $(left_cheek) {transformation: [-0.9966f,-0.0707f,-0.0433f,0.4472f,-0.0825f,0.8978f,0.4327f,5.1707f,0.0083f,0.4348f,-0.9005f,-2.5098f,0f,0f,0f,1f],start_interpolation: 0,interpolation_duration: 1}
$data merge entity $(left_foot) {transformation: [-0.9931f,0.1771f,0.166f,0.2167f,0.0734f,-0.447f,0.9166f,1.6219f,0.2314f,0.9023f,0.4215f,-9.0816f,0f,0f,0f,1f],start_interpolation: 0,interpolation_duration: 1}
$data merge entity $(left_knee) {transformation: [-3.0216f,0.2787f,-0.2103f,0.6805f,-0.1706f,0.4199f,3.0078f,2.331f,0.3046f,2.9997f,-0.4014f,-4.9551f,0f,0f,0f,1f],start_interpolation: 0,interpolation_duration: 1}
$data merge entity $(left_leg) {transformation: [-1.7066f,0.0842f,-0.1783f,0.7496f,-0.0964f,0.9994f,1.394f,3.8872f,0.172f,1.3948f,-0.9881f,-2.6844f,0f,0f,0f,1f],start_interpolation: 0,interpolation_duration: 1}
$data merge entity $(right_cheek) {transformation: [-0.9908f,0.1227f,-0.062f,-0.4042f,0.1029f,0.9899f,0.229f,5.0348f,0.0875f,0.2255f,-0.9715f,-2.6607f,0f,0f,0f,1f],start_interpolation: 0,interpolation_duration: 1}
$data merge entity $(right_foot) {transformation: [-1.0171f,-0.0861f,0.057f,-0.4166f,-0.0998f,0.9641f,-0.3251f,-0.9101f,-0.0264f,-0.329f,-0.9676f,1.9133f,0f,0f,0f,1f],start_interpolation: 0,interpolation_duration: 1}
$data merge entity $(right_knee) {transformation: [-3.0197f,-0.1995f,0.3058f,-0.767f,-0.3149f,2.7129f,-1.3391f,2.7808f,-0.1849f,-1.3611f,-2.7139f,-0.0868f,0f,0f,0f,1f],start_interpolation: 0,interpolation_duration: 1}
$data merge entity $(right_leg) {transformation: [-1.7055f,0.0341f,0.2034f,-0.6473f,-0.1778f,0.6146f,-1.5944f,3.8196f,-0.1044f,-1.6039f,-0.6066f,-2.6342f,0f,0f,0f,1f],start_interpolation: 0,interpolation_duration: 1}
$data merge entity $(weist) {transformation: [-1.6194f,-0.044f,-0.0872f,0f,-0.0785f,1.4494f,0.7246f,5.3806f,0.0583f,0.7275f,-1.4489f,-2.024f,0f,0f,0f,1f],start_interpolation: 0,interpolation_duration: 1}
data modify storage animated_java:temp entry.data merge value {"locators":{"consume":{"px":-2.1529324045,"py":7.1179987563,"pz":-4.7379188042,"ry":300.3647575877,"rx":60.7682592784}}}
# Data Manager: Prepare for Read / Write
execute store result storage animated_java:temp args.id int 1 run scoreboard players get @s aj.id
# Data Manager: Write
function animated_java:global/data_manager/write with storage animated_java:temp args