# This file was generated by Animated Java via MC-Build. It is not recommended to edit this file directly.
$data merge entity $(neck) {transformation: [-0.9201f,-0.0992f,0.3789f,-0.0765f,0.2274f,0.6523f,0.723f,6.6383f,-0.3189f,0.7514f,-0.5777f,-0.5125f,0f,0f,0f,1f],start_interpolation: 0,interpolation_duration: 1}
$data merge entity $(right_thumb_2) {transformation: [-0.9245f,-0.2224f,-0.3096f,-1.9299f,-0.3812f,0.5419f,0.749f,7.0865f,0.0012f,0.8105f,-0.5857f,-4.0183f,0f,0f,0f,1f],start_interpolation: 0,interpolation_duration: 1}
$data merge entity $(right_thumb) {transformation: [-0.8545f,-0.4172f,-0.3096f,-2.1865f,-0.4894f,0.4465f,0.749f,7.147f,-0.1742f,0.7915f,-0.5857f,-3.7813f,0f,0f,0f,1f],start_interpolation: 0,interpolation_duration: 1}
$data merge entity $(right_fingers2) {transformation: [-0.8545f,-0.267f,-0.4457f,-2.1978f,-0.4894f,0.1259f,0.8629f,6.9937f,-0.1742f,0.9554f,-0.2382f,-4.6535f,0f,0f,0f,1f],start_interpolation: 0,interpolation_duration: 1}
$data merge entity $(right_fingers) {transformation: [-0.8944f,-0.0367f,-0.4457f,-2.2368f,-0.4402f,0.2483f,0.8629f,7.0584f,0.079f,0.968f,-0.2382f,-4.3772f,0f,0f,0f,1f],start_interpolation: 0,interpolation_duration: 1}
$data merge entity $(scout) {transformation: [0f,0f,0f,-2.1349f,0f,0f,0f,7.242f,0f,0f,0f,-4.3506f,0f,0f,0f,1f],start_interpolation: 0,interpolation_duration: 1}
$data merge entity $(right_hand) {transformation: [-0.882f,-0.1531f,-0.4457f,-2.3462f,-0.4688f,0.1887f,0.8629f,7.2148f,-0.048f,0.97f,-0.2382f,-3.7917f,0f,0f,0f,1f],start_interpolation: 0,interpolation_duration: 1}
$data merge entity $(right_forearm) {transformation: [-1.0503f,0.6646f,0.5935f,-1.28f,0.8521f,0.4809f,0.9695f,7.9388f,0.2605f,1.1064f,-0.7778f,-2.1646f,0f,0f,0f,1f],start_interpolation: 0,interpolation_duration: 1}
$data merge entity $(right_shoulder) {transformation: [-1.2811f,0.0217f,0.7129f,-1.0183f,0.5068f,-1.0035f,0.9412f,6.5829f,0.5018f,1.0688f,0.8693f,-0.9906f,0f,0f,0f,1f],start_interpolation: 0,interpolation_duration: 1}
$data merge entity $(right_arm) {transformation: [-0.9201f,-0.0148f,0.3914f,-0.5004f,0.2274f,0.7933f,0.5647f,6.6892f,-0.3189f,0.6086f,-0.7266f,-0.6407f,0f,0f,0f,1f],start_interpolation: 0,interpolation_duration: 1}
$data merge entity $(left_thumb_2) {transformation: [-0.7283f,0.4937f,0.4752f,-0.0583f,-0.6852f,-0.5178f,-0.5123f,5.2497f,-0.0069f,-0.6987f,0.7154f,2.0893f,0f,0f,0f,1f],start_interpolation: 0,interpolation_duration: 1}
$data merge entity $(left_thumb) {transformation: [-0.6577f,0.6735f,0.3374f,0.2512f,-0.7469f,-0.5247f,-0.4084f,5.1974f,-0.098f,-0.5206f,0.8481f,1.9244f,0f,0f,0f,1f],start_interpolation: 0,interpolation_duration: 1}
$data merge entity $(left_fingers2) {transformation: [-0.4942f,0.7405f,0.4554f,-0.0528f,-0.8178f,-0.2184f,-0.5324f,5.6872f,-0.2949f,-0.6355f,0.7135f,2.5968f,0f,0f,0f,1f],start_interpolation: 0,interpolation_duration: 1}
$data merge entity $(left_fingers) {transformation: [-0.7983f,0.3942f,0.4554f,0.0854f,-0.5991f,-0.598f,-0.5324f,5.5298f,0.0624f,-0.6978f,0.7135f,2.4015f,0f,0f,0f,1f],start_interpolation: 0,interpolation_duration: 1}
$data merge entity $(left_hand) {transformation: [-0.74f,0.4951f,0.4554f,0.4059f,-0.672f,-0.5147f,-0.5324f,5.1868f,-0.0292f,-0.7f,0.7135f,2.0029f,0f,0f,0f,1f],start_interpolation: 0,interpolation_duration: 1}
$data merge entity $(left_forearm) {transformation: [-1.0407f,0.8632f,-0.2625f,1.653f,0.0459f,-0.3496f,-1.3315f,4.6137f,-0.9011f,-1.0148f,0.2354f,0.4458f,0f,0f,0f,1f],start_interpolation: 0,interpolation_duration: 1}
$data merge entity $(left_shoulder) {transformation: [-1.1397f,-0.4593f,0.8f,0.8375f,-0.7574f,1.1918f,-0.3948f,5.9267f,-0.5266f,-0.7201f,-1.1636f,-0.5009f,0f,0f,0f,1f],start_interpolation: 0,interpolation_duration: 1}
$data merge entity $(left_arm) {transformation: [-0.9201f,-0.0148f,0.3914f,0.314f,0.2274f,0.7933f,0.5647f,6.4879f,-0.3189f,0.6086f,-0.7266f,-0.3584f,0f,0f,0f,1f],start_interpolation: 0,interpolation_duration: 1}
$data merge entity $(chest) {transformation: [-1.1764f,-0.0189f,0.5004f,-0.0529f,0.2908f,1.0143f,0.722f,5.1753f,-0.4077f,0.7781f,-0.929f,-1.6238f,0f,0f,0f,1f],start_interpolation: 0,interpolation_duration: 1}
$data merge entity $(left_cheek) {transformation: [-0.9921f,-0.1123f,-0.0562f,0.4558f,-0.1254f,0.9151f,0.3833f,4.9485f,0.0084f,0.3874f,-0.9219f,-2.5021f,0f,0f,0f,1f],start_interpolation: 0,interpolation_duration: 1}
$data merge entity $(left_foot) {transformation: [-1.0037f,0.1358f,0.139f,0.5548f,0.0533f,-0.511f,0.8839f,1.9511f,0.1869f,0.8751f,0.4946f,-8.9247f,0f,0f,0f,1f],start_interpolation: 0,interpolation_duration: 1}
$data merge entity $(left_knee) {transformation: [-3.0359f,0.1284f,-0.137f,0.814f,-0.1372f,-0.0035f,3.0386f,2.0746f,0.1281f,3.039f,0.0092f,-4.7219f,0f,0f,0f,1f],start_interpolation: 0,interpolation_duration: 1}
$data merge entity $(left_leg) {transformation: [-1.7147f,0.0104f,-0.1055f,0.7625f,-0.0775f,1.0432f,1.3628f,3.7027f,0.0724f,1.3649f,-1.0408f,-2.5017f,0f,0f,0f,1f],start_interpolation: 0,interpolation_duration: 1}
$data merge entity $(right_cheek) {transformation: [-0.9939f,0.1026f,-0.04f,-0.4048f,0.089f,0.9625f,0.2562f,4.8217f,0.0648f,0.251f,-0.9658f,-2.4946f,0f,0f,0f,1f],start_interpolation: 0,interpolation_duration: 1}
$data merge entity $(right_foot) {transformation: [-1.0149f,-0.1187f,0.0347f,-0.2206f,-0.1183f,1.0154f,0.0147f,-1.7866f,-0.0362f,0.0106f,-1.0217f,1.4553f,0f,0f,0f,1f],start_interpolation: 0,interpolation_duration: 1}
$data merge entity $(right_knee) {transformation: [-3.0124f,-0.2729f,0.3215f,-0.6716f,-0.3686f,2.8305f,-1.0509f,2.0773f,-0.2049f,-1.0798f,-2.8362f,-0.161f,0f,0f,0f,1f],start_interpolation: 0,interpolation_duration: 1}
$data merge entity $(right_leg) {transformation: [-1.7014f,-0.0159f,0.2377f,-0.6333f,-0.2082f,0.932f,-1.4281f,3.6209f,-0.1157f,-1.4431f,-0.9249f,-2.441f,0f,0f,0f,1f],start_interpolation: 0,interpolation_duration: 1}
$data merge entity $(weist) {transformation: [-1.618f,-0.0561f,-0.1039f,0f,-0.0948f,1.4683f,0.6835f,5.2053f,0.0704f,0.6878f,-1.4676f,-1.8779f,0f,0f,0f,1f],start_interpolation: 0,interpolation_duration: 1}
data modify storage animated_java:temp entry.data merge value {"locators":{"consume":{"px":-2.0496819856,"py":7.2022015799,"pz":-4.4921403772,"ry":298.127473672,"rx":59.6442390863}}}
# Data Manager: Prepare for Read / Write
execute store result storage animated_java:temp args.id int 1 run scoreboard players get @s aj.id
# Data Manager: Write
function animated_java:global/data_manager/write with storage animated_java:temp args