# This file was generated by Animated Java via MC-Build. It is not recommended to edit this file directly.
$data merge entity $(neck) {transformation: [-0.9984f,-0.0472f,0.0314f,-0.0831f,0.0129f,0.3504f,0.9365f,7.042f,-0.0552f,0.9354f,-0.3492f,-0.5761f,0f,0f,0f,1f],start_interpolation: 0,interpolation_duration: 1}
$data merge entity $(right_thumb_2) {transformation: [-0.8397f,-0.1405f,-0.5246f,-2.0458f,0.1046f,0.906f,-0.4102f,4.6768f,0.5329f,-0.3993f,-0.746f,-2.2376f,0f,0f,0f,1f],start_interpolation: 0,interpolation_duration: 1}
$data merge entity $(right_thumb) {transformation: [-0.7893f,-0.319f,-0.5246f,-2.2581f,-0.094f,0.9072f,-0.4102f,4.9605f,0.6067f,-0.2745f,-0.746f,-2.2254f,0f,0f,0f,1f],start_interpolation: 0,interpolation_duration: 1}
$data merge entity $(right_fingers2) {transformation: [-0.7893f,-0.0939f,-0.6067f,-2.4141f,-0.094f,0.9951f,-0.0318f,4.0903f,0.6067f,0.0319f,-0.7943f,-2.1729f,0f,0f,0f,1f],start_interpolation: 0,interpolation_duration: 1}
$data merge entity $(right_fingers) {transformation: [-0.7868f,0.1136f,-0.6067f,-2.4083f,0.1668f,0.9855f,-0.0318f,4.3756f,0.5943f,-0.1262f,-0.7943f,-2.1979f,0f,0f,0f,1f],start_interpolation: 0,interpolation_duration: 1}
$data merge entity $(scout) {transformation: [0f,0f,0f,-2.3317f,0f,0f,0f,4.4104f,0f,0f,0f,-2.3921f,0f,0f,0f,1f],start_interpolation: 0,interpolation_duration: 1}
$data merge entity $(right_hand) {transformation: [-0.7949f,0.0099f,-0.6067f,-2.4251f,0.0367f,0.9988f,-0.0318f,4.9875f,0.6057f,-0.0475f,-0.7943f,-2.2652f,0f,0f,0f,1f],start_interpolation: 0,interpolation_duration: 1}
$data merge entity $(right_forearm) {transformation: [-1.2942f,0.409f,0.2342f,-1.7468f,0.3557f,1.2967f,-0.2987f,6.9145f,-0.3092f,-0.2202f,-1.324f,-2.6322f,0f,0f,0f,1f],start_interpolation: 0,interpolation_duration: 1}
$data merge entity $(right_shoulder) {transformation: [-1.3828f,0.3329f,0.356f,-1.0736f,0.3631f,-0.0108f,1.4205f,6.7824f,0.3252f,1.4279f,-0.0722f,-0.9545f,0f,0f,0f,1f],start_interpolation: 0,interpolation_duration: 1}
$data merge entity $(right_arm) {transformation: [-0.9984f,-0.0393f,0.0409f,-0.5255f,0.0129f,0.5448f,0.8385f,6.9937f,-0.0552f,0.8377f,-0.5434f,-0.6029f,0f,0f,0f,1f],start_interpolation: 0,interpolation_duration: 1}
$data merge entity $(left_thumb_2) {transformation: [-0.5038f,-0.0436f,0.8627f,2.463f,0.1065f,0.988f,0.1121f,3.8579f,-0.8572f,0.1483f,-0.4931f,-2.3096f,0f,0f,0f,1f],start_interpolation: 0,interpolation_duration: 1}
$data merge entity $(left_thumb) {transformation: [-0.5052f,0.2087f,0.8374f,2.5933f,0.2345f,0.967f,-0.0996f,4.1357f,-0.8305f,0.1461f,-0.5375f,-2.1319f,0f,0f,0f,1f],start_interpolation: 0,interpolation_duration: 1}
$data merge entity $(left_fingers2) {transformation: [-0.5046f,0.1618f,0.8481f,2.7651f,0.4761f,0.8716f,0.1169f,3.2696f,-0.7202f,0.4627f,-0.5168f,-2.2019f,0f,0f,0f,1f],start_interpolation: 0,interpolation_duration: 1}
$data merge entity $(left_fingers) {transformation: [-0.5179f,-0.1121f,0.8481f,2.7539f,-0.0235f,0.9929f,0.1169f,3.5541f,-0.8551f,0.0406f,-0.5168f,-2.17f,0f,0f,0f,1f],start_interpolation: 0,interpolation_duration: 1}
$data merge entity $(left_hand) {transformation: [-0.5281f,-0.0436f,0.8481f,2.762f,0.1063f,0.9874f,0.1169f,4.1663f,-0.8425f,0.1519f,-0.5168f,-2.1037f,0f,0f,0f,1f],start_interpolation: 0,interpolation_duration: 1}
$data merge entity $(left_forearm) {transformation: [-1.3355f,-0.2439f,0.2324f,2.3476f,-0.2068f,1.3436f,0.2217f,6.1891f,-0.266f,0.1801f,-1.3394f,-1.8924f,0f,0f,0f,1f],start_interpolation: 0,interpolation_duration: 1}
$data merge entity $(left_shoulder) {transformation: [-1.0941f,-0.9758f,-0.026f,0.9382f,-0.531f,0.5622f,1.2457f,6.7274f,-0.8191f,0.9389f,-0.7729f,-0.8879f,0f,0f,0f,1f],start_interpolation: 0,interpolation_duration: 1}
$data merge entity $(left_arm) {transformation: [-0.9984f,-0.0393f,0.0409f,0.3582f,0.0129f,0.5448f,0.8385f,6.9822f,-0.0552f,0.8377f,-0.5434f,-0.554f,0f,0f,0f,1f],start_interpolation: 0,interpolation_duration: 1}
$data merge entity $(chest) {transformation: [-1.2765f,-0.0503f,0.0523f,-0.0113f,0.0165f,0.6965f,1.072f,6.0331f,-0.0706f,1.071f,-0.6947f,-2.11f,0f,0f,0f,1f],start_interpolation: 0,interpolation_duration: 1}
$data merge entity $(left_cheek) {transformation: [-0.9936f,-0.1079f,-0.0556f,0.4028f,-0.1127f,0.9719f,0.4546f,5.8762f,0.0045f,0.5037f,-0.889f,-3.013f,0f,0f,0f,1f],start_interpolation: 0,interpolation_duration: 1}
$data merge entity $(left_foot) {transformation: [-1.0161f,0.084f,0.0752f,0.7151f,0.0537f,-0.239f,0.9926f,1.0243f,0.0992f,0.9905f,0.2331f,-5.2284f,0f,0f,0f,1f],start_interpolation: 0,interpolation_duration: 1}
$data merge entity $(left_knee) {transformation: [-3.036f,0.1083f,-0.1528f,0.9458f,-0.104f,1.0885f,2.8384f,2.6498f,0.1557f,2.8383f,-1.0827f,-1.349f,0f,0f,0f,1f],start_interpolation: 0,interpolation_duration: 1}
$data merge entity $(left_leg) {transformation: [-1.7147f,-0.1034f,-0.0221f,0.7094f,-0.0588f,1.2303f,-1.1977f,4.6535f,0.0879f,-1.1946f,-1.2315f,-3.2231f,0f,0f,0f,1f],start_interpolation: 0,interpolation_duration: 1}
$data merge entity $(right_cheek) {transformation: [-0.9963f,0.0863f,0.0029f,-0.3937f,0.0744f,0.8411f,0.5357f,5.8044f,0.0438f,0.5339f,-0.8444f,-3.0434f,0f,0f,0f,1f],start_interpolation: 0,interpolation_duration: 1}
$data merge entity $(right_foot) {transformation: [-1.0033f,-0.1908f,0.0463f,-0.2521f,-0.0762f,0.6008f,0.8237f,-1.0802f,-0.1809f,0.8049f,-0.6038f,-6.6761f,0f,0f,0f,1f],start_interpolation: 0,interpolation_duration: 1}
$data merge entity $(right_knee) {transformation: [-2.9897f,-0.3168f,0.4618f,-0.7575f,0.1122f,2.1187f,2.1796f,1.9445f,-0.5487f,2.1594f,-2.0708f,-3.788f,0f,0f,0f,1f],start_interpolation: 0,interpolation_duration: 1}
$data merge entity $(right_leg) {transformation: [-1.6886f,0.0042f,0.3163f,-0.6899f,0.0634f,1.6875f,0.316f,4.636f,-0.3099f,0.3222f,-1.6588f,-3.2102f,0f,0f,0f,1f],start_interpolation: 0,interpolation_duration: 1}
$data merge entity $(weist) {transformation: [-1.6221f,-0.0079f,-0.0239f,0f,-0.0202f,1.3276f,0.9322f,6.0631f,0.015f,0.9324f,-1.3275f,-2.3642f,0f,0f,0f,1f],start_interpolation: 0,interpolation_duration: 1}
data modify storage animated_java:temp entry.data merge value {"locators":{"consume":{"px":-2.2703934133,"py":4.2521970743,"pz":-2.3840841989,"ry":322.625052242,"rx":-1.8212760252}}}
# Data Manager: Prepare for Read / Write
execute store result storage animated_java:temp args.id int 1 run scoreboard players get @s aj.id
# Data Manager: Write
function animated_java:global/data_manager/write with storage animated_java:temp args