# This file was generated by Animated Java via MC-Build. It is not recommended to edit this file directly.
$data merge entity $(neck) {transformation: [-0.9418f,0.096f,-0.3222f,0.0879f,-0.2002f,0.61f,0.7667f,6.8259f,0.2701f,0.7866f,-0.5553f,-0.5982f,0f,0f,0f,1f],start_interpolation: 0,interpolation_duration: 1}
$data merge entity $(right_thumb_2) {transformation: [-0.8291f,-0.478f,-0.2899f,-0.3863f,0.5586f,-0.7296f,-0.3945f,5.4413f,-0.0229f,-0.489f,0.872f,1.8151f,0f,0f,0f,1f],start_interpolation: 0,interpolation_duration: 1}
$data merge entity $(right_thumb) {transformation: [-0.706f,-0.6462f,-0.2899f,-0.6948f,0.7033f,-0.5914f,-0.3945f,5.3609f,0.0835f,-0.4824f,0.872f,1.66f,0f,0f,0f,1f],start_interpolation: 0,interpolation_duration: 1}
$data merge entity $(right_fingers2) {transformation: [-0.706f,-0.4861f,-0.5151f,-0.4905f,0.7033f,-0.3954f,-0.5908f,5.8158f,0.0835f,-0.7793f,0.621f,2.392f,0f,0f,0f,1f],start_interpolation: 0,interpolation_duration: 1}
$data merge entity $(right_fingers) {transformation: [-0.8078f,-0.2868f,-0.5151f,-0.5987f,0.577f,-0.564f,-0.5908f,5.667f,-0.1211f,-0.7744f,0.621f,2.1725f,0f,0f,0f,1f],start_interpolation: 0,interpolation_duration: 1}
$data merge entity $(scout) {transformation: [0f,0f,0f,-0.5358f,0f,0f,0f,5.4678f,0f,0f,0f,2.2069f,0f,0f,0f,1f],start_interpolation: 0,interpolation_duration: 1}
$data merge entity $(right_hand) {transformation: [-0.7634f,-0.3897f,-0.5151f,-0.8571f,0.6456f,-0.4838f,-0.5908f,5.3405f,-0.019f,-0.7836f,0.621f,1.7187f,0f,0f,0f,1f],start_interpolation: 0,interpolation_duration: 1}
$data merge entity $(right_forearm) {transformation: [-1.1648f,-0.6796f,0.28f,-1.8219f,-0.1134f,-0.3523f,-1.3267f,4.7664f,0.7263f,-1.145f,0.242f,-0.0271f,0f,0f,0f,1f],start_interpolation: 0,interpolation_duration: 1}
$data merge entity $(right_shoulder) {transformation: [-1.182f,0.5801f,-0.6452f,-0.8557f,0.7205f,1.2637f,-0.1839f,6.1678f,0.4833f,-0.4653f,-1.3037f,-0.6498f,0f,0f,0f,1f],start_interpolation: 0,interpolation_duration: 1}
$data merge entity $(right_arm) {transformation: [-0.9418f,0.024f,-0.3354f,-0.3148f,-0.2002f,0.7615f,0.6165f,6.6863f,0.2701f,0.6478f,-0.7123f,-0.4676f,0f,0f,0f,1f],start_interpolation: 0,interpolation_duration: 1}
$data merge entity $(left_thumb_2) {transformation: [-0.8798f,0.1643f,0.4461f,2.0646f,0.4723f,0.1963f,0.8593f,7.1201f,0.0536f,0.9667f,-0.2503f,-4.3025f,0f,0f,0f,1f],start_interpolation: 0,interpolation_duration: 1}
$data merge entity $(left_thumb) {transformation: [-0.8508f,0.3677f,0.3754f,2.3037f,0.4939f,0.3158f,0.8101f,7.1371f,0.1793f,0.8747f,-0.4503f,-4.0413f,0f,0f,0f,1f],start_interpolation: 0,interpolation_duration: 1}
$data merge entity $(left_fingers2) {transformation: [-0.7601f,0.4947f,0.4214f,2.3029f,0.4883f,0.007f,0.8727f,6.9831f,0.4288f,0.869f,-0.2469f,-4.9135f,0f,0f,0f,1f],start_interpolation: 0,interpolation_duration: 1}
$data merge entity $(left_fingers) {transformation: [-0.9056f,0.0484f,0.4214f,2.3453f,0.4194f,0.2502f,0.8727f,7.049f,-0.0632f,0.967f,-0.2469f,-4.638f,0f,0f,0f,1f],start_interpolation: 0,interpolation_duration: 1}
$data merge entity $(left_hand) {transformation: [-0.8915f,0.1662f,0.4214f,2.4616f,0.4485f,0.1933f,0.8727f,7.2085f,0.0636f,0.967f,-0.2469f,-4.0547f,0f,0f,0f,1f],start_interpolation: 0,interpolation_duration: 1}
$data merge entity $(left_forearm) {transformation: [-1.0804f,-0.5955f,-0.6126f,1.4976f,-0.8241f,0.4656f,1.0006f,7.9118f,-0.2255f,1.1514f,-0.7215f,-2.3564f,0f,0f,0f,1f],start_interpolation: 0,interpolation_duration: 1}
$data merge entity $(left_shoulder) {transformation: [-1.2597f,-0.1818f,-0.728f,1.0454f,-0.5039f,-0.8493f,1.0838f,6.7399f,-0.5561f,1.1813f,0.6672f,-1.0496f,0f,0f,0f,1f],start_interpolation: 0,interpolation_duration: 1}
$data merge entity $(left_arm) {transformation: [-0.9418f,0.024f,-0.3354f,0.5188f,-0.2002f,0.7615f,0.6165f,6.8634f,0.2701f,0.6478f,-0.7123f,-0.7067f,0f,0f,0f,1f],start_interpolation: 0,interpolation_duration: 1}
$data merge entity $(chest) {transformation: [-1.2041f,0.0306f,-0.4288f,0.0471f,-0.2559f,0.9736f,0.7883f,5.4209f,0.3454f,0.8282f,-0.9108f,-1.7816f,0f,0f,0f,1f],start_interpolation: 0,interpolation_duration: 1}
$data merge entity $(left_cheek) {transformation: [-0.9908f,-0.1289f,0.062f,0.4042f,-0.1029f,1.0397f,0.229f,5.1052f,-0.0875f,0.2368f,-0.9715f,-2.6724f,0f,0f,0f,1f],start_interpolation: 0,interpolation_duration: 1}
$data merge entity $(left_foot) {transformation: [-1.0171f,0.0861f,-0.057f,0.4166f,0.0998f,0.9641f,-0.3251f,-0.8397f,0.0264f,-0.329f,-0.9676f,1.9016f,0f,0f,0f,1f],start_interpolation: 0,interpolation_duration: 1}
$data merge entity $(left_knee) {transformation: [-3.0197f,0.1995f,-0.3058f,0.767f,0.3149f,2.7129f,-1.3391f,2.8511f,0.1849f,-1.3611f,-2.7139f,-0.0985f,0f,0f,0f,1f],start_interpolation: 0,interpolation_duration: 1}
$data merge entity $(left_leg) {transformation: [-1.7055f,-0.0341f,-0.2034f,0.6473f,0.1778f,0.6146f,-1.5944f,3.8899f,0.1044f,-1.6039f,-0.6066f,-2.6459f,0f,0f,0f,1f],start_interpolation: 0,interpolation_duration: 1}
$data merge entity $(right_cheek) {transformation: [-0.9966f,0.0698f,0.0433f,-0.4472f,0.0825f,0.8865f,0.4327f,5.2411f,-0.0083f,0.4294f,-0.9005f,-2.5215f,0f,0f,0f,1f],start_interpolation: 0,interpolation_duration: 1}
$data merge entity $(right_foot) {transformation: [-0.9931f,-0.1771f,-0.166f,-0.2167f,-0.0734f,-0.447f,0.9166f,1.6922f,-0.2314f,0.9023f,0.4215f,-9.0933f,0f,0f,0f,1f],start_interpolation: 0,interpolation_duration: 1}
$data merge entity $(right_knee) {transformation: [-3.0216f,-0.2787f,0.2103f,-0.6805f,0.1706f,0.4199f,3.0078f,2.4013f,-0.3046f,2.9997f,-0.4014f,-4.9668f,0f,0f,0f,1f],start_interpolation: 0,interpolation_duration: 1}
$data merge entity $(right_leg) {transformation: [-1.7066f,-0.0842f,0.1783f,-0.7496f,0.0964f,0.9994f,1.394f,3.9576f,-0.172f,1.3948f,-0.9881f,-2.6962f,0f,0f,0f,1f],start_interpolation: 0,interpolation_duration: 1}
$data merge entity $(weist) {transformation: [-1.6194f,0.044f,0.0872f,0f,0.0785f,1.4494f,0.7246f,5.4509f,-0.0583f,0.7275f,-1.4489f,-2.0358f,0f,0f,0f,1f],start_interpolation: 0,interpolation_duration: 1}
data modify storage animated_java:temp entry.data merge value {"locators":{"consume":{"px":-0.4165087146,"py":5.5349004812,"pz":2.3075994408,"ry":219.673230817,"rx":-36.213839369}}}
# Data Manager: Prepare for Read / Write
execute store result storage animated_java:temp args.id int 1 run scoreboard players get @s aj.id
# Data Manager: Write
function animated_java:global/data_manager/write with storage animated_java:temp args
execute unless entity @s[tag=aj.transforms_only] at @s run function animated_java:female/animations/berserk_run/zzz/frames/6_root_function