# This file was generated by Animated Java via MC-Build. It is not recommended to edit this file directly.
$data merge entity $(neck) {transformation: [-0.9201f,0.0992f,-0.3789f,0.0765f,-0.2274f,0.6523f,0.723f,6.7008f,0.3189f,0.7514f,-0.5777f,-0.5125f,0f,0f,0f,1f],start_interpolation: 0,interpolation_duration: 1}
$data merge entity $(right_thumb_2) {transformation: [-0.8083f,-0.5552f,-0.1959f,0.0759f,0.5875f,-0.7388f,-0.3302f,5.3377f,0.0386f,-0.382f,0.9234f,2.0369f,0f,0f,0f,1f],start_interpolation: 0,interpolation_duration: 1}
$data merge entity $(right_thumb) {transformation: [-0.669f,-0.717f,-0.1959f,-0.2512f,0.7334f,-0.5942f,-0.3302f,5.2599f,0.1203f,-0.3646f,0.9234f,1.9244f,0f,0f,0f,1f],start_interpolation: 0,interpolation_duration: 1}
$data merge entity $(right_fingers2) {transformation: [-0.669f,-0.5874f,-0.4554f,0.0528f,0.7334f,-0.4226f,-0.5324f,5.7497f,0.1203f,-0.6902f,0.7135f,2.5968f,0f,0f,0f,1f],start_interpolation: 0,interpolation_duration: 1}
$data merge entity $(right_fingers) {transformation: [-0.7983f,-0.3942f,-0.4554f,-0.0854f,0.5991f,-0.598f,-0.5324f,5.5923f,-0.0624f,-0.6978f,0.7135f,2.4015f,0f,0f,0f,1f],start_interpolation: 0,interpolation_duration: 1}
$data merge entity $(scout) {transformation: [0f,0f,0f,-0.025f,0f,0f,0f,5.3933f,0f,0f,0f,2.441f,0f,0f,0f,1f],start_interpolation: 0,interpolation_duration: 1}
$data merge entity $(right_hand) {transformation: [-0.74f,-0.4951f,-0.4554f,-0.4059f,0.672f,-0.5147f,-0.5324f,5.2493f,0.0292f,-0.7f,0.7135f,2.0029f,0f,0f,0f,1f],start_interpolation: 0,interpolation_duration: 1}
$data merge entity $(right_forearm) {transformation: [-1.0407f,-0.8632f,0.2625f,-1.653f,-0.0459f,-0.3496f,-1.3315f,4.6762f,0.9011f,-1.0148f,0.2354f,0.4458f,0f,0f,0f,1f],start_interpolation: 0,interpolation_duration: 1}
$data merge entity $(right_shoulder) {transformation: [-1.1397f,0.4593f,-0.8f,-0.8375f,0.7574f,1.1918f,-0.3948f,5.9892f,0.5266f,-0.7201f,-1.1636f,-0.5009f,0f,0f,0f,1f],start_interpolation: 0,interpolation_duration: 1}
$data merge entity $(right_arm) {transformation: [-0.9201f,0.0148f,-0.3914f,-0.314f,-0.2274f,0.7933f,0.5647f,6.5504f,0.3189f,0.6086f,-0.7266f,-0.3584f,0f,0f,0f,1f],start_interpolation: 0,interpolation_duration: 1}
$data merge entity $(left_thumb_2) {transformation: [-0.8695f,0.1513f,0.4701f,1.9517f,0.4924f,0.1918f,0.849f,7.1983f,0.0383f,0.9697f,-0.2413f,-4.0467f,0f,0f,0f,1f],start_interpolation: 0,interpolation_duration: 1}
$data merge entity $(left_thumb) {transformation: [-0.8423f,0.359f,0.402f,2.1865f,0.5132f,0.3066f,0.8016f,7.2095f,0.1645f,0.8815f,-0.4426f,-3.7813f,0f,0f,0f,1f],start_interpolation: 0,interpolation_duration: 1}
$data merge entity $(left_fingers2) {transformation: [-0.7562f,0.479f,0.4457f,2.1978f,0.5053f,-0.005f,0.8629f,7.0562f,0.4156f,0.8778f,-0.2382f,-4.6535f,0f,0f,0f,1f],start_interpolation: 0,interpolation_duration: 1}
$data merge entity $(left_fingers) {transformation: [-0.8944f,0.0367f,0.4457f,2.2368f,0.4402f,0.2483f,0.8629f,7.1209f,-0.079f,0.968f,-0.2382f,-4.3772f,0f,0f,0f,1f],start_interpolation: 0,interpolation_duration: 1}
$data merge entity $(left_hand) {transformation: [-0.882f,0.1531f,0.4457f,2.3462f,0.4688f,0.1887f,0.8629f,7.2773f,0.048f,0.97f,-0.2382f,-3.7917f,0f,0f,0f,1f],start_interpolation: 0,interpolation_duration: 1}
$data merge entity $(left_forearm) {transformation: [-1.0503f,-0.6646f,-0.5935f,1.28f,-0.8521f,0.4809f,0.9695f,8.0013f,-0.2605f,1.1064f,-0.7778f,-2.1646f,0f,0f,0f,1f],start_interpolation: 0,interpolation_duration: 1}
$data merge entity $(left_shoulder) {transformation: [-1.2811f,-0.0217f,-0.7129f,1.0183f,-0.5068f,-1.0035f,0.9412f,6.6454f,-0.5018f,1.0688f,0.8693f,-0.9906f,0f,0f,0f,1f],start_interpolation: 0,interpolation_duration: 1}
$data merge entity $(left_arm) {transformation: [-0.9201f,0.0148f,-0.3914f,0.5004f,-0.2274f,0.7933f,0.5647f,6.7517f,0.3189f,0.6086f,-0.7266f,-0.6407f,0f,0f,0f,1f],start_interpolation: 0,interpolation_duration: 1}
$data merge entity $(chest) {transformation: [-1.1764f,0.0189f,-0.5004f,0.0529f,-0.2908f,1.0143f,0.722f,5.2378f,0.4077f,0.7781f,-0.929f,-1.6238f,0f,0f,0f,1f],start_interpolation: 0,interpolation_duration: 1}
$data merge entity $(left_cheek) {transformation: [-0.9939f,-0.1086f,0.04f,0.4048f,-0.089f,1.0186f,0.2562f,4.8842f,-0.0648f,0.2657f,-0.9658f,-2.4946f,0f,0f,0f,1f],start_interpolation: 0,interpolation_duration: 1}
$data merge entity $(left_foot) {transformation: [-1.0149f,0.1187f,-0.0347f,0.2206f,0.1183f,1.0154f,0.0147f,-1.7241f,0.0362f,0.0106f,-1.0217f,1.4553f,0f,0f,0f,1f],start_interpolation: 0,interpolation_duration: 1}
$data merge entity $(left_knee) {transformation: [-3.0124f,0.2729f,-0.3215f,0.6716f,0.3686f,2.8305f,-1.0509f,2.1398f,0.2049f,-1.0798f,-2.8362f,-0.161f,0f,0f,0f,1f],start_interpolation: 0,interpolation_duration: 1}
$data merge entity $(left_leg) {transformation: [-1.7014f,0.0159f,-0.2377f,0.6333f,0.2082f,0.932f,-1.4281f,3.6834f,0.1157f,-1.4431f,-0.9249f,-2.441f,0f,0f,0f,1f],start_interpolation: 0,interpolation_duration: 1}
$data merge entity $(right_cheek) {transformation: [-0.9921f,0.1123f,0.0562f,-0.4558f,0.1254f,0.9151f,0.3833f,5.011f,-0.0084f,0.3874f,-0.9219f,-2.5021f,0f,0f,0f,1f],start_interpolation: 0,interpolation_duration: 1}
$data merge entity $(right_foot) {transformation: [-1.0037f,-0.1358f,-0.139f,-0.5548f,-0.0533f,-0.511f,0.8839f,2.0136f,-0.1869f,0.8751f,0.4946f,-8.9247f,0f,0f,0f,1f],start_interpolation: 0,interpolation_duration: 1}
$data merge entity $(right_knee) {transformation: [-3.0359f,-0.1284f,0.137f,-0.814f,0.1372f,-0.0035f,3.0386f,2.1371f,-0.1281f,3.039f,0.0092f,-4.7219f,0f,0f,0f,1f],start_interpolation: 0,interpolation_duration: 1}
$data merge entity $(right_leg) {transformation: [-1.7147f,-0.0104f,0.1055f,-0.7625f,0.0775f,1.0432f,1.3628f,3.7652f,-0.0724f,1.3649f,-1.0408f,-2.5017f,0f,0f,0f,1f],start_interpolation: 0,interpolation_duration: 1}
$data merge entity $(weist) {transformation: [-1.618f,0.0561f,0.1039f,0f,0.0948f,1.4683f,0.6835f,5.2678f,-0.0704f,0.6878f,-1.4676f,-1.8779f,0f,0f,0f,1f],start_interpolation: 0,interpolation_duration: 1}
data modify storage animated_java:temp entry.data merge value {"locators":{"consume":{"px":0.1075004186,"py":5.46169932,"pz":2.5225240879,"ry":212.5454891831,"rx":-32.1697312239}}}
# Data Manager: Prepare for Read / Write
execute store result storage animated_java:temp args.id int 1 run scoreboard players get @s aj.id
# Data Manager: Write
function animated_java:global/data_manager/write with storage animated_java:temp args
execute unless entity @s[tag=aj.transforms_only] at @s run function animated_java:female/animations/berserk_run/zzz/frames/7_root_function