# This file was generated by Animated Java via MC-Build. It is not recommended to edit this file directly.
$data merge entity $(neck) {transformation: [-0.9786f,0.1148f,-0.1711f,0.168f,-0.1052f,0.4354f,0.8941f,6.9138f,0.1771f,0.8929f,-0.414f,-0.3116f,0f,0f,0f,1f],start_interpolation: 0,interpolation_duration: 1}
$data merge entity $(right_thumb_2) {transformation: [-0.4696f,-0.5664f,-0.6773f,-1.3318f,0.5116f,0.4507f,-0.7316f,3.3105f,0.7196f,-0.69f,0.0781f,0.3563f,0f,0f,0f,1f],start_interpolation: 0,interpolation_duration: 1}
$data merge entity $(right_thumb) {transformation: [-0.3359f,-0.6546f,-0.6773f,-1.5827f,0.4019f,0.5507f,-0.7316f,3.5575f,0.8519f,-0.5179f,0.0781f,0.3149f,0f,0f,0f,1f],start_interpolation: 0,interpolation_duration: 1}
$data merge entity $(right_fingers2) {transformation: [-0.3359f,-0.3456f,-0.8762f,-1.4392f,0.4019f,0.7887f,-0.4652f,2.945f,0.8519f,-0.5084f,-0.126f,0.9384f,0f,0f,0f,1f],start_interpolation: 0,interpolation_duration: 1}
$data merge entity $(right_fingers) {transformation: [-0.4139f,-0.2469f,-0.8762f,-1.5276f,0.5923f,0.6578f,-0.4652f,3.1458f,0.6913f,-0.7115f,-0.126f,0.7542f,0f,0f,0f,1f],start_interpolation: 0,interpolation_duration: 1}
$data merge entity $(scout) {transformation: [0f,0f,0f,-1.5674f,0f,0f,0f,3.04f,0f,0f,0f,0.5752f,0f,0f,0f,1f],start_interpolation: 0,interpolation_duration: 1}
$data merge entity $(right_hand) {transformation: [-0.3781f,-0.2988f,-0.8762f,-1.748f,0.5014f,0.7295f,-0.4652f,3.5708f,0.7782f,-0.6152f,-0.126f,0.3669f,0f,0f,0f,1f],start_interpolation: 0,interpolation_duration: 1}
$data merge entity $(right_forearm) {transformation: [-1.2734f,-0.3201f,-0.4161f,-2.1922f,-0.0322f,1.1373f,-0.7762f,5.2567f,0.524f,-0.7079f,-1.059f,-0.7596f,0f,0f,0f,1f],start_interpolation: 0,interpolation_duration: 1}
$data merge entity $(right_shoulder) {transformation: [-1.049f,0.9188f,-0.4531f,-0.846f,0.6593f,1.1018f,0.7079f,6.4444f,0.7841f,0.3027f,-1.2014f,-0.5099f,0f,0f,0f,1f],start_interpolation: 0,interpolation_duration: 1}
$data merge entity $(right_arm) {transformation: [-0.9786f,0.075f,-0.1918f,-0.259f,-0.1052f,0.6186f,0.7786f,6.8135f,0.1771f,0.7821f,-0.5975f,-0.2315f,0f,0f,0f,1f],start_interpolation: 0,interpolation_duration: 1}
$data merge entity $(left_thumb_2) {transformation: [-0.8107f,0.0882f,0.5788f,2.035f,0.4055f,0.7977f,0.4464f,5.6041f,-0.4223f,0.5966f,-0.6824f,-3.2397f,0f,0f,0f,1f],start_interpolation: 0,interpolation_duration: 1}
$data merge entity $(left_thumb) {transformation: [-0.7922f,0.314f,0.5232f,2.2461f,0.5062f,0.817f,0.2761f,5.7881f,-0.3408f,0.4836f,-0.8062f,-3.0222f,0f,0f,0f,1f],start_interpolation: 0,interpolation_duration: 1}
$data merge entity $(left_fingers2) {transformation: [-0.7292f,0.3991f,0.5558f,2.3148f,0.6696f,0.5838f,0.4592f,5.0813f,-0.1412f,0.707f,-0.693f,-3.5516f,0f,0f,0f,1f],start_interpolation: 0,interpolation_duration: 1}
$data merge entity $(left_fingers) {transformation: [-0.8311f,-0.0189f,0.5558f,2.337f,0.288f,0.8404f,0.4592f,5.3161f,-0.4758f,0.5417f,-0.693f,-3.3889f,0f,0f,0f,1f],start_interpolation: 0,interpolation_duration: 1}
$data merge entity $(left_hand) {transformation: [-0.8264f,0.0897f,0.5558f,2.4125f,0.3952f,0.7956f,0.4592f,5.827f,-0.401f,0.5992f,-0.693f,-3.0536f,0f,0f,0f,1f],start_interpolation: 0,interpolation_duration: 1}
$data merge entity $(left_forearm) {transformation: [-1.2332f,-0.4957f,-0.3613f,1.6015f,-0.5934f,1.1695f,0.4209f,7.5789f,0.1553f,0.5325f,-1.2607f,-2.291f,0f,0f,0f,1f],start_interpolation: 0,interpolation_duration: 1}
$data merge entity $(left_shoulder) {transformation: [-1.3919f,-0.1638f,-0.4309f,1.1351f,-0.3329f,-0.5909f,1.2999f,6.7495f,-0.3189f,1.3318f,0.5238f,-0.7483f,0f,0f,0f,1f],start_interpolation: 0,interpolation_duration: 1}
$data merge entity $(left_arm) {transformation: [-0.9786f,0.075f,-0.1918f,0.6071f,-0.1052f,0.6186f,0.7786f,6.9066f,0.1771f,0.7821f,-0.5975f,-0.3882f,0f,0f,0f,1f],start_interpolation: 0,interpolation_duration: 1}
$data merge entity $(chest) {transformation: [-1.2511f,0.0959f,-0.2453f,0.032f,-0.1345f,0.7909f,0.9955f,5.7698f,0.2264f,0.9999f,-0.7639f,-1.743f,0f,0f,0f,1f],start_interpolation: 0,interpolation_duration: 1}
$data merge entity $(left_cheek) {transformation: [-0.9986f,-0.0512f,0.0147f,0.4026f,-0.0389f,0.9269f,0.4269f,5.5237f,-0.0346f,0.4368f,-0.9042f,-2.6559f,0f,0f,0f,1f],start_interpolation: 0,interpolation_duration: 1}
$data merge entity $(left_foot) {transformation: [-1.0135f,0.1135f,-0.0723f,0.1869f,0.0935f,0.9888f,0.2423f,-2.0154f,0.0968f,0.2336f,-0.9906f,-4.2094f,0f,0f,0f,1f],start_interpolation: 0,interpolation_duration: 1}
$data merge entity $(left_knee) {transformation: [-3.0176f,0.3051f,-0.2299f,0.6864f,0.1414f,2.5927f,1.5842f,1.6338f,0.3549f,1.561f,-2.5864f,-2.165f,0f,0f,0f,1f],start_interpolation: 0,interpolation_duration: 1}
$data merge entity $(left_leg) {transformation: [-1.7044f,0.0298f,-0.2137f,0.6695f,0.0799f,1.6677f,-0.4045f,4.3208f,0.2004f,-0.4112f,-1.6559f,-2.7669f,0f,0f,0f,1f],start_interpolation: 0,interpolation_duration: 1}
$data merge entity $(right_cheek) {transformation: [-0.9949f,0.0816f,0.0674f,-0.4424f,0.0979f,0.959f,0.4457f,5.6085f,-0.0262f,0.485f,-0.8927f,-2.641f,0f,0f,0f,1f],start_interpolation: 0,interpolation_duration: 1}
$data merge entity $(right_foot) {transformation: [-1.0124f,-0.0984f,-0.1032f,-0.6987f,-0.0432f,-0.4936f,0.8943f,1.0398f,-0.1359f,0.8899f,0.4847f,-6.4291f,0f,0f,0f,1f],start_interpolation: 0,interpolation_duration: 1}
$data merge entity $(right_knee) {transformation: [-3.0357f,-0.1185f,0.1503f,-0.9438f,0.135f,0.3669f,3.0165f,1.6748f,-0.1357f,3.0172f,-0.3609f,-2.2719f,0f,0f,0f,1f],start_interpolation: 0,interpolation_duration: 1}
$data merge entity $(right_leg) {transformation: [-1.7146f,0.0908f,0.0586f,-0.7287f,0.0762f,1.6766f,-0.367f,4.3683f,-0.0766f,-0.3637f,-1.6773f,-2.8022f,0f,0f,0f,1f],start_interpolation: 0,interpolation_duration: 1}
$data merge entity $(weist) {transformation: [-1.6209f,0.0245f,0.0641f,0f,0.0551f,1.3682f,0.87f,5.7998f,-0.0409f,0.8714f,-1.3679f,-1.9971f,0f,0f,0f,1f],start_interpolation: 0,interpolation_duration: 1}
data modify storage animated_java:temp entry.data merge value {"locators":{"consume":{"px":-1.4676981892,"py":2.9178803015,"pz":0.6385161382,"ry":278.1853095302,"rx":-27.7205580936}}}
# Data Manager: Prepare for Read / Write
execute store result storage animated_java:temp args.id int 1 run scoreboard players get @s aj.id
# Data Manager: Write
function animated_java:global/data_manager/write with storage animated_java:temp args