# This file was generated by Animated Java via MC-Build. It is not recommended to edit this file directly.
$data merge entity $(neck) {transformation: [-0.9988f,-0.0101f,-0.0483f,-0.0189f,-0.0101f,0.9999f,0.0016f,5.9214f,0.0483f,0.0021f,-0.9988f,0.0127f,0f,0f,0f,1f],start_interpolation: 0,interpolation_duration: 1}
$data merge entity $(right_thumb_2) {transformation: [-0.7292f,-0.0476f,-0.6826f,-1.6483f,0.4606f,0.7036f,-0.5412f,2.4085f,0.506f,-0.709f,-0.4911f,2.0078f,0f,0f,0f,1f],start_interpolation: 0,interpolation_duration: 1}
$data merge entity $(right_thumb) {transformation: [-0.7292f,-0.3942f,-0.5593f,-1.8753f,0.4606f,0.3217f,-0.8272f,2.592f,0.506f,-0.8609f,-0.0531f,1.8066f,0f,0f,0f,1f],start_interpolation: 0,interpolation_duration: 1}
$data merge entity $(right_fingers2) {transformation: [0.4f,-0.6144f,-0.6801f,-1.7949f,-0.8158f,0.0994f,-0.5697f,1.9732f,0.4177f,0.7827f,-0.4615f,2.2773f,0f,0f,0f,1f],start_interpolation: 0,interpolation_duration: 1}
$data merge entity $(right_fingers) {transformation: [-0.4662f,-0.5658f,-0.6801f,-1.9742f,-0.1497f,0.8081f,-0.5697f,2.1951f,0.8719f,-0.1638f,-0.4615f,2.2518f,0f,0f,0f,1f],start_interpolation: 0,interpolation_duration: 1}
$data merge entity $(scout) {transformation: [0f,0f,0f,0.4125f,0f,0f,0f,4.7187f,0f,0f,0f,3.785f,0f,0f,0f,1f],start_interpolation: 0,interpolation_duration: 1}
$data merge entity $(right_hand) {transformation: [-0.7292f,-0.0757f,-0.6801f,-2.0472f,0.4606f,0.6807f,-0.5697f,2.5857f,0.506f,-0.7287f,-0.4615f,1.7813f,0f,0f,0f,1f],start_interpolation: 0,interpolation_duration: 1}
$data merge entity $(right_forearm) {transformation: [-1.2829f,0.0182f,0.5011f,-1.9481f,-0.339f,0.9826f,-0.9037f,4.0467f,-0.3694f,-0.965f,-0.9107f,0.3103f,0f,0f,0f,1f],start_interpolation: 0,interpolation_duration: 1}
$data merge entity $(right_shoulder) {transformation: [-1.3583f,0.5343f,-0.1396f,-1.0184f,0.547f,1.3525f,-0.1464f,5.59f,0.0754f,-0.1877f,-1.4522f,0.1129f,0f,0f,0f,1f],start_interpolation: 0,interpolation_duration: 1}
$data merge entity $(right_arm) {transformation: [-0.9988f,-0.0101f,-0.0482f,-0.4585f,-0.0101f,0.9999f,0.0016f,5.8855f,0.0482f,0.0021f,-0.9988f,0.0779f,0f,0f,0f,1f],start_interpolation: 0,interpolation_duration: 1}
$data merge entity $(left_thumb_2) {transformation: [-0.7488f,-0.1838f,0.6368f,1.9341f,-0.4013f,0.8903f,-0.215f,1.9776f,-0.5275f,-0.4165f,-0.7404f,0.8872f,0f,0f,0f,1f],start_interpolation: 0,interpolation_duration: 1}
$data merge entity $(left_thumb) {transformation: [-0.7488f,0.1872f,0.6358f,2.0964f,-0.4013f,0.6354f,-0.6597f,2.2508f,-0.5275f,-0.7492f,-0.4007f,0.73f,0f,0f,0f,1f],start_interpolation: 0,interpolation_duration: 1}
$data merge entity $(left_fingers2) {transformation: [0.3839f,0.6554f,0.6505f,2.1464f,0.9229f,-0.2505f,-0.2923f,1.5349f,-0.0286f,0.7126f,-0.701f,0.9599f,0f,0f,0f,1f],start_interpolation: 0,interpolation_duration: 1}
$data merge entity $(left_fingers) {transformation: [-0.5567f,0.5166f,0.6505f,2.3141f,0.4443f,0.8468f,-0.2923f,1.7615f,-0.7019f,0.1263f,-0.701f,1.0106f,0f,0f,0f,1f],start_interpolation: 0,interpolation_duration: 1}
$data merge entity $(left_hand) {transformation: [-0.7488f,-0.1272f,0.6505f,2.261f,-0.4013f,0.868f,-0.2923f,2.2797f,-0.5275f,-0.4799f,-0.701f,0.6822f,0f,0f,0f,1f],start_interpolation: 0,interpolation_duration: 1}
$data merge entity $(left_forearm) {transformation: [-1.1663f,-0.2204f,-0.6988f,1.8552f,0.1788f,1.1883f,-0.6732f,4.0522f,0.7106f,-0.6607f,-0.9776f,-0.3189f,0f,0f,0f,1f],start_interpolation: 0,interpolation_duration: 1}
$data merge entity $(left_shoulder) {transformation: [-1.3772f,-0.4839f,-0.1378f,0.9921f,-0.4988f,1.3656f,0.1903f,5.6105f,0.0655f,0.2256f,-1.4473f,0.0159f,0f,0f,0f,1f],start_interpolation: 0,interpolation_duration: 1}
$data merge entity $(left_arm) {transformation: [-0.9988f,-0.0101f,-0.0482f,0.4255f,-0.0101f,0.9999f,0.0016f,5.8944f,0.0482f,0.0021f,-0.9988f,0.0353f,0f,0f,0f,1f],start_interpolation: 0,interpolation_duration: 1}
$data merge entity $(chest) {transformation: [-1.277f,-0.0129f,-0.0616f,0f,-0.013f,1.2785f,0.0021f,4.0841f,0.0616f,0.0027f,-1.2771f,0.0182f,0f,0f,0f,1f],start_interpolation: 0,interpolation_duration: 1}
$data merge entity $(left_cheek) {transformation: [-0.9669f,-0.1285f,-0.2204f,0.3413f,-0.1316f,0.9913f,-0.0005f,3.2703f,0.2185f,0.0285f,-0.9754f,-0.5198f,0f,0f,0f,1f],start_interpolation: 0,interpolation_duration: 1}
$data merge entity $(left_foot) {transformation: [-0.8794f,0.0078f,-0.5214f,0.3608f,-0.0119f,1.0217f,0.0353f,-4.8113f,0.5213f,0.0365f,-0.8787f,-0.7772f,0f,0f,0f,1f],start_interpolation: 0,interpolation_duration: 1}
$data merge entity $(left_knee) {transformation: [-2.796f,0.1607f,-1.187f,0.6148f,0.0005f,3.0144f,0.4068f,-0.6227f,1.1978f,0.3737f,-2.7709f,-0.4077f,0f,0f,0f,1f],start_interpolation: 0,interpolation_duration: 1}
$data merge entity $(left_leg) {transformation: [-1.5792f,0.0802f,-0.6717f,0.6973f,0.0003f,1.7059f,0.2029f,2.1044f,0.6765f,0.1864f,-1.5681f,-0.0349f,0f,0f,0f,1f],start_interpolation: 0,interpolation_duration: 1}
$data merge entity $(right_cheek) {transformation: [-0.9949f,-0.0016f,-0.1013f,-0.4982f,0.0074f,0.9961f,-0.0879f,3.2738f,0.1011f,-0.0882f,-0.991f,-0.3551f,0f,0f,0f,1f],start_interpolation: 0,interpolation_duration: 1}
$data merge entity $(right_foot) {transformation: [-1.0195f,-0.0213f,0.0741f,-0.521f,-0.024f,1.0214f,-0.0369f,-4.8054f,-0.0733f,-0.0385f,-1.019f,0.9289f,0f,0f,0f,1f],start_interpolation: 0,interpolation_duration: 1}
$data merge entity $(right_knee) {transformation: [-3.0407f,-0.0592f,-0.0502f,-0.6924f,-0.0574f,3.0392f,-0.1114f,-0.6053f,0.0523f,-0.1104f,-3.0393f,0.6533f,0f,0f,0f,1f],start_interpolation: 0,interpolation_duration: 1}
$data merge entity $(right_leg) {transformation: [-1.7174f,-0.0359f,-0.0238f,-0.6777f,-0.0312f,1.6917f,-0.2979f,2.1148f,0.0297f,-0.2973f,-1.6918f,0.2253f,0f,0f,0f,1f],start_interpolation: 0,interpolation_duration: 1}
$data merge entity $(weist) {transformation: [-1.594f,0.0119f,-0.3016f,0f,0.0121f,1.6223f,0.0001f,3.7603f,0.3016f,-0.0022f,-1.5941f,-0.0226f,0f,0f,0f,1f],start_interpolation: 0,interpolation_duration: 1}
data modify storage animated_java:temp entry.data merge value {"locators":{"consume":{"px":-1.846502315,"py":1.9748353639,"pz":2.1878799214,"ry":304.1609472849,"rx":-34.7288314506}}}
# Data Manager: Prepare for Read / Write
execute store result storage animated_java:temp args.id int 1 run scoreboard players get @s aj.id
# Data Manager: Write
function animated_java:global/data_manager/write with storage animated_java:temp args