# This file was generated by Animated Java via MC-Build. It is not recommended to edit this file directly.
$data merge entity $(neck) {transformation: [-0.9112f,-0.1527f,-0.3826f,-0.2841f,-0.156f,0.9875f,-0.0224f,5.9036f,0.3813f,0.0393f,-0.9236f,0.0789f,0f,0f,0f,1f],start_interpolation: 0,interpolation_duration: 1}
$data merge entity $(right_thumb_2) {transformation: [0.7966f,-0.2723f,0.5396f,1.2103f,0.6013f,0.4487f,-0.6612f,6.7429f,-0.0621f,0.8512f,0.5212f,0.2656f,0f,0f,0f,1f],start_interpolation: 0,interpolation_duration: 1}
$data merge entity $(right_thumb) {transformation: [0.7966f,0.0553f,0.6019f,1.3377f,0.6013f,0.0298f,-0.7985f,6.8529f,-0.0621f,0.998f,-0.0095f,0.5776f,0f,0f,0f,1f],start_interpolation: 0,interpolation_duration: 1}
$data merge entity $(right_fingers2) {transformation: [-0.3547f,0.7469f,0.5624f,1.4494f,-0.6855f,0.2013f,-0.6997f,6.4388f,-0.6359f,-0.6337f,0.4406f,-0.0395f,0f,0f,0f,1f],start_interpolation: 0,interpolation_duration: 1}
$data merge entity $(right_fingers) {transformation: [0.6614f,0.4962f,0.5624f,1.6136f,0.061f,0.7118f,-0.6997f,6.6383f,-0.7475f,0.4971f,0.4406f,0.0843f,0f,0f,0f,1f],start_interpolation: 0,interpolation_duration: 1}
$data merge entity $(scout) {transformation: [0f,0f,0f,-0.4456f,0f,0f,0f,9.5539f,0f,0f,0f,-1.21f,0f,0f,0f,1f],start_interpolation: 0,interpolation_duration: 1}
$data merge entity $(right_hand) {transformation: [0.794f,-0.2306f,0.5624f,1.4928f,0.6056f,0.379f,-0.6997f,6.8371f,-0.0518f,0.8962f,0.4406f,0.6545f,0f,0f,0f,1f],start_interpolation: 0,interpolation_duration: 1}
$data merge entity $(right_forearm) {transformation: [0.4036f,-1.1803f,0.5841f,-0.2802f,0.9363f,-0.1724f,-0.9954f,6.5022f,0.9261f,0.6887f,0.7518f,1.6805f,0f,0f,0f,1f],start_interpolation: 0,interpolation_duration: 1}
$data merge entity $(right_shoulder) {transformation: [-0.994f,-0.8811f,-0.6207f,-1.1342f,1.072f,-0.7201f,-0.6944f,5.4305f,0.1124f,-0.9246f,1.1324f,0.4941f,0f,0f,0f,1f],start_interpolation: 0,interpolation_duration: 1}
$data merge entity $(right_arm) {transformation: [-0.913f,-0.1527f,-0.3782f,-0.6667f,-0.1562f,0.9875f,-0.0217f,5.8044f,0.3768f,0.0393f,-0.9255f,0.2852f,0f,0f,0f,1f],start_interpolation: 0,interpolation_duration: 1}
$data merge entity $(left_thumb_2) {transformation: [-0.6191f,-0.0676f,0.7824f,2.2533f,-0.6941f,0.5131f,-0.5049f,3.8236f,-0.3673f,-0.8557f,-0.3646f,0.7684f,0f,0f,0f,1f],start_interpolation: 0,interpolation_duration: 1}
$data merge entity $(left_thumb) {transformation: [-0.6191f,0.3634f,0.6962f,2.4521f,-0.6941f,0.1615f,-0.7015f,3.9883f,-0.3673f,-0.9175f,0.1523f,0.5255f,0f,0f,0f,1f],start_interpolation: 0,interpolation_duration: 1}
$data merge entity $(left_fingers2) {transformation: [0.4045f,0.4687f,0.7853f,2.4295f,0.7999f,0.2349f,-0.5522f,3.5137f,-0.4433f,0.8515f,-0.2799f,1.1105f,0f,0f,0f,1f],start_interpolation: 0,interpolation_duration: 1}
$data merge entity $(left_fingers) {transformation: [-0.3701f,0.4963f,0.7853f,2.5871f,-0.0562f,0.8318f,-0.5522f,3.7482f,-0.9273f,-0.2485f,-0.2799f,1.0637f,0f,0f,0f,1f],start_interpolation: 0,interpolation_duration: 1}
$data merge entity $(left_hand) {transformation: [-0.6191f,0.0086f,0.7853f,2.624f,-0.6941f,0.4618f,-0.5522f,4.004f,-0.3673f,-0.887f,-0.2799f,0.5048f,0f,0f,0f,1f],start_interpolation: 0,interpolation_duration: 1}
$data merge entity $(left_forearm) {transformation: [-1.2094f,-0.5306f,-0.391f,1.7604f,0.2107f,0.4629f,-1.28f,4.6633f,0.6245f,-1.1838f,-0.3253f,-1.2638f,0f,0f,0f,1f],start_interpolation: 0,interpolation_duration: 1}
$data merge entity $(left_shoulder) {transformation: [-0.9826f,-0.7256f,-0.811f,0.7037f,-0.9856f,1.0566f,0.2489f,5.7448f,0.4613f,0.712f,-1.1959f,-0.2643f,0f,0f,0f,1f],start_interpolation: 0,interpolation_duration: 1}
$data merge entity $(left_arm) {transformation: [-0.913f,-0.1527f,-0.3782f,0.1414f,-0.1562f,0.9875f,-0.0217f,5.9427f,0.3768f,0.0393f,-0.9255f,-0.0483f,0f,0f,0f,1f],start_interpolation: 0,interpolation_duration: 1}
$data merge entity $(chest) {transformation: [-1.1674f,-0.1952f,-0.4835f,0f,-0.1996f,1.2626f,-0.0277f,4.0894f,0.4817f,0.0502f,-1.1833f,0.0155f,0f,0f,0f,1f],start_interpolation: 0,interpolation_duration: 1}
$data merge entity $(left_cheek) {transformation: [-0.9696f,-0.0656f,-0.2359f,0.3014f,-0.0458f,0.995f,-0.0882f,3.2525f,0.2405f,-0.0747f,-0.9678f,-0.5295f,0f,0f,0f,1f],start_interpolation: 0,interpolation_duration: 1}
$data merge entity $(left_foot) {transformation: [-0.8393f,-0.024f,-0.5834f,0.2687f,-0.0107f,1.022f,-0.0267f,-4.8357f,0.5838f,-0.0158f,-0.8392f,-0.6769f,0f,0f,0f,1f],start_interpolation: 0,interpolation_duration: 1}
$data merge entity $(left_knee) {transformation: [-2.701f,0.2487f,-1.3766f,0.6342f,0.0175f,2.999f,0.5076f,-0.6647f,1.3988f,0.4428f,-2.6645f,-0.2132f,0f,0f,0f,1f],start_interpolation: 0,interpolation_duration: 1}
$data merge entity $(left_leg) {transformation: [-1.5255f,0.0324f,-0.7894f,0.6457f,0.0099f,1.7172f,0.0513f,2.0852f,0.79f,0.0411f,-1.525f,-0.0699f,0f,0f,0f,1f],start_interpolation: 0,interpolation_duration: 1}
$data merge entity $(right_cheek) {transformation: [-0.9729f,0.0864f,-0.2144f,-0.5323f,0.1061f,0.991f,-0.0819f,3.2932f,0.2054f,-0.1024f,-0.9733f,-0.3322f,0f,0f,0f,1f],start_interpolation: 0,interpolation_duration: 1}
$data merge entity $(right_foot) {transformation: [-1.0207f,-0.0343f,0.0472f,-0.5924f,-0.0359f,1.0212f,-0.0342f,-4.7881f,-0.046f,-0.0358f,-1.0207f,0.8766f,0f,0f,0f,1f],start_interpolation: 0,interpolation_duration: 1}
$data merge entity $(right_knee) {transformation: [-3.0342f,-0.0369f,-0.2106f,-0.7391f,-0.0336f,3.0412f,-0.0479f,-0.582f,0.2111f,-0.0455f,-3.0341f,0.6956f,0f,0f,0f,1f],start_interpolation: 0,interpolation_duration: 1}
$data merge entity $(right_leg) {transformation: [-1.7138f,-0.0304f,-0.1159f,-0.7131f,-0.0096f,1.6915f,-0.3004f,2.137f,0.1194f,-0.299f,-1.6875f,0.2611f,0f,0f,0f,1f],start_interpolation: 0,interpolation_duration: 1}
$data merge entity $(weist) {transformation: [-1.5752f,0.0604f,-0.3836f,0f,0.0601f,1.6212f,0.0086f,3.7612f,0.3837f,-0.0058f,-1.5763f,-0.0245f,0f,0f,0f,1f],start_interpolation: 0,interpolation_duration: 1}
data modify storage animated_java:temp entry.data merge value {"locators":{"consume":{"px":1.4977225052,"py":6.4103526987,"pz":0.0247652634,"ry":128.0758319879,"rx":-44.4028075523}}}
# Data Manager: Prepare for Read / Write
execute store result storage animated_java:temp args.id int 1 run scoreboard players get @s aj.id
# Data Manager: Write
function animated_java:global/data_manager/write with storage animated_java:temp args