# This file was generated by Animated Java via MC-Build. It is not recommended to edit this file directly.
$data merge entity $(neck) {transformation: [-0.9172f,-0.1654f,-0.3626f,-0.3073f,-0.1701f,0.9852f,-0.0192f,5.9007f,0.3604f,0.0441f,-0.9318f,0.0871f,0f,0f,0f,1f],start_interpolation: 0,interpolation_duration: 1}
$data merge entity $(right_thumb_2) {transformation: [0.6849f,-0.365f,0.6305f,1.0443f,0.7283f,0.366f,-0.5793f,7.028f,-0.0193f,0.856f,0.5166f,0.4797f,0f,0f,0f,1f],start_interpolation: 0,interpolation_duration: 1}
$data merge entity $(right_thumb) {transformation: [0.6849f,0.0171f,0.7284f,1.1411f,0.7283f,0.0104f,-0.6851f,7.149f,-0.0193f,0.9998f,-0.0053f,0.7985f,0f,0f,0f,1f],start_interpolation: 0,interpolation_duration: 1}
$data merge entity $(right_fingers2) {transformation: [-0.2302f,0.7123f,0.6631f,1.3394f,-0.7144f,0.339f,-0.6122f,6.7902f,-0.6608f,-0.6146f,0.4308f,0.1704f,0f,0f,0f,1f],start_interpolation: 0,interpolation_duration: 1}
$data merge entity $(right_fingers) {transformation: [0.6592f,0.3547f,0.6631f,1.464f,0.2049f,0.7637f,-0.6122f,7.0091f,-0.7235f,0.5394f,0.4308f,0.3069f,0f,0f,0f,1f],start_interpolation: 0,interpolation_duration: 1}
$data merge entity $(scout) {transformation: [0f,0f,0f,-1.0344f,0f,0f,0f,9.5832f,0f,0f,0f,-0.9372f,0f,0f,0f,1f],start_interpolation: 0,interpolation_duration: 1}
$data merge entity $(right_hand) {transformation: [0.6775f,-0.3184f,0.6631f,1.2943f,0.7355f,0.2902f,-0.6122f,7.1566f,0.0024f,0.9024f,0.4308f,0.8802f,0f,0f,0f,1f],start_interpolation: 0,interpolation_duration: 1}
$data merge entity $(right_forearm) {transformation: [0.2168f,-1.1843f,0.669f,-0.4738f,0.8998f,-0.3831f,-0.9699f,6.5069f,1.02f,0.5897f,0.7134f,1.7519f,0f,0f,0f,1f],start_interpolation: 0,interpolation_duration: 1}
$data merge entity $(right_shoulder) {transformation: [-1.06f,-0.7563f,-0.674f,-1.1606f,1.0121f,-0.749f,-0.7514f,5.414f,0.0433f,-1.0084f,1.0635f,0.4794f,0f,0f,0f,1f],start_interpolation: 0,interpolation_duration: 1}
$data merge entity $(right_arm) {transformation: [-0.9192f,-0.1654f,-0.3574f,-0.6932f,-0.1702f,0.9852f,-0.0182f,5.7952f,0.3551f,0.0441f,-0.9338f,0.284f,0f,0f,0f,1f],start_interpolation: 0,interpolation_duration: 1}
$data merge entity $(left_thumb_2) {transformation: [-0.6126f,-0.0555f,0.7885f,2.227f,-0.694f,0.5153f,-0.5029f,3.8624f,-0.3784f,-0.8552f,-0.3542f,0.7375f,0f,0f,0f,1f],start_interpolation: 0,interpolation_duration: 1}
$data merge entity $(left_thumb) {transformation: [-0.6126f,0.3768f,0.6948f,2.4292f,-0.694f,0.1644f,-0.701f,4.0281f,-0.3784f,-0.9116f,0.1608f,0.498f,0f,0f,0f,1f],start_interpolation: 0,interpolation_duration: 1}
$data merge entity $(left_fingers2) {transformation: [0.4108f,0.455f,0.7901f,2.3977f,0.8011f,0.2337f,-0.551f,3.5523f,-0.4354f,0.8593f,-0.2685f,1.0816f,0f,0f,0f,1f],start_interpolation: 0,interpolation_duration: 1}
$data merge entity $(left_fingers) {transformation: [-0.3553f,0.4995f,0.7901f,2.5559f,-0.0548f,0.8327f,-0.551f,3.7871f,-0.9331f,-0.2391f,-0.2685f,1.0379f,0f,0f,0f,1f],start_interpolation: 0,interpolation_duration: 1}
$data merge entity $(left_hand) {transformation: [-0.6126f,0.0222f,0.7901f,2.6014f,-0.694f,0.4634f,-0.551f,4.0439f,-0.3784f,-0.8859f,-0.2685f,0.48f,0f,0f,0f,1f],start_interpolation: 0,interpolation_duration: 1}
$data merge entity $(left_forearm) {transformation: [-1.2117f,-0.5364f,-0.3757f,1.7295f,0.1918f,0.4649f,-1.2823f,4.7053f,0.6262f,-1.1804f,-0.3343f,-1.2837f,0f,0f,0f,1f],start_interpolation: 0,interpolation_duration: 1}
$data merge entity $(left_shoulder) {transformation: [-0.9752f,-0.7135f,-0.8305f,0.6897f,-0.999f,1.0349f,0.284f,5.7566f,0.448f,0.7548f,-1.1745f,-0.2354f,0f,0f,0f,1f],start_interpolation: 0,interpolation_duration: 1}
$data merge entity $(left_arm) {transformation: [-0.9192f,-0.1654f,-0.3574f,0.1204f,-0.1702f,0.9852f,-0.0182f,5.9459f,0.3551f,0.0441f,-0.9338f,-0.0303f,0f,0f,0f,1f],start_interpolation: 0,interpolation_duration: 1}
$data merge entity $(chest) {transformation: [-1.1752f,-0.2115f,-0.4569f,0f,-0.2176f,1.2597f,-0.0233f,4.0906f,0.454f,0.0564f,-1.1939f,0.0149f,0f,0f,0f,1f],start_interpolation: 0,interpolation_duration: 1}
$data merge entity $(left_cheek) {transformation: [-0.9746f,-0.0717f,-0.2123f,0.3203f,-0.0548f,0.9949f,-0.0844f,3.257f,0.2173f,-0.0706f,-0.9735f,-0.5274f,0f,0f,0f,1f],start_interpolation: 0,interpolation_duration: 1}
$data merge entity $(left_foot) {transformation: [-0.8449f,-0.0229f,-0.5752f,0.2746f,-0.0092f,1.022f,-0.0272f,-4.8291f,0.5756f,-0.0173f,-0.8447f,-0.6791f,0f,0f,0f,1f],start_interpolation: 0,interpolation_duration: 1}
$data merge entity $(left_knee) {transformation: [-2.7143f,0.2491f,-1.35f,0.6421f,0.0221f,2.9988f,0.509f,-0.6586f,1.3726f,0.4444f,-2.6778f,-0.213f,0f,0f,0f,1f],start_interpolation: 0,interpolation_duration: 1}
$data merge entity $(left_leg) {transformation: [-1.533f,0.037f,-0.7745f,0.6603f,0.0125f,1.717f,0.0574f,2.0909f,0.7752f,0.0456f,-1.5324f,-0.0628f,0f,0f,0f,1f],start_interpolation: 0,interpolation_duration: 1}
$data merge entity $(right_cheek) {transformation: [-0.9735f,0.0853f,-0.2123f,-0.526f,0.1042f,0.9914f,-0.0795f,3.289f,0.2037f,-0.0995f,-0.974f,-0.3403f,0f,0f,0f,1f],start_interpolation: 0,interpolation_duration: 1}
$data merge entity $(right_foot) {transformation: [-1.0194f,-0.0375f,0.0687f,-0.587f,-0.0405f,1.0206f,-0.0442f,-4.7932f,-0.0669f,-0.0468f,-1.0191f,0.8926f,0f,0f,0f,1f],start_interpolation: 0,interpolation_duration: 1}
$data merge entity $(right_knee) {transformation: [-3.0374f,-0.0393f,-0.1584f,-0.735f,-0.0357f,3.0407f,-0.0707f,-0.5888f,0.1592f,-0.0688f,-3.0368f,0.6778f,0f,0f,0f,1f],start_interpolation: 0,interpolation_duration: 1}
$data merge entity $(right_leg) {transformation: [-1.7156f,-0.0267f,-0.0866f,-0.7039f,-0.0112f,1.6918f,-0.2986f,2.1308f,0.0899f,-0.2976f,-1.6896f,0.2468f,0f,0f,0f,1f],start_interpolation: 0,interpolation_duration: 1}
$data merge entity $(weist) {transformation: [-1.5815f,0.0469f,-0.3588f,0f,0.0463f,1.6217f,0.0082f,3.7614f,0.3589f,-0.0022f,-1.5821f,-0.0249f,0f,0f,0f,1f],start_interpolation: 0,interpolation_duration: 1}
data modify storage animated_java:temp entry.data merge value {"locators":{"consume":{"px":1.3913451023,"py":6.7676944136,"pz":0.2336798177,"ry":123.0119530659,"rx":-37.7457069377}}}
# Data Manager: Prepare for Read / Write
execute store result storage animated_java:temp args.id int 1 run scoreboard players get @s aj.id
# Data Manager: Write
function animated_java:global/data_manager/write with storage animated_java:temp args