# This file was generated by Animated Java via MC-Build. It is not recommended to edit this file directly.
$data merge entity $(neck) {transformation: [-0.9258f,-0.1709f,-0.3373f,-0.3172f,-0.1769f,0.9841f,-0.0132f,5.9f,0.3342f,0.0474f,-0.9413f,0.0926f,0f,0f,0f,1f],start_interpolation: 0,interpolation_duration: 1}
$data merge entity $(right_thumb_2) {transformation: [0.5035f,-0.4208f,0.7546f,0.7411f,0.864f,0.2361f,-0.4448f,7.3188f,0.0091f,0.8759f,0.4824f,0.6437f,0f,0f,0f,1f],start_interpolation: 0,interpolation_duration: 1}
$data merge entity $(right_thumb) {transformation: [0.5035f,0.0229f,0.8637f,0.811f,0.864f,-0.0238f,-0.503f,7.4463f,0.0091f,0.9995f,-0.0318f,0.967f,0f,0f,0f,1f],start_interpolation: 0,interpolation_duration: 1}
$data merge entity $(right_fingers2) {transformation: [-0.0866f,0.6019f,0.7939f,1.0742f,-0.7212f,0.5119f,-0.4667f,7.1795f,-0.6873f,-0.613f,0.3898f,0.3182f,0f,0f,0f,1f],start_interpolation: 0,interpolation_duration: 1}
$data merge entity $(right_fingers) {transformation: [0.5803f,0.1816f,0.7939f,1.1481f,0.3901f,0.7937f,-0.4667f,7.4133f,-0.7149f,0.5805f,0.3898f,0.4663f,0f,0f,0f,1f],start_interpolation: 0,interpolation_duration: 1}
$data merge entity $(scout) {transformation: [0f,0f,0f,-1.8976f,0f,0f,0f,9.4099f,0f,0f,0f,-0.6076f,0f,0f,0f,1f],start_interpolation: 0,interpolation_duration: 1}
$data merge entity $(right_hand) {transformation: [0.4903f,-0.3597f,0.7939f,0.9598f,0.8705f,0.1563f,-0.4667f,7.4843f,0.0438f,0.9199f,0.3898f,1.0483f,0f,0f,0f,1f],start_interpolation: 0,interpolation_duration: 1}
$data merge entity $(right_forearm) {transformation: [0.0583f,-1.0979f,0.8296f,-0.6658f,0.8318f,-0.6334f,-0.8967f,6.4631f,1.0963f,0.539f,0.6362f,1.8375f,0f,0f,0f,1f],start_interpolation: 0,interpolation_duration: 1}
$data merge entity $(right_shoulder) {transformation: [-1.1052f,-0.6229f,-0.7351f,-1.1789f,0.9635f,-0.7293f,-0.8305f,5.4065f,-0.0128f,-1.109f,0.959f,0.457f,0f,0f,0f,1f],start_interpolation: 0,interpolation_duration: 1}
$data merge entity $(right_arm) {transformation: [-0.928f,-0.1709f,-0.3312f,-0.7079f,-0.177f,0.9841f,-0.012f,5.7913f,0.328f,0.0474f,-0.9435f,0.2778f,0f,0f,0f,1f],start_interpolation: 0,interpolation_duration: 1}
$data merge entity $(left_thumb_2) {transformation: [-0.6083f,-0.0564f,0.7917f,2.2396f,-0.6951f,0.5195f,-0.497f,3.891f,-0.3833f,-0.8526f,-0.3552f,0.7109f,0f,0f,0f,1f],start_interpolation: 0,interpolation_duration: 1}
$data merge entity $(left_thumb) {transformation: [-0.6083f,0.3778f,0.698f,2.4415f,-0.6951f,0.1711f,-0.6983f,4.059f,-0.3833f,-0.9099f,0.1586f,0.4728f,0f,0f,0f,1f],start_interpolation: 0,interpolation_duration: 1}
$data merge entity $(left_fingers2) {transformation: [0.4084f,0.4514f,0.7934f,2.4104f,0.8048f,0.232f,-0.5463f,3.5805f,-0.4306f,0.8617f,-0.2685f,1.0542f,0f,0f,0f,1f],start_interpolation: 0,interpolation_duration: 1}
$data merge entity $(left_fingers) {transformation: [-0.3523f,0.4964f,0.7934f,2.5676f,-0.0523f,0.836f,-0.5463f,3.8162f,-0.9344f,-0.2339f,-0.2685f,1.0119f,0f,0f,0f,1f],start_interpolation: 0,interpolation_duration: 1}
$data merge entity $(left_hand) {transformation: [-0.6083f,0.0227f,0.7934f,2.6136f,-0.6951f,0.4674f,-0.5463f,4.0756f,-0.3833f,-0.8837f,-0.2685f,0.4554f,0f,0f,0f,1f],start_interpolation: 0,interpolation_duration: 1}
$data merge entity $(left_forearm) {transformation: [-1.2077f,-0.5551f,-0.3613f,1.7142f,0.1693f,0.4676f,-1.2844f,4.7401f,0.6403f,-1.1706f,-0.3418f,-1.2933f,0f,0f,0f,1f],start_interpolation: 0,interpolation_duration: 1}
$data merge entity $(left_shoulder) {transformation: [-0.966f,-0.7036f,-0.8495f,0.689f,-1.0121f,1.0143f,0.3108f,5.7628f,0.4385f,0.7912f,-1.1539f,-0.2032f,0f,0f,0f,1f],start_interpolation: 0,interpolation_duration: 1}
$data merge entity $(left_arm) {transformation: [-0.928f,-0.1709f,-0.3312f,0.1134f,-0.177f,0.9841f,-0.012f,5.948f,0.328f,0.0474f,-0.9435f,-0.0125f,0f,0f,0f,1f],start_interpolation: 0,interpolation_duration: 1}
$data merge entity $(chest) {transformation: [-1.1864f,-0.2185f,-0.4234f,0f,-0.2263f,1.2583f,-0.0154f,4.0919f,0.4194f,0.0607f,-1.2063f,0.0144f,0f,0f,0f,1f],start_interpolation: 0,interpolation_duration: 1}
$data merge entity $(left_cheek) {transformation: [-0.9788f,-0.0785f,-0.1894f,0.3381f,-0.0643f,0.9947f,-0.0802f,3.2612f,0.1947f,-0.0663f,-0.9786f,-0.524f,0f,0f,0f,1f],start_interpolation: 0,interpolation_duration: 1}
$data merge entity $(left_foot) {transformation: [-0.8518f,-0.0216f,-0.5649f,0.2832f,-0.0082f,1.022f,-0.0266f,-4.8223f,0.5653f,-0.0176f,-0.8517f,-0.6843f,0f,0f,0f,1f],start_interpolation: 0,interpolation_duration: 1}
$data merge entity $(left_knee) {transformation: [-2.7308f,0.248f,-1.3165f,0.6509f,0.0254f,2.9982f,0.5119f,-0.6525f,1.3394f,0.4486f,-2.6938f,-0.2121f,0f,0f,0f,1f],start_interpolation: 0,interpolation_duration: 1}
$data merge entity $(left_leg) {transformation: [-1.5424f,0.0409f,-0.7555f,0.6744f,0.0144f,1.7167f,0.0637f,2.0965f,0.7565f,0.0508f,-1.5416f,-0.054f,0f,0f,0f,1f],start_interpolation: 0,interpolation_duration: 1}
$data merge entity $(right_cheek) {transformation: [-0.9753f,0.0838f,-0.2044f,-0.5179f,0.1014f,0.9918f,-0.0774f,3.2846f,0.1963f,-0.0962f,-0.9758f,-0.3492f,0f,0f,0f,1f],start_interpolation: 0,interpolation_duration: 1}
$data merge entity $(right_foot) {transformation: [-1.0175f,-0.041f,0.0909f,-0.5791f,-0.0458f,1.02f,-0.0523f,-4.7983f,-0.0885f,-0.0561f,-1.017f,0.8989f,0f,0f,0f,1f],start_interpolation: 0,interpolation_duration: 1}
$data merge entity $(right_knee) {transformation: [-3.0396f,-0.0428f,-0.1043f,-0.7299f,-0.0398f,3.0402f,-0.0881f,-0.5954f,0.1055f,-0.0866f,-3.0387f,0.6577f,0f,0f,0f,1f],start_interpolation: 0,interpolation_duration: 1}
$data merge entity $(right_leg) {transformation: [-1.7169f,-0.024f,-0.0561f,-0.6952f,-0.014f,1.6922f,-0.2958f,2.1249f,0.0594f,-0.2952f,-1.6914f,0.2319f,0f,0f,0f,1f],start_interpolation: 0,interpolation_duration: 1}
$data merge entity $(weist) {transformation: [-1.5878f,0.0338f,-0.3313f,0f,0.0329f,1.622f,0.0077f,3.7616f,0.3314f,0.0008f,-1.5881f,-0.0253f,0f,0f,0f,1f],start_interpolation: 0,interpolation_duration: 1}
data modify storage animated_java:temp entry.data merge value {"locators":{"consume":{"px":1.1315932302,"py":7.1662764559,"pz":0.37893181,"ry":116.1489446001,"rx":-27.8230760463}}}
# Data Manager: Prepare for Read / Write
execute store result storage animated_java:temp args.id int 1 run scoreboard players get @s aj.id
# Data Manager: Write
function animated_java:global/data_manager/write with storage animated_java:temp args