# This file was generated by Animated Java via MC-Build. It is not recommended to edit this file directly.
$data merge entity $(neck) {transformation: [-0.9368f,-0.1663f,-0.3078f,-0.3083f,-0.1731f,0.9849f,-0.0051f,5.9028f,0.304f,0.0485f,-0.9514f,0.0939f,0f,0f,0f,1f],start_interpolation: 0,interpolation_duration: 1}
$data merge entity $(right_thumb_2) {transformation: [0.357f,-0.4482f,0.8196f,0.5035f,0.9333f,0.1352f,-0.3326f,7.4124f,0.0382f,0.8837f,0.4665f,0.7872f,0f,0f,0f,1f],start_interpolation: 0,interpolation_duration: 1}
$data merge entity $(right_thumb) {transformation: [0.357f,0.0185f,0.9339f,0.5492f,0.9333f,-0.048f,-0.3558f,7.5404f,0.0382f,0.9987f,-0.0344f,1.1147f,0f,0f,0f,1f],start_interpolation: 0,interpolation_duration: 1}
$data merge entity $(right_fingers2) {transformation: [0.0199f,0.5042f,0.8634f,0.8491f,-0.7052f,0.6192f,-0.3453f,7.3531f,-0.7087f,-0.602f,0.3679f,0.4541f,0f,0f,0f,1f],start_interpolation: 0,interpolation_duration: 1}
$data merge entity $(right_fingers) {transformation: [0.502f,0.0502f,0.8634f,0.8839f,0.5155f,0.7843f,-0.3453f,7.5886f,-0.6944f,0.6184f,0.3679f,0.6134f,0f,0f,0f,1f],start_interpolation: 0,interpolation_duration: 1}
$data merge entity $(scout) {transformation: [0f,0f,0f,-2.4602f,0f,0f,0f,9.0958f,0f,0f,0f,-0.3669f,0f,0f,0f,1f],start_interpolation: 0,interpolation_duration: 1}
$data merge entity $(right_hand) {transformation: [0.3378f,-0.3748f,0.8634f,0.6902f,0.9372f,0.0492f,-0.3453f,7.5988f,0.087f,0.9258f,0.3679f,1.1979f,0f,0f,0f,1f],start_interpolation: 0,interpolation_duration: 1}
$data merge entity $(right_forearm) {transformation: [-0.0252f,-1.0274f,0.917f,-0.8227f,0.7694f,-0.7712f,-0.8429f,6.3748f,1.1422f,0.4968f,0.588f,1.92f,0f,0f,0f,1f],start_interpolation: 0,interpolation_duration: 1}
$data merge entity $(right_shoulder) {transformation: [-1.1236f,-0.5034f,-0.7962f,-1.1843f,0.941f,-0.6578f,-0.912f,5.4125f,-0.0441f,-1.2099f,0.8271f,0.4272f,0f,0f,0f,1f],start_interpolation: 0,interpolation_duration: 1}
$data merge entity $(right_arm) {transformation: [-0.9391f,-0.1663f,-0.3008f,-0.7055f,-0.1732f,0.9849f,-0.0038f,5.7954f,0.2969f,0.0485f,-0.9537f,0.2657f,0f,0f,0f,1f],start_interpolation: 0,interpolation_duration: 1}
$data merge entity $(left_thumb_2) {transformation: [-0.6053f,-0.0749f,0.7924f,2.3064f,-0.7011f,0.5216f,-0.4862f,3.9175f,-0.377f,-0.8499f,-0.3682f,0.6905f,0f,0f,0f,1f],start_interpolation: 0,interpolation_duration: 1}
$data merge entity $(left_thumb) {transformation: [-0.6053f,0.3626f,0.7086f,2.5028f,-0.7011f,0.1787f,-0.6904f,4.0887f,-0.377f,-0.9146f,0.1461f,0.4501f,0f,0f,0f,1f],start_interpolation: 0,interpolation_duration: 1}
$data merge entity $(left_fingers2) {transformation: [0.3933f,0.4602f,0.796f,2.485f,0.8106f,0.235f,-0.5364f,3.6084f,-0.4339f,0.8562f,-0.2806f,1.0306f,0f,0f,0f,1f],start_interpolation: 0,interpolation_duration: 1}
$data merge entity $(left_fingers) {transformation: [-0.3641f,0.4836f,0.796f,2.6389f,-0.054f,0.8422f,-0.5364f,3.846f,-0.9298f,-0.2383f,-0.2806f,0.9868f,0f,0f,0f,1f],start_interpolation: 0,interpolation_duration: 1}
$data merge entity $(left_hand) {transformation: [-0.6053f,0.0055f,0.796f,2.6745f,-0.7011f,0.4699f,-0.5364f,4.1074f,-0.377f,-0.8827f,-0.2806f,0.4304f,0f,0f,0f,1f],start_interpolation: 0,interpolation_duration: 1}
$data merge entity $(left_forearm) {transformation: [-1.1946f,-0.592f,-0.3458f,1.7207f,0.1441f,0.4625f,-1.2894f,4.7629f,0.6703f,-1.1545f,-0.3392f,-1.2927f,0f,0f,0f,1f],start_interpolation: 0,interpolation_duration: 1}
$data merge entity $(left_shoulder) {transformation: [-0.9517f,-0.6978f,-0.8701f,0.706f,-1.0258f,0.9968f,0.3226f,5.7611f,0.438f,0.8181f,-1.1352f,-0.1704f,0f,0f,0f,1f],start_interpolation: 0,interpolation_duration: 1}
$data merge entity $(left_arm) {transformation: [-0.9391f,-0.1663f,-0.3008f,0.1257f,-0.1732f,0.9849f,-0.0038f,5.9487f,0.2969f,0.0485f,-0.9537f,0.003f,0f,0f,0f,1f],start_interpolation: 0,interpolation_duration: 1}
$data merge entity $(chest) {transformation: [-1.2007f,-0.2126f,-0.3846f,0f,-0.2214f,1.2592f,-0.0049f,4.0932f,0.3796f,0.062f,-1.2193f,0.0138f,0f,0f,0f,1f],start_interpolation: 0,interpolation_duration: 1}
$data merge entity $(left_cheek) {transformation: [-0.9819f,-0.0854f,-0.169f,0.3531f,-0.0733f,0.9943f,-0.0769f,3.2641f,0.1746f,-0.0631f,-0.9826f,-0.5195f,0f,0f,0f,1f],start_interpolation: 0,interpolation_duration: 1}
$data merge entity $(left_foot) {transformation: [-0.86f,-0.02f,-0.5525f,0.2945f,-0.0079f,1.022f,-0.0248f,-4.8158f,0.5528f,-0.0166f,-0.8599f,-0.6915f,0f,0f,0f,1f],start_interpolation: 0,interpolation_duration: 1}
$data merge entity $(left_knee) {transformation: [-2.75f,0.2451f,-1.2764f,0.6605f,0.0272f,2.9973f,0.5171f,-0.6471f,1.2995f,0.4561f,-2.7121f,-0.2085f,0f,0f,0f,1f],start_interpolation: 0,interpolation_duration: 1}
$data merge entity $(left_leg) {transformation: [-1.5532f,0.0432f,-0.7328f,0.6865f,0.0153f,1.7165f,0.0686f,2.1015f,0.7339f,0.0555f,-1.5523f,-0.0436f,0f,0f,0f,1f],start_interpolation: 0,interpolation_duration: 1}
$data merge entity $(right_cheek) {transformation: [-0.9785f,0.0824f,-0.1893f,-0.5082f,0.0982f,0.9923f,-0.0756f,3.28f,0.1816f,-0.0926f,-0.979f,-0.3583f,0f,0f,0f,1f],start_interpolation: 0,interpolation_duration: 1}
$data merge entity $(right_foot) {transformation: [-1.0152f,-0.0452f,0.1125f,-0.5677f,-0.0517f,1.0195f,-0.0573f,-4.8032f,-0.1096f,-0.0625f,-1.0146f,0.8915f,0f,0f,0f,1f],start_interpolation: 0,interpolation_duration: 1}
$data merge entity $(right_knee) {transformation: [-3.0409f,-0.0482f,-0.0522f,-0.7239f,-0.0466f,3.0399f,-0.0962f,-0.6013f,0.0537f,-0.0954f,-3.0398f,0.6367f,0f,0f,0f,1f],start_interpolation: 0,interpolation_duration: 1}
$data merge entity $(right_leg) {transformation: [-1.7176f,-0.0228f,-0.0266f,-0.6883f,-0.018f,1.6928f,-0.2923f,2.12f,0.03f,-0.292f,-1.6927f,0.2173f,0f,0f,0f,1f],start_interpolation: 0,interpolation_duration: 1}
$data merge entity $(weist) {transformation: [-1.5938f,0.0224f,-0.3024f,0f,0.0215f,1.6222f,0.0071f,3.7618f,0.3024f,0.0029f,-1.5939f,-0.0257f,0f,0f,0f,1f],start_interpolation: 0,interpolation_duration: 1}
data modify storage animated_java:temp entry.data merge value {"locators":{"consume":{"px":0.9083855488,"py":7.3468009173,"pz":0.5141407318,"ry":113.0777153976,"rx":-20.2006084947}}}
# Data Manager: Prepare for Read / Write
execute store result storage animated_java:temp args.id int 1 run scoreboard players get @s aj.id
# Data Manager: Write
function animated_java:global/data_manager/write with storage animated_java:temp args