# This file was generated by Animated Java via MC-Build. It is not recommended to edit this file directly.
$data merge entity $(neck) {transformation: [-0.9558f,-0.1416f,-0.2578f,-0.2625f,-0.1486f,0.9889f,0.008f,5.9116f,0.2538f,0.046f,-0.9662f,0.0885f,0f,0f,0f,1f],start_interpolation: 0,interpolation_duration: 1}
$data merge entity $(right_thumb_2) {transformation: [0.2713f,-0.5084f,0.8173f,0.3126f,0.9244f,-0.0987f,-0.3683f,7.0678f,0.2679f,0.8555f,0.4432f,1.3236f,0f,0f,0f,1f],start_interpolation: 0,interpolation_duration: 1}
$data merge entity $(right_thumb) {transformation: [0.2713f,-0.0512f,0.9611f,0.3228f,0.9244f,-0.2641f,-0.2751f,7.1238f,0.2679f,0.9631f,-0.0243f,1.6735f,0f,0f,0f,1f],start_interpolation: 0,interpolation_duration: 1}
$data merge entity $(right_fingers2) {transformation: [0.1165f,0.479f,0.87f,0.6759f,-0.5272f,0.7722f,-0.3546f,7.1242f,-0.8417f,-0.4174f,0.3425f,1.0122f,0f,0f,0f,1f],start_interpolation: 0,interpolation_duration: 1}
$data merge entity $(right_fingers) {transformation: [0.4894f,-0.0598f,0.87f,0.679f,0.7055f,0.6136f,-0.3546f,7.3164f,-0.5127f,0.7873f,0.3425f,1.2246f,0f,0f,0f,1f],start_interpolation: 0,interpolation_duration: 1}
$data merge entity $(scout) {transformation: [0f,0f,0f,-2.7317f,0f,0f,0f,8.748f,0f,0f,0f,0.3684f,0f,0f,0f,1f],start_interpolation: 0,interpolation_duration: 1}
$data merge entity $(right_hand) {transformation: [0.2426f,-0.4292f,0.87f,0.4527f,0.9127f,-0.2029f,-0.3546f,7.1715f,0.3287f,0.8801f,0.3425f,1.7786f,0f,0f,0f,1f],start_interpolation: 0,interpolation_duration: 1}
$data merge entity $(right_forearm) {transformation: [-0.0726f,-1.0663f,0.8689f,-1.1184f,0.4963f,-0.8318f,-0.9793f,5.8626f,1.2828f,0.2615f,0.428f,2.1347f,0f,0f,0f,1f],start_interpolation: 0,interpolation_duration: 1}
$data merge entity $(right_shoulder) {transformation: [-1.1502f,-0.2539f,-0.8732f,-1.168f,0.9072f,-0.223f,-1.1301f,5.4441f,0.0628f,-1.4268f,0.332f,0.3718f,0f,0f,0f,1f],start_interpolation: 0,interpolation_duration: 1}
$data merge entity $(right_arm) {transformation: [-0.9579f,-0.1416f,-0.2497f,-0.6709f,-0.1485f,0.9889f,0.0093f,5.8145f,0.2456f,0.046f,-0.9683f,0.2384f,0f,0f,0f,1f],start_interpolation: 0,interpolation_duration: 1}
$data merge entity $(left_thumb_2) {transformation: [-0.6019f,-0.1287f,0.7882f,2.4843f,-0.7174f,0.5208f,-0.4628f,3.9372f,-0.3509f,-0.8439f,-0.4058f,0.6749f,0f,0f,0f,1f],start_interpolation: 0,interpolation_duration: 1}
$data merge entity $(left_thumb) {transformation: [-0.6019f,0.3149f,0.7339f,2.6645f,-0.7174f,0.1906f,-0.6701f,4.1144f,-0.3509f,-0.9298f,0.1112f,0.4263f,0f,0f,0f,1f],start_interpolation: 0,interpolation_duration: 1}
$data merge entity $(left_fingers2) {transformation: [0.3506f,0.4915f,0.7972f,2.6863f,0.8217f,0.247f,-0.5136f,3.6332f,-0.4493f,0.8351f,-0.3172f,1.0059f,0f,0f,0f,1f],start_interpolation: 0,interpolation_duration: 1}
$data merge entity $(left_fingers) {transformation: [-0.404f,0.4487f,0.7972f,2.8314f,-0.0633f,0.8557f,-0.5136f,3.8751f,-0.9126f,-0.2579f,-0.3172f,0.9558f,0f,0f,0f,1f],start_interpolation: 0,interpolation_duration: 1}
$data merge entity $(left_hand) {transformation: [-0.6019f,-0.0473f,0.7972f,2.8345f,-0.7174f,0.4707f,-0.5136f,4.1379f,-0.3509f,-0.881f,-0.3172f,0.3989f,0f,0f,0f,1f],start_interpolation: 0,interpolation_duration: 1}
$data merge entity $(left_forearm) {transformation: [-1.1606f,-0.6676f,-0.3233f,1.7691f,0.1056f,0.4454f,-1.2991f,4.7658f,0.7342f,-1.1194f,-0.3241f,-1.2681f,0f,0f,0f,1f],start_interpolation: 0,interpolation_duration: 1}
$data merge entity $(left_shoulder) {transformation: [-0.9259f,-0.6981f,-0.8973f,0.7602f,-1.0429f,0.9823f,0.3119f,5.7432f,0.4526f,0.8352f,-1.1169f,-0.1227f,0f,0f,0f,1f],start_interpolation: 0,interpolation_duration: 1}
$data merge entity $(left_arm) {transformation: [-0.9579f,-0.1416f,-0.2497f,0.1769f,-0.1485f,0.9889f,0.0093f,5.9459f,0.2456f,0.046f,-0.9683f,0.021f,0f,0f,0f,1f],start_interpolation: 0,interpolation_duration: 1}
$data merge entity $(chest) {transformation: [-1.2247f,-0.181f,-0.3193f,0f,-0.1899f,1.2643f,0.0119f,4.0946f,0.3141f,0.0588f,-1.238f,0.0131f,0f,0f,0f,1f],start_interpolation: 0,interpolation_duration: 1}
$data merge entity $(left_cheek) {transformation: [-0.9851f,-0.0951f,-0.1436f,0.3696f,-0.0851f,0.9936f,-0.0741f,3.2662f,0.1497f,-0.0607f,-0.9869f,-0.5108f,0f,0f,0f,1f],start_interpolation: 0,interpolation_duration: 1}
$data merge entity $(left_foot) {transformation: [-0.8737f,-0.0178f,-0.5307f,0.3157f,-0.0084f,1.0221f,-0.0203f,-4.8074f,0.5309f,-0.013f,-0.8736f,-0.7038f,0f,0f,0f,1f],start_interpolation: 0,interpolation_duration: 1}
$data merge entity $(left_knee) {transformation: [-2.7818f,0.2381f,-1.207f,0.6757f,0.027f,2.9953f,0.5286f,-0.6409f,1.23f,0.4727f,-2.7415f,-0.197f,0f,0f,0f,1f],start_interpolation: 0,interpolation_duration: 1}
$data merge entity $(left_leg) {transformation: [-1.5712f,0.0433f,-0.6935f,0.7001f,0.0153f,1.7164f,0.0726f,2.1073f,0.6947f,0.0602f,-1.5701f,-0.0256f,0f,0f,0f,1f],start_interpolation: 0,interpolation_duration: 1}
$data merge entity $(right_cheek) {transformation: [-0.9836f,0.0823f,-0.1604f,-0.4918f,0.0943f,0.9932f,-0.0681f,3.2762f,0.1537f,-0.0821f,-0.9847f,-0.3662f,0f,0f,0f,1f],start_interpolation: 0,interpolation_duration: 1}
$data merge entity $(right_foot) {transformation: [-1.012f,-0.0499f,0.1361f,-0.5525f,-0.0575f,1.0193f,-0.0538f,-4.8129f,-0.1331f,-0.0609f,-1.0118f,0.8288f,0f,0f,0f,1f],start_interpolation: 0,interpolation_duration: 1}
$data merge entity $(right_knee) {transformation: [-3.0412f,-0.0558f,0.0057f,-0.7168f,-0.0559f,3.0402f,-0.0795f,-0.61f,-0.0043f,-0.0796f,-3.0407f,0.5941f,0f,0f,0f,1f],start_interpolation: 0,interpolation_duration: 1}
$data merge entity $(right_leg) {transformation: [-1.7178f,-0.0225f,0.0064f,-0.6816f,-0.0232f,1.695f,-0.2789f,2.1146f,-0.0027f,-0.2789f,-1.6952f,0.197f,0f,0f,0f,1f],start_interpolation: 0,interpolation_duration: 1}
$data merge entity $(weist) {transformation: [-1.6017f,0.0093f,-0.258f,0f,0.0085f,1.6223f,0.0056f,3.762f,0.258f,0.0042f,-1.6017f,-0.0261f,0f,0f,0f,1f],start_interpolation: 0,interpolation_duration: 1}
data modify storage animated_java:temp entry.data merge value {"locators":{"consume":{"px":0.7317361441,"py":7.107994503,"pz":1.0738214746,"ry":111.4878282296,"rx":-20.7698642407}}}
# Data Manager: Prepare for Read / Write
execute store result storage animated_java:temp args.id int 1 run scoreboard players get @s aj.id
# Data Manager: Write
function animated_java:global/data_manager/write with storage animated_java:temp args