# This file was generated by Animated Java via MC-Build. It is not recommended to edit this file directly.
$data merge entity $(neck) {transformation: [-0.9775f,-0.0979f,-0.187f,-0.1816f,-0.1036f,0.9944f,0.021f,5.9234f,0.1839f,0.0399f,-0.9821f,0.0765f,0f,0f,0f,1f],start_interpolation: 0,interpolation_duration: 1}
$data merge entity $(right_thumb_2) {transformation: [0.1934f,-0.5851f,0.7876f,0.1537f,0.7823f,-0.3925f,-0.4837f,6.3071f,0.5921f,0.7097f,0.3818f,1.6839f,0f,0f,0f,1f],start_interpolation: 0,interpolation_duration: 1}
$data merge entity $(right_thumb) {transformation: [0.1934f,-0.1509f,0.9694f,0.1202f,0.7823f,-0.5726f,-0.2452f,6.2423f,0.5921f,0.8058f,0.0073f,2.0309f,0f,0f,0f,1f],start_interpolation: 0,interpolation_duration: 1}
$data merge entity $(right_fingers2) {transformation: [0.2237f,0.4732f,0.8521f,0.5372f,-0.2062f,0.8774f,-0.4331f,6.4871f,-0.9526f,-0.0788f,0.2939f,1.4566f,0f,0f,0f,1f],start_interpolation: 0,interpolation_duration: 1}
$data merge entity $(right_fingers) {transformation: [0.4921f,-0.1782f,0.8521f,0.5066f,0.8541f,0.2878f,-0.4331f,6.59f,-0.168f,0.941f,0.2939f,1.7222f,0f,0f,0f,1f],start_interpolation: 0,interpolation_duration: 1}
$data merge entity $(scout) {transformation: [0f,0f,0f,-2.8848f,0f,0f,0f,8.1537f,0f,0f,0f,1.0368f,0f,0f,0f,1f],start_interpolation: 0,interpolation_duration: 1}
$data merge entity $(right_hand) {transformation: [0.1515f,-0.501f,0.8521f,0.2357f,0.7415f,-0.5125f,-0.4331f,6.2524f,0.6537f,0.6974f,0.2939f,2.1603f,0f,0f,0f,1f],start_interpolation: 0,interpolation_duration: 1}
$data merge entity $(right_forearm) {transformation: [-0.092f,-1.1464f,0.7578f,-1.4594f,0.034f,-0.7612f,-1.1474f,5.0629f,1.3739f,-0.0579f,0.0791f,2.0187f,0f,0f,0f,1f],start_interpolation: 0,interpolation_duration: 1}
$data merge entity $(right_shoulder) {transformation: [-1.1515f,0.0589f,-0.9058f,-1.1263f,0.8728f,0.4734f,-1.0788f,5.4989f,0.2491f,-1.3865f,-0.4068f,0.2912f,0f,0f,0f,1f],start_interpolation: 0,interpolation_duration: 1}
$data merge entity $(right_arm) {transformation: [-0.9792f,-0.0979f,-0.1779f,-0.604f,-0.1034f,0.9944f,0.022f,5.8455f,0.1747f,0.0399f,-0.9838f,0.1959f,0f,0f,0f,1f],start_interpolation: 0,interpolation_duration: 1}
$data merge entity $(left_thumb_2) {transformation: [-0.5981f,-0.2101f,0.7734f,2.7446f,-0.7412f,0.512f,-0.4341f,3.9379f,-0.3048f,-0.8329f,-0.4619f,0.674f,0f,0f,0f,1f],start_interpolation: 0,interpolation_duration: 1}
$data merge entity $(left_thumb) {transformation: [-0.5981f,0.2384f,0.7652f,2.8991f,-0.7412f,0.1985f,-0.6412f,4.1208f,-0.3048f,-0.9507f,0.058f,0.4125f,0f,0f,0f,1f],start_interpolation: 0,interpolation_duration: 1}
$data merge entity $(left_fingers2) {transformation: [0.2859f,0.5409f,0.791f,2.9809f,0.832f,0.2695f,-0.4849f,3.6437f,-0.4754f,0.7968f,-0.373f,0.9902f,0f,0f,0f,1f],start_interpolation: 0,interpolation_duration: 1}
$data merge entity $(left_fingers) {transformation: [-0.4662f,0.3962f,0.791f,3.1128f,-0.083f,0.8706f,-0.4849f,3.8906f,-0.8808f,-0.2917f,-0.373f,0.9291f,0f,0f,0f,1f],start_interpolation: 0,interpolation_duration: 1}
$data merge entity $(left_hand) {transformation: [-0.5981f,-0.1287f,0.791f,3.0657f,-0.7412f,0.4641f,-0.4849f,4.1505f,-0.3048f,-0.8764f,-0.373f,0.3729f,0f,0f,0f,1f],start_interpolation: 0,interpolation_duration: 1}
$data merge entity $(left_forearm) {transformation: [-1.1039f,-0.7673f,-0.2996f,1.8534f,0.0667f,0.4162f,-1.3113f,4.7323f,0.821f,-1.0655f,-0.2964f,-1.2083f,0f,0f,0f,1f],start_interpolation: 0,interpolation_duration: 1}
$data merge entity $(left_shoulder) {transformation: [-0.8967f,-0.7034f,-0.9225f,0.8447f,-1.054f,0.9811f,0.2764f,5.7071f,0.4847f,0.8322f,-1.1056f,-0.0605f,0f,0f,0f,1f],start_interpolation: 0,interpolation_duration: 1}
$data merge entity $(left_arm) {transformation: [-0.9792f,-0.0979f,-0.1779f,0.2626f,-0.1034f,0.9944f,0.022f,5.937f,0.1747f,0.0399f,-0.9838f,0.0413f,0f,0f,0f,1f],start_interpolation: 0,interpolation_duration: 1}
$data merge entity $(chest) {transformation: [-1.2519f,-0.1252f,-0.2274f,0f,-0.1322f,1.2714f,0.0281f,4.0961f,0.2234f,0.051f,-1.2578f,0.0125f,0f,0f,0f,1f],start_interpolation: 0,interpolation_duration: 1}
$data merge entity $(left_cheek) {transformation: [-0.9877f,-0.1072f,-0.1134f,0.3874f,-0.0996f,0.9925f,-0.0712f,3.2679f,0.1202f,-0.059f,-0.991f,-0.4985f,0f,0f,0f,1f],start_interpolation: 0,interpolation_duration: 1}
$data merge entity $(left_foot) {transformation: [-0.8916f,-0.0152f,-0.5001f,0.347f,-0.0099f,1.0222f,-0.0133f,-4.7967f,0.5002f,-0.0068f,-0.8916f,-0.7229f,0f,0f,0f,1f],start_interpolation: 0,interpolation_duration: 1}
$data merge entity $(left_knee) {transformation: [-2.8228f,0.2261f,-1.1103f,0.6955f,0.0248f,2.9922f,0.5462f,-0.6339f,1.1328f,0.4978f,-2.7787f,-0.1801f,0f,0f,0f,1f],start_interpolation: 0,interpolation_duration: 1}
$data merge entity $(left_leg) {transformation: [-1.5943f,0.0416f,-0.6386f,0.7146f,0.014f,1.7162f,0.0769f,2.1139f,0.6398f,0.0662f,-1.593f,-0.0008f,0f,0f,0f,1f],start_interpolation: 0,interpolation_duration: 1}
$data merge entity $(right_cheek) {transformation: [-0.99f,0.0792f,-0.117f,-0.4725f,0.0865f,0.9946f,-0.0582f,3.2724f,0.1117f,-0.0677f,-0.9914f,-0.3751f,0f,0f,0f,1f],start_interpolation: 0,interpolation_duration: 1}
$data merge entity $(right_foot) {transformation: [-1.0074f,-0.059f,0.1638f,-0.5064f,-0.067f,1.0192f,-0.0451f,-4.8239f,-0.1607f,-0.0552f,-1.0082f,0.7357f,0f,0f,0f,1f],start_interpolation: 0,interpolation_duration: 1}
$data merge entity $(right_knee) {transformation: [-3.0398f,-0.0775f,0.0754f,-0.6978f,-0.0787f,3.0403f,-0.0488f,-0.6203f,-0.0741f,-0.0507f,-3.0404f,0.5391f,0f,0f,0f,1f],start_interpolation: 0,interpolation_duration: 1}
$data merge entity $(right_leg) {transformation: [-1.7171f,-0.029f,0.0471f,-0.6743f,-0.0358f,1.6977f,-0.2608f,2.1086f,-0.0421f,-0.2616f,-1.6974f,0.1714f,0f,0f,0f,1f],start_interpolation: 0,interpolation_duration: 1}
$data merge entity $(weist) {transformation: [-1.61f,-0.0056f,-0.1996f,0f,-0.0061f,1.6223f,0.0041f,3.7622f,0.1996f,0.0048f,-1.61f,-0.0265f,0f,0f,0f,1f],start_interpolation: 0,interpolation_duration: 1}
data modify storage animated_java:temp entry.data merge value {"locators":{"consume":{"px":0.5868393835,"py":6.4501724855,"pz":1.5150504318,"ry":109.029337594,"rx":-25.6658406229}}}
# Data Manager: Prepare for Read / Write
execute store result storage animated_java:temp args.id int 1 run scoreboard players get @s aj.id
# Data Manager: Write
function animated_java:global/data_manager/write with storage animated_java:temp args