# This file was generated by Animated Java via MC-Build. It is not recommended to edit this file directly.
$data merge entity $(neck) {transformation: [-0.9934f,-0.0436f,-0.1062f,-0.0811f,-0.0467f,0.9986f,0.0266f,5.9326f,0.1049f,0.0314f,-0.994f,0.0602f,0f,0f,0f,1f],start_interpolation: 0,interpolation_duration: 1}
$data merge entity $(right_thumb_2) {transformation: [-0.0106f,-0.8048f,0.5935f,-0.051f,0.509f,-0.5153f,-0.6895f,5.4554f,0.8607f,0.2947f,0.4151f,1.9294f,0f,0f,0f,1f],start_interpolation: 0,interpolation_duration: 1}
$data merge entity $(right_thumb) {transformation: [-0.0106f,-0.4538f,0.891f,-0.2112f,0.509f,-0.7695f,-0.3858f,5.2887f,0.8607f,0.4494f,0.2392f,2.1983f,0f,0f,0f,1f],start_interpolation: 0,interpolation_duration: 1}
$data merge entity $(right_fingers2) {transformation: [0.5376f,0.4849f,0.6898f,0.3851f,0.0915f,0.7797f,-0.6195f,5.6575f,-0.8382f,0.3962f,0.3748f,1.9255f,0f,0f,0f,1f],start_interpolation: 0,interpolation_duration: 1}
$data merge entity $(right_fingers) {transformation: [0.522f,-0.5018f,0.6898f,0.2619f,0.7842f,-0.0358f,-0.6195f,5.6649f,0.3355f,0.8643f,0.3748f,2.184f,0f,0f,0f,1f],start_interpolation: 0,interpolation_duration: 1}
$data merge entity $(scout) {transformation: [0f,0f,0f,-2.6561f,0f,0f,0f,7.8158f,0f,0f,0f,1.0547f,0f,0f,0f,1f],start_interpolation: 0,interpolation_duration: 1}
$data merge entity $(right_hand) {transformation: [-0.0847f,-0.719f,0.6898f,-0.1488f,0.4451f,-0.6467f,-0.6195f,5.2381f,0.8915f,0.2545f,0.3748f,2.3524f,0f,0f,0f,1f],start_interpolation: 0,interpolation_duration: 1}
$data merge entity $(right_forearm) {transformation: [-0.4094f,-1.186f,0.5683f,-1.8972f,-0.4562f,-0.4301f,-1.2264f,4.5647f,1.2334f,-0.5528f,-0.265f,1.459f,0f,0f,0f,1f],start_interpolation: 0,interpolation_duration: 1}
$data merge entity $(right_shoulder) {transformation: [-1.0939f,0.481f,-0.8496f,-1.0629f,0.9138f,0.9538f,-0.6366f,5.5638f,0.3438f,-1.0044f,-1.0113f,0.1976f,0f,0f,0f,1f],start_interpolation: 0,interpolation_duration: 1}
$data merge entity $(right_arm) {transformation: [-0.9944f,-0.0436f,-0.096f,-0.5156f,-0.0464f,0.9986f,0.0271f,5.8795f,0.0947f,0.0314f,-0.995f,0.1449f,0f,0f,0f,1f],start_interpolation: 0,interpolation_duration: 1}
$data merge entity $(left_thumb_2) {transformation: [-0.5964f,-0.2996f,0.7447f,3.0251f,-0.7659f,0.4899f,-0.4164f,3.9217f,-0.24f,-0.8187f,-0.5216f,0.6918f,0f,0f,0f,1f],start_interpolation: 0,interpolation_duration: 1}
$data merge entity $(left_thumb) {transformation: [-0.5964f,0.1474f,0.789f,3.1498f,-0.7659f,0.1894f,-0.6144f,4.1049f,-0.24f,-0.9708f,-0.0001f,0.4151f,0f,0f,0f,1f],start_interpolation: 0,interpolation_duration: 1}
$data merge entity $(left_fingers2) {transformation: [0.2151f,0.598f,0.7721f,3.2974f,0.832f,0.3018f,-0.4656f,3.6416f,-0.5114f,0.7425f,-0.4326f,0.9909f,0f,0f,0f,1f],start_interpolation: 0,interpolation_duration: 1}
$data merge entity $(left_fingers) {transformation: [-0.5373f,0.3395f,0.7721f,3.4149f,-0.1146f,0.8776f,-0.4656f,3.8915f,-0.8356f,-0.3386f,-0.4326f,0.9148f,0f,0f,0f,1f],start_interpolation: 0,interpolation_duration: 1}
$data merge entity $(left_hand) {transformation: [-0.5964f,-0.2196f,0.7721f,3.3112f,-0.7659f,0.4433f,-0.4656f,4.1394f,-0.24f,-0.869f,-0.4326f,0.3607f,0f,0f,0f,1f],start_interpolation: 0,interpolation_duration: 1}
$data merge entity $(left_forearm) {transformation: [-1.0299f,-0.8694f,-0.2838f,1.9488f,0.0492f,0.3742f,-1.3246f,4.6568f,0.9132f,-1.0006f,-0.2488f,-1.1173f,0f,0f,0f,1f],start_interpolation: 0,interpolation_duration: 1}
$data merge entity $(left_shoulder) {transformation: [-0.874f,-0.7086f,-0.9401f,0.9388f,-1.0492f,1f,0.2217f,5.6573f,0.534f,0.8048f,-1.1031f,0.0071f,0f,0f,0f,1f],start_interpolation: 0,interpolation_duration: 1}
$data merge entity $(left_arm) {transformation: [-0.9944f,-0.0436f,-0.096f,0.3646f,-0.0464f,0.9986f,0.0271f,5.9206f,0.0947f,0.0314f,-0.995f,0.0612f,0f,0f,0f,1f],start_interpolation: 0,interpolation_duration: 1}
$data merge entity $(chest) {transformation: [-1.2714f,-0.0558f,-0.1227f,0f,-0.0594f,1.2767f,0.0347f,4.0976f,0.121f,0.0402f,-1.2722f,0.0119f,0f,0f,0f,1f],start_interpolation: 0,interpolation_duration: 1}
$data merge entity $(left_cheek) {transformation: [-0.9892f,-0.1209f,-0.0831f,0.4041f,-0.1154f,0.991f,-0.0677f,3.2694f,0.0906f,-0.0574f,-0.9942f,-0.4849f,0f,0f,0f,1f],start_interpolation: 0,interpolation_duration: 1}
$data merge entity $(left_foot) {transformation: [-0.9101f,-0.013f,-0.4657f,0.384f,-0.0121f,1.0223f,-0.0049f,-4.7851f,0.4657f,0.0012f,-0.9102f,-0.7476f,0f,0f,0f,1f],start_interpolation: 0,interpolation_duration: 1}
$data merge entity $(left_knee) {transformation: [-2.8641f,0.21f,-1.0026f,0.7158f,0.0209f,2.9885f,0.5664f,-0.6264f,1.0241f,0.5264f,-2.8154f,-0.1637f,0f,0f,0f,1f],start_interpolation: 0,interpolation_duration: 1}
$data merge entity $(left_leg) {transformation: [-1.6176f,0.039f,-0.5772f,0.7279f,0.0118f,1.7159f,0.0828f,2.1206f,0.5784f,0.074f,-1.616f,0.0263f,0f,0f,0f,1f],start_interpolation: 0,interpolation_duration: 1}
$data merge entity $(right_cheek) {transformation: [-0.995f,0.0763f,-0.0651f,-0.448f,0.0797f,0.9955f,-0.0511f,3.2659f,0.0609f,-0.0561f,-0.9966f,-0.3884f,0f,0f,0f,1f],start_interpolation: 0,interpolation_duration: 1}
$data merge entity $(right_foot) {transformation: [-1.0016f,-0.0676f,0.1937f,-0.4631f,-0.0761f,1.0188f,-0.038f,-4.8327f,-0.1905f,-0.0516f,-1.0031f,0.6578f,0f,0f,0f,1f],start_interpolation: 0,interpolation_duration: 1}
$data merge entity $(right_knee) {transformation: [-3.0364f,-0.0982f,0.1519f,-0.6799f,-0.0994f,3.04f,-0.0228f,-0.6291f,-0.1511f,-0.0277f,-3.0379f,0.4908f,0f,0f,0f,1f],start_interpolation: 0,interpolation_duration: 1}
$data merge entity $(right_leg) {transformation: [-1.7152f,-0.0344f,0.0914f,-0.6664f,-0.0473f,1.6994f,-0.2474f,2.1027f,-0.0855f,-0.2496f,-1.6976f,0.1443f,0f,0f,0f,1f],start_interpolation: 0,interpolation_duration: 1}
$data merge entity $(weist) {transformation: [-1.6164f,-0.0205f,-0.1368f,0f,-0.0208f,1.6222f,0.0031f,3.7624f,0.1367f,0.0049f,-1.6166f,-0.0269f,0f,0f,0f,1f],start_interpolation: 0,interpolation_duration: 1}
data modify storage animated_java:temp entry.data merge value {"locators":{"consume":{"px":0.4093701408,"py":5.5948131759,"pz":1.9784150708,"ry":118.5186177951,"rx":-38.2761439896}}}
# Data Manager: Prepare for Read / Write
execute store result storage animated_java:temp args.id int 1 run scoreboard players get @s aj.id
# Data Manager: Write
function animated_java:global/data_manager/write with storage animated_java:temp args