# This file was generated by Animated Java via MC-Build. It is not recommended to edit this file directly.
$data merge entity $(neck) {transformation: [-0.9995f,0.0121f,-0.0277f,0.0221f,0.0115f,0.9997f,0.0224f,5.9362f,0.028f,0.0221f,-0.9994f,0.0423f,0f,0f,0f,1f],start_interpolation: 0,interpolation_duration: 1}
$data merge entity $(right_thumb_2) {transformation: [-0.4904f,-0.8659f,-0.0992f,-1.1351f,0.3237f,-0.0753f,-0.9432f,4.3232f,0.8092f,-0.4946f,0.3172f,2.2829f,0f,0f,0f,1f],start_interpolation: 0,interpolation_duration: 1}
$data merge entity $(right_thumb) {transformation: [-0.4904f,-0.8249f,0.2813f,-1.4771f,0.3237f,-0.472f,-0.82f,4.2309f,0.8092f,-0.311f,0.4985f,2.2958f,0f,0f,0f,1f],start_interpolation: 0,interpolation_duration: 1}
$data merge entity $(right_fingers2) {transformation: [0.9733f,0.2289f,0.0148f,-0.8046f,-0.0735f,0.3722f,-0.9252f,4.2923f,-0.2173f,0.8995f,0.3791f,2.6319f,0f,0f,0f,1f],start_interpolation: 0,interpolation_duration: 1}
$data merge entity $(right_fingers) {transformation: [0.2756f,-0.9612f,0.0148f,-1.0706f,0.3682f,0.0913f,-0.9252f,4.3219f,0.888f,0.2604f,0.3791f,2.7339f,0f,0f,0f,1f],start_interpolation: 0,interpolation_duration: 1}
$data merge entity $(scout) {transformation: [0f,0f,0f,-1.5817f,0f,0f,0f,7.7685f,0f,0f,0f,1.2254f,0f,0f,0f,1f],start_interpolation: 0,interpolation_duration: 1}
$data merge entity $(right_hand) {transformation: [-0.592f,-0.8058f,0.0148f,-1.5619f,0.2974f,-0.2355f,-0.9252f,4.1349f,0.749f,-0.5434f,0.3791f,2.4132f,0f,0f,0f,1f],start_interpolation: 0,interpolation_duration: 1}
$data merge entity $(right_forearm) {transformation: [-1.1889f,-0.6262f,0.3026f,-2.4445f,-0.5091f,0.3751f,-1.2236f,4.6764f,0.4739f,-1.168f,-0.5552f,0.6143f,0f,0f,0f,1f],start_interpolation: 0,interpolation_duration: 1}
$data merge entity $(right_shoulder) {transformation: [-0.9088f,1.0316f,-0.5096f,-0.9872f,1.107f,0.961f,-0.0286f,5.6259f,0.3138f,-0.4025f,-1.3745f,0.1046f,0f,0f,0f,1f],start_interpolation: 0,interpolation_duration: 1}
$data merge entity $(right_arm) {transformation: [-0.9998f,0.0121f,-0.0165f,-0.42f,0.0118f,0.9997f,0.0223f,5.9091f,0.0167f,0.0221f,-0.9996f,0.0931f,0f,0f,0f,1f],start_interpolation: 0,interpolation_duration: 1}
$data merge entity $(left_thumb_2) {transformation: [-0.6006f,-0.3811f,0.7029f,3.2743f,-0.7826f,0.4604f,-0.4191f,3.8838f,-0.1639f,-0.8017f,-0.5748f,0.7232f,0f,0f,0f,1f],start_interpolation: 0,interpolation_duration: 1}
$data merge entity $(left_thumb) {transformation: [-0.6006f,0.0562f,0.7976f,3.3701f,-0.7826f,0.1631f,-0.6008f,4.0608f,-0.1639f,-0.985f,-0.054f,0.4313f,0f,0f,0f,1f],start_interpolation: 0,interpolation_duration: 1}
$data merge entity $(left_fingers2) {transformation: [0.1532f,0.6555f,0.7395f,3.5769f,0.8195f,0.334f,-0.4658f,3.6177f,-0.5523f,0.6774f,-0.486f,1.0048f,0f,0f,0f,1f],start_interpolation: 0,interpolation_duration: 1}
$data merge entity $(left_fingers) {transformation: [-0.6068f,0.2914f,0.7395f,3.6824f,-0.1487f,0.8723f,-0.4658f,3.8671f,-0.7808f,-0.3926f,-0.486f,0.9114f,0f,0f,0f,1f],start_interpolation: 0,interpolation_duration: 1}
$data merge entity $(left_hand) {transformation: [-0.6006f,-0.304f,0.7395f,3.5254f,-0.7826f,0.4131f,-0.4658f,4.0963f,-0.1639f,-0.8585f,-0.486f,0.3618f,0f,0f,0f,1f],start_interpolation: 0,interpolation_duration: 1}
$data merge entity $(left_forearm) {transformation: [-0.9483f,-0.958f,-0.2829f,2.033f,0.0631f,0.3319f,-1.3353f,4.5501f,0.9969f,-0.9323f,-0.1846f,-1.0075f,0f,0f,0f,1f],start_interpolation: 0,interpolation_duration: 1}
$data merge entity $(left_shoulder) {transformation: [-0.8654f,-0.7084f,-0.9482f,1.0254f,-1.0244f,1.0366f,0.1606f,5.6022f,0.5928f,0.7573f,-1.1068f,0.0709f,0f,0f,0f,1f],start_interpolation: 0,interpolation_duration: 1}
$data merge entity $(left_arm) {transformation: [-0.9998f,0.0121f,-0.0165f,0.4649f,0.0118f,0.9997f,0.0223f,5.8987f,0.0167f,0.0221f,-0.9996f,0.0783f,0f,0f,0f,1f],start_interpolation: 0,interpolation_duration: 1}
$data merge entity $(chest) {transformation: [-1.2783f,0.0155f,-0.021f,0f,0.015f,1.2781f,0.0285f,4.0992f,0.0214f,0.0282f,-1.2781f,0.0112f,0f,0f,0f,1f],start_interpolation: 0,interpolation_duration: 1}
$data merge entity $(left_cheek) {transformation: [-0.9892f,-0.1349f,-0.0576f,0.4178f,-0.1312f,0.9893f,-0.0636f,3.2707f,0.0656f,-0.0553f,-0.9963f,-0.4723f,0f,0f,0f,1f],start_interpolation: 0,interpolation_duration: 1}
$data merge entity $(left_foot) {transformation: [-0.9261f,-0.0117f,-0.4329f,0.4214f,-0.0146f,1.0223f,0.0035f,-4.7741f,0.4328f,0.0093f,-0.9262f,-0.7747f,0f,0f,0f,1f],start_interpolation: 0,interpolation_duration: 1}
$data merge entity $(left_knee) {transformation: [-2.8988f,0.1922f,-0.9011f,0.7337f,0.0161f,2.9849f,0.5849f,-0.6194f,0.9212f,0.5527f,-2.8457f,-0.1527f,0f,0f,0f,1f],start_interpolation: 0,interpolation_duration: 1}
$data merge entity $(left_leg) {transformation: [-1.6373f,0.0362f,-0.5191f,0.7387f,0.0091f,1.7155f,0.0908f,2.1267f,0.5203f,0.0838f,-1.6351f,0.0512f,0f,0f,0f,1f],start_interpolation: 0,interpolation_duration: 1}
$data merge entity $(right_cheek) {transformation: [-0.9971f,0.0741f,-0.015f,-0.4227f,0.0748f,0.9957f,-0.0538f,3.2543f,0.011f,-0.0547f,-0.9984f,-0.4111f,0f,0f,0f,1f],start_interpolation: 0,interpolation_duration: 1}
$data merge entity $(right_foot) {transformation: [-0.9957f,-0.0737f,0.2198f,-0.4354f,-0.0841f,1.0181f,-0.0396f,-4.8365f,-0.216f,-0.0567f,-0.9977f,0.6417f,0f,0f,0f,1f],start_interpolation: 0,interpolation_duration: 1}
$data merge entity $(right_knee) {transformation: [-3.0319f,-0.1114f,0.2172f,-0.6677f,-0.1133f,3.0395f,-0.0222f,-0.6338f,-0.2163f,-0.0303f,-3.0339f,0.4695f,0f,0f,0f,1f],start_interpolation: 0,interpolation_duration: 1}
$data merge entity $(right_leg) {transformation: [-1.7127f,-0.0365f,0.129f,-0.6587f,-0.055f,1.6989f,-0.2492f,2.0975f,-0.1223f,-0.2525f,-1.6949f,0.1197f,0f,0f,0f,1f],start_interpolation: 0,interpolation_duration: 1}
$data merge entity $(weist) {transformation: [-1.62f,-0.0337f,-0.0795f,0f,-0.0339f,1.622f,0.0029f,3.7626f,0.0794f,0.0046f,-1.6204f,-0.0273f,0f,0f,0f,1f],start_interpolation: 0,interpolation_duration: 1}
data modify storage animated_java:temp entry.data merge value {"locators":{"consume":{"px":-0.8441835439,"py":4.2180049668,"pz":2.65117909,"ry":177.7672952804,"rx":-67.7048762075}}}
# Data Manager: Prepare for Read / Write
execute store result storage animated_java:temp args.id int 1 run scoreboard players get @s aj.id
# Data Manager: Write
function animated_java:global/data_manager/write with storage animated_java:temp args