# This file was generated by Animated Java via MC-Build. It is not recommended to edit this file directly.
$data merge entity $(neck) {transformation: [-0.9976f,0.0592f,0.0361f,0.1093f,0.0597f,0.9982f,0.0115f,5.9349f,-0.0353f,0.0136f,-0.9993f,0.026f,0f,0f,0f,1f],start_interpolation: 0,interpolation_duration: 1}
$data merge entity $(right_thumb_2) {transformation: [-0.709f,0.0012f,-0.7052f,-3.428f,0.6202f,0.4771f,-0.6227f,4.1138f,0.3358f,-0.8788f,-0.339f,1.348f,0f,0f,0f,1f],start_interpolation: 0,interpolation_duration: 1}
$data merge entity $(right_thumb) {transformation: [-0.709f,-0.2865f,-0.6444f,-3.6162f,0.6202f,0.1818f,-0.7631f,4.275f,0.3358f,-0.9407f,0.0487f,1.0944f,0f,0f,0f,1f],start_interpolation: 0,interpolation_duration: 1}
$data merge entity $(right_fingers2) {transformation: [0.5456f,-0.4624f,-0.6989f,-3.5864f,-0.7041f,0.1993f,-0.6816f,3.9147f,0.4544f,0.864f,-0.2168f,1.7593f,0f,0f,0f,1f],start_interpolation: 0,interpolation_duration: 1}
$data merge entity $(right_fingers) {transformation: [-0.4484f,-0.5572f,-0.6989f,-3.763f,0.1814f,0.7089f,-0.6816f,4.1168f,0.8752f,-0.4324f,-0.2168f,1.6592f,0f,0f,0f,1f],start_interpolation: 0,interpolation_duration: 1}
$data merge entity $(scout) {transformation: [0f,0f,0f,-1.2683f,0f,0f,0f,6.9424f,0f,0f,0f,2.1159f,0f,0f,0f,1f],start_interpolation: 0,interpolation_duration: 1}
$data merge entity $(right_hand) {transformation: [-0.7152f,0.0058f,-0.6989f,-3.7867f,0.6684f,0.2978f,-0.6816f,4.2663f,0.2042f,-0.9546f,-0.2168f,1.0623f,0f,0f,0f,1f],start_interpolation: 0,interpolation_duration: 1}
$data merge entity $(right_forearm) {transformation: [-1.1573f,0.7224f,0.1892f,-2.6437f,0.2503f,0.704f,-1.1571f,5.2739f,-0.7036f,-0.9379f,-0.7228f,-0.3472f,0f,0f,0f,1f],start_interpolation: 0,interpolation_duration: 1}
$data merge entity $(right_shoulder) {transformation: [-0.6094f,1.3213f,0.1811f,-0.9158f,1.3087f,0.5541f,0.3609f,5.6741f,0.2567f,0.3116f,-1.4095f,0.0263f,0f,0f,0f,1f],start_interpolation: 0,interpolation_duration: 1}
$data merge entity $(right_arm) {transformation: [-0.9971f,0.0592f,0.0482f,-0.336f,0.0598f,0.9982f,0.0107f,5.9296f,-0.0475f,0.0136f,-0.9988f,0.0486f,0f,0f,0f,1f],start_interpolation: 0,interpolation_duration: 1}
$data merge entity $(left_thumb_2) {transformation: [-0.6126f,-0.4432f,0.6545f,3.4568f,-0.7851f,0.4365f,-0.4394f,3.8251f,-0.0909f,-0.783f,-0.6153f,0.7561f,0f,0f,0f,1f],start_interpolation: 0,interpolation_duration: 1}
$data merge entity $(left_thumb) {transformation: [-0.6126f,-0.0221f,0.7901f,3.5293f,-0.7851f,0.132f,-0.6051f,3.9925f,-0.0909f,-0.991f,-0.0982f,0.4522f,0f,0f,0f,1f],start_interpolation: 0,interpolation_duration: 1}
$data merge entity $(left_fingers2) {transformation: [0.1105f,0.707f,0.6985f,3.7798f,0.8007f,0.3531f,-0.484f,3.5672f,-0.5888f,0.6128f,-0.527f,1.0217f,0f,0f,0f,1f],start_interpolation: 0,interpolation_duration: 1}
$data merge entity $(left_fingers) {transformation: [-0.6663f,0.2609f,0.6985f,3.878f,-0.1714f,0.8581f,-0.484f,3.813f,-0.7257f,-0.4422f,-0.527f,0.9123f,0f,0f,0f,1f],start_interpolation: 0,interpolation_duration: 1}
$data merge entity $(left_hand) {transformation: [-0.6126f,-0.3698f,0.6985f,3.6787f,-0.7851f,0.3864f,-0.484f,4.025f,-0.0909f,-0.845f,-0.527f,0.3696f,0f,0f,0f,1f],start_interpolation: 0,interpolation_duration: 1}
$data merge entity $(left_forearm) {transformation: [-0.8725f,-1.0235f,-0.2973f,2.0903f,0.0989f,0.3049f,-1.3396f,4.4395f,1.0612f,-0.8699f,-0.1197f,-0.9007f,0f,0f,0f,1f],start_interpolation: 0,interpolation_duration: 1}
$data merge entity $(left_shoulder) {transformation: [-0.8728f,-0.7001f,-0.9475f,1.0913f,-0.9858f,1.0797f,0.1103f,5.5537f,0.6451f,0.7027f,-1.1135f,0.1219f,0f,0f,0f,1f],start_interpolation: 0,interpolation_duration: 1}
$data merge entity $(left_arm) {transformation: [-0.9971f,0.0592f,0.0482f,0.5465f,0.0598f,0.9982f,0.0107f,5.8767f,-0.0475f,0.0136f,-0.9988f,0.0906f,0f,0f,0f,1f],start_interpolation: 0,interpolation_duration: 1}
$data merge entity $(chest) {transformation: [-1.2748f,0.0757f,0.0617f,0f,0.0765f,1.2762f,0.0137f,4.1008f,-0.0607f,0.0174f,-1.277f,0.0105f,0f,0f,0f,1f],start_interpolation: 0,interpolation_duration: 1}
$data merge entity $(left_cheek) {transformation: [-0.9881f,-0.148f,-0.0417f,0.4267f,-0.1455f,0.9876f,-0.0587f,3.2714f,0.0498f,-0.052f,-0.9974f,-0.4633f,0f,0f,0f,1f],start_interpolation: 0,interpolation_duration: 1}
$data merge entity $(left_foot) {transformation: [-0.9376f,-0.0112f,-0.4076f,0.4526f,-0.0166f,1.0222f,0.0101f,-4.7656f,0.4074f,0.0159f,-0.9376f,-0.799f,0f,0f,0f,1f],start_interpolation: 0,interpolation_duration: 1}
$data merge entity $(left_knee) {transformation: [-2.9228f,0.1759f,-0.8236f,0.7463f,0.0114f,2.9827f,0.5965f,-0.6135f,0.8421f,0.5701f,-2.8667f,-0.1515f,0f,0f,0f,1f],start_interpolation: 0,interpolation_duration: 1}
$data merge entity $(left_leg) {transformation: [-1.6508f,0.0342f,-0.4745f,0.7463f,0.0065f,1.715f,0.1011f,2.1313f,0.4756f,0.0954f,-1.648f,0.0694f,0f,0f,0f,1f],start_interpolation: 0,interpolation_duration: 1}
$data merge entity $(right_cheek) {transformation: [-0.9972f,0.0717f,0.0226f,-0.4028f,0.0702f,0.9956f,-0.0613f,3.2417f,-0.0269f,-0.0595f,-0.9979f,-0.4348f,0f,0f,0f,1f],start_interpolation: 0,interpolation_duration: 1}
$data merge entity $(right_foot) {transformation: [-0.9918f,-0.0769f,0.236f,-0.4251f,-0.0896f,1.0174f,-0.0449f,-4.8378f,-0.2315f,-0.0643f,-0.9937f,0.6512f,0f,0f,0f,1f],start_interpolation: 0,interpolation_duration: 1}
$data merge entity $(right_knee) {transformation: [-3.029f,-0.1155f,0.253f,-0.6615f,-0.1185f,3.0393f,-0.0316f,-0.6362f,-0.2516f,-0.0413f,-3.031f,0.4628f,0f,0f,0f,1f],start_interpolation: 0,interpolation_duration: 1}
$data merge entity $(right_leg) {transformation: [-1.7111f,-0.0359f,0.1493f,-0.6523f,-0.058f,1.6978f,-0.256f,2.0937f,-0.1422f,-0.26f,-1.6922f,0.1017f,0f,0f,0f,1f],start_interpolation: 0,interpolation_duration: 1}
$data merge entity $(weist) {transformation: [-1.6213f,-0.0435f,-0.0376f,0f,-0.0436f,1.6218f,0.0032f,3.7628f,0.0375f,0.0042f,-1.6219f,-0.0277f,0f,0f,0f,1f],start_interpolation: 0,interpolation_duration: 1}
data modify storage animated_java:temp entry.data merge value {"locators":{"consume":{"px":-3.6488932182,"py":3.8850743569,"pz":1.7059895441,"ry":287.2364387253,"rx":-42.9658796646}}}
# Data Manager: Prepare for Read / Write
execute store result storage animated_java:temp args.id int 1 run scoreboard players get @s aj.id
# Data Manager: Write
function animated_java:global/data_manager/write with storage animated_java:temp args