# This file was generated by Animated Java via MC-Build. It is not recommended to edit this file directly.
$data merge entity $(neck) {transformation: [-0.9935f,0.0868f,0.0741f,0.1604f,0.0871f,0.9962f,0.0011f,5.9329f,-0.0738f,0.0076f,-0.9972f,0.0144f,0f,0f,0f,1f],start_interpolation: 0,interpolation_duration: 1}
$data merge entity $(right_thumb_2) {transformation: [-0.4326f,0.7521f,-0.4971f,-4.4472f,0.9011f,0.3782f,-0.2121f,5.0617f,0.0285f,-0.5397f,-0.8414f,-0.33f,0f,0f,0f,1f],start_interpolation: 0,interpolation_duration: 1}
$data merge entity $(right_thumb) {transformation: [-0.4326f,0.5021f,-0.7489f,-4.3392f,0.9011f,0.267f,-0.3416f,5.286f,0.0285f,-0.8226f,-0.5679f,-0.5824f,0f,0f,0f,1f],start_interpolation: 0,interpolation_duration: 1}
$data merge entity $(right_fingers2) {transformation: [-0.2191f,-0.7715f,-0.5974f,-4.8959f,-0.8553f,0.4464f,-0.2628f,5.0012f,0.4695f,0.4533f,-0.7577f,-0.1511f,0f,0f,0f,1f],start_interpolation: 0,interpolation_duration: 1}
$data merge entity $(right_fingers) {transformation: [-0.7721f,0.2169f,-0.5974f,-4.8603f,0.444f,0.8566f,-0.2628f,5.2559f,0.4547f,-0.4682f,-0.7577f,-0.2772f,0f,0f,0f,1f],start_interpolation: 0,interpolation_duration: 1}
$data merge entity $(scout) {transformation: [0f,0f,0f,-2.3634f,0f,0f,0f,6.5156f,0f,0f,0f,2.2908f,0f,0f,0f,1f],start_interpolation: 0,interpolation_duration: 1}
$data merge entity $(right_hand) {transformation: [-0.3191f,0.7358f,-0.5974f,-4.4332f,0.9447f,0.1963f,-0.2628f,5.3601f,-0.0761f,-0.6482f,-0.7577f,-0.7085f,0f,0f,0f,1f],start_interpolation: 0,interpolation_duration: 1}
$data merge entity $(right_forearm) {transformation: [-0.314f,1.3323f,0.153f,-2.4081f,0.6428f,0.2874f,-1.1838f,5.7232f,-1.177f,-0.1984f,-0.6874f,-0.9834f,0f,0f,0f,1f],start_interpolation: 0,interpolation_duration: 1}
$data merge entity $(right_shoulder) {transformation: [-0.3794f,1.2171f,0.7242f,-0.8709f,1.4037f,0.2232f,0.3602f,5.7008f,0.1888f,0.7865f,-1.2229f,-0.0231f,0f,0f,0f,1f],start_interpolation: 0,interpolation_duration: 1}
$data merge entity $(right_arm) {transformation: [-0.9924f,0.0868f,0.0872f,-0.2854f,0.0872f,0.9962f,0f,5.9402f,-0.0868f,0.0076f,-0.9962f,0.0196f,0f,0f,0f,1f],start_interpolation: 0,interpolation_duration: 1}
$data merge entity $(left_thumb_2) {transformation: [-0.6316f,-0.4778f,0.6106f,3.5519f,-0.7743f,0.43f,-0.4643f,3.7608f,-0.0408f,-0.766f,-0.6415f,0.7775f,0f,0f,0f,1f],start_interpolation: 0,interpolation_duration: 1}
$data merge entity $(left_thumb) {transformation: [-0.6316f,-0.0749f,0.7717f,3.6106f,-0.7743f,0.1132f,-0.6227f,3.9208f,-0.0408f,-0.9907f,-0.1295f,0.4666f,0f,0f,0f,1f],start_interpolation: 0,interpolation_duration: 1}
$data merge entity $(left_fingers2) {transformation: [0.0934f,0.746f,0.6593f,3.8836f,0.7861f,0.3511f,-0.5087f,3.5022f,-0.6109f,0.5658f,-0.5537f,1.0308f,0f,0f,0f,1f],start_interpolation: 0,interpolation_duration: 1}
$data merge entity $(left_fingers) {transformation: [-0.7081f,0.2527f,0.6593f,3.9804f,-0.1726f,0.8435f,-0.5087f,3.7437f,-0.6847f,-0.474f,-0.5537f,0.9109f,0f,0f,0f,1f],start_interpolation: 0,interpolation_duration: 1}
$data merge entity $(left_hand) {transformation: [-0.6316f,-0.408f,0.6593f,3.7559f,-0.7743f,0.3766f,-0.5087f,3.9487f,-0.0408f,-0.8317f,-0.5537f,0.3754f,0f,0f,0f,1f],start_interpolation: 0,interpolation_duration: 1}
$data merge entity $(left_forearm) {transformation: [-0.8187f,-1.0602f,-0.3207f,2.1136f,0.1328f,0.3021f,-1.3373f,4.3604f,1.0996f,-0.8258f,-0.0774f,-0.8253f,0f,0f,0f,1f],start_interpolation: 0,interpolation_duration: 1}
$data merge entity $(left_shoulder) {transformation: [-0.8936f,-0.6864f,-0.9382f,1.1267f,-0.9485f,1.1146f,0.088f,5.5253f,0.672f,0.6605f,-1.1234f,0.1516f,0f,0f,0f,1f],start_interpolation: 0,interpolation_duration: 1}
$data merge entity $(left_arm) {transformation: [-0.9924f,0.0868f,0.0872f,0.593f,0.0872f,0.9962f,0f,5.8631f,-0.0868f,0.0076f,-0.9962f,0.0965f,0f,0f,0f,1f],start_interpolation: 0,interpolation_duration: 1}
$data merge entity $(chest) {transformation: [-1.2688f,0.111f,0.1114f,0f,0.1114f,1.2737f,0f,4.1025f,-0.111f,0.0097f,-1.2737f,0.0098f,0f,0f,0f,1f],start_interpolation: 0,interpolation_duration: 1}
$data merge entity $(left_cheek) {transformation: [-0.9865f,-0.159f,-0.0402f,0.4293f,-0.1568f,0.9862f,-0.0531f,3.2714f,0.0481f,-0.0461f,-0.9978f,-0.4603f,0f,0f,0f,1f],start_interpolation: 0,interpolation_duration: 1}
$data merge entity $(left_foot) {transformation: [-0.9426f,-0.0113f,-0.3957f,0.47f,-0.0177f,1.0221f,0.0131f,-4.7619f,0.3955f,0.0189f,-0.9426f,-0.8152f,0f,0f,0f,1f],start_interpolation: 0,interpolation_duration: 1}
$data merge entity $(left_knee) {transformation: [-2.9332f,0.1652f,-0.7881f,0.7506f,0.008f,2.9829f,0.5953f,-0.6094f,0.8052f,0.572f,-2.8769f,-0.1643f,0f,0f,0f,1f],start_interpolation: 0,interpolation_duration: 1}
$data merge entity $(left_leg) {transformation: [-1.6567f,0.0344f,-0.4535f,0.7501f,0.0045f,1.7142f,0.1135f,2.1337f,0.4548f,0.1082f,-1.6531f,0.0765f,0f,0f,0f,1f],start_interpolation: 0,interpolation_duration: 1}
$data merge entity $(right_cheek) {transformation: [-0.9967f,0.0703f,0.0415f,-0.3911f,0.0677f,0.9958f,-0.062f,3.2351f,-0.0457f,-0.059f,-0.9972f,-0.4427f,0f,0f,0f,1f],start_interpolation: 0,interpolation_duration: 1}
$data merge entity $(right_foot) {transformation: [-0.9908f,-0.0751f,0.2406f,-0.4501f,-0.0875f,1.0177f,-0.0426f,-4.8435f,-0.2364f,-0.0619f,-0.9927f,0.6043f,0f,0f,0f,1f],start_interpolation: 0,interpolation_duration: 1}
$data merge entity $(right_knee) {transformation: [-3.0294f,-0.1027f,0.2539f,-0.6687f,-0.1043f,3.0399f,-0.0152f,-0.6399f,-0.2532f,-0.0239f,-3.0311f,0.44f,0f,0f,0f,1f],start_interpolation: 0,interpolation_duration: 1}
$data merge entity $(right_leg) {transformation: [-1.7113f,-0.0292f,0.1489f,-0.6486f,-0.0504f,1.6994f,-0.2469f,2.092f,-0.1431f,-0.2503f,-1.6936f,0.0945f,0f,0f,0f,1f],start_interpolation: 0,interpolation_duration: 1}
$data merge entity $(weist) {transformation: [-1.6215f,-0.0484f,-0.021f,0f,-0.0484f,1.6216f,0.0032f,3.763f,0.0209f,0.0039f,-1.6222f,-0.0281f,0f,0f,0f,1f],start_interpolation: 0,interpolation_duration: 1}
data modify storage animated_java:temp entry.data merge value {"locators":{"consume":{"px":-4.9116662438,"py":5.001449205,"pz":-0.2383206902,"ry":321.7482419466,"rx":-15.2383661505}}}
# Data Manager: Prepare for Read / Write
execute store result storage animated_java:temp args.id int 1 run scoreboard players get @s aj.id
# Data Manager: Write
function animated_java:global/data_manager/write with storage animated_java:temp args