# This file was generated by Animated Java via MC-Build. It is not recommended to edit this file directly.
$data merge entity $(neck) {transformation: [-0.9926f,-0.0237f,-0.1195f,-0.0446f,-0.0241f,0.9997f,0.002f,5.919f,0.1194f,0.0049f,-0.9928f,0.0181f,0f,0f,0f,1f],start_interpolation: 0,interpolation_duration: 1}
$data merge entity $(right_thumb_2) {transformation: [-0.6673f,-0.5229f,-0.5304f,-0.8948f,0.5037f,0.2078f,-0.8385f,3.668f,0.5487f,-0.8267f,0.1247f,3.0628f,0f,0f,0f,1f],start_interpolation: 0,interpolation_duration: 1}
$data merge entity $(right_thumb) {transformation: [-0.6673f,-0.7151f,-0.2083f,-1.2209f,0.5037f,-0.2272f,-0.8335f,3.6813f,0.5487f,-0.6611f,0.5118f,2.9242f,0f,0f,0f,1f],start_interpolation: 0,interpolation_duration: 1}
$data merge entity $(right_fingers2) {transformation: [0.59f,-0.5954f,-0.5453f,-0.8112f,-0.2958f,0.469f,-0.8321f,3.3944f,0.7512f,0.6523f,0.1006f,3.5723f,0f,0f,0f,1f],start_interpolation: 0,interpolation_duration: 1}
$data merge entity $(right_fingers) {transformation: [-0.2902f,-0.7864f,-0.5453f,-1.0474f,0.3001f,0.4664f,-0.8321f,3.5296f,0.9087f,-0.4051f,0.1006f,3.4832f,0f,0f,0f,1f],start_interpolation: 0,interpolation_duration: 1}
$data merge entity $(scout) {transformation: [0f,0f,0f,0.6627f,0f,0f,0f,6.8625f,0f,0f,0f,2.8641f,0f,0f,0f,1f],start_interpolation: 0,interpolation_duration: 1}
$data merge entity $(right_hand) {transformation: [-0.6673f,-0.5073f,-0.5453f,-1.3798f,0.5037f,0.2321f,-0.8321f,3.6329f,0.5487f,-0.8299f,0.1006f,2.9751f,0f,0f,0f,1f],start_interpolation: 0,interpolation_duration: 1}
$data merge entity $(right_forearm) {transformation: [-1.2883f,-0.4155f,0.2545f,-1.9428f,-0.3922f,0.4575f,-1.2386f,4.2931f,0.2892f,-1.2309f,-0.5462f,1.0895f,0f,0f,0f,1f],start_interpolation: 0,interpolation_duration: 1}
$data merge entity $(right_shoulder) {transformation: [-1.2764f,0.5247f,-0.4951f,-1.0298f,0.6985f,1.1505f,-0.5815f,5.5737f,0.1804f,-0.7421f,-1.2516f,0.1886f,0f,0f,0f,1f],start_interpolation: 0,interpolation_duration: 1}
$data merge entity $(right_arm) {transformation: [-0.9926f,-0.0237f,-0.1192f,-0.4779f,-0.0241f,0.9997f,0.002f,5.8769f,0.1192f,0.0049f,-0.9929f,0.1144f,0f,0f,0f,1f],start_interpolation: 0,interpolation_duration: 1}
$data merge entity $(left_thumb_2) {transformation: [-0.7488f,-0.1791f,0.6381f,2.0637f,-0.449f,0.8453f,-0.2896f,2.1991f,-0.4876f,-0.5033f,-0.7134f,0.9597f,0f,0f,0f,1f],start_interpolation: 0,interpolation_duration: 1}
$data merge entity $(left_thumb) {transformation: [-0.7488f,0.1918f,0.6345f,2.2274f,-0.449f,0.5574f,-0.6984f,2.4548f,-0.4876f,-0.8078f,-0.3312f,0.7767f,0f,0f,0f,1f],start_interpolation: 0,interpolation_duration: 1}
$data merge entity $(left_fingers2) {transformation: [0.3879f,0.652f,0.6515f,2.2736f,0.914f,-0.1808f,-0.3632f,1.7652f,-0.119f,0.7364f,-0.666f,1.077f,0f,0f,0f,1f],start_interpolation: 0,interpolation_duration: 1}
$data merge entity $(left_fingers) {transformation: [-0.5526f,0.5198f,0.6515f,2.4421f,0.3743f,0.8532f,-0.3632f,1.9951f,-0.7447f,0.0432f,-0.666f,1.1055f,0f,0f,0f,1f],start_interpolation: 0,interpolation_duration: 1}
$data merge entity $(left_hand) {transformation: [-0.7488f,-0.1219f,0.6515f,2.3923f,-0.449f,0.8164f,-0.3632f,2.4782f,-0.4876f,-0.5645f,-0.666f,0.7269f,0f,0f,0f,1f],start_interpolation: 0,interpolation_duration: 1}
$data merge entity $(left_forearm) {transformation: [-1.1658f,-0.2793f,-0.6782f,1.8985f,0.2017f,1.1024f,-0.8007f,4.1176f,0.7052f,-0.7771f,-0.8922f,-0.4465f,0f,0f,0f,1f],start_interpolation: 0,interpolation_duration: 1}
$data merge entity $(left_shoulder) {transformation: [-1.3372f,-0.5484f,-0.2468f,0.9683f,-0.5802f,1.3347f,0.1782f,5.6222f,0.158f,0.2602f,-1.4343f,-0.0513f,0f,0f,0f,1f],start_interpolation: 0,interpolation_duration: 1}
$data merge entity $(left_arm) {transformation: [-0.9926f,-0.0237f,-0.1192f,0.4007f,-0.0241f,0.9997f,0.002f,5.8982f,0.1192f,0.0049f,-0.9929f,0.009f,0f,0f,0f,1f],start_interpolation: 0,interpolation_duration: 1}
$data merge entity $(chest) {transformation: [-1.2691f,-0.0302f,-0.1525f,0f,-0.0308f,1.2782f,0.0026f,4.0822f,0.1524f,0.0062f,-1.2694f,0.0185f,0f,0f,0f,1f],start_interpolation: 0,interpolation_duration: 1}
$data merge entity $(left_cheek) {transformation: [-0.9643f,-0.1119f,-0.2402f,0.3214f,-0.1108f,0.9937f,-0.0183f,3.262f,0.2407f,0.009f,-0.9706f,-0.5224f,0f,0f,0f,1f],start_interpolation: 0,interpolation_duration: 1}
$data merge entity $(left_foot) {transformation: [-0.8699f,0.0015f,-0.5372f,0.3401f,-0.0125f,1.022f,0.0231f,-4.823f,0.537f,0.0263f,-0.8696f,-0.755f,0f,0f,0f,1f],start_interpolation: 0,interpolation_duration: 1}
$data merge entity $(left_knee) {transformation: [-2.7739f,0.1737f,-1.2359f,0.6096f,0.0007f,3.0123f,0.4218f,-0.6366f,1.248f,0.3844f,-2.7472f,-0.3712f,0f,0f,0f,1f],start_interpolation: 0,interpolation_duration: 1}
$data merge entity $(left_leg) {transformation: [-1.5667f,0.071f,-0.7013f,0.6786f,0.0004f,1.7093f,0.1721f,2.0968f,0.7049f,0.1568f,-1.5588f,-0.045f,0f,0f,0f,1f],start_interpolation: 0,interpolation_duration: 1}
$data merge entity $(right_cheek) {transformation: [-0.9927f,0.0143f,-0.1196f,-0.5081f,0.0251f,0.9957f,-0.0893f,3.2794f,0.1178f,-0.0916f,-0.9888f,-0.3461f,0f,0f,0f,1f],start_interpolation: 0,interpolation_duration: 1}
$data merge entity $(right_foot) {transformation: [-1.0206f,-0.0218f,0.0552f,-0.5345f,-0.0234f,1.0217f,-0.0295f,-4.7991f,-0.0545f,-0.0307f,-1.0205f,0.9092f,0f,0f,0f,1f],start_interpolation: 0,interpolation_duration: 1}
$data merge entity $(right_knee) {transformation: [-3.0391f,-0.0558f,-0.113f,-0.7036f,-0.0527f,3.0401f,-0.0847f,-0.5966f,0.1144f,-0.0827f,-3.0385f,0.6737f,0f,0f,0f,1f],start_interpolation: 0,interpolation_duration: 1}
$data merge entity $(right_leg) {transformation: [-1.7165f,-0.0378f,-0.0592f,-0.691f,-0.0269f,1.6913f,-0.3004f,2.1229f,0.0649f,-0.2992f,-1.6905f,0.2412f,0f,0f,0f,1f],start_interpolation: 0,interpolation_duration: 1}
$data merge entity $(weist) {transformation: [-1.5878f,0.0297f,-0.3318f,0f,0.0302f,1.6221f,0.0007f,3.7603f,0.3318f,-0.0055f,-1.588f,-0.0226f,0f,0f,0f,1f],start_interpolation: 0,interpolation_duration: 1}
data modify storage animated_java:temp entry.data merge value {"locators":{"consume":{"px":-0.8758215905,"py":3.3324467533,"pz":3.4593024301,"ry":259.5458184624,"rx":-56.3199289092}}}
# Data Manager: Prepare for Read / Write
execute store result storage animated_java:temp args.id int 1 run scoreboard players get @s aj.id
# Data Manager: Write
function animated_java:global/data_manager/write with storage animated_java:temp args