# This file was generated by Animated Java via MC-Build. It is not recommended to edit this file directly.
$data merge entity $(neck) {transformation: [-0.9925f,0.0905f,0.082f,0.1671f,0.0905f,0.9959f,-0.0037f,5.934f,-0.082f,0.0037f,-0.9966f,0.0066f,0f,0f,0f,1f],start_interpolation: 0,interpolation_duration: 1}
$data merge entity $(right_thumb_2) {transformation: [-0.3683f,0.8616f,-0.3492f,-4.4754f,0.9288f,0.3247f,-0.1786f,5.255f,-0.0405f,-0.3901f,-0.9199f,-0.8288f,0f,0f,0f,1f],start_interpolation: 0,interpolation_duration: 1}
$data merge entity $(right_thumb) {transformation: [-0.3683f,0.6761f,-0.6382f,-4.3035f,0.9288f,0.2377f,-0.2843f,5.4732f,-0.0405f,-0.6975f,-0.7155f,-1.0491f,0f,0f,0f,1f],start_interpolation: 0,interpolation_duration: 1}
$data merge entity $(right_fingers2) {transformation: [-0.3686f,-0.8026f,-0.4691f,-4.9556f,-0.8297f,0.5116f,-0.2233f,5.2451f,0.4192f,0.3069f,-0.8544f,-0.7258f,0f,0f,0f,1f],start_interpolation: 0,interpolation_duration: 1}
$data merge entity $(right_fingers) {transformation: [-0.7954f,0.3838f,-0.4691f,-4.8721f,0.5273f,0.8198f,-0.2233f,5.492f,0.2989f,-0.425f,-0.8544f,-0.8447f,0f,0f,0f,1f],start_interpolation: 0,interpolation_duration: 1}
$data merge entity $(scout) {transformation: [0f,0f,0f,-2.788f,0f,0f,0f,6.5765f,0f,0f,0f,2.1379f,0f,0f,0f,1f],start_interpolation: 0,interpolation_duration: 1}
$data merge entity $(right_hand) {transformation: [-0.2175f,0.8559f,-0.4691f,-4.3661f,0.9669f,0.1233f,-0.2233f,5.553f,-0.1333f,-0.5022f,-0.8544f,-1.1902f,0f,0f,0f,1f],start_interpolation: 0,interpolation_duration: 1}
$data merge entity $(right_forearm) {transformation: [-0.0738f,1.3645f,0.1726f,-2.3018f,0.6269f,0.1872f,-1.2121f,5.7648f,-1.2242f,0.0136f,-0.6311f,-1.1418f,0f,0f,0f,1f],start_interpolation: 0,interpolation_duration: 1}
$data merge entity $(right_shoulder) {transformation: [-0.3459f,1.144f,0.8494f,-0.8647f,1.4185f,0.1942f,0.3161f,5.7055f,0.1341f,0.8963f,-1.1526f,-0.0389f,0f,0f,0f,1f],start_interpolation: 0,interpolation_duration: 1}
$data merge entity $(right_arm) {transformation: [-0.9913f,0.0905f,0.0959f,-0.2786f,0.0904f,0.9959f,-0.005f,5.943f,-0.0959f,0.0037f,-0.9954f,0.0079f,0f,0f,0f,1f],start_interpolation: 0,interpolation_duration: 1}
$data merge entity $(left_thumb_2) {transformation: [-0.654f,-0.4898f,0.5765f,3.5748f,-0.7564f,0.4363f,-0.4873f,3.7217f,-0.0128f,-0.7548f,-0.6558f,0.7854f,0f,0f,0f,1f],start_interpolation: 0,interpolation_duration: 1}
$data merge entity $(left_thumb) {transformation: [-0.654f,-0.1033f,0.7494f,3.628f,-0.7564f,0.1061f,-0.6454f,3.8771f,-0.0128f,-0.989f,-0.1476f,0.4712f,0f,0f,0f,1f],start_interpolation: 0,interpolation_duration: 1}
$data merge entity $(left_fingers2) {transformation: [0.0965f,0.7727f,0.6274f,3.9065f,0.7769f,0.3355f,-0.5328f,3.4568f,-0.6222f,0.5388f,-0.568f,1.0313f,0f,0f,0f,1f],start_interpolation: 0,interpolation_duration: 1}
$data merge entity $(left_fingers) {transformation: [-0.7335f,0.2615f,0.6274f,4.0063f,-0.1594f,0.8311f,-0.5328f,3.6942f,-0.6607f,-0.4908f,-0.568f,0.9059f,0f,0f,0f,1f],start_interpolation: 0,interpolation_duration: 1}
$data merge entity $(left_hand) {transformation: [-0.654f,-0.4228f,0.6274f,3.7711f,-0.7564f,0.3795f,-0.5328f,3.8999f,-0.0128f,-0.823f,-0.568f,0.3753f,0f,0f,0f,1f],start_interpolation: 0,interpolation_duration: 1}
$data merge entity $(left_forearm) {transformation: [-0.7911f,-1.0734f,-0.3452f,2.1092f,0.1589f,0.3114f,-1.3323f,4.3271f,1.1163f,-0.805f,-0.0551f,-0.7926f,0f,0f,0f,1f],start_interpolation: 0,interpolation_duration: 1}
$data merge entity $(left_shoulder) {transformation: [-0.9252f,-0.6737f,-0.9165f,1.1308f,-0.9218f,1.1362f,0.0953f,5.5235f,0.6665f,0.6363f,-1.1405f,0.1542f,0f,0f,0f,1f],start_interpolation: 0,interpolation_duration: 1}
$data merge entity $(left_arm) {transformation: [-0.9913f,0.0905f,0.0959f,0.5988f,0.0904f,0.9959f,-0.005f,5.863f,-0.0959f,0.0037f,-0.9954f,0.0928f,0f,0f,0f,1f],start_interpolation: 0,interpolation_duration: 1}
$data merge entity $(chest) {transformation: [-1.2674f,0.1157f,0.1226f,0f,0.1156f,1.2733f,-0.0064f,4.1042f,-0.1226f,0.0048f,-1.2726f,0.0092f,0f,0f,0f,1f],start_interpolation: 0,interpolation_duration: 1}
$data merge entity $(left_cheek) {transformation: [-0.9841f,-0.1676f,-0.0592f,0.4233f,-0.165f,0.9852f,-0.0463f,3.27f,0.0661f,-0.0358f,-0.9972f,-0.4653f,0f,0f,0f,1f],start_interpolation: 0,interpolation_duration: 1}
$data merge entity $(left_foot) {transformation: [-0.9405f,-0.0103f,-0.4007f,0.4705f,-0.0182f,1.0221f,0.0165f,-4.7658f,0.4004f,0.0223f,-0.9404f,-0.8136f,0f,0f,0f,1f],start_interpolation: 0,interpolation_duration: 1}
$data merge entity $(left_knee) {transformation: [-2.9282f,0.1603f,-0.8074f,0.7433f,0.0061f,2.9876f,0.5711f,-0.6076f,0.8231f,0.5482f,-2.8765f,-0.1962f,0f,0f,0f,1f],start_interpolation: 0,interpolation_duration: 1}
$data merge entity $(left_leg) {transformation: [-1.6539f,0.0382f,-0.4633f,0.7494f,0.0034f,1.7131f,0.1291f,2.1332f,0.4649f,0.1234f,-1.6493f,0.0691f,0f,0f,0f,1f],start_interpolation: 0,interpolation_duration: 1}
$data merge entity $(right_cheek) {transformation: [-0.997f,0.0672f,0.0377f,-0.3946f,0.0648f,0.9959f,-0.0629f,3.2335f,-0.0418f,-0.0602f,-0.9973f,-0.4396f,0f,0f,0f,1f],start_interpolation: 0,interpolation_duration: 1}
$data merge entity $(right_foot) {transformation: [-0.9928f,-0.0733f,0.2329f,-0.4765f,-0.0849f,1.018f,-0.0412f,-4.8462f,-0.229f,-0.0594f,-0.9946f,0.5722f,0f,0f,0f,1f],start_interpolation: 0,interpolation_duration: 1}
$data merge entity $(right_knee) {transformation: [-3.0327f,-0.0881f,0.2173f,-0.6766f,-0.0884f,3.0405f,-0.0013f,-0.6408f,-0.2172f,-0.0076f,-3.034f,0.4314f,0f,0f,0f,1f],start_interpolation: 0,interpolation_duration: 1}
$data merge entity $(right_leg) {transformation: [-1.7131f,-0.025f,0.1274f,-0.6491f,-0.0425f,1.7009f,-0.2374f,2.093f,-0.1227f,-0.2399f,-1.6967f,0.1019f,0f,0f,0f,1f],start_interpolation: 0,interpolation_duration: 1}
$data merge entity $(weist) {transformation: [-1.6212f,-0.0466f,-0.038f,0f,-0.0466f,1.6217f,0.0023f,3.7633f,0.038f,0.0034f,-1.6219f,-0.0285f,0f,0f,0f,1f],start_interpolation: 0,interpolation_duration: 1}
data modify storage animated_java:temp entry.data merge value {"locators":{"consume":{"px":-4.9514698975,"py":5.243400543,"pz":-0.8158853319,"ry":331.2317620846,"rx":-12.9043560939}}}
# Data Manager: Prepare for Read / Write
execute store result storage animated_java:temp args.id int 1 run scoreboard players get @s aj.id
# Data Manager: Write
function animated_java:global/data_manager/write with storage animated_java:temp args