# This file was generated by Animated Java via MC-Build. It is not recommended to edit this file directly.
$data merge entity $(neck) {transformation: [-0.9947f,0.0771f,0.0676f,0.1425f,0.077f,0.997f,-0.0046f,5.9378f,-0.0678f,0.0006f,-0.9977f,0.0003f,0f,0f,0f,1f],start_interpolation: 0,interpolation_duration: 1}
$data merge entity $(right_thumb_2) {transformation: [-0.3799f,0.8904f,-0.2506f,-4.4773f,0.9192f,0.333f,-0.2102f,5.167f,-0.1037f,-0.3102f,-0.945f,-1.0344f,0f,0f,0f,1f],start_interpolation: 0,interpolation_duration: 1}
$data merge entity $(right_thumb) {transformation: [-0.3799f,0.7525f,-0.5379f,-4.284f,0.9192f,0.2419f,-0.3108f,5.3855f,-0.1037f,-0.6125f,-0.7836f,-1.2357f,0f,0f,0f,1f],start_interpolation: 0,interpolation_duration: 1}
$data merge entity $(right_fingers2) {transformation: [-0.4069f,-0.8315f,-0.3782f,-4.9704f,-0.8169f,0.5165f,-0.2567f,5.1698f,0.4088f,0.2045f,-0.8894f,-0.9722f,0f,0f,0f,1f],start_interpolation: 0,interpolation_duration: 1}
$data merge entity $(right_fingers) {transformation: [-0.8145f,0.44f,-0.3782f,-4.8708f,0.5489f,0.7955f,-0.2567f,5.4101f,0.1879f,-0.4166f,-0.8894f,-1.0922f,0f,0f,0f,1f],start_interpolation: 0,interpolation_duration: 1}
$data merge entity $(scout) {transformation: [0f,0f,0f,-3.1063f,0f,0f,0f,6.6123f,0f,0f,0f,2.0475f,0f,0f,0f,1f],start_interpolation: 0,interpolation_duration: 1}
$data merge entity $(right_hand) {transformation: [-0.2019f,0.9035f,-0.3782f,-4.3316f,0.9605f,0.1072f,-0.2567f,5.4598f,-0.1914f,-0.4151f,-0.8894f,-1.3855f,0f,0f,0f,1f],start_interpolation: 0,interpolation_duration: 1}
$data merge entity $(right_forearm) {transformation: [0.0154f,1.3581f,0.2291f,-2.2786f,0.5622f,0.203f,-1.2409f,5.6969f,-1.2573f,0.1074f,-0.552f,-1.1916f,0f,0f,0f,1f],start_interpolation: 0,interpolation_duration: 1}
$data merge entity $(right_shoulder) {transformation: [-0.3665f,1.1047f,0.8918f,-0.8866f,1.4181f,0.2407f,0.2846f,5.6954f,0.068f,0.9336f,-1.1285f,-0.0307f,0f,0f,0f,1f],start_interpolation: 0,interpolation_duration: 1}
$data merge entity $(right_arm) {transformation: [-0.9936f,0.0771f,0.0824f,-0.3032f,0.0769f,0.997f,-0.0057f,5.9408f,-0.0826f,0.0006f,-0.9966f,0.0076f,0f,0f,0f,1f],start_interpolation: 0,interpolation_duration: 1}
$data merge entity $(left_thumb_2) {transformation: [-0.6792f,-0.489f,0.5473f,3.5552f,-0.7339f,0.4477f,-0.5108f,3.7049f,0.0047f,-0.7486f,-0.663f,0.7898f,0f,0f,0f,1f],start_interpolation: 0,interpolation_duration: 1}
$data merge entity $(left_thumb) {transformation: [-0.6792f,-0.1184f,0.7243f,3.6076f,-0.7339f,0.1032f,-0.6714f,3.8563f,0.0047f,-0.9876f,-0.1569f,0.4736f,0f,0f,0f,1f],start_interpolation: 0,interpolation_duration: 1}
$data merge entity $(left_fingers2) {transformation: [0.1116f,0.7931f,0.5988f,3.8817f,0.7685f,0.3132f,-0.5579f,3.431f,-0.63f,0.5225f,-0.5746f,1.032f,0f,0f,0f,1f],start_interpolation: 0,interpolation_duration: 1}
$data merge entity $(left_fingers) {transformation: [-0.7501f,0.2806f,0.5988f,3.9872f,-0.1394f,0.8181f,-0.5579f,3.664f,-0.6464f,-0.502f,-0.5746f,0.903f,0f,0f,0f,1f],start_interpolation: 0,interpolation_duration: 1}
$data merge entity $(left_hand) {transformation: [-0.6792f,-0.4243f,0.5988f,3.7497f,-0.7339f,0.3874f,-0.5579f,3.8736f,0.0047f,-0.8185f,-0.5746f,0.3749f,0f,0f,0f,1f],start_interpolation: 0,interpolation_duration: 1}
$data merge entity $(left_forearm) {transformation: [-0.78f,-1.0727f,-0.3714f,2.0882f,0.1852f,0.3243f,-1.3258f,4.3214f,1.12f,-0.8008f,-0.0394f,-0.7859f,0f,0f,0f,1f],start_interpolation: 0,interpolation_duration: 1}
$data merge entity $(left_shoulder) {transformation: [-0.9658f,-0.6631f,-0.8817f,1.1135f,-0.8995f,1.1518f,0.1191f,5.5405f,0.6387f,0.6193f,-1.1655f,0.1355f,0f,0f,0f,1f],start_interpolation: 0,interpolation_duration: 1}
$data merge entity $(left_arm) {transformation: [-0.9936f,0.0771f,0.0824f,0.5762f,0.0769f,0.997f,-0.0057f,5.8727f,-0.0826f,0.0006f,-0.9966f,0.0807f,0f,0f,0f,1f],start_interpolation: 0,interpolation_duration: 1}
$data merge entity $(chest) {transformation: [-1.2704f,0.0986f,0.1053f,0f,0.0984f,1.2747f,-0.0073f,4.1059f,-0.1056f,0.0008f,-1.2742f,0.0085f,0f,0f,0f,1f],start_interpolation: 0,interpolation_duration: 1}
$data merge entity $(left_cheek) {transformation: [-0.98f,-0.1744f,-0.0958f,0.4093f,-0.1714f,0.9845f,-0.0382f,3.2671f,0.101f,-0.021f,-0.9947f,-0.4765f,0f,0f,0f,1f],start_interpolation: 0,interpolation_duration: 1}
$data merge entity $(left_foot) {transformation: [-0.9328f,-0.0095f,-0.4183f,0.4591f,-0.0187f,1.022f,0.0184f,-4.7754f,0.418f,0.0244f,-0.9327f,-0.7967f,0f,0f,0f,1f],start_interpolation: 0,interpolation_duration: 1}
$data merge entity $(left_knee) {transformation: [-2.9104f,0.1574f,-0.87f,0.7249f,0.0049f,2.9959f,0.5259f,-0.6076f,0.8841f,0.5018f,-2.8668f,-0.2449f,0f,0f,0f,1f],start_interpolation: 0,interpolation_duration: 1}
$data merge entity $(left_leg) {transformation: [-1.6438f,0.0458f,-0.4972f,0.7444f,0.0027f,1.7115f,0.1484f,2.1301f,0.4993f,0.1412f,-1.6377f,0.0502f,0f,0f,0f,1f],start_interpolation: 0,interpolation_duration: 1}
$data merge entity $(right_cheek) {transformation: [-0.9978f,0.0644f,0.0163f,-0.4078f,0.0632f,0.9959f,-0.0641f,3.2338f,-0.0204f,-0.063f,-0.9978f,-0.4289f,0f,0f,0f,1f],start_interpolation: 0,interpolation_duration: 1}
$data merge entity $(right_foot) {transformation: [-0.9984f,-0.068f,0.2091f,-0.5288f,-0.0776f,1.0187f,-0.0393f,-4.8476f,-0.2057f,-0.0543f,-1f,0.5391f,0f,0f,0f,1f],start_interpolation: 0,interpolation_duration: 1}
$data merge entity $(right_knee) {transformation: [-3.0383f,-0.0602f,0.1325f,-0.6938f,-0.0595f,3.0411f,0.0165f,-0.6397f,-0.1328f,0.0139f,-3.0388f,0.4303f,0f,0f,0f,1f],start_interpolation: 0,interpolation_duration: 1}
$data merge entity $(right_leg) {transformation: [-1.7161f,-0.0175f,0.0779f,-0.6528f,-0.0276f,1.7029f,-0.225f,2.0963f,-0.0749f,-0.226f,-1.7014f,0.1212f,0f,0f,0f,1f],start_interpolation: 0,interpolation_duration: 1}
$data merge entity $(weist) {transformation: [-1.6198f,-0.0391f,-0.0824f,0f,-0.0392f,1.6219f,0.0008f,3.7634f,0.0823f,0.0028f,-1.6202f,-0.0289f,0f,0f,0f,1f],start_interpolation: 0,interpolation_duration: 1}
data modify storage animated_java:temp entry.data merge value {"locators":{"consume":{"px":-4.9527993781,"py":5.1624962819,"pz":-1.0624374675,"ry":336.9664590477,"rx":-14.8727815073}}}
# Data Manager: Prepare for Read / Write
execute store result storage animated_java:temp args.id int 1 run scoreboard players get @s aj.id
# Data Manager: Write
function animated_java:global/data_manager/write with storage animated_java:temp args