# This file was generated by Animated Java via MC-Build. It is not recommended to edit this file directly.
$data merge entity $(neck) {transformation: [-0.9978f,0.0534f,0.0397f,0.0986f,0.0533f,0.9986f,-0.0036f,5.9424f,-0.0398f,-0.0015f,-0.9992f,-0.0043f,0f,0f,0f,1f],start_interpolation: 0,interpolation_duration: 1}
$data merge entity $(right_thumb_2) {transformation: [-0.4413f,0.8748f,-0.2001f,-4.4949f,0.8833f,0.3841f,-0.2688f,4.9038f,-0.1583f,-0.2953f,-0.9422f,-1.0005f,0f,0f,0f,1f],start_interpolation: 0,interpolation_duration: 1}
$data merge entity $(right_thumb) {transformation: [-0.4413f,0.7672f,-0.4655f,-4.307f,0.8833f,0.2799f,-0.3761f,5.1301f,-0.1583f,-0.5772f,-0.8011f,-1.1984f,0f,0f,0f,1f],start_interpolation: 0,interpolation_duration: 1}
$data merge entity $(right_fingers2) {transformation: [-0.3787f,-0.8656f,-0.3276f,-4.9961f,-0.8162f,0.4792f,-0.3228f,4.8939f,0.4364f,0.1452f,-0.888f,-0.949f,0f,0f,0f,1f],start_interpolation: 0,interpolation_duration: 1}
$data merge entity $(right_fingers) {transformation: [-0.8412f,0.4301f,-0.3276f,-4.8996f,0.5275f,0.7858f,-0.3228f,5.1303f,0.1186f,-0.4444f,-0.888f,-1.0788f,0f,0f,0f,1f],start_interpolation: 0,interpolation_duration: 1}
$data merge entity $(scout) {transformation: [0f,0f,0f,-3.33f,0f,0f,0f,6.5883f,0f,0f,0f,2.0559f,0f,0f,0f,1f],start_interpolation: 0,interpolation_duration: 1}
$data merge entity $(right_hand) {transformation: [-0.2435f,0.9129f,-0.3276f,-4.3522f,0.9369f,0.1341f,-0.3228f,5.1937f,-0.2508f,-0.3856f,-0.888f,-1.3536f,0f,0f,0f,1f],start_interpolation: 0,interpolation_duration: 1}
$data merge entity $(right_forearm) {transformation: [-0.0025f,1.3433f,0.3046f,-2.3181f,0.4789f,0.2864f,-1.2593f,5.5594f,-1.2914f,0.1037f,-0.4675f,-1.1609f,0f,0f,0f,1f],start_interpolation: 0,interpolation_duration: 1}
$data merge entity $(right_shoulder) {transformation: [-0.4251f,1.0955f,0.8769f,-0.925f,1.4033f,0.3343f,0.2626f,5.6756f,-0.0037f,0.9154f,-1.1454f,-0.0072f,0f,0f,0f,1f],start_interpolation: 0,interpolation_duration: 1}
$data merge entity $(right_arm) {transformation: [-0.997f,0.0534f,0.0553f,-0.3468f,0.0532f,0.9986f,-0.0044f,5.9348f,-0.0554f,-0.0015f,-0.9985f,0.0152f,0f,0f,0f,1f],start_interpolation: 0,interpolation_duration: 1}
$data merge entity $(left_thumb_2) {transformation: [-0.71f,-0.4745f,0.5204f,3.4948f,-0.7041f,0.4666f,-0.5352f,3.6837f,0.0111f,-0.7464f,-0.6654f,0.8005f,0f,0f,0f,1f],start_interpolation: 0,interpolation_duration: 1}
$data merge entity $(left_thumb) {transformation: [-0.71f,-0.1205f,0.6938f,3.5515f,-0.7041f,0.106f,-0.7021f,3.8321f,0.0111f,-0.987f,-0.1601f,0.4835f,0f,0f,0f,1f],start_interpolation: 0,interpolation_duration: 1}
$data merge entity $(left_fingers2) {transformation: [0.1407f,0.8088f,0.5711f,3.8103f,0.761f,0.2806f,-0.5849f,3.3972f,-0.6333f,0.5169f,-0.576f,1.0419f,0f,0f,0f,1f],start_interpolation: 0,interpolation_duration: 1}
$data merge entity $(left_fingers) {transformation: [-0.7591f,0.3124f,0.5711f,3.925f,-0.1093f,0.8037f,-0.5849f,3.625f,-0.6417f,-0.5064f,-0.576f,0.9115f,0f,0f,0f,1f],start_interpolation: 0,interpolation_duration: 1}
$data merge entity $(left_hand) {transformation: [-0.71f,-0.4121f,0.5711f,3.6936f,-0.7041f,0.4026f,-0.5849f,3.8429f,0.0111f,-0.8174f,-0.576f,0.3841f,0f,0f,0f,1f],start_interpolation: 0,interpolation_duration: 1}
$data merge entity $(left_forearm) {transformation: [-0.783f,-1.0585f,-0.4045f,2.0522f,0.2107f,0.3472f,-1.3161f,4.3266f,1.1134f,-0.8101f,-0.0354f,-0.7909f,0f,0f,0f,1f],start_interpolation: 0,interpolation_duration: 1}
$data merge entity $(left_shoulder) {transformation: [-1.014f,-0.6502f,-0.836f,1.082f,-0.8742f,1.1672f,0.1526f,5.5685f,0.5978f,0.604f,-1.1949f,0.1044f,0f,0f,0f,1f],start_interpolation: 0,interpolation_duration: 1}
$data merge entity $(left_arm) {transformation: [-0.997f,0.0534f,0.0553f,0.5357f,0.0532f,0.9986f,-0.0044f,5.8877f,-0.0554f,-0.0015f,-0.9985f,0.0643f,0f,0f,0f,1f],start_interpolation: 0,interpolation_duration: 1}
$data merge entity $(chest) {transformation: [-1.2748f,0.0682f,0.0707f,0f,0.068f,1.2767f,-0.0056f,4.1077f,-0.0709f,-0.0019f,-1.2766f,0.0078f,0f,0f,0f,1f],start_interpolation: 0,interpolation_duration: 1}
$data merge entity $(left_cheek) {transformation: [-0.9736f,-0.179f,-0.1419f,0.3905f,-0.1767f,0.9838f,-0.0292f,3.2638f,0.1448f,-0.0033f,-0.9894f,-0.4906f,0f,0f,0f,1f],start_interpolation: 0,interpolation_duration: 1}
$data merge entity $(left_foot) {transformation: [-0.921f,-0.008f,-0.4437f,0.4406f,-0.0188f,1.022f,0.0205f,-4.7862f,0.4434f,0.0267f,-0.9208f,-0.7774f,0f,0f,0f,1f],start_interpolation: 0,interpolation_duration: 1}
$data merge entity $(left_knee) {transformation: [-2.8831f,0.1545f,-0.957f,0.698f,0.0039f,3.0047f,0.4734f,-0.6084f,0.9693f,0.4475f,-2.8482f,-0.3025f,0f,0f,0f,1f],start_interpolation: 0,interpolation_duration: 1}
$data merge entity $(left_leg) {transformation: [-1.6284f,0.0562f,-0.5446f,0.7362f,0.0022f,1.7096f,0.1698f,2.1255f,0.5475f,0.1602f,-1.6205f,0.0245f,0f,0f,0f,1f],start_interpolation: 0,interpolation_duration: 1}
$data merge entity $(right_cheek) {transformation: [-0.998f,0.0615f,-0.0153f,-0.4263f,0.0624f,0.9959f,-0.0652f,3.2358f,0.0112f,-0.066f,-0.9978f,-0.4132f,0f,0f,0f,1f],start_interpolation: 0,interpolation_duration: 1}
$data merge entity $(right_foot) {transformation: [-1.0053f,-0.0602f,0.1762f,-0.5998f,-0.0674f,1.0195f,-0.0363f,-4.8475f,-0.1736f,-0.0474f,-1.0064f,0.5038f,0f,0f,0f,1f],start_interpolation: 0,interpolation_duration: 1}
$data merge entity $(right_knee) {transformation: [-3.0416f,-0.0227f,0.021f,-0.7177f,-0.0225f,3.0414f,0.0389f,-0.6372f,-0.0213f,0.0388f,-3.0414f,0.4324f,0f,0f,0f,1f],start_interpolation: 0,interpolation_duration: 1}
$data merge entity $(right_leg) {transformation: [-1.7179f,-0.0069f,0.0129f,-0.6577f,-0.0084f,1.7051f,-0.2096f,2.101f,-0.0119f,-0.2096f,-1.7051f,0.1471f,0f,0f,0f,1f],start_interpolation: 0,interpolation_duration: 1}
$data merge entity $(weist) {transformation: [-1.6159f,-0.0284f,-0.1421f,0f,-0.0285f,1.6221f,-0.0005f,3.7636f,0.1421f,0.002f,-1.6161f,-0.0293f,0f,0f,0f,1f],start_interpolation: 0,interpolation_duration: 1}
data modify storage animated_java:temp entry.data merge value {"locators":{"consume":{"px":-4.9698392623,"py":4.880560388,"pz":-1.0388264642,"ry":339.7485785971,"rx":-18.8326073675}}}
# Data Manager: Prepare for Read / Write
execute store result storage animated_java:temp args.id int 1 run scoreboard players get @s aj.id
# Data Manager: Write
function animated_java:global/data_manager/write with storage animated_java:temp args