# This file was generated by Animated Java via MC-Build. It is not recommended to edit this file directly.
$data merge entity $(neck) {transformation: [-0.9996f,0.0258f,0.0067f,0.0477f,0.0258f,0.9997f,-0.0025f,5.9462f,-0.0068f,-0.0023f,-1f,-0.0066f,0f,0f,0f,1f],start_interpolation: 0,interpolation_duration: 1}
$data merge entity $(right_thumb_2) {transformation: [-0.5202f,0.8334f,-0.1866f,-4.5155f,0.8319f,0.445f,-0.3317f,4.5875f,-0.1934f,-0.3278f,-0.9247f,-0.7915f,0f,0f,0f,1f],start_interpolation: 0,interpolation_duration: 1}
$data merge entity $(right_thumb) {transformation: [-0.5202f,0.7433f,-0.4205f,-4.3475f,0.8319f,0.3295f,-0.4466f,4.8232f,-0.1934f,-0.5821f,-0.7898f,-0.9963f,0f,0f,0f,1f],start_interpolation: 0,interpolation_duration: 1}
$data merge entity $(right_fingers2) {transformation: [-0.3198f,-0.8956f,-0.3091f,-5.0225f,-0.8138f,0.4267f,-0.3945f,4.5572f,0.4852f,0.1254f,-0.8654f,-0.7271f,0f,0f,0f,1f],start_interpolation: 0,interpolation_duration: 1}
$data merge entity $(right_fingers) {transformation: [-0.8676f,0.3896f,-0.3091f,-4.9382f,0.4897f,0.7776f,-0.3945f,4.7896f,0.0867f,-0.4936f,-0.8654f,-0.8717f,0f,0f,0f,1f],start_interpolation: 0,interpolation_duration: 1}
$data merge entity $(scout) {transformation: [0f,0f,0f,-3.4568f,0f,0f,0f,6.5276f,0f,0f,0f,2.1616f,0f,0f,0f,1f],start_interpolation: 0,interpolation_duration: 1}
$data merge entity $(right_hand) {transformation: [-0.3087f,0.8995f,-0.3091f,-4.3978f,0.9023f,0.1741f,-0.3945f,4.8747f,-0.301f,-0.4007f,-0.8654f,-1.1545f,0f,0f,0f,1f],start_interpolation: 0,interpolation_duration: 1}
$data merge entity $(right_forearm) {transformation: [-0.0834f,1.3229f,0.3742f,-2.3884f,0.387f,0.3823f,-1.2654f,5.3882f,-1.3192f,0.0285f,-0.3949f,-1.0711f,0f,0f,0f,1f],start_interpolation: 0,interpolation_duration: 1}
$data merge entity $(right_shoulder) {transformation: [-0.5025f,1.1039f,0.8238f,-0.9677f,1.3754f,0.4494f,0.2367f,5.6513f,-0.0743f,0.8539f,-1.1896f,0.0233f,0f,0f,0f,1f],start_interpolation: 0,interpolation_duration: 1}
$data merge entity $(right_arm) {transformation: [-0.9994f,0.0258f,0.0231f,-0.3965f,0.0258f,0.9997f,-0.0029f,5.9264f,-0.0232f,-0.0023f,-0.9997f,0.0273f,0f,0f,0f,1f],start_interpolation: 0,interpolation_duration: 1}
$data merge entity $(left_thumb_2) {transformation: [-0.747f,-0.4454f,0.4935f,3.3947f,-0.6648f,0.4948f,-0.5597f,3.6353f,0.0051f,-0.7462f,-0.6657f,0.8237f,0f,0f,0f,1f],start_interpolation: 0,interpolation_duration: 1}
$data merge entity $(left_thumb) {transformation: [-0.747f,-0.1105f,0.6555f,3.4607f,-0.6648f,0.1165f,-0.7379f,3.7817f,0.0051f,-0.987f,-0.1605f,0.5077f,0f,0f,0f,1f],start_interpolation: 0,interpolation_duration: 1}
$data merge entity $(left_fingers2) {transformation: [0.1849f,0.82f,0.5416f,3.6928f,0.7543f,0.2348f,-0.6131f,3.3317f,-0.6299f,0.5219f,-0.5751f,1.0658f,0f,0f,0f,1f],start_interpolation: 0,interpolation_duration: 1}
$data merge entity $(left_fingers) {transformation: [-0.7606f,0.358f,0.5416f,3.8202f,-0.066f,0.7873f,-0.6131f,3.5534f,-0.6459f,-0.502f,-0.5751f,0.9368f,0f,0f,0f,1f],start_interpolation: 0,interpolation_duration: 1}
$data merge entity $(left_hand) {transformation: [-0.747f,-0.3855f,0.5416f,3.6037f,-0.6648f,0.4269f,-0.6131f,3.7852f,0.0051f,-0.818f,-0.5751f,0.4089f,0f,0f,0f,1f],start_interpolation: 0,interpolation_duration: 1}
$data merge entity $(left_forearm) {transformation: [-0.7975f,-1.0298f,-0.4479f,2.0033f,0.2327f,0.3859f,-1.3016f,4.3286f,1.0986f,-0.8293f,-0.0495f,-0.796f,0f,0f,0f,1f],start_interpolation: 0,interpolation_duration: 1}
$data merge entity $(left_shoulder) {transformation: [-1.0673f,-0.631f,-0.7826f,1.044f,-0.8405f,1.1863f,0.1898f,5.5995f,0.5516f,0.5868f,-1.2253f,0.07f,0f,0f,0f,1f],start_interpolation: 0,interpolation_duration: 1}
$data merge entity $(left_arm) {transformation: [-0.9994f,0.0258f,0.0231f,0.4881f,0.0258f,0.9997f,-0.0029f,5.9036f,-0.0232f,-0.0023f,-0.9997f,0.0478f,0f,0f,0f,1f],start_interpolation: 0,interpolation_duration: 1}
$data merge entity $(chest) {transformation: [-1.2778f,0.033f,0.0295f,0f,0.0329f,1.2781f,-0.0038f,4.1095f,-0.0296f,-0.003f,-1.2782f,0.0072f,0f,0f,0f,1f],start_interpolation: 0,interpolation_duration: 1}
$data merge entity $(left_cheek) {transformation: [-0.965f,-0.1815f,-0.1894f,0.3701f,-0.1811f,0.9833f,-0.02f,3.2607f,0.1898f,0.015f,-0.9817f,-0.5049f,0f,0f,0f,1f],start_interpolation: 0,interpolation_duration: 1}
$data merge entity $(left_foot) {transformation: [-0.9069f,-0.0048f,-0.472f,0.4183f,-0.0182f,1.0219f,0.0247f,-4.7947f,0.4717f,0.0303f,-0.9066f,-0.7672f,0f,0f,0f,1f],start_interpolation: 0,interpolation_duration: 1}
$data merge entity $(left_knee) {transformation: [-2.8509f,0.1512f,-1.0495f,0.6665f,0.0027f,3.0117f,0.4265f,-0.6091f,1.0603f,0.3988f,-2.8229f,-0.3611f,0f,0f,0f,1f],start_interpolation: 0,interpolation_duration: 1}
$data merge entity $(left_leg) {transformation: [-1.6102f,0.0681f,-0.595f,0.726f,0.0015f,1.7073f,0.1913f,2.1205f,0.5989f,0.1788f,-1.6003f,-0.0028f,0f,0f,0f,1f],start_interpolation: 0,interpolation_duration: 1}
$data merge entity $(right_cheek) {transformation: [-0.9971f,0.0583f,-0.0496f,-0.4458f,0.0615f,0.996f,-0.0656f,3.2388f,0.0456f,-0.0684f,-0.9966f,-0.3957f,0f,0f,0f,1f],start_interpolation: 0,interpolation_duration: 1}
$data merge entity $(right_foot) {transformation: [-1.0113f,-0.051f,0.1413f,-0.6812f,-0.0559f,1.0203f,-0.032f,-4.8461f,-0.1394f,-0.0394f,-1.0121f,0.4648f,0f,0f,0f,1f],start_interpolation: 0,interpolation_duration: 1}
$data merge entity $(right_knee) {transformation: [-3.0402f,0.0196f,-0.0953f,-0.7452f,0.0175f,3.041f,0.066f,-0.6341f,0.0957f,0.0654f,-3.0395f,0.4338f,0f,0f,0f,1f],start_interpolation: 0,interpolation_duration: 1}
$data merge entity $(right_leg) {transformation: [-1.7171f,0.0063f,-0.0552f,-0.6621f,0.0124f,1.7072f,-0.1915f,2.106f,0.0541f,-0.1918f,-1.7064f,0.1744f,0f,0f,0f,1f],start_interpolation: 0,interpolation_duration: 1}
$data merge entity $(weist) {transformation: [-1.6092f,-0.0168f,-0.2054f,0f,-0.0168f,1.6223f,-0.001f,3.7638f,0.2054f,0.0012f,-1.6093f,-0.0297f,0f,0f,0f,1f],start_interpolation: 0,interpolation_duration: 1}
data modify storage animated_java:temp entry.data merge value {"locators":{"consume":{"px":-4.9908073024,"py":4.5383454671,"pz":-0.8170373931,"ry":340.3448051599,"rx":-23.2318856141}}}
# Data Manager: Prepare for Read / Write
execute store result storage animated_java:temp args.id int 1 run scoreboard players get @s aj.id
# Data Manager: Write
function animated_java:global/data_manager/write with storage animated_java:temp args