# This file was generated by Animated Java via MC-Build. It is not recommended to edit this file directly.
$data merge entity $(neck) {transformation: [-0.9997f,0.0014f,-0.0225f,0.0025f,0.0014f,1f,-0.0018f,5.9486f,0.0225f,-0.0018f,-0.9997f,-0.0063f,0f,0f,0f,1f],start_interpolation: 0,interpolation_duration: 1}
$data merge entity $(right_thumb_2) {transformation: [-0.5839f,0.7861f,-0.2028f,-4.5353f,0.786f,0.4849f,-0.3835f,4.3369f,-0.2031f,-0.3833f,-0.901f,-0.4836f,0f,0f,0f,1f],start_interpolation: 0,interpolation_duration: 1}
$data merge entity $(right_thumb) {transformation: [-0.5839f,0.7042f,-0.404f,-4.3897f,0.786f,0.3659f,-0.4984f,4.5782f,-0.2031f,-0.6085f,-0.7671f,-0.6986f,0f,0f,0f,1f],start_interpolation: 0,interpolation_duration: 1}
$data merge entity $(right_fingers2) {transformation: [-0.2663f,-0.9099f,-0.318f,-5.0469f,-0.8013f,0.3923f,-0.4517f,4.2969f,0.5357f,0.1345f,-0.8336f,-0.3922f,0f,0f,0f,1f],start_interpolation: 0,interpolation_duration: 1}
$data merge entity $(right_fingers) {transformation: [-0.8801f,0.3527f,-0.318f,-4.9735f,0.4676f,0.7598f,-0.4517f,4.5233f,0.0823f,-0.5462f,-0.8336f,-0.5516f,0f,0f,0f,1f],start_interpolation: 0,interpolation_duration: 1}
$data merge entity $(scout) {transformation: [0f,0f,0f,-3.4791f,0f,0f,0f,6.4797f,0f,0f,0f,2.3389f,0f,0f,0f,1f],start_interpolation: 0,interpolation_duration: 1}
$data merge entity $(right_hand) {transformation: [-0.3621f,0.8762f,-0.318f,-4.4476f,0.8704f,0.1958f,-0.4517f,4.6192f,-0.3335f,-0.4403f,-0.8336f,-0.8572f,0f,0f,0f,1f],start_interpolation: 0,interpolation_duration: 1}
$data merge entity $(right_forearm) {transformation: [-0.1885f,1.3028f,0.4053f,-2.463f,0.3008f,0.4388f,-1.2705f,5.2213f,-1.3308f,-0.0854f,-0.3446f,-0.943f,0f,0f,0f,1f],start_interpolation: 0,interpolation_duration: 1}
$data merge entity $(right_shoulder) {transformation: [-0.5769f,1.1209f,0.7486f,-1.0041f,1.3408f,0.5612f,0.1929f,5.6291f,-0.1391f,0.7605f,-1.2458f,0.0523f,0f,0f,0f,1f],start_interpolation: 0,interpolation_duration: 1}
$data merge entity $(right_arm) {transformation: [-1f,0.0014f,-0.0055f,-0.4399f,0.0014f,1f,-0.0018f,5.918f,0.0055f,-0.0018f,-1f,0.0402f,0f,0f,0f,1f],start_interpolation: 0,interpolation_duration: 1}
$data merge entity $(left_thumb_2) {transformation: [-0.7883f,-0.4021f,0.4658f,3.2601f,-0.6151f,0.5348f,-0.5793f,3.5417f,-0.0161f,-0.7432f,-0.6689f,0.8556f,0f,0f,0f,1f],start_interpolation: 0,interpolation_duration: 1}
$data merge entity $(left_thumb) {transformation: [-0.7883f,-0.0889f,0.6089f,3.3398f,-0.6151f,0.1398f,-0.7759f,3.6888f,-0.0161f,-0.9862f,-0.1648f,0.5431f,0f,0f,0f,1f],start_interpolation: 0,interpolation_duration: 1}
$data merge entity $(left_fingers2) {transformation: [0.2424f,0.8256f,0.5096f,3.5341f,0.7504f,0.1733f,-0.6378f,3.2161f,-0.6149f,0.537f,-0.5775f,1.0969f,0f,0f,0f,1f],start_interpolation: 0,interpolation_duration: 1}
$data merge entity $(left_fingers) {transformation: [-0.7535f,0.4154f,0.5096f,3.6775f,-0.0068f,0.7702f,-0.6378f,3.4311f,-0.6574f,-0.4841f,-0.5775f,0.9733f,0f,0f,0f,1f],start_interpolation: 0,interpolation_duration: 1}
$data merge entity $(left_hand) {transformation: [-0.7883f,-0.345f,0.5096f,3.4842f,-0.6151f,0.4635f,-0.6378f,3.6845f,-0.0161f,-0.8162f,-0.5775f,0.4464f,0f,0f,0f,1f],start_interpolation: 0,interpolation_duration: 1}
$data merge entity $(left_forearm) {transformation: [-0.822f,-0.9856f,-0.4999f,1.9475f,0.2428f,0.4468f,-1.2801f,4.3208f,1.0782f,-0.8521f,-0.0929f,-0.7954f,0f,0f,0f,1f],start_interpolation: 0,interpolation_duration: 1}
$data merge entity $(left_shoulder) {transformation: [-1.1214f,-0.6037f,-0.7265f,1.0088f,-0.7981f,1.2087f,0.2277f,5.6263f,0.5051f,0.5696f,-1.2531f,0.0413f,0f,0f,0f,1f],start_interpolation: 0,interpolation_duration: 1}
$data merge entity $(left_arm) {transformation: [-1f,0.0014f,-0.0055f,0.4452f,0.0014f,1f,-0.0018f,5.9167f,0.0055f,-0.0018f,-1f,0.0354f,0f,0f,0f,1f],start_interpolation: 0,interpolation_duration: 1}
$data merge entity $(chest) {transformation: [-1.2785f,0.0018f,-0.007f,0f,0.0018f,1.2785f,-0.0023f,4.1113f,0.007f,-0.0024f,-1.2785f,0.0065f,0f,0f,0f,1f],start_interpolation: 0,interpolation_duration: 1}
$data merge entity $(left_cheek) {transformation: [-0.9558f,-0.1826f,-0.2302f,0.3518f,-0.1849f,0.9827f,-0.0118f,3.2584f,0.2284f,0.0313f,-0.9731f,-0.5168f,0f,0f,0f,1f],start_interpolation: 0,interpolation_duration: 1}
$data merge entity $(left_foot) {transformation: [-0.8926f,0.0016f,-0.4984f,0.394f,-0.0161f,1.0217f,0.0321f,-4.7992f,0.4982f,0.0358f,-0.8921f,-0.7744f,0f,0f,0f,1f],start_interpolation: 0,interpolation_duration: 1}
$data merge entity $(left_knee) {transformation: [-2.8204f,0.15f,-1.1292f,0.6364f,0.0013f,3.0157f,0.3974f,-0.6092f,1.1391f,0.368f,-2.7963f,-0.4122f,0f,0f,0f,1f],start_interpolation: 0,interpolation_duration: 1}
$data merge entity $(left_leg) {transformation: [-1.593f,0.0795f,-0.6384f,0.7162f,0.0007f,1.705f,0.2105f,2.1162f,0.6434f,0.1949f,-1.581f,-0.0268f,0f,0f,0f,1f],start_interpolation: 0,interpolation_duration: 1}
$data merge entity $(right_cheek) {transformation: [-0.9954f,0.0545f,-0.0792f,-0.4628f,0.0597f,0.9961f,-0.0652f,3.2422f,0.0753f,-0.0696f,-0.9947f,-0.3797f,0f,0f,0f,1f],start_interpolation: 0,interpolation_duration: 1}
$data merge entity $(right_foot) {transformation: [-1.0154f,-0.0416f,0.1116f,-0.7631f,-0.0447f,1.021f,-0.0264f,-4.8437f,-0.1104f,-0.0311f,-1.0159f,0.4201f,0f,0f,0f,1f],start_interpolation: 0,interpolation_duration: 1}
$data merge entity $(right_knee) {transformation: [-3.0349f,0.0614f,-0.1949f,-0.7732f,0.0553f,3.0397f,0.0967f,-0.6312f,0.1967f,0.093f,-3.0339f,0.4303f,0f,0f,0f,1f],start_interpolation: 0,interpolation_duration: 1}
$data merge entity $(right_leg) {transformation: [-1.7141f,0.0209f,-0.1138f,-0.6651f,0.0323f,1.7091f,-0.1716f,2.1105f,0.1111f,-0.1734f,-1.7056f,0.1979f,0f,0f,0f,1f],start_interpolation: 0,interpolation_duration: 1}
$data merge entity $(weist) {transformation: [-1.6013f,-0.0066f,-0.2604f,0f,-0.0066f,1.6223f,-0.0006f,3.764f,0.2604f,0.0005f,-1.6013f,-0.03f,0f,0f,0f,1f],start_interpolation: 0,interpolation_duration: 1}
data modify storage animated_java:temp entry.data merge value {"locators":{"consume":{"px":-5.0120125976,"py":4.2728615747,"pz":-0.4829431924,"ry":339.121386445,"rx":-26.8506604857}}}
# Data Manager: Prepare for Read / Write
execute store result storage animated_java:temp args.id int 1 run scoreboard players get @s aj.id
# Data Manager: Write
function animated_java:global/data_manager/write with storage animated_java:temp args