# This file was generated by Animated Java via MC-Build. It is not recommended to edit this file directly.
$data merge entity $(neck) {transformation: [-0.9991f,-0.0131f,-0.0395f,-0.0243f,-0.0131f,0.9999f,-0.0002f,5.9503f,0.0395f,0.0003f,-0.9992f,-0.003f,0f,0f,0f,1f],start_interpolation: 0,interpolation_duration: 1}
$data merge entity $(right_thumb_2) {transformation: [-0.6022f,0.7596f,-0.2455f,-4.5798f,0.7747f,0.4818f,-0.4096f,4.2585f,-0.1929f,-0.4369f,-0.8786f,-0.1597f,0f,0f,0f,1f],start_interpolation: 0,interpolation_duration: 1}
$data merge entity $(right_thumb) {transformation: [-0.6022f,0.6785f,-0.4207f,-4.4449f,0.7747f,0.3694f,-0.5133f,4.4994f,-0.1929f,-0.635f,-0.7481f,-0.382f,0f,0f,0f,1f],start_interpolation: 0,interpolation_duration: 1}
$data merge entity $(right_fingers2) {transformation: [-0.2562f,-0.8989f,-0.3555f,-5.0969f,-0.7777f,0.41f,-0.4765f,4.2378f,0.5741f,0.1544f,-0.8041f,-0.0389f,0f,0f,0f,1f],start_interpolation: 0,interpolation_duration: 1}
$data merge entity $(right_fingers) {transformation: [-0.8646f,0.3551f,-0.3555f,-5.0227f,0.4945f,0.7269f,-0.4765f,4.4554f,0.0892f,-0.5878f,-0.8041f,-0.2098f,0f,0f,0f,1f],start_interpolation: 0,interpolation_duration: 1}
$data merge entity $(scout) {transformation: [0f,0f,0f,-3.3952f,0f,0f,0f,6.4938f,0f,0f,0f,2.5492f,0f,0f,0f,1f],start_interpolation: 0,interpolation_duration: 1}
$data merge entity $(right_hand) {transformation: [-0.3679f,0.8593f,-0.3555f,-4.5089f,0.8622f,0.172f,-0.4765f,4.5356f,-0.3483f,-0.4818f,-0.8041f,-0.5395f,0f,0f,0f,1f],start_interpolation: 0,interpolation_duration: 1}
$data merge entity $(right_forearm) {transformation: [-0.2839f,1.2987f,0.3603f,-2.5281f,0.2465f,0.412f,-1.291f,5.0988f,-1.325f,-0.2017f,-0.3173f,-0.7997f,0f,0f,0f,1f],start_interpolation: 0,interpolation_duration: 1}
$data merge entity $(right_shoulder) {transformation: [-0.6261f,1.1468f,0.6653f,-1.0251f,1.3113f,0.6443f,0.1234f,5.6161f,-0.1959f,0.6477f,-1.3008f,0.0713f,0f,0f,0f,1f],start_interpolation: 0,interpolation_duration: 1}
$data merge entity $(right_arm) {transformation: [-0.9997f,-0.0131f,-0.0218f,-0.4653f,-0.0131f,0.9999f,0f,5.9132f,0.0218f,0.0003f,-0.9998f,0.0507f,0f,0f,0f,1f],start_interpolation: 0,interpolation_duration: 1}
$data merge entity $(left_thumb_2) {transformation: [-0.8291f,-0.3472f,0.4382f,3.1022f,-0.5562f,0.5911f,-0.5841f,3.387f,-0.0562f,-0.7281f,-0.6832f,0.8772f,0f,0f,0f,1f],start_interpolation: 0,interpolation_duration: 1}
$data merge entity $(left_thumb) {transformation: [-0.8291f,-0.0573f,0.5561f,3.1988f,-0.5562f,0.1847f,-0.8102f,3.5403f,-0.0562f,-0.9811f,-0.185f,0.5725f,0f,0f,0f,1f],start_interpolation: 0,interpolation_duration: 1}
$data merge entity $(left_fingers2) {transformation: [0.3085f,0.8235f,0.4762f,3.3468f,0.7543f,0.0932f,-0.6499f,3.034f,-0.5795f,0.5597f,-0.5924f,1.1108f,0f,0f,0f,1f],start_interpolation: 0,interpolation_duration: 1}
$data merge entity $(left_fingers) {transformation: [-0.7372f,0.4794f,0.4762f,3.5077f,0.0723f,0.7566f,-0.6499f,3.2428f,-0.6718f,-0.4446f,-0.5924f,0.9986f,0f,0f,0f,1f],start_interpolation: 0,interpolation_duration: 1}
$data merge entity $(left_hand) {transformation: [-0.8291f,-0.293f,0.4762f,3.3447f,-0.5562f,0.5179f,-0.6499f,3.5294f,-0.0562f,-0.8037f,-0.5924f,0.4786f,0f,0f,0f,1f],start_interpolation: 0,interpolation_duration: 1}
$data merge entity $(left_forearm) {transformation: [-0.8565f,-0.9255f,-0.5541f,1.8952f,0.2261f,0.5378f,-1.2477f,4.3033f,1.0547f,-0.8669f,-0.1825f,-0.7897f,0f,0f,0f,1f],start_interpolation: 0,interpolation_duration: 1}
$data merge entity $(left_shoulder) {transformation: [-1.1715f,-0.5688f,-0.6737f,0.9873f,-0.7518f,1.2298f,0.269f,5.6425f,0.4607f,0.5604f,-1.2742f,0.0274f,0f,0f,0f,1f],start_interpolation: 0,interpolation_duration: 1}
$data merge entity $(left_arm) {transformation: [-0.9997f,-0.0131f,-0.0218f,0.4195f,-0.0131f,0.9999f,0f,5.9248f,0.0218f,0.0003f,-0.9998f,0.0314f,0f,0f,0f,1f],start_interpolation: 0,interpolation_duration: 1}
$data merge entity $(chest) {transformation: [-1.2781f,-0.0167f,-0.0279f,0f,-0.0167f,1.2784f,0f,4.1131f,0.0279f,0.0004f,-1.2782f,0.0059f,0f,0f,0f,1f],start_interpolation: 0,interpolation_duration: 1}
$data merge entity $(left_cheek) {transformation: [-0.9489f,-0.1835f,-0.2568f,0.3398f,-0.1883f,0.9821f,-0.0059f,3.2571f,0.2532f,0.0428f,-0.9665f,-0.5243f,0f,0f,0f,1f],start_interpolation: 0,interpolation_duration: 1}
$data merge entity $(left_foot) {transformation: [-0.8811f,0.0122f,-0.5184f,0.3685f,-0.0116f,1.0214f,0.0438f,-4.7987f,0.5184f,0.0437f,-0.8801f,-0.805f,0f,0f,0f,1f],start_interpolation: 0,interpolation_duration: 1}
$data merge entity $(left_knee) {transformation: [-2.7999f,0.1551f,-1.1783f,0.6153f,0f,3.0157f,0.397f,-0.6087f,1.1885f,0.3655f,-2.776f,-0.4468f,0f,0f,0f,1f],start_interpolation: 0,interpolation_duration: 1}
$data merge entity $(left_leg) {transformation: [-1.5814f,0.0876f,-0.6655f,0.7094f,0f,1.7033f,0.2242f,2.1135f,0.6713f,0.2064f,-1.5679f,-0.0423f,0f,0f,0f,1f],start_interpolation: 0,interpolation_duration: 1}
$data merge entity $(right_cheek) {transformation: [-0.9941f,0.0498f,-0.0968f,-0.474f,0.0562f,0.9963f,-0.0645f,3.2452f,0.0932f,-0.0695f,-0.9932f,-0.369f,0f,0f,0f,1f],start_interpolation: 0,interpolation_duration: 1}
$data merge entity $(right_foot) {transformation: [-1.0174f,-0.0338f,0.0946f,-0.8342f,-0.0358f,1.0215f,-0.0199f,-4.8415f,-0.0938f,-0.0232f,-1.0178f,0.3664f,0f,0f,0f,1f],start_interpolation: 0,interpolation_duration: 1}
$data merge entity $(right_knee) {transformation: [-3.0294f,0.0963f,-0.2564f,-0.7983f,0.0857f,3.0378f,0.129f,-0.6294f,0.2601f,0.1213f,-3.0282f,0.4178f,0f,0f,0f,1f],start_interpolation: 0,interpolation_duration: 1}
$data merge entity $(right_leg) {transformation: [-1.711f,0.035f,-0.1507f,-0.6666f,0.0484f,1.7106f,-0.1517f,2.1135f,0.1469f,-0.1553f,-1.7046f,0.2128f,0f,0f,0f,1f],start_interpolation: 0,interpolation_duration: 1}
$data merge entity $(weist) {transformation: [-1.5952f,0f,-0.2956f,0f,0f,1.6223f,0f,3.7642f,0.2956f,0f,-1.5952f,-0.0303f,0f,0f,0f,1f],start_interpolation: 0,interpolation_duration: 1}
data modify storage animated_java:temp entry.data merge value {"locators":{"consume":{"px":-5.0605669067,"py":4.2078386155,"pz":-0.1310543783,"ry":336.1507204702,"rx":-28.4589169732}}}
# Data Manager: Prepare for Read / Write
execute store result storage animated_java:temp args.id int 1 run scoreboard players get @s aj.id
# Data Manager: Write
function animated_java:global/data_manager/write with storage animated_java:temp args