# This file was generated by Animated Java via MC-Build. It is not recommended to edit this file directly.
$data merge entity $(neck) {transformation: [-0.999f,-0.0162f,-0.0427f,-0.0299f,-0.0162f,0.9999f,0.0016f,5.9521f,0.0427f,0.0023f,-0.9991f,0f,0f,0f,0f,1f],start_interpolation: 0,interpolation_duration: 1}
$data merge entity $(right_thumb_2) {transformation: [-0.5966f,0.7554f,-0.2709f,-4.6223f,0.7818f,0.4708f,-0.4089f,4.3008f,-0.1813f,-0.4557f,-0.8715f,0.0213f,0f,0f,0f,1f],start_interpolation: 0,interpolation_duration: 1}
$data merge entity $(right_thumb) {transformation: [-0.5966f,0.6796f,-0.4268f,-4.4861f,0.7818f,0.372f,-0.5005f,4.5435f,-0.1813f,-0.6323f,-0.7532f,-0.1984f,0f,0f,0f,1f],start_interpolation: 0,interpolation_duration: 1}
$data merge entity $(right_fingers2) {transformation: [-0.2824f,-0.8816f,-0.3781f,-5.1483f,-0.7596f,0.4462f,-0.4731f,4.3092f,0.5859f,0.1536f,-0.7957f,0.1544f,0f,0f,0f,1f],start_interpolation: 0,interpolation_duration: 1}
$data merge entity $(right_fingers) {transformation: [-0.8392f,0.3908f,-0.3781f,-5.0634f,0.538f,0.6976f,-0.4731f,4.5197f,0.0789f,-0.6005f,-0.7957f,-0.0203f,0f,0f,0f,1f],start_interpolation: 0,interpolation_duration: 1}
$data merge entity $(scout) {transformation: [0f,0f,0f,-3.3455f,0f,0f,0f,6.5332f,0f,0f,0f,2.7018f,0f,0f,0f,1f],start_interpolation: 0,interpolation_duration: 1}
$data merge entity $(right_hand) {transformation: [-0.3436f,0.8596f,-0.3781f,-4.5504f,0.8699f,0.1395f,-0.4731f,4.5801f,-0.354f,-0.4915f,-0.7957f,-0.3556f,0f,0f,0f,1f],start_interpolation: 0,interpolation_duration: 1}
$data merge entity $(right_forearm) {transformation: [-0.3335f,1.3038f,0.2934f,-2.5624f,0.2358f,0.3551f,-1.3098f,5.0573f,-1.3154f,-0.2669f,-0.3092f,-0.714f,0f,0f,0f,1f],start_interpolation: 0,interpolation_duration: 1}
$data merge entity $(right_shoulder) {transformation: [-0.6409f,1.1675f,0.6132f,-1.0295f,1.2999f,0.674f,0.0753f,5.6147f,-0.2219f,0.5766f,-1.3297f,0.0764f,0f,0f,0f,1f],start_interpolation: 0,interpolation_duration: 1}
$data merge entity $(right_arm) {transformation: [-0.9996f,-0.0162f,-0.0245f,-0.4707f,-0.0162f,0.9999f,0.0019f,5.9135f,0.0245f,0.0023f,-0.9997f,0.0548f,0f,0f,0f,1f],start_interpolation: 0,interpolation_duration: 1}
$data merge entity $(left_thumb_2) {transformation: [-0.8492f,-0.3138f,0.4246f,3.0087f,-0.5209f,0.6295f,-0.5766f,3.277f,-0.0864f,-0.7108f,-0.698f,0.8735f,0f,0f,0f,1f],start_interpolation: 0,interpolation_duration: 1}
$data merge entity $(left_thumb) {transformation: [-0.8492f,-0.0365f,0.5267f,3.1154f,-0.5209f,0.2211f,-0.8245f,3.437f,-0.0864f,-0.9746f,-0.2068f,0.5757f,0f,0f,0f,1f],start_interpolation: 0,interpolation_duration: 1}
$data merge entity $(left_fingers2) {transformation: [0.3461f,0.8182f,0.4591f,3.2357f,0.7608f,0.0416f,-0.6477f,2.9073f,-0.549f,0.5734f,-0.6081f,1.0981f,0f,0f,0f,1f],start_interpolation: 0,interpolation_duration: 1}
$data merge entity $(left_fingers) {transformation: [-0.7239f,0.515f,0.4591f,3.4062f,0.1241f,0.7518f,-0.6477f,3.1133f,-0.6787f,-0.4119f,-0.6081f,0.9954f,0f,0f,0f,1f],start_interpolation: 0,interpolation_duration: 1}
$data merge entity $(left_hand) {transformation: [-0.8492f,-0.2608f,0.4591f,3.2621f,-0.5209f,0.5561f,-0.6477f,3.4236f,-0.0864f,-0.7892f,-0.6081f,0.4834f,0f,0f,0f,1f],start_interpolation: 0,interpolation_duration: 1}
$data merge entity $(left_forearm) {transformation: [-0.8804f,-0.8858f,-0.581f,1.8704f,0.2017f,0.6015f,-1.2226f,4.2933f,1.0399f,-0.8665f,-0.2548f,-0.7876f,0f,0f,0f,1f],start_interpolation: 0,interpolation_duration: 1}
$data merge entity $(left_shoulder) {transformation: [-1.1957f,-0.5476f,-0.6483f,0.9826f,-0.7272f,1.2386f,0.295f,5.6473f,0.4375f,0.5621f,-1.2816f,0.0271f,0f,0f,0f,1f],start_interpolation: 0,interpolation_duration: 1}
$data merge entity $(left_arm) {transformation: [-0.9996f,-0.0162f,-0.0245f,0.414f,-0.0162f,0.9999f,0.0019f,5.9278f,0.0245f,0.0023f,-0.9997f,0.0331f,0f,0f,0f,1f],start_interpolation: 0,interpolation_duration: 1}
$data merge entity $(chest) {transformation: [-1.278f,-0.0207f,-0.0313f,0f,-0.0207f,1.2784f,0.0024f,4.1149f,0.0313f,0.0029f,-1.2782f,0.0053f,0f,0f,0f,1f],start_interpolation: 0,interpolation_duration: 1}
$data merge entity $(left_cheek) {transformation: [-0.9454f,-0.189f,-0.2654f,0.3368f,-0.1953f,0.9807f,-0.0027f,3.2588f,0.2608f,0.0493f,-0.9641f,-0.5264f,0f,0f,0f,1f],start_interpolation: 0,interpolation_duration: 1}
$data merge entity $(left_foot) {transformation: [-0.8748f,0.0257f,-0.5286f,0.3134f,-0.0075f,1.0205f,0.062f,-4.7877f,0.5291f,0.0569f,-0.8729f,-0.8858f,0f,0f,0f,1f],start_interpolation: 0,interpolation_duration: 1}
$data merge entity $(left_knee) {transformation: [-2.7908f,0.1797f,-1.1965f,0.5932f,0.0053f,3.0098f,0.4396f,-0.6043f,1.2099f,0.4012f,-2.7618f,-0.4782f,0f,0f,0f,1f],start_interpolation: 0,interpolation_duration: 1}
$data merge entity $(left_leg) {transformation: [-1.5762f,0.1f,-0.676f,0.7077f,0.003f,1.7005f,0.2446f,2.1129f,0.6833f,0.2233f,-1.5603f,-0.0463f,0f,0f,0f,1f],start_interpolation: 0,interpolation_duration: 1}
$data merge entity $(right_cheek) {transformation: [-0.9942f,0.0446f,-0.0983f,-0.4779f,0.051f,0.9967f,-0.0636f,3.2469f,0.0951f,-0.0682f,-0.9931f,-0.3663f,0f,0f,0f,1f],start_interpolation: 0,interpolation_duration: 1}
$data merge entity $(right_foot) {transformation: [-1.0176f,-0.0289f,0.0942f,-0.8853f,-0.0302f,1.0218f,-0.013f,-4.8404f,-0.0938f,-0.0157f,-1.0179f,0.3017f,0f,0f,0f,1f],start_interpolation: 0,interpolation_duration: 1}
$data merge entity $(right_knee) {transformation: [-3.0275f,0.1195f,-0.2682f,-0.8178f,0.1056f,3.0357f,0.1606f,-0.6294f,0.274f,0.1505f,-3.0256f,0.3942f,0f,0f,0f,1f],start_interpolation: 0,interpolation_duration: 1}
$data merge entity $(right_leg) {transformation: [-1.71f,0.0469f,-0.159f,-0.6669f,0.0593f,1.7118f,-0.1334f,2.1143f,0.1547f,-0.1382f,-1.7054f,0.2163f,0f,0f,0f,1f],start_interpolation: 0,interpolation_duration: 1}
$data merge entity $(weist) {transformation: [-1.5935f,0.0017f,-0.3044f,0f,0.0017f,1.6223f,0.0002f,3.7643f,0.3044f,-0.0001f,-1.5935f,-0.0306f,0f,0f,0f,1f],start_interpolation: 0,interpolation_duration: 1}
data modify storage animated_java:temp entry.data merge value {"locators":{"consume":{"px":-5.1083433219,"py":4.274253824,"pz":0.0613358689,"ry":334.5819585135,"rx":-28.2384214665}}}
# Data Manager: Prepare for Read / Write
execute store result storage animated_java:temp args.id int 1 run scoreboard players get @s aj.id
# Data Manager: Write
function animated_java:global/data_manager/write with storage animated_java:temp args