# This file was generated by Animated Java via MC-Build. It is not recommended to edit this file directly.
$data merge entity $(neck) {transformation: [-0.9989f,-0.0182f,-0.0441f,-0.0337f,-0.0184f,0.9998f,0.0043f,5.9539f,0.0441f,0.0051f,-0.999f,0.0046f,0f,0f,0f,1f],start_interpolation: 0,interpolation_duration: 1}
$data merge entity $(right_thumb_2) {transformation: [-0.5774f,0.752f,-0.318f,-4.664f,0.7996f,0.4419f,-0.4067f,4.3984f,-0.1653f,-0.489f,-0.8564f,0.262f,0f,0f,0f,1f],start_interpolation: 0,interpolation_duration: 1}
$data merge entity $(right_thumb) {transformation: [-0.5774f,0.6779f,-0.455f,-4.5251f,0.7996f,0.3566f,-0.4832f,4.6385f,-0.1653f,-0.6428f,-0.7479f,0.0412f,0f,0f,0f,1f],start_interpolation: 0,interpolation_duration: 1}
$data merge entity $(right_fingers2) {transformation: [-0.3159f,-0.85f,-0.4215f,-5.195f,-0.7292f,0.5017f,-0.4653f,4.4479f,0.607f,0.1604f,-0.7784f,0.4144f,0f,0f,0f,1f],start_interpolation: 0,interpolation_duration: 1}
$data merge entity $(right_fingers) {transformation: [-0.7988f,0.4293f,-0.4215f,-5.0983f,0.5969f,0.6536f,-0.4653f,4.6476f,0.0757f,-0.6232f,-0.7784f,0.2332f,0f,0f,0f,1f],start_interpolation: 0,interpolation_duration: 1}
$data merge entity $(scout) {transformation: [0f,0f,0f,-3.2124f,0f,0f,0f,6.6117f,0f,0f,0f,2.8792f,0f,0f,0f,1f],start_interpolation: 0,interpolation_duration: 1}
$data merge entity $(right_hand) {transformation: [-0.3068f,0.8534f,-0.4215f,-4.5913f,0.8809f,0.0868f,-0.4653f,4.6759f,-0.3605f,-0.514f,-0.7784f,-0.1151f,0f,0f,0f,1f],start_interpolation: 0,interpolation_duration: 1}
$data merge entity $(right_forearm) {transformation: [-0.3974f,1.3046f,0.1927f,-2.603f,0.2316f,0.2671f,-1.3312f,5.0201f,-1.2983f,-0.3517f,-0.2964f,-0.6016f,0f,0f,0f,1f],start_interpolation: 0,interpolation_duration: 1}
$data merge entity $(right_shoulder) {transformation: [-0.6556f,1.194f,0.5425f,-1.0325f,1.288f,0.7006f,0.0146f,5.6142f,-0.2474f,0.4831f,-1.3621f,0.0811f,0f,0f,0f,1f],start_interpolation: 0,interpolation_duration: 1}
$data merge entity $(right_arm) {transformation: [-0.9995f,-0.0182f,-0.0255f,-0.4744f,-0.0183f,0.9998f,0.0046f,5.9142f,0.0254f,0.0051f,-0.9997f,0.0597f,0f,0f,0f,1f],start_interpolation: 0,interpolation_duration: 1}
$data merge entity $(left_thumb_2) {transformation: [-0.8692f,-0.2739f,0.4116f,2.895f,-0.4786f,0.6751f,-0.5614f,3.1418f,-0.1241f,-0.685f,-0.7179f,0.8541f,0f,0f,0f,1f],start_interpolation: 0,interpolation_duration: 1}
$data merge entity $(left_thumb) {transformation: [-0.8692f,-0.0099f,0.4943f,3.0137f,-0.4786f,0.2678f,-0.8362f,3.3107f,-0.1241f,-0.9634f,-0.2375f,0.5659f,0f,0f,0f,1f],start_interpolation: 0,interpolation_duration: 1}
$data merge entity $(left_fingers2) {transformation: [0.3885f,0.8087f,0.4417f,3.1015f,0.7691f,-0.0206f,-0.6388f,2.7529f,-0.5075f,0.5879f,-0.6299f,1.0651f,0f,0f,0f,1f],start_interpolation: 0,interpolation_duration: 1}
$data merge entity $(left_fingers) {transformation: [-0.7054f,0.5543f,0.4417f,3.2826f,0.1866f,0.7464f,-0.6388f,2.9557f,-0.6838f,-0.3682f,-0.6299f,0.9748f,0f,0f,0f,1f],start_interpolation: 0,interpolation_duration: 1}
$data merge entity $(left_hand) {transformation: [-0.8692f,-0.2222f,0.4417f,3.1613f,-0.4786f,0.6024f,-0.6388f,3.295f,-0.1241f,-0.7667f,-0.6299f,0.4755f,0f,0f,0f,1f],start_interpolation: 0,interpolation_duration: 1}
$data merge entity $(left_forearm) {transformation: [-0.9114f,-0.8355f,-0.6069f,1.843f,0.1664f,0.6801f,-1.1861f,4.283f,1.0192f,-0.8582f,-0.3491f,-0.7873f,0f,0f,0f,1f],start_interpolation: 0,interpolation_duration: 1}
$data merge entity $(left_shoulder) {transformation: [-1.2211f,-0.5228f,-0.6208f,0.9795f,-0.6997f,1.2464f,0.3266f,5.6511f,0.4113f,0.5683f,-1.2875f,0.0299f,0f,0f,0f,1f],start_interpolation: 0,interpolation_duration: 1}
$data merge entity $(left_arm) {transformation: [-0.9995f,-0.0182f,-0.0255f,0.4103f,-0.0183f,0.9998f,0.0046f,5.9304f,0.0254f,0.0051f,-0.9997f,0.0372f,0f,0f,0f,1f],start_interpolation: 0,interpolation_duration: 1}
$data merge entity $(chest) {transformation: [-1.2779f,-0.0233f,-0.0326f,0f,-0.0235f,1.2783f,0.0059f,4.1168f,0.0325f,0.0065f,-1.2781f,0.0047f,0f,0f,0f,1f],start_interpolation: 0,interpolation_duration: 1}
$data merge entity $(left_cheek) {transformation: [-0.945f,-0.1893f,-0.2666f,0.3346f,-0.1952f,0.9808f,-0.0044f,3.2607f,0.2623f,0.0478f,-0.9638f,-0.5279f,0f,0f,0f,1f],start_interpolation: 0,interpolation_duration: 1}
$data merge entity $(left_foot) {transformation: [-0.8663f,0.042f,-0.5413f,0.2481f,0.0016f,1.0195f,0.0765f,-4.7798f,0.5429f,0.064f,-0.864f,-0.9264f,0f,0f,0f,1f],start_interpolation: 0,interpolation_duration: 1}
$data merge entity $(left_knee) {transformation: [-2.7791f,0.2108f,-1.2184f,0.5699f,0.0204f,3.0046f,0.4733f,-0.6026f,1.2363f,0.4243f,-2.7466f,-0.487f,0f,0f,0f,1f],start_interpolation: 0,interpolation_duration: 1}
$data merge entity $(left_leg) {transformation: [-1.5696f,0.1134f,-0.6891f,0.7065f,0.0115f,1.6991f,0.2535f,2.1125f,0.6983f,0.2269f,-1.5532f,-0.0489f,0f,0f,0f,1f],start_interpolation: 0,interpolation_duration: 1}
$data merge entity $(right_cheek) {transformation: [-0.9943f,0.041f,-0.0982f,-0.4807f,0.0473f,0.9969f,-0.0627f,3.2482f,0.0953f,-0.067f,-0.9932f,-0.3648f,0f,0f,0f,1f],start_interpolation: 0,interpolation_duration: 1}
$data merge entity $(right_foot) {transformation: [-1.0176f,-0.0244f,0.0957f,-0.9324f,-0.0253f,1.022f,-0.0075f,-4.8387f,-0.0955f,-0.0099f,-1.0179f,0.2461f,0f,0f,0f,1f],start_interpolation: 0,interpolation_duration: 1}
$data merge entity $(right_knee) {transformation: [-3.0261f,0.1405f,-0.2744f,-0.8361f,0.1238f,3.0334f,0.1875f,-0.6292f,0.2823f,0.1754f,-3.0235f,0.3733f,0f,0f,0f,1f],start_interpolation: 0,interpolation_duration: 1}
$data merge entity $(right_leg) {transformation: [-1.7091f,0.058f,-0.1639f,-0.6672f,0.0694f,1.7125f,-0.1178f,2.1149f,0.1594f,-0.1238f,-1.7061f,0.2183f,0f,0f,0f,1f],start_interpolation: 0,interpolation_duration: 1}
$data merge entity $(weist) {transformation: [-1.5925f,0.0028f,-0.3097f,0f,0.0028f,1.6223f,0.0003f,3.7644f,0.3097f,-0.0002f,-1.5925f,-0.0309f,0f,0f,0f,1f],start_interpolation: 0,interpolation_duration: 1}
data modify storage animated_java:temp entry.data merge value {"locators":{"consume":{"px":-5.1538347196,"py":4.4061426841,"pz":0.3201102738,"ry":331.5640379534,"rx":-27.730378892}}}
# Data Manager: Prepare for Read / Write
execute store result storage animated_java:temp args.id int 1 run scoreboard players get @s aj.id
# Data Manager: Write
function animated_java:global/data_manager/write with storage animated_java:temp args