# This file was generated by Animated Java via MC-Build. It is not recommended to edit this file directly.
$data merge entity $(neck) {transformation: [-0.9988f,-0.0193f,-0.0441f,-0.0358f,-0.0197f,0.9998f,0.0077f,5.9557f,0.0439f,0.0086f,-0.999f,0.0105f,0f,0f,0f,1f],start_interpolation: 0,interpolation_duration: 1}
$data merge entity $(right_thumb_2) {transformation: [-0.5443f,0.7476f,-0.3806f,-4.689f,0.8253f,0.3958f,-0.4027f,4.5518f,-0.1504f,-0.5333f,-0.8324f,0.545f,0f,0f,0f,1f],start_interpolation: 0,interpolation_duration: 1}
$data merge entity $(right_thumb) {transformation: [-0.5443f,0.6742f,-0.4992f,-4.5458f,0.8253f,0.3237f,-0.4627f,4.7848f,-0.1504f,-0.6638f,-0.7326f,0.3195f,0f,0f,0f,1f],start_interpolation: 0,interpolation_duration: 1}
$data merge entity $(right_fingers2) {transformation: [-0.3546f,-0.8029f,-0.4792f,-5.2189f,-0.6837f,0.5722f,-0.453f,4.6537f,0.6379f,0.167f,-0.7518f,0.7203f,0f,0f,0f,1f],start_interpolation: 0,interpolation_duration: 1}
$data merge entity $(right_fingers) {transformation: [-0.7425f,0.4681f,-0.4792f,-5.11f,0.666f,0.5927f,-0.453f,4.8381f,0.072f,-0.6554f,-0.7518f,0.5301f,0f,0f,0f,1f],start_interpolation: 0,interpolation_duration: 1}
$data merge entity $(scout) {transformation: [0f,0f,0f,-3.0032f,0f,0f,0f,6.7278f,0f,0f,0f,3.0611f,0f,0f,0f,1f],start_interpolation: 0,interpolation_duration: 1}
$data merge entity $(right_hand) {transformation: [-0.258f,0.839f,-0.4792f,-4.6146f,0.8914f,0.0154f,-0.453f,4.823f,-0.3726f,-0.544f,-0.7518f,0.1646f,0f,0f,0f,1f],start_interpolation: 0,interpolation_duration: 1}
$data merge entity $(right_forearm) {transformation: [-0.4681f,1.2938f,0.0636f,-2.6443f,0.2337f,0.1508f,-1.349f,4.9914f,-1.2741f,-0.4477f,-0.2708f,-0.4664f,0f,0f,0f,1f],start_interpolation: 0,interpolation_duration: 1}
$data merge entity $(right_shoulder) {transformation: [-0.6696f,1.222f,0.4564f,-1.0342f,1.2757f,0.7205f,-0.0575f,5.6146f,-0.2722f,0.3708f,-1.3922f,0.0853f,0f,0f,0f,1f],start_interpolation: 0,interpolation_duration: 1}
$data merge entity $(right_arm) {transformation: [-0.9995f,-0.0193f,-0.0251f,-0.4764f,-0.0195f,0.9998f,0.0081f,5.9153f,0.0249f,0.0086f,-0.9997f,0.0653f,0f,0f,0f,1f],start_interpolation: 0,interpolation_duration: 1}
$data merge entity $(left_thumb_2) {transformation: [-0.8871f,-0.2305f,0.3999f,2.7663f,-0.4308f,0.7246f,-0.5379f,2.9893f,-0.1658f,-0.6494f,-0.7421f,0.8136f,0f,0f,0f,1f],start_interpolation: 0,interpolation_duration: 1}
$data merge entity $(left_thumb) {transformation: [-0.8871f,0.0205f,0.4611f,2.8979f,-0.4308f,0.3221f,-0.843f,3.1687f,-0.1658f,-0.9465f,-0.2769f,0.5376f,0f,0f,0f,1f],start_interpolation: 0,interpolation_duration: 1}
$data merge entity $(left_fingers2) {transformation: [0.4324f,0.7952f,0.4251f,2.9509f,0.7776f,-0.0901f,-0.6223f,2.5807f,-0.4566f,0.5996f,-0.6573f,1.006f,0f,0f,0f,1f],start_interpolation: 0,interpolation_duration: 1}
$data merge entity $(left_fingers) {transformation: [-0.6828f,0.5942f,0.4251f,3.1426f,0.2563f,0.7396f,-0.6223f,2.7797f,-0.6842f,-0.316f,-0.6573f,0.9304f,0f,0f,0f,1f],start_interpolation: 0,interpolation_duration: 1}
$data merge entity $(left_hand) {transformation: [-0.8871f,-0.1799f,0.4251f,3.0464f,-0.4308f,0.6536f,-0.6223f,3.1514f,-0.1658f,-0.7352f,-0.6573f,0.449f,0f,0f,0f,1f],start_interpolation: 0,interpolation_duration: 1}
$data merge entity $(left_forearm) {transformation: [-0.9481f,-0.7769f,-0.6283f,1.8141f,0.1229f,0.7688f,-1.1362f,4.273f,0.9915f,-0.8381f,-0.4599f,-0.7887f,0f,0f,0f,1f],start_interpolation: 0,interpolation_duration: 1}
$data merge entity $(left_shoulder) {transformation: [-1.2468f,-0.4955f,-0.5914f,0.9777f,-0.6698f,1.2529f,0.3624f,5.6539f,0.3829f,0.5783f,-1.2918f,0.0351f,0f,0f,0f,1f],start_interpolation: 0,interpolation_duration: 1}
$data merge entity $(left_arm) {transformation: [-0.9995f,-0.0193f,-0.0251f,0.4083f,-0.0195f,0.9998f,0.0081f,5.9326f,0.0249f,0.0086f,-0.9997f,0.0432f,0f,0f,0f,1f],start_interpolation: 0,interpolation_duration: 1}
$data merge entity $(chest) {transformation: [-1.2779f,-0.0247f,-0.0321f,0f,-0.025f,1.2783f,0.0103f,4.1186f,0.0319f,0.011f,-1.2781f,0.0042f,0f,0f,0f,1f],start_interpolation: 0,interpolation_duration: 1}
$data merge entity $(left_cheek) {transformation: [-0.9467f,-0.181f,-0.2666f,0.3337f,-0.1863f,0.9825f,-0.0055f,3.2567f,0.263f,0.0445f,-0.9638f,-0.5284f,0f,0f,0f,1f],start_interpolation: 0,interpolation_duration: 1}
$data merge entity $(left_foot) {transformation: [-0.8659f,0.0412f,-0.5419f,0.3138f,0.0046f,1.02f,0.0701f,-4.7911f,0.5435f,0.0569f,-0.8641f,-0.8748f,0f,0f,0f,1f],start_interpolation: 0,interpolation_duration: 1}
$data merge entity $(left_knee) {transformation: [-2.7877f,0.186f,-1.2027f,0.602f,0.006f,3.008f,0.4514f,-0.6096f,1.217f,0.4114f,-2.7571f,-0.4532f,0f,0f,0f,1f],start_interpolation: 0,interpolation_duration: 1}
$data merge entity $(left_leg) {transformation: [-1.5745f,0.0932f,-0.681f,0.7059f,0.0034f,1.7031f,0.2254f,2.1124f,0.6874f,0.2052f,-1.561f,-0.05f,0f,0f,0f,1f],start_interpolation: 0,interpolation_duration: 1}
$data merge entity $(right_cheek) {transformation: [-0.9945f,0.0396f,-0.097f,-0.4822f,0.0458f,0.997f,-0.0618f,3.249f,0.0943f,-0.0659f,-0.9934f,-0.3645f,0f,0f,0f,1f],start_interpolation: 0,interpolation_duration: 1}
$data merge entity $(right_foot) {transformation: [-1.0174f,-0.0207f,0.0983f,-0.9743f,-0.0212f,1.0221f,-0.0041f,-4.8367f,-0.0982f,-0.0061f,-1.0176f,0.2042f,0f,0f,0f,1f],start_interpolation: 0,interpolation_duration: 1}
$data merge entity $(right_knee) {transformation: [-3.0249f,0.1589f,-0.2769f,-0.8525f,0.1402f,3.0314f,0.2077f,-0.6287f,0.2868f,0.1938f,-3.022f,0.3571f,0f,0f,0f,1f],start_interpolation: 0,interpolation_duration: 1}
$data merge entity $(right_leg) {transformation: [-1.7085f,0.0681f,-0.1666f,-0.6675f,0.0786f,1.7129f,-0.1062f,2.1153f,0.1619f,-0.1132f,-1.7066f,0.219f,0f,0f,0f,1f],start_interpolation: 0,interpolation_duration: 1}
$data merge entity $(weist) {transformation: [-1.5921f,0.0034f,-0.3119f,0f,0.0033f,1.6223f,0.0004f,3.7646f,0.3119f,-0.0003f,-1.5921f,-0.0312f,0f,0f,0f,1f],start_interpolation: 0,interpolation_duration: 1}
data modify storage animated_java:temp entry.data merge value {"locators":{"consume":{"px":-5.1788650945,"py":4.6031776823,"pz":0.6249300886,"ry":327.4892111563,"rx":-26.9348507809}}}
# Data Manager: Prepare for Read / Write
execute store result storage animated_java:temp args.id int 1 run scoreboard players get @s aj.id
# Data Manager: Write
function animated_java:global/data_manager/write with storage animated_java:temp args