# This file was generated by Animated Java via MC-Build. It is not recommended to edit this file directly.
$data merge entity $(neck) {transformation: [-0.9989f,-0.0196f,-0.0427f,-0.0362f,-0.0201f,0.9997f,0.0117f,5.9574f,0.0425f,0.0126f,-0.999f,0.0173f,0f,0f,0f,1f],start_interpolation: 0,interpolation_duration: 1}
$data merge entity $(right_thumb_2) {transformation: [-0.4982f,0.7395f,-0.4527f,-4.6829f,0.8555f,0.3341f,-0.3957f,4.7581f,-0.1414f,-0.5844f,-0.799f,0.8503f,0f,0f,0f,1f],start_interpolation: 0,interpolation_duration: 1}
$data merge entity $(right_thumb) {transformation: [-0.4982f,0.6678f,-0.5531f,-4.5341f,0.8555f,0.2745f,-0.4391f,4.9795f,-0.1414f,-0.6919f,-0.7081f,0.6167f,0f,0f,0f,1f],start_interpolation: 0,interpolation_duration: 1}
$data merge entity $(right_fingers2) {transformation: [-0.395f,-0.7398f,-0.5447f,-5.2036f,-0.6205f,0.652f,-0.4356f,4.9222f,0.6774f,0.1659f,-0.7166f,1.048f,0f,0f,0f,1f],start_interpolation: 0,interpolation_duration: 1}
$data merge entity $(right_fingers) {transformation: [-0.6708f,0.5033f,-0.5447f,-5.0831f,0.7391f,0.5137f,-0.4356f,5.0862f,0.0606f,-0.6948f,-0.7166f,0.8464f,0f,0f,0f,1f],start_interpolation: 0,interpolation_duration: 1}
$data merge entity $(scout) {transformation: [0f,0f,0f,-2.7279f,0f,0f,0f,6.8751f,0f,0f,0f,3.2274f,0f,0f,0f,1f],start_interpolation: 0,interpolation_duration: 1}
$data merge entity $(right_hand) {transformation: [-0.1992f,0.8146f,-0.5447f,-4.6058f,0.8973f,-0.0719f,-0.4356f,5.0183f,-0.394f,-0.5755f,-0.7166f,0.4633f,0f,0f,0f,1f],start_interpolation: 0,interpolation_duration: 1}
$data merge entity $(right_forearm) {transformation: [-0.538f,1.265f,-0.0862f,-2.6816f,0.2421f,0.0106f,-1.3559f,4.9748f,-1.2446f,-0.5448f,-0.2265f,-0.3137f,0f,0f,0f,1f],start_interpolation: 0,interpolation_duration: 1}
$data merge entity $(right_shoulder) {transformation: [-0.6824f,1.2474f,0.3581f,-1.0347f,1.2634f,0.731f,-0.1387f,5.6158f,-0.2965f,0.2441f,-1.415f,0.0892f,0f,0f,0f,1f],start_interpolation: 0,interpolation_duration: 1}
$data merge entity $(right_arm) {transformation: [-0.9995f,-0.0196f,-0.0235f,-0.4769f,-0.0199f,0.9997f,0.0121f,5.9168f,0.0233f,0.0126f,-0.9997f,0.0713f,0f,0f,0f,1f],start_interpolation: 0,interpolation_duration: 1}
$data merge entity $(left_thumb_2) {transformation: [-0.9015f,-0.1866f,0.3905f,2.6289f,-0.3794f,0.7748f,-0.5058f,2.8282f,-0.2082f,-0.6041f,-0.7692f,0.7477f,0f,0f,0f,1f],start_interpolation: 0,interpolation_duration: 1}
$data merge entity $(left_thumb) {transformation: [-0.9015f,0.0525f,0.4296f,2.7734f,-0.3794f,0.3817f,-0.8428f,3.0192f,-0.2082f,-0.9228f,-0.3242f,0.4863f,0f,0f,0f,1f],start_interpolation: 0,interpolation_duration: 1}
$data merge entity $(left_fingers2) {transformation: [0.4745f,0.7787f,0.4105f,2.7916f,0.7851f,-0.1635f,-0.5974f,2.4007f,-0.3981f,0.6058f,-0.6889f,0.9165f,0f,0f,0f,1f],start_interpolation: 0,interpolation_duration: 1}
$data merge entity $(left_fingers) {transformation: [-0.6575f,0.6318f,0.4105f,2.9932f,0.3296f,0.7311f,-0.5974f,2.5953f,-0.6776f,-0.2575f,-0.6889f,0.8572f,0f,0f,0f,1f],start_interpolation: 0,interpolation_duration: 1}
$data merge entity $(left_hand) {transformation: [-0.9015f,-0.137f,0.4105f,2.9227f,-0.3794f,0.7065f,-0.5974f,3.001f,-0.2082f,-0.6943f,-0.6889f,0.3993f,0f,0f,0f,1f],start_interpolation: 0,interpolation_duration: 1}
$data merge entity $(left_forearm) {transformation: [-0.9885f,-0.7128f,-0.6419f,1.7848f,0.0737f,0.8625f,-1.0713f,4.264f,0.9563f,-0.8032f,-0.5808f,-0.7917f,0f,0f,0f,1f],start_interpolation: 0,interpolation_duration: 1}
$data merge entity $(left_shoulder) {transformation: [-1.2721f,-0.4668f,-0.56f,0.9773f,-0.6381f,1.2577f,0.401f,5.6559f,0.3527f,0.5917f,-1.2944f,0.0424f,0f,0f,0f,1f],start_interpolation: 0,interpolation_duration: 1}
$data merge entity $(left_arm) {transformation: [-0.9995f,-0.0196f,-0.0235f,0.4077f,-0.0199f,0.9997f,0.0121f,5.9344f,0.0233f,0.0126f,-0.9997f,0.0507f,0f,0f,0f,1f],start_interpolation: 0,interpolation_duration: 1}
$data merge entity $(chest) {transformation: [-1.2779f,-0.0251f,-0.0301f,0f,-0.0254f,1.2782f,0.0155f,4.1205f,0.0297f,0.0161f,-1.2781f,0.0037f,0f,0f,0f,1f],start_interpolation: 0,interpolation_duration: 1}
$data merge entity $(left_cheek) {transformation: [-0.9479f,-0.1748f,-0.2664f,0.3338f,-0.18f,0.9836f,-0.0047f,3.2532f,0.2629f,0.0435f,-0.9638f,-0.5284f,0f,0f,0f,1f],start_interpolation: 0,interpolation_duration: 1}
$data merge entity $(left_foot) {transformation: [-0.8666f,0.0414f,-0.5409f,0.379f,0.0065f,1.0201f,0.0678f,-4.7977f,0.5425f,0.054f,-0.8649f,-0.8512f,0f,0f,0f,1f],start_interpolation: 0,interpolation_duration: 1}
$data merge entity $(left_knee) {transformation: [-2.7993f,0.1625f,-1.1789f,0.636f,-0.0126f,3.0091f,0.4446f,-0.6146f,1.1899f,0.414f,-2.7685f,-0.4257f,0f,0f,0f,1f],start_interpolation: 0,interpolation_duration: 1}
$data merge entity $(left_leg) {transformation: [-1.581f,0.0724f,-0.6682f,0.7057f,-0.0071f,1.7061f,0.2015f,2.1124f,0.6721f,0.1882f,-1.5698f,-0.0501f,0f,0f,0f,1f],start_interpolation: 0,interpolation_duration: 1}
$data merge entity $(right_cheek) {transformation: [-0.9945f,0.0424f,-0.0961f,-0.4828f,0.0483f,0.997f,-0.0599f,3.2492f,0.0933f,-0.0642f,-0.9936f,-0.3653f,0f,0f,0f,1f],start_interpolation: 0,interpolation_duration: 1}
$data merge entity $(right_foot) {transformation: [-1.0172f,-0.0173f,0.1017f,-1.0133f,-0.0176f,1.0222f,-0.0027f,-4.8346f,-0.1016f,-0.0044f,-1.0173f,0.176f,0f,0f,0f,1f],start_interpolation: 0,interpolation_duration: 1}
$data merge entity $(right_knee) {transformation: [-3.024f,0.1759f,-0.2767f,-0.868f,0.156f,3.0297f,0.2214f,-0.628f,0.2884f,0.2059f,-3.021f,0.3457f,0f,0f,0f,1f],start_interpolation: 0,interpolation_duration: 1}
$data merge entity $(right_leg) {transformation: [-1.708f,0.0776f,-0.1677f,-0.6677f,0.0875f,1.7129f,-0.0983f,2.1155f,0.1628f,-0.1063f,-1.7069f,0.2187f,0f,0f,0f,1f],start_interpolation: 0,interpolation_duration: 1}
$data merge entity $(weist) {transformation: [-1.5921f,0.0035f,-0.3116f,0f,0.0035f,1.6223f,0.0004f,3.7647f,0.3116f,-0.0003f,-1.5921f,-0.0314f,0f,0f,0f,1f],start_interpolation: 0,interpolation_duration: 1}
data modify storage animated_java:temp entry.data merge value {"locators":{"consume":{"px":-5.1670726578,"py":4.8610424706,"pz":0.9520998975,"ry":322.7626730092,"rx":-25.8254106673}}}
# Data Manager: Prepare for Read / Write
execute store result storage animated_java:temp args.id int 1 run scoreboard players get @s aj.id
# Data Manager: Write
function animated_java:global/data_manager/write with storage animated_java:temp args