# This file was generated by Animated Java via MC-Build. It is not recommended to edit this file directly.
$data merge entity $(neck) {transformation: [-0.999f,-0.0191f,-0.0404f,-0.0353f,-0.0198f,0.9997f,0.0162f,5.9592f,0.04f,0.017f,-0.9991f,0.0249f,0f,0f,0f,1f],start_interpolation: 0,interpolation_duration: 1}
$data merge entity $(right_thumb_2) {transformation: [-0.4413f,0.7254f,-0.5283f,-4.636f,0.8861f,0.2591f,-0.3844f,5.01f,-0.1419f,-0.6377f,-0.7571f,1.1558f,0f,0f,0f,1f],start_interpolation: 0,interpolation_duration: 1}
$data merge entity $(right_thumb) {transformation: [-0.4413f,0.6573f,-0.6109f,-4.4813f,0.8861f,0.2115f,-0.4125f,5.2153f,-0.1419f,-0.7233f,-0.6758f,0.9116f,0f,0f,0f,1f],start_interpolation: 0,interpolation_duration: 1}
$data merge entity $(right_fingers2) {transformation: [-0.4329f,-0.6618f,-0.612f,-5.1384f,-0.5389f,0.7343f,-0.4129f,5.2431f,0.7226f,0.151f,-0.6745f,1.3712f,0f,0f,0f,1f],start_interpolation: 0,interpolation_duration: 1}
$data merge entity $(right_fingers) {transformation: [-0.5859f,0.5312f,-0.612f,-5.008f,0.8096f,0.4173f,-0.4129f,5.3818f,0.0361f,-0.7374f,-0.6745f,1.1572f,0f,0f,0f,1f],start_interpolation: 0,interpolation_duration: 1}
$data merge entity $(scout) {transformation: [0f,0f,0f,-2.401f,0f,0f,0f,7.0428f,0f,0f,0f,3.3618f,0f,0f,0f,1f],start_interpolation: 0,interpolation_duration: 1}
$data merge entity $(right_hand) {transformation: [-0.1335f,0.7795f,-0.612f,-4.5557f,0.8946f,-0.1709f,-0.4129f,5.2541f,-0.4264f,-0.6026f,-0.6745f,0.7594f,0f,0f,0f,1f],start_interpolation: 0,interpolation_duration: 1}
$data merge entity $(right_forearm) {transformation: [-0.6011f,1.2144f,-0.247f,-2.7108f,0.2559f,-0.147f,-1.3454f,4.9732f,-1.2126f,-0.633f,-0.1615f,-0.1494f,0f,0f,0f,1f],start_interpolation: 0,interpolation_duration: 1}
$data merge entity $(right_shoulder) {transformation: [-0.6934f,1.2672f,0.2515f,-1.0341f,1.2516f,0.7297f,-0.2256f,5.6178f,-0.3202f,0.108f,-1.4268f,0.0927f,0f,0f,0f,1f],start_interpolation: 0,interpolation_duration: 1}
$data merge entity $(right_arm) {transformation: [-0.9996f,-0.0191f,-0.021f,-0.4761f,-0.0195f,0.9997f,0.0166f,5.9185f,0.0207f,0.017f,-0.9996f,0.0775f,0f,0f,0f,1f],start_interpolation: 0,interpolation_duration: 1}
$data merge entity $(left_thumb_2) {transformation: [-0.9118f,-0.1452f,0.3841f,2.4898f,-0.3269f,0.8227f,-0.4651f,2.6671f,-0.2485f,-0.5497f,-0.7976f,0.6547f,0f,0f,0f,1f],start_interpolation: 0,interpolation_duration: 1}
$data merge entity $(left_thumb) {transformation: [-0.9118f,0.0839f,0.4019f,2.6463f,-0.3269f,0.4439f,-0.8343f,2.8701f,-0.2485f,-0.8921f,-0.3773f,0.4099f,0f,0f,0f,1f],start_interpolation: 0,interpolation_duration: 1}
$data merge entity $(left_fingers2) {transformation: [0.5124f,0.7604f,0.3992f,2.6322f,0.7911f,-0.2371f,-0.5639f,2.2228f,-0.3341f,0.6047f,-0.723f,0.7955f,0f,0f,0f,1f],start_interpolation: 0,interpolation_duration: 1}
$data merge entity $(left_fingers) {transformation: [-0.6314f,0.6648f,0.3992f,2.8424f,0.4027f,0.721f,-0.5639f,2.4128f,-0.6627f,-0.1953f,-0.723f,0.7532f,0f,0f,0f,1f],start_interpolation: 0,interpolation_duration: 1}
$data merge entity $(left_hand) {transformation: [-0.9118f,-0.0962f,0.3992f,2.7964f,-0.3269f,0.7584f,-0.5639f,2.852f,-0.2485f,-0.6446f,-0.723f,0.3241f,0f,0f,0f,1f],start_interpolation: 0,interpolation_duration: 1}
$data merge entity $(left_forearm) {transformation: [-1.0307f,-0.6466f,-0.6455f,1.7562f,0.0213f,0.9558f,-0.9915f,4.2563f,0.9134f,-0.752f,-0.7053f,-0.796f,0f,0f,0f,1f],start_interpolation: 0,interpolation_duration: 1}
$data merge entity $(left_shoulder) {transformation: [-1.2962f,-0.4379f,-0.5272f,0.978f,-0.6052f,1.2606f,0.441f,5.657f,0.3216f,0.6075f,-1.2951f,0.0511f,0f,0f,0f,1f],start_interpolation: 0,interpolation_duration: 1}
$data merge entity $(left_arm) {transformation: [-0.9996f,-0.0191f,-0.021f,0.4086f,-0.0195f,0.9997f,0.0166f,5.9358f,0.0207f,0.017f,-0.9996f,0.0592f,0f,0f,0f,1f],start_interpolation: 0,interpolation_duration: 1}
$data merge entity $(chest) {transformation: [-1.278f,-0.0244f,-0.0269f,0f,-0.0249f,1.2781f,0.0212f,4.1223f,0.0264f,0.0217f,-1.2781f,0.0032f,0f,0f,0f,1f],start_interpolation: 0,interpolation_duration: 1}
$data merge entity $(left_cheek) {transformation: [-0.95f,-0.1659f,-0.2644f,0.3347f,-0.1711f,0.9852f,-0.0033f,3.2488f,0.261f,0.0421f,-0.9644f,-0.5277f,0f,0f,0f,1f],start_interpolation: 0,interpolation_duration: 1}
$data merge entity $(left_foot) {transformation: [-0.8696f,0.0377f,-0.5363f,0.4766f,0.0068f,1.0205f,0.0608f,-4.8067f,0.5376f,0.0481f,-0.8683f,-0.8062f,0f,0f,0f,1f],start_interpolation: 0,interpolation_duration: 1}
$data merge entity $(left_knee) {transformation: [-2.8163f,0.1252f,-1.1424f,0.6839f,-0.0393f,3.0114f,0.4268f,-0.6203f,1.1486f,0.4099f,-2.7865f,-0.3858f,0f,0f,0f,1f],start_interpolation: 0,interpolation_duration: 1}
$data merge entity $(left_leg) {transformation: [-1.5906f,0.0431f,-0.6477f,0.7059f,-0.0222f,1.7095f,0.1684f,2.1126f,0.6487f,0.1643f,-1.5823f,-0.0493f,0f,0f,0f,1f],start_interpolation: 0,interpolation_duration: 1}
$data merge entity $(right_cheek) {transformation: [-0.9945f,0.0461f,-0.0945f,-0.4829f,0.0518f,0.9969f,-0.0593f,3.2492f,0.0915f,-0.0639f,-0.9938f,-0.3668f,0f,0f,0f,1f],start_interpolation: 0,interpolation_duration: 1}
$data merge entity $(right_foot) {transformation: [-1.0168f,-0.0138f,0.1057f,-1.0522f,-0.0141f,1.0223f,-0.0027f,-4.8324f,-0.1057f,-0.0041f,-1.0169f,0.1568f,0f,0f,0f,1f],start_interpolation: 0,interpolation_duration: 1}
$data merge entity $(right_knee) {transformation: [-3.0232f,0.1926f,-0.2739f,-0.8835f,0.1721f,3.0281f,0.2308f,-0.6271f,0.2873f,0.2139f,-3.0206f,0.3375f,0f,0f,0f,1f],start_interpolation: 0,interpolation_duration: 1}
$data merge entity $(right_leg) {transformation: [-1.7076f,0.0872f,-0.1674f,-0.6679f,0.0966f,1.7127f,-0.093f,2.1155f,0.1622f,-0.1019f,-1.7073f,0.2176f,0f,0f,0f,1f],start_interpolation: 0,interpolation_duration: 1}
$data merge entity $(weist) {transformation: [-1.5926f,0.0034f,-0.3094f,0f,0.0034f,1.6223f,0.0004f,3.7648f,0.3094f,-0.0003f,-1.5926f,-0.0315f,0f,0f,0f,1f],start_interpolation: 0,interpolation_duration: 1}
data modify storage animated_java:temp entry.data merge value {"locators":{"consume":{"px":-5.1075081181,"py":5.1699831929,"pz":1.276124668,"ry":317.7832612465,"rx":-24.3849502558}}}
# Data Manager: Prepare for Read / Write
execute store result storage animated_java:temp args.id int 1 run scoreboard players get @s aj.id
# Data Manager: Write
function animated_java:global/data_manager/write with storage animated_java:temp args