# This file was generated by Animated Java via MC-Build. It is not recommended to edit this file directly.
$data merge entity $(neck) {transformation: [-0.9991f,-0.0179f,-0.0372f,-0.0331f,-0.0187f,0.9996f,0.0208f,5.961f,0.0368f,0.0215f,-0.9991f,0.0328f,0f,0f,0f,1f],start_interpolation: 0,interpolation_duration: 1}
$data merge entity $(right_thumb_2) {transformation: [-0.3772f,0.7036f,-0.6021f,-4.545f,0.9133f,0.1748f,-0.3679f,5.295f,-0.1536f,-0.6887f,-0.7086f,1.4404f,0f,0f,0f,1f],start_interpolation: 0,interpolation_duration: 1}
$data merge entity $(right_thumb) {transformation: [-0.3772f,0.6417f,-0.6677f,-4.3851f,0.9133f,0.1382f,-0.3831f,5.4803f,-0.1536f,-0.7544f,-0.6382f,1.1839f,0f,0f,0f,1f],start_interpolation: 0,interpolation_duration: 1}
$data merge entity $(right_fingers2) {transformation: [-0.4644f,-0.5722f,-0.6759f,-5.0205f,-0.4397f,0.8115f,-0.3849f,5.6004f,0.7687f,0.1184f,-0.6285f,1.6655f,0f,0f,0f,1f],start_interpolation: 0,interpolation_duration: 1}
$data merge entity $(right_fingers) {transformation: [-0.492f,0.5487f,-0.6759f,-4.8829f,0.8706f,0.3065f,-0.3849f,5.7095f,-0.004f,-0.7778f,-0.6285f,1.4391f,0f,0f,0f,1f],start_interpolation: 0,interpolation_duration: 1}
$data merge entity $(scout) {transformation: [0f,0f,0f,-2.0405f,0f,0f,0f,7.218f,0f,0f,0f,3.4543f,0f,0f,0f,1f],start_interpolation: 0,interpolation_duration: 1}
$data merge entity $(right_hand) {transformation: [-0.0652f,0.7341f,-0.6759f,-4.4616f,0.8807f,-0.2761f,-0.3849f,5.5184f,-0.4692f,-0.6204f,-0.6285f,1.0326f,0f,0f,0f,1f],start_interpolation: 0,interpolation_duration: 1}
$data merge entity $(right_forearm) {transformation: [-0.6528f,1.1421f,-0.4082f,-2.7294f,0.2735f,-0.313f,-1.3132f,4.9879f,-1.1816f,-0.7034f,-0.0784f,0.0196f,0f,0f,0f,1f],start_interpolation: 0,interpolation_duration: 1}
$data merge entity $(right_shoulder) {transformation: [-0.7024f,1.2793f,0.1407f,-1.0326f,1.2405f,0.7156f,-0.3146f,5.6205f,-0.3431f,-0.0317f,-1.4252f,0.096f,0f,0f,0f,1f],start_interpolation: 0,interpolation_duration: 1}
$data merge entity $(right_arm) {transformation: [-0.9997f,-0.0179f,-0.0179f,-0.4741f,-0.0183f,0.9996f,0.0212f,5.9206f,0.0175f,0.0215f,-0.9996f,0.0839f,0f,0f,0f,1f],start_interpolation: 0,interpolation_duration: 1}
$data merge entity $(left_thumb_2) {transformation: [-0.918f,-0.1088f,0.3814f,2.3561f,-0.2759f,0.8661f,-0.4169f,2.514f,-0.2849f,-0.4879f,-0.8251f,0.5357f,0f,0f,0f,1f],start_interpolation: 0,interpolation_duration: 1}
$data merge entity $(left_thumb) {transformation: [-0.918f,0.1131f,0.3801f,2.5232f,-0.2759f,0.5064f,-0.817f,2.7294f,-0.2849f,-0.8548f,-0.4337f,0.309f,0f,0f,0f,1f],start_interpolation: 0,interpolation_duration: 1}
$data merge entity $(left_fingers2) {transformation: [0.544f,0.7419f,0.392f,2.4811f,0.7955f,-0.3073f,-0.5223f,2.0562f,-0.267f,0.596f,-0.7573f,0.6451f,0f,0f,0f,1f],start_interpolation: 0,interpolation_duration: 1}
$data merge entity $(left_fingers) {transformation: [-0.6065f,0.6917f,0.392f,2.6982f,0.4722f,0.7101f,-0.5223f,2.2414f,-0.6396f,-0.1317f,-0.7573f,0.6201f,0f,0f,0f,1f],start_interpolation: 0,interpolation_duration: 1}
$data merge entity $(left_hand) {transformation: [-0.918f,-0.0601f,0.392f,2.674f,-0.2759f,0.8069f,-0.5223f,2.7125f,-0.2849f,-0.5876f,-0.7573f,0.2243f,0f,0f,0f,1f],start_interpolation: 0,interpolation_duration: 1}
$data merge entity $(left_forearm) {transformation: [-1.0728f,-0.5822f,-0.6382f,1.7293f,-0.032f,1.0436f,-0.8983f,4.2501f,0.8633f,-0.6849f,-0.8263f,-0.8013f,0f,0f,0f,1f],start_interpolation: 0,interpolation_duration: 1}
$data merge entity $(left_shoulder) {transformation: [-1.3185f,-0.4098f,-0.4933f,0.9798f,-0.572f,1.2615f,0.481f,5.6573f,0.29f,0.625f,-1.2943f,0.0608f,0f,0f,0f,1f],start_interpolation: 0,interpolation_duration: 1}
$data merge entity $(left_arm) {transformation: [-0.9997f,-0.0179f,-0.0179f,0.4107f,-0.0183f,0.9996f,0.0212f,5.9368f,0.0175f,0.0215f,-0.9996f,0.0684f,0f,0f,0f,1f],start_interpolation: 0,interpolation_duration: 1}
$data merge entity $(chest) {transformation: [-1.2781f,-0.0229f,-0.0228f,0f,-0.0234f,1.278f,0.0271f,4.1241f,0.0223f,0.0275f,-1.2781f,0.0027f,0f,0f,0f,1f],start_interpolation: 0,interpolation_duration: 1}
$data merge entity $(left_cheek) {transformation: [-0.953f,-0.1548f,-0.2603f,0.3362f,-0.16f,0.9871f,-0.0011f,3.2444f,0.2571f,0.0406f,-0.9655f,-0.5265f,0f,0f,0f,1f],start_interpolation: 0,interpolation_duration: 1}
$data merge entity $(left_foot) {transformation: [-0.8744f,0.0312f,-0.5288f,0.5961f,0.006f,1.0211f,0.0504f,-4.8158f,0.5297f,0.04f,-0.8735f,-0.7439f,0f,0f,0f,1f],start_interpolation: 0,interpolation_duration: 1}
$data merge entity $(left_knee) {transformation: [-2.8362f,0.0782f,-1.0963f,0.7409f,-0.072f,3.0143f,0.4013f,-0.6255f,1.0967f,0.4002f,-2.8088f,-0.3364f,0f,0f,0f,1f],start_interpolation: 0,interpolation_duration: 1}
$data merge entity $(left_leg) {transformation: [-1.6019f,0.0087f,-0.6207f,0.7063f,-0.0407f,1.7126f,0.1289f,2.1128f,0.6194f,0.1348f,-1.5967f,-0.0478f,0f,0f,0f,1f],start_interpolation: 0,interpolation_duration: 1}
$data merge entity $(right_cheek) {transformation: [-0.9944f,0.0505f,-0.0925f,-0.4826f,0.0562f,0.9966f,-0.0597f,3.2489f,0.0892f,-0.0646f,-0.9939f,-0.3688f,0f,0f,0f,1f],start_interpolation: 0,interpolation_duration: 1}
$data merge entity $(right_foot) {transformation: [-1.0164f,-0.0102f,0.1102f,-1.0902f,-0.0107f,1.0223f,-0.0038f,-4.8302f,-0.1101f,-0.0049f,-1.0164f,0.145f,0f,0f,0f,1f],start_interpolation: 0,interpolation_duration: 1}
$data merge entity $(right_knee) {transformation: [-3.0226f,0.2089f,-0.2694f,-0.8989f,0.1881f,3.0267f,0.2365f,-0.6261f,0.2843f,0.2184f,-3.0205f,0.3318f,0f,0f,0f,1f],start_interpolation: 0,interpolation_duration: 1}
$data merge entity $(right_leg) {transformation: [-1.7072f,0.0967f,-0.1661f,-0.6681f,0.1057f,1.7124f,-0.0898f,2.1154f,0.1605f,-0.0994f,-1.7076f,0.2159f,0f,0f,0f,1f],start_interpolation: 0,interpolation_duration: 1}
$data merge entity $(weist) {transformation: [-1.5933f,0.003f,-0.3057f,0f,0.003f,1.6223f,0.0003f,3.7648f,0.3057f,-0.0002f,-1.5933f,-0.0317f,0f,0f,0f,1f],start_interpolation: 0,interpolation_duration: 1}
data modify storage animated_java:temp entry.data merge value {"locators":{"consume":{"px":-4.99712135,"py":5.5145939988,"pz":1.5728962436,"ry":312.9176386333,"rx":-22.6360498874}}}
# Data Manager: Prepare for Read / Write
execute store result storage animated_java:temp args.id int 1 run scoreboard players get @s aj.id
# Data Manager: Write
function animated_java:global/data_manager/write with storage animated_java:temp args