# This file was generated by Animated Java via MC-Build. It is not recommended to edit this file directly.
$data merge entity $(neck) {transformation: [-0.9993f,-0.0161f,-0.0336f,-0.0297f,-0.017f,0.9995f,0.0255f,5.9627f,0.0332f,0.0261f,-0.9991f,0.0408f,0f,0f,0f,1f],start_interpolation: 0,interpolation_duration: 1}
$data merge entity $(right_thumb_2) {transformation: [-0.3103f,0.6743f,-0.6701f,-4.4145f,0.9343f,0.0861f,-0.346f,5.5966f,-0.1756f,-0.7334f,-0.6567f,1.6871f,0f,0f,0f,1f],start_interpolation: 0,interpolation_duration: 1}
$data merge entity $(right_thumb) {transformation: [-0.3103f,0.6209f,-0.7199f,-4.2506f,0.9343f,0.0593f,-0.3516f,5.7592f,-0.1756f,-0.7817f,-0.5984f,1.418f,0f,0f,0f,1f],start_interpolation: 0,interpolation_duration: 1}
$data merge entity $(right_fingers2) {transformation: [-0.4867f,-0.4758f,-0.7326f,-4.856f,-0.3264f,0.8769f,-0.3528f,5.9735f,0.8103f,0.0674f,-0.5821f,1.9115f,0f,0f,0f,1f],start_interpolation: 0,interpolation_duration: 1}
$data merge entity $(right_fingers) {transformation: [-0.3947f,0.5546f,-0.7326f,-4.7145f,0.9169f,0.1865f,-0.3528f,6.05f,-0.059f,-0.8109f,-0.5821f,1.6745f,0f,0f,0f,1f],start_interpolation: 0,interpolation_duration: 1}
$data merge entity $(scout) {transformation: [0f,0f,0f,-1.6679f,0f,0f,0f,7.3882f,0f,0f,0f,3.5029f,0f,0f,0f,1f],start_interpolation: 0,interpolation_duration: 1}
$data merge entity $(right_hand) {transformation: [0.0013f,0.6807f,-0.7326f,-4.3288f,0.8545f,-0.3814f,-0.3528f,5.7959f,-0.5195f,-0.6255f,-0.5821f,1.2672f,0f,0f,0f,1f],start_interpolation: 0,interpolation_duration: 1}
$data merge entity $(right_forearm) {transformation: [-0.6911f,1.0518f,-0.5597f,-2.7364f,0.2924f,-0.4775f,-1.2584f,5.0189f,-1.155f,-0.7502f,0.0162f,0.186f,0f,0f,0f,1f],start_interpolation: 0,interpolation_duration: 1}
$data merge entity $(right_shoulder) {transformation: [-0.7088f,1.2832f,0.0298f,-1.0301f,1.2304f,0.689f,-0.4015f,5.6238f,-0.3654f,-0.1691f,-1.4099f,0.0989f,0f,0f,0f,1f],start_interpolation: 0,interpolation_duration: 1}
$data merge entity $(right_arm) {transformation: [-0.9998f,-0.0161f,-0.0143f,-0.471f,-0.0165f,0.9995f,0.0259f,5.9229f,0.0139f,0.0261f,-0.9996f,0.0902f,0f,0f,0f,1f],start_interpolation: 0,interpolation_duration: 1}
$data merge entity $(left_thumb_2) {transformation: [-0.9205f,-0.0795f,0.3825f,2.2345f,-0.2288f,0.9033f,-0.3629f,2.376f,-0.3166f,-0.4215f,-0.8497f,0.3952f,0f,0f,0f,1f],start_interpolation: 0,interpolation_duration: 1}
$data merge entity $(left_thumb) {transformation: [-0.9205f,0.1384f,0.3653f,2.4103f,-0.2288f,0.5669f,-0.7914f,2.6035f,-0.3166f,-0.8121f,-0.4902f,0.1878f,0f,0f,0f,1f],start_interpolation: 0,interpolation_duration: 1}
$data merge entity $(left_fingers2) {transformation: [0.5684f,0.7248f,0.3895f,2.3458f,0.7983f,-0.3712f,-0.4742f,1.9083f,-0.1992f,0.5804f,-0.7896f,0.4715f,0f,0f,0f,1f],start_interpolation: 0,interpolation_duration: 1}
$data merge entity $(left_fingers) {transformation: [-0.5846f,0.7118f,0.3895f,2.568f,0.5352f,0.6991f,-0.4742f,2.0889f,-0.6098f,-0.0688f,-0.7896f,0.4633f,0f,0f,0f,1f],start_interpolation: 0,interpolation_duration: 1}
$data merge entity $(left_hand) {transformation: [-0.9205f,-0.0305f,0.3895f,2.5619f,-0.2288f,0.8501f,-0.4742f,2.589f,-0.3166f,-0.5257f,-0.7896f,0.104f,0f,0f,0f,1f],start_interpolation: 0,interpolation_duration: 1}
$data merge entity $(left_forearm) {transformation: [-1.1128f,-0.5232f,-0.6206f,1.7051f,-0.0839f,1.1216f,-0.7951f,4.2456f,0.8074f,-0.6046f,-0.938f,-0.8071f,0f,0f,0f,1f],start_interpolation: 0,interpolation_duration: 1}
$data merge entity $(left_shoulder) {transformation: [-1.3387f,-0.3835f,-0.459f,0.9825f,-0.5393f,1.2605f,0.5197f,5.657f,0.2587f,0.6433f,-1.2919f,0.0709f,0f,0f,0f,1f],start_interpolation: 0,interpolation_duration: 1}
$data merge entity $(left_arm) {transformation: [-0.9998f,-0.0161f,-0.0143f,0.4139f,-0.0165f,0.9995f,0.0259f,5.9375f,0.0139f,0.0261f,-0.9996f,0.0779f,0f,0f,0f,1f],start_interpolation: 0,interpolation_duration: 1}
$data merge entity $(chest) {transformation: [-1.2782f,-0.0206f,-0.0183f,0f,-0.0211f,1.2779f,0.0331f,4.1259f,0.0178f,0.0333f,-1.278f,0.0023f,0f,0f,0f,1f],start_interpolation: 0,interpolation_duration: 1}
$data merge entity $(left_cheek) {transformation: [-0.9567f,-0.1419f,-0.2542f,0.3379f,-0.1472f,0.9891f,0.002f,3.2404f,0.2512f,0.0394f,-0.9671f,-0.5249f,0f,0f,0f,1f],start_interpolation: 0,interpolation_duration: 1}
$data merge entity $(left_foot) {transformation: [-0.8805f,0.0231f,-0.5191f,0.727f,0.0044f,1.0217f,0.0379f,-4.8228f,0.5196f,0.0304f,-0.8799f,-0.6688f,0f,0f,0f,1f],start_interpolation: 0,interpolation_duration: 1}
$data merge entity $(left_knee) {transformation: [-2.8571f,0.0257f,-1.0434f,0.8019f,-0.1084f,3.017f,0.3713f,-0.6289f,1.0381f,0.3859f,-2.833f,-0.2804f,0f,0f,0f,1f],start_interpolation: 0,interpolation_duration: 1}
$data merge entity $(left_leg) {transformation: [-1.6137f,-0.0281f,-0.5888f,0.7069f,-0.0612f,1.7147f,0.0859f,2.1131f,0.5863f,0.1017f,-1.6116f,-0.0459f,0f,0f,0f,1f],start_interpolation: 0,interpolation_duration: 1}
$data merge entity $(right_cheek) {transformation: [-0.9944f,0.0555f,-0.0903f,-0.482f,0.0611f,0.9963f,-0.0608f,3.2484f,0.0866f,-0.066f,-0.9941f,-0.3711f,0f,0f,0f,1f],start_interpolation: 0,interpolation_duration: 1}
$data merge entity $(right_foot) {transformation: [-1.0159f,-0.0068f,0.1148f,-1.1267f,-0.0074f,1.0223f,-0.0057f,-4.828f,-0.1147f,-0.0065f,-1.0159f,0.1387f,0f,0f,0f,1f],start_interpolation: 0,interpolation_duration: 1}
$data merge entity $(right_knee) {transformation: [-3.022f,0.2244f,-0.2637f,-0.9137f,0.2038f,3.0254f,0.2396f,-0.6251f,0.28f,0.2204f,-3.0208f,0.3282f,0f,0f,0f,1f],start_interpolation: 0,interpolation_duration: 1}
$data merge entity $(right_leg) {transformation: [-1.7068f,0.1059f,-0.1641f,-0.6682f,0.1147f,1.7119f,-0.0882f,2.1152f,0.1581f,-0.0985f,-1.7078f,0.2138f,0f,0f,0f,1f],start_interpolation: 0,interpolation_duration: 1}
$data merge entity $(weist) {transformation: [-1.5942f,0.0024f,-0.301f,0f,0.0024f,1.6223f,0.0003f,3.7649f,0.301f,-0.0002f,-1.5942f,-0.0317f,0f,0f,0f,1f],start_interpolation: 0,interpolation_duration: 1}
data modify storage animated_java:temp entry.data merge value {"locators":{"consume":{"px":-4.8416167178,"py":5.8751119722,"pz":1.8234423785,"ry":308.4724108521,"rx":-20.6574833908}}}
# Data Manager: Prepare for Read / Write
execute store result storage animated_java:temp args.id int 1 run scoreboard players get @s aj.id
# Data Manager: Write
function animated_java:global/data_manager/write with storage animated_java:temp args