# This file was generated by Animated Java via MC-Build. It is not recommended to edit this file directly.
$data merge entity $(neck) {transformation: [-0.9995f,-0.0137f,-0.0297f,-0.0254f,-0.0146f,0.9994f,0.0301f,5.9643f,0.0292f,0.0305f,-0.9991f,0.0486f,0f,0f,0f,1f],start_interpolation: 0,interpolation_duration: 1}
$data merge entity $(right_thumb_2) {transformation: [-0.2454f,0.6387f,-0.7293f,-4.2556f,0.9475f,-0.0012f,-0.3199f,5.8965f,-0.2052f,-0.7694f,-0.6049f,1.8855f,0f,0f,0f,1f],start_interpolation: 0,interpolation_duration: 1}
$data merge entity $(right_thumb) {transformation: [-0.2454f,0.5956f,-0.7649f,-4.0896f,0.9475f,-0.0197f,-0.3193f,6.0352f,-0.2052f,-0.8031f,-0.5594f,1.6046f,0f,0f,0f,1f],start_interpolation: 0,interpolation_duration: 1}
$data merge entity $(right_fingers2) {transformation: [-0.4989f,-0.3787f,-0.7795f,-4.6594f,-0.2045f,0.9255f,-0.3187f,6.3402f,0.8422f,0.0004f,-0.5392f,2.0986f,0f,0f,0f,1f],start_interpolation: 0,interpolation_duration: 1}
$data merge entity $(right_fingers) {transformation: [-0.3f,0.5498f,-0.7795f,-4.5169f,0.9457f,0.0642f,-0.3187f,6.3828f,-0.1252f,-0.8328f,-0.5392f,1.8538f,0f,0f,0f,1f],start_interpolation: 0,interpolation_duration: 1}
$data merge entity $(scout) {transformation: [0f,0f,0f,-1.3054f,0f,0f,0f,7.5436f,0f,0f,0f,3.5135f,0f,0f,0f,1f],start_interpolation: 0,interpolation_duration: 1}
$data merge entity $(right_hand) {transformation: [0.0623f,0.6233f,-0.7795f,-4.1689f,0.8172f,-0.4803f,-0.3187f,6.0696f,-0.573f,-0.6171f,-0.5392f,1.4538f,0f,0f,0f,1f],start_interpolation: 0,interpolation_duration: 1}
$data merge entity $(right_forearm) {transformation: [-0.7157f,0.9508f,-0.6934f,-2.7324f,0.3102f,-0.6305f,-1.1847f,5.0641f,-1.1352f,-0.7717f,0.1135f,0.343f,0f,0f,0f,1f],start_interpolation: 0,interpolation_duration: 1}
$data merge entity $(right_shoulder) {transformation: [-0.7125f,1.2792f,-0.0769f,-1.0267f,1.2217f,0.6515f,-0.4824f,5.6277f,-0.3867f,-0.2985f,-1.3825f,0.1016f,0f,0f,0f,1f],start_interpolation: 0,interpolation_duration: 1}
$data merge entity $(right_arm) {transformation: [-0.9998f,-0.0137f,-0.0106f,-0.4669f,-0.0141f,0.9994f,0.0304f,5.9254f,0.0102f,0.0305f,-0.9995f,0.0962f,0f,0f,0f,1f],start_interpolation: 0,interpolation_duration: 1}
$data merge entity $(left_thumb_2) {transformation: [-0.9202f,-0.0582f,0.3871f,2.1304f,-0.1876f,0.9335f,-0.3056f,2.2582f,-0.3436f,-0.3539f,-0.8699f,0.241f,0f,0f,0f,1f],start_interpolation: 0,interpolation_duration: 1}
$data merge entity $(left_thumb) {transformation: [-0.9202f,0.1589f,0.3578f,2.3129f,-0.1876f,0.6231f,-0.7593f,2.4972f,-0.3436f,-0.7658f,-0.5435f,0.0532f,0f,0f,0f,1f],start_interpolation: 0,interpolation_duration: 1}
$data merge entity $(left_fingers2) {transformation: [0.5851f,0.7103f,0.3914f,2.2322f,0.8f,-0.4264f,-0.4221f,1.7844f,-0.133f,0.5601f,-0.8177f,0.2841f,0f,0f,0f,1f],start_interpolation: 0,interpolation_duration: 1}
$data merge entity $(left_fingers) {transformation: [-0.5668f,0.7249f,0.3914f,2.4577f,0.5894f,0.6888f,-0.4221f,1.9609f,-0.5756f,-0.0086f,-0.8177f,0.2919f,0f,0f,0f,1f],start_interpolation: 0,interpolation_duration: 1}
$data merge entity $(left_hand) {transformation: [-0.9202f,-0.0084f,0.3914f,2.4652f,-0.1876f,0.8869f,-0.4221f,2.486f,-0.3436f,-0.4619f,-0.8177f,-0.0297f,0f,0f,0f,1f],start_interpolation: 0,interpolation_duration: 1}
$data merge entity $(left_forearm) {transformation: [-1.1491f,-0.4724f,-0.5945f,1.6844f,-0.1324f,1.1866f,-0.6868f,4.2425f,0.7477f,-0.5158f,-1.0354f,-0.8131f,0f,0f,0f,1f],start_interpolation: 0,interpolation_duration: 1}
$data merge entity $(left_shoulder) {transformation: [-1.3563f,-0.3599f,-0.4251f,0.9859f,-0.508f,1.258f,0.5559f,5.656f,0.2283f,0.6616f,-1.2884f,0.081f,0f,0f,0f,1f],start_interpolation: 0,interpolation_duration: 1}
$data merge entity $(left_arm) {transformation: [-0.9998f,-0.0137f,-0.0106f,0.418f,-0.0141f,0.9994f,0.0304f,5.9379f,0.0102f,0.0305f,-0.9995f,0.0872f,0f,0f,0f,1f],start_interpolation: 0,interpolation_duration: 1}
$data merge entity $(chest) {transformation: [-1.2783f,-0.0176f,-0.0136f,0f,-0.018f,1.2778f,0.0388f,4.1277f,0.0131f,0.039f,-1.2779f,0.002f,0f,0f,0f,1f],start_interpolation: 0,interpolation_duration: 1}
$data merge entity $(left_cheek) {transformation: [-0.9607f,-0.1278f,-0.2463f,0.3397f,-0.1334f,0.991f,0.0061f,3.2375f,0.2434f,0.0387f,-0.9692f,-0.5231f,0f,0f,0f,1f],start_interpolation: 0,interpolation_duration: 1}
$data merge entity $(left_foot) {transformation: [-0.887f,0.0143f,-0.5081f,0.8596f,0.0024f,1.0221f,0.0246f,-4.8269f,0.5083f,0.0201f,-0.8868f,-0.5863f,0f,0f,0f,1f],start_interpolation: 0,interpolation_duration: 1}
$data merge entity $(left_knee) {transformation: [-2.877f,-0.0284f,-0.9871f,0.8624f,-0.1463f,3.0192f,0.3395f,-0.6302f,0.9766f,0.3685f,-2.857f,-0.2212f,0f,0f,0f,1f],start_interpolation: 0,interpolation_duration: 1}
$data merge entity $(left_leg) {transformation: [-1.6249f,-0.0646f,-0.554f,0.7076f,-0.0826f,1.7155f,0.0424f,2.1134f,0.5516f,0.0667f,-1.6256f,-0.0437f,0f,0f,0f,1f],start_interpolation: 0,interpolation_duration: 1}
$data merge entity $(right_cheek) {transformation: [-0.9943f,0.0607f,-0.0881f,-0.4812f,0.0663f,0.9959f,-0.0623f,3.2478f,0.084f,-0.0678f,-0.9942f,-0.3735f,0f,0f,0f,1f],start_interpolation: 0,interpolation_duration: 1}
$data merge entity $(right_foot) {transformation: [-1.0154f,-0.0034f,0.1193f,-1.1612f,-0.0044f,1.0223f,-0.008f,-4.8259f,-0.1193f,-0.0085f,-1.0154f,0.1365f,0f,0f,0f,1f],start_interpolation: 0,interpolation_duration: 1}
$data merge entity $(right_knee) {transformation: [-3.0214f,0.239f,-0.2577f,-0.9276f,0.2187f,3.0243f,0.2407f,-0.6241f,0.2751f,0.2206f,-3.0212f,0.326f,0f,0f,0f,1f],start_interpolation: 0,interpolation_duration: 1}
$data merge entity $(right_leg) {transformation: [-1.7065f,0.1146f,-0.1618f,-0.6683f,0.1232f,1.7113f,-0.0876f,2.1149f,0.1554f,-0.0987f,-1.7081f,0.2116f,0f,0f,0f,1f],start_interpolation: 0,interpolation_duration: 1}
$data merge entity $(weist) {transformation: [-1.5951f,0.0018f,-0.2959f,0f,0.0018f,1.6223f,0.0002f,3.7649f,0.2959f,-0.0001f,-1.5951f,-0.0318f,0f,0f,0f,1f],start_interpolation: 0,interpolation_duration: 1}
data modify storage animated_java:temp entry.data merge value {"locators":{"consume":{"px":-4.6545731603,"py":6.2299320482,"pz":2.0169084486,"ry":304.6735158309,"rx":-18.5830094447}}}
# Data Manager: Prepare for Read / Write
execute store result storage animated_java:temp args.id int 1 run scoreboard players get @s aj.id
# Data Manager: Write
function animated_java:global/data_manager/write with storage animated_java:temp args