# This file was generated by Animated Java via MC-Build. It is not recommended to edit this file directly.
$data merge entity $(neck) {transformation: [-0.9996f,-0.0109f,-0.0257f,-0.0201f,-0.0118f,0.9993f,0.0344f,5.9659f,0.0254f,0.0347f,-0.9991f,0.0559f,0f,0f,0f,1f],start_interpolation: 0,interpolation_duration: 1}
$data merge entity $(right_thumb_2) {transformation: [-0.1868f,0.5997f,-0.7781f,-4.0845f,0.9532f,-0.0811f,-0.2914f,6.1769f,-0.2379f,-0.7961f,-0.5565f,2.033f,0f,0f,0f,1f],start_interpolation: 0,interpolation_duration: 1}
$data merge entity $(right_thumb) {transformation: [-0.1868f,0.5678f,-0.8017f,-3.9182f,0.9532f,-0.0928f,-0.2879f,6.2925f,-0.2379f,-0.8179f,-0.5239f,1.742f,0f,0f,0f,1f],start_interpolation: 0,interpolation_duration: 1}
$data merge entity $(right_fingers2) {transformation: [-0.5024f,-0.2866f,-0.8158f,-4.4507f,-0.0814f,0.9549f,-0.2854f,6.6792f,0.8608f,-0.077f,-0.5031f,2.2258f,0f,0f,0f,1f],start_interpolation: 0,interpolation_duration: 1}
$data merge entity $(right_fingers) {transformation: [-0.2136f,0.5375f,-0.8158f,-4.3095f,0.9569f,-0.0529f,-0.2854f,6.6891f,-0.1965f,-0.8416f,-0.5031f,1.9767f,0f,0f,0f,1f],start_interpolation: 0,interpolation_duration: 1}
$data merge entity $(scout) {transformation: [0f,0f,0f,-0.9747f,0f,0f,0f,7.6791f,0f,0f,0f,3.4982f,0f,0f,0f,1f],start_interpolation: 0,interpolation_duration: 1}
$data merge entity $(right_hand) {transformation: [0.1151f,0.5668f,-0.8158f,-3.998f,0.7722f,-0.5676f,-0.2854f,6.324f,-0.6248f,-0.5971f,-0.5031f,1.5909f,0f,0f,0f,1f],start_interpolation: 0,interpolation_duration: 1}
$data merge entity $(right_forearm) {transformation: [-0.7282f,0.8484f,-0.8044f,-2.7193f,0.3245f,-0.7638f,-1.0993f,5.1203f,-1.1232f,-0.7707f,0.2039f,0.4844f,0f,0f,0f,1f],start_interpolation: 0,interpolation_duration: 1}
$data merge entity $(right_shoulder) {transformation: [-0.7131f,1.2691f,-0.1755f,-1.0226f,1.2148f,0.606f,-0.554f,5.6321f,-0.4069f,-0.4148f,-1.3462f,0.104f,0f,0f,0f,1f],start_interpolation: 0,interpolation_duration: 1}
$data merge entity $(right_arm) {transformation: [-0.9999f,-0.0109f,-0.0071f,-0.462f,-0.0111f,0.9993f,0.0346f,5.9282f,0.0067f,0.0347f,-0.9994f,0.1018f,0f,0f,0f,1f],start_interpolation: 0,interpolation_duration: 1}
$data merge entity $(left_thumb_2) {transformation: [-0.9178f,-0.0449f,0.3945f,2.0473f,-0.1536f,0.9564f,-0.2484f,2.1634f,-0.3662f,-0.2886f,-0.8847f,0.083f,0f,0f,0f,1f],start_interpolation: 0,interpolation_duration: 1}
$data merge entity $(left_thumb) {transformation: [-0.9178f,0.1741f,0.3569f,2.2344f,-0.1536f,0.6732f,-0.7234f,2.4129f,-0.3662f,-0.7187f,-0.5911f,-0.0856f,0f,0f,0f,1f],start_interpolation: 0,interpolation_duration: 1}
$data merge entity $(left_fingers2) {transformation: [0.5946f,0.6992f,0.397f,2.1438f,0.8009f,-0.4715f,-0.3691f,1.6868f,-0.0708f,0.5374f,-0.8403f,0.0947f,0f,0f,0f,1f],start_interpolation: 0,interpolation_duration: 1}
$data merge entity $(left_fingers) {transformation: [-0.5539f,0.7318f,0.397f,2.3709f,0.6337f,0.6799f,-0.3691f,1.86f,-0.54f,0.0472f,-0.8403f,0.1172f,0f,0f,0f,1f],start_interpolation: 0,interpolation_duration: 1}
$data merge entity $(left_hand) {transformation: [-0.9178f,0.0061f,0.397f,2.3876f,-0.1536f,0.9166f,-0.3691f,2.4059f,-0.3662f,-0.3997f,-0.8403f,-0.1673f,0f,0f,0f,1f],start_interpolation: 0,interpolation_duration: 1}
$data merge entity $(left_forearm) {transformation: [-1.1807f,-0.4316f,-0.5629f,1.668f,-0.1761f,1.2372f,-0.5793f,4.2406f,0.6871f,-0.4246f,-1.1157f,-0.8187f,0f,0f,0f,1f],start_interpolation: 0,interpolation_duration: 1}
$data merge entity $(left_shoulder) {transformation: [-1.3713f,-0.3396f,-0.3925f,0.9902f,-0.4792f,1.2545f,0.5887f,5.6545f,0.1995f,0.6789f,-1.2842f,0.0905f,0f,0f,0f,1f],start_interpolation: 0,interpolation_duration: 1}
$data merge entity $(left_arm) {transformation: [-0.9999f,-0.0109f,-0.0071f,0.4231f,-0.0111f,0.9993f,0.0346f,5.938f,0.0067f,0.0347f,-0.9994f,0.0959f,0f,0f,0f,1f],start_interpolation: 0,interpolation_duration: 1}
$data merge entity $(chest) {transformation: [-1.2784f,-0.0139f,-0.0091f,0f,-0.0143f,1.2777f,0.0442f,4.1295f,0.0086f,0.0443f,-1.2777f,0.0017f,0f,0f,0f,1f],start_interpolation: 0,interpolation_duration: 1}
$data merge entity $(left_cheek) {transformation: [-0.9648f,-0.1135f,-0.2372f,0.3412f,-0.1195f,0.9928f,0.0109f,3.2356f,0.2343f,0.0389f,-0.9714f,-0.5213f,0f,0f,0f,1f],start_interpolation: 0,interpolation_duration: 1}
$data merge entity $(left_foot) {transformation: [-0.8936f,0.0057f,-0.4967f,0.9851f,0.0002f,1.0223f,0.0115f,-4.8276f,0.4968f,0.0099f,-0.8935f,-0.5021f,0f,0f,0f,1f],start_interpolation: 0,interpolation_duration: 1}
$data merge entity $(left_knee) {transformation: [-2.8946f,-0.0805f,-0.931f,0.9187f,-0.1831f,3.0205f,0.3084f,-0.6293f,0.9163f,0.3495f,-2.8793f,-0.1624f,0f,0f,0f,1f],start_interpolation: 0,interpolation_duration: 1}
$data merge entity $(left_leg) {transformation: [-1.6349f,-0.0984f,-0.5185f,0.7083f,-0.1034f,1.7148f,0.0009f,2.1137f,0.5175f,0.032f,-1.6378f,-0.0415f,0f,0f,0f,1f],start_interpolation: 0,interpolation_duration: 1}
$data merge entity $(right_cheek) {transformation: [-0.9941f,0.0659f,-0.0862f,-0.4804f,0.0715f,0.9954f,-0.0638f,3.2473f,0.0816f,-0.0695f,-0.9942f,-0.3757f,0f,0f,0f,1f],start_interpolation: 0,interpolation_duration: 1}
$data merge entity $(right_foot) {transformation: [-1.0149f,-0.0004f,0.1236f,-1.1929f,-0.0017f,1.0223f,-0.0106f,-4.8239f,-0.1236f,-0.0107f,-1.0148f,0.1367f,0f,0f,0f,1f],start_interpolation: 0,interpolation_duration: 1}
$data merge entity $(right_knee) {transformation: [-3.0208f,0.2524f,-0.2519f,-0.9405f,0.2326f,3.0233f,0.2406f,-0.6231f,0.2703f,0.2197f,-3.0217f,0.3249f,0f,0f,0f,1f],start_interpolation: 0,interpolation_duration: 1}
$data merge entity $(right_leg) {transformation: [-1.7061f,0.1226f,-0.1596f,-0.6684f,0.1312f,1.7107f,-0.0878f,2.1147f,0.1527f,-0.0994f,-1.7083f,0.2094f,0f,0f,0f,1f],start_interpolation: 0,interpolation_duration: 1}
$data merge entity $(weist) {transformation: [-1.596f,0.0011f,-0.2909f,0f,0.0011f,1.6223f,0.0001f,3.7649f,0.2909f,-0.0001f,-1.596f,-0.0318f,0f,0f,0f,1f],start_interpolation: 0,interpolation_duration: 1}
data modify storage animated_java:temp entry.data merge value {"locators":{"consume":{"px":-4.4552434871,"py":6.5585292137,"pz":2.1517367994,"ry":301.660713546,"rx":-16.5850754449}}}
# Data Manager: Prepare for Read / Write
execute store result storage animated_java:temp args.id int 1 run scoreboard players get @s aj.id
# Data Manager: Write
function animated_java:global/data_manager/write with storage animated_java:temp args