# This file was generated by Animated Java via MC-Build. It is not recommended to edit this file directly.
$data merge entity $(neck) {transformation: [-0.9997f,-0.0076f,-0.0221f,-0.0141f,-0.0085f,0.9992f,0.0382f,5.9675f,0.0218f,0.0383f,-0.999f,0.0624f,0f,0f,0f,1f],start_interpolation: 0,interpolation_duration: 1}
$data merge entity $(right_thumb_2) {transformation: [-0.1386f,0.5608f,-0.8162f,-3.9199f,0.9533f,-0.1478f,-0.2634f,6.4224f,-0.2683f,-0.8146f,-0.5142f,2.1339f,0f,0f,0f,1f],start_interpolation: 0,interpolation_duration: 1}
$data merge entity $(right_thumb) {transformation: [-0.1386f,0.5404f,-0.8299f,-3.7549f,0.9533f,-0.1543f,-0.2597f,6.5178f,-0.2683f,-0.8271f,-0.4938f,1.835f,0f,0f,0f,1f],start_interpolation: 0,interpolation_duration: 1}
$data merge entity $(right_fingers2) {transformation: [-0.5002f,-0.2049f,-0.8413f,-4.2528f,0.0354f,0.9659f,-0.2563f,6.9733f,0.8652f,-0.158f,-0.476f,2.3005f,0f,0f,0f,1f],start_interpolation: 0,interpolation_duration: 1}
$data merge entity $(right_fingers) {transformation: [-0.14f,0.5221f,-0.8413f,-4.1142f,0.9537f,-0.1572f,-0.2563f,6.9536f,-0.2661f,-0.8382f,-0.476f,2.0507f,0f,0f,0f,1f],start_interpolation: 0,interpolation_duration: 1}
$data merge entity $(scout) {transformation: [0f,0f,0f,-0.6956f,0f,0f,0f,7.7945f,0f,0f,0f,3.4727f,0f,0f,0f,1f],start_interpolation: 0,interpolation_duration: 1}
$data merge entity $(right_hand) {transformation: [0.1582f,0.5169f,-0.8413f,-3.8347f,0.7251f,-0.6391f,-0.2563f,6.546f,-0.6702f,-0.5695f,-0.476f,1.6832f,0f,0f,0f,1f],start_interpolation: 0,interpolation_duration: 1}
$data merge entity $(right_forearm) {transformation: [-0.7311f,0.7546f,-0.8906f,-2.7003f,0.3343f,-0.8716f,-1.0128f,5.1827f,-1.1185f,-0.7537f,0.2795f,0.6048f,0f,0f,0f,1f],start_interpolation: 0,interpolation_duration: 1}
$data merge entity $(right_shoulder) {transformation: [-0.7104f,1.2555f,-0.2623f,-1.0179f,1.2098f,0.5563f,-0.6137f,5.6369f,-0.426f,-0.5138f,-1.3055f,0.1062f,0f,0f,0f,1f],start_interpolation: 0,interpolation_duration: 1}
$data merge entity $(right_arm) {transformation: [-1f,-0.0076f,-0.004f,-0.4562f,-0.0078f,0.9992f,0.0383f,5.9311f,0.0037f,0.0383f,-0.9993f,0.1068f,0f,0f,0f,1f],start_interpolation: 0,interpolation_duration: 1}
$data merge entity $(left_thumb_2) {transformation: [-0.9141f,-0.0387f,0.4036f,1.9867f,-0.1272f,0.9726f,-0.1947f,2.0918f,-0.385f,-0.2293f,-0.894f,-0.0671f,0f,0f,0f,1f],start_interpolation: 0,interpolation_duration: 1}
$data merge entity $(left_thumb) {transformation: [-0.9141f,0.1842f,0.3612f,2.1764f,-0.1272f,0.7157f,-0.6868f,2.3506f,-0.385f,-0.6737f,-0.6307f,-0.2179f,0f,0f,0f,1f],start_interpolation: 0,interpolation_duration: 1}
$data merge entity $(left_fingers2) {transformation: [0.5981f,0.6914f,0.4053f,2.0813f,0.8013f,-0.5063f,-0.3187f,1.6152f,-0.0152f,0.5154f,-0.8568f,-0.0834f,0f,0f,0f,1f],start_interpolation: 0,interpolation_duration: 1}
$data merge entity $(left_fingers) {transformation: [-0.5456f,0.7336f,0.4053f,2.3087f,0.6678f,0.6727f,-0.3187f,1.7857f,-0.5064f,0.0967f,-0.8568f,-0.0478f,0f,0f,0f,1f],start_interpolation: 0,interpolation_duration: 1}
$data merge entity $(left_hand) {transformation: [-0.9141f,0.0137f,0.4053f,2.3305f,-0.1272f,0.9393f,-0.3187f,2.3479f,-0.385f,-0.3429f,-0.8568f,-0.2982f,0f,0f,0f,1f],start_interpolation: 0,interpolation_duration: 1}
$data merge entity $(left_forearm) {transformation: [-1.2066f,-0.4014f,-0.5292f,1.6565f,-0.2135f,1.2735f,-0.4792f,4.2395f,0.629f,-0.3378f,-1.1779f,-0.8236f,0f,0f,0f,1f],start_interpolation: 0,interpolation_duration: 1}
$data merge entity $(left_shoulder) {transformation: [-1.3835f,-0.3234f,-0.3622f,0.995f,-0.4538f,1.2503f,0.617f,5.6525f,0.1728f,0.6943f,-1.2798f,0.0989f,0f,0f,0f,1f],start_interpolation: 0,interpolation_duration: 1}
$data merge entity $(left_arm) {transformation: [-1f,-0.0076f,-0.004f,0.4289f,-0.0078f,0.9992f,0.0383f,5.9379f,0.0037f,0.0383f,-0.9993f,0.1036f,0f,0f,0f,1f],start_interpolation: 0,interpolation_duration: 1}
$data merge entity $(chest) {transformation: [-1.2785f,-0.0098f,-0.0051f,0f,-0.01f,1.2776f,0.049f,4.1312f,0.0047f,0.049f,-1.2776f,0.0014f,0f,0f,0f,1f],start_interpolation: 0,interpolation_duration: 1}
$data merge entity $(left_cheek) {transformation: [-0.9686f,-0.1f,-0.2278f,0.3424f,-0.1064f,0.9942f,0.0159f,3.2347f,0.2249f,0.0397f,-0.9736f,-0.5197f,0f,0f,0f,1f],start_interpolation: 0,interpolation_duration: 1}
$data merge entity $(left_foot) {transformation: [-0.8995f,-0.0018f,-0.486f,1.0958f,-0.0019f,1.0224f,-0.0004f,-4.8256f,0.486f,0.0006f,-0.8995f,-0.4226f,0f,0f,0f,1f],start_interpolation: 0,interpolation_duration: 1}
$data merge entity $(left_knee) {transformation: [-2.9091f,-0.127f,-0.8792f,0.9675f,-0.2167f,3.021f,0.2804f,-0.6267f,0.8615f,0.3308f,-2.8984f,-0.1081f,0f,0f,0f,1f],start_interpolation: 0,interpolation_duration: 1}
$data merge entity $(left_leg) {transformation: [-1.6431f,-0.1276f,-0.4852f,0.7089f,-0.1224f,1.7132f,-0.0361f,2.1139f,0.4866f,0f,-1.6476f,-0.0395f,0f,0f,0f,1f],start_interpolation: 0,interpolation_duration: 1}
$data merge entity $(right_cheek) {transformation: [-0.9939f,0.071f,-0.0847f,-0.4797f,0.0766f,0.9949f,-0.0649f,3.2468f,0.0797f,-0.071f,-0.9943f,-0.3776f,0f,0f,0f,1f],start_interpolation: 0,interpolation_duration: 1}
$data merge entity $(right_foot) {transformation: [-1.0144f,0.0024f,0.1273f,-1.2212f,0.0007f,1.0223f,-0.013f,-4.822f,-0.1273f,-0.0128f,-1.0143f,0.1379f,0f,0f,0f,1f],start_interpolation: 0,interpolation_duration: 1}
$data merge entity $(right_knee) {transformation: [-3.0201f,0.2644f,-0.247f,-0.952f,0.245f,3.0223f,0.2402f,-0.6221f,0.2663f,0.2186f,-3.0222f,0.3244f,0f,0f,0f,1f],start_interpolation: 0,interpolation_duration: 1}
$data merge entity $(right_leg) {transformation: [-1.7058f,0.1298f,-0.1578f,-0.6685f,0.1383f,1.7101f,-0.0882f,2.1144f,0.1504f,-0.1002f,-1.7084f,0.2076f,0f,0f,0f,1f],start_interpolation: 0,interpolation_duration: 1}
$data merge entity $(weist) {transformation: [-1.5968f,0.0006f,-0.2865f,0f,0.0006f,1.6223f,0.0001f,3.7648f,0.2865f,0f,-1.5968f,-0.0317f,0f,0f,0f,1f],start_interpolation: 0,interpolation_duration: 1}
data modify storage animated_java:temp entry.data merge value {"locators":{"consume":{"px":-4.265796831,"py":6.8437614267,"pz":2.2347000624,"ry":299.4993055092,"rx":-14.8506733653}}}
# Data Manager: Prepare for Read / Write
execute store result storage animated_java:temp args.id int 1 run scoreboard players get @s aj.id
# Data Manager: Write
function animated_java:global/data_manager/write with storage animated_java:temp args