# This file was generated by Animated Java via MC-Build. It is not recommended to edit this file directly.
$data merge entity $(neck) {transformation: [-0.9998f,-0.004f,-0.0189f,-0.0073f,-0.0048f,0.9991f,0.0413f,5.9691f,0.0187f,0.0414f,-0.999f,0.0678f,0f,0f,0f,1f],start_interpolation: 0,interpolation_duration: 1}
$data merge entity $(right_thumb_2) {transformation: [-0.104f,0.526f,-0.8441f,-3.781f,0.951f,-0.196f,-0.2393f,6.6208f,-0.2913f,-0.8276f,-0.4798f,2.1973f,0f,0f,0f,1f],start_interpolation: 0,interpolation_duration: 1}
$data merge entity $(right_thumb) {transformation: [-0.104f,0.5164f,-0.85f,-3.6183f,0.951f,-0.1987f,-0.237f,6.7012f,-0.2913f,-0.833f,-0.4704f,1.8928f,0f,0f,0f,1f],start_interpolation: 0,interpolation_duration: 1}
$data merge entity $(right_fingers2) {transformation: [-0.4972f,-0.1372f,-0.8567f,-4.0893f,0.1384f,0.9622f,-0.2344f,7.2095f,0.8565f,-0.2351f,-0.4595f,2.3363f,0f,0f,0f,1f],start_interpolation: 0,interpolation_duration: 1}
$data merge entity $(right_fingers) {transformation: [-0.0822f,0.5092f,-0.8567f,-3.9528f,0.9414f,-0.2424f,-0.2344f,7.1653f,-0.3271f,-0.8258f,-0.4595f,2.0884f,0f,0f,0f,1f],start_interpolation: 0,interpolation_duration: 1}
$data merge entity $(scout) {transformation: [0f,0f,0f,-0.4855f,0f,0f,0f,7.8929f,0f,0f,0f,3.4538f,0f,0f,0f,1f],start_interpolation: 0,interpolation_duration: 1}
$data merge entity $(right_hand) {transformation: [0.1916f,0.4789f,-0.8567f,-3.6975f,0.6824f,-0.6924f,-0.2344f,6.7262f,-0.7055f,-0.5396f,-0.4595f,1.7401f,0f,0f,0f,1f],start_interpolation: 0,interpolation_duration: 1}
$data merge entity $(right_forearm) {transformation: [-0.7272f,0.6791f,-0.9525f,-2.6793f,0.3395f,-0.9507f,-0.937f,5.2463f,-1.1194f,-0.7295f,0.3345f,0.7003f,0f,0f,0f,1f],start_interpolation: 0,interpolation_duration: 1}
$data merge entity $(right_shoulder) {transformation: [-0.7042f,1.2419f,-0.3343f,-1.0125f,1.2071f,0.5067f,-0.6602f,5.6421f,-0.4437f,-0.5923f,-1.2658f,0.1083f,0f,0f,0f,1f],start_interpolation: 0,interpolation_duration: 1}
$data merge entity $(right_arm) {transformation: [-1f,-0.004f,-0.0015f,-0.4497f,-0.004f,0.9991f,0.0414f,5.9341f,0.0013f,0.0414f,-0.9991f,0.1111f,0f,0f,0f,1f],start_interpolation: 0,interpolation_duration: 1}
$data merge entity $(left_thumb_2) {transformation: [-0.9098f,-0.0379f,0.4132f,1.9478f,-0.1083f,0.983f,-0.1482f,2.0415f,-0.4006f,-0.1796f,-0.8985f,-0.1977f,0f,0f,0f,1f],start_interpolation: 0,interpolation_duration: 1}
$data merge entity $(left_thumb) {transformation: [-0.9098f,0.1901f,0.3689f,2.1387f,-0.1083f,0.7494f,-0.6532f,2.3079f,-0.4006f,-0.6342f,-0.6613f,-0.333f,0f,0f,0f,1f],start_interpolation: 0,interpolation_duration: 1}
$data merge entity $(left_fingers2) {transformation: [0.5972f,0.6866f,0.4147f,2.0432f,0.8015f,-0.5312f,-0.2746f,1.5666f,0.0317f,0.4963f,-0.8675f,-0.2368f,0f,0f,0f,1f],start_interpolation: 0,interpolation_duration: 1}
$data merge entity $(left_fingers) {transformation: [-0.5411f,0.7316f,0.4147f,2.27f,0.6921f,0.6675f,-0.2746f,1.7353f,-0.4777f,0.1384f,-0.8675f,-0.1903f,0f,0f,0f,1f],start_interpolation: 0,interpolation_duration: 1}
$data merge entity $(left_hand) {transformation: [-0.9098f,0.0161f,0.4147f,2.2936f,-0.1083f,0.9554f,-0.2746f,2.3094f,-0.4006f,-0.2948f,-0.8675f,-0.4117f,0f,0f,0f,1f],start_interpolation: 0,interpolation_duration: 1}
$data merge entity $(left_forearm) {transformation: [-1.2267f,-0.3812f,-0.4969f,1.6504f,-0.2438f,1.2973f,-0.3934f,4.2386f,0.5769f,-0.2624f,-1.2229f,-0.8273f,0f,0f,0f,1f],start_interpolation: 0,interpolation_duration: 1}
$data merge entity $(left_shoulder) {transformation: [-1.393f,-0.3116f,-0.3353f,1.0005f,-0.4328f,1.2462f,0.6399f,5.6502f,0.149f,0.7069f,-1.2759f,0.1056f,0f,0f,0f,1f],start_interpolation: 0,interpolation_duration: 1}
$data merge entity $(left_arm) {transformation: [-1f,-0.004f,-0.0015f,0.4354f,-0.004f,0.9991f,0.0414f,5.9377f,0.0013f,0.0414f,-0.9991f,0.1099f,0f,0f,0f,1f],start_interpolation: 0,interpolation_duration: 1}
$data merge entity $(chest) {transformation: [-1.2785f,-0.0051f,-0.0019f,0f,-0.0052f,1.2774f,0.0529f,4.1329f,0.0017f,0.0529f,-1.2774f,0.0012f,0f,0f,0f,1f],start_interpolation: 0,interpolation_duration: 1}
$data merge entity $(left_cheek) {transformation: [-0.9716f,-0.0884f,-0.2193f,0.3431f,-0.0952f,0.9952f,0.0206f,3.2345f,0.2164f,0.0409f,-0.9754f,-0.5184f,0f,0f,0f,1f],start_interpolation: 0,interpolation_duration: 1}
$data merge entity $(left_foot) {transformation: [-0.9042f,-0.0077f,-0.477f,1.185f,-0.0035f,1.0223f,-0.01f,-4.8221f,0.4771f,-0.0072f,-0.9042f,-0.3548f,0f,0f,0f,1f],start_interpolation: 0,interpolation_duration: 1}
$data merge entity $(left_knee) {transformation: [-2.9199f,-0.1651f,-0.836f,1.0061f,-0.2444f,3.021f,0.2573f,-0.6235f,0.8164f,0.3142f,-2.9132f,-0.0625f,0f,0f,0f,1f],start_interpolation: 0,interpolation_duration: 1}
$data merge entity $(left_leg) {transformation: [-1.6492f,-0.1508f,-0.4571f,0.7093f,-0.1381f,1.7111f,-0.0664f,2.114f,0.4611f,-0.027f,-1.6547f,-0.038f,0f,0f,0f,1f],start_interpolation: 0,interpolation_duration: 1}
$data merge entity $(right_cheek) {transformation: [-0.9936f,0.0756f,-0.0839f,-0.4792f,0.0812f,0.9945f,-0.0655f,3.2463f,0.0785f,-0.0719f,-0.9943f,-0.379f,0f,0f,0f,1f],start_interpolation: 0,interpolation_duration: 1}
$data merge entity $(right_foot) {transformation: [-1.014f,0.0046f,0.1303f,-1.2456f,0.0027f,1.0223f,-0.0151f,-4.8202f,-0.1304f,-0.0146f,-1.0139f,0.1385f,0f,0f,0f,1f],start_interpolation: 0,interpolation_duration: 1}
$data merge entity $(right_knee) {transformation: [-3.0195f,0.2748f,-0.2436f,-0.9619f,0.2556f,3.0215f,0.2401f,-0.6213f,0.2636f,0.2178f,-3.0225f,0.3239f,0f,0f,0f,1f],start_interpolation: 0,interpolation_duration: 1}
$data merge entity $(right_leg) {transformation: [-1.7054f,0.1359f,-0.1566f,-0.6686f,0.1443f,1.7096f,-0.0883f,2.1142f,0.1489f,-0.1008f,-1.7085f,0.2064f,0f,0f,0f,1f],start_interpolation: 0,interpolation_duration: 1}
$data merge entity $(weist) {transformation: [-1.5974f,0.0002f,-0.2833f,0f,0.0002f,1.6223f,0f,3.7648f,0.2833f,0f,-1.5974f,-0.0316f,0f,0f,0f,1f],start_interpolation: 0,interpolation_duration: 1}
data modify storage animated_java:temp entry.data merge value {"locators":{"consume":{"px":-4.108788814,"py":7.0727245288,"pz":2.2781561392,"ry":298.2063704395,"rx":-13.557410613}}}
# Data Manager: Prepare for Read / Write
execute store result storage animated_java:temp args.id int 1 run scoreboard players get @s aj.id
# Data Manager: Write
function animated_java:global/data_manager/write with storage animated_java:temp args