# This file was generated by Animated Java via MC-Build. It is not recommended to edit this file directly.
$data merge entity $(neck) {transformation: [-0.9999f,0f,-0.0166f,0f,-0.0007f,0.999f,0.0436f,5.9706f,0.0166f,0.0436f,-0.9989f,0.0718f,0f,0f,0f,1f],start_interpolation: 0,interpolation_duration: 1}
$data merge entity $(right_thumb_2) {transformation: [-0.0858f,0.4987f,-0.8625f,-3.686f,0.9495f,-0.2214f,-0.2225f,6.7627f,-0.3019f,-0.838f,-0.4545f,2.234f,0f,0f,0f,1f],start_interpolation: 0,interpolation_duration: 1}
$data merge entity $(right_thumb) {transformation: [-0.0858f,0.4987f,-0.8625f,-3.5261f,0.9495f,-0.2214f,-0.2225f,6.8354f,-0.3019f,-0.838f,-0.4545f,1.926f,0f,0f,0f,1f],start_interpolation: 0,interpolation_duration: 1}
$data merge entity $(right_fingers2) {transformation: [-0.4987f,-0.0858f,-0.8625f,-3.9821f,0.2214f,0.9495f,-0.2225f,7.3785f,0.838f,-0.3019f,-0.4545f,2.3483f,0f,0f,0f,1f],start_interpolation: 0,interpolation_duration: 1}
$data merge entity $(right_fingers) {transformation: [-0.0421f,0.5043f,-0.8625f,-3.8459f,0.9266f,-0.3033f,-0.2225f,7.3166f,-0.3738f,-0.8085f,-0.4545f,2.104f,0f,0f,0f,1f],start_interpolation: 0,interpolation_duration: 1}
$data merge entity $(scout) {transformation: [0f,0f,0f,-0.3608f,0f,0f,0f,7.979f,0f,0f,0f,3.4573f,0f,0f,0f,1f],start_interpolation: 0,interpolation_duration: 1}
$data merge entity $(right_hand) {transformation: [0.2157f,0.4578f,-0.8625f,-3.604f,0.6508f,-0.7259f,-0.2225f,6.8577f,-0.728f,-0.5133f,-0.4545f,1.7723f,0f,0f,0f,1f],start_interpolation: 0,interpolation_duration: 1}
$data merge entity $(right_forearm) {transformation: [-0.7191f,0.6305f,-0.9912f,-2.6606f,0.3414f,-0.9999f,-0.8837f,5.3056f,-1.1241f,-0.707f,0.3657f,0.7676f,0f,0f,0f,1f],start_interpolation: 0,interpolation_duration: 1}
$data merge entity $(right_shoulder) {transformation: [-0.6942f,1.2317f,-0.3883f,-1.0065f,1.2069f,0.4617f,-0.6929f,5.6476f,-0.4598f,-0.6477f,-1.2325f,0.1102f,0f,0f,0f,1f],start_interpolation: 0,interpolation_duration: 1}
$data merge entity $(right_arm) {transformation: [-1f,0f,0f,-0.4425f,0f,0.999f,0.0436f,5.9373f,0f,0.0436f,-0.999f,0.1144f,0f,0f,0f,1f],start_interpolation: 0,interpolation_duration: 1}
$data merge entity $(left_thumb_2) {transformation: [-0.9057f,-0.0403f,0.4221f,1.9286f,-0.0963f,0.989f,-0.1123f,2.0092f,-0.4129f,-0.1423f,-0.8996f,-0.2973f,0f,0f,0f,1f],start_interpolation: 0,interpolation_duration: 1}
$data merge entity $(left_thumb) {transformation: [-0.9057f,0.1928f,0.3776f,2.1196f,-0.0963f,0.7738f,-0.6261f,2.2813f,-0.4129f,-0.6034f,-0.6822f,-0.4206f,0f,0f,0f,1f],start_interpolation: 0,interpolation_duration: 1}
$data merge entity $(left_fingers2) {transformation: [0.5938f,0.684f,0.4237f,2.026f,0.8018f,-0.5471f,-0.2404f,1.5365f,0.0674f,0.4825f,-0.8733f,-0.3532f,0f,0f,0f,1f],start_interpolation: 0,interpolation_duration: 1}
$data merge entity $(left_fingers) {transformation: [-0.5393f,0.7277f,0.4237f,2.2517f,0.7077f,0.6644f,-0.2404f,1.7041f,-0.4565f,0.1702f,-0.8733f,-0.2982f,0f,0f,0f,1f],start_interpolation: 0,interpolation_duration: 1}
$data merge entity $(left_hand) {transformation: [-0.9057f,0.0152f,0.4237f,2.2752f,-0.0963f,0.9659f,-0.2404f,2.2863f,-0.4129f,-0.2585f,-0.8733f,-0.4977f,0f,0f,0f,1f],start_interpolation: 0,interpolation_duration: 1}
$data merge entity $(left_forearm) {transformation: [-1.2411f,-0.3694f,-0.4694f,1.6502f,-0.2662f,1.311f,-0.3279f,4.2376f,0.5347f,-0.2048f,-1.2527f,-0.8294f,0f,0f,0f,1f],start_interpolation: 0,interpolation_duration: 1}
$data merge entity $(left_shoulder) {transformation: [-1.3997f,-0.3048f,-0.3126f,1.0065f,-0.4173f,1.2428f,0.6567f,5.6476f,0.1285f,0.7159f,-1.2731f,0.1102f,0f,0f,0f,1f],start_interpolation: 0,interpolation_duration: 1}
$data merge entity $(left_arm) {transformation: [-1f,0f,0f,0.4426f,0f,0.999f,0.0436f,5.9373f,0f,0.0436f,-0.999f,0.1144f,0f,0f,0f,1f],start_interpolation: 0,interpolation_duration: 1}
$data merge entity $(chest) {transformation: [-1.2785f,0f,0f,0f,0f,1.2773f,0.0558f,4.1346f,0f,0.0558f,-1.2773f,0.0011f,0f,0f,0f,1f],start_interpolation: 0,interpolation_duration: 1}
$data merge entity $(left_cheek) {transformation: [-0.9738f,-0.0798f,-0.2131f,0.3433f,-0.087f,0.9959f,0.0243f,3.2347f,0.2103f,0.0422f,-0.9767f,-0.5176f,0f,0f,0f,1f],start_interpolation: 0,interpolation_duration: 1}
$data merge entity $(left_foot) {transformation: [-0.9073f,-0.0114f,-0.4711f,1.2466f,-0.0043f,1.0222f,-0.0165f,-4.8187f,0.4712f,-0.0126f,-0.9072f,-0.3057f,0f,0f,0f,1f],start_interpolation: 0,interpolation_duration: 1}
$data merge entity $(left_knee) {transformation: [-2.9267f,-0.1916f,-0.806f,1.0325f,-0.2641f,3.0206f,0.2411f,-0.6206f,0.7853f,0.3019f,-2.9231f,-0.0299f,0f,0f,0f,1f],start_interpolation: 0,interpolation_duration: 1}
$data merge entity $(left_leg) {transformation: [-1.653f,-0.1667f,-0.4372f,0.7095f,-0.1492f,1.7092f,-0.0877f,2.114f,0.4435f,-0.0464f,-1.6591f,-0.0372f,0f,0f,0f,1f],start_interpolation: 0,interpolation_duration: 1}
$data merge entity $(right_cheek) {transformation: [-0.9933f,0.0796f,-0.084f,-0.4791f,0.0852f,0.9942f,-0.0652f,3.2461f,0.0783f,-0.0719f,-0.9943f,-0.3797f,0f,0f,0f,1f],start_interpolation: 0,interpolation_duration: 1}
$data merge entity $(right_foot) {transformation: [-1.0137f,0.0064f,0.1324f,-1.2652f,0.0043f,1.0222f,-0.0165f,-4.8187f,-0.1325f,-0.0158f,-1.0136f,0.1372f,0f,0f,0f,1f],start_interpolation: 0,interpolation_duration: 1}
$data merge entity $(right_knee) {transformation: [-3.0188f,0.2833f,-0.2423f,-0.9697f,0.2641f,3.0206f,0.2411f,-0.6206f,0.2631f,0.2182f,-3.0225f,0.3232f,0f,0f,0f,1f],start_interpolation: 0,interpolation_duration: 1}
$data merge entity $(right_leg) {transformation: [-1.705f,0.1408f,-0.1566f,-0.6687f,0.1492f,1.7092f,-0.0877f,2.114f,0.1486f,-0.1006f,-1.7086f,0.2059f,0f,0f,0f,1f],start_interpolation: 0,interpolation_duration: 1}
$data merge entity $(weist) {transformation: [-1.5977f,0f,-0.2817f,0f,0f,1.6223f,0f,3.7647f,0.2817f,0f,-1.5977f,-0.0314f,0f,0f,0f,1f],start_interpolation: 0,interpolation_duration: 1}
data modify storage animated_java:temp entry.data merge value {"locators":{"consume":{"px":-4.0053469929,"py":7.235816137,"pz":2.2962607082,"ry":297.7870836621,"rx":-12.8554865225}}}
# Data Manager: Prepare for Read / Write
execute store result storage animated_java:temp args.id int 1 run scoreboard players get @s aj.id
# Data Manager: Write
function animated_java:global/data_manager/write with storage animated_java:temp args