# This file was generated by Animated Java via MC-Build. It is not recommended to edit this file directly.
$data merge entity $(neck) {transformation: [-0.9995f,0.0267f,-0.0138f,0.0492f,0.0261f,0.9985f,0.0472f,5.9713f,0.015f,0.0468f,-0.9988f,0.0775f,0f,0f,0f,1f],start_interpolation: 0,interpolation_duration: 1}
$data merge entity $(right_thumb_2) {transformation: [-0.2672f,0.1501f,-0.9519f,-3.6047f,0.9628f,0.0009f,-0.2702f,6.8759f,-0.0397f,-0.9887f,-0.1448f,2.2941f,0f,0f,0f,1f],start_interpolation: 0,interpolation_duration: 1}
$data merge entity $(right_thumb) {transformation: [-0.2672f,0.19f,-0.9447f,-3.5699f,0.9628f,0.0123f,-0.2699f,7.0264f,-0.0397f,-0.9817f,-0.1862f,1.975f,0f,0f,0f,1f],start_interpolation: 0,interpolation_duration: 1}
$data merge entity $(right_fingers2) {transformation: [-0.5116f,0.2735f,-0.8146f,-4.0796f,0.733f,0.6335f,-0.2477f,7.5992f,0.4483f,-0.7238f,-0.5246f,2.3424f,0f,0f,0f,1f],start_interpolation: 0,interpolation_duration: 1}
$data merge entity $(right_fingers) {transformation: [0.0634f,0.5766f,-0.8146f,-3.9195f,0.8608f,-0.4445f,-0.2477f,7.495f,-0.5049f,-0.6855f,-0.5246f,2.129f,0f,0f,0f,1f],start_interpolation: 0,interpolation_duration: 1}
$data merge entity $(scout) {transformation: [0f,0f,0f,-0.4531f,0f,0f,0f,8.2983f,0f,0f,0f,3.8245f,0f,0f,0f,1f],start_interpolation: 0,interpolation_duration: 1}
$data merge entity $(right_hand) {transformation: [0.2517f,0.5226f,-0.8146f,-3.6358f,0.6638f,-0.7057f,-0.2477f,7.0473f,-0.7043f,-0.4783f,-0.5246f,1.8156f,0f,0f,0f,1f],start_interpolation: 0,interpolation_duration: 1}
$data merge entity $(right_forearm) {transformation: [-0.6566f,0.6768f,-1.004f,-2.6258f,0.3665f,-0.9775f,-0.8985f,5.5273f,-1.154f,-0.6954f,0.2859f,0.8266f,0f,0f,0f,1f],start_interpolation: 0,interpolation_duration: 1}
$data merge entity $(right_shoulder) {transformation: [-0.5918f,1.251f,-0.4843f,-0.9656f,1.2393f,0.3073f,-0.7207f,5.6753f,-0.5135f,-0.7002f,-1.1815f,0.1144f,0f,0f,0f,1f],start_interpolation: 0,interpolation_duration: 1}
$data merge entity $(right_arm) {transformation: [-0.9996f,0.0267f,0.0017f,-0.3941f,0.0268f,0.9985f,0.0467f,5.9498f,-0.0005f,0.0468f,-0.9989f,0.1198f,0f,0f,0f,1f],start_interpolation: 0,interpolation_duration: 1}
$data merge entity $(left_thumb_2) {transformation: [-0.8893f,-0.062f,0.453f,2.0066f,-0.0922f,0.9947f,-0.0449f,1.9662f,-0.4479f,-0.0817f,-0.8904f,-0.4521f,0f,0f,0f,1f],start_interpolation: 0,interpolation_duration: 1}
$data merge entity $(left_thumb) {transformation: [-0.8893f,0.1912f,0.4154f,2.1941f,-0.0922f,0.8148f,-0.5723f,2.2501f,-0.4479f,-0.5473f,-0.707f,-0.5518f,0f,0f,0f,1f],start_interpolation: 0,interpolation_duration: 1}
$data merge entity $(left_fingers2) {transformation: [0.571f,0.6818f,0.4573f,2.1172f,0.8098f,-0.5592f,-0.1775f,1.5006f,0.1346f,0.4717f,-0.8714f,-0.532f,0f,0f,0f,1f],start_interpolation: 0,interpolation_duration: 1}
$data merge entity $(left_fingers) {transformation: [-0.542f,0.705f,0.4573f,2.3367f,0.7212f,0.6696f,-0.1775f,1.6698f,-0.4314f,0.2335f,-0.8714f,-0.4597f,0f,0f,0f,1f],start_interpolation: 0,interpolation_duration: 1}
$data merge entity $(left_hand) {transformation: [-0.8893f,-0.0008f,0.4573f,2.352f,-0.0922f,0.9798f,-0.1775f,2.2633f,-0.4479f,-0.2f,-0.8714f,-0.6233f,0f,0f,0f,1f],start_interpolation: 0,interpolation_duration: 1}
$data merge entity $(left_forearm) {transformation: [-1.2638f,-0.3746f,-0.3996f,1.7208f,-0.3186f,1.3202f,-0.2298f,4.2298f,0.4455f,-0.1184f,-1.2979f,-0.8303f,0f,0f,0f,1f],start_interpolation: 0,interpolation_duration: 1}
$data merge entity $(left_shoulder) {transformation: [-1.4045f,-0.3277f,-0.2644f,1.0466f,-0.4155f,1.2281f,0.6848f,5.6213f,0.0683f,0.7309f,-1.2692f,0.1154f,0f,0f,0f,1f],start_interpolation: 0,interpolation_duration: 1}
$data merge entity $(left_arm) {transformation: [-0.9996f,0.0267f,0.0017f,0.4906f,0.0268f,0.9985f,0.0467f,5.9261f,-0.0005f,0.0468f,-0.9989f,0.1202f,0f,0f,0f,1f],start_interpolation: 0,interpolation_duration: 1}
$data merge entity $(chest) {transformation: [-1.2781f,0.0342f,0.0022f,0f,0.0343f,1.2767f,0.0598f,4.1362f,-0.0006f,0.0598f,-1.2771f,0.001f,0f,0f,0f,1f],start_interpolation: 0,interpolation_duration: 1}
$data merge entity $(left_cheek) {transformation: [-0.9755f,-0.0813f,-0.2043f,0.3405f,-0.0871f,0.996f,0.0195f,3.2301f,0.2019f,0.0368f,-0.9787f,-0.5254f,0f,0f,0f,1f],start_interpolation: 0,interpolation_duration: 1}
$data merge entity $(left_foot) {transformation: [-0.9093f,-0.0124f,-0.4673f,1.3046f,-0.0037f,1.0222f,-0.02f,-4.8141f,0.4674f,-0.0161f,-0.9091f,-0.2653f,0f,0f,0f,1f],start_interpolation: 0,interpolation_duration: 1}
$data merge entity $(left_knee) {transformation: [-2.933f,-0.216f,-0.7767f,1.0582f,-0.2838f,3.0196f,0.2322f,-0.6173f,0.7545f,0.2964f,-2.9317f,0.0033f,0f,0f,0f,1f],start_interpolation: 0,interpolation_duration: 1}
$data merge entity $(left_leg) {transformation: [-1.6565f,-0.1822f,-0.4172f,0.7095f,-0.1603f,1.707f,-0.1091f,2.1139f,0.4262f,-0.0663f,-1.6629f,-0.0365f,0f,0f,0f,1f],start_interpolation: 0,interpolation_duration: 1}
$data merge entity $(right_cheek) {transformation: [-0.9929f,0.0839f,-0.0846f,-0.4783f,0.0895f,0.9939f,-0.0637f,3.2459f,0.0788f,-0.0709f,-0.9944f,-0.38f,0f,0f,0f,1f],start_interpolation: 0,interpolation_duration: 1}
$data merge entity $(right_foot) {transformation: [-1.0124f,0.0041f,0.1421f,-1.288f,0.0011f,1.0221f,-0.0221f,-4.8168f,-0.1421f,-0.0217f,-1.0122f,0.1333f,0f,0f,0f,1f],start_interpolation: 0,interpolation_duration: 1}
$data merge entity $(right_knee) {transformation: [-3.0179f,0.2932f,-0.2419f,-0.9788f,0.2738f,3.0196f,0.2435f,-0.6198f,0.2636f,0.2198f,-3.0223f,0.3215f,0f,0f,0f,1f],start_interpolation: 0,interpolation_duration: 1}
$data merge entity $(right_leg) {transformation: [-1.7045f,0.1463f,-0.1571f,-0.6688f,0.1546f,1.7088f,-0.0862f,2.1139f,0.1489f,-0.0997f,-1.7086f,0.2057f,0f,0f,0f,1f],start_interpolation: 0,interpolation_duration: 1}
$data merge entity $(weist) {transformation: [-1.5979f,0f,-0.2807f,0f,0f,1.6223f,0f,3.7646f,0.2807f,0f,-1.5979f,-0.0312f,0f,0f,0f,1f],start_interpolation: 0,interpolation_duration: 1}
data modify storage animated_java:temp entry.data merge value {"locators":{"consume":{"px":-4.091142508,"py":7.407263856,"pz":2.3071645189,"ry":302.7805400749,"rx":-14.340918278}}}
# Data Manager: Prepare for Read / Write
execute store result storage animated_java:temp args.id int 1 run scoreboard players get @s aj.id
# Data Manager: Write
function animated_java:global/data_manager/write with storage animated_java:temp args