# This file was generated by Animated Java via MC-Build. It is not recommended to edit this file directly.
$data merge entity $(neck) {transformation: [-0.998f,0.0618f,-0.0134f,0.1136f,0.0611f,0.9971f,0.046f,5.9702f,0.0162f,0.0451f,-0.9989f,0.0744f,0f,0f,0f,1f],start_interpolation: 0,interpolation_duration: 1}
$data merge entity $(right_thumb_2) {transformation: [-0.583f,-0.3536f,-0.7315f,-3.7377f,0.7511f,0.1085f,-0.6512f,6.7208f,0.3096f,-0.9291f,0.2023f,2.158f,0f,0f,0f,1f],start_interpolation: 0,interpolation_duration: 1}
$data merge entity $(right_thumb) {transformation: [-0.583f,-0.3381f,-0.7387f,-3.9225f,0.7511f,0.1222f,-0.6487f,6.8807f,0.3096f,-0.9331f,0.1827f,1.9012f,0f,0f,0f,1f],start_interpolation: 0,interpolation_duration: 1}
$data merge entity $(right_fingers2) {transformation: [-0.2362f,0.6622f,-0.7111f,-4.5511f,0.9572f,0.0328f,-0.2875f,7.3683f,-0.167f,-0.7486f,-0.6416f,2.2539f,0f,0f,0f,1f],start_interpolation: 0,interpolation_duration: 1}
$data merge entity $(right_fingers) {transformation: [0.112f,0.6941f,-0.7111f,-4.3554f,0.8546f,-0.4324f,-0.2875f,7.2671f,-0.507f,-0.5756f,-0.6416f,2.0708f,0f,0f,0f,1f],start_interpolation: 0,interpolation_duration: 1}
$data merge entity $(scout) {transformation: [0f,0f,0f,-1.124f,0f,0f,0f,8.3648f,0f,0f,0f,4.3182f,0f,0f,0f,1f],start_interpolation: 0,interpolation_duration: 1}
$data merge entity $(right_hand) {transformation: [0.2081f,0.6716f,-0.7111f,-3.9754f,0.7856f,-0.5479f,-0.2875f,6.9139f,-0.5826f,-0.4988f,-0.6416f,1.739f,0f,0f,0f,1f],start_interpolation: 0,interpolation_duration: 1}
$data merge entity $(right_forearm) {transformation: [-0.5804f,0.9062f,-0.8597f,-2.6179f,0.4088f,-0.758f,-1.0749f,5.7163f,-1.1803f,-0.7081f,0.0505f,0.7235f,0f,0f,0f,1f],start_interpolation: 0,interpolation_duration: 1}
$data merge entity $(right_shoulder) {transformation: [-0.4453f,1.314f,-0.4743f,-0.9109f,1.2842f,0.1891f,-0.6819f,5.7099f,-0.5499f,-0.6225f,-1.2082f,0.1143f,0f,0f,0f,1f],start_interpolation: 0,interpolation_duration: 1}
$data merge entity $(right_arm) {transformation: [-0.9981f,0.0618f,0.0009f,-0.3301f,0.0618f,0.9971f,0.0451f,5.9642f,0.0019f,0.0451f,-0.999f,0.1178f,0f,0f,0f,1f],start_interpolation: 0,interpolation_duration: 1}
$data merge entity $(left_thumb_2) {transformation: [-0.8748f,-0.0813f,0.4777f,2.1879f,-0.1174f,0.992f,-0.0462f,1.9824f,-0.4701f,-0.0965f,-0.8773f,-0.3997f,0f,0f,0f,1f],start_interpolation: 0,interpolation_duration: 1}
$data merge entity $(left_thumb) {transformation: [-0.8748f,0.1881f,0.4465f,2.3718f,-0.1174f,0.8118f,-0.572f,2.2691f,-0.4701f,-0.5528f,-0.6881f,-0.4981f,0f,0f,0f,1f],start_interpolation: 0,interpolation_duration: 1}
$data merge entity $(left_fingers2) {transformation: [0.5489f,0.6813f,0.4842f,2.3112f,0.824f,-0.5382f,-0.1769f,1.5184f,0.1401f,0.4961f,-0.8569f,-0.4715f,0f,0f,0f,1f],start_interpolation: 0,interpolation_duration: 1}
$data merge entity $(left_fingers) {transformation: [-0.5464f,0.6834f,0.4842f,2.5249f,0.7038f,0.688f,-0.1769f,1.6933f,-0.454f,0.2441f,-0.8569f,-0.3954f,0f,0f,0f,1f],start_interpolation: 0,interpolation_duration: 1}
$data merge entity $(left_hand) {transformation: [-0.8748f,-0.0174f,0.4842f,2.5312f,-0.1174f,0.9772f,-0.1769f,2.2851f,-0.4701f,-0.2116f,-0.8569f,-0.5656f,0f,0f,0f,1f],start_interpolation: 0,interpolation_duration: 1}
$data merge entity $(left_forearm) {transformation: [-1.2615f,-0.4109f,-0.3699f,1.8464f,-0.346f,1.3055f,-0.2701f,4.227f,0.4312f,-0.1545f,-1.299f,-0.8276f,0f,0f,0f,1f],start_interpolation: 0,interpolation_duration: 1}
$data merge entity $(left_shoulder) {transformation: [-1.3893f,-0.3908f,-0.2586f,1.0983f,-0.4675f,1.2096f,0.6842f,5.5855f,0.031f,0.7307f,-1.2708f,0.1105f,0f,0f,0f,1f],start_interpolation: 0,interpolation_duration: 1}
$data merge entity $(left_arm) {transformation: [-0.9981f,0.0618f,0.0009f,0.5533f,0.0618f,0.9971f,0.0451f,5.9096f,0.0019f,0.0451f,-0.999f,0.1162f,0f,0f,0f,1f],start_interpolation: 0,interpolation_duration: 1}
$data merge entity $(chest) {transformation: [-1.2761f,0.079f,0.0012f,0f,0.079f,1.2748f,0.0577f,4.1377f,0.0024f,0.0577f,-1.2772f,0.001f,0f,0f,0f,1f],start_interpolation: 0,interpolation_duration: 1}
$data merge entity $(left_cheek) {transformation: [-0.9748f,-0.0705f,-0.2116f,0.3448f,-0.0789f,0.9964f,0.0311f,3.2372f,0.2086f,0.047f,-0.9769f,-0.5115f,0f,0f,0f,1f],start_interpolation: 0,interpolation_duration: 1}
$data merge entity $(left_foot) {transformation: [-0.9083f,-0.0119f,-0.4692f,1.2757f,-0.004f,1.0222f,-0.0183f,-4.8167f,0.4693f,-0.0144f,-0.9082f,-0.2851f,0f,0f,0f,1f],start_interpolation: 0,interpolation_duration: 1}
$data merge entity $(left_knee) {transformation: [-2.9299f,-0.2038f,-0.7914f,1.0454f,-0.274f,3.0201f,0.2366f,-0.6193f,0.7699f,0.2992f,-2.9274f,-0.0129f,0f,0f,0f,1f],start_interpolation: 0,interpolation_duration: 1}
$data merge entity $(left_leg) {transformation: [-1.6548f,-0.1745f,-0.4273f,0.7095f,-0.1547f,1.7081f,-0.0984f,2.1137f,0.4348f,-0.0563f,-1.6611f,-0.0364f,0f,0f,0f,1f],start_interpolation: 0,interpolation_duration: 1}
$data merge entity $(right_cheek) {transformation: [-0.9929f,0.0833f,-0.0851f,-0.4807f,0.0888f,0.9941f,-0.0629f,3.2461f,0.0794f,-0.07f,-0.9944f,-0.38f,0f,0f,0f,1f],start_interpolation: 0,interpolation_duration: 1}
$data merge entity $(right_foot) {transformation: [-1.0131f,0.0053f,0.1372f,-1.2766f,0.0027f,1.0222f,-0.0193f,-4.818f,-0.1373f,-0.0188f,-1.0129f,0.1357f,0f,0f,0f,1f],start_interpolation: 0,interpolation_duration: 1}
$data merge entity $(right_knee) {transformation: [-3.0184f,0.2882f,-0.2421f,-0.9742f,0.269f,3.0201f,0.2423f,-0.6204f,0.2634f,0.219f,-3.0224f,0.3228f,0f,0f,0f,1f],start_interpolation: 0,interpolation_duration: 1}
$data merge entity $(right_leg) {transformation: [-1.7048f,0.1435f,-0.1568f,-0.6688f,0.1519f,1.709f,-0.087f,2.1137f,0.1487f,-0.1002f,-1.7086f,0.2062f,0f,0f,0f,1f],start_interpolation: 0,interpolation_duration: 1}
$data merge entity $(weist) {transformation: [-1.5978f,0f,-0.2812f,0f,0f,1.6223f,0f,3.7644f,0.2812f,0f,-1.5978f,-0.0309f,0f,0f,0f,1f],start_interpolation: 0,interpolation_duration: 1}
data modify storage animated_java:temp entry.data merge value {"locators":{"consume":{"px":-4.5269587205,"py":7.1311222872,"pz":2.2157523998,"ry":312.0590875493,"rx":-16.7058831684}}}
# Data Manager: Prepare for Read / Write
execute store result storage animated_java:temp args.id int 1 run scoreboard players get @s aj.id
# Data Manager: Write
function animated_java:global/data_manager/write with storage animated_java:temp args