# This file was generated by Animated Java via MC-Build. It is not recommended to edit this file directly.
$data merge entity $(neck) {transformation: [-0.9585f,-0.0554f,-0.2798f,-0.1045f,-0.0565f,0.9984f,-0.0043f,5.9139f,0.2796f,0.0116f,-0.9601f,0.031f,0f,0f,0f,1f],start_interpolation: 0,interpolation_duration: 1}
$data merge entity $(right_thumb_2) {transformation: [0.1391f,-0.7534f,0.6427f,0.9699f,0.6842f,-0.396f,-0.6124f,6.2179f,0.7159f,0.5249f,0.4604f,1.9044f,0f,0f,0f,1f],start_interpolation: 0,interpolation_duration: 1}
$data merge entity $(right_thumb) {transformation: [0.1391f,-0.4156f,0.8988f,0.8442f,0.6842f,-0.6158f,-0.3906f,6.1268f,0.7159f,0.6694f,0.1987f,2.2231f,0f,0f,0f,1f],start_interpolation: 0,interpolation_duration: 1}
$data merge entity $(right_fingers2) {transformation: [0.7774f,-0.3898f,0.4938f,1.6368f,0.6253f,0.3925f,-0.6745f,6.3523f,0.0691f,0.8331f,0.5488f,1.934f,0f,0f,0f,1f],start_interpolation: 0,interpolation_duration: 1}
$data merge entity $(right_fingers) {transformation: [0.2256f,-0.8398f,0.4938f,1.4075f,0.7089f,-0.2062f,-0.6745f,6.3086f,0.6683f,0.5022f,0.5488f,2.0999f,0f,0f,0f,1f],start_interpolation: 0,interpolation_duration: 1}
$data merge entity $(scout) {transformation: [0f,0f,0f,-0.7861f,0f,0f,0f,8.8695f,0f,0f,0f,0.3546f,0f,0f,0f,1f],start_interpolation: 0,interpolation_duration: 1}
$data merge entity $(right_hand) {transformation: [0.1391f,-0.8584f,0.4938f,0.9014f,0.6842f,-0.2771f,-0.6745f,6.1051f,0.7159f,0.4317f,0.5488f,2.3857f,0f,0f,0f,1f],start_interpolation: 0,interpolation_duration: 1}
$data merge entity $(right_forearm) {transformation: [-0.2143f,-1.2945f,0.419f,-1.0239f,0.2599f,-0.4553f,-1.2737f,5.3622f,1.3355f,-0.1191f,0.3151f,2.1623f,0f,0f,0f,1f],start_interpolation: 0,interpolation_duration: 1}
$data merge entity $(right_shoulder) {transformation: [-1.007f,-0.2048f,-1.0459f,-1.037f,1.0083f,0.2827f,-1.0262f,5.5367f,0.345f,-1.4241f,-0.0533f,0.3582f,0f,0f,0f,1f],start_interpolation: 0,interpolation_duration: 1}
$data merge entity $(right_arm) {transformation: [-0.9587f,-0.0554f,-0.2789f,-0.5147f,-0.0565f,0.9984f,-0.0043f,5.8578f,0.2787f,0.0116f,-0.9603f,0.1963f,0f,0f,0f,1f],start_interpolation: 0,interpolation_duration: 1}
$data merge entity $(left_thumb_2) {transformation: [-0.7243f,-0.1652f,0.6694f,2.3069f,-0.56f,0.7074f,-0.4314f,2.8307f,-0.4023f,-0.6873f,-0.6048f,1.0172f,0f,0f,0f,1f],start_interpolation: 0,interpolation_duration: 1}
$data merge entity $(left_thumb) {transformation: [-0.7243f,0.2204f,0.6533f,2.476f,-0.56f,0.3648f,-0.7439f,3.0416f,-0.4023f,-0.9046f,-0.1408f,0.7878f,0f,0f,0f,1f],start_interpolation: 0,interpolation_duration: 1}
$data merge entity $(left_fingers2) {transformation: [0.3858f,0.6218f,0.6816f,2.5146f,0.8698f,0.0011f,-0.4934f,2.4385f,-0.3076f,0.7832f,-0.5404f,1.2381f,0f,0f,0f,1f],start_interpolation: 0,interpolation_duration: 1}
$data merge entity $(left_fingers) {transformation: [-0.5235f,0.5113f,0.6816f,2.68f,0.1871f,0.8494f,-0.4934f,2.6717f,-0.8312f,-0.1307f,-0.5404f,1.2203f,0f,0f,0f,1f],start_interpolation: 0,interpolation_duration: 1}
$data merge entity $(left_hand) {transformation: [-0.7243f,-0.1041f,0.6816f,2.6426f,-0.56f,0.6656f,-0.4934f,3.0559f,-0.4023f,-0.739f,-0.5404f,0.7405f,0f,0f,0f,1f],start_interpolation: 0,interpolation_duration: 1}
$data merge entity $(left_forearm) {transformation: [-1.17f,-0.4155f,-0.5964f,1.9466f,0.2445f,0.8393f,-1.0644f,4.2912f,0.6845f,-1.01f,-0.6392f,-0.7753f,0f,0f,0f,1f],start_interpolation: 0,interpolation_duration: 1}
$data merge entity $(left_shoulder) {transformation: [-1.2028f,-0.6783f,-0.4928f,0.8929f,-0.7615f,1.2445f,0.1456f,5.6504f,0.351f,0.3754f,-1.3732f,-0.2028f,0f,0f,0f,1f],start_interpolation: 0,interpolation_duration: 1}
$data merge entity $(left_arm) {transformation: [-0.9587f,-0.0554f,-0.2789f,0.3338f,-0.0565f,0.9984f,-0.0043f,5.9077f,0.2787f,0.0116f,-0.9603f,-0.0504f,0f,0f,0f,1f],start_interpolation: 0,interpolation_duration: 1}
$data merge entity $(chest) {transformation: [-1.2258f,-0.0709f,-0.3566f,0f,-0.0722f,1.2765f,-0.0055f,4.0795f,0.3563f,0.0149f,-1.2278f,0.0188f,0f,0f,0f,1f],start_interpolation: 0,interpolation_duration: 1}
$data merge entity $(left_cheek) {transformation: [-0.9563f,-0.077f,-0.2819f,0.2769f,-0.0633f,0.9963f,-0.0575f,3.247f,0.2853f,-0.0372f,-0.9577f,-0.5274f,0f,0f,0f,1f],start_interpolation: 0,interpolation_duration: 1}
$data merge entity $(left_foot) {transformation: [-0.8474f,-0.0141f,-0.5719f,0.2962f,-0.0146f,1.0223f,-0.0036f,-4.8435f,0.5719f,0.0052f,-0.8475f,-0.7154f,0f,0f,0f,1f],start_interpolation: 0,interpolation_duration: 1}
$data merge entity $(left_knee) {transformation: [-2.7208f,0.2058f,-1.3443f,0.6041f,-0.0005f,3.0065f,0.4614f,-0.6635f,1.36f,0.413f,-2.6893f,-0.2929f,0f,0f,0f,1f],start_interpolation: 0,interpolation_duration: 1}
$data merge entity $(left_leg) {transformation: [-1.5367f,0.0459f,-0.7667f,0.6362f,-0.0003f,1.7149f,0.1033f,2.0807f,0.7681f,0.0925f,-1.5339f,-0.0678f,0f,0f,0f,1f],start_interpolation: 0,interpolation_duration: 1}
$data merge entity $(right_cheek) {transformation: [-0.9855f,0.0507f,-0.1619f,-0.5294f,0.066f,0.9937f,-0.0908f,3.293f,0.1562f,-0.1002f,-0.9826f,-0.3261f,0f,0f,0f,1f],start_interpolation: 0,interpolation_duration: 1}
$data merge entity $(right_foot) {transformation: [-1.022f,-0.0218f,0.0134f,-0.5688f,-0.022f,1.0221f,-0.0117f,-4.7846f,-0.0131f,-0.012f,-1.0222f,0.8544f,0f,0f,0f,1f],start_interpolation: 0,interpolation_duration: 1}
$data merge entity $(right_knee) {transformation: [-3.031f,-0.044f,-0.2519f,-0.727f,-0.0424f,3.0414f,-0.0204f,-0.5773f,0.2522f,-0.0168f,-3.0312f,0.7143f,0f,0f,0f,1f],start_interpolation: 0,interpolation_duration: 1}
$data merge entity $(right_leg) {transformation: [-1.7119f,-0.042f,-0.1379f,-0.719f,-0.0171f,1.6909f,-0.3033f,2.1412f,0.1431f,-0.3009f,-1.6853f,0.2758f,0f,0f,0f,1f],start_interpolation: 0,interpolation_duration: 1}
$data merge entity $(weist) {transformation: [-1.5711f,0.0691f,-0.3984f,0f,0.0701f,1.6208f,0.0046f,3.7604f,0.3982f,-0.0127f,-1.5727f,-0.0229f,0f,0f,0f,1f],start_interpolation: 0,interpolation_duration: 1}
data modify storage animated_java:temp entry.data merge value {"locators":{"consume":{"px":1.5065405429,"py":6.1386697778,"pz":1.9260733234,"ry":138.0227324736,"rx":-42.4189369428}}}
# Data Manager: Prepare for Read / Write
execute store result storage animated_java:temp args.id int 1 run scoreboard players get @s aj.id
# Data Manager: Write
function animated_java:global/data_manager/write with storage animated_java:temp args