# This file was generated by Animated Java via MC-Build. It is not recommended to edit this file directly.
$data merge entity $(neck) {transformation: [-0.9961f,0.0872f,-0.0129f,0.1601f,0.0865f,0.9952f,0.0447f,5.9683f,0.0167f,0.0435f,-0.9989f,0.0714f,0f,0f,0f,1f],start_interpolation: 0,interpolation_duration: 1}
$data merge entity $(right_thumb_2) {transformation: [-0.7674f,-0.5699f,-0.2939f,-3.8635f,0.4344f,-0.1248f,-0.892f,6.6258f,0.4716f,-0.8122f,0.3433f,1.9837f,0f,0f,0f,1f],start_interpolation: 0,interpolation_duration: 1}
$data merge entity $(right_thumb) {transformation: [-0.7674f,-0.5699f,-0.2939f,-4.1565f,0.4344f,-0.1248f,-0.892f,6.6626f,0.4716f,-0.8122f,0.3433f,1.7875f,0f,0f,0f,1f],start_interpolation: 0,interpolation_duration: 1}
$data merge entity $(right_fingers2) {transformation: [0.13f,0.7738f,-0.62f,-4.87f,0.862f,-0.3972f,-0.3149f,7.0581f,-0.4899f,-0.4935f,-0.7186f,2.1176f,0f,0f,0f,1f],start_interpolation: 0,interpolation_duration: 1}
$data merge entity $(right_fingers) {transformation: [0.13f,0.7738f,-0.62f,-4.6504f,0.862f,-0.3972f,-0.3149f,6.9669f,-0.4899f,-0.4935f,-0.7186f,1.9579f,0f,0f,0f,1f],start_interpolation: 0,interpolation_duration: 1}
$data merge entity $(scout) {transformation: [0f,0f,0f,-1.9635f,0f,0f,0f,8.1575f,0f,0f,0f,4.3619f,0f,0f,0f,1f],start_interpolation: 0,interpolation_duration: 1}
$data merge entity $(right_hand) {transformation: [0.13f,0.7738f,-0.62f,-4.2032f,0.862f,-0.3972f,-0.3149f,6.7047f,-0.4899f,-0.4935f,-0.7186f,1.6255f,0f,0f,0f,1f],start_interpolation: 0,interpolation_duration: 1}
$data merge entity $(right_forearm) {transformation: [-0.539f,1.0658f,-0.6861f,-2.6007f,0.4309f,-0.547f,-1.1884f,5.8197f,-1.192f,-0.6797f,-0.1193f,0.6471f,0f,0f,0f,1f],start_interpolation: 0,interpolation_duration: 1}
$data merge entity $(right_shoulder) {transformation: [-0.3597f,1.3477f,-0.4519f,-0.8705f,1.3049f,0.1282f,-0.6562f,5.7341f,-0.5637f,-0.5631f,-1.2309f,0.1138f,0f,0f,0f,1f],start_interpolation: 0,interpolation_duration: 1}
$data merge entity $(right_arm) {transformation: [-0.9962f,0.0872f,0f,-0.2835f,0.0871f,0.9952f,0.0436f,5.9737f,0.0038f,0.0435f,-0.999f,0.1157f,0f,0f,0f,1f],start_interpolation: 0,interpolation_duration: 1}
$data merge entity $(left_thumb_2) {transformation: [-0.8641f,-0.0942f,0.4945f,2.3211f,-0.138f,0.989f,-0.0527f,2.0031f,-0.4841f,-0.1137f,-0.8676f,-0.3439f,0f,0f,0f,1f],start_interpolation: 0,interpolation_duration: 1}
$data merge entity $(left_thumb) {transformation: [-0.8641f,0.1862f,0.4677f,2.5025f,-0.138f,0.8058f,-0.5758f,2.2909f,-0.4841f,-0.5621f,-0.6706f,-0.4435f,0f,0f,0f,1f],start_interpolation: 0,interpolation_duration: 1}
$data merge entity $(left_fingers2) {transformation: [0.5333f,0.6805f,0.5026f,2.4532f,0.8346f,-0.5202f,-0.1813f,1.5398f,0.138f,0.5161f,-0.8453f,-0.407f,0f,0f,0f,1f],start_interpolation: 0,interpolation_duration: 1}
$data merge entity $(left_fingers) {transformation: [-0.5489f,0.6679f,0.5026f,2.6627f,0.6885f,0.7022f,-0.1813f,1.7191f,-0.474f,0.2465f,-0.8453f,-0.3296f,0f,0f,0f,1f],start_interpolation: 0,interpolation_duration: 1}
$data merge entity $(left_hand) {transformation: [-0.8641f,-0.0289f,0.5026f,2.6629f,-0.138f,0.9737f,-0.1813f,2.3085f,-0.4841f,-0.226f,-0.8453f,-0.5082f,0f,0f,0f,1f],start_interpolation: 0,interpolation_duration: 1}
$data merge entity $(left_forearm) {transformation: [-1.2574f,-0.4382f,-0.3521f,1.9378f,-0.3631f,1.2917f,-0.311f,4.2274f,0.4291f,-0.1911f,-1.2948f,-0.8253f,0f,0f,0f,1f],start_interpolation: 0,interpolation_duration: 1}
$data merge entity $(left_shoulder) {transformation: [-1.375f,-0.4381f,-0.2591f,1.1348f,-0.509f,1.1942f,0.6816f,5.5589f,0.0073f,0.7292f,-1.272f,0.1061f,0f,0f,0f,1f],start_interpolation: 0,interpolation_duration: 1}
$data merge entity $(left_arm) {transformation: [-0.9962f,0.0872f,0f,0.5983f,0.0871f,0.9952f,0.0436f,5.8967f,0.0038f,0.0435f,-0.999f,0.1124f,0f,0f,0f,1f],start_interpolation: 0,interpolation_duration: 1}
$data merge entity $(chest) {transformation: [-1.2737f,0.1114f,0f,0f,0.1113f,1.2725f,0.0558f,4.1393f,0.0049f,0.0556f,-1.2773f,0.001f,0f,0f,0f,1f],start_interpolation: 0,interpolation_duration: 1}
$data merge entity $(left_cheek) {transformation: [-0.9739f,-0.0619f,-0.2183f,0.3488f,-0.0725f,0.9965f,0.041f,3.2433f,0.215f,0.0557f,-0.975f,-0.4991f,0f,0f,0f,1f],start_interpolation: 0,interpolation_duration: 1}
$data merge entity $(left_foot) {transformation: [-0.9073f,-0.0114f,-0.4711f,1.2466f,-0.0043f,1.0222f,-0.0165f,-4.8191f,0.4712f,-0.0126f,-0.9072f,-0.3048f,0f,0f,0f,1f],start_interpolation: 0,interpolation_duration: 1}
$data merge entity $(left_knee) {transformation: [-2.9267f,-0.1916f,-0.806f,1.0325f,-0.2641f,3.0206f,0.2411f,-0.6211f,0.7853f,0.3019f,-2.9231f,-0.029f,0f,0f,0f,1f],start_interpolation: 0,interpolation_duration: 1}
$data merge entity $(left_leg) {transformation: [-1.653f,-0.1667f,-0.4372f,0.7095f,-0.1492f,1.7092f,-0.0877f,2.1136f,0.4435f,-0.0464f,-1.6591f,-0.0363f,0f,0f,0f,1f],start_interpolation: 0,interpolation_duration: 1}
$data merge entity $(right_cheek) {transformation: [-0.9929f,0.0824f,-0.086f,-0.4817f,0.0878f,0.9942f,-0.0614f,3.2462f,0.0804f,-0.0685f,-0.9944f,-0.3796f,0f,0f,0f,1f],start_interpolation: 0,interpolation_duration: 1}
$data merge entity $(right_foot) {transformation: [-1.0137f,0.0064f,0.1324f,-1.2652f,0.0043f,1.0222f,-0.0165f,-4.8191f,-0.1325f,-0.0158f,-1.0136f,0.1381f,0f,0f,0f,1f],start_interpolation: 0,interpolation_duration: 1}
$data merge entity $(right_knee) {transformation: [-3.0188f,0.2833f,-0.2423f,-0.9697f,0.2641f,3.0206f,0.2411f,-0.6211f,0.2631f,0.2182f,-3.0225f,0.3241f,0f,0f,0f,1f],start_interpolation: 0,interpolation_duration: 1}
$data merge entity $(right_leg) {transformation: [-1.705f,0.1408f,-0.1566f,-0.6687f,0.1492f,1.7092f,-0.0877f,2.1136f,0.1486f,-0.1006f,-1.7086f,0.2068f,0f,0f,0f,1f],start_interpolation: 0,interpolation_duration: 1}
$data merge entity $(weist) {transformation: [-1.5977f,0f,-0.2817f,0f,0f,1.6223f,0f,3.7643f,0.2817f,0f,-1.5977f,-0.0305f,0f,0f,0f,1f],start_interpolation: 0,interpolation_duration: 1}
$execute unless entity @s[tag=aj.transforms_only] as $(consume) positioned ^-4.8095187135 ^6.7947138498 ^2.0759045146 rotated ~319.215740354 ~-18.3574232159 run function animated_java:female/animations/swing_grab_cable/zzz/frames/40_locator_consume
data modify storage animated_java:temp entry.data merge value {"locators":{"consume":{"px":-4.8095187135,"py":6.7947138498,"pz":2.0759045146,"ry":319.215740354,"rx":-18.3574232159}}}
# Data Manager: Prepare for Read / Write
execute store result storage animated_java:temp args.id int 1 run scoreboard players get @s aj.id
# Data Manager: Write
function animated_java:global/data_manager/write with storage animated_java:temp args