# This file was generated by Animated Java via MC-Build. It is not recommended to edit this file directly.
$data merge entity $(neck) {transformation: [-0.9951f,0.0984f,-0.0112f,0.1808f,0.0978f,0.9942f,0.0448f,5.9678f,0.0156f,0.0434f,-0.9989f,0.0715f,0f,0f,0f,1f],start_interpolation: 0,interpolation_duration: 1}
$data merge entity $(right_thumb_2) {transformation: [-0.8077f,-0.5865f,-0.0594f,-3.8732f,0.2697f,-0.2781f,-0.9219f,6.5142f,0.5242f,-0.7607f,0.3828f,2.0215f,0f,0f,0f,1f],start_interpolation: 0,interpolation_duration: 1}
$data merge entity $(right_thumb) {transformation: [-0.8077f,-0.5839f,-0.0812f,-4.1796f,0.2697f,-0.2436f,-0.9316f,6.489f,0.5242f,-0.7744f,0.3543f,1.8451f,0f,0f,0f,1f],start_interpolation: 0,interpolation_duration: 1}
$data merge entity $(right_fingers2) {transformation: [0.304f,0.7414f,-0.5982f,-4.9124f,0.7725f,-0.5593f,-0.3006f,6.854f,-0.5575f,-0.3707f,-0.7428f,2.179f,0f,0f,0f,1f],start_interpolation: 0,interpolation_duration: 1}
$data merge entity $(right_fingers) {transformation: [0.163f,0.7846f,-0.5982f,-4.6886f,0.8619f,-0.4083f,-0.3006f,6.7598f,-0.4801f,-0.4666f,-0.7428f,2.0271f,0f,0f,0f,1f],start_interpolation: 0,interpolation_duration: 1}
$data merge entity $(scout) {transformation: [-2.3722f,1.557f,-0.9206f,-2.8674f,1.3639f,2.537f,0.7764f,7.5226f,1.1881f,0.1965f,-2.7293f,3.7791f,0f,0f,0f,1f],start_interpolation: 0,interpolation_duration: 1}
$data merge entity $(right_hand) {transformation: [0.094f,0.7958f,-0.5982f,-4.2268f,0.8942f,-0.3317f,-0.3006f,6.5383f,-0.4376f,-0.5066f,-0.7428f,1.6853f,0f,0f,0f,1f],start_interpolation: 0,interpolation_duration: 1}
$data merge entity $(right_forearm) {transformation: [-0.568f,1.0961f,-0.6108f,-2.5747f,0.4351f,-0.4568f,-1.2244f,5.7877f,-1.1769f,-0.6978f,-0.1579f,0.6775f,0f,0f,0f,1f],start_interpolation: 0,interpolation_duration: 1}
$data merge entity $(right_shoulder) {transformation: [-0.3961f,1.335f,-0.4589f,-0.8524f,1.3044f,0.1638f,-0.6493f,5.7453f,-0.5399f,-0.5837f,-1.2319f,0.1144f,0f,0f,0f,1f],start_interpolation: 0,interpolation_duration: 1}
$data merge entity $(right_arm) {transformation: [-0.9951f,0.0984f,0f,-0.2627f,0.0983f,0.9942f,0.0436f,5.9783f,0.0043f,0.0434f,-0.999f,0.1161f,0f,0f,0f,1f],start_interpolation: 0,interpolation_duration: 1}
$data merge entity $(left_thumb_2) {transformation: [-0.8598f,-0.0977f,0.5013f,2.3559f,-0.1399f,0.989f,-0.0472f,1.9985f,-0.4912f,-0.1107f,-0.864f,-0.3487f,0f,0f,0f,1f],start_interpolation: 0,interpolation_duration: 1}
$data merge entity $(left_thumb) {transformation: [-0.8598f,0.187f,0.4752f,2.5368f,-0.1399f,0.8088f,-0.5712f,2.2875f,-0.4912f,-0.5576f,-0.6692f,-0.4459f,0f,0f,0f,1f],start_interpolation: 0,interpolation_duration: 1}
$data merge entity $(left_fingers2) {transformation: [0.5286f,0.6788f,0.5097f,2.4904f,0.8364f,-0.5192f,-0.1759f,1.536f,0.1452f,0.5193f,-0.8422f,-0.4126f,0f,0f,0f,1f],start_interpolation: 0,interpolation_duration: 1}
$data merge entity $(left_fingers) {transformation: [-0.5483f,0.663f,0.5097f,2.6986f,0.6879f,0.7042f,-0.1759f,1.716f,-0.4756f,0.2542f,-0.8422f,-0.333f,0f,0f,0f,1f],start_interpolation: 0,interpolation_duration: 1}
$data merge entity $(left_hand) {transformation: [-0.8598f,-0.0314f,0.5097f,2.6975f,-0.1399f,0.9744f,-0.1759f,2.306f,-0.4912f,-0.2225f,-0.8422f,-0.5093f,0f,0f,0f,1f],start_interpolation: 0,interpolation_duration: 1}
$data merge entity $(left_forearm) {transformation: [-1.2591f,-0.4423f,-0.3409f,1.9666f,-0.3701f,1.2906f,-0.3076f,4.2229f,0.4182f,-0.1895f,-1.2986f,-0.8246f,0f,0f,0f,1f],start_interpolation: 0,interpolation_duration: 1}
$data merge entity $(left_shoulder) {transformation: [-1.3728f,-0.4488f,-0.2524f,1.1508f,-0.5149f,1.1895f,0.6854f,5.5474f,-0.005f,0.7303f,-1.2714f,0.1057f,0f,0f,0f,1f],start_interpolation: 0,interpolation_duration: 1}
$data merge entity $(left_arm) {transformation: [-0.9951f,0.0984f,0f,0.6181f,0.0983f,0.9942f,0.0436f,5.8912f,0.0043f,0.0434f,-0.999f,0.1123f,0f,0f,0f,1f],start_interpolation: 0,interpolation_duration: 1}
$data merge entity $(chest) {transformation: [-1.2723f,0.1258f,0f,0f,0.1257f,1.2711f,0.0558f,4.1407f,0.0055f,0.0555f,-1.2773f,0.0012f,0f,0f,0f,1f],start_interpolation: 0,interpolation_duration: 1}
$data merge entity $(left_cheek) {transformation: [-0.9738f,-0.0603f,-0.2191f,0.3497f,-0.0714f,0.9965f,0.0432f,3.2443f,0.2158f,0.0577f,-0.9747f,-0.4958f,0f,0f,0f,1f],start_interpolation: 0,interpolation_duration: 1}
$data merge entity $(left_foot) {transformation: [-0.9073f,-0.0114f,-0.4711f,1.2466f,-0.0043f,1.0222f,-0.0165f,-4.8194f,0.4712f,-0.0126f,-0.9072f,-0.3043f,0f,0f,0f,1f],start_interpolation: 0,interpolation_duration: 1}
$data merge entity $(left_knee) {transformation: [-2.9267f,-0.1916f,-0.806f,1.0325f,-0.2641f,3.0206f,0.2411f,-0.6213f,0.7853f,0.3019f,-2.9231f,-0.0285f,0f,0f,0f,1f],start_interpolation: 0,interpolation_duration: 1}
$data merge entity $(left_leg) {transformation: [-1.653f,-0.1667f,-0.4372f,0.7095f,-0.1492f,1.7092f,-0.0877f,2.1133f,0.4435f,-0.0464f,-1.6591f,-0.0358f,0f,0f,0f,1f],start_interpolation: 0,interpolation_duration: 1}
$data merge entity $(right_cheek) {transformation: [-0.9927f,0.0828f,-0.0873f,-0.4804f,0.0881f,0.9944f,-0.0587f,3.2459f,0.082f,-0.066f,-0.9944f,-0.3789f,0f,0f,0f,1f],start_interpolation: 0,interpolation_duration: 1}
$data merge entity $(right_foot) {transformation: [-1.0137f,0.0064f,0.1324f,-1.2652f,0.0043f,1.0222f,-0.0165f,-4.8194f,-0.1325f,-0.0158f,-1.0136f,0.1386f,0f,0f,0f,1f],start_interpolation: 0,interpolation_duration: 1}
$data merge entity $(right_knee) {transformation: [-3.0188f,0.2833f,-0.2423f,-0.9697f,0.2641f,3.0206f,0.2411f,-0.6213f,0.2631f,0.2182f,-3.0225f,0.3245f,0f,0f,0f,1f],start_interpolation: 0,interpolation_duration: 1}
$data merge entity $(right_leg) {transformation: [-1.705f,0.1408f,-0.1566f,-0.6687f,0.1492f,1.7092f,-0.0877f,2.1133f,0.1486f,-0.1006f,-1.7086f,0.2072f,0f,0f,0f,1f],start_interpolation: 0,interpolation_duration: 1}
$data merge entity $(weist) {transformation: [-1.5977f,0f,-0.2817f,0f,0f,1.6223f,0f,3.764f,0.2817f,0f,-1.5977f,-0.0301f,0f,0f,0f,1f],start_interpolation: 0,interpolation_duration: 1}
data modify storage animated_java:temp entry.data merge value {"locators":{"consume":{"px":-4.8406581824,"py":6.5738199365,"pz":2.1330758623,"ry":321.1547072837,"rx":-17.4958022542}}}
# Data Manager: Prepare for Read / Write
execute store result storage animated_java:temp args.id int 1 run scoreboard players get @s aj.id
# Data Manager: Write
function animated_java:global/data_manager/write with storage animated_java:temp args