# This file was generated by Animated Java via MC-Build. It is not recommended to edit this file directly.
$data merge entity $(neck) {transformation: [-0.9949f,0.1f,-0.0094f,0.1838f,0.0995f,0.994f,0.0446f,5.969f,0.0138f,0.0434f,-0.999f,0.0717f,0f,0f,0f,1f],start_interpolation: 0,interpolation_duration: 1}
$data merge entity $(right_thumb_2) {transformation: [-0.8047f,-0.5937f,0.0048f,-3.8265f,0.218f,-0.303f,-0.9277f,6.3074f,0.5523f,-0.7454f,0.3732f,2.1492f,0f,0f,0f,1f],start_interpolation: 0,interpolation_duration: 1}
$data merge entity $(right_thumb) {transformation: [-0.8047f,-0.5924f,-0.0393f,-4.1358f,0.218f,-0.2333f,-0.9477f,6.278f,0.5523f,-0.7711f,0.3169f,1.9786f,0f,0f,0f,1f],start_interpolation: 0,interpolation_duration: 1}
$data merge entity $(right_fingers2) {transformation: [0.2877f,0.735f,-0.614f,-4.866f,0.7861f,-0.5475f,-0.287f,6.6176f,-0.5471f,-0.4001f,-0.7353f,2.3462f,0f,0f,0f,1f],start_interpolation: 0,interpolation_duration: 1}
$data merge entity $(right_fingers) {transformation: [0.1482f,0.7752f,-0.614f,-4.6454f,0.873f,-0.3942f,-0.287f,6.5278f,-0.4646f,-0.4935f,-0.7353f,2.1871f,0f,0f,0f,1f],start_interpolation: 0,interpolation_duration: 1}
$data merge entity $(scout) {transformation: [-2.5232f,0.6286f,-1.4619f,-3.8869f,0.8209f,2.8619f,-0.1862f,6.7211f,1.3633f,-0.5598f,-2.5937f,2.8947f,0f,0f,0f,1f],start_interpolation: 0,interpolation_duration: 1}
$data merge entity $(right_hand) {transformation: [0.0572f,0.7872f,-0.614f,-4.1893f,0.9129f,-0.2902f,-0.287f,6.3323f,-0.4041f,-0.5441f,-0.7353f,1.8224f,0f,0f,0f,1f],start_interpolation: 0,interpolation_duration: 1}
$data merge entity $(right_forearm) {transformation: [-0.635f,1.0843f,-0.5641f,-2.5506f,0.4257f,-0.3997f,-1.2474f,5.6672f,-1.1457f,-0.7495f,-0.1509f,0.7359f,0f,0f,0f,1f],start_interpolation: 0,interpolation_duration: 1}
$data merge entity $(right_shoulder) {transformation: [-0.496f,1.3009f,-0.4599f,-0.8498f,1.2889f,0.2623f,-0.648f,5.7481f,-0.4926f,-0.6235f,-1.2323f,0.1146f,0f,0f,0f,1f],start_interpolation: 0,interpolation_duration: 1}
$data merge entity $(right_arm) {transformation: [-0.995f,0.1f,0f,-0.2597f,0.0999f,0.994f,0.0437f,5.9801f,0.0044f,0.0434f,-0.999f,0.1163f,0f,0f,0f,1f],start_interpolation: 0,interpolation_duration: 1}
$data merge entity $(left_thumb_2) {transformation: [-0.8605f,-0.0949f,0.5005f,2.3475f,-0.1375f,0.9893f,-0.0489f,1.9944f,-0.4905f,-0.1109f,-0.8644f,-0.3484f,0f,0f,0f,1f],start_interpolation: 0,interpolation_duration: 1}
$data merge entity $(left_thumb) {transformation: [-0.8605f,0.1889f,0.4731f,2.5292f,-0.1375f,0.8081f,-0.5728f,2.2829f,-0.4905f,-0.558f,-0.6694f,-0.4458f,0f,0f,0f,1f],start_interpolation: 0,interpolation_duration: 1}
$data merge entity $(left_fingers2) {transformation: [0.5311f,0.6777f,0.5086f,2.4807f,0.8349f,-0.521f,-0.1776f,1.5315f,0.1446f,0.519f,-0.8425f,-0.4123f,0f,0f,0f,1f],start_interpolation: 0,interpolation_duration: 1}
$data merge entity $(left_fingers) {transformation: [-0.5467f,0.6652f,0.5086f,2.6894f,0.6894f,0.7023f,-0.1776f,1.7109f,-0.4754f,0.2535f,-0.8425f,-0.3328f,0f,0f,0f,1f],start_interpolation: 0,interpolation_duration: 1}
$data merge entity $(left_hand) {transformation: [-0.8605f,-0.0287f,0.5086f,2.69f,-0.1375f,0.9744f,-0.1776f,2.3009f,-0.4905f,-0.2228f,-0.8425f,-0.5094f,0f,0f,0f,1f],start_interpolation: 0,interpolation_duration: 1}
$data merge entity $(left_forearm) {transformation: [-1.2598f,-0.4387f,-0.3428f,1.9644f,-0.3663f,1.2918f,-0.307f,4.2199f,0.4192f,-0.1896f,-1.2982f,-0.8247f,0f,0f,0f,1f],start_interpolation: 0,interpolation_duration: 1}
$data merge entity $(left_shoulder) {transformation: [-1.3743f,-0.4448f,-0.2514f,1.1531f,-0.5109f,1.191f,0.6857f,5.547f,-0.0038f,0.7303f,-1.2714f,0.1059f,0f,0f,0f,1f],start_interpolation: 0,interpolation_duration: 1}
$data merge entity $(left_arm) {transformation: [-0.995f,0.1f,0f,0.621f,0.0999f,0.994f,0.0437f,5.8916f,0.0044f,0.0434f,-0.999f,0.1124f,0f,0f,0f,1f],start_interpolation: 0,interpolation_duration: 1}
$data merge entity $(chest) {transformation: [-1.2721f,0.1279f,0f,0f,0.1278f,1.2709f,0.0558f,4.1421f,0.0056f,0.0555f,-1.2773f,0.0014f,0f,0f,0f,1f],start_interpolation: 0,interpolation_duration: 1}
$data merge entity $(left_cheek) {transformation: [-0.9737f,-0.0602f,-0.2197f,0.3502f,-0.0716f,0.9965f,0.0441f,3.2445f,0.2163f,0.0587f,-0.9746f,-0.4937f,0f,0f,0f,1f],start_interpolation: 0,interpolation_duration: 1}
$data merge entity $(left_foot) {transformation: [-0.9073f,-0.0114f,-0.4711f,1.2466f,-0.0043f,1.0222f,-0.0165f,-4.8196f,0.4712f,-0.0126f,-0.9072f,-0.3038f,0f,0f,0f,1f],start_interpolation: 0,interpolation_duration: 1}
$data merge entity $(left_knee) {transformation: [-2.9267f,-0.1916f,-0.806f,1.0325f,-0.2641f,3.0206f,0.2411f,-0.6216f,0.7853f,0.3019f,-2.9231f,-0.028f,0f,0f,0f,1f],start_interpolation: 0,interpolation_duration: 1}
$data merge entity $(left_leg) {transformation: [-1.653f,-0.1667f,-0.4372f,0.7095f,-0.1492f,1.7092f,-0.0877f,2.1131f,0.4435f,-0.0464f,-1.6591f,-0.0353f,0f,0f,0f,1f],start_interpolation: 0,interpolation_duration: 1}
$data merge entity $(right_cheek) {transformation: [-0.9926f,0.0826f,-0.089f,-0.4793f,0.0878f,0.9946f,-0.0553f,3.2455f,0.084f,-0.0627f,-0.9945f,-0.3781f,0f,0f,0f,1f],start_interpolation: 0,interpolation_duration: 1}
$data merge entity $(right_foot) {transformation: [-1.0137f,0.0064f,0.1324f,-1.2652f,0.0043f,1.0222f,-0.0165f,-4.8196f,-0.1325f,-0.0158f,-1.0136f,0.1391f,0f,0f,0f,1f],start_interpolation: 0,interpolation_duration: 1}
$data merge entity $(right_knee) {transformation: [-3.0188f,0.2833f,-0.2423f,-0.9697f,0.2641f,3.0206f,0.2411f,-0.6216f,0.2631f,0.2182f,-3.0225f,0.325f,0f,0f,0f,1f],start_interpolation: 0,interpolation_duration: 1}
$data merge entity $(right_leg) {transformation: [-1.705f,0.1408f,-0.1566f,-0.6687f,0.1492f,1.7092f,-0.0877f,2.1131f,0.1486f,-0.1006f,-1.7086f,0.2077f,0f,0f,0f,1f],start_interpolation: 0,interpolation_duration: 1}
$data merge entity $(weist) {transformation: [-1.5977f,0f,-0.2817f,0f,0f,1.6223f,0f,3.7638f,0.2817f,0f,-1.5977f,-0.0296f,0f,0f,0f,1f],start_interpolation: 0,interpolation_duration: 1}
data modify storage animated_java:temp entry.data merge value {"locators":{"consume":{"px":-4.7891850492,"py":6.3338712911,"pz":2.2902152646,"ry":320.1341168627,"rx":-16.6791726433}}}
# Data Manager: Prepare for Read / Write
execute store result storage animated_java:temp args.id int 1 run scoreboard players get @s aj.id
# Data Manager: Write
function animated_java:global/data_manager/write with storage animated_java:temp args