# This file was generated by Animated Java via MC-Build. It is not recommended to edit this file directly.
$data merge entity $(neck) {transformation: [-0.9962f,0.0872f,-0.0074f,0.1601f,0.0867f,0.9952f,0.0443f,5.9725f,0.0113f,0.0435f,-0.999f,0.0721f,0f,0f,0f,1f],start_interpolation: 0,interpolation_duration: 1}
$data merge entity $(right_thumb_2) {transformation: [-0.7807f,-0.6104f,-0.1337f,-3.7978f,0.2931f,-0.1687f,-0.9411f,6.0872f,0.5519f,-0.7739f,0.3107f,2.2496f,0f,0f,0f,1f],start_interpolation: 0,interpolation_duration: 1}
$data merge entity $(right_thumb) {transformation: [-0.7807f,-0.6104f,-0.1337f,-4.108f,0.2931f,-0.1687f,-0.9411f,6.0897f,0.5519f,-0.7739f,0.3107f,2.0781f,0f,0f,0f,1f],start_interpolation: 0,interpolation_duration: 1}
$data merge entity $(right_fingers2) {transformation: [-0.0356f,0.7799f,-0.6249f,-4.8416f,0.8942f,-0.2543f,-0.3684f,6.359f,-0.4463f,-0.5719f,-0.6883f,2.4828f,0f,0f,0f,1f],start_interpolation: 0,interpolation_duration: 1}
$data merge entity $(right_fingers) {transformation: [-0.0356f,0.7799f,-0.6249f,-4.6249f,0.8942f,-0.2543f,-0.3684f,6.3091f,-0.4463f,-0.5719f,-0.6883f,2.3022f,0f,0f,0f,1f],start_interpolation: 0,interpolation_duration: 1}
$data merge entity $(scout) {transformation: [-2.5946f,-0.2618f,-1.4486f,-4.6503f,0.2648f,2.8047f,-0.9811f,6.0999f,1.4481f,-0.9819f,-2.4162f,2.2822f,0f,0f,0f,1f],start_interpolation: 0,interpolation_duration: 1}
$data merge entity $(right_hand) {transformation: [-0.0356f,0.7799f,-0.6249f,-4.1734f,0.8942f,-0.2543f,-0.3684f,6.1321f,-0.4463f,-0.5719f,-0.6883f,1.9227f,0f,0f,0f,1f],start_interpolation: 0,interpolation_duration: 1}
$data merge entity $(right_forearm) {transformation: [-0.6909f,1.0742f,-0.5156f,-2.5456f,0.4029f,-0.3503f,-1.2697f,5.5416f,-1.1214f,-0.7877f,-0.1385f,0.7781f,0f,0f,0f,1f],start_interpolation: 0,interpolation_duration: 1}
$data merge entity $(right_shoulder) {transformation: [-0.5882f,1.2648f,-0.4519f,-0.8705f,1.2628f,0.3529f,-0.6562f,5.7384f,-0.4573f,-0.6524f,-1.2309f,0.1144f,0f,0f,0f,1f],start_interpolation: 0,interpolation_duration: 1}
$data merge entity $(right_arm) {transformation: [-0.9962f,0.0872f,0f,-0.2835f,0.0871f,0.9952f,0.0436f,5.9779f,0.0038f,0.0435f,-0.999f,0.1164f,0f,0f,0f,1f],start_interpolation: 0,interpolation_duration: 1}
$data merge entity $(left_thumb_2) {transformation: [-0.8641f,-0.0942f,0.4945f,2.3211f,-0.138f,0.989f,-0.0527f,2.0073f,-0.4841f,-0.1137f,-0.8676f,-0.3432f,0f,0f,0f,1f],start_interpolation: 0,interpolation_duration: 1}
$data merge entity $(left_thumb) {transformation: [-0.8641f,0.1862f,0.4677f,2.5025f,-0.138f,0.8058f,-0.5758f,2.2951f,-0.4841f,-0.5621f,-0.6706f,-0.4428f,0f,0f,0f,1f],start_interpolation: 0,interpolation_duration: 1}
$data merge entity $(left_fingers2) {transformation: [0.5333f,0.6805f,0.5026f,2.4532f,0.8346f,-0.5202f,-0.1813f,1.544f,0.138f,0.5161f,-0.8453f,-0.4064f,0f,0f,0f,1f],start_interpolation: 0,interpolation_duration: 1}
$data merge entity $(left_fingers) {transformation: [-0.5489f,0.6679f,0.5026f,2.6627f,0.6885f,0.7022f,-0.1813f,1.7233f,-0.474f,0.2465f,-0.8453f,-0.329f,0f,0f,0f,1f],start_interpolation: 0,interpolation_duration: 1}
$data merge entity $(left_hand) {transformation: [-0.8641f,-0.0289f,0.5026f,2.6629f,-0.138f,0.9737f,-0.1813f,2.3127f,-0.4841f,-0.226f,-0.8453f,-0.5076f,0f,0f,0f,1f],start_interpolation: 0,interpolation_duration: 1}
$data merge entity $(left_forearm) {transformation: [-1.2574f,-0.4382f,-0.3521f,1.9378f,-0.3631f,1.2917f,-0.311f,4.2316f,0.4291f,-0.1911f,-1.2948f,-0.8247f,0f,0f,0f,1f],start_interpolation: 0,interpolation_duration: 1}
$data merge entity $(left_shoulder) {transformation: [-1.375f,-0.4381f,-0.2591f,1.1348f,-0.509f,1.1942f,0.6816f,5.5631f,0.0073f,0.7292f,-1.272f,0.1067f,0f,0f,0f,1f],start_interpolation: 0,interpolation_duration: 1}
$data merge entity $(left_arm) {transformation: [-0.9962f,0.0872f,0f,0.5983f,0.0871f,0.9952f,0.0436f,5.9009f,0.0038f,0.0435f,-0.999f,0.113f,0f,0f,0f,1f],start_interpolation: 0,interpolation_duration: 1}
$data merge entity $(chest) {transformation: [-1.2737f,0.1114f,0f,0f,0.1113f,1.2725f,0.0558f,4.1435f,0.0049f,0.0556f,-1.2773f,0.0017f,0f,0f,0f,1f],start_interpolation: 0,interpolation_duration: 1}
$data merge entity $(left_cheek) {transformation: [-0.9736f,-0.0615f,-0.2199f,0.3503f,-0.0729f,0.9964f,0.0438f,3.244f,0.2164f,0.0586f,-0.9745f,-0.4928f,0f,0f,0f,1f],start_interpolation: 0,interpolation_duration: 1}
$data merge entity $(left_foot) {transformation: [-0.9073f,-0.0114f,-0.4711f,1.2466f,-0.0043f,1.0222f,-0.0165f,-4.8199f,0.4712f,-0.0126f,-0.9072f,-0.3032f,0f,0f,0f,1f],start_interpolation: 0,interpolation_duration: 1}
$data merge entity $(left_knee) {transformation: [-2.9267f,-0.1916f,-0.806f,1.0325f,-0.2641f,3.0206f,0.2411f,-0.6218f,0.7853f,0.3019f,-2.9231f,-0.0275f,0f,0f,0f,1f],start_interpolation: 0,interpolation_duration: 1}
$data merge entity $(left_leg) {transformation: [-1.653f,-0.1667f,-0.4372f,0.7095f,-0.1492f,1.7092f,-0.0877f,2.1128f,0.4435f,-0.0464f,-1.6591f,-0.0347f,0f,0f,0f,1f],start_interpolation: 0,interpolation_duration: 1}
$data merge entity $(right_cheek) {transformation: [-0.9925f,0.0819f,-0.0911f,-0.4791f,0.0868f,0.9949f,-0.051f,3.2449f,0.0865f,-0.0586f,-0.9945f,-0.3773f,0f,0f,0f,1f],start_interpolation: 0,interpolation_duration: 1}
$data merge entity $(right_foot) {transformation: [-1.0137f,0.0064f,0.1324f,-1.2652f,0.0043f,1.0222f,-0.0165f,-4.8199f,-0.1325f,-0.0158f,-1.0136f,0.1397f,0f,0f,0f,1f],start_interpolation: 0,interpolation_duration: 1}
$data merge entity $(right_knee) {transformation: [-3.0188f,0.2833f,-0.2423f,-0.9697f,0.2641f,3.0206f,0.2411f,-0.6218f,0.2631f,0.2182f,-3.0225f,0.3256f,0f,0f,0f,1f],start_interpolation: 0,interpolation_duration: 1}
$data merge entity $(right_leg) {transformation: [-1.705f,0.1408f,-0.1566f,-0.6687f,0.1492f,1.7092f,-0.0877f,2.1128f,0.1486f,-0.1006f,-1.7086f,0.2083f,0f,0f,0f,1f],start_interpolation: 0,interpolation_duration: 1}
$data merge entity $(weist) {transformation: [-1.5977f,0f,-0.2817f,0f,0f,1.6223f,0f,3.7635f,0.2817f,0f,-1.5977f,-0.029f,0f,0f,0f,1f],start_interpolation: 0,interpolation_duration: 1}
data modify storage animated_java:temp entry.data merge value {"locators":{"consume":{"px":-4.7475350554,"py":6.1097799161,"pz":2.4211932306,"ry":317.7663232484,"rx":-21.6191489891}}}
# Data Manager: Prepare for Read / Write
execute store result storage animated_java:temp args.id int 1 run scoreboard players get @s aj.id
# Data Manager: Write
function animated_java:global/data_manager/write with storage animated_java:temp args