# This file was generated by Animated Java via MC-Build. It is not recommended to edit this file directly.
$data merge entity $(neck) {transformation: [-0.9989f,0.0477f,0.0045f,0.0877f,0.0478f,0.9979f,0.0433f,5.9787f,-0.0024f,0.0434f,-0.9991f,0.0724f,0f,0f,0f,1f],start_interpolation: 0,interpolation_duration: 1}
$data merge entity $(right_thumb_2) {transformation: [-0.7688f,-0.3206f,-0.5533f,-3.9412f,0.5259f,0.1753f,-0.8323f,5.8551f,0.3639f,-0.9308f,0.0338f,2.2609f,0f,0f,0f,1f],start_interpolation: 0,interpolation_duration: 1}
$data merge entity $(right_thumb) {transformation: [-0.7688f,-0.4687f,-0.435f,-4.1999f,0.5259f,-0.0763f,-0.8471f,5.9205f,0.3639f,-0.8801f,0.3051f,2.0274f,0f,0f,0f,1f],start_interpolation: 0,interpolation_duration: 1}
$data merge entity $(right_fingers2) {transformation: [-0.7624f,0.334f,-0.5542f,-4.9125f,0.6455f,0.4514f,-0.6161f,6.032f,0.0443f,-0.8275f,-0.5598f,2.4662f,0f,0f,0f,1f],start_interpolation: 0,interpolation_duration: 1}
$data merge entity $(right_fingers) {transformation: [-0.5147f,0.6542f,-0.5542f,-4.7447f,0.7821f,0.0934f,-0.6161f,6.0762f,-0.3513f,-0.7505f,-0.5598f,2.2383f,0f,0f,0f,1f],start_interpolation: 0,interpolation_duration: 1}
$data merge entity $(scout) {transformation: [-2.5662f,-0.9499f,-1.1879f,-4.9022f,-0.4043f,2.672f,-1.2633f,5.6744f,1.4663f,-0.9257f,-2.4274f,2.1332f,0f,0f,0f,1f],start_interpolation: 0,interpolation_duration: 1}
$data merge entity $(right_hand) {transformation: [-0.229f,0.8003f,-0.5542f,-4.2765f,0.7594f,-0.2093f,-0.6161f,5.9166f,-0.609f,-0.5619f,-0.5598f,1.8715f,0f,0f,0f,1f],start_interpolation: 0,interpolation_duration: 1}
$data merge entity $(right_forearm) {transformation: [-0.6976f,1.1023f,-0.442f,-2.6036f,0.3658f,-0.2883f,-1.2962f,5.4201f,-1.1299f,-0.774f,-0.1468f,0.7475f,0f,0f,0f,1f],start_interpolation: 0,interpolation_duration: 1}
$data merge entity $(right_shoulder) {transformation: [-0.6474f,1.2522f,-0.4035f,-0.9334f,1.2318f,0.419f,-0.6759f,5.7044f,-0.4619f,-0.6375f,-1.237f,0.1032f,0f,0f,0f,1f],start_interpolation: 0,interpolation_duration: 1}
$data merge entity $(right_arm) {transformation: [-0.9988f,0.0477f,0.0097f,-0.3563f,0.048f,0.9979f,0.043f,5.9668f,-0.0076f,0.0434f,-0.999f,0.1117f,0f,0f,0f,1f],start_interpolation: 0,interpolation_duration: 1}
$data merge entity $(left_thumb_2) {transformation: [-0.8663f,-0.0993f,0.4895f,2.2794f,-0.1459f,0.9876f,-0.0579f,2.054f,-0.4777f,-0.1216f,-0.8701f,-0.3108f,0f,0f,0f,1f],start_interpolation: 0,interpolation_duration: 1}
$data merge entity $(left_thumb) {transformation: [-0.8663f,0.1793f,0.4662f,2.4589f,-0.1459f,0.8018f,-0.5795f,2.3417f,-0.4777f,-0.5701f,-0.6685f,-0.414f,0f,0f,0f,1f],start_interpolation: 0,interpolation_duration: 1}
$data merge entity $(left_fingers2) {transformation: [0.5276f,0.6879f,0.4984f,2.4136f,0.8399f,-0.5102f,-0.1849f,1.5904f,0.1271f,0.5162f,-0.847f,-0.3718f,0f,0f,0f,1f],start_interpolation: 0,interpolation_duration: 1}
$data merge entity $(left_fingers) {transformation: [-0.5559f,0.6652f,0.4984f,2.6225f,0.6816f,0.708f,-0.1849f,1.7715f,-0.4759f,0.2369f,-0.847f,-0.2971f,0f,0f,0f,1f],start_interpolation: 0,interpolation_duration: 1}
$data merge entity $(left_hand) {transformation: [-0.8662f,-0.0349f,0.4984f,2.6188f,-0.1455f,0.9719f,-0.1849f,2.3596f,-0.478f,-0.2327f,-0.847f,-0.4798f,0f,0f,0f,1f],start_interpolation: 0,interpolation_duration: 1}
$data merge entity $(left_forearm) {transformation: [-1.2529f,-0.4459f,-0.3587f,1.8822f,-0.3662f,1.2881f,-0.322f,4.2726f,0.4397f,-0.1975f,-1.2903f,-0.8059f,0f,0f,0f,1f],start_interpolation: 0,interpolation_duration: 1}
$data merge entity $(left_shoulder) {transformation: [-1.3721f,-0.4405f,-0.2703f,1.0772f,-0.5165f,1.1981f,0.669f,5.6077f,0.0199f,0.7213f,-1.2764f,0.1186f,0f,0f,0f,1f],start_interpolation: 0,interpolation_duration: 1}
$data merge entity $(left_arm) {transformation: [-0.9988f,0.0477f,0.0097f,0.5278f,0.048f,0.9979f,0.043f,5.9243f,-0.0076f,0.0434f,-0.999f,0.1184f,0f,0f,0f,1f],start_interpolation: 0,interpolation_duration: 1}
$data merge entity $(chest) {transformation: [-1.277f,0.0609f,0.0124f,0f,0.0614f,1.2759f,0.055f,4.1448f,-0.0097f,0.0555f,-1.2773f,0.002f,0f,0f,0f,1f],start_interpolation: 0,interpolation_duration: 1}
$data merge entity $(left_cheek) {transformation: [-0.9729f,-0.064f,-0.222f,0.3487f,-0.0749f,0.9963f,0.0413f,3.2423f,0.2185f,0.0568f,-0.9742f,-0.4949f,0f,0f,0f,1f],start_interpolation: 0,interpolation_duration: 1}
$data merge entity $(left_foot) {transformation: [-0.9062f,-0.0112f,-0.4731f,1.248f,-0.0041f,1.0222f,-0.0165f,-4.8204f,0.4732f,-0.0127f,-0.9062f,-0.2977f,0f,0f,0f,1f],start_interpolation: 0,interpolation_duration: 1}
$data merge entity $(left_knee) {transformation: [-2.9249f,-0.1918f,-0.8125f,1.0333f,-0.2641f,3.0209f,0.2376f,-0.6221f,0.792f,0.299f,-2.9216f,-0.0261f,0f,0f,0f,1f],start_interpolation: 0,interpolation_duration: 1}
$data merge entity $(left_leg) {transformation: [-1.652f,-0.1673f,-0.4408f,0.7095f,-0.1492f,1.7091f,-0.0896f,2.1125f,0.4473f,-0.0479f,-1.658f,-0.0357f,0f,0f,0f,1f],start_interpolation: 0,interpolation_duration: 1}
$data merge entity $(right_cheek) {transformation: [-0.992f,0.0804f,-0.0969f,-0.4806f,0.0848f,0.9955f,-0.0423f,3.2441f,0.0931f,-0.0502f,-0.9944f,-0.3754f,0f,0f,0f,1f],start_interpolation: 0,interpolation_duration: 1}
$data merge entity $(right_foot) {transformation: [-1.014f,0.0066f,0.1302f,-1.2655f,0.0045f,1.0222f,-0.0169f,-4.8202f,-0.1302f,-0.0162f,-1.0139f,0.1358f,0f,0f,0f,1f],start_interpolation: 0,interpolation_duration: 1}
$data merge entity $(right_knee) {transformation: [-3.0182f,0.284f,-0.249f,-0.9693f,0.2641f,3.0205f,0.2434f,-0.6223f,0.27f,0.2199f,-3.0217f,0.3243f,0f,0f,0f,1f],start_interpolation: 0,interpolation_duration: 1}
$data merge entity $(right_leg) {transformation: [-1.7047f,0.1408f,-0.1603f,-0.6681f,0.1492f,1.7094f,-0.0851f,2.1125f,0.1525f,-0.0983f,-1.7084f,0.2105f,0f,0f,0f,1f],start_interpolation: 0,interpolation_duration: 1}
$data merge entity $(weist) {transformation: [-1.597f,0f,-0.2854f,0f,0f,1.6223f,0f,3.7632f,0.2854f,0f,-1.597f,-0.0283f,0f,0f,0f,1f],start_interpolation: 0,interpolation_duration: 1}
data modify storage animated_java:temp entry.data merge value {"locators":{"consume":{"px":-4.8208695597,"py":5.8855467478,"pz":2.4018687307,"ry":315.2887896938,"rx":-38.0312652084}}}
# Data Manager: Prepare for Read / Write
execute store result storage animated_java:temp args.id int 1 run scoreboard players get @s aj.id
# Data Manager: Write
function animated_java:global/data_manager/write with storage animated_java:temp args