# This file was generated by Animated Java via MC-Build. It is not recommended to edit this file directly.
$data merge entity $(neck) {transformation: [-0.9998f,-0.0064f,0.0167f,-0.0117f,-0.0057f,0.999f,0.0435f,5.982f,-0.0169f,0.0434f,-0.9989f,0.0728f,0f,0f,0f,1f],start_interpolation: 0,interpolation_duration: 1}
$data merge entity $(right_thumb_2) {transformation: [-0.768f,0.4757f,-0.4287f,-4.2595f,0.6327f,0.4601f,-0.6229f,5.5994f,-0.099f,-0.7497f,-0.6544f,2.2611f,0f,0f,0f,1f],start_interpolation: 0,interpolation_duration: 1}
$data merge entity $(right_thumb) {transformation: [-0.768f,0.0837f,-0.6349f,-4.3375f,0.6327f,-0.0542f,-0.7725f,5.6866f,-0.099f,-0.995f,-0.0113f,1.9265f,0f,0f,0f,1f],start_interpolation: 0,interpolation_duration: 1}
$data merge entity $(right_fingers2) {transformation: [-0.5087f,-0.7795f,-0.3655f,-4.9217f,-0.1039f,0.477f,-0.8727f,5.6633f,0.8547f,-0.406f,-0.3236f,2.4003f,0f,0f,0f,1f],start_interpolation: 0,interpolation_duration: 1}
$data merge entity $(right_fingers) {transformation: [-0.9167f,0.1613f,-0.3655f,-4.9043f,0.3978f,0.2831f,-0.8727f,5.7487f,-0.0373f,-0.9454f,-0.3236f,2.1275f,0f,0f,0f,1f],start_interpolation: 0,interpolation_duration: 1}
$data merge entity $(scout) {transformation: [-2.24f,-1.5634f,-1.1988f,-4.8887f,-1.0476f,2.4825f,-1.2801f,5.4368f,1.6685f,-0.5402f,-2.4132f,2.178f,0f,0f,0f,1f],start_interpolation: 0,interpolation_duration: 1}
$data merge entity $(right_hand) {transformation: [-0.4261f,0.8276f,-0.3655f,-4.41f,0.466f,-0.1455f,-0.8727f,5.6185f,-0.7754f,-0.5422f,-0.3236f,1.784f,0f,0f,0f,1f],start_interpolation: 0,interpolation_duration: 1}
$data merge entity $(right_forearm) {transformation: [-0.6961f,1.1399f,-0.3366f,-2.6767f,0.3132f,-0.2004f,-1.3262f,5.2553f,-1.1465f,-0.7468f,-0.1579f,0.7013f,0f,0f,0f,1f],start_interpolation: 0,interpolation_duration: 1}
$data merge entity $(right_shoulder) {transformation: [-0.7195f,1.2337f,-0.3319f,-1.0169f,1.1866f,0.5042f,-0.6983f,5.6533f,-0.4734f,-0.6113f,-1.2458f,0.0916f,0f,0f,0f,1f],start_interpolation: 0,interpolation_duration: 1}
$data merge entity $(right_arm) {transformation: [-0.9998f,-0.0064f,0.0194f,-0.4548f,-0.0056f,0.999f,0.0435f,5.9462f,-0.0197f,0.0434f,-0.9989f,0.1068f,0f,0f,0f,1f],start_interpolation: 0,interpolation_duration: 1}
$data merge entity $(left_thumb_2) {transformation: [-0.8715f,-0.1047f,0.4791f,2.2143f,-0.1543f,0.9859f,-0.0652f,2.1126f,-0.4655f,-0.1307f,-0.8753f,-0.2828f,0f,0f,0f,1f],start_interpolation: 0,interpolation_duration: 1}
$data merge entity $(left_thumb) {transformation: [-0.8715f,0.1691f,0.4604f,2.3915f,-0.1543f,0.7964f,-0.5847f,2.4f,-0.4655f,-0.5806f,-0.668f,-0.3911f,0f,0f,0f,1f],start_interpolation: 0,interpolation_duration: 1}
$data merge entity $(left_fingers2) {transformation: [0.5184f,0.7015f,0.4891f,2.3508f,0.848f,-0.4955f,-0.188f,1.648f,0.1105f,0.5122f,-0.8517f,-0.343f,0f,0f,0f,1f],start_interpolation: 0,interpolation_duration: 1}
$data merge entity $(left_fingers) {transformation: [-0.5672f,0.6626f,0.4891f,2.5592f,0.6733f,0.7151f,-0.188f,1.8314f,-0.4743f,0.2227f,-0.8517f,-0.2724f,0f,0f,0f,1f],start_interpolation: 0,interpolation_duration: 1}
$data merge entity $(left_hand) {transformation: [-0.8712f,-0.0425f,0.4891f,2.5504f,-0.1529f,0.9702f,-0.188f,2.4182f,-0.4666f,-0.2386f,-0.8517f,-0.459f,0f,0f,0f,1f],start_interpolation: 0,interpolation_duration: 1}
$data merge entity $(left_forearm) {transformation: [-1.245f,-0.4555f,-0.3737f,1.7991f,-0.37f,1.2844f,-0.3326f,4.3249f,0.4585f,-0.2003f,-1.2833f,-0.7882f,0f,0f,0f,1f],start_interpolation: 0,interpolation_duration: 1}
$data merge entity $(left_shoulder) {transformation: [-1.3681f,-0.4404f,-0.29f,0.9957f,-0.5257f,1.2029f,0.653f,5.6646f,0.0418f,0.7133f,-1.2803f,0.1311f,0f,0f,0f,1f],start_interpolation: 0,interpolation_duration: 1}
$data merge entity $(left_arm) {transformation: [-0.9998f,-0.0064f,0.0194f,0.4302f,-0.0056f,0.999f,0.0435f,5.9512f,-0.0197f,0.0434f,-0.9989f,0.1242f,0f,0f,0f,1f],start_interpolation: 0,interpolation_duration: 1}
$data merge entity $(chest) {transformation: [-1.2783f,-0.0082f,0.0248f,0f,-0.0071f,1.2773f,0.0557f,4.146f,-0.0251f,0.0555f,-1.2771f,0.0025f,0f,0f,0f,1f],start_interpolation: 0,interpolation_duration: 1}
$data merge entity $(left_cheek) {transformation: [-0.9717f,-0.0673f,-0.2266f,0.3449f,-0.0776f,0.9963f,0.0366f,3.2394f,0.2233f,0.0531f,-0.9733f,-0.5007f,0f,0f,0f,1f],start_interpolation: 0,interpolation_duration: 1}
$data merge entity $(left_foot) {transformation: [-0.9038f,-0.0107f,-0.4777f,1.2516f,-0.0035f,1.0222f,-0.0164f,-4.821f,0.4779f,-0.0129f,-0.9037f,-0.2857f,0f,0f,0f,1f],start_interpolation: 0,interpolation_duration: 1}
$data merge entity $(left_knee) {transformation: [-2.9207f,-0.1924f,-0.8276f,1.0353f,-0.2641f,3.0215f,0.2295f,-0.6222f,0.8076f,0.2923f,-2.918f,-0.0238f,0f,0f,0f,1f],start_interpolation: 0,interpolation_duration: 1}
$data merge entity $(left_leg) {transformation: [-1.6496f,-0.1688f,-0.4492f,0.7094f,-0.1492f,1.7089f,-0.0942f,2.1121f,0.4561f,-0.0515f,-1.6555f,-0.0387f,0f,0f,0f,1f],start_interpolation: 0,interpolation_duration: 1}
$data merge entity $(right_cheek) {transformation: [-0.9912f,0.0785f,-0.1068f,-0.4834f,0.0821f,0.9962f,-0.029f,3.2431f,0.1041f,-0.0376f,-0.9939f,-0.3721f,0f,0f,0f,1f],start_interpolation: 0,interpolation_duration: 1}
$data merge entity $(right_foot) {transformation: [-1.0147f,0.007f,0.1249f,-1.2662f,0.0049f,1.0222f,-0.0179f,-4.8205f,-0.125f,-0.0171f,-1.0146f,0.1261f,0f,0f,0f,1f],start_interpolation: 0,interpolation_duration: 1}
$data merge entity $(right_knee) {transformation: [-3.0167f,0.2856f,-0.2647f,-0.9683f,0.2641f,3.02f,0.2488f,-0.623f,0.2861f,0.2237f,-3.02f,0.3205f,0f,0f,0f,1f],start_interpolation: 0,interpolation_duration: 1}
$data merge entity $(right_leg) {transformation: [-1.7038f,0.1408f,-0.1689f,-0.6669f,0.1492f,1.7097f,-0.079f,2.1121f,0.1616f,-0.093f,-1.7078f,0.2148f,0f,0f,0f,1f],start_interpolation: 0,interpolation_duration: 1}
$data merge entity $(weist) {transformation: [-1.5955f,0f,-0.2939f,0f,0f,1.6223f,0f,3.7628f,0.2939f,0f,-1.5955f,-0.0276f,0f,0f,0f,1f],start_interpolation: 0,interpolation_duration: 1}
data modify storage animated_java:temp entry.data merge value {"locators":{"consume":{"px":-4.9259775277,"py":5.5999912196,"pz":2.3426839217,"ry":311.5246808276,"rx":-60.7781261985}}}
# Data Manager: Prepare for Read / Write
execute store result storage animated_java:temp args.id int 1 run scoreboard players get @s aj.id
# Data Manager: Write
function animated_java:global/data_manager/write with storage animated_java:temp args