# This file was generated by Animated Java via MC-Build. It is not recommended to edit this file directly.
$data merge entity $(neck) {transformation: [-0.999f,-0.0436f,0f,-0.0801f,-0.0436f,0.9981f,0.0436f,5.9814f,-0.0019f,0.0436f,-0.999f,0.0737f,0f,0f,0f,1f],start_interpolation: 0,interpolation_duration: 1}
$data merge entity $(right_thumb_2) {transformation: [-0.7184f,0.6519f,0.2427f,-4.4757f,0.5341f,0.7405f,-0.4078f,5.3896f,-0.4456f,-0.1634f,-0.8802f,2.2643f,0f,0f,0f,1f],start_interpolation: 0,interpolation_duration: 1}
$data merge entity $(right_thumb) {transformation: [-0.7184f,0.5549f,-0.4194f,-4.3978f,0.5341f,0.0539f,-0.8437f,5.4981f,-0.4456f,-0.8301f,-0.3351f,1.9359f,0f,0f,0f,1f],start_interpolation: 0,interpolation_duration: 1}
$data merge entity $(right_fingers2) {transformation: [0.3668f,-0.9117f,-0.185f,-4.8539f,-0.1777f,0.1266f,-0.9759f,5.4458f,0.9132f,0.3908f,-0.1155f,2.4105f,0f,0f,0f,1f],start_interpolation: 0,interpolation_duration: 1}
$data merge entity $(right_fingers) {transformation: [-0.9402f,-0.2859f,-0.185f,-4.9633f,0.1416f,0.166f,-0.9759f,5.4899f,0.3098f,-0.9438f,-0.1155f,2.1495f,0f,0f,0f,1f],start_interpolation: 0,interpolation_duration: 1}
$data merge entity $(scout) {transformation: [-1.8968f,-1.7114f,-1.5402f,-4.8536f,-1.2099f,2.4388f,-1.2197f,5.3467f,1.9589f,-0.1508f,-2.2448f,2.2602f,0f,0f,0f,1f],start_interpolation: 0,interpolation_duration: 1}
$data merge entity $(right_hand) {transformation: [-0.5195f,0.8342f,-0.185f,-4.4565f,0.197f,-0.0938f,-0.9759f,5.3882f,-0.8314f,-0.5435f,-0.1155f,1.8147f,0f,0f,0f,1f],start_interpolation: 0,interpolation_duration: 1}
$data merge entity $(right_forearm) {transformation: [-0.7156f,1.1489f,-0.2549f,-2.7058f,0.2713f,-0.1292f,-1.3442f,5.1333f,-1.1452f,-0.7486f,-0.1592f,0.7293f,0f,0f,0f,1f],start_interpolation: 0,interpolation_duration: 1}
$data merge entity $(right_shoulder) {transformation: [-0.7807f,1.2032f,-0.3044f,-1.0717f,1.1501f,0.5662f,-0.7118f,5.6148f,-0.4665f,-0.6177f,-1.2452f,0.1102f,0f,0f,0f,1f],start_interpolation: 0,interpolation_duration: 1}
$data merge entity $(right_arm) {transformation: [-0.999f,-0.0436f,0f,-0.5209f,-0.0436f,0.9981f,0.0436f,5.9289f,-0.0019f,0.0436f,-0.999f,0.1155f,0f,0f,0f,1f],start_interpolation: 0,interpolation_duration: 1}
$data merge entity $(left_thumb_2) {transformation: [-0.8888f,-0.1062f,0.4458f,2.1396f,-0.155f,0.9851f,-0.0744f,2.1446f,-0.4313f,-0.1352f,-0.892f,-0.3247f,0f,0f,0f,1f],start_interpolation: 0,interpolation_duration: 1}
$data merge entity $(left_thumb) {transformation: [-0.8888f,0.15f,0.4331f,2.3136f,-0.155f,0.7909f,-0.592f,2.4304f,-0.4313f,-0.5933f,-0.6797f,-0.442f,0f,0f,0f,1f],start_interpolation: 0,interpolation_duration: 1}
$data merge entity $(left_fingers2) {transformation: [0.5147f,0.7256f,0.4567f,2.2737f,0.8534f,-0.4847f,-0.1917f,1.6776f,0.0822f,0.4884f,-0.8687f,-0.3896f,0f,0f,0f,1f],start_interpolation: 0,interpolation_duration: 1}
$data merge entity $(left_fingers) {transformation: [-0.586f,0.6693f,0.4567f,2.4843f,0.6698f,0.7173f,-0.1917f,1.8617f,-0.4559f,0.1935f,-0.8687f,-0.3279f,0f,0f,0f,1f],start_interpolation: 0,interpolation_duration: 1}
$data merge entity $(left_hand) {transformation: [-0.8883f,-0.0491f,0.4567f,2.4699f,-0.1522f,0.9696f,-0.1917f,2.448f,-0.4334f,-0.2398f,-0.8687f,-0.5158f,0f,0f,0f,1f],start_interpolation: 0,interpolation_duration: 1}
$data merge entity $(left_forearm) {transformation: [-1.2269f,-0.4609f,-0.4236f,1.7094f,-0.3664f,1.2845f,-0.3362f,4.3549f,0.5075f,-0.1868f,-1.2668f,-0.822f,0f,0f,0f,1f],start_interpolation: 0,interpolation_duration: 1}
$data merge entity $(left_shoulder) {transformation: [-1.3652f,-0.4148f,-0.3376f,0.9394f,-0.5259f,1.2092f,0.6412f,5.7025f,0.0971f,0.7181f,-1.2747f,0.1141f,0f,0f,0f,1f],start_interpolation: 0,interpolation_duration: 1}
$data merge entity $(left_arm) {transformation: [-0.999f,-0.0436f,0f,0.3634f,-0.0436f,0.9981f,0.0436f,5.9674f,-0.0019f,0.0436f,-0.999f,0.1172f,0f,0f,0f,1f],start_interpolation: 0,interpolation_duration: 1}
$data merge entity $(chest) {transformation: [-1.2773f,-0.0558f,0f,0f,-0.0557f,1.2761f,0.0558f,4.1471f,-0.0024f,0.0557f,-1.2773f,0.003f,0f,0f,0f,1f],start_interpolation: 0,interpolation_duration: 1}
$data merge entity $(left_cheek) {transformation: [-0.9702f,-0.0711f,-0.2316f,0.3403f,-0.0804f,0.9963f,0.0308f,3.2358f,0.2286f,0.0485f,-0.9723f,-0.508f,0f,0f,0f,1f],start_interpolation: 0,interpolation_duration: 1}
$data merge entity $(left_foot) {transformation: [-0.901f,-0.0102f,-0.483f,1.2558f,-0.0028f,1.0222f,-0.0163f,-4.8217f,0.4831f,-0.013f,-0.9009f,-0.2721f,0f,0f,0f,1f],start_interpolation: 0,interpolation_duration: 1}
$data merge entity $(left_knee) {transformation: [-2.9157f,-0.1932f,-0.8448f,1.0375f,-0.2641f,3.0222f,0.2203f,-0.6223f,0.8254f,0.2845f,-2.9137f,-0.0212f,0f,0f,0f,1f],start_interpolation: 0,interpolation_duration: 1}
$data merge entity $(left_leg) {transformation: [-1.6468f,-0.1705f,-0.4588f,0.7094f,-0.1492f,1.7086f,-0.0994f,2.1117f,0.4662f,-0.0555f,-1.6526f,-0.0422f,0f,0f,0f,1f],start_interpolation: 0,interpolation_duration: 1}
$data merge entity $(right_cheek) {transformation: [-0.99f,0.0766f,-0.1184f,-0.4867f,0.0787f,0.9968f,-0.0134f,3.242f,0.117f,-0.0226f,-0.9929f,-0.3683f,0f,0f,0f,1f],start_interpolation: 0,interpolation_duration: 1}
$data merge entity $(right_foot) {transformation: [-1.0154f,0.0075f,0.1188f,-1.2672f,0.0053f,1.0222f,-0.019f,-4.8207f,-0.1189f,-0.0182f,-1.0153f,0.115f,0f,0f,0f,1f],start_interpolation: 0,interpolation_duration: 1}
$data merge entity $(right_knee) {transformation: [-3.0149f,0.2875f,-0.2825f,-0.9673f,0.2641f,3.0195f,0.2549f,-0.6237f,0.3046f,0.2281f,-3.0178f,0.316f,0f,0f,0f,1f],start_interpolation: 0,interpolation_duration: 1}
$data merge entity $(right_leg) {transformation: [-1.7028f,0.141f,-0.1788f,-0.6654f,0.1492f,1.71f,-0.072f,2.1117f,0.172f,-0.0869f,-1.7071f,0.2197f,0f,0f,0f,1f],start_interpolation: 0,interpolation_duration: 1}
$data merge entity $(weist) {transformation: [-1.5937f,0f,-0.3036f,0f,0f,1.6223f,0f,3.7624f,0.3036f,0f,-1.5937f,-0.0268f,0f,0f,0f,1f],start_interpolation: 0,interpolation_duration: 1}
data modify storage animated_java:temp entry.data merge value {"locators":{"consume":{"px":-4.9522641264,"py":5.3893559011,"pz":2.3917301425,"ry":301.9816262955,"rx":-77.3989476543}}}
# Data Manager: Prepare for Read / Write
execute store result storage animated_java:temp args.id int 1 run scoreboard players get @s aj.id
# Data Manager: Write
function animated_java:global/data_manager/write with storage animated_java:temp args