# This file was generated by Animated Java via MC-Build. It is not recommended to edit this file directly.
$data merge entity $(neck) {transformation: [-0.9988f,-0.0489f,0f,-0.0905f,-0.0489f,0.9978f,0.0439f,5.9819f,-0.0021f,0.0439f,-0.999f,0.0749f,0f,0f,0f,1f],start_interpolation: 0,interpolation_duration: 1}
$data merge entity $(right_thumb_2) {transformation: [-0.7314f,0.6018f,0.3208f,-4.3968f,0.5037f,0.7938f,-0.3408f,5.3167f,-0.4598f,-0.0877f,-0.8837f,2.471f,0f,0f,0f,1f],start_interpolation: 0,interpolation_duration: 1}
$data merge entity $(right_thumb) {transformation: [-0.7314f,0.5771f,-0.3634f,-4.3145f,0.5037f,0.098f,-0.8583f,5.4351f,-0.4598f,-0.8107f,-0.3624f,2.1471f,0f,0f,0f,1f],start_interpolation: 0,interpolation_duration: 1}
$data merge entity $(right_fingers2) {transformation: [0.5444f,-0.8253f,-0.15f,-4.7264f,-0.1459f,0.0829f,-0.9858f,5.3784f,0.8261f,0.5585f,-0.0753f,2.6389f,0f,0f,0f,1f],start_interpolation: 0,interpolation_duration: 1}
$data merge entity $(right_fingers) {transformation: [-0.9042f,-0.4f,-0.15f,-4.867f,0.106f,0.1302f,-0.9858f,5.4113f,0.4138f,-0.9072f,-0.0753f,2.3915f,0f,0f,0f,1f],start_interpolation: 0,interpolation_duration: 1}
$data merge entity $(scout) {transformation: [-1.887f,-1.3375f,-1.884f,-4.7456f,-0.9845f,2.6661f,-0.9066f,5.2763f,2.0902f,0.0483f,-2.1278f,2.5004f,0f,0f,0f,1f],start_interpolation: 0,interpolation_duration: 1}
$data merge entity $(right_hand) {transformation: [-0.5709f,0.8072f,-0.15f,-4.375f,0.1486f,-0.0781f,-0.9858f,5.319f,-0.8074f,-0.5851f,-0.0753f,2.0328f,0f,0f,0f,1f],start_interpolation: 0,interpolation_duration: 1}
$data merge entity $(right_forearm) {transformation: [-0.7729f,1.1165f,-0.2306f,-2.6698f,0.253f,-0.1037f,-1.3499f,5.1032f,-1.1116f,-0.7999f,-0.1469f,0.8691f,0f,0f,0f,1f],start_interpolation: 0,interpolation_duration: 1}
$data merge entity $(right_shoulder) {transformation: [-0.8193f,1.1631f,-0.3545f,-1.0752f,1.1381f,0.583f,-0.7174f,5.6077f,-0.4282f,-0.6761f,-1.2286f,0.1706f,0f,0f,0f,1f],start_interpolation: 0,interpolation_duration: 1}
$data merge entity $(right_arm) {transformation: [-0.997f,-0.0489f,-0.0592f,-0.5276f,-0.0514f,0.9978f,0.0409f,5.9261f,0.0571f,0.0439f,-0.9974f,0.1427f,0f,0f,0f,1f],start_interpolation: 0,interpolation_duration: 1}
$data merge entity $(left_thumb_2) {transformation: [-0.9162f,-0.1071f,0.3862f,2.0839f,-0.1482f,0.9859f,-0.078f,2.1462f,-0.3724f,-0.1287f,-0.9191f,-0.4698f,0f,0f,0f,1f],start_interpolation: 0,interpolation_duration: 1}
$data merge entity $(left_thumb) {transformation: [-0.9162f,0.1172f,0.3833f,2.252f,-0.1482f,0.7896f,-0.5955f,2.4306f,-0.3724f,-0.6024f,-0.706f,-0.5985f,0f,0f,0f,1f],start_interpolation: 0,interpolation_duration: 1}
$data merge entity $(left_fingers2) {transformation: [0.5139f,0.7599f,0.3981f,2.2113f,0.8565f,-0.48f,-0.1895f,1.6767f,0.047f,0.4384f,-0.8976f,-0.5471f,0f,0f,0f,1f],start_interpolation: 0,interpolation_duration: 1}
$data merge entity $(left_fingers) {transformation: [-0.6133f,0.6822f,0.3981f,2.4259f,0.6726f,0.7153f,-0.1895f,1.8602f,-0.414f,0.1515f,-0.8976f,-0.4988f,0f,0f,0f,1f],start_interpolation: 0,interpolation_duration: 1}
$data merge entity $(left_hand) {transformation: [-0.9155f,-0.0578f,0.3981f,2.4034f,-0.1438f,0.9713f,-0.1895f,2.4476f,-0.3757f,-0.2308f,-0.8976f,-0.6821f,0f,0f,0f,1f],start_interpolation: 0,interpolation_duration: 1}
$data merge entity $(left_forearm) {transformation: [-1.1927f,-0.4645f,-0.5089f,1.6358f,-0.3623f,1.2881f,-0.3265f,4.3605f,0.586f,-0.1489f,-1.2376f,-0.927f,0f,0f,0f,1f],start_interpolation: 0,interpolation_duration: 1}
$data merge entity $(left_shoulder) {transformation: [-1.3577f,-0.3639f,-0.4173f,0.9319f,-0.5217f,1.2109f,0.6413f,5.7111f,0.1855f,0.7423f,-1.2508f,0.0557f,0f,0f,0f,1f],start_interpolation: 0,interpolation_duration: 1}
$data merge entity $(left_arm) {transformation: [-0.997f,-0.0489f,-0.0592f,0.3549f,-0.0514f,0.9978f,0.0409f,5.9716f,0.0571f,0.0439f,-0.9974f,0.0922f,0f,0f,0f,1f],start_interpolation: 0,interpolation_duration: 1}
$data merge entity $(chest) {transformation: [-1.2748f,-0.0626f,-0.0757f,0f,-0.0657f,1.2758f,0.0523f,4.1481f,0.073f,0.0561f,-1.2752f,0.0037f,0f,0f,0f,1f],start_interpolation: 0,interpolation_duration: 1}
$data merge entity $(left_cheek) {transformation: [-0.9691f,-0.0749f,-0.2349f,0.3363f,-0.0831f,0.9962f,0.0254f,3.2323f,0.2321f,0.0441f,-0.9717f,-0.5146f,0f,0f,0f,1f],start_interpolation: 0,interpolation_duration: 1}
$data merge entity $(left_foot) {transformation: [-0.8989f,-0.0098f,-0.487f,1.2591f,-0.0023f,1.0222f,-0.0162f,-4.8223f,0.4871f,-0.0132f,-0.8988f,-0.2616f,0f,0f,0f,1f],start_interpolation: 0,interpolation_duration: 1}
$data merge entity $(left_knee) {transformation: [-2.9119f,-0.1939f,-0.8577f,1.0393f,-0.2641f,3.0227f,0.2134f,-0.6225f,0.8387f,0.2788f,-2.9105f,-0.019f,0f,0f,0f,1f],start_interpolation: 0,interpolation_duration: 1}
$data merge entity $(left_leg) {transformation: [-1.6446f,-0.1718f,-0.466f,0.7093f,-0.1492f,1.7084f,-0.1033f,2.1112f,0.4737f,-0.0585f,-1.6503f,-0.0446f,0f,0f,0f,1f],start_interpolation: 0,interpolation_duration: 1}
$data merge entity $(right_cheek) {transformation: [-0.9888f,0.0746f,-0.1294f,-0.4895f,0.0749f,0.9972f,0.0027f,3.2408f,0.1292f,-0.0071f,-0.9916f,-0.3651f,0f,0f,0f,1f],start_interpolation: 0,interpolation_duration: 1}
$data merge entity $(right_foot) {transformation: [-1.0159f,0.0078f,0.1143f,-1.2681f,0.0056f,1.0222f,-0.0198f,-4.821f,-0.1144f,-0.019f,-1.0158f,0.107f,0f,0f,0f,1f],start_interpolation: 0,interpolation_duration: 1}
$data merge entity $(right_knee) {transformation: [-3.0135f,0.289f,-0.2959f,-0.9667f,0.2641f,3.0191f,0.2595f,-0.6243f,0.3184f,0.2314f,-3.0162f,0.313f,0f,0f,0f,1f],start_interpolation: 0,interpolation_duration: 1}
$data merge entity $(right_leg) {transformation: [-1.702f,0.1412f,-0.1861f,-0.6642f,0.1492f,1.7102f,-0.0668f,2.1112f,0.1798f,-0.0824f,-1.7065f,0.2236f,0f,0f,0f,1f],start_interpolation: 0,interpolation_duration: 1}
$data merge entity $(weist) {transformation: [-1.5923f,0f,-0.3109f,0f,0f,1.6223f,0f,3.7619f,0.3109f,0f,-1.5923f,-0.0258f,0f,0f,0f,1f],start_interpolation: 0,interpolation_duration: 1}
data modify storage animated_java:temp entry.data merge value {"locators":{"consume":{"px":-4.8388133856,"py":5.3192766748,"pz":2.6357455592,"ry":296.6502948502,"rx":-80.3366686484}}}
# Data Manager: Prepare for Read / Write
execute store result storage animated_java:temp args.id int 1 run scoreboard players get @s aj.id
# Data Manager: Write
function animated_java:global/data_manager/write with storage animated_java:temp args