# This file was generated by Animated Java via MC-Build. It is not recommended to edit this file directly.
$data merge entity $(neck) {transformation: [-0.9991f,-0.0423f,0f,-0.0791f,-0.0423f,0.9981f,0.044f,5.9834f,-0.0018f,0.044f,-0.999f,0.0759f,0f,0f,0f,1f],start_interpolation: 0,interpolation_duration: 1}
$data merge entity $(right_thumb_2) {transformation: [-0.758f,0.587f,0.2844f,-4.1775f,0.5071f,0.8046f,-0.309f,5.3389f,-0.4102f,-0.0901f,-0.9075f,2.8271f,0f,0f,0f,1f],start_interpolation: 0,interpolation_duration: 1}
$data merge entity $(right_thumb) {transformation: [-0.758f,0.5297f,-0.3805f,-4.1141f,0.5071f,0.1117f,-0.8546f,5.4621f,-0.4102f,-0.8408f,-0.3533f,2.5008f,0f,0f,0f,1f],start_interpolation: 0,interpolation_duration: 1}
$data merge entity $(right_fingers2) {transformation: [0.6714f,-0.7241f,-0.158f,-4.4698f,-0.145f,0.0807f,-0.9861f,5.4103f,0.7268f,0.685f,-0.0508f,3.0257f,0f,0f,0f,1f],start_interpolation: 0,interpolation_duration: 1}
$data merge entity $(right_fingers) {transformation: [-0.845f,-0.5109f,-0.158f,-4.6403f,0.1084f,0.1256f,-0.9861f,5.4419f,0.5237f,-0.8504f,-0.0508f,2.7978f,0f,0f,0f,1f],start_interpolation: 0,interpolation_duration: 1}
$data merge entity $(scout) {transformation: [-1.9383f,-0.6403f,-2.1753f,-4.5092f,-0.5018f,2.9119f,-0.4099f,5.3077f,2.2114f,0.0996f,-1.9998f,2.8957f,0f,0f,0f,1f],start_interpolation: 0,interpolation_duration: 1}
$data merge entity $(right_hand) {transformation: [-0.6463f,0.7465f,-0.158f,-4.1856f,0.1421f,-0.0856f,-0.9861f,5.345f,-0.7497f,-0.6598f,-0.0508f,2.394f,0f,0f,0f,1f],start_interpolation: 0,interpolation_duration: 1}
$data merge entity $(right_forearm) {transformation: [-0.8627f,1.0451f,-0.2462f,-2.5847f,0.2509f,-0.1108f,-1.3498f,5.1186f,-1.044f,-0.8903f,-0.121f,1.0923f,0f,0f,0f,1f],start_interpolation: 0,interpolation_duration: 1}
$data merge entity $(right_shoulder) {transformation: [-0.8475f,1.1045f,-0.4602f,-1.0525f,1.1402f,0.5745f,-0.7209f,5.6124f,-0.3627f,-0.7746f,-1.1909f,0.2594f,0f,0f,0f,1f],start_interpolation: 0,interpolation_duration: 1}
$data merge entity $(right_arm) {transformation: [-0.9883f,-0.0423f,-0.1466f,-0.5087f,-0.0483f,0.9981f,0.0373f,5.9291f,0.1448f,0.044f,-0.9885f,0.1821f,0f,0f,0f,1f],start_interpolation: 0,interpolation_duration: 1}
$data merge entity $(left_thumb_2) {transformation: [-0.9502f,-0.0984f,0.2956f,1.9686f,-0.1279f,0.9884f,-0.0823f,2.126f,-0.2841f,-0.116f,-0.9518f,-0.684f,0f,0f,0f,1f],start_interpolation: 0,interpolation_duration: 1}
$data merge entity $(left_thumb) {transformation: [-0.9502f,0.0758f,0.3022f,2.1296f,-0.1279f,0.7894f,-0.6004f,2.4073f,-0.2841f,-0.6092f,-0.7404f,-0.8274f,0f,0f,0f,1f],start_interpolation: 0,interpolation_duration: 1}
$data merge entity $(left_fingers2) {transformation: [0.5227f,0.7951f,0.3075f,2.0792f,0.8525f,-0.4875f,-0.1885f,1.6529f,0f,0.3607f,-0.9327f,-0.7779f,0f,0f,0f,1f],start_interpolation: 0,interpolation_duration: 1}
$data merge entity $(left_fingers) {transformation: [-0.6393f,0.7048f,0.3075f,2.3003f,0.6851f,0.7036f,-0.1885f,1.8327f,-0.3492f,0.0902f,-0.9327f,-0.7492f,0f,0f,0f,1f],start_interpolation: 0,interpolation_duration: 1}
$data merge entity $(left_hand) {transformation: [-0.9497f,-0.0594f,0.3075f,2.2727f,-0.122f,0.9745f,-0.1885f,2.4222f,-0.2884f,-0.2165f,-0.9327f,-0.9249f,0f,0f,0f,1f],start_interpolation: 0,interpolation_duration: 1}
$data merge entity $(left_forearm) {transformation: [-1.1378f,-0.4512f,-0.6317f,1.5229f,-0.3455f,1.298f,-0.3048f,4.3516f,0.6952f,-0.0934f,-1.1854f,-1.0797f,0f,0f,0f,1f],start_interpolation: 0,interpolation_duration: 1}
$data merge entity $(left_shoulder) {transformation: [-1.3424f,-0.2726f,-0.523f,0.9369f,-0.5007f,1.2138f,0.6526f,5.7095f,0.3117f,0.776f,-1.2044f,-0.032f,0f,0f,0f,1f],start_interpolation: 0,interpolation_duration: 1}
$data merge entity $(left_arm) {transformation: [-0.9883f,-0.0423f,-0.1466f,0.366f,-0.0483f,0.9981f,0.0373f,5.9718f,0.1448f,0.044f,-0.9885f,0.054f,0f,0f,0f,1f],start_interpolation: 0,interpolation_duration: 1}
$data merge entity $(chest) {transformation: [-1.2636f,-0.0541f,-0.1875f,0f,-0.0617f,1.2762f,0.0477f,4.1491f,0.1851f,0.0562f,-1.2638f,0.0044f,0f,0f,0f,1f],start_interpolation: 0,interpolation_duration: 1}
$data merge entity $(left_cheek) {transformation: [-0.969f,-0.0779f,-0.2343f,0.3345f,-0.0853f,0.9961f,0.0216f,3.2297f,0.2317f,0.0409f,-0.9719f,-0.5183f,0f,0f,0f,1f],start_interpolation: 0,interpolation_duration: 1}
$data merge entity $(left_foot) {transformation: [-0.8985f,-0.0097f,-0.4877f,1.2596f,-0.0022f,1.0222f,-0.0162f,-4.8228f,0.4877f,-0.0132f,-0.8984f,-0.259f,0f,0f,0f,1f],start_interpolation: 0,interpolation_duration: 1}
$data merge entity $(left_knee) {transformation: [-2.9112f,-0.194f,-0.8598f,1.0395f,-0.2641f,3.0228f,0.2122f,-0.6229f,0.841f,0.2778f,-2.9099f,-0.0178f,0f,0f,0f,1f],start_interpolation: 0,interpolation_duration: 1}
$data merge entity $(left_leg) {transformation: [-1.6442f,-0.172f,-0.4672f,0.7093f,-0.1492f,1.7083f,-0.104f,2.1107f,0.475f,-0.059f,-1.6499f,-0.0441f,0f,0f,0f,1f],start_interpolation: 0,interpolation_duration: 1}
$data merge entity $(right_cheek) {transformation: [-0.9879f,0.0726f,-0.1374f,-0.4908f,0.0709f,0.9973f,0.0171f,3.2395f,0.1382f,0.0071f,-0.9904f,-0.3634f,0f,0f,0f,1f],start_interpolation: 0,interpolation_duration: 1}
$data merge entity $(right_foot) {transformation: [-1.016f,0.0079f,0.1135f,-1.2682f,0.0057f,1.0222f,-0.0199f,-4.8215f,-0.1137f,-0.0192f,-1.0159f,0.1065f,0f,0f,0f,1f],start_interpolation: 0,interpolation_duration: 1}
$data merge entity $(right_knee) {transformation: [-3.0132f,0.2893f,-0.2981f,-0.9666f,0.2641f,3.0191f,0.2603f,-0.6249f,0.3207f,0.232f,-3.0159f,0.3134f,0f,0f,0f,1f],start_interpolation: 0,interpolation_duration: 1}
$data merge entity $(right_leg) {transformation: [-1.7019f,0.1412f,-0.1874f,-0.664f,0.1492f,1.7102f,-0.0659f,2.1107f,0.1811f,-0.0816f,-1.7064f,0.2252f,0f,0f,0f,1f],start_interpolation: 0,interpolation_duration: 1}
$data merge entity $(weist) {transformation: [-1.592f,0f,-0.3121f,0f,0f,1.6223f,0f,3.7614f,0.3121f,0f,-1.592f,-0.0248f,0f,0f,0f,1f],start_interpolation: 0,interpolation_duration: 1}
data modify storage animated_java:temp entry.data merge value {"locators":{"consume":{"px":-4.5887765445,"py":5.3521964289,"pz":3.0390457191,"ry":287.8150066082,"rx":-80.4481942896}}}
# Data Manager: Prepare for Read / Write
execute store result storage animated_java:temp args.id int 1 run scoreboard players get @s aj.id
# Data Manager: Write
function animated_java:global/data_manager/write with storage animated_java:temp args