# This file was generated by Animated Java via MC-Build. It is not recommended to edit this file directly.
$data merge entity $(neck) {transformation: [-0.9995f,-0.0309f,0f,-0.0588f,-0.0308f,0.9986f,0.0438f,5.985f,-0.0013f,0.0438f,-0.999f,0.0765f,0f,0f,0f,1f],start_interpolation: 0,interpolation_duration: 1}
$data merge entity $(right_thumb_2) {transformation: [-0.77f,0.6099f,0.1874f,-3.8982f,0.5408f,0.7797f,-0.3156f,5.4481f,-0.3386f,-0.1417f,-0.9302f,3.1779f,0f,0f,0f,1f],start_interpolation: 0,interpolation_duration: 1}
$data merge entity $(right_thumb) {transformation: [-0.77f,0.4541f,-0.4482f,-3.8599f,0.5408f,0.0916f,-0.8362f,5.5695f,-0.3386f,-0.8862f,-0.3161f,2.847f,0f,0f,0f,1f],start_interpolation: 0,interpolation_duration: 1}
$data merge entity $(right_fingers2) {transformation: [0.7379f,-0.643f,-0.2051f,-4.1637f,-0.1757f,0.1105f,-0.9782f,5.533f,0.6517f,0.7579f,-0.0314f,3.4036f,0f,0f,0f,1f],start_interpolation: 0,interpolation_duration: 1}
$data merge entity $(right_fingers) {transformation: [-0.7819f,-0.5887f,-0.2051f,-4.355f,0.1445f,0.149f,-0.9782f,5.5723f,0.6064f,-0.7945f,-0.0314f,3.1941f,0f,0f,0f,1f],start_interpolation: 0,interpolation_duration: 1}
$data merge entity $(scout) {transformation: [-1.9472f,0.1693f,-2.2537f,-4.2208f,0.0719f,2.9779f,0.1616f,5.4324f,2.2589f,0.0512f,-1.9478f,3.2792f,0f,0f,0f,1f],start_interpolation: 0,interpolation_duration: 1}
$data merge entity $(right_hand) {transformation: [-0.7097f,0.674f,-0.2051f,-3.9465f,0.1708f,-0.1179f,-0.9782f,5.4558f,-0.6835f,-0.7293f,-0.0314f,2.7481f,0f,0f,0f,1f],start_interpolation: 0,interpolation_duration: 1}
$data merge entity $(right_forearm) {transformation: [-0.9471f,0.9548f,-0.2974f,-2.4801f,0.2691f,-0.1513f,-1.3423f,5.168f,-0.9632f,-0.9811f,-0.0825f,1.3076f,0f,0f,0f,1f],start_interpolation: 0,interpolation_duration: 1}
$data merge entity $(right_shoulder) {transformation: [-0.8524f,1.0436f,-0.5781f,-1.0173f,1.1553f,0.5447f,-0.7201f,5.6224f,-0.2978f,-0.8741f,-1.1389f,0.3386f,0f,0f,0f,1f],start_interpolation: 0,interpolation_duration: 1}
$data merge entity $(right_arm) {transformation: [-0.9739f,-0.0309f,-0.225f,-0.4789f,-0.0399f,0.9986f,0.0357f,5.9345f,0.2236f,0.0438f,-0.9737f,0.217f,0f,0f,0f,1f],start_interpolation: 0,interpolation_duration: 1}
$data merge entity $(left_thumb_2) {transformation: [-0.9743f,-0.0823f,0.2099f,1.8271f,-0.1019f,0.9912f,-0.0839f,2.0996f,-0.2011f,-0.1032f,-0.9741f,-0.8746f,0f,0f,0f,1f],start_interpolation: 0,interpolation_duration: 1}
$data merge entity $(left_thumb) {transformation: [-0.9743f,0.0433f,0.2212f,1.9824f,-0.1019f,0.7909f,-0.6034f,2.3777f,-0.2011f,-0.6104f,-0.7661f,-1.0304f,0f,0f,0f,1f],start_interpolation: 0,interpolation_duration: 1}
$data merge entity $(left_fingers2) {transformation: [0.5342f,0.816f,0.2209f,1.9173f,0.8444f,-0.5023f,-0.1861f,1.6233f,-0.0409f,0.286f,-0.9574f,-0.9829f,0f,0f,0f,1f],start_interpolation: 0,interpolation_duration: 1}
$data merge entity $(left_fingers) {transformation: [-0.6516f,0.7256f,0.2209f,2.1441f,0.7022f,0.6872f,-0.1861f,1.798f,-0.2869f,0.0338f,-0.9574f,-0.9722f,0f,0f,0f,1f],start_interpolation: 0,interpolation_duration: 1}
$data merge entity $(left_hand) {transformation: [-0.9739f,-0.0523f,0.2209f,2.1169f,-0.0947f,0.9779f,-0.1861f,2.39f,-0.2063f,-0.2022f,-0.9574f,-1.1398f,0f,0f,0f,1f],start_interpolation: 0,interpolation_duration: 1}
$data merge entity $(left_forearm) {transformation: [-1.0811f,-0.4242f,-0.7404f,1.4061f,-0.3247f,1.3097f,-0.2763f,4.3388f,0.7892f,-0.0423f,-1.1281f,-1.2117f,0f,0f,0f,1f],start_interpolation: 0,interpolation_duration: 1}
$data merge entity $(left_shoulder) {transformation: [-1.3215f,-0.1774f,-0.61f,0.9431f,-0.473f,1.2146f,0.6715f,5.7027f,0.4241f,0.802f,-1.1519f,-0.1114f,0f,0f,0f,1f],start_interpolation: 0,interpolation_duration: 1}
$data merge entity $(left_arm) {transformation: [-0.9739f,-0.0309f,-0.225f,0.383f,-0.0399f,0.9986f,0.0357f,5.9698f,0.2236f,0.0438f,-0.9737f,0.0191f,0f,0f,0f,1f],start_interpolation: 0,interpolation_duration: 1}
$data merge entity $(chest) {transformation: [-1.2451f,-0.0395f,-0.2877f,0f,-0.051f,1.2767f,0.0457f,4.1499f,0.2858f,0.056f,-1.2449f,0.0053f,0f,0f,0f,1f],start_interpolation: 0,interpolation_duration: 1}
$data merge entity $(left_cheek) {transformation: [-0.9704f,-0.0798f,-0.2278f,0.3364f,-0.0867f,0.996f,0.0208f,3.2288f,0.2252f,0.0399f,-0.9735f,-0.5171f,0f,0f,0f,1f],start_interpolation: 0,interpolation_duration: 1}
$data merge entity $(left_foot) {transformation: [-0.901f,-0.0102f,-0.483f,1.2558f,-0.0028f,1.0222f,-0.0163f,-4.8232f,0.4831f,-0.013f,-0.9009f,-0.2691f,0f,0f,0f,1f],start_interpolation: 0,interpolation_duration: 1}
$data merge entity $(left_knee) {transformation: [-2.9157f,-0.1932f,-0.8448f,1.0375f,-0.2641f,3.0222f,0.2203f,-0.6238f,0.8254f,0.2845f,-2.9137f,-0.0182f,0f,0f,0f,1f],start_interpolation: 0,interpolation_duration: 1}
$data merge entity $(left_leg) {transformation: [-1.6468f,-0.1705f,-0.4588f,0.7094f,-0.1492f,1.7086f,-0.0994f,2.1102f,0.4662f,-0.0555f,-1.6526f,-0.0392f,0f,0f,0f,1f],start_interpolation: 0,interpolation_duration: 1}
$data merge entity $(right_cheek) {transformation: [-0.9877f,0.0701f,-0.14f,-0.4896f,0.0669f,0.9974f,0.0279f,3.238f,0.1416f,0.0182f,-0.9898f,-0.3645f,0f,0f,0f,1f],start_interpolation: 0,interpolation_duration: 1}
$data merge entity $(right_foot) {transformation: [-1.0154f,0.0075f,0.1188f,-1.2672f,0.0053f,1.0222f,-0.019f,-4.8223f,-0.1189f,-0.0182f,-1.0153f,0.1181f,0f,0f,0f,1f],start_interpolation: 0,interpolation_duration: 1}
$data merge entity $(right_knee) {transformation: [-3.0149f,0.2875f,-0.2825f,-0.9673f,0.2641f,3.0195f,0.2549f,-0.6252f,0.3046f,0.2281f,-3.0178f,0.3191f,0f,0f,0f,1f],start_interpolation: 0,interpolation_duration: 1}
$data merge entity $(right_leg) {transformation: [-1.7028f,0.141f,-0.1788f,-0.6654f,0.1492f,1.71f,-0.072f,2.1102f,0.172f,-0.0869f,-1.7071f,0.2227f,0f,0f,0f,1f],start_interpolation: 0,interpolation_duration: 1}
$data merge entity $(weist) {transformation: [-1.5937f,0f,-0.3036f,0f,0f,1.6223f,0f,3.7609f,0.3036f,0f,-1.5937f,-0.0237f,0f,0f,0f,1f],start_interpolation: 0,interpolation_duration: 1}
data modify storage animated_java:temp entry.data merge value {"locators":{"consume":{"px":-4.2840338514,"py":5.4802685406,"pz":3.429441946,"ry":278.7129004519,"rx":-78.0229484294}}}
# Data Manager: Prepare for Read / Write
execute store result storage animated_java:temp args.id int 1 run scoreboard players get @s aj.id
# Data Manager: Write
function animated_java:global/data_manager/write with storage animated_java:temp args