# This file was generated by Animated Java via MC-Build. It is not recommended to edit this file directly.
$data merge entity $(neck) {transformation: [-0.9362f,-0.071f,-0.3443f,-0.1337f,-0.0719f,0.9974f,-0.0102f,5.9132f,0.3441f,0.0152f,-0.9388f,0.0374f,0f,0f,0f,1f],start_interpolation: 0,interpolation_duration: 1}
$data merge entity $(right_thumb_2) {transformation: [0.6042f,-0.2052f,0.77f,0.9773f,0.7223f,-0.267f,-0.6379f,6.627f,0.3365f,0.9416f,-0.0131f,0.6993f,0f,0f,0f,1f],start_interpolation: 0,interpolation_duration: 1}
$data merge entity $(right_thumb) {transformation: [0.6042f,0.1137f,0.7887f,1.0923f,0.7223f,-0.4961f,-0.4818f,6.5813f,0.3365f,0.8608f,-0.3818f,1.0315f,0f,0f,0f,1f],start_interpolation: 0,interpolation_duration: 1}
$data merge entity $(right_fingers2) {transformation: [0.7107f,0.0781f,0.6992f,1.546f,0.6318f,0.3664f,-0.6831f,6.6962f,-0.3095f,0.9272f,0.2111f,0.2825f,0f,0f,0f,1f],start_interpolation: 0,interpolation_duration: 1}
$data merge entity $(right_fingers) {transformation: [0.5779f,-0.421f,0.6992f,1.4475f,0.7138f,-0.1547f,-0.6831f,6.6672f,0.3958f,0.8938f,0.2111f,0.5499f,0f,0f,0f,1f],start_interpolation: 0,interpolation_duration: 1}
$data merge entity $(scout) {transformation: [0f,0f,0f,-1.2282f,0f,0f,0f,9.339f,0f,0f,0f,0.2062f,0f,0f,0f,1f],start_interpolation: 0,interpolation_duration: 1}
$data merge entity $(right_hand) {transformation: [0.6042f,-0.3823f,0.6992f,1.2405f,0.7223f,-0.1077f,-0.6831f,6.5673f,0.3365f,0.9177f,0.2111f,1.1212f,0f,0f,0f,1f],start_interpolation: 0,interpolation_duration: 1}
$data merge entity $(right_forearm) {transformation: [0.4675f,-1.1136f,0.6622f,-0.4318f,0.5908f,-0.4433f,-1.1626f,5.8328f,1.153f,0.6787f,0.3272f,2.1072f,0f,0f,0f,1f],start_interpolation: 0,interpolation_duration: 1}
$data merge entity $(right_shoulder) {transformation: [-0.8763f,-0.6657f,-0.9689f,-1.0356f,1.1173f,-0.0958f,-0.9446f,5.5212f,0.3656f,-1.3029f,0.5645f,0.4269f,0f,0f,0f,1f],start_interpolation: 0,interpolation_duration: 1}
$data merge entity $(right_arm) {transformation: [-0.9367f,-0.071f,-0.343f,-0.5309f,-0.0719f,0.9974f,-0.0101f,5.8506f,0.3428f,0.0152f,-0.9393f,0.23f,0f,0f,0f,1f],start_interpolation: 0,interpolation_duration: 1}
$data merge entity $(left_thumb_2) {transformation: [-0.6998f,-0.1557f,0.6972f,2.3783f,-0.6121f,0.6337f,-0.473f,3.1591f,-0.3682f,-0.7577f,-0.5388f,0.9837f,0f,0f,0f,1f],start_interpolation: 0,interpolation_duration: 1}
$data merge entity $(left_thumb) {transformation: [-0.6998f,0.2433f,0.6716f,2.5508f,-0.6121f,0.2803f,-0.7394f,3.3504f,-0.3682f,-0.9286f,-0.0473f,0.7402f,0f,0f,0f,1f],start_interpolation: 0,interpolation_duration: 1}
$data merge entity $(left_fingers2) {transformation: [0.3798f,0.5949f,0.7084f,2.5854f,0.8439f,0.091f,-0.5288f,2.7951f,-0.379f,0.7987f,-0.4674f,1.2484f,0f,0f,0f,1f],start_interpolation: 0,interpolation_duration: 1}
$data merge entity $(left_fingers) {transformation: [-0.4986f,0.4995f,0.7084f,2.747f,0.0938f,0.8436f,-0.5288f,3.0289f,-0.8618f,-0.1972f,-0.4674f,1.2131f,0f,0f,0f,1f],start_interpolation: 0,interpolation_duration: 1}
$data merge entity $(left_hand) {transformation: [-0.6998f,-0.0914f,0.7084f,2.7186f,-0.6121f,0.588f,-0.5288f,3.3636f,-0.3682f,-0.8037f,-0.4674f,0.697f,0f,0f,0f,1f],start_interpolation: 0,interpolation_duration: 1}
$data merge entity $(left_forearm) {transformation: [-1.1747f,-0.4724f,-0.5422f,1.9386f,0.2551f,0.6972f,-1.1602f,4.382f,0.6724f,-1.0899f,-0.5071f,-0.9348f,0f,0f,0f,1f],start_interpolation: 0,interpolation_duration: 1}
$data merge entity $(left_shoulder) {transformation: [-1.1262f,-0.7226f,-0.5993f,0.8498f,-0.8385f,1.1953f,0.1344f,5.666f,0.4224f,0.4459f,-1.3314f,-0.2632f,0f,0f,0f,1f],start_interpolation: 0,interpolation_duration: 1}
$data merge entity $(left_arm) {transformation: [-0.9367f,-0.071f,-0.343f,0.2981f,-0.0719f,0.9974f,-0.0101f,5.9142f,0.3428f,0.0152f,-0.9393f,-0.0734f,0f,0f,0f,1f],start_interpolation: 0,interpolation_duration: 1}
$data merge entity $(chest) {transformation: [-1.1976f,-0.0908f,-0.4385f,0f,-0.092f,1.2752f,-0.0129f,4.0808f,0.4383f,0.0195f,-1.2009f,0.0183f,0f,0f,0f,1f],start_interpolation: 0,interpolation_duration: 1}
$data merge entity $(left_cheek) {transformation: [-0.9533f,-0.0642f,-0.2952f,0.2606f,-0.0442f,0.9963f,-0.0738f,3.2426f,0.2989f,-0.0573f,-0.9526f,-0.5292f,0f,0f,0f,1f],start_interpolation: 0,interpolation_duration: 1}
$data merge entity $(left_foot) {transformation: [-0.8381f,-0.021f,-0.5851f,0.2792f,-0.0156f,1.0221f,-0.0143f,-4.849f,0.5853f,-0.0028f,-0.8382f,-0.7022f,0f,0f,0f,1f],start_interpolation: 0,interpolation_duration: 1}
$data merge entity $(left_knee) {transformation: [-2.6986f,0.2209f,-1.386f,0.6057f,-0.001f,3.0035f,0.4807f,-0.6724f,1.4035f,0.4269f,-2.6646f,-0.2607f,0f,0f,0f,1f],start_interpolation: 0,interpolation_duration: 1}
$data merge entity $(left_leg) {transformation: [-1.5241f,0.034f,-0.792f,0.62f,-0.0005f,1.7163f,0.0748f,2.075f,0.7927f,0.0666f,-1.5227f,-0.0764f,0f,0f,0f,1f],start_interpolation: 0,interpolation_duration: 1}
$data merge entity $(right_cheek) {transformation: [-0.9814f,0.0663f,-0.18f,-0.5372f,0.0836f,0.9924f,-0.0905f,3.2985f,0.1726f,-0.1039f,-0.9795f,-0.3188f,0f,0f,0f,1f],start_interpolation: 0,interpolation_duration: 1}
$data merge entity $(right_foot) {transformation: [-1.0221f,-0.0221f,-0.001f,-0.5843f,-0.0221f,1.0221f,-0.0051f,-4.7788f,0.0011f,-0.0051f,-1.0224f,0.8296f,0f,0f,0f,1f],start_interpolation: 0,interpolation_duration: 1}
$data merge entity $(right_knee) {transformation: [-3.0264f,-0.0378f,-0.3029f,-0.7358f,-0.0385f,3.0415f,0.0054f,-0.5703f,0.3028f,0.0092f,-3.0266f,0.7272f,0f,0f,0f,1f],start_interpolation: 0,interpolation_duration: 1}
$data merge entity $(right_leg) {transformation: [-1.7093f,-0.0433f,-0.1668f,-0.7291f,-0.0132f,1.6909f,-0.3032f,2.1482f,0.1718f,-0.3004f,-1.6827f,0.2881f,0f,0f,0f,1f],start_interpolation: 0,interpolation_duration: 1}
$data merge entity $(weist) {transformation: [-1.564f,0.0837f,-0.4228f,0f,0.0848f,1.6201f,0.0072f,3.7605f,0.4226f,-0.0152f,-1.5663f,-0.0231f,0f,0f,0f,1f],start_interpolation: 0,interpolation_duration: 1}
data modify storage animated_java:temp entry.data merge value {"locators":{"consume":{"px":1.4011786445,"py":6.4689668363,"pz":0.3841625081,"ry":106.8008859133,"rx":-43.0861848442}}}
# Data Manager: Prepare for Read / Write
execute store result storage animated_java:temp args.id int 1 run scoreboard players get @s aj.id
# Data Manager: Write
function animated_java:global/data_manager/write with storage animated_java:temp args