# This file was generated by Animated Java via MC-Build. It is not recommended to edit this file directly.
$data merge entity $(neck) {transformation: [-0.9998f,-0.0218f,0f,-0.0425f,-0.0218f,0.9988f,0.0436f,5.9862f,-0.001f,0.0436f,-0.999f,0.0772f,0f,0f,0f,1f],start_interpolation: 0,interpolation_duration: 1}
$data merge entity $(right_thumb_2) {transformation: [-0.7474f,0.6613f,0.0638f,-3.6667f,0.6017f,0.7145f,-0.3569f,5.6359f,-0.2817f,-0.2284f,-0.9319f,3.3933f,0f,0f,0f,1f],start_interpolation: 0,interpolation_duration: 1}
$data merge entity $(right_thumb) {transformation: [-0.7474f,0.3755f,-0.5481f,-3.6489f,0.6017f,0.0329f,-0.798f,5.7469f,-0.2817f,-0.9262f,-0.2506f,3.0571f,0f,0f,0f,1f],start_interpolation: 0,interpolation_duration: 1}
$data merge entity $(right_fingers2) {transformation: [0.7464f,-0.5978f,-0.2923f,-3.9159f,-0.2283f,0.1826f,-0.9563f,5.7442f,0.6251f,0.7805f,-0.0001f,3.6375f,0f,0f,0f,1f],start_interpolation: 0,interpolation_duration: 1}
$data merge entity $(right_fingers) {transformation: [-0.7286f,-0.6194f,-0.2923f,-4.1151f,0.2226f,0.1895f,-0.9563f,5.7974f,0.6478f,-0.7618f,-0.0001f,3.4387f,0f,0f,0f,1f],start_interpolation: 0,interpolation_duration: 1}
$data merge entity $(scout) {transformation: [-1.847f,0.8302f,-2.1905f,-3.988f,0.5618f,2.8651f,0.6122f,5.6471f,2.2742f,-0.0335f,-1.9303f,3.5163f,0f,0f,0f,1f],start_interpolation: 0,interpolation_duration: 1}
$data merge entity $(right_hand) {transformation: [-0.7399f,0.6059f,-0.2923f,-3.7522f,0.2262f,-0.1851f,-0.9563f,5.6404f,-0.6336f,-0.7737f,-0.0001f,2.9666f,0f,0f,0f,1f],start_interpolation: 0,interpolation_duration: 1}
$data merge entity $(right_forearm) {transformation: [-0.9952f,0.8725f,-0.3815f,-2.4107f,0.3099f,-0.225f,-1.323f,5.2404f,-0.9004f,-1.0418f,-0.0337f,1.434f,0f,0f,0f,1f],start_interpolation: 0,interpolation_duration: 1}
$data merge entity $(right_shoulder) {transformation: [-0.8288f,1.0074f,-0.6694f,-0.9939f,1.1804f,0.4968f,-0.7139f,5.6311f,-0.2637f,-0.9424f,-1.0918f,0.3732f,0f,0f,0f,1f],start_interpolation: 0,interpolation_duration: 1}
$data merge entity $(right_arm) {transformation: [-0.9657f,-0.0218f,-0.2588f,-0.4578f,-0.0323f,0.9988f,0.0365f,5.939f,0.2577f,0.0436f,-0.9653f,0.2324f,0f,0f,0f,1f],start_interpolation: 0,interpolation_duration: 1}
$data merge entity $(left_thumb_2) {transformation: [-0.9836f,-0.0643f,0.1685f,1.7251f,-0.0791f,0.9935f,-0.0823f,2.0803f,-0.1621f,-0.0943f,-0.9823f,-0.9692f,0f,0f,0f,1f],start_interpolation: 0,interpolation_duration: 1}
$data merge entity $(left_thumb) {transformation: [-0.9836f,0.0363f,0.1767f,1.8801f,-0.0791f,0.7936f,-0.6032f,2.3558f,-0.1621f,-0.6073f,-0.7778f,-1.1296f,0f,0f,0f,1f],start_interpolation: 0,interpolation_duration: 1}
$data merge entity $(left_fingers2) {transformation: [0.5463f,0.8184f,0.1781f,1.8003f,0.8357f,-0.518f,-0.1825f,1.6023f,-0.0571f,0.2486f,-0.9669f,-1.0854f,0f,0f,0f,1f],start_interpolation: 0,interpolation_duration: 1}
$data merge entity $(left_fingers) {transformation: [-0.6482f,0.7404f,0.1781f,2.0309f,0.7176f,0.6721f,-0.1825f,1.7722f,-0.2549f,0.0095f,-0.9669f,-1.0825f,0f,0f,0f,1f],start_interpolation: 0,interpolation_duration: 1}
$data merge entity $(left_hand) {transformation: [-0.9833f,-0.0383f,0.1781f,2.0103f,-0.0712f,0.9806f,-0.1825f,2.3661f,-0.1677f,-0.1921f,-0.9669f,-1.2441f,0f,0f,0f,1f],start_interpolation: 0,interpolation_duration: 1}
$data merge entity $(left_forearm) {transformation: [-1.0551f,-0.3965f,-0.7917f,1.3406f,-0.3081f,1.319f,-0.25f,4.3305f,0.8301f,-0.0144f,-1.099f,-1.2714f,0f,0f,0f,1f],start_interpolation: 0,interpolation_duration: 1}
$data merge entity $(left_shoulder) {transformation: [-1.3128f,-0.1202f,-0.6418f,0.95f,-0.449f,1.2126f,0.6913f,5.6962f,0.4741f,0.8155f,-1.1225f,-0.1454f,0f,0f,0f,1f],start_interpolation: 0,interpolation_duration: 1}
$data merge entity $(left_arm) {transformation: [-0.9657f,-0.0218f,-0.2588f,0.3969f,-0.0323f,0.9988f,0.0365f,5.9676f,0.2577f,0.0436f,-0.9653f,0.0044f,0f,0f,0f,1f],start_interpolation: 0,interpolation_duration: 1}
$data merge entity $(chest) {transformation: [-1.2347f,-0.0279f,-0.3308f,0f,-0.0413f,1.277f,0.0466f,4.1507f,0.3294f,0.0557f,-1.2341f,0.0062f,0f,0f,0f,1f],start_interpolation: 0,interpolation_duration: 1}
$data merge entity $(left_cheek) {transformation: [-0.9738f,-0.0798f,-0.2131f,0.3433f,-0.087f,0.9959f,0.0243f,3.2302f,0.2103f,0.0422f,-0.9767f,-0.5087f,0f,0f,0f,1f],start_interpolation: 0,interpolation_duration: 1}
$data merge entity $(left_foot) {transformation: [-0.9073f,-0.0114f,-0.4711f,1.2466f,-0.0043f,1.0222f,-0.0165f,-4.8231f,0.4712f,-0.0126f,-0.9072f,-0.2968f,0f,0f,0f,1f],start_interpolation: 0,interpolation_duration: 1}
$data merge entity $(left_knee) {transformation: [-2.9267f,-0.1916f,-0.806f,1.0325f,-0.2641f,3.0206f,0.2411f,-0.6251f,0.7853f,0.3019f,-2.9231f,-0.021f,0f,0f,0f,1f],start_interpolation: 0,interpolation_duration: 1}
$data merge entity $(left_leg) {transformation: [-1.653f,-0.1667f,-0.4372f,0.7095f,-0.1492f,1.7092f,-0.0877f,2.1096f,0.4435f,-0.0464f,-1.6591f,-0.0283f,0f,0f,0f,1f],start_interpolation: 0,interpolation_duration: 1}
$data merge entity $(right_cheek) {transformation: [-0.9886f,0.0671f,-0.1349f,-0.485f,0.0632f,0.9975f,0.033f,3.2366f,0.1368f,0.0241f,-0.9903f,-0.3693f,0f,0f,0f,1f],start_interpolation: 0,interpolation_duration: 1}
$data merge entity $(right_foot) {transformation: [-1.0137f,0.0064f,0.1324f,-1.2652f,0.0043f,1.0222f,-0.0165f,-4.8231f,-0.1325f,-0.0158f,-1.0136f,0.1461f,0f,0f,0f,1f],start_interpolation: 0,interpolation_duration: 1}
$data merge entity $(right_knee) {transformation: [-3.0188f,0.2833f,-0.2423f,-0.9697f,0.2641f,3.0206f,0.2411f,-0.6251f,0.2631f,0.2182f,-3.0225f,0.3321f,0f,0f,0f,1f],start_interpolation: 0,interpolation_duration: 1}
$data merge entity $(right_leg) {transformation: [-1.705f,0.1408f,-0.1566f,-0.6687f,0.1492f,1.7092f,-0.0877f,2.1096f,0.1486f,-0.1006f,-1.7086f,0.2148f,0f,0f,0f,1f],start_interpolation: 0,interpolation_duration: 1}
$data merge entity $(weist) {transformation: [-1.5977f,0f,-0.2817f,0f,0f,1.6223f,0f,3.7603f,0.2817f,0f,-1.5977f,-0.0225f,0f,0f,0f,1f],start_interpolation: 0,interpolation_duration: 1}
data modify storage animated_java:temp entry.data merge value {"locators":{"consume":{"px":-4.0356185664,"py":5.7018893307,"pz":3.6698588888,"ry":270.0288681006,"rx":-73.0033867597}}}
# Data Manager: Prepare for Read / Write
execute store result storage animated_java:temp args.id int 1 run scoreboard players get @s aj.id
# Data Manager: Write
function animated_java:global/data_manager/write with storage animated_java:temp args