# This file was generated by Animated Java via MC-Build. It is not recommended to edit this file directly.
$data merge entity $(neck) {transformation: [-0.9999f,-0.0159f,-0.001f,-0.0314f,-0.0159f,0.9989f,0.0436f,5.9782f,0.0003f,0.0436f,-0.9991f,0.0988f,0f,0f,0f,1f],start_interpolation: 0,interpolation_duration: 1}
$data merge entity $(right_thumb_2) {transformation: [-0.6502f,0.741f,-0.1678f,-3.2963f,0.7263f,0.5414f,-0.4235f,6.1419f,-0.223f,-0.3972f,-0.8902f,3.5809f,0f,0f,0f,1f],start_interpolation: 0,interpolation_duration: 1}
$data merge entity $(right_thumb) {transformation: [-0.6502f,0.2249f,-0.7257f,-3.3102f,0.7263f,-0.0964f,-0.6806f,6.2281f,-0.223f,-0.9696f,-0.1006f,3.2373f,0f,0f,0f,1f],start_interpolation: 0,interpolation_duration: 1}
$data merge entity $(right_fingers2) {transformation: [0.7301f,-0.4938f,-0.4723f,-3.5051f,-0.3263f,0.3554f,-0.8759f,6.3097f,0.6004f,0.7936f,0.0983f,3.8471f,0f,0f,0f,1f],start_interpolation: 0,interpolation_duration: 1}
$data merge entity $(right_fingers) {transformation: [-0.6039f,-0.642f,-0.4723f,-3.7085f,0.4029f,0.2655f,-0.8759f,6.3902f,0.6877f,-0.7193f,0.0983f,3.6623f,0f,0f,0f,1f],start_interpolation: 0,interpolation_duration: 1}
$data merge entity $(scout) {transformation: [-1.4202f,1.425f,-2.2026f,-3.6051f,1.0205f,2.6075f,1.029f,6.221f,2.4168f,-0.2636f,-1.7289f,3.7361f,0f,0f,0f,1f],start_interpolation: 0,interpolation_duration: 1}
$data merge entity $(right_hand) {transformation: [-0.7512f,0.4611f,-0.4723f,-3.4424f,0.3417f,-0.3406f,-0.8759f,6.1406f,-0.5648f,-0.8193f,0.0983f,3.1662f,0f,0f,0f,1f],start_interpolation: 0,interpolation_duration: 1}
$data merge entity $(right_forearm) {transformation: [-1.0207f,0.7056f,-0.5978f,-2.3591f,0.4268f,-0.4305f,-1.2368f,5.4296f,-0.8204f,-1.1018f,0.1003f,1.5447f,0f,0f,0f,1f],start_interpolation: 0,interpolation_duration: 1}
$data merge entity $(right_shoulder) {transformation: [-0.7317f,0.9788f,-0.8101f,-0.9921f,1.2413f,0.351f,-0.6971f,5.6297f,-0.2715f,-1.0337f,-1.0038f,0.3714f,0f,0f,0f,1f],start_interpolation: 0,interpolation_duration: 1}
$data merge entity $(right_arm) {transformation: [-0.9719f,-0.0159f,-0.235f,-0.4506f,-0.0256f,0.9989f,0.0386f,5.9339f,0.2341f,0.0436f,-0.9712f,0.2438f,0f,0f,0f,1f],start_interpolation: 0,interpolation_duration: 1}
$data merge entity $(left_thumb_2) {transformation: [-0.981f,-0.0477f,0.1879f,1.7025f,-0.0638f,0.9947f,-0.0807f,2.0576f,-0.1831f,-0.0911f,-0.9789f,-0.9222f,0f,0f,0f,1f],start_interpolation: 0,interpolation_duration: 1}
$data merge entity $(left_thumb) {transformation: [-0.981f,0.0607f,0.1841f,1.8649f,-0.0638f,0.7956f,-0.6025f,2.3315f,-0.1831f,-0.6028f,-0.7766f,-1.0781f,0f,0f,0f,1f],start_interpolation: 0,interpolation_duration: 1}
$data merge entity $(left_fingers2) {transformation: [0.5607f,0.8046f,0.1957f,1.7731f,0.827f,-0.5321f,-0.1816f,1.5792f,-0.042f,0.2637f,-0.9637f,-1.0385f,0f,0f,0f,1f],start_interpolation: 0,interpolation_duration: 1}
$data merge entity $(left_fingers) {transformation: [-0.6317f,0.7501f,0.1957f,2.0061f,0.7283f,0.6608f,-0.1816f,1.7456f,-0.2655f,0.0278f,-0.9637f,-1.0302f,0f,0f,0f,1f],start_interpolation: 0,interpolation_duration: 1}
$data merge entity $(left_hand) {transformation: [-0.9805f,-0.0199f,0.1957f,1.9977f,-0.0562f,0.9818f,-0.1816f,2.3403f,-0.1886f,-0.189f,-0.9637f,-1.1898f,0f,0f,0f,1f],start_interpolation: 0,interpolation_duration: 1}
$data merge entity $(left_forearm) {transformation: [-1.0768f,-0.3766f,-0.7718f,1.3576f,-0.2954f,1.3248f,-0.2343f,4.3146f,0.8064f,-0.0176f,-1.1165f,-1.2235f,0f,0f,0f,1f],start_interpolation: 0,interpolation_duration: 1}
$data merge entity $(left_shoulder) {transformation: [-1.3291f,-0.1189f,-0.6075f,0.9642f,-0.4309f,1.2109f,0.7057f,5.6813f,0.4445f,0.8182f,-1.1326f,-0.0999f,0f,0f,0f,1f],start_interpolation: 0,interpolation_duration: 1}
$data merge entity $(left_arm) {transformation: [-0.9719f,-0.0159f,-0.235f,0.4096f,-0.0256f,0.9989f,0.0386f,5.9566f,0.2341f,0.0436f,-0.9712f,0.0366f,0f,0f,0f,1f],start_interpolation: 0,interpolation_duration: 1}
$data merge entity $(chest) {transformation: [-1.2426f,-0.0203f,-0.3005f,0f,-0.0328f,1.2772f,0.0494f,4.1425f,0.2994f,0.0557f,-1.2418f,0.0279f,0f,0f,0f,1f],start_interpolation: 0,interpolation_duration: 1}
$data merge entity $(left_cheek) {transformation: [-0.9825f,-0.0792f,-0.1685f,0.3606f,-0.0857f,0.9958f,0.0314f,3.2252f,0.1653f,0.0453f,-0.9852f,-0.4722f,0f,0f,0f,1f],start_interpolation: 0,interpolation_duration: 1}
$data merge entity $(left_foot) {transformation: [-0.9244f,-0.0151f,-0.4364f,1.2254f,-0.0087f,1.0222f,-0.017f,-4.829f,0.4366f,-0.0117f,-0.9244f,-0.3604f,0f,0f,0f,1f],start_interpolation: 0,interpolation_duration: 1}
$data merge entity $(left_knee) {transformation: [-2.9554f,-0.1895f,-0.6942f,1.0196f,-0.264f,3.0153f,0.3011f,-0.6359f,0.6694f,0.3528f,-2.9461f,-0.0119f,0f,0f,0f,1f],start_interpolation: 0,interpolation_duration: 1}
$data merge entity $(left_leg) {transformation: [-1.6692f,-0.1573f,-0.3747f,0.7092f,-0.1491f,1.7106f,-0.0538f,2.1f,0.3781f,-0.0197f,-1.6757f,0.0214f,0f,0f,0f,1f],start_interpolation: 0,interpolation_duration: 1}
$data merge entity $(right_cheek) {transformation: [-0.9924f,0.0626f,-0.1057f,-0.4701f,0.0608f,0.9979f,0.0203f,3.2264f,0.1067f,0.0137f,-0.9942f,-0.365f,0f,0f,0f,1f],start_interpolation: 0,interpolation_duration: 1}
$data merge entity $(right_foot) {transformation: [-1.0079f,0.003f,0.1712f,-1.2644f,0.0014f,1.0223f,-0.0094f,-4.8318f,-0.1712f,-0.009f,-1.0079f,0.2463f,0f,0f,0f,1f],start_interpolation: 0,interpolation_duration: 1}
$data merge entity $(right_knee) {transformation: [-3.0269f,0.2726f,-0.1264f,-0.9792f,0.2639f,3.0236f,0.2012f,-0.6313f,0.1437f,0.1893f,-3.0324f,0.3884f,0f,0f,0f,1f],start_interpolation: 0,interpolation_duration: 1}
$data merge entity $(right_leg) {transformation: [-1.7095f,0.1422f,-0.0929f,-0.6775f,0.1491f,1.7063f,-0.1332f,2.1f,0.0812f,-0.1406f,-1.7103f,0.2099f,0f,0f,0f,1f],start_interpolation: 0,interpolation_duration: 1}
$data merge entity $(weist) {transformation: [-1.6076f,0f,-0.2185f,0f,0f,1.6223f,0.0002f,3.7507f,0.2185f,0.0002f,-1.6076f,-0.0007f,0f,0f,0f,1f],start_interpolation: 0,interpolation_duration: 1}
data modify storage animated_java:temp entry.data merge value {"locators":{"consume":{"px":-3.6223089757,"py":6.2915452133,"pz":3.8897333831,"ry":258.2420833428,"rx":-61.1540755727}}}
# Data Manager: Prepare for Read / Write
execute store result storage animated_java:temp args.id int 1 run scoreboard players get @s aj.id
# Data Manager: Write
function animated_java:global/data_manager/write with storage animated_java:temp args