# This file was generated by Animated Java via MC-Build. It is not recommended to edit this file directly.
$data merge entity $(neck) {transformation: [-0.9999f,-0.0102f,-0.0027f,-0.0203f,-0.0103f,0.999f,0.0435f,5.9656f,0.0023f,0.0435f,-0.999f,0.132f,0f,0f,0f,1f],start_interpolation: 0,interpolation_duration: 1}
$data merge entity $(right_thumb_2) {transformation: [-0.4707f,0.7564f,-0.4542f,-2.6659f,0.8646f,0.293f,-0.4082f,6.7499f,-0.1757f,-0.5849f,-0.7919f,3.6963f,0f,0f,0f,1f],start_interpolation: 0,interpolation_duration: 1}
$data merge entity $(right_thumb) {transformation: [-0.4707f,0.0026f,-0.8823f,-2.7224f,0.8646f,-0.1978f,-0.4619f,6.821f,-0.1757f,-0.9802f,0.0909f,3.3536f,0f,0f,0f,1f],start_interpolation: 0,interpolation_duration: 1}
$data merge entity $(right_fingers2) {transformation: [0.6848f,-0.3033f,-0.6626f,-2.7988f,-0.449f,0.5405f,-0.7115f,6.985f,0.5739f,0.7848f,0.234f,3.9805f,0f,0f,0f,1f],start_interpolation: 0,interpolation_duration: 1}
$data merge entity $(right_fingers) {transformation: [-0.387f,-0.6412f,-0.6626f,-2.9973f,0.5927f,0.3775f,-0.7115f,7.1041f,0.7063f,-0.6681f,0.234f,3.8117f,0f,0f,0f,1f],start_interpolation: 0,interpolation_duration: 1}
$data merge entity $(scout) {transformation: [-0.7553f,1.8955f,-2.1762f,-2.9313f,1.2961f,2.2327f,1.4948f,6.917f,2.5785f,-0.567f,-1.3888f,3.8856f,0f,0f,0f,1f],start_interpolation: 0,interpolation_duration: 1}
$data merge entity $(right_hand) {transformation: [-0.7128f,0.2298f,-0.6626f,-2.8818f,0.5032f,-0.4905f,-0.7115f,6.7689f,-0.4885f,-0.8406f,0.234f,3.3082f,0f,0f,0f,1f],start_interpolation: 0,interpolation_duration: 1}
$data merge entity $(right_forearm) {transformation: [-0.9951f,0.4048f,-0.862f,-2.2622f,0.6211f,-0.6692f,-1.0313f,5.6976f,-0.7219f,-1.1337f,0.301f,1.6418f,0f,0f,0f,1f],start_interpolation: 0,interpolation_duration: 1}
$data merge entity $(right_shoulder) {transformation: [-0.5714f,0.9154f,-0.9927f,-0.9991f,1.3175f,0.1417f,-0.6277f,5.625f,-0.2959f,-1.1366f,-0.8777f,0.3439f,0f,0f,0f,1f],start_interpolation: 0,interpolation_duration: 1}
$data merge entity $(right_arm) {transformation: [-0.9848f,-0.0102f,-0.1737f,-0.4481f,-0.0175f,0.999f,0.0411f,5.9247f,0.1731f,0.0435f,-0.9839f,0.2506f,0f,0f,0f,1f],start_interpolation: 0,interpolation_duration: 1}
$data merge entity $(left_thumb_2) {transformation: [-0.9682f,-0.0361f,0.2477f,1.7429f,-0.0584f,0.9948f,-0.0833f,2.0297f,-0.2434f,-0.0951f,-0.9653f,-0.7652f,0f,0f,0f,1f],start_interpolation: 0,interpolation_duration: 1}
$data merge entity $(left_thumb) {transformation: [-0.9682f,0.1026f,0.2283f,1.9163f,-0.0584f,0.7943f,-0.6047f,2.3024f,-0.2434f,-0.5988f,-0.763f,-0.911f,0f,0f,0f,1f],start_interpolation: 0,interpolation_duration: 1}
$data merge entity $(left_fingers2) {transformation: [0.5755f,0.7776f,0.2534f,1.8172f,0.8178f,-0.5438f,-0.1886f,1.5517f,-0.0089f,0.3158f,-0.9488f,-0.8731f,0f,0f,0f,1f],start_interpolation: 0,interpolation_duration: 1}
$data merge entity $(left_fingers) {transformation: [-0.607f,0.7532f,0.2534f,2.0509f,0.7327f,0.6539f,-0.1886f,1.716f,-0.3078f,0.0711f,-0.9488f,-0.8511f,0f,0f,0f,1f],start_interpolation: 0,interpolation_duration: 1}
$data merge entity $(left_hand) {transformation: [-0.9674f,-0.0025f,0.2534f,2.0557f,-0.0519f,0.9807f,-0.1886f,2.3098f,-0.248f,-0.1956f,-0.9488f,-1.0145f,0f,0f,0f,1f],start_interpolation: 0,interpolation_duration: 1}
$data merge entity $(left_forearm) {transformation: [-1.127f,-0.3661f,-0.7021f,1.4319f,-0.2837f,1.3269f,-0.2366f,4.2877f,0.7392f,-0.049f,-1.1612f,-1.0998f,0f,0f,0f,1f],start_interpolation: 0,interpolation_duration: 1}
$data merge entity $(left_shoulder) {transformation: [-1.3579f,-0.1575f,-0.5301f,0.9832f,-0.4175f,1.2136f,0.709f,5.6603f,0.3626f,0.8076f,-1.1688f,-0.0045f,0f,0f,0f,1f],start_interpolation: 0,interpolation_duration: 1}
$data merge entity $(left_arm) {transformation: [-0.9848f,-0.0102f,-0.1737f,0.4235f,-0.0175f,0.999f,0.0411f,5.9402f,0.1731f,0.0435f,-0.9839f,0.0974f,0f,0f,0f,1f],start_interpolation: 0,interpolation_duration: 1}
$data merge entity $(chest) {transformation: [-1.259f,-0.013f,-0.222f,0f,-0.0224f,1.2773f,0.0525f,4.1296f,0.2213f,0.0556f,-1.258f,0.0614f,0f,0f,0f,1f],start_interpolation: 0,interpolation_duration: 1}
$data merge entity $(left_cheek) {transformation: [-0.9916f,-0.0786f,-0.1023f,0.3849f,-0.0833f,0.9957f,0.0418f,3.2184f,0.0986f,0.05f,-0.9939f,-0.4161f,0f,0f,0f,1f],start_interpolation: 0,interpolation_duration: 1}
$data merge entity $(left_foot) {transformation: [-0.9473f,-0.0207f,-0.3841f,1.2095f,-0.0151f,1.0221f,-0.0178f,-4.8326f,0.3843f,-0.0108f,-0.9473f,-0.4558f,0f,0f,0f,1f],start_interpolation: 0,interpolation_duration: 1}
$data merge entity $(left_knee) {transformation: [-2.9892f,-0.194f,-0.5285f,1.0052f,-0.2639f,3.0052f,0.3892f,-0.6499f,0.4974f,0.4283f,-2.9701f,0.0012f,0f,0f,0f,1f],start_interpolation: 0,interpolation_duration: 1}
$data merge entity $(left_leg) {transformation: [-1.6883f,-0.1476f,-0.2816f,0.7067f,-0.149f,1.7115f,-0.0038f,2.0859f,0.2809f,0.0207f,-1.6947f,0.0957f,0f,0f,0f,1f],start_interpolation: 0,interpolation_duration: 1}
$data merge entity $(right_cheek) {transformation: [-0.9965f,0.0595f,-0.0585f,-0.4464f,0.06f,0.9982f,-0.0061f,3.2132f,0.0581f,-0.0096f,-0.9983f,-0.3567f,0f,0f,0f,1f],start_interpolation: 0,interpolation_duration: 1}
$data merge entity $(right_foot) {transformation: [-0.9967f,-0.003f,0.2275f,-1.2776f,-0.0028f,1.0224f,0.001f,-4.8396f,-0.2275f,0.0003f,-0.9967f,0.3955f,0f,0f,0f,1f],start_interpolation: 0,interpolation_duration: 1}
$data merge entity $(right_knee) {transformation: [-3.0301f,0.2618f,0.0447f,-1.0004f,0.2636f,3.0269f,0.1426f,-0.6369f,-0.0322f,0.1459f,-3.0381f,0.4723f,0f,0f,0f,1f],start_interpolation: 0,interpolation_duration: 1}
$data merge entity $(right_leg) {transformation: [-1.7114f,0.1502f,0.0004f,-0.6886f,0.1491f,1.6997f,-0.2002f,2.0859f,-0.0179f,-0.1994f,-1.7063f,0.2036f,0f,0f,0f,1f],start_interpolation: 0,interpolation_duration: 1}
$data merge entity $(weist) {transformation: [-1.6175f,0f,-0.125f,0f,0f,1.6223f,0.0006f,3.7366f,0.125f,0.0006f,-1.6175f,0.0331f,0f,0f,0f,1f],start_interpolation: 0,interpolation_duration: 1}
data modify storage animated_java:temp entry.data merge value {"locators":{"consume":{"px":-2.9066040061,"py":6.9968478074,"pz":4.0335101476,"ry":250.5511026565,"rx":-45.3563731976}}}
# Data Manager: Prepare for Read / Write
execute store result storage animated_java:temp args.id int 1 run scoreboard players get @s aj.id
# Data Manager: Write
function animated_java:global/data_manager/write with storage animated_java:temp args