# This file was generated by Animated Java via MC-Build. It is not recommended to edit this file directly.
$data merge entity $(neck) {transformation: [-1f,-0.0046f,-0.0031f,-0.0092f,-0.0047f,0.999f,0.0435f,5.9513f,0.0029f,0.0435f,-0.9991f,0.1669f,0f,0f,0f,1f],start_interpolation: 0,interpolation_duration: 1}
$data merge entity $(right_thumb_2) {transformation: [-0.2587f,0.7006f,-0.665f,-1.9671f,0.9511f,0.0646f,-0.302f,7.1206f,-0.1686f,-0.7107f,-0.6831f,3.6794f,0f,0f,0f,1f],start_interpolation: 0,interpolation_duration: 1}
$data merge entity $(right_thumb) {transformation: [-0.2587f,-0.191f,-0.9469f,-2.0535f,0.9511f,-0.2214f,-0.2152f,7.1934f,-0.1686f,-0.9563f,0.2389f,3.3434f,0f,0f,0f,1f],start_interpolation: 0,interpolation_duration: 1}
$data merge entity $(right_fingers2) {transformation: [0.6083f,-0.0979f,-0.7877f,-2.0154f,-0.5533f,0.6592f,-0.5092f,7.4008f,0.5691f,0.7455f,0.3468f,3.9668f,0f,0f,0f,1f],start_interpolation: 0,interpolation_duration: 1}
$data merge entity $(right_fingers) {transformation: [-0.1573f,-0.5957f,-0.7877f,-2.1953f,0.7105f,0.4857f,-0.5092f,7.5555f,0.6859f,-0.6398f,0.3468f,3.8064f,0f,0f,0f,1f],start_interpolation: 0,interpolation_duration: 1}
$data merge entity $(scout) {transformation: [-0.1816f,2.1478f,-2.0623f,-2.17f,1.3297f,1.9072f,1.8692f,7.3609f,2.6642f,-0.8055f,-1.0734f,3.8858f,0f,0f,0f,1f],start_interpolation: 0,interpolation_duration: 1}
$data merge entity $(right_hand) {transformation: [-0.6161f,0.0033f,-0.7877f,-2.225f,0.648f,-0.5664f,-0.5092f,7.1818f,-0.4478f,-0.8241f,0.3468f,3.3178f,0f,0f,0f,1f],start_interpolation: 0,interpolation_duration: 1}
$data merge entity $(right_forearm) {transformation: [-0.8829f,0.0545f,-1.0557f,-2.1446f,0.8405f,-0.7982f,-0.7441f,5.9178f,-0.6412f,-1.1212f,0.4784f,1.6734f,0f,0f,0f,1f],start_interpolation: 0,interpolation_duration: 1}
$data merge entity $(right_shoulder) {transformation: [-0.3866f,0.8404f,-1.1376f,-1.0055f,1.3813f,-0.029f,-0.4909f,5.6198f,-0.3039f,-1.2011f,-0.7841f,0.2954f,0f,0f,0f,1f],start_interpolation: 0,interpolation_duration: 1}
$data merge entity $(right_arm) {transformation: [-0.9959f,-0.0046f,-0.0899f,-0.4459f,-0.0085f,0.999f,0.0429f,5.9143f,0.0896f,0.0435f,-0.995f,0.2491f,0f,0f,0f,1f],start_interpolation: 0,interpolation_duration: 1}
$data merge entity $(left_thumb_2) {transformation: [-0.943f,-0.0329f,0.3312f,1.8258f,-0.0674f,0.9934f,-0.0933f,1.9995f,-0.326f,-0.1102f,-0.9389f,-0.512f,0f,0f,0f,1f],start_interpolation: 0,interpolation_duration: 1}
$data merge entity $(left_thumb) {transformation: [-0.943f,0.1503f,0.297f,2.0097f,-0.0674f,0.7877f,-0.6124f,2.2716f,-0.326f,-0.5975f,-0.7327f,-0.6455f,0f,0f,0f,1f],start_interpolation: 0,interpolation_duration: 1}
$data merge entity $(left_fingers2) {transformation: [0.5871f,0.7371f,0.3348f,1.91f,0.8089f,-0.5501f,-0.2075f,1.5231f,0.0312f,0.3926f,-0.9192f,-0.6006f,0f,0f,0f,1f],start_interpolation: 0,interpolation_duration: 1}
$data merge entity $(left_fingers) {transformation: [-0.5756f,0.7461f,0.3348f,2.1413f,0.7273f,0.6542f,-0.2075f,1.6875f,-0.3738f,0.124f,-0.9192f,-0.5614f,0f,0f,0f,1f],start_interpolation: 0,interpolation_duration: 1}
$data merge entity $(left_hand) {transformation: [-0.9423f,0.0099f,0.3348f,2.1575f,-0.0634f,0.9762f,-0.2075f,2.2776f,-0.3288f,-0.2167f,-0.9192f,-0.7368f,0f,0f,0f,1f],start_interpolation: 0,interpolation_duration: 1}
$data merge entity $(left_forearm) {transformation: [-1.1871f,-0.3644f,-0.596f,1.5377f,-0.2732f,1.3237f,-0.2652f,4.25f,0.643f,-0.1104f,-1.2131f,-0.9204f,0f,0f,0f,1f],start_interpolation: 0,interpolation_duration: 1}
$data merge entity $(left_shoulder) {transformation: [-1.385f,-0.2238f,-0.4261f,0.9993f,-0.4115f,1.2238f,0.6948f,5.6368f,0.2496f,0.7759f,-1.2188f,0.115f,0f,0f,0f,1f],start_interpolation: 0,interpolation_duration: 1}
$data merge entity $(left_arm) {transformation: [-0.9959f,-0.0046f,-0.0899f,0.4356f,-0.0085f,0.999f,0.0429f,5.9218f,0.0896f,0.0435f,-0.995f,0.1697f,0f,0f,0f,1f],start_interpolation: 0,interpolation_duration: 1}
$data merge entity $(chest) {transformation: [-1.2734f,-0.0058f,-0.1149f,0f,-0.0108f,1.2773f,0.0548f,4.1153f,0.1146f,0.0556f,-1.2722f,0.0965f,0f,0f,0f,1f],start_interpolation: 0,interpolation_duration: 1}
$data merge entity $(left_cheek) {transformation: [-0.9965f,-0.0785f,-0.0284f,0.4102f,-0.08f,0.9954f,0.0533f,3.2121f,0.024f,0.0554f,-0.9982f,-0.3543f,0f,0f,0f,1f],start_interpolation: 0,interpolation_duration: 1}
$data merge entity $(left_foot) {transformation: [-0.9692f,-0.0271f,-0.3243f,1.214f,-0.0223f,1.022f,-0.0187f,-4.8297f,0.3247f,-0.0106f,-0.9694f,-0.5654f,0f,0f,0f,1f],start_interpolation: 0,interpolation_duration: 1}
$data merge entity $(left_knee) {transformation: [-3.015f,-0.21f,-0.3435f,0.9958f,-0.2637f,2.991f,0.4864f,-0.6627f,0.3042f,0.5119f,-2.9829f,0.0124f,0f,0f,0f,1f],start_interpolation: 0,interpolation_duration: 1}
$data merge entity $(left_leg) {transformation: [-1.7028f,-0.1429f,-0.1768f,0.7012f,-0.149f,1.7107f,0.0516f,2.0703f,0.1718f,0.0665f,-1.7081f,0.1761f,0f,0f,0f,1f],start_interpolation: 0,interpolation_duration: 1}
$data merge entity $(right_cheek) {transformation: [-0.9982f,0.0603f,-0.0044f,-0.418f,0.0605f,0.9974f,-0.038f,3.201f,0.0021f,-0.0382f,-0.9993f,-0.3491f,0f,0f,0f,1f],start_interpolation: 0,interpolation_duration: 1}
$data merge entity $(right_foot) {transformation: [-0.9806f,-0.0108f,0.2891f,-1.3123f,-0.0075f,1.0223f,0.0125f,-4.8415f,-0.2892f,0.0099f,-0.9806f,0.5565f,0f,0f,0f,1f],start_interpolation: 0,interpolation_duration: 1}
$data merge entity $(right_knee) {transformation: [-3.0218f,0.2567f,0.2348f,-1.0342f,0.2633f,3.0293f,0.0774f,-0.6381f,-0.2273f,0.0973f,-3.0317f,0.5605f,0f,0f,0f,1f],start_interpolation: 0,interpolation_duration: 1}
$data merge entity $(right_leg) {transformation: [-1.7067f,0.1673f,0.1031f,-0.6982f,0.1491f,1.6894f,-0.2739f,2.0703f,-0.128f,-0.2631f,-1.6929f,0.1939f,0f,0f,0f,1f],start_interpolation: 0,interpolation_duration: 1}
$data merge entity $(weist) {transformation: [-1.6222f,0f,-0.0207f,0f,0f,1.6223f,0.0009f,3.721f,0.0207f,0.0009f,-1.6222f,0.0684f,0f,0f,0f,1f],start_interpolation: 0,interpolation_duration: 1}
data modify storage animated_java:temp entry.data merge value {"locators":{"consume":{"px":-2.1095214836,"py":7.4377428716,"pz":4.0247777099,"ry":246.2364832974,"rx":-30.6113210318}}}
# Data Manager: Prepare for Read / Write
execute store result storage animated_java:temp args.id int 1 run scoreboard players get @s aj.id
# Data Manager: Write
function animated_java:global/data_manager/write with storage animated_java:temp args