# This file was generated by Animated Java via MC-Build. It is not recommended to edit this file directly.
$data merge entity $(neck) {transformation: [-1f,0f,0f,0f,0f,0.999f,0.0436f,5.9385f,0f,0.0436f,-0.999f,0.1935f,0f,0f,0f,1f],start_interpolation: 0,interpolation_duration: 1}
$data merge entity $(right_thumb_2) {transformation: [-0.111f,0.636f,-0.7637f,-1.5037f,0.9787f,-0.0634f,-0.195f,7.1716f,-0.1725f,-0.7691f,-0.6154f,3.5971f,0f,0f,0f,1f],start_interpolation: 0,interpolation_duration: 1}
$data merge entity $(right_thumb) {transformation: [-0.111f,-0.3024f,-0.9467f,-1.6041f,0.9787f,-0.1986f,-0.0513f,7.2535f,-0.1725f,-0.9323f,0.318f,3.2671f,0f,0f,0f,1f],start_interpolation: 0,interpolation_duration: 1}
$data merge entity $(right_fingers2) {transformation: [0.5489f,0.0514f,-0.8343f,-1.4896f,-0.6211f,0.693f,-0.366f,7.4651f,0.5593f,0.7191f,0.4123f,3.8821f,0f,0f,0f,1f],start_interpolation: 0,interpolation_duration: 1}
$data merge entity $(right_fingers) {transformation: [0.0034f,-0.5513f,-0.8343f,-1.6527f,0.7445f,0.5584f,-0.366f,7.6426f,0.6676f,-0.6199f,0.4123f,3.7273f,0f,0f,0f,1f],start_interpolation: 0,interpolation_duration: 1}
$data merge entity $(scout) {transformation: [0.1549f,2.1208f,-2.0922f,-1.654f,1.2524f,1.8546f,1.9726f,7.448f,2.7031f,-0.9808f,-0.794f,3.8107f,0f,0f,0f,1f],start_interpolation: 0,interpolation_duration: 1}
$data merge entity $(right_hand) {transformation: [-0.5317f,-0.1459f,-0.8343f,-1.7766f,0.732f,-0.5746f,-0.366f,7.2698f,-0.426f,-0.8053f,0.4123f,3.2531f,0f,0f,0f,1f],start_interpolation: 0,interpolation_duration: 1}
$data merge entity $(right_forearm) {transformation: [-0.7323f,-0.201f,-1.1491f,-2.0907f,1.0083f,-0.7914f,-0.5041f,6.0176f,-0.5867f,-1.1092f,0.5679f,1.6277f,0f,0f,0f,1f],start_interpolation: 0,interpolation_duration: 1}
$data merge entity $(right_shoulder) {transformation: [-0.2316f,0.8195f,-1.1936f,-1.0065f,1.4207f,-0.1041f,-0.3471f,5.6155f,-0.2788f,-1.2114f,-0.7776f,0.232f,0f,0f,0f,1f],start_interpolation: 0,interpolation_duration: 1}
$data merge entity $(right_arm) {transformation: [-1f,0f,0f,-0.4425f,0f,0.999f,0.0436f,5.9052f,0f,0.0436f,-0.999f,0.2362f,0f,0f,0f,1f],start_interpolation: 0,interpolation_duration: 1}
$data merge entity $(left_thumb_2) {transformation: [-0.9057f,-0.0403f,0.422f,1.9284f,-0.0963f,0.989f,-0.1124f,1.9771f,-0.4128f,-0.1424f,-0.8996f,-0.1754f,0f,0f,0f,1f],start_interpolation: 0,interpolation_duration: 1}
$data merge entity $(left_thumb) {transformation: [-0.9057f,0.1928f,0.3775f,2.1194f,-0.0963f,0.7737f,-0.6261f,2.2491f,-0.4128f,-0.6035f,-0.6822f,-0.2987f,0f,0f,0f,1f],start_interpolation: 0,interpolation_duration: 1}
$data merge entity $(left_fingers2) {transformation: [0.5938f,0.6841f,0.4236f,2.0258f,0.8018f,-0.5471f,-0.2405f,1.5044f,0.0672f,0.4825f,-0.8733f,-0.2313f,0f,0f,0f,1f],start_interpolation: 0,interpolation_duration: 1}
$data merge entity $(left_fingers) {transformation: [-0.5393f,0.7278f,0.4236f,2.2515f,0.7076f,0.6644f,-0.2405f,1.672f,-0.4565f,0.1701f,-0.8733f,-0.1763f,0f,0f,0f,1f],start_interpolation: 0,interpolation_duration: 1}
$data merge entity $(left_hand) {transformation: [-0.9057f,0.0152f,0.4236f,2.275f,-0.0963f,0.9659f,-0.2405f,2.2541f,-0.4128f,-0.2586f,-0.8733f,-0.3758f,0f,0f,0f,1f],start_interpolation: 0,interpolation_duration: 1}
$data merge entity $(left_forearm) {transformation: [-1.2411f,-0.3694f,-0.4695f,1.65f,-0.2661f,1.311f,-0.328f,4.2054f,0.5349f,-0.2048f,-1.2526f,-0.7077f,0f,0f,0f,1f],start_interpolation: 0,interpolation_duration: 1}
$data merge entity $(left_shoulder) {transformation: [-1.3997f,-0.3047f,-0.3127f,1.0065f,-0.4172f,1.2428f,0.6567f,5.6155f,0.1286f,0.7158f,-1.2731f,0.232f,0f,0f,0f,1f],start_interpolation: 0,interpolation_duration: 1}
$data merge entity $(left_arm) {transformation: [-1f,0f,0f,0.4426f,0f,0.999f,0.0436f,5.9052f,0f,0.0436f,-0.999f,0.2362f,0f,0f,0f,1f],start_interpolation: 0,interpolation_duration: 1}
$data merge entity $(chest) {transformation: [-1.2785f,0f,0f,0f,0f,1.2773f,0.0558f,4.1025f,0f,0.0558f,-1.2773f,0.1228f,0f,0f,0f,1f],start_interpolation: 0,interpolation_duration: 1}
$data merge entity $(left_cheek) {transformation: [-0.9961f,-0.079f,0.0392f,0.4317f,-0.0764f,0.995f,0.0637f,3.2076f,-0.0441f,0.0604f,-0.9972f,-0.3017f,0f,0f,0f,1f],start_interpolation: 0,interpolation_duration: 1}
$data merge entity $(left_foot) {transformation: [-0.9859f,-0.0331f,-0.2685f,1.2388f,-0.029f,1.0218f,-0.0195f,-4.8207f,0.2689f,-0.0112f,-0.9863f,-0.6688f,0f,0f,0f,1f],start_interpolation: 0,interpolation_duration: 1}
$data merge entity $(left_knee) {transformation: [-3.0276f,-0.2348f,-0.1744f,0.9936f,-0.2638f,2.9754f,0.5739f,-0.6716f,0.1263f,0.5864f,-2.982f,0.0171f,0f,0f,0f,1f],start_interpolation: 0,interpolation_duration: 1}
$data merge entity $(left_leg) {transformation: [-1.71f,-0.1443f,-0.0803f,0.6936f,-0.149f,1.7085f,0.1018f,2.0563f,0.0714f,0.1083f,-1.7131f,0.2438f,0f,0f,0f,1f],start_interpolation: 0,interpolation_duration: 1}
$data merge entity $(right_cheek) {transformation: [-0.9969f,0.0648f,0.0453f,-0.3902f,0.0616f,0.9958f,-0.0673f,3.1921f,-0.0495f,-0.0643f,-0.9967f,-0.347f,0f,0f,0f,1f],start_interpolation: 0,interpolation_duration: 1}
$data merge entity $(right_foot) {transformation: [-0.9625f,-0.0188f,0.3442f,-1.3624f,-0.0117f,1.022f,0.0231f,-4.8371f,-0.3445f,0.0178f,-0.9624f,0.6922f,0f,0f,0f,1f],start_interpolation: 0,interpolation_duration: 1}
$data merge entity $(right_knee) {transformation: [-3.0032f,0.2586f,0.4076f,-1.074f,0.2634f,3.0303f,0.0181f,-0.6348f,-0.4045f,0.0532f,-3.0143f,0.6308f,0f,0f,0f,1f],start_interpolation: 0,interpolation_duration: 1}
$data merge entity $(right_leg) {transformation: [-1.6962f,0.1902f,0.1951f,-0.7044f,0.1491f,1.6775f,-0.3396f,2.0563f,-0.2281f,-0.3184f,-1.6727f,0.1793f,0f,0f,0f,1f],start_interpolation: 0,interpolation_duration: 1}
$data merge entity $(weist) {transformation: [-1.6206f,0f,0.0747f,0f,0f,1.6223f,0.0008f,3.7071f,-0.0747f,0.0008f,-1.6206f,0.095f,0f,0f,0f,1f],start_interpolation: 0,interpolation_duration: 1}
data modify storage animated_java:temp entry.data merge value {"locators":{"consume":{"px":-1.5723865777,"py":7.5164564948,"pz":3.9430990093,"ry":243.6990072423,"rx":-21.4691196615}}}
# Data Manager: Prepare for Read / Write
execute store result storage animated_java:temp args.id int 1 run scoreboard players get @s aj.id
# Data Manager: Write
function animated_java:global/data_manager/write with storage animated_java:temp args