# This file was generated by Animated Java via MC-Build. It is not recommended to edit this file directly.
$data merge entity $(neck) {transformation: [-1f,0.0004f,0.0052f,0.0013f,0.0006f,0.999f,0.044f,5.9303f,-0.0052f,0.044f,-0.999f,0.2015f,0f,0f,0f,1f],start_interpolation: 0,interpolation_duration: 1}
$data merge entity $(right_thumb_2) {transformation: [-0.3313f,0.6476f,-0.6862f,-1.5914f,0.9347f,0.1262f,-0.3322f,7.0907f,-0.1286f,-0.7514f,-0.6471f,3.513f,0f,0f,0f,1f],start_interpolation: 0,interpolation_duration: 1}
$data merge entity $(right_thumb) {transformation: [-0.3313f,-0.2307f,-0.9149f,-1.7019f,0.9347f,-0.2124f,-0.2849f,7.165f,-0.1286f,-0.9496f,0.2861f,3.1844f,0f,0f,0f,1f],start_interpolation: 0,interpolation_duration: 1}
$data merge entity $(right_fingers2) {transformation: [0.6673f,-0.1239f,-0.7344f,-1.6509f,-0.5072f,0.6465f,-0.5699f,7.3639f,0.5454f,0.7528f,0.3686f,3.8121f,0f,0f,0f,1f],start_interpolation: 0,interpolation_duration: 1}
$data merge entity $(right_fingers) {transformation: [-0.1816f,-0.654f,-0.7344f,-1.8478f,0.6882f,0.449f,-0.5699f,7.507f,0.7024f,-0.6089f,0.3686f,3.6611f,0f,0f,0f,1f],start_interpolation: 0,interpolation_duration: 1}
$data merge entity $(scout) {transformation: [-0.1897f,0.6629f,-2.9024f,-1.8055f,1.107f,2.7154f,0.5478f,7.3132f,2.7636f,-1.0422f,-0.4187f,3.7349f,0f,0f,0f,1f],start_interpolation: 0,interpolation_duration: 1}
$data merge entity $(right_hand) {transformation: [-0.6787f,0.0061f,-0.7344f,-1.8731f,0.6118f,-0.5486f,-0.5699f,7.1418f,-0.4064f,-0.8361f,0.3686f,3.1659f,0f,0f,0f,1f],start_interpolation: 0,interpolation_duration: 1}
$data merge entity $(right_forearm) {transformation: [-0.6482f,-0.2066f,-1.1976f,-2.2009f,1.0693f,-0.7419f,-0.4507f,5.9636f,-0.5775f,-1.1419f,0.5095f,1.4887f,0f,0f,0f,1f],start_interpolation: 0,interpolation_duration: 1}
$data merge entity $(right_shoulder) {transformation: [-0.1912f,0.9182f,-1.127f,-1.0066f,1.4355f,-0.06f,-0.2924f,5.6106f,-0.2292f,-1.1415f,-0.8912f,0.1718f,0f,0f,0f,1f],start_interpolation: 0,interpolation_duration: 1}
$data merge entity $(right_arm) {transformation: [-0.9977f,0.0004f,0.0676f,-0.4432f,0.0033f,0.999f,0.0438f,5.8985f,-0.0675f,0.044f,-0.9967f,0.2142f,0f,0f,0f,1f],start_interpolation: 0,interpolation_duration: 1}
$data merge entity $(left_thumb_2) {transformation: [-0.8157f,-0.1927f,0.5455f,2.3464f,-0.3448f,0.9191f,-0.1908f,2.2029f,-0.4646f,-0.3437f,-0.8161f,0.9305f,0f,0f,0f,1f],start_interpolation: 0,interpolation_duration: 1}
$data merge entity $(left_thumb) {transformation: [-0.8157f,0.1305f,0.5636f,2.5014f,-0.3448f,0.6726f,-0.6548f,2.4796f,-0.4646f,-0.7284f,-0.5036f,0.7722f,0f,0f,0f,1f],start_interpolation: 0,interpolation_duration: 1}
$data merge entity $(left_fingers2) {transformation: [0.6376f,0.5261f,0.5628f,2.4877f,0.7684f,-0.4867f,-0.4156f,1.8008f,0.0553f,0.6974f,-0.7146f,1.0434f,0f,0f,0f,1f],start_interpolation: 0,interpolation_duration: 1}
$data merge entity $(left_fingers) {transformation: [-0.5011f,0.6574f,0.5628f,2.6933f,0.516f,0.7491f,-0.4156f,1.9967f,-0.6947f,0.0821f,-0.7146f,1.0812f,0f,0f,0f,1f],start_interpolation: 0,interpolation_duration: 1}
$data merge entity $(left_hand) {transformation: [-0.8225f,-0.0821f,0.5628f,2.6636f,-0.3674f,0.8321f,-0.4156f,2.4875f,-0.4341f,-0.5486f,-0.7146f,0.7105f,0f,0f,0f,1f],start_interpolation: 0,interpolation_duration: 1}
$data merge entity $(left_forearm) {transformation: [-1.2704f,-0.4857f,-0.2175f,1.8715f,-0.298f,1.1156f,-0.7508f,4.1279f,0.4409f,-0.6454f,-1.1341f,-0.2845f,0f,0f,0f,1f],start_interpolation: 0,interpolation_duration: 1}
$data merge entity $(left_shoulder) {transformation: [-1.365f,-0.4931f,-0.2086f,1.0018f,-0.5326f,1.3089f,0.391f,5.6039f,0.0547f,0.4397f,-1.3977f,0.3077f,0f,0f,0f,1f],start_interpolation: 0,interpolation_duration: 1}
$data merge entity $(left_arm) {transformation: [-0.9977f,0.0004f,0.0676f,0.4398f,0.0033f,0.999f,0.0438f,5.8955f,-0.0675f,0.044f,-0.9967f,0.2739f,0f,0f,0f,1f],start_interpolation: 0,interpolation_duration: 1}
$data merge entity $(chest) {transformation: [-1.2756f,0.0005f,0.0864f,0f,0.0043f,1.2773f,0.0561f,4.0943f,-0.0863f,0.0562f,-1.2744f,0.1302f,0f,0f,0f,1f],start_interpolation: 0,interpolation_duration: 1}
$data merge entity $(left_cheek) {transformation: [-0.9931f,-0.0798f,0.0863f,0.4456f,-0.0738f,0.9948f,0.0709f,3.2054f,-0.0915f,0.0641f,-0.9937f,-0.2743f,0f,0f,0f,1f],start_interpolation: 0,interpolation_duration: 1}
$data merge entity $(left_foot) {transformation: [-0.9958f,-0.0373f,-0.2287f,1.2683f,-0.0336f,1.0216f,-0.0202f,-4.8107f,0.2292f,-0.0122f,-0.9963f,-0.7469f,0f,0f,0f,1f],start_interpolation: 0,interpolation_duration: 1}
$data merge entity $(left_knee) {transformation: [-3.0303f,-0.2581f,-0.0562f,0.9958f,-0.2641f,2.9633f,0.6333f,-0.6759f,0.001f,0.6358f,-2.9746f,0.0113f,0f,0f,0f,1f],start_interpolation: 0,interpolation_duration: 1}
$data merge entity $(left_leg) {transformation: [-1.7115f,-0.1486f,-0.0124f,0.6868f,-0.1492f,1.7061f,0.1362f,2.0471f,0.0006f,0.1367f,-1.7125f,0.2806f,0f,0f,0f,1f],start_interpolation: 0,interpolation_duration: 1}
$data merge entity $(right_cheek) {transformation: [-0.9944f,0.0695f,0.0798f,-0.3698f,0.0626f,0.9943f,-0.086f,3.1874f,-0.0853f,-0.0806f,-0.9931f,-0.3557f,0f,0f,0f,1f],start_interpolation: 0,interpolation_duration: 1}
$data merge entity $(right_foot) {transformation: [-0.9479f,-0.0248f,0.3822f,-1.4078f,-0.0145f,1.0218f,0.0305f,-4.8307f,-0.3828f,0.0228f,-0.9477f,0.7697f,0f,0f,0f,1f],start_interpolation: 0,interpolation_duration: 1}
$data merge entity $(right_knee) {transformation: [-2.984f,0.2641f,0.5272f,-1.1064f,0.2641f,3.0302f,-0.0231f,-0.6302f,-0.5272f,0.0231f,-2.9956f,0.664f,0f,0f,0f,1f],start_interpolation: 0,interpolation_duration: 1}
$data merge entity $(right_leg) {transformation: [-1.6854f,0.2101f,0.2584f,-0.7073f,0.1492f,1.668f,-0.3832f,2.0471f,-0.2978f,-0.3535f,-1.6546f,0.1586f,0f,0f,0f,1f],start_interpolation: 0,interpolation_duration: 1}
$data merge entity $(weist) {transformation: [-1.6162f,0f,0.1414f,0f,0f,1.6223f,0f,3.6978f,-0.1414f,0f,-1.6162f,0.1025f,0f,0f,0f,1f],start_interpolation: 0,interpolation_duration: 1}
data modify storage animated_java:temp entry.data merge value {"locators":{"consume":{"px":-1.7444796591,"py":7.3913692618,"pz":3.8728705238,"ry":243.351073236,"rx":-34.7432051061}}}
# Data Manager: Prepare for Read / Write
execute store result storage animated_java:temp args.id int 1 run scoreboard players get @s aj.id
# Data Manager: Write
function animated_java:global/data_manager/write with storage animated_java:temp args