# This file was generated by Animated Java via MC-Build. It is not recommended to edit this file directly.
$data merge entity $(neck) {transformation: [-0.9999f,0.0011f,0.0129f,0.0034f,0.0016f,0.999f,0.0443f,5.9277f,-0.0128f,0.0443f,-0.9989f,0.1828f,0f,0f,0f,1f],start_interpolation: 0,interpolation_duration: 1}
$data merge entity $(right_thumb_2) {transformation: [-0.7389f,0.6354f,-0.2241f,-2.6301f,0.6262f,0.5248f,-0.5766f,6.9053f,-0.2488f,-0.5664f,-0.7857f,3.1581f,0f,0f,0f,1f],start_interpolation: 0,interpolation_duration: 1}
$data merge entity $(right_thumb) {transformation: [-0.7389f,0.1524f,-0.6563f,-2.6814f,0.6262f,-0.2043f,-0.7524f,6.9431f,-0.2488f,-0.967f,0.0556f,2.8093f,0f,0f,0f,1f],start_interpolation: 0,interpolation_duration: 1}
$data merge entity $(right_fingers2) {transformation: [0.683f,-0.6256f,-0.377f,-2.8957f,-0.1307f,0.4031f,-0.9058f,7.0738f,0.7186f,0.6679f,0.1935f,3.4202f,0f,0f,0f,1f],start_interpolation: 0,interpolation_duration: 1}
$data merge entity $(right_fingers) {transformation: [-0.6828f,-0.6259f,-0.377f,-3.0961f,0.4129f,0.0951f,-0.9058f,7.1059f,0.6028f,-0.7741f,0.1935f,3.218f,0f,0f,0f,1f],start_interpolation: 0,interpolation_duration: 1}
$data merge entity $(scout) {transformation: [-1.4033f,-1.5326f,-2.1404f,-2.9755f,0.552f,2.2002f,-1.9374f,6.9573f,2.574f,-1.3074f,-0.7514f,3.3084f,0f,0f,0f,1f],start_interpolation: 0,interpolation_duration: 1}
$data merge entity $(right_hand) {transformation: [-0.7813f,0.4975f,-0.377f,-2.8033f,0.1987f,-0.3742f,-0.9058f,6.835f,-0.5917f,-0.7826f,0.1935f,2.7488f,0f,0f,0f,1f],start_interpolation: 0,interpolation_duration: 1}
$data merge entity $(right_forearm) {transformation: [-0.5896f,0.185f,-1.231f,-2.545f,1.0298f,-0.6927f,-0.5973f,5.7272f,-0.6993f,-1.176f,0.1582f,1.0126f,0f,0f,0f,1f],start_interpolation: 0,interpolation_duration: 1}
$data merge entity $(right_shoulder) {transformation: [-0.286f,1.1989f,-0.7942f,-1.0001f,1.4263f,0.1334f,-0.3124f,5.6124f,-0.1832f,-0.8335f,-1.1923f,0.0716f,0f,0f,0f,1f],start_interpolation: 0,interpolation_duration: 1}
$data merge entity $(right_arm) {transformation: [-0.989f,0.0011f,0.1481f,-0.4409f,0.0076f,0.999f,0.0437f,5.8979f,-0.1479f,0.0443f,-0.988f,0.1595f,0f,0f,0f,1f],start_interpolation: 0,interpolation_duration: 1}
$data merge entity $(left_thumb_2) {transformation: [-0.6413f,-0.3201f,0.6973f,2.5222f,-0.6482f,0.7123f,-0.2692f,2.9873f,-0.4105f,-0.6247f,-0.6643f,2.2968f,0f,0f,0f,1f],start_interpolation: 0,interpolation_duration: 1}
$data merge entity $(left_thumb) {transformation: [-0.6413f,0.1046f,0.7601f,2.6403f,-0.6482f,0.4561f,-0.6097f,3.2387f,-0.4105f,-0.8838f,-0.2247f,2.0765f,0f,0f,0f,1f],start_interpolation: 0,interpolation_duration: 1}
$data merge entity $(left_fingers2) {transformation: [0.6386f,0.2048f,0.7417f,2.6439f,0.7556f,-0.3491f,-0.5542f,2.7553f,0.1454f,0.9144f,-0.3777f,2.5798f,0f,0f,0f,1f],start_interpolation: 0,interpolation_duration: 1}
$data merge entity $(left_fingers) {transformation: [-0.3329f,0.5823f,0.7417f,2.8247f,0.1847f,0.8116f,-0.5542f,2.9773f,-0.9247f,-0.0475f,-0.3777f,2.5895f,0f,0f,0f,1f],start_interpolation: 0,interpolation_duration: 1}
$data merge entity $(left_hand) {transformation: [-0.6667f,-0.0729f,0.7417f,2.8094f,-0.6705f,0.4932f,-0.5542f,3.2523f,-0.3254f,-0.8669f,-0.3777f,2.0388f,0f,0f,0f,1f],start_interpolation: 0,interpolation_duration: 1}
$data merge entity $(left_forearm) {transformation: [-1.2946f,-0.4427f,0.1585f,2.0947f,-0.3618f,0.6412f,-1.1641f,4.1606f,0.3003f,-1.1358f,-0.719f,0.3146f,0f,0f,0f,1f],start_interpolation: 0,interpolation_duration: 1}
$data merge entity $(left_shoulder) {transformation: [-1.2929f,-0.6914f,0.0157f,0.9906f,-0.6911f,1.293f,0.0197f,5.597f,-0.0231f,0.01f,-1.466f,0.3694f,0f,0f,0f,1f],start_interpolation: 0,interpolation_duration: 1}
$data merge entity $(left_arm) {transformation: [-0.989f,0.0011f,0.1481f,0.4345f,0.0076f,0.999f,0.0437f,5.8911f,-0.1479f,0.0443f,-0.988f,0.2904f,0f,0f,0f,1f],start_interpolation: 0,interpolation_duration: 1}
$data merge entity $(chest) {transformation: [-1.2644f,0.0014f,0.1894f,0f,0.0097f,1.2773f,0.0559f,4.0918f,-0.1891f,0.0567f,-1.2632f,0.1107f,0f,0f,0f,1f],start_interpolation: 0,interpolation_duration: 1}
$data merge entity $(left_cheek) {transformation: [-0.9908f,-0.0806f,0.1091f,0.452f,-0.0727f,0.9946f,0.0745f,3.2053f,-0.1145f,0.0658f,-0.9912f,-0.2817f,0f,0f,0f,1f],start_interpolation: 0,interpolation_duration: 1}
$data merge entity $(left_foot) {transformation: [-1f,-0.0394f,-0.2091f,1.2873f,-0.0359f,1.0215f,-0.0207f,-4.8048f,0.2097f,-0.0129f,-1.0006f,-0.7984f,0f,0f,0f,1f],start_interpolation: 0,interpolation_duration: 1}
$data merge entity $(left_knee) {transformation: [-3.0296f,-0.2718f,0.0023f,0.9983f,-0.2648f,2.9577f,0.6587f,-0.6767f,-0.0611f,0.6559f,-2.9695f,-0.0103f,0f,0f,0f,1f],start_interpolation: 0,interpolation_duration: 1}
$data merge entity $(left_leg) {transformation: [-1.7111f,-0.152f,0.0213f,0.6829f,-0.1496f,1.7047f,0.1514f,2.0437f,-0.0345f,0.149f,-1.7111f,0.277f,0f,0f,0f,1f],start_interpolation: 0,interpolation_duration: 1}
$data merge entity $(right_cheek) {transformation: [-0.9931f,0.0703f,0.0937f,-0.3598f,0.0621f,0.9942f,-0.0873f,3.1865f,-0.0993f,-0.0809f,-0.9918f,-0.3815f,0f,0f,0f,1f],start_interpolation: 0,interpolation_duration: 1}
$data merge entity $(right_foot) {transformation: [-0.9401f,-0.0278f,0.4009f,-1.4335f,-0.0156f,1.0217f,0.0341f,-4.827f,-0.4016f,0.0252f,-0.9399f,0.7765f,0f,0f,0f,1f],start_interpolation: 0,interpolation_duration: 1}
$data merge entity $(right_knee) {transformation: [-2.973f,0.269f,0.5841f,-1.1227f,0.2658f,3.0298f,-0.0424f,-0.6278f,-0.5856f,0.0096f,-2.9848f,0.6509f,0f,0f,0f,1f],start_interpolation: 0,interpolation_duration: 1}
$data merge entity $(right_leg) {transformation: [-1.6791f,0.2202f,0.2893f,-0.7085f,0.1493f,1.6641f,-0.3999f,2.0437f,-0.3315f,-0.3657f,-1.6455f,0.1271f,0f,0f,0f,1f],start_interpolation: 0,interpolation_duration: 1}
$data merge entity $(weist) {transformation: [-1.613f,0.0002f,0.1738f,0f,0f,1.6223f,-0.0019f,3.6942f,-0.1738f,-0.0019f,-1.613f,0.0832f,0f,0f,0f,1f],start_interpolation: 0,interpolation_duration: 1}
data modify storage animated_java:temp entry.data merge value {"locators":{"consume":{"px":-3.0007014712,"py":7.0414068462,"pz":3.4538798405,"ry":242.8289177578,"rx":-64.9299033853}}}
# Data Manager: Prepare for Read / Write
execute store result storage animated_java:temp args.id int 1 run scoreboard players get @s aj.id
# Data Manager: Write
function animated_java:global/data_manager/write with storage animated_java:temp args