# This file was generated by Animated Java via MC-Build. It is not recommended to edit this file directly.
$data merge entity $(neck) {transformation: [-0.9997f,0.0052f,0.022f,0.0117f,0.0061f,0.999f,0.0444f,5.9288f,-0.0217f,0.0445f,-0.9988f,0.144f,0f,0f,0f,1f],start_interpolation: 0,interpolation_duration: 1}
$data merge entity $(right_thumb_2) {transformation: [-0.6907f,0.6685f,0.2756f,-3.9115f,0.2363f,0.5689f,-0.7877f,6.5022f,-0.6834f,-0.479f,-0.5509f,2.0782f,0f,0f,0f,1f],start_interpolation: 0,interpolation_duration: 1}
$data merge entity $(right_thumb) {transformation: [-0.6907f,0.5917f,-0.4157f,-3.8177f,0.2363f,-0.3587f,-0.9031f,6.4345f,-0.6834f,-0.722f,0.108f,1.7431f,0f,0f,0f,1f],start_interpolation: 0,interpolation_duration: 1}
$data merge entity $(right_fingers2) {transformation: [0.3237f,-0.9262f,-0.1932f,-4.295f,0.3014f,0.2945f,-0.9069f,6.6197f,0.8968f,0.2353f,0.3746f,2.1602f,0f,0f,0f,1f],start_interpolation: 0,interpolation_duration: 1}
$data merge entity $(right_fingers) {transformation: [-0.9509f,-0.2418f,-0.1932f,-4.3921f,0.2671f,-0.326f,-0.9069f,6.5277f,0.1563f,-0.9139f,0.3746f,1.907f,0f,0f,0f,1f],start_interpolation: 0,interpolation_duration: 1}
$data merge entity $(scout) {transformation: [-2.4483f,-1.6144f,-0.5466f,-4.2894f,0.5995f,0.08f,-2.9212f,6.4592f,1.5955f,-2.5073f,0.2588f,2.0788f,0f,0f,0f,1f],start_interpolation: 0,interpolation_duration: 1}
$data merge entity $(right_hand) {transformation: [-0.4796f,0.8559f,-0.1932f,-3.8726f,-0.2457f,-0.3424f,-0.9069f,6.2785f,-0.8424f,-0.3875f,0.3746f,1.6897f,0f,0f,0f,1f],start_interpolation: 0,interpolation_duration: 1}
$data merge entity $(right_forearm) {transformation: [-0.4426f,0.7506f,-1.0666f,-2.7625f,0.9831f,-0.5482f,-0.7938f,5.3831f,-0.8572f,-1.0164f,-0.3596f,0.1816f,0f,0f,0f,1f],start_interpolation: 0,interpolation_duration: 1}
$data merge entity $(right_shoulder) {transformation: [-0.4494f,1.3816f,-0.1974f,-0.9811f,1.3868f,0.4187f,-0.2267f,5.6214f,-0.1573f,-0.2562f,-1.4351f,-0.0529f,0f,0f,0f,1f],start_interpolation: 0,interpolation_duration: 1}
$data merge entity $(right_arm) {transformation: [-0.9726f,0.0052f,0.2325f,-0.4292f,0.0154f,0.999f,0.0421f,5.9025f,-0.2321f,0.0445f,-0.9717f,0.0827f,0f,0f,0f,1f],start_interpolation: 0,interpolation_duration: 1}
$data merge entity $(left_thumb_2) {transformation: [-0.5022f,-0.3112f,0.8068f,2.2345f,-0.8102f,0.4953f,-0.3133f,3.7977f,-0.3022f,-0.8111f,-0.5009f,3.1114f,0f,0f,0f,1f],start_interpolation: 0,interpolation_duration: 1}
$data merge entity $(left_thumb) {transformation: [-0.5022f,0.1711f,0.8477f,2.3521f,-0.8102f,0.2494f,-0.5304f,4.0056f,-0.3022f,-0.9532f,0.0133f,2.8493f,0f,0f,0f,1f],start_interpolation: 0,interpolation_duration: 1}
$data merge entity $(left_fingers2) {transformation: [0.5526f,-0.1194f,0.8249f,2.2799f,0.7885f,-0.2459f,-0.5638f,3.7126f,0.2702f,0.9619f,-0.0418f,3.4494f,0f,0f,0f,1f],start_interpolation: 0,interpolation_duration: 1}
$data merge entity $(left_fingers) {transformation: [-0.1011f,0.5562f,0.8249f,2.4473f,-0.0745f,0.8226f,-0.5638f,3.945f,-0.9921f,-0.1185f,-0.0418f,3.4433f,0f,0f,0f,1f],start_interpolation: 0,interpolation_duration: 1}
$data merge entity $(left_hand) {transformation: [-0.5609f,0.0708f,0.8249f,2.5244f,-0.8069f,0.1763f,-0.5638f,4.0243f,-0.1853f,-0.9818f,-0.0418f,2.8375f,0f,0f,0f,1f],start_interpolation: 0,interpolation_duration: 1}
$data merge entity $(left_forearm) {transformation: [-1.3045f,-0.2197f,0.3837f,2.1532f,-0.4161f,0.2058f,-1.2968f,4.2697f,0.1495f,-1.3441f,-0.2613f,0.8101f,0f,0f,0f,1f],start_interpolation: 0,interpolation_duration: 1}
$data merge entity $(left_shoulder) {transformation: [-1.2274f,-0.7549f,0.2711f,0.9767f,-0.7957f,1.2086f,-0.2368f,5.5904f,-0.1015f,-0.3453f,-1.4214f,0.4143f,0f,0f,0f,1f],start_interpolation: 0,interpolation_duration: 1}
$data merge entity $(left_arm) {transformation: [-0.9726f,0.0052f,0.2325f,0.4317f,0.0154f,0.999f,0.0421f,5.8889f,-0.2321f,0.0445f,-0.9717f,0.2881f,0f,0f,0f,1f],start_interpolation: 0,interpolation_duration: 1}
$data merge entity $(chest) {transformation: [-1.2435f,0.0066f,0.2973f,0f,0.0196f,1.2773f,0.0538f,4.0929f,-0.2967f,0.0569f,-1.2423f,0.0714f,0f,0f,0f,1f],start_interpolation: 0,interpolation_duration: 1}
$data merge entity $(left_cheek) {transformation: [-0.9898f,-0.0814f,0.1168f,0.454f,-0.0728f,0.9945f,0.0757f,3.2065f,-0.1223f,0.0664f,-0.9903f,-0.314f,0f,0f,0f,1f],start_interpolation: 0,interpolation_duration: 1}
$data merge entity $(left_foot) {transformation: [-1.0014f,-0.0401f,-0.2022f,1.2964f,-0.0366f,1.0215f,-0.0211f,-4.8025f,0.2028f,-0.0134f,-1.002f,-0.8361f,0f,0f,0f,1f],start_interpolation: 0,interpolation_duration: 1}
$data merge entity $(left_knee) {transformation: [-3.0289f,-0.2779f,0.0243f,0.9998f,-0.2659f,2.9567f,0.6628f,-0.6756f,-0.0841f,0.6579f,-2.9685f,-0.0446f,0f,0f,0f,1f],start_interpolation: 0,interpolation_duration: 1}
$data merge entity $(left_leg) {transformation: [-1.7107f,-0.1538f,0.0339f,0.6812f,-0.1502f,1.7044f,0.1546f,2.0441f,-0.0475f,0.151f,-1.7107f,0.2455f,0f,0f,0f,1f],start_interpolation: 0,interpolation_duration: 1}
$data merge entity $(right_cheek) {transformation: [-0.9925f,0.0706f,0.1f,-0.3566f,0.0621f,0.9944f,-0.0859f,3.1878f,-0.1055f,-0.079f,-0.9913f,-0.4212f,0f,0f,0f,1f],start_interpolation: 0,interpolation_duration: 1}
$data merge entity $(right_foot) {transformation: [-0.937f,-0.0286f,0.4079f,-1.4438f,-0.0158f,1.0216f,0.0353f,-4.8261f,-0.4086f,0.0261f,-0.9368f,0.7366f,0f,0f,0f,1f],start_interpolation: 0,interpolation_duration: 1}
$data merge entity $(right_knee) {transformation: [-2.969f,0.2725f,0.6023f,-1.1272f,0.2684f,3.0295f,-0.048f,-0.6275f,-0.6042f,0.0062f,-2.9811f,0.6059f,0f,0f,0f,1f],start_interpolation: 0,interpolation_duration: 1}
$data merge entity $(right_leg) {transformation: [-1.6767f,0.2229f,0.3007f,-0.7091f,0.1496f,1.6642f,-0.3994f,2.0441f,-0.3431f,-0.3636f,-1.6436f,0.0858f,0f,0f,0f,1f],start_interpolation: 0,interpolation_duration: 1}
$data merge entity $(weist) {transformation: [-1.6117f,0.0005f,0.1852f,0f,0f,1.6223f,-0.0048f,3.6944f,-0.1852f,-0.0048f,-1.6117f,0.044f,0f,0f,0f,1f],start_interpolation: 0,interpolation_duration: 1}
data modify storage animated_java:temp entry.data merge value {"locators":{"consume":{"px":-4.3931693672,"py":6.5603736163,"pz":2.1674177667,"ry":207.2872260612,"rx":-65.0738436292}}}
# Data Manager: Prepare for Read / Write
execute store result storage animated_java:temp args.id int 1 run scoreboard players get @s aj.id
# Data Manager: Write
function animated_java:global/data_manager/write with storage animated_java:temp args