# This file was generated by Animated Java via MC-Build. It is not recommended to edit this file directly.
$data merge entity $(neck) {transformation: [-0.9995f,0.006f,0.0309f,0.0139f,0.0073f,0.999f,0.0442f,5.932f,-0.0306f,0.0444f,-0.9985f,0.0963f,0f,0f,0f,1f],start_interpolation: 0,interpolation_duration: 1}
$data merge entity $(right_thumb_2) {transformation: [-0.3136f,0.7953f,0.5188f,-4.6197f,0.1607f,0.5829f,-0.7965f,5.7548f,-0.9359f,-0.1664f,-0.3106f,0.5157f,0f,0f,0f,1f],start_interpolation: 0,interpolation_duration: 1}
$data merge entity $(right_thumb) {transformation: [-0.3136f,0.8649f,-0.392f,-4.3825f,0.1607f,-0.3585f,-0.9196f,5.6762f,-0.9359f,-0.3514f,-0.0265f,0.2643f,0f,0f,0f,1f],start_interpolation: 0,interpolation_duration: 1}
$data merge entity $(right_fingers2) {transformation: [-0.1263f,-0.9409f,-0.3142f,-5.0023f,0.3643f,0.2506f,-0.8969f,5.8533f,0.9227f,-0.2278f,0.3111f,0.408f,0f,0f,0f,1f],start_interpolation: 0,interpolation_duration: 1}
$data merge entity $(right_fingers) {transformation: [-0.9263f,0.2079f,-0.3142f,-4.9715f,0.2179f,-0.3847f,-0.8969f,5.7433f,-0.3073f,-0.8993f,0.3111f,0.1454f,0f,0f,0f,1f],start_interpolation: 0,interpolation_duration: 1}
$data merge entity $(scout) {transformation: [-2.9221f,-0.5951f,-0.0782f,-4.9555f,0.5322f,-2.3891f,-1.7053f,5.6896f,0.2775f,-1.6844f,2.4464f,0.3495f,0f,0f,0f,1f],start_interpolation: 0,interpolation_duration: 1}
$data merge entity $(right_hand) {transformation: [-0.039f,0.9486f,-0.3142f,-4.4025f,-0.3152f,-0.31f,-0.8969f,5.5148f,-0.9482f,0.0641f,0.3111f,0.2032f,0f,0f,0f,1f],start_interpolation: 0,interpolation_duration: 1}
$data merge entity $(right_forearm) {transformation: [-0.2761f,1.206f,-0.6053f,-2.5969f,0.9679f,-0.2535f,-0.9466f,5.0583f,-0.9403f,-0.6151f,-0.7967f,-0.7131f,0f,0f,0f,1f],start_interpolation: 0,interpolation_duration: 1}
$data merge entity $(right_shoulder) {transformation: [-0.6612f,1.2434f,0.4081f,-0.9607f,1.2973f,0.6829f,0.021f,5.6288f,-0.1723f,0.3706f,-1.4081f,-0.1812f,0f,0f,0f,1f],start_interpolation: 0,interpolation_duration: 1}
$data merge entity $(right_arm) {transformation: [-0.9502f,0.006f,0.3117f,-0.4205f,0.0195f,0.999f,0.0403f,5.9075f,-0.3111f,0.0444f,-0.9493f,-0.0009f,0f,0f,0f,1f],start_interpolation: 0,interpolation_duration: 1}
$data merge entity $(left_thumb_2) {transformation: [-0.4542f,-0.2457f,0.8564f,1.9092f,-0.8448f,0.4241f,-0.3264f,4.0593f,-0.283f,-0.8717f,-0.4001f,3.3686f,0f,0f,0f,1f],start_interpolation: 0,interpolation_duration: 1}
$data merge entity $(left_thumb) {transformation: [-0.4542f,0.2529f,0.8542f,2.0458f,-0.8448f,0.1823f,-0.5031f,4.2503f,-0.283f,-0.9501f,0.1309f,3.103f,0f,0f,0f,1f],start_interpolation: 0,interpolation_duration: 1}
$data merge entity $(left_fingers2) {transformation: [0.4929f,-0.2724f,0.8263f,1.9072f,0.8037f,-0.2213f,-0.5524f,4.0174f,0.3333f,0.9364f,0.1098f,3.7085f,0f,0f,0f,1f],start_interpolation: 0,interpolation_duration: 1}
$data merge entity $(left_fingers) {transformation: [0.0316f,0.5623f,0.8263f,2.0726f,-0.1493f,0.8201f,-0.5524f,4.2513f,-0.9883f,-0.106f,0.1098f,3.707f,0f,0f,0f,1f],start_interpolation: 0,interpolation_duration: 1}
$data merge entity $(left_hand) {transformation: [-0.5329f,0.1822f,0.8263f,2.2183f,-0.83f,0.0776f,-0.5524f,4.2704f,-0.1648f,-0.9802f,0.1098f,3.109f,0f,0f,0f,1f],start_interpolation: 0,interpolation_duration: 1}
$data merge entity $(left_forearm) {transformation: [-1.308f,-0.0567f,0.4277f,2.0941f,-0.4303f,0.0717f,-1.3064f,4.3129f,0.0315f,-1.3743f,-0.0858f,1.0375f,0f,0f,0f,1f],start_interpolation: 0,interpolation_duration: 1}
$data merge entity $(left_shoulder) {transformation: [-1.1998f,-0.7272f,0.426f,0.9519f,-0.8215f,1.1748f,-0.3082f,5.5895f,-0.1884f,-0.4909f,-1.3687f,0.4451f,0f,0f,0f,1f],start_interpolation: 0,interpolation_duration: 1}
$data merge entity $(left_arm) {transformation: [-0.9502f,0.006f,0.3117f,0.4205f,0.0195f,0.999f,0.0403f,5.8903f,-0.3111f,0.0444f,-0.9493f,0.2744f,0f,0f,0f,1f],start_interpolation: 0,interpolation_duration: 1}
$data merge entity $(chest) {transformation: [-1.2148f,0.0076f,0.3985f,0f,0.0249f,1.2773f,0.0516f,4.0961f,-0.3978f,0.0568f,-1.2138f,0.0237f,0f,0f,0f,1f],start_interpolation: 0,interpolation_duration: 1}
$data merge entity $(left_cheek) {transformation: [-0.9899f,-0.0821f,0.1156f,0.4534f,-0.0736f,0.9944f,0.0755f,3.2083f,-0.1212f,0.0663f,-0.9904f,-0.3578f,0f,0f,0f,1f],start_interpolation: 0,interpolation_duration: 1}
$data merge entity $(left_foot) {transformation: [-1.0012f,-0.04f,-0.203f,1.2986f,-0.0365f,1.0215f,-0.0214f,-4.8026f,0.2037f,-0.0137f,-1.0018f,-0.8635f,0f,0f,0f,1f],start_interpolation: 0,interpolation_duration: 1}
$data merge entity $(left_knee) {transformation: [-3.0288f,-0.2789f,0.0242f,1.0005f,-0.2671f,2.9584f,0.6546f,-0.6737f,-0.0836f,0.6497f,-2.9704f,-0.0834f,0f,0f,0f,1f],start_interpolation: 0,interpolation_duration: 1}
$data merge entity $(left_leg) {transformation: [-1.7107f,-0.1544f,0.0339f,0.681f,-0.1509f,1.7047f,0.1509f,2.0466f,-0.0472f,0.1472f,-1.711f,0.2007f,0f,0f,0f,1f],start_interpolation: 0,interpolation_duration: 1}
$data merge entity $(right_cheek) {transformation: [-0.9923f,0.0706f,0.1015f,-0.3576f,0.0622f,0.9946f,-0.0832f,3.1903f,-0.1068f,-0.0762f,-0.9914f,-0.4659f,0f,0f,0f,1f],start_interpolation: 0,interpolation_duration: 1}
$data merge entity $(right_foot) {transformation: [-0.937f,-0.0281f,0.408f,-1.4441f,-0.0153f,1.0216f,0.0352f,-4.8269f,-0.4087f,0.0261f,-0.9368f,0.6736f,0f,0f,0f,1f],start_interpolation: 0,interpolation_duration: 1}
$data merge entity $(right_knee) {transformation: [-2.9698f,0.2748f,0.5976f,-1.1246f,0.2711f,3.0293f,-0.0456f,-0.6284f,-0.5993f,0.0088f,-2.9821f,0.5465f,0f,0f,0f,1f],start_interpolation: 0,interpolation_duration: 1}
$data merge entity $(right_leg) {transformation: [-1.677f,0.2211f,0.3005f,-0.7095f,0.1499f,1.6665f,-0.3893f,2.0466f,-0.3416f,-0.3538f,-1.6461f,0.0421f,0f,0f,0f,1f],start_interpolation: 0,interpolation_duration: 1}
$data merge entity $(weist) {transformation: [-1.6119f,0.0009f,0.1838f,0f,0f,1.6223f,-0.008f,3.6967f,-0.1838f,-0.0079f,-1.6119f,-0.0035f,0f,0f,0f,1f],start_interpolation: 0,interpolation_duration: 1}
data modify storage animated_java:temp entry.data merge value {"locators":{"consume":{"px":-5.09120192,"py":5.7887695349,"pz":0.3744972435,"ry":225.2799622786,"rx":-63.7591723485}}}
# Data Manager: Prepare for Read / Write
execute store result storage animated_java:temp args.id int 1 run scoreboard players get @s aj.id
# Data Manager: Write
function animated_java:global/data_manager/write with storage animated_java:temp args