# This file was generated by Animated Java via MC-Build. It is not recommended to edit this file directly.
$data merge entity $(neck) {transformation: [-0.9993f,-0.002f,0.0383f,-0.0002f,-0.0003f,0.999f,0.0441f,5.9356f,-0.0383f,0.0441f,-0.9983f,0.0516f,0f,0f,0f,1f],start_interpolation: 0,interpolation_duration: 1}
$data merge entity $(right_thumb_2) {transformation: [-0.0166f,0.5671f,0.8235f,-4.5753f,0.2384f,0.8021f,-0.5475f,4.792f,-0.971f,0.1872f,-0.1485f,-1.0873f,0f,0f,0f,1f],start_interpolation: 0,interpolation_duration: 1}
$data merge entity $(right_thumb) {transformation: [-0.0166f,0.9992f,-0.0358f,-4.2558f,0.2384f,-0.0308f,-0.9707f,4.8311f,-0.971f,-0.0246f,-0.2377f,-1.2358f,0f,0f,0f,1f],start_interpolation: 0,interpolation_duration: 1}
$data merge entity $(right_fingers2) {transformation: [-0.5399f,-0.8372f,-0.0874f,-4.9095f,0.1358f,0.0159f,-0.9906f,4.7981f,0.8307f,-0.5467f,0.1051f,-1.3237f,0f,0f,0f,1f],start_interpolation: 0,interpolation_duration: 1}
$data merge entity $(right_fingers) {transformation: [-0.787f,0.6108f,-0.0874f,-4.7583f,0.004f,-0.1366f,-0.9906f,4.752f,-0.617f,-0.7799f,0.1051f,-1.5626f,0f,0f,0f,1f],start_interpolation: 0,interpolation_duration: 1}
$data merge entity $(scout) {transformation: [-2.8489f,0.2511f,-0.8485f,-4.7949f,-0.3662f,-2.9386f,0.3599f,4.6678f,-0.8055f,0.4479f,2.8372f,-1.3719f,0f,0f,0f,1f],start_interpolation: 0,interpolation_duration: 1}
$data merge entity $(right_hand) {transformation: [0.3863f,0.9182f,-0.0874f,-4.2001f,-0.131f,-0.0392f,-0.9906f,4.6848f,-0.913f,0.3941f,0.1051f,-1.3113f,0f,0f,0f,1f],start_interpolation: 0,interpolation_duration: 1}
$data merge entity $(right_forearm) {transformation: [-0.1562f,1.3676f,0.0484f,-2.1323f,1.0069f,0.1479f,-0.9281f,4.8318f,-0.9267f,-0.0698f,-1.0166f,-1.4149f,0f,0f,0f,1f],start_interpolation: 0,interpolation_duration: 1}
$data merge entity $(right_shoulder) {transformation: [-0.9039f,0.8399f,0.792f,-0.9515f,1.13f,0.8497f,0.3886f,5.6275f,-0.2364f,0.85f,-1.1711f,-0.2933f,0f,0f,0f,1f],start_interpolation: 0,interpolation_duration: 1}
$data merge entity $(right_arm) {transformation: [-0.9261f,-0.002f,0.3772f,-0.4266f,0.0147f,0.999f,0.0416f,5.9089f,-0.3769f,0.0441f,-0.9252f,-0.0759f,0f,0f,0f,1f],start_interpolation: 0,interpolation_duration: 1}
$data merge entity $(left_thumb_2) {transformation: [-0.4348f,-0.1888f,0.8805f,1.6907f,-0.8402f,0.4368f,-0.3212f,4.0221f,-0.324f,-0.8795f,-0.3486f,3.4239f,0f,0f,0f,1f],start_interpolation: 0,interpolation_duration: 1}
$data merge entity $(left_thumb) {transformation: [-0.4348f,0.3138f,0.8441f,1.8443f,-0.8402f,0.1958f,-0.5056f,4.2168f,-0.324f,-0.9291f,0.1786f,3.1705f,0f,0f,0f,1f],start_interpolation: 0,interpolation_duration: 1}
$data merge entity $(left_fingers2) {transformation: [0.4734f,-0.3231f,0.8195f,1.6691f,0.8012f,-0.2286f,-0.553f,3.973f,0.366f,0.9183f,0.1506f,3.7634f,0f,0f,0f,1f],start_interpolation: 0,interpolation_duration: 1}
$data merge entity $(left_fingers) {transformation: [0.0901f,0.566f,0.8195f,1.8339f,-0.1353f,0.8221f,-0.553f,4.207f,-0.9867f,-0.061f,0.1506f,3.775f,0f,0f,0f,1f],start_interpolation: 0,interpolation_duration: 1}
$data merge entity $(left_hand) {transformation: [-0.5196f,0.2419f,0.8195f,2.016f,-0.8277f,0.0954f,-0.553f,4.237f,-0.2119f,-0.9656f,0.1506f,3.1875f,0f,0f,0f,1f],start_interpolation: 0,interpolation_duration: 1}
$data merge entity $(left_forearm) {transformation: [-1.3069f,0.0265f,0.434f,2.0173f,-0.4313f,0.0953f,-1.3046f,4.3151f,-0.0551f,-1.3738f,-0.0821f,1.1133f,0f,0f,0f,1f],start_interpolation: 0,interpolation_duration: 1}
$data merge entity $(left_shoulder) {transformation: [-1.1847f,-0.6966f,0.5109f,0.9128f,-0.8198f,1.18f,-0.2923f,5.5978f,-0.2723f,-0.5219f,-1.3429f,0.4653f,0f,0f,0f,1f],start_interpolation: 0,interpolation_duration: 1}
$data merge entity $(left_arm) {transformation: [-0.9261f,-0.002f,0.3772f,0.3931f,0.0147f,0.999f,0.0416f,5.8959f,-0.3769f,0.0441f,-0.9252f,0.2577f,0f,0f,0f,1f],start_interpolation: 0,interpolation_duration: 1}
$data merge entity $(chest) {transformation: [-1.1841f,-0.0026f,0.4822f,0f,0.0188f,1.2773f,0.0531f,4.0996f,-0.4819f,0.0563f,-1.1829f,-0.0206f,0f,0f,0f,1f],start_interpolation: 0,interpolation_duration: 1}
$data merge entity $(left_cheek) {transformation: [-0.9903f,-0.0826f,0.1114f,0.4521f,-0.0745f,0.9944f,0.0749f,3.2101f,-0.117f,0.0659f,-0.9909f,-0.4f,0f,0f,0f,1f],start_interpolation: 0,interpolation_duration: 1}
$data merge entity $(left_foot) {transformation: [-1.0005f,-0.0396f,-0.2064f,1.2981f,-0.036f,1.0215f,-0.0216f,-4.8034f,0.207f,-0.0139f,-1.0011f,-0.8837f,0f,0f,0f,1f],start_interpolation: 0,interpolation_duration: 1}
$data merge entity $(left_knee) {transformation: [-3.029f,-0.278f,0.0166f,1.0009f,-0.2683f,2.9608f,0.6432f,-0.6716f,-0.0749f,0.639f,-2.9729f,-0.1188f,0f,0f,0f,1f],start_interpolation: 0,interpolation_duration: 1}
$data merge entity $(left_leg) {transformation: [-1.7107f,-0.1545f,0.0295f,0.6814f,-0.1515f,1.7051f,0.1452f,2.0495f,-0.0423f,0.1419f,-1.7116f,0.157f,0f,0f,0f,1f],start_interpolation: 0,interpolation_duration: 1}
$data merge entity $(right_cheek) {transformation: [-0.9924f,0.0705f,0.1012f,-0.3598f,0.0625f,0.9948f,-0.0803f,3.1929f,-0.1063f,-0.0734f,-0.9916f,-0.5064f,0f,0f,0f,1f],start_interpolation: 0,interpolation_duration: 1}
$data merge entity $(right_foot) {transformation: [-0.9381f,-0.0272f,0.4056f,-1.4409f,-0.0147f,1.0217f,0.0346f,-4.8281f,-0.4062f,0.0259f,-0.9378f,0.6108f,0f,0f,0f,1f],start_interpolation: 0,interpolation_duration: 1}
$data merge entity $(right_knee) {transformation: [-2.972f,0.2763f,0.5855f,-1.1199f,0.2736f,3.0291f,-0.0406f,-0.6296f,-0.5868f,0.013f,-2.9846f,0.4898f,0f,0f,0f,1f],start_interpolation: 0,interpolation_duration: 1}
$data merge entity $(right_leg) {transformation: [-1.6781f,0.2179f,0.2962f,-0.7096f,0.1502f,1.6693f,-0.3772f,2.0495f,-0.3356f,-0.3426f,-1.6497f,0.0032f,0f,0f,0f,1f],start_interpolation: 0,interpolation_duration: 1}
$data merge entity $(weist) {transformation: [-1.6125f,0.0012f,0.1783f,0f,0f,1.6223f,-0.0108f,3.6994f,-0.1783f,-0.0107f,-1.6125f,-0.0476f,0f,0f,0f,1f],start_interpolation: 0,interpolation_duration: 1}
data modify storage animated_java:temp entry.data merge value {"locators":{"consume":{"px":-4.9556701567,"py":4.7187187685,"pz":-1.3927705496,"ry":219.7555859492,"rx":-82.1426739454}}}
# Data Manager: Prepare for Read / Write
execute store result storage animated_java:temp args.id int 1 run scoreboard players get @s aj.id
# Data Manager: Write
function animated_java:global/data_manager/write with storage animated_java:temp args