# This file was generated by Animated Java via MC-Build. It is not recommended to edit this file directly.
$data merge entity $(neck) {transformation: [-0.9195f,-0.0851f,-0.3838f,-0.16f,-0.0858f,0.9962f,-0.0153f,5.9156f,0.3837f,0.0189f,-0.9233f,0.0432f,0f,0f,0f,1f],start_interpolation: 0,interpolation_duration: 1}
$data merge entity $(right_thumb_2) {transformation: [0.7596f,0.2132f,0.6144f,0.7017f,0.6456f,-0.133f,-0.752f,6.709f,-0.0786f,0.9679f,-0.2386f,0.0009f,0f,0f,0f,1f],start_interpolation: 0,interpolation_duration: 1}
$data merge entity $(right_thumb) {transformation: [0.7596f,0.4321f,0.4861f,0.9465f,0.6456f,-0.4107f,-0.6439f,6.6816f,-0.0786f,0.8029f,-0.5909f,0.2559f,0f,0f,0f,1f],start_interpolation: 0,interpolation_duration: 1}
$data merge entity $(right_fingers2) {transformation: [0.6155f,0.4477f,0.6486f,1.0518f,0.5089f,0.4027f,-0.7608f,6.6425f,-0.6018f,0.7984f,0.02f,-0.6226f,0f,0f,0f,1f],start_interpolation: 0,interpolation_duration: 1}
$data merge entity $(right_fingers) {transformation: [0.7593f,-0.0527f,0.6486f,1.063f,0.6487f,-0.0187f,-0.7608f,6.6499f,0.0522f,0.9984f,0.02f,-0.3365f,0f,0f,0f,1f],start_interpolation: 0,interpolation_duration: 1}
$data merge entity $(scout) {transformation: [0f,0f,0f,-1.2114f,0f,0f,0f,9.6724f,0f,0f,0f,-0.009f,0f,0f,0f,1f],start_interpolation: 0,interpolation_duration: 1}
$data merge entity $(right_hand) {transformation: [0.7596f,0.0469f,0.6486f,1.1167f,0.6456f,0.0662f,-0.7608f,6.6537f,-0.0786f,0.9967f,0.02f,0.277f,0f,0f,0f,1f],start_interpolation: 0,interpolation_duration: 1}
$data merge entity $(right_forearm) {transformation: [0.8272f,-0.7897f,0.7676f,-0.0791f,0.7402f,-0.3121f,-1.1188f,6.1122f,0.8154f,1.0845f,0.237f,1.8849f,0f,0f,0f,1f],start_interpolation: 0,interpolation_duration: 1}
$data merge entity $(right_shoulder) {transformation: [-0.8016f,-0.9405f,-0.7891f,-1.0388f,1.177f,-0.3207f,-0.8135f,5.5102f,0.3492f,-1.0782f,0.9303f,0.47f,0f,0f,0f,1f],start_interpolation: 0,interpolation_duration: 1}
$data merge entity $(right_arm) {transformation: [-0.9202f,-0.0851f,-0.382f,-0.5477f,-0.0858f,0.9962f,-0.0151f,5.847f,0.3819f,0.0189f,-0.924f,0.2523f,0f,0f,0f,1f],start_interpolation: 0,interpolation_duration: 1}
$data merge entity $(left_thumb_2) {transformation: [-0.6749f,-0.1453f,0.7235f,2.4097f,-0.6519f,0.5769f,-0.4922f,3.4196f,-0.3459f,-0.8038f,-0.484f,0.9299f,0f,0f,0f,1f],start_interpolation: 0,interpolation_duration: 1}
$data merge entity $(left_thumb) {transformation: [-0.6749f,0.2662f,0.6883f,2.5857f,-0.6519f,0.2221f,-0.7251f,3.5979f,-0.3459f,-0.938f,0.0237f,0.6791f,0f,0f,0f,1f],start_interpolation: 0,interpolation_duration: 1}
$data merge entity $(left_fingers2) {transformation: [0.3741f,0.5671f,0.7338f,2.6155f,0.8243f,0.1593f,-0.5433f,3.0797f,-0.425f,0.8081f,-0.4078f,1.2255f,0f,0f,0f,1f],start_interpolation: 0,interpolation_duration: 1}
$data merge entity $(left_fingers) {transformation: [-0.4727f,0.488f,0.7338f,2.7733f,0.0229f,0.8392f,-0.5433f,3.3142f,-0.881f,-0.24f,-0.4078f,1.1789f,0f,0f,0f,1f],start_interpolation: 0,interpolation_duration: 1}
$data merge entity $(left_hand) {transformation: [-0.6749f,-0.0779f,0.7338f,2.7545f,-0.6519f,0.529f,-0.5433f,3.6119f,-0.3459f,-0.845f,-0.4078f,0.6402f,0f,0f,0f,1f],start_interpolation: 0,interpolation_duration: 1}
$data merge entity $(left_forearm) {transformation: [-1.1796f,-0.5122f,-0.4932f,1.9161f,0.2554f,0.5863f,-1.2199f,4.4611f,0.6636f,-1.1362f,-0.4072f,-1.0582f,0f,0f,0f,1f],start_interpolation: 0,interpolation_duration: 1}
$data merge entity $(left_shoulder) {transformation: [-1.0642f,-0.7462f,-0.6786f,0.8136f,-0.8949f,1.1537f,0.1346f,5.6829f,0.4655f,0.5119f,-1.2927f,-0.2987f,0f,0f,0f,1f],start_interpolation: 0,interpolation_duration: 1}
$data merge entity $(left_arm) {transformation: [-0.9202f,-0.0851f,-0.382f,0.2668f,-0.0858f,0.9962f,-0.0151f,5.923f,0.3819f,0.0189f,-0.924f,-0.0857f,0f,0f,0f,1f],start_interpolation: 0,interpolation_duration: 1}
$data merge entity $(chest) {transformation: [-1.1765f,-0.1088f,-0.4885f,0f,-0.1097f,1.2737f,-0.0194f,4.0853f,0.4882f,0.0241f,-1.1814f,0.0173f,0f,0f,0f,1f],start_interpolation: 0,interpolation_duration: 1}
$data merge entity $(left_cheek) {transformation: [-0.9528f,-0.0571f,-0.2982f,0.2541f,-0.0332f,0.9958f,-0.0848f,3.2409f,0.3019f,-0.0709f,-0.9507f,-0.5301f,0f,0f,0f,1f],start_interpolation: 0,interpolation_duration: 1}
$data merge entity $(left_foot) {transformation: [-0.833f,-0.0254f,-0.5923f,0.2691f,-0.0159f,1.022f,-0.0213f,-4.8507f,0.5926f,-0.0082f,-0.8331f,-0.6928f,0f,0f,0f,1f],start_interpolation: 0,interpolation_duration: 1}
$data merge entity $(left_knee) {transformation: [-2.6861f,0.2322f,-1.4082f,0.6099f,0f,3.0012f,0.4948f,-0.6767f,1.4272f,0.4369f,-2.6504f,-0.2375f,0f,0f,0f,1f],start_interpolation: 0,interpolation_duration: 1}
$data merge entity $(left_leg) {transformation: [-1.5171f,0.0262f,-0.8057f,0.6124f,0f,1.7171f,0.0558f,2.0725f,0.8061f,0.0493f,-1.5163f,-0.0806f,0f,0f,0f,1f],start_interpolation: 0,interpolation_duration: 1}
$data merge entity $(right_cheek) {transformation: [-0.9783f,0.0772f,-0.1922f,-0.541f,0.0958f,0.9914f,-0.0896f,3.3013f,0.1836f,-0.1061f,-0.9773f,-0.3158f,0f,0f,0f,1f],start_interpolation: 0,interpolation_duration: 1}
$data merge entity $(right_foot) {transformation: [-1.0221f,-0.0234f,-0.0054f,-0.5937f,-0.0233f,1.0221f,-0.0031f,-4.7761f,0.0055f,-0.003f,-1.0224f,0.8164f,0f,0f,0f,1f],start_interpolation: 0,interpolation_duration: 1}
$data merge entity $(right_knee) {transformation: [-3.0241f,-0.0342f,-0.325f,-0.7412f,-0.0363f,3.0415f,0.0177f,-0.567f,0.3248f,0.0215f,-3.0243f,0.7317f,0f,0f,0f,1f],start_interpolation: 0,interpolation_duration: 1}
$data merge entity $(right_leg) {transformation: [-1.708f,-0.0431f,-0.1795f,-0.7339f,-0.0109f,1.691f,-0.3027f,2.1515f,0.1842f,-0.2998f,-1.6815f,0.293f,0f,0f,0f,1f],start_interpolation: 0,interpolation_duration: 1}
$data merge entity $(weist) {transformation: [-1.5608f,0.0906f,-0.4333f,0f,0.0916f,1.6197f,0.0088f,3.7606f,0.4331f,-0.016f,-1.5634f,-0.0233f,0f,0f,0f,1f],start_interpolation: 0,interpolation_duration: 1}
data modify storage animated_java:temp entry.data merge value {"locators":{"consume":{"px":0.9294869573,"py":6.4440782478,"pz":-0.429923974,"ry":91.7665420109,"rx":-49.537150851}}}
# Data Manager: Prepare for Read / Write
execute store result storage animated_java:temp args.id int 1 run scoreboard players get @s aj.id
# Data Manager: Write
function animated_java:global/data_manager/write with storage animated_java:temp args