# This file was generated by Animated Java via MC-Build. It is not recommended to edit this file directly.
$data merge entity $(neck) {transformation: [-0.9119f,-0.0991f,-0.3983f,-0.1858f,-0.1f,0.9948f,-0.0186f,5.9139f,0.398f,0.0228f,-0.9171f,0.0502f,0f,0f,0f,1f],start_interpolation: 0,interpolation_duration: 1}
$data merge entity $(right_thumb_2) {transformation: [0.7875f,0.2674f,0.5552f,0.6416f,0.571f,0.0222f,-0.8206f,6.6721f,-0.2317f,0.9633f,-0.1352f,-0.2417f,0f,0f,0f,1f],start_interpolation: 0,interpolation_duration: 1}
$data merge entity $(right_thumb) {transformation: [0.7875f,0.4832f,0.3825f,0.9084f,0.571f,-0.3388f,-0.7478f,6.6583f,-0.2317f,0.8073f,-0.5427f,-0.0087f,0f,0f,0f,1f],start_interpolation: 0,interpolation_duration: 1}
$data merge entity $(right_fingers2) {transformation: [0.3098f,0.7422f,0.5943f,0.8415f,0.1822f,0.5671f,-0.8032f,6.4658f,-0.9332f,0.3571f,0.0404f,-0.8567f,0f,0f,0f,1f],start_interpolation: 0,interpolation_duration: 1}
$data merge entity $(right_fingers) {transformation: [0.7574f,0.2706f,0.5943f,0.9443f,0.542f,0.247f,-0.8032f,6.5456f,-0.3641f,0.9305f,0.0404f,-0.6015f,0f,0f,0f,1f],start_interpolation: 0,interpolation_duration: 1}
$data merge entity $(scout) {transformation: [0f,0f,0f,-1.0643f,0f,0f,0f,9.7612f,0f,0f,0f,-0.3984f,0f,0f,0f,1f],start_interpolation: 0,interpolation_duration: 1}
$data merge entity $(right_hand) {transformation: [0.7837f,0.1808f,0.5943f,1.0777f,0.567f,0.1824f,-0.8032f,6.6193f,-0.2537f,0.9664f,0.0404f,-0.0049f,0f,0f,0f,1f],start_interpolation: 0,interpolation_duration: 1}
$data merge entity $(right_forearm) {transformation: [0.9039f,-0.6981f,0.7699f,0.0169f,0.7941f,-0.1943f,-1.1085f,6.2534f,0.6704f,1.1714f,0.275f,1.7413f,0f,0f,0f,1f],start_interpolation: 0,interpolation_duration: 1}
$data merge entity $(right_shoulder) {transformation: [-0.8015f,-1.027f,-0.6729f,-1.052f,1.1878f,-0.4452f,-0.7353f,5.4948f,0.3107f,-0.9471f,1.0753f,0.4893f,0f,0f,0f,1f],start_interpolation: 0,interpolation_duration: 1}
$data merge entity $(right_arm) {transformation: [-0.9129f,-0.0991f,-0.3959f,-0.5692f,-0.1f,0.9948f,-0.0183f,5.8393f,0.3957f,0.0228f,-0.9181f,0.265f,0f,0f,0f,1f],start_interpolation: 0,interpolation_duration: 1}
$data merge entity $(left_thumb_2) {transformation: [-0.6567f,-0.1314f,0.7426f,2.3991f,-0.6731f,0.5461f,-0.4986f,3.5713f,-0.34f,-0.8273f,-0.4471f,0.8843f,0f,0f,0f,1f],start_interpolation: 0,interpolation_duration: 1}
$data merge entity $(left_thumb) {transformation: [-0.6567f,0.2881f,0.6969f,2.5793f,-0.6731f,0.1927f,-0.714f,3.7431f,-0.34f,-0.938f,0.0674f,0.632f,0f,0f,0f,1f],start_interpolation: 0,interpolation_duration: 1}
$data merge entity $(left_fingers2) {transformation: [0.375f,0.5427f,0.7516f,2.6009f,0.8136f,0.196f,-0.5474f,3.2454f,-0.4444f,0.8168f,-0.368f,1.1974f,0f,0f,0f,1f],start_interpolation: 0,interpolation_duration: 1}
$data merge entity $(left_fingers) {transformation: [-0.4486f,0.4835f,0.7516f,2.7568f,-0.0153f,0.8367f,-0.5474f,3.4802f,-0.8936f,-0.2571f,-0.368f,1.1467f,0f,0f,0f,1f],start_interpolation: 0,interpolation_duration: 1}
$data merge entity $(left_hand) {transformation: [-0.6567f,-0.0616f,0.7516f,2.7489f,-0.6731f,0.4972f,-0.5474f,3.7581f,-0.34f,-0.8654f,-0.368f,0.5971f,0f,0f,0f,1f],start_interpolation: 0,interpolation_duration: 1}
$data merge entity $(left_forearm) {transformation: [-1.1858f,-0.5292f,-0.4595f,1.886f,0.2489f,0.5262f,-1.2483f,4.5154f,0.6551f,-1.1577f,-0.3574f,-1.1321f,0f,0f,0f,1f],start_interpolation: 0,interpolation_duration: 1}
$data merge entity $(left_shoulder) {transformation: [-1.0291f,-0.7515f,-0.7253f,0.7857f,-0.9275f,1.1257f,0.1495f,5.6961f,0.4802f,0.5638f,-1.2655f,-0.3072f,0f,0f,0f,1f],start_interpolation: 0,interpolation_duration: 1}
$data merge entity $(left_arm) {transformation: [-0.9129f,-0.0991f,-0.3959f,0.2388f,-0.1f,0.9948f,-0.0183f,5.9278f,0.3957f,0.0228f,-0.9181f,-0.0852f,0f,0f,0f,1f],start_interpolation: 0,interpolation_duration: 1}
$data merge entity $(chest) {transformation: [-1.1672f,-0.1267f,-0.5062f,0f,-0.1279f,1.2719f,-0.0235f,4.0862f,0.5059f,0.0292f,-1.1738f,0.0169f,0f,0f,0f,1f],start_interpolation: 0,interpolation_duration: 1}
$data merge entity $(left_cheek) {transformation: [-0.955f,-0.0557f,-0.2912f,0.2579f,-0.0307f,0.9955f,-0.0897f,3.2418f,0.2949f,-0.0767f,-0.9525f,-0.5305f,0f,0f,0f,1f],start_interpolation: 0,interpolation_duration: 1}
$data merge entity $(left_foot) {transformation: [-0.8319f,-0.0255f,-0.5938f,0.2654f,-0.0153f,1.022f,-0.0224f,-4.8493f,0.5941f,-0.0093f,-0.832f,-0.6865f,0f,0f,0f,1f],start_interpolation: 0,interpolation_duration: 1}
$data merge entity $(left_knee) {transformation: [-2.6835f,0.2386f,-1.4122f,0.6149f,0.0028f,3.0001f,0.5016f,-0.6767f,1.4322f,0.4412f,-2.6469f,-0.2253f,0f,0f,0f,1f],start_interpolation: 0,interpolation_duration: 1}
$data merge entity $(left_leg) {transformation: [-1.5156f,0.024f,-0.8086f,0.6139f,0.0016f,1.7173f,0.0479f,2.0732f,0.8089f,0.0415f,-1.515f,-0.0807f,0f,0f,0f,1f],start_interpolation: 0,interpolation_duration: 1}
$data merge entity $(right_cheek) {transformation: [-0.9764f,0.0825f,-0.1996f,-0.5413f,0.1018f,0.9909f,-0.0883f,3.3012f,0.1905f,-0.1065f,-0.9759f,-0.3168f,0f,0f,0f,1f],start_interpolation: 0,interpolation_duration: 1}
$data merge entity $(right_foot) {transformation: [-1.022f,-0.0256f,0.0001f,-0.5968f,-0.0256f,1.022f,-0.0067f,-4.7768f,0.0001f,-0.0067f,-1.0223f,0.8197f,0f,0f,0f,1f],start_interpolation: 0,interpolation_duration: 1}
$data merge entity $(right_knee) {transformation: [-3.0249f,-0.0335f,-0.3182f,-0.743f,-0.0352f,3.0415f,0.0136f,-0.5677f,0.318f,0.0172f,-3.025f,0.7289f,0f,0f,0f,1f],start_interpolation: 0,interpolation_duration: 1}
$data merge entity $(right_leg) {transformation: [-1.7084f,-0.0414f,-0.1758f,-0.7331f,-0.0099f,1.6911f,-0.3023f,2.1508f,0.1804f,-0.2996f,-1.682f,0.2907f,0f,0f,0f,1f],start_interpolation: 0,interpolation_duration: 1}
$data merge entity $(weist) {transformation: [-1.5616f,0.0892f,-0.4307f,0f,0.09f,1.6198f,0.0093f,3.7608f,0.4305f,-0.015f,-1.5641f,-0.0236f,0f,0f,0f,1f],start_interpolation: 0,interpolation_duration: 1}
data modify storage animated_java:temp entry.data merge value {"locators":{"consume":{"px":0.7865242173,"py":6.3415935712,"pz":-0.6504431161,"ry":93.8936483735,"rx":-53.4394373117}}}
# Data Manager: Prepare for Read / Write
execute store result storage animated_java:temp args.id int 1 run scoreboard players get @s aj.id
# Data Manager: Write
function animated_java:global/data_manager/write with storage animated_java:temp args