# This file was generated by Animated Java via MC-Build. It is not recommended to edit this file directly.
$data merge entity $(neck) {transformation: [-0.9082f,-0.1168f,-0.4018f,-0.2184f,-0.1182f,0.9928f,-0.0215f,5.9111f,0.4014f,0.028f,-0.9155f,0.0592f,0f,0f,0f,1f],start_interpolation: 0,interpolation_duration: 1}
$data merge entity $(right_thumb_2) {transformation: [0.8176f,0.0719f,0.5713f,0.8747f,0.5369f,0.2634f,-0.8015f,6.5959f,-0.2081f,0.962f,0.1768f,-0.2514f,0f,0f,0f,1f],start_interpolation: 0,interpolation_duration: 1}
$data merge entity $(right_thumb) {transformation: [0.8176f,0.3604f,0.4491f,1.1055f,0.5369f,-0.1953f,-0.8208f,6.6242f,-0.2081f,0.9121f,-0.3531f,0.0162f,0f,0f,0f,1f],start_interpolation: 0,interpolation_duration: 1}
$data merge entity $(right_fingers2) {transformation: [-0.2064f,0.7933f,0.5728f,1.0183f,-0.3743f,0.4768f,-0.7953f,6.2776f,-0.904f,-0.3786f,0.1985f,-0.7151f,0f,0f,0f,1f],start_interpolation: 0,interpolation_duration: 1}
$data merge entity $(right_fingers) {transformation: [0.6198f,0.5365f,0.5728f,1.1929f,0.2617f,0.5468f,-0.7953f,6.435f,-0.7399f,0.6428f,0.1985f,-0.5513f,0f,0f,0f,1f],start_interpolation: 0,interpolation_duration: 1}
$data merge entity $(scout) {transformation: [0f,0f,0f,-0.7642f,0f,0f,0f,9.6639f,0f,0f,0f,-0.9512f,0f,0f,0f,1f],start_interpolation: 0,interpolation_duration: 1}
$data merge entity $(right_hand) {transformation: [0.8141f,0.0959f,0.5728f,1.273f,0.5236f,0.3055f,-0.7953f,6.5848f,-0.2512f,0.9474f,0.1985f,0.0406f,0f,0f,0f,1f],start_interpolation: 0,interpolation_duration: 1}
$data merge entity $(right_forearm) {transformation: [0.8069f,-0.8453f,0.7291f,-0.007f,0.8652f,-0.0949f,-1.0675f,6.3671f,0.7053f,1.0833f,0.4754f,1.66f,0f,0f,0f,1f],start_interpolation: 0,interpolation_duration: 1}
$data merge entity $(right_shoulder) {transformation: [-0.847f,-1.0323f,-0.6057f,-1.0754f,1.1698f,-0.5569f,-0.6866f,5.4744f,0.2533f,-0.8798f,1.1452f,0.4994f,0f,0f,0f,1f],start_interpolation: 0,interpolation_duration: 1}
$data merge entity $(right_arm) {transformation: [-0.9095f,-0.1168f,-0.3989f,-0.5997f,-0.1182f,0.9928f,-0.0211f,5.8285f,0.3984f,0.028f,-0.9168f,0.2751f,0f,0f,0f,1f],start_interpolation: 0,interpolation_duration: 1}
$data merge entity $(left_thumb_2) {transformation: [-0.641f,-0.1106f,0.7596f,2.3568f,-0.6861f,0.5264f,-0.5023f,3.6851f,-0.3442f,-0.843f,-0.4133f,0.8415f,0f,0f,0f,1f],start_interpolation: 0,interpolation_duration: 1}
$data merge entity $(left_thumb) {transformation: [-0.641f,0.3148f,0.7f,2.5433f,-0.6861f,0.1741f,-0.7064f,3.8527f,-0.3442f,-0.9331f,0.1044f,0.5909f,0f,0f,0f,1f],start_interpolation: 0,interpolation_duration: 1}
$data merge entity $(left_fingers2) {transformation: [0.3826f,0.5157f,0.7666f,2.5509f,0.8061f,0.2192f,-0.5497f,3.3684f,-0.4515f,0.8283f,-0.3318f,1.1683f,0f,0f,0f,1f],start_interpolation: 0,interpolation_duration: 1}
$data merge entity $(left_fingers) {transformation: [-0.4206f,0.4851f,0.7666f,2.7067f,-0.0396f,0.8344f,-0.5497f,3.6033f,-0.9064f,-0.2616f,-0.3318f,1.1168f,0f,0f,0f,1f],start_interpolation: 0,interpolation_duration: 1}
$data merge entity $(left_hand) {transformation: [-0.641f,-0.0384f,0.7666f,2.7138f,-0.6861f,0.4766f,-0.5497f,3.8682f,-0.3442f,-0.8783f,-0.3318f,0.561f,0f,0f,0f,1f],start_interpolation: 0,interpolation_duration: 1}
$data merge entity $(left_forearm) {transformation: [-1.1944f,-0.5333f,-0.4314f,1.8452f,0.239f,0.4883f,-1.2655f,4.5674f,0.643f,-1.1723f,-0.3309f,-1.1897f,0f,0f,0f,1f],start_interpolation: 0,interpolation_duration: 1}
$data merge entity $(left_shoulder) {transformation: [-1.006f,-0.7475f,-0.761f,0.7555f,-0.9519f,1.1012f,0.1766f,5.7124f,0.4815f,0.6152f,-1.2408f,-0.3027f,0f,0f,0f,1f],start_interpolation: 0,interpolation_duration: 1}
$data merge entity $(left_arm) {transformation: [-0.9095f,-0.1168f,-0.3989f,0.2054f,-0.1182f,0.9928f,-0.0211f,5.9332f,0.3984f,0.028f,-0.9168f,-0.0776f,0f,0f,0f,1f],start_interpolation: 0,interpolation_duration: 1}
$data merge entity $(chest) {transformation: [-1.1629f,-0.1493f,-0.51f,0f,-0.1512f,1.2693f,-0.027f,4.0872f,0.5094f,0.0358f,-1.1721f,0.0165f,0f,0f,0f,1f],start_interpolation: 0,interpolation_duration: 1}
$data merge entity $(left_cheek) {transformation: [-0.9591f,-0.057f,-0.2772f,0.2683f,-0.0327f,0.9953f,-0.0915f,3.2443f,0.2811f,-0.0787f,-0.9564f,-0.5307f,0f,0f,0f,1f],start_interpolation: 0,interpolation_duration: 1}
$data merge entity $(left_foot) {transformation: [-0.8326f,-0.0253f,-0.5927f,0.2641f,-0.014f,1.022f,-0.0239f,-4.8461f,0.5931f,-0.0114f,-0.8327f,-0.6813f,0f,0f,0f,1f],start_interpolation: 0,interpolation_duration: 1}
$data merge entity $(left_knee) {transformation: [-2.6852f,0.2435f,-1.408f,0.6206f,0.0071f,2.9995f,0.5051f,-0.6743f,1.4289f,0.4426f,-2.6485f,-0.218f,0f,0f,0f,1f],start_interpolation: 0,interpolation_duration: 1}
$data merge entity $(left_leg) {transformation: [-1.5166f,0.0249f,-0.8067f,0.621f,0.004f,1.7174f,0.0453f,2.0758f,0.807f,0.0381f,-1.5161f,-0.0789f,0f,0f,0f,1f],start_interpolation: 0,interpolation_duration: 1}
$data merge entity $(right_cheek) {transformation: [-0.9747f,0.0855f,-0.2067f,-0.54f,0.1052f,0.9907f,-0.0864f,3.2996f,0.1974f,-0.106f,-0.9746f,-0.3201f,0f,0f,0f,1f],start_interpolation: 0,interpolation_duration: 1}
$data merge entity $(right_foot) {transformation: [-1.0219f,-0.0283f,0.0116f,-0.5973f,-0.0285f,1.0219f,-0.014f,-4.7794f,-0.0112f,-0.0143f,-1.0222f,0.8347f,0f,0f,0f,1f],start_interpolation: 0,interpolation_duration: 1}
$data merge entity $(right_knee) {transformation: [-3.0273f,-0.0339f,-0.2943f,-0.7432f,-0.0339f,3.0415f,-0.0015f,-0.5709f,0.2943f,0.0017f,-3.0275f,0.7217f,0f,0f,0f,1f],start_interpolation: 0,interpolation_duration: 1}
$data merge entity $(right_leg) {transformation: [-1.7098f,-0.0383f,-0.1626f,-0.7287f,-0.0092f,1.6912f,-0.302f,2.1477f,0.1668f,-0.2997f,-1.6834f,0.2839f,0f,0f,0f,1f],start_interpolation: 0,interpolation_duration: 1}
$data merge entity $(weist) {transformation: [-1.5646f,0.0829f,-0.4207f,0f,0.0833f,1.6202f,0.0093f,3.7609f,0.4207f,-0.0126f,-1.5668f,-0.0239f,0f,0f,0f,1f],start_interpolation: 0,interpolation_duration: 1}
data modify storage animated_java:temp entry.data merge value {"locators":{"consume":{"px":1.0363182235,"py":6.2274719553,"pz":-0.587869879,"ry":109.1125852655,"rx":-52.6870880065}}}
# Data Manager: Prepare for Read / Write
execute store result storage animated_java:temp args.id int 1 run scoreboard players get @s aj.id
# Data Manager: Write
function animated_java:global/data_manager/write with storage animated_java:temp args