# This file was generated by Animated Java via MC-Build. It is not recommended to edit this file directly.
$data merge entity $(neck) {transformation: [-0.9081f,-0.1356f,-0.3961f,-0.2528f,-0.1378f,0.9902f,-0.023f,5.9074f,0.3954f,0.0337f,-0.9179f,0.0692f,0f,0f,0f,1f],start_interpolation: 0,interpolation_duration: 1}
$data merge entity $(right_thumb_2) {transformation: [0.8291f,-0.129f,0.5441f,1.139f,0.5393f,0.4416f,-0.717f,6.6022f,-0.1478f,0.8879f,0.4357f,-0.0254f,0f,0f,0f,1f],start_interpolation: 0,interpolation_duration: 1}
$data merge entity $(right_thumb) {transformation: [0.8291f,0.1835f,0.5282f,1.3135f,0.5393f,-0.0128f,-0.842f,6.6899f,-0.1478f,0.9829f,-0.1096f,0.2705f,0f,0f,0f,1f],start_interpolation: 0,interpolation_duration: 1}
$data merge entity $(right_fingers2) {transformation: [-0.4708f,0.6872f,0.5532f,1.3113f,-0.6358f,0.1705f,-0.7528f,6.2813f,-0.6117f,-0.7062f,0.3567f,-0.3627f,0f,0f,0f,1f],start_interpolation: 0,interpolation_duration: 1}
$data merge entity $(right_fingers) {transformation: [0.569f,0.6084f,0.5532f,1.5047f,0.0288f,0.6576f,-0.7528f,6.464f,-0.8218f,0.4443f,0.3567f,-0.2567f,0f,0f,0f,1f],start_interpolation: 0,interpolation_duration: 1}
$data merge entity $(scout) {transformation: [0f,0f,0f,-0.4502f,0f,0f,0f,9.5659f,0f,0f,0f,-1.2427f,0f,0f,0f,1f],start_interpolation: 0,interpolation_duration: 1}
$data merge entity $(right_hand) {transformation: [0.8291f,-0.0811f,0.5532f,1.4752f,0.5393f,0.3775f,-0.7528f,6.6598f,-0.1478f,0.9225f,0.3567f,0.3264f,0f,0f,0f,1f],start_interpolation: 0,interpolation_duration: 1}
$data merge entity $(right_forearm) {transformation: [0.61f,-1.0549f,0.642f,-0.1155f,0.9219f,-0.0874f,-1.0196f,6.4527f,0.8217f,0.8812f,0.6674f,1.6436f,0f,0f,0f,1f],start_interpolation: 0,interpolation_duration: 1}
$data merge entity $(right_shoulder) {transformation: [-0.9177f,-0.9784f,-0.592f,-1.1043f,1.1284f,-0.652f,-0.6718f,5.4519f,0.185f,-0.8761f,1.1611f,0.5009f,0f,0f,0f,1f],start_interpolation: 0,interpolation_duration: 1}
$data merge entity $(right_arm) {transformation: [-0.9097f,-0.1356f,-0.3925f,-0.6338f,-0.1379f,0.9902f,-0.0225f,5.8163f,0.3917f,0.0337f,-0.9195f,0.282f,0f,0f,0f,1f],start_interpolation: 0,interpolation_duration: 1}
$data merge entity $(left_thumb_2) {transformation: [-0.6284f,-0.0877f,0.7729f,2.3022f,-0.6924f,0.516f,-0.5044f,3.7669f,-0.3546f,-0.8521f,-0.385f,0.803f,0f,0f,0f,1f],start_interpolation: 0,interpolation_duration: 1}
$data merge entity $(left_thumb) {transformation: [-0.6284f,0.3414f,0.699f,2.4953f,-0.6924f,0.1642f,-0.7026f,3.9323f,-0.3546f,-0.9255f,0.1332f,0.556f,0f,0f,0f,1f],start_interpolation: 0,interpolation_duration: 1}
$data merge entity $(left_fingers2) {transformation: [0.3937f,0.49f,0.7778f,2.487f,0.8015f,0.2312f,-0.5514f,3.4552f,-0.45f,0.8405f,-0.3017f,1.1394f,0f,0f,0f,1f],start_interpolation: 0,interpolation_duration: 1}
$data merge entity $(left_fingers) {transformation: [-0.3931f,0.4904f,0.7778f,2.6436f,-0.0523f,0.8326f,-0.5514f,3.6899f,-0.918f,-0.2574f,-0.3017f,1.0897f,0f,0f,0f,1f],start_interpolation: 0,interpolation_duration: 1}
$data merge entity $(left_hand) {transformation: [-0.6284f,-0.0133f,0.7778f,2.6666f,-0.6924f,0.4654f,-0.5514f,3.9479f,-0.3546f,-0.885f,-0.3017f,0.531f,0f,0f,0f,1f],start_interpolation: 0,interpolation_duration: 1}
$data merge entity $(left_forearm) {transformation: [-1.203f,-0.5316f,-0.4089f,1.8011f,0.2263f,0.4688f,-1.2752f,4.6169f,0.6314f,-1.181f,-0.3221f,-1.233f,0f,0f,0f,1f],start_interpolation: 0,interpolation_duration: 1}
$data merge entity $(left_shoulder) {transformation: [-0.9917f,-0.7378f,-0.7887f,0.727f,-0.9705f,1.0785f,0.2113f,5.7294f,0.4738f,0.665f,-1.2179f,-0.2876f,0f,0f,0f,1f],start_interpolation: 0,interpolation_duration: 1}
$data merge entity $(left_arm) {transformation: [-0.9097f,-0.1356f,-0.3925f,0.1713f,-0.1379f,0.9902f,-0.0225f,5.9383f,0.3917f,0.0337f,-0.9195f,-0.0647f,0f,0f,0f,1f],start_interpolation: 0,interpolation_duration: 1}
$data merge entity $(chest) {transformation: [-1.1631f,-0.1733f,-0.5018f,0f,-0.1763f,1.266f,-0.0287f,4.0882f,0.5008f,0.043f,-1.1756f,0.016f,0f,0f,0f,1f],start_interpolation: 0,interpolation_duration: 1}
$data merge entity $(left_cheek) {transformation: [-0.9642f,-0.0605f,-0.2582f,0.2834f,-0.0381f,0.9951f,-0.0908f,3.248f,0.2624f,-0.0777f,-0.9618f,-0.5305f,0f,0f,0f,1f],start_interpolation: 0,interpolation_duration: 1}
$data merge entity $(left_foot) {transformation: [-0.8351f,-0.0248f,-0.5892f,0.2652f,-0.0124f,1.022f,-0.0255f,-4.8415f,0.5896f,-0.0137f,-0.8351f,-0.6778f,0f,0f,0f,1f],start_interpolation: 0,interpolation_duration: 1}
$data merge entity $(left_knee) {transformation: [-2.6912f,0.2469f,-1.396f,0.627f,0.0123f,2.9992f,0.5067f,-0.6702f,1.4176f,0.4427f,-2.6545f,-0.2144f,0f,0f,0f,1f],start_interpolation: 0,interpolation_duration: 1}
$data merge entity $(left_leg) {transformation: [-1.52f,0.028f,-0.8002f,0.6321f,0.0069f,1.7173f,0.0469f,2.08f,0.8007f,0.0383f,-1.5195f,-0.0753f,0f,0f,0f,1f],start_interpolation: 0,interpolation_duration: 1}
$data merge entity $(right_cheek) {transformation: [-0.9734f,0.0866f,-0.2121f,-0.537f,0.1065f,0.9907f,-0.0842f,3.2968f,0.2028f,-0.1046f,-0.9736f,-0.3253f,0f,0f,0f,1f],start_interpolation: 0,interpolation_duration: 1}
$data merge entity $(right_foot) {transformation: [-1.0215f,-0.0312f,0.0277f,-0.5958f,-0.0319f,1.0216f,-0.0237f,-4.7834f,-0.027f,-0.0245f,-1.0217f,0.8555f,0f,0f,0f,1f],start_interpolation: 0,interpolation_duration: 1}
$data merge entity $(right_knee) {transformation: [-3.0306f,-0.0351f,-0.2572f,-0.7419f,-0.0333f,3.0415f,-0.0235f,-0.5759f,0.2574f,-0.0206f,-3.0308f,0.7104f,0f,0f,0f,1f],start_interpolation: 0,interpolation_duration: 1}
$data merge entity $(right_leg) {transformation: [-1.7117f,-0.0344f,-0.1419f,-0.7217f,-0.009f,1.6913f,-0.3015f,2.1429f,0.1458f,-0.2996f,-1.6853f,0.2738f,0f,0f,0f,1f],start_interpolation: 0,interpolation_duration: 1}
$data merge entity $(weist) {transformation: [-1.5694f,0.0728f,-0.4047f,0f,0.0729f,1.6207f,0.009f,3.7611f,0.4047f,-0.0094f,-1.571f,-0.0242f,0f,0f,0f,1f],start_interpolation: 0,interpolation_duration: 1}
data modify storage animated_java:temp entry.data merge value {"locators":{"consume":{"px":1.3634330437,"py":6.2476487092,"pz":-0.3031100104,"ry":122.8100999139,"rx":-48.8336899678}}}
# Data Manager: Prepare for Read / Write
execute store result storage animated_java:temp args.id int 1 run scoreboard players get @s aj.id
# Data Manager: Write
function animated_java:global/data_manager/write with storage animated_java:temp args