# This file was generated by Animated Java via MC-Build. It is not recommended to edit this file directly.
$data merge entity $(neck) {transformation: [-0.9718f,-0.142f,0.1882f,0.1718f,-0.0662f,0.9306f,0.3601f,6.1096f,-0.2262f,0.3375f,-0.9137f,-0.1728f,0f,0f,0f,1f],start_interpolation: 0,interpolation_duration: 1}
$data merge entity $(right_thumb_2) {transformation: [-0.1831f,-0.397f,-0.8994f,-0.7238f,0.9658f,0.0984f,-0.24f,6.5031f,0.1838f,-0.9125f,0.3653f,2.2462f,0f,0f,0f,1f],start_interpolation: 0,interpolation_duration: 1}
$data merge entity $(right_thumb) {transformation: [-0.1831f,-0.9313f,-0.315f,-1.0461f,0.9658f,-0.1105f,-0.2347f,6.6141f,0.1838f,-0.3471f,0.9196f,2.1488f,0f,0f,0f,1f],start_interpolation: 0,interpolation_duration: 1}
$data merge entity $(right_fingers2) {transformation: [0.7246f,0.0036f,-0.6892f,-0.7218f,-0.4894f,0.7067f,-0.5108f,6.6579f,0.4852f,0.7075f,0.5139f,2.784f,0f,0f,0f,1f],start_interpolation: 0,interpolation_duration: 1}
$data merge entity $(right_fingers) {transformation: [0.0982f,-0.7179f,-0.6892f,-0.9287f,0.6368f,0.5775f,-0.5108f,6.8367f,0.7647f,-0.3887f,0.5139f,2.6986f,0f,0f,0f,1f],start_interpolation: 0,interpolation_duration: 1}
$data merge entity $(scout) {transformation: [0f,0f,0f,-0.9161f,0f,0f,0f,6.6259f,0f,0f,0f,2.7134f,0f,0f,0f,1f],start_interpolation: 0,interpolation_duration: 1}
$data merge entity $(right_hand) {transformation: [-0.5914f,-0.4186f,-0.6892f,-1.2133f,0.8063f,-0.2982f,-0.5108f,6.6269f,0.0083f,-0.8578f,0.5139f,2.1944f,0f,0f,0f,1f],start_interpolation: 0,interpolation_duration: 1}
$data merge entity $(right_forearm) {transformation: [-0.7039f,-0.3303f,-1.1369f,-1.7229f,1.0664f,-0.7515f,-0.4418f,5.4347f,-0.5144f,-1.106f,0.6398f,0.5735f,0f,0f,0f,1f],start_interpolation: 0,interpolation_duration: 1}
$data merge entity $(right_shoulder) {transformation: [-1.0261f,0.7187f,-0.7618f,-0.6153f,1.0212f,0.4499f,-0.9511f,5.808f,-0.2324f,-1.1962f,-0.8154f,-0.8119f,0f,0f,0f,1f],start_interpolation: 0,interpolation_duration: 1}
$data merge entity $(right_arm) {transformation: [-0.7758f,-0.083f,0.6255f,-0.1965f,0.0235f,0.9868f,0.1601f,6.082f,-0.6305f,0.1388f,-0.7636f,-0.4226f,0f,0f,0f,1f],start_interpolation: 0,interpolation_duration: 1}
$data merge entity $(left_thumb_2) {transformation: [0.2362f,0.1668f,0.9573f,0.4619f,-0.969f,-0.0332f,0.2448f,6.2466f,0.0726f,-0.9854f,0.1538f,4.4658f,0f,0f,0f,1f],start_interpolation: 0,interpolation_duration: 1}
$data merge entity $(left_thumb) {transformation: [0.2362f,0.8185f,0.5238f,0.6828f,-0.969f,0.1581f,0.1899f,6.4385f,0.0726f,-0.5524f,0.8304f,4.2656f,0f,0f,0f,1f],start_interpolation: 0,interpolation_duration: 1}
$data merge entity $(left_fingers2) {transformation: [0.1434f,0.0469f,0.9886f,0.6405f,-0.8166f,0.5699f,0.0914f,6.7482f,-0.5591f,-0.8204f,0.12f,5.0492f,0f,0f,0f,1f],start_interpolation: 0,interpolation_duration: 1}
$data merge entity $(left_fingers) {transformation: [0.0905f,0.1207f,0.9886f,0.6796f,-0.9958f,-0.0016f,0.0914f,6.7765f,0.0126f,-0.9927f,0.12f,4.7669f,0f,0f,0f,1f],start_interpolation: 0,interpolation_duration: 1}
$data merge entity $(left_hand) {transformation: [0.0375f,0.1461f,0.9886f,0.8133f,-0.9194f,-0.3825f,0.0914f,6.5409f,0.3915f,-0.9123f,0.12f,4.2138f,0f,0f,0f,1f],start_interpolation: 0,interpolation_duration: 1}
$data merge entity $(left_forearm) {transformation: [-1.2465f,0.2698f,0.5201f,1.1867f,-0.5692f,-0.2673f,-1.2254f,6.0701f,-0.1391f,-1.324f,0.3534f,2.227f,0f,0f,0f,1f],start_interpolation: 0,interpolation_duration: 1}
$data merge entity $(left_shoulder) {transformation: [-0.8524f,-0.0247f,1.1928f,0.9464f,-1.1904f,-0.0794f,-0.8523f,5.7607f,0.0789f,-1.4639f,0.0261f,0.4573f,0f,0f,0f,1f],start_interpolation: 0,interpolation_duration: 1}
$data merge entity $(left_arm) {transformation: [-0.7758f,-0.083f,0.6255f,0.4901f,0.0235f,0.9868f,0.1601f,6.0612f,-0.6305f,0.1388f,-0.7636f,0.1355f,0f,0f,0f,1f],start_interpolation: 0,interpolation_duration: 1}
$data merge entity $(chest) {transformation: [-0.9919f,-0.1061f,0.7997f,0.3184f,0.03f,1.2617f,0.2046f,4.2949f,-0.8062f,0.1775f,-0.9764f,-0.4207f,0f,0f,0f,1f],start_interpolation: 0,interpolation_duration: 1}
$data merge entity $(left_cheek) {transformation: [-0.9264f,-0.057f,0.3722f,0.885f,-0.1204f,0.9814f,-0.1494f,3.3897f,-0.3567f,-0.1832f,-0.9161f,-0.562f,0f,0f,0f,1f],start_interpolation: 0,interpolation_duration: 1}
$data merge entity $(left_foot) {transformation: [-0.9915f,0.0548f,-0.2434f,1.0247f,-0.0393f,0.9506f,0.3743f,-3.5708f,0.2463f,0.3723f,-0.9197f,1.1062f,0f,0f,0f,1f],start_interpolation: 0,interpolation_duration: 1}
$data merge entity $(left_knee) {transformation: [-3.0212f,0.0698f,-0.3461f,1.1938f,-0.0266f,2.9283f,0.8226f,0.5164f,0.3521f,0.8201f,-2.9079f,2.1122f,0f,0f,0f,1f],start_interpolation: 0,interpolation_duration: 1}
$data merge entity $(left_leg) {transformation: [-1.7091f,-0.0903f,-0.1486f,0.9823f,0.0453f,1.1863f,-1.2418f,2.4551f,0.1679f,-1.2394f,-1.1778f,0.1682f,0f,0f,0f,1f],start_interpolation: 0,interpolation_duration: 1}
$data merge entity $(right_cheek) {transformation: [-0.7827f,0.0531f,0.6201f,0.2392f,0.033f,0.9985f,-0.0439f,3.3295f,-0.6215f,-0.0139f,-0.7833f,-0.9021f,0f,0f,0f,1f],start_interpolation: 0,interpolation_duration: 1}
$data merge entity $(right_foot) {transformation: [-0.4892f,0.0377f,0.897f,-0.3615f,0.0239f,1.0217f,-0.0299f,-4.1797f,-0.8974f,0.0067f,-0.4897f,-1.5181f,0f,0f,0f,1f],start_interpolation: 0,interpolation_duration: 1}
$data merge entity $(right_knee) {transformation: [-1.6769f,-0.7048f,2.4379f,-1.2853f,0.4371f,2.7982f,1.1096f,-0.249f,-2.4998f,0.962f,-1.4414f,-0.3173f,0f,0f,0f,1f],start_interpolation: 0,interpolation_duration: 1}
$data merge entity $(right_leg) {transformation: [-0.9471f,0.6471f,1.2789f,-0.2466f,0.2469f,1.5836f,-0.6185f,2.296f,-1.4119f,-0.1572f,-0.9661f,-0.4822f,0f,0f,0f,1f],start_interpolation: 0,interpolation_duration: 1}
$data merge entity $(weist) {transformation: [-1.4246f,-0.1034f,0.7692f,0.3184f,-0.1845f,1.6069f,-0.1256f,4.0014f,-0.7539f,-0.1978f,-1.4229f,-0.4613f,0f,0f,0f,1f],start_interpolation: 0,interpolation_duration: 1}
data modify storage animated_java:temp entry.data merge value {"locators":{"consume":{"px":-0.7940984,"py":6.6525854593,"pz":2.8286192163,"ry":233.2907734674,"rx":-30.7199386647}}}
# Data Manager: Prepare for Read / Write
execute store result storage animated_java:temp args.id int 1 run scoreboard players get @s aj.id
# Data Manager: Write
function animated_java:global/data_manager/write with storage animated_java:temp args