# This file was generated by Animated Java via MC-Build. It is not recommended to edit this file directly.
$data merge entity $(neck) {transformation: [-0.9758f,-0.1418f,0.1662f,0.1142f,-0.0831f,0.9445f,0.3177f,6.0973f,-0.202f,0.2962f,-0.9335f,-0.1302f,0f,0f,0f,1f],start_interpolation: 0,interpolation_duration: 1}
$data merge entity $(right_thumb_2) {transformation: [-0.1241f,-0.4438f,-0.8875f,-0.786f,0.9606f,0.1703f,-0.2195f,6.1965f,0.2485f,-0.8798f,0.4052f,2.1323f,0f,0f,0f,1f],start_interpolation: 0,interpolation_duration: 1}
$data merge entity $(right_thumb) {transformation: [-0.1241f,-0.9541f,-0.2724f,-1.1075f,0.9606f,-0.0468f,-0.2738f,6.3277f,0.2485f,-0.2957f,0.9224f,2.061f,0f,0f,0f,1f],start_interpolation: 0,interpolation_duration: 1}
$data merge entity $(right_fingers2) {transformation: [0.7264f,0.0795f,-0.6827f,-0.7453f,-0.5501f,0.6629f,-0.508f,6.3189f,0.4121f,0.7445f,0.5252f,2.6768f,0f,0f,0f,1f],start_interpolation: 0,interpolation_duration: 1}
$data merge entity $(right_fingers) {transformation: [0.1737f,-0.7098f,-0.6827f,-0.9477f,0.5854f,0.6319f,-0.508f,6.5118f,0.7919f,-0.3114f,0.5252f,2.6142f,0f,0f,0f,1f],start_interpolation: 0,interpolation_duration: 1}
$data merge entity $(scout) {transformation: [0f,0f,0f,-0.9447f,0f,0f,0f,6.3002f,0f,0f,0f,2.6165f,0f,0f,0f,1f],start_interpolation: 0,interpolation_duration: 1}
$data merge entity $(right_hand) {transformation: [-0.5494f,-0.4818f,-0.6827f,-1.271f,0.8308f,-0.2275f,-0.508f,6.3455f,0.0894f,-0.8463f,0.5252f,2.1172f,0f,0f,0f,1f],start_interpolation: 0,interpolation_duration: 1}
$data merge entity $(right_forearm) {transformation: [-0.6891f,-0.4051f,-1.1217f,-1.8933f,1.1083f,-0.696f,-0.4295f,5.2357f,-0.4404f,-1.1174f,0.6742f,0.4773f,0f,0f,0f,1f],start_interpolation: 0,interpolation_duration: 1}
$data merge entity $(right_shoulder) {transformation: [-1.0321f,0.8021f,-0.6642f,-0.686f,1.0231f,0.6062f,-0.8577f,5.7961f,-0.1946f,-1.0673f,-0.9864f,-0.753f,0f,0f,0f,1f],start_interpolation: 0,interpolation_duration: 1}
$data merge entity $(right_arm) {transformation: [-0.7909f,-0.0863f,0.6058f,-0.2598f,0.0238f,0.9849f,0.1714f,6.0694f,-0.6115f,0.15f,-0.7769f,-0.3713f,0f,0f,0f,1f],start_interpolation: 0,interpolation_duration: 1}
$data merge entity $(left_thumb_2) {transformation: [0.2361f,0.1593f,0.9586f,0.3745f,-0.9707f,-0.0069f,0.2402f,5.9509f,0.0448f,-0.9872f,0.153f,4.492f,0f,0f,0f,1f],start_interpolation: 0,interpolation_duration: 1}
$data merge entity $(left_thumb) {transformation: [0.2361f,0.8144f,0.5302f,0.594f,-0.9707f,0.1725f,0.1673f,6.1479f,0.0448f,-0.5541f,0.8312f,4.2953f,0f,0f,0f,1f],start_interpolation: 0,interpolation_duration: 1}
$data merge entity $(left_fingers2) {transformation: [0.1386f,0.0411f,0.9895f,0.5579f,-0.8015f,0.5916f,0.0877f,6.4365f,-0.5818f,-0.8052f,0.115f,5.0873f,0f,0f,0f,1f],start_interpolation: 0,interpolation_duration: 1}
$data merge entity $(left_fingers) {transformation: [0.09f,0.1132f,0.9895f,0.5948f,-0.9958f,0.0249f,0.0877f,6.4724f,-0.0147f,-0.9933f,0.115f,4.8055f,0f,0f,0f,1f],start_interpolation: 0,interpolation_duration: 1}
$data merge entity $(left_hand) {transformation: [0.0398f,0.139f,0.9895f,0.7241f,-0.9296f,-0.3581f,0.0877f,6.2517f,0.3665f,-0.9233f,0.115f,4.2453f,0f,0f,0f,1f],start_interpolation: 0,interpolation_duration: 1}
$data merge entity $(left_forearm) {transformation: [-1.2401f,0.3312f,0.4994f,1.1896f,-0.56f,-0.2317f,-1.2369f,5.8344f,-0.2134f,-1.3167f,0.3433f,2.266f,0f,0f,0f,1f],start_interpolation: 0,interpolation_duration: 1}
$data merge entity $(left_shoulder) {transformation: [-0.8411f,-0.0618f,1.1994f,0.9061f,-1.1999f,0.1056f,-0.836f,5.7481f,-0.0511f,-1.4611f,-0.1111f,0.4779f,0f,0f,0f,1f],start_interpolation: 0,interpolation_duration: 1}
$data merge entity $(left_arm) {transformation: [-0.7909f,-0.0863f,0.6058f,0.4402f,0.0238f,0.9849f,0.1714f,6.0483f,-0.6115f,0.15f,-0.7769f,0.1699f,0f,0f,0f,1f],start_interpolation: 0,interpolation_duration: 1}
$data merge entity $(chest) {transformation: [-1.0112f,-0.1103f,0.7746f,0.267f,0.0305f,1.2592f,0.2192f,4.286f,-0.7818f,0.1918f,-0.9933f,-0.3985f,0f,0f,0f,1f],start_interpolation: 0,interpolation_duration: 1}
$data merge entity $(left_cheek) {transformation: [-0.932f,-0.0463f,0.3596f,0.7295f,-0.0565f,0.9982f,-0.0178f,3.3501f,-0.3581f,-0.0369f,-0.933f,-0.5204f,0f,0f,0f,1f],start_interpolation: 0,interpolation_duration: 1}
$data merge entity $(left_foot) {transformation: [-0.991f,0.0416f,-0.2479f,0.8867f,0.0048f,1.0112f,0.1506f,-4.1167f,0.2514f,0.1448f,-0.9804f,1.9805f,0f,0f,0f,1f],start_interpolation: 0,interpolation_duration: 1}
$data merge entity $(left_knee) {transformation: [-3.0206f,-0.03f,-0.3571f,0.9173f,-0.0174f,3.0398f,-0.1083f,0.0864f,0.3579f,-0.1055f,-3.0188f,1.7007f,0f,0f,0f,1f],start_interpolation: 0,interpolation_duration: 1}
$data merge entity $(left_leg) {transformation: [-1.7076f,-0.0864f,-0.1673f,0.7127f,0.027f,1.3984f,-0.9976f,2.357f,0.1863f,-0.9942f,-1.3886f,0.1563f,0f,0f,0f,1f],start_interpolation: 0,interpolation_duration: 1}
$data merge entity $(right_cheek) {transformation: [-0.6883f,0.2983f,0.6613f,0.1504f,0.3605f,0.9317f,-0.0451f,3.3586f,-0.6295f,0.2073f,-0.7488f,-0.9102f,0f,0f,0f,1f],start_interpolation: 0,interpolation_duration: 1}
$data merge entity $(right_foot) {transformation: [-0.6855f,-0.2921f,0.7f,-1.8303f,0.2997f,0.7625f,0.6116f,-3.2991f,-0.6968f,0.6153f,-0.4256f,-3.3634f,0f,0f,0f,1f],start_interpolation: 0,interpolation_duration: 1}
$data merge entity $(right_knee) {transformation: [-2.3068f,-0.0098f,1.9826f,-1.8289f,1.2979f,2.292f,1.5213f,-0.0275f,-1.4988f,1.9997f,-1.734f,-0.7097f,0f,0f,0f,1f],start_interpolation: 0,interpolation_duration: 1}
$data merge entity $(right_leg) {transformation: [-1.3029f,0.8382f,0.7426f,-0.4536f,0.733f,1.4996f,-0.4066f,2.3564f,-0.8465f,0.0085f,-1.4949f,-0.6171f,0f,0f,0f,1f],start_interpolation: 0,interpolation_duration: 1}
$data merge entity $(weist) {transformation: [-1.3521f,0.0715f,0.8937f,0.267f,-0.0008f,1.6171f,-0.1305f,3.9926f,-0.8966f,-0.1092f,-1.3477f,-0.4391f,0f,0f,0f,1f],start_interpolation: 0,interpolation_duration: 1}
data modify storage animated_java:temp entry.data merge value {"locators":{"consume":{"px":-0.8150317157,"py":6.3143652376,"pz":2.7253446079,"ry":232.4274845865,"rx":-30.531100605}}}
# Data Manager: Prepare for Read / Write
execute store result storage animated_java:temp args.id int 1 run scoreboard players get @s aj.id
# Data Manager: Write
function animated_java:global/data_manager/write with storage animated_java:temp args