# This file was generated by Animated Java via MC-Build. It is not recommended to edit this file directly.
$data merge entity $(neck) {transformation: [-0.9741f,-0.1464f,0.1723f,0.118f,-0.0868f,0.9458f,0.3129f,6.0975f,-0.2088f,0.2898f,-0.934f,-0.1212f,0f,0f,0f,1f],start_interpolation: 0,interpolation_duration: 1}
$data merge entity $(right_thumb_2) {transformation: [-0.1467f,-0.429f,-0.8913f,-0.79f,0.9562f,0.1691f,-0.2388f,6.2111f,0.2532f,-0.8873f,0.3854f,2.1992f,0f,0f,0f,1f],start_interpolation: 0,interpolation_duration: 1}
$data merge entity $(right_thumb) {transformation: [-0.1467f,-0.947f,-0.2859f,-1.1124f,0.9562f,-0.0618f,-0.286f,6.337f,0.2532f,-0.3154f,0.9146f,2.1224f,0f,0f,0f,1f],start_interpolation: 0,interpolation_duration: 1}
$data merge entity $(right_fingers2) {transformation: [0.7279f,0.0523f,-0.6837f,-0.7625f,-0.54f,0.6583f,-0.5245f,6.3299f,0.4226f,0.751f,0.5074f,2.7454f,0f,0f,0f,1f],start_interpolation: 0,interpolation_duration: 1}
$data merge entity $(right_fingers) {transformation: [0.1469f,-0.7148f,-0.6837f,-0.9671f,0.5821f,0.6213f,-0.5245f,6.5196f,0.7997f,-0.321f,0.5074f,2.6802f,0f,0f,0f,1f],start_interpolation: 0,interpolation_duration: 1}
$data merge entity $(scout) {transformation: [0f,0f,0f,-0.9603f,0f,0f,0f,6.308f,0f,0f,0f,2.6808f,0f,0f,0f,1f],start_interpolation: 0,interpolation_duration: 1}
$data merge entity $(right_hand) {transformation: [-0.5662f,-0.4603f,-0.6837f,-1.2772f,0.8199f,-0.2295f,-0.5245f,6.3513f,0.0845f,-0.8576f,0.5074f,2.1755f,0f,0f,0f,1f],start_interpolation: 0,interpolation_duration: 1}
$data merge entity $(right_forearm) {transformation: [-0.6976f,-0.3772f,-1.1261f,-1.8573f,1.1043f,-0.6866f,-0.4541f,5.2549f,-0.437f,-1.1329f,0.6502f,0.5112f,0f,0f,0f,1f],start_interpolation: 0,interpolation_duration: 1}
$data merge entity $(right_shoulder) {transformation: [-1.0352f,0.7785f,-0.6871f,-0.6774f,1.0222f,0.5934f,-0.8676f,5.8002f,-0.1826f,-1.0916f,-0.9617f,-0.752f,0f,0f,0f,1f],start_interpolation: 0,interpolation_duration: 1}
$data merge entity $(right_arm) {transformation: [-0.7871f,-0.0899f,0.6103f,-0.2544f,0.0277f,0.9832f,0.1805f,6.0709f,-0.6163f,0.159f,-0.7713f,-0.3649f,0f,0f,0f,1f],start_interpolation: 0,interpolation_duration: 1}
$data merge entity $(left_thumb_2) {transformation: [0.2418f,0.1606f,0.9569f,0.3912f,-0.97f,0.0152f,0.2426f,5.9094f,0.0244f,-0.9869f,0.1595f,4.5116f,0f,0f,0f,1f],start_interpolation: 0,interpolation_duration: 1}
$data merge entity $(left_thumb) {transformation: [0.2418f,0.814f,0.5281f,0.6098f,-0.97f,0.1891f,0.1527f,6.1119f,0.0244f,-0.5492f,0.8354f,4.3196f,0f,0f,0f,1f],start_interpolation: 0,interpolation_duration: 1}
$data merge entity $(left_fingers2) {transformation: [0.1442f,0.0386f,0.9888f,0.5709f,-0.788f,0.6089f,0.0911f,6.3833f,-0.5986f,-0.7923f,0.1182f,5.1174f,0f,0f,0f,1f],start_interpolation: 0,interpolation_duration: 1}
$data merge entity $(left_fingers) {transformation: [0.096f,0.1143f,0.9888f,0.608f,-0.9947f,0.0468f,0.0911f,6.4253f,-0.0359f,-0.9923f,0.1182f,4.8365f,0f,0f,0f,1f],start_interpolation: 0,interpolation_duration: 1}
$data merge entity $(left_hand) {transformation: [0.0449f,0.1423f,0.9888f,0.7394f,-0.9369f,-0.3374f,0.0911f,6.2174f,0.3466f,-0.9305f,0.1182f,4.272f,0f,0f,0f,1f],start_interpolation: 0,interpolation_duration: 1}
$data merge entity $(left_forearm) {transformation: [-1.2392f,0.3135f,0.5132f,1.1786f,-0.5645f,-0.2017f,-1.2401f,5.8451f,-0.2071f,-1.326f,0.3099f,2.2778f,0f,0f,0f,1f],start_interpolation: 0,interpolation_duration: 1}
$data merge entity $(left_shoulder) {transformation: [-0.8381f,-0.0525f,1.2019f,0.907f,-1.2021f,0.0941f,-0.8342f,5.7444f,-0.0473f,-1.4623f,-0.0969f,0.4885f,0f,0f,0f,1f],start_interpolation: 0,interpolation_duration: 1}
$data merge entity $(left_arm) {transformation: [-0.7871f,-0.0899f,0.6103f,0.4423f,0.0277f,0.9832f,0.1805f,6.0464f,-0.6163f,0.159f,-0.7713f,0.1805f,0f,0f,0f,1f],start_interpolation: 0,interpolation_duration: 1}
$data merge entity $(chest) {transformation: [-1.0063f,-0.1149f,0.7803f,0.2773f,0.0355f,1.257f,0.2308f,4.2893f,-0.7879f,0.2033f,-0.9862f,-0.406f,0f,0f,0f,1f],start_interpolation: 0,interpolation_duration: 1}
$data merge entity $(left_cheek) {transformation: [-0.9556f,-0.0534f,0.2897f,0.7237f,-0.0576f,0.9983f,-0.0062f,3.3483f,-0.2889f,-0.0226f,-0.9571f,-0.53f,0f,0f,0f,1f],start_interpolation: 0,interpolation_duration: 1}
$data merge entity $(left_foot) {transformation: [-0.9845f,0.0292f,-0.2742f,0.8634f,-0.0031f,1.0154f,0.1193f,-4.1197f,0.2758f,0.1157f,-0.9777f,1.6595f,0f,0f,0f,1f],start_interpolation: 0,interpolation_duration: 1}
$data merge entity $(left_knee) {transformation: [-3.011f,0.0075f,-0.4313f,0.9426f,-0.0103f,3.0392f,0.1246f,0.0919f,0.4313f,0.1248f,-3.0084f,1.6968f,0f,0f,0f,1f],start_interpolation: 0,interpolation_duration: 1}
$data merge entity $(left_leg) {transformation: [-1.7024f,-0.0963f,-0.2093f,0.7235f,0.0436f,1.3978f,-0.9978f,2.3624f,0.2263f,-0.9941f,-1.3828f,0.1542f,0f,0f,0f,1f],start_interpolation: 0,interpolation_duration: 1}
$data merge entity $(right_cheek) {transformation: [-0.7194f,0.3255f,0.6137f,0.1505f,0.3505f,0.9328f,-0.0839f,3.3574f,-0.5997f,0.1547f,-0.7851f,-0.9429f,0f,0f,0f,1f],start_interpolation: 0,interpolation_duration: 1}
$data merge entity $(right_foot) {transformation: [-0.7791f,-0.2047f,0.6296f,-1.9409f,0.2903f,0.7682f,0.609f,-3.2619f,-0.595f,0.6428f,-0.5273f,-3.0545f,0f,0f,0f,1f],start_interpolation: 0,interpolation_duration: 1}
$data merge entity $(right_knee) {transformation: [-2.5126f,0.0983f,1.7115f,-1.807f,1.2037f,2.2635f,1.637f,-0.0277f,-1.2207f,2.0295f,-1.9086f,-0.3587f,0f,0f,0f,1f],start_interpolation: 0,interpolation_duration: 1}
$data merge entity $(right_leg) {transformation: [-1.4191f,0.8116f,0.528f,-0.4631f,0.6798f,1.5023f,-0.4822f,2.3649f,-0.6895f,-0.1894f,-1.5621f,-0.5876f,0f,0f,0f,1f],start_interpolation: 0,interpolation_duration: 1}
$data merge entity $(weist) {transformation: [-1.3757f,0.0837f,0.8559f,0.2773f,0.0029f,1.6151f,-0.1533f,3.9958f,-0.86f,-0.1285f,-1.3696f,-0.4467f,0f,0f,0f,1f],start_interpolation: 0,interpolation_duration: 1}
data modify storage animated_java:temp entry.data merge value {"locators":{"consume":{"px":-0.8331427159,"py":6.3237031608,"pz":2.7924407007,"ry":233.4214139179,"rx":-31.6337790355}}}
# Data Manager: Prepare for Read / Write
execute store result storage animated_java:temp args.id int 1 run scoreboard players get @s aj.id
# Data Manager: Write
function animated_java:global/data_manager/write with storage animated_java:temp args