# This file was generated by Animated Java via MC-Build. It is not recommended to edit this file directly.
$data merge entity $(neck) {transformation: [-0.9729f,-0.1477f,0.1781f,0.1278f,-0.0846f,0.9435f,0.3205f,6.1003f,-0.2154f,0.2967f,-0.9304f,-0.1272f,0f,0f,0f,1f],start_interpolation: 0,interpolation_duration: 1}
$data merge entity $(right_thumb_2) {transformation: [-0.1664f,-0.4137f,-0.8951f,-0.7865f,0.9551f,0.1582f,-0.2507f,6.2636f,0.2453f,-0.8966f,0.3688f,2.2466f,0f,0f,0f,1f],start_interpolation: 0,interpolation_duration: 1}
$data merge entity $(right_thumb) {transformation: [-0.1664f,-0.9394f,-0.2997f,-1.1092f,0.9551f,-0.0779f,-0.286f,6.3841f,0.2453f,-0.3338f,0.9102f,2.1627f,0f,0f,0f,1f],start_interpolation: 0,interpolation_duration: 1}
$data merge entity $(right_fingers2) {transformation: [0.7275f,0.0272f,-0.6856f,-0.7718f,-0.5267f,0.6626f,-0.5325f,6.3855f,0.4398f,0.7485f,0.4963f,2.7925f,0f,0f,0f,1f],start_interpolation: 0,interpolation_duration: 1}
$data merge entity $(right_fingers) {transformation: [0.1219f,-0.7177f,-0.6856f,-0.9779f,0.5882f,0.6087f,-0.5325f,6.5716f,0.7995f,-0.3383f,0.4963f,2.7223f,0f,0f,0f,1f],start_interpolation: 0,interpolation_duration: 1}
$data merge entity $(scout) {transformation: [0f,0f,0f,-0.9679f,0f,0f,0f,6.3602f,0f,0f,0f,2.7242f,0f,0f,0f,1f],start_interpolation: 0,interpolation_duration: 1}
$data merge entity $(right_hand) {transformation: [-0.5803f,-0.4396f,-0.6856f,-1.2753f,0.8115f,-0.2407f,-0.5325f,6.3962f,0.0691f,-0.8654f,0.4963f,2.2124f,0f,0f,0f,1f],start_interpolation: 0,interpolation_duration: 1}
$data merge entity $(right_forearm) {transformation: [-0.7032f,-0.3516f,-1.1309f,-1.8166f,1.0966f,-0.6901f,-0.4673f,5.2942f,-0.4474f,-1.139f,0.6322f,0.5388f,0f,0f,0f,1f],start_interpolation: 0,interpolation_duration: 1}
$data merge entity $(right_shoulder) {transformation: [-1.0352f,0.7557f,-0.7121f,-0.6636f,1.022f,0.5638f,-0.8873f,5.8042f,-0.1835f,-1.1229f,-0.9248f,-0.7635f,0f,0f,0f,1f],start_interpolation: 0,interpolation_duration: 1}
$data merge entity $(right_arm) {transformation: [-0.783f,-0.0905f,0.6154f,-0.2431f,0.0288f,0.983f,0.1812f,6.0742f,-0.6213f,0.1597f,-0.7671f,-0.3734f,0f,0f,0f,1f],start_interpolation: 0,interpolation_duration: 1}
$data merge entity $(left_thumb_2) {transformation: [0.2439f,0.1621f,0.9562f,0.4128f,-0.9696f,0.0224f,0.2435f,5.9335f,0.018f,-0.9865f,0.1626f,4.5152f,0f,0f,0f,1f],start_interpolation: 0,interpolation_duration: 1}
$data merge entity $(left_thumb) {transformation: [0.2439f,0.8144f,0.5265f,0.6313f,-0.9696f,0.1947f,0.148f,6.1378f,0.018f,-0.5466f,0.8372f,4.3249f,0f,0f,0f,1f],start_interpolation: 0,interpolation_duration: 1}
$data merge entity $(left_fingers2) {transformation: [0.1467f,0.0385f,0.9884f,0.5906f,-0.7835f,0.6145f,0.0924f,6.4035f,-0.6038f,-0.788f,0.1203f,5.1246f,0f,0f,0f,1f],start_interpolation: 0,interpolation_duration: 1}
$data merge entity $(left_fingers) {transformation: [0.0981f,0.1157f,0.9884f,0.6281f,-0.9943f,0.054f,0.0924f,6.4476f,-0.0426f,-0.9918f,0.1203f,4.844f,0f,0f,0f,1f],start_interpolation: 0,interpolation_duration: 1}
$data merge entity $(left_hand) {transformation: [0.0464f,0.1444f,0.9884f,0.7607f,-0.9392f,-0.3306f,0.0924f,6.2439f,0.3402f,-0.9326f,0.1203f,4.2782f,0f,0f,0f,1f],start_interpolation: 0,interpolation_duration: 1}
$data merge entity $(left_forearm) {transformation: [-1.24f,0.295f,0.5219f,1.1724f,-0.5676f,-0.1919f,-1.2402f,5.8862f,-0.1929f,-1.3317f,0.2943f,2.2755f,0f,0f,0f,1f],start_interpolation: 0,interpolation_duration: 1}
$data merge entity $(left_shoulder) {transformation: [-0.8391f,-0.0426f,1.2016f,0.9126f,-1.2021f,0.0617f,-0.8373f,5.7461f,-0.0262f,-1.4643f,-0.0702f,0.4872f,0f,0f,0f,1f],start_interpolation: 0,interpolation_duration: 1}
$data merge entity $(left_arm) {transformation: [-0.783f,-0.0905f,0.6154f,0.45f,0.0288f,0.983f,0.1812f,6.0487f,-0.6213f,0.1597f,-0.7671f,0.1765f,0f,0f,0f,1f],start_interpolation: 0,interpolation_duration: 1}
$data merge entity $(chest) {transformation: [-1.0012f,-0.1157f,0.7868f,0.2881f,0.0369f,1.2568f,0.2317f,4.2924f,-0.7944f,0.2041f,-0.9808f,-0.4133f,0f,0f,0f,1f],start_interpolation: 0,interpolation_duration: 1}
$data merge entity $(left_cheek) {transformation: [-0.9629f,-0.0495f,0.2653f,0.7449f,-0.0587f,0.9979f,-0.0271f,3.3647f,-0.2634f,-0.0416f,-0.9638f,-0.5454f,0f,0f,0f,1f],start_interpolation: 0,interpolation_duration: 1}
$data merge entity $(left_foot) {transformation: [-0.977f,0.046f,-0.2978f,0.8334f,-0.0095f,1.0052f,0.1864f,-4.0907f,0.3012f,0.1809f,-0.9601f,1.2823f,0f,0f,0f,1f],start_interpolation: 0,interpolation_duration: 1}
$data merge entity $(left_knee) {transformation: [-2.9986f,0.0721f,-0.5054f,0.9986f,0.0061f,3.0161f,0.394f,0.0996f,0.5104f,0.3874f,-2.9735f,1.6822f,0f,0f,0f,1f],start_interpolation: 0,interpolation_duration: 1}
$data merge entity $(left_leg) {transformation: [-1.6954f,-0.1034f,-0.2575f,0.7699f,0.065f,1.4021f,-0.9906f,2.3775f,0.2698f,-0.9874f,-1.3797f,0.152f,0f,0f,0f,1f],start_interpolation: 0,interpolation_duration: 1}
$data merge entity $(right_cheek) {transformation: [-0.7447f,0.2923f,0.6f,0.164f,0.2957f,0.9504f,-0.0959f,3.3512f,-0.5982f,0.106f,-0.7943f,-0.9525f,0f,0f,0f,1f],start_interpolation: 0,interpolation_duration: 1}
$data merge entity $(right_foot) {transformation: [-0.7827f,-0.16f,0.6379f,-1.6929f,0.2406f,0.8532f,0.5093f,-3.4669f,-0.6121f,0.54f,-0.6156f,-2.6401f,0f,0f,0f,1f],start_interpolation: 0,interpolation_duration: 1}
$data merge entity $(right_knee) {transformation: [-2.5185f,-0.0161f,1.7057f,-1.7176f,1.0361f,2.4018f,1.5524f,-0.0495f,-1.355f,1.8664f,-1.9831f,-0.1771f,0f,0f,0f,1f],start_interpolation: 0,interpolation_duration: 1}
$data merge entity $(right_leg) {transformation: [-1.4224f,0.7734f,0.5744f,-0.4362f,0.5852f,1.5073f,-0.5805f,2.3579f,-0.7653f,-0.285f,-1.5115f,-0.5575f,0f,0f,0f,1f],start_interpolation: 0,interpolation_duration: 1}
$data merge entity $(weist) {transformation: [-1.3982f,0.0608f,0.8206f,0.2881f,-0.0227f,1.6144f,-0.1582f,3.9989f,-0.8225f,-0.1479f,-1.3906f,-0.4539f,0f,0f,0f,1f],start_interpolation: 0,interpolation_duration: 1}
data modify storage animated_java:temp entry.data merge value {"locators":{"consume":{"px":-0.843219487,"py":6.3783558196,"pz":2.8382451713,"ry":234.0970714901,"rx":-32.1772533347}}}
# Data Manager: Prepare for Read / Write
execute store result storage animated_java:temp args.id int 1 run scoreboard players get @s aj.id
# Data Manager: Write
function animated_java:global/data_manager/write with storage animated_java:temp args