# This file was generated by Animated Java via MC-Build. It is not recommended to edit this file directly.
$data merge entity $(neck) {transformation: [-0.9718f,-0.1474f,0.1842f,0.1402f,-0.0787f,0.9386f,0.336f,6.1043f,-0.2224f,0.3121f,-0.9237f,-0.1411f,0f,0f,0f,1f],start_interpolation: 0,interpolation_duration: 1}
$data merge entity $(right_thumb_2) {transformation: [-0.1796f,-0.4046f,-0.8967f,-0.7612f,0.9573f,0.1379f,-0.254f,6.3513f,0.2264f,-0.904f,0.3625f,2.2714f,0f,0f,0f,1f],start_interpolation: 0,interpolation_duration: 1}
$data merge entity $(right_thumb) {transformation: [-0.1796f,-0.9344f,-0.3075f,-1.0842f,0.9573f,-0.0941f,-0.2733f,6.4668f,0.2264f,-0.3435f,0.9115f,2.1816f,0f,0f,0f,1f],start_interpolation: 0,interpolation_duration: 1}
$data merge entity $(right_fingers2) {transformation: [0.7278f,0.0111f,-0.6857f,-0.7544f,-0.5108f,0.6759f,-0.5313f,6.4829f,0.4576f,0.7369f,0.4975f,2.8152f,0f,0f,0f,1f],start_interpolation: 0,interpolation_duration: 1}
$data merge entity $(right_fingers) {transformation: [0.106f,-0.7201f,-0.6857f,-0.9617f,0.6034f,0.5947f,-0.5313f,6.6655f,0.7904f,-0.3575f,0.4975f,2.7393f,0f,0f,0f,1f],start_interpolation: 0,interpolation_duration: 1}
$data merge entity $(scout) {transformation: [0f,0f,0f,-0.9494f,0f,0f,0f,6.4542f,0f,0f,0f,2.745f,0f,0f,0f,1f],start_interpolation: 0,interpolation_duration: 1}
$data merge entity $(right_hand) {transformation: [-0.5898f,-0.4265f,-0.6857f,-1.251f,0.8061f,-0.2606f,-0.5313f,6.4779f,0.0479f,-0.8661f,0.4975f,2.2291f,0f,0f,0f,1f],start_interpolation: 0,interpolation_duration: 1}
$data merge entity $(right_forearm) {transformation: [-0.7075f,-0.337f,-1.1327f,-1.7703f,1.0855f,-0.7072f,-0.4676f,5.3506f,-0.4672f,-1.1328f,0.6289f,0.5654f,0f,0f,0f,1f],start_interpolation: 0,interpolation_duration: 1}
$data merge entity $(right_shoulder) {transformation: [-1.0332f,0.7307f,-0.7405f,-0.6473f,1.0223f,0.5198f,-0.9135f,5.8077f,-0.1927f,-1.16f,-0.8758f,-0.7819f,0f,0f,0f,1f],start_interpolation: 0,interpolation_duration: 1}
$data merge entity $(right_arm) {transformation: [-0.7785f,-0.0893f,0.6212f,-0.2289f,0.0284f,0.9838f,0.177f,6.0782f,-0.6269f,0.1554f,-0.7634f,-0.3898f,0f,0f,0f,1f],start_interpolation: 0,interpolation_duration: 1}
$data merge entity $(left_thumb_2) {transformation: [0.243f,0.1649f,0.9559f,0.4282f,-0.9698f,0.0189f,0.2432f,5.9972f,0.0221f,-0.9861f,0.1645f,4.5084f,0f,0f,0f,1f],start_interpolation: 0,interpolation_duration: 1}
$data merge entity $(left_thumb) {transformation: [0.243f,0.8162f,0.5242f,0.6474f,-0.9698f,0.1921f,0.1504f,6.2007f,0.0221f,-0.5449f,0.8382f,4.318f,0f,0f,0f,1f],start_interpolation: 0,interpolation_duration: 1}
$data merge entity $(left_fingers2) {transformation: [0.1478f,0.0413f,0.9882f,0.6046f,-0.7857f,0.6117f,0.0919f,6.4692f,-0.6007f,-0.79f,0.1229f,5.1166f,0f,0f,0f,1f],start_interpolation: 0,interpolation_duration: 1}
$data merge entity $(left_fingers) {transformation: [0.0974f,0.1186f,0.9882f,0.6429f,-0.9945f,0.0505f,0.0919f,6.5123f,-0.0389f,-0.9917f,0.1229f,4.836f,0f,0f,0f,1f],start_interpolation: 0,interpolation_duration: 1}
$data merge entity $(left_hand) {transformation: [0.0446f,0.1468f,0.9882f,0.777f,-0.9381f,-0.334f,0.0919f,6.3066f,0.3435f,-0.9311f,0.1229f,4.2713f,0f,0f,0f,1f],start_interpolation: 0,interpolation_duration: 1}
$data merge entity $(left_forearm) {transformation: [-1.2418f,0.2804f,0.5257f,1.1667f,-0.5689f,-0.1968f,-1.2389f,5.9415f,-0.1771f,-1.3341f,0.2932f,2.2655f,0f,0f,0f,1f],start_interpolation: 0,interpolation_duration: 1}
$data merge entity $(left_shoulder) {transformation: [-0.8427f,-0.0315f,1.1995f,0.9198f,-1.1999f,0.0195f,-0.8425f,5.7505f,0.0022f,-1.4658f,-0.037f,0.4801f,0f,0f,0f,1f],start_interpolation: 0,interpolation_duration: 1}
$data merge entity $(left_arm) {transformation: [-0.7785f,-0.0893f,0.6212f,0.4602f,0.0284f,0.9838f,0.177f,6.0531f,-0.6269f,0.1554f,-0.7634f,0.1651f,0f,0f,0f,1f],start_interpolation: 0,interpolation_duration: 1}
$data merge entity $(chest) {transformation: [-0.9954f,-0.1141f,0.7942f,0.2983f,0.0363f,1.2578f,0.2263f,4.295f,-0.8016f,0.1987f,-0.976f,-0.4195f,0f,0f,0f,1f],start_interpolation: 0,interpolation_duration: 1}
$data merge entity $(left_cheek) {transformation: [-0.9629f,-0.0408f,0.2668f,0.7821f,-0.0617f,0.9956f,-0.0706f,3.3925f,-0.2628f,-0.0845f,-0.9612f,-0.5636f,0f,0f,0f,1f],start_interpolation: 0,interpolation_duration: 1}
$data merge entity $(left_foot) {transformation: [-0.9689f,0.0821f,-0.3157f,0.7997f,-0.0121f,0.9798f,0.2917f,-4.0165f,0.326f,0.2802f,-0.9276f,0.9475f,0f,0f,0f,1f],start_interpolation: 0,interpolation_duration: 1}
$data merge entity $(left_knee) {transformation: [-2.9836f,0.1556f,-0.571f,1.0774f,0.0315f,2.9723f,0.6454f,0.1227f,0.591f,0.6271f,-2.9171f,1.6791f,0f,0f,0f,1f],start_interpolation: 0,interpolation_duration: 1}
$data merge entity $(left_leg) {transformation: [-1.6866f,-0.1094f,-0.3078f,0.841f,0.0895f,1.4021f,-0.9886f,2.4017f,0.3141f,-0.9866f,-1.3709f,0.1517f,0f,0f,0f,1f],start_interpolation: 0,interpolation_duration: 1}
$data merge entity $(right_cheek) {transformation: [-0.7661f,0.2212f,0.6035f,0.1842f,0.2089f,0.9736f,-0.0916f,3.3431f,-0.6079f,0.056f,-0.7921f,-0.9382f,0f,0f,0f,1f],start_interpolation: 0,interpolation_duration: 1}
$data merge entity $(right_foot) {transformation: [-0.7273f,-0.1224f,0.708f,-1.2135f,0.1601f,0.9545f,0.3296f,-3.7738f,-0.7004f,0.3453f,-0.6598f,-2.1132f,0f,0f,0f,1f],start_interpolation: 0,interpolation_duration: 1}
$data merge entity $(right_knee) {transformation: [-2.3745f,-0.2791f,1.8805f,-1.591f,0.781f,2.5999f,1.3721f,-0.097f,-1.7332f,1.554f,-1.9579f,-0.0923f,0f,0f,0f,1f],start_interpolation: 0,interpolation_duration: 1}
$data merge entity $(right_leg) {transformation: [-1.3411f,0.7327f,0.7848f,-0.3844f,0.4411f,1.5209f,-0.6662f,2.3407f,-0.9789f,-0.3185f,-1.3754f,-0.5215f,0f,0f,0f,1f],start_interpolation: 0,interpolation_duration: 1}
$data merge entity $(weist) {transformation: [-1.4205f,0.013f,0.7836f,0.2983f,-0.0707f,1.6134f,-0.1551f,4.0015f,-0.7805f,-0.1699f,-1.4121f,-0.4601f,0f,0f,0f,1f],start_interpolation: 0,interpolation_duration: 1}
data modify storage animated_java:temp entry.data merge value {"locators":{"consume":{"px":-0.8262979985,"py":6.4757841226,"pz":2.860189765,"ry":234.0373884619,"rx":-32.0911194808}}}
# Data Manager: Prepare for Read / Write
execute store result storage animated_java:temp args.id int 1 run scoreboard players get @s aj.id
# Data Manager: Write
function animated_java:global/data_manager/write with storage animated_java:temp args