# This file was generated by Animated Java via MC-Build. It is not recommended to edit this file directly.
$data merge entity $(neck) {transformation: [-0.971f,-0.1462f,0.1891f,0.1527f,-0.0719f,0.9332f,0.3521f,6.1082f,-0.228f,0.3283f,-0.9167f,-0.157f,0f,0f,0f,1f],start_interpolation: 0,interpolation_duration: 1}
$data merge entity $(right_thumb_2) {transformation: [-0.1869f,-0.3998f,-0.8974f,-0.7316f,0.9607f,0.1166f,-0.252f,6.4404f,0.2054f,-0.9092f,0.3623f,2.2763f,0f,0f,0f,1f],start_interpolation: 0,interpolation_duration: 1}
$data merge entity $(right_thumb) {transformation: [-0.1869f,-0.9317f,-0.3115f,-1.0547f,0.9607f,-0.107f,-0.2562f,6.552f,0.2054f,-0.3471f,0.9151f,2.1822f,0f,0f,0f,1f],start_interpolation: 0,interpolation_duration: 1}
$data merge entity $(right_fingers2) {transformation: [0.728f,0.0023f,-0.6856f,-0.729f,-0.4967f,0.6911f,-0.5251f,6.5834f,0.4725f,0.7228f,0.5043f,2.8174f,0f,0f,0f,1f],start_interpolation: 0,interpolation_duration: 1}
$data merge entity $(right_fingers) {transformation: [0.0974f,-0.7215f,-0.6856f,-0.9369f,0.6204f,0.5826f,-0.5251f,6.763f,0.7783f,-0.3742f,0.5043f,2.7364f,0f,0f,0f,1f],start_interpolation: 0,interpolation_duration: 1}
$data merge entity $(scout) {transformation: [0f,0f,0f,-0.9233f,0f,0f,0f,6.5521f,0f,0f,0f,2.7466f,0f,0f,0f,1f],start_interpolation: 0,interpolation_duration: 1}
$data merge entity $(right_hand) {transformation: [-0.595f,-0.4195f,-0.6856f,-1.2219f,0.8032f,-0.2812f,-0.5251f,6.5631f,0.0275f,-0.8631f,0.5043f,2.2284f,0f,0f,0f,1f],start_interpolation: 0,interpolation_duration: 1}
$data merge entity $(right_forearm) {transformation: [-0.7098f,-0.3304f,-1.1332f,-1.7311f,1.0745f,-0.7281f,-0.4608f,5.4051f,-0.4885f,-1.1215f,0.633f,0.5828f,0f,0f,0f,1f],start_interpolation: 0,interpolation_duration: 1}
$data merge entity $(right_shoulder) {transformation: [-1.0304f,0.7109f,-0.7634f,-0.6322f,1.0226f,0.4767f,-0.9364f,5.8102f,-0.2058f,-1.1905f,-0.8308f,-0.8005f,0f,0f,0f,1f],start_interpolation: 0,interpolation_duration: 1}
$data merge entity $(right_arm) {transformation: [-0.7749f,-0.0871f,0.626f,-0.2151f,0.0271f,0.985f,0.1706f,6.0817f,-0.6314f,0.1492f,-0.7609f,-0.4076f,0f,0f,0f,1f],start_interpolation: 0,interpolation_duration: 1}
$data merge entity $(left_thumb_2) {transformation: [0.2405f,0.1676f,0.9561f,0.4397f,-0.9701f,0.008f,0.2426f,6.0785f,0.0331f,-0.9858f,0.1645f,4.4951f,0f,0f,0f,1f],start_interpolation: 0,interpolation_duration: 1}
$data merge entity $(left_thumb) {transformation: [0.2405f,0.8181f,0.5223f,0.6599f,-0.9701f,0.1843f,0.1581f,6.2793f,0.0331f,-0.5447f,0.838f,4.3032f,0f,0f,0f,1f],start_interpolation: 0,interpolation_duration: 1}
$data merge entity $(left_fingers2) {transformation: [0.1475f,0.045f,0.988f,0.6156f,-0.7924f,0.6032f,0.0908f,6.5565f,-0.5919f,-0.7963f,0.1246f,5.0988f,0f,0f,0f,1f],start_interpolation: 0,interpolation_duration: 1}
$data merge entity $(left_fingers) {transformation: [0.095f,0.1214f,0.988f,0.6548f,-0.9951f,0.0396f,0.0908f,6.5965f,-0.0281f,-0.9918f,0.1246f,4.8179f,0f,0f,0f,1f],start_interpolation: 0,interpolation_duration: 1}
$data merge entity $(left_hand) {transformation: [0.0413f,0.1485f,0.988f,0.7899f,-0.9345f,-0.3442f,0.0908f,6.3844f,0.3536f,-0.9271f,0.1246f,4.2557f,0f,0f,0f,1f],start_interpolation: 0,interpolation_duration: 1}
$data merge entity $(left_forearm) {transformation: [-1.2439f,0.2706f,0.5258f,1.1648f,-0.5687f,-0.2117f,-1.2365f,5.9969f,-0.1621f,-1.3338f,0.3029f,2.2513f,0f,0f,0f,1f],start_interpolation: 0,interpolation_duration: 1}
$data merge entity $(left_shoulder) {transformation: [-0.8472f,-0.0228f,1.1965f,0.9278f,-1.1963f,-0.0224f,-0.8475f,5.7557f,0.0315f,-1.4659f,-0.0056f,0.4706f,0f,0f,0f,1f],start_interpolation: 0,interpolation_duration: 1}
$data merge entity $(left_arm) {transformation: [-0.7749f,-0.0871f,0.626f,0.4708f,0.0271f,0.985f,0.1706f,6.0578f,-0.6314f,0.1492f,-0.7609f,0.1513f,0f,0f,0f,1f],start_interpolation: 0,interpolation_duration: 1}
$data merge entity $(chest) {transformation: [-0.9908f,-0.1114f,0.8004f,0.3068f,0.0346f,1.2593f,0.2181f,4.2968f,-0.8073f,0.1907f,-0.9729f,-0.4239f,0f,0f,0f,1f],start_interpolation: 0,interpolation_duration: 1}
$data merge entity $(left_cheek) {transformation: [-0.9578f,-0.0335f,0.2855f,0.8222f,-0.0699f,0.9905f,-0.1184f,3.4175f,-0.2788f,-0.1334f,-0.951f,-0.5783f,0f,0f,0f,1f],start_interpolation: 0,interpolation_duration: 1}
$data merge entity $(left_foot) {transformation: [-0.9647f,0.1141f,-0.3187f,0.797f,-0.0142f,0.9481f,0.3824f,-3.9127f,0.3382f,0.3652f,-0.893f,0.7587f,0f,0f,0f,1f],start_interpolation: 0,interpolation_duration: 1}
$data merge entity $(left_knee) {transformation: [-2.9747f,0.2152f,-0.5973f,1.1559f,0.048f,2.9297f,0.8166f,0.174f,0.6331f,0.7892f,-2.8685f,1.7155f,0f,0f,0f,1f],start_interpolation: 0,interpolation_duration: 1}
$data merge entity $(left_leg) {transformation: [-1.6815f,-0.1144f,-0.3329f,0.9124f,0.1055f,1.3861f,-1.0094f,2.4286f,0.3358f,-1.0084f,-1.3497f,0.1534f,0f,0f,0f,1f],start_interpolation: 0,interpolation_duration: 1}
$data merge entity $(right_cheek) {transformation: [-0.7774f,0.1425f,0.6126f,0.2042f,0.1167f,0.9898f,-0.0822f,3.3378f,-0.6181f,0.0076f,-0.7861f,-0.9168f,0f,0f,0f,1f],start_interpolation: 0,interpolation_duration: 1}
$data merge entity $(right_foot) {transformation: [-0.6326f,-0.0648f,0.8006f,-0.7263f,0.08f,1.0089f,0.1448f,-4.0169f,-0.7992f,0.1523f,-0.6192f,-1.6369f,0f,0f,0f,1f],start_interpolation: 0,interpolation_duration: 1}
$data merge entity $(right_knee) {transformation: [-2.1068f,-0.5395f,2.1266f,-1.4465f,0.526f,2.7382f,1.2157f,-0.1625f,-2.13f,1.2098f,-1.8032f,-0.0974f,0f,0f,0f,1f],start_interpolation: 0,interpolation_duration: 1}
$data merge entity $(right_leg) {transformation: [-1.1899f,0.6877f,1.0308f,-0.3254f,0.2971f,1.5458f,-0.6883f,2.3217f,-1.203f,-0.2985f,-1.1896f,-0.4907f,0f,0f,0f,1f],start_interpolation: 0,interpolation_duration: 1}
$data merge entity $(weist) {transformation: [-1.4349f,-0.0407f,0.7558f,0.3068f,-0.1239f,1.6108f,-0.1485f,4.0033f,-0.7467f,-0.1891f,-1.4278f,-0.4645f,0f,0f,0f,1f],start_interpolation: 0,interpolation_duration: 1}
data modify storage animated_java:temp entry.data merge value {"locators":{"consume":{"px":-0.801122888,"py":6.576768288,"pz":2.8620450591,"ry":233.6616528891,"rx":-31.6735170214}}}
# Data Manager: Prepare for Read / Write
execute store result storage animated_java:temp args.id int 1 run scoreboard players get @s aj.id
# Data Manager: Write
function animated_java:global/data_manager/write with storage animated_java:temp args