# This file was generated by Animated Java via MC-Build. It is not recommended to edit this file directly.
$data merge entity $(neck) {transformation: [-0.9709f,-0.1446f,0.1909f,0.1623f,-0.0674f,0.93f,0.3613f,6.1106f,-0.2298f,0.3379f,-0.9127f,-0.169f,0f,0f,0f,1f],start_interpolation: 0,interpolation_duration: 1}
$data merge entity $(right_thumb_2) {transformation: [-0.1886f,-0.3972f,-0.8981f,-0.7172f,0.9634f,0.1027f,-0.2477f,6.4958f,0.1906f,-0.912f,0.3633f,2.2679f,0f,0f,0f,1f],start_interpolation: 0,interpolation_duration: 1}
$data merge entity $(right_thumb) {transformation: [-0.1886f,-0.9305f,-0.3139f,-1.0401f,0.9634f,-0.1133f,-0.2431f,6.6056f,0.1906f,-0.3483f,0.9178f,2.1711f,0f,0f,0f,1f],start_interpolation: 0,interpolation_duration: 1}
$data merge entity $(right_fingers2) {transformation: [0.7272f,-0.0006f,-0.6864f,-0.7163f,-0.4887f,0.7017f,-0.5184f,6.6467f,0.482f,0.7125f,0.51f,2.8067f,0f,0f,0f,1f],start_interpolation: 0,interpolation_duration: 1}
$data merge entity $(right_fingers) {transformation: [0.0943f,-0.7211f,-0.6864f,-0.9242f,0.6319f,0.5762f,-0.5184f,6.8249f,0.7693f,-0.3849f,0.51f,2.7225f,0f,0f,0f,1f],start_interpolation: 0,interpolation_duration: 1}
$data merge entity $(scout) {transformation: [0f,0f,0f,-0.9104f,0f,0f,0f,6.6141f,0f,0f,0f,2.7359f,0f,0f,0f,1f],start_interpolation: 0,interpolation_duration: 1}
$data merge entity $(right_hand) {transformation: [-0.596f,-0.4166f,-0.6864f,-1.2074f,0.8028f,-0.2945f,-0.5184f,6.6171f,0.0138f,-0.8601f,0.51f,2.2167f,0f,0f,0f,1f],start_interpolation: 0,interpolation_duration: 1}
$data merge entity $(right_forearm) {transformation: [-0.7091f,-0.328f,-1.1344f,-1.7131f,1.0677f,-0.7433f,-0.4525f,5.4369f,-0.5044f,-1.1123f,0.6369f,0.5858f,0f,0f,0f,1f],start_interpolation: 0,interpolation_duration: 1}
$data merge entity $(right_shoulder) {transformation: [-1.0279f,0.7045f,-0.7725f,-0.6221f,1.0225f,0.4509f,-0.9493f,5.8111f,-0.2186f,-1.2042f,-0.8074f,-0.8124f,0f,0f,0f,1f],start_interpolation: 0,interpolation_duration: 1}
$data merge entity $(right_arm) {transformation: [-0.7737f,-0.085f,0.6279f,-0.2051f,0.0255f,0.986f,0.1649f,6.0837f,-0.6331f,0.1436f,-0.7607f,-0.4202f,0f,0f,0f,1f],start_interpolation: 0,interpolation_duration: 1}
$data merge entity $(left_thumb_2) {transformation: [0.2381f,0.1686f,0.9565f,0.4495f,-0.9701f,-0.007f,0.2427f,6.1551f,0.0476f,-0.9857f,0.1619f,4.4806f,0f,0f,0f,1f],start_interpolation: 0,interpolation_duration: 1}
$data merge entity $(left_thumb) {transformation: [0.2381f,0.8191f,0.5219f,0.6704f,-0.9701f,0.1742f,0.1691f,6.3526f,0.0476f,-0.5466f,0.8361f,4.2859f,0f,0f,0f,1f],start_interpolation: 0,interpolation_duration: 1}
$data merge entity $(left_fingers2) {transformation: [0.1461f,0.0472f,0.9881f,0.626f,-0.8014f,0.5912f,0.0903f,6.6416f,-0.58f,-0.8051f,0.1242f,5.0773f,0f,0f,0f,1f],start_interpolation: 0,interpolation_duration: 1}
$data merge entity $(left_fingers) {transformation: [0.0926f,0.1224f,0.9881f,0.6656f,-0.9956f,0.0246f,0.0903f,6.6774f,-0.0133f,-0.9922f,0.1242f,4.7959f,0f,0f,0f,1f],start_interpolation: 0,interpolation_duration: 1}
$data merge entity $(left_hand) {transformation: [0.0387f,0.1486f,0.9881f,0.8007f,-0.9293f,-0.3582f,0.0903f,6.4567f,0.3674f,-0.9217f,0.1242f,4.2371f,0f,0f,0f,1f],start_interpolation: 0,interpolation_duration: 1}
$data merge entity $(left_forearm) {transformation: [-1.2456f,0.2664f,0.524f,1.1692f,-0.5684f,-0.2321f,-1.233f,6.0387f,-0.1502f,-1.3313f,0.3198f,2.2376f,0f,0f,0f,1f],start_interpolation: 0,interpolation_duration: 1}
$data merge entity $(left_shoulder) {transformation: [-0.8507f,-0.0197f,1.1941f,0.9353f,-1.1929f,-0.054f,-0.8508f,5.7598f,0.0554f,-1.4651f,0.0153f,0.462f,0f,0f,0f,1f],start_interpolation: 0,interpolation_duration: 1}
$data merge entity $(left_arm) {transformation: [-0.7737f,-0.085f,0.6279f,0.4797f,0.0255f,0.986f,0.1649f,6.0612f,-0.6331f,0.1436f,-0.7607f,0.1401f,0f,0f,0f,1f],start_interpolation: 0,interpolation_duration: 1}
$data merge entity $(chest) {transformation: [-0.9892f,-0.1087f,0.8027f,0.3125f,0.0326f,1.2606f,0.2108f,4.2975f,-0.8094f,0.1836f,-0.9725f,-0.4256f,0f,0f,0f,1f],start_interpolation: 0,interpolation_duration: 1}
$data merge entity $(left_cheek) {transformation: [-0.9489f,-0.035f,0.3135f,0.8539f,-0.0854f,0.9852f,-0.1486f,3.4237f,-0.3037f,-0.1678f,-0.9379f,-0.5824f,0f,0f,0f,1f],start_interpolation: 0,interpolation_duration: 1}
$data merge entity $(left_foot) {transformation: [-0.9688f,0.1147f,-0.3059f,0.865f,-0.0197f,0.9351f,0.4129f,-3.812f,0.3261f,0.3972f,-0.8838f,0.7933f,0f,0f,0f,1f],start_interpolation: 0,interpolation_duration: 1}
$data merge entity $(left_knee) {transformation: [-2.9823f,0.2028f,-0.5628f,1.2082f,0.0368f,2.9185f,0.8564f,0.2612f,0.597f,0.8328f,-2.8639f,1.8117f,0f,0f,0f,1f],start_interpolation: 0,interpolation_duration: 1}
$data merge entity $(left_leg) {transformation: [-1.6864f,-0.1166f,-0.3063f,0.9602f,0.1009f,1.3431f,-1.0665f,2.4483f,0.3119f,-1.0649f,-1.3115f,0.1571f,0f,0f,0f,1f],start_interpolation: 0,interpolation_duration: 1}
$data merge entity $(right_cheek) {transformation: [-0.7805f,0.0864f,0.6192f,0.2209f,0.0537f,0.996f,-0.0712f,3.3342f,-0.6229f,-0.0223f,-0.782f,-0.905f,0f,0f,0f,1f],start_interpolation: 0,interpolation_duration: 1}
$data merge entity $(right_foot) {transformation: [-0.5452f,-0.0035f,0.8649f,-0.4291f,0.0323f,1.0216f,0.0245f,-4.1421f,-0.8643f,0.0404f,-0.5446f,-1.4013f,0f,0f,0f,1f],start_interpolation: 0,interpolation_duration: 1}
$data merge entity $(right_knee) {transformation: [-1.8477f,-0.6835f,2.3175f,-1.3333f,0.3921f,2.794f,1.1367f,-0.2174f,-2.3842f,0.9893f,-1.6091f,-0.1664f,0f,0f,0f,1f],start_interpolation: 0,interpolation_duration: 1}
$data merge entity $(right_leg) {transformation: [-1.0436f,0.6526f,1.1985f,-0.2796f,0.2215f,1.5698f,-0.6619f,2.3077f,-1.3466f,-0.2476f,-1.0377f,-0.4765f,0f,0f,0f,1f],start_interpolation: 0,interpolation_duration: 1}
$data merge entity $(weist) {transformation: [-1.4373f,-0.0806f,0.7481f,0.3125f,-0.1631f,1.608f,-0.14f,4.004f,-0.7345f,-0.1992f,-1.4327f,-0.4663f,0f,0f,0f,1f],start_interpolation: 0,interpolation_duration: 1}
data modify storage animated_java:temp entry.data merge value {"locators":{"consume":{"px":-0.7885881356,"py":6.6406667402,"pz":2.8512772698,"ry":233.390392031,"rx":-31.2261110901}}}
# Data Manager: Prepare for Read / Write
execute store result storage animated_java:temp args.id int 1 run scoreboard players get @s aj.id
# Data Manager: Write
function animated_java:global/data_manager/write with storage animated_java:temp args