# This file was generated by Animated Java via MC-Build. It is not recommended to edit this file directly.
$data merge entity $(neck) {transformation: [-0.9735f,-0.1383f,0.1821f,0.1777f,-0.0666f,0.9333f,0.353f,6.1054f,-0.2187f,0.3315f,-0.9177f,-0.1704f,0f,0f,0f,1f],start_interpolation: 0,interpolation_duration: 1}
$data merge entity $(right_thumb_2) {transformation: [-0.1694f,-0.4016f,-0.9f,-0.7405f,0.9689f,0.099f,-0.2266f,6.4819f,0.1801f,-0.9105f,0.3723f,2.2082f,0f,0f,0f,1f],start_interpolation: 0,interpolation_duration: 1}
$data merge entity $(right_thumb) {transformation: [-0.1694f,-0.9349f,-0.312f,-1.062f,0.9689f,-0.1002f,-0.2261f,6.5965f,0.1801f,-0.3406f,0.9228f,2.1123f,0f,0f,0f,1f],start_interpolation: 0,interpolation_duration: 1}
$data merge entity $(right_fingers2) {transformation: [0.7214f,0.0173f,-0.6923f,-0.7331f,-0.4963f,0.7101f,-0.4994f,6.6392f,0.483f,0.7038f,0.5209f,2.7452f,0f,0f,0f,1f],start_interpolation: 0,interpolation_duration: 1}
$data merge entity $(right_fingers) {transformation: [0.1113f,-0.7129f,-0.6923f,-0.9382f,0.6393f,0.5848f,-0.4994f,6.8202f,0.7609f,-0.387f,0.5209f,2.6602f,0f,0f,0f,1f],start_interpolation: 0,interpolation_duration: 1}
$data merge entity $(scout) {transformation: [0f,0f,0f,-0.9283f,0f,0f,0f,6.6094f,0f,0f,0f,2.676f,0f,0f,0f,1f],start_interpolation: 0,interpolation_duration: 1}
$data merge entity $(right_hand) {transformation: [-0.581f,-0.428f,-0.6923f,-1.2288f,0.8139f,-0.297f,-0.4994f,6.6117f,0.0081f,-0.8536f,0.5209f,2.1589f,0f,0f,0f,1f],start_interpolation: 0,interpolation_duration: 1}
$data merge entity $(right_forearm) {transformation: [-0.6953f,-0.3413f,-1.1389f,-1.7553f,1.0683f,-0.7586f,-0.4249f,5.4094f,-0.522f,-1.0978f,0.6476f,0.5508f,0f,0f,0f,1f],start_interpolation: 0,interpolation_duration: 1}
$data merge entity $(right_shoulder) {transformation: [-1.0245f,0.747f,-0.7363f,-0.6143f,1.019f,0.4647f,-0.9464f,5.801f,-0.2488f,-1.173f,-0.8438f,-0.802f,0f,0f,0f,1f],start_interpolation: 0,interpolation_duration: 1}
$data merge entity $(right_arm) {transformation: [-0.7803f,-0.0808f,0.6201f,-0.1924f,0.0207f,0.9877f,0.1547f,6.0768f,-0.625f,0.1336f,-0.7691f,-0.4173f,0f,0f,0f,1f],start_interpolation: 0,interpolation_duration: 1}
$data merge entity $(left_thumb_2) {transformation: [0.2341f,0.1633f,0.9584f,0.469f,-0.9664f,-0.0686f,0.2478f,6.3486f,0.1062f,-0.9842f,0.1418f,4.4487f,0f,0f,0f,1f],start_interpolation: 0,interpolation_duration: 1}
$data merge entity $(left_thumb) {transformation: [0.2341f,0.8169f,0.527f,0.6896f,-0.9664f,0.1363f,0.218f,6.5327f,0.1062f,-0.5604f,0.8214f,4.2411f,0f,0f,0f,1f],start_interpolation: 0,interpolation_duration: 1}
$data merge entity $(left_fingers2) {transformation: [0.1396f,0.0455f,0.9892f,0.6508f,-0.8364f,0.5402f,0.0932f,6.8701f,-0.5301f,-0.8403f,0.1134f,5.0133f,0f,0f,0f,1f],start_interpolation: 0,interpolation_duration: 1}
$data merge entity $(left_fingers) {transformation: [0.0882f,0.1173f,0.9892f,0.689f,-0.995f,-0.0372f,0.0932f,6.8883f,0.0477f,-0.9924f,0.1134f,4.73f,0f,0f,0f,1f],start_interpolation: 0,interpolation_duration: 1}
$data merge entity $(left_hand) {transformation: [0.0366f,0.1421f,0.9892f,0.8202f,-0.905f,-0.4151f,0.0932f,6.6329f,0.4239f,-0.8986f,0.1134f,4.1852f,0f,0f,0f,1f],start_interpolation: 0,interpolation_duration: 1}
$data merge entity $(left_forearm) {transformation: [-1.2468f,0.281f,0.5134f,1.2102f,-0.5706f,-0.3147f,-1.2135f,6.091f,-0.1303f,-1.3111f,0.4013f,2.2199f,0f,0f,0f,1f],start_interpolation: 0,interpolation_duration: 1}
$data merge entity $(left_shoulder) {transformation: [-0.853f,-0.0356f,1.192f,0.9565f,-1.1883f,-0.0981f,-0.8533f,5.7593f,0.1005f,-1.4625f,0.0282f,0.4561f,0f,0f,0f,1f],start_interpolation: 0,interpolation_duration: 1}
$data merge entity $(left_arm) {transformation: [-0.7803f,-0.0808f,0.6201f,0.4983f,0.0207f,0.9877f,0.1547f,6.0584f,-0.625f,0.1336f,-0.7691f,0.1359f,0f,0f,0f,1f],start_interpolation: 0,interpolation_duration: 1}
$data merge entity $(chest) {transformation: [-0.9977f,-0.1033f,0.7928f,0.3203f,0.0265f,1.2629f,0.1978f,4.2891f,-0.7991f,0.1708f,-0.9833f,-0.4086f,0f,0f,0f,1f],start_interpolation: 0,interpolation_duration: 1}
$data merge entity $(left_cheek) {transformation: [-0.8848f,-0.0869f,0.4578f,0.9075f,-0.1593f,0.9797f,-0.122f,3.3673f,-0.4379f,-0.1809f,-0.8806f,-0.5295f,0f,0f,0f,1f],start_interpolation: 0,interpolation_duration: 1}
$data merge entity $(left_foot) {transformation: [-1.0124f,-0.0305f,-0.1391f,1.1593f,-0.0659f,0.9856f,0.2636f,-3.2747f,0.1263f,0.27f,-0.9779f,1.7208f,0f,0f,0f,1f],start_interpolation: 0,interpolation_duration: 1}
$data merge entity $(left_knee) {transformation: [-3.0387f,-0.1354f,-0.0108f,1.0587f,-0.1349f,2.9771f,0.6089f,0.8745f,-0.0165f,0.6088f,-2.9801f,2.4419f,0f,0f,0f,1f],start_interpolation: 0,interpolation_duration: 1}
$data merge entity $(left_leg) {transformation: [-1.7168f,0.0007f,0.062f,0.9865f,-0.051f,0.9605f,-1.4234f,2.4529f,-0.0352f,-1.4244f,-0.9599f,0.1866f,0f,0f,0f,1f],start_interpolation: 0,interpolation_duration: 1}
$data merge entity $(right_cheek) {transformation: [-0.7831f,0.0267f,0.6213f,0.2578f,0.0331f,0.9995f,-0.0013f,3.3258f,-0.621f,0.0195f,-0.7836f,-0.9018f,0f,0f,0f,1f],start_interpolation: 0,interpolation_duration: 1}
$data merge entity $(right_foot) {transformation: [-0.4424f,0.0639f,0.9195f,-0.4021f,0.0372f,1.0203f,-0.0531f,-4.1674f,-0.9209f,0.0105f,-0.4438f,-1.8712f,0f,0f,0f,1f],start_interpolation: 0,interpolation_duration: 1}
$data merge entity $(right_knee) {transformation: [-1.5334f,-0.6695f,2.5402f,-1.2688f,0.5945f,2.7765f,1.0907f,-0.263f,-2.5588f,1.0464f,-1.2689f,-0.5484f,0f,0f,0f,1f],start_interpolation: 0,interpolation_duration: 1}
$data merge entity $(right_leg) {transformation: [-0.8661f,0.6556f,1.331f,-0.2214f,0.3358f,1.5878f,-0.5636f,2.2832f,-1.4452f,-0.024f,-0.9286f,-0.4994f,0f,0f,0f,1f],start_interpolation: 0,interpolation_duration: 1}
$data merge entity $(weist) {transformation: [-1.4003f,-0.1189f,0.8106f,0.3203f,-0.1966f,1.607f,-0.104f,3.9956f,-0.7953f,-0.188f,-1.4015f,-0.4492f,0f,0f,0f,1f],start_interpolation: 0,interpolation_duration: 1}
data modify storage animated_java:temp entry.data merge value {"locators":{"consume":{"px":-0.805168032,"py":6.6351018486,"pz":2.7902677324,"ry":233.0436247423,"rx":-29.9585453011}}}
# Data Manager: Prepare for Read / Write
execute store result storage animated_java:temp args.id int 1 run scoreboard players get @s aj.id
# Data Manager: Write
function animated_java:global/data_manager/write with storage animated_java:temp args