# This file was generated by Animated Java via MC-Build. It is not recommended to edit this file directly.
$data merge entity $(neck) {transformation: [-0.9754f,-0.1346f,0.1748f,0.1797f,-0.0674f,0.9363f,0.3447f,6.1005f,-0.21f,0.3244f,-0.9223f,-0.1666f,0f,0f,0f,1f],start_interpolation: 0,interpolation_duration: 1}
$data merge entity $(right_thumb_2) {transformation: [-0.1497f,-0.4126f,-0.8985f,-0.7514f,0.9725f,0.1023f,-0.209f,6.4471f,0.1781f,-0.9051f,0.386f,2.1557f,0f,0f,0f,1f],start_interpolation: 0,interpolation_duration: 1}
$data merge entity $(right_thumb) {transformation: [-0.1497f,-0.9412f,-0.3028f,-1.0721f,0.9725f,-0.085f,-0.2166f,6.567f,0.1781f,-0.3269f,0.9281f,2.0638f,0f,0f,0f,1f],start_interpolation: 0,interpolation_duration: 1}
$data merge entity $(right_fingers2) {transformation: [0.7192f,0.0398f,-0.6936f,-0.7336f,-0.507f,0.7127f,-0.4848f,6.6065f,0.475f,0.7004f,0.5328f,2.6918f,0f,0f,0f,1f],start_interpolation: 0,interpolation_duration: 1}
$data merge entity $(right_fingers) {transformation: [0.1334f,-0.7079f,-0.6936f,-0.9366f,0.6404f,0.5957f,-0.4848f,6.7908f,0.7564f,-0.3795f,0.5328f,2.6089f,0f,0f,0f,1f],start_interpolation: 0,interpolation_duration: 1}
$data merge entity $(scout) {transformation: [0f,0f,0f,-0.9302f,0f,0f,0f,6.5799f,0f,0f,0f,2.6255f,0f,0f,0f,1f],start_interpolation: 0,interpolation_duration: 1}
$data merge entity $(right_hand) {transformation: [-0.5663f,-0.4452f,-0.6936f,-1.2379f,0.8241f,-0.293f,-0.4848f,6.5853f,0.0126f,-0.8462f,0.5328f,2.1127f,0f,0f,0f,1f],start_interpolation: 0,interpolation_duration: 1}
$data merge entity $(right_forearm) {transformation: [-0.6864f,-0.3622f,-1.1379f,-1.7961f,1.072f,-0.7651f,-0.4032f,5.3738f,-0.5261f,-1.0866f,0.6632f,0.5224f,0f,0f,0f,1f],start_interpolation: 0,interpolation_duration: 1}
$data merge entity $(right_shoulder) {transformation: [-1.0232f,0.7786f,-0.7048f,-0.618f,1.0165f,0.4873f,-0.9376f,5.7932f,-0.2636f,-1.1429f,-0.8798f,-0.7896f,0f,0f,0f,1f],start_interpolation: 0,interpolation_duration: 1}
$data merge entity $(right_arm) {transformation: [-0.7856f,-0.0786f,0.6138f,-0.1926f,0.0178f,0.9886f,0.1494f,6.0708f,-0.6185f,0.1283f,-0.7752f,-0.4102f,0f,0f,0f,1f],start_interpolation: 0,interpolation_duration: 1}
$data merge entity $(left_thumb_2) {transformation: [0.2316f,0.16f,0.9596f,0.4659f,-0.9626f,-0.1048f,0.2498f,6.4382f,0.1405f,-0.9815f,0.1297f,4.4287f,0f,0f,0f,1f],start_interpolation: 0,interpolation_duration: 1}
$data merge entity $(left_thumb) {transformation: [0.2316f,0.8155f,0.5303f,0.6865f,-0.9626f,0.1134f,0.246f,6.6139f,0.1405f,-0.5675f,0.8113f,4.2139f,0f,0f,0f,1f],start_interpolation: 0,interpolation_duration: 1}
$data merge entity $(left_fingers2) {transformation: [0.1354f,0.0444f,0.9898f,0.6511f,-0.8555f,0.5092f,0.0942f,6.9794f,-0.4998f,-0.8595f,0.1069f,4.9735f,0f,0f,0f,1f],start_interpolation: 0,interpolation_duration: 1}
$data merge entity $(left_fingers) {transformation: [0.0854f,0.114f,0.9898f,0.6884f,-0.9928f,-0.0736f,0.0942f,6.9871f,0.0836f,-0.9908f,0.1069f,4.6896f,0f,0f,0f,1f],start_interpolation: 0,interpolation_duration: 1}
$data merge entity $(left_hand) {transformation: [0.0353f,0.138f,0.9898f,0.8171f,-0.8891f,-0.4479f,0.0942f,6.7117f,0.4564f,-0.8834f,0.1069f,4.154f,0f,0f,0f,1f],start_interpolation: 0,interpolation_duration: 1}
$data merge entity $(left_forearm) {transformation: [-1.2466f,0.2982f,0.5041f,1.2326f,-0.5718f,-0.3626f,-1.1995f,6.0982f,-0.1269f,-1.2949f,0.4519f,2.2151f,0f,0f,0f,1f],start_interpolation: 0,interpolation_duration: 1}
$data merge entity $(left_shoulder) {transformation: [-0.853f,-0.0484f,1.1916f,0.9634f,-1.1871f,-0.1058f,-0.854f,5.7574f,0.1142f,-1.4616f,0.0224f,0.4554f,0f,0f,0f,1f],start_interpolation: 0,interpolation_duration: 1}
$data merge entity $(left_arm) {transformation: [-0.7856f,-0.0786f,0.6138f,0.5027f,0.0178f,0.9886f,0.1494f,6.0551f,-0.6185f,0.1283f,-0.7752f,0.1372f,0f,0f,0f,1f],start_interpolation: 0,interpolation_duration: 1}
$data merge entity $(chest) {transformation: [-1.0044f,-0.1006f,0.7847f,0.3184f,0.0227f,1.264f,0.1911f,4.2827f,-0.7908f,0.1641f,-0.9912f,-0.3951f,0f,0f,0f,1f],start_interpolation: 0,interpolation_duration: 1}
$data merge entity $(left_cheek) {transformation: [-0.8388f,-0.1082f,0.5335f,0.9156f,-0.1841f,0.9787f,-0.0909f,3.3675f,-0.5123f,-0.1745f,-0.8409f,-0.5039f,0f,0f,0f,1f],start_interpolation: 0,interpolation_duration: 1}
$data merge entity $(left_foot) {transformation: [-1.0181f,-0.0724f,-0.0588f,1.1615f,-0.0825f,0.9995f,0.1984f,-3.1357f,0.0434f,0.2023f,-1.0012f,2.2256f,0f,0f,0f,1f],start_interpolation: 0,interpolation_duration: 1}
$data merge entity $(left_knee) {transformation: [-3.0221f,-0.2471f,0.2406f,0.9162f,-0.2177f,3.0126f,0.3592f,1.0548f,-0.2675f,0.3396f,-3.0109f,2.5802f,0f,0f,0f,1f],start_interpolation: 0,interpolation_duration: 1}
$data merge entity $(left_leg) {transformation: [-1.7057f,0.0857f,0.1865f,0.977f,-0.1208f,0.8435f,-1.4918f,2.4448f,-0.1659f,-1.4942f,-0.8314f,0.2039f,0f,0f,0f,1f],start_interpolation: 0,interpolation_duration: 1}
$data merge entity $(right_cheek) {transformation: [-0.777f,0.0071f,0.6295f,0.274f,0.0435f,0.9982f,0.0423f,3.3281f,-0.628f,0.0602f,-0.7759f,-0.9027f,0f,0f,0f,1f],start_interpolation: 0,interpolation_duration: 1}
$data merge entity $(right_foot) {transformation: [-0.3993f,0.0675f,0.9388f,-0.4734f,0.0619f,1.0194f,-0.047f,-4.1099f,-0.9391f,0.0385f,-0.4022f,-2.3126f,0f,0f,0f,1f],start_interpolation: 0,interpolation_duration: 1}
$data merge entity $(right_knee) {transformation: [-1.406f,-0.6169f,2.6258f,-1.2602f,0.7893f,2.7374f,1.0658f,-0.2551f,-2.5792f,1.174f,-1.1052f,-0.807f,0f,0f,0f,1f],start_interpolation: 0,interpolation_duration: 1}
$data merge entity $(right_leg) {transformation: [-0.7941f,0.6624f,1.3719f,-0.2062f,0.4458f,1.5804f,-0.505f,2.273f,-1.4567f,0.1226f,-0.9024f,-0.5236f,0f,0f,0f,1f],start_interpolation: 0,interpolation_duration: 1}
$data merge entity $(weist) {transformation: [-1.3716f,-0.1269f,0.8571f,0.3184f,-0.1991f,1.6081f,-0.0804f,3.9892f,-0.8433f,-0.1732f,-1.3751f,-0.4357f,0f,0f,0f,1f],start_interpolation: 0,interpolation_duration: 1}
data modify storage animated_java:temp entry.data merge value {"locators":{"consume":{"px":-0.805018256,"py":6.6038639695,"pz":2.7379348045,"ry":232.4709448216,"rx":-29.0003636234}}}
# Data Manager: Prepare for Read / Write
execute store result storage animated_java:temp args.id int 1 run scoreboard players get @s aj.id
# Data Manager: Write
function animated_java:global/data_manager/write with storage animated_java:temp args