# This file was generated by Animated Java via MC-Build. It is not recommended to edit this file directly.
$data merge entity $(neck) {transformation: [-0.9769f,-0.1315f,0.1686f,0.1771f,-0.0676f,0.938f,0.34f,6.0976f,-0.2029f,0.3207f,-0.9252f,-0.1659f,0f,0f,0f,1f],start_interpolation: 0,interpolation_duration: 1}
$data merge entity $(right_thumb_2) {transformation: [-0.1254f,-0.4314f,-0.8934f,-0.7414f,0.9763f,0.1062f,-0.1883f,6.4139f,0.1761f,-0.8959f,0.4078f,2.0916f,0f,0f,0f,1f],start_interpolation: 0,interpolation_duration: 1}
$data merge entity $(right_thumb) {transformation: [-0.1254f,-0.9501f,-0.2856f,-1.0616f,0.9763f,-0.0671f,-0.2055f,6.54f,0.1761f,-0.3046f,0.9361f,2.0065f,0f,0f,0f,1f],start_interpolation: 0,interpolation_duration: 1}
$data merge entity $(right_fingers2) {transformation: [0.7195f,0.0709f,-0.6909f,-0.7078f,-0.5195f,0.7152f,-0.4675f,6.5757f,0.461f,0.6953f,0.5514f,2.6262f,0f,0f,0f,1f],start_interpolation: 0,interpolation_duration: 1}
$data merge entity $(right_fingers) {transformation: [0.1642f,-0.704f,-0.6909f,-0.9089f,0.6413f,0.6084f,-0.4675f,6.7637f,0.7495f,-0.3663f,0.5514f,2.547f,0f,0f,0f,1f],start_interpolation: 0,interpolation_duration: 1}
$data merge entity $(scout) {transformation: [0f,0f,0f,-0.9064f,0f,0f,0f,6.5528f,0f,0f,0f,2.5647f,0f,0f,0f,1f],start_interpolation: 0,interpolation_duration: 1}
$data merge entity $(right_hand) {transformation: [-0.5487f,-0.4707f,-0.6909f,-1.2258f,0.8358f,-0.2879f,-0.4675f,6.562f,0.0211f,-0.834f,0.5514f,2.059f,0f,0f,0f,1f],start_interpolation: 0,interpolation_duration: 1}
$data merge entity $(right_forearm) {transformation: [-0.6794f,-0.3945f,-1.1313f,-1.8329f,1.0766f,-0.7718f,-0.3774f,5.3412f,-0.5259f,-1.0704f,0.6891f,0.494f,0f,0f,0f,1f],start_interpolation: 0,interpolation_duration: 1}
$data merge entity $(right_shoulder) {transformation: [-1.0222f,0.8037f,-0.6775f,-0.6252f,1.0151f,0.5096f,-0.9272f,5.7877f,-0.2727f,-1.1155f,-0.9117f,-0.7817f,0f,0f,0f,1f],start_interpolation: 0,interpolation_duration: 1}
$data merge entity $(right_arm) {transformation: [-0.7898f,-0.0768f,0.6085f,-0.1969f,0.0152f,0.9894f,0.1447f,6.0669f,-0.6131f,0.1236f,-0.7803f,-0.4068f,0f,0f,0f,1f],start_interpolation: 0,interpolation_duration: 1}
$data merge entity $(left_thumb_2) {transformation: [0.228f,0.1583f,0.9607f,0.4483f,-0.9591f,-0.1333f,0.2496f,6.493f,0.1676f,-0.9784f,0.1214f,4.4081f,0f,0f,0f,1f],start_interpolation: 0,interpolation_duration: 1}
$data merge entity $(left_thumb) {transformation: [0.228f,0.8153f,0.5323f,0.6693f,-0.9591f,0.094f,0.2669f,6.6617f,0.1676f,-0.5714f,0.8034f,4.1881f,0f,0f,0f,1f],start_interpolation: 0,interpolation_duration: 1}
$data merge entity $(left_fingers2) {transformation: [0.1314f,0.0453f,0.9903f,0.6363f,-0.8699f,0.4844f,0.0932f,7.0487f,-0.4755f,-0.8737f,0.103f,4.937f,0f,0f,0f,1f],start_interpolation: 0,interpolation_duration: 1}
$data merge entity $(left_fingers) {transformation: [0.0816f,0.1124f,0.9903f,0.6733f,-0.9904f,-0.1022f,0.0932f,7.0482f,0.1117f,-0.9884f,0.103f,4.653f,0f,0f,0f,1f],start_interpolation: 0,interpolation_duration: 1}
$data merge entity $(left_hand) {transformation: [0.0324f,0.1351f,0.9903f,0.8002f,-0.8759f,-0.4734f,0.0932f,6.7572f,0.4814f,-0.8704f,0.103f,4.1253f,0f,0f,0f,1f],start_interpolation: 0,interpolation_duration: 1}
$data merge entity $(left_forearm) {transformation: [-1.2461f,0.3193f,0.4923f,1.2471f,-0.5716f,-0.3998f,-1.1877f,6.0881f,-0.1324f,-1.2788f,0.4942f,2.212f,0f,0f,0f,1f],start_interpolation: 0,interpolation_duration: 1}
$data merge entity $(left_shoulder) {transformation: [-0.853f,-0.0592f,1.1911f,0.9647f,-1.1871f,-0.0979f,-0.855f,5.757f,0.114f,-1.4618f,0.009f,0.4524f,0f,0f,0f,1f],start_interpolation: 0,interpolation_duration: 1}
$data merge entity $(left_arm) {transformation: [-0.7898f,-0.0768f,0.6085f,0.5022f,0.0152f,0.9894f,0.1447f,6.0534f,-0.6131f,0.1236f,-0.7803f,0.1359f,0f,0f,0f,1f],start_interpolation: 0,interpolation_duration: 1}
$data merge entity $(chest) {transformation: [-1.0098f,-0.0983f,0.778f,0.3125f,0.0195f,1.2649f,0.1851f,4.2784f,-0.7839f,0.158f,-0.9976f,-0.3856f,0f,0f,0f,1f],start_interpolation: 0,interpolation_duration: 1}
$data merge entity $(left_cheek) {transformation: [-0.8135f,-0.1088f,0.5713f,0.913f,-0.1898f,0.9782f,-0.0841f,3.3649f,-0.5497f,-0.1768f,-0.8165f,-0.4838f,0f,0f,0f,1f],start_interpolation: 0,interpolation_duration: 1}
$data merge entity $(left_foot) {transformation: [-1.0189f,-0.0614f,-0.0572f,1.141f,-0.0722f,0.9969f,0.2151f,-3.271f,0.0429f,0.2184f,-0.9978f,2.5447f,0f,0f,0f,1f],start_interpolation: 0,interpolation_duration: 1}
$data merge entity $(left_knee) {transformation: [-3.0215f,-0.2294f,0.2642f,0.9211f,-0.2226f,3.0323f,0.0872f,0.9357f,-0.27f,0.0673f,-3.029f,2.5217f,0f,0f,0f,1f],start_interpolation: 0,interpolation_duration: 1}
$data merge entity $(left_leg) {transformation: [-1.7053f,0.0708f,0.196f,0.9579f,-0.1288f,0.9122f,-1.4501f,2.4342f,-0.1639f,-1.4541f,-0.9001f,0.2118f,0f,0f,0f,1f],start_interpolation: 0,interpolation_duration: 1}
$data merge entity $(right_cheek) {transformation: [-0.7608f,-0.0017f,0.6489f,0.2851f,0.0554f,0.9962f,0.0675f,3.3343f,-0.6466f,0.0873f,-0.7578f,-0.907f,0f,0f,0f,1f],start_interpolation: 0,interpolation_duration: 1}
$data merge entity $(right_foot) {transformation: [-0.3543f,0.0437f,0.958f,-0.5302f,0.0865f,1.0186f,-0.0145f,-4.0464f,-0.9551f,0.076f,-0.3567f,-2.6757f,0f,0f,0f,1f],start_interpolation: 0,interpolation_duration: 1}
$data merge entity $(right_knee) {transformation: [-1.2869f,-0.5699f,2.6965f,-1.2456f,0.9455f,2.7041f,1.0227f,-0.2349f,-2.5888f,1.2709f,-0.9669f,-1.0306f,0f,0f,0f,1f],start_interpolation: 0,interpolation_duration: 1}
$data merge entity $(right_leg) {transformation: [-0.7268f,0.6568f,1.4113f,-0.2045f,0.534f,1.5682f,-0.4548f,2.2686f,-1.4622f,0.2463f,-0.8676f,-0.5499f,0f,0f,0f,1f],start_interpolation: 0,interpolation_duration: 1}
$data merge entity $(weist) {transformation: [-1.3474f,-0.1268f,0.8946f,0.3125f,-0.192f,1.6098f,-0.061f,3.9849f,-0.8829f,-0.1565f,-1.352f,-0.4263f,0f,0f,0f,1f],start_interpolation: 0,interpolation_duration: 1}
data modify storage animated_java:temp entry.data merge value {"locators":{"consume":{"px":-0.7782385728,"py":6.5747337085,"pz":2.6739904973,"ry":231.4081780102,"rx":-27.8751782397}}}
# Data Manager: Prepare for Read / Write
execute store result storage animated_java:temp args.id int 1 run scoreboard players get @s aj.id
# Data Manager: Write
function animated_java:global/data_manager/write with storage animated_java:temp args