# This file was generated by Animated Java via MC-Build. It is not recommended to edit this file directly.
$data merge entity $(neck) {transformation: [-0.9786f,-0.1273f,0.1616f,0.161f,-0.0652f,0.937f,0.3433f,6.0975f,-0.1951f,0.3254f,-0.9252f,-0.1738f,0f,0f,0f,1f],start_interpolation: 0,interpolation_duration: 1}
$data merge entity $(right_thumb_2) {transformation: [-0.1045f,-0.4441f,-0.8899f,-0.7604f,0.9773f,0.1199f,-0.1746f,6.3532f,0.1842f,-0.8879f,0.4215f,2.0305f,0f,0f,0f,1f],start_interpolation: 0,interpolation_duration: 1}
$data merge entity $(right_thumb) {transformation: [-0.1045f,-0.9561f,-0.2737f,-1.0797f,0.9773f,-0.0477f,-0.2063f,6.4857f,0.1842f,-0.2891f,0.9394f,1.9515f,0f,0f,0f,1f],start_interpolation: 0,interpolation_duration: 1}
$data merge entity $(right_fingers2) {transformation: [0.7173f,0.0955f,-0.6902f,-0.715f,-0.5355f,0.7093f,-0.4584f,6.5109f,0.4458f,0.6984f,0.56f,2.5655f,0f,0f,0f,1f],start_interpolation: 0,interpolation_duration: 1}
$data merge entity $(right_fingers) {transformation: [0.1883f,-0.6987f,-0.6902f,-0.9139f,0.6334f,0.6235f,-0.4584f,6.7031f,0.7506f,-0.3508f,0.56f,2.4908f,0f,0f,0f,1f],start_interpolation: 0,interpolation_duration: 1}
$data merge entity $(scout) {transformation: [0f,0f,0f,-0.915f,0f,0f,0f,6.492f,0f,0f,0f,2.5071f,0f,0f,0f,1f],start_interpolation: 0,interpolation_duration: 1}
$data merge entity $(right_hand) {transformation: [-0.5328f,-0.4897f,-0.6902f,-1.2425f,0.8455f,-0.2739f,-0.4584f,6.5103f,0.0354f,-0.8278f,0.56f,2.0069f,0f,0f,0f,1f],start_interpolation: 0,interpolation_duration: 1}
$data merge entity $(right_forearm) {transformation: [-0.6713f,-0.4185f,-1.1275f,-1.8859f,1.086f,-0.7659f,-0.3623f,5.2986f,-0.5169f,-1.0656f,0.7032f,0.4493f,0f,0f,0f,1f],start_interpolation: 0,interpolation_duration: 1}
$data merge entity $(right_shoulder) {transformation: [-1.0205f,0.8308f,-0.6466f,-0.6465f,1.0162f,0.5422f,-0.9072f,5.7841f,-0.2749f,-1.0796f,-0.9532f,-0.7809f,0f,0f,0f,1f],start_interpolation: 0,interpolation_duration: 1}
$data merge entity $(right_arm) {transformation: [-0.7945f,-0.0742f,0.6027f,-0.2149f,0.0117f,0.9904f,0.1374f,6.0656f,-0.6071f,0.1162f,-0.7861f,-0.4115f,0f,0f,0f,1f],start_interpolation: 0,interpolation_duration: 1}
$data merge entity $(left_thumb_2) {transformation: [0.2231f,0.1551f,0.9624f,0.4259f,-0.9608f,-0.1316f,0.244f,6.4345f,0.1645f,-0.9791f,0.1196f,4.4001f,0f,0f,0f,1f],start_interpolation: 0,interpolation_duration: 1}
$data merge entity $(left_thumb) {transformation: [0.2231f,0.8143f,0.5359f,0.6472f,-0.9608f,0.091f,0.2618f,6.6026f,0.1645f,-0.5733f,0.8027f,4.18f,0f,0f,0f,1f],start_interpolation: 0,interpolation_duration: 1}
$data merge entity $(left_fingers2) {transformation: [0.1254f,0.0457f,0.9911f,0.6183f,-0.8693f,0.4864f,0.0875f,6.9877f,-0.4781f,-0.8725f,0.1007f,4.93f,0f,0f,0f,1f],start_interpolation: 0,interpolation_duration: 1}
$data merge entity $(left_fingers) {transformation: [0.0765f,0.1093f,0.9911f,0.6546f,-0.9911f,-0.1002f,0.0875f,6.9878f,0.1088f,-0.9889f,0.1007f,4.6459f,0f,0f,0f,1f],start_interpolation: 0,interpolation_duration: 1}
$data merge entity $(left_hand) {transformation: [0.0288f,0.1303f,0.9911f,0.7785f,-0.8773f,-0.4718f,0.0875f,6.6975f,0.479f,-0.872f,0.1007f,4.1171f,0f,0f,0f,1f],start_interpolation: 0,interpolation_duration: 1}
$data merge entity $(left_forearm) {transformation: [-1.2466f,0.336f,0.4798f,1.2501f,-0.5656f,-0.3977f,-1.1912f,6.0317f,-0.152f,-1.2752f,0.4979f,2.2085f,0f,0f,0f,1f],start_interpolation: 0,interpolation_duration: 1}
$data merge entity $(left_shoulder) {transformation: [-0.8543f,-0.0712f,1.1895f,0.9528f,-1.1889f,-0.0485f,-0.8568f,5.7605f,0.0809f,-1.4637f,-0.0294f,0.4412f,0f,0f,0f,1f],start_interpolation: 0,interpolation_duration: 1}
$data merge entity $(left_arm) {transformation: [-0.7945f,-0.0742f,0.6027f,0.4884f,0.0117f,0.9904f,0.1374f,6.0552f,-0.6071f,0.1162f,-0.7861f,0.1259f,0f,0f,0f,1f],start_interpolation: 0,interpolation_duration: 1}
$data merge entity $(chest) {transformation: [-1.0158f,-0.0949f,0.7706f,0.2917f,0.015f,1.2663f,0.1757f,4.2764f,-0.7762f,0.1486f,-1.005f,-0.38f,0f,0f,0f,1f],start_interpolation: 0,interpolation_duration: 1}
$data merge entity $(left_cheek) {transformation: [-0.7944f,-0.0838f,0.6016f,0.8876f,-0.1705f,0.9814f,-0.0884f,3.3627f,-0.583f,-0.1728f,-0.7939f,-0.4751f,0f,0f,0f,1f],start_interpolation: 0,interpolation_duration: 1}
$data merge entity $(left_foot) {transformation: [-1.0188f,-0.0206f,-0.0834f,1.0779f,-0.0418f,0.986f,0.2672f,-3.5211f,0.075f,0.2697f,-0.9833f,2.8124f,0f,0f,0f,1f],start_interpolation: 0,interpolation_duration: 1}
$data merge entity $(left_knee) {transformation: [-3.0318f,-0.161f,0.1856f,0.9497f,-0.1763f,3.0259f,-0.2552f,0.6614f,-0.1711f,-0.2652f,-3.0253f,2.3265f,0f,0f,0f,1f],start_interpolation: 0,interpolation_duration: 1}
$data merge entity $(left_leg) {transformation: [-1.7115f,0.0195f,0.1479f,0.9054f,-0.1035f,1.0719f,-1.3386f,2.4135f,-0.1074f,-1.3424f,-1.0666f,0.2026f,0f,0f,0f,1f],start_interpolation: 0,interpolation_duration: 1}
$data merge entity $(right_cheek) {transformation: [-0.7071f,0.0133f,0.7069f,0.2919f,0.0724f,0.9959f,0.0536f,3.3445f,-0.7034f,0.0891f,-0.7052f,-0.9278f,0f,0f,0f,1f],start_interpolation: 0,interpolation_duration: 1}
$data merge entity $(right_foot) {transformation: [-0.2588f,-0.059f,0.9873f,-0.6047f,0.116f,1.0117f,0.0908f,-4.0053f,-0.9822f,0.135f,-0.2494f,-3.021f,0f,0f,0f,1f],start_interpolation: 0,interpolation_duration: 1}
$data merge entity $(right_knee) {transformation: [-1.0689f,-0.4936f,2.8046f,-1.2038f,1.0865f,2.6984f,0.889f,-0.2031f,-2.6323f,1.3142f,-0.7719f,-1.3093f,0f,0f,0f,1f],start_interpolation: 0,interpolation_duration: 1}
$data merge entity $(right_leg) {transformation: [-0.6037f,0.617f,1.4854f,-0.2338f,0.6137f,1.5549f,-0.3964f,2.274f,-1.4867f,0.3913f,-0.7668f,-0.5981f,0f,0f,0f,1f],start_interpolation: 0,interpolation_duration: 1}
$data merge entity $(weist) {transformation: [-1.3206f,-0.11f,0.9358f,0.2917f,-0.1617f,1.6138f,-0.0385f,3.9829f,-0.9283f,-0.1247f,-1.3247f,-0.4206f,0f,0f,0f,1f],start_interpolation: 0,interpolation_duration: 1}
data modify storage animated_java:temp entry.data merge value {"locators":{"consume":{"px":-0.7846536688,"py":6.5109218895,"pz":2.6144049531,"ry":230.9455941501,"rx":-27.2826952783}}}
# Data Manager: Prepare for Read / Write
execute store result storage animated_java:temp args.id int 1 run scoreboard players get @s aj.id
# Data Manager: Write
function animated_java:global/data_manager/write with storage animated_java:temp args