# This file was generated by Animated Java via MC-Build. It is not recommended to edit this file directly.
$data merge entity $(neck) {transformation: [-0.9801f,-0.1234f,0.1554f,0.1373f,-0.0622f,0.9346f,0.3503f,6.0992f,-0.1885f,0.3336f,-0.9237f,-0.1844f,0f,0f,0f,1f],start_interpolation: 0,interpolation_duration: 1}
$data merge entity $(right_thumb_2) {transformation: [-0.0907f,-0.4501f,-0.8884f,-0.7974f,0.9755f,0.1392f,-0.1702f,6.2805f,0.2002f,-0.8821f,0.4264f,1.9858f,0f,0f,0f,1f],start_interpolation: 0,interpolation_duration: 1}
$data merge entity $(right_thumb) {transformation: [-0.0907f,-0.959f,-0.2683f,-1.1156f,0.9755f,-0.0314f,-0.2176f,6.4181f,0.2002f,-0.2815f,0.9384f,1.9117f,0f,0f,0f,1f],start_interpolation: 0,interpolation_duration: 1}
$data merge entity $(right_fingers2) {transformation: [0.7143f,0.1102f,-0.6911f,-0.7455f,-0.5512f,0.6971f,-0.4585f,6.4292f,0.4312f,0.7084f,0.5587f,2.5228f,0f,0f,0f,1f],start_interpolation: 0,interpolation_duration: 1}
$data merge entity $(right_fingers) {transformation: [0.2025f,-0.6938f,-0.6911f,-0.9426f,0.6192f,0.6374f,-0.4585f,6.625f,0.7587f,-0.335f,0.5587f,2.4528f,0f,0f,0f,1f],start_interpolation: 0,interpolation_duration: 1}
$data merge entity $(scout) {transformation: [0f,0f,0f,-0.9462f,0f,0f,0f,6.4137f,0f,0f,0f,2.4659f,0f,0f,0f,1f],start_interpolation: 0,interpolation_duration: 1}
$data merge entity $(right_hand) {transformation: [-0.5219f,-0.5f,-0.6911f,-1.2776f,0.8513f,-0.2549f,-0.4585f,6.4439f,0.0531f,-0.8276f,0.5587f,1.9689f,0f,0f,0f,1f],start_interpolation: 0,interpolation_duration: 1}
$data merge entity $(right_forearm) {transformation: [-0.6644f,-0.4314f,-1.1268f,-1.9406f,1.0977f,-0.75f,-0.3602f,5.2556f,-0.5008f,-1.0717f,0.7056f,0.4015f,0f,0f,0f,1f],start_interpolation: 0,interpolation_duration: 1}
$data merge entity $(right_shoulder) {transformation: [-1.019f,0.8535f,-0.6189f,-0.6747f,1.0192f,0.5776f,-0.8817f,5.7827f,-0.2695f,-1.043f,-0.9947f,-0.7838f,0f,0f,0f,1f],start_interpolation: 0,interpolation_duration: 1}
$data merge entity $(right_arm) {transformation: [-0.7985f,-0.072f,0.5976f,-0.2402f,0.0086f,0.9914f,0.1309f,6.0662f,-0.6019f,0.1096f,-0.791f,-0.4193f,0f,0f,0f,1f],start_interpolation: 0,interpolation_duration: 1}
$data merge entity $(left_thumb_2) {transformation: [0.2188f,0.1521f,0.9638f,0.4002f,-0.9661f,-0.105f,0.2359f,6.2919f,0.1371f,-0.9828f,0.124f,4.4027f,0f,0f,0f,1f],start_interpolation: 0,interpolation_duration: 1}
$data merge entity $(left_thumb) {transformation: [0.2188f,0.8134f,0.539f,0.6218f,-0.9661f,0.103f,0.2368f,6.465f,0.1371f,-0.5725f,0.8083f,4.1868f,0f,0f,0f,1f],start_interpolation: 0,interpolation_duration: 1}
$data merge entity $(left_fingers2) {transformation: [0.12f,0.0461f,0.9917f,0.5966f,-0.8563f,0.5103f,0.0799f,6.8292f,-0.5024f,-0.8588f,0.1007f,4.9473f,0f,0f,0f,1f],start_interpolation: 0,interpolation_duration: 1}
$data merge entity $(left_fingers) {transformation: [0.0719f,0.1065f,0.9917f,0.6322f,-0.9941f,-0.0731f,0.0799f,6.837f,0.081f,-0.9916f,0.1007f,4.6632f,0f,0f,0f,1f],start_interpolation: 0,interpolation_duration: 1}
$data merge entity $(left_hand) {transformation: [0.0256f,0.1259f,0.9917f,0.7535f,-0.8905f,-0.448f,0.0799f,6.561f,0.4543f,-0.8851f,0.1007f,4.1263f,0f,0f,0f,1f],start_interpolation: 0,interpolation_duration: 1}
$data merge entity $(left_forearm) {transformation: [-1.2474f,0.3472f,0.4697f,1.2415f,-0.5556f,-0.3634f,-1.2068f,5.9467f,-0.1802f,-1.2824f,0.4692f,2.2046f,0f,0f,0f,1f],start_interpolation: 0,interpolation_duration: 1}
$data merge entity $(left_shoulder) {transformation: [-0.8559f,-0.0805f,1.1878f,0.9327f,-1.1902f,0.0256f,-0.8559f,5.7655f,0.0262f,-1.4638f,-0.0803f,0.4278f,0f,0f,0f,1f],start_interpolation: 0,interpolation_duration: 1}
$data merge entity $(left_arm) {transformation: [-0.7985f,-0.072f,0.5976f,0.4666f,0.0086f,0.9914f,0.1309f,6.0586f,-0.6019f,0.1096f,-0.791f,0.1134f,0f,0f,0f,1f],start_interpolation: 0,interpolation_duration: 1}
$data merge entity $(chest) {transformation: [-1.0209f,-0.0921f,0.7641f,0.2639f,0.0109f,1.2675f,0.1673f,4.2765f,-0.7696f,0.1402f,-1.0113f,-0.3783f,0f,0f,0f,1f],start_interpolation: 0,interpolation_duration: 1}
$data merge entity $(left_cheek) {transformation: [-0.7853f,-0.0393f,0.6179f,0.8465f,-0.1279f,0.9868f,-0.0998f,3.3696f,-0.6058f,-0.1574f,-0.7799f,-0.4814f,0f,0f,0f,1f],start_interpolation: 0,interpolation_duration: 1}
$data merge entity $(left_foot) {transformation: [-1.0155f,0.0295f,-0.1146f,1.0005f,-0.0092f,0.9674f,0.3307f,-3.7573f,0.118f,0.3295f,-0.9606f,2.8921f,0f,0f,0f,1f],start_interpolation: 0,interpolation_duration: 1}
$data merge entity $(left_knee) {transformation: [-3.0394f,-0.1049f,0.0557f,0.9448f,-0.1128f,2.9954f,-0.517f,0.3704f,-0.037f,-0.5187f,-2.997f,2.0527f,0f,0f,0f,1f],start_interpolation: 0,interpolation_duration: 1}
$data merge entity $(left_leg) {transformation: [-1.7165f,-0.0235f,0.0679f,0.8338f,-0.0639f,1.2399f,-1.1874f,2.389f,-0.0328f,-1.1889f,-1.2397f,0.183f,0f,0f,0f,1f],start_interpolation: 0,interpolation_duration: 1}
$data merge entity $(right_cheek) {transformation: [-0.633f,0.0539f,0.7722f,0.2903f,0.1022f,0.9947f,0.0144f,3.3562f,-0.7673f,0.088f,-0.6352f,-0.9501f,0f,0f,0f,1f],start_interpolation: 0,interpolation_duration: 1}
$data merge entity $(right_foot) {transformation: [-0.1615f,-0.2174f,0.9859f,-0.7128f,0.1445f,0.9831f,0.2404f,-3.9603f,-0.9991f,0.1773f,-0.1246f,-3.308f,0f,0f,0f,1f],start_interpolation: 0,interpolation_duration: 1}
$data merge entity $(right_knee) {transformation: [-0.8736f,-0.3976f,2.8863f,-1.1701f,1.1967f,2.6984f,0.7339f,-0.1613f,-2.6565f,1.3463f,-0.6186f,-1.5462f,0f,0f,0f,1f],start_interpolation: 0,interpolation_duration: 1}
$data merge entity $(right_leg) {transformation: [-0.4934f,0.5682f,1.5444f,-0.2845f,0.6759f,1.54f,-0.3507f,2.2881f,-1.5004f,0.5069f,-0.6659f,-0.6523f,0f,0f,0f,1f],start_interpolation: 0,interpolation_duration: 1}
$data merge entity $(weist) {transformation: [-1.2964f,-0.0798f,0.9721f,0.2639f,-0.117f,1.618f,-0.0232f,3.9831f,-0.9683f,-0.0886f,-1.2987f,-0.4189f,0f,0f,0f,1f],start_interpolation: 0,interpolation_duration: 1}
data modify storage animated_java:temp entry.data merge value {"locators":{"consume":{"px":-0.814686185,"py":6.4293482329,"pz":2.5723438677,"ry":231.0440485181,"rx":-27.2935759247}}}
# Data Manager: Prepare for Read / Write
execute store result storage animated_java:temp args.id int 1 run scoreboard players get @s aj.id
# Data Manager: Write
function animated_java:global/data_manager/write with storage animated_java:temp args