# This file was generated by Animated Java via MC-Build. It is not recommended to edit this file directly.
$data merge entity $(neck) {transformation: [-0.9805f,-0.1231f,0.1529f,0.123f,-0.0624f,0.934f,0.3517f,6.1013f,-0.1861f,0.3353f,-0.9235f,-0.1872f,0f,0f,0f,1f],start_interpolation: 0,interpolation_duration: 1}
$data merge entity $(right_thumb_2) {transformation: [-0.086f,-0.4531f,-0.8873f,-0.8144f,0.9727f,0.1543f,-0.1731f,6.2299f,0.2154f,-0.878f,0.4275f,1.9723f,0f,0f,0f,1f],start_interpolation: 0,interpolation_duration: 1}
$data merge entity $(right_thumb) {transformation: [-0.086f,-0.9603f,-0.2654f,-1.1323f,0.9727f,-0.0234f,-0.2307f,6.3699f,0.2154f,-0.278f,0.9361f,1.9016f,0f,0f,0f,1f],start_interpolation: 0,interpolation_duration: 1}
$data merge entity $(right_fingers2) {transformation: [0.7139f,0.1159f,-0.6906f,-0.7597f,-0.5605f,0.6858f,-0.4642f,6.3703f,0.4198f,0.7185f,0.5546f,2.5112f,0f,0f,0f,1f],start_interpolation: 0,interpolation_duration: 1}
$data merge entity $(right_fingers) {transformation: [0.2081f,-0.6927f,-0.6906f,-0.9563f,0.6068f,0.6452f,-0.4642f,6.5679f,0.7671f,-0.3224f,0.5546f,2.445f,0f,0f,0f,1f],start_interpolation: 0,interpolation_duration: 1}
$data merge entity $(scout) {transformation: [0f,0f,0f,-0.9607f,0f,0f,0f,6.3565f,0f,0f,0f,2.4549f,0f,0f,0f,1f],start_interpolation: 0,interpolation_duration: 1}
$data merge entity $(right_hand) {transformation: [-0.5183f,-0.5044f,-0.6906f,-1.294f,0.8525f,-0.2403f,-0.4642f,6.3955f,0.0682f,-0.8293f,0.5546f,1.9598f,0f,0f,0f,1f],start_interpolation: 0,interpolation_duration: 1}
$data merge entity $(right_forearm) {transformation: [-0.663f,-0.4365f,-1.1256f,-1.9649f,1.1061f,-0.7344f,-0.3667f,5.2302f,-0.4839f,-1.0804f,0.7041f,0.3785f,0f,0f,0f,1f],start_interpolation: 0,interpolation_duration: 1}
$data merge entity $(right_shoulder) {transformation: [-1.0194f,0.8609f,-0.608f,-0.6903f,1.022f,0.6009f,-0.8627f,5.7846f,-0.2573f,-1.0235f,-1.0178f,-0.7848f,0f,0f,0f,1f],start_interpolation: 0,interpolation_duration: 1}
$data merge entity $(right_arm) {transformation: [-0.8f,-0.0722f,0.5957f,-0.255f,0.0084f,0.9913f,0.1313f,6.0682f,-0.6f,0.11f,-0.7924f,-0.4213f,0f,0f,0f,1f],start_interpolation: 0,interpolation_duration: 1}
$data merge entity $(left_thumb_2) {transformation: [0.2179f,0.1518f,0.9641f,0.3819f,-0.97f,-0.075f,0.2311f,6.1573f,0.1074f,-0.9856f,0.1309f,4.4104f,0f,0f,0f,1f],start_interpolation: 0,interpolation_duration: 1}
$data merge entity $(left_thumb) {transformation: [0.2179f,0.8134f,0.5394f,0.6037f,-0.97f,0.1197f,0.2114f,6.3367f,0.1074f,-0.5693f,0.8151f,4.1999f,0f,0f,0f,1f],start_interpolation: 0,interpolation_duration: 1}
$data merge entity $(left_fingers2) {transformation: [0.119f,0.0464f,0.9918f,0.5789f,-0.8406f,0.5364f,0.0758f,6.6775f,-0.5284f,-0.8427f,0.1028f,4.9712f,0f,0f,0f,1f],start_interpolation: 0,interpolation_duration: 1}
$data merge entity $(left_fingers) {transformation: [0.0709f,0.1063f,0.9918f,0.6145f,-0.9962f,-0.0428f,0.0758f,6.694f,0.0505f,-0.9934f,0.1028f,4.6875f,0f,0f,0f,1f],start_interpolation: 0,interpolation_duration: 1}
$data merge entity $(left_hand) {transformation: [0.0248f,0.1253f,0.9918f,0.7354f,-0.904f,-0.4208f,0.0758f,6.4344f,0.4268f,-0.8985f,0.1028f,4.1423f,0f,0f,0f,1f],start_interpolation: 0,interpolation_duration: 1}
$data merge entity $(left_forearm) {transformation: [-1.247f,0.3528f,0.4666f,1.2319f,-0.5486f,-0.3242f,-1.2211f,5.8789f,-0.203f,-1.2913f,0.4341f,2.205f,0f,0f,0f,1f],start_interpolation: 0,interpolation_duration: 1}
$data merge entity $(left_shoulder) {transformation: [-0.8554f,-0.0829f,1.188f,0.9201f,-1.1907f,0.0833f,-0.8515f,5.7678f,-0.0193f,-1.4615f,-0.1159f,0.4229f,0f,0f,0f,1f],start_interpolation: 0,interpolation_duration: 1}
$data merge entity $(left_arm) {transformation: [-0.8f,-0.0722f,0.5957f,0.4531f,0.0084f,0.9913f,0.1313f,6.0608f,-0.6f,0.11f,-0.7924f,0.1097f,0f,0f,0f,1f],start_interpolation: 0,interpolation_duration: 1}
$data merge entity $(chest) {transformation: [-1.0228f,-0.0923f,0.7616f,0.25f,0.0107f,1.2674f,0.1679f,4.2787f,-0.7671f,0.1407f,-1.0132f,-0.3819f,0f,0f,0f,1f],start_interpolation: 0,interpolation_duration: 1}
$data merge entity $(left_cheek) {transformation: [-0.7951f,-0.005f,0.6064f,0.8125f,-0.0874f,0.9905f,-0.1066f,3.3791f,-0.6001f,-0.1377f,-0.788f,-0.4951f,0f,0f,0f,1f],start_interpolation: 0,interpolation_duration: 1}
$data merge entity $(left_foot) {transformation: [-1.0101f,0.0663f,-0.1437f,0.9498f,0.0091f,0.9512f,0.3747f,-3.9233f,0.158f,0.3689f,-0.9403f,2.7568f,0f,0f,0f,1f],start_interpolation: 0,interpolation_duration: 1}
$data merge entity $(left_knee) {transformation: [-3.0398f,-0.0806f,-0.0708f,0.9226f,-0.0657f,2.9856f,-0.5778f,0.1871f,0.0848f,-0.5759f,-2.9855f,1.8351f,0f,0f,0f,1f],start_interpolation: 0,interpolation_duration: 1}
$data merge entity $(left_leg) {transformation: [-1.7174f,-0.0448f,-0.009f,0.7797f,-0.0294f,1.3451f,-1.0682f,2.3722f,0.0349f,-1.0677f,-1.3454f,0.1655f,0f,0f,0f,1f],start_interpolation: 0,interpolation_duration: 1}
$data merge entity $(right_cheek) {transformation: [-0.5939f,0.098f,0.7986f,0.2641f,0.1566f,0.9877f,-0.0048f,3.3652f,-0.7892f,0.1222f,-0.6019f,-0.9498f,0f,0f,0f,1f],start_interpolation: 0,interpolation_duration: 1}
$data merge entity $(right_foot) {transformation: [-0.1613f,-0.3462f,0.9484f,-0.8679f,0.1791f,0.9353f,0.3719f,-3.8683f,-0.9935f,0.2249f,-0.0869f,-3.5062f,0f,0f,0f,1f],start_interpolation: 0,interpolation_duration: 1}
$data merge entity $(right_knee) {transformation: [-0.9365f,-0.3349f,2.8745f,-1.2407f,1.2769f,2.6635f,0.7263f,-0.1156f,-2.5971f,1.4303f,-0.6794f,-1.6289f,0f,0f,0f,1f],start_interpolation: 0,interpolation_duration: 1}
$data merge entity $(right_leg) {transformation: [-0.5289f,0.5819f,1.5274f,-0.3313f,0.7212f,1.5238f,-0.3307f,2.3052f,-1.4668f,0.5394f,-0.7134f,-0.6829f,0f,0f,0f,1f],start_interpolation: 0,interpolation_duration: 1}
$data merge entity $(weist) {transformation: [-1.2879f,-0.0448f,0.9855f,0.25f,-0.0777f,1.6202f,-0.0278f,3.9853f,-0.9835f,-0.0693f,-1.2884f,-0.4225f,0f,0f,0f,1f],start_interpolation: 0,interpolation_duration: 1}
data modify storage animated_java:temp entry.data merge value {"locators":{"consume":{"px":-0.8286927682,"py":6.3699568013,"pz":2.5610382626,"ry":231.2337533121,"rx":-27.6613004744}}}
# Data Manager: Prepare for Read / Write
execute store result storage animated_java:temp args.id int 1 run scoreboard players get @s aj.id
# Data Manager: Write
function animated_java:global/data_manager/write with storage animated_java:temp args