# This file was generated by Animated Java via MC-Build. It is not recommended to edit this file directly.
$data merge entity $(neck) {transformation: [-0.9797f,-0.1274f,0.1548f,0.1194f,-0.0675f,0.9367f,0.3436f,6.1007f,-0.1888f,0.3262f,-0.9263f,-0.1735f,0f,0f,0f,1f],start_interpolation: 0,interpolation_duration: 1}
$data merge entity $(right_thumb_2) {transformation: [-0.0912f,-0.4541f,-0.8863f,-0.8059f,0.9698f,0.1616f,-0.1825f,6.21f,0.2261f,-0.8762f,0.4257f,2.0014f,0f,0f,0f,1f],start_interpolation: 0,interpolation_duration: 1}
$data merge entity $(right_thumb) {transformation: [-0.0912f,-0.9602f,-0.2639f,-1.1247f,0.9698f,-0.0254f,-0.2424f,6.3491f,0.2261f,-0.2781f,0.9336f,1.9323f,0f,0f,0f,1f],start_interpolation: 0,interpolation_duration: 1}
$data merge entity $(right_fingers2) {transformation: [0.717f,0.1124f,-0.688f,-0.7519f,-0.5612f,0.6785f,-0.474f,6.3448f,0.4135f,0.726f,0.5495f,2.5419f,0f,0f,0f,1f],start_interpolation: 0,interpolation_duration: 1}
$data merge entity $(right_fingers) {transformation: [0.205f,-0.6962f,-0.688f,-0.9496f,0.5994f,0.645f,-0.474f,6.542f,0.7737f,-0.3152f,0.5495f,2.4779f,0f,0f,0f,1f],start_interpolation: 0,interpolation_duration: 1}
$data merge entity $(scout) {transformation: [0f,0f,0f,-0.9528f,0f,0f,0f,6.3305f,0f,0f,0f,2.4854f,0f,0f,0f,1f],start_interpolation: 0,interpolation_duration: 1}
$data merge entity $(right_hand) {transformation: [-0.5228f,-0.5033f,-0.688f,-1.2865f,0.8489f,-0.2339f,-0.474f,6.3731f,0.0776f,-0.8319f,0.5495f,1.9909f,0f,0f,0f,1f],start_interpolation: 0,interpolation_duration: 1}
$data merge entity $(right_forearm) {transformation: [-0.6683f,-0.4345f,-1.1233f,-1.954f,1.109f,-0.7229f,-0.3802f,5.2245f,-0.4696f,-1.0889f,0.7006f,0.396f,0f,0f,0f,1f],start_interpolation: 0,interpolation_duration: 1}
$data merge entity $(right_shoulder) {transformation: [-1.0223f,0.8503f,-0.6179f,-0.6914f,1.0233f,0.6083f,-0.8559f,5.7874f,-0.24f,-1.028f,-1.0175f,-0.7762f,0f,0f,0f,1f],start_interpolation: 0,interpolation_duration: 1}
$data merge entity $(right_arm) {transformation: [-0.7984f,-0.0754f,0.5973f,-0.2579f,0.0119f,0.99f,0.1408f,6.0687f,-0.602f,0.1196f,-0.7895f,-0.4088f,0f,0f,0f,1f],start_interpolation: 0,interpolation_duration: 1}
$data merge entity $(left_thumb_2) {transformation: [0.2216f,0.1538f,0.9629f,0.3748f,-0.9714f,-0.0517f,0.2318f,6.0708f,0.0854f,-0.9868f,0.1379f,4.4316f,0f,0f,0f,1f],start_interpolation: 0,interpolation_duration: 1}
$data merge entity $(left_thumb) {transformation: [0.2216f,0.8138f,0.5372f,0.5962f,-0.9714f,0.136f,0.1947f,6.2559f,0.0854f,-0.565f,0.8207f,4.2256f,0f,0f,0f,1f],start_interpolation: 0,interpolation_duration: 1}
$data merge entity $(left_fingers2) {transformation: [0.1233f,0.0456f,0.9913f,0.5688f,-0.8277f,0.5558f,0.0774f,6.5787f,-0.5474f,-0.8301f,0.1063f,5.0046f,0f,0f,0f,1f],start_interpolation: 0,interpolation_duration: 1}
$data merge entity $(left_fingers) {transformation: [0.0748f,0.1081f,0.9913f,0.6047f,-0.9968f,-0.0195f,0.0774f,6.6019f,0.0277f,-0.9939f,0.1063f,4.7213f,0f,0f,0f,1f],start_interpolation: 0,interpolation_duration: 1}
$data merge entity $(left_hand) {transformation: [0.0278f,0.1285f,0.9913f,0.7276f,-0.9135f,-0.3995f,0.0774f,6.3554f,0.4059f,-0.9077f,0.1063f,4.1706f,0f,0f,0f,1f],start_interpolation: 0,interpolation_duration: 1}
$data merge entity $(left_forearm) {transformation: [-1.2452f,0.3514f,0.4724f,1.2223f,-0.5489f,-0.293f,-1.2288f,5.8466f,-0.213f,-1.2991f,0.4049f,2.22f,0f,0f,0f,1f],start_interpolation: 0,interpolation_duration: 1}
$data merge entity $(left_shoulder) {transformation: [-0.8519f,-0.0791f,1.1907f,0.9159f,-1.1927f,0.1067f,-0.8462f,5.7635f,-0.041f,-1.4602f,-0.1263f,0.4355f,0f,0f,0f,1f],start_interpolation: 0,interpolation_duration: 1}
$data merge entity $(left_arm) {transformation: [-0.7984f,-0.0754f,0.5973f,0.4488f,0.0119f,0.99f,0.1408f,6.0582f,-0.602f,0.1196f,-0.7895f,0.124f,0f,0f,0f,1f],start_interpolation: 0,interpolation_duration: 1}
$data merge entity $(chest) {transformation: [-1.0208f,-0.0964f,0.7637f,0.2523f,0.0152f,1.2657f,0.1801f,4.2804f,-0.7696f,0.1529f,-1.0094f,-0.3857f,0f,0f,0f,1f],start_interpolation: 0,interpolation_duration: 1}
$data merge entity $(left_cheek) {transformation: [-0.8339f,-0.0088f,0.5518f,0.7865f,-0.0682f,0.9939f,-0.0871f,3.3754f,-0.5476f,-0.1103f,-0.8294f,-0.5042f,0f,0f,0f,1f],start_interpolation: 0,interpolation_duration: 1}
$data merge entity $(left_foot) {transformation: [-1.0043f,0.0754f,-0.1757f,0.9372f,0.0106f,0.9601f,0.3511f,-4.0278f,0.1909f,0.3431f,-0.944f,2.4933f,0f,0f,0f,1f],start_interpolation: 0,interpolation_duration: 1}
$data merge entity $(left_knee) {transformation: [-3.036f,-0.0711f,-0.1719f,0.9189f,-0.0449f,3.0076f,-0.452f,0.1177f,0.1805f,-0.4486f,-3.0031f,1.7444f,0f,0f,0f,1f],start_interpolation: 0,interpolation_duration: 1}
$data merge entity $(left_leg) {transformation: [-1.7157f,-0.0609f,-0.065f,0.7518f,-0.0106f,1.3837f,-1.0182f,2.3638f,0.0884f,-1.0164f,-1.3822f,0.1603f,0f,0f,0f,1f],start_interpolation: 0,interpolation_duration: 1}
$data merge entity $(right_cheek) {transformation: [-0.6133f,0.1432f,0.7767f,0.2135f,0.2341f,0.9722f,0.0056f,3.3656f,-0.7543f,0.1852f,-0.6298f,-0.9209f,0f,0f,0f,1f],start_interpolation: 0,interpolation_duration: 1}
$data merge entity $(right_foot) {transformation: [-0.2939f,-0.3945f,0.8962f,-1.1081f,0.2262f,0.8831f,0.4629f,-3.7115f,-0.9527f,0.3314f,-0.1666f,-3.5995f,0f,0f,0f,1f],start_interpolation: 0,interpolation_duration: 1}
$data merge entity $(right_knee) {transformation: [-1.323f,-0.2998f,2.7225f,-1.4496f,1.3306f,2.5723f,0.9299f,-0.0751f,-2.394f,1.5954f,-0.9877f,-1.5006f,0f,0f,0f,1f],start_interpolation: 0,interpolation_duration: 1}
$data merge entity $(right_leg) {transformation: [-0.7472f,0.6799f,1.3895f,-0.3699f,0.7515f,1.5083f,-0.3339f,2.3199f,-1.3521f,0.4626f,-0.9535f,-0.6753f,0f,0f,0f,1f],start_interpolation: 0,interpolation_duration: 1}
$data merge entity $(weist) {transformation: [-1.3004f,-0.0088f,0.97f,0.2523f,-0.0509f,1.6207f,-0.0536f,3.987f,-0.9687f,-0.0734f,-1.2993f,-0.4263f,0f,0f,0f,1f],start_interpolation: 0,interpolation_duration: 1}
data modify storage animated_java:temp entry.data merge value {"locators":{"consume":{"px":-0.8208997997,"py":6.3434945056,"pz":2.5916972771,"ry":231.3842346054,"rx":-28.2943821678}}}
# Data Manager: Prepare for Read / Write
execute store result storage animated_java:temp args.id int 1 run scoreboard players get @s aj.id
# Data Manager: Write
function animated_java:global/data_manager/write with storage animated_java:temp args
execute unless entity @s[tag=aj.transforms_only] at @s run function animated_java:female/animations/walk_fight/zzz/frames/8_root_function