# This file was generated by Animated Java via MC-Build. It is not recommended to edit this file directly.
$data merge entity $(neck) {transformation: [-0.978f,-0.1345f,0.1597f,0.1156f,-0.0755f,0.9409f,0.3302f,6.099f,-0.1947f,0.3108f,-0.9303f,-0.151f,0f,0f,0f,1f],start_interpolation: 0,interpolation_duration: 1}
$data merge entity $(right_thumb_2) {transformation: [-0.1047f,-0.4516f,-0.8861f,-0.7939f,0.9655f,0.1673f,-0.1993f,6.1977f,0.2383f,-0.8764f,0.4185f,2.0607f,0f,0f,0f,1f],start_interpolation: 0,interpolation_duration: 1}
$data merge entity $(right_thumb) {transformation: [-0.1047f,-0.9584f,-0.2657f,-1.114f,0.9655f,-0.0339f,-0.258f,6.3336f,0.2383f,-0.2835f,0.9289f,1.9917f,0f,0f,0f,1f],start_interpolation: 0,interpolation_duration: 1}
$data merge entity $(right_fingers2) {transformation: [0.7219f,0.1f,-0.6848f,-0.7445f,-0.5575f,0.6702f,-0.4899f,6.326f,0.41f,0.7354f,0.5396f,2.6031f,0f,0f,0f,1f],start_interpolation: 0,interpolation_duration: 1}
$data merge entity $(right_fingers) {transformation: [0.1934f,-0.7026f,-0.6848f,-0.9443f,0.5917f,0.6402f,-0.4899f,6.5215f,0.7826f,-0.3105f,0.5396f,2.5407f,0f,0f,0f,1f],start_interpolation: 0,interpolation_duration: 1}
$data merge entity $(scout) {transformation: [0f,0f,0f,-0.9449f,0f,0f,0f,6.3099f,0f,0f,0f,2.5454f,0f,0f,0f,1f],start_interpolation: 0,interpolation_duration: 1}
$data merge entity $(right_hand) {transformation: [-0.534f,-0.496f,-0.6848f,-1.2765f,0.8411f,-0.2292f,-0.4899f,6.3548f,0.086f,-0.8375f,0.5396f,2.0497f,0f,0f,0f,1f],start_interpolation: 0,interpolation_duration: 1}
$data merge entity $(right_forearm) {transformation: [-0.6781f,-0.4242f,-1.1213f,-1.9279f,1.11f,-0.7091f,-0.4029f,5.2262f,-0.4532f,-1.102f,0.6909f,0.4341f,0f,0f,0f,1f],start_interpolation: 0,interpolation_duration: 1}
$data merge entity $(right_shoulder) {transformation: [-1.0272f,0.8285f,-0.6391f,-0.6902f,1.0237f,0.6105f,-0.8539f,5.7917f,-0.2164f,-1.0444f,-1.0061f,-0.7633f,0f,0f,0f,1f],start_interpolation: 0,interpolation_duration: 1}
$data merge entity $(right_arm) {transformation: [-0.7951f,-0.0807f,0.6011f,-0.2602f,0.0178f,0.9876f,0.1562f,6.069f,-0.6062f,0.1349f,-0.7838f,-0.389f,0f,0f,0f,1f],start_interpolation: 0,interpolation_duration: 1}
$data merge entity $(left_thumb_2) {transformation: [0.2285f,0.1566f,0.9609f,0.3709f,-0.9714f,-0.0286f,0.2357f,6.0017f,0.0644f,-0.9872f,0.1456f,4.4622f,0f,0f,0f,1f],start_interpolation: 0,interpolation_duration: 1}
$data merge entity $(left_thumb) {transformation: [0.2285f,0.8142f,0.5337f,0.5915f,-0.9714f,0.1544f,0.1803f,6.1929f,0.0644f,-0.5596f,0.8262f,4.2609f,0f,0f,0f,1f],start_interpolation: 0,interpolation_duration: 1}
$data merge entity $(left_fingers2) {transformation: [0.1307f,0.0436f,0.9905f,0.5597f,-0.8144f,0.5744f,0.0822f,6.4982f,-0.5653f,-0.8174f,0.1106f,5.0468f,0f,0f,0f,1f],start_interpolation: 0,interpolation_duration: 1}
$data merge entity $(left_fingers) {transformation: [0.082f,0.1107f,0.9905f,0.5962f,-0.9966f,0.0034f,0.0822f,6.5278f,0.0058f,-0.9938f,0.1106f,4.7642f,0f,0f,0f,1f],start_interpolation: 0,interpolation_duration: 1}
$data merge entity $(left_hand) {transformation: [0.0334f,0.1337f,0.9905f,0.7223f,-0.922f,-0.3783f,0.0822f,6.2945f,0.3857f,-0.916f,0.1106f,4.2085f,0f,0f,0f,1f],start_interpolation: 0,interpolation_duration: 1}
$data merge entity $(left_forearm) {transformation: [-1.2425f,0.344f,0.4846f,1.2064f,-0.5536f,-0.2616f,-1.2338f,5.8326f,-0.2161f,-1.3078f,0.3743f,2.2436f,0f,0f,0f,1f],start_interpolation: 0,interpolation_duration: 1}
$data merge entity $(left_shoulder) {transformation: [-0.8464f,-0.0714f,1.1951f,0.9102f,-1.1962f,0.1126f,-0.8404f,5.7558f,-0.0508f,-1.4602f,-0.1232f,0.4571f,0f,0f,0f,1f],start_interpolation: 0,interpolation_duration: 1}
$data merge entity $(left_arm) {transformation: [-0.7951f,-0.0807f,0.6011f,0.4436f,0.0178f,0.9876f,0.1562f,6.0532f,-0.6062f,0.1349f,-0.7838f,0.1476f,0f,0f,0f,1f],start_interpolation: 0,interpolation_duration: 1}
$data merge entity $(chest) {transformation: [-1.0165f,-0.1032f,0.7685f,0.2583f,0.0228f,1.2626f,0.1997f,4.283f,-0.7751f,0.1725f,-1.0021f,-0.3915f,0f,0f,0f,1f],start_interpolation: 0,interpolation_duration: 1}
$data merge entity $(left_cheek) {transformation: [-0.8875f,-0.0287f,0.46f,0.7548f,-0.0585f,0.997f,-0.0507f,3.3623f,-0.4572f,-0.0719f,-0.8865f,-0.5126f,0f,0f,0f,1f],start_interpolation: 0,interpolation_duration: 1}
$data merge entity $(left_foot) {transformation: [-0.9979f,0.0639f,-0.2132f,0.9123f,0.0094f,0.9905f,0.253f,-4.0878f,0.2223f,0.2449f,-0.9674f,2.2477f,0f,0f,0f,1f],start_interpolation: 0,interpolation_duration: 1}
$data merge entity $(left_knee) {transformation: [-3.0294f,-0.0551f,-0.2683f,0.9121f,-0.0286f,3.0269f,-0.2987f,0.09f,0.2724f,-0.295f,-3.0151f,1.7083f,0f,0f,0f,1f],start_interpolation: 0,interpolation_duration: 1}
$data merge entity $(left_leg) {transformation: [-1.7123f,-0.074f,-0.1184f,0.7257f,0.0087f,1.3972f,-0.9996f,2.358f,0.1394f,-0.9969f,-1.3922f,0.1578f,0f,0f,0f,1f],start_interpolation: 0,interpolation_duration: 1}
$data merge entity $(right_cheek) {transformation: [-0.6512f,0.2221f,0.7257f,0.1677f,0.3189f,0.9478f,-0.0039f,3.3615f,-0.6887f,0.2289f,-0.688f,-0.8964f,0f,0f,0f,1f],start_interpolation: 0,interpolation_duration: 1}
$data merge entity $(right_foot) {transformation: [-0.5021f,-0.3784f,0.8062f,-1.4844f,0.276f,0.8138f,0.5539f,-3.4876f,-0.8467f,0.4897f,-0.2976f,-3.5741f,0f,0f,0f,1f],start_interpolation: 0,interpolation_duration: 1}
$data merge entity $(right_knee) {transformation: [-1.8699f,-0.1906f,2.3915f,-1.7041f,1.3471f,2.4255f,1.2467f,-0.041f,-1.9851f,1.8256f,-1.4067f,-1.162f,0f,0f,0f,1f],start_interpolation: 0,interpolation_duration: 1}
$data merge entity $(right_leg) {transformation: [-1.0561f,0.7961f,1.0965f,-0.4169f,0.7609f,1.4987f,-0.3553f,2.3388f,-1.1212f,0.2672f,-1.274f,-0.65f,0f,0f,0f,1f],start_interpolation: 0,interpolation_duration: 1}
$data merge entity $(weist) {transformation: [-1.3246f,0.0355f,0.936f,0.2583f,-0.0222f,1.6195f,-0.0929f,3.9895f,-0.9364f,-0.0887f,-1.3219f,-0.4321f,0f,0f,0f,1f],start_interpolation: 0,interpolation_duration: 1}
data modify storage animated_java:temp entry.data merge value {"locators":{"consume":{"px":-0.8136571984,"py":6.3231603843,"pz":2.6525451422,"ry":231.7634489073,"rx":-29.3319556644}}}
# Data Manager: Prepare for Read / Write
execute store result storage animated_java:temp args.id int 1 run scoreboard players get @s aj.id
# Data Manager: Write
function animated_java:global/data_manager/write with storage animated_java:temp args