# This file was generated by Animated Java via MC-Build. It is not recommended to edit this file directly.
$data merge entity $(neck) {transformation: [-0.9893f,0.0982f,-0.1076f,-0.0812f,0.0075f,0.7718f,0.6358f,6.4106f,0.1455f,0.6283f,-0.7643f,-0.4961f,0f,0f,0f,1f],start_interpolation: 0,interpolation_duration: 1}
$data merge entity $(right_thumb_2) {transformation: [-0.5807f,-0.5811f,-0.5703f,-1.2636f,0.6827f,0.0342f,-0.7299f,5.5586f,0.4436f,-0.8131f,0.3768f,1.7315f,0f,0f,0f,1f],start_interpolation: 0,interpolation_duration: 1}
$data merge entity $(right_thumb) {transformation: [-0.5807f,-0.8138f,-0.0226f,-1.6112f,0.6827f,-0.4715f,-0.5582f,5.516f,0.4436f,-0.3396f,0.8294f,1.6763f,0f,0f,0f,1f],start_interpolation: 0,interpolation_duration: 1}
$data merge entity $(right_fingers2) {transformation: [0.8793f,0.3657f,-0.3053f,-1.0256f,-0.464f,0.5129f,-0.7222f,5.5241f,-0.1075f,0.7767f,0.6207f,2.1036f,0f,0f,0f,1f],start_interpolation: 0,interpolation_duration: 1}
$data merge entity $(right_fingers) {transformation: [0.3414f,-0.889f,-0.3053f,-1.2715f,0.5255f,0.4498f,-0.7222f,5.6618f,0.7793f,0.0861f,0.6207f,2.1547f,0f,0f,0f,1f],start_interpolation: 0,interpolation_duration: 1}
$data merge entity $(scout) {transformation: [0f,0f,0f,-1.2313f,0f,0f,0f,5.4588f,0f,0f,0f,2.1102f,0f,0f,0f,1f],start_interpolation: 0,interpolation_duration: 1}
$data merge entity $(right_hand) {transformation: [-0.598f,-0.7411f,-0.3053f,-1.7372f,0.6526f,-0.2291f,-0.7222f,5.4859f,0.4653f,-0.6311f,0.6207f,1.7922f,0f,0f,0f,1f],start_interpolation: 0,interpolation_duration: 1}
$data merge entity $(right_forearm) {transformation: [-1.2586f,-0.4587f,-0.3205f,-2.3873f,0.4429f,-0.3346f,-1.2606f,4.9177f,0.3419f,-1.2549f,0.4532f,-0.0954f,0f,0f,0f,1f],start_interpolation: 0,interpolation_duration: 1}
$data merge entity $(right_shoulder) {transformation: [-1.1712f,0.8615f,-0.1897f,-1.0948f,0.8791f,1.1138f,-0.3693f,6.1104f,-0.0728f,-0.4087f,-1.4062f,-0.5338f,0f,0f,0f,1f],start_interpolation: 0,interpolation_duration: 1}
$data merge entity $(right_arm) {transformation: [-0.9921f,0.0644f,-0.1077f,-0.5175f,-0.0187f,0.7726f,0.6346f,6.3501f,0.1241f,0.6316f,-0.7653f,-0.4273f,0f,0f,0f,1f],start_interpolation: 0,interpolation_duration: 1}
$data merge entity $(left_thumb_2) {transformation: [-0.7156f,0.6982f,-0.0201f,1.0046f,-0.4893f,-0.5216f,-0.699f,6.2065f,-0.4985f,-0.4903f,0.7149f,1.4475f,0f,0f,0f,1f],start_interpolation: 0,interpolation_duration: 1}
$data merge entity $(left_thumb) {transformation: [-0.7156f,0.578f,-0.3921f,1.3022f,-0.4893f,-0.8155f,-0.3092f,6.021f,-0.4985f,-0.0294f,0.8664f,1.4997f,0f,0f,0f,1f],start_interpolation: 0,interpolation_duration: 1}
$data merge entity $(left_fingers2) {transformation: [0.9915f,0.1022f,-0.0809f,0.6915f,-0.1302f,0.748f,-0.6508f,6.3342f,-0.006f,0.6558f,0.7549f,1.811f,0f,0f,0f,1f],start_interpolation: 0,interpolation_duration: 1}
$data merge entity $(left_fingers) {transformation: [0.1148f,0.9901f,-0.0809f,0.9698f,-0.7584f,0.0347f,-0.6508f,6.3607f,-0.6416f,0.1361f,0.7549f,1.8734f,0f,0f,0f,1f],start_interpolation: 0,interpolation_duration: 1}
$data merge entity $(left_hand) {transformation: [-0.7156f,0.6938f,-0.0809f,1.3888f,-0.4893f,-0.5805f,-0.6508f,5.9729f,-0.4985f,-0.4262f,0.7549f,1.6425f,0f,0f,0f,1f],start_interpolation: 0,interpolation_duration: 1}
$data merge entity $(left_forearm) {transformation: [-1.311f,0.3503f,-0.2357f,1.8532f,0.0097f,-0.7438f,-1.1592f,4.8109f,-0.4221f,-1.105f,0.7056f,-0.0135f,0f,0f,0f,1f],start_interpolation: 0,interpolation_duration: 1}
$data merge entity $(left_shoulder) {transformation: [-1.3453f,-0.5526f,0.1858f,0.9023f,-0.5741f,1.1741f,-0.6647f,6.1481f,0.1018f,-0.6827f,-1.2936f,-0.7837f,0f,0f,0f,1f],start_interpolation: 0,interpolation_duration: 1}
$data merge entity $(left_arm) {transformation: [-0.9921f,0.0644f,-0.1077f,0.3606f,-0.0187f,0.7726f,0.6346f,6.3667f,0.1241f,0.6316f,-0.7653f,-0.5372f,0f,0f,0f,1f],start_interpolation: 0,interpolation_duration: 1}
$data merge entity $(chest) {transformation: [-1.2684f,0.0824f,-0.1377f,-0.1986f,-0.0239f,0.9878f,0.8114f,4.985f,0.1587f,0.8075f,-0.9785f,-1.6494f,0f,0f,0f,1f],start_interpolation: 0,interpolation_duration: 1}
$data merge entity $(left_cheek) {transformation: [-0.8292f,-0.4795f,-0.2873f,-0.4429f,-0.4097f,0.871f,-0.2712f,3.944f,0.3803f,-0.1072f,-0.9186f,-2.4034f,0f,0f,0f,1f],start_interpolation: 0,interpolation_duration: 1}
$data merge entity $(left_foot) {transformation: [-0.669f,-0.0407f,-0.772f,0.6979f,-0.1125f,1.0152f,0.044f,-2.2672f,0.7648f,0.1138f,-0.6688f,-4.7189f,0f,0f,0f,1f],start_interpolation: 0,interpolation_duration: 1}
$data merge entity $(left_knee) {transformation: [-2.2704f,0.6457f,-1.9184f,1.5782f,-1.0789f,2.0532f,1.9679f,0.6859f,1.7127f,2.1494f,-1.3035f,-1.8467f,0f,0f,0f,1f],start_interpolation: 0,interpolation_duration: 1}
$data merge entity $(left_leg) {transformation: [-1.2823f,-0.8134f,-0.8034f,0.2454f,-0.6094f,1.5078f,-0.5538f,3.0923f,0.9673f,-0.1284f,-1.4139f,-1.9707f,0f,0f,0f,1f],start_interpolation: 0,interpolation_duration: 1}
$data merge entity $(right_cheek) {transformation: [-0.8443f,0.1243f,-0.5212f,-0.9373f,0.4142f,0.7685f,-0.4877f,3.8523f,0.3399f,-0.6276f,-0.7004f,-2.2741f,0f,0f,0f,1f],start_interpolation: 0,interpolation_duration: 1}
$data merge entity $(right_foot) {transformation: [-1.009f,-0.0303f,0.1618f,-1.9185f,-0.027f,1.0217f,0.0233f,-2.4337f,-0.1624f,0.0187f,-1.0092f,-0.2839f,0f,0f,0f,1f],start_interpolation: 0,interpolation_duration: 1}
$data merge entity $(right_knee) {transformation: [-3f,0.4015f,0.302f,-1.4365f,0.4741f,2.8675f,0.8972f,1.5853f,-0.1662f,0.9319f,-2.8907f,0.8829f,0f,0f,0f,1f],start_interpolation: 0,interpolation_duration: 1}
$data merge entity $(right_leg) {transformation: [-1.6943f,0.2314f,-0.1646f,-0.9905f,0.2681f,0.9749f,-1.3889f,3.1768f,-0.0937f,-1.3955f,-0.9976f,-1.3196f,0f,0f,0f,1f],start_interpolation: 0,interpolation_duration: 1}
$data merge entity $(weist) {transformation: [-1.4327f,0.1448f,-0.7472f,-0.2794f,0.098f,1.6145f,0.125f,4.7863f,0.7548f,0.0653f,-1.4346f,-1.6827f,0f,0f,0f,1f],start_interpolation: 0,interpolation_duration: 1}
data modify storage animated_java:temp entry.data merge value {"locators":{"consume":{"px":-1.0728564459,"py":5.4903760015,"pz":2.1627159199,"ry":206.1901524801,"rx":-46.2366700997}}}
# Data Manager: Prepare for Read / Write
execute store result storage animated_java:temp args.id int 1 run scoreboard players get @s aj.id
# Data Manager: Write
function animated_java:global/data_manager/write with storage animated_java:temp args