# This file was generated by Animated Java via MC-Build. It is not recommended to edit this file directly.
$data merge entity $(neck) {transformation: [-0.7865f,0.2574f,-0.5615f,-0.2807f,-0.0372f,0.8876f,0.4591f,6.2863f,0.6165f,0.382f,-0.6885f,-0.2375f,0f,0f,0f,1f],start_interpolation: 0,interpolation_duration: 1}
$data merge entity $(right_thumb_2) {transformation: [-0.2416f,-0.8559f,-0.4572f,0.3875f,0.0875f,0.45f,-0.8887f,7.263f,0.9664f,-0.2547f,-0.0338f,3.3208f,0f,0f,0f,1f],start_interpolation: 0,interpolation_duration: 1}
$data merge entity $(right_thumb) {transformation: [-0.2416f,-0.7253f,0.6447f,0.1093f,0.0875f,-0.6779f,-0.7299f,7.0682f,0.9664f,-0.1199f,0.2272f,3.4223f,0f,0f,0f,1f],start_interpolation: 0,interpolation_duration: 1}
$data merge entity $(right_fingers2) {transformation: [-0.2092f,0.803f,0.558f,0.6817f,-0.2156f,0.5187f,-0.8273f,7.3525f,-0.9538f,-0.2934f,0.0647f,3.3666f,0f,0f,0f,1f],start_interpolation: 0,interpolation_duration: 1}
$data merge entity $(right_fingers) {transformation: [0.7614f,-0.3301f,0.558f,0.6132f,0.5414f,-0.1498f,-0.8273f,7.319f,0.3567f,0.932f,0.0647f,3.6427f,0f,0f,0f,1f],start_interpolation: 0,interpolation_duration: 1}
$data merge entity $(scout) {transformation: [0f,0f,0f,0.6684f,0f,0f,0f,7.2136f,0f,0f,0f,3.4677f,0f,0f,0f,1f],start_interpolation: 0,interpolation_duration: 1}
$data merge entity $(right_hand) {transformation: [-0.1802f,-0.81f,0.558f,0.1413f,-0.0447f,-0.56f,-0.8273f,6.9388f,0.9826f,-0.174f,0.0647f,3.5338f,0f,0f,0f,1f],start_interpolation: 0,interpolation_duration: 1}
$data merge entity $(right_forearm) {transformation: [-0.9163f,-0.9791f,-0.3145f,-1.3065f,0.9083f,-0.5731f,-0.8623f,6.0066f,0.4821f,-0.7811f,1.0269f,2.3748f,0f,0f,0f,1f],start_interpolation: 0,interpolation_duration: 1}
$data merge entity $(right_shoulder) {transformation: [-1.1353f,0.086f,-0.9238f,-0.9431f,0.9277f,0.1275f,-1.1283f,6.0113f,0.0142f,-1.4581f,-0.1531f,0.5991f,0f,0f,0f,1f],start_interpolation: 0,interpolation_duration: 1}
$data merge entity $(right_arm) {transformation: [-0.6892f,0.3842f,-0.6143f,-0.5707f,0.0642f,0.8769f,0.4764f,6.2663f,0.7217f,0.2889f,-0.629f,0.1005f,0f,0f,0f,1f],start_interpolation: 0,interpolation_duration: 1}
$data merge entity $(left_thumb_2) {transformation: [-0.8545f,0.1231f,0.5047f,1.2075f,-0.483f,-0.5458f,-0.6847f,5.5802f,0.1912f,-0.8288f,0.5258f,0.2543f,0f,0f,0f,1f],start_interpolation: 0,interpolation_duration: 1}
$data merge entity $(left_thumb) {transformation: [-0.8545f,0.375f,0.3595f,1.4497f,-0.483f,-0.8282f,-0.2842f,5.3894f,0.1912f,-0.4165f,0.8888f,0.0795f,0f,0f,0f,1f],start_interpolation: 0,interpolation_duration: 1}
$data merge entity $(left_fingers2) {transformation: [0.6769f,0.5475f,0.4921f,1.2565f,-0.1517f,0.7579f,-0.6345f,5.7215f,-0.7203f,0.3548f,0.5961f,0.7278f,0f,0f,0f,1f],start_interpolation: 0,interpolation_duration: 1}
$data merge entity $(left_fingers) {transformation: [-0.388f,0.7793f,0.4921f,1.4931f,-0.7728f,0.0159f,-0.6345f,5.7432f,-0.5023f,-0.6264f,0.5961f,0.5678f,0f,0f,0f,1f],start_interpolation: 0,interpolation_duration: 1}
$data merge entity $(left_hand) {transformation: [-0.8545f,0.1666f,0.4921f,1.6129f,-0.483f,-0.6034f,-0.6345f,5.3421f,0.1912f,-0.7798f,0.5961f,0.1161f,0f,0f,0f,1f],start_interpolation: 0,interpolation_duration: 1}
$data merge entity $(left_forearm) {transformation: [-1.2986f,-0.459f,-0.0053f,0.8675f,0.2539f,-0.7049f,-1.1557f,4.249f,0.3824f,-1.0906f,0.7492f,-1.4832f,0f,0f,0f,1f],start_interpolation: 0,interpolation_duration: 1}
$data merge entity $(left_shoulder) {transformation: [-1.1241f,-0.2854f,-0.8972f,0.3218f,-0.3492f,1.424f,-0.0155f,5.9152f,0.8743f,0.2018f,-1.1596f,-1.0237f,0f,0f,0f,1f],start_interpolation: 0,interpolation_duration: 1}
$data merge entity $(left_arm) {transformation: [-0.6892f,0.3842f,-0.6143f,0.0393f,0.0642f,0.8769f,0.4764f,6.2095f,0.7217f,0.2889f,-0.629f,-0.5383f,0f,0f,0f,1f],start_interpolation: 0,interpolation_duration: 1}
$data merge entity $(chest) {transformation: [-0.8812f,0.4912f,-0.7854f,-0.9809f,0.082f,1.1211f,0.6091f,4.6707f,0.9228f,0.3694f,-0.8042f,-0.7624f,0f,0f,0f,1f],start_interpolation: 0,interpolation_duration: 1}
$data merge entity $(left_cheek) {transformation: [-0.8785f,-0.3853f,-0.2825f,-1.0909f,-0.3774f,0.9222f,-0.0842f,3.7692f,0.293f,0.0326f,-0.9556f,-1.7178f,0f,0f,0f,1f],start_interpolation: 0,interpolation_duration: 1}
$data merge entity $(left_foot) {transformation: [-0.9155f,0.1434f,-0.4318f,0.0145f,-0.0728f,0.9116f,0.457f,-2.2193f,0.4491f,0.44f,-0.8062f,-5.4693f,0f,0f,0f,1f],start_interpolation: 0,interpolation_duration: 1}
$data merge entity $(left_knee) {transformation: [-2.8673f,0.0558f,-1.0137f,0.1326f,-0.8261f,1.6371f,2.4269f,0.1694f,0.5901f,2.563f,-1.528f,-2.0015f,0f,0f,0f,1f],start_interpolation: 0,interpolation_duration: 1}
$data merge entity $(left_leg) {transformation: [-1.6194f,-0.4066f,-0.4043f,-0.5743f,-0.4666f,1.6386f,0.2209f,2.7686f,0.3333f,0.3181f,-1.655f,-1.4296f,0f,0f,0f,1f],start_interpolation: 0,interpolation_duration: 1}
$data merge entity $(right_cheek) {transformation: [-0.8063f,-0.0017f,-0.5915f,-1.7685f,0.1746f,0.9547f,-0.2408f,3.6072f,0.5651f,-0.2974f,-0.7695f,-1.3691f,0f,0f,0f,1f],start_interpolation: 0,interpolation_duration: 1}
$data merge entity $(right_foot) {transformation: [-1.0203f,0.0605f,0.0237f,-2.7698f,0.0585f,1.0177f,-0.0787f,-3.0653f,-0.0283f,-0.0772f,-1.0191f,1.1213f,0f,0f,0f,1f],start_interpolation: 0,interpolation_duration: 1}
$data merge entity $(right_knee) {transformation: [-2.9905f,0.556f,0.0149f,-2.0856f,0.5533f,2.9655f,0.3897f,1.0708f,0.0567f,0.3858f,-3.0166f,1.5335f,0f,0f,0f,1f],start_interpolation: 0,interpolation_duration: 1}
$data merge entity $(right_leg) {transformation: [-1.6524f,0.178f,-0.4349f,-1.719f,0.4526f,1.0305f,-1.2979f,2.741f,0.1264f,-1.363f,-1.0381f,-0.6249f,0f,0f,0f,1f],start_interpolation: 0,interpolation_duration: 1}
$data merge entity $(weist) {transformation: [-1.327f,0.1094f,-0.9269f,-1.1025f,-0.032f,1.6049f,0.2352f,4.4047f,0.9328f,0.2107f,-1.3105f,-0.9079f,0f,0f,0f,1f],start_interpolation: 0,interpolation_duration: 1}
data modify storage animated_java:temp entry.data merge value {"locators":{"consume":{"px":0.7836775251,"py":7.3361342856,"pz":3.4437984998,"ry":96.6095710971,"rx":-55.8237175292}}}
# Data Manager: Prepare for Read / Write
execute store result storage animated_java:temp args.id int 1 run scoreboard players get @s aj.id
# Data Manager: Write
function animated_java:global/data_manager/write with storage animated_java:temp args