# This file was generated by Animated Java via MC-Build. It is not recommended to edit this file directly.
$data merge entity $(neck) {transformation: [-0.7085f,0.2941f,-0.6415f,-0.3559f,-0.0697f,0.8754f,0.4783f,6.2384f,0.7022f,0.3836f,-0.5998f,-0.2091f,0f,0f,0f,1f],start_interpolation: 0,interpolation_duration: 1}
$data merge entity $(right_thumb_2) {transformation: [0.5763f,-0.8136f,0.0773f,1.2318f,0.3952f,0.1946f,-0.8978f,7.2078f,0.7154f,0.5479f,0.4336f,1.5018f,0f,0f,0f,1f],start_interpolation: 0,interpolation_duration: 1}
$data merge entity $(right_thumb) {transformation: [0.5763f,-0.2797f,0.7679f,1.2165f,0.3952f,-0.7271f,-0.5613f,7.0404f,0.7154f,0.6269f,-0.3085f,1.814f,0f,0f,0f,1f],start_interpolation: 0,interpolation_duration: 1}
$data merge entity $(right_fingers2) {transformation: [-0.7476f,0.2347f,0.6213f,1.4326f,-0.4545f,0.5013f,-0.7363f,7.3164f,-0.4842f,-0.8329f,-0.2681f,1.2564f,0f,0f,0f,1f],start_interpolation: 0,interpolation_duration: 1}
$data merge entity $(right_fingers) {transformation: [0.5863f,0.5198f,0.6213f,1.6018f,0.6638f,0.1313f,-0.7363f,7.3671f,-0.4643f,0.8441f,-0.2681f,1.4819f,0f,0f,0f,1f],start_interpolation: 0,interpolation_duration: 1}
$data merge entity $(scout) {transformation: [0f,0f,0f,1.5332f,0f,0f,0f,7.2091f,0f,0f,0f,1.3589f,0f,0f,0f,1f],start_interpolation: 0,interpolation_duration: 1}
$data merge entity $(right_hand) {transformation: [0.6508f,-0.4363f,0.6213f,1.358f,0.2944f,-0.6093f,-0.7363f,6.9589f,0.6998f,0.6621f,-0.2681f,1.8732f,0f,0f,0f,1f],start_interpolation: 0,interpolation_duration: 1}
$data merge entity $(right_forearm) {transformation: [-0.3285f,-1.1076f,0.75f,-0.269f,0.9762f,-0.7265f,-0.6453f,5.8007f,0.9145f,0.3776f,0.9582f,2.4387f,0f,0f,0f,1f],start_interpolation: 0,interpolation_duration: 1}
$data merge entity $(right_shoulder) {transformation: [-0.7575f,-0.6508f,-1.0736f,-0.8752f,1.0844f,0.2927f,-0.9425f,5.9694f,0.6327f,-1.2809f,0.33f,0.7389f,0f,0f,0f,1f],start_interpolation: 0,interpolation_duration: 1}
$data merge entity $(right_arm) {transformation: [-0.5827f,0.4325f,-0.688f,-0.597f,0.0764f,0.872f,0.4835f,6.2236f,0.8091f,0.2292f,-0.5411f,0.1656f,0f,0f,0f,1f],start_interpolation: 0,interpolation_duration: 1}
$data merge entity $(left_thumb_2) {transformation: [-0.9106f,-0.1832f,0.3705f,1.3819f,-0.1823f,-0.6265f,-0.7578f,5.61f,0.371f,-0.7576f,0.5371f,-0.3634f,0f,0f,0f,1f],start_interpolation: 0,interpolation_duration: 1}
$data merge entity $(left_thumb) {transformation: [-0.9106f,0.0445f,0.4109f,1.5254f,-0.1823f,-0.9356f,-0.3025f,5.3403f,0.371f,-0.3504f,0.86f,-0.5433f,0f,0f,0f,1f],start_interpolation: 0,interpolation_duration: 1}
$data merge entity $(left_fingers2) {transformation: [0.4702f,0.7941f,0.3851f,1.5502f,-0.4115f,0.5833f,-0.7003f,5.7699f,-0.7807f,0.1708f,0.6011f,0.0755f,0f,0f,0f,1f],start_interpolation: 0,interpolation_duration: 1}
$data merge entity $(left_fingers) {transformation: [-0.6735f,0.631f,0.3851f,1.7518f,-0.6585f,-0.2755f,-0.7003f,5.7048f,-0.3358f,-0.7252f,0.6011f,-0.1173f,0f,0f,0f,1f],start_interpolation: 0,interpolation_duration: 1}
$data merge entity $(left_hand) {transformation: [-0.9106f,-0.1502f,0.3851f,1.672f,-0.1823f,-0.6902f,-0.7003f,5.249f,0.371f,-0.7079f,0.6011f,-0.5237f,0f,0f,0f,1f],start_interpolation: 0,interpolation_duration: 1}
$data merge entity $(left_forearm) {transformation: [-1.0867f,-0.8266f,0.1817f,0.3886f,0.3158f,-0.6704f,-1.161f,4.2104f,0.7852f,-0.8743f,0.7184f,-1.7816f,0f,0f,0f,1f],start_interpolation: 0,interpolation_duration: 1}
$data merge entity $(left_shoulder) {transformation: [-0.873f,-0.1005f,-1.1737f,0.1279f,-0.3608f,1.4135f,0.1473f,5.8563f,1.1214f,0.3765f,-0.8663f,-1.0686f,0f,0f,0f,1f],start_interpolation: 0,interpolation_duration: 1}
$data merge entity $(left_arm) {transformation: [-0.5827f,0.4325f,-0.688f,-0.0812f,0.0764f,0.872f,0.4835f,6.156f,0.8091f,0.2292f,-0.5411f,-0.5505f,0f,0f,0f,1f],start_interpolation: 0,interpolation_duration: 1}
$data merge entity $(chest) {transformation: [-0.745f,0.553f,-0.8797f,-1.1441f,0.0976f,1.1149f,0.6182f,4.6317f,1.0345f,0.293f,-0.6919f,-0.6251f,0f,0f,0f,1f],start_interpolation: 0,interpolation_duration: 1}
$data merge entity $(left_cheek) {transformation: [-0.7863f,-0.4363f,-0.4374f,-1.2916f,-0.3869f,0.8997f,-0.202f,3.6621f,0.4816f,0.0104f,-0.8763f,-1.4442f,0f,0f,0f,1f],start_interpolation: 0,interpolation_duration: 1}
$data merge entity $(left_foot) {transformation: [-0.8966f,0.0061f,-0.4912f,0.1552f,-0.0241f,1.0205f,0.0568f,-3.2163f,0.4906f,0.0614f,-0.8948f,-4.2236f,0f,0f,0f,1f],start_interpolation: 0,interpolation_duration: 1}
$data merge entity $(left_knee) {transformation: [-2.7581f,-0.0766f,-1.2803f,0.076f,-0.8839f,2.3137f,1.7657f,0.0835f,0.9294f,1.9731f,-2.1202f,-1.6062f,0f,0f,0f,1f],start_interpolation: 0,interpolation_duration: 1}
$data merge entity $(left_leg) {transformation: [-1.5578f,-0.4445f,-0.572f,-0.6841f,-0.4992f,1.6417f,0.0838f,2.6904f,0.5249f,0.2422f,-1.6178f,-1.1489f,0f,0f,0f,1f],start_interpolation: 0,interpolation_duration: 1}
$data merge entity $(right_cheek) {transformation: [-0.7333f,-0.075f,-0.6757f,-1.9054f,0.1436f,0.9544f,-0.2617f,3.6605f,0.6646f,-0.289f,-0.6891f,-1.0185f,0f,0f,0f,1f],start_interpolation: 0,interpolation_duration: 1}
$data merge entity $(right_foot) {transformation: [-1.0162f,0.0141f,0.1114f,-2.8884f,0.0128f,1.0222f,-0.012f,-3.5183f,-0.1115f,-0.0106f,-1.0162f,0.8724f,0f,0f,0f,1f],start_interpolation: 0,interpolation_duration: 1}
$data merge entity $(right_knee) {transformation: [-2.9906f,0.4858f,0.2694f,-2.2909f,0.5254f,2.9524f,0.5093f,0.6038f,-0.1801f,0.5473f,-2.9867f,1.5025f,0f,0f,0f,1f],start_interpolation: 0,interpolation_duration: 1}
$data merge entity $(right_leg) {transformation: [-1.6615f,0.3059f,-0.3116f,-1.7227f,0.4341f,1.2901f,-1.0482f,2.6833f,0.0474f,-1.0925f,-1.325f,-0.2109f,0f,0f,0f,1f],start_interpolation: 0,interpolation_duration: 1}
$data merge entity $(weist) {transformation: [-1.2039f,0.0199f,-1.0872f,-1.2619f,-0.0083f,1.6219f,0.0389f,4.3398f,1.0874f,0.0344f,-1.2035f,-0.7321f,0f,0f,0f,1f],start_interpolation: 0,interpolation_duration: 1}
data modify storage animated_java:temp entry.data merge value {"locators":{"consume":{"px":1.5457403509,"py":7.3190085546,"pz":1.229976581,"ry":66.6600176464,"rx":-47.415924421}}}
# Data Manager: Prepare for Read / Write
execute store result storage animated_java:temp args.id int 1 run scoreboard players get @s aj.id
# Data Manager: Write
function animated_java:global/data_manager/write with storage animated_java:temp args