# This file was generated by Animated Java via MC-Build. It is not recommended to edit this file directly.
$data merge entity $(neck) {transformation: [-0.7599f,0.2367f,-0.6055f,-0.3426f,-0.0628f,0.9003f,0.4307f,6.2685f,0.6471f,0.3653f,-0.6692f,-0.1882f,0f,0f,0f,1f],start_interpolation: 0,interpolation_duration: 1}
$data merge entity $(right_thumb_2) {transformation: [0.5464f,-0.8197f,0.1719f,0.9173f,0.3348f,0.0256f,-0.942f,6.8257f,0.7677f,0.5723f,0.2884f,1.7444f,0f,0f,0f,1f],start_interpolation: 0,interpolation_duration: 1}
$data merge entity $(right_thumb) {transformation: [0.5464f,-0.2555f,0.7976f,0.9049f,0.3348f,-0.8063f,-0.4877f,6.6228f,0.7677f,0.5335f,-0.3551f,2.0348f,0f,0f,0f,1f],start_interpolation: 0,interpolation_duration: 1}
$data merge entity $(right_fingers2) {transformation: [-0.6682f,0.3559f,0.6534f,1.1421f,-0.3392f,0.6359f,-0.6932f,6.9624f,-0.6622f,-0.6848f,-0.3042f,1.5057f,0f,0f,0f,1f],start_interpolation: 0,interpolation_duration: 1}
$data merge entity $(right_fingers) {transformation: [0.6077f,0.4515f,0.6534f,1.2927f,0.7199f,0.0343f,-0.6932f,6.9874f,-0.3354f,0.8916f,-0.3042f,1.7481f,0f,0f,0f,1f],start_interpolation: 0,interpolation_duration: 1}
$data merge entity $(scout) {transformation: [0f,0f,0f,1.2337f,0f,0f,0f,6.8388f,0f,0f,0f,1.6094f,0f,0f,0f,1f],start_interpolation: 0,interpolation_duration: 1}
$data merge entity $(right_hand) {transformation: [0.6139f,-0.443f,0.6534f,1.0464f,0.2501f,-0.6759f,-0.6932f,6.5403f,0.7487f,0.589f,-0.3042f,2.0927f,0f,0f,0f,1f],start_interpolation: 0,interpolation_duration: 1}
$data merge entity $(right_forearm) {transformation: [-0.3549f,-1.1123f,0.7307f,-0.5873f,0.7229f,-0.7961f,-0.8607f,5.28f,1.1174f,0.1617f,0.7889f,2.3185f,0f,0f,0f,1f],start_interpolation: 0,interpolation_duration: 1}
$data merge entity $(right_shoulder) {transformation: [-0.736f,-0.4631f,-1.1805f,-0.9656f,0.9514f,0.7008f,-0.8681f,5.9706f,0.8384f,-1.2018f,-0.0513f,0.6859f,0f,0f,0f,1f],start_interpolation: 0,interpolation_duration: 1}
$data merge entity $(right_arm) {transformation: [-0.6894f,0.3407f,-0.6393f,-0.6302f,0.0419f,0.8998f,0.4343f,6.2397f,0.7232f,0.2727f,-0.6346f,0.1513f,0f,0f,0f,1f],start_interpolation: 0,interpolation_duration: 1}
$data merge entity $(left_thumb_2) {transformation: [-0.9358f,-0.0175f,0.3521f,1.4971f,-0.2479f,-0.6774f,-0.6926f,5.841f,0.2506f,-0.7354f,0.6296f,-0.0636f,0f,0f,0f,1f],start_interpolation: 0,interpolation_duration: 1}
$data merge entity $(left_thumb) {transformation: [-0.9358f,0.1744f,0.3063f,1.6876f,-0.2479f,-0.9434f,-0.2202f,5.5773f,0.2506f,-0.282f,0.9261f,-0.2045f,0f,0f,0f,1f],start_interpolation: 0,interpolation_duration: 1}
$data merge entity $(left_fingers2) {transformation: [0.6117f,0.7083f,0.3523f,1.5858f,-0.4038f,0.6625f,-0.6309f,6.0373f,-0.6803f,0.2437f,0.6913f,0.3838f,0f,0f,0f,1f],start_interpolation: 0,interpolation_duration: 1}
$data merge entity $(left_fingers) {transformation: [-0.5592f,0.7505f,0.3523f,1.818f,-0.7342f,-0.2508f,-0.6309f,5.9818f,-0.3852f,-0.6114f,0.6913f,0.2255f,0f,0f,0f,1f],start_interpolation: 0,interpolation_duration: 1}
$data merge entity $(left_hand) {transformation: [-0.9358f,0.0133f,0.3523f,1.8371f,-0.2479f,-0.7352f,-0.6309f,5.5012f,0.2506f,-0.6778f,0.6913f,-0.159f,0f,0f,0f,1f],start_interpolation: 0,interpolation_duration: 1}
$data merge entity $(left_forearm) {transformation: [-1.2085f,-0.6304f,0.1982f,0.8447f,0.2303f,-0.7891f,-1.1052f,4.2822f,0.6194f,-0.9366f,0.7977f,-1.5146f,0f,0f,0f,1f],start_interpolation: 0,interpolation_duration: 1}
$data merge entity $(left_shoulder) {transformation: [-0.9893f,-0.3305f,-1.0305f,0.2755f,-0.4131f,1.4058f,-0.0543f,5.9147f,1.0002f,0.2536f,-1.0417f,-0.9703f,0f,0f,0f,1f],start_interpolation: 0,interpolation_duration: 1}
$data merge entity $(left_arm) {transformation: [-0.6894f,0.3407f,-0.6393f,-0.02f,0.0419f,0.8998f,0.4343f,6.2026f,0.7232f,0.2727f,-0.6346f,-0.4888f,0f,0f,0f,1f],start_interpolation: 0,interpolation_duration: 1}
$data merge entity $(chest) {transformation: [-0.8814f,0.4356f,-0.8174f,-0.9625f,0.0535f,1.1504f,0.5553f,4.6112f,0.9246f,0.3486f,-0.8113f,-0.6832f,0f,0f,0f,1f],start_interpolation: 0,interpolation_duration: 1}
$data merge entity $(left_cheek) {transformation: [-0.7946f,-0.4205f,-0.4379f,-1.072f,-0.3585f,0.9071f,-0.2204f,3.6242f,0.4899f,-0.0181f,-0.8716f,-1.4897f,0f,0f,0f,1f],start_interpolation: 0,interpolation_duration: 1}
$data merge entity $(left_foot) {transformation: [-0.8797f,0.0002f,-0.5209f,0.348f,-0.0214f,1.0215f,0.0365f,-3.3135f,0.5205f,0.0422f,-0.879f,-4.0664f,0f,0f,0f,1f],start_interpolation: 0,interpolation_duration: 1}
$data merge entity $(left_knee) {transformation: [-2.7164f,-0.0365f,-1.3682f,0.3195f,-0.8889f,2.3592f,1.7018f,0.0468f,1.0407f,1.9196f,-2.1176f,-1.5261f,0f,0f,0f,1f],start_interpolation: 0,interpolation_duration: 1}
$data merge entity $(left_leg) {transformation: [-1.5342f,-0.4686f,-0.6148f,-0.4771f,-0.502f,1.643f,0.0005f,2.658f,0.5878f,0.1801f,-1.6042f,-1.166f,0f,0f,0f,1f],start_interpolation: 0,interpolation_duration: 1}
$data merge entity $(right_cheek) {transformation: [-0.757f,-0.0476f,-0.6517f,-1.7282f,0.1888f,0.9389f,-0.2879f,3.6066f,0.6256f,-0.3409f,-0.7017f,-1.1283f,0f,0f,0f,1f],start_interpolation: 0,interpolation_duration: 1}
$data merge entity $(right_foot) {transformation: [-1.0119f,-0.0081f,0.1457f,-2.7227f,-0.0031f,1.0217f,0.0355f,-3.5738f,-0.1459f,0.0347f,-1.0113f,0.7947f,0f,0f,0f,1f],start_interpolation: 0,interpolation_duration: 1}
$data merge entity $(right_knee) {transformation: [-2.9873f,0.4464f,0.3587f,-2.1759f,0.5001f,2.962f,0.4784f,0.5595f,-0.2791f,0.5288f,-2.9824f,1.3966f,0f,0f,0f,1f],start_interpolation: 0,interpolation_duration: 1}
$data merge entity $(right_leg) {transformation: [-1.6673f,0.3283f,-0.2525f,-1.5732f,0.414f,1.294f,-1.0514f,2.6463f,-0.0107f,-1.0812f,-1.335f,-0.2961f,0f,0f,0f,1f],start_interpolation: 0,interpolation_duration: 1}
$data merge entity $(weist) {transformation: [-1.2707f,0.0177f,-1.0085f,-1.0802f,-0.0136f,1.6216f,0.0456f,4.3054f,1.0086f,0.0442f,-1.27f,-0.7781f,0f,0f,0f,1f],start_interpolation: 0,interpolation_duration: 1}
data modify storage animated_java:temp entry.data merge value {"locators":{"consume":{"px":1.2479467271,"py":6.9597690741,"pz":1.4909173929,"ry":65.0364801117,"rx":-43.8877239075}}}
# Data Manager: Prepare for Read / Write
execute store result storage animated_java:temp args.id int 1 run scoreboard players get @s aj.id
# Data Manager: Write
function animated_java:global/data_manager/write with storage animated_java:temp args