# This file was generated by Animated Java via MC-Build. It is not recommended to edit this file directly.
$data merge entity $(neck) {transformation: [-0.8237f,0.1816f,-0.5371f,-0.3117f,-0.055f,0.9173f,0.3944f,6.2842f,0.5643f,0.3544f,-0.7456f,-0.1825f,0f,0f,0f,1f],start_interpolation: 0,interpolation_duration: 1}
$data merge entity $(right_thumb_2) {transformation: [0.4539f,-0.852f,0.2608f,0.5784f,0.2626f,-0.1518f,-0.9529f,6.3619f,0.8515f,0.5011f,0.1548f,1.8612f,0f,0f,0f,1f],start_interpolation: 0,interpolation_duration: 1}
$data merge entity $(right_thumb) {transformation: [0.4539f,-0.2691f,0.8494f,0.5471f,0.2626f,-0.8705f,-0.4161f,6.1266f,0.8515f,0.412f,-0.3245f,2.1245f,0f,0f,0f,1f],start_interpolation: 0,interpolation_duration: 1}
$data merge entity $(right_fingers2) {transformation: [-0.489f,0.5207f,0.6998f,0.8516f,-0.1623f,0.734f,-0.6595f,6.5237f,-0.8571f,-0.4361f,-0.2744f,1.6529f,0f,0f,0f,1f],start_interpolation: 0,interpolation_duration: 1}
$data merge entity $(right_fingers) {transformation: [0.6494f,0.2976f,0.6998f,0.9598f,0.7474f,-0.0801f,-0.6595f,6.5172f,-0.1403f,0.9513f,-0.2744f,1.918f,0f,0f,0f,1f],start_interpolation: 0,interpolation_duration: 1}
$data merge entity $(scout) {transformation: [0f,0f,0f,0.9214f,0f,0f,0f,6.3797f,0f,0f,0f,1.7617f,0f,0f,0f,1f],start_interpolation: 0,interpolation_duration: 1}
$data merge entity $(right_hand) {transformation: [0.5118f,-0.4983f,0.6998f,0.6822f,0.1949f,-0.726f,-0.6595f,6.0411f,0.8367f,0.474f,-0.2744f,2.1928f,0f,0f,0f,1f],start_interpolation: 0,interpolation_duration: 1}
$data merge entity $(right_forearm) {transformation: [-0.4472f,-1.1074f,0.686f,-0.9421f,0.4055f,-0.8077f,-1.0394f,4.7701f,1.238f,-0.1356f,0.5883f,1.9586f,0f,0f,0f,1f],start_interpolation: 0,interpolation_duration: 1}
$data merge entity $(right_shoulder) {transformation: [-0.7704f,-0.2484f,-1.2225f,-1.0502f,0.7441f,1.0618f,-0.6846f,5.9368f,1.0013f,-0.9802f,-0.4319f,0.5756f,0f,0f,0f,1f],start_interpolation: 0,interpolation_duration: 1}
$data merge entity $(right_arm) {transformation: [-0.8017f,0.2284f,-0.5523f,-0.6494f,-0.0115f,0.9181f,0.3963f,6.2329f,0.5976f,0.3241f,-0.7334f,0.1041f,0f,0f,0f,1f],start_interpolation: 0,interpolation_duration: 1}
$data merge entity $(left_thumb_2) {transformation: [-0.9362f,0.1831f,0.2999f,1.5447f,-0.3381f,-0.7019f,-0.6269f,6.0902f,0.0957f,-0.6883f,0.7191f,0.3213f,0f,0f,0f,1f],start_interpolation: 0,interpolation_duration: 1}
$data merge entity $(left_thumb) {transformation: [-0.9362f,0.3156f,0.1546f,1.7829f,-0.3381f,-0.9288f,-0.1516f,5.8436f,0.0957f,-0.1942f,0.9763f,0.2309f,0f,0f,0f,1f],start_interpolation: 0,interpolation_duration: 1}
$data merge entity $(left_fingers2) {transformation: [0.7615f,0.5831f,0.2828f,1.5313f,-0.3602f,0.7436f,-0.5633f,6.3112f,-0.5388f,0.3271f,0.7763f,0.7657f,0f,0f,0f,1f],start_interpolation: 0,interpolation_duration: 1}
$data merge entity $(left_fingers) {transformation: [-0.4045f,0.8697f,0.2828f,1.7926f,-0.8039f,-0.1907f,-0.5633f,6.2754f,-0.436f,-0.4552f,0.7763f,0.6539f,0f,0f,0f,1f],start_interpolation: 0,interpolation_duration: 1}
$data merge entity $(left_hand) {transformation: [-0.9362f,0.2085f,0.2828f,1.9285f,-0.3381f,-0.7539f,-0.5633f,5.7858f,0.0957f,-0.623f,0.7763f,0.3061f,0f,0f,0f,1f],start_interpolation: 0,interpolation_duration: 1}
$data merge entity $(left_forearm) {transformation: [-1.3169f,-0.3691f,0.1635f,1.3238f,0.1185f,-0.8868f,-1.0472f,4.4172f,0.3859f,-0.9872f,0.8796f,-1.1325f,0f,0f,0f,1f],start_interpolation: 0,interpolation_duration: 1}
$data merge entity $(left_shoulder) {transformation: [-1.1135f,-0.5524f,-0.7777f,0.4509f,-0.4926f,1.3566f,-0.2584f,5.9802f,0.8169f,0.065f,-1.2158f,-0.8495f,0f,0f,0f,1f],start_interpolation: 0,interpolation_duration: 1}
$data merge entity $(left_arm) {transformation: [-0.8017f,0.2284f,-0.5523f,0.0603f,-0.0115f,0.9181f,0.3963f,6.243f,0.5976f,0.3241f,-0.7334f,-0.4248f,0f,0f,0f,1f],start_interpolation: 0,interpolation_duration: 1}
$data merge entity $(chest) {transformation: [-1.0251f,0.292f,-0.7062f,-0.7261f,-0.0147f,1.1738f,0.5067f,4.5936f,0.764f,0.4143f,-0.9377f,-0.771f,0f,0f,0f,1f],start_interpolation: 0,interpolation_duration: 1}
$data merge entity $(left_cheek) {transformation: [-0.8097f,-0.403f,-0.4266f,-0.8012f,-0.3301f,0.9138f,-0.2367f,3.5843f,0.4852f,-0.0508f,-0.8729f,-1.5714f,0f,0f,0f,1f],start_interpolation: 0,interpolation_duration: 1}
$data merge entity $(left_foot) {transformation: [-0.8557f,0.0073f,-0.5594f,0.555f,-0.0205f,1.0212f,0.0446f,-3.3656f,0.5591f,0.0485f,-0.8546f,-3.9775f,0f,0f,0f,1f],start_interpolation: 0,interpolation_duration: 1}
$data merge entity $(left_knee) {transformation: [-2.6635f,0.0373f,-1.4684f,0.623f,-0.8912f,2.3762f,1.6768f,0.0173f,1.1677f,1.8985f,-2.0698f,-1.468f,0f,0f,0f,1f],start_interpolation: 0,interpolation_duration: 1}
$data merge entity $(left_leg) {transformation: [-1.5044f,-0.4995f,-0.6624f,-0.2204f,-0.5033f,1.6399f,-0.0935f,2.6263f,0.6595f,0.1122f,-1.5824f,-1.2145f,0f,0f,0f,1f],start_interpolation: 0,interpolation_duration: 1}
$data merge entity $(right_cheek) {transformation: [-0.7805f,-0.0058f,-0.6251f,-1.4931f,0.2431f,0.9184f,-0.3121f,3.5403f,0.5759f,-0.3955f,-0.7155f,-1.2798f,0f,0f,0f,1f],start_interpolation: 0,interpolation_duration: 1}
$data merge entity $(right_foot) {transformation: [-1.0073f,-0.0275f,0.1725f,-2.5135f,-0.0133f,1.0188f,0.0847f,-3.5999f,-0.1742f,0.0812f,-1.0041f,0.6968f,0f,0f,0f,1f],start_interpolation: 0,interpolation_duration: 1}
$data merge entity $(right_knee) {transformation: [-2.9825f,0.4169f,0.4281f,-2.0046f,0.4804f,2.9688f,0.4557f,0.5413f,-0.3554f,0.5145f,-2.9768f,1.2768f,0f,0f,0f,1f],start_interpolation: 0,interpolation_duration: 1}
$data merge entity $(right_leg) {transformation: [-1.6711f,0.344f,-0.2014f,-1.378f,0.3934f,1.2823f,-1.0734f,2.6108f,-0.0646f,-1.0903f,-1.3261f,-0.4283f,0f,0f,0f,1f],start_interpolation: 0,interpolation_duration: 1}
$data merge entity $(weist) {transformation: [-1.342f,0.0211f,-0.9114f,-0.8438f,-0.018f,1.621f,0.064f,4.2725f,0.9114f,0.063f,-1.3406f,-0.8544f,0f,0f,0f,1f],start_interpolation: 0,interpolation_duration: 1}
data modify storage animated_java:temp entry.data merge value {"locators":{"consume":{"px":0.9476654721,"py":6.5100676457,"pz":1.6558842932,"ry":68.5870700553,"rx":-41.2623240001}}}
# Data Manager: Prepare for Read / Write
execute store result storage animated_java:temp args.id int 1 run scoreboard players get @s aj.id
# Data Manager: Write
function animated_java:global/data_manager/write with storage animated_java:temp args