# This file was generated by Animated Java via MC-Build. It is not recommended to edit this file directly.
$data merge entity $(neck) {transformation: [-0.8734f,0.1459f,-0.4647f,-0.238f,-0.0509f,0.9215f,0.385f,6.2764f,0.4844f,0.3599f,-0.7974f,-0.2097f,0f,0f,0f,1f],start_interpolation: 0,interpolation_duration: 1}
$data merge entity $(right_thumb_2) {transformation: [0.3468f,-0.8587f,0.3772f,0.4193f,0.2335f,-0.3104f,-0.9215f,6.0335f,0.9084f,0.4077f,0.0929f,1.7725f,0f,0f,0f,1f],start_interpolation: 0,interpolation_duration: 1}
$data merge entity $(right_thumb) {transformation: [0.3468f,-0.263f,0.9003f,0.3734f,0.2335f,-0.9054f,-0.3545f,5.7818f,0.9084f,0.3332f,-0.2526f,2.0179f,0f,0f,0f,1f],start_interpolation: 0,interpolation_duration: 1}
$data merge entity $(right_fingers2) {transformation: [-0.2531f,0.6188f,0.7437f,0.741f,0f,0.7687f,-0.6396f,6.211f,-0.9674f,-0.1619f,-0.1945f,1.5979f,0f,0f,0f,1f],start_interpolation: 0,interpolation_duration: 1}
$data merge entity $(right_fingers) {transformation: [0.6563f,0.1275f,0.7437f,0.8013f,0.7539f,-0.1499f,-0.6396f,6.1849f,0.0299f,0.9804f,-0.1945f,1.8767f,0f,0f,0f,1f],start_interpolation: 0,interpolation_duration: 1}
$data merge entity $(scout) {transformation: [0f,0f,0f,0.7868f,0f,0f,0f,6.0508f,0f,0f,0f,1.7136f,0f,0f,0f,1f],start_interpolation: 0,interpolation_duration: 1}
$data merge entity $(right_hand) {transformation: [0.3929f,-0.5409f,0.7437f,0.5f,0.1827f,-0.7466f,-0.6396f,5.6971f,0.9012f,0.3872f,-0.1945f,2.1015f,0f,0f,0f,1f],start_interpolation: 0,interpolation_duration: 1}
$data merge entity $(right_forearm) {transformation: [-0.5158f,-1.0794f,0.6827f,-1.0792f,0.1669f,-0.7869f,-1.118f,4.4644f,1.2662f,-0.3359f,0.4255f,1.5584f,0f,0f,0f,1f],start_interpolation: 0,interpolation_duration: 1}
$data merge entity $(right_shoulder) {transformation: [-0.8111f,-0.1477f,-1.2125f,-1.0567f,0.5607f,1.2481f,-0.5271f,5.89f,1.0852f,-0.7552f,-0.6339f,0.4393f,0f,0f,0f,1f],start_interpolation: 0,interpolation_duration: 1}
$data merge entity $(right_arm) {transformation: [-0.8734f,0.1459f,-0.4647f,-0.6086f,-0.0509f,0.9215f,0.385f,6.208f,0.4844f,0.3599f,-0.7974f,0.0285f,0f,0f,0f,1f],start_interpolation: 0,interpolation_duration: 1}
$data merge entity $(left_thumb_2) {transformation: [-0.9158f,0.3205f,0.2421f,1.5692f,-0.4014f,-0.7081f,-0.581f,6.2538f,-0.0148f,-0.6292f,0.7771f,0.5979f,0f,0f,0f,1f],start_interpolation: 0,interpolation_duration: 1}
$data merge entity $(left_thumb) {transformation: [-0.9158f,0.4004f,0.032f,1.8333f,-0.4014f,-0.9093f,-0.1095f,6.0223f,-0.0148f,-0.1131f,0.9935f,0.5497f,0f,0f,0f,1f],start_interpolation: 0,interpolation_duration: 1}
$data merge entity $(left_fingers2) {transformation: [0.8494f,0.4827f,0.2132f,1.4814f,-0.3211f,0.7934f,-0.517f,6.4871f,-0.4188f,0.3707f,0.829f,1.0273f,0f,0f,0f,1f],start_interpolation: 0,interpolation_duration: 1}
$data merge entity $(left_fingers) {transformation: [-0.2875f,0.9338f,0.2132f,1.7572f,-0.8441f,-0.1418f,-0.517f,6.4667f,-0.4526f,-0.3286f,0.829f,0.9525f,0f,0f,0f,1f],start_interpolation: 0,interpolation_duration: 1}
$data merge entity $(left_hand) {transformation: [-0.9158f,0.3404f,0.2132f,1.9711f,-0.4014f,-0.756f,-0.517f,5.9775f,-0.0148f,-0.5591f,0.829f,0.6457f,0f,0f,0f,1f],start_interpolation: 0,interpolation_duration: 1}
$data merge entity $(left_forearm) {transformation: [-1.3627f,-0.1732f,0.1014f,1.6572f,0.0447f,-0.9404f,-1.0054f,4.5266f,0.1957f,-0.9914f,0.936f,-0.8051f,0f,0f,0f,1f],start_interpolation: 0,interpolation_duration: 1}
$data merge entity $(left_shoulder) {transformation: [-1.1896f,-0.6694f,-0.5354f,0.6186f,-0.5552f,1.2995f,-0.391f,6.0116f,0.6531f,-0.1145f,-1.3078f,-0.771f,0f,0f,0f,1f],start_interpolation: 0,interpolation_duration: 1}
$data merge entity $(left_arm) {transformation: [-0.8734f,0.1459f,-0.4647f,0.1644f,-0.0509f,0.9215f,0.385f,6.2531f,0.4844f,0.3599f,-0.7974f,-0.4003f,0f,0f,0f,1f],start_interpolation: 0,interpolation_duration: 1}
$data merge entity $(chest) {transformation: [-1.1166f,0.1865f,-0.5942f,-0.5017f,-0.0651f,1.1782f,0.4923f,4.5796f,0.6193f,0.4602f,-1.0195f,-0.8635f,0f,0f,0f,1f],start_interpolation: 0,interpolation_duration: 1}
$data merge entity $(left_cheek) {transformation: [-0.819f,-0.3995f,-0.4119f,-0.5701f,-0.3152f,0.9131f,-0.2587f,3.5356f,0.4794f,-0.082f,-0.8737f,-1.6568f,0f,0f,0f,1f],start_interpolation: 0,interpolation_duration: 1}
$data merge entity $(left_foot) {transformation: [-0.8261f,0.0214f,-0.6019f,0.7426f,-0.024f,1.0197f,0.0692f,-3.3818f,0.6018f,0.0701f,-0.8235f,-3.9197f,0f,0f,0f,1f],start_interpolation: 0,interpolation_duration: 1}
$data merge entity $(left_knee) {transformation: [-2.5973f,0.1246f,-1.5781f,0.9251f,-0.902f,2.3754f,1.6721f,0.0001f,1.3009f,1.8958f,-1.9914f,-1.4147f,0f,0f,0f,1f],start_interpolation: 0,interpolation_duration: 1}
$data merge entity $(left_leg) {transformation: [-1.467f,-0.544f,-0.7095f,0.0133f,-0.5094f,1.629f,-0.1958f,2.5944f,0.7348f,0.0432f,-1.5523f,-1.2693f,0f,0f,0f,1f],start_interpolation: 0,interpolation_duration: 1}
$data merge entity $(right_cheek) {transformation: [-0.7907f,0.0259f,-0.6117f,-1.2649f,0.2864f,0.8987f,-0.3321f,3.4843f,0.5411f,-0.4378f,-0.718f,-1.4075f,0f,0f,0f,1f],start_interpolation: 0,interpolation_duration: 1}
$data merge entity $(right_foot) {transformation: [-1.0054f,-0.037f,0.182f,-2.3233f,-0.0174f,1.0162f,0.1106f,-3.6172f,-0.1849f,0.1057f,-0.9999f,0.6033f,0f,0f,0f,1f],start_interpolation: 0,interpolation_duration: 1}
$data merge entity $(right_knee) {transformation: [-2.9798f,0.4148f,0.4482f,-1.8164f,0.4808f,2.97f,0.4476f,0.5254f,-0.3766f,0.5093f,-2.9751f,1.1756f,0f,0f,0f,1f],start_interpolation: 0,interpolation_duration: 1}
$data merge entity $(right_leg) {transformation: [-1.6731f,0.3494f,-0.1735f,-1.182f,0.3789f,1.2739f,-1.0886f,2.5824f,-0.0927f,-1.0984f,-1.3177f,-0.5416f,0f,0f,0f,1f],start_interpolation: 0,interpolation_duration: 1}
$data merge entity $(weist) {transformation: [-1.3857f,0.0254f,-0.8434f,-0.6196f,-0.0139f,1.6207f,0.0717f,4.2426f,0.8437f,0.0685f,-1.384f,-0.936f,0f,0f,0f,1f],start_interpolation: 0,interpolation_duration: 1}
data modify storage animated_java:temp entry.data merge value {"locators":{"consume":{"px":0.8239332314,"py":6.1842408,"pz":1.6151985251,"ry":75.3404989027,"rx":-39.7642867448}}}
# Data Manager: Prepare for Read / Write
execute store result storage animated_java:temp args.id int 1 run scoreboard players get @s aj.id
# Data Manager: Write
function animated_java:global/data_manager/write with storage animated_java:temp args