# This file was generated by Animated Java via MC-Build. It is not recommended to edit this file directly.
$data merge entity $(neck) {transformation: [-0.9105f,0.1302f,-0.3924f,-0.1471f,-0.0394f,0.9175f,0.3959f,6.2589f,0.4116f,0.3759f,-0.8302f,-0.2434f,0f,0f,0f,1f],start_interpolation: 0,interpolation_duration: 1}
$data merge entity $(right_thumb_2) {transformation: [0.1949f,-0.851f,0.4877f,0.4313f,0.2833f,-0.4272f,-0.8586f,5.9203f,0.939f,0.3055f,0.1578f,1.6849f,0f,0f,0f,1f],start_interpolation: 0,interpolation_duration: 1}
$data merge entity $(right_thumb) {transformation: [0.1949f,-0.2635f,0.9448f,0.3621f,0.2833f,-0.9071f,-0.3114f,5.6748f,0.939f,0.3284f,-0.1021f,1.9312f,0f,0f,0f,1f],start_interpolation: 0,interpolation_duration: 1}
$data merge entity $(right_fingers2) {transformation: [0.043f,0.632f,0.7738f,0.8044f,0.0836f,0.7695f,-0.6331f,6.0999f,-0.9956f,0.0919f,-0.0198f,1.5543f,0f,0f,0f,1f],start_interpolation: 0,interpolation_duration: 1}
$data merge entity $(right_fingers) {transformation: [0.6276f,-0.0861f,0.7738f,0.8033f,0.762f,-0.1361f,-0.6331f,6.078f,0.1598f,0.987f,-0.0198f,1.8399f,0f,0f,0f,1f],start_interpolation: 0,interpolation_duration: 1}
$data merge entity $(scout) {transformation: [0f,0f,0f,0.8189f,0f,0f,0f,5.9336f,0f,0f,0f,1.686f,0f,0f,0f,1f],start_interpolation: 0,interpolation_duration: 1}
$data merge entity $(right_hand) {transformation: [0.2275f,-0.5912f,0.7738f,0.4732f,0.2486f,-0.733f,-0.6331f,5.5986f,0.9415f,0.3364f,-0.0198f,2.0409f,0f,0f,0f,1f],start_interpolation: 0,interpolation_duration: 1}
$data merge entity $(right_forearm) {transformation: [-0.5732f,-1.0475f,0.6866f,-1.0554f,0.0739f,-0.782f,-1.1314f,4.3766f,1.2502f,-0.4341f,0.3816f,1.3492f,0f,0f,0f,1f],start_interpolation: 0,interpolation_duration: 1}
$data merge entity $(right_shoulder) {transformation: [-0.8709f,-0.1492f,-1.1701f,-1.0242f,0.471f,1.2895f,-0.515f,5.8704f,1.0814f,-0.6818f,-0.718f,0.323f,0f,0f,0f,1f],start_interpolation: 0,interpolation_duration: 1}
$data merge entity $(right_arm) {transformation: [-0.9147f,0.1156f,-0.3871f,-0.5385f,-0.0511f,0.9173f,0.3949f,6.1901f,0.4008f,0.381f,-0.8332f,-0.0413f,0f,0f,0f,1f],start_interpolation: 0,interpolation_duration: 1}
$data merge entity $(left_thumb_2) {transformation: [-0.9055f,0.3786f,0.1918f,1.6218f,-0.4188f,-0.7232f,-0.5492f,6.3227f,-0.0692f,-0.5776f,0.8134f,0.7734f,0f,0f,0f,1f],start_interpolation: 0,interpolation_duration: 1}
$data merge entity $(left_thumb) {transformation: [-0.9055f,0.4224f,-0.0416f,1.8925f,-0.4188f,-0.905f,-0.0746f,6.0946f,-0.0692f,-0.0501f,0.9963f,0.7535f,0f,0f,0f,1f],start_interpolation: 0,interpolation_duration: 1}
$data merge entity $(left_fingers2) {transformation: [0.8838f,0.4404f,0.1581f,1.498f,-0.3194f,0.8147f,-0.4841f,6.5689f,-0.342f,0.3773f,0.8606f,1.1864f,0f,0f,0f,1f],start_interpolation: 0,interpolation_duration: 1}
$data merge entity $(left_fingers) {transformation: [-0.2387f,0.9581f,0.1581f,1.7789f,-0.8645f,-0.1355f,-0.4841f,6.5511f,-0.4424f,-0.2522f,0.8606f,1.1333f,0f,0f,0f,1f],start_interpolation: 0,interpolation_duration: 1}
$data merge entity $(left_hand) {transformation: [-0.9055f,0.3939f,0.1581f,2.0233f,-0.4188f,-0.7683f,-0.4841f,6.0557f,-0.0692f,-0.5045f,0.8606f,0.8611f,0f,0f,0f,1f],start_interpolation: 0,interpolation_duration: 1}
$data merge entity $(left_forearm) {transformation: [-1.3746f,-0.0828f,0.0248f,1.8424f,0.0412f,-0.9754f,-0.9716f,4.5532f,0.0759f,-0.969f,0.976f,-0.5594f,0f,0f,0f,1f],start_interpolation: 0,interpolation_duration: 1}
$data merge entity $(left_shoulder) {transformation: [-1.2397f,-0.695f,-0.3604f,0.7567f,-0.5712f,1.2646f,-0.4735f,5.9951f,0.5353f,-0.26f,-1.34f,-0.7253f,0f,0f,0f,1f],start_interpolation: 0,interpolation_duration: 1}
$data merge entity $(left_arm) {transformation: [-0.9147f,0.1156f,-0.3871f,0.2711f,-0.0511f,0.9173f,0.3949f,6.2354f,0.4008f,0.381f,-0.8332f,-0.396f,0f,0f,0f,1f],start_interpolation: 0,interpolation_duration: 1}
$data merge entity $(chest) {transformation: [-1.1695f,0.1478f,-0.495f,-0.3559f,-0.0654f,1.1728f,0.5048f,4.5697f,0.5124f,0.4871f,-1.0653f,-0.9355f,0f,0f,0f,1f],start_interpolation: 0,interpolation_duration: 1}
$data merge entity $(left_cheek) {transformation: [-0.8195f,-0.4186f,-0.3913f,-0.464f,-0.3213f,0.9011f,-0.2911f,3.4685f,0.4745f,-0.1128f,-0.873f,-1.7193f,0f,0f,0f,1f],start_interpolation: 0,interpolation_duration: 1}
$data merge entity $(left_foot) {transformation: [-0.7888f,0.0299f,-0.6497f,0.8916f,-0.0315f,1.0183f,0.0851f,-3.3963f,0.6496f,0.0857f,-0.7848f,-3.7936f,0f,0f,0f,1f],start_interpolation: 0,interpolation_duration: 1}
$data merge entity $(left_knee) {transformation: [-2.5029f,0.2019f,-1.7166f,1.1727f,-0.9294f,2.3899f,1.6361f,0.005f,1.4574f,1.8708f,-1.9048f,-1.3241f,0f,0f,0f,1f],start_interpolation: 0,interpolation_duration: 1}
$data merge entity $(left_leg) {transformation: [-1.4136f,-0.6164f,-0.757f,0.1485f,-0.5249f,1.6032f,-0.3252f,2.561f,0.8231f,-0.0363f,-1.5075f,-1.3038f,0f,0f,0f,1f],start_interpolation: 0,interpolation_duration: 1}
$data merge entity $(right_cheek) {transformation: [-0.7844f,0.0411f,-0.6189f,-1.1175f,0.3193f,0.8822f,-0.3461f,3.4434f,0.5318f,-0.4691f,-0.7051f,-1.4693f,0f,0f,0f,1f],start_interpolation: 0,interpolation_duration: 1}
$data merge entity $(right_foot) {transformation: [-1.0085f,-0.0252f,0.1658f,-2.2506f,-0.0086f,1.0172f,0.1021f,-3.6182f,-0.1675f,0.0993f,-1.0037f,0.5431f,0f,0f,0f,1f],start_interpolation: 0,interpolation_duration: 1}
$data merge entity $(right_knee) {transformation: [-2.9807f,0.4649f,0.3888f,-1.6768f,0.5223f,2.9603f,0.4646f,0.5129f,-0.3074f,0.5221f,-2.9808f,1.1349f,0f,0f,0f,1f],start_interpolation: 0,interpolation_duration: 1}
$data merge entity $(right_leg) {transformation: [-1.6739f,0.34f,-0.1842f,-1.0571f,0.3783f,1.2709f,-1.0923f,2.5653f,-0.0799f,-1.1048f,-1.3132f,-0.5933f,0f,0f,0f,1f],start_interpolation: 0,interpolation_duration: 1}
$data merge entity $(weist) {transformation: [-1.3977f,0.0356f,-0.823f,-0.4777f,0.0049f,1.6212f,0.0618f,4.2171f,0.8237f,0.0507f,-1.3968f,-0.9982f,0f,0f,0f,1f],start_interpolation: 0,interpolation_duration: 1}
data modify storage animated_java:temp entry.data merge value {"locators":{"consume":{"px":0.8711277306,"py":6.0613287038,"pz":1.5868697652,"ry":88.5347295663,"rx":-39.2821008869}}}
# Data Manager: Prepare for Read / Write
execute store result storage animated_java:temp args.id int 1 run scoreboard players get @s aj.id
# Data Manager: Write
function animated_java:global/data_manager/write with storage animated_java:temp args