# This file was generated by Animated Java via MC-Build. It is not recommended to edit this file directly.
$data merge entity $(neck) {transformation: [-0.9431f,0.123f,-0.309f,-0.0805f,-0.0167f,0.9105f,0.4132f,6.2285f,0.3322f,0.3949f,-0.8566f,-0.294f,0f,0f,0f,1f],start_interpolation: 0,interpolation_duration: 1}
$data merge entity $(right_thumb_2) {transformation: [-0.0182f,-0.8499f,0.5266f,0.4849f,0.3732f,-0.4944f,-0.785f,5.9028f,0.9276f,0.1823f,0.3262f,1.6635f,0f,0f,0f,1f],start_interpolation: 0,interpolation_duration: 1}
$data merge entity $(right_thumb) {transformation: [-0.0182f,-0.3191f,0.9476f,0.3662f,0.3732f,-0.8814f,-0.2896f,5.6787f,0.9276f,0.3484f,0.1351f,1.9112f,0f,0f,0f,1f],start_interpolation: 0,interpolation_duration: 1}
$data merge entity $(right_fingers2) {transformation: [0.3906f,0.5512f,0.7373f,0.9094f,0.1103f,0.7671f,-0.6319f,6.072f,-0.914f,0.3281f,0.2388f,1.6123f,0f,0f,0f,1f],start_interpolation: 0,interpolation_duration: 1}
$data merge entity $(right_fingers) {transformation: [0.57f,-0.3626f,0.7373f,0.8275f,0.7717f,-0.072f,-0.6319f,6.0687f,0.2822f,0.9291f,0.2388f,1.8868f,0f,0f,0f,1f],start_interpolation: 0,interpolation_duration: 1}
$data merge entity $(scout) {transformation: [0f,0f,0f,0.876f,0f,0f,0f,5.9078f,0f,0f,0f,1.7581f,0f,0f,0f,1f],start_interpolation: 0,interpolation_duration: 1}
$data merge entity $(right_hand) {transformation: [-0.0005f,-0.6756f,0.7373f,0.4452f,0.353f,-0.69f,-0.6319f,5.6152f,0.9356f,0.2599f,0.2388f,2.0523f,0f,0f,0f,1f],start_interpolation: 0,interpolation_duration: 1}
$data merge entity $(right_forearm) {transformation: [-0.6587f,-1.0115f,0.6634f,-1.0266f,0.0656f,-0.7842f,-1.1305f,4.3904f,1.2079f,-0.509f,0.4232f,1.251f,0f,0f,0f,1f],start_interpolation: 0,interpolation_duration: 1}
$data merge entity $(right_shoulder) {transformation: [-0.9665f,-0.1773f,-1.0883f,-1.0129f,0.441f,1.2642f,-0.5976f,5.8621f,1.0106f,-0.7212f,-0.78f,0.1931f,0f,0f,0f,1f],start_interpolation: 0,interpolation_duration: 1}
$data merge entity $(right_arm) {transformation: [-0.9463f,0.1097f,-0.3041f,-0.4893f,-0.0269f,0.9107f,0.4122f,6.1699f,0.3222f,0.3983f,-0.8588f,-0.1261f,0f,0f,0f,1f],start_interpolation: 0,interpolation_duration: 1}
$data merge entity $(left_thumb_2) {transformation: [-0.9053f,0.4033f,0.133f,1.6488f,-0.4101f,-0.7489f,-0.5206f,6.3438f,-0.1104f,-0.5258f,0.8434f,0.9163f,0f,0f,0f,1f],start_interpolation: 0,interpolation_duration: 1}
$data merge entity $(left_thumb) {transformation: [-0.9053f,0.4116f,-0.1046f,1.917f,-0.4101f,-0.9113f,-0.0367f,6.1119f,-0.1104f,0.0097f,0.9938f,0.9218f,0f,0f,0f,1f],start_interpolation: 0,interpolation_duration: 1}
$data merge entity $(left_fingers2) {transformation: [0.8986f,0.4278f,0.0973f,1.5032f,-0.3427f,0.8228f,-0.4533f,6.6068f,-0.274f,0.374f,0.886f,1.3114f,0f,0f,0f,1f],start_interpolation: 0,interpolation_duration: 1}
$data merge entity $(left_fingers) {transformation: [-0.2232f,0.9699f,0.0973f,1.7866f,-0.8775f,-0.1564f,-0.4533f,6.5837f,-0.4245f,-0.1866f,0.886f,1.2767f,0f,0f,0f,1f],start_interpolation: 0,interpolation_duration: 1}
$data merge entity $(left_hand) {transformation: [-0.9053f,0.4134f,0.0973f,2.0403f,-0.4101f,-0.7914f,-0.4533f,6.0755f,-0.1104f,-0.4503f,0.886f,1.0387f,0f,0f,0f,1f],start_interpolation: 0,interpolation_duration: 1}
$data merge entity $(left_forearm) {transformation: [-1.3749f,-0.0365f,-0.0738f,1.9254f,0.0769f,-1.0082f,-0.9353f,4.5264f,-0.0292f,-0.9378f,1.0084f,-0.3381f,0f,0f,0f,1f],start_interpolation: 0,interpolation_duration: 1}
$data merge entity $(left_shoulder) {transformation: [-1.2866f,-0.6725f,-0.2052f,0.8527f,-0.56f,1.2388f,-0.5491f,5.9416f,0.4252f,-0.4035f,-1.344f,-0.701f,0f,0f,0f,1f],start_interpolation: 0,interpolation_duration: 1}
$data merge entity $(left_arm) {transformation: [-0.9463f,0.1097f,-0.3041f,0.3483f,-0.0269f,0.9107f,0.4122f,6.1937f,0.3222f,0.3983f,-0.8588f,-0.4112f,0f,0f,0f,1f],start_interpolation: 0,interpolation_duration: 1}
$data merge entity $(chest) {transformation: [-1.2099f,0.1402f,-0.3888f,-0.2791f,-0.0344f,1.1643f,0.5271f,4.5514f,0.4119f,0.5092f,-1.098f,-1.0177f,0f,0f,0f,1f],start_interpolation: 0,interpolation_duration: 1}
$data merge entity $(left_cheek) {transformation: [-0.8143f,-0.455f,-0.3605f,-0.4588f,-0.3467f,0.8792f,-0.3267f,3.3763f,0.4656f,-0.1411f,-0.8737f,-1.7904f,0f,0f,0f,1f],start_interpolation: 0,interpolation_duration: 1}
$data merge entity $(left_foot) {transformation: [-0.7445f,0.0277f,-0.7002f,1.0311f,-0.0392f,1.0183f,0.0819f,-3.4252f,0.6996f,0.0865f,-0.7405f,-3.624f,0f,0f,0f,1f],start_interpolation: 0,interpolation_duration: 1}
$data merge entity $(left_knee) {transformation: [-2.3782f,0.2558f,-1.8791f,1.3765f,-0.9654f,2.4308f,1.5528f,0.0303f,1.6322f,1.8105f,-1.8194f,-1.2396f,0f,0f,0f,1f],start_interpolation: 0,interpolation_duration: 1}
$data merge entity $(left_leg) {transformation: [-1.3432f,-0.7143f,-0.7981f,0.1996f,-0.5453f,1.5578f,-0.4767f,2.5174f,0.9219f,-0.1194f,-1.4447f,-1.3501f,0f,0f,0f,1f],start_interpolation: 0,interpolation_duration: 1}
$data merge entity $(right_cheek) {transformation: [-0.7699f,0.0502f,-0.6362f,-1.0437f,0.3509f,0.866f,-0.3563f,3.3962f,0.5331f,-0.4976f,-0.6843f,-1.5198f,0f,0f,0f,1f],start_interpolation: 0,interpolation_duration: 1}
$data merge entity $(right_foot) {transformation: [-1.0139f,0.002f,0.131f,-2.2859f,0.0116f,1.0196f,0.0745f,-3.6032f,-0.1305f,0.0754f,-1.0112f,0.4857f,0f,0f,0f,1f],start_interpolation: 0,interpolation_duration: 1}
$data merge entity $(right_knee) {transformation: [-2.9781f,0.555f,0.2741f,-1.5921f,0.5943f,2.9404f,0.5029f,0.504f,-0.1732f,0.546f,-2.9873f,1.1142f,0f,0f,0f,1f],start_interpolation: 0,interpolation_duration: 1}
$data merge entity $(right_leg) {transformation: [-1.6733f,0.3193f,-0.2228f,-1.0044f,0.3873f,1.2645f,-1.0965f,2.5459f,-0.0398f,-1.1182f,-1.3036f,-0.6374f,0f,0f,0f,1f],start_interpolation: 0,interpolation_duration: 1}
$data merge entity $(weist) {transformation: [-1.3958f,0.052f,-0.8252f,-0.4093f,0.033f,1.6213f,0.0463f,4.1846f,0.8262f,0.023f,-1.396f,-1.0715f,0f,0f,0f,1f],start_interpolation: 0,interpolation_duration: 1}
data modify storage animated_java:temp entry.data merge value {"locators":{"consume":{"px":0.9542170779,"py":6.0235012126,"pz":1.661352075,"ry":107.9485437947,"rx":-39.1926654912}}}
# Data Manager: Prepare for Read / Write
execute store result storage animated_java:temp args.id int 1 run scoreboard players get @s aj.id
# Data Manager: Write
function animated_java:global/data_manager/write with storage animated_java:temp args