# This file was generated by Animated Java via MC-Build. It is not recommended to edit this file directly.
$data merge entity $(neck) {transformation: [-0.9657f,0.1189f,-0.2307f,-0.0862f,0.0093f,0.9043f,0.4269f,6.2063f,0.2594f,0.4101f,-0.8744f,-0.3434f,0f,0f,0f,1f],start_interpolation: 0,interpolation_duration: 1}
$data merge entity $(right_thumb_2) {transformation: [-0.2192f,-0.845f,0.4879f,0.4865f,0.4669f,-0.5299f,-0.708f,5.9495f,0.8567f,0.0726f,0.5106f,1.7008f,0f,0f,0f,1f],start_interpolation: 0,interpolation_duration: 1}
$data merge entity $(right_thumb) {transformation: [-0.2192f,-0.4055f,0.8874f,0.311f,0.4669f,-0.8422f,-0.2696f,5.7515f,0.8567f,0.3552f,0.3739f,1.9369f,0f,0f,0f,1f],start_interpolation: 0,interpolation_duration: 1}
$data merge entity $(right_fingers2) {transformation: [0.6761f,0.3947f,0.6222f,0.939f,0.113f,0.7789f,-0.6169f,6.1066f,-0.7281f,0.4874f,0.482f,1.748f,0f,0f,0f,1f],start_interpolation: 0,interpolation_duration: 1}
$data merge entity $(right_fingers) {transformation: [0.4904f,-0.6102f,0.6222f,0.7835f,0.787f,0.0035f,-0.6169f,6.1253f,0.3743f,0.7922f,0.482f,1.9878f,0f,0f,0f,1f],start_interpolation: 0,interpolation_duration: 1}
$data merge entity $(scout) {transformation: [0f,0f,0f,0.8539f,0f,0f,0f,5.9495f,0f,0f,0f,1.8932f,0f,0f,0f,1f],start_interpolation: 0,interpolation_duration: 1}
$data merge entity $(right_hand) {transformation: [-0.2133f,-0.7533f,0.6222f,0.3494f,0.4588f,-0.6395f,-0.6169f,5.703f,0.8626f,0.1538f,0.482f,2.0993f,0f,0f,0f,1f],start_interpolation: 0,interpolation_duration: 1}
$data merge entity $(right_forearm) {transformation: [-0.7441f,-0.9792f,0.6202f,-1.0717f,0.1017f,-0.7893f,-1.1242f,4.4692f,1.1546f,-0.5615f,0.4987f,1.2237f,0f,0f,0f,1f],start_interpolation: 0,interpolation_duration: 1}
$data merge entity $(right_shoulder) {transformation: [-1.0567f,-0.1936f,-0.9979f,-1.0627f,0.4459f,1.2052f,-0.706f,5.8714f,0.9135f,-0.8123f,-0.8097f,0.0753f,0f,0f,0f,1f],start_interpolation: 0,interpolation_duration: 1}
$data merge entity $(right_arm) {transformation: [-0.9668f,0.1138f,-0.2288f,-0.5076f,0.0055f,0.9045f,0.4264f,6.1616f,0.2555f,0.411f,-0.8751f,-0.2047f,0f,0f,0f,1f],start_interpolation: 0,interpolation_duration: 1}
$data merge entity $(left_thumb_2) {transformation: [-0.91f,0.4077f,0.0752f,1.603f,-0.389f,-0.777f,-0.4949f,6.3566f,-0.1434f,-0.4796f,0.8657f,1.028f,0f,0f,0f,1f],start_interpolation: 0,interpolation_duration: 1}
$data merge entity $(left_thumb) {transformation: [-0.91f,0.3842f,-0.1557f,1.8637f,-0.389f,-0.9213f,0.0001f,6.1179f,-0.1434f,0.0607f,0.9878f,1.0548f,0f,0f,0f,1f],start_interpolation: 0,interpolation_duration: 1}
$data merge entity $(left_fingers2) {transformation: [0.9011f,0.4319f,0.0393f,1.4452f,-0.376f,0.8233f,-0.4253f,6.6368f,-0.216f,0.3684f,0.9042f,1.4062f,0f,0f,0f,1f],start_interpolation: 0,interpolation_duration: 1}
$data merge entity $(left_fingers) {transformation: [-0.2266f,0.9732f,0.0393f,1.7292f,-0.8851f,-0.1889f,-0.4253f,6.6048f,-0.4064f,-0.1312f,0.9042f,1.387f,0f,0f,0f,1f],start_interpolation: 0,interpolation_duration: 1}
$data merge entity $(left_hand) {transformation: [-0.91f,0.4127f,0.0393f,1.9798f,-0.389f,-0.8172f,-0.4253f,6.0821f,-0.1434f,-0.4023f,0.9042f,1.1791f,0f,0f,0f,1f],start_interpolation: 0,interpolation_duration: 1}
$data merge entity $(left_forearm) {transformation: [-1.3666f,-0.0178f,-0.1706f,1.8899f,0.1256f,-1.0368f,-0.898f,4.4933f,-0.1168f,-0.9066f,1.0303f,-0.1536f,0f,0f,0f,1f],start_interpolation: 0,interpolation_duration: 1}
$data merge entity $(left_shoulder) {transformation: [-1.3231f,-0.6263f,-0.0829f,0.8623f,-0.5371f,1.2164f,-0.6179f,5.888f,0.3327f,-0.5272f,-1.3271f,-0.6866f,0f,0f,0f,1f],start_interpolation: 0,interpolation_duration: 1}
$data merge entity $(left_arm) {transformation: [-0.9668f,0.1138f,-0.2288f,0.3481f,0.0055f,0.9045f,0.4264f,6.1567f,0.2555f,0.411f,-0.8751f,-0.4308f,0f,0f,0f,1f],start_interpolation: 0,interpolation_duration: 1}
$data merge entity $(chest) {transformation: [-1.2361f,0.1455f,-0.2926f,-0.2932f,0.0071f,1.1564f,0.5452f,4.5404f,0.3267f,0.5255f,-1.1188f,-1.0903f,0f,0f,0f,1f],start_interpolation: 0,interpolation_duration: 1}
$data merge entity $(left_cheek) {transformation: [-0.8034f,-0.4967f,-0.3284f,-0.5484f,-0.3821f,0.853f,-0.3555f,3.2925f,0.4567f,-0.1601f,-0.8751f,-1.8491f,0f,0f,0f,1f],start_interpolation: 0,interpolation_duration: 1}
$data merge entity $(left_foot) {transformation: [-0.7015f,0.019f,-0.7435f,1.1132f,-0.045f,1.0191f,0.0684f,-3.4351f,0.7424f,0.0797f,-0.6984f,-3.4643f,0f,0f,0f,1f],start_interpolation: 0,interpolation_duration: 1}
$data merge entity $(left_knee) {transformation: [-2.2498f,0.2845f,-2.0273f,1.4886f,-0.9972f,2.4783f,1.4545f,0.0831f,1.7878f,1.7404f,-1.7398f,-1.178f,0f,0f,0f,1f],start_interpolation: 0,interpolation_duration: 1}
$data merge entity $(left_leg) {transformation: [-1.2707f,-0.813f,-0.8221f,0.1574f,-0.5632f,1.502f,-0.6149f,2.484f,1.0098f,-0.1852f,-1.3775f,-1.3924f,0f,0f,0f,1f],start_interpolation: 0,interpolation_duration: 1}
$data merge entity $(right_cheek) {transformation: [-0.7532f,0.0549f,-0.6554f,-1.0618f,0.3779f,0.8517f,-0.363f,3.3614f,0.5383f,-0.5211f,-0.6623f,-1.557f,0f,0f,0f,1f],start_interpolation: 0,interpolation_duration: 1}
$data merge entity $(right_foot) {transformation: [-1.0178f,0.0307f,0.0915f,-2.4177f,0.0347f,1.0209f,0.0434f,-3.5718f,-0.0901f,0.0464f,-1.0173f,0.4425f,0f,0f,0f,1f],start_interpolation: 0,interpolation_duration: 1}
$data merge entity $(right_knee) {transformation: [-2.9668f,0.6534f,0.1535f,-1.5922f,0.6706f,2.9159f,0.5477f,0.5055f,-0.0295f,0.568f,-2.9881f,1.1056f,0f,0f,0f,1f],start_interpolation: 0,interpolation_duration: 1}
$data merge entity $(right_leg) {transformation: [-1.6708f,0.2964f,-0.2683f,-1.0399f,0.3998f,1.2581f,-1.0994f,2.5367f,0.0068f,-1.1317f,-1.2925f,-0.6698f,0f,0f,0f,1f],start_interpolation: 0,interpolation_duration: 1}
$data merge entity $(weist) {transformation: [-1.388f,0.0683f,-0.837f,-0.4324f,0.061f,1.6209f,0.0311f,4.1618f,0.8376f,-0.0049f,-1.3894f,-1.1368f,0f,0f,0f,1f],start_interpolation: 0,interpolation_duration: 1}
data modify storage animated_java:temp entry.data merge value {"locators":{"consume":{"px":0.9594324208,"py":6.0514311414,"pz":1.8074808616,"ry":127.7639386908,"rx":-38.0921869946}}}
# Data Manager: Prepare for Read / Write
execute store result storage animated_java:temp args.id int 1 run scoreboard players get @s aj.id
# Data Manager: Write
function animated_java:global/data_manager/write with storage animated_java:temp args