# This file was generated by Animated Java via MC-Build. It is not recommended to edit this file directly.
$data merge entity $(neck) {transformation: [-0.9778f,0.1145f,-0.1754f,-0.1037f,0.0278f,0.9008f,0.4333f,6.1932f,0.2076f,0.4189f,-0.884f,-0.3797f,0f,0f,0f,1f],start_interpolation: 0,interpolation_duration: 1}
$data merge entity $(right_thumb_2) {transformation: [-0.3468f,-0.8332f,0.4307f,0.467f,0.5258f,-0.553f,-0.6463f,5.9913f,0.7767f,0.0023f,0.6299f,1.7383f,0f,0f,0f,1f],start_interpolation: 0,interpolation_duration: 1}
$data merge entity $(right_thumb) {transformation: [-0.3468f,-0.4713f,0.8109f,0.2525f,0.5258f,-0.8136f,-0.248f,5.811f,0.7767f,0.3404f,0.53f,1.9555f,0f,0f,0f,1f],start_interpolation: 0,interpolation_duration: 1}
$data merge entity $(right_fingers2) {transformation: [0.83f,0.2437f,0.5017f,0.9226f,0.1271f,0.7931f,-0.5957f,6.1436f,-0.5431f,0.5582f,0.6273f,1.8639f,0f,0f,0f,1f],start_interpolation: 0,interpolation_duration: 1}
$data merge entity $(right_fingers) {transformation: [0.4176f,-0.7576f,0.5017f,0.7221f,0.8018f,0.0475f,-0.5957f,6.1754f,0.4274f,0.651f,0.6273f,2.066f,0f,0f,0f,1f],start_interpolation: 0,interpolation_duration: 1}
$data merge entity $(scout) {transformation: [0f,0f,0f,0.8016f,0f,0f,0f,5.9914f,0f,0f,0f,1.9978f,0f,0f,0f,1f],start_interpolation: 0,interpolation_duration: 1}
$data merge entity $(right_hand) {transformation: [-0.3468f,-0.7925f,0.5017f,0.2593f,0.5258f,-0.6072f,-0.5957f,5.7735f,0.7767f,0.0572f,0.6273f,2.125f,0f,0f,0f,1f],start_interpolation: 0,interpolation_duration: 1}
$data merge entity $(right_forearm) {transformation: [-0.8011f,-0.9549f,0.5861f,-1.1242f,0.1276f,-0.7936f,-1.1185f,4.5324f,1.1131f,-0.5963f,0.5501f,1.2008f,0f,0f,0f,1f],start_interpolation: 0,interpolation_duration: 1}
$data merge entity $(right_shoulder) {transformation: [-1.1129f,-0.1947f,-0.9345f,-1.1072f,0.4494f,1.1596f,-0.7768f,5.8805f,0.8422f,-0.876f,-0.8205f,-0.0106f,0f,0f,0f,1f],start_interpolation: 0,interpolation_duration: 1}
$data merge entity $(right_arm) {transformation: [-0.9778f,0.1145f,-0.1754f,-0.5323f,0.0278f,0.9008f,0.4333f,6.1582f,0.2076f,0.4189f,-0.884f,-0.262f,0f,0f,0f,1f],start_interpolation: 0,interpolation_duration: 1}
$data merge entity $(left_thumb_2) {transformation: [-0.9126f,0.4079f,0.0285f,1.5484f,-0.3713f,-0.7975f,-0.4755f,6.375f,-0.1712f,-0.4445f,0.8793f,1.1026f,0f,0f,0f,1f],start_interpolation: 0,interpolation_duration: 1}
$data merge entity $(left_thumb) {transformation: [-0.9126f,0.3593f,-0.1951f,1.802f,-0.3713f,-0.9281f,0.0275f,6.1311f,-0.1712f,0.0975f,0.9804f,1.1455f,0f,0f,0f,1f],start_interpolation: 0,interpolation_duration: 1}
$data merge entity $(left_fingers2) {transformation: [0.8998f,0.4363f,-0.0072f,1.3823f,-0.4017f,0.8218f,-0.4042f,6.6678f,-0.1704f,0.3666f,0.9146f,1.4675f,0f,0f,0f,1f],start_interpolation: 0,interpolation_duration: 1}
$data merge entity $(left_fingers) {transformation: [-0.2312f,0.9729f,-0.0072f,1.666f,-0.8892f,-0.2143f,-0.4042f,6.6289f,-0.3948f,-0.0871f,0.9146f,1.4605f,0f,0f,0f,1f],start_interpolation: 0,interpolation_duration: 1}
$data merge entity $(left_hand) {transformation: [-0.9126f,0.4088f,-0.0072f,1.9122f,-0.3713f,-0.8359f,-0.4042f,6.0957f,-0.1712f,-0.3662f,0.9146f,1.2752f,0f,0f,0f,1f],start_interpolation: 0,interpolation_duration: 1}
$data merge entity $(left_forearm) {transformation: [-1.3561f,-0.006f,-0.2411f,1.8379f,0.1591f,-1.057f,-0.8686f,4.4788f,-0.1812f,-0.883f,1.0414f,-0.0243f,0f,0f,0f,1f],start_interpolation: 0,interpolation_duration: 1}
$data merge entity $(left_shoulder) {transformation: [-1.3442f,-0.5857f,0.0005f,0.8529f,-0.5213f,1.1959f,-0.6693f,5.8533f,0.2669f,-0.6137f,-1.3046f,-0.6768f,0f,0f,0f,1f],start_interpolation: 0,interpolation_duration: 1}
$data merge entity $(left_arm) {transformation: [-0.9778f,0.1145f,-0.1754f,0.3331f,0.0278f,0.9008f,0.4333f,6.1336f,0.2076f,0.4189f,-0.884f,-0.4458f,0f,0f,0f,1f],start_interpolation: 0,interpolation_duration: 1}
$data merge entity $(chest) {transformation: [-1.2502f,0.1464f,-0.2243f,-0.3125f,0.0355f,1.1517f,0.554f,4.534f,0.2655f,0.5355f,-1.1302f,-1.141f,0f,0f,0f,1f],start_interpolation: 0,interpolation_duration: 1}
$data merge entity $(left_cheek) {transformation: [-0.7925f,-0.5277f,-0.3057f,-0.6194f,-0.4104f,0.8323f,-0.3727f,3.2342f,0.4511f,-0.1699f,-0.8762f,-1.8868f,0f,0f,0f,1f],start_interpolation: 0,interpolation_duration: 1}
$data merge entity $(left_foot) {transformation: [-0.6708f,0.0097f,-0.7715f,1.1773f,-0.0473f,1.0199f,0.0539f,-3.4345f,0.7701f,0.0711f,-0.6687f,-3.3539f,0f,0f,0f,1f],start_interpolation: 0,interpolation_duration: 1}
$data merge entity $(left_knee) {transformation: [-2.1547f,0.2948f,-2.1266f,1.5602f,-1.0149f,2.5152f,1.377f,0.132f,1.8919f,1.685f,-1.6833f,-1.1451f,0f,0f,0f,1f],start_interpolation: 0,interpolation_duration: 1}
$data merge entity $(left_leg) {transformation: [-1.217f,-0.883f,-0.831f,0.1193f,-0.5732f,1.4565f,-0.7082f,2.4622f,1.0686f,-0.2244f,-1.3264f,-1.4212f,0f,0f,0f,1f],start_interpolation: 0,interpolation_duration: 1}
$data merge entity $(right_cheek) {transformation: [-0.7413f,0.0578f,-0.6686f,-1.0836f,0.3968f,0.8412f,-0.3672f,3.3381f,0.5413f,-0.5376f,-0.6466f,-1.5841f,0f,0f,0f,1f],start_interpolation: 0,interpolation_duration: 1}
$data merge entity $(right_foot) {transformation: [-1.0192f,0.0492f,0.0638f,-2.52f,0.0508f,1.0208f,0.023f,-3.5472f,-0.0626f,0.0261f,-1.0201f,0.4153f,0f,0f,0f,1f],start_interpolation: 0,interpolation_duration: 1}
$data merge entity $(right_knee) {transformation: [-2.9537f,0.7226f,0.0732f,-1.6017f,0.7231f,2.8972f,0.5793f,0.507f,0.0679f,0.58f,-2.9852f,1.0978f,0f,0f,0f,1f],start_interpolation: 0,interpolation_duration: 1}
$data merge entity $(right_leg) {transformation: [-1.6683f,0.2808f,-0.2991f,-1.0737f,0.4084f,1.254f,-1.101f,2.5313f,0.0383f,-1.1402f,-1.2845f,-0.6928f,0f,0f,0f,1f],start_interpolation: 0,interpolation_duration: 1}
$data merge entity $(weist) {transformation: [-1.3829f,0.0792f,-0.8445f,-0.4578f,0.08f,1.6202f,0.0209f,4.1468f,0.8445f,-0.0238f,-1.385f,-1.1816f,0f,0f,0f,1f],start_interpolation: 0,interpolation_duration: 1}
data modify storage animated_java:temp entry.data merge value {"locators":{"consume":{"px":0.9245531776,"py":6.084084201,"pz":1.9260172141,"ry":141.3483570157,"rx":-36.5605016694}}}
# Data Manager: Prepare for Read / Write
execute store result storage animated_java:temp args.id int 1 run scoreboard players get @s aj.id
# Data Manager: Write
function animated_java:global/data_manager/write with storage animated_java:temp args
execute unless entity @s[tag=aj.transforms_only] at @s run function animated_java:female/animations/berserk_leap_r/zzz/frames/19_root_function