# This file was generated by Animated Java via MC-Build. It is not recommended to edit this file directly.
$data merge entity $(neck) {transformation: [-0.9959f,0.0821f,-0.0389f,-0.0743f,0.0307f,0.7074f,0.7061f,6.5012f,0.0855f,0.702f,-0.707f,-0.5436f,0f,0f,0f,1f],start_interpolation: 0,interpolation_duration: 1}
$data merge entity $(right_thumb_2) {transformation: [-0.7438f,-0.3476f,-0.5709f,-1.1506f,0.5297f,0.2145f,-0.8206f,5.4694f,0.4077f,-0.9128f,0.0246f,1.4711f,0f,0f,0f,1f],start_interpolation: 0,interpolation_duration: 1}
$data merge entity $(right_thumb) {transformation: [-0.7438f,-0.6682f,-0.0179f,-1.4756f,0.5297f,-0.5728f,-0.6256f,5.3725f,0.4077f,-0.4748f,0.78f,1.3678f,0f,0f,0f,1f],start_interpolation: 0,interpolation_duration: 1}
$data merge entity $(right_fingers2) {transformation: [0.7565f,0.6433f,-0.1182f,-0.9459f,-0.4564f,0.3897f,-0.7999f,5.4963f,-0.4685f,0.659f,0.5884f,1.7796f,0f,0f,0f,1f],start_interpolation: 0,interpolation_duration: 1}
$data merge entity $(right_fingers) {transformation: [0.3307f,-0.9363f,-0.1182f,-1.2042f,0.527f,0.2871f,-0.7999f,5.5872f,0.7829f,0.2022f,0.5884f,1.8636f,0f,0f,0f,1f],start_interpolation: 0,interpolation_duration: 1}
$data merge entity $(scout) {transformation: [0f,0f,0f,-1.109f,0f,0f,0f,5.4044f,0f,0f,0f,1.8155f,0f,0f,0f,1f],start_interpolation: 0,interpolation_duration: 1}
$data merge entity $(right_hand) {transformation: [-0.7678f,-0.6297f,-0.1182f,-1.5924f,0.4494f,-0.3978f,-0.7999f,5.3052f,0.4567f,-0.6673f,0.5884f,1.4775f,0f,0f,0f,1f],start_interpolation: 0,interpolation_duration: 1}
$data merge entity $(right_forearm) {transformation: [-1.3364f,-0.3264f,0.0672f,-2.026f,0.0262f,-0.3799f,-1.3237f,4.6839f,0.3323f,-1.2831f,0.3748f,-0.455f,0f,0f,0f,1f],start_interpolation: 0,interpolation_duration: 1}
$data merge entity $(right_shoulder) {transformation: [-1.3543f,0.5559f,0.0814f,-1.0778f,0.5255f,1.3285f,-0.3296f,6.2084f,-0.1987f,-0.2753f,-1.4264f,-0.7047f,0f,0f,0f,1f],start_interpolation: 0,interpolation_duration: 1}
$data merge entity $(right_arm) {transformation: [-0.9992f,-0.0003f,-0.0392f,-0.5148f,-0.0278f,0.7098f,0.7038f,6.4357f,0.0276f,0.7044f,-0.7093f,-0.5222f,0f,0f,0f,1f],start_interpolation: 0,interpolation_duration: 1}
$data merge entity $(left_thumb_2) {transformation: [-0.707f,0.6514f,-0.2754f,0.7477f,-0.3824f,-0.6797f,-0.6259f,6.2739f,-0.5949f,-0.3372f,0.7297f,1.3291f,0f,0f,0f,1f],start_interpolation: 0,interpolation_duration: 1}
$data merge entity $(left_thumb) {transformation: [-0.707f,0.4014f,-0.5822f,0.9898f,-0.3824f,-0.9096f,-0.1626f,6.0403f,-0.5949f,0.1077f,0.7966f,1.4407f,0f,0f,0f,1f],start_interpolation: 0,interpolation_duration: 1}
$data merge entity $(left_fingers2) {transformation: [0.9332f,0.1399f,-0.3311f,0.4109f,-0.3147f,0.7633f,-0.5642f,6.4857f,0.1738f,0.6307f,0.7563f,1.6261f,0f,0f,0f,1f],start_interpolation: 0,interpolation_duration: 1}
$data merge entity $(left_fingers) {transformation: [0.0653f,0.9413f,-0.3311f,0.6749f,-0.8133f,-0.142f,-0.5642f,6.4641f,-0.5781f,0.3062f,0.7563f,1.7352f,0f,0f,0f,1f],start_interpolation: 0,interpolation_duration: 1}
$data merge entity $(left_hand) {transformation: [-0.707f,0.6249f,-0.3311f,1.0405f,-0.3824f,-0.7317f,-0.5642f,5.9878f,-0.5949f,-0.2723f,0.7563f,1.5984f,0f,0f,0f,1f],start_interpolation: 0,interpolation_duration: 1}
$data merge entity $(left_forearm) {transformation: [-1.2096f,0.2173f,-0.6219f,1.2948f,0.3644f,-0.8624f,-1.0102f,4.6674f,-0.5487f,-1.0517f,0.6999f,0.0172f,0f,0f,0f,1f],start_interpolation: 0,interpolation_duration: 1}
$data merge entity $(left_shoulder) {transformation: [-1.4643f,-0.0555f,-0.0505f,0.9336f,-0.0255f,1.296f,-0.6853f,6.2644f,0.0706f,-0.6835f,-1.2952f,-0.7603f,0f,0f,0f,1f],start_interpolation: 0,interpolation_duration: 1}
$data merge entity $(left_arm) {transformation: [-0.9992f,-0.0003f,-0.0392f,0.3697f,-0.0278f,0.7098f,0.7038f,6.4603f,0.0276f,0.7044f,-0.7093f,-0.5466f,0f,0f,0f,1f],start_interpolation: 0,interpolation_duration: 1}
$data merge entity $(chest) {transformation: [-1.2776f,-0.0004f,-0.0501f,-0.0734f,-0.0356f,0.9075f,0.8999f,5.1904f,0.0353f,0.9006f,-0.9068f,-1.8311f,0f,0f,0f,1f],start_interpolation: 0,interpolation_duration: 1}
$data merge entity $(left_cheek) {transformation: [-0.9119f,-0.3762f,-0.1637f,-0.102f,-0.359f,0.9249f,-0.1254f,4.3128f,0.1986f,-0.0556f,-0.9785f,-2.6802f,0f,0f,0f,1f],start_interpolation: 0,interpolation_duration: 1}
$data merge entity $(left_foot) {transformation: [-0.7826f,-0.088f,-0.6519f,0.7979f,-0.1355f,1.013f,0.0258f,-1.6043f,0.6438f,0.1062f,-0.7871f,-5.6143f,0f,0f,0f,1f],start_interpolation: 0,interpolation_duration: 1}
$data merge entity $(left_knee) {transformation: [-2.5926f,0.5161f,-1.5047f,1.525f,-1.0266f,1.6551f,2.3365f,0.8113f,1.2152f,2.4993f,-1.2365f,-2.2407f,0f,0f,0f,1f],start_interpolation: 0,interpolation_duration: 1}
$data merge entity $(left_leg) {transformation: [-1.4643f,-0.6528f,-0.6174f,0.4364f,-0.5798f,1.5883f,-0.3041f,3.3407f,0.6863f,-0.0509f,-1.5741f,-2.2475f,0f,0f,0f,1f],start_interpolation: 0,interpolation_duration: 1}
$data merge entity $(right_cheek) {transformation: [-0.9104f,0.2129f,-0.3548f,-0.7254f,0.341f,0.8717f,-0.3519f,4.1924f,0.2344f,-0.4413f,-0.8662f,-2.5725f,0f,0f,0f,1f],start_interpolation: 0,interpolation_duration: 1}
$data merge entity $(right_foot) {transformation: [-1.0008f,-0.0194f,0.208f,-1.5839f,-0.0049f,1.0198f,0.0719f,-1.7852f,-0.2088f,0.0694f,-0.9984f,-1.9709f,0f,0f,0f,1f],start_interpolation: 0,interpolation_duration: 1}
$data merge entity $(right_knee) {transformation: [-3.0083f,0.2593f,0.3671f,-1.2964f,0.4244f,2.4577f,1.7412f,1.6997f,-0.1482f,1.7734f,-2.4669f,0.3783f,0f,0f,0f,1f],start_interpolation: 0,interpolation_duration: 1}
$data merge entity $(right_leg) {transformation: [-1.699f,0.2106f,-0.1426f,-0.8842f,0.2403f,1.0136f,-1.3662f,3.3535f,-0.0833f,-1.371f,-1.0318f,-1.7845f,0f,0f,0f,1f],start_interpolation: 0,interpolation_duration: 1}
$data merge entity $(weist) {transformation: [-1.5309f,0.1079f,-0.526f,-0.1522f,0.0149f,1.5972f,0.2844f,4.9928f,0.5367f,0.2635f,-1.5081f,-1.8571f,0f,0f,0f,1f],start_interpolation: 0,interpolation_duration: 1}
data modify storage animated_java:temp entry.data merge value {"locators":{"consume":{"px":-0.9668895949,"py":5.4756373321,"pz":1.8754173164,"ry":191.3615316093,"rx":-53.1195057474}}}
# Data Manager: Prepare for Read / Write
execute store result storage animated_java:temp args.id int 1 run scoreboard players get @s aj.id
# Data Manager: Write
function animated_java:global/data_manager/write with storage animated_java:temp args
execute unless entity @s[tag=aj.transforms_only] at @s run function animated_java:female/animations/berserk_leap_r/zzz/frames/2_root_function