# This file was generated by Animated Java via MC-Build. It is not recommended to edit this file directly.
$data merge entity $(neck) {transformation: [-0.9984f,0.0449f,0.0351f,-0.0555f,0.0557f,0.6427f,0.7641f,6.5679f,0.0117f,0.7648f,-0.6441f,-0.5638f,0f,0f,0f,1f],start_interpolation: 0,interpolation_duration: 1}
$data merge entity $(right_thumb_2) {transformation: [-0.8745f,-0.2288f,-0.4277f,-1.1972f,0.2701f,0.5026f,-0.8212f,5.2704f,0.4029f,-0.8337f,-0.3777f,1.1021f,0f,0f,0f,1f],start_interpolation: 0,interpolation_duration: 1}
$data merge entity $(right_thumb) {transformation: [-0.8745f,-0.4827f,0.0477f,-1.4828f,0.2701f,-0.5664f,-0.7786f,5.1392f,0.4029f,-0.668f,0.6257f,0.9381f,0f,0f,0f,1f],start_interpolation: 0,interpolation_duration: 1}
$data merge entity $(right_fingers2) {transformation: [0.6355f,0.7675f,0.0845f,-1.0371f,-0.2949f,0.3424f,-0.8921f,5.31f,-0.7136f,0.542f,0.4439f,1.3779f,0f,0f,0f,1f],start_interpolation: 0,interpolation_duration: 1}
$data merge entity $(right_fingers) {transformation: [0.2642f,-0.9608f,0.0845f,-1.3029f,0.4497f,0.0452f,-0.8921f,5.329f,0.8532f,0.2736f,0.4439f,1.4832f,0f,0f,0f,1f],start_interpolation: 0,interpolation_duration: 1}
$data merge entity $(scout) {transformation: [0f,0f,0f,-1.1586f,0f,0f,0f,5.1896f,0f,0f,0f,1.4158f,0f,0f,0f,1f],start_interpolation: 0,interpolation_duration: 1}
$data merge entity $(right_hand) {transformation: [-0.8808f,-0.4658f,0.0845f,-1.5808f,0.1414f,-0.4292f,-0.8921f,5.0252f,0.4518f,-0.7738f,0.4439f,1.0253f,0f,0f,0f,1f],start_interpolation: 0,interpolation_duration: 1}
$data merge entity $(right_forearm) {transformation: [-1.3361f,-0.1095f,0.3164f,-1.6787f,-0.292f,-0.2553f,-1.3216f,4.6048f,0.1637f,-1.3491f,0.2244f,-1.005f,0f,0f,0f,1f],start_interpolation: 0,interpolation_duration: 1}
$data merge entity $(right_shoulder) {transformation: [-1.3902f,0.3098f,0.3482f,-1.0319f,0.3057f,1.433f,-0.0545f,6.292f,-0.3518f,0.0209f,-1.4232f,-0.8627f,0f,0f,0f,1f],start_interpolation: 0,interpolation_duration: 1}
$data merge entity $(right_arm) {transformation: [-0.9957f,-0.0858f,0.0351f,-0.495f,-0.0286f,0.6445f,0.7641f,6.5013f,-0.0882f,0.7598f,-0.6441f,-0.5983f,0f,0f,0f,1f],start_interpolation: 0,interpolation_duration: 1}
$data merge entity $(left_thumb_2) {transformation: [-0.6782f,0.6311f,-0.3765f,0.5684f,-0.3483f,-0.7272f,-0.5914f,6.3503f,-0.647f,-0.27f,0.7131f,1.3319f,0f,0f,0f,1f],start_interpolation: 0,interpolation_duration: 1}
$data merge entity $(left_thumb) {transformation: [-0.6782f,0.33f,-0.6566f,0.7844f,-0.3483f,-0.9311f,-0.1081f,6.1039f,-0.647f,0.1554f,0.7465f,1.4673f,0f,0f,0f,1f],start_interpolation: 0,interpolation_duration: 1}
$data merge entity $(left_fingers2) {transformation: [0.8924f,0.1366f,-0.43f,0.2226f,-0.3705f,0.7656f,-0.5258f,6.5895f,0.2575f,0.6286f,0.7339f,1.5959f,0f,0f,0f,1f],start_interpolation: 0,interpolation_duration: 1}
$data merge entity $(left_fingers) {transformation: [0.0598f,0.9008f,-0.43f,0.4745f,-0.8277f,-0.196f,-0.5258f,6.5532f,-0.558f,0.3874f,0.7339f,1.7274f,0f,0f,0f,1f],start_interpolation: 0,interpolation_duration: 1}
$data merge entity $(left_hand) {transformation: [-0.6782f,0.5959f,-0.43f,0.818f,-0.3483f,-0.776f,-0.5258f,6.0516f,-0.647f,-0.2068f,0.7339f,1.6296f,0f,0f,0f,1f],start_interpolation: 0,interpolation_duration: 1}
$data merge entity $(left_forearm) {transformation: [-1.1326f,0.2009f,-0.7576f,1.0459f,0.4733f,-0.8859f,-0.9425f,4.7028f,-0.6247f,-1.0353f,0.6594f,0.0684f,0f,0f,0f,1f],start_interpolation: 0,interpolation_duration: 1}
$data merge entity $(left_shoulder) {transformation: [-1.4478f,0.1751f,-0.1518f,0.9724f,0.2246f,1.2965f,-0.6469f,6.3496f,0.057f,-0.662f,-1.307f,-0.6852f,0f,0f,0f,1f],start_interpolation: 0,interpolation_duration: 1}
$data merge entity $(left_arm) {transformation: [-0.9957f,-0.0858f,0.0351f,0.3863f,-0.0286f,0.6445f,0.7641f,6.5267f,-0.0882f,0.7598f,-0.6441f,-0.5202f,0f,0f,0f,1f],start_interpolation: 0,interpolation_duration: 1}
$data merge entity $(chest) {transformation: [-1.273f,-0.1097f,0.0449f,0.1019f,-0.0366f,0.824f,0.9769f,5.3765f,-0.1128f,0.9714f,-0.8236f,-1.9538f,0f,0f,0f,1f],start_interpolation: 0,interpolation_duration: 1}
$data merge entity $(left_cheek) {transformation: [-0.9519f,-0.3006f,-0.0598f,0.2538f,-0.3025f,0.9528f,0.0263f,4.6405f,0.0491f,0.0431f,-0.9979f,-2.8543f,0f,0f,0f,1f],start_interpolation: 0,interpolation_duration: 1}
$data merge entity $(left_foot) {transformation: [-0.8627f,-0.029f,-0.5478f,1.0697f,-0.1526f,0.9933f,0.1877f,-0.898f,0.527f,0.2401f,-0.8426f,-6.599f,0f,0f,0f,1f],start_interpolation: 0,interpolation_duration: 1}
$data merge entity $(left_knee) {transformation: [-2.7844f,0.3159f,-1.183f,1.5385f,-0.9577f,1.2693f,2.593f,0.9923f,0.763f,2.7461f,-1.0624f,-2.8637f,0f,0f,0f,1f],start_interpolation: 0,interpolation_duration: 1}
$data merge entity $(left_leg) {transformation: [-1.5726f,-0.5093f,-0.4679f,0.6708f,-0.5409f,1.63f,0.0438f,3.5799f,0.4309f,0.1874f,-1.6524f,-2.4972f,0f,0f,0f,1f],start_interpolation: 0,interpolation_duration: 1}
$data merge entity $(right_cheek) {transformation: [-0.9553f,0.2097f,-0.2082f,-0.4778f,0.2538f,0.9431f,-0.2147f,4.5049f,0.1513f,-0.258f,-0.9542f,-2.8129f,0f,0f,0f,1f],start_interpolation: 0,interpolation_duration: 1}
$data merge entity $(right_foot) {transformation: [-0.9958f,-0.034f,0.229f,-1.0929f,0.0053f,1.0077f,0.1725f,-0.9364f,-0.2314f,0.1692f,-0.9814f,-3.1704f,0f,0f,0f,1f],start_interpolation: 0,interpolation_duration: 1}
$data merge entity $(right_knee) {transformation: [-3.023f,0.0969f,0.323f,-1.0324f,0.3097f,1.9513f,2.3127f,1.8678f,-0.1336f,2.3313f,-1.9492f,-0.0274f,0f,0f,0f,1f],start_interpolation: 0,interpolation_duration: 1}
$data merge entity $(right_leg) {transformation: [-1.7074f,0.1653f,-0.0946f,-0.6938f,0.1749f,1.0227f,-1.3693f,3.539f,-0.0755f,-1.3705f,-1.0332f,-2.1895f,0f,0f,0f,1f],start_interpolation: 0,interpolation_duration: 1}
$data merge entity $(weist) {transformation: [-1.582f,0.055f,-0.3555f,0.0188f,-0.0474f,1.5574f,0.4519f,5.1768f,0.3566f,0.451f,-1.517f,-1.9944f,0f,0f,0f,1f],start_interpolation: 0,interpolation_duration: 1}
data modify storage animated_java:temp entry.data merge value {"locators":{"consume":{"px":-1.0445617845,"py":5.2846649612,"pz":1.4983596957,"ry":169.2232416688,"rx":-63.1334890615}}}
# Data Manager: Prepare for Read / Write
execute store result storage animated_java:temp args.id int 1 run scoreboard players get @s aj.id
# Data Manager: Write
function animated_java:global/data_manager/write with storage animated_java:temp args
execute unless entity @s[tag=aj.transforms_only] at @s run function animated_java:female/animations/berserk_leap_r/zzz/frames/3_root_function