# This file was generated by Animated Java via MC-Build. It is not recommended to edit this file directly.
$data merge entity $(neck) {transformation: [-0.9893f,-0.0279f,0.1431f,0.0083f,0.1013f,0.5741f,0.8125f,6.6167f,-0.1048f,0.8183f,-0.5651f,-0.5332f,0f,0f,0f,1f],start_interpolation: 0,interpolation_duration: 1}
$data merge entity $(right_thumb_2) {transformation: [-0.9004f,-0.4111f,-0.1426f,-1.3411f,-0.2903f,0.8116f,-0.507f,4.7295f,0.3242f,-0.4151f,-0.8501f,0.095f,0f,0f,0f,1f],start_interpolation: 0,interpolation_duration: 1}
$data merge entity $(right_thumb) {transformation: [-0.9004f,-0.2741f,0.338f,-1.5675f,-0.2903f,-0.2003f,-0.9357f,4.6352f,0.3242f,-0.9406f,0.1008f,-0.161f,0f,0f,0f,1f],start_interpolation: 0,interpolation_duration: 1}
$data merge entity $(right_fingers2) {transformation: [0.6143f,0.6665f,0.4224f,-1.2028f,0.3542f,0.2454f,-0.9024f,4.6669f,-0.7051f,0.704f,-0.0853f,0.3646f,0f,0f,0f,1f],start_interpolation: 0,interpolation_duration: 1}
$data merge entity $(right_fingers) {transformation: [0.1389f,-0.8957f,0.4224f,-1.451f,-0.0286f,-0.43f,-0.9024f,4.537f,0.9899f,0.1133f,-0.0853f,0.4241f,0f,0f,0f,1f],start_interpolation: 0,interpolation_duration: 1}
$data merge entity $(scout) {transformation: [0f,0f,0f,-1.268f,0f,0f,0f,4.5143f,0f,0f,0f,0.3202f,0f,0f,0f,1f],start_interpolation: 0,interpolation_duration: 1}
$data merge entity $(right_hand) {transformation: [-0.8546f,-0.302f,0.4224f,-1.6136f,-0.4279f,-0.0514f,-0.9024f,4.4677f,0.2942f,-0.9519f,-0.0853f,-0.1658f,0f,0f,0f,1f],start_interpolation: 0,interpolation_duration: 1}
$data merge entity $(right_forearm) {transformation: [-1.3051f,0.1575f,0.4111f,-1.3071f,-0.3549f,0.3847f,-1.274f,5.0154f,-0.2605f,-1.3131f,-0.3239f,-2.1443f,0f,0f,0f,1f],start_interpolation: 0,interpolation_duration: 1}
$data merge entity $(right_shoulder) {transformation: [-1.3803f,0.1201f,0.4797f,-0.8979f,0.3674f,1.2012f,0.7563f,6.3815f,-0.3311f,0.8322f,-1.1609f,-1.0256f,0f,0f,0f,1f],start_interpolation: 0,interpolation_duration: 1}
$data merge entity $(right_arm) {transformation: [-0.9638f,-0.2231f,0.1458f,-0.4177f,-0.0084f,0.5722f,0.8201f,6.5589f,-0.2663f,0.7892f,-0.5534f,-0.6515f,0f,0f,0f,1f],start_interpolation: 0,interpolation_duration: 1}
$data merge entity $(left_thumb_2) {transformation: [-0.5344f,0.7867f,-0.3092f,0.2724f,-0.3424f,-0.5359f,-0.7717f,6.1126f,-0.7728f,-0.3065f,0.5557f,1.5454f,0f,0f,0f,1f],start_interpolation: 0,interpolation_duration: 1}
$data merge entity $(left_thumb) {transformation: [-0.5344f,0.4973f,-0.6835f,0.5212f,-0.3424f,-0.8666f,-0.3629f,5.8896f,-0.7728f,0.0401f,0.6334f,1.6639f,0f,0f,0f,1f],start_interpolation: 0,interpolation_duration: 1}
$data merge entity $(left_fingers2) {transformation: [0.9232f,-0.0771f,-0.3766f,-0.1365f,-0.2404f,0.6487f,-0.7221f,6.2312f,0.3f,0.7572f,0.5803f,1.8009f,0f,0f,0f,1f],start_interpolation: 0,interpolation_duration: 1}
$data merge entity $(left_fingers) {transformation: [0.275f,0.8846f,-0.3766f,0.1051f,-0.6853f,-0.0943f,-0.7221f,6.2183f,-0.6743f,0.4567f,0.5803f,1.9543f,0f,0f,0f,1f],start_interpolation: 0,interpolation_duration: 1}
$data merge entity $(left_hand) {transformation: [-0.5344f,0.7567f,-0.3766f,0.5506f,-0.3424f,-0.6012f,-0.7221f,5.8154f,-0.7728f,-0.2569f,0.5803f,1.8183f,0f,0f,0f,1f],start_interpolation: 0,interpolation_duration: 1}
$data merge entity $(left_forearm) {transformation: [-1.1129f,0.6235f,-0.5196f,1.4243f,0.1873f,-0.6606f,-1.194f,4.7849f,-0.7897f,-1.0354f,0.449f,0.2426f,0f,0f,0f,1f],start_interpolation: 0,interpolation_duration: 1}
$data merge entity $(left_shoulder) {transformation: [-1.452f,-0.0682f,0.192f,1.0423f,-0.1416f,1.331f,-0.5984f,6.3984f,-0.1465f,-0.6112f,-1.3247f,-0.4895f,0f,0f,0f,1f],start_interpolation: 0,interpolation_duration: 1}
$data merge entity $(left_arm) {transformation: [-0.9638f,-0.2231f,0.1458f,0.4354f,-0.0084f,0.5722f,0.8201f,6.5664f,-0.2663f,0.7892f,-0.5534f,-0.4157f,0f,0f,0f,1f],start_interpolation: 0,interpolation_duration: 1}
$data merge entity $(chest) {transformation: [-1.2323f,-0.2852f,0.1864f,0.4167f,-0.0107f,0.7316f,1.0485f,5.5576f,-0.3405f,1.009f,-0.7075f,-1.9781f,0f,0f,0f,1f],start_interpolation: 0,interpolation_duration: 1}
$data merge entity $(left_cheek) {transformation: [-0.9738f,-0.2207f,0.0553f,0.6459f,-0.2029f,0.9523f,0.228f,5.0303f,-0.103f,0.2108f,-0.9721f,-2.9119f,0f,0f,0f,1f],start_interpolation: 0,interpolation_duration: 1}
$data merge entity $(left_foot) {transformation: [-0.9592f,0.3539f,-0.0074f,1.4061f,-0.0499f,-0.1141f,1.0148f,-0.1061f,0.3504f,0.9524f,0.1243f,-8.3634f,0f,0f,0f,1f],start_interpolation: 0,interpolation_duration: 1}
$data merge entity $(left_knee) {transformation: [-2.9602f,-0.0974f,-0.6927f,1.3279f,-0.6632f,1.3484f,2.6446f,1.8873f,0.2224f,2.7248f,-1.3335f,-4.6532f,0f,0f,0f,1f],start_interpolation: 0,interpolation_duration: 1}
$data merge entity $(left_leg) {transformation: [-1.6719f,-0.1848f,-0.3492f,0.9726f,-0.3746f,1.2241f,1.1457f,3.7993f,0.1256f,1.1911f,-1.2316f,-2.7036f,0f,0f,0f,1f],start_interpolation: 0,interpolation_duration: 1}
$data merge entity $(right_cheek) {transformation: [-0.9833f,0.0768f,-0.1649f,-0.193f,0.0992f,0.9863f,-0.1318f,4.8106f,0.1525f,-0.146f,-0.9775f,-2.9471f,0f,0f,0f,1f],start_interpolation: 0,interpolation_duration: 1}
$data merge entity $(right_foot) {transformation: [-1.0027f,-0.1329f,0.1491f,-0.3759f,-0.0276f,0.8484f,0.5699f,0.3084f,-0.1978f,0.5549f,-0.8356f,-3.1653f,0f,0f,0f,1f],start_interpolation: 0,interpolation_duration: 1}
$data merge entity $(right_knee) {transformation: [-3.0369f,-0.1246f,0.1172f,-0.6307f,0.0198f,1.8142f,2.4414f,2.9198f,-0.1699f,2.4383f,-1.8106f,0.1304f,0f,0f,0f,1f],start_interpolation: 0,interpolation_duration: 1}
$data merge entity $(right_leg) {transformation: [-1.7152f,0.0944f,0.0264f,-0.4088f,0.0018f,0.4927f,-1.6458f,3.7572f,-0.098f,-1.6431f,-0.492f,-2.4834f,0f,0f,0f,1f],start_interpolation: 0,interpolation_duration: 1}
$data merge entity $(weist) {transformation: [-1.6014f,0.0513f,-0.2547f,0.3156f,-0.0488f,1.5029f,0.6091f,5.3515f,0.2552f,0.6089f,-1.4819f,-2.0814f,0f,0f,0f,1f],start_interpolation: 0,interpolation_duration: 1}
data modify storage animated_java:temp entry.data merge value {"locators":{"consume":{"px":-1.1941779799,"py":4.5784142912,"pz":0.4591201971,"ry":78.5826662558,"rx":-64.4730659997}}}
# Data Manager: Prepare for Read / Write
execute store result storage animated_java:temp args.id int 1 run scoreboard players get @s aj.id
# Data Manager: Write
function animated_java:global/data_manager/write with storage animated_java:temp args