# This file was generated by Animated Java via MC-Build. It is not recommended to edit this file directly.
$data merge entity $(neck) {transformation: [-0.9616f,-0.1286f,0.2424f,0.0824f,0.1441f,0.5154f,0.8448f,6.6642f,-0.2336f,0.8473f,-0.477f,-0.5309f,0f,0f,0f,1f],start_interpolation: 0,interpolation_duration: 1}
$data merge entity $(right_thumb_2) {transformation: [-0.7219f,-0.6643f,0.1938f,-1.4798f,-0.6176f,0.7448f,0.2526f,4.7578f,-0.3121f,0.0627f,-0.948f,-1.4751f,0f,0f,0f,1f],start_interpolation: 0,interpolation_duration: 1}
$data merge entity $(right_thumb) {transformation: [-0.7219f,-0.0596f,0.6894f,-1.6158f,-0.6176f,0.5049f,-0.6031f,4.8371f,-0.3121f,-0.8611f,-0.4013f,-1.7927f,0f,0f,0f,1f],start_interpolation: 0,interpolation_duration: 1}
$data merge entity $(right_fingers2) {transformation: [0.4983f,0.4053f,0.7664f,-1.3525f,0.8664f,-0.2648f,-0.4233f,4.5422f,0.0313f,0.875f,-0.4831f,-1.2834f,0f,0f,0f,1f],start_interpolation: 0,interpolation_duration: 1}
$data merge entity $(right_fingers) {transformation: [0.0265f,-0.6418f,0.7664f,-1.529f,-0.7306f,-0.5357f,-0.4233f,4.3659f,0.6823f,-0.5488f,-0.4831f,-1.4241f,0f,0f,0f,1f],start_interpolation: 0,interpolation_duration: 1}
$data merge entity $(scout) {transformation: [0f,0f,0f,-1.3437f,0f,0f,0f,4.467f,0f,0f,0f,-1.4395f,0f,0f,0f,1f],start_interpolation: 0,interpolation_duration: 1}
$data merge entity $(right_hand) {transformation: [-0.6234f,-0.1547f,0.7664f,-1.587f,-0.6714f,0.6083f,-0.4233f,4.7241f,-0.4007f,-0.7785f,-0.4831f,-1.9216f,0f,0f,0f,1f],start_interpolation: 0,interpolation_duration: 1}
$data merge entity $(right_forearm) {transformation: [-1.2367f,0.4399f,0.4174f,-0.858f,0.1071f,1.0916f,-0.8332f,6.3332f,-0.5969f,-0.7156f,-1.0143f,-3.0114f,0f,0f,0f,1f],start_interpolation: 0,interpolation_duration: 1}
$data merge entity $(right_shoulder) {transformation: [-1.3616f,-0.0855f,0.5373f,-0.705f,0.5183f,0.2358f,1.3511f,6.4728f,-0.1652f,1.4446f,-0.1888f,-1.2107f,0f,0f,0f,1f],start_interpolation: 0,interpolation_duration: 1}
$data merge entity $(right_arm) {transformation: [-0.8914f,-0.3818f,0.2442f,-0.3109f,0.0173f,0.5097f,0.8602f,6.618f,-0.4529f,0.771f,-0.4477f,-0.7358f,0f,0f,0f,1f],start_interpolation: 0,interpolation_duration: 1}
$data merge entity $(left_thumb_2) {transformation: [-0.3544f,0.9315f,-0.0815f,-0.0788f,-0.4606f,-0.2497f,-0.8518f,5.893f,-0.8138f,-0.2644f,0.5175f,1.729f,0f,0f,0f,1f],start_interpolation: 0,interpolation_duration: 1}
$data merge entity $(left_thumb) {transformation: [-0.3544f,0.7419f,-0.5692f,0.2205f,-0.4606f,-0.6683f,-0.5842f,5.7546f,-0.8138f,0.0551f,0.5785f,1.8592f,0f,0f,0f,1f],start_interpolation: 0,interpolation_duration: 1}
$data merge entity $(left_fingers2) {transformation: [0.9333f,-0.3204f,-0.1623f,-0.518f,0.0486f,0.5604f,-0.8268f,5.8671f,0.3559f,0.7637f,0.5386f,1.959f,0f,0f,0f,1f],start_interpolation: 0,interpolation_duration: 1}
$data merge entity $(left_fingers) {transformation: [0.5148f,0.8418f,-0.1623f,-0.2938f,-0.5366f,0.1688f,-0.8268f,5.9243f,-0.6686f,0.5127f,0.5386f,2.1279f,0f,0f,0f,1f],start_interpolation: 0,interpolation_duration: 1}
$data merge entity $(left_hand) {transformation: [-0.3544f,0.9209f,-0.1623f,0.2628f,-0.4606f,-0.323f,-0.8268f,5.687f,-0.8138f,-0.2183f,0.5386f,2.0136f,0f,0f,0f,1f],start_interpolation: 0,interpolation_duration: 1}
$data merge entity $(left_forearm) {transformation: [-0.858f,1.0774f,-0.0163f,1.849f,-0.3401f,-0.2905f,-1.3027f,5.188f,-1.0224f,-0.8075f,0.447f,0.7713f,0f,0f,0f,1f],start_interpolation: 0,interpolation_duration: 1}
$data merge entity $(left_shoulder) {transformation: [-1.1922f,-0.4062f,0.7506f,1.0894f,-0.7408f,1.1328f,-0.5637f,6.4379f,-0.4238f,-0.8376f,-1.1263f,-0.2991f,0f,0f,0f,1f],start_interpolation: 0,interpolation_duration: 1}
$data merge entity $(left_arm) {transformation: [-0.8914f,-0.3818f,0.2442f,0.4781f,0.0173f,0.5097f,0.8602f,6.6026f,-0.4529f,0.771f,-0.4477f,-0.335f,0f,0f,0f,1f],start_interpolation: 0,interpolation_duration: 1}
$data merge entity $(chest) {transformation: [-1.1397f,-0.4881f,0.3122f,0.7816f,0.0222f,0.6517f,1.0998f,5.7195f,-0.579f,0.9858f,-0.5725f,-1.9433f,0f,0f,0f,1f],start_interpolation: 0,interpolation_duration: 1}
$data merge entity $(left_cheek) {transformation: [-0.9842f,-0.1597f,0.0764f,1.0389f,-0.1214f,0.923f,0.3651f,5.2583f,-0.1288f,0.35f,-0.9278f,-2.8896f,0f,0f,0f,1f],start_interpolation: 0,interpolation_duration: 1}
$data merge entity $(left_foot) {transformation: [-0.9624f,0.3078f,0.1558f,1.5046f,-0.0388f,-0.5553f,0.8575f,0.9252f,0.3428f,0.8013f,0.5345f,-9.0431f,0f,0f,0f,1f],start_interpolation: 0,interpolation_duration: 1}
$data merge entity $(left_knee) {transformation: [-2.9968f,-0.0295f,-0.5201f,1.5285f,-0.5029f,0.9575f,2.843f,2.3811f,0.1362f,2.887f,-0.9482f,-5.0902f,0f,0f,0f,1f],start_interpolation: 0,interpolation_duration: 1}
$data merge entity $(left_leg) {transformation: [-1.6926f,-0.1121f,-0.272f,1.2865f,-0.284f,1.0376f,1.3394f,3.9924f,0.0769f,1.3646f,-1.0408f,-2.8704f,0f,0f,0f,1f],start_interpolation: 0,interpolation_duration: 1}
$data merge entity $(right_cheek) {transformation: [-0.9904f,0.1044f,-0.0901f,0.1561f,0.1117f,0.9905f,-0.0803f,5.1268f,0.0809f,-0.0896f,-0.9927f,-3.1254f,0f,0f,0f,1f],start_interpolation: 0,interpolation_duration: 1}
$data merge entity $(right_foot) {transformation: [-1.0003f,-0.1129f,0.1788f,-0.0856f,-0.0462f,0.9602f,0.3481f,0.3661f,-0.2064f,0.3325f,-0.9445f,-2.0188f,0f,0f,0f,1f],start_interpolation: 0,interpolation_duration: 1}
$data merge entity $(right_knee) {transformation: [-3.0218f,-0.231f,0.2593f,-0.4815f,-0.063f,2.5979f,1.5808f,4.0246f,-0.3416f,1.5651f,-2.5857f,0.0317f,0f,0f,0f,1f],start_interpolation: 0,interpolation_duration: 1}
$data merge entity $(right_leg) {transformation: [-1.7066f,0.1934f,0.0389f,-0.1019f,-0.0463f,-0.0631f,-1.7162f,3.9757f,-0.1917f,-1.7059f,0.0679f,-2.6952f,0f,0f,0f,1f],start_interpolation: 0,interpolation_duration: 1}
$data merge entity $(weist) {transformation: [-1.6095f,0.0763f,-0.1892f,0.6562f,-0.0194f,1.4406f,0.7457f,5.5039f,0.203f,0.7421f,-1.4283f,-2.1312f,0f,0f,0f,1f],start_interpolation: 0,interpolation_duration: 1}
data modify storage animated_java:temp entry.data merge value {"locators":{"consume":{"px":-1.3178511081,"py":4.4206627374,"pz":-1.2780726198,"ry":57.7754072066,"rx":-25.0451465108}}}
# Data Manager: Prepare for Read / Write
execute store result storage animated_java:temp args.id int 1 run scoreboard players get @s aj.id
# Data Manager: Write
function animated_java:global/data_manager/write with storage animated_java:temp args