# This file was generated by Animated Java via MC-Build. It is not recommended to edit this file directly.
$data merge entity $(neck) {transformation: [-0.989f,-0.018f,0.1469f,0.1358f,0.0927f,0.698f,0.71f,6.5417f,-0.1153f,0.7158f,-0.6887f,-0.2912f,0f,0f,0f,1f],start_interpolation: 0,interpolation_duration: 1}
$data merge entity $(right_thumb_2) {transformation: [-0.5409f,-0.4949f,0.6801f,-2.6005f,-0.1912f,0.8597f,0.4736f,4.9083f,-0.8191f,0.1262f,-0.5596f,-1.8933f,0f,0f,0f,1f],start_interpolation: 0,interpolation_duration: 1}
$data merge entity $(right_thumb) {transformation: [-0.5409f,0.4459f,0.7132f,-2.5473f,-0.1912f,0.7606f,-0.6205f,5.1334f,-0.8191f,-0.4719f,-0.3261f,-2.162f,0f,0f,0f,1f],start_interpolation: 0,interpolation_duration: 1}
$data merge entity $(right_fingers2) {transformation: [0.519f,-0.1342f,0.8442f,-2.6127f,0.5629f,-0.6895f,-0.4557f,4.6063f,0.6433f,0.7117f,-0.2823f,-1.7922f,0f,0f,0f,1f],start_interpolation: 0,interpolation_duration: 1}
$data merge entity $(right_fingers) {transformation: [-0.4122f,-0.3427f,0.8442f,-2.7158f,-0.8885f,-0.0538f,-0.4557f,4.5626f,0.2016f,-0.9379f,-0.2823f,-2.0559f,0f,0f,0f,1f],start_interpolation: 0,interpolation_duration: 1}
$data merge entity $(scout) {transformation: [0f,0f,0f,-2.5362f,0f,0f,0f,4.5947f,0f,0f,0f,-1.9486f,0f,0f,0f,1f],start_interpolation: 0,interpolation_duration: 1}
$data merge entity $(right_hand) {transformation: [-0.4215f,0.3312f,0.8442f,-2.473f,-0.2389f,0.8575f,-0.4557f,5.0703f,-0.8748f,-0.3937f,-0.2823f,-2.3058f,0f,0f,0f,1f],start_interpolation: 0,interpolation_duration: 1}
$data merge entity $(right_forearm) {transformation: [-0.9413f,0.976f,0.2417f,-0.9552f,0.9036f,0.9664f,-0.3832f,6.4741f,-0.4412f,-0.1033f,-1.3007f,-2.4904f,0f,0f,0f,1f],start_interpolation: 0,interpolation_duration: 1}
$data merge entity $(right_shoulder) {transformation: [-0.9276f,0.0122f,1.1355f,-0.7899f,1.1355f,0.0048f,0.9276f,6.2211f,0.004f,1.4662f,-0.0124f,-0.7032f,0f,0f,0f,1f],start_interpolation: 0,interpolation_duration: 1}
$data merge entity $(right_arm) {transformation: [-0.9678f,-0.2145f,0.1318f,-0.2916f,-0.0477f,0.6702f,0.7406f,6.467f,-0.2472f,0.7105f,-0.6589f,-0.3939f,0f,0f,0f,1f],start_interpolation: 0,interpolation_duration: 1}
$data merge entity $(left_thumb_2) {transformation: [-0.2169f,0.8925f,0.3954f,0.3728f,-0.9332f,-0.0708f,-0.3522f,5.8125f,-0.2864f,-0.4454f,0.8483f,1.9811f,0f,0f,0f,1f],start_interpolation: 0,interpolation_duration: 1}
$data merge entity $(left_thumb) {transformation: [-0.2169f,0.9652f,-0.146f,0.7176f,-0.9332f,-0.2489f,-0.259f,5.8744f,-0.2864f,0.0801f,0.9548f,2.0359f,0f,0f,0f,1f],start_interpolation: 0,interpolation_duration: 1}
$data merge entity $(left_fingers2) {transformation: [0.8469f,-0.4275f,0.3162f,0.0334f,0.5224f,0.78f,-0.3447f,5.8013f,-0.0992f,0.4571f,0.8839f,2.3433f,0f,0f,0f,1f],start_interpolation: 0,interpolation_duration: 1}
$data merge entity $(left_fingers) {transformation: [0.6007f,0.7343f,0.3162f,0.228f,-0.6484f,0.6788f,-0.3447f,6.0105f,-0.4677f,0.0021f,0.8839f,2.3635f,0f,0f,0f,1f],start_interpolation: 0,interpolation_duration: 1}
$data merge entity $(left_hand) {transformation: [-0.2169f,0.9236f,0.3162f,0.8082f,-0.9332f,-0.1012f,-0.3447f,5.9284f,-0.2864f,-0.3698f,0.8839f,2.174f,0f,0f,0f,1f],start_interpolation: 0,interpolation_duration: 1}
$data merge entity $(left_forearm) {transformation: [-0.9078f,1.0119f,0.2214f,2.3024f,-0.6264f,-0.3018f,-1.189f,5.4046f,-0.825f,-0.8844f,0.6591f,0.8319f,0f,0f,0f,1f],start_interpolation: 0,interpolation_duration: 1}
$data merge entity $(left_shoulder) {transformation: [-1.0689f,-0.7325f,0.6861f,1.1718f,-0.9937f,0.9128f,-0.5738f,6.3356f,-0.1405f,-0.8833f,-1.1619f,-0.236f,0f,0f,0f,1f],start_interpolation: 0,interpolation_duration: 1}
$data merge entity $(left_arm) {transformation: [-0.9678f,-0.2145f,0.1318f,0.565f,-0.0477f,0.6702f,0.7406f,6.5092f,-0.2472f,0.7105f,-0.6589f,-0.1751f,0f,0f,0f,1f],start_interpolation: 0,interpolation_duration: 1}
$data merge entity $(chest) {transformation: [-1.2374f,-0.2742f,0.1685f,0.5286f,-0.061f,0.8569f,0.9469f,5.3033f,-0.316f,0.9084f,-0.8424f,-1.5904f,0f,0f,0f,1f],start_interpolation: 0,interpolation_duration: 1}
$data merge entity $(left_cheek) {transformation: [-0.9799f,-0.1967f,0.0346f,0.6885f,-0.1789f,0.9414f,0.2858f,4.6775f,-0.0887f,0.2739f,-0.9577f,-2.705f,0f,0f,0f,1f],start_interpolation: 0,interpolation_duration: 1}
$data merge entity $(left_foot) {transformation: [-0.9216f,0.4427f,0.0025f,0.9766f,-0.1892f,-0.399f,0.9221f,1.2427f,0.4002f,0.8307f,0.4416f,-8.3728f,0f,0f,0f,1f],start_interpolation: 0,interpolation_duration: 1}
$data merge entity $(left_knee) {transformation: [-2.9618f,0.2586f,-0.6429f,1.3931f,-0.6479f,-0.0329f,2.9717f,1.3373f,0.2456f,3.0305f,0.0872f,-4.182f,0f,0f,0f,1f],start_interpolation: 0,interpolation_duration: 1}
$data merge entity $(left_leg) {transformation: [-1.6728f,-0.2297f,-0.3169f,0.9649f,-0.366f,1.411f,0.9092f,3.5559f,0.1387f,0.9528f,-1.4228f,-2.6081f,0f,0f,0f,1f],start_interpolation: 0,interpolation_duration: 1}
$data merge entity $(right_cheek) {transformation: [-0.9727f,0.1432f,-0.1825f,-0.1403f,0.1673f,0.978f,-0.1244f,4.5924f,0.1607f,-0.1516f,-0.9753f,-2.7825f,0f,0f,0f,1f],start_interpolation: 0,interpolation_duration: 1}
$data merge entity $(right_foot) {transformation: [-1.0127f,-0.0047f,0.1404f,-0.689f,-0.016f,1.019f,-0.0814f,-0.4612f,-0.1396f,-0.0828f,-1.0094f,0.3544f,0f,0f,0f,1f],start_interpolation: 0,interpolation_duration: 1}
$data merge entity $(right_knee) {transformation: [-3.0325f,0.0605f,0.2285f,-0.683f,0.0697f,3.0385f,0.1207f,3.7511f,-0.2259f,0.1256f,-3.0307f,0.3977f,0f,0f,0f,1f],start_interpolation: 0,interpolation_duration: 1}
$data merge entity $(right_leg) {transformation: [-1.7111f,0.126f,-0.0871f,-0.4074f,0.0752f,-0.1603f,-1.7088f,3.5412f,-0.1335f,-1.7058f,0.1542f,-2.3341f,0f,0f,0f,1f],start_interpolation: 0,interpolation_duration: 1}
$data merge entity $(weist) {transformation: [-1.5908f,0.1317f,-0.2896f,0.3918f,-0.017f,1.4395f,0.7481f,5.0674f,0.3177f,0.7366f,-1.4101f,-1.8238f,0f,0f,0f,1f],start_interpolation: 0,interpolation_duration: 1}
data modify storage animated_java:temp entry.data merge value {"locators":{"consume":{"px":-2.6001041067,"py":4.4888454213,"pz":-1.8320667546,"ry":71.5092762648,"rx":-27.1101832008}}}
# Data Manager: Prepare for Read / Write
execute store result storage animated_java:temp args.id int 1 run scoreboard players get @s aj.id
# Data Manager: Write
function animated_java:global/data_manager/write with storage animated_java:temp args