# This file was generated by Animated Java via MC-Build. It is not recommended to edit this file directly.
$data merge entity $(neck) {transformation: [-0.9792f,0.0859f,-0.1837f,-0.0768f,-0.0113f,0.8815f,0.4721f,6.3821f,0.2024f,0.4643f,-0.8622f,-0.3011f,0f,0f,0f,1f],start_interpolation: 0,interpolation_duration: 1}
$data merge entity $(right_thumb_2) {transformation: [-0.6539f,-0.453f,0.606f,-3.5135f,-0.4902f,0.8638f,0.1168f,3.9605f,-0.5764f,-0.2207f,-0.7868f,0.1261f,0f,0f,0f,1f],start_interpolation: 0,interpolation_duration: 1}
$data merge entity $(right_thumb) {transformation: [-0.6539f,0.4055f,0.6388f,-3.489f,-0.4902f,0.4162f,-0.7659f,4.0326f,-0.5764f,-0.8139f,-0.0734f,-0.2202f,0f,0f,0f,1f],start_interpolation: 0,interpolation_duration: 1}
$data merge entity $(right_fingers2) {transformation: [0.6242f,-0.0444f,0.78f,-3.5266f,0.752f,-0.2366f,-0.6152f,3.7469f,0.2118f,0.9706f,-0.1143f,0.3552f,0f,0f,0f,1f],start_interpolation: 0,interpolation_duration: 1}
$data merge entity $(right_fingers) {transformation: [-0.4134f,-0.4698f,0.78f,-3.6664f,-0.6438f,-0.455f,-0.6152f,3.5946f,0.644f,-0.7565f,-0.1143f,0.1569f,0f,0f,0f,1f],start_interpolation: 0,interpolation_duration: 1}
$data merge entity $(scout) {transformation: [0f,0f,0f,-3.4732f,0f,0f,0f,3.6547f,0f,0f,0f,0.2189f,0f,0f,0f,1f],start_interpolation: 0,interpolation_duration: 1}
$data merge entity $(right_hand) {transformation: [-0.5417f,0.3133f,0.78f,-3.4368f,-0.5724f,0.5421f,-0.6152f,3.9032f,-0.6156f,-0.7797f,-0.1143f,-0.3239f,0f,0f,0f,1f],start_interpolation: 0,interpolation_duration: 1}
$data merge entity $(right_forearm) {transformation: [-1.0576f,0.8823f,0.0147f,-2.0635f,0.6696f,0.8173f,-0.8836f,5.0741f,-0.5747f,-0.6713f,-1.0565f,-1.3494f,0f,0f,0f,1f],start_interpolation: 0,interpolation_duration: 1}
$data merge entity $(right_shoulder) {transformation: [-0.8312f,0.7201f,0.9698f,-1.0493f,1.1107f,0.9182f,0.2703f,5.961f,-0.4745f,0.8878f,-1.066f,-0.137f,0f,0f,0f,1f],start_interpolation: 0,interpolation_duration: 1}
$data merge entity $(right_arm) {transformation: [-0.9764f,0.0149f,-0.2155f,-0.4998f,-0.0983f,0.8576f,0.5048f,6.2895f,0.1923f,0.5141f,-0.8359f,-0.1953f,0f,0f,0f,1f],start_interpolation: 0,interpolation_duration: 1}
$data merge entity $(left_thumb_2) {transformation: [-0.1955f,0.7117f,0.6747f,0.8314f,-0.9669f,-0.2547f,-0.0115f,5.8455f,0.1637f,-0.6546f,0.738f,1.5921f,0f,0f,0f,1f],start_interpolation: 0,interpolation_duration: 1}
$data merge entity $(left_thumb) {transformation: [-0.1955f,0.9628f,0.1866f,1.1675f,-0.9669f,-0.221f,0.1272f,5.916f,0.1637f,-0.1556f,0.9742f,1.5041f,0f,0f,0f,1f],start_interpolation: 0,interpolation_duration: 1}
$data merge entity $(left_fingers2) {transformation: [0.7139f,-0.3438f,0.6101f,0.6247f,0.4264f,0.9045f,0.0108f,5.9805f,-0.5555f,0.2524f,0.7923f,2.0229f,0f,0f,0f,1f],start_interpolation: 0,interpolation_duration: 1}
$data merge entity $(left_fingers) {transformation: [0.4902f,0.6225f,0.6101f,0.7927f,-0.7907f,0.612f,0.0108f,6.1773f,-0.3667f,-0.4877f,0.7923f,1.9001f,0f,0f,0f,1f],start_interpolation: 0,interpolation_duration: 1}
$data merge entity $(left_hand) {transformation: [-0.1955f,0.7678f,0.6101f,1.2903f,-0.9669f,-0.2548f,0.0108f,6.0165f,0.1637f,-0.5878f,0.7923f,1.5749f,0f,0f,0f,1f],start_interpolation: 0,interpolation_duration: 1}
$data merge entity $(left_forearm) {transformation: [-1.2282f,0.6113f,0.1224f,2.1642f,-0.4266f,-0.627f,-1.1498f,5.0127f,-0.4545f,-1.0632f,0.7484f,-0.0179f,0f,0f,0f,1f],start_interpolation: 0,interpolation_duration: 1}
$data merge entity $(left_shoulder) {transformation: [-1.2066f,-0.824f,0.1231f,0.9125f,-0.7941f,1.072f,-0.6082f,6.1792f,0.2518f,-0.5671f,-1.3285f,-0.6159f,0f,0f,0f,1f],start_interpolation: 0,interpolation_duration: 1}
$data merge entity $(left_arm) {transformation: [-0.9764f,0.0149f,-0.2155f,0.3644f,-0.0983f,0.8576f,0.5048f,6.3765f,0.1923f,0.5141f,-0.8359f,-0.3656f,0f,0f,0f,1f],start_interpolation: 0,interpolation_duration: 1}
$data merge entity $(chest) {transformation: [-1.2484f,0.0191f,-0.2755f,-0.1022f,-0.1257f,1.0965f,0.6454f,4.8016f,0.2459f,0.6573f,-1.0687f,-1.2378f,0f,0f,0f,1f],start_interpolation: 0,interpolation_duration: 1}
$data merge entity $(left_cheek) {transformation: [-0.9554f,-0.2951f,-0.0057f,-0.0573f,-0.2941f,0.9499f,0.1056f,4.0331f,-0.0258f,0.1026f,-0.9944f,-2.408f,0f,0f,0f,1f],start_interpolation: 0,interpolation_duration: 1}
$data merge entity $(left_foot) {transformation: [-0.8892f,0.4062f,-0.2991f,0.4548f,-0.2667f,0.136f,0.9776f,0.5223f,0.4282f,0.9283f,-0.0123f,-7.1222f,0f,0f,0f,1f],start_interpolation: 0,interpolation_duration: 1}
$data merge entity $(left_knee) {transformation: [-2.9003f,0.3908f,-0.8294f,1.0449f,-0.8531f,-0.1428f,2.9161f,0.4685f,0.3357f,3.0131f,0.2458f,-2.9515f,0f,0f,0f,1f],start_interpolation: 0,interpolation_duration: 1}
$data merge entity $(left_leg) {transformation: [-1.6381f,-0.4179f,-0.3058f,0.3163f,-0.4819f,1.6016f,0.3926f,3.0027f,0.1896f,0.4601f,-1.6443f,-2.1583f,0f,0f,0f,1f],start_interpolation: 0,interpolation_duration: 1}
$data merge entity $(right_cheek) {transformation: [-0.9418f,0.0782f,-0.3269f,-0.8284f,0.157f,0.9623f,-0.2221f,3.8246f,0.2972f,-0.2605f,-0.9186f,-2.2752f,0f,0f,0f,1f],start_interpolation: 0,interpolation_duration: 1}
$data merge entity $(right_foot) {transformation: [-1.0211f,0.0121f,0.0494f,-1.3498f,0.0051f,1.0121f,-0.1445f,-1.7472f,-0.0506f,-0.144f,-1.0109f,1.0716f,0f,0f,0f,1f],start_interpolation: 0,interpolation_duration: 1}
$data merge entity $(right_knee) {transformation: [-3.0339f,0.2182f,-0.0049f,-1.1351f,0.2182f,3.0339f,0.0103f,2.4585f,0.0056f,0.01f,-3.0417f,0.9611f,0f,0f,0f,1f],start_interpolation: 0,interpolation_duration: 1}
$data merge entity $(right_leg) {transformation: [-1.7053f,0.024f,-0.2072f,-1.0196f,0.2082f,0.2913f,-1.6802f,2.9657f,0.0116f,-1.6929f,-0.292f,-1.743f,0f,0f,0f,1f],start_interpolation: 0,interpolation_duration: 1}
$data merge entity $(weist) {transformation: [-1.5487f,0.1433f,-0.4616f,-0.2393f,-0.043f,1.5024f,0.6106f,4.5571f,0.4814f,0.5951f,-1.4304f,-1.4488f,0f,0f,0f,1f],start_interpolation: 0,interpolation_duration: 1}
data modify storage animated_java:temp entry.data merge value {"locators":{"consume":{"px":-3.5257700315,"py":3.6213428038,"pz":0.376984104,"ry":81.6621625345,"rx":-37.9691741615}}}
# Data Manager: Prepare for Read / Write
execute store result storage animated_java:temp args.id int 1 run scoreboard players get @s aj.id
# Data Manager: Write
function animated_java:global/data_manager/write with storage animated_java:temp args