# This file was generated by Animated Java via MC-Build. It is not recommended to edit this file directly.
$data merge entity $(neck) {transformation: [-0.9112f,0.1396f,-0.3876f,-0.1859f,-0.0385f,0.9079f,0.4175f,6.3432f,0.4101f,0.3953f,-0.8219f,-0.2772f,0f,0f,0f,1f],start_interpolation: 0,interpolation_duration: 1}
$data merge entity $(right_thumb_2) {transformation: [-0.7604f,-0.6469f,-0.0582f,-2.0878f,-0.4809f,0.621f,-0.619f,5.6283f,0.4365f,-0.4426f,-0.7833f,3.5832f,0f,0f,0f,1f],start_interpolation: 0,interpolation_duration: 1}
$data merge entity $(right_thumb) {transformation: [-0.7604f,-0.2758f,0.588f,-2.2975f,-0.4809f,-0.3695f,-0.7951f,5.4493f,0.4365f,-0.8874f,0.1484f,3.3604f,0f,0f,0f,1f],start_interpolation: 0,interpolation_duration: 1}
$data merge entity $(right_fingers2) {transformation: [0.4426f,0.6219f,0.646f,-1.9182f,0.425f,0.4888f,-0.7618f,5.6348f,-0.7896f,0.6118f,-0.048f,3.8422f,0f,0f,0f,1f],start_interpolation: 0,interpolation_duration: 1}
$data merge entity $(right_fingers) {transformation: [0.2122f,-0.7333f,0.646f,-2.1165f,0.1189f,-0.6368f,-0.7618f,5.4512f,0.97f,0.2385f,-0.048f,3.9372f,0f,0f,0f,1f],start_interpolation: 0,interpolation_duration: 1}
$data merge entity $(scout) {transformation: [0f,0f,0f,-1.9423f,0f,0f,0f,5.4664f,0f,0f,0f,3.8179f,0f,0f,0f,1f],start_interpolation: 0,interpolation_duration: 1}
$data merge entity $(right_hand) {transformation: [-0.6811f,-0.3447f,0.646f,-2.2962f,-0.6036f,-0.235f,-0.7618f,5.2761f,0.4144f,-0.9088f,-0.048f,3.3748f,0f,0f,0f,1f],start_interpolation: 0,interpolation_duration: 1}
$data merge entity $(right_forearm) {transformation: [-1.2737f,-0.0282f,-0.5234f,-2.3047f,0.5238f,-0.0191f,-1.2737f,5.1792f,0.0188f,-1.3769f,0.0284f,1.3014f,0f,0f,0f,1f],start_interpolation: 0,interpolation_duration: 1}
$data merge entity $(right_shoulder) {transformation: [-1.1925f,0.8174f,-0.2444f,-1.0599f,0.7288f,0.7578f,-1.0219f,5.9891f,-0.4434f,-0.9526f,-1.0226f,0.2622f,0f,0f,0f,1f],start_interpolation: 0,interpolation_duration: 1}
$data merge entity $(right_arm) {transformation: [-0.8787f,0.1939f,-0.4363f,-0.5616f,-0.0221f,0.8963f,0.443f,6.2858f,0.4769f,0.3989f,-0.7832f,-0.0442f,0f,0f,0f,1f],start_interpolation: 0,interpolation_duration: 1}
$data merge entity $(left_thumb_2) {transformation: [-0.5377f,0.5248f,0.6599f,0.9334f,-0.8351f,-0.4393f,-0.3311f,5.7643f,0.1162f,-0.7291f,0.6745f,1.0423f,0f,0f,0f,1f],start_interpolation: 0,interpolation_duration: 1}
$data merge entity $(left_thumb) {transformation: [-0.5377f,0.7972f,0.2746f,1.2657f,-0.8351f,-0.5484f,-0.0432f,5.7123f,0.1162f,-0.2525f,0.9606f,0.9302f,0f,0f,0f,1f],start_interpolation: 0,interpolation_duration: 1}
$data merge entity $(left_fingers2) {transformation: [0.7902f,0.0389f,0.6117f,0.8175f,0.1794f,0.9396f,-0.2915f,5.9257f,-0.586f,0.3401f,0.7354f,1.4972f,0f,0f,0f,1f],start_interpolation: 0,interpolation_duration: 1}
$data merge entity $(left_fingers) {transformation: [0.1331f,0.7798f,0.6117f,1.0404f,-0.8785f,0.3785f,-0.2915f,6.0562f,-0.4589f,-0.4985f,0.7354f,1.3735f,0f,0f,0f,1f],start_interpolation: 0,interpolation_duration: 1}
$data merge entity $(left_hand) {transformation: [-0.5377f,0.5803f,0.6117f,1.4212f,-0.8351f,-0.4665f,-0.2915f,5.7526f,0.1162f,-0.6675f,0.7354f,0.9966f,0f,0f,0f,1f],start_interpolation: 0,interpolation_duration: 1}
$data merge entity $(left_forearm) {transformation: [-1.3623f,0.1915f,-0.0678f,1.6504f,-0.0518f,-0.7721f,-1.1395f,4.5463f,-0.1964f,-1.1244f,0.7708f,-0.6769f,0f,0f,0f,1f],start_interpolation: 0,interpolation_duration: 1}
$data merge entity $(left_shoulder) {transformation: [-1.2969f,-0.607f,-0.3156f,0.6591f,-0.5152f,1.3115f,-0.4055f,6.0545f,0.4501f,-0.2478f,-1.3732f,-0.8442f,0f,0f,0f,1f],start_interpolation: 0,interpolation_duration: 1}
$data merge entity $(left_arm) {transformation: [-0.8787f,0.1939f,-0.4363f,0.2161f,-0.0221f,0.8963f,0.443f,6.3054f,0.4769f,0.3989f,-0.7832f,-0.4663f,0f,0f,0f,1f],start_interpolation: 0,interpolation_duration: 1}
$data merge entity $(chest) {transformation: [-1.1234f,0.2479f,-0.5578f,-0.5381f,-0.0283f,1.1459f,0.5664f,4.6922f,0.6097f,0.51f,-1.0014f,-1.0028f,0f,0f,0f,1f],start_interpolation: 0,interpolation_duration: 1}
$data merge entity $(left_cheek) {transformation: [-0.9365f,-0.3366f,-0.098f,-0.5508f,-0.3402f,0.9401f,0.0221f,3.8606f,0.0847f,0.0541f,-0.9949f,-2.0923f,0f,0f,0f,1f],start_interpolation: 0,interpolation_duration: 1}
$data merge entity $(left_foot) {transformation: [-0.9092f,0.2668f,-0.3839f,0.3099f,-0.1908f,0.5547f,0.8374f,-0.6613f,0.4268f,0.8163f,-0.4435f,-6.5226f,0f,0f,0f,1f],start_interpolation: 0,interpolation_duration: 1}
$data merge entity $(left_knee) {transformation: [-2.898f,0.2005f,-0.9019f,0.6338f,-0.8516f,0.5718f,2.8636f,0.2716f,0.3583f,2.9808f,-0.4886f,-2.4274f,0f,0f,0f,1f],start_interpolation: 0,interpolation_duration: 1}
$data merge entity $(left_leg) {transformation: [-1.6368f,-0.4343f,-0.2894f,-0.1216f,-0.481f,1.6249f,0.2821f,2.8466f,0.2024f,0.3498f,-1.6697f,-1.8096f,0f,0f,0f,1f],start_interpolation: 0,interpolation_duration: 1}
$data merge entity $(right_cheek) {transformation: [-0.9046f,0.0213f,-0.4257f,-1.3047f,0.1574f,0.9448f,-0.2874f,3.5979f,0.3961f,-0.327f,-0.858f,-1.9155f,0f,0f,0f,1f],start_interpolation: 0,interpolation_duration: 1}
$data merge entity $(right_foot) {transformation: [-1.022f,0.0269f,0.0074f,-1.9733f,0.0258f,1.0139f,-0.1284f,-2.4972f,-0.0107f,-0.1282f,-1.0142f,1.1855f,0f,0f,0f,1f],start_interpolation: 0,interpolation_duration: 1}
$data merge entity $(right_knee) {transformation: [-3.0172f,0.3763f,-0.0857f,-1.5426f,0.3715f,3.0147f,0.1596f,1.6924f,0.1047f,0.1479f,-3.0363f,1.2689f,0f,0f,0f,1f],start_interpolation: 0,interpolation_duration: 1}
$data merge entity $(right_leg) {transformation: [-1.6832f,0.0373f,-0.3418f,-1.4029f,0.329f,0.6708f,-1.547f,2.7987f,0.0999f,-1.5812f,-0.6644f,-1.2489f,0f,0f,0f,1f],start_interpolation: 0,interpolation_duration: 1}
$data merge entity $(weist) {transformation: [-1.4854f,0.1357f,-0.6381f,-0.6704f,-0.0555f,1.5548f,0.4597f,4.438f,0.65f,0.4428f,-1.4189f,-1.1816f,0f,0f,0f,1f],start_interpolation: 0,interpolation_duration: 1}
data modify storage animated_java:temp entry.data merge value {"locators":{"consume":{"px":-1.8789417167,"py":5.5628195317,"pz":3.9425785519,"ry":85.7538359124,"rx":-49.6264842717}}}
# Data Manager: Prepare for Read / Write
execute store result storage animated_java:temp args.id int 1 run scoreboard players get @s aj.id
# Data Manager: Write
function animated_java:global/data_manager/write with storage animated_java:temp args
execute unless entity @s[tag=aj.transforms_only] at @s run function animated_java:female/animations/berserk_leap_r/zzz/frames/9_root_function