# This file was generated by Animated Java via MC-Build. It is not recommended to edit this file directly.
$data merge entity $(neck) {transformation: [-0.999f,-0.0027f,0.0435f,-0.001f,-0.0008f,0.999f,0.0437f,5.9378f,-0.0436f,0.0436f,-0.9981f,0.0216f,0f,0f,0f,1f],start_interpolation: 0,interpolation_duration: 1}
$data merge entity $(right_thumb_2) {transformation: [0.2458f,0.4076f,0.8794f,-4.0496f,0.4763f,0.7394f,-0.4758f,4.7475f,-0.8443f,0.5358f,-0.0124f,-2.2999f,0f,0f,0f,1f],start_interpolation: 0,interpolation_duration: 1}
$data merge entity $(right_thumb) {transformation: [0.2458f,0.9607f,0.1287f,-3.7059f,0.4763f,-0.004f,-0.8793f,4.8292f,-0.8443f,0.2774f,-0.4585f,-2.3293f,0f,0f,0f,1f],start_interpolation: 0,interpolation_duration: 1}
$data merge entity $(right_fingers2) {transformation: [-0.77f,-0.6378f,-0.0189f,-4.2989f,-0.0897f,0.1375f,-0.9864f,4.8068f,0.6318f,-0.7578f,-0.1631f,-2.6192f,0f,0f,0f,1f],start_interpolation: 0,interpolation_duration: 1}
$data merge entity $(right_fingers) {transformation: [-0.5683f,0.8226f,-0.0189f,-4.0806f,0.1448f,0.0774f,-0.9864f,4.8257f,-0.81f,-0.5633f,-0.1631f,-2.8038f,0f,0f,0f,1f],start_interpolation: 0,interpolation_duration: 1}
$data merge entity $(scout) {transformation: [-2.4391f,-1.6075f,0.605f,-4.1632f,-0.2058f,1.3168f,2.6688f,4.6952f,-1.7052f,2.1404f,-1.1876f,-2.659f,0f,0f,0f,1f],start_interpolation: 0,interpolation_duration: 1}
$data merge entity $(right_hand) {transformation: [0.6475f,0.7618f,-0.0189f,-3.6168f,0.1122f,-0.1198f,-0.9864f,4.7079f,-0.7538f,0.6366f,-0.1631f,-2.4162f,0f,0f,0f,1f],start_interpolation: 0,interpolation_duration: 1}
$data merge entity $(right_forearm) {transformation: [-0.0133f,1.3156f,0.4077f,-1.6201f,1.1968f,0.2128f,-0.6477f,4.955f,-0.6816f,0.348f,-1.1452f,-1.9055f,0f,0f,0f,1f],start_interpolation: 0,interpolation_duration: 1}
$data merge entity $(right_shoulder) {transformation: [-1.0141f,0.4203f,0.9719f,-0.9345f,1.0215f,0.743f,0.7445f,5.631f,-0.2791f,1.1921f,-0.8067f,-0.3699f,0f,0f,0f,1f],start_interpolation: 0,interpolation_duration: 1}
$data merge entity $(right_arm) {transformation: [-0.9064f,-0.0027f,0.4225f,-0.4206f,0.016f,0.999f,0.0407f,5.9118f,-0.4222f,0.0436f,-0.9054f,-0.1268f,0f,0f,0f,1f],start_interpolation: 0,interpolation_duration: 1}
$data merge entity $(left_thumb_2) {transformation: [-0.4255f,-0.1468f,0.893f,1.5433f,-0.8305f,0.4554f,-0.3208f,3.9553f,-0.3596f,-0.8781f,-0.3157f,3.4414f,0f,0f,0f,1f],start_interpolation: 0,interpolation_duration: 1}
$data merge entity $(left_thumb) {transformation: [-0.4255f,0.356f,0.832f,1.7092f,-0.8305f,0.2117f,-0.5153f,4.1538f,-0.3596f,-0.9102f,0.2055f,3.199f,0f,0f,0f,1f],start_interpolation: 0,interpolation_duration: 1}
$data merge entity $(left_fingers2) {transformation: [0.4672f,-0.351f,0.8115f,1.5098f,0.7948f,-0.2353f,-0.5593f,3.8962f,0.3872f,0.9063f,0.1691f,3.7802f,0f,0f,0f,1f],start_interpolation: 0,interpolation_duration: 1}
$data merge entity $(left_fingers) {transformation: [0.1247f,0.5709f,0.8115f,1.6749f,-0.1168f,0.8207f,-0.5593f,4.1293f,-0.9853f,-0.025f,0.1691f,3.8021f,0f,0f,0f,1f],start_interpolation: 0,interpolation_duration: 1}
$data merge entity $(left_hand) {transformation: [-0.5129f,0.28f,0.8115f,1.8802f,-0.8205f,0.1182f,-0.5593f,4.1731f,-0.2525f,-0.9527f,0.1691f,3.2231f,0f,0f,0f,1f],start_interpolation: 0,interpolation_duration: 1}
$data merge entity $(left_forearm) {transformation: [-1.3058f,0.079f,0.4311f,1.9606f,-0.423f,0.1277f,-1.3046f,4.3003f,-0.1148f,-1.3692f,-0.0968f,1.1529f,0f,0f,0f,1f],start_interpolation: 0,interpolation_duration: 1}
$data merge entity $(left_shoulder) {transformation: [-1.1768f,-0.6687f,0.5638f,0.89f,-0.8089f,1.1916f,-0.2751f,5.5989f,-0.3327f,-0.5319f,-1.3252f,0.4801f,0f,0f,0f,1f],start_interpolation: 0,interpolation_duration: 1}
$data merge entity $(left_arm) {transformation: [-0.9064f,-0.0027f,0.4225f,0.3816f,0.016f,0.999f,0.0407f,5.8976f,-0.4222f,0.0436f,-0.9054f,0.2469f,0f,0f,0f,1f],start_interpolation: 0,interpolation_duration: 1}
$data merge entity $(chest) {transformation: [-1.1588f,-0.0034f,0.5402f,0f,0.0204f,1.2773f,0.052f,4.1018f,-0.5398f,0.0558f,-1.1576f,-0.05f,0f,0f,0f,1f],start_interpolation: 0,interpolation_duration: 1}
data modify storage animated_java:temp entry.data merge value {"locators":{"consume":{"px":-4.3149274835,"py":4.7465754021,"pz":-2.7157626842,"ry":353.3839900856,"rx":-80.5510235969}}}
# Data Manager: Prepare for Read / Write
execute store result storage animated_java:temp args.id int 1 run scoreboard players get @s aj.id
# Data Manager: Write
function animated_java:global/data_manager/write with storage animated_java:temp args