# This file was generated by Animated Java via MC-Build. It is not recommended to edit this file directly.
$data merge entity $(neck) {transformation: [-0.999f,0.0071f,0.0439f,0.017f,0.009f,0.999f,0.0433f,5.9377f,-0.0436f,0.0436f,-0.9981f,0.0216f,0f,0f,0f,1f],start_interpolation: 0,interpolation_duration: 1}
$data merge entity $(right_thumb_2) {transformation: [0.21f,0.4889f,0.8467f,-4.2076f,0.3899f,0.7523f,-0.5311f,4.8974f,-0.8966f,0.4417f,-0.0326f,-2.047f,0f,0f,0f,1f],start_interpolation: 0,interpolation_duration: 1}
$data merge entity $(right_thumb) {transformation: [0.21f,0.9768f,0.0426f,-3.8628f,0.3899f,-0.0437f,-0.9198f,4.9541f,-0.8966f,0.2098f,-0.39f,-2.1069f,0f,0f,0f,1f],start_interpolation: 0,interpolation_duration: 1}
$data merge entity $(right_fingers2) {transformation: [-0.7249f,-0.6831f,-0.0888f,-4.4759f,0.0114f,0.117f,-0.9931f,4.9468f,0.6887f,-0.7209f,-0.0771f,-2.3523f,0f,0f,0f,1f],start_interpolation: 0,interpolation_duration: 1}
$data merge entity $(right_fingers) {transformation: [-0.6173f,0.7817f,-0.0888f,-4.2712f,0.1156f,-0.0215f,-0.9931f,4.9367f,-0.7782f,-0.6233f,-0.0771f,-2.5524f,0f,0f,0f,1f],start_interpolation: 0,interpolation_duration: 1}
$data merge entity $(scout) {transformation: [-2.5666f,1.4981f,0.2592f,-4.3504f,-0.1844f,0.1982f,-2.9708f,4.8239f,-1.5092f,-2.5721f,-0.078f,-2.3917f,0f,0f,0f,1f],start_interpolation: 0,interpolation_duration: 1}
$data merge entity $(right_hand) {transformation: [0.5953f,0.7986f,-0.0888f,-3.7877f,0.0091f,-0.1172f,-0.9931f,4.8207f,-0.8034f,0.5904f,-0.0771f,-2.1892f,0f,0f,0f,1f],start_interpolation: 0,interpolation_duration: 1}
$data merge entity $(right_forearm) {transformation: [0.0064f,1.348f,0.283f,-1.7476f,1.1364f,0.1547f,-0.7627f,4.9787f,-0.7782f,0.2371f,-1.1115f,-1.8402f,0f,0f,0f,1f],start_interpolation: 0,interpolation_duration: 1}
$data merge entity $(right_shoulder) {transformation: [-0.9485f,0.5481f,0.9746f,-0.9195f,1.0897f,0.7397f,0.6445f,5.6401f,-0.2507f,1.1412f,-0.8858f,-0.3699f,0f,0f,0f,1f],start_interpolation: 0,interpolation_duration: 1}
$data merge entity $(right_arm) {transformation: [-0.9062f,0.0071f,0.4229f,-0.4029f,0.0248f,0.999f,0.0365f,5.9158f,-0.4222f,0.0436f,-0.9054f,-0.1268f,0f,0f,0f,1f],start_interpolation: 0,interpolation_duration: 1}
$data merge entity $(left_forearm) {transformation: [-1.3098f,0.0803f,0.4183f,1.9624f,-0.4102f,0.1269f,-1.3087f,4.2811f,-0.1148f,-1.3692f,-0.0968f,1.1529f,0f,0f,0f,1f],start_interpolation: 0,interpolation_duration: 1}
$data merge entity $(left_shoulder) {transformation: [-1.1846f,-0.657f,0.5611f,0.9045f,-0.7974f,1.198f,-0.2806f,5.5901f,-0.3327f,-0.5319f,-1.3252f,0.4801f,0f,0f,0f,1f],start_interpolation: 0,interpolation_duration: 1}
$data merge entity $(left_arm) {transformation: [-0.9062f,0.0071f,0.4229f,0.3991f,0.0248f,0.999f,0.0365f,5.8938f,-0.4222f,0.0436f,-0.9054f,0.2469f,0f,0f,0f,1f],start_interpolation: 0,interpolation_duration: 1}
$data merge entity $(chest) {transformation: [-1.1586f,0.009f,0.5407f,0f,0.0317f,1.2773f,0.0467f,4.1018f,-0.5398f,0.0558f,-1.1576f,-0.05f,0f,0f,0f,1f],start_interpolation: 0,interpolation_duration: 1}
data modify storage animated_java:temp entry.data merge value {"locators":{"consume":{"px":-4.502641933,"py":4.8802056767,"pz":-2.4420082378,"ry":310.9576262259,"rx":-83.2486762892}}}
# Data Manager: Prepare for Read / Write
execute store result storage animated_java:temp args.id int 1 run scoreboard players get @s aj.id
# Data Manager: Write
function animated_java:global/data_manager/write with storage animated_java:temp args