# This file was generated by Animated Java via MC-Build. It is not recommended to edit this file directly.
$data merge entity $(neck) {transformation: [-0.999f,-0.0087f,0.0432f,-0.012f,-0.0068f,0.999f,0.044f,5.9378f,-0.0436f,0.0436f,-0.9981f,0.0216f,0f,0f,0f,1f],start_interpolation: 0,interpolation_duration: 1}
$data merge entity $(right_thumb_2) {transformation: [0.2312f,0.3363f,0.9129f,-4.0527f,0.4247f,0.8094f,-0.4057f,4.4269f,-0.8753f,0.4815f,0.0443f,-2.2712f,0f,0f,0f,1f],start_interpolation: 0,interpolation_duration: 1}
$data merge entity $(right_thumb) {transformation: [0.2312f,0.9506f,0.2069f,-3.7155f,0.4247f,0.0927f,-0.9006f,4.5324f,-0.8753f,0.2961f,-0.3822f,-2.3003f,0f,0f,0f,1f],start_interpolation: 0,interpolation_duration: 1}
$data merge entity $(right_fingers2) {transformation: [-0.7774f,-0.6262f,0.0601f,-4.2973f,-0.0982f,0.0264f,-0.9948f,4.4409f,0.6214f,-0.7792f,-0.082f,-2.5993f,0f,0f,0f,1f],start_interpolation: 0,interpolation_duration: 1}
$data merge entity $(right_fingers) {transformation: [-0.5561f,0.829f,0.0601f,-4.0763f,0.0349f,0.0955f,-0.9948f,4.4618f,-0.8304f,-0.5511f,-0.082f,-2.7803f,0f,0f,0f,1f],start_interpolation: 0,interpolation_duration: 1}
$data merge entity $(scout) {transformation: [-2.3707f,-0.9547f,-1.5386f,-4.1526f,-0.5304f,-2.0576f,2.0939f,4.3374f,-1.7313f,1.9376f,1.4654f,-2.6271f,0f,0f,0f,1f],start_interpolation: 0,interpolation_duration: 1}
$data merge entity $(right_hand) {transformation: [0.6568f,0.7517f,0.0601f,-3.6152f,0.1013f,-0.009f,-0.9948f,4.4118f,-0.7472f,0.6595f,-0.082f,-2.3752f,0f,0f,0f,1f],start_interpolation: 0,interpolation_duration: 1}
$data merge entity $(right_forearm) {transformation: [-0.0858f,1.2861f,0.4856f,-1.6572f,1.1337f,0.3414f,-0.7038f,4.8532f,-0.7775f,0.3558f,-1.0798f,-1.8463f,0f,0f,0f,1f],start_interpolation: 0,interpolation_duration: 1}
$data merge entity $(right_shoulder) {transformation: [-1.0525f,0.4356f,0.9233f,-0.9437f,0.977f,0.8142f,0.7297f,5.6254f,-0.2959f,1.139f,-0.8746f,-0.3699f,0f,0f,0f,1f],start_interpolation: 0,interpolation_duration: 1}
$data merge entity $(right_arm) {transformation: [-0.9064f,-0.0087f,0.4223f,-0.4315f,0.0105f,0.999f,0.0432f,5.9092f,-0.4222f,0.0436f,-0.9054f,-0.1268f,0f,0f,0f,1f],start_interpolation: 0,interpolation_duration: 1}
$data merge entity $(left_thumb_2) {transformation: [-0.4205f,-0.1496f,0.8949f,1.5442f,-0.833f,0.4545f,-0.3154f,3.9646f,-0.3596f,-0.8781f,-0.3157f,3.4414f,0f,0f,0f,1f],start_interpolation: 0,interpolation_duration: 1}
$data merge entity $(left_thumb) {transformation: [-0.4205f,0.3547f,0.8351f,1.7088f,-0.833f,0.2139f,-0.5102f,4.1641f,-0.3596f,-0.9102f,0.2055f,3.199f,0f,0f,0f,1f],start_interpolation: 0,interpolation_duration: 1}
$data merge entity $(left_fingers2) {transformation: [0.4624f,-0.3496f,0.8149f,1.511f,0.7977f,-0.2374f,-0.5544f,3.9054f,0.3872f,0.9063f,0.1691f,3.7802f,0f,0f,0f,1f],start_interpolation: 0,interpolation_duration: 1}
$data merge entity $(left_fingers) {transformation: [0.1254f,0.5659f,0.8149f,1.6748f,-0.1161f,0.8241f,-0.5544f,4.1394f,-0.9853f,-0.025f,0.1691f,3.8021f,0f,0f,0f,1f],start_interpolation: 0,interpolation_duration: 1}
$data merge entity $(left_hand) {transformation: [-0.508f,0.2792f,0.8149f,1.8797f,-0.8235f,0.1199f,-0.5544f,4.1844f,-0.2525f,-0.9527f,0.1691f,3.2231f,0f,0f,0f,1f],start_interpolation: 0,interpolation_duration: 1}
$data merge entity $(left_forearm) {transformation: [-1.3032f,0.0782f,0.4389f,1.9593f,-0.4308f,0.1282f,-1.302f,4.3121f,-0.1148f,-1.3692f,-0.0968f,1.1529f,0f,0f,0f,1f],start_interpolation: 0,interpolation_duration: 1}
$data merge entity $(left_shoulder) {transformation: [-1.1719f,-0.6759f,0.5654f,0.8809f,-0.816f,1.1875f,-0.2717f,5.6042f,-0.3327f,-0.5319f,-1.3252f,0.4801f,0f,0f,0f,1f],start_interpolation: 0,interpolation_duration: 1}
$data merge entity $(left_arm) {transformation: [-0.9064f,-0.0087f,0.4223f,0.3708f,0.0105f,0.999f,0.0432f,5.8999f,-0.4222f,0.0436f,-0.9054f,0.2469f,0f,0f,0f,1f],start_interpolation: 0,interpolation_duration: 1}
$data merge entity $(chest) {transformation: [-1.1589f,-0.0111f,0.5399f,0f,0.0135f,1.2773f,0.0553f,4.1018f,-0.5398f,0.0558f,-1.1576f,-0.05f,0f,0f,0f,1f],start_interpolation: 0,interpolation_duration: 1}
data modify storage animated_java:temp entry.data merge value {"locators":{"consume":{"px":-4.3061785854,"py":4.3720860316,"pz":-2.6908633514,"ry":36.216289025,"rx":-84.1648769778}}}
# Data Manager: Prepare for Read / Write
execute store result storage animated_java:temp args.id int 1 run scoreboard players get @s aj.id
# Data Manager: Write
function animated_java:global/data_manager/write with storage animated_java:temp args
execute unless entity @s[tag=aj.transforms_only] at @s run function animated_java:female/animations/swing_mid_loop/zzz/frames/20_root_function