# This file was generated by Animated Java via MC-Build. It is not recommended to edit this file directly.
$data merge entity $(neck) {transformation: [-0.999f,0.0071f,0.0439f,0.017f,0.009f,0.999f,0.0433f,5.9377f,-0.0436f,0.0436f,-0.9981f,0.0216f,0f,0f,0f,1f],start_interpolation: 0,interpolation_duration: 1}
$data merge entity $(right_thumb_2) {transformation: [0.2363f,0.4988f,0.8339f,-4.1292f,0.4558f,0.7011f,-0.5484f,5.0296f,-0.8582f,0.5096f,-0.0617f,-2.1554f,0f,0f,0f,1f],start_interpolation: 0,interpolation_duration: 1}
$data merge entity $(right_thumb) {transformation: [0.2363f,0.9713f,0.0274f,-3.7821f,0.4558f,-0.0859f,-0.8859f,5.082f,-0.8582f,0.2218f,-0.463f,-2.2048f,0f,0f,0f,1f],start_interpolation: 0,interpolation_duration: 1}
$data merge entity $(right_fingers2) {transformation: [-0.7372f,-0.6664f,-0.1116f,-4.3905f,-0.0258f,0.1927f,-0.9809f,5.1105f,0.6752f,-0.7203f,-0.1592f,-2.4601f,0f,0f,0f,1f],start_interpolation: 0,interpolation_duration: 1}
$data merge entity $(right_fingers) {transformation: [-0.5996f,0.7925f,-0.1116f,-4.1824f,0.1942f,0.0089f,-0.9809f,5.1113f,-0.7764f,-0.6098f,-0.1592f,-2.6569f,0f,0f,0f,1f],start_interpolation: 0,interpolation_duration: 1}
$data merge entity $(scout) {transformation: [-2.5416f,0.3003f,1.5326f,-4.2673f,0.0051f,2.929f,-0.5655f,4.988f,-1.5618f,-0.4792f,-2.4961f,-2.5073f,0f,0f,0f,1f],start_interpolation: 0,interpolation_duration: 1}
$data merge entity $(right_hand) {transformation: [0.6103f,0.7843f,-0.1116f,-3.7086f,0.0588f,-0.1853f,-0.9809f,4.9538f,-0.79f,0.5921f,-0.1592f,-2.2963f,0f,0f,0f,1f],start_interpolation: 0,interpolation_duration: 1}
$data merge entity $(right_forearm) {transformation: [0.0488f,1.3467f,0.285f,-1.6723f,1.1953f,0.1f,-0.6771f,5.0301f,-0.6827f,0.2713f,-1.1651f,-1.9017f,0f,0f,0f,1f],start_interpolation: 0,interpolation_duration: 1}
$data merge entity $(right_shoulder) {transformation: [-0.9485f,0.4871f,1.0065f,-0.9195f,1.0897f,0.6986f,0.6888f,5.6401f,-0.2507f,1.1935f,-0.8139f,-0.3699f,0f,0f,0f,1f],start_interpolation: 0,interpolation_duration: 1}
$data merge entity $(right_arm) {transformation: [-0.9062f,0.0071f,0.4229f,-0.4029f,0.0248f,0.999f,0.0365f,5.9158f,-0.4222f,0.0436f,-0.9054f,-0.1268f,0f,0f,0f,1f],start_interpolation: 0,interpolation_duration: 1}
$data merge entity $(left_thumb_2) {transformation: [-0.4336f,-0.1424f,0.8898f,1.5418f,-0.8263f,0.4568f,-0.3295f,3.9403f,-0.3596f,-0.8781f,-0.3157f,3.4414f,0f,0f,0f,1f],start_interpolation: 0,interpolation_duration: 1}
$data merge entity $(left_thumb) {transformation: [-0.4336f,0.358f,0.8269f,1.7096f,-0.8263f,0.2082f,-0.5234f,4.1372f,-0.3596f,-0.9102f,0.2055f,3.199f,0f,0f,0f,1f],start_interpolation: 0,interpolation_duration: 1}
$data merge entity $(left_fingers2) {transformation: [0.4749f,-0.3533f,0.806f,1.5078f,0.7903f,-0.2318f,-0.5672f,3.8815f,0.3872f,0.9063f,0.1691f,3.7802f,0f,0f,0f,1f],start_interpolation: 0,interpolation_duration: 1}
$data merge entity $(left_fingers) {transformation: [0.1236f,0.5788f,0.806f,1.6751f,-0.118f,0.815f,-0.5672f,4.113f,-0.9853f,-0.025f,0.1691f,3.8021f,0f,0f,0f,1f],start_interpolation: 0,interpolation_duration: 1}
$data merge entity $(left_hand) {transformation: [-0.5209f,0.2811f,0.806f,1.8808f,-0.8154f,0.1155f,-0.5672f,4.1547f,-0.2525f,-0.9527f,0.1691f,3.2231f,0f,0f,0f,1f],start_interpolation: 0,interpolation_duration: 1}
$data merge entity $(left_forearm) {transformation: [-1.3098f,0.0803f,0.4183f,1.9624f,-0.4102f,0.1269f,-1.3087f,4.2811f,-0.1148f,-1.3692f,-0.0968f,1.1529f,0f,0f,0f,1f],start_interpolation: 0,interpolation_duration: 1}
$data merge entity $(left_shoulder) {transformation: [-1.1846f,-0.657f,0.5611f,0.9045f,-0.7974f,1.198f,-0.2806f,5.5901f,-0.3327f,-0.5319f,-1.3252f,0.4801f,0f,0f,0f,1f],start_interpolation: 0,interpolation_duration: 1}
$data merge entity $(left_arm) {transformation: [-0.9062f,0.0071f,0.4229f,0.3991f,0.0248f,0.999f,0.0365f,5.8938f,-0.4222f,0.0436f,-0.9054f,0.2469f,0f,0f,0f,1f],start_interpolation: 0,interpolation_duration: 1}
$data merge entity $(chest) {transformation: [-1.1586f,0.009f,0.5407f,0f,0.0317f,1.2773f,0.0467f,4.1018f,-0.5398f,0.0558f,-1.1576f,-0.05f,0f,0f,0f,1f],start_interpolation: 0,interpolation_duration: 1}
data modify storage animated_java:temp entry.data merge value {"locators":{"consume":{"px":-4.4170868445,"py":5.0520913434,"pz":-2.5553923281,"ry":324.9881610167,"rx":-78.7887451314}}}
# Data Manager: Prepare for Read / Write
execute store result storage animated_java:temp args.id int 1 run scoreboard players get @s aj.id
# Data Manager: Write
function animated_java:global/data_manager/write with storage animated_java:temp args