# This file was generated by Animated Java via MC-Build. It is not recommended to edit this file directly.
$data merge entity $(neck) {transformation: [-0.999f,-0.0027f,0.0435f,-0.001f,-0.0008f,0.999f,0.0437f,5.9378f,-0.0436f,0.0436f,-0.9981f,0.0216f,0f,0f,0f,1f],start_interpolation: 0,interpolation_duration: 1}
$data merge entity $(right_thumb_2) {transformation: [0.2102f,0.3868f,0.8979f,-4.1627f,0.3685f,0.8193f,-0.4392f,4.5156f,-0.9056f,0.4232f,0.0297f,-2.1094f,0f,0f,0f,1f],start_interpolation: 0,interpolation_duration: 1}
$data merge entity $(right_thumb) {transformation: [0.2102f,0.9651f,0.1562f,-3.8232f,0.3685f,0.0698f,-0.927f,4.6057f,-0.9056f,0.2525f,-0.3409f,-2.1576f,0f,0f,0f,1f],start_interpolation: 0,interpolation_duration: 1}
$data merge entity $(right_fingers2) {transformation: [-0.7537f,-0.6569f,0.0186f,-4.4201f,-0.034f,0.0107f,-0.9994f,4.5222f,0.6563f,-0.7539f,-0.0304f,-2.4278f,0f,0f,0f,1f],start_interpolation: 0,interpolation_duration: 1}
$data merge entity $(right_fingers) {transformation: [-0.5887f,0.8081f,0.0186f,-4.2063f,0.0136f,0.033f,-0.9994f,4.5246f,-0.8082f,-0.5881f,-0.0304f,-2.6184f,0f,0f,0f,1f],start_interpolation: 0,interpolation_duration: 1}
$data merge entity $(scout) {transformation: [-2.4598f,1.033f,-1.3346f,-4.2808f,-0.5246f,-2.7102f,-1.1308f,4.4116f,-1.6041f,-0.6977f,2.4165f,-2.4557f,0f,0f,0f,1f],start_interpolation: 0,interpolation_duration: 1}
$data merge entity $(right_hand) {transformation: [0.6282f,0.7778f,0.0186f,-3.7308f,0.0354f,-0.0046f,-0.9994f,4.4775f,-0.7772f,0.6285f,-0.0304f,-2.2298f,0f,0f,0f,1f],start_interpolation: 0,interpolation_duration: 1}
$data merge entity $(right_forearm) {transformation: [-0.0752f,1.312f,0.4126f,-1.7369f,1.0938f,0.3075f,-0.7785f,4.8668f,-0.8337f,0.2852f,-1.0587f,-1.8042f,0f,0f,0f,1f],start_interpolation: 0,interpolation_duration: 1}
$data merge entity $(right_shoulder) {transformation: [-1.0141f,0.5149f,0.9253f,-0.9345f,1.0215f,0.8133f,0.667f,5.631f,-0.2791f,1.106f,-0.9213f,-0.3699f,0f,0f,0f,1f],start_interpolation: 0,interpolation_duration: 1}
$data merge entity $(right_arm) {transformation: [-0.9064f,-0.0027f,0.4225f,-0.4206f,0.016f,0.999f,0.0407f,5.9118f,-0.4222f,0.0436f,-0.9054f,-0.1268f,0f,0f,0f,1f],start_interpolation: 0,interpolation_duration: 1}
$data merge entity $(left_thumb_2) {transformation: [-0.4255f,-0.1468f,0.893f,1.5433f,-0.8305f,0.4554f,-0.3208f,3.9553f,-0.3596f,-0.8781f,-0.3157f,3.4414f,0f,0f,0f,1f],start_interpolation: 0,interpolation_duration: 1}
$data merge entity $(left_thumb) {transformation: [-0.4255f,0.356f,0.832f,1.7092f,-0.8305f,0.2117f,-0.5153f,4.1538f,-0.3596f,-0.9102f,0.2055f,3.199f,0f,0f,0f,1f],start_interpolation: 0,interpolation_duration: 1}
$data merge entity $(left_fingers2) {transformation: [0.4672f,-0.351f,0.8115f,1.5098f,0.7948f,-0.2353f,-0.5593f,3.8962f,0.3872f,0.9063f,0.1691f,3.7802f,0f,0f,0f,1f],start_interpolation: 0,interpolation_duration: 1}
$data merge entity $(left_fingers) {transformation: [0.1247f,0.5709f,0.8115f,1.6749f,-0.1168f,0.8207f,-0.5593f,4.1293f,-0.9853f,-0.025f,0.1691f,3.8021f,0f,0f,0f,1f],start_interpolation: 0,interpolation_duration: 1}
$data merge entity $(left_hand) {transformation: [-0.5129f,0.28f,0.8115f,1.8802f,-0.8205f,0.1182f,-0.5593f,4.1731f,-0.2525f,-0.9527f,0.1691f,3.2231f,0f,0f,0f,1f],start_interpolation: 0,interpolation_duration: 1}
$data merge entity $(left_forearm) {transformation: [-1.3058f,0.079f,0.4311f,1.9606f,-0.423f,0.1277f,-1.3046f,4.3003f,-0.1148f,-1.3692f,-0.0968f,1.1529f,0f,0f,0f,1f],start_interpolation: 0,interpolation_duration: 1}
$data merge entity $(left_shoulder) {transformation: [-1.1768f,-0.6687f,0.5638f,0.89f,-0.8089f,1.1916f,-0.2751f,5.5989f,-0.3327f,-0.5319f,-1.3252f,0.4801f,0f,0f,0f,1f],start_interpolation: 0,interpolation_duration: 1}
$data merge entity $(left_arm) {transformation: [-0.9064f,-0.0027f,0.4225f,0.3816f,0.016f,0.999f,0.0407f,5.8976f,-0.4222f,0.0436f,-0.9054f,0.2469f,0f,0f,0f,1f],start_interpolation: 0,interpolation_duration: 1}
$data merge entity $(chest) {transformation: [-1.1588f,-0.0034f,0.5402f,0f,0.0204f,1.2773f,0.052f,4.1018f,-0.5398f,0.0558f,-1.1576f,-0.05f,0f,0f,0f,1f],start_interpolation: 0,interpolation_duration: 1}
data modify storage animated_java:temp entry.data merge value {"locators":{"consume":{"px":-4.4354524936,"py":4.4490784137,"pz":-2.5150580675,"ry":31.5009304548,"rx":-87.9547693054}}}
# Data Manager: Prepare for Read / Write
execute store result storage animated_java:temp args.id int 1 run scoreboard players get @s aj.id
# Data Manager: Write
function animated_java:global/data_manager/write with storage animated_java:temp args