# This file was generated by Animated Java via MC-Build. It is not recommended to edit this file directly.
$data merge entity $(neck) {transformation: [-0.9518f,-0.1465f,0.2695f,0.0352f,-0.0082f,0.8904f,0.455f,6.1865f,-0.3067f,0.4309f,-0.8487f,-0.2561f,0f,0f,0f,1f],start_interpolation: 0,interpolation_duration: 1}
$data merge entity $(right_thumb_2) {transformation: [-0.23f,-0.2145f,-0.9493f,-0.7542f,0.916f,-0.3771f,-0.1367f,6.7717f,-0.3287f,-0.901f,0.2832f,2.272f,0f,0f,0f,1f],start_interpolation: 0,interpolation_duration: 1}
$data merge entity $(right_thumb) {transformation: [-0.23f,-0.865f,-0.4459f,-1.0603f,0.916f,-0.3471f,0.201f,6.793f,-0.3287f,-0.3622f,0.8722f,2.0944f,0f,0f,0f,1f],start_interpolation: 0,interpolation_duration: 1}
$data merge entity $(right_fingers2) {transformation: [0.6058f,-0.1957f,-0.7712f,-0.7313f,0.1992f,0.9757f,-0.0911f,7.173f,0.7703f,-0.0984f,0.63f,2.6799f,0f,0f,0f,1f],start_interpolation: 0,interpolation_duration: 1}
$data merge entity $(right_fingers) {transformation: [0.0233f,-0.6362f,-0.7712f,-0.9176f,0.985f,0.1465f,-0.0911f,7.2418f,0.171f,-0.7575f,0.63f,2.4735f,0f,0f,0f,1f],start_interpolation: 0,interpolation_duration: 1}
$data merge entity $(scout) {transformation: [0f,0f,0f,-0.9395f,0f,0f,0f,7.0669f,0f,0f,0f,2.5906f,0f,0f,0f,1f],start_interpolation: 0,interpolation_duration: 1}
$data merge entity $(right_hand) {transformation: [-0.4533f,-0.4469f,-0.7712f,-1.2239f,0.7735f,-0.6272f,-0.0911f,6.8487f,-0.443f,-0.6378f,0.63f,2.1118f,0f,0f,0f,1f],start_interpolation: 0,interpolation_duration: 1}
$data merge entity $(right_forearm) {transformation: [-0.8617f,-0.4742f,-0.9643f,-1.9373f,0.9432f,-0.926f,-0.3875f,5.4009f,-0.5148f,-0.9027f,0.904f,0.8067f,0f,0f,0f,1f],start_interpolation: 0,interpolation_duration: 1}
$data merge entity $(right_shoulder) {transformation: [-1.1673f,0.6251f,-0.6297f,-0.9195f,0.8563f,0.5211f,-1.0701f,5.8981f,-0.2324f,-1.2196f,-0.78f,-0.6084f,0f,0f,0f,1f],start_interpolation: 0,interpolation_duration: 1}
$data merge entity $(right_arm) {transformation: [-0.9474f,-0.0478f,0.3166f,-0.3965f,0.0351f,0.9673f,0.2512f,6.1606f,-0.3182f,0.2491f,-0.9147f,-0.3645f,0f,0f,0f,1f],start_interpolation: 0,interpolation_duration: 1}
$data merge entity $(left_thumb_2) {transformation: [0.1453f,0.0496f,0.9881f,0.0601f,-0.9607f,-0.2316f,0.1529f,7.469f,0.2364f,-0.9716f,0.014f,3.2316f,0f,0f,0f,1f],start_interpolation: 0,interpolation_duration: 1}
$data merge entity $(left_thumb) {transformation: [0.1453f,0.8017f,0.5798f,0.2883f,-0.9607f,-0.0257f,0.2763f,7.5993f,0.2364f,-0.5972f,0.7664f,2.9936f,0f,0f,0f,1f],start_interpolation: 0,interpolation_duration: 1}
$data merge entity $(left_fingers2) {transformation: [0.447f,0.019f,0.8943f,0.0433f,0.122f,0.9891f,-0.082f,7.7664f,-0.8861f,0.1458f,0.4399f,3.706f,0f,0f,0f,1f],start_interpolation: 0,interpolation_duration: 1}
$data merge entity $(left_fingers) {transformation: [0.1257f,0.4294f,0.8943f,0.1687f,-0.8974f,0.4335f,-0.082f,7.9147f,-0.4229f,-0.7923f,0.4399f,3.4953f,0f,0f,0f,1f],start_interpolation: 0,interpolation_duration: 1}
$data merge entity $(left_hand) {transformation: [-0.2317f,0.3828f,0.8943f,0.4422f,-0.9259f,-0.3688f,-0.082f,7.6799f,0.2984f,-0.847f,0.4399f,2.996f,0f,0f,0f,1f],start_interpolation: 0,interpolation_duration: 1}
$data merge entity $(left_forearm) {transformation: [-1.2132f,0.5531f,0.3453f,1.2373f,-0.649f,-0.954f,-0.7521f,6.1888f,-0.0629f,-0.8252f,1.101f,1.7907f,0f,0f,0f,1f],start_interpolation: 0,interpolation_duration: 1}
$data merge entity $(left_shoulder) {transformation: [-0.7733f,-0.0442f,1.245f,0.9875f,-1.2401f,-0.1118f,-0.7742f,5.8274f,0.1183f,-1.4613f,0.0216f,0.0322f,0f,0f,0f,1f],start_interpolation: 0,interpolation_duration: 1}
$data merge entity $(left_arm) {transformation: [-0.9474f,-0.0478f,0.3166f,0.442f,0.0351f,0.9673f,0.2512f,6.1296f,-0.3182f,0.2491f,-0.9147f,-0.0828f,0f,0f,0f,1f],start_interpolation: 0,interpolation_duration: 1}
$data merge entity $(chest) {transformation: [-1.2112f,-0.0612f,0.4047f,0.1201f,0.0449f,1.2367f,0.3212f,4.4068f,-0.4069f,0.3185f,-1.1695f,-0.7051f,0f,0f,0f,1f],start_interpolation: 0,interpolation_duration: 1}
$data merge entity $(left_cheek) {transformation: [-0.8314f,-0.2238f,0.5086f,0.6973f,-0.3027f,0.95f,-0.0769f,3.5595f,-0.466f,-0.2179f,-0.8575f,-0.8312f,0f,0f,0f,1f],start_interpolation: 0,interpolation_duration: 1}
$data merge entity $(left_foot) {transformation: [-1.0195f,-0.0395f,-0.0662f,0.8388f,-0.0582f,0.9705f,0.3161f,-3.3181f,0.0506f,0.319f,-0.97f,1.7811f,0f,0f,0f,1f],start_interpolation: 0,interpolation_duration: 1}
$data merge entity $(left_knee) {transformation: [-3.0281f,-0.1739f,0.2292f,0.6944f,-0.1484f,3.0201f,0.3308f,0.8795f,-0.2465f,0.3181f,-3.015f,2.1051f,0f,0f,0f,1f],start_interpolation: 0,interpolation_duration: 1}
$data merge entity $(left_leg) {transformation: [-1.7092f,0.0758f,0.1557f,0.7402f,-0.0798f,1.0264f,-1.3753f,2.5609f,-0.1537f,-1.3756f,-1.0176f,-0.0752f,0f,0f,0f,1f],start_interpolation: 0,interpolation_duration: 1}
$data merge entity $(right_cheek) {transformation: [-0.8189f,0.1389f,0.5569f,0.0423f,0.1453f,0.9865f,-0.0336f,3.4975f,-0.5553f,0.0533f,-0.8299f,-1.1754f,0f,0f,0f,1f],start_interpolation: 0,interpolation_duration: 1}
$data merge entity $(right_foot) {transformation: [-0.6846f,0.1256f,0.7488f,-0.7553f,0.118f,1.0136f,-0.0621f,-3.7787f,-0.7501f,0.0448f,-0.6933f,-2.5287f,0f,0f,0f,1f],start_interpolation: 0,interpolation_duration: 1}
$data merge entity $(right_knee) {transformation: [-2.2493f,-0.5456f,1.9736f,-1.4942f,0.6627f,2.5801f,1.4684f,-0.1287f,-1.9374f,1.5159f,-1.789f,-0.5596f,0f,0f,0f,1f],start_interpolation: 0,interpolation_duration: 1}
$data merge entity $(right_leg) {transformation: [-1.2704f,0.627f,0.9718f,-0.4654f,0.3743f,1.5888f,-0.5358f,2.4168f,-1.0943f,-0.1845f,-1.3115f,-0.7711f,0f,0f,0f,1f],start_interpolation: 0,interpolation_duration: 1}
$data merge entity $(weist) {transformation: [-1.3976f,-0.0706f,0.8208f,0.125f,-0.1671f,1.6071f,-0.1462f,4.1134f,-0.8067f,-0.2104f,-1.3917f,-0.7382f,0f,0f,0f,1f],start_interpolation: 0,interpolation_duration: 1}
data modify storage animated_java:temp entry.data merge value {"locators":{"consume":{"px":-0.8167545244,"py":7.1309644867,"pz":2.6890286451,"ry":230.7536508349,"rx":-5.2276575864}}}
# Data Manager: Prepare for Read / Write
execute store result storage animated_java:temp args.id int 1 run scoreboard players get @s aj.id
# Data Manager: Write
function animated_java:global/data_manager/write with storage animated_java:temp args