# This file was generated by Animated Java via MC-Build. It is not recommended to edit this file directly.
$data merge entity $(neck) {transformation: [-0.9927f,0.0642f,-0.1023f,0.0935f,0.0133f,0.9f,0.4357f,6.1647f,0.1201f,0.4311f,-0.8943f,-0.2292f,0f,0f,0f,1f],start_interpolation: 0,interpolation_duration: 1}
$data merge entity $(right_thumb_2) {transformation: [-0.6085f,-0.2763f,-0.7439f,-1.942f,0.6421f,0.3794f,-0.6662f,4.514f,0.4663f,-0.883f,-0.0534f,2.2259f,0f,0f,0f,1f],start_interpolation: 0,interpolation_duration: 1}
$data merge entity $(right_thumb) {transformation: [-0.6085f,-0.6759f,-0.4159f,-2.2438f,0.6421f,-0.1114f,-0.7585f,4.5841f,0.4663f,-0.7286f,0.5017f,2.0535f,0f,0f,0f,1f],start_interpolation: 0,interpolation_duration: 1}
$data merge entity $(right_fingers2) {transformation: [-0.4867f,-0.3872f,-0.783f,-2.2497f,0.7084f,0.3495f,-0.6132f,4.6092f,0.5111f,-0.8532f,0.1042f,2.9305f,0f,0f,0f,1f],start_interpolation: 0,interpolation_duration: 1}
$data merge entity $(right_fingers) {transformation: [-0.6049f,-0.1446f,-0.783f,-2.3137f,0.7898f,0.0165f,-0.6132f,4.6317f,0.1016f,-0.9894f,0.1042f,2.6522f,0f,0f,0f,1f],start_interpolation: 0,interpolation_duration: 1}
$data merge entity $(scout) {transformation: [0f,0f,0f,-2.2942f,0f,0f,0f,4.4255f,0f,0f,0f,2.6086f,0f,0f,0f,1f],start_interpolation: 0,interpolation_duration: 1}
$data merge entity $(right_hand) {transformation: [-0.6108f,-0.1174f,-0.783f,-2.4174f,0.7897f,-0.0188f,-0.6132f,4.5891f,0.0573f,-0.9929f,0.1042f,2.0467f,0f,0f,0f,1f],start_interpolation: 0,interpolation_duration: 1}
$data merge entity $(right_forearm) {transformation: [-0.7363f,0.155f,-1.1537f,-2.1953f,1.1618f,0.1826f,-0.7169f,4.7897f,0.0723f,-1.3564f,-0.2284f,-0.0073f,0f,0f,0f,1f],start_interpolation: 0,interpolation_duration: 1}
$data merge entity $(right_shoulder) {transformation: [-1.0904f,0.9801f,0.0169f,-0.7811f,0.9606f,1.0633f,0.3107f,5.8824f,0.1954f,0.2421f,-1.4328f,0.2946f,0f,0f,0f,1f],start_interpolation: 0,interpolation_duration: 1}
$data merge entity $(right_arm) {transformation: [-0.8961f,-0.0127f,-0.4437f,-0.2831f,0.0321f,0.9951f,-0.0934f,6.1518f,0.4427f,-0.0979f,-0.8913f,0.009f,0f,0f,0f,1f],start_interpolation: 0,interpolation_duration: 1}
$data merge entity $(left_thumb_2) {transformation: [-0.4066f,-0.6968f,0.5908f,3.3103f,-0.9109f,0.2599f,-0.3204f,3.9971f,0.0697f,-0.6685f,-0.7404f,0.8822f,0f,0f,0f,1f],start_interpolation: 0,interpolation_duration: 1}
$data merge entity $(left_thumb) {transformation: [-0.4066f,-0.142f,0.9025f,3.3122f,-0.9109f,-0.0124f,-0.4123f,4.1339f,0.0697f,-0.9898f,-0.1243f,0.5552f,0f,0f,0f,1f],start_interpolation: 0,interpolation_duration: 1}
$data merge entity $(left_fingers2) {transformation: [-0.7124f,-0.4702f,0.521f,4.0486f,-0.6943f,0.3641f,-0.6208f,4.1738f,0.1023f,-0.8039f,-0.5859f,1.0303f,0f,0f,0f,1f],start_interpolation: 0,interpolation_duration: 1}
$data merge entity $(left_fingers) {transformation: [-0.4107f,-0.7483f,0.521f,3.8508f,-0.784f,-0.0019f,-0.6208f,4.1908f,0.4655f,-0.6634f,-0.5859f,0.8239f,0f,0f,0f,1f],start_interpolation: 0,interpolation_duration: 1}
$data merge entity $(left_hand) {transformation: [-0.3769f,-0.7659f,0.521f,3.4015f,-0.7831f,-0.0369f,-0.6208f,4.1367f,0.4947f,-0.6419f,-0.5859f,0.4062f,0f,0f,0f,1f],start_interpolation: 0,interpolation_duration: 1}
$data merge entity $(left_forearm) {transformation: [-0.876f,-0.9169f,0.5375f,2.0038f,-0.8663f,0.2123f,-1.0496f,4.3823f,0.6158f,-1.0057f,-0.7117f,-1.1086f,0f,0f,0f,1f],start_interpolation: 0,interpolation_duration: 1}
$data merge entity $(left_shoulder) {transformation: [-0.9963f,-0.6623f,-0.8477f,1.0228f,-0.6772f,1.2839f,-0.2072f,5.8178f,0.8358f,0.2507f,-1.1783f,-0.5965f,0f,0f,0f,1f],start_interpolation: 0,interpolation_duration: 1}
$data merge entity $(left_arm) {transformation: [-0.8961f,-0.0127f,-0.4437f,0.51f,0.0321f,0.9951f,-0.0934f,6.1234f,0.4427f,-0.0979f,-0.8913f,-0.3828f,0f,0f,0f,1f],start_interpolation: 0,interpolation_duration: 1}
$data merge entity $(chest) {transformation: [-1.1457f,-0.0163f,-0.5672f,0.121f,0.0411f,1.2723f,-0.1194f,4.3372f,0.566f,-0.1252f,-1.1396f,-0.0409f,0f,0f,0f,1f],start_interpolation: 0,interpolation_duration: 1}
$data merge entity $(left_cheek) {transformation: [-0.6697f,-0.1841f,-0.7194f,-0.0717f,-0.1931f,0.9786f,-0.0706f,3.6042f,0.7171f,0.0916f,-0.691f,-0.6759f,0f,0f,0f,1f],start_interpolation: 0,interpolation_duration: 1}
$data merge entity $(left_foot) {transformation: [-0.6854f,0.3672f,-0.6638f,0.5362f,-0.1918f,0.7816f,0.6305f,-3.4381f,0.7339f,0.5472f,-0.4551f,-2.7019f,0f,0f,0f,1f],start_interpolation: 0,interpolation_duration: 1}
$data merge entity $(left_knee) {transformation: [-2.3396f,0.6273f,-1.8399f,1.3963f,-0.7234f,2.3912f,1.7352f,-0.0368f,1.8042f,1.7722f,-1.69f,-0.37f,0f,0f,0f,1f],start_interpolation: 0,interpolation_duration: 1}
$data merge entity $(left_leg) {transformation: [-1.3288f,-0.5318f,-0.9503f,0.517f,-0.3963f,1.6325f,-0.3593f,2.5726f,1.0142f,-0.0587f,-1.3854f,-0.3813f,0f,0f,0f,1f],start_interpolation: 0,interpolation_duration: 1}
$data merge entity $(right_cheek) {transformation: [-0.6533f,0.3386f,-0.6772f,-0.5997f,0.4223f,0.9053f,0.0453f,3.7022f,0.6284f,-0.2564f,-0.7344f,-0.1376f,0f,0f,0f,1f],start_interpolation: 0,interpolation_duration: 1}
$data merge entity $(right_foot) {transformation: [-1.0196f,-0.0004f,-0.0748f,-1.0774f,-0.0283f,0.9484f,0.3808f,-3.2036f,0.0692f,0.3818f,-0.9459f,0.8675f,0f,0f,0f,1f],start_interpolation: 0,interpolation_duration: 1}
$data merge entity $(right_knee) {transformation: [-2.9726f,0.5195f,-0.3818f,-0.4594f,0.3207f,2.7541f,1.2506f,0.6686f,0.5593f,1.182f,-2.7463f,2.4071f,0f,0f,0f,1f],start_interpolation: 0,interpolation_duration: 1}
$data merge entity $(right_leg) {transformation: [-1.6816f,-0.0525f,-0.3477f,-0.4633f,0.193f,1.2824f,-1.1268f,2.748f,0.294f,-1.142f,-1.2493f,0.6019f,0f,0f,0f,1f],start_interpolation: 0,interpolation_duration: 1}
$data merge entity $(weist) {transformation: [-1.1364f,0.056f,-1.1564f,0f,0.2033f,1.6049f,-0.1221f,4.2844f,1.1398f,-0.2304f,-1.1312f,-0.2061f,0f,0f,0f,1f],start_interpolation: 0,interpolation_duration: 1}
data modify storage animated_java:temp entry.data merge value {"locators":{"consume":{"px":-2.2151743882,"py":4.4128406251,"pz":2.7584924183,"ry":262.4206671607,"rx":-37.8211349414}}}
# Data Manager: Prepare for Read / Write
execute store result storage animated_java:temp args.id int 1 run scoreboard players get @s aj.id
# Data Manager: Write
function animated_java:global/data_manager/write with storage animated_java:temp args
execute unless entity @s[tag=aj.transforms_only] at @s run function animated_java:female/animations/ghost_kick_walk/zzz/frames/10_root_function