# This file was generated by Animated Java via MC-Build. It is not recommended to edit this file directly.
$data merge entity $(neck) {transformation: [-0.9878f,0.128f,-0.0891f,0.2068f,0.0565f,0.826f,0.5608f,6.2654f,0.1454f,0.5489f,-0.8232f,-0.3112f,0f,0f,0f,1f],start_interpolation: 0,interpolation_duration: 1}
$data merge entity $(right_thumb_2) {transformation: [-0.4753f,-0.3867f,-0.7902f,-1.5409f,0.6611f,0.4356f,-0.6109f,4.5959f,0.5805f,-0.8128f,0.0486f,2.1388f,0f,0f,0f,1f],start_interpolation: 0,interpolation_duration: 1}
$data merge entity $(right_thumb) {transformation: [-0.4753f,-0.7947f,-0.3775f,-1.8617f,0.6611f,-0.0395f,-0.7492f,4.6918f,0.5805f,-0.6057f,0.5442f,2.0223f,0f,0f,0f,1f],start_interpolation: 0,interpolation_duration: 1}
$data merge entity $(right_fingers2) {transformation: [-0.3149f,-0.5258f,-0.7902f,-1.7124f,0.6816f,0.4541f,-0.5738f,4.6695f,0.6605f,-0.7193f,0.2154f,2.8844f,0f,0f,0f,1f],start_interpolation: 0,interpolation_duration: 1}
$data merge entity $(right_fingers) {transformation: [-0.5189f,-0.3262f,-0.7902f,-1.8258f,0.8133f,0.0962f,-0.5738f,4.7156f,0.2632f,-0.9404f,0.2154f,2.6254f,0f,0f,0f,1f],start_interpolation: 0,interpolation_duration: 1}
$data merge entity $(scout) {transformation: [0f,0f,0f,-1.8267f,0f,0f,0f,4.5109f,0f,0f,0f,2.5718f,0f,0f,0f,1f],start_interpolation: 0,interpolation_duration: 1}
$data merge entity $(right_hand) {transformation: [-0.5425f,-0.2853f,-0.7902f,-2.0333f,0.8183f,0.0333f,-0.5738f,4.7066f,0.19f,-0.9579f,0.2154f,2.0456f,0f,0f,0f,1f],start_interpolation: 0,interpolation_duration: 1}
$data merge entity $(right_forearm) {transformation: [-0.6651f,-0.0734f,-1.2039f,-2.16f,1.185f,0.2165f,-0.6679f,4.959f,0.2248f,-1.3583f,-0.0414f,-0.0107f,0f,0f,0f,1f],start_interpolation: 0,interpolation_duration: 1}
$data merge entity $(right_shoulder) {transformation: [-1.0161f,1.0502f,-0.1204f,-0.6709f,0.9901f,1.004f,0.4019f,5.9706f,0.3703f,0.1972f,-1.4049f,0.2003f,0f,0f,0f,1f],start_interpolation: 0,interpolation_duration: 1}
$data merge entity $(right_arm) {transformation: [-0.8811f,0.0487f,-0.4705f,-0.1639f,0.0282f,0.9983f,0.0504f,6.2443f,0.4721f,0.0311f,-0.881f,-0.0644f,0f,0f,0f,1f],start_interpolation: 0,interpolation_duration: 1}
$data merge entity $(left_thumb_2) {transformation: [-0.3813f,-0.6896f,0.6156f,3.4404f,-0.9235f,0.2535f,-0.288f,4.2178f,0.0425f,-0.6783f,-0.7335f,0.7838f,0f,0f,0f,1f],start_interpolation: 0,interpolation_duration: 1}
$data merge entity $(left_thumb) {transformation: [-0.3813f,-0.1134f,0.9175f,3.4475f,-0.9235f,0.0011f,-0.3837f,4.3605f,0.0425f,-0.9935f,-0.1051f,0.4594f,0f,0f,0f,1f],start_interpolation: 0,interpolation_duration: 1}
$data merge entity $(left_fingers2) {transformation: [-0.7236f,-0.4075f,0.5571f,4.1618f,-0.6901f,0.4114f,-0.5954f,4.4036f,0.0135f,-0.8153f,-0.5789f,0.9632f,0f,0f,0f,1f],start_interpolation: 0,interpolation_duration: 1}
$data merge entity $(left_fingers) {transformation: [-0.4278f,-0.7118f,0.5571f,3.9751f,-0.8032f,0.0167f,-0.5954f,4.4267f,0.4145f,-0.7022f,-0.5789f,0.7472f,0f,0f,0f,1f],start_interpolation: 0,interpolation_duration: 1}
$data merge entity $(left_hand) {transformation: [-0.3716f,-0.7426f,0.5571f,3.5417f,-0.8021f,-0.0453f,-0.5954f,4.3685f,0.4674f,-0.6682f,-0.5789f,0.3135f,0f,0f,0f,1f],start_interpolation: 0,interpolation_duration: 1}
$data merge entity $(left_forearm) {transformation: [-0.8441f,-0.9089f,0.5989f,2.1597f,-0.8966f,0.151f,-1.0346f,4.5209f,0.6171f,-1.0239f,-0.6841f,-1.2276f,0f,0f,0f,1f],start_interpolation: 0,interpolation_duration: 1}
$data merge entity $(left_shoulder) {transformation: [-0.9865f,-0.7251f,-0.8067f,1.1027f,-0.7167f,1.2543f,-0.251f,5.9138f,0.8142f,0.2254f,-1.1984f,-0.7501f,0f,0f,0f,1f],start_interpolation: 0,interpolation_duration: 1}
$data merge entity $(left_arm) {transformation: [-0.8811f,0.0487f,-0.4705f,0.616f,0.0282f,0.9983f,0.0504f,6.2193f,0.4721f,0.0311f,-0.881f,-0.4823f,0f,0f,0f,1f],start_interpolation: 0,interpolation_duration: 1}
$data merge entity $(chest) {transformation: [-1.1265f,0.0622f,-0.6015f,0.1219f,0.0361f,1.2764f,0.0644f,4.4306f,0.6036f,0.0398f,-1.1264f,-0.36f,0f,0f,0f,1f],start_interpolation: 0,interpolation_duration: 1}
$data merge entity $(left_cheek) {transformation: [-0.6289f,-0.1939f,-0.7529f,-0.0339f,-0.3108f,0.9504f,0.0148f,3.7783f,0.7127f,0.2433f,-0.658f,-1.0388f,0f,0f,0f,1f],start_interpolation: 0,interpolation_duration: 1}
$data merge entity $(left_foot) {transformation: [-0.5222f,0.0447f,-0.8778f,1.1979f,-0.0273f,1.0197f,0.0682f,-3.5438f,0.8785f,0.0583f,-0.5196f,-2.323f,0f,0f,0f,1f],start_interpolation: 0,interpolation_duration: 1}
$data merge entity $(left_knee) {transformation: [-1.9146f,0.5007f,-2.31f,1.8513f,-0.7218f,2.7068f,1.185f,0.2717f,2.2507f,1.2941f,-1.585f,-0.6615f,0f,0f,0f,1f],start_interpolation: 0,interpolation_duration: 1}
$data merge entity $(left_leg) {transformation: [-1.0911f,-0.7621f,-1.0864f,0.6168f,-0.3973f,1.5295f,-0.674f,2.7252f,1.2662f,-0.1768f,-1.1476f,-0.8584f,0f,0f,0f,1f],start_interpolation: 0,interpolation_duration: 1}
$data merge entity $(right_cheek) {transformation: [-0.6768f,0.3222f,-0.6619f,-0.5404f,0.3253f,0.9375f,0.1237f,3.769f,0.6604f,-0.1316f,-0.7393f,-0.4963f,0f,0f,0f,1f],start_interpolation: 0,interpolation_duration: 1}
$data merge entity $(right_foot) {transformation: [-1.0205f,-0.0168f,-0.0593f,-1.1285f,-0.0179f,1.022f,0.0193f,-3.5891f,0.059f,0.0203f,-1.0205f,0.6631f,0f,0f,0f,1f],start_interpolation: 0,interpolation_duration: 1}
$data merge entity $(right_knee) {transformation: [-2.9788f,0.511f,-0.3431f,-0.5208f,0.3961f,2.8893f,0.8643f,0.4565f,0.4711f,0.8018f,-2.8961f,1.6678f,0f,0f,0f,1f],start_interpolation: 0,interpolation_duration: 1}
$data merge entity $(right_leg) {transformation: [-1.6834f,0.0595f,-0.3376f,-0.3456f,0.2376f,1.422f,-0.9343f,2.7521f,0.2471f,-0.9621f,-1.4017f,0.1572f,0f,0f,0f,1f],start_interpolation: 0,interpolation_duration: 1}
$data merge entity $(weist) {transformation: [-1.1157f,-0.0495f,-1.1767f,0f,0.0311f,1.6191f,-0.0976f,4.379f,1.1774f,-0.0897f,-1.1125f,-0.5225f,0f,0f,0f,1f],start_interpolation: 0,interpolation_duration: 1}
data modify storage animated_java:temp entry.data merge value {"locators":{"consume":{"px":-1.7242970669,"py":4.4870607204,"pz":2.7051977642,"ry":254.751821545,"rx":-35.0163494725}}}
# Data Manager: Prepare for Read / Write
execute store result storage animated_java:temp args.id int 1 run scoreboard players get @s aj.id
# Data Manager: Write
function animated_java:global/data_manager/write with storage animated_java:temp args