# This file was generated by Animated Java via MC-Build. It is not recommended to edit this file directly.
$data merge entity $(neck) {transformation: [-0.9752f,0.2003f,-0.0938f,0.3171f,0.0892f,0.7445f,0.6617f,6.3628f,0.2024f,0.6369f,-0.7439f,-0.3019f,0f,0f,0f,1f],start_interpolation: 0,interpolation_duration: 1}
$data merge entity $(right_thumb_2) {transformation: [-0.4143f,-0.6054f,-0.6796f,-0.8511f,0.4482f,0.5142f,-0.7313f,4.3417f,0.7922f,-0.6075f,0.0583f,1.6456f,0f,0f,0f,1f],start_interpolation: 0,interpolation_duration: 1}
$data merge entity $(right_thumb) {transformation: [-0.4143f,-0.8986f,-0.1444f,-1.1996f,0.4482f,-0.0633f,-0.8917f,4.4004f,0.7922f,-0.4341f,0.429f,1.6173f,0f,0f,0f,1f],start_interpolation: 0,interpolation_duration: 1}
$data merge entity $(right_fingers2) {transformation: [-0.182f,-0.7526f,-0.6328f,-0.8493f,0.4241f,0.5205f,-0.7411f,4.2287f,0.8872f,-0.4032f,0.2245f,2.3971f,0f,0f,0f,1f],start_interpolation: 0,interpolation_duration: 1}
$data merge entity $(right_fingers) {transformation: [-0.528f,-0.5664f,-0.6328f,-1.0302f,0.625f,0.2453f,-0.7411f,4.3108f,0.575f,-0.7868f,0.2245f,2.1907f,0f,0f,0f,1f],start_interpolation: 0,interpolation_duration: 1}
$data merge entity $(scout) {transformation: [0f,0f,0f,-1.0151f,0f,0f,0f,4.1241f,0f,0f,0f,2.0921f,0f,0f,0f,1f],start_interpolation: 0,interpolation_duration: 1}
$data merge entity $(right_hand) {transformation: [-0.5923f,-0.4988f,-0.6328f,-1.3616f,0.6499f,0.1684f,-0.7411f,4.3783f,0.4763f,-0.8502f,0.2245f,1.6761f,0f,0f,0f,1f],start_interpolation: 0,interpolation_duration: 1}
$data merge entity $(right_forearm) {transformation: [-0.7943f,-0.3623f,-1.0654f,-1.913f,0.9766f,0.4258f,-0.8729f,4.9471f,0.5589f,-1.2588f,0.0114f,-0.2425f,0f,0f,0f,1f],start_interpolation: 0,interpolation_duration: 1}
$data merge entity $(right_shoulder) {transformation: [-1.1096f,0.926f,-0.2471f,-0.5523f,0.7037f,1.0438f,0.7517f,6.0537f,0.6507f,0.4503f,-1.2344f,0.2151f,0f,0f,0f,1f],start_interpolation: 0,interpolation_duration: 1}
$data merge entity $(right_arm) {transformation: [-0.8555f,0.1089f,-0.5062f,-0.0426f,0.0159f,0.9827f,0.1844f,6.3309f,0.5175f,0.1497f,-0.8425f,-0.0405f,0f,0f,0f,1f],start_interpolation: 0,interpolation_duration: 1}
$data merge entity $(left_thumb_2) {transformation: [-0.5705f,-0.5801f,0.5814f,3.0072f,-0.8207f,0.4301f,-0.3762f,3.9897f,-0.0318f,-0.6917f,-0.7215f,0.3462f,0f,0f,0f,1f],start_interpolation: 0,interpolation_duration: 1}
$data merge entity $(left_thumb) {transformation: [-0.5705f,-0.0453f,0.8201f,3.0657f,-0.8207f,0.0701f,-0.567f,4.1419f,-0.0318f,-0.9965f,-0.0772f,0.0315f,0f,0f,0f,1f],start_interpolation: 0,interpolation_duration: 1}
$data merge entity $(left_fingers2) {transformation: [-0.8721f,-0.1759f,0.4565f,3.7255f,-0.4686f,0.5686f,-0.6761f,3.9968f,-0.1406f,-0.8036f,-0.5783f,0.5826f,0f,0f,0f,1f],start_interpolation: 0,interpolation_duration: 1}
$data merge entity $(left_fingers) {transformation: [-0.6464f,-0.6114f,0.4565f,3.5728f,-0.6987f,0.2338f,-0.6761f,4.0782f,0.3066f,-0.756f,-0.5783f,0.3543f,0f,0f,0f,1f],start_interpolation: 0,interpolation_duration: 1}
$data merge entity $(left_hand) {transformation: [-0.5682f,-0.6846f,0.4565f,3.1697f,-0.7217f,0.1482f,-0.6761f,4.1357f,0.3953f,-0.7137f,-0.5783f,-0.1076f,0f,0f,0f,1f],start_interpolation: 0,interpolation_duration: 1}
$data merge entity $(left_forearm) {transformation: [-0.9597f,-0.889f,0.4309f,1.8066f,-0.7754f,0.3055f,-1.0966f,4.5237f,0.6122f,-1.0067f,-0.7134f,-1.6241f,0f,0f,0f,1f],start_interpolation: 0,interpolation_duration: 1}
$data merge entity $(left_shoulder) {transformation: [-1.0328f,-0.3771f,-0.97f,1.1698f,-0.6018f,1.3313f,0.1232f,6.0216f,0.8491f,0.485f,-1.0926f,-0.8266f,0f,0f,0f,1f],start_interpolation: 0,interpolation_duration: 1}
$data merge entity $(left_arm) {transformation: [-0.8555f,0.1089f,-0.5062f,0.7146f,0.0159f,0.9827f,0.1844f,6.3168f,0.5175f,0.1497f,-0.8425f,-0.4985f,0f,0f,0f,1f],start_interpolation: 0,interpolation_duration: 1}
$data merge entity $(chest) {transformation: [-1.0938f,0.1392f,-0.6471f,0.1219f,0.0204f,1.2564f,0.2358f,4.5555f,0.6616f,0.1914f,-1.0772f,-0.569f,0f,0f,0f,1f],start_interpolation: 0,interpolation_duration: 1}
$data merge entity $(left_cheek) {transformation: [-0.5979f,-0.1762f,-0.782f,-0.0326f,-0.2746f,0.9615f,-0.0068f,3.9346f,0.7531f,0.2106f,-0.6233f,-1.2747f,0f,0f,0f,1f],start_interpolation: 0,interpolation_duration: 1}
$data merge entity $(left_foot) {transformation: [-0.4257f,-0.048f,-0.9283f,1.2715f,-0.0091f,1.0212f,-0.0487f,-3.2587f,0.9295f,-0.012f,-0.4256f,-2.4529f,0f,0f,0f,1f],start_interpolation: 0,interpolation_duration: 1}
$data merge entity $(left_knee) {transformation: [-1.6722f,0.6397f,-2.459f,2.1042f,-0.7157f,2.706f,1.1907f,0.5556f,2.4379f,1.2332f,-1.3371f,-0.8708f,0f,0f,0f,1f],start_interpolation: 0,interpolation_duration: 1}
$data merge entity $(left_leg) {transformation: [-0.9554f,-0.9081f,-1.1018f,0.6419f,-0.3951f,1.4421f,-0.846f,2.8742f,1.372f,-0.2171f,-1.0108f,-1.132f,0f,0f,0f,1f],start_interpolation: 0,interpolation_duration: 1}
$data merge entity $(right_cheek) {transformation: [-0.6703f,0.2263f,-0.7068f,-0.5306f,0.2472f,0.9661f,0.0749f,3.8977f,0.6997f,-0.1246f,-0.7035f,-0.6907f,0f,0f,0f,1f],start_interpolation: 0,interpolation_duration: 1}
$data merge entity $(right_foot) {transformation: [-1.022f,-0.013f,-0.0247f,-1.0826f,-0.0126f,1.0222f,-0.0145f,-3.3528f,0.0249f,-0.0142f,-1.022f,0.4613f,0f,0f,0f,1f],start_interpolation: 0,interpolation_duration: 1}
$data merge entity $(right_knee) {transformation: [-2.99f,0.5032f,-0.242f,-0.4818f,0.407f,2.8667f,0.9319f,0.6645f,0.3823f,0.8837f,-2.8853f,1.5773f,0f,0f,0f,1f],start_interpolation: 0,interpolation_duration: 1}
$data merge entity $(right_leg) {transformation: [-1.6895f,0.0741f,-0.3025f,-0.2839f,0.2437f,1.3533f,-1.0299f,2.8526f,0.1938f,-1.0557f,-1.3414f,-0.0828f,0f,0f,0f,1f],start_interpolation: 0,interpolation_duration: 1}
$data merge entity $(weist) {transformation: [-1.0733f,-0.0895f,-1.2133f,0f,-0.0251f,1.6192f,-0.0973f,4.5039f,1.2163f,-0.0456f,-1.0726f,-0.7315f,0f,0f,0f,1f],start_interpolation: 0,interpolation_duration: 1}
data modify storage animated_java:temp entry.data merge value {"locators":{"consume":{"px":-0.8825451158,"py":4.0938269023,"pz":2.1940093649,"ry":250.4697903843,"rx":-47.824128841}}}
# Data Manager: Prepare for Read / Write
execute store result storage animated_java:temp args.id int 1 run scoreboard players get @s aj.id
# Data Manager: Write
function animated_java:global/data_manager/write with storage animated_java:temp args