# This file was generated by Animated Java via MC-Build. It is not recommended to edit this file directly.
$data merge entity $(neck) {transformation: [-0.9613f,0.2532f,-0.1083f,0.3913f,0.104f,0.698f,0.7085f,6.407f,0.255f,0.6698f,-0.6973f,-0.274f,0f,0f,0f,1f],start_interpolation: 0,interpolation_duration: 1}
$data merge entity $(right_thumb_2) {transformation: [-0.3529f,-0.7392f,-0.5736f,-0.4164f,0.2111f,0.5343f,-0.8185f,4.2061f,0.9115f,-0.4099f,-0.0325f,1.1568f,0f,0f,0f,1f],start_interpolation: 0,interpolation_duration: 1}
$data merge entity $(right_thumb) {transformation: [-0.3529f,-0.935f,0.0358f,-0.77f,0.2111f,-0.1168f,-0.9705f,4.2135f,0.9115f,-0.3349f,0.2386f,1.1809f,0f,0f,0f,1f],start_interpolation: 0,interpolation_duration: 1}
$data merge entity $(right_fingers2) {transformation: [-0.0127f,-0.8752f,-0.4836f,-0.2821f,0.1368f,0.4775f,-0.8679f,3.9354f,0.9905f,-0.0772f,0.1136f,1.8418f,0f,0f,0f,1f],start_interpolation: 0,interpolation_duration: 1}
$data merge entity $(right_fingers) {transformation: [-0.481f,-0.7313f,-0.4836f,-0.5076f,0.3719f,0.3292f,-0.8679f,4.0333f,0.7939f,-0.5973f,0.1136f,1.6948f,0f,0f,0f,1f],start_interpolation: 0,interpolation_duration: 1}
$data merge entity $(scout) {transformation: [0f,0f,0f,-0.4812f,0f,0f,0f,3.8773f,0f,0f,0f,1.5542f,0f,0f,0f,1f],start_interpolation: 0,interpolation_duration: 1}
$data merge entity $(right_hand) {transformation: [-0.6007f,-0.6367f,-0.4836f,-0.917f,0.4235f,0.2597f,-0.8679f,4.1523f,0.6781f,-0.7261f,0.1136f,1.2505f,0f,0f,0f,1f],start_interpolation: 0,interpolation_duration: 1}
$data merge entity $(right_forearm) {transformation: [-0.8922f,-0.5238f,-0.9092f,-1.7019f,0.701f,0.5905f,-1.0281f,4.975f,0.7808f,-1.1287f,-0.1159f,-0.486f,0f,0f,0f,1f],start_interpolation: 0,interpolation_duration: 1}
$data merge entity $(right_shoulder) {transformation: [-1.1704f,0.8046f,-0.3641f,-0.4732f,0.3775f,1.0022f,1.0014f,6.0886f,0.7984f,0.7056f,-1.0072f,0.2457f,0f,0f,0f,1f],start_interpolation: 0,interpolation_duration: 1}
$data merge entity $(right_arm) {transformation: [-0.8386f,0.1493f,-0.5239f,0.0386f,0.005f,0.9638f,0.2667f,6.3673f,0.5447f,0.2211f,-0.809f,-0.0042f,0f,0f,0f,1f],start_interpolation: 0,interpolation_duration: 1}
$data merge entity $(left_thumb_2) {transformation: [-0.7689f,-0.3827f,0.5121f,2.4414f,-0.6183f,0.6487f,-0.4437f,3.7893f,-0.1624f,-0.6578f,-0.7355f,-0.1219f,0f,0f,0f,1f],start_interpolation: 0,interpolation_duration: 1}
$data merge entity $(left_thumb) {transformation: [-0.7689f,0.0638f,0.6361f,2.567f,-0.6183f,0.1786f,-0.7654f,3.9492f,-0.1624f,-0.9819f,-0.0978f,-0.4124f,0f,0f,0f,1f],start_interpolation: 0,interpolation_duration: 1}
$data merge entity $(left_fingers2) {transformation: [-0.9378f,0.1685f,0.3036f,3.09f,-0.1097f,0.6859f,-0.7194f,3.5607f,-0.3295f,-0.7079f,-0.6247f,0.1603f,0f,0f,0f,1f],start_interpolation: 0,interpolation_duration: 1}
$data merge entity $(left_fingers) {transformation: [-0.8648f,-0.3998f,0.3036f,3.0026f,-0.4832f,0.4989f,-0.7194f,3.7113f,0.1361f,-0.7689f,-0.6247f,-0.0673f,0f,0f,0f,1f],start_interpolation: 0,interpolation_duration: 1}
$data merge entity $(left_hand) {transformation: [-0.7823f,-0.5439f,0.3036f,2.6781f,-0.5625f,0.4074f,-0.7194f,3.9269f,0.2676f,-0.7336f,-0.6247f,-0.5441f,0f,0f,0f,1f],start_interpolation: 0,interpolation_duration: 1}
$data merge entity $(left_forearm) {transformation: [-1.0691f,-0.8435f,0.2065f,1.3708f,-0.6347f,0.5353f,-1.099f,4.6667f,0.5928f,-0.9482f,-0.8042f,-1.9766f,0f,0f,0f,1f],start_interpolation: 0,interpolation_duration: 1}
$data merge entity $(left_shoulder) {transformation: [-1.0737f,0.0233f,-0.9982f,1.2149f,-0.5006f,1.2557f,0.5678f,6.0786f,0.864f,0.7566f,-0.9116f,-0.8507f,0f,0f,0f,1f],start_interpolation: 0,interpolation_duration: 1}
$data merge entity $(left_arm) {transformation: [-0.8386f,0.1493f,-0.5239f,0.7808f,0.005f,0.9638f,0.2667f,6.3628f,0.5447f,0.2211f,-0.809f,-0.4864f,0f,0f,0f,1f],start_interpolation: 0,interpolation_duration: 1}
$data merge entity $(chest) {transformation: [-1.0722f,0.1909f,-0.6698f,0.1219f,0.0064f,1.2322f,0.341f,4.6337f,0.6964f,0.2826f,-1.0343f,-0.6725f,0f,0f,0f,1f],start_interpolation: 0,interpolation_duration: 1}
$data merge entity $(left_cheek) {transformation: [-0.5801f,-0.1571f,-0.7993f,-0.0414f,-0.2029f,0.9782f,-0.045f,4.0128f,0.7889f,0.1361f,-0.5993f,-1.3914f,0f,0f,0f,1f],start_interpolation: 0,interpolation_duration: 1}
$data merge entity $(left_foot) {transformation: [-0.3558f,-0.0346f,-0.9578f,1.1448f,-0.035f,1.0215f,-0.0239f,-3.0248f,0.9578f,0.0245f,-0.3567f,-2.616f,0f,0f,0f,1f],start_interpolation: 0,interpolation_duration: 1}
$data merge entity $(left_knee) {transformation: [-1.5017f,0.8218f,-2.5143f,2.2225f,-0.723f,2.6536f,1.2992f,0.7218f,2.5445f,1.239f,-1.1147f,-1.0198f,0f,0f,0f,1f],start_interpolation: 0,interpolation_duration: 1}
$data merge entity $(left_leg) {transformation: [-0.8598f,-0.9909f,-1.1092f,0.6317f,-0.3999f,1.388f,-0.93f,2.9561f,1.4326f,-0.2073f,-0.9253f,-1.2652f,0f,0f,0f,1f],start_interpolation: 0,interpolation_duration: 1}
$data merge entity $(right_cheek) {transformation: [-0.6246f,0.149f,-0.7666f,-0.5409f,0.2153f,0.9764f,0.0144f,3.9886f,0.7507f,-0.156f,-0.642f,-0.7763f,0f,0f,0f,1f],start_interpolation: 0,interpolation_duration: 1}
$data merge entity $(right_foot) {transformation: [-1.0224f,-0.0061f,-0.0007f,-1.0137f,-0.0062f,1.0208f,0.0571f,-3.0118f,0.0003f,0.0571f,-1.0208f,0.3488f,0f,0f,0f,1f],start_interpolation: 0,interpolation_duration: 1}
$data merge entity $(right_knee) {transformation: [-2.996f,0.4978f,-0.1678f,-0.4176f,0.405f,2.8075f,1.0981f,0.9304f,0.3346f,1.0593f,-2.8316f,1.7087f,0f,0f,0f,1f],start_interpolation: 0,interpolation_duration: 1}
$data merge entity $(right_leg) {transformation: [-1.693f,0.0554f,-0.2867f,-0.2501f,0.239f,1.2318f,-1.1734f,2.9283f,0.1678f,-1.1962f,-1.2216f,-0.1788f,0f,0f,0f,1f],start_interpolation: 0,interpolation_duration: 1}
$data merge entity $(weist) {transformation: [-1.0222f,-0.0981f,-1.256f,0f,-0.0322f,1.6189f,-0.1003f,4.5821f,1.2594f,-0.0383f,-1.022f,-0.835f,0f,0f,0f,1f],start_interpolation: 0,interpolation_duration: 1}
data modify storage animated_java:temp entry.data merge value {"locators":{"consume":{"px":-0.3322628498,"py":3.8487516257,"pz":1.6307306962,"ry":256.7744953319,"rx":-60.2159008662}}}
# Data Manager: Prepare for Read / Write
execute store result storage animated_java:temp args.id int 1 run scoreboard players get @s aj.id
# Data Manager: Write
function animated_java:global/data_manager/write with storage animated_java:temp args