# This file was generated by Animated Java via MC-Build. It is not recommended to edit this file directly.
$data merge entity $(neck) {transformation: [-0.9438f,0.2764f,-0.1811f,0.3841f,0.0962f,0.7542f,0.6496f,6.3743f,0.3161f,0.5957f,-0.7384f,-0.2638f,0f,0f,0f,1f],start_interpolation: 0,interpolation_duration: 1}
$data merge entity $(right_thumb_2) {transformation: [-0.2905f,-0.5185f,-0.8042f,-0.7055f,0.2829f,0.7564f,-0.5898f,3.9179f,0.9141f,-0.3988f,-0.0731f,1.209f,0f,0f,0f,1f],start_interpolation: 0,interpolation_duration: 1}
$data merge entity $(right_thumb) {transformation: [-0.2905f,-0.9384f,-0.1869f,-1.0479f,0.2829f,0.1024f,-0.9537f,4.0063f,0.9141f,-0.3299f,0.2357f,1.235f,0f,0f,0f,1f],start_interpolation: 0,interpolation_duration: 1}
$data merge entity $(right_fingers2) {transformation: [0.5632f,-0.5517f,-0.6151f,-0.5843f,-0.4256f,0.4444f,-0.7883f,3.5521f,0.7082f,0.7058f,0.0155f,1.7353f,0f,0f,0f,1f],start_interpolation: 0,interpolation_duration: 1}
$data merge entity $(right_fingers) {transformation: [-0.1251f,-0.7785f,-0.6151f,-0.8142f,0.117f,0.6041f,-0.7883f,3.7218f,0.9852f,-0.1706f,0.0155f,1.7146f,0f,0f,0f,1f],start_interpolation: 0,interpolation_duration: 1}
$data merge entity $(scout) {transformation: [0f,0f,0f,-0.814f,0f,0f,0f,3.5832f,0f,0f,0f,1.5546f,0f,0f,0f,1f],start_interpolation: 0,interpolation_duration: 1}
$data merge entity $(right_hand) {transformation: [-0.5209f,-0.5919f,-0.6151f,-1.2023f,0.4211f,0.4487f,-0.7883f,3.9604f,0.7425f,-0.6696f,0.0155f,1.3003f,0f,0f,0f,1f],start_interpolation: 0,interpolation_duration: 1}
$data merge entity $(right_forearm) {transformation: [-0.7872f,-0.4085f,-1.0538f,-1.8231f,0.7651f,0.7527f,-0.8633f,5.0308f,0.832f,-1.0787f,-0.2033f,-0.3662f,0f,0f,0f,1f],start_interpolation: 0,interpolation_duration: 1}
$data merge entity $(right_shoulder) {transformation: [-1.0806f,0.9203f,-0.3679f,-0.4715f,0.4542f,0.9436f,1.0262f,6.0566f,0.8809f,0.6423f,-0.9805f,0.2709f,0f,0f,0f,1f],start_interpolation: 0,interpolation_duration: 1}
$data merge entity $(right_arm) {transformation: [-0.8324f,0.143f,-0.5354f,0.0348f,0.0063f,0.9685f,0.249f,6.3358f,0.5542f,0.2039f,-0.8071f,0.0106f,0f,0f,0f,1f],start_interpolation: 0,interpolation_duration: 1}
$data merge entity $(left_thumb_2) {transformation: [-0.8076f,-0.3205f,0.495f,2.3601f,-0.4424f,0.8843f,-0.1493f,3.4391f,-0.3898f,-0.3395f,-0.856f,-0.5681f,0f,0f,0f,1f],start_interpolation: 0,interpolation_duration: 1}
$data merge entity $(left_thumb) {transformation: [-0.8076f,0.1502f,0.5702f,2.5202f,-0.4424f,0.4849f,-0.7544f,3.6713f,-0.3898f,-0.8616f,-0.3252f,-0.7829f,0f,0f,0f,1f],start_interpolation: 0,interpolation_duration: 1}
$data merge entity $(left_fingers2) {transformation: [-0.41f,0.8656f,0.2876f,2.8071f,0.6865f,0.5004f,-0.5275f,3.0319f,-0.6005f,-0.0188f,-0.7994f,-0.3584f,0f,0f,0f,1f],start_interpolation: 0,interpolation_duration: 1}
$data merge entity $(left_fingers) {transformation: [-0.948f,0.1362f,0.2876f,2.8748f,-0.0381f,0.8487f,-0.5275f,3.2709f,-0.3159f,-0.511f,-0.7994f,-0.501f,0f,0f,0f,1f],start_interpolation: 0,interpolation_duration: 1}
$data merge entity $(left_hand) {transformation: [-0.8746f,-0.3903f,0.2876f,2.6434f,-0.4847f,0.6977f,-0.5275f,3.6737f,0.0053f,-0.6008f,-0.7994f,-0.9053f,0f,0f,0f,1f],start_interpolation: 0,interpolation_duration: 1}
$data merge entity $(left_forearm) {transformation: [-1.0984f,-0.8148f,0.1636f,1.3767f,-0.7062f,0.7722f,-0.8957f,4.7746f,0.4381f,-0.7982f,-1.0335f,-2.1267f,0f,0f,0f,1f],start_interpolation: 0,interpolation_duration: 1}
$data merge entity $(left_shoulder) {transformation: [-1.0834f,0.0115f,-0.9879f,1.2041f,-0.5993f,1.158f,0.6706f,6.044f,0.7855f,0.8993f,-0.851f,-0.8446f,0f,0f,0f,1f],start_interpolation: 0,interpolation_duration: 1}
$data merge entity $(left_arm) {transformation: [-0.8324f,0.143f,-0.5354f,0.7716f,0.0063f,0.9685f,0.249f,6.3302f,0.5542f,0.2039f,-0.8071f,-0.4799f,0f,0f,0f,1f],start_interpolation: 0,interpolation_duration: 1}
$data merge entity $(chest) {transformation: [-1.0642f,0.1829f,-0.6846f,0.1264f,0.008f,1.2383f,0.3183f,4.5925f,0.7085f,0.2607f,-1.0319f,-0.6307f,0f,0f,0f,1f],start_interpolation: 0,interpolation_duration: 1}
$data merge entity $(left_cheek) {transformation: [-0.5043f,-0.1294f,-0.8538f,-0.1007f,-0.1939f,0.9804f,-0.0341f,3.9839f,0.8415f,0.1483f,-0.5195f,-1.3527f,0f,0f,0f,1f],start_interpolation: 0,interpolation_duration: 1}
$data merge entity $(left_foot) {transformation: [-0.2515f,-0.0991f,-0.986f,1.0206f,-0.0336f,1.0175f,-0.0937f,-3.1003f,0.9904f,0.0093f,-0.2536f,-2.7001f,0f,0f,0f,1f],start_interpolation: 0,interpolation_duration: 1}
$data merge entity $(left_knee) {transformation: [-1.2083f,0.8829f,-2.6481f,2.1688f,-0.7452f,2.6789f,1.2331f,0.6791f,2.6901f,1.1386f,-0.8479f,-1.2362f,0f,0f,0f,1f],start_interpolation: 0,interpolation_duration: 1}
$data merge entity $(left_leg) {transformation: [-0.6945f,-1.0081f,-1.2053f,0.5602f,-0.4124f,1.3885f,-0.9238f,2.9135f,1.5162f,-0.0841f,-0.8034f,-1.2843f,0f,0f,0f,1f],start_interpolation: 0,interpolation_duration: 1}
$data merge entity $(right_cheek) {transformation: [-0.5398f,0.1544f,-0.8275f,-0.5549f,0.2033f,0.9778f,0.0499f,3.9733f,0.8169f,-0.1413f,-0.5592f,-0.676f,0f,0f,0f,1f],start_interpolation: 0,interpolation_duration: 1}
$data merge entity $(right_foot) {transformation: [-1.0195f,0.0118f,-0.0761f,-0.996f,0.0079f,1.021f,0.0518f,-3.0789f,0.0766f,0.0511f,-1.0182f,0.378f,0f,0f,0f,1f],start_interpolation: 0,interpolation_duration: 1}
$data merge entity $(right_knee) {transformation: [-2.9588f,0.605f,-0.3627f,-0.2584f,0.4345f,2.7952f,1.1182f,0.8479f,0.5557f,1.0359f,-2.8054f,1.7129f,0f,0f,0f,1f],start_interpolation: 0,interpolation_duration: 1}
$data merge entity $(right_leg) {transformation: [-1.6715f,-0.0279f,-0.396f,-0.2219f,0.2477f,1.2661f,-1.1345f,2.8992f,0.3102f,-1.1609f,-1.2278f,-0.1239f,0f,0f,0f,1f],start_interpolation: 0,interpolation_duration: 1}
$data merge entity $(weist) {transformation: [-0.9066f,-0.0705f,-1.3435f,0f,-0.0166f,1.6206f,-0.0738f,4.5499f,1.3453f,-0.0275f,-0.9064f,-0.7978f,0f,0f,0f,1f],start_interpolation: 0,interpolation_duration: 1}
data modify storage animated_java:temp entry.data merge value {"locators":{"consume":{"px":-0.6709668089,"py":3.5218629164,"pz":1.6228177712,"ry":268.5582856462,"rx":-52.025762961}}}
# Data Manager: Prepare for Read / Write
execute store result storage animated_java:temp args.id int 1 run scoreboard players get @s aj.id
# Data Manager: Write
function animated_java:global/data_manager/write with storage animated_java:temp args