# This file was generated by Animated Java via MC-Build. It is not recommended to edit this file directly.
$data merge entity $(neck) {transformation: [-0.9217f,0.2691f,-0.2793f,0.3364f,0.0839f,0.8414f,0.5338f,6.3101f,0.3787f,0.4686f,-0.7981f,-0.2487f,0f,0f,0f,1f],start_interpolation: 0,interpolation_duration: 1}
$data merge entity $(right_thumb_2) {transformation: [-0.2062f,-0.2291f,-0.9513f,-0.8787f,0.5822f,0.7527f,-0.3075f,3.8612f,0.7865f,-0.6172f,-0.0218f,1.8184f,0f,0f,0f,1f],start_interpolation: 0,interpolation_duration: 1}
$data merge entity $(right_thumb) {transformation: [-0.2062f,-0.9048f,-0.3726f,-1.1951f,0.5822f,0.1926f,-0.7899f,4.0207f,0.7865f,-0.3798f,0.487f,1.8059f,0f,0f,0f,1f],start_interpolation: 0,interpolation_duration: 1}
$data merge entity $(right_fingers2) {transformation: [0.6929f,0.2126f,-0.689f,-0.7998f,-0.6934f,-0.0658f,-0.7176f,3.5862f,-0.1979f,0.9749f,0.1019f,2.2107f,0f,0f,0f,1f],start_interpolation: 0,interpolation_duration: 1}
$data merge entity $(right_fingers) {transformation: [0.2689f,-0.673f,-0.689f,-0.989f,-0.1226f,0.6856f,-0.7176f,3.7729f,0.9553f,0.2775f,0.1019f,2.3174f,0f,0f,0f,1f],start_interpolation: 0,interpolation_duration: 1}
$data merge entity $(scout) {transformation: [0f,0f,0f,-1.0028f,0f,0f,0f,3.6172f,0f,0f,0f,2.1747f,0f,0f,0f,1f],start_interpolation: 0,interpolation_duration: 1}
$data merge entity $(right_hand) {transformation: [-0.4754f,-0.547f,-0.689f,-1.3531f,0.5536f,0.4227f,-0.7176f,3.998f,0.6838f,-0.7226f,0.1019f,1.8747f,0f,0f,0f,1f],start_interpolation: 0,interpolation_duration: 1}
$data merge entity $(right_forearm) {transformation: [-0.6973f,-0.3633f,-1.1309f,-1.9123f,0.9474f,0.6208f,-0.7836f,4.865f,0.7164f,-1.1746f,-0.0644f,0.0736f,0f,0f,0f,1f],start_interpolation: 0,interpolation_duration: 1}
$data merge entity $(right_shoulder) {transformation: [-0.9848f,0.9718f,-0.4855f,-0.5134f,0.6655f,1.0576f,0.7671f,5.9957f,0.8586f,0.2948f,-1.1514f,0.2971f,0f,0f,0f,1f],start_interpolation: 0,interpolation_duration: 1}
$data merge entity $(right_arm) {transformation: [-0.8358f,0.1146f,-0.537f,-0.0134f,0.0107f,0.9812f,0.1928f,6.2756f,0.549f,0.1554f,-0.8213f,0.0256f,0f,0f,0f,1f],start_interpolation: 0,interpolation_duration: 1}
$data merge entity $(left_thumb_2) {transformation: [-0.7127f,-0.5793f,0.3956f,3.0149f,-0.5538f,0.8108f,0.1896f,3.5079f,-0.4306f,-0.0839f,-0.8986f,-0.5778f,0f,0f,0f,1f],start_interpolation: 0,interpolation_duration: 1}
$data merge entity $(left_thumb) {transformation: [-0.7127f,-0.0105f,0.7014f,3.1073f,-0.5538f,0.6222f,-0.5534f,3.798f,-0.4306f,-0.7828f,-0.4492f,-0.7595f,0f,0f,0f,1f],start_interpolation: 0,interpolation_duration: 1}
$data merge entity $(left_fingers2) {transformation: [0.4246f,0.8289f,0.3643f,3.355f,0.8831f,-0.2904f,-0.3685f,3.1878f,-0.1997f,0.4782f,-0.8553f,-0.4853f,0f,0f,0f,1f],start_interpolation: 0,interpolation_duration: 1}
$data merge entity $(left_fingers) {transformation: [-0.7974f,0.4811f,0.3643f,3.5172f,0.351f,0.8608f,-0.3685f,3.4205f,-0.4909f,-0.166f,-0.8553f,-0.525f,0f,0f,0f,1f],start_interpolation: 0,interpolation_duration: 1}
$data merge entity $(left_hand) {transformation: [-0.7926f,-0.489f,0.3643f,3.229f,-0.6049f,0.7059f,-0.3685f,3.8347f,-0.0769f,-0.5125f,-0.8553f,-0.8779f,0f,0f,0f,1f],start_interpolation: 0,interpolation_duration: 1}
$data merge entity $(left_forearm) {transformation: [-0.9392f,-0.9666f,0.2839f,1.7446f,-0.9106f,0.6485f,-0.8047f,4.7441f,0.4311f,-0.7364f,-1.0812f,-2.0083f,0f,0f,0f,1f],start_interpolation: 0,interpolation_duration: 1}
$data merge entity $(left_shoulder) {transformation: [-0.9981f,-0.334f,-1.0208f,1.169f,-0.8067f,1.1531f,0.4115f,5.9742f,0.7091f,0.8417f,-0.9688f,-0.808f,0f,0f,0f,1f],start_interpolation: 0,interpolation_duration: 1}
$data merge entity $(left_arm) {transformation: [-0.8358f,0.1146f,-0.537f,0.7263f,0.0107f,0.9812f,0.1928f,6.2661f,0.549f,0.1554f,-0.8213f,-0.4603f,0f,0f,0f,1f],start_interpolation: 0,interpolation_duration: 1}
$data merge entity $(chest) {transformation: [-1.0686f,0.1465f,-0.6865f,0.1309f,0.0136f,1.2545f,0.2465f,4.5055f,0.7019f,0.1987f,-1.05f,-0.5265f,0f,0f,0f,1f],start_interpolation: 0,interpolation_duration: 1}
$data merge entity $(left_cheek) {transformation: [-0.4189f,-0.0961f,-0.9029f,-0.1643f,-0.1998f,0.9798f,-0.0116f,3.9069f,0.8858f,0.1756f,-0.4297f,-1.2433f,0f,0f,0f,1f],start_interpolation: 0,interpolation_duration: 1}
$data merge entity $(left_foot) {transformation: [-0.1561f,-0.1654f,-0.9968f,0.9035f,-0.0353f,1.0089f,-0.1618f,-3.2693f,1.0098f,0.0097f,-0.1597f,-2.758f,0f,0f,0f,1f],start_interpolation: 0,interpolation_duration: 1}
$data merge entity $(left_knee) {transformation: [-0.9219f,0.8762f,-2.7631f,2.0295f,-0.7836f,2.7162f,1.1227f,0.5583f,2.7908f,1.0521f,-0.5975f,-1.4065f,0f,0f,0f,1f],start_interpolation: 0,interpolation_duration: 1}
$data merge entity $(left_leg) {transformation: [-0.5328f,-0.9823f,-1.3048f,0.472f,-0.4338f,1.4083f,-0.883f,2.8224f,1.5746f,0.0556f,-0.6848f,-1.2318f,0f,0f,0f,1f],start_interpolation: 0,interpolation_duration: 1}
$data merge entity $(right_cheek) {transformation: [-0.4465f,0.1915f,-0.874f,-0.5598f,0.2022f,0.9732f,0.1099f,3.9063f,0.8716f,-0.1277f,-0.4733f,-0.5139f,0f,0f,0f,1f],start_interpolation: 0,interpolation_duration: 1}
$data merge entity $(right_foot) {transformation: [-1.0072f,0.0359f,-0.1719f,-1.0386f,0.0289f,1.021f,0.0439f,-3.2513f,0.1732f,0.0384f,-1.0069f,0.4693f,0f,0f,0f,1f],start_interpolation: 0,interpolation_duration: 1}
$data merge entity $(right_knee) {transformation: [-2.887f,0.7412f,-0.6066f,-0.1205f,0.483f,2.7902f,1.1106f,0.6698f,0.827f,0.9578f,-2.766f,1.7055f,0f,0f,0f,1f],start_interpolation: 0,interpolation_duration: 1}
$data merge entity $(right_leg) {transformation: [-1.6277f,-0.1023f,-0.5401f,-0.2009f,0.2645f,1.3338f,-1.0499f,2.8264f,0.4819f,-1.0779f,-1.248f,-0.0048f,0f,0f,0f,1f],start_interpolation: 0,interpolation_duration: 1}
$data merge entity $(weist) {transformation: [-0.7801f,-0.0319f,-1.4221f,0f,0.0047f,1.6219f,-0.0389f,4.4718f,1.4225f,-0.0228f,-0.7797f,-0.698f,0f,0f,0f,1f],start_interpolation: 0,interpolation_duration: 1}
data modify storage animated_java:temp entry.data merge value {"locators":{"consume":{"px":-0.866242388,"py":3.5505957625,"pz":2.2508534938,"ry":261.5914407553,"rx":-45.8526072548}}}
# Data Manager: Prepare for Read / Write
execute store result storage animated_java:temp args.id int 1 run scoreboard players get @s aj.id
# Data Manager: Write
function animated_java:global/data_manager/write with storage animated_java:temp args
execute unless entity @s[tag=aj.transforms_only] at @s run function animated_java:female/animations/ghost_kick_walk/zzz/frames/15_root_function