# This file was generated by Animated Java via MC-Build. It is not recommended to edit this file directly.
$data merge entity $(neck) {transformation: [-0.9252f,0.2141f,-0.3134f,0.2542f,0.0669f,0.9047f,0.4207f,6.2462f,0.3736f,0.3683f,-0.8513f,-0.2248f,0f,0f,0f,1f],start_interpolation: 0,interpolation_duration: 1}
$data merge entity $(right_thumb_2) {transformation: [-0.244f,-0.1048f,-0.9641f,-0.7745f,0.7767f,0.5742f,-0.259f,4.1014f,0.5807f,-0.812f,-0.0587f,2.242f,0f,0f,0f,1f],start_interpolation: 0,interpolation_duration: 1}
$data merge entity $(right_thumb) {transformation: [-0.244f,-0.8873f,-0.3912f,-1.0907f,0.7767f,0.0628f,-0.6268f,4.2456f,0.5807f,-0.4568f,0.6738f,2.1716f,0f,0f,0f,1f],start_interpolation: 0,interpolation_duration: 1}
$data merge entity $(right_fingers2) {transformation: [0.4102f,0.6684f,-0.6205f,-0.7179f,-0.5418f,-0.3688f,-0.7553f,3.9385f,-0.7336f,0.646f,0.2109f,2.5506f,0f,0f,0f,1f],start_interpolation: 0,interpolation_duration: 1}
$data merge entity $(right_fingers) {transformation: [0.5141f,-0.5921f,-0.6205f,-0.8767f,-0.1888f,0.6276f,-0.7553f,4.1065f,0.8367f,0.5054f,0.2109f,2.7197f,0f,0f,0f,1f],start_interpolation: 0,interpolation_duration: 1}
$data merge entity $(scout) {transformation: [0f,0f,0f,-0.8716f,0f,0f,0f,3.9289f,0f,0f,0f,2.6047f,0f,0f,0f,1f],start_interpolation: 0,interpolation_duration: 1}
$data merge entity $(right_hand) {transformation: [-0.5451f,-0.5637f,-0.6205f,-1.2477f,0.6088f,0.2427f,-0.7553f,4.2191f,0.5764f,-0.7895f,0.2109f,2.2413f,0f,0f,0f,1f],start_interpolation: 0,interpolation_duration: 1}
$data merge entity $(right_forearm) {transformation: [-0.7878f,-0.4282f,-1.0455f,-1.8979f,0.9998f,0.3294f,-0.8883f,4.6413f,0.5262f,-1.267f,0.1224f,0.3158f,0f,0f,0f,1f],start_interpolation: 0,interpolation_duration: 1}
$data merge entity $(right_shoulder) {transformation: [-1.0565f,0.8533f,-0.5527f,-0.6267f,0.7298f,1.1915f,0.4446f,5.9325f,0.7079f,0.0452f,-1.2832f,0.2695f,0f,0f,0f,1f],start_interpolation: 0,interpolation_duration: 1}
$data merge entity $(right_arm) {transformation: [-0.8763f,0.0745f,-0.4759f,-0.115f,0.0114f,0.9909f,0.1341f,6.2143f,0.4816f,0.1121f,-0.8692f,0.0231f,0f,0f,0f,1f],start_interpolation: 0,interpolation_duration: 1}
$data merge entity $(left_thumb_2) {transformation: [-0.5418f,-0.7625f,0.3535f,3.4262f,-0.7265f,0.6364f,0.2592f,3.9399f,-0.4226f,-0.1164f,-0.8988f,0.0959f,0f,0f,0f,1f],start_interpolation: 0,interpolation_duration: 1}
$data merge entity $(left_thumb) {transformation: [-0.5418f,-0.0751f,0.8371f,3.4706f,-0.7265f,0.5427f,-0.4215f,4.2281f,-0.4226f,-0.8366f,-0.3486f,-0.1057f,0f,0f,0f,1f],start_interpolation: 0,interpolation_duration: 1}
$data merge entity $(left_fingers2) {transformation: [0.7722f,0.3672f,0.5185f,3.7034f,0.5892f,-0.7192f,-0.3682f,3.7374f,0.2378f,0.5898f,-0.7717f,0.1804f,0f,0f,0f,1f],start_interpolation: 0,interpolation_duration: 1}
$data merge entity $(left_fingers) {transformation: [-0.5824f,0.6261f,0.5185f,3.902f,0.5088f,0.7782f,-0.3682f,3.9422f,-0.634f,0.0494f,-0.7717f,0.2067f,0f,0f,0f,1f],start_interpolation: 0,interpolation_duration: 1}
$data merge entity $(left_hand) {transformation: [-0.6744f,-0.5256f,0.5185f,3.5988f,-0.7309f,0.5747f,-0.3682f,4.2752f,-0.1045f,-0.6273f,-0.7717f,-0.2132f,0f,0f,0f,1f],start_interpolation: 0,interpolation_duration: 1}
$data merge entity $(left_forearm) {transformation: [-0.8191f,-0.981f,0.5135f,2.106f,-0.9604f,0.3114f,-0.9369f,4.6702f,0.5512f,-0.9152f,-0.8692f,-1.6003f,0f,0f,0f,1f],start_interpolation: 0,interpolation_duration: 1}
$data merge entity $(left_shoulder) {transformation: [-0.9489f,-0.6614f,-0.9011f,1.1373f,-0.8865f,1.1652f,0.0783f,5.9096f,0.6808f,0.5955f,-1.154f,-0.6998f,0f,0f,0f,1f],start_interpolation: 0,interpolation_duration: 1}
$data merge entity $(left_arm) {transformation: [-0.8763f,0.0745f,-0.4759f,0.6607f,0.0114f,0.9909f,0.1341f,6.2042f,0.4816f,0.1121f,-0.8692f,-0.4032f,0f,0f,0f,1f],start_interpolation: 0,interpolation_duration: 1}
$data merge entity $(chest) {transformation: [-1.1204f,0.0952f,-0.6085f,0.1219f,0.0146f,1.2669f,0.1714f,4.4243f,0.6157f,0.1433f,-1.1113f,-0.4225f,0f,0f,0f,1f],start_interpolation: 0,interpolation_duration: 1}
$data merge entity $(left_cheek) {transformation: [-0.4879f,-0.1251f,-0.8639f,-0.0995f,-0.2091f,0.9776f,-0.0235f,3.7971f,0.8475f,0.1691f,-0.5031f,-1.1428f,0f,0f,0f,1f],start_interpolation: 0,interpolation_duration: 1}
$data merge entity $(left_foot) {transformation: [-0.2716f,-0.1168f,-0.9787f,1.2973f,-0.0249f,1.0157f,-0.1143f,-3.4424f,0.9853f,-0.0065f,-0.2727f,-2.3884f,0f,0f,0f,1f],start_interpolation: 0,interpolation_duration: 1}
$data merge entity $(left_knee) {transformation: [-1.2079f,0.6404f,-2.7172f,2.1072f,-0.7478f,2.7782f,0.9872f,0.4645f,2.6896f,1.06f,-0.9458f,-1.0372f,0f,0f,0f,1f],start_interpolation: 0,interpolation_duration: 1}
$data merge entity $(left_leg) {transformation: [-0.6942f,-0.9865f,-1.2232f,0.5337f,-0.4136f,1.4048f,-0.8982f,2.7242f,1.516f,-0.0684f,-0.8052f,-1.0602f,0f,0f,0f,1f],start_interpolation: 0,interpolation_duration: 1}
$data merge entity $(right_cheek) {transformation: [-0.5223f,0.2273f,-0.8219f,-0.541f,0.2282f,0.9659f,0.1222f,3.7833f,0.8217f,-0.1238f,-0.5563f,-0.4687f,0f,0f,0f,1f],start_interpolation: 0,interpolation_duration: 1}
$data merge entity $(right_foot) {transformation: [-1.0166f,0.0466f,-0.0975f,-1.166f,0.0432f,1.0208f,0.0376f,-3.4497f,0.099f,0.0332f,-1.017f,0.6299f,0f,0f,0f,1f],start_interpolation: 0,interpolation_duration: 1}
$data merge entity $(right_knee) {transformation: [-2.9375f,0.6822f,-0.3972f,-0.3224f,0.5243f,2.8303f,0.9833f,0.5227f,0.5901f,0.8811f,-2.8509f,1.7497f,0f,0f,0f,1f],start_interpolation: 0,interpolation_duration: 1}
$data merge entity $(right_leg) {transformation: [-1.6561f,0.0024f,-0.4569f,-0.2363f,0.2783f,1.368f,-1.0012f,2.7322f,0.3625f,-1.0392f,-1.3191f,0.1084f,0f,0f,0f,1f],start_interpolation: 0,interpolation_duration: 1}
$data merge entity $(weist) {transformation: [-0.8925f,-0.0497f,-1.3538f,0f,0.0092f,1.621f,-0.0656f,4.3728f,1.3547f,-0.0438f,-0.8915f,-0.585f,0f,0f,0f,1f],start_interpolation: 0,interpolation_duration: 1}
data modify storage animated_java:temp entry.data merge value {"locators":{"consume":{"px":-0.7315871895,"py":3.889423486,"pz":2.6924906631,"ry":251.2306666419,"rx":-49.05013582}}}
# Data Manager: Prepare for Read / Write
execute store result storage animated_java:temp args.id int 1 run scoreboard players get @s aj.id
# Data Manager: Write
function animated_java:global/data_manager/write with storage animated_java:temp args