# This file was generated by Animated Java via MC-Build. It is not recommended to edit this file directly.
$data merge entity $(neck) {transformation: [-0.9705f,0.1047f,-0.2171f,0.1222f,0.0273f,0.9427f,0.3326f,6.1977f,0.2394f,0.3169f,-0.9177f,-0.2032f,0f,0f,0f,1f],start_interpolation: 0,interpolation_duration: 1}
$data merge entity $(right_thumb_2) {transformation: [-0.3803f,-0.0619f,-0.9228f,-0.9801f,0.8577f,0.3498f,-0.3769f,4.6715f,0.3461f,-0.9348f,-0.0799f,2.5036f,0f,0f,0f,1f],start_interpolation: 0,interpolation_duration: 1}
$data merge entity $(right_thumb) {transformation: [-0.3803f,-0.8301f,-0.4078f,-1.2978f,0.8577f,-0.1515f,-0.4914f,4.7568f,0.3461f,-0.5366f,0.7696f,2.3714f,0f,0f,0f,1f],start_interpolation: 0,interpolation_duration: 1}
$data merge entity $(right_fingers2) {transformation: [0.5408f,0.6196f,-0.5689f,-0.9451f,-0.6478f,-0.1246f,-0.7516f,4.5938f,-0.5366f,0.7749f,0.334f,2.8467f,0f,0f,0f,1f],start_interpolation: 0,interpolation_duration: 1}
$data merge entity $(right_fingers) {transformation: [0.4283f,-0.7021f,-0.5689f,-1.1372f,0.0759f,0.6553f,-0.7516f,4.7772f,0.9004f,0.2787f,0.334f,2.954f,0f,0f,0f,1f],start_interpolation: 0,interpolation_duration: 1}
$data merge entity $(scout) {transformation: [0f,0f,0f,-1.1024f,0f,0f,0f,4.5793f,0f,0f,0f,2.8873f,0f,0f,0f,1f],start_interpolation: 0,interpolation_duration: 1}
$data merge entity $(right_hand) {transformation: [-0.6621f,-0.4879f,-0.5689f,-1.4587f,0.6594f,-0.0185f,-0.7516f,4.7293f,0.3561f,-0.8727f,0.334f,2.4309f,0f,0f,0f,1f],start_interpolation: 0,interpolation_duration: 1}
$data merge entity $(right_forearm) {transformation: [-0.912f,-0.3527f,-0.9701f,-1.9872f,1.018f,-0.0934f,-0.9231f,4.5127f,0.1706f,-1.3282f,0.3225f,0.4354f,0f,0f,0f,1f],start_interpolation: 0,interpolation_duration: 1}
$data merge entity $(right_shoulder) {transformation: [-1.1881f,0.7369f,-0.442f,-0.8351f,0.7761f,1.2439f,-0.0123f,5.8733f,0.3688f,-0.2439f,-1.398f,0.1087f,0f,0f,0f,1f],start_interpolation: 0,interpolation_duration: 1}
$data merge entity $(right_arm) {transformation: [-0.959f,0.0213f,-0.2825f,-0.2905f,-0.0003f,0.9971f,0.0762f,6.163f,0.2833f,0.0731f,-0.9562f,-0.038f,0f,0f,0f,1f],start_interpolation: 0,interpolation_duration: 1}
$data merge entity $(left_thumb_2) {transformation: [-0.2575f,-0.7999f,0.5421f,3.4277f,-0.8875f,0.4176f,0.1948f,4.8147f,-0.3822f,-0.4309f,-0.8174f,1.3519f,0f,0f,0f,1f],start_interpolation: 0,interpolation_duration: 1}
$data merge entity $(left_thumb) {transformation: [-0.2575f,0.0695f,0.9638f,3.4746f,-0.8875f,0.3775f,-0.2643f,5.0715f,-0.3822f,-0.9234f,-0.0355f,1.112f,0f,0f,0f,1f],start_interpolation: 0,interpolation_duration: 1}
$data merge entity $(left_fingers2) {transformation: [0.552f,0.3078f,0.775f,3.7012f,0.7808f,-0.517f,-0.3507f,4.6971f,0.2927f,0.7987f,-0.5257f,1.5425f,0f,0f,0f,1f],start_interpolation: 0,interpolation_duration: 1}
$data merge entity $(left_fingers) {transformation: [-0.4595f,0.4338f,0.775f,3.8434f,0.2583f,0.9001f,-0.3507f,4.9437f,-0.8498f,0.039f,-0.5257f,1.5737f,0f,0f,0f,1f],start_interpolation: 0,interpolation_duration: 1}
$data merge entity $(left_hand) {transformation: [-0.4722f,-0.42f,0.775f,3.6174f,-0.8742f,0.3358f,-0.3507f,5.1301f,-0.1129f,-0.8431f,-0.5257f,1.032f,0f,0f,0f,1f],start_interpolation: 0,interpolation_duration: 1}
$data merge entity $(left_forearm) {transformation: [-0.8095f,-0.7181f,0.8521f,2.5333f,-0.9161f,-0.1708f,-1.0143f,4.7979f,0.6344f,-1.1629f,-0.3773f,-0.7066f,0f,0f,0f,1f],start_interpolation: 0,interpolation_duration: 1}
$data merge entity $(left_shoulder) {transformation: [-0.9375f,-1.0361f,-0.4445f,1.0954f,-0.9777f,1.035f,-0.3503f,5.8739f,0.5613f,0.0724f,-1.3526f,-0.4616f,0f,0f,0f,1f],start_interpolation: 0,interpolation_duration: 1}
$data merge entity $(left_arm) {transformation: [-0.959f,0.0213f,-0.2825f,0.5584f,-0.0003f,0.9971f,0.0762f,6.1632f,0.2833f,0.0731f,-0.9562f,-0.2887f,0f,0f,0f,1f],start_interpolation: 0,interpolation_duration: 1}
$data merge entity $(chest) {transformation: [-1.2262f,0.0272f,-0.3612f,0.0858f,-0.0004f,1.2748f,0.0974f,4.365f,0.3622f,0.0935f,-1.2226f,-0.3285f,0f,0f,0f,1f],start_interpolation: 0,interpolation_duration: 1}
$data merge entity $(left_cheek) {transformation: [-0.613f,-0.2202f,-0.7588f,0.0394f,-0.2508f,0.9649f,-0.0773f,3.6434f,0.7492f,0.1429f,-0.6467f,-0.9374f,0f,0f,0f,1f],start_interpolation: 0,interpolation_duration: 1}
$data merge entity $(left_foot) {transformation: [-0.5891f,0.19f,-0.8137f,1.7278f,-0.002f,0.9953f,0.2338f,-3.5848f,0.8356f,0.1363f,-0.5731f,-1.3733f,0f,0f,0f,1f],start_interpolation: 0,interpolation_duration: 1}
$data merge entity $(left_knee) {transformation: [-2.075f,0.3179f,-2.2012f,2.1372f,-0.578f,2.83f,0.9535f,0.3876f,2.1476f,1.0687f,-1.8702f,-0.0323f,0f,0f,0f,1f],start_interpolation: 0,interpolation_duration: 1}
$data merge entity $(left_leg) {transformation: [-1.1821f,-0.8902f,-0.8727f,0.6874f,-0.3182f,1.3783f,-0.975f,2.611f,1.2053f,-0.5092f,-1.1132f,-0.7653f,0f,0f,0f,1f],start_interpolation: 0,interpolation_duration: 1}
$data merge entity $(right_cheek) {transformation: [-0.7118f,0.2285f,-0.6642f,-0.5236f,0.242f,0.9675f,0.0735f,3.6022f,0.6594f,-0.1084f,-0.7439f,-0.47f,0f,0f,0f,1f],start_interpolation: 0,interpolation_duration: 1}
$data merge entity $(right_foot) {transformation: [-1.0215f,0.005f,0.0425f,-1.1585f,0.0098f,1.0159f,0.1145f,-3.8583f,-0.0417f,0.1148f,-1.015f,0.5839f,0f,0f,0f,1f],start_interpolation: 0,interpolation_duration: 1}
$data merge entity $(right_knee) {transformation: [-3.0073f,0.455f,-0.0331f,-0.6164f,0.4311f,2.9064f,0.7868f,0.2088f,0.1493f,0.7732f,-2.938f,1.538f,0f,0f,0f,1f],start_interpolation: 0,interpolation_duration: 1}
$data merge entity $(right_leg) {transformation: [-1.6998f,0.141f,-0.2053f,-0.3137f,0.2239f,1.4853f,-0.8338f,2.6034f,0.109f,-0.8518f,-1.488f,0.2126f,0f,0f,0f,1f],start_interpolation: 0,interpolation_duration: 1}
$data merge entity $(weist) {transformation: [-1.1606f,-0.1032f,-1.1289f,0f,-0.0088f,1.6164f,-0.1387f,4.2417f,1.1336f,-0.0931f,-1.1569f,-0.4549f,0f,0f,0f,1f],start_interpolation: 0,interpolation_duration: 1}
data modify storage animated_java:temp entry.data merge value {"locators":{"consume":{"px":-0.9705712063,"py":4.5784477435,"pz":2.9945164687,"ry":239.5838970962,"rx":-48.7271451372}}}
# Data Manager: Prepare for Read / Write
execute store result storage animated_java:temp args.id int 1 run scoreboard players get @s aj.id
# Data Manager: Write
function animated_java:global/data_manager/write with storage animated_java:temp args
execute unless entity @s[tag=aj.transforms_only] at @s run function animated_java:female/animations/ghost_kick_walk/zzz/frames/17_root_function