# This file was generated by Animated Java via MC-Build. It is not recommended to edit this file directly.
$data merge entity $(neck) {transformation: [-0.9993f,-0.0116f,-0.0343f,0.0018f,-0.0201f,0.9657f,0.2591f,6.1482f,0.0301f,0.2596f,-0.9652f,-0.1965f,0f,0f,0f,1f],start_interpolation: 0,interpolation_duration: 1}
$data merge entity $(right_thumb_2) {transformation: [-0.4306f,0.0717f,-0.8997f,-1.4216f,0.9021f,0.0649f,-0.4266f,5.4605f,0.0278f,-0.9953f,-0.0926f,2.4455f,0f,0f,0f,1f],start_interpolation: 0,interpolation_duration: 1}
$data merge entity $(right_thumb) {transformation: [-0.4306f,-0.7433f,-0.5119f,-1.7174f,0.9021f,-0.337f,-0.2695f,5.4896f,0.0278f,-0.5779f,0.8156f,2.2522f,0f,0f,0f,1f],start_interpolation: 0,interpolation_duration: 1}
$data merge entity $(right_fingers2) {transformation: [0.6158f,0.5021f,-0.6072f,-1.436f,-0.7481f,0.1309f,-0.6505f,5.4858f,-0.2471f,0.8549f,0.4562f,2.7978f,0f,0f,0f,1f],start_interpolation: 0,interpolation_duration: 1}
$data merge entity $(right_fingers) {transformation: [0.2937f,-0.7383f,-0.6072f,-1.6426f,0.3498f,0.6742f,-0.6505f,5.683f,0.8896f,-0.0214f,0.4562f,2.8201f,0f,0f,0f,1f],start_interpolation: 0,interpolation_duration: 1}
$data merge entity $(scout) {transformation: [0f,0f,0f,-1.5975f,0f,0f,0f,5.4762f,0f,0f,0f,2.819f,0f,0f,0f,1f],start_interpolation: 0,interpolation_duration: 1}
$data merge entity $(right_hand) {transformation: [-0.7099f,-0.3569f,-0.6072f,-1.8851f,0.7021f,-0.2897f,-0.6505f,5.4728f,0.0563f,-0.8881f,0.4562f,2.2945f,0f,0f,0f,1f],start_interpolation: 0,interpolation_duration: 1}
$data merge entity $(right_forearm) {transformation: [-0.908f,-0.2088f,-1.0144f,-2.1987f,0.9969f,-0.5418f,-0.7808f,4.5869f,-0.2807f,-1.249f,0.5084f,0.4438f,0f,0f,0f,1f],start_interpolation: 0,interpolation_duration: 1}
$data merge entity $(right_shoulder) {transformation: [-1.223f,0.7762f,-0.2271f,-0.9985f,0.8037f,1.1205f,-0.4983f,5.8071f,-0.0902f,-0.5401f,-1.3601f,-0.1528f,0f,0f,0f,1f],start_interpolation: 0,interpolation_duration: 1}
$data merge entity $(right_arm) {transformation: [-0.9998f,-0.0187f,0f,-0.4401f,-0.0187f,0.9995f,0.0261f,6.1074f,-0.0004f,0.0261f,-0.9997f,-0.1534f,0f,0f,0f,1f],start_interpolation: 0,interpolation_duration: 1}
$data merge entity $(left_thumb_2) {transformation: [0.0211f,-0.6189f,0.7852f,2.5956f,-0.9841f,0.1258f,0.1256f,5.9349f,-0.1765f,-0.7754f,-0.6063f,2.5961f,0f,0f,0f,1f],start_interpolation: 0,interpolation_duration: 1}
$data merge entity $(left_thumb) {transformation: [0.0211f,0.3706f,0.9286f,2.6986f,-0.9841f,0.1717f,-0.0461f,6.1367f,-0.1765f,-0.9128f,0.3683f,2.3234f,0f,0f,0f,1f],start_interpolation: 0,interpolation_duration: 1}
$data merge entity $(left_fingers2) {transformation: [0.296f,0.0399f,0.9544f,2.7875f,0.9281f,-0.2483f,-0.2774f,5.9252f,0.2259f,0.9679f,-0.1105f,2.8929f,0f,0f,0f,1f],start_interpolation: 0,interpolation_duration: 1}
$data merge entity $(left_fingers) {transformation: [-0.127f,0.2703f,0.9544f,2.8751f,-0.0423f,0.9598f,-0.2774f,6.1979f,-0.991f,-0.0756f,-0.1105f,2.8984f,0f,0f,0f,1f],start_interpolation: 0,interpolation_duration: 1}
$data merge entity $(left_hand) {transformation: [-0.2803f,-0.103f,0.9544f,2.8526f,-0.9598f,0.0415f,-0.2774f,6.2063f,-0.011f,-0.9938f,-0.1105f,2.2831f,0f,0f,0f,1f],start_interpolation: 0,interpolation_duration: 1}
$data merge entity $(left_forearm) {transformation: [-0.9792f,-0.1937f,0.9491f,2.5546f,-0.7763f,-0.6502f,-0.9337f,5.1609f,0.5793f,-1.1987f,0.353f,0.5148f,0f,0f,0f,1f],start_interpolation: 0,interpolation_duration: 1}
$data merge entity $(left_shoulder) {transformation: [-0.9304f,-1.1028f,0.2607f,1.0141f,-1.0523f,0.7156f,-0.7283f,5.8447f,0.4206f,-0.6493f,-1.2456f,-0.1519f,0f,0f,0f,1f],start_interpolation: 0,interpolation_duration: 1}
$data merge entity $(left_arm) {transformation: [-0.9998f,-0.0187f,0f,0.4449f,-0.0187f,0.9995f,0.0261f,6.1239f,-0.0004f,0.0261f,-0.9997f,-0.153f,0f,0f,0f,1f],start_interpolation: 0,interpolation_duration: 1}
$data merge entity $(chest) {transformation: [-1.2783f,-0.0239f,-0.0001f,0.0361f,-0.0239f,1.2779f,0.0333f,4.3115f,-0.0006f,0.0333f,-1.2781f,-0.2349f,0f,0f,0f,1f],start_interpolation: 0,interpolation_duration: 1}
$data merge entity $(left_cheek) {transformation: [-0.8463f,-0.3186f,-0.427f,0.2379f,-0.2802f,0.9479f,-0.1518f,3.4801f,0.4531f,-0.0089f,-0.8914f,-0.7977f,0f,0f,0f,1f],start_interpolation: 0,interpolation_duration: 1}
$data merge entity $(left_foot) {transformation: [-0.9187f,0.2888f,-0.3432f,1.7652f,0.0078f,0.7924f,0.6459f,-3.6546f,0.4485f,0.5778f,-0.7143f,0.0239f,0f,0f,0f,1f],start_interpolation: 0,interpolation_duration: 1}
$data merge entity $(left_knee) {transformation: [-2.8796f,-0.1055f,-0.9741f,1.662f,-0.406f,2.8808f,0.888f,0.3804f,0.8917f,0.9707f,-2.7413f,1.2296f,0f,0f,0f,1f],start_interpolation: 0,interpolation_duration: 1}
$data merge entity $(left_leg) {transformation: [-1.6312f,-0.481f,-0.2436f,0.8307f,-0.222f,1.3067f,-1.093f,2.4966f,0.4913f,-1.0063f,-1.3028f,-0.3239f,0f,0f,0f,1f],start_interpolation: 0,interpolation_duration: 1}
$data merge entity $(right_cheek) {transformation: [-0.9f,0.2135f,-0.38f,-0.4804f,0.2127f,0.9761f,0.0446f,3.4629f,0.3804f,-0.0407f,-0.9239f,-0.4489f,0f,0f,0f,1f],start_interpolation: 0,interpolation_duration: 1}
$data merge entity $(right_foot) {transformation: [-0.9871f,-0.0956f,0.2484f,-1.0514f,-0.0416f,0.9978f,0.2187f,-4.2914f,-0.2629f,0.2011f,-0.9673f,0.4513f,0f,0f,0f,1f],start_interpolation: 0,interpolation_duration: 1}
$data merge entity $(right_knee) {transformation: [-2.9781f,0.1777f,0.5928f,-0.8667f,0.2849f,2.9802f,0.5381f,-0.1366f,-0.5494f,0.5824f,-2.9345f,1.1216f,0f,0f,0f,1f],start_interpolation: 0,interpolation_duration: 1}
$data merge entity $(right_leg) {transformation: [-1.6866f,0.2334f,0.2287f,-0.4293f,0.1424f,1.6072f,-0.5899f,2.4496f,-0.2941f,-0.5602f,-1.5972f,0.2832f,0f,0f,0f,1f],start_interpolation: 0,interpolation_duration: 1}
$data merge entity $(weist) {transformation: [-1.4607f,-0.1481f,-0.6902f,0f,-0.0545f,1.6052f,-0.229f,4.0897f,0.7038f,-0.183f,-1.4502f,-0.3116f,0f,0f,0f,1f],start_interpolation: 0,interpolation_duration: 1}
data modify storage animated_java:temp entry.data merge value {"locators":{"consume":{"px":-1.4824797027,"py":5.5121022769,"pz":2.9387648317,"ry":233.0804525,"rx":-40.5801839071}}}
# Data Manager: Prepare for Read / Write
execute store result storage animated_java:temp args.id int 1 run scoreboard players get @s aj.id
# Data Manager: Write
function animated_java:global/data_manager/write with storage animated_java:temp args