# This file was generated by Animated Java via MC-Build. It is not recommended to edit this file directly.
$data merge entity $(neck) {transformation: [-0.9895f,-0.0731f,0.1247f,-0.0454f,-0.0439f,0.9738f,0.223f,6.1046f,-0.1377f,0.2152f,-0.9668f,-0.1771f,0f,0f,0f,1f],start_interpolation: 0,interpolation_duration: 1}
$data merge entity $(right_thumb_2) {transformation: [-0.3446f,0.1353f,-0.929f,-1.5659f,0.9113f,-0.1892f,-0.3656f,6.2023f,-0.2252f,-0.9726f,-0.0581f,2.1758f,0f,0f,0f,1f],start_interpolation: 0,interpolation_duration: 1}
$data merge entity $(right_thumb) {transformation: [-0.3446f,-0.7369f,-0.5816f,-1.8459f,0.9113f,-0.4112f,-0.0189f,6.2054f,-0.2252f,-0.5366f,0.8132f,1.9583f,0f,0f,0f,1f],start_interpolation: 0,interpolation_duration: 1}
$data merge entity $(right_fingers2) {transformation: [0.5559f,0.4616f,-0.6913f,-1.5984f,-0.8312f,0.2993f,-0.4685f,6.315f,-0.0093f,0.8351f,0.5501f,2.5092f,0f,0f,0f,1f],start_interpolation: 0,interpolation_duration: 1}
$data merge entity $(right_fingers) {transformation: [0.2731f,-0.669f,-0.6913f,-1.7864f,0.5354f,0.7027f,-0.4685f,6.5269f,0.7992f,-0.2422f,0.5501f,2.4668f,0f,0f,0f,1f],start_interpolation: 0,interpolation_duration: 1}
$data merge entity $(scout) {transformation: [0f,0f,0f,-1.761f,0f,0f,0f,6.3234f,0f,0f,0f,2.5192f,0f,0f,0f,1f],start_interpolation: 0,interpolation_duration: 1}
$data merge entity $(right_hand) {transformation: [-0.6426f,-0.3303f,-0.6913f,-2.0166f,0.7467f,-0.4721f,-0.4685f,6.2125f,-0.1716f,-0.8173f,0.5501f,1.99f,0f,0f,0f,1f],start_interpolation: 0,interpolation_duration: 1}
$data merge entity $(right_forearm) {transformation: [-0.7666f,-0.2417f,-1.1185f,-2.3894f,0.9685f,-0.8541f,-0.4792f,4.8685f,-0.6095f,-1.0532f,0.6453f,0.4528f,0f,0f,0f,1f],start_interpolation: 0,interpolation_duration: 1}
$data merge entity $(right_shoulder) {transformation: [-1.1229f,0.9245f,-0.1852f,-1.0299f,0.8377f,0.8461f,-0.8556f,5.7587f,-0.4326f,-0.7611f,-1.1762f,-0.3501f,0f,0f,0f,1f],start_interpolation: 0,interpolation_duration: 1}
$data merge entity $(right_arm) {transformation: [-0.9749f,-0.0259f,0.2213f,-0.4858f,-0.0243f,0.9997f,0.0098f,6.0621f,-0.2214f,0.0042f,-0.9752f,-0.2323f,0f,0f,0f,1f],start_interpolation: 0,interpolation_duration: 1}
$data merge entity $(left_thumb_2) {transformation: [0.1327f,-0.3254f,0.9362f,1.4798f,-0.9858f,-0.1416f,0.0905f,6.8995f,0.1031f,-0.9349f,-0.3396f,3.0817f,0f,0f,0f,1f],start_interpolation: 0,interpolation_duration: 1}
$data merge entity $(left_thumb) {transformation: [0.1327f,0.6481f,0.7499f,1.6581f,-0.9858f,0.0076f,0.1679f,7.0457f,0.1031f,-0.7616f,0.6398f,2.8124f,0f,0f,0f,1f],start_interpolation: 0,interpolation_duration: 1}
$data merge entity $(left_fingers2) {transformation: [0.1514f,-0.277f,0.9489f,1.5601f,0.9869f,-0.0122f,-0.161f,6.9845f,0.0562f,0.9608f,0.2715f,3.4153f,0f,0f,0f,1f],start_interpolation: 0,interpolation_duration: 1}
$data merge entity $(left_fingers) {transformation: [0.2187f,0.2277f,0.9489f,1.6258f,-0.2851f,0.9449f,-0.161f,7.2606f,-0.9332f,-0.2353f,0.2715f,3.3766f,0f,0f,0f,1f],start_interpolation: 0,interpolation_duration: 1}
$data merge entity $(left_hand) {transformation: [-0.2078f,0.2377f,0.9489f,1.8126f,-0.9661f,-0.2017f,-0.161f,7.1248f,0.1531f,-0.9502f,0.2715f,2.8058f,0f,0f,0f,1f],start_interpolation: 0,interpolation_duration: 1}
$data merge entity $(left_forearm) {transformation: [-1.1678f,0.239f,0.6901f,2.1491f,-0.6374f,-0.9689f,-0.743f,5.6122f,0.3565f,-0.9493f,0.9321f,1.4248f,0f,0f,0f,1f],start_interpolation: 0,interpolation_duration: 1}
$data merge entity $(left_shoulder) {transformation: [-0.9089f,-0.8265f,0.8004f,0.9325f,-1.0978f,0.3175f,-0.9187f,5.8076f,0.3445f,-1.1687f,-0.8156f,0.0956f,0f,0f,0f,1f],start_interpolation: 0,interpolation_duration: 1}
$data merge entity $(left_arm) {transformation: [-0.9749f,-0.0259f,0.2213f,0.3771f,-0.0243f,0.9997f,0.0098f,6.0836f,-0.2214f,0.0042f,-0.9752f,-0.0363f,0f,0f,0f,1f],start_interpolation: 0,interpolation_duration: 1}
$data merge entity $(chest) {transformation: [-1.2464f,-0.0331f,0.2829f,0f,-0.0311f,1.2781f,0.0126f,4.2678f,-0.2831f,0.0054f,-1.2468f,-0.1756f,0f,0f,0f,1f],start_interpolation: 0,interpolation_duration: 1}
$data merge entity $(left_cheek) {transformation: [-0.9436f,-0.2915f,0.1568f,0.6378f,-0.3151f,0.9361f,-0.1564f,3.3375f,-0.1012f,-0.197f,-0.9752f,-0.6532f,0f,0f,0f,1f],start_interpolation: 0,interpolation_duration: 1}
$data merge entity $(left_foot) {transformation: [-1.0222f,0.0107f,-0.0146f,1.3737f,-0.0051f,0.6194f,0.8133f,-3.6978f,0.0174f,0.8133f,-0.6193f,1.1324f,0f,0f,0f,1f],start_interpolation: 0,interpolation_duration: 1}
$data merge entity $(left_knee) {transformation: [-3.004f,-0.4057f,0.2518f,0.9088f,-0.3343f,2.9324f,0.736f,0.4003f,-0.3409f,0.6992f,-2.9406f,1.9896f,0f,0f,0f,1f],start_interpolation: 0,interpolation_duration: 1}
$data merge entity $(left_leg) {transformation: [-1.6958f,0.0093f,0.275f,0.8451f,-0.1823f,1.2479f,-1.1666f,2.426f,-0.2061f,-1.1808f,-1.2308f,0.1255f,0f,0f,0f,1f],start_interpolation: 0,interpolation_duration: 1}
$data merge entity $(right_cheek) {transformation: [-0.994f,0.1071f,-0.0243f,-0.4617f,0.1048f,0.9912f,0.0809f,3.3893f,0.0327f,0.0779f,-0.9964f,-0.4115f,0f,0f,0f,1f],start_interpolation: 0,interpolation_duration: 1}
$data merge entity $(right_foot) {transformation: [-0.8751f,-0.1947f,0.4915f,-0.9791f,-0.0705f,0.985f,0.2646f,-4.5269f,-0.5239f,0.1926f,-0.8566f,0.2355f,0f,0f,0f,1f],start_interpolation: 0,interpolation_duration: 1}
$data merge entity $(right_knee) {transformation: [-2.7098f,-0.0189f,1.3816f,-1.0265f,0.1924f,3.0067f,0.4184f,-0.343f,-1.3683f,0.4602f,-2.6773f,0.7236f,0f,0f,0f,1f],start_interpolation: 0,interpolation_duration: 1}
$data merge entity $(right_leg) {transformation: [-1.5361f,0.2735f,0.7191f,-0.5456f,0.094f,1.6605f,-0.4306f,2.3259f,-0.7635f,-0.3457f,-1.4996f,0.2455f,0f,0f,0f,1f],start_interpolation: 0,interpolation_duration: 1}
$data merge entity $(weist) {transformation: [-1.6122f,-0.1389f,-0.1163f,0f,-0.1161f,1.5917f,-0.2916f,3.9743f,0.1391f,-0.2815f,-1.5917f,-0.2163f,0f,0f,0f,1f],start_interpolation: 0,interpolation_duration: 1}
data modify storage animated_java:temp entry.data merge value {"locators":{"consume":{"px":-1.6502826132,"py":6.3789033517,"pz":2.6355457227,"ry":231.4908003818,"rx":-27.9394040232}}}
# Data Manager: Prepare for Read / Write
execute store result storage animated_java:temp args.id int 1 run scoreboard players get @s aj.id
# Data Manager: Write
function animated_java:global/data_manager/write with storage animated_java:temp args