# This file was generated by Animated Java via MC-Build. It is not recommended to edit this file directly.
$data merge entity $(neck) {transformation: [-0.9484f,-0.1694f,0.2679f,-0.091f,-0.0121f,0.8639f,0.5035f,6.2374f,-0.3167f,0.4743f,-0.8214f,-0.256f,0f,0f,0f,1f],start_interpolation: 0,interpolation_duration: 1}
$data merge entity $(right_thumb_2) {transformation: [-0.2351f,-0.2909f,-0.9274f,-0.6576f,0.9484f,-0.2774f,-0.1534f,6.5698f,-0.2126f,-0.9157f,0.3411f,2.8486f,0f,0f,0f,1f],start_interpolation: 0,interpolation_duration: 1}
$data merge entity $(right_thumb) {transformation: [-0.2351f,-0.819f,-0.5234f,-0.9485f,0.9484f,-0.3111f,0.0608f,6.6094f,-0.2126f,-0.4822f,0.8499f,2.65f,0f,0f,0f,1f],start_interpolation: 0,interpolation_duration: 1}
$data merge entity $(right_fingers2) {transformation: [0.0009f,-0.4568f,-0.8896f,-0.7406f,0.9987f,0.0453f,-0.0223f,7.1896f,0.0504f,-0.8884f,0.4563f,3.2602f,0f,0f,0f,1f],start_interpolation: 0,interpolation_duration: 1}
$data merge entity $(right_fingers) {transformation: [-0.2447f,-0.3857f,-0.8896f,-0.864f,0.8666f,-0.4984f,-0.0223f,7.0719f,-0.4348f,-0.7764f,0.4563f,3.0301f,0f,0f,0f,1f],start_interpolation: 0,interpolation_duration: 1}
$data merge entity $(scout) {transformation: [0f,0f,0f,-0.9194f,0f,0f,0f,6.9048f,0f,0f,0f,3.1477f,0f,0f,0f,1f],start_interpolation: 0,interpolation_duration: 1}
$data merge entity $(right_hand) {transformation: [-0.308f,-0.3374f,-0.8896f,-1.109f,0.7669f,-0.6414f,-0.0223f,6.6731f,-0.563f,-0.6891f,0.4563f,2.6298f,0f,0f,0f,1f],start_interpolation: 0,interpolation_duration: 1}
$data merge entity $(right_forearm) {transformation: [-1.0685f,-0.3392f,-0.8003f,-1.6044f,0.8222f,-0.8058f,-0.7562f,5.3979f,-0.282f,-1.0643f,0.8275f,1.0688f,0f,0f,0f,1f],start_interpolation: 0,interpolation_duration: 1}
$data merge entity $(right_shoulder) {transformation: [-1.2771f,0.2183f,-0.6864f,-1.0588f,0.7159f,0.5387f,-1.1607f,5.9478f,0.0794f,-1.3461f,-0.5758f,-0.5698f,0f,0f,0f,1f],start_interpolation: 0,interpolation_duration: 1}
$data merge entity $(right_arm) {transformation: [-0.9641f,-0.0509f,0.2605f,-0.5276f,0.0318f,0.9522f,0.3037f,6.2083f,-0.2635f,0.3011f,-0.9164f,-0.3417f,0f,0f,0f,1f],start_interpolation: 0,interpolation_duration: 1}
$data merge entity $(left_thumb_2) {transformation: [0.1259f,0.0379f,0.9913f,-0.194f,-0.9849f,-0.1152f,0.1295f,7.1694f,0.1191f,-0.9926f,0.0229f,3.5826f,0f,0f,0f,1f],start_interpolation: 0,interpolation_duration: 1}
$data merge entity $(left_thumb) {transformation: [0.1259f,0.6977f,0.7053f,0.0019f,-0.9849f,0.0026f,0.1733f,7.3138f,0.1191f,-0.7164f,0.6875f,3.3248f,0f,0f,0f,1f],start_interpolation: 0,interpolation_duration: 1}
$data merge entity $(left_fingers2) {transformation: [-0.0624f,0.277f,0.9589f,-0.0428f,-0.9123f,0.3738f,-0.1673f,7.6628f,-0.4047f,-0.8852f,0.2294f,4.1176f,0f,0f,0f,1f],start_interpolation: 0,interpolation_duration: 1}
$data merge entity $(left_fingers) {transformation: [-0.2099f,0.1911f,0.9589f,0.0246f,-0.9617f,-0.2171f,-0.1673f,7.6268f,0.1762f,-0.9573f,0.2294f,3.8415f,0f,0f,0f,1f],start_interpolation: 0,interpolation_duration: 1}
$data merge entity $(left_hand) {transformation: [-0.2399f,0.1517f,0.9589f,0.159f,-0.9094f,-0.3808f,-0.1673f,7.381f,0.3397f,-0.9121f,0.2294f,3.2931f,0f,0f,0f,1f],start_interpolation: 0,interpolation_duration: 1}
$data merge entity $(left_forearm) {transformation: [-1.2091f,0.462f,0.4709f,0.8216f,-0.6578f,-0.7702f,-0.9334f,6.1598f,-0.0497f,-1.0443f,0.8967f,1.751f,0f,0f,0f,1f],start_interpolation: 0,interpolation_duration: 1}
$data merge entity $(left_shoulder) {transformation: [-0.718f,0.2016f,1.2624f,0.882f,-1.2765f,-0.0344f,-0.7205f,5.8837f,-0.0695f,-1.4519f,0.1923f,-0.0393f,0f,0f,0f,1f],start_interpolation: 0,interpolation_duration: 1}
$data merge entity $(left_arm) {transformation: [-0.9641f,-0.0509f,0.2605f,0.3258f,0.0318f,0.9522f,0.3037f,6.1801f,-0.2635f,0.3011f,-0.9164f,-0.1085f,0f,0f,0f,1f],start_interpolation: 0,interpolation_duration: 1}
$data merge entity $(chest) {transformation: [-1.2327f,-0.0651f,0.3331f,0f,0.0407f,1.2175f,0.3883f,4.485f,-0.3369f,0.385f,-1.1717f,-0.8006f,0f,0f,0f,1f],start_interpolation: 0,interpolation_duration: 1}
$data merge entity $(left_cheek) {transformation: [-0.8291f,-0.278f,0.4851f,0.5958f,-0.307f,0.9515f,0.0206f,3.6339f,-0.4673f,-0.1319f,-0.8742f,-0.9833f,0f,0f,0f,1f],start_interpolation: 0,interpolation_duration: 1}
$data merge entity $(left_foot) {transformation: [-1.0196f,-0.0551f,-0.0514f,0.7105f,-0.0571f,1.02f,0.0389f,-3.3165f,0.0492f,0.0417f,-1.0203f,1.4018f,0f,0f,0f,1f],start_interpolation: 0,interpolation_duration: 1}
$data merge entity $(left_knee) {transformation: [-3.0284f,-0.1674f,0.2302f,0.5752f,-0.1361f,3.0123f,0.3998f,0.8728f,-0.25f,0.3877f,-3.0066f,1.8225f,0f,0f,0f,1f],start_interpolation: 0,interpolation_duration: 1}
$data merge entity $(left_leg) {transformation: [-1.7094f,0.0794f,0.1522f,0.6268f,-0.0726f,1.0466f,-1.3604f,2.5864f,-0.1556f,-1.3601f,-1.038f,-0.3324f,0f,0f,0f,1f],start_interpolation: 0,interpolation_duration: 1}
$data merge entity $(right_cheek) {transformation: [-0.8484f,0.141f,0.51f,-0.122f,0.1726f,0.9787f,0.0132f,3.5931f,-0.5004f,0.0986f,-0.8601f,-1.3912f,0f,0f,0f,1f],start_interpolation: 0,interpolation_duration: 1}
$data merge entity $(right_foot) {transformation: [-0.8459f,0.0853f,0.5678f,-0.9187f,0.0876f,1.0184f,-0.0224f,-3.4064f,-0.5675f,0.0301f,-0.8499f,-2.9293f,0f,0f,0f,1f],start_interpolation: 0,interpolation_duration: 1}
$data merge entity $(right_knee) {transformation: [-2.6965f,-0.3895f,1.3526f,-1.4797f,0.5736f,2.3653f,1.8244f,-0.0417f,-1.2854f,1.8724f,-2.0234f,-0.4576f,0f,0f,0f,1f],start_interpolation: 0,interpolation_duration: 1}
$data merge entity $(right_leg) {transformation: [-1.5229f,0.5261f,0.596f,-0.591f,0.3239f,1.5868f,-0.5731f,2.5039f,-0.726f,-0.3956f,-1.5059f,-1.0171f,0f,0f,0f,1f],start_interpolation: 0,interpolation_duration: 1}
$data merge entity $(weist) {transformation: [-1.4117f,-0.0743f,0.796f,0f,-0.0956f,1.6194f,-0.0185f,4.1915f,-0.7937f,-0.063f,-1.4135f,-0.8413f,0f,0f,0f,1f],start_interpolation: 0,interpolation_duration: 1}
data modify storage animated_java:temp entry.data merge value {"locators":{"consume":{"px":-0.8165269288,"py":6.9688025902,"pz":3.2668016091,"ry":242.8455124638,"rx":-1.2753242843}}}
# Data Manager: Prepare for Read / Write
execute store result storage animated_java:temp args.id int 1 run scoreboard players get @s aj.id
# Data Manager: Write
function animated_java:global/data_manager/write with storage animated_java:temp args