# This file was generated by Animated Java via MC-Build. It is not recommended to edit this file directly.
$data merge entity $(neck) {transformation: [-0.9721f,-0.084f,0.219f,-0.0363f,-0.0277f,0.9682f,0.2486f,6.0568f,-0.2329f,0.2356f,-0.9435f,-0.1019f,0f,0f,0f,1f],start_interpolation: 0,interpolation_duration: 1}
$data merge entity $(right_thumb_2) {transformation: [-0.2298f,0.058f,-0.9715f,-1.2768f,0.9103f,-0.3404f,-0.2356f,6.6588f,-0.3444f,-0.9385f,0.0254f,2.0205f,0f,0f,0f,1f],start_interpolation: 0,interpolation_duration: 1}
$data merge entity $(right_thumb) {transformation: [-0.2298f,-0.8124f,-0.536f,-1.5647f,0.9103f,-0.3743f,0.177f,6.6709f,-0.3444f,-0.4472f,0.8255f,1.814f,0f,0f,0f,1f],start_interpolation: 0,interpolation_duration: 1}
$data merge entity $(right_fingers2) {transformation: [0.4375f,0.5403f,-0.7187f,-1.2765f,-0.8943f,0.3451f,-0.285f,6.8205f,0.094f,0.7674f,0.6342f,2.3349f,0f,0f,0f,1f],start_interpolation: 0,interpolation_duration: 1}
$data merge entity $(right_fingers) {transformation: [0.3838f,-0.5798f,-0.7187f,-1.4361f,0.598f,0.7491f,-0.285f,7.0487f,0.7036f,-0.3205f,0.6342f,2.2681f,0f,0f,0f,1f],start_interpolation: 0,interpolation_duration: 1}
$data merge entity $(scout) {transformation: [0f,0f,0f,-1.4357f,0f,0f,0f,6.853f,0f,0f,0f,2.3487f,0f,0f,0f,1f],start_interpolation: 0,interpolation_duration: 1}
$data merge entity $(right_hand) {transformation: [-0.5441f,-0.4328f,-0.7187f,-1.731f,0.7984f,-0.5304f,-0.285f,6.7063f,-0.2579f,-0.7289f,0.6342f,1.8497f,0f,0f,0f,1f],start_interpolation: 0,interpolation_duration: 1}
$data merge entity $(right_forearm) {transformation: [-0.6398f,-0.4567f,-1.131f,-2.4334f,0.9674f,-0.9679f,-0.1563f,5.2027f,-0.743f,-0.867f,0.7704f,0.603f,0f,0f,0f,1f],start_interpolation: 0,interpolation_duration: 1}
$data merge entity $(right_shoulder) {transformation: [-1.0161f,0.9959f,-0.3545f,-1.003f,0.8972f,0.5524f,-1.0197f,5.7282f,-0.559f,-0.9235f,-0.9922f,-0.3783f,0f,0f,0f,1f],start_interpolation: 0,interpolation_duration: 1}
$data merge entity $(right_arm) {transformation: [-0.9493f,-0.0165f,0.3139f,-0.4698f,-0.0059f,0.9994f,0.0346f,6.0213f,-0.3142f,0.031f,-0.9488f,-0.2002f,0f,0f,0f,1f],start_interpolation: 0,interpolation_duration: 1}
$data merge entity $(left_thumb_2) {transformation: [0.1337f,-0.1129f,0.9846f,0.759f,-0.9459f,-0.3109f,0.0928f,7.4558f,0.2956f,-0.9437f,-0.1484f,3.0571f,0f,0f,0f,1f],start_interpolation: 0,interpolation_duration: 1}
$data merge entity $(left_thumb) {transformation: [0.1337f,0.7962f,0.5901f,0.987f,-0.9459f,-0.0751f,0.3156f,7.5674f,0.2956f,-0.6004f,0.7431f,2.8096f,0f,0f,0f,1f],start_interpolation: 0,interpolation_duration: 1}
$data merge entity $(left_fingers2) {transformation: [0.1094f,-0.4767f,0.8722f,0.7634f,0.9905f,0.1259f,-0.0554f,7.5985f,-0.0834f,0.87f,0.4859f,3.3805f,0f,0f,0f,1f],start_interpolation: 0,interpolation_duration: 1}
$data merge entity $(left_fingers) {transformation: [0.4217f,0.2477f,0.8722f,0.8285f,-0.4179f,0.9068f,-0.0554f,7.8683f,-0.8047f,-0.3412f,0.4859f,3.3095f,0f,0f,0f,1f],start_interpolation: 0,interpolation_duration: 1}
$data merge entity $(left_hand) {transformation: [-0.21f,0.4417f,0.8722f,1.1373f,-0.9398f,-0.3373f,-0.0554f,7.654f,0.2697f,-0.8313f,0.4859f,2.8217f,0f,0f,0f,1f],start_interpolation: 0,interpolation_duration: 1}
$data merge entity $(left_forearm) {transformation: [-1.2512f,0.4388f,0.3728f,1.7597f,-0.5641f,-1.1132f,-0.5829f,5.9328f,0.1156f,-0.6822f,1.191f,1.8425f,0f,0f,0f,1f],start_interpolation: 0,interpolation_duration: 1}
$data merge entity $(left_shoulder) {transformation: [-0.8783f,-0.5256f,1.0498f,0.908f,-1.1253f,0.0031f,-0.9399f,5.7401f,0.3347f,-1.3688f,-0.4053f,0.2542f,0f,0f,0f,1f],start_interpolation: 0,interpolation_duration: 1}
$data merge entity $(left_arm) {transformation: [-0.9493f,-0.0165f,0.3139f,0.3705f,-0.0059f,0.9994f,0.0346f,6.0266f,-0.3142f,0.031f,-0.9488f,0.078f,0f,0f,0f,1f],start_interpolation: 0,interpolation_duration: 1}
$data merge entity $(chest) {transformation: [-1.2138f,-0.0211f,0.4013f,-0.009f,-0.0075f,1.2778f,0.0442f,4.2203f,-0.4018f,0.0396f,-1.2131f,-0.1499f,0f,0f,0f,1f],start_interpolation: 0,interpolation_duration: 1}
$data merge entity $(left_cheek) {transformation: [-0.8887f,-0.2682f,0.3718f,0.6983f,-0.3143f,0.9469f,-0.068f,3.2921f,-0.3338f,-0.1773f,-0.9258f,-0.3612f,0f,0f,0f,1f],start_interpolation: 0,interpolation_duration: 1}
$data merge entity $(left_foot) {transformation: [-1.0215f,-0.0216f,0.0373f,1.0354f,0.0007f,0.8769f,0.5256f,-3.9452f,-0.0431f,0.5252f,-0.8761f,1.914f,0f,0f,0f,1f],start_interpolation: 0,interpolation_duration: 1}
$data merge entity $(left_knee) {transformation: [-3.0326f,-0.2074f,0.1122f,0.84f,-0.196f,3.0218f,0.2872f,0.2544f,-0.131f,0.2791f,-3.0261f,2.1802f,0f,0f,0f,1f],start_interpolation: 0,interpolation_duration: 1}
$data merge entity $(left_leg) {transformation: [-1.7126f,-0.0233f,0.1333f,0.7275f,-0.1034f,1.3161f,-1.0993f,2.3908f,-0.0872f,-1.1039f,-1.3134f,0.4465f,0f,0f,0f,1f],start_interpolation: 0,interpolation_duration: 1}
$data merge entity $(right_cheek) {transformation: [-0.9443f,0.0885f,0.3169f,-0.3162f,0.1069f,0.9934f,0.041f,3.2842f,-0.3112f,0.0726f,-0.9476f,-0.509f,0f,0f,0f,1f],start_interpolation: 0,interpolation_duration: 1}
$data merge entity $(right_foot) {transformation: [-0.7031f,-0.088f,0.737f,-1.2366f,0.0089f,1.0141f,0.1296f,-4.4496f,-0.7422f,0.0956f,-0.6966f,-0.4373f,0f,0f,0f,1f],start_interpolation: 0,interpolation_duration: 1}
$data merge entity $(right_knee) {transformation: [-2.2469f,-0.1852f,2.0419f,-1.474f,0.3829f,2.9381f,0.6878f,-0.3441f,-2.0143f,0.7651f,-2.147f,0.476f,0f,0f,0f,1f],start_interpolation: 0,interpolation_duration: 1}
$data merge entity $(right_leg) {transformation: [-1.2731f,0.5167f,1.0313f,-0.6235f,0.2102f,1.6142f,-0.5492f,2.2492f,-1.1342f,-0.2808f,-1.2594f,0.1102f,0f,0f,0f,1f],start_interpolation: 0,interpolation_duration: 1}
$data merge entity $(weist) {transformation: [-1.5662f,-0.0807f,0.4153f,0f,-0.1641f,1.5837f,-0.3113f,3.9089f,-0.3899f,-0.3425f,-1.5371f,-0.1815f,0f,0f,0f,1f],start_interpolation: 0,interpolation_duration: 1}
data modify storage animated_java:temp entry.data merge value {"locators":{"consume":{"px":-1.3126880216,"py":6.9080703936,"pz":2.4521653932,"ry":228.5761209682,"rx":-16.5578990349}}}
# Data Manager: Prepare for Read / Write
execute store result storage animated_java:temp args.id int 1 run scoreboard players get @s aj.id
# Data Manager: Write
function animated_java:global/data_manager/write with storage animated_java:temp args
execute unless entity @s[tag=aj.transforms_only] at @s run function animated_java:female/animations/ghost_kick_walk/zzz/frames/20_root_function