# This file was generated by Animated Java via MC-Build. It is not recommended to edit this file directly.
$data merge entity $(neck) {transformation: [-0.9643f,-0.0807f,0.2521f,-0.0128f,-0.0027f,0.9553f,0.2956f,6.0396f,-0.2647f,0.2844f,-0.9214f,-0.0973f,0f,0f,0f,1f],start_interpolation: 0,interpolation_duration: 1}
$data merge entity $(right_thumb_2) {transformation: [-0.1503f,-0.0458f,-0.9876f,-0.9263f,0.9141f,-0.3869f,-0.1212f,6.8433f,-0.3765f,-0.921f,0.1001f,1.8965f,0f,0f,0f,1f],start_interpolation: 0,interpolation_duration: 1}
$data merge entity $(right_thumb) {transformation: [-0.1503f,-0.8782f,-0.4541f,-1.2248f,0.9141f,-0.2984f,0.2744f,6.8789f,-0.3765f,-0.3738f,0.8476f,1.7084f,0f,0f,0f,1f],start_interpolation: 0,interpolation_duration: 1}
$data merge entity $(right_fingers2) {transformation: [0.3407f,0.6276f,-0.7001f,-0.8861f,-0.9334f,0.3151f,-0.1717f,7.0179f,0.1128f,0.7119f,0.6931f,2.2012f,0f,0f,0f,1f],start_interpolation: 0,interpolation_duration: 1}
$data merge entity $(right_fingers) {transformation: [0.4961f,-0.5136f,-0.7001f,-1.0236f,0.5812f,0.7954f,-0.1717f,7.2597f,0.6451f,-0.3217f,0.6931f,2.1328f,0f,0f,0f,1f],start_interpolation: 0,interpolation_duration: 1}
$data merge entity $(scout) {transformation: [0f,0f,0f,-1.0394f,0f,0f,0f,7.0691f,0f,0f,0f,2.2235f,0f,0f,0f,1f],start_interpolation: 0,interpolation_duration: 1}
$data merge entity $(right_hand) {transformation: [-0.4684f,-0.539f,-0.7001f,-1.3832f,0.8431f,-0.5097f,-0.1717f,6.9348f,-0.2642f,-0.6706f,0.6931f,1.7529f,0f,0f,0f,1f],start_interpolation: 0,interpolation_duration: 1}
$data merge entity $(right_forearm) {transformation: [-0.5678f,-0.6517f,-1.0724f,-2.3801f,0.9919f,-0.9541f,0.0546f,5.4587f,-0.7686f,-0.7497f,0.8627f,0.6871f,0f,0f,0f,1f],start_interpolation: 0,interpolation_duration: 1}
$data merge entity $(right_shoulder) {transformation: [-0.9483f,0.9827f,-0.5337f,-0.9736f,0.9626f,0.3611f,-1.0454f,5.7387f,-0.5692f,-1.0265f,-0.8787f,-0.4214f,0f,0f,0f,1f],start_interpolation: 0,interpolation_duration: 1}
$data merge entity $(right_arm) {transformation: [-0.9387f,-0.0063f,0.3447f,-0.4432f,0.0231f,0.9965f,0.081f,6.015f,-0.344f,0.0839f,-0.9352f,-0.211f,0f,0f,0f,1f],start_interpolation: 0,interpolation_duration: 1}
$data merge entity $(left_thumb_2) {transformation: [0.1177f,0.0094f,0.993f,0.3759f,-0.9181f,-0.3801f,0.1124f,7.6781f,0.3785f,-0.9249f,-0.0362f,2.9036f,0f,0f,0f,1f],start_interpolation: 0,interpolation_duration: 1}
$data merge entity $(left_thumb) {transformation: [0.1177f,0.8646f,0.4884f,0.6297f,-0.9181f,-0.0927f,0.3854f,7.7789f,0.3785f,-0.4938f,0.7829f,2.6776f,0f,0f,0f,1f],start_interpolation: 0,interpolation_duration: 1}
$data merge entity $(left_fingers2) {transformation: [0.0968f,-0.5814f,0.8078f,0.3378f,0.985f,0.1723f,0.006f,7.8433f,-0.1426f,0.7951f,0.5894f,3.2138f,0f,0f,0f,1f],start_interpolation: 0,interpolation_duration: 1}
$data merge entity $(left_fingers) {transformation: [0.5254f,0.2671f,0.8078f,0.405f,-0.4605f,0.8876f,0.006f,8.1093f,-0.7155f,-0.3751f,0.5894f,3.1314f,0f,0f,0f,1f],start_interpolation: 0,interpolation_duration: 1}
$data merge entity $(left_hand) {transformation: [-0.2203f,0.5467f,0.8078f,0.7754f,-0.9244f,-0.3814f,0.006f,7.8707f,0.3114f,-0.7454f,0.5894f,2.7012f,0f,0f,0f,1f],start_interpolation: 0,interpolation_duration: 1}
$data merge entity $(left_forearm) {transformation: [-1.2645f,0.5233f,0.1557f,1.5165f,-0.5418f,-1.155f,-0.5192f,6.0899f,-0.0667f,-0.5379f,1.2662f,1.9344f,0f,0f,0f,1f],start_interpolation: 0,interpolation_duration: 1}
$data merge entity $(left_shoulder) {transformation: [-0.8528f,-0.3213f,1.1486f,0.9159f,-1.1484f,-0.16f,-0.8974f,5.6922f,0.322f,-1.4216f,-0.1586f,0.2711f,0f,0f,0f,1f],start_interpolation: 0,interpolation_duration: 1}
$data merge entity $(left_arm) {transformation: [-0.9387f,-0.0063f,0.3447f,0.3877f,0.0231f,0.9965f,0.081f,5.9946f,-0.344f,0.0839f,-0.9352f,0.0935f,0f,0f,0f,1f],start_interpolation: 0,interpolation_duration: 1}
$data merge entity $(chest) {transformation: [-1.2001f,-0.008f,0.4407f,-0.0045f,0.0295f,1.274f,0.1035f,4.208f,-0.4398f,0.1073f,-1.1957f,-0.2427f,0f,0f,0f,1f],start_interpolation: 0,interpolation_duration: 1}
$data merge entity $(left_cheek) {transformation: [-0.8968f,-0.2244f,0.3812f,0.5696f,-0.2577f,0.9655f,-0.038f,3.3152f,-0.3595f,-0.1323f,-0.9237f,-0.3224f,0f,0f,0f,1f],start_interpolation: 0,interpolation_duration: 1}
$data merge entity $(left_foot) {transformation: [-1.02f,0.0101f,-0.0691f,0.8783f,0.0029f,1.0169f,0.1059f,-4.049f,0.0698f,0.1055f,-1.0145f,2.3133f,0f,0f,0f,1f],start_interpolation: 0,interpolation_duration: 1}
$data merge entity $(left_knee) {transformation: [-3.0048f,-0.0321f,-0.4716f,0.9008f,-0.0197f,3.0406f,-0.0817f,0.1565f,0.4723f,-0.0777f,-3.0038f,2.0694f,0f,0f,0f,1f],start_interpolation: 0,interpolation_duration: 1}
$data merge entity $(left_leg) {transformation: [-1.6991f,-0.1538f,-0.2024f,0.5897f,-0.0031f,1.3801f,-1.023f,2.3974f,0.2542f,-1.0114f,-1.3652f,0.4996f,0f,0f,0f,1f],start_interpolation: 0,interpolation_duration: 1}
$data merge entity $(right_cheek) {transformation: [-0.8387f,0.1454f,0.5249f,-0.1308f,0.1487f,0.9882f,-0.0361f,3.2222f,-0.5239f,0.0477f,-0.8504f,-0.6812f,0f,0f,0f,1f],start_interpolation: 0,interpolation_duration: 1}
$data merge entity $(right_foot) {transformation: [-0.5394f,0.0839f,0.8644f,-1.3031f,0.1111f,1.0159f,-0.0293f,-4.136f,-0.8614f,0.0785f,-0.5451f,-1.3219f,0f,0f,0f,1f],start_interpolation: 0,interpolation_duration: 1}
$data merge entity $(right_knee) {transformation: [-1.807f,-0.4646f,2.4023f,-1.8998f,0.6351f,2.7949f,1.0183f,-0.2079f,-2.3629f,1.1066f,-1.5634f,0.0779f,0f,0f,0f,1f],start_interpolation: 0,interpolation_duration: 1}
$data merge entity $(right_leg) {transformation: [-1.0206f,0.7738f,1.145f,-0.6511f,0.3587f,1.5229f,-0.7095f,2.2378f,-1.3346f,-0.1824f,-1.0663f,-0.1276f,0f,0f,0f,1f],start_interpolation: 0,interpolation_duration: 1}
$data merge entity $(weist) {transformation: [-1.4384f,-0.0232f,0.7499f,0f,-0.185f,1.5825f,-0.3059f,3.9056f,-0.7271f,-0.3567f,-1.4057f,-0.2788f,0f,0f,0f,1f],start_interpolation: 0,interpolation_duration: 1}
data modify storage animated_java:temp entry.data merge value {"locators":{"consume":{"px":-0.9040255253,"py":7.1142261017,"pz":2.3157543734,"ry":225.2852750836,"rx":-9.8878248166}}}
# Data Manager: Prepare for Read / Write
execute store result storage animated_java:temp args.id int 1 run scoreboard players get @s aj.id
# Data Manager: Write
function animated_java:global/data_manager/write with storage animated_java:temp args