# This file was generated by Animated Java via MC-Build. It is not recommended to edit this file directly.
$data merge entity $(neck) {transformation: [-0.9599f,-0.0811f,0.2682f,-0.0025f,0.0139f,0.9423f,0.3345f,6.0376f,-0.2798f,0.3249f,-0.9034f,-0.1564f,0f,0f,0f,1f],start_interpolation: 0,interpolation_duration: 1}
$data merge entity $(right_thumb_2) {transformation: [-0.1402f,-0.0327f,-0.9896f,-0.9445f,0.9306f,-0.3457f,-0.1205f,6.7575f,-0.3382f,-0.9378f,0.0789f,1.8561f,0f,0f,0f,1f],start_interpolation: 0,interpolation_duration: 1}
$data merge entity $(right_thumb) {transformation: [-0.1402f,-0.8734f,-0.4665f,-1.2397f,0.9306f,-0.2772f,0.2392f,6.8029f,-0.3382f,-0.4005f,0.8516f,1.6651f,0f,0f,0f,1f],start_interpolation: 0,interpolation_duration: 1}
$data merge entity $(right_fingers2) {transformation: [0.3347f,0.6174f,-0.7119f,-0.9084f,-0.9392f,0.2803f,-0.1985f,6.9183f,0.077f,0.735f,0.6737f,2.1688f,0f,0f,0f,1f],start_interpolation: 0,interpolation_duration: 1}
$data merge entity $(right_fingers) {transformation: [0.4882f,-0.5049f,-0.7119f,-1.0437f,0.5497f,0.8114f,-0.1985f,7.1636f,0.6778f,-0.2944f,0.6737f,2.1089f,0f,0f,0f,1f],start_interpolation: 0,interpolation_duration: 1}
$data merge entity $(scout) {transformation: [0f,0f,0f,-1.0618f,0f,0f,0f,6.9693f,0f,0f,0f,2.1909f,0f,0f,0f,1f],start_interpolation: 0,interpolation_duration: 1}
$data merge entity $(right_hand) {transformation: [-0.4604f,-0.5304f,-0.7119f,-1.3986f,0.8562f,-0.4769f,-0.1985f,6.8576f,-0.2342f,-0.7009f,0.6737f,1.7094f,0f,0f,0f,1f],start_interpolation: 0,interpolation_duration: 1}
$data merge entity $(right_forearm) {transformation: [-0.551f,-0.6438f,-1.0858f,-2.3847f,1.0276f,-0.9168f,0.0221f,5.4349f,-0.7331f,-0.8013f,0.8471f,0.564f,0f,0f,0f,1f],start_interpolation: 0,interpolation_duration: 1}
$data merge entity $(right_shoulder) {transformation: [-0.9348f,1.0007f,-0.5241f,-0.9594f,0.9915f,0.4009f,-1.003f,5.7562f,-0.5413f,-0.9938f,-0.9323f,-0.5086f,0f,0f,0f,1f],start_interpolation: 0,interpolation_duration: 1}
$data merge entity $(right_arm) {transformation: [-0.9329f,-0.0032f,0.3601f,-0.4312f,0.043f,0.9918f,0.1202f,6.0203f,-0.3575f,0.1277f,-0.9251f,-0.2779f,0f,0f,0f,1f],start_interpolation: 0,interpolation_duration: 1}
$data merge entity $(left_thumb_2) {transformation: [0.1076f,0.0226f,0.9939f,0.345f,-0.9344f,-0.3391f,0.1088f,7.5406f,0.3395f,-0.9405f,-0.0154f,2.9196f,0f,0f,0f,1f],start_interpolation: 0,interpolation_duration: 1}
$data merge entity $(left_thumb) {transformation: [0.1076f,0.8721f,0.4774f,0.6029f,-0.9344f,-0.0753f,0.3481f,7.65f,0.3395f,-0.4836f,0.8068f,2.7023f,0f,0f,0f,1f],start_interpolation: 0,interpolation_duration: 1}
$data merge entity $(left_fingers2) {transformation: [0.1034f,-0.5934f,0.7983f,0.3026f,0.9898f,0.1401f,-0.0241f,7.6922f,-0.0976f,0.7926f,0.6018f,3.2361f,0f,0f,0f,1f],start_interpolation: 0,interpolation_duration: 1}
$data merge entity $(left_fingers) {transformation: [0.5348f,0.277f,0.7983f,0.3724f,-0.4313f,0.9019f,-0.0241f,7.9612f,-0.7266f,-0.3314f,0.6018f,3.1666f,0f,0f,0f,1f],start_interpolation: 0,interpolation_duration: 1}
$data merge entity $(left_hand) {transformation: [-0.2294f,0.5569f,0.7983f,0.7486f,-0.9361f,-0.351f,-0.0241f,7.7399f,0.2668f,-0.7527f,0.6018f,2.7322f,0f,0f,0f,1f],start_interpolation: 0,interpolation_duration: 1}
$data merge entity $(left_forearm) {transformation: [-1.2657f,0.5268f,0.133f,1.4941f,-0.5319f,-1.1328f,-0.5752f,5.9908f,-0.1106f,-0.5799f,1.2444f,1.8995f,0f,0f,0f,1f],start_interpolation: 0,interpolation_duration: 1}
$data merge entity $(left_shoulder) {transformation: [-0.8629f,-0.2991f,1.1471f,0.9186f,-1.1571f,-0.0957f,-0.8954f,5.6697f,0.2575f,-1.4322f,-0.1797f,0.211f,0f,0f,0f,1f],start_interpolation: 0,interpolation_duration: 1}
$data merge entity $(left_arm) {transformation: [-0.9329f,-0.0032f,0.3601f,0.3946f,0.043f,0.9918f,0.1202f,5.9822f,-0.3575f,0.1277f,-0.9251f,0.0386f,0f,0f,0f,1f],start_interpolation: 0,interpolation_duration: 1}
$data merge entity $(chest) {transformation: [-1.1928f,-0.0041f,0.4604f,0f,0.0549f,1.2681f,0.1537f,4.2142f,-0.4571f,0.1632f,-1.1828f,-0.3822f,0f,0f,0f,1f],start_interpolation: 0,interpolation_duration: 1}
$data merge entity $(left_cheek) {transformation: [-0.8547f,-0.2013f,0.4785f,0.5582f,-0.2603f,0.9637f,-0.0596f,3.3358f,-0.4491f,-0.1755f,-0.8761f,-0.4181f,0f,0f,0f,1f],start_interpolation: 0,interpolation_duration: 1}
$data merge entity $(left_foot) {transformation: [-1.0221f,-0.0012f,-0.0216f,0.6627f,-0.0047f,1.0092f,0.1635f,-3.9858f,0.0211f,0.1636f,-1.009f,2.276f,0f,0f,0f,1f],start_interpolation: 0,interpolation_duration: 1}
$data merge entity $(left_knee) {transformation: [-3.0327f,-0.0208f,-0.2332f,0.7114f,-0.0159f,3.041f,-0.0635f,0.2209f,0.2336f,-0.0621f,-3.0321f,2.0594f,0f,0f,0f,1f],start_interpolation: 0,interpolation_duration: 1}
$data merge entity $(left_leg) {transformation: [-1.7138f,-0.0747f,-0.0927f,0.5232f,-0.0014f,1.3501f,-1.0624f,2.4149f,0.119f,-1.0597f,-1.3469f,0.406f,0f,0f,0f,1f],start_interpolation: 0,interpolation_duration: 1}
$data merge entity $(right_cheek) {transformation: [-0.7746f,0.1408f,0.6166f,-0.0643f,0.1339f,0.9893f,-0.0577f,3.2422f,-0.6182f,0.0379f,-0.7851f,-0.8307f,0f,0f,0f,1f],start_interpolation: 0,interpolation_duration: 1}
$data merge entity $(right_foot) {transformation: [-0.4557f,0.0874f,0.911f,-1.135f,0.1255f,1.014f,-0.0344f,-4.0957f,-0.9065f,0.0965f,-0.4627f,-1.7091f,0f,0f,0f,1f],start_interpolation: 0,interpolation_duration: 1}
$data merge entity $(right_knee) {transformation: [-1.5786f,-0.5978f,2.5304f,-1.9041f,0.6692f,2.7671f,1.0712f,-0.203f,-2.5124f,1.1127f,-1.3046f,-0.2947f,0f,0f,0f,1f],start_interpolation: 0,interpolation_duration: 1}
$data merge entity $(right_leg) {transformation: [-0.8907f,0.7848f,1.2418f,-0.6462f,0.3788f,1.5259f,-0.6926f,2.2461f,-1.4193f,-0.0852f,-0.9642f,-0.3439f,0f,0f,0f,1f],start_interpolation: 0,interpolation_duration: 1}
$data merge entity $(weist) {transformation: [-1.3557f,-0.003f,0.8912f,0f,-0.1957f,1.5837f,-0.2923f,3.9207f,-0.8694f,-0.3518f,-1.3238f,-0.4228f,0f,0f,0f,1f],start_interpolation: 0,interpolation_duration: 1}
data modify storage animated_java:temp entry.data merge value {"locators":{"consume":{"px":-0.9277476679,"py":7.0096437281,"pz":2.2871844769,"ry":226.5784528144,"rx":-11.4471703795}}}
# Data Manager: Prepare for Read / Write
execute store result storage animated_java:temp args.id int 1 run scoreboard players get @s aj.id
# Data Manager: Write
function animated_java:global/data_manager/write with storage animated_java:temp args