# This file was generated by Animated Java via MC-Build. It is not recommended to edit this file directly.
$data merge entity $(neck) {transformation: [-0.9577f,-0.0908f,0.2729f,-0.0181f,0.0131f,0.9341f,0.3568f,6.0618f,-0.2873f,0.3453f,-0.8934f,-0.3192f,0f,0f,0f,1f],start_interpolation: 0,interpolation_duration: 1}
$data merge entity $(right_thumb_2) {transformation: [-0.1445f,-0.0226f,-0.9892f,-0.9817f,0.9369f,-0.3248f,-0.1295f,6.7292f,-0.3184f,-0.9455f,0.0681f,1.7012f,0f,0f,0f,1f],start_interpolation: 0,interpolation_duration: 1}
$data merge entity $(right_thumb) {transformation: [-0.1445f,-0.868f,-0.4751f,-1.2757f,0.9369f,-0.2745f,0.2165f,6.7767f,-0.3184f,-0.4138f,0.8529f,1.5088f,0f,0f,0f,1f],start_interpolation: 0,interpolation_duration: 1}
$data merge entity $(right_fingers2) {transformation: [0.3411f,0.6094f,-0.7157f,-0.9493f,-0.9382f,0.2682f,-0.2188f,6.8832f,0.0586f,0.7462f,0.6632f,2.0177f,0f,0f,0f,1f],start_interpolation: 0,interpolation_duration: 1}
$data merge entity $(right_fingers) {transformation: [0.4786f,-0.5086f,-0.7157f,-1.0859f,0.5379f,0.8141f,-0.2188f,7.1288f,0.694f,-0.2803f,0.6632f,1.9623f,0f,0f,0f,1f],start_interpolation: 0,interpolation_duration: 1}
$data merge entity $(scout) {transformation: [0f,0f,0f,-1.1032f,0f,0f,0f,6.9325f,0f,0f,0f,2.0397f,0f,0f,0f,1f],start_interpolation: 0,interpolation_duration: 1}
$data merge entity $(right_hand) {transformation: [-0.4649f,-0.5211f,-0.7157f,-1.4353f,0.8579f,-0.4649f,-0.2188f,6.8292f,-0.2187f,-0.7158f,0.6632f,1.553f,0f,0f,0f,1f],start_interpolation: 0,interpolation_duration: 1}
$data merge entity $(right_forearm) {transformation: [-0.5529f,-0.6304f,-1.0928f,-2.4014f,1.0398f,-0.9033f,-0.005f,5.4255f,-0.7144f,-0.8269f,0.8384f,0.3679f,0f,0f,0f,1f],start_interpolation: 0,interpolation_duration: 1}
$data merge entity $(right_shoulder) {transformation: [-0.9379f,1.0056f,-0.5089f,-0.9699f,0.9965f,0.4305f,-0.9856f,5.7813f,-0.5265f,-0.9763f,-0.9588f,-0.6855f,0f,0f,0f,1f],start_interpolation: 0,interpolation_duration: 1}
$data merge entity $(right_arm) {transformation: [-0.9303f,-0.0117f,0.3666f,-0.4456f,0.0441f,0.9886f,0.1437f,6.044f,-0.3641f,0.1499f,-0.9192f,-0.4445f,0f,0f,0f,1f],start_interpolation: 0,interpolation_duration: 1}
$data merge entity $(left_thumb_2) {transformation: [0.1119f,0.0327f,0.9932f,0.2933f,-0.941f,-0.3177f,0.1165f,7.4976f,0.3193f,-0.9476f,-0.0048f,2.7925f,0f,0f,0f,1f],start_interpolation: 0,interpolation_duration: 1}
$data merge entity $(left_thumb) {transformation: [0.1119f,0.8765f,0.4683f,0.5521f,-0.941f,-0.058f,0.3333f,7.6138f,0.3193f,-0.478f,0.8183f,2.5799f,0f,0f,0f,1f],start_interpolation: 0,interpolation_duration: 1}
$data merge entity $(left_fingers2) {transformation: [0.0967f,-0.6008f,0.7935f,0.2472f,0.9925f,0.1178f,-0.0317f,7.6418f,-0.0745f,0.7907f,0.6077f,3.112f,0f,0f,0f,1f],start_interpolation: 0,interpolation_duration: 1}
$data merge entity $(left_fingers) {transformation: [0.5439f,0.2729f,0.7935f,0.3155f,-0.4109f,0.9111f,-0.0317f,7.9128f,-0.7317f,-0.3088f,0.6077f,3.0491f,0f,0f,0f,1f],start_interpolation: 0,interpolation_duration: 1}
$data merge entity $(left_hand) {transformation: [-0.2244f,0.5656f,0.7935f,0.6968f,-0.9435f,-0.3299f,-0.0317f,7.704f,0.2438f,-0.7558f,0.6077f,2.613f,0f,0f,0f,1f],start_interpolation: 0,interpolation_duration: 1}
$data merge entity $(left_forearm) {transformation: [-1.2607f,0.54f,0.1273f,1.4622f,-0.5386f,-1.1156f,-0.6021f,5.9797f,-0.1329f,-0.6009f,1.2322f,1.7474f,0f,0f,0f,1f],start_interpolation: 0,interpolation_duration: 1}
$data merge entity $(left_shoulder) {transformation: [-0.8562f,-0.2868f,1.1552f,0.9027f,-1.1689f,-0.0656f,-0.8827f,5.6924f,0.2244f,-1.4364f,-0.1904f,0.0475f,0f,0f,0f,1f],start_interpolation: 0,interpolation_duration: 1}
$data merge entity $(left_arm) {transformation: [-0.9303f,-0.0117f,0.3666f,0.3778f,0.0441f,0.9886f,0.1437f,6.0049f,-0.3641f,0.1499f,-0.9192f,-0.1222f,0f,0f,0f,1f],start_interpolation: 0,interpolation_duration: 1}
$data merge entity $(chest) {transformation: [-1.1894f,-0.015f,0.4687f,0f,0.0564f,1.264f,0.1837f,4.2439f,-0.4655f,0.1916f,-1.1753f,-0.5858f,0f,0f,0f,1f],start_interpolation: 0,interpolation_duration: 1}
$data merge entity $(left_cheek) {transformation: [-0.8523f,-0.191f,0.4869f,0.5499f,-0.2705f,0.9578f,-0.0977f,3.3764f,-0.4477f,-0.2149f,-0.868f,-0.6289f,0f,0f,0f,1f],start_interpolation: 0,interpolation_duration: 1}
$data merge entity $(left_foot) {transformation: [-1.0213f,-0.0016f,-0.0468f,0.6811f,-0.0164f,0.9688f,0.3263f,-3.8483f,0.0439f,0.3267f,-0.9678f,2.0668f,0f,0f,0f,1f],start_interpolation: 0,interpolation_duration: 1}
$data merge entity $(left_knee) {transformation: [-3.0396f,-0.0508f,-0.1006f,0.6939f,-0.0518f,3.0411f,0.0306f,0.3634f,0.1001f,0.0323f,-3.0399f,1.9843f,0f,0f,0f,1f],start_interpolation: 0,interpolation_duration: 1}
$data merge entity $(left_leg) {transformation: [-1.7173f,-0.0455f,-0.0172f,0.5501f,-0.0225f,1.2808f,-1.1447f,2.448f,0.0431f,-1.144f,-1.2809f,0.1909f,0f,0f,0f,1f],start_interpolation: 0,interpolation_duration: 1}
$data merge entity $(right_cheek) {transformation: [-0.7778f,0.1385f,0.6131f,-0.0491f,0.1131f,0.9903f,-0.0802f,3.2884f,-0.6183f,0.007f,-0.7859f,-1.0208f,0f,0f,0f,1f],start_interpolation: 0,interpolation_duration: 1}
$data merge entity $(right_foot) {transformation: [-0.4699f,0.069f,0.9054f,-1.0648f,0.1205f,1.0151f,-0.0148f,-4.1095f,-0.9f,0.1f,-0.4747f,-1.9195f,0f,0f,0f,1f],start_interpolation: 0,interpolation_duration: 1}
$data merge entity $(right_knee) {transformation: [-1.6187f,-0.5869f,2.5075f,-1.8209f,0.655f,2.7705f,1.0713f,-0.2125f,-2.4906f,1.1101f,-1.348f,-0.5098f,0f,0f,0f,1f],start_interpolation: 0,interpolation_duration: 1}
$data merge entity $(right_leg) {transformation: [-0.9135f,0.7439f,1.2504f,-0.6278f,0.3707f,1.5467f,-0.6493f,2.2691f,-1.407f,-0.0754f,-0.9829f,-0.5433f,0f,0f,0f,1f],start_interpolation: 0,interpolation_duration: 1}
$data merge entity $(weist) {transformation: [-1.3655f,-0.0242f,0.8757f,0f,-0.2074f,1.5846f,-0.2796f,3.9505f,-0.8511f,-0.3473f,-1.3368f,-0.6264f,0f,0f,0f,1f],start_interpolation: 0,interpolation_duration: 1}
data modify storage animated_java:temp entry.data merge value {"locators":{"consume":{"px":-0.9702800551,"py":6.9716949682,"pz":2.1379454572,"ry":227.1827771582,"rx":-12.6396278741}}}
# Data Manager: Prepare for Read / Write
execute store result storage animated_java:temp args.id int 1 run scoreboard players get @s aj.id
# Data Manager: Write
function animated_java:global/data_manager/write with storage animated_java:temp args