# This file was generated by Animated Java via MC-Build. It is not recommended to edit this file directly.
$data merge entity $(neck) {transformation: [-0.9605f,-0.1f,0.2596f,-0.0399f,0.0043f,0.9277f,0.3734f,6.0892f,-0.2782f,0.3598f,-0.8906f,-0.494f,0f,0f,0f,1f],start_interpolation: 0,interpolation_duration: 1}
$data merge entity $(right_thumb_2) {transformation: [-0.1601f,-0.0272f,-0.9867f,-0.993f,0.9394f,-0.3112f,-0.1438f,6.714f,-0.3032f,-0.9499f,0.0754f,1.5448f,0f,0f,0f,1f],start_interpolation: 0,interpolation_duration: 1}
$data merge entity $(right_thumb) {transformation: [-0.1601f,-0.8681f,-0.4698f,-1.2894f,0.9394f,-0.2802f,0.1976f,6.7604f,-0.3032f,-0.4097f,0.8604f,1.3559f,0f,0f,0f,1f],start_interpolation: 0,interpolation_duration: 1}
$data merge entity $(right_fingers2) {transformation: [0.3542f,0.6128f,-0.7064f,-0.9596f,-0.9342f,0.2655f,-0.2381f,6.8638f,0.0417f,0.7443f,0.6665f,1.8633f,0f,0f,0f,1f],start_interpolation: 0,interpolation_duration: 1}
$data merge entity $(right_fingers) {transformation: [0.4779f,-0.5221f,-0.7064f,-1.1001f,0.5342f,0.8112f,-0.2381f,7.1083f,0.6973f,-0.2635f,0.6665f,1.8127f,0f,0f,0f,1f],start_interpolation: 0,interpolation_duration: 1}
$data merge entity $(scout) {transformation: [0f,0f,0f,-1.114f,0f,0f,0f,6.9107f,0f,0f,0f,1.8874f,0f,0f,0f,1f],start_interpolation: 0,interpolation_duration: 1}
$data merge entity $(right_hand) {transformation: [-0.4784f,-0.5216f,-0.7064f,-1.4493f,0.8546f,-0.4614f,-0.2381f,6.8101f,-0.2018f,-0.7176f,0.6665f,1.4024f,0f,0f,0f,1f],start_interpolation: 0,interpolation_duration: 1}
$data merge entity $(right_forearm) {transformation: [-0.5735f,-0.6261f,-1.0846f,-2.4078f,1.0425f,-0.8996f,-0.0319f,5.4109f,-0.6938f,-0.8342f,0.8484f,0.2058f,0f,0f,0f,1f],start_interpolation: 0,interpolation_duration: 1}
$data merge entity $(right_shoulder) {transformation: [-0.9561f,0.9904f,-0.5048f,-0.9913f,0.9913f,0.4583f,-0.9783f,5.8012f,-0.5031f,-0.9792f,-0.9684f,-0.8555f,0f,0f,0f,1f],start_interpolation: 0,interpolation_duration: 1}
$data merge entity $(right_arm) {transformation: [-0.9342f,-0.0235f,0.3559f,-0.4683f,0.0369f,0.9861f,0.162f,6.0675f,-0.3547f,0.1645f,-0.9204f,-0.6156f,0f,0f,0f,1f],start_interpolation: 0,interpolation_duration: 1}
$data merge entity $(left_thumb_2) {transformation: [0.1275f,0.0279f,0.9914f,0.2819f,-0.944f,-0.3033f,0.1299f,7.4836f,0.3044f,-0.9525f,-0.0123f,2.6355f,0f,0f,0f,1f],start_interpolation: 0,interpolation_duration: 1}
$data merge entity $(left_thumb) {transformation: [0.1275f,0.8726f,0.4715f,0.5371f,-0.944f,-0.0392f,0.3277f,7.6063f,0.3044f,-0.4869f,0.8187f,2.4221f,0f,0f,0f,1f],start_interpolation: 0,interpolation_duration: 1}
$data merge entity $(left_fingers2) {transformation: [0.0827f,-0.5948f,0.7996f,0.237f,0.9947f,0.0982f,-0.0299f,7.6225f,-0.0608f,0.7979f,0.5997f,2.9574f,0f,0f,0f,1f],start_interpolation: 0,interpolation_duration: 1}
$data merge entity $(left_fingers) {transformation: [0.5424f,0.2577f,0.7996f,0.301f,-0.3928f,0.9192f,-0.0299f,7.8953f,-0.7427f,-0.2979f,0.5997f,2.8979f,0f,0f,0f,1f],start_interpolation: 0,interpolation_duration: 1}
$data merge entity $(left_hand) {transformation: [-0.2095f,0.5628f,0.7996f,0.6809f,-0.9499f,-0.3112f,-0.0299f,7.6981f,0.232f,-0.7658f,0.5997f,2.4552f,0f,0f,0f,1f],start_interpolation: 0,interpolation_duration: 1}
$data merge entity $(left_forearm) {transformation: [-1.2546f,0.5491f,0.1471f,1.461f,-0.5536f,-1.0993f,-0.6182f,5.997f,-0.1291f,-0.6222f,1.222f,1.5573f,0f,0f,0f,1f],start_interpolation: 0,interpolation_duration: 1}
$data merge entity $(left_shoulder) {transformation: [-0.8383f,-0.2996f,1.165f,0.8893f,-1.1835f,-0.0486f,-0.8641f,5.727f,0.2152f,-1.4345f,-0.2141f,-0.1414f,0f,0f,0f,1f],start_interpolation: 0,interpolation_duration: 1}
$data merge entity $(left_arm) {transformation: [-0.9342f,-0.0235f,0.3559f,0.3586f,0.0369f,0.9861f,0.162f,6.0348f,-0.3547f,0.1645f,-0.9204f,-0.3016f,0f,0f,0f,1f],start_interpolation: 0,interpolation_duration: 1}
$data merge entity $(chest) {transformation: [-1.1945f,-0.0301f,0.455f,0f,0.0471f,1.2608f,0.2071f,4.2758f,-0.4536f,0.2103f,-1.1767f,-0.7875f,0f,0f,0f,1f],start_interpolation: 0,interpolation_duration: 1}
$data merge entity $(left_cheek) {transformation: [-0.8686f,-0.1827f,0.4605f,0.5442f,-0.2749f,0.951f,-0.1412f,3.4222f,-0.4122f,-0.2492f,-0.8763f,-0.8694f,0f,0f,0f,1f],start_interpolation: 0,interpolation_duration: 1}
$data merge entity $(left_foot) {transformation: [-1.0177f,0.0182f,-0.0964f,0.7808f,-0.0314f,0.8917f,0.4991f,-3.6823f,0.093f,0.4998f,-0.887f,1.814f,0f,0f,0f,1f],start_interpolation: 0,interpolation_duration: 1}
$data merge entity $(left_knee) {transformation: [-3.0402f,-0.0929f,-0.0315f,0.7382f,-0.0942f,3.0369f,0.143f,0.5294f,0.027f,0.1439f,-3.0382f,1.8881f,0f,0f,0f,1f],start_interpolation: 0,interpolation_duration: 1}
$data merge entity $(left_leg) {transformation: [-1.7173f,-0.0341f,0.0329f,0.6112f,-0.0474f,1.1989f,-1.2296f,2.4841f,0.0014f,-1.23f,-1.1993f,-0.0473f,0f,0f,0f,1f],start_interpolation: 0,interpolation_duration: 1}
$data merge entity $(right_cheek) {transformation: [-0.8093f,0.1336f,0.572f,-0.0564f,0.0922f,0.9906f,-0.1009f,3.3398f,-0.5801f,-0.0289f,-0.8141f,-1.2047f,0f,0f,0f,1f],start_interpolation: 0,interpolation_duration: 1}
$data merge entity $(right_foot) {transformation: [-0.5221f,0.0447f,0.8779f,-1.0467f,0.1073f,1.0167f,0.0121f,-4.1426f,-0.8724f,0.0983f,-0.5239f,-2.0314f,0f,0f,0f,1f],start_interpolation: 0,interpolation_duration: 1}
$data merge entity $(right_knee) {transformation: [-1.763f,-0.5187f,2.4239f,-1.716f,0.6202f,2.7875f,1.0476f,-0.224f,-2.3999f,1.1014f,-1.5099f,-0.6378f,0f,0f,0f,1f],start_interpolation: 0,interpolation_duration: 1}
$data merge entity $(right_leg) {transformation: [-0.9954f,0.6889f,1.219f,-0.6067f,0.3506f,1.5706f,-0.6013f,2.2953f,-1.3556f,-0.0997f,-1.0507f,-0.7102f,0f,0f,0f,1f],start_interpolation: 0,interpolation_duration: 1}
$data merge entity $(weist) {transformation: [-1.4119f,-0.059f,0.7969f,0f,-0.2188f,1.5846f,-0.2704f,3.9824f,-0.7686f,-0.3428f,-1.387f,-0.8281f,0f,0f,0f,1f],start_interpolation: 0,interpolation_duration: 1}
data modify storage animated_java:temp entry.data merge value {"locators":{"consume":{"px":-0.9806967547,"py":6.9502862806,"pz":1.9849936022,"ry":226.663860738,"rx":-13.7743835961}}}
# Data Manager: Prepare for Read / Write
execute store result storage animated_java:temp args.id int 1 run scoreboard players get @s aj.id
# Data Manager: Write
function animated_java:global/data_manager/write with storage animated_java:temp args