# This file was generated by Animated Java via MC-Build. It is not recommended to edit this file directly.
$data merge entity $(neck) {transformation: [-0.9763f,-0.1386f,0.166f,-0.0499f,-0.0558f,0.9032f,0.4255f,6.1603f,-0.2089f,0.4061f,-0.8896f,-0.2017f,0f,0f,0f,1f],start_interpolation: 0,interpolation_duration: 1}
$data merge entity $(right_thumb_2) {transformation: [-0.0407f,-0.237f,-0.9707f,-0.4178f,0.9989f,0.0127f,-0.045f,5.7081f,0.023f,-0.9714f,0.2362f,3.359f,0f,0f,0f,1f],start_interpolation: 0,interpolation_duration: 1}
$data merge entity $(right_thumb) {transformation: [-0.0407f,-0.7969f,-0.6028f,-0.6717f,0.9989f,-0.0185f,-0.0429f,5.8508f,0.023f,-0.6039f,0.7967f,3.1569f,0f,0f,0f,1f],start_interpolation: 0,interpolation_duration: 1}
$data merge entity $(right_fingers2) {transformation: [0.1413f,-0.3428f,-0.9287f,-0.4393f,0.9705f,0.2329f,0.0617f,6.2393f,0.1951f,-0.9101f,0.3656f,3.9021f,0f,0f,0f,1f],start_interpolation: 0,interpolation_duration: 1}
$data merge entity $(right_fingers) {transformation: [-0.0452f,-0.368f,-0.9287f,-0.5523f,0.9599f,-0.2736f,0.0617f,6.1889f,-0.2768f,-0.8887f,0.3656f,3.6437f,0f,0f,0f,1f],start_interpolation: 0,interpolation_duration: 1}
$data merge entity $(scout) {transformation: [0f,0f,0f,-0.6517f,0f,0f,0f,6.015f,0f,0f,0f,3.7123f,0f,0f,0f,1f],start_interpolation: 0,interpolation_duration: 1}
$data merge entity $(right_hand) {transformation: [-0.089f,-0.3599f,-0.9287f,-0.8139f,0.92f,-0.3869f,0.0617f,5.9493f,-0.3816f,-0.849f,0.3656f,3.1404f,0f,0f,0f,1f],start_interpolation: 0,interpolation_duration: 1}
$data merge entity $(right_forearm) {transformation: [-0.9415f,-0.3726f,-0.9338f,-1.3698f,1.0027f,-0.4398f,-0.8356f,5.2149f,-0.0721f,-1.251f,0.5718f,1.2803f,0f,0f,0f,1f],start_interpolation: 0,interpolation_duration: 1}
$data merge entity $(right_shoulder) {transformation: [-1.0939f,0.0651f,-0.9742f,-1.0386f,0.9007f,0.6321f,-0.9691f,5.8352f,0.3769f,-1.3214f,-0.5116f,-0.3903f,0f,0f,0f,1f],start_interpolation: 0,interpolation_duration: 1}
$data merge entity $(right_arm) {transformation: [-0.9864f,-0.0388f,0.1599f,-0.4922f,-0.0007f,0.9727f,0.2319f,6.1193f,-0.1645f,0.2286f,-0.9595f,-0.2394f,0f,0f,0f,1f],start_interpolation: 0,interpolation_duration: 1}
$data merge entity $(left_thumb_2) {transformation: [0.1837f,0.0654f,0.9808f,-0.3228f,-0.9727f,0.1557f,0.1718f,5.976f,-0.1415f,-0.9856f,0.0923f,3.7299f,0f,0f,0f,1f],start_interpolation: 0,interpolation_duration: 1}
$data merge entity $(left_thumb) {transformation: [0.1837f,0.7022f,0.6878f,-0.1338f,-0.9727f,0.2306f,0.0244f,6.1941f,-0.1415f,-0.6736f,0.7255f,3.524f,0f,0f,0f,1f],start_interpolation: 0,interpolation_duration: 1}
$data merge entity $(left_fingers2) {transformation: [-0.0357f,0.2551f,0.9663f,-0.1987f,-0.8393f,0.5172f,-0.1676f,6.3398f,-0.5425f,-0.8169f,0.1956f,4.3812f,0f,0f,0f,1f],start_interpolation: 0,interpolation_duration: 1}
$data merge entity $(left_fingers) {transformation: [-0.1655f,0.1974f,0.9663f,-0.1307f,-0.9858f,-0.0062f,-0.1676f,6.3646f,-0.0271f,-0.9803f,0.1956f,4.104f,0f,0f,0f,1f],start_interpolation: 0,interpolation_duration: 1}
$data merge entity $(left_hand) {transformation: [-0.188f,0.1761f,0.9663f,0.0193f,-0.978f,-0.1246f,-0.1676f,6.2757f,0.0909f,-0.9765f,0.1956f,3.5134f,0f,0f,0f,1f],start_interpolation: 0,interpolation_duration: 1}
$data merge entity $(left_forearm) {transformation: [-1.1856f,0.5299f,0.4591f,0.7847f,-0.6361f,-0.4338f,-1.142f,5.5544f,-0.2947f,-1.195f,0.6182f,1.7239f,0f,0f,0f,1f],start_interpolation: 0,interpolation_duration: 1}
$data merge entity $(left_shoulder) {transformation: [-0.6142f,0.2691f,1.3039f,0.9469f,-1.2361f,0.4181f,-0.6686f,5.8365f,-0.4945f,-1.3793f,0.0517f,-0.0591f,0f,0f,0f,1f],start_interpolation: 0,interpolation_duration: 1}
$data merge entity $(left_arm) {transformation: [-0.9864f,-0.0388f,0.1599f,0.3808f,-0.0007f,0.9727f,0.2319f,6.1199f,-0.1645f,0.2286f,-0.9595f,-0.0938f,0f,0f,0f,1f],start_interpolation: 0,interpolation_duration: 1}
$data merge entity $(chest) {transformation: [-1.2611f,-0.0496f,0.2044f,0.0199f,-0.0008f,1.2437f,0.2965f,4.3709f,-0.2103f,0.2923f,-1.2268f,-0.6127f,0f,0f,0f,1f],start_interpolation: 0,interpolation_duration: 1}
$data merge entity $(left_cheek) {transformation: [-0.9452f,-0.283f,0.1629f,0.5289f,-0.2612f,0.9547f,0.1428f,3.5085f,-0.1959f,0.0924f,-0.9763f,-1.0263f,0f,0f,0f,1f],start_interpolation: 0,interpolation_duration: 1}
$data merge entity $(left_foot) {transformation: [-0.9617f,0.0637f,-0.3411f,0.8195f,-0.0022f,1.0039f,0.1936f,-4.2432f,0.347f,0.1829f,-0.9441f,0.3093f,0f,0f,0f,1f],start_interpolation: 0,interpolation_duration: 1}
$data merge entity $(left_knee) {transformation: [-2.9712f,0.0919f,-0.6449f,1.0055f,0.0202f,3.0229f,0.3373f,-0.0463f,0.6511f,0.3252f,-2.9534f,0.6198f,0f,0f,0f,1f],start_interpolation: 0,interpolation_duration: 1}
$data merge entity $(left_leg) {transformation: [-1.6804f,-0.1437f,-0.3272f,0.715f,0.0215f,1.5295f,-0.7821f,2.4278f,0.3567f,-0.7691f,-1.4942f,-0.5537f,0f,0f,0f,1f],start_interpolation: 0,interpolation_duration: 1}
$data merge entity $(right_cheek) {transformation: [-0.9454f,0.1701f,0.2772f,-0.2745f,0.2053f,0.9669f,0.0986f,3.5386f,-0.253f,0.1491f,-0.9557f,-1.2917f,0f,0f,0f,1f],start_interpolation: 0,interpolation_duration: 1}
$data merge entity $(right_foot) {transformation: [-0.9963f,-0.0744f,0.217f,-1.402f,0.0461f,0.8825f,0.514f,-3.5647f,-0.2248f,0.5107f,-0.8567f,-2.5668f,0f,0f,0f,1f],start_interpolation: 0,interpolation_duration: 1}
$data merge entity $(right_knee) {transformation: [-2.9987f,0.2234f,0.4582f,-1.1601f,0.4577f,2.3843f,1.8325f,-0.1768f,-0.2245f,1.8755f,-2.3842f,-0.075f,0f,0f,0f,1f],start_interpolation: 0,interpolation_duration: 1}
$data merge entity $(right_leg) {transformation: [-1.6937f,0.2861f,0.0326f,-0.6323f,0.2585f,1.5964f,-0.5796f,2.387f,-0.1268f,-0.5665f,-1.6169f,-0.93f,0f,0f,0f,1f],start_interpolation: 0,interpolation_duration: 1}
$data merge entity $(weist) {transformation: [-1.5619f,-0.0866f,0.4301f,-0.0156f,-0.0473f,1.6144f,0.1535f,4.0611f,-0.4362f,0.1352f,-1.5567f,-0.7171f,0f,0f,0f,1f],start_interpolation: 0,interpolation_duration: 1}
data modify storage animated_java:temp entry.data merge value {"locators":{"consume":{"px":-0.5546249905,"py":6.0280018362,"pz":3.8511702122,"ry":248.5119084651,"rx":3.5399728113}}}
# Data Manager: Prepare for Read / Write
execute store result storage animated_java:temp args.id int 1 run scoreboard players get @s aj.id
# Data Manager: Write
function animated_java:global/data_manager/write with storage animated_java:temp args
execute unless entity @s[tag=aj.transforms_only] at @s run function animated_java:female/animations/ghost_kick_walk/zzz/frames/3_root_function