# This file was generated by Animated Java via MC-Build. It is not recommended to edit this file directly.
$data merge entity $(neck) {transformation: [-0.9918f,-0.1115f,0.0628f,0.0111f,-0.0865f,0.9458f,0.313f,6.0636f,-0.0943f,0.305f,-0.9477f,-0.1624f,0f,0f,0f,1f],start_interpolation: 0,interpolation_duration: 1}
$data merge entity $(right_thumb_2) {transformation: [0.0766f,-0.0326f,-0.9965f,-1.144f,0.9639f,0.2581f,0.0656f,4.9325f,0.255f,-0.9656f,0.0512f,3.608f,0f,0f,0f,1f],start_interpolation: 0,interpolation_duration: 1}
$data merge entity $(right_thumb) {transformation: [0.0766f,-0.6461f,-0.7594f,-1.3298f,0.9639f,0.2428f,-0.1094f,5.1551f,0.255f,-0.7236f,0.6413f,3.4039f,0f,0f,0f,1f],start_interpolation: 0,interpolation_duration: 1}
$data merge entity $(right_fingers2) {transformation: [0.2141f,-0.1248f,-0.9688f,-1.2109f,0.9088f,0.389f,0.1507f,5.3525f,0.358f,-0.9128f,0.1967f,4.2482f,0f,0f,0f,1f],start_interpolation: 0,interpolation_duration: 1}
$data merge entity $(right_fingers) {transformation: [0.1344f,-0.2082f,-0.9688f,-1.2735f,0.9865f,-0.0647f,0.1507f,5.363f,-0.0941f,-0.9759f,0.1967f,3.9689f,0f,0f,0f,1f],start_interpolation: 0,interpolation_duration: 1}
$data merge entity $(scout) {transformation: [0f,0f,0f,-1.4075f,0f,0f,0f,5.1993f,0f,0f,0f,3.9765f,0f,0f,0f,1f],start_interpolation: 0,interpolation_duration: 1}
$data merge entity $(right_hand) {transformation: [0.1179f,-0.218f,-0.9688f,-1.4508f,0.9785f,-0.1406f,0.1507f,5.2784f,-0.169f,-0.9658f,0.1967f,3.3852f,0f,0f,0f,1f],start_interpolation: 0,interpolation_duration: 1}
$data merge entity $(right_forearm) {transformation: [-0.6526f,-0.1265f,-1.2063f,-1.6581f,1.2116f,-0.133f,-0.6415f,5.0044f,-0.0576f,-1.3651f,0.1743f,1.3382f,0f,0f,0f,1f],start_interpolation: 0,interpolation_duration: 1}
$data merge entity $(right_shoulder) {transformation: [-0.8618f,0.3806f,-1.1236f,-0.9843f,1.1116f,0.744f,-0.6005f,5.7068f,0.4143f,-1.2047f,-0.7258f,-0.1908f,0f,0f,0f,1f],start_interpolation: 0,interpolation_duration: 1}
$data merge entity $(right_arm) {transformation: [-0.9983f,-0.0367f,0.0462f,-0.4316f,-0.0321f,0.9947f,0.0973f,6.0139f,-0.0495f,0.0956f,-0.9942f,-0.1436f,0f,0f,0f,1f],start_interpolation: 0,interpolation_duration: 1}
$data merge entity $(left_thumb_2) {transformation: [0.2332f,-0.0324f,0.9719f,0.4233f,-0.8978f,0.3767f,0.228f,4.8632f,-0.3735f,-0.9258f,0.0587f,3.6399f,0f,0f,0f,1f],start_interpolation: 0,interpolation_duration: 1}
$data merge entity $(left_thumb) {transformation: [0.2332f,0.6157f,0.7526f,0.5762f,-0.8978f,0.4336f,-0.0765f,5.1369f,-0.3735f,-0.6579f,0.654f,3.4743f,0f,0f,0f,1f],start_interpolation: 0,interpolation_duration: 1}
$data merge entity $(left_fingers2) {transformation: [-0.0465f,0.1315f,0.9902f,0.5911f,-0.7603f,0.6383f,-0.1205f,5.101f,-0.6479f,-0.7585f,0.0703f,4.3486f,0f,0f,0f,1f],start_interpolation: 0,interpolation_duration: 1}
$data merge entity $(left_fingers) {transformation: [-0.1054f,0.0914f,0.9902f,0.6274f,-0.9764f,0.1793f,-0.1205f,5.1787f,-0.1885f,-0.9795f,0.0703f,4.0753f,0f,0f,0f,1f],start_interpolation: 0,interpolation_duration: 1}
$data merge entity $(left_hand) {transformation: [-0.1121f,0.083f,0.9902f,0.7216f,-0.9873f,0.1035f,-0.1205f,5.232f,-0.1125f,-0.9912f,0.0703f,3.4691f,0f,0f,0f,1f],start_interpolation: 0,interpolation_duration: 1}
$data merge entity $(left_forearm) {transformation: [-1.1387f,0.412f,0.6563f,1.3185f,-0.721f,-0.1357f,-1.1657f,4.9552f,-0.284f,-1.3073f,0.3279f,1.5005f,0f,0f,0f,1f],start_interpolation: 0,interpolation_duration: 1}
$data merge entity $(left_shoulder) {transformation: [-0.6164f,-0.1037f,1.3263f,1.0252f,-1.1127f,0.8415f,-0.4514f,5.7714f,-0.7293f,-1.1963f,-0.4324f,-0.0911f,0f,0f,0f,1f],start_interpolation: 0,interpolation_duration: 1}
$data merge entity $(left_arm) {transformation: [-0.9983f,-0.0367f,0.0462f,0.452f,-0.0321f,0.9947f,0.0973f,6.0423f,-0.0495f,0.0956f,-0.9942f,-0.0997f,0f,0f,0f,1f],start_interpolation: 0,interpolation_duration: 1}
$data merge entity $(chest) {transformation: [-1.2763f,-0.0469f,0.0591f,0.0781f,-0.041f,1.2718f,0.1244f,4.235f,-0.0633f,0.1223f,-1.2711f,-0.3288f,0f,0f,0f,1f],start_interpolation: 0,interpolation_duration: 1}
$data merge entity $(left_cheek) {transformation: [-0.9827f,-0.1559f,-0.0998f,0.3555f,-0.1727f,0.9663f,0.1907f,3.4197f,0.0667f,0.2046f,-0.9766f,-1.0017f,0f,0f,0f,1f],start_interpolation: 0,interpolation_duration: 1}
$data merge entity $(left_foot) {transformation: [-0.8133f,0.3082f,-0.5375f,0.1128f,0.0337f,0.9076f,0.4695f,-4.6784f,0.6187f,0.3558f,-0.7321f,-0.8147f,0f,0f,0f,1f],start_interpolation: 0,interpolation_duration: 1}
$data merge entity $(left_knee) {transformation: [-2.6374f,0.3001f,-1.4853f,0.5432f,0.1328f,3.0158f,0.3737f,-0.493f,1.5095f,0.2592f,-2.628f,-0.6068f,0f,0f,0f,1f],start_interpolation: 0,interpolation_duration: 1}
$data merge entity $(left_leg) {transformation: [-1.4918f,0.0707f,-0.8491f,0.6192f,0.089f,1.7156f,-0.0136f,2.2596f,0.8474f,-0.0558f,-1.4934f,-0.6171f,0f,0f,0f,1f],start_interpolation: 0,interpolation_duration: 1}
$data merge entity $(right_cheek) {transformation: [-0.9769f,0.2123f,-0.0228f,-0.4728f,0.2076f,0.9694f,0.1308f,3.4391f,0.0498f,0.1231f,-0.9911f,-0.9559f,0f,0f,0f,1f],start_interpolation: 0,interpolation_duration: 1}
$data merge entity $(right_foot) {transformation: [-1.0167f,0.1022f,0.0346f,-2.0377f,0.0763f,0.4487f,0.9155f,-3.5059f,0.0763f,0.9129f,-0.4538f,-1.2781f,0f,0f,0f,1f],start_interpolation: 0,interpolation_duration: 1}
$data merge entity $(right_knee) {transformation: [-2.9204f,0.8218f,-0.2193f,-0.9931f,0.5582f,2.4436f,1.7232f,-0.0374f,0.6417f,1.6142f,-2.4969f,0.8723f,0f,0f,0f,1f],start_interpolation: 0,interpolation_duration: 1}
$data merge entity $(right_leg) {transformation: [-1.6494f,0.0839f,-0.473f,-0.7762f,0.3153f,1.4653f,-0.8395f,2.3216f,0.3624f,-0.8928f,-1.4223f,-0.5314f,0f,0f,0f,1f],start_interpolation: 0,interpolation_duration: 1}
$data merge entity $(weist) {transformation: [-1.6177f,0.0836f,-0.0898f,0f,0.0719f,1.6083f,0.2006f,3.9415f,0.0994f,0.1961f,-1.6074f,-0.4913f,0f,0f,0f,1f],start_interpolation: 0,interpolation_duration: 1}
data modify storage animated_java:temp entry.data merge value {"locators":{"consume":{"px":-1.3416163933,"py":5.1670659249,"pz":4.1297649359,"ry":258.5228411501,"rx":8.6701002854}}}
# Data Manager: Prepare for Read / Write
execute store result storage animated_java:temp args.id int 1 run scoreboard players get @s aj.id
# Data Manager: Write
function animated_java:global/data_manager/write with storage animated_java:temp args