# This file was generated by Animated Java via MC-Build. It is not recommended to edit this file directly.
$data merge entity $(neck) {transformation: [-0.9907f,-0.103f,0.0884f,0.0503f,-0.0764f,0.9615f,0.2639f,6.0559f,-0.1122f,0.2547f,-0.9605f,-0.1797f,0f,0f,0f,1f],start_interpolation: 0,interpolation_duration: 1}
$data merge entity $(right_thumb_2) {transformation: [-0.1753f,0.1169f,-0.9775f,-2.3149f,0.9308f,0.3433f,-0.1259f,4.7208f,0.3209f,-0.9319f,-0.169f,3.2427f,0f,0f,0f,1f],start_interpolation: 0,interpolation_duration: 1}
$data merge entity $(right_thumb) {transformation: [-0.1753f,-0.5099f,-0.8422f,-2.4931f,0.9308f,0.1929f,-0.3106f,4.9253f,0.3209f,-0.8383f,0.4408f,3.0144f,0f,0f,0f,1f],start_interpolation: 0,interpolation_duration: 1}
$data merge entity $(right_fingers2) {transformation: [-0.045f,0.0067f,-0.999f,-2.5996f,0.9217f,0.3861f,-0.0389f,5.0698f,0.3854f,-0.9225f,-0.0235f,3.8731f,0f,0f,0f,1f],start_interpolation: 0,interpolation_duration: 1}
$data merge entity $(right_fingers) {transformation: [-0.0379f,0.0251f,-0.999f,-2.6009f,0.9984f,-0.0407f,-0.0389f,5.086f,-0.0416f,-0.9989f,-0.0235f,3.5871f,0f,0f,0f,1f],start_interpolation: 0,interpolation_duration: 1}
$data merge entity $(scout) {transformation: [0f,0f,0f,-2.6997f,0f,0f,0f,4.9016f,0f,0f,0f,3.5553f,0f,0f,0f,1f],start_interpolation: 0,interpolation_duration: 1}
$data merge entity $(right_hand) {transformation: [-0.0368f,0.0268f,-0.999f,-2.6284f,0.9956f,-0.0853f,-0.0389f,5.0269f,-0.0863f,-0.996f,-0.0235f,2.9748f,0f,0f,0f,1f],start_interpolation: 0,interpolation_duration: 1}
$data merge entity $(right_forearm) {transformation: [-0.5992f,0.2959f,-1.2044f,-2.2017f,1.2276f,-0.0487f,-0.6227f,4.8799f,-0.1763f,-1.3443f,-0.2426f,0.9488f,0f,0f,0f,1f],start_interpolation: 0,interpolation_duration: 1}
$data merge entity $(right_shoulder) {transformation: [-0.9419f,0.8589f,-0.7245f,-0.9413f,1.1112f,0.8524f,-0.4341f,5.7092f,0.1669f,-0.828f,-1.1985f,-0.0558f,0f,0f,0f,1f],start_interpolation: 0,interpolation_duration: 1}
$data merge entity $(right_arm) {transformation: [-0.9983f,-0.0336f,-0.0468f,-0.3884f,-0.0302f,0.997f,-0.0709f,6.0144f,0.049f,-0.0694f,-0.9964f,-0.1119f,0f,0f,0f,1f],start_interpolation: 0,interpolation_duration: 1}
$data merge entity $(left_thumb_2) {transformation: [0.1156f,-0.3523f,0.9287f,2.1625f,-0.9072f,0.3433f,0.2431f,4.7085f,-0.4045f,-0.8706f,-0.2799f,3.235f,0f,0f,0f,1f],start_interpolation: 0,interpolation_duration: 1}
$data merge entity $(left_thumb) {transformation: [0.1156f,0.3396f,0.9335f,2.2414f,-0.9072f,0.4188f,-0.04f,4.9783f,-0.4045f,-0.8422f,0.3565f,3.019f,0f,0f,0f,1f],start_interpolation: 0,interpolation_duration: 1}
$data merge entity $(left_fingers2) {transformation: [-0.2344f,-0.1743f,0.9564f,2.561f,-0.8247f,0.5566f,-0.1007f,4.9883f,-0.5148f,-0.8123f,-0.2742f,3.8359f,0f,0f,0f,1f],start_interpolation: 0,interpolation_duration: 1}
$data merge entity $(left_fingers) {transformation: [-0.126f,-0.2636f,0.9564f,2.4965f,-0.9891f,0.1076f,-0.1007f,5.0461f,-0.0763f,-0.9586f,-0.2742f,3.5629f,0f,0f,0f,1f],start_interpolation: 0,interpolation_duration: 1}
$data merge entity $(left_hand) {transformation: [-0.1141f,-0.2689f,0.9564f,2.373f,-0.9929f,0.0632f,-0.1007f,5.0756f,-0.0334f,-0.9611f,-0.2742f,2.9603f,0f,0f,0f,1f],start_interpolation: 0,interpolation_duration: 1}
$data merge entity $(left_forearm) {transformation: [-0.9647f,-0.0845f,0.9795f,2.2413f,-0.976f,-0.0827f,-0.9684f,4.8752f,0.1182f,-1.3723f,-0.0019f,0.8986f,0f,0f,0f,1f],start_interpolation: 0,interpolation_duration: 1}
$data merge entity $(left_shoulder) {transformation: [-0.8615f,-0.7964f,0.8794f,1.0683f,-1.1167f,0.9114f,-0.2685f,5.77f,-0.4008f,-0.8275f,-1.1421f,-0.1544f,0f,0f,0f,1f],start_interpolation: 0,interpolation_duration: 1}
$data merge entity $(left_arm) {transformation: [-0.9983f,-0.0336f,-0.0468f,0.4952f,-0.0302f,0.997f,-0.0709f,6.0412f,0.049f,-0.0694f,-0.9964f,-0.1553f,0f,0f,0f,1f],start_interpolation: 0,interpolation_duration: 1}
$data merge entity $(chest) {transformation: [-1.2764f,-0.0429f,-0.0598f,0.1124f,-0.0386f,1.2747f,-0.0906f,4.2247f,0.0627f,-0.0887f,-1.2739f,-0.0428f,0f,0f,0f,1f],start_interpolation: 0,interpolation_duration: 1}
$data merge entity $(left_cheek) {transformation: [-0.9194f,-0.0075f,-0.3934f,0.0101f,-0.0384f,0.9967f,0.0709f,3.2665f,0.3916f,0.0803f,-0.9166f,-0.7014f,0f,0f,0f,1f],start_interpolation: 0,interpolation_duration: 1}
$data merge entity $(left_foot) {transformation: [-0.7491f,0.3885f,-0.5773f,0.0644f,-0.1744f,0.7163f,0.7084f,-4.3563f,0.6736f,0.6175f,-0.4585f,-2.1156f,0f,0f,0f,1f],start_interpolation: 0,interpolation_duration: 1}
$data merge entity $(left_knee) {transformation: [-2.4788f,0.2466f,-1.7456f,0.4055f,-0.4103f,2.8484f,0.9851f,-0.362f,1.7145f,1.0383f,-2.2879f,-0.8214f,0f,0f,0f,1f],start_interpolation: 0,interpolation_duration: 1}
$data merge entity $(left_leg) {transformation: [-1.4032f,-0.001f,-0.9912f,0.3746f,-0.2171f,1.6766f,0.3056f,2.306f,0.9672f,0.3749f,-1.3695f,-0.1405f,0f,0f,0f,1f],start_interpolation: 0,interpolation_duration: 1}
$data merge entity $(right_cheek) {transformation: [-0.8621f,0.2164f,-0.4634f,-0.669f,0.2535f,1.0207f,-0.0444f,3.4995f,0.4387f,-0.1645f,-0.885f,-0.2297f,0f,0f,0f,1f],start_interpolation: 0,interpolation_duration: 1}
$data merge entity $(right_foot) {transformation: [-1.0038f,0.0921f,0.1705f,-2.0161f,0.1873f,0.2313f,0.9781f,-1.5656f,0.0495f,0.9916f,-0.244f,1.19f,0f,0f,0f,1f],start_interpolation: 0,interpolation_duration: 1}
$data merge entity $(right_knee) {transformation: [-2.8536f,1.0533f,-0.0012f,-0.6403f,0.904f,2.4509f,1.5583f,1.9161f,0.5406f,1.4615f,-2.6123f,3.1214f,0f,0f,0f,1f],start_interpolation: 0,interpolation_duration: 1}
$data merge entity $(right_leg) {transformation: [-1.6114f,-0.1809f,-0.5676f,-0.8465f,0.5107f,0.4233f,-1.5847f,2.6195f,0.3068f,-1.6551f,-0.3433f,0.4671f,0f,0f,0f,1f],start_interpolation: 0,interpolation_duration: 1}
$data merge entity $(weist) {transformation: [-1.4156f,0.2845f,-0.7397f,0f,0.3635f,1.5786f,-0.0883f,4.0626f,0.7043f,-0.2428f,-1.4412f,-0.1882f,0f,0f,0f,1f],start_interpolation: 0,interpolation_duration: 1}
data modify storage animated_java:temp entry.data merge value {"locators":{"consume":{"px":-2.6635909548,"py":4.8670668774,"pz":3.7176579679,"ry":271.3494013595,"rx":-2.2311412401}}}
# Data Manager: Prepare for Read / Write
execute store result storage animated_java:temp args.id int 1 run scoreboard players get @s aj.id
# Data Manager: Write
function animated_java:global/data_manager/write with storage animated_java:temp args