# This file was generated by Animated Java via MC-Build. It is not recommended to edit this file directly.
$data merge entity $(neck) {transformation: [-0.9876f,-0.1135f,0.1086f,0.05f,-0.0835f,0.9649f,0.2488f,6.0424f,-0.133f,0.2367f,-0.9624f,-0.1964f,0f,0f,0f,1f],start_interpolation: 0,interpolation_duration: 1}
$data merge entity $(right_thumb_2) {transformation: [-0.6366f,0.14f,-0.7584f,-2.9369f,0.712f,0.4846f,-0.5082f,4.0258f,0.2964f,-0.8635f,-0.4081f,2.1521f,0f,0f,0f,1f],start_interpolation: 0,interpolation_duration: 1}
$data merge entity $(right_thumb) {transformation: [-0.6366f,-0.3529f,-0.6857f,-3.1351f,0.712f,0.0728f,-0.6984f,4.1647f,0.2964f,-0.9328f,0.2049f,1.893f,0f,0f,0f,1f],start_interpolation: 0,interpolation_duration: 1}
$data merge entity $(right_fingers2) {transformation: [-0.5252f,0.054f,-0.8492f,-3.4767f,0.7751f,0.4422f,-0.4513f,4.1375f,0.3512f,-0.8953f,-0.2741f,2.7021f,0f,0f,0f,1f],start_interpolation: 0,interpolation_duration: 1}
$data merge entity $(right_fingers) {transformation: [-0.4587f,0.2615f,-0.8492f,-3.4213f,0.8877f,0.0915f,-0.4513f,4.1853f,-0.0403f,-0.9608f,-0.2741f,2.4252f,0f,0f,0f,1f],start_interpolation: 0,interpolation_duration: 1}
$data merge entity $(scout) {transformation: [0f,0f,0f,-3.4195f,0f,0f,0f,3.9827f,0f,0f,0f,2.364f,0f,0f,0f,1f],start_interpolation: 0,interpolation_duration: 1}
$data merge entity $(right_hand) {transformation: [-0.4525f,0.2721f,-0.8492f,-3.2895f,0.8896f,0.071f,-0.4513f,4.2045f,-0.0625f,-0.9597f,-0.2741f,1.8239f,0f,0f,0f,1f],start_interpolation: 0,interpolation_duration: 1}
$data merge entity $(right_forearm) {transformation: [-0.7551f,0.6719f,-0.9357f,-2.2803f,1.138f,0.2618f,-0.7304f,4.5249f,-0.1784f,-1.1735f,-0.6987f,0.0387f,0f,0f,0f,1f],start_interpolation: 0,interpolation_duration: 1}
$data merge entity $(right_shoulder) {transformation: [-1.136f,0.9266f,0.0274f,-0.9225f,0.9256f,1.1362f,-0.047f,5.7251f,-0.0509f,-0.0191f,-1.4652f,0.0727f,0f,0f,0f,1f],start_interpolation: 0,interpolation_duration: 1}
$data merge entity $(right_arm) {transformation: [-0.9884f,-0.0457f,-0.1451f,-0.3796f,-0.0144f,0.9777f,-0.2096f,6.0146f,0.1515f,-0.2051f,-0.9669f,-0.0803f,0f,0f,0f,1f],start_interpolation: 0,interpolation_duration: 1}
$data merge entity $(left_thumb_2) {transformation: [-0.2251f,-0.5608f,0.7967f,3.2362f,-0.8751f,0.476f,0.0878f,3.8801f,-0.4285f,-0.6774f,-0.5979f,1.6723f,0f,0f,0f,1f],start_interpolation: 0,interpolation_duration: 1}
$data merge entity $(left_thumb) {transformation: [-0.2251f,0.0905f,0.9701f,3.285f,-0.8751f,0.4191f,-0.2422f,4.1481f,-0.4285f,-0.9034f,-0.0151f,1.4454f,0f,0f,0f,1f],start_interpolation: 0,interpolation_duration: 1}
$data merge entity $(left_fingers2) {transformation: [-0.5508f,-0.3655f,0.7504f,3.8768f,-0.749f,0.6132f,-0.2511f,4.0373f,-0.3683f,-0.7003f,-0.6115f,2.0854f,0f,0f,0f,1f],start_interpolation: 0,interpolation_duration: 1}
$data merge entity $(left_fingers) {transformation: [-0.3288f,-0.5735f,0.7504f,3.7282f,-0.9443f,0.2127f,-0.2511f,4.1227f,-0.0156f,-0.7911f,-0.6115f,1.8559f,0f,0f,0f,1f],start_interpolation: 0,interpolation_duration: 1}
$data merge entity $(left_hand) {transformation: [-0.3154f,-0.5809f,0.7504f,3.403f,-0.9489f,0.1909f,-0.2511f,4.2241f,0.0027f,-0.7913f,-0.6115f,1.3429f,0f,0f,0f,1f],start_interpolation: 0,interpolation_duration: 1}
$data merge entity $(left_forearm) {transformation: [-0.8734f,-0.64f,0.8513f,2.4338f,-1.0426f,0.289f,-0.8524f,4.585f,0.2174f,-1.1849f,-0.6677f,-0.4568f,0f,0f,0f,1f],start_interpolation: 0,interpolation_duration: 1}
$data merge entity $(left_shoulder) {transformation: [-1.1129f,-0.9413f,-0.1593f,1.067f,-0.9495f,1.1168f,0.0345f,5.754f,0.0992f,0.1294f,-1.4571f,-0.2322f,0f,0f,0f,1f],start_interpolation: 0,interpolation_duration: 1}
$data merge entity $(left_arm) {transformation: [-0.9884f,-0.0457f,-0.1451f,0.4952f,-0.0144f,0.9777f,-0.2096f,6.0274f,0.1515f,-0.2051f,-0.9669f,-0.2144f,0f,0f,0f,1f],start_interpolation: 0,interpolation_duration: 1}
$data merge entity $(chest) {transformation: [-1.2637f,-0.0584f,-0.1856f,0.1353f,-0.0184f,1.25f,-0.268f,4.2481f,0.1937f,-0.2622f,-1.2363f,0.1896f,0f,0f,0f,1f],start_interpolation: 0,interpolation_duration: 1}
$data merge entity $(left_cheek) {transformation: [-0.6193f,0.0282f,-0.7846f,-0.1389f,-0.1703f,0.9707f,0.1693f,3.4632f,0.7664f,0.2385f,-0.5964f,-0.2536f,0f,0f,0f,1f],start_interpolation: 0,interpolation_duration: 1}
$data merge entity $(left_foot) {transformation: [-0.604f,0.591f,-0.5754f,-0.4006f,-0.5549f,0.2365f,0.8255f,-2.311f,0.6103f,0.8f,0.1811f,-4.7104f,0f,0f,0f,1f],start_interpolation: 0,interpolation_duration: 1}
$data merge entity $(left_knee) {transformation: [-2.0934f,0.6557f,-2.1071f,0.4808f,-1.4159f,1.8286f,1.9758f,0.3412f,1.6926f,2.3406f,-0.9532f,-1.5585f,0f,0f,0f,1f],start_interpolation: 0,interpolation_duration: 1}
$data merge entity $(left_leg) {transformation: [-1.1867f,-0.0495f,-1.2412f,0.3885f,-0.7864f,1.3588f,0.6977f,2.4649f,0.9616f,1.0501f,-0.9612f,0.192f,0f,0f,0f,1f],start_interpolation: 0,interpolation_duration: 1}
$data merge entity $(right_cheek) {transformation: [-0.6294f,0.3117f,-0.7235f,-0.6353f,0.5396f,0.9124f,-0.1445f,3.7073f,0.5592f,-0.5295f,-0.675f,0.2695f,0f,0f,0f,1f],start_interpolation: 0,interpolation_duration: 1}
$data merge entity $(right_foot) {transformation: [-1.0191f,0.0217f,0.0783f,-0.9723f,0.0801f,0.1021f,1.0141f,0.1892f,0.0137f,1.017f,-0.1034f,1.5328f,0f,0f,0f,1f],start_interpolation: 0,interpolation_duration: 1}
$data merge entity $(right_knee) {transformation: [-2.9524f,0.7297f,-0.0576f,-0.0495f,0.5667f,2.4303f,1.7392f,3.6401f,0.4632f,1.6773f,-2.4948f,3.7654f,0f,0f,0f,1f],start_interpolation: 0,interpolation_duration: 1}
$data merge entity $(right_leg) {transformation: [-1.6675f,-0.3468f,-0.2251f,-0.5291f,0.3201f,-0.491f,-1.6149f,2.8875f,0.2616f,-1.6094f,0.5412f,1.1604f,0f,0f,0f,1f],start_interpolation: 0,interpolation_duration: 1}
$data merge entity $(weist) {transformation: [-1.0637f,0.1556f,-1.215f,0f,0.49f,1.5289f,-0.2332f,4.2149f,1.1227f,-0.5198f,-1.0495f,0.0712f,0f,0f,0f,1f],start_interpolation: 0,interpolation_duration: 1}
data modify storage animated_java:temp entry.data merge value {"locators":{"consume":{"px":-3.4072192447,"py":3.9446458345,"pz":2.5291156146,"ry":287.8895176064,"rx":-26.8258171754}}}
# Data Manager: Prepare for Read / Write
execute store result storage animated_java:temp args.id int 1 run scoreboard players get @s aj.id
# Data Manager: Write
function animated_java:global/data_manager/write with storage animated_java:temp args
execute unless entity @s[tag=aj.transforms_only] at @s run function animated_java:female/animations/ghost_kick_walk/zzz/frames/6_root_function