# This file was generated by Animated Java via MC-Build. It is not recommended to edit this file directly.
$data merge entity $(neck) {transformation: [-0.9942f,-0.0931f,0.0541f,0.0281f,-0.0763f,0.9637f,0.2559f,6.0285f,-0.0759f,0.2503f,-0.9652f,-0.1797f,0f,0f,0f,1f],start_interpolation: 0,interpolation_duration: 1}
$data merge entity $(right_thumb_2) {transformation: [-0.8735f,0.0637f,-0.4826f,-2.7268f,0.4246f,0.5846f,-0.6913f,3.5919f,0.2381f,-0.8088f,-0.5377f,1.3005f,0f,0f,0f,1f],start_interpolation: 0,interpolation_duration: 1}
$data merge entity $(right_thumb) {transformation: [-0.8735f,-0.2434f,-0.4216f,-2.9287f,0.4246f,0.0426f,-0.9044f,3.6813f,0.2381f,-0.969f,0.0662f,1.0232f,0f,0f,0f,1f],start_interpolation: 0,interpolation_duration: 1}
$data merge entity $(right_fingers2) {transformation: [-0.7958f,0.0227f,-0.6052f,-3.3362f,0.5301f,0.5095f,-0.6778f,3.4652f,0.2929f,-0.8602f,-0.4175f,1.7718f,0f,0f,0f,1f],start_interpolation: 0,interpolation_duration: 1}
$data merge entity $(right_fingers) {transformation: [-0.7224f,0.3344f,-0.6052f,-3.2657f,0.6879f,0.2594f,-0.6778f,3.5535f,-0.0697f,-0.906f,-0.4175f,1.5086f,0f,0f,0f,1f],start_interpolation: 0,interpolation_duration: 1}
$data merge entity $(scout) {transformation: [0f,0f,0f,-3.1875f,0f,0f,0f,3.37f,0f,0f,0f,1.4378f,0f,0f,0f,1f],start_interpolation: 0,interpolation_duration: 1}
$data merge entity $(right_hand) {transformation: [-0.7183f,0.3433f,-0.6052f,-3.078f,0.691f,0.251f,-0.6778f,3.6743f,-0.0808f,-0.9051f,-0.4175f,0.9346f,0f,0f,0f,1f],start_interpolation: 0,interpolation_duration: 1}
$data merge entity $(right_forearm) {transformation: [-0.9188f,0.7319f,-0.7192f,-1.9637f,1.0234f,0.5832f,-0.7138f,4.4841f,-0.0748f,-1.0106f,-0.9329f,-0.6181f,0f,0f,0f,1f],start_interpolation: 0,interpolation_duration: 1}
$data merge entity $(right_shoulder) {transformation: [-1.2525f,0.6595f,0.3822f,-0.9195f,0.7573f,1.1598f,0.4808f,5.73f,-0.0861f,0.6081f,-1.3314f,0.1835f,0f,0f,0f,1f],start_interpolation: 0,interpolation_duration: 1}
$data merge entity $(right_arm) {transformation: [-0.9717f,-0.0573f,-0.2292f,-0.3901f,0.0001f,0.97f,-0.243f,6.0089f,0.2363f,-0.2361f,-0.9426f,-0.0262f,0f,0f,0f,1f],start_interpolation: 0,interpolation_duration: 1}
$data merge entity $(left_thumb_2) {transformation: [-0.5701f,-0.5138f,0.6411f,2.7269f,-0.7486f,0.6463f,-0.1478f,3.11f,-0.3384f,-0.5642f,-0.7531f,0.4723f,0f,0f,0f,1f],start_interpolation: 0,interpolation_duration: 1}
$data merge entity $(left_thumb) {transformation: [-0.5701f,0.0233f,0.8212f,2.8073f,-0.7486f,0.397f,-0.531f,3.3562f,-0.3384f,-0.9175f,-0.2089f,0.2303f,0f,0f,0f,1f],start_interpolation: 0,interpolation_duration: 1}
$data merge entity $(left_fingers2) {transformation: [-0.8134f,-0.3157f,0.4886f,3.4597f,-0.5457f,0.7051f,-0.4528f,3.0512f,-0.2015f,-0.635f,-0.7458f,0.7348f,0f,0f,0f,1f],start_interpolation: 0,interpolation_duration: 1}
$data merge entity $(left_fingers) {transformation: [-0.5925f,-0.6405f,0.4886f,3.2975f,-0.7997f,0.3943f,-0.4528f,3.1828f,0.0974f,-0.659f,-0.7458f,0.5388f,0f,0f,0f,1f],start_interpolation: 0,interpolation_duration: 1}
$data merge entity $(left_hand) {transformation: [-0.5846f,-0.6477f,0.4886f,2.9184f,-0.8044f,0.3845f,-0.4528f,3.3949f,0.1055f,-0.6578f,-0.7458f,0.1023f,0f,0f,0f,1f],start_interpolation: 0,interpolation_duration: 1}
$data merge entity $(left_forearm) {transformation: [-1.0811f,-0.7246f,0.451f,1.7986f,-0.8319f,0.7321f,-0.818f,4.4331f,0.1906f,-0.9144f,-1.0123f,-1.3037f,0f,0f,0f,1f],start_interpolation: 0,interpolation_duration: 1}
$data merge entity $(left_shoulder) {transformation: [-1.199f,-0.4458f,-0.7166f,1.0365f,-0.7173f,1.1942f,0.4574f,5.7298f,0.4446f,0.7246f,-1.1946f,-0.2922f,0f,0f,0f,1f],start_interpolation: 0,interpolation_duration: 1}
$data merge entity $(left_arm) {transformation: [-0.9717f,-0.0573f,-0.2292f,0.47f,0.0001f,0.97f,-0.243f,6.0088f,0.2363f,-0.2361f,-0.9426f,-0.2353f,0f,0f,0f,1f],start_interpolation: 0,interpolation_duration: 1}
$data merge entity $(chest) {transformation: [-1.2423f,-0.0733f,-0.2931f,0.1355f,0.0001f,1.2402f,-0.3107f,4.2485f,0.3021f,-0.3019f,-1.2051f,0.2631f,0f,0f,0f,1f],start_interpolation: 0,interpolation_duration: 1}
$data merge entity $(left_cheek) {transformation: [-0.5709f,-0.028f,-0.8205f,-0.1199f,-0.2281f,0.9655f,0.1258f,3.4821f,0.7887f,0.259f,-0.5576f,-0.1543f,0f,0f,0f,1f],start_interpolation: 0,interpolation_duration: 1}
$data merge entity $(left_foot) {transformation: [-0.6467f,0.6152f,-0.4986f,-0.4401f,-0.5666f,0.0902f,0.8462f,-1.9667f,0.5532f,0.8116f,0.2839f,-4.8468f,0f,0f,0f,1f],start_interpolation: 0,interpolation_duration: 1}
$data merge entity $(left_knee) {transformation: [-2.1989f,0.7857f,-1.9493f,0.6307f,-1.4f,1.5566f,2.2066f,0.3182f,1.5676f,2.4923f,-0.7637f,-1.4736f,0f,0f,0f,1f],start_interpolation: 0,interpolation_duration: 1}
$data merge entity $(left_leg) {transformation: [-1.2468f,-0.1371f,-1.1739f,0.3935f,-0.7773f,1.3806f,0.6643f,2.4781f,0.8904f,1.0132f,-1.064f,0.2179f,0f,0f,0f,1f],start_interpolation: 0,interpolation_duration: 1}
$data merge entity $(right_cheek) {transformation: [-0.6477f,0.2882f,-0.7134f,-0.6217f,0.5407f,0.8849f,-0.1832f,3.6759f,0.5367f,-0.5437f,-0.6764f,0.4104f,0f,0f,0f,1f],start_interpolation: 0,interpolation_duration: 1}
$data merge entity $(right_foot) {transformation: [-1.0209f,0.0464f,0.0282f,-0.8521f,0.0371f,0.2075f,1.0004f,-0.2254f,0.0397f,1f,-0.2089f,1.6083f,0f,0f,0f,1f],start_interpolation: 0,interpolation_duration: 1}
$data merge entity $(right_knee) {transformation: [-2.961f,0.67f,-0.1892f,-0.0175f,0.428f,2.4036f,1.8144f,3.1877f,0.5491f,1.7396f,-2.434f,3.9321f,0f,0f,0f,1f],start_interpolation: 0,interpolation_duration: 1}
$data merge entity $(right_leg) {transformation: [-1.6739f,-0.3338f,-0.1949f,-0.4769f,0.2385f,-0.2106f,-1.6882f,2.8898f,0.3041f,-1.672f,0.2516f,1.2334f,0f,0f,0f,1f],start_interpolation: 0,interpolation_duration: 1}
$data merge entity $(weist) {transformation: [-1.0091f,0.131f,-1.2636f,0f,0.4773f,1.5345f,-0.2221f,4.2292f,1.1772f,-0.5099f,-0.993f,0.1349f,0f,0f,0f,1f],start_interpolation: 0,interpolation_duration: 1}
data modify storage animated_java:temp entry.data merge value {"locators":{"consume":{"px":-3.1826962218,"py":3.3221660327,"pz":1.6007431084,"ry":304.5999904968,"rx":-42.6752737759}}}
# Data Manager: Prepare for Read / Write
execute store result storage animated_java:temp args.id int 1 run scoreboard players get @s aj.id
# Data Manager: Write
function animated_java:global/data_manager/write with storage animated_java:temp args