# This file was generated by Animated Java via MC-Build. It is not recommended to edit this file directly.
$data merge entity $(neck) {transformation: [-0.9985f,-0.0495f,-0.0236f,0.0094f,-0.0541f,0.9586f,0.2796f,6.0301f,0.0088f,0.2805f,-0.9598f,-0.1542f,0f,0f,0f,1f],start_interpolation: 0,interpolation_duration: 1}
$data merge entity $(right_thumb_2) {transformation: [-0.8629f,-0.0257f,-0.5047f,-2.5539f,0.4158f,0.5316f,-0.738f,3.7633f,0.2872f,-0.8466f,-0.448f,1.5188f,0f,0f,0f,1f],start_interpolation: 0,interpolation_duration: 1}
$data merge entity $(right_thumb) {transformation: [-0.8629f,-0.3277f,-0.3846f,-2.7819f,0.4158f,-0.0279f,-0.909f,3.8288f,0.2872f,-0.9444f,0.1603f,1.2553f,0f,0f,0f,1f],start_interpolation: 0,interpolation_duration: 1}
$data merge entity $(right_fingers2) {transformation: [-0.7842f,-0.0685f,-0.6167f,-3.1158f,0.5266f,0.4522f,-0.7199f,3.6516f,0.3281f,-0.8893f,-0.3185f,2.0492f,0f,0f,0f,1f],start_interpolation: 0,interpolation_duration: 1}
$data merge entity $(right_fingers) {transformation: [-0.7478f,0.246f,-0.6167f,-3.0713f,0.6622f,0.2081f,-0.7199f,3.7243f,-0.0488f,-0.9467f,-0.3185f,1.7758f,0f,0f,0f,1f],start_interpolation: 0,interpolation_duration: 1}
$data merge entity $(scout) {transformation: [0f,0f,0f,-2.9936f,0f,0f,0f,3.5387f,0f,0f,0f,1.7101f,0f,0f,0f,1f],start_interpolation: 0,interpolation_duration: 1}
$data merge entity $(right_hand) {transformation: [-0.7447f,0.2552f,-0.6167f,-2.9381f,0.6647f,0.2f,-0.7199f,3.812f,-0.0604f,-0.946f,-0.3185f,1.181f,0f,0f,0f,1f],start_interpolation: 0,interpolation_duration: 1}
$data merge entity $(right_forearm) {transformation: [-0.9128f,0.6251f,-0.8205f,-1.9886f,1.0312f,0.531f,-0.7428f,4.5418f,-0.0208f,-1.1065f,-0.8199f,-0.5144f,0f,0f,0f,1f],start_interpolation: 0,interpolation_duration: 1}
$data merge entity $(right_shoulder) {transformation: [-1.2464f,0.6914f,0.3439f,-0.9055f,0.772f,1.131f,0.5241f,5.7483f,-0.0182f,0.6266f,-1.3255f,0.2958f,0f,0f,0f,1f],start_interpolation: 0,interpolation_duration: 1}
$data merge entity $(right_arm) {transformation: [-0.9457f,-0.0629f,-0.319f,-0.3931f,0.0169f,0.9703f,-0.2414f,6.0178f,0.3247f,-0.2337f,-0.9165f,0.0372f,0f,0f,0f,1f],start_interpolation: 0,interpolation_duration: 1}
$data merge entity $(left_thumb_2) {transformation: [-0.6239f,-0.5477f,0.5574f,2.6074f,-0.7617f,0.5858f,-0.2769f,3.1019f,-0.1749f,-0.5974f,-0.7827f,0.4527f,0f,0f,0f,1f],start_interpolation: 0,interpolation_duration: 1}
$data merge entity $(left_thumb) {transformation: [-0.6239f,-0.0568f,0.7794f,2.6707f,-0.7617f,0.2673f,-0.5902f,3.3091f,-0.1749f,-0.9619f,-0.21f,0.1721f,0f,0f,0f,1f],start_interpolation: 0,interpolation_duration: 1}
$data merge entity $(left_fingers2) {transformation: [-0.8459f,-0.3561f,0.3971f,3.3608f,-0.5315f,0.6256f,-0.5711f,3.0469f,-0.0451f,-0.6941f,-0.7185f,0.6498f,0f,0f,0f,1f],start_interpolation: 0,interpolation_duration: 1}
$data merge entity $(left_fingers) {transformation: [-0.604f,-0.691f,0.3971f,3.1838f,-0.752f,0.3292f,-0.5711f,3.1577f,0.2639f,-0.6436f,-0.7185f,0.4537f,0f,0f,0f,1f],start_interpolation: 0,interpolation_duration: 1}
$data merge entity $(left_hand) {transformation: [-0.5955f,-0.6984f,0.3971f,2.7695f,-0.756f,0.3199f,-0.5711f,3.3252f,0.2718f,-0.6403f,-0.7185f,0.0301f,0f,0f,0f,1f],start_interpolation: 0,interpolation_duration: 1}
$data merge entity $(left_forearm) {transformation: [-1.0975f,-0.7655f,0.3265f,1.583f,-0.76f,0.7019f,-0.9093f,4.3176f,0.3389f,-0.9047f,-0.9817f,-1.354f,0f,0f,0f,1f],start_interpolation: 0,interpolation_duration: 1}
$data merge entity $(left_shoulder) {transformation: [-1.1501f,-0.3121f,-0.8542f,0.9981f,-0.6354f,1.261f,0.3948f,5.7143f,0.6506f,0.6799f,-1.1244f,-0.3578f,0f,0f,0f,1f],start_interpolation: 0,interpolation_duration: 1}
$data merge entity $(left_arm) {transformation: [-0.9457f,-0.0629f,-0.319f,0.4439f,0.0169f,0.9703f,-0.2414f,6.0028f,0.3247f,-0.2337f,-0.9165f,-0.2501f,0f,0f,0f,1f],start_interpolation: 0,interpolation_duration: 1}
$data merge entity $(chest) {transformation: [-1.2091f,-0.0804f,-0.4078f,0.128f,0.0216f,1.2405f,-0.3086f,4.2496f,0.4151f,-0.2988f,-1.1718f,0.2838f,0f,0f,0f,1f],start_interpolation: 0,interpolation_duration: 1}
$data merge entity $(left_cheek) {transformation: [-0.623f,-0.1212f,-0.7728f,-0.1054f,-0.1876f,0.9823f,-0.0028f,3.4486f,0.7594f,0.1432f,-0.6347f,-0.1891f,0f,0f,0f,1f],start_interpolation: 0,interpolation_duration: 1}
$data merge entity $(left_foot) {transformation: [-0.7447f,0.5384f,-0.4481f,-0.0603f,-0.4663f,0.107f,0.9035f,-2.5121f,0.5227f,0.8625f,0.1676f,-4.1602f,0f,0f,0f,1f],start_interpolation: 0,interpolation_duration: 1}
$data merge entity $(left_knee) {transformation: [-2.4536f,0.683f,-1.6631f,0.8874f,-1.0677f,1.7102f,2.2776f,-0.0214f,1.4464f,2.4209f,-1.1397f,-0.8977f,0f,0f,0f,1f],start_interpolation: 0,interpolation_duration: 1}
$data merge entity $(left_leg) {transformation: [-1.3913f,-0.2939f,-0.9641f,0.3869f,-0.589f,1.5706f,0.3712f,2.4593f,0.8178f,0.6312f,-1.3726f,0.1877f,0f,0f,0f,1f],start_interpolation: 0,interpolation_duration: 1}
$data merge entity $(right_cheek) {transformation: [-0.6769f,0.2891f,-0.6809f,-0.6434f,0.5136f,0.8702f,-0.1646f,3.613f,0.5273f,-0.4764f,-0.7137f,0.3802f,0f,0f,0f,1f],start_interpolation: 0,interpolation_duration: 1}
$data merge entity $(right_foot) {transformation: [-1.02f,0.0657f,-0.0213f,-0.9646f,0.0105f,0.4593f,0.9133f,-1.3498f,0.0683f,0.911f,-0.459f,1.5651f,0f,0f,0f,1f],start_interpolation: 0,interpolation_duration: 1}
$data merge entity $(right_knee) {transformation: [-2.9549f,0.6532f,-0.307f,-0.158f,0.3586f,2.4516f,1.7644f,2.1257f,0.6264f,1.6779f,-2.4586f,3.8047f,0f,0f,0f,1f],start_interpolation: 0,interpolation_duration: 1}
$data merge entity $(right_leg) {transformation: [-1.6724f,-0.2805f,-0.2751f,-0.5297f,0.2008f,0.4237f,-1.6527f,2.8445f,0.3377f,-1.6411f,-0.3797f,1.1726f,0f,0f,0f,1f],start_interpolation: 0,interpolation_duration: 1}
$data merge entity $(weist) {transformation: [-1.0625f,0.1568f,-1.2159f,0f,0.4465f,1.548f,-0.1906f,4.2132f,1.1418f,-0.4595f,-1.057f,0.136f,0f,0f,0f,1f],start_interpolation: 0,interpolation_duration: 1}
data modify storage animated_java:temp entry.data merge value {"locators":{"consume":{"px":-2.9731100078,"py":3.5018532623,"pz":1.87467016,"ry":297.3177629674,"rx":-46.0436650865}}}
# Data Manager: Prepare for Read / Write
execute store result storage animated_java:temp args.id int 1 run scoreboard players get @s aj.id
# Data Manager: Write
function animated_java:global/data_manager/write with storage animated_java:temp args
execute unless entity @s[tag=aj.transforms_only] at @s run function animated_java:female/animations/ghost_kick_walk/zzz/frames/8_root_function