# This file was generated by Animated Java via MC-Build. It is not recommended to edit this file directly.
$data merge entity $(neck) {transformation: [-0.9965f,-0.0018f,-0.0831f,0.013f,-0.0287f,0.946f,0.3229f,6.0606f,0.078f,0.3242f,-0.9428f,-0.1491f,0f,0f,0f,1f],start_interpolation: 0,interpolation_duration: 1}
$data merge entity $(right_thumb_2) {transformation: [-0.7678f,-0.1415f,-0.6248f,-2.3273f,0.5261f,0.4174f,-0.741f,4.1498f,0.3657f,-0.8976f,-0.246f,2.0011f,0f,0f,0f,1f],start_interpolation: 0,interpolation_duration: 1}
$data merge entity $(right_thumb) {transformation: [-0.7678f,-0.494f,-0.408f,-2.5943f,0.5261f,-0.1226f,-0.8416f,4.2003f,0.3657f,-0.8608f,0.354f,1.7734f,0f,0f,0f,1f],start_interpolation: 0,interpolation_duration: 1}
$data merge entity $(right_fingers2) {transformation: [-0.6734f,-0.2148f,-0.7074f,-2.7872f,0.6233f,0.3494f,-0.6995f,4.156f,0.3974f,-0.912f,-0.1014f,2.6295f,0f,0f,0f,1f],start_interpolation: 0,interpolation_duration: 1}
$data merge entity $(right_fingers) {transformation: [-0.7028f,0.0755f,-0.7074f,-2.7906f,0.7114f,0.0679f,-0.6995f,4.1902f,-0.0048f,-0.9948f,-0.1014f,2.3451f,0f,0f,0f,1f],start_interpolation: 0,interpolation_duration: 1}
$data merge entity $(scout) {transformation: [0f,0f,0f,-2.7377f,0f,0f,0f,3.9916f,0f,0f,0f,2.2947f,0f,0f,0f,1f],start_interpolation: 0,interpolation_duration: 1}
$data merge entity $(right_hand) {transformation: [-0.7009f,0.0917f,-0.7074f,-2.7621f,0.7127f,0.0514f,-0.6995f,4.1873f,-0.0278f,-0.9945f,-0.1014f,1.73f,0f,0f,0f,1f],start_interpolation: 0,interpolation_duration: 1}
$data merge entity $(right_forearm) {transformation: [-0.8426f,0.4272f,-1.0023f,-2.1202f,1.0895f,0.3206f,-0.7793f,4.5965f,-0.0084f,-1.2696f,-0.5341f,-0.201f,0f,0f,0f,1f],start_interpolation: 0,interpolation_duration: 1}
$data merge entity $(right_shoulder) {transformation: [-1.1892f,0.8319f,0.2089f,-0.8729f,0.8559f,1.1274f,0.3825f,5.7863f,0.0564f,0.4321f,-1.4f,0.3595f,0f,0f,0f,1f],start_interpolation: 0,interpolation_duration: 1}
$data merge entity $(right_arm) {transformation: [-0.9189f,-0.0572f,-0.3904f,-0.3746f,0.0282f,0.9774f,-0.2097f,6.0517f,0.3935f,-0.2037f,-0.8965f,0.071f,0f,0f,0f,1f],start_interpolation: 0,interpolation_duration: 1}
$data merge entity $(left_thumb_2) {transformation: [-0.5266f,-0.6434f,0.5556f,2.9395f,-0.8501f,0.4024f,-0.3397f,3.4806f,-0.0051f,-0.6512f,-0.7589f,0.7761f,0f,0f,0f,1f],start_interpolation: 0,interpolation_duration: 1}
$data merge entity $(left_thumb) {transformation: [-0.5266f,-0.1287f,0.8403f,2.9643f,-0.8501f,0.0856f,-0.5196f,3.6416f,-0.0051f,-0.988f,-0.1545f,0.4612f,0f,0f,0f,1f],start_interpolation: 0,interpolation_duration: 1}
$data merge entity $(left_fingers2) {transformation: [-0.7815f,-0.4429f,0.4395f,3.6982f,-0.6188f,0.4604f,-0.6365f,3.5493f,0.0796f,-0.7694f,-0.6338f,0.9355f,0f,0f,0f,1f],start_interpolation: 0,interpolation_duration: 1}
$data merge entity $(left_fingers) {transformation: [-0.5003f,-0.746f,0.4395f,3.503f,-0.7595f,0.1344f,-0.6365f,3.6044f,0.4158f,-0.6522f,-0.6338f,0.7333f,0f,0f,0f,1f],start_interpolation: 0,interpolation_duration: 1}
$data merge entity $(left_hand) {transformation: [-0.483f,-0.7573f,0.4395f,3.0548f,-0.7624f,0.1168f,-0.6365f,3.6442f,0.4307f,-0.6425f,-0.6338f,0.3128f,0f,0f,0f,1f],start_interpolation: 0,interpolation_duration: 1}
$data merge entity $(left_forearm) {transformation: [-0.9916f,-0.8686f,0.3993f,1.7201f,-0.8035f,0.4456f,-1.0262f,4.2445f,0.5179f,-0.9717f,-0.8275f,-1.1591f,0f,0f,0f,1f],start_interpolation: 0,interpolation_duration: 1}
$data merge entity $(left_shoulder) {transformation: [-1.06f,-0.4583f,-0.9035f,0.9768f,-0.6277f,1.3235f,0.0652f,5.7294f,0.7951f,0.4339f,-1.153f,-0.4327f,0f,0f,0f,1f],start_interpolation: 0,interpolation_duration: 1}
$data merge entity $(left_arm) {transformation: [-0.9189f,-0.0572f,-0.3904f,0.4387f,0.0282f,0.9774f,-0.2097f,6.0267f,0.3935f,-0.2037f,-0.8965f,-0.2773f,0f,0f,0f,1f],start_interpolation: 0,interpolation_duration: 1}
$data merge entity $(chest) {transformation: [-1.1748f,-0.0732f,-0.4991f,0.1219f,0.0361f,1.2496f,-0.2681f,4.2668f,0.5031f,-0.2605f,-1.1462f,0.2337f,0f,0f,0f,1f],start_interpolation: 0,interpolation_duration: 1}
$data merge entity $(left_cheek) {transformation: [-0.6562f,-0.1669f,-0.7359f,-0.1082f,-0.1348f,0.9855f,-0.1033f,3.48f,0.7424f,0.0313f,-0.6692f,-0.3254f,0f,0f,0f,1f],start_interpolation: 0,interpolation_duration: 1}
$data merge entity $(left_foot) {transformation: [-0.7906f,0.4757f,-0.4404f,0.1392f,-0.3572f,0.26f,0.922f,-2.986f,0.541f,0.8668f,-0.0348f,-3.4002f,0f,0f,0f,1f],start_interpolation: 0,interpolation_duration: 1}
$data merge entity $(left_knee) {transformation: [-2.5724f,0.6361f,-1.4935f,1.0324f,-0.7942f,1.9475f,2.1975f,-0.178f,1.4157f,2.2483f,-1.4808f,-0.3897f,0f,0f,0f,1f],start_interpolation: 0,interpolation_duration: 1}
$data merge entity $(left_leg) {transformation: [-1.4585f,-0.3674f,-0.8301f,0.4075f,-0.4349f,1.6618f,0.0287f,2.4654f,0.7968f,0.2345f,-1.5038f,0.0631f,0f,0f,0f,1f],start_interpolation: 0,interpolation_duration: 1}
$data merge entity $(right_cheek) {transformation: [-0.656f,0.3144f,-0.6861f,-0.6547f,0.5002f,0.8619f,-0.0832f,3.6435f,0.5652f,-0.3978f,-0.7227f,0.2131f,0f,0f,0f,1f],start_interpolation: 0,interpolation_duration: 1}
$data merge entity $(right_foot) {transformation: [-1.019f,0.0488f,-0.0672f,-1.047f,-0.0165f,0.6922f,0.7522f,-2.3212f,0.0814f,0.7508f,-0.6891f,1.2257f,0f,0f,0f,1f],start_interpolation: 0,interpolation_duration: 1}
$data merge entity $(right_knee) {transformation: [-2.9565f,0.5998f,-0.3893f,-0.3177f,0.2985f,2.54f,1.6467f,1.2701f,0.6498f,1.5623f,-2.5276f,3.3033f,0f,0f,0f,1f],start_interpolation: 0,interpolation_duration: 1}
$data merge entity $(right_leg) {transformation: [-1.6741f,-0.1977f,-0.3313f,-0.5549f,0.1737f,0.931f,-1.4333f,2.7964f,0.3444f,-1.4302f,-0.8872f,1.0236f,0f,0f,0f,1f],start_interpolation: 0,interpolation_duration: 1}
$data merge entity $(weist) {transformation: [-1.1157f,0.1556f,-1.1675f,0f,0.3837f,1.5684f,-0.1577f,4.2153f,1.1135f,-0.3846f,-1.1154f,0.0712f,0f,0f,0f,1f],start_interpolation: 0,interpolation_duration: 1}
data modify storage animated_java:temp entry.data merge value {"locators":{"consume":{"px":-2.6901238475,"py":3.9750371115,"pz":2.456911622,"ry":278.1594261543,"rx":-44.3905675823}}}
# Data Manager: Prepare for Read / Write
execute store result storage animated_java:temp args.id int 1 run scoreboard players get @s aj.id
# Data Manager: Write
function animated_java:global/data_manager/write with storage animated_java:temp args