# This file was generated by Animated Java via MC-Build. It is not recommended to edit this file directly.
$data merge entity $(neck) {transformation: [-0.9819f,-0.1011f,0.1603f,0.0969f,0.0116f,0.8122f,0.5832f,6.3372f,-0.1892f,0.5745f,-0.7963f,-0.4682f,0f,0f,0f,1f],start_interpolation: 0,interpolation_duration: 1}
$data merge entity $(right_thumb_2) {transformation: [-0.7042f,-0.6803f,-0.2034f,-1.2077f,0.6082f,-0.4301f,-0.6672f,6.3294f,0.3664f,-0.5936f,0.7165f,1.5085f,0f,0f,0f,1f],start_interpolation: 0,interpolation_duration: 1}
$data merge entity $(right_thumb) {transformation: [-0.7042f,-0.683f,0.194f,-1.5346f,0.6082f,-0.7212f,-0.3317f,6.1922f,0.3664f,-0.1156f,0.9232f,1.5126f,0f,0f,0f,1f],start_interpolation: 0,interpolation_duration: 1}
$data merge entity $(right_fingers2) {transformation: [0.9853f,-0.0925f,-0.1433f,-0.9422f,-0.0182f,0.7786f,-0.6272f,6.4226f,0.1696f,0.6206f,0.7655f,1.9175f,0f,0f,0f,1f],start_interpolation: 0,interpolation_duration: 1}
$data merge entity $(right_fingers) {transformation: [0.123f,-0.982f,-0.1433f,-1.2197f,0.7562f,0.1863f,-0.6272f,6.4925f,0.6426f,-0.0312f,0.7655f,1.9324f,0f,0f,0f,1f],start_interpolation: 0,interpolation_duration: 1}
$data merge entity $(scout) {transformation: [0f,0f,0f,-1.1413f,0f,0f,0f,6.296f,0f,0f,0f,1.9254f,0f,0f,0f,1f],start_interpolation: 0,interpolation_duration: 1}
$data merge entity $(right_hand) {transformation: [-0.7042f,-0.6954f,-0.1433f,-1.6496f,0.6082f,-0.4866f,-0.6272f,6.1628f,0.3664f,-0.5289f,0.7655f,1.6396f,0f,0f,0f,1f],start_interpolation: 0,interpolation_duration: 1}
$data merge entity $(right_forearm) {transformation: [-1.3152f,-0.3963f,-0.1019f,-2.1954f,0.2952f,-0.6815f,-1.16f,5.0821f,0.2834f,-1.1294f,0.7357f,-0.0464f,0f,0f,0f,1f],start_interpolation: 0,interpolation_duration: 1}
$data merge entity $(right_shoulder) {transformation: [-1.1152f,0.8966f,-0.32f,-0.8672f,0.9347f,0.9379f,-0.6297f,6.0574f,-0.1803f,-0.6829f,-1.2849f,-0.8012f,0f,0f,0f,1f],start_interpolation: 0,interpolation_duration: 1}
$data merge entity $(right_arm) {transformation: [-0.9819f,-0.1011f,0.1603f,-0.3415f,0.0116f,0.8122f,0.5832f,6.2911f,-0.1892f,0.5745f,-0.7963f,-0.5349f,0f,0f,0f,1f],start_interpolation: 0,interpolation_duration: 1}
$data merge entity $(left_thumb_2) {transformation: [-0.4702f,0.7305f,0.4953f,1.3647f,-0.7812f,-0.0834f,-0.6187f,5.7718f,-0.4106f,-0.6778f,0.6099f,1.9065f,0f,0f,0f,1f],start_interpolation: 0,interpolation_duration: 1}
$data merge entity $(left_thumb) {transformation: [-0.4702f,0.8822f,0.0252f,1.7179f,-0.7812f,-0.4027f,-0.477f,5.7648f,-0.4106f,-0.244f,0.8786f,1.8765f,0f,0f,0f,1f],start_interpolation: 0,interpolation_duration: 1}
$data merge entity $(left_fingers2) {transformation: [0.8928f,-0.1353f,0.4297f,1.123f,0.3972f,0.6865f,-0.609f,5.7163f,-0.2126f,0.7144f,0.6666f,2.3366f,0f,0f,0f,1f],start_interpolation: 0,interpolation_duration: 1}
$data merge entity $(left_fingers) {transformation: [0.3253f,0.8423f,0.4297f,1.357f,-0.5843f,0.5364f,-0.609f,5.8812f,-0.7435f,-0.0529f,0.6666f,2.3474f,0f,0f,0f,1f],start_interpolation: 0,interpolation_duration: 1}
$data merge entity $(left_hand) {transformation: [-0.4702f,0.7709f,0.4297f,1.8471f,-0.7812f,-0.137f,-0.609f,5.7662f,-0.4106f,-0.6221f,0.6666f,1.9927f,0f,0f,0f,1f],start_interpolation: 0,interpolation_duration: 1}
$data merge entity $(left_forearm) {transformation: [-1.1421f,0.5068f,0.5795f,2.5839f,-0.7256f,-0.3624f,-1.1132f,5.1498f,-0.2571f,-1.2284f,0.5675f,0.1527f,0f,0f,0f,1f],start_interpolation: 0,interpolation_duration: 1}
$data merge entity $(left_shoulder) {transformation: [-0.9789f,-1.0388f,0.3352f,1.1092f,-1.0884f,0.8946f,-0.4062f,6.0342f,0.0833f,-0.52f,-1.3684f,-0.4204f,0f,0f,0f,1f],start_interpolation: 0,interpolation_duration: 1}
$data merge entity $(left_arm) {transformation: [-0.9819f,-0.1011f,0.1603f,0.5276f,0.0116f,0.8122f,0.5832f,6.2809f,-0.1892f,0.5745f,-0.7963f,-0.3674f,0f,0f,0f,1f],start_interpolation: 0,interpolation_duration: 1}
$data merge entity $(chest) {transformation: [-1.2554f,-0.1293f,0.2049f,0.2813f,0.0148f,1.0385f,0.7457f,4.8393f,-0.2419f,0.7345f,-1.0181f,-1.5163f,0f,0f,0f,1f],start_interpolation: 0,interpolation_duration: 1}
$data merge entity $(left_cheek) {transformation: [-0.793f,-0.0091f,0.6092f,1.0596f,-0.447f,0.6882f,-0.5715f,3.622f,-0.414f,-0.7255f,-0.5498f,-2.0698f,0f,0f,0f,1f],start_interpolation: 0,interpolation_duration: 1}
$data merge entity $(left_foot) {transformation: [-1.0139f,0.0517f,-0.1205f,1.9656f,0.0514f,1.0211f,0.0055f,-2.6838f,0.1207f,-0.0006f,-1.0152f,0.9361f,0f,0f,0f,1f],start_interpolation: 0,interpolation_duration: 1}
$data merge entity $(left_knee) {transformation: [-3.004f,-0.4304f,-0.2067f,1.4477f,-0.4476f,2.9969f,0.265f,1.4877f,0.1661f,0.2921f,-3.0231f,1.2119f,0f,0f,0f,1f],start_interpolation: 0,interpolation_duration: 1}
$data merge entity $(left_leg) {transformation: [-1.6967f,-0.2211f,0.1545f,1.0184f,-0.2528f,0.9616f,-1.401f,3.0587f,0.0938f,-1.4064f,-0.9822f,-1.0085f,0f,0f,0f,1f],start_interpolation: 0,interpolation_duration: 1}
$data merge entity $(right_cheek) {transformation: [-0.7426f,0.5616f,0.3648f,0.6564f,0.4434f,0.8206f,-0.3606f,3.6909f,-0.5019f,-0.1061f,-0.8584f,-2.1722f,0f,0f,0f,1f],start_interpolation: 0,interpolation_duration: 1}
$data merge entity $(right_foot) {transformation: [-0.5726f,-0.009f,0.8469f,-0.7685f,0.104f,1.0138f,0.0811f,-2.6163f,-0.8406f,0.1316f,-0.5669f,-4.2115f,0f,0f,0f,1f],start_interpolation: 0,interpolation_duration: 1}
$data merge entity $(right_knee) {transformation: [-1.9684f,-0.6672f,2.2209f,-1.6576f,1.1203f,2.277f,1.677f,0.6359f,-2.0304f,1.9032f,-1.2278f,-1.6859f,0f,0f,0f,1f],start_interpolation: 0,interpolation_duration: 1}
$data merge entity $(right_leg) {transformation: [-1.1117f,0.9367f,0.9154f,-0.1375f,0.6328f,1.4354f,-0.7004f,2.9297f,-1.1468f,-0.1161f,-1.2739f,-1.7868f,0f,0f,0f,1f],start_interpolation: 0,interpolation_duration: 1}
$data merge entity $(weist) {transformation: [-1.34f,-0.1394f,0.9038f,0.3641f,-0.1495f,1.6152f,0.0275f,4.6396f,-0.9022f,-0.0606f,-1.347f,-1.5569f,0f,0f,0f,1f],start_interpolation: 0,interpolation_duration: 1}
data modify storage animated_java:temp entry.data merge value {"locators":{"consume":{"px":-0.9910153,"py":6.3667072017,"pz":1.9611227228,"ry":190.6052719165,"rx":-38.8448487592}}}
# Data Manager: Prepare for Read / Write
execute store result storage animated_java:temp args.id int 1 run scoreboard players get @s aj.id
# Data Manager: Write
function animated_java:global/data_manager/write with storage animated_java:temp args
execute unless entity @s[tag=aj.transforms_only] at @s run function animated_java:female/animations/berserk_leap_l/zzz/frames/0_root_function