# This file was generated by Animated Java via MC-Build. It is not recommended to edit this file directly.
$data merge entity $(neck) {transformation: [-0.9905f,-0.0956f,0.0989f,0.0852f,-0.0106f,0.77f,0.638f,6.407f,-0.1371f,0.6309f,-0.7637f,-0.4848f,0f,0f,0f,1f],start_interpolation: 0,interpolation_duration: 1}
$data merge entity $(right_thumb_2) {transformation: [-0.7092f,-0.705f,0.006f,-0.9864f,0.498f,-0.5069f,-0.7036f,6.1995f,0.4991f,-0.496f,0.7106f,1.4794f,0f,0f,0f,1f],start_interpolation: 0,interpolation_duration: 1}
$data merge entity $(right_thumb) {transformation: [-0.7092f,-0.5914f,0.3839f,-1.2872f,0.498f,-0.8056f,-0.3211f,6.0187f,0.4991f,-0.0365f,0.8658f,1.5295f,0f,0f,0f,1f],start_interpolation: 0,interpolation_duration: 1}
$data merge entity $(right_fingers2) {transformation: [0.9935f,-0.0921f,0.0674f,-0.6725f,0.1137f,0.7455f,-0.6568f,6.3197f,0.0103f,0.6601f,0.7511f,1.8448f,0f,0f,0f,1f],start_interpolation: 0,interpolation_duration: 1}
$data merge entity $(right_fingers) {transformation: [0.1251f,-0.9899f,0.0674f,-0.9505f,0.7524f,0.0504f,-0.6568f,6.3505f,0.6467f,0.1329f,0.7511f,1.9064f,0f,0f,0f,1f],start_interpolation: 0,interpolation_duration: 1}
$data merge entity $(scout) {transformation: [0f,0f,0f,-0.8491f,0f,0f,0f,6.1668f,0f,0f,0f,1.8787f,0f,0f,0f,1f],start_interpolation: 0,interpolation_duration: 1}
$data merge entity $(right_hand) {transformation: [-0.7092f,-0.7018f,0.0674f,-1.3751f,0.498f,-0.5663f,-0.6568f,5.9711f,0.4991f,-0.4322f,0.7511f,1.6717f,0f,0f,0f,1f],start_interpolation: 0,interpolation_duration: 1}
$data merge entity $(right_forearm) {transformation: [-1.3082f,-0.3765f,0.2094f,-1.88f,0.0225f,-0.7284f,-1.1688f,4.8308f,0.4302f,-1.1067f,0.698f,0.0125f,0f,0f,0f,1f],start_interpolation: 0,interpolation_duration: 1}
$data merge entity $(right_shoulder) {transformation: [-1.331f,0.5776f,-0.2112f,-0.9007f,0.608f,1.16f,-0.6591f,6.1438f,-0.0926f,-0.6859f,-1.2926f,-0.7636f,0f,0f,0f,1f],start_interpolation: 0,interpolation_duration: 1}
$data merge entity $(right_arm) {transformation: [-0.9933f,-0.0595f,0.099f,-0.3569f,0.0174f,0.7702f,0.6376f,6.3624f,-0.1142f,0.635f,-0.764f,-0.5217f,0f,0f,0f,1f],start_interpolation: 0,interpolation_duration: 1}
$data merge entity $(left_thumb_2) {transformation: [-0.593f,0.5694f,0.5693f,1.3392f,-0.6553f,0.0696f,-0.7522f,5.5004f,-0.4679f,-0.8191f,0.3319f,1.7011f,0f,0f,0f,1f],start_interpolation: 0,interpolation_duration: 1}
$data merge entity $(left_thumb) {transformation: [-0.593f,0.8046f,0.0312f,1.6855f,-0.6553f,-0.4597f,-0.5994f,5.4581f,-0.4679f,-0.3759f,0.7999f,1.6383f,0f,0f,0f,1f],start_interpolation: 0,interpolation_duration: 1}
$data merge entity $(left_fingers2) {transformation: [0.8855f,-0.346f,0.3101f,1.1069f,0.4506f,0.477f,-0.7546f,5.4486f,0.1132f,0.8079f,0.5783f,2.0755f,0f,0f,0f,1f],start_interpolation: 0,interpolation_duration: 1}
$data merge entity $(left_fingers) {transformation: [0.3236f,0.8939f,0.3101f,1.3547f,-0.4882f,0.4385f,-0.7546f,5.5818f,-0.8105f,0.0929f,0.5783f,2.1291f,0f,0f,0f,1f],start_interpolation: 0,interpolation_duration: 1}
$data merge entity $(left_hand) {transformation: [-0.6103f,0.729f,0.3101f,1.8131f,-0.6244f,-0.2018f,-0.7546f,5.4214f,-0.4875f,-0.6541f,0.5783f,1.7504f,0f,0f,0f,1f],start_interpolation: 0,interpolation_duration: 1}
$data merge entity $(left_forearm) {transformation: [-1.2618f,0.4275f,0.3498f,2.4171f,-0.4502f,-0.2906f,-1.2688f,4.9188f,-0.32f,-1.2767f,0.4059f,-0.1708f,0f,0f,0f,1f],start_interpolation: 0,interpolation_duration: 1}
$data merge entity $(left_shoulder) {transformation: [-1.1574f,-0.8856f,0.1611f,1.0988f,-0.8977f,1.1161f,-0.3137f,6.1087f,0.0669f,-0.3462f,-1.4232f,-0.5336f,0f,0f,0f,1f],start_interpolation: 0,interpolation_duration: 1}
$data merge entity $(left_arm) {transformation: [-0.9933f,-0.0595f,0.099f,0.5223f,0.0174f,0.7702f,0.6376f,6.347f,-0.1142f,0.635f,-0.764f,-0.4205f,0f,0f,0f,1f],start_interpolation: 0,interpolation_duration: 1}
$data merge entity $(chest) {transformation: [-1.27f,-0.0761f,0.1266f,0.1936f,0.0223f,0.9847f,0.8152f,4.9858f,-0.146f,0.8119f,-0.9768f,-1.6444f,0f,0f,0f,1f],start_interpolation: 0,interpolation_duration: 1}
$data merge entity $(left_cheek) {transformation: [-0.8433f,-0.1276f,0.522f,0.9362f,-0.4156f,0.7707f,-0.483f,3.857f,-0.3407f,-0.6243f,-0.703f,-2.2788f,0f,0f,0f,1f],start_interpolation: 0,interpolation_duration: 1}
$data merge entity $(left_foot) {transformation: [-1.0089f,0.027f,-0.163f,1.9405f,0.0229f,1.0218f,0.027f,-2.4339f,0.1637f,0.023f,-1.0089f,-0.3159f,0f,0f,0f,1f],start_interpolation: 0,interpolation_duration: 1}
$data merge entity $(left_knee) {transformation: [-2.9982f,-0.4099f,-0.3084f,1.4466f,-0.4847f,2.8622f,0.9082f,1.5785f,0.1678f,0.9443f,-2.8866f,0.8682f,0f,0f,0f,1f],start_interpolation: 0,interpolation_duration: 1}
$data merge entity $(left_leg) {transformation: [-1.6933f,-0.2363f,0.168f,0.9927f,-0.2741f,0.98f,-1.3842f,3.1776f,0.0946f,-1.3911f,-1.0036f,-1.3272f,0f,0f,0f,1f],start_interpolation: 0,interpolation_duration: 1}
$data merge entity $(right_cheek) {transformation: [-0.831f,0.4765f,0.2871f,0.4413f,0.4085f,0.873f,-0.2665f,3.9476f,-0.3776f,-0.1041f,-0.9201f,-2.4071f,0f,0f,0f,1f],start_interpolation: 0,interpolation_duration: 1}
$data merge entity $(right_foot) {transformation: [-0.6703f,0.0375f,0.771f,-0.6817f,0.1135f,1.0149f,0.0494f,-2.2577f,-0.7636f,0.1179f,-0.6696f,-4.7471f,0f,0f,0f,1f],start_interpolation: 0,interpolation_duration: 1}
$data merge entity $(right_knee) {transformation: [-2.276f,-0.6499f,1.9104f,-1.5684f,1.0785f,2.0421f,1.9796f,0.6805f,-1.7055f,2.1586f,-1.2976f,-1.8615f,0f,0f,0f,1f],start_interpolation: 0,interpolation_duration: 1}
$data merge entity $(right_leg) {transformation: [-1.2855f,0.8082f,0.8036f,-0.2437f,0.6091f,1.511f,-0.5453f,3.0918f,-0.9633f,-0.1231f,-1.4172f,-1.9771f,0f,0f,0f,1f],start_interpolation: 0,interpolation_duration: 1}
$data merge entity $(weist) {transformation: [-1.4333f,-0.15f,0.7451f,0.2758f,-0.0996f,1.6138f,0.1334f,4.7863f,-0.7535f,0.0722f,-1.4349f,-1.6827f,0f,0f,0f,1f],start_interpolation: 0,interpolation_duration: 1}
data modify storage animated_java:temp entry.data merge value {"locators":{"consume":{"px":-0.7056840446,"py":6.256721859,"pz":1.8931421133,"ry":174.871858158,"rx":-41.0527986991}}}
# Data Manager: Prepare for Read / Write
execute store result storage animated_java:temp args.id int 1 run scoreboard players get @s aj.id
# Data Manager: Write
function animated_java:global/data_manager/write with storage animated_java:temp args