# This file was generated by Animated Java via MC-Build. It is not recommended to edit this file directly.
$data merge entity $(neck) {transformation: [-0.7962f,-0.251f,0.5505f,0.2997f,0.0327f,0.8907f,0.4534f,6.2879f,-0.6041f,0.379f,-0.701f,-0.2167f,0f,0f,0f,1f],start_interpolation: 0,interpolation_duration: 1}
$data merge entity $(right_thumb_2) {transformation: [-0.82f,-0.1404f,-0.5549f,-1.3791f,0.5356f,-0.5303f,-0.6572f,5.5554f,-0.202f,-0.8361f,0.51f,0.4439f,0f,0f,0f,1f],start_interpolation: 0,interpolation_duration: 1}
$data merge entity $(right_thumb) {transformation: [-0.82f,-0.4166f,-0.3926f,-1.6291f,0.5356f,-0.8003f,-0.2694f,5.3811f,-0.202f,-0.4311f,0.8794f,0.2628f,0f,0f,0f,1f],start_interpolation: 0,interpolation_duration: 1}
$data merge entity $(right_fingers2) {transformation: [0.6713f,-0.5071f,-0.5406f,-1.4282f,0.1043f,0.7867f,-0.6085f,5.6954f,0.7338f,0.3521f,0.581f,0.9176f,0f,0f,0f,1f],start_interpolation: 0,interpolation_duration: 1}
$data merge entity $(right_fingers) {transformation: [-0.3498f,-0.7651f,-0.5406f,-1.6601f,0.7906f,0.0685f,-0.6085f,5.7328f,0.5026f,-0.6402f,0.581f,0.7536f,0f,0f,0f,1f],start_interpolation: 0,interpolation_duration: 1}
$data merge entity $(scout) {transformation: [0f,0f,0f,-1.5808f,0f,0f,0f,5.5467f,0f,0f,0f,0.816f,0f,0f,0f,1f],start_interpolation: 0,interpolation_duration: 1}
$data merge entity $(right_hand) {transformation: [-0.82f,-0.1883f,-0.5406f,-1.7955f,0.5356f,-0.5855f,-0.6085f,5.3435f,-0.202f,-0.7885f,0.581f,0.296f,0f,0f,0f,1f],start_interpolation: 0,interpolation_duration: 1}
$data merge entity $(right_forearm) {transformation: [-1.3071f,0.4334f,-0.0271f,-1.0895f,-0.213f,-0.7146f,-1.1581f,4.2341f,-0.3784f,-1.0948f,0.7452f,-1.3099f,0f,0f,0f,1f],start_interpolation: 0,interpolation_duration: 1}
$data merge entity $(right_shoulder) {transformation: [-1.1122f,0.3367f,0.8941f,-0.4835f,0.3772f,1.4154f,-0.0639f,5.8858f,-0.8778f,0.1816f,-1.1603f,-0.8742f,0f,0f,0f,1f],start_interpolation: 0,interpolation_duration: 1}
$data merge entity $(right_arm) {transformation: [-0.7048f,-0.3726f,0.6036f,-0.0272f,-0.0598f,0.8792f,0.4728f,6.213f,-0.7068f,0.2971f,-0.642f,-0.5105f,0f,0f,0f,1f],start_interpolation: 0,interpolation_duration: 1}
$data merge entity $(left_thumb_2) {transformation: [-0.2316f,0.8639f,0.4472f,-0.2947f,-0.0936f,0.4378f,-0.8942f,7.3344f,-0.9683f,-0.2489f,-0.0205f,3.2508f,0f,0f,0f,1f],start_interpolation: 0,interpolation_duration: 1}
$data merge entity $(left_thumb) {transformation: [-0.2316f,0.717f,-0.6575f,-0.0205f,-0.0936f,-0.6892f,-0.7185f,7.1367f,-0.9683f,-0.1048f,0.2267f,3.3575f,0f,0f,0f,1f],start_interpolation: 0,interpolation_duration: 1}
$data merge entity $(left_fingers2) {transformation: [-0.2216f,-0.79f,-0.5716f,-0.5873f,0.231f,0.5269f,-0.8179f,7.429f,0.9474f,-0.3133f,0.0657f,3.292f,0f,0f,0f,1f],start_interpolation: 0,interpolation_duration: 1}
$data merge entity $(left_fingers) {transformation: [0.7576f,0.3151f,-0.5716f,-0.5231f,-0.5568f,-0.1448f,-0.8179f,7.3974f,-0.3405f,0.938f,0.0657f,3.5694f,0f,0f,0f,1f],start_interpolation: 0,interpolation_duration: 1}
$data merge entity $(left_hand) {transformation: [-0.1677f,0.8032f,-0.5716f,-0.0558f,0.038f,-0.5741f,-0.8179f,7.0089f,-0.9851f,-0.1589f,0.0657f,3.4698f,0f,0f,0f,1f],start_interpolation: 0,interpolation_duration: 1}
$data merge entity $(left_forearm) {transformation: [-0.9309f,0.9757f,0.2803f,1.385f,-0.9033f,-0.6227f,-0.8327f,6.0032f,-0.4631f,-0.7466f,1.0608f,2.3648f,0f,0f,0f,1f],start_interpolation: 0,interpolation_duration: 1}
$data merge entity $(left_shoulder) {transformation: [-1.141f,-0.1163f,0.9134f,0.9838f,-0.9208f,0.1282f,-1.1338f,6.0104f,0.0101f,-1.456f,-0.1728f,0.5972f,0f,0f,0f,1f],start_interpolation: 0,interpolation_duration: 1}
$data merge entity $(left_arm) {transformation: [-0.7048f,-0.3726f,0.6036f,0.5967f,-0.0598f,0.8792f,0.4728f,6.266f,-0.7068f,0.2971f,-0.642f,0.1151f,0f,0f,0f,1f],start_interpolation: 0,interpolation_duration: 1}
$data merge entity $(chest) {transformation: [-0.9012f,-0.4764f,0.7718f,0.9786f,-0.0765f,1.124f,0.6045f,4.6681f,-0.9037f,0.3799f,-0.8208f,-0.7565f,0f,0f,0f,1f],start_interpolation: 0,interpolation_duration: 1}
$data merge entity $(left_cheek) {transformation: [-0.8056f,-0.0181f,0.5921f,1.7751f,-0.1856f,0.9569f,-0.2232f,3.5987f,-0.5626f,-0.2897f,-0.7743f,-1.3624f,0f,0f,0f,1f],start_interpolation: 0,interpolation_duration: 1}
$data merge entity $(left_foot) {transformation: [-1.0201f,-0.0644f,-0.0223f,2.7543f,-0.0624f,1.017f,-0.0838f,-3.0248f,0.0274f,-0.0823f,-1.0187f,1.1593f,0f,0f,0f,1f],start_interpolation: 0,interpolation_duration: 1}
$data merge entity $(left_knee) {transformation: [-2.9922f,-0.5468f,-0.0081f,2.0831f,-0.5436f,2.9691f,0.3754f,1.1154f,-0.0596f,0.3708f,-3.0185f,1.5506f,0f,0f,0f,1f],start_interpolation: 0,interpolation_duration: 1}
$data merge entity $(left_leg) {transformation: [-1.6544f,-0.1677f,0.4316f,1.733f,-0.4464f,1.0033f,-1.3212f,2.743f,-0.1231f,-1.3844f,-1.0098f,-0.6428f,0f,0f,0f,1f],start_interpolation: 0,interpolation_duration: 1}
$data merge entity $(right_cheek) {transformation: [-0.8845f,0.3797f,0.2711f,1.0888f,0.373f,0.9246f,-0.0778f,3.7702f,-0.2802f,0.0323f,-0.9594f,-1.7249f,0f,0f,0f,1f],start_interpolation: 0,interpolation_duration: 1}
$data merge entity $(right_foot) {transformation: [-0.9125f,-0.1636f,0.431f,0.0484f,0.0815f,0.8836f,0.5079f,-2.0777f,-0.4538f,0.4877f,-0.7756f,-5.5652f,0f,0f,0f,1f],start_interpolation: 0,interpolation_duration: 1}
$data merge entity $(right_knee) {transformation: [-2.8708f,-0.0941f,1.0008f,-0.1233f,0.8201f,1.532f,2.4965f,0.1683f,-0.5813f,2.6261f,-1.4206f,-2.0055f,0f,0f,0f,1f],start_interpolation: 0,interpolation_duration: 1}
$data merge entity $(right_leg) {transformation: [-1.6214f,0.4041f,0.3988f,0.5798f,0.4632f,1.6394f,0.2221f,2.7689f,-0.3283f,0.3171f,-1.6562f,-1.4353f,0f,0f,0f,1f],start_interpolation: 0,interpolation_duration: 1}
$data merge entity $(weist) {transformation: [-1.3368f,-0.1172f,0.9117f,1.1033f,0.03f,1.6027f,0.25f,4.4047f,-0.9187f,0.2228f,-1.3185f,-0.9079f,0f,0f,0f,1f],start_interpolation: 0,interpolation_duration: 1}
data modify storage animated_java:temp entry.data merge value {"locators":{"consume":{"px":-1.4895437656,"py":5.6359386219,"pz":0.9281425456,"ry":222.9386251089,"rx":-37.4805725529}}}
# Data Manager: Prepare for Read / Write
execute store result storage animated_java:temp args.id int 1 run scoreboard players get @s aj.id
# Data Manager: Write
function animated_java:global/data_manager/write with storage animated_java:temp args