# This file was generated by Animated Java via MC-Build. It is not recommended to edit this file directly.
$data merge entity $(neck) {transformation: [-0.6981f,-0.3256f,0.6377f,0.3488f,0.0557f,0.8632f,0.5018f,6.23f,-0.7138f,0.3858f,-0.5844f,-0.2186f,0f,0f,0f,1f],start_interpolation: 0,interpolation_duration: 1}
$data merge entity $(right_thumb_2) {transformation: [-0.9041f,0.2165f,-0.3683f,-1.5254f,0.1826f,-0.5837f,-0.7912f,5.4413f,-0.3863f,-0.7826f,0.4882f,-0.2922f,0f,0f,0f,1f],start_interpolation: 0,interpolation_duration: 1}
$data merge entity $(right_thumb) {transformation: [-0.9041f,-0.0153f,-0.427f,-1.6583f,0.1826f,-0.9174f,-0.3537f,5.1782f,-0.3863f,-0.3978f,0.8322f,-0.4891f,0f,0f,0f,1f],start_interpolation: 0,interpolation_duration: 1}
$data merge entity $(right_fingers2) {transformation: [0.4405f,-0.8106f,-0.3858f,-1.7086f,0.3809f,0.5579f,-0.7373f,5.5754f,0.8129f,0.1779f,0.5545f,0.1493f,0f,0f,0f,1f],start_interpolation: 0,interpolation_duration: 1}
$data merge entity $(right_fingers) {transformation: [-0.696f,-0.6055f,-0.3858f,-1.9036f,0.6271f,-0.2511f,-0.7373f,5.5162f,0.3496f,-0.7552f,0.5545f,-0.0519f,0f,0f,0f,1f],start_interpolation: 0,interpolation_duration: 1}
$data merge entity $(scout) {transformation: [0f,0f,0f,-1.7763f,0f,0f,0f,5.376f,0f,0f,0f,0.0426f,0f,0f,0f,1f],start_interpolation: 0,interpolation_duration: 1}
$data merge entity $(right_hand) {transformation: [-0.9041f,0.1836f,-0.3858f,-1.8034f,0.1826f,-0.6504f,-0.7373f,5.0832f,-0.3863f,-0.7371f,0.5545f,-0.4782f,0f,0f,0f,1f],start_interpolation: 0,interpolation_duration: 1}
$data merge entity $(right_forearm) {transformation: [-1.0645f,0.8644f,-0.1292f,-0.462f,-0.3455f,-0.6032f,-1.1891f,4.1459f,-0.8028f,-0.8866f,0.683f,-1.7551f,0f,0f,0f,1f],start_interpolation: 0,interpolation_duration: 1}
$data merge entity $(right_shoulder) {transformation: [-0.8592f,0.01f,1.1881f,-0.3149f,0.341f,1.4066f,0.2348f,5.7845f,-1.1381f,0.4139f,-0.8265f,-0.9945f,0f,0f,0f,1f],start_interpolation: 0,interpolation_duration: 1}
$data merge entity $(right_arm) {transformation: [-0.5532f,-0.469f,0.6885f,0.0883f,-0.0882f,0.8548f,0.5114f,6.1417f,-0.8284f,0.2222f,-0.5142f,-0.5695f,0f,0f,0f,1f],start_interpolation: 0,interpolation_duration: 1}
$data merge entity $(left_thumb_2) {transformation: [0.4844f,0.869f,0.1007f,-1.3708f,-0.408f,0.3262f,-0.8527f,7.4317f,-0.7739f,0.3719f,0.5126f,1.5721f,0f,0f,0f,1f],start_interpolation: 0,interpolation_duration: 1}
$data merge entity $(left_thumb) {transformation: [0.4844f,0.4256f,-0.7643f,-1.2949f,-0.408f,-0.6629f,-0.6277f,7.2878f,-0.7739f,0.6159f,-0.1475f,1.887f,0f,0f,0f,1f],start_interpolation: 0,interpolation_duration: 1}
$data merge entity $(left_fingers2) {transformation: [-0.733f,-0.3032f,-0.6089f,-1.597f,0.4828f,0.3986f,-0.7797f,7.5187f,0.4791f,-0.8656f,-0.1458f,1.3611f,0f,0f,0f,1f],start_interpolation: 0,interpolation_duration: 1}
$data merge entity $(left_fingers) {transformation: [0.6688f,-0.4266f,-0.6089f,-1.7419f,-0.6035f,0.1669f,-0.7797f,7.5775f,0.4342f,0.8889f,-0.1458f,1.6011f,0f,0f,0f,1f],start_interpolation: 0,interpolation_duration: 1}
$data merge entity $(left_hand) {transformation: [0.5612f,0.5606f,-0.6089f,-1.4217f,-0.2935f,-0.553f,-0.7797f,7.2019f,-0.7739f,0.6163f,-0.1458f,1.9693f,0f,0f,0f,1f],start_interpolation: 0,interpolation_duration: 1}
$data merge entity $(left_forearm) {transformation: [-0.4257f,1.1619f,-0.6049f,0.2884f,-1.0892f,-0.6673f,-0.5152f,6.1329f,-0.7277f,0.3191f,1.1251f,2.4606f,0f,0f,0f,1f],start_interpolation: 0,interpolation_duration: 1}
$data merge entity $(left_shoulder) {transformation: [-0.8498f,0.6246f,1.0186f,0.8458f,-1.1179f,0.0258f,-0.9485f,5.9696f,-0.422f,-1.3263f,0.4612f,0.7436f,0f,0f,0f,1f],start_interpolation: 0,interpolation_duration: 1}
$data merge entity $(left_arm) {transformation: [-0.5532f,-0.469f,0.6885f,0.578f,-0.0882f,0.8548f,0.5114f,6.2197f,-0.8284f,0.2222f,-0.5142f,0.1637f,0f,0f,0f,1f],start_interpolation: 0,interpolation_duration: 1}
$data merge entity $(chest) {transformation: [-0.7073f,-0.5997f,0.8803f,1.204f,-0.1128f,1.0929f,0.6539f,4.6547f,-1.0591f,0.2841f,-0.6574f,-0.622f,0f,0f,0f,1f],start_interpolation: 0,interpolation_duration: 1}
$data merge entity $(left_cheek) {transformation: [-0.7273f,0.0673f,0.683f,1.9681f,-0.1306f,0.9634f,-0.2341f,3.6815f,-0.6738f,-0.2595f,-0.6919f,-1.0107f,0f,0f,0f,1f],start_interpolation: 0,interpolation_duration: 1}
$data merge entity $(left_foot) {transformation: [-1.0184f,-0.0399f,-0.0806f,2.9703f,-0.0374f,1.0211f,-0.0333f,-3.4087f,0.0818f,-0.0302f,-1.0186f,0.9091f,0f,0f,0f,1f],start_interpolation: 0,interpolation_duration: 1}
$data merge entity $(left_knee) {transformation: [-2.9898f,-0.5273f,-0.1884f,2.3186f,-0.5529f,2.9415f,0.542f,0.7005f,0.0883f,0.567f,-2.9871f,1.5692f,0f,0f,0f,1f],start_interpolation: 0,interpolation_duration: 1}
$data merge entity $(left_leg) {transformation: [-1.6549f,-0.2797f,0.3668f,1.791f,-0.4524f,1.2504f,-1.0877f,2.7168f,-0.0899f,-1.1444f,-1.2782f,-0.2304f,0f,0f,0f,1f],start_interpolation: 0,interpolation_duration: 1}
$data merge entity $(right_cheek) {transformation: [-0.798f,0.435f,0.4171f,1.369f,0.3993f,0.9f,-0.1747f,3.7023f,-0.4514f,0.0272f,-0.8919f,-1.4678f,0f,0f,0f,1f],start_interpolation: 0,interpolation_duration: 1}
$data merge entity $(right_foot) {transformation: [-0.9058f,-0.0298f,0.4731f,-0.019f,0.0257f,1.0158f,0.1132f,-3.0737f,-0.4734f,0.1121f,-0.8992f,-4.4607f,0f,0f,0f,1f],start_interpolation: 0,interpolation_duration: 1}
$data merge entity $(right_knee) {transformation: [-2.7913f,0.0681f,1.2067f,0.0445f,0.8647f,2.2343f,1.8741f,0.1201f,-0.8444f,2.0629f,-2.0697f,-1.7146f,0f,0f,0f,1f],start_interpolation: 0,interpolation_duration: 1}
$data merge entity $(right_leg) {transformation: [-1.5765f,0.4213f,0.5371f,0.7693f,0.4884f,1.6405f,0.1467f,2.7237f,-0.4769f,0.2873f,-1.6252f,-1.1868f,0f,0f,0f,1f],start_interpolation: 0,interpolation_duration: 1}
$data merge entity $(weist) {transformation: [-1.1844f,-0.0379f,1.1081f,1.3219f,0.008f,1.6211f,0.064f,4.3743f,-1.1087f,0.0522f,-1.1832f,-0.7413f,0f,0f,0f,1f],start_interpolation: 0,interpolation_duration: 1}
data modify storage animated_java:temp entry.data merge value {"locators":{"consume":{"px":-1.7454550463,"py":5.4980188374,"pz":0.156798551,"ry":214.8287477173,"rx":-47.5046788423}}}
# Data Manager: Prepare for Read / Write
execute store result storage animated_java:temp args.id int 1 run scoreboard players get @s aj.id
# Data Manager: Write
function animated_java:global/data_manager/write with storage animated_java:temp args