# This file was generated by Animated Java via MC-Build. It is not recommended to edit this file directly.
$data merge entity $(neck) {transformation: [-0.7147f,-0.2985f,0.6325f,0.368f,0.0545f,0.8778f,0.4759f,6.2392f,-0.6973f,0.3747f,-0.6111f,-0.1912f,0f,0f,0f,1f],start_interpolation: 0,interpolation_duration: 1}
$data merge entity $(right_thumb_2) {transformation: [-0.9226f,0.1689f,-0.347f,-1.5999f,0.1695f,-0.6304f,-0.7576f,5.5685f,-0.3467f,-0.7577f,0.5529f,-0.1952f,0f,0f,0f,1f],start_interpolation: 0,interpolation_duration: 1}
$data merge entity $(right_thumb) {transformation: [-0.9226f,-0.044f,-0.3834f,-1.7455f,0.1695f,-0.9387f,-0.3002f,5.2959f,-0.3467f,-0.3419f,0.8734f,-0.369f,0f,0f,0f,1f],start_interpolation: 0,interpolation_duration: 1}
$data merge entity $(right_fingers2) {transformation: [0.4873f,-0.7954f,-0.3604f,-1.7577f,0.4227f,0.576f,-0.6997f,5.73f,0.7641f,0.1887f,0.6169f,0.247f,0f,0f,0f,1f],start_interpolation: 0,interpolation_duration: 1}
$data merge entity $(right_fingers) {transformation: [-0.6711f,-0.6479f,-0.3604f,-1.9639f,0.6538f,-0.288f,-0.6997f,5.6612f,0.3496f,-0.7052f,0.6169f,0.0604f,0f,0f,0f,1f],start_interpolation: 0,interpolation_duration: 1}
$data merge entity $(scout) {transformation: [0f,0f,0f,-1.8326f,0f,0f,0f,5.5255f,0f,0f,0f,0.1559f,0f,0f,0f,1f],start_interpolation: 0,interpolation_duration: 1}
$data merge entity $(right_hand) {transformation: [-0.9226f,0.138f,-0.3604f,-1.8904f,0.1695f,-0.694f,-0.6997f,5.2032f,-0.3467f,-0.7066f,0.6169f,-0.3446f,0f,0f,0f,1f],start_interpolation: 0,interpolation_duration: 1}
$data merge entity $(right_forearm) {transformation: [-1.1036f,0.807f,-0.167f,-0.6353f,-0.3145f,-0.6704f,-1.1613f,4.1644f,-0.7617f,-0.8924f,0.7215f,-1.6306f,0f,0f,0f,1f],start_interpolation: 0,interpolation_duration: 1}
$data merge entity $(right_shoulder) {transformation: [-0.8968f,0.1097f,1.1548f,-0.358f,0.3621f,1.4132f,0.147f,5.8096f,-1.1021f,0.3751f,-0.8914f,-0.9224f,0f,0f,0f,1f],start_interpolation: 0,interpolation_duration: 1}
$data merge entity $(right_arm) {transformation: [-0.6001f,-0.4268f,0.6766f,0.086f,-0.0754f,0.8722f,0.4833f,6.1572f,-0.7964f,0.239f,-0.5556f,-0.5267f,0f,0f,0f,1f],start_interpolation: 0,interpolation_duration: 1}
$data merge entity $(left_thumb_2) {transformation: [0.5614f,0.8252f,-0.0616f,-1.1916f,-0.4009f,0.2062f,-0.8926f,7.2025f,-0.7239f,0.5258f,0.4466f,1.5541f,0f,0f,0f,1f],start_interpolation: 0,interpolation_duration: 1}
$data merge entity $(left_thumb) {transformation: [0.5614f,0.3044f,-0.7695f,-1.1661f,-0.4009f,-0.7134f,-0.5747f,7.0405f,-0.7239f,0.6312f,-0.2784f,1.8684f,0f,0f,0f,1f],start_interpolation: 0,interpolation_duration: 1}
$data merge entity $(left_fingers2) {transformation: [-0.735f,-0.276f,-0.6193f,-1.4026f,0.4476f,0.4885f,-0.749f,7.3036f,0.5093f,-0.8278f,-0.2355f,1.3113f,0f,0f,0f,1f],start_interpolation: 0,interpolation_duration: 1}
$data merge entity $(left_fingers) {transformation: [0.6105f,-0.4938f,-0.6193f,-1.565f,-0.6479f,0.1383f,-0.749f,7.3558f,0.4555f,0.8585f,-0.2355f,1.5414f,0f,0f,0f,1f],start_interpolation: 0,interpolation_duration: 1}
$data merge entity $(left_hand) {transformation: [0.6341f,0.463f,-0.6193f,-1.3048f,-0.3002f,-0.5906f,-0.749f,6.9585f,-0.7126f,0.6609f,-0.2355f,1.9333f,0f,0f,0f,1f],start_interpolation: 0,interpolation_duration: 1}
$data merge entity $(left_forearm) {transformation: [-0.3489f,1.1149f,-0.7296f,0.3332f,-0.9753f,-0.7276f,-0.6454f,5.7987f,-0.9078f,0.3532f,0.9738f,2.4629f,0f,0f,0f,1f],start_interpolation: 0,interpolation_duration: 1}
$data merge entity $(left_shoulder) {transformation: [-0.7718f,0.6232f,1.0798f,0.9026f,-1.0834f,0.2931f,-0.9435f,5.968f,-0.6168f,-1.2945f,0.3062f,0.7505f,0f,0f,0f,1f],start_interpolation: 0,interpolation_duration: 1}
$data merge entity $(left_arm) {transformation: [-0.6001f,-0.4268f,0.6766f,0.6171f,-0.0754f,0.8722f,0.4833f,6.224f,-0.7964f,0.239f,-0.5556f,0.1782f,0f,0f,0f,1f],start_interpolation: 0,interpolation_duration: 1}
$data merge entity $(chest) {transformation: [-0.7672f,-0.5457f,0.865f,1.1458f,-0.0964f,1.1151f,0.618f,4.6321f,-1.0182f,0.3056f,-0.7103f,-0.6251f,0f,0f,0f,1f],start_interpolation: 0,interpolation_duration: 1}
$data merge entity $(left_cheek) {transformation: [-0.7333f,0.075f,0.6757f,1.9054f,-0.1436f,0.9544f,-0.2617f,3.6605f,-0.6646f,-0.289f,-0.6891f,-1.0185f,0f,0f,0f,1f],start_interpolation: 0,interpolation_duration: 1}
$data merge entity $(left_foot) {transformation: [-1.0159f,-0.019f,-0.1135f,2.8895f,-0.0196f,1.0222f,0.005f,-3.5095f,0.1134f,0.0071f,-1.016f,0.8181f,0f,0f,0f,1f],start_interpolation: 0,interpolation_duration: 1}
$data merge entity $(left_knee) {transformation: [-2.9902f,-0.4865f,-0.2727f,2.2909f,-0.5291f,2.9448f,0.5481f,0.6038f,0.1764f,0.5862f,-2.9795f,1.5025f,0f,0f,0f,1f],start_interpolation: 0,interpolation_duration: 1}
$data merge entity $(left_leg) {transformation: [-1.6615f,-0.3059f,0.3116f,1.7227f,-0.4341f,1.2901f,-1.0482f,2.6833f,-0.0474f,-1.0925f,-1.325f,-0.2109f,0f,0f,0f,1f],start_interpolation: 0,interpolation_duration: 1}
$data merge entity $(right_cheek) {transformation: [-0.7862f,0.4352f,0.4386f,1.2919f,0.3855f,0.9003f,-0.2023f,3.6604f,-0.4829f,0.0101f,-0.8756f,-1.4444f,0f,0f,0f,1f],start_interpolation: 0,interpolation_duration: 1}
$data merge entity $(right_foot) {transformation: [-0.8939f,-0.0031f,0.4961f,-0.1543f,0.0219f,1.0211f,0.0459f,-3.2486f,-0.4956f,0.0507f,-0.8928f,-4.1833f,0f,0f,0f,1f],start_interpolation: 0,interpolation_duration: 1}
$data merge entity $(right_knee) {transformation: [-2.7493f,0.0764f,1.2992f,-0.0744f,0.8842f,2.3377f,1.7336f,0.0832f,-0.955f,1.9446f,-2.1351f,-1.6067f,0f,0f,0f,1f],start_interpolation: 0,interpolation_duration: 1}
$data merge entity $(right_leg) {transformation: [-1.5528f,0.4439f,0.5859f,0.6841f,0.4994f,1.6419f,0.0796f,2.6904f,-0.5394f,0.2423f,-1.613f,-1.1489f,0f,0f,0f,1f],start_interpolation: 0,interpolation_duration: 1}
$data merge entity $(weist) {transformation: [-1.2039f,-0.0199f,1.0872f,1.2619f,0.0083f,1.6219f,0.0389f,4.3398f,-1.0874f,0.0344f,-1.2035f,-0.7321f,0f,0f,0f,1f],start_interpolation: 0,interpolation_duration: 1}
data modify storage animated_java:temp entry.data merge value {"locators":{"consume":{"px":-1.7946424141,"py":5.6535490535,"pz":0.2609193468,"ry":210.2924721302,"rx":-44.4053353581}}}
# Data Manager: Prepare for Read / Write
execute store result storage animated_java:temp args.id int 1 run scoreboard players get @s aj.id
# Data Manager: Write
function animated_java:global/data_manager/write with storage animated_java:temp args
execute unless entity @s[tag=aj.transforms_only] at @s run function animated_java:female/animations/berserk_leap_l/zzz/frames/12_root_function