# This file was generated by Animated Java via MC-Build. It is not recommended to edit this file directly.
$data merge entity $(neck) {transformation: [-0.7655f,-0.2419f,0.5962f,0.3568f,0.0501f,0.9014f,0.43f,6.2686f,-0.6415f,0.3591f,-0.6779f,-0.1713f,0f,0f,0f,1f],start_interpolation: 0,interpolation_duration: 1}
$data merge entity $(right_thumb_2) {transformation: [-0.9417f,0.0048f,-0.3363f,-1.6902f,0.2444f,-0.6773f,-0.6939f,5.8119f,-0.2311f,-0.7357f,0.6367f,0.1324f,0f,0f,0f,1f],start_interpolation: 0,interpolation_duration: 1}
$data merge entity $(right_thumb) {transformation: [-0.9417f,-0.1767f,-0.2862f,-1.8826f,0.2444f,-0.9441f,-0.2213f,5.5475f,-0.2311f,-0.2784f,0.9323f,-0.0045f,0f,0f,0f,1f],start_interpolation: 0,interpolation_duration: 1}
$data merge entity $(right_fingers2) {transformation: [0.6241f,-0.7056f,-0.3355f,-1.7704f,0.4061f,0.6598f,-0.6322f,6.0078f,0.6675f,0.2584f,0.6984f,0.5815f,0f,0f,0f,1f],start_interpolation: 0,interpolation_duration: 1}
$data merge entity $(right_fingers) {transformation: [-0.5538f,-0.7621f,-0.3355f,-2.0056f,0.7321f,-0.2537f,-0.6322f,5.9516f,0.3967f,-0.5957f,0.6984f,0.4281f,0f,0f,0f,1f],start_interpolation: 0,interpolation_duration: 1}
$data merge entity $(scout) {transformation: [0f,0f,0f,-1.8756f,0f,0f,0f,5.8079f,0f,0f,0f,0.5131f,0f,0f,0f,1f],start_interpolation: 0,interpolation_duration: 1}
$data merge entity $(right_hand) {transformation: [-0.9417f,-0.0246f,-0.3355f,-2.0308f,0.2444f,-0.7352f,-0.6322f,5.4708f,-0.2311f,-0.6774f,0.6984f,0.0441f,0f,0f,0f,1f],start_interpolation: 0,interpolation_duration: 1}
$data merge entity $(right_forearm) {transformation: [-1.2204f,0.6114f,-0.1842f,-1.066f,-0.2275f,-0.7875f,-1.1069f,4.254f,-0.5967f,-0.9503f,0.7987f,-1.3332f,0f,0f,0f,1f],start_interpolation: 0,interpolation_duration: 1}
$data merge entity $(right_shoulder) {transformation: [-1.0078f,0.3369f,1.0103f,-0.4846f,0.4165f,1.4048f,-0.053f,5.8846f,-0.9801f,0.2506f,-1.0613f,-0.796f,0f,0f,0f,1f],start_interpolation: 0,interpolation_duration: 1}
$data merge entity $(right_arm) {transformation: [-0.7031f,-0.3344f,0.6275f,0.0284f,-0.0394f,0.8995f,0.4352f,6.2038f,-0.71f,0.2813f,-0.6456f,-0.4659f,0f,0f,0f,1f],start_interpolation: 0,interpolation_duration: 1}
$data merge entity $(left_thumb_2) {transformation: [0.5326f,0.8293f,-0.1689f,-0.8732f,-0.3375f,0.0251f,-0.941f,6.8191f,-0.7762f,0.5582f,0.2933f,1.7868f,0f,0f,0f,1f],start_interpolation: 0,interpolation_duration: 1}
$data merge entity $(left_thumb) {transformation: [0.5326f,0.2739f,-0.8008f,-0.8527f,-0.3375f,-0.799f,-0.4977f,6.6191f,-0.7762f,0.5354f,-0.3331f,2.0788f,0f,0f,0f,1f],start_interpolation: 0,interpolation_duration: 1}
$data merge entity $(left_fingers2) {transformation: [-0.644f,-0.3995f,-0.6525f,-1.1092f,0.3234f,0.6307f,-0.7054f,6.9498f,0.6933f,-0.6653f,-0.277f,1.5499f,0f,0f,0f,1f],start_interpolation: 0,interpolation_duration: 1}
$data merge entity $(left_fingers) {transformation: [0.629f,-0.4227f,-0.6525f,-1.2522f,-0.7079f,0.0354f,-0.7054f,6.9747f,0.3213f,0.9056f,-0.277f,1.7969f,0f,0f,0f,1f],start_interpolation: 0,interpolation_duration: 1}
$data merge entity $(left_hand) {transformation: [0.5975f,0.4661f,-0.6525f,-0.9918f,-0.2541f,-0.6617f,-0.7054f,6.5358f,-0.7605f,0.5873f,-0.277f,2.1415f,0f,0f,0f,1f],start_interpolation: 0,interpolation_duration: 1}
$data merge entity $(left_forearm) {transformation: [-0.377f,1.1143f,-0.7165f,0.6445f,-0.7198f,-0.7977f,-0.8618f,5.2732f,-1.1121f,0.1385f,0.8007f,2.333f,0f,0f,0f,1f],start_interpolation: 0,interpolation_duration: 1}
$data merge entity $(left_shoulder) {transformation: [-0.753f,0.4408f,1.1783f,0.9923f,-0.9486f,0.7032f,-0.8692f,5.9673f,-0.8264f,-1.2088f,-0.0759f,0.6951f,0f,0f,0f,1f],start_interpolation: 0,interpolation_duration: 1}
$data merge entity $(left_arm) {transformation: [-0.7031f,-0.3344f,0.6275f,0.6508f,-0.0394f,0.8995f,0.4352f,6.2386f,-0.71f,0.2813f,-0.6456f,0.1625f,0f,0f,0f,1f],start_interpolation: 0,interpolation_duration: 1}
$data merge entity $(chest) {transformation: [-0.899f,-0.4275f,0.8023f,0.9652f,-0.0504f,1.15f,0.5564f,4.6118f,-0.9077f,0.3596f,-0.8255f,-0.682f,0f,0f,0f,1f],start_interpolation: 0,interpolation_duration: 1}
$data merge entity $(left_cheek) {transformation: [-0.757f,0.0476f,0.6517f,1.7282f,-0.1888f,0.9389f,-0.2879f,3.6066f,-0.6256f,-0.3409f,-0.7017f,-1.1283f,0f,0f,0f,1f],start_interpolation: 0,interpolation_duration: 1}
$data merge entity $(left_foot) {transformation: [-1.0116f,0.0043f,-0.1476f,2.7221f,-0.003f,1.0211f,0.0507f,-3.5665f,0.1476f,0.0506f,-1.0104f,0.7464f,0f,0f,0f,1f],start_interpolation: 0,interpolation_duration: 1}
$data merge entity $(left_knee) {transformation: [-2.9871f,-0.446f,-0.3612f,2.1759f,-0.5033f,2.9556f,0.513f,0.5595f,0.2757f,0.5635f,-2.9763f,1.3966f,0f,0f,0f,1f],start_interpolation: 0,interpolation_duration: 1}
$data merge entity $(left_leg) {transformation: [-1.6673f,-0.3283f,0.2525f,1.5732f,-0.414f,1.294f,-1.0514f,2.6463f,0.0107f,-1.0812f,-1.335f,-0.2961f,0f,0f,0f,1f],start_interpolation: 0,interpolation_duration: 1}
$data merge entity $(right_cheek) {transformation: [-0.7945f,0.4196f,0.439f,1.0724f,0.3574f,0.9075f,-0.2207f,3.6227f,-0.491f,-0.0185f,-0.871f,-1.49f,0f,0f,0f,1f],start_interpolation: 0,interpolation_duration: 1}
$data merge entity $(right_foot) {transformation: [-0.8755f,-0.0062f,0.528f,-0.3262f,0.0211f,1.0211f,0.0469f,-3.3152f,-0.5276f,0.051f,-0.8742f,-4.0654f,0f,0f,0f,1f],start_interpolation: 0,interpolation_duration: 1}
$data merge entity $(right_knee) {transformation: [-2.7079f,0.021f,1.3853f,-0.3182f,0.8883f,2.3603f,1.7006f,0.0465f,-1.0632f,1.9186f,-2.1073f,-1.5269f,0f,0f,0f,1f],start_interpolation: 0,interpolation_duration: 1}
$data merge entity $(right_leg) {transformation: [-1.5294f,0.4682f,0.627f,0.4771f,0.5017f,1.6431f,-0.0031f,2.658f,-0.6005f,0.1804f,-1.5995f,-1.166f,0f,0f,0f,1f],start_interpolation: 0,interpolation_duration: 1}
$data merge entity $(weist) {transformation: [-1.2707f,-0.0177f,1.0085f,1.0802f,0.0136f,1.6216f,0.0456f,4.3054f,-1.0086f,0.0442f,-1.27f,-0.7781f,0f,0f,0f,1f],start_interpolation: 0,interpolation_duration: 1}
data modify storage animated_java:temp entry.data merge value {"locators":{"consume":{"px":-1.8119595822,"py":5.9361310686,"pz":0.6046269059,"ry":205.6570297044,"rx":-39.214877057}}}
# Data Manager: Prepare for Read / Write
execute store result storage animated_java:temp args.id int 1 run scoreboard players get @s aj.id
# Data Manager: Write
function animated_java:global/data_manager/write with storage animated_java:temp args