# This file was generated by Animated Java via MC-Build. It is not recommended to edit this file directly.
$data merge entity $(neck) {transformation: [-0.8257f,-0.184f,0.5333f,0.3194f,0.0506f,0.9173f,0.3949f,6.2835f,-0.5618f,0.353f,-0.7481f,-0.1742f,0f,0f,0f,1f],start_interpolation: 0,interpolation_duration: 1}
$data merge entity $(right_thumb_2) {transformation: [-0.9336f,-0.188f,-0.3052f,-1.7131f,0.3455f,-0.6985f,-0.6267f,6.0677f,-0.0953f,-0.6905f,0.717f,0.52f,0f,0f,0f,1f],start_interpolation: 0,interpolation_duration: 1}
$data merge entity $(right_thumb) {transformation: [-0.9336f,-0.3225f,-0.1564f,-1.953f,0.3455f,-0.9258f,-0.1533f,5.8232f,-0.0953f,-0.1971f,0.9757f,0.4287f,0f,0f,0f,1f],start_interpolation: 0,interpolation_duration: 1}
$data merge entity $(right_fingers2) {transformation: [0.7639f,-0.5777f,-0.2876f,-1.6982f,0.3528f,0.7471f,-0.5634f,6.2874f,0.5403f,0.329f,0.7745f,0.965f,0f,0f,0f,1f],start_interpolation: 0,interpolation_duration: 1}
$data merge entity $(right_fingers) {transformation: [-0.3986f,-0.8708f,-0.2876f,-1.9597f,0.8057f,-0.1827f,-0.5634f,6.2539f,0.4381f,-0.4563f,0.7745f,0.853f,0f,0f,0f,1f],start_interpolation: 0,interpolation_duration: 1}
$data merge entity $(scout) {transformation: [0f,0f,0f,-1.8345f,0f,0f,0f,6.0989f,0f,0f,0f,0.9245f,0f,0f,0f,1f],start_interpolation: 0,interpolation_duration: 1}
$data merge entity $(right_hand) {transformation: [-0.9336f,-0.2139f,-0.2876f,-2.0992f,0.3455f,-0.7504f,-0.5634f,5.7663f,-0.0953f,-0.6254f,0.7745f,0.5036f,0f,0f,0f,1f],start_interpolation: 0,interpolation_duration: 1}
$data merge entity $(right_forearm) {transformation: [-1.3196f,0.3615f,-0.1579f,-1.5056f,-0.1171f,-0.8854f,-1.0486f,4.3996f,-0.3768f,-0.9912f,0.879f,-0.9414f,0f,0f,0f,1f],start_interpolation: 0,interpolation_duration: 1}
$data merge entity $(right_shoulder) {transformation: [-1.1189f,0.5537f,0.7689f,-0.6296f,0.4946f,1.3562f,-0.2569f,5.9617f,-0.8082f,0.0633f,-1.2217f,-0.662f,0f,0f,0f,1f],start_interpolation: 0,interpolation_duration: 1}
$data merge entity $(right_arm) {transformation: [-0.8059f,-0.2255f,0.5474f,-0.0543f,0.013f,0.9177f,0.3971f,6.243f,-0.5918f,0.3272f,-0.7367f,-0.4139f,0f,0f,0f,1f],start_interpolation: 0,interpolation_duration: 1}
$data merge entity $(left_thumb_2) {transformation: [0.4493f,0.8512f,-0.2712f,-0.5579f,-0.2615f,-0.165f,-0.951f,6.3587f,-0.8543f,0.4982f,0.1484f,1.8769f,0f,0f,0f,1f],start_interpolation: 0,interpolation_duration: 1}
$data merge entity $(left_thumb) {transformation: [0.4493f,0.2721f,-0.8509f,-0.525f,-0.2615f,-0.8708f,-0.4164f,6.1232f,-0.8543f,0.4096f,-0.3201f,2.1398f,0f,0f,0f,1f],start_interpolation: 0,interpolation_duration: 1}
$data merge entity $(left_fingers2) {transformation: [-0.4661f,-0.5424f,-0.6989f,-0.8377f,0.1419f,0.7339f,-0.6643f,6.5189f,0.8733f,-0.4088f,-0.2651f,1.6688f,0f,0f,0f,1f],start_interpolation: 0,interpolation_duration: 1}
$data merge entity $(left_fingers) {transformation: [0.6574f,-0.2816f,-0.6989f,-0.9416f,-0.7426f,-0.0851f,-0.6643f,6.5108f,0.1276f,0.9557f,-0.2651f,1.9357f,0f,0f,0f,1f],start_interpolation: 0,interpolation_duration: 1}
$data merge entity $(left_hand) {transformation: [0.5049f,0.5065f,-0.6989f,-0.6589f,-0.1957f,-0.7214f,-0.6643f,6.0373f,-0.8407f,0.4722f,-0.2651f,2.2098f,0f,0f,0f,1f],start_interpolation: 0,interpolation_duration: 1}
$data merge entity $(left_forearm) {transformation: [-0.4563f,1.1059f,-0.6825f,0.9628f,-0.4032f,-0.8081f,-1.0399f,4.7657f,-1.2355f,-0.1447f,0.5914f,1.962f,0f,0f,0f,1f],start_interpolation: 0,interpolation_duration: 1}
$data merge entity $(left_shoulder) {transformation: [-0.778f,0.2421f,1.219f,1.0619f,-0.742f,1.0632f,-0.6847f,5.9344f,-0.997f,-0.9802f,-0.4416f,0.5802f,0f,0f,0f,1f],start_interpolation: 0,interpolation_duration: 1}
$data merge entity $(left_arm) {transformation: [-0.8059f,-0.2255f,0.5474f,0.659f,0.013f,0.9177f,0.3971f,6.2315f,-0.5918f,0.3272f,-0.7367f,0.1099f,0f,0f,0f,1f],start_interpolation: 0,interpolation_duration: 1}
$data merge entity $(chest) {transformation: [-1.0304f,-0.2883f,0.6998f,0.7285f,0.0166f,1.1733f,0.5077f,4.5937f,-0.7567f,0.4183f,-0.9419f,-0.7684f,0f,0f,0f,1f],start_interpolation: 0,interpolation_duration: 1}
$data merge entity $(left_cheek) {transformation: [-0.7805f,0.0058f,0.6251f,1.4931f,-0.2431f,0.9184f,-0.3121f,3.5403f,-0.5759f,-0.3955f,-0.7155f,-1.2798f,0f,0f,0f,1f],start_interpolation: 0,interpolation_duration: 1}
$data merge entity $(left_foot) {transformation: [-1.0072f,0.0263f,-0.1732f,2.5129f,0.011f,1.0183f,0.0904f,-3.5974f,0.1749f,0.0872f,-1.0035f,0.6786f,0f,0f,0f,1f],start_interpolation: 0,interpolation_duration: 1}
$data merge entity $(left_knee) {transformation: [-2.9824f,-0.4165f,-0.4289f,2.0046f,-0.4817f,2.9666f,0.4687f,0.5413f,0.3542f,0.5275f,-2.9746f,1.2768f,0f,0f,0f,1f],start_interpolation: 0,interpolation_duration: 1}
$data merge entity $(left_leg) {transformation: [-1.6711f,-0.344f,0.2014f,1.378f,-0.3934f,1.2823f,-1.0734f,2.6108f,0.0646f,-1.0903f,-1.3261f,-0.4283f,0f,0f,0f,1f],start_interpolation: 0,interpolation_duration: 1}
$data merge entity $(right_cheek) {transformation: [-0.8096f,0.4028f,0.427f,0.8014f,0.3297f,0.9139f,-0.2369f,3.5837f,-0.4856f,-0.051f,-0.8727f,-1.5715f,0f,0f,0f,1f],start_interpolation: 0,interpolation_duration: 1}
$data merge entity $(right_foot) {transformation: [-0.8515f,-0.0238f,0.5653f,-0.5144f,0.0228f,1.0192f,0.0773f,-3.3305f,-0.5653f,0.077f,-0.8484f,-4.0232f,0f,0f,0f,1f],start_interpolation: 0,interpolation_duration: 1}
$data merge entity $(right_knee) {transformation: [-2.6601f,-0.0666f,1.4737f,-0.6227f,0.8907f,2.3498f,1.7139f,0.0172f,-1.176f,1.9304f,-2.0354f,-1.4685f,0f,0f,0f,1f],start_interpolation: 0,interpolation_duration: 1}
$data merge entity $(right_leg) {transformation: [-1.5024f,0.4994f,0.6669f,0.2204f,0.5031f,1.6399f,-0.0948f,2.6263f,-0.6642f,0.1124f,-1.5804f,-1.2145f,0f,0f,0f,1f],start_interpolation: 0,interpolation_duration: 1}
$data merge entity $(weist) {transformation: [-1.342f,-0.0211f,0.9114f,0.8438f,0.018f,1.621f,0.064f,4.2725f,-0.9114f,0.063f,-1.3406f,-0.8544f,0f,0f,0f,1f],start_interpolation: 0,interpolation_duration: 1}
data modify storage animated_java:temp entry.data merge value {"locators":{"consume":{"px":-1.743295111,"py":6.2218946323,"pz":0.9980710792,"ry":200.374228597,"rx":-34.2938384302}}}
# Data Manager: Prepare for Read / Write
execute store result storage animated_java:temp args.id int 1 run scoreboard players get @s aj.id
# Data Manager: Write
function animated_java:global/data_manager/write with storage animated_java:temp args
execute unless entity @s[tag=aj.transforms_only] at @s run function animated_java:female/animations/berserk_leap_l/zzz/frames/14_root_function