# This file was generated by Animated Java via MC-Build. It is not recommended to edit this file directly.
$data merge entity $(neck) {transformation: [-0.8734f,-0.1459f,0.4647f,0.2384f,0.0509f,0.9215f,0.385f,6.2747f,-0.4844f,0.3599f,-0.7974f,-0.206f,0f,0f,0f,1f],start_interpolation: 0,interpolation_duration: 1}
$data merge entity $(right_thumb_2) {transformation: [-0.9128f,-0.3206f,-0.2531f,-1.7233f,0.4084f,-0.7056f,-0.579f,6.2346f,0.007f,-0.6319f,0.775f,0.7989f,0f,0f,0f,1f],start_interpolation: 0,interpolation_duration: 1}
$data merge entity $(right_thumb) {transformation: [-0.9128f,-0.4064f,-0.0412f,-1.9888f,0.4084f,-0.9062f,-0.1092f,6.0051f,0.007f,-0.1165f,0.9932f,0.7485f,0f,0f,0f,1f],start_interpolation: 0,interpolation_duration: 1}
$data merge entity $(right_fingers2) {transformation: [0.8483f,-0.4798f,-0.2242f,-1.6374f,0.3146f,0.7971f,-0.5153f,6.4672f,0.426f,0.3666f,0.8271f,1.229f,0f,0f,0f,1f],start_interpolation: 0,interpolation_duration: 1}
$data merge entity $(right_fingers) {transformation: [-0.2848f,-0.932f,-0.2242f,-1.9127f,0.8463f,-0.1346f,-0.5153f,6.4489f,0.4501f,-0.3365f,0.8271f,1.1519f,0f,0f,0f,1f],start_interpolation: 0,interpolation_duration: 1}
$data merge entity $(scout) {transformation: [0f,0f,0f,-1.7901f,0f,0f,0f,6.2878f,0f,0f,0f,1.2137f,0f,0f,0f,1f],start_interpolation: 0,interpolation_duration: 1}
$data merge entity $(right_hand) {transformation: [-0.9128f,-0.3414f,-0.2242f,-2.1277f,0.4084f,-0.7534f,-0.5153f,5.9613f,0.007f,-0.562f,0.8271f,0.8433f,0f,0f,0f,1f],start_interpolation: 0,interpolation_duration: 1}
$data merge entity $(right_forearm) {transformation: [-1.3627f,0.1732f,-0.1014f,-1.8139f,-0.0447f,-0.9404f,-1.0054f,4.5104f,-0.1957f,-0.9914f,0.936f,-0.6075f,0f,0f,0f,1f],start_interpolation: 0,interpolation_duration: 1}
$data merge entity $(right_shoulder) {transformation: [-1.1896f,0.6694f,0.5354f,-0.7752f,0.5552f,1.2995f,-0.391f,5.9955f,-0.6531f,-0.1145f,-1.3078f,-0.5734f,0f,0f,0f,1f],start_interpolation: 0,interpolation_duration: 1}
$data merge entity $(right_arm) {transformation: [-0.8734f,-0.1459f,0.4647f,-0.164f,0.0509f,0.9215f,0.385f,6.2514f,-0.4844f,0.3599f,-0.7974f,-0.3966f,0f,0f,0f,1f],start_interpolation: 0,interpolation_duration: 1}
$data merge entity $(left_thumb_2) {transformation: [0.3472f,0.8572f,-0.3805f,-0.4185f,-0.2331f,-0.3141f,-0.9203f,6.0324f,-0.9084f,0.4082f,0.0908f,1.7762f,0f,0f,0f,1f],start_interpolation: 0,interpolation_duration: 1}
$data merge entity $(left_thumb) {transformation: [0.3472f,0.2619f,-0.9005f,-0.3731f,-0.2331f,-0.906f,-0.3533f,5.7805f,-0.9084f,0.3326f,-0.2535f,2.0215f,0f,0f,0f,1f],start_interpolation: 0,interpolation_duration: 1}
$data merge entity $(left_fingers2) {transformation: [-0.2497f,-0.6202f,-0.7437f,-0.7411f,-0.0042f,0.7687f,-0.6396f,6.2101f,0.9683f,-0.1565f,-0.1945f,1.6015f,0f,0f,0f,1f],start_interpolation: 0,interpolation_duration: 1}
$data merge entity $(left_fingers) {transformation: [0.6565f,-0.1263f,-0.7437f,-0.801f,-0.7536f,-0.1514f,-0.6396f,6.1835f,-0.0318f,0.9804f,-0.1945f,1.8803f,0f,0f,0f,1f],start_interpolation: 0,interpolation_duration: 1}
$data merge entity $(left_hand) {transformation: [0.3929f,0.5409f,-0.7437f,-0.4997f,-0.1827f,-0.7466f,-0.6396f,5.6957f,-0.9012f,0.3872f,-0.1945f,2.1051f,0f,0f,0f,1f],start_interpolation: 0,interpolation_duration: 1}
$data merge entity $(left_forearm) {transformation: [-0.5158f,1.0794f,-0.6827f,1.0795f,-0.1669f,-0.7869f,-1.118f,4.463f,-1.2662f,-0.3359f,0.4255f,1.562f,0f,0f,0f,1f],start_interpolation: 0,interpolation_duration: 1}
$data merge entity $(left_shoulder) {transformation: [-0.8111f,0.1477f,1.2125f,1.0571f,-0.5607f,1.2481f,-0.5271f,5.8886f,-1.0852f,-0.7552f,-0.6339f,0.4429f,0f,0f,0f,1f],start_interpolation: 0,interpolation_duration: 1}
$data merge entity $(left_arm) {transformation: [-0.8734f,-0.1459f,0.4647f,0.609f,0.0509f,0.9215f,0.385f,6.2063f,-0.4844f,0.3599f,-0.7974f,0.0322f,0f,0f,0f,1f],start_interpolation: 0,interpolation_duration: 1}
$data merge entity $(chest) {transformation: [-1.1166f,-0.1865f,0.5942f,0.5021f,0.0651f,1.1782f,0.4923f,4.5779f,-0.6193f,0.4602f,-1.0195f,-0.8598f,0f,0f,0f,1f],start_interpolation: 0,interpolation_duration: 1}
$data merge entity $(left_cheek) {transformation: [-0.7907f,-0.0259f,0.6117f,1.2649f,-0.2864f,0.8987f,-0.3321f,3.4843f,-0.5411f,-0.4378f,-0.718f,-1.4075f,0f,0f,0f,1f],start_interpolation: 0,interpolation_duration: 1}
$data merge entity $(left_foot) {transformation: [-1.0054f,0.037f,-0.182f,2.3233f,0.0174f,1.0162f,0.1106f,-3.6172f,0.1849f,0.1057f,-0.9999f,0.6033f,0f,0f,0f,1f],start_interpolation: 0,interpolation_duration: 1}
$data merge entity $(left_knee) {transformation: [-2.9798f,-0.4148f,-0.4482f,1.8164f,-0.4808f,2.97f,0.4476f,0.5254f,0.3766f,0.5093f,-2.9751f,1.1756f,0f,0f,0f,1f],start_interpolation: 0,interpolation_duration: 1}
$data merge entity $(left_leg) {transformation: [-1.6731f,-0.3494f,0.1735f,1.182f,-0.3789f,1.2739f,-1.0886f,2.5824f,0.0927f,-1.0984f,-1.3177f,-0.5416f,0f,0f,0f,1f],start_interpolation: 0,interpolation_duration: 1}
$data merge entity $(right_cheek) {transformation: [-0.819f,0.3995f,0.4119f,0.5701f,0.3152f,0.9131f,-0.2587f,3.5356f,-0.4794f,-0.082f,-0.8737f,-1.6568f,0f,0f,0f,1f],start_interpolation: 0,interpolation_duration: 1}
$data merge entity $(right_foot) {transformation: [-0.8243f,-0.0347f,0.6038f,-0.7184f,0.0258f,1.0177f,0.0937f,-3.357f,-0.6043f,0.0908f,-0.8197f,-3.9509f,0f,0f,0f,1f],start_interpolation: 0,interpolation_duration: 1}
$data merge entity $(right_knee) {transformation: [-2.5973f,-0.1421f,1.5767f,-0.9251f,0.902f,2.3568f,1.6983f,0.0001f,-1.3009f,1.9177f,-1.9703f,-1.4147f,0f,0f,0f,1f],start_interpolation: 0,interpolation_duration: 1}
$data merge entity $(right_leg) {transformation: [-1.467f,0.544f,0.7095f,-0.0133f,0.5094f,1.629f,-0.1958f,2.5944f,-0.7348f,0.0432f,-1.5523f,-1.2693f,0f,0f,0f,1f],start_interpolation: 0,interpolation_duration: 1}
$data merge entity $(weist) {transformation: [-1.3857f,-0.0254f,0.8434f,0.6196f,0.0139f,1.6207f,0.0717f,4.2426f,-0.8437f,0.0685f,-1.384f,-0.936f,0f,0f,0f,1f],start_interpolation: 0,interpolation_duration: 1}
data modify storage animated_java:temp entry.data merge value {"locators":{"consume":{"px":-1.682236635,"py":6.4062716615,"pz":1.2701407566,"ry":195.1668903424,"rx":-31.0203678445}}}
# Data Manager: Prepare for Read / Write
execute store result storage animated_java:temp args.id int 1 run scoreboard players get @s aj.id
# Data Manager: Write
function animated_java:global/data_manager/write with storage animated_java:temp args