# This file was generated by Animated Java via MC-Build. It is not recommended to edit this file directly.
$data merge entity $(neck) {transformation: [-0.9105f,-0.1302f,0.3924f,0.1458f,0.0394f,0.9175f,0.3959f,6.256f,-0.4116f,0.3759f,-0.8302f,-0.24f,0f,0f,0f,1f],start_interpolation: 0,interpolation_duration: 1}
$data merge entity $(right_thumb_2) {transformation: [-0.9055f,-0.3778f,-0.1932f,-1.7612f,0.4189f,-0.7233f,-0.549f,6.3027f,0.0677f,-0.578f,0.8132f,0.9848f,0f,0f,0f,1f],start_interpolation: 0,interpolation_duration: 1}
$data merge entity $(right_thumb) {transformation: [-0.9055f,-0.4225f,0.0401f,-2.032f,0.4189f,-0.905f,-0.0744f,6.0747f,0.0677f,-0.0506f,0.9964f,0.9646f,0f,0f,0f,1f],start_interpolation: 0,interpolation_duration: 1}
$data merge entity $(right_fingers2) {transformation: [0.8833f,-0.4409f,-0.1595f,-1.638f,0.3193f,0.8148f,-0.4839f,6.549f,0.3433f,0.3765f,0.8605f,1.3979f,0f,0f,0f,1f],start_interpolation: 0,interpolation_duration: 1}
$data merge entity $(right_fingers) {transformation: [-0.2392f,-0.9578f,-0.1595f,-1.9189f,0.8646f,-0.1354f,-0.4839f,6.5313f,0.4418f,-0.2537f,0.8605f,1.3444f,0f,0f,0f,1f],start_interpolation: 0,interpolation_duration: 1}
$data merge entity $(scout) {transformation: [0f,0f,0f,-1.793f,0f,0f,0f,6.371f,0f,0f,0f,1.4015f,0f,0f,0f,1f],start_interpolation: 0,interpolation_duration: 1}
$data merge entity $(right_hand) {transformation: [-0.9055f,-0.3932f,-0.1595f,-2.1629f,0.4189f,-0.7684f,-0.4839f,6.0359f,0.0677f,-0.505f,0.8605f,1.072f,0f,0f,0f,1f],start_interpolation: 0,interpolation_duration: 1}
$data merge entity $(right_forearm) {transformation: [-1.3746f,0.0828f,-0.0248f,-1.982f,-0.0412f,-0.9754f,-0.9716f,4.5333f,-0.0759f,-0.969f,0.976f,-0.3486f,0f,0f,0f,1f],start_interpolation: 0,interpolation_duration: 1}
$data merge entity $(right_shoulder) {transformation: [-1.2397f,0.695f,0.3604f,-0.8964f,0.5712f,1.2646f,-0.4735f,5.9752f,-0.5353f,-0.26f,-1.34f,-0.5145f,0f,0f,0f,1f],start_interpolation: 0,interpolation_duration: 1}
$data merge entity $(right_arm) {transformation: [-0.9147f,-0.1156f,0.3871f,-0.2725f,0.0511f,0.9173f,0.3949f,6.2325f,-0.4008f,0.381f,-0.8332f,-0.3926f,0f,0f,0f,1f],start_interpolation: 0,interpolation_duration: 1}
$data merge entity $(left_thumb_2) {transformation: [0.1936f,0.8572f,-0.4773f,-0.4341f,-0.2848f,-0.4164f,-0.8634f,5.917f,-0.9389f,0.303f,0.1635f,1.6879f,0f,0f,0f,1f],start_interpolation: 0,interpolation_duration: 1}
$data merge entity $(left_thumb) {transformation: [0.1936f,0.2672f,-0.944f,-0.3635f,-0.2848f,-0.9055f,-0.3147f,5.6724f,-0.9389f,0.3297f,-0.0992f,1.9345f,0f,0f,0f,1f],start_interpolation: 0,interpolation_duration: 1}
$data merge entity $(left_fingers2) {transformation: [0.032f,-0.6326f,-0.7738f,-0.8048f,-0.0702f,0.7708f,-0.6331f,6.0961f,0.997f,0.0746f,-0.0198f,1.5575f,0f,0f,0f,1f],start_interpolation: 0,interpolation_duration: 1}
$data merge entity $(left_fingers) {transformation: [0.6281f,0.0823f,-0.7738f,-0.8047f,-0.7628f,-0.1315f,-0.6331f,6.0755f,-0.1538f,0.9879f,-0.0198f,1.8432f,0f,0f,0f,1f],start_interpolation: 0,interpolation_duration: 1}
$data merge entity $(left_hand) {transformation: [0.2275f,0.5912f,-0.7738f,-0.4747f,-0.2486f,-0.733f,-0.6331f,5.5961f,-0.9415f,0.3364f,-0.0198f,2.0442f,0f,0f,0f,1f],start_interpolation: 0,interpolation_duration: 1}
$data merge entity $(left_forearm) {transformation: [-0.5732f,1.0475f,-0.6866f,1.054f,-0.0739f,-0.782f,-1.1314f,4.3742f,-1.2502f,-0.4341f,0.3816f,1.3525f,0f,0f,0f,1f],start_interpolation: 0,interpolation_duration: 1}
$data merge entity $(left_shoulder) {transformation: [-0.8709f,0.1492f,1.1701f,1.0227f,-0.471f,1.2895f,-0.515f,5.8679f,-1.0814f,-0.6818f,-0.718f,0.3263f,0f,0f,0f,1f],start_interpolation: 0,interpolation_duration: 1}
$data merge entity $(left_arm) {transformation: [-0.9147f,-0.1156f,0.3871f,0.5372f,0.0511f,0.9173f,0.3949f,6.1872f,-0.4008f,0.381f,-0.8332f,-0.0379f,0f,0f,0f,1f],start_interpolation: 0,interpolation_duration: 1}
$data merge entity $(chest) {transformation: [-1.1695f,-0.1478f,0.495f,0.3546f,0.0654f,1.1728f,0.5048f,4.5669f,-0.5124f,0.4871f,-1.0653f,-0.9322f,0f,0f,0f,1f],start_interpolation: 0,interpolation_duration: 1}
$data merge entity $(left_cheek) {transformation: [-0.7844f,-0.0411f,0.6189f,1.1175f,-0.3193f,0.8822f,-0.3461f,3.4434f,-0.5318f,-0.4691f,-0.7051f,-1.4693f,0f,0f,0f,1f],start_interpolation: 0,interpolation_duration: 1}
$data merge entity $(left_foot) {transformation: [-1.0085f,0.0252f,-0.1658f,2.2506f,0.0086f,1.0172f,0.1021f,-3.6182f,0.1675f,0.0993f,-1.0037f,0.5431f,0f,0f,0f,1f],start_interpolation: 0,interpolation_duration: 1}
$data merge entity $(left_knee) {transformation: [-2.9807f,-0.4649f,-0.3888f,1.6768f,-0.5223f,2.9603f,0.4646f,0.5129f,0.3074f,0.5221f,-2.9808f,1.1349f,0f,0f,0f,1f],start_interpolation: 0,interpolation_duration: 1}
$data merge entity $(left_leg) {transformation: [-1.6739f,-0.34f,0.1842f,1.0571f,-0.3783f,1.2709f,-1.0923f,2.5653f,0.0799f,-1.1048f,-1.3132f,-0.5933f,0f,0f,0f,1f],start_interpolation: 0,interpolation_duration: 1}
$data merge entity $(right_cheek) {transformation: [-0.8195f,0.4186f,0.3913f,0.464f,0.3213f,0.9011f,-0.2911f,3.4685f,-0.4745f,-0.1128f,-0.873f,-1.7193f,0f,0f,0f,1f],start_interpolation: 0,interpolation_duration: 1}
$data merge entity $(right_foot) {transformation: [-0.7896f,-0.0307f,0.6487f,-0.902f,0.0308f,1.0183f,0.0857f,-3.4057f,-0.6487f,0.0857f,-0.7855f,-3.7817f,0f,0f,0f,1f],start_interpolation: 0,interpolation_duration: 1}
$data merge entity $(right_knee) {transformation: [-2.5029f,-0.1944f,1.7175f,-1.1727f,0.9294f,2.397f,1.6257f,0.005f,-1.4574f,1.8625f,-1.913f,-1.3241f,0f,0f,0f,1f],start_interpolation: 0,interpolation_duration: 1}
$data merge entity $(right_leg) {transformation: [-1.4136f,0.6164f,0.757f,-0.1485f,0.5249f,1.6032f,-0.3252f,2.561f,-0.8231f,-0.0363f,-1.5075f,-1.3038f,0f,0f,0f,1f],start_interpolation: 0,interpolation_duration: 1}
$data merge entity $(weist) {transformation: [-1.3977f,-0.0356f,0.823f,0.4777f,-0.0049f,1.6212f,0.0618f,4.2171f,-0.8237f,0.0507f,-1.3968f,-0.9982f,0f,0f,0f,1f],start_interpolation: 0,interpolation_duration: 1}
data modify storage animated_java:temp entry.data merge value {"locators":{"consume":{"px":-1.6798059219,"py":6.4900831825,"pz":1.4447049559,"ry":190.5006362673,"rx":-28.938257011}}}
# Data Manager: Prepare for Read / Write
execute store result storage animated_java:temp args.id int 1 run scoreboard players get @s aj.id
# Data Manager: Write
function animated_java:global/data_manager/write with storage animated_java:temp args
execute unless entity @s[tag=aj.transforms_only] at @s run function animated_java:female/animations/berserk_leap_l/zzz/frames/16_root_function