# This file was generated by Animated Java via MC-Build. It is not recommended to edit this file directly.
$data merge entity $(neck) {transformation: [-0.9657f,-0.1189f,0.2307f,0.0859f,-0.0093f,0.9043f,0.4269f,6.2057f,-0.2594f,0.4101f,-0.8744f,-0.343f,0f,0f,0f,1f],start_interpolation: 0,interpolation_duration: 1}
$data merge entity $(right_thumb_2) {transformation: [-0.9106f,-0.4069f,-0.0717f,-1.7079f,0.3866f,-0.7779f,-0.4954f,6.3291f,0.1458f,-0.4788f,0.8657f,1.2533f,0f,0f,0f,1f],start_interpolation: 0,interpolation_duration: 1}
$data merge entity $(right_thumb) {transformation: [-0.9106f,-0.3817f,0.1582f,-1.968f,0.3866f,-0.9222f,0.0002f,6.0897f,0.1458f,0.0613f,0.9874f,1.2808f,0f,0f,0f,1f],start_interpolation: 0,interpolation_duration: 1}
$data merge entity $(right_fingers2) {transformation: [0.9007f,-0.433f,-0.0359f,-1.5498f,0.3782f,0.822f,-0.4257f,6.6096f,0.2139f,0.3698f,0.9041f,1.6313f,0f,0f,0f,1f],start_interpolation: 0,interpolation_duration: 1}
$data merge entity $(right_fingers) {transformation: [-0.2278f,-0.973f,-0.0359f,-1.8338f,0.8844f,-0.1913f,-0.4257f,6.5769f,0.4074f,-0.1287f,0.9041f,1.6127f,0f,0f,0f,1f],start_interpolation: 0,interpolation_duration: 1}
$data merge entity $(scout) {transformation: [0f,0f,0f,-1.6947f,0f,0f,0f,6.4263f,0f,0f,0f,1.6653f,0f,0f,0f,1f],start_interpolation: 0,interpolation_duration: 1}
$data merge entity $(right_hand) {transformation: [-0.9106f,-0.4116f,-0.0359f,-2.0837f,0.3866f,-0.8181f,-0.4257f,6.0537f,0.1458f,-0.4016f,0.9041f,1.4053f,0f,0f,0f,1f],start_interpolation: 0,interpolation_duration: 1}
$data merge entity $(right_forearm) {transformation: [-1.3666f,0.0178f,0.1706f,-1.9938f,-0.1256f,-1.0368f,-0.898f,4.4648f,0.1168f,-0.9066f,1.0303f,0.0727f,0f,0f,0f,1f],start_interpolation: 0,interpolation_duration: 1}
$data merge entity $(right_shoulder) {transformation: [-1.3231f,0.6263f,0.0829f,-0.9662f,0.5371f,1.2164f,-0.6179f,5.8595f,-0.3327f,-0.5272f,-1.3271f,-0.4604f,0f,0f,0f,1f],start_interpolation: 0,interpolation_duration: 1}
$data merge entity $(right_arm) {transformation: [-0.9668f,-0.1138f,0.2288f,-0.3485f,-0.0055f,0.9045f,0.4264f,6.1561f,-0.2555f,0.411f,-0.8751f,-0.4304f,0f,0f,0f,1f],start_interpolation: 0,interpolation_duration: 1}
$data merge entity $(left_thumb_2) {transformation: [-0.2195f,0.8471f,-0.4839f,-0.4875f,-0.4674f,-0.5267f,-0.71f,5.9489f,-0.8564f,0.0703f,0.5115f,1.7013f,0f,0f,0f,1f],start_interpolation: 0,interpolation_duration: 1}
$data merge entity $(left_thumb) {transformation: [-0.2195f,0.4069f,-0.8867f,-0.3116f,-0.4674f,-0.8416f,-0.2706f,5.7512f,-0.8564f,0.355f,0.3749f,1.9372f,0f,0f,0f,1f],start_interpolation: 0,interpolation_duration: 1}
$data merge entity $(left_fingers2) {transformation: [0.6737f,-0.3989f,-0.6222f,-0.9392f,-0.1082f,0.7795f,-0.6169f,6.1058f,0.7311f,0.4829f,0.482f,1.7481f,0f,0f,0f,1f],start_interpolation: 0,interpolation_duration: 1}
$data merge entity $(left_fingers) {transformation: [0.4917f,0.6092f,-0.6222f,-0.784f,-0.787f,0.0052f,-0.6169f,6.125f,-0.3726f,0.793f,0.482f,1.9882f,0f,0f,0f,1f],start_interpolation: 0,interpolation_duration: 1}
$data merge entity $(left_hand) {transformation: [-0.2133f,0.7533f,-0.6222f,-0.35f,-0.4588f,-0.6395f,-0.6169f,5.7027f,-0.8626f,0.1538f,0.482f,2.0996f,0f,0f,0f,1f],start_interpolation: 0,interpolation_duration: 1}
$data merge entity $(left_forearm) {transformation: [-0.7441f,0.9792f,-0.6202f,1.0712f,-0.1017f,-0.7893f,-1.1242f,4.4689f,-1.1546f,-0.5615f,0.4987f,1.2241f,0f,0f,0f,1f],start_interpolation: 0,interpolation_duration: 1}
$data merge entity $(left_shoulder) {transformation: [-1.0567f,0.1936f,0.9979f,1.0621f,-0.4459f,1.2052f,-0.706f,5.8711f,-0.9135f,-0.8123f,-0.8097f,0.0757f,0f,0f,0f,1f],start_interpolation: 0,interpolation_duration: 1}
$data merge entity $(left_arm) {transformation: [-0.9668f,-0.1138f,0.2288f,0.5072f,-0.0055f,0.9045f,0.4264f,6.161f,-0.2555f,0.411f,-0.8751f,-0.2042f,0f,0f,0f,1f],start_interpolation: 0,interpolation_duration: 1}
$data merge entity $(chest) {transformation: [-1.2361f,-0.1455f,0.2926f,0.2928f,-0.0071f,1.1564f,0.5452f,4.5398f,-0.3267f,0.5255f,-1.1188f,-1.0899f,0f,0f,0f,1f],start_interpolation: 0,interpolation_duration: 1}
$data merge entity $(left_cheek) {transformation: [-0.7532f,-0.0549f,0.6554f,1.0618f,-0.3779f,0.8517f,-0.363f,3.3614f,-0.5383f,-0.5211f,-0.6623f,-1.557f,0f,0f,0f,1f],start_interpolation: 0,interpolation_duration: 1}
$data merge entity $(left_foot) {transformation: [-1.0178f,-0.0307f,-0.0915f,2.4177f,-0.0347f,1.0209f,0.0434f,-3.5718f,0.0901f,0.0464f,-1.0173f,0.4425f,0f,0f,0f,1f],start_interpolation: 0,interpolation_duration: 1}
$data merge entity $(left_knee) {transformation: [-2.9668f,-0.6534f,-0.1535f,1.5922f,-0.6706f,2.9159f,0.5477f,0.5055f,0.0295f,0.568f,-2.9881f,1.1056f,0f,0f,0f,1f],start_interpolation: 0,interpolation_duration: 1}
$data merge entity $(left_leg) {transformation: [-1.6708f,-0.2964f,0.2683f,1.0399f,-0.3998f,1.2581f,-1.0994f,2.5367f,-0.0068f,-1.1317f,-1.2925f,-0.6698f,0f,0f,0f,1f],start_interpolation: 0,interpolation_duration: 1}
$data merge entity $(right_cheek) {transformation: [-0.8034f,0.4967f,0.3284f,0.5484f,0.3821f,0.853f,-0.3555f,3.2925f,-0.4567f,-0.1601f,-0.8751f,-1.8491f,0f,0f,0f,1f],start_interpolation: 0,interpolation_duration: 1}
$data merge entity $(right_foot) {transformation: [-0.7026f,-0.0149f,0.7425f,-1.1277f,0.0443f,1.0195f,0.0624f,-3.4449f,-0.7413f,0.0751f,-0.7f,-3.4515f,0f,0f,0f,1f],start_interpolation: 0,interpolation_duration: 1}
$data merge entity $(right_knee) {transformation: [-2.2498f,-0.2741f,2.0287f,-1.4886f,0.9972f,2.4858f,1.4417f,0.0831f,-1.7878f,1.7314f,-1.7487f,-1.178f,0f,0f,0f,1f],start_interpolation: 0,interpolation_duration: 1}
$data merge entity $(right_leg) {transformation: [-1.2707f,0.813f,0.8221f,-0.1574f,0.5632f,1.502f,-0.6149f,2.484f,-1.0098f,-0.1852f,-1.3775f,-1.3924f,0f,0f,0f,1f],start_interpolation: 0,interpolation_duration: 1}
$data merge entity $(weist) {transformation: [-1.388f,-0.0683f,0.837f,0.4324f,-0.061f,1.6209f,0.0311f,4.1618f,-0.8376f,-0.0049f,-1.3894f,-1.1368f,0f,0f,0f,1f],start_interpolation: 0,interpolation_duration: 1}
data modify storage animated_java:temp entry.data merge value {"locators":{"consume":{"px":-1.5830765878,"py":6.5526120657,"pz":1.6865560333,"ry":182.2758806813,"rx":-25.1953314189}}}
# Data Manager: Prepare for Read / Write
execute store result storage animated_java:temp args.id int 1 run scoreboard players get @s aj.id
# Data Manager: Write
function animated_java:global/data_manager/write with storage animated_java:temp args