# This file was generated by Animated Java via MC-Build. It is not recommended to edit this file directly.
$data merge entity $(neck) {transformation: [-0.9969f,-0.0748f,0.023f,0.0862f,-0.0364f,0.7033f,0.7099f,6.4932f,-0.0693f,0.7069f,-0.7039f,-0.5241f,0f,0f,0f,1f],start_interpolation: 0,interpolation_duration: 1}
$data merge entity $(right_thumb_2) {transformation: [-0.6922f,-0.6756f,0.2536f,-0.6987f,0.3904f,-0.6461f,-0.6559f,6.2278f,0.607f,-0.355f,0.711f,1.3849f,0f,0f,0f,1f],start_interpolation: 0,interpolation_duration: 1}
$data merge entity $(right_thumb) {transformation: [-0.6922f,-0.4336f,0.5769f,-0.9489f,0.3904f,-0.8973f,-0.206f,5.9999f,0.607f,0.0826f,0.7904f,1.4904f,0f,0f,0f,1f],start_interpolation: 0,interpolation_duration: 1}
$data merge entity $(right_fingers2) {transformation: [0.9436f,-0.1119f,0.3115f,-0.3542f,0.2859f,0.7495f,-0.5971f,6.4189f,-0.1667f,0.6525f,0.7392f,1.6872f,0f,0f,0f,1f],start_interpolation: 0,interpolation_duration: 1}
$data merge entity $(right_fingers) {transformation: [0.095f,-0.9455f,0.3115f,-0.6187f,0.7936f,-0.1169f,-0.5971f,6.4036f,0.6009f,0.304f,0.7392f,1.7962f,0f,0f,0f,1f],start_interpolation: 0,interpolation_duration: 1}
$data merge entity $(scout) {transformation: [0f,0f,0f,-0.492f,0f,0f,0f,6.2393f,0f,0f,0f,1.7543f,0f,0f,0f,1f],start_interpolation: 0,interpolation_duration: 1}
$data merge entity $(right_hand) {transformation: [-0.6922f,-0.651f,0.3115f,-1.0013f,0.3904f,-0.7008f,-0.5971f,5.9448f,0.607f,-0.2917f,0.7392f,1.6466f,0f,0f,0f,1f],start_interpolation: 0,interpolation_duration: 1}
$data merge entity $(right_forearm) {transformation: [-1.2179f,-0.2833f,0.5776f,-1.3563f,-0.3082f,-0.8286f,-1.0562f,4.6714f,0.5647f,-1.0632f,0.6692f,0.0464f,0f,0f,0f,1f],start_interpolation: 0,interpolation_duration: 1}
$data merge entity $(right_shoulder) {transformation: [-1.4619f,0.1118f,-0.0069f,-0.9251f,0.1024f,1.2981f,-0.674f,6.2551f,-0.0453f,-0.6725f,-1.3021f,-0.7226f,0f,0f,0f,1f],start_interpolation: 0,interpolation_duration: 1}
$data merge entity $(right_arm) {transformation: [-0.9997f,0.0123f,0.0233f,-0.3576f,0.0252f,0.7045f,0.7092f,6.451f,-0.0077f,0.7096f,-0.7046f,-0.5187f,0f,0f,0f,1f],start_interpolation: 0,interpolation_duration: 1}
$data merge entity $(left_thumb_2) {transformation: [-0.7598f,0.3525f,0.5463f,1.2561f,-0.4619f,0.2986f,-0.8351f,5.3199f,-0.4575f,-0.8869f,-0.0641f,1.3882f,0f,0f,0f,1f],start_interpolation: 0,interpolation_duration: 1}
$data merge entity $(left_thumb) {transformation: [-0.7598f,0.6502f,0.0026f,1.5779f,-0.4619f,-0.537f,-0.7059f,5.2255f,-0.4575f,-0.5375f,0.7083f,1.2731f,0f,0f,0f,1f],start_interpolation: 0,interpolation_duration: 1}
$data merge entity $(left_fingers2) {transformation: [0.7749f,-0.6243f,0.099f,1.0532f,0.3806f,0.3357f,-0.8617f,5.3185f,0.5047f,0.7054f,0.4978f,1.7002f,0f,0f,0f,1f],start_interpolation: 0,interpolation_duration: 1}
$data merge entity $(left_fingers) {transformation: [0.3107f,0.9454f,0.099f,1.3146f,-0.4484f,0.2376f,-0.8617f,5.3925f,-0.8381f,0.2233f,0.4978f,1.7911f,0f,0f,0f,1f],start_interpolation: 0,interpolation_duration: 1}
$data merge entity $(left_hand) {transformation: [-0.7816f,0.6159f,0.099f,1.6933f,-0.3769f,-0.3399f,-0.8617f,5.1438f,-0.497f,-0.7108f,0.4978f,1.374f,0f,0f,0f,1f],start_interpolation: 0,interpolation_duration: 1}
$data merge entity $(left_forearm) {transformation: [-1.3473f,0.2846f,-0.0316f,2.0647f,-0.0262f,-0.2741f,-1.3496f,4.6808f,-0.2851f,-1.3195f,0.2735f,-0.615f,0f,0f,0f,1f],start_interpolation: 0,interpolation_duration: 1}
$data merge entity $(left_shoulder) {transformation: [-1.3408f,-0.583f,-0.1109f,1.0872f,-0.5648f,1.3376f,-0.2041f,6.2044f,0.1823f,-0.1439f,-1.4477f,-0.7071f,0f,0f,0f,1f],start_interpolation: 0,interpolation_duration: 1}
$data merge entity $(left_arm) {transformation: [-0.9997f,0.0123f,0.0233f,0.5272f,0.0252f,0.7045f,0.7092f,6.4287f,-0.0077f,0.7096f,-0.7046f,-0.5119f,0f,0f,0f,1f],start_interpolation: 0,interpolation_duration: 1}
$data merge entity $(chest) {transformation: [-1.2781f,0.0157f,0.0298f,0.0634f,0.0322f,0.9008f,0.9068f,5.192f,-0.0098f,0.9072f,-0.9008f,-1.8211f,0f,0f,0f,1f],start_interpolation: 0,interpolation_duration: 1}
$data merge entity $(left_cheek) {transformation: [-0.909f,-0.2184f,0.355f,0.7212f,-0.3438f,0.8745f,-0.3422f,4.202f,-0.2358f,-0.4331f,-0.87f,-2.5807f,0f,0f,0f,1f],start_interpolation: 0,interpolation_duration: 1}
$data merge entity $(left_foot) {transformation: [-1.0004f,0.0141f,-0.2103f,1.6127f,-0.0024f,1.0193f,0.0798f,-1.7761f,0.2107f,0.0785f,-0.9973f,-2.0346f,0f,0f,0f,1f],start_interpolation: 0,interpolation_duration: 1}
$data merge entity $(left_knee) {transformation: [-3.0058f,-0.269f,-0.3812f,1.3111f,-0.4417f,2.4402f,1.7614f,1.6859f,0.15f,1.7959f,-2.4504f,0.3464f,0f,0f,0f,1f],start_interpolation: 0,interpolation_duration: 1}
$data merge entity $(left_leg) {transformation: [-1.6976f,-0.2186f,0.1479f,0.8859f,-0.2501f,1.0247f,-1.356f,3.3569f,0.0843f,-1.3615f,-1.0444f,-1.8006f,0f,0f,0f,1f],start_interpolation: 0,interpolation_duration: 1}
$data merge entity $(right_cheek) {transformation: [-0.9142f,0.3712f,0.1625f,0.0969f,0.3559f,0.9273f,-0.1157f,4.32f,-0.1936f,-0.0479f,-0.9799f,-2.6861f,0f,0f,0f,1f],start_interpolation: 0,interpolation_duration: 1}
$data merge entity $(right_foot) {transformation: [-0.7845f,0.0828f,0.6503f,-0.777f,0.1371f,1.0125f,0.0364f,-1.5752f,-0.641f,0.1151f,-0.7881f,-5.6718f,0f,0f,0f,1f],start_interpolation: 0,interpolation_duration: 1}
$data merge entity $(right_knee) {transformation: [-2.6004f,-0.5201f,1.4899f,-1.5106f,1.0236f,1.6297f,2.3555f,0.8061f,-1.201f,2.5151f,-1.2182f,-2.2752f,0f,0f,0f,1f],start_interpolation: 0,interpolation_duration: 1}
$data merge entity $(right_leg) {transformation: [-1.4687f,0.6442f,0.616f,-0.4355f,0.5781f,1.5922f,-0.2867f,3.3411f,-0.6783f,-0.0378f,-1.5779f,-2.2612f,0f,0f,0f,1f],start_interpolation: 0,interpolation_duration: 1}
$data merge entity $(weist) {transformation: [-1.5318f,-0.1159f,0.5216f,0.1451f,-0.0182f,1.5941f,0.3007f,4.9928f,-0.534f,0.2781f,-1.5065f,-1.8571f,0f,0f,0f,1f],start_interpolation: 0,interpolation_duration: 1}
data modify storage animated_java:temp entry.data merge value {"locators":{"consume":{"px":-0.3668296098,"py":6.3535441412,"pz":1.7417169878,"ry":157.1496298547,"rx":-36.6595106392}}}
# Data Manager: Prepare for Read / Write
execute store result storage animated_java:temp args.id int 1 run scoreboard players get @s aj.id
# Data Manager: Write
function animated_java:global/data_manager/write with storage animated_java:temp args
execute unless entity @s[tag=aj.transforms_only] at @s run function animated_java:female/animations/berserk_leap_l/zzz/frames/2_root_function