# This file was generated by Animated Java via MC-Build. It is not recommended to edit this file directly.
$data merge entity $(neck) {transformation: [-0.9893f,0.028f,-0.1431f,-0.0084f,-0.1013f,0.574f,0.8125f,6.6166f,0.1049f,0.8184f,-0.5651f,-0.5335f,0f,0f,0f,1f],start_interpolation: 0,interpolation_duration: 1}
$data merge entity $(right_thumb_2) {transformation: [-0.5343f,-0.7867f,0.3092f,-0.2723f,0.3425f,-0.5359f,-0.7717f,6.1124f,0.7728f,-0.3064f,0.5557f,1.5451f,0f,0f,0f,1f],start_interpolation: 0,interpolation_duration: 1}
$data merge entity $(right_thumb) {transformation: [-0.5343f,-0.4974f,0.6835f,-0.5211f,0.3425f,-0.8666f,-0.363f,5.8895f,0.7728f,0.0401f,0.6333f,1.6636f,0f,0f,0f,1f],start_interpolation: 0,interpolation_duration: 1}
$data merge entity $(right_fingers2) {transformation: [0.9232f,0.0772f,0.3766f,0.1366f,0.2403f,0.6487f,-0.7221f,6.2309f,-0.3f,0.7571f,0.5803f,1.8006f,0f,0f,0f,1f],start_interpolation: 0,interpolation_duration: 1}
$data merge entity $(right_fingers) {transformation: [0.2751f,-0.8846f,0.3766f,-0.105f,0.6853f,-0.0942f,-0.7221f,6.2181f,0.6742f,0.4568f,0.5803f,1.954f,0f,0f,0f,1f],start_interpolation: 0,interpolation_duration: 1}
$data merge entity $(scout) {transformation: [0f,0f,0f,-0.004f,0f,0f,0f,6.0535f,0f,0f,0f,1.8674f,0f,0f,0f,1f],start_interpolation: 0,interpolation_duration: 1}
$data merge entity $(right_hand) {transformation: [-0.5343f,-0.7568f,0.3766f,-0.5505f,0.3425f,-0.6011f,-0.7221f,5.8153f,0.7728f,-0.2568f,0.5803f,1.818f,0f,0f,0f,1f],start_interpolation: 0,interpolation_duration: 1}
$data merge entity $(right_forearm) {transformation: [-1.1128f,-0.6237f,0.5195f,-1.4245f,-0.1872f,-0.6606f,-1.194f,4.7848f,0.7898f,-1.0353f,0.4489f,0.2424f,0f,0f,0f,1f],start_interpolation: 0,interpolation_duration: 1}
$data merge entity $(right_shoulder) {transformation: [-1.452f,0.0682f,-0.1921f,-1.0425f,0.1417f,1.331f,-0.5984f,6.3983f,0.1466f,-0.6112f,-1.3247f,-0.4897f,0f,0f,0f,1f],start_interpolation: 0,interpolation_duration: 1}
$data merge entity $(right_arm) {transformation: [-0.9638f,0.2231f,-0.1458f,-0.4356f,0.0084f,0.5722f,0.8201f,6.5663f,0.2664f,0.7892f,-0.5534f,-0.416f,0f,0f,0f,1f],start_interpolation: 0,interpolation_duration: 1}
$data merge entity $(left_thumb_2) {transformation: [-0.9004f,0.411f,0.1425f,1.3408f,0.2902f,0.8116f,-0.507f,4.7293f,-0.3241f,-0.4152f,-0.8501f,0.0948f,0f,0f,0f,1f],start_interpolation: 0,interpolation_duration: 1}
$data merge entity $(left_thumb) {transformation: [-0.9004f,0.274f,-0.3379f,1.5672f,0.2902f,-0.2003f,-0.9358f,4.635f,-0.3241f,-0.9406f,0.1009f,-0.1612f,0f,0f,0f,1f],start_interpolation: 0,interpolation_duration: 1}
$data merge entity $(left_fingers2) {transformation: [0.6144f,-0.6664f,-0.4224f,1.2026f,-0.3542f,0.2455f,-0.9024f,4.6668f,0.705f,0.704f,-0.0852f,0.3644f,0f,0f,0f,1f],start_interpolation: 0,interpolation_duration: 1}
$data merge entity $(left_fingers) {transformation: [0.1387f,0.8957f,-0.4224f,1.4508f,0.0285f,-0.43f,-0.9024f,4.5369f,-0.9899f,0.1131f,-0.0852f,0.4239f,0f,0f,0f,1f],start_interpolation: 0,interpolation_duration: 1}
$data merge entity $(left_hand) {transformation: [-0.8547f,0.3019f,-0.4224f,1.6133f,0.4278f,-0.0514f,-0.9024f,4.4675f,-0.2941f,-0.952f,-0.0852f,-0.166f,0f,0f,0f,1f],start_interpolation: 0,interpolation_duration: 1}
$data merge entity $(left_forearm) {transformation: [-1.3051f,-0.1576f,-0.4111f,1.3067f,0.3549f,0.3846f,-1.2741f,5.0151f,0.2605f,-1.3132f,-0.3238f,-2.1445f,0f,0f,0f,1f],start_interpolation: 0,interpolation_duration: 1}
$data merge entity $(left_shoulder) {transformation: [-1.3803f,-0.12f,-0.4798f,0.8977f,-0.3673f,1.2013f,0.7562f,6.3814f,0.3313f,0.8321f,-1.1609f,-1.0259f,0f,0f,0f,1f],start_interpolation: 0,interpolation_duration: 1}
$data merge entity $(left_arm) {transformation: [-0.9638f,0.2231f,-0.1458f,0.4175f,0.0084f,0.5722f,0.8201f,6.5588f,0.2664f,0.7892f,-0.5534f,-0.6518f,0f,0f,0f,1f],start_interpolation: 0,interpolation_duration: 1}
$data merge entity $(chest) {transformation: [-1.2323f,0.2853f,-0.1864f,-0.417f,0.0108f,0.7316f,1.0485f,5.5575f,0.3406f,1.009f,-0.7075f,-1.9783f,0f,0f,0f,1f],start_interpolation: 0,interpolation_duration: 1}
$data merge entity $(left_cheek) {transformation: [-0.9833f,-0.0769f,0.1649f,0.1929f,-0.0992f,0.9863f,-0.1317f,4.8106f,-0.1525f,-0.1459f,-0.9775f,-2.9471f,0f,0f,0f,1f],start_interpolation: 0,interpolation_duration: 1}
$data merge entity $(left_foot) {transformation: [-1.0027f,0.1328f,-0.1492f,0.3761f,0.0275f,0.8483f,0.5699f,0.3085f,0.1978f,0.5549f,-0.8356f,-3.1656f,0f,0f,0f,1f],start_interpolation: 0,interpolation_duration: 1}
$data merge entity $(left_knee) {transformation: [-3.0369f,0.1245f,-0.1174f,0.6308f,-0.02f,1.8141f,2.4415f,2.9198f,0.17f,2.4384f,-1.8104f,0.1302f,0f,0f,0f,1f],start_interpolation: 0,interpolation_duration: 1}
$data merge entity $(left_leg) {transformation: [-1.7152f,-0.0945f,-0.0263f,0.4088f,-0.0019f,0.4927f,-1.6458f,3.7573f,0.0981f,-1.6431f,-0.492f,-2.4836f,0f,0f,0f,1f],start_interpolation: 0,interpolation_duration: 1}
$data merge entity $(right_cheek) {transformation: [-0.9738f,0.2206f,-0.0553f,-0.646f,0.2028f,0.9523f,0.2281f,5.0303f,0.103f,0.2109f,-0.9721f,-2.9119f,0f,0f,0f,1f],start_interpolation: 0,interpolation_duration: 1}
$data merge entity $(right_foot) {transformation: [-0.9592f,-0.3538f,0.0073f,-1.4061f,0.0499f,-0.1142f,1.0147f,-0.1059f,-0.3504f,0.9524f,0.1244f,-8.3637f,0f,0f,0f,1f],start_interpolation: 0,interpolation_duration: 1}
$data merge entity $(right_knee) {transformation: [-2.9603f,0.0974f,0.6925f,-1.3279f,0.663f,1.3483f,2.6448f,1.8874f,-0.2223f,2.7249f,-1.3334f,-4.6534f,0f,0f,0f,1f],start_interpolation: 0,interpolation_duration: 1}
$data merge entity $(right_leg) {transformation: [-1.6719f,0.1847f,0.3491f,-0.9726f,0.3745f,1.2241f,1.1458f,3.7993f,-0.1255f,1.1912f,-1.2316f,-2.7037f,0f,0f,0f,1f],start_interpolation: 0,interpolation_duration: 1}
$data merge entity $(weist) {transformation: [-1.6014f,-0.0514f,0.2547f,-0.3158f,0.0486f,1.5028f,0.6092f,5.3515f,-0.2552f,0.609f,-1.4819f,-2.0814f,0f,0f,0f,1f],start_interpolation: 0,interpolation_duration: 1}
data modify storage animated_java:temp entry.data merge value {"locators":{"consume":{"px":0.127462537,"py":6.1591554508,"pz":1.8471516123,"ry":147.0195475641,"rx":-46.2277156578}}}
# Data Manager: Prepare for Read / Write
execute store result storage animated_java:temp args.id int 1 run scoreboard players get @s aj.id
# Data Manager: Write
function animated_java:global/data_manager/write with storage animated_java:temp args