# This file was generated by Animated Java via MC-Build. It is not recommended to edit this file directly.
$data merge entity $(neck) {transformation: [-0.9606f,0.1396f,-0.2403f,-0.0856f,-0.1365f,0.5165f,0.8454f,6.6657f,0.2421f,0.8449f,-0.4771f,-0.5375f,0f,0f,0f,1f],start_interpolation: 0,interpolation_duration: 1}
$data merge entity $(right_thumb_2) {transformation: [-0.3692f,-0.922f,0.1162f,0.0503f,0.4236f,-0.2783f,-0.862f,5.8997f,0.8272f,-0.2691f,0.4933f,1.6929f,0f,0f,0f,1f],start_interpolation: 0,interpolation_duration: 1}
$data merge entity $(right_thumb) {transformation: [-0.3692f,-0.7152f,0.5934f,-0.2429f,0.4236f,-0.6979f,-0.5775f,5.7462f,0.8272f,0.0381f,0.5606f,1.8199f,0f,0f,0f,1f],start_interpolation: 0,interpolation_duration: 1}
$data merge entity $(right_fingers2) {transformation: [0.9332f,0.3011f,0.1961f,0.491f,-0.0024f,0.551f,-0.8345f,5.8845f,-0.3593f,0.7783f,0.5149f,1.9211f,0f,0f,0f,1f],start_interpolation: 0,interpolation_duration: 1}
$data merge entity $(right_fingers) {transformation: [0.4959f,-0.8459f,0.1961f,0.2653f,0.5374f,0.1216f,-0.8345f,5.9282f,0.6821f,0.5192f,0.5149f,2.0921f,0f,0f,0f,1f],start_interpolation: 0,interpolation_duration: 1}
$data merge entity $(scout) {transformation: [0f,0f,0f,0.311f,0f,0f,0f,5.7483f,0f,0f,0f,1.9903f,0f,0f,0f,1f],start_interpolation: 0,interpolation_duration: 1}
$data merge entity $(right_hand) {transformation: [-0.3692f,-0.9084f,0.1961f,-0.2821f,0.4236f,-0.3524f,-0.8345f,5.6728f,0.8272f,-0.225f,0.5149f,1.9725f,0f,0f,0f,1f],start_interpolation: 0,interpolation_duration: 1}
$data merge entity $(right_forearm) {transformation: [-0.8858f,-1.0525f,0.0693f,-1.8277f,0.2767f,-0.3192f,-1.311f,5.1329f,1.0178f,-0.8292f,0.4167f,0.6966f,0f,0f,0f,1f],start_interpolation: 0,interpolation_duration: 1}
$data merge entity $(right_shoulder) {transformation: [-1.2254f,0.3791f,-0.7102f,-1.0957f,0.6833f,1.1737f,-0.5526f,6.4439f,0.4256f,-0.7929f,-1.1576f,-0.3186f,0f,0f,0f,1f],start_interpolation: 0,interpolation_duration: 1}
$data merge entity $(right_arm) {transformation: [-0.8953f,0.3754f,-0.2399f,-0.483f,-0.0165f,0.5102f,0.8599f,6.6045f,0.4452f,0.7738f,-0.4506f,-0.3449f,0f,0f,0f,1f],start_interpolation: 0,interpolation_duration: 1}
$data merge entity $(left_thumb_2) {transformation: [-0.7402f,0.6479f,-0.18f,1.4335f,0.6222f,0.7614f,0.1819f,4.7148f,0.2549f,0.0226f,-0.9667f,-1.3841f,0f,0f,0f,1f],start_interpolation: 0,interpolation_duration: 1}
$data merge entity $(left_thumb) {transformation: [-0.7402f,0.0657f,-0.6692f,1.5738f,0.6222f,0.4442f,-0.6446f,4.7746f,0.2549f,-0.8935f,-0.3697f,-1.7041f,0f,0f,0f,1f],start_interpolation: 0,interpolation_duration: 1}
$data merge entity $(left_fingers2) {transformation: [0.5153f,-0.4172f,-0.7486f,1.3072f,-0.856f,-0.2088f,-0.4729f,4.5109f,0.041f,0.8845f,-0.4647f,-1.1799f,0f,0f,0f,1f],start_interpolation: 0,interpolation_duration: 1}
$data merge entity $(left_fingers) {transformation: [0.0248f,0.6626f,-0.7486f,1.4898f,0.6805f,-0.5597f,-0.4729f,4.3288f,-0.7324f,-0.4977f,-0.4647f,-1.3045f,0f,0f,0f,1f],start_interpolation: 0,interpolation_duration: 1}
$data merge entity $(left_hand) {transformation: [-0.6443f,0.1567f,-0.7486f,1.5497f,0.6844f,0.5549f,-0.4729f,4.6521f,0.3413f,-0.817f,-0.4647f,-1.8251f,0f,0f,0f,1f],start_interpolation: 0,interpolation_duration: 1}
$data merge entity $(left_forearm) {transformation: [-1.2409f,-0.4085f,-0.4363f,0.8671f,-0.043f,1.0638f,-0.8738f,6.2206f,0.5961f,-0.7737f,-0.9712f,-3.0008f,0f,0f,0f,1f],start_interpolation: 0,interpolation_duration: 1}
$data merge entity $(left_shoulder) {transformation: [-1.3674f,0.0791f,-0.5232f,0.7047f,-0.4942f,0.3275f,1.341f,6.4771f,0.1892f,1.427f,-0.2788f,-1.2138f,0f,0f,0f,1f],start_interpolation: 0,interpolation_duration: 1}
$data merge entity $(left_arm) {transformation: [-0.8953f,0.3754f,-0.2399f,0.3094f,-0.0165f,0.5102f,0.8599f,6.6191f,0.4452f,0.7738f,-0.4506f,-0.739f,0f,0f,0f,1f],start_interpolation: 0,interpolation_duration: 1}
$data merge entity $(chest) {transformation: [-1.1447f,0.4799f,-0.3067f,-0.773f,-0.0211f,0.6523f,1.0994f,5.7202f,0.5692f,0.9894f,-0.5761f,-1.9551f,0f,0f,0f,1f],start_interpolation: 0,interpolation_duration: 1}
$data merge entity $(left_cheek) {transformation: [-0.9894f,-0.1051f,0.1003f,-0.1482f,-0.114f,0.9896f,-0.0878f,5.1046f,-0.0901f,-0.0983f,-0.9911f,-3.1084f,0f,0f,0f,1f],start_interpolation: 0,interpolation_duration: 1}
$data merge entity $(left_foot) {transformation: [-1.0009f,0.1145f,-0.1744f,0.0917f,0.0475f,0.9573f,0.3557f,0.3498f,0.2032f,0.3401f,-0.9425f,-2.0429f,0f,0f,0f,1f],start_interpolation: 0,interpolation_duration: 1}
$data merge entity $(left_knee) {transformation: [-3.0236f,0.2185f,-0.249f,0.4708f,0.0537f,2.579f,1.6119f,3.9836f,0.3269f,1.5979f,-2.5675f,0.0542f,0f,0f,0f,1f],start_interpolation: 0,interpolation_duration: 1}
$data merge entity $(left_leg) {transformation: [-1.7076f,-0.1846f,-0.0362f,0.1051f,0.041f,-0.0426f,-1.7169f,3.9674f,0.1836f,-1.7075f,0.0467f,-2.675f,0f,0f,0f,1f],start_interpolation: 0,interpolation_duration: 1}
$data merge entity $(right_cheek) {transformation: [-0.9845f,0.1608f,-0.07f,-1.0304f,0.1259f,0.9261f,0.3556f,5.2516f,0.122f,0.3413f,-0.932f,-2.8891f,0f,0f,0f,1f],start_interpolation: 0,interpolation_duration: 1}
$data merge entity $(right_foot) {transformation: [-0.9603f,-0.3141f,-0.1559f,-1.476f,0.0384f,-0.5459f,0.8635f,0.8561f,-0.3486f,0.8053f,0.5246f,-8.9997f,0f,0f,0f,1f],start_interpolation: 0,interpolation_duration: 1}
$data merge entity $(right_knee) {transformation: [-2.9943f,0.0165f,0.5348f,-1.5172f,0.5112f,0.9874f,2.8312f,2.3533f,-0.1582f,2.877f,-0.9748f,-5.0624f,0f,0f,0f,1f],start_interpolation: 0,interpolation_duration: 1}
$data merge entity $(right_leg) {transformation: [-1.6912f,0.1079f,0.2823f,-1.2822f,0.2887f,1.0514f,1.3276f,3.9868f,-0.0894f,1.3543f,-1.0532f,-2.8581f,0f,0f,0f,1f],start_interpolation: 0,interpolation_duration: 1}
$data merge entity $(weist) {transformation: [-1.6082f,-0.0756f,0.1996f,-0.6511f,0.0225f,1.4486f,0.7302f,5.5039f,-0.2123f,0.7266f,-1.4349f,-2.1312f,0f,0f,0f,1f],start_interpolation: 0,interpolation_duration: 1}
data modify storage animated_java:temp entry.data merge value {"locators":{"consume":{"px":0.4651563853,"py":5.8150549393,"pz":1.9648740104,"ry":159.1463929635,"rx":-56.5646430177}}}
# Data Manager: Prepare for Read / Write
execute store result storage animated_java:temp args.id int 1 run scoreboard players get @s aj.id
# Data Manager: Write
function animated_java:global/data_manager/write with storage animated_java:temp args