# This file was generated by Animated Java via MC-Build. It is not recommended to edit this file directly.
$data merge entity $(neck) {transformation: [-0.9406f,0.1834f,-0.2856f,-0.143f,-0.1536f,0.5202f,0.8401f,6.6792f,0.3026f,0.8341f,-0.4612f,-0.4933f,0f,0f,0f,1f],start_interpolation: 0,interpolation_duration: 1}
$data merge entity $(right_thumb_2) {transformation: [-0.2668f,-0.9618f,-0.0617f,0.2075f,0.6481f,-0.1317f,-0.7501f,5.8871f,0.7133f,-0.2402f,0.6585f,1.8326f,0f,0f,0f,1f],start_interpolation: 0,interpolation_duration: 1}
$data merge entity $(right_thumb) {transformation: [-0.2668f,-0.8443f,0.4647f,-0.1103f,0.6481f,-0.5141f,-0.5618f,5.8257f,0.7133f,0.1513f,0.6844f,1.9773f,0f,0f,0f,1f],start_interpolation: 0,interpolation_duration: 1}
$data merge entity $(right_fingers2) {transformation: [0.9096f,0.4149f,0.0223f,0.6371f,-0.266f,0.6228f,-0.7357f,5.8282f,-0.3192f,0.6633f,0.6769f,2.0743f,0f,0f,0f,1f],start_interpolation: 0,interpolation_duration: 1}
$data merge entity $(right_fingers) {transformation: [0.6019f,-0.7982f,0.0223f,0.4268f,0.5505f,0.3945f,-0.7357f,5.9507f,0.5785f,0.4552f,0.6769f,2.2253f,0f,0f,0f,1f],start_interpolation: 0,interpolation_duration: 1}
$data merge entity $(scout) {transformation: [0f,0f,0f,0.4333f,0f,0f,0f,5.7486f,0f,0f,0f,2.1629f,0f,0f,0f,1f],start_interpolation: 0,interpolation_duration: 1}
$data merge entity $(right_hand) {transformation: [-0.2668f,-0.9635f,0.0223f,-0.1627f,0.6481f,-0.1966f,-0.7357f,5.7942f,0.7133f,-0.1818f,0.6769f,2.14f,0f,0f,0f,1f],start_interpolation: 0,interpolation_duration: 1}
$data merge entity $(right_forearm) {transformation: [-0.6261f,-1.208f,-0.2139f,-1.9637f,0.6429f,-0.1185f,-1.2123f,5.5449f,1.0449f,-0.6509f,0.6177f,1.1387f,0f,0f,0f,1f],start_interpolation: 0,interpolation_duration: 1}
$data merge entity $(right_shoulder) {transformation: [-0.9447f,0.5005f,-1.0035f,-1.1308f,1.0335f,0.8976f,-0.5253f,6.4478f,0.435f,-1.0458f,-0.9311f,-0.194f,0f,0f,0f,1f],start_interpolation: 0,interpolation_duration: 1}
$data merge entity $(right_arm) {transformation: [-0.858f,0.4325f,-0.2773f,-0.5241f,-0.0233f,0.5064f,0.862f,6.615f,0.5132f,0.746f,-0.4244f,-0.2709f,0f,0f,0f,1f],start_interpolation: 0,interpolation_duration: 1}
$data merge entity $(left_thumb_2) {transformation: [-0.502f,0.7307f,-0.4627f,1.6627f,0.3145f,0.6526f,0.6894f,5.2509f,0.8057f,0.2006f,-0.5574f,-2.3824f,0f,0f,0f,1f],start_interpolation: 0,interpolation_duration: 1}
$data merge entity $(left_thumb) {transformation: [-0.502f,-0.1478f,-0.8521f,1.7016f,0.3145f,0.8866f,-0.3391f,5.4943f,0.8057f,-0.4382f,-0.3986f,-2.6372f,0f,0f,0f,1f],start_interpolation: 0,interpolation_duration: 1}
$data merge entity $(left_fingers2) {transformation: [0.3541f,-0.1369f,-0.9251f,1.5683f,-0.6522f,-0.7451f,-0.1394f,4.9543f,-0.6702f,0.6528f,-0.3532f,-2.3029f,0f,0f,0f,1f],start_interpolation: 0,interpolation_duration: 1}
$data merge entity $(left_fingers) {transformation: [-0.0909f,0.3686f,-0.9251f,1.6691f,0.9844f,-0.1069f,-0.1394f,4.895f,-0.1503f,-0.9234f,-0.3532f,-2.5644f,0f,0f,0f,1f],start_interpolation: 0,interpolation_duration: 1}
$data merge entity $(left_hand) {transformation: [-0.3796f,-0.009f,-0.9251f,1.6208f,0.3175f,0.938f,-0.1394f,5.4665f,0.869f,-0.3466f,-0.3532f,-2.7885f,0f,0f,0f,1f],start_interpolation: 0,interpolation_duration: 1}
$data merge entity $(left_forearm) {transformation: [-1.1435f,-0.6612f,-0.3905f,0.5633f,-0.6112f,1.2077f,-0.255f,7.2506f,0.4648f,-0.0384f,-1.296f,-2.8742f,0f,0f,0f,1f],start_interpolation: 0,interpolation_duration: 1}
$data merge entity $(left_shoulder) {transformation: [-1.2901f,0.2228f,-0.6602f,0.5962f,-0.6961f,-0.4731f,1.2006f,6.4948f,-0.0306f,1.3698f,0.5221f,-1.2271f,0f,0f,0f,1f],start_interpolation: 0,interpolation_duration: 1}
$data merge entity $(left_arm) {transformation: [-0.858f,0.4325f,-0.2773f,0.2353f,-0.0233f,0.5064f,0.862f,6.6357f,0.5132f,0.746f,-0.4244f,-0.7252f,0f,0f,0f,1f],start_interpolation: 0,interpolation_duration: 1}
$data merge entity $(chest) {transformation: [-1.0969f,0.5529f,-0.3545f,-0.935f,-0.0298f,0.6475f,1.1021f,5.7406f,0.6561f,0.9538f,-0.5426f,-1.86f,0f,0f,0f,1f],start_interpolation: 0,interpolation_duration: 1}
$data merge entity $(left_cheek) {transformation: [-0.9867f,-0.1497f,0.063f,-0.303f,-0.1542f,0.9853f,-0.0737f,5.2267f,-0.051f,-0.0824f,-0.9953f,-3.1863f,0f,0f,0f,1f],start_interpolation: 0,interpolation_duration: 1}
$data merge entity $(left_foot) {transformation: [-1f,0.0415f,-0.2086f,0.2172f,0.033f,1.0208f,0.0452f,0.459f,0.2101f,0.0374f,-0.9998f,-0.5886f,0f,0f,0f,1f],start_interpolation: 0,interpolation_duration: 1}
$data merge entity $(left_knee) {transformation: [-3.0133f,0.1075f,-0.4011f,0.4361f,0.0428f,3.0027f,0.4838f,4.6333f,0.413f,0.4736f,-2.9761f,-0.0668f,0f,0f,0f,1f],start_interpolation: 0,interpolation_duration: 1}
$data merge entity $(left_leg) {transformation: [-1.7019f,-0.2322f,0.033f,-0.0077f,0.0241f,-0.4138f,-1.6672f,4.0203f,0.2333f,-1.6511f,0.4132f,-2.7144f,0f,0f,0f,1f],start_interpolation: 0,interpolation_duration: 1}
$data merge entity $(right_cheek) {transformation: [-0.9901f,0.1283f,-0.0576f,-1.1876f,0.0928f,0.9037f,0.418f,5.2395f,0.1057f,0.4085f,-0.9066f,-2.8415f,0f,0f,0f,1f],start_interpolation: 0,interpolation_duration: 1}
$data merge entity $(right_foot) {transformation: [-0.9495f,-0.3236f,-0.1973f,-1.38f,0.0706f,-0.674f,0.7655f,1.4992f,-0.3724f,0.6973f,0.6483f,-9.1928f,0f,0f,0f,1f],start_interpolation: 0,interpolation_duration: 1}
$data merge entity $(right_knee) {transformation: [-3.0019f,-0.1046f,0.4793f,-1.5914f,0.4556f,0.5077f,2.9643f,2.3361f,-0.182f,2.9972f,-0.4853f,-5.0696f,0f,0f,0f,1f],start_interpolation: 0,interpolation_duration: 1}
$data merge entity $(right_leg) {transformation: [-1.6955f,0.0836f,0.2641f,-1.3946f,0.2573f,1.0827f,1.3088f,4.0216f,-0.1028f,1.3312f,-1.081f,-2.9009f,0f,0f,0f,1f],start_interpolation: 0,interpolation_duration: 1}
$data merge entity $(weist) {transformation: [-1.6079f,-0.106f,0.1885f,-0.7953f,0.0015f,1.4089f,0.8044f,5.5128f,-0.2163f,0.7974f,-1.3962f,-2.0975f,0f,0f,0f,1f],start_interpolation: 0,interpolation_duration: 1}
data modify storage animated_java:temp entry.data merge value {"locators":{"consume":{"px":0.5977345965,"py":5.7757318531,"pz":2.1301055825,"ry":178.1101816482,"rx":-47.3692645402}}}
# Data Manager: Prepare for Read / Write
execute store result storage animated_java:temp args.id int 1 run scoreboard players get @s aj.id
# Data Manager: Write
function animated_java:global/data_manager/write with storage animated_java:temp args
execute unless entity @s[tag=aj.transforms_only] at @s run function animated_java:female/animations/berserk_leap_l/zzz/frames/6_root_function