# This file was generated by Animated Java via MC-Build. It is not recommended to edit this file directly.
$data merge entity $(neck) {transformation: [-0.9914f,-0.0057f,-0.1306f,-0.2056f,-0.0964f,0.7071f,0.7006f,6.5617f,0.0883f,0.7071f,-0.7016f,-0.2922f,0f,0f,0f,1f],start_interpolation: 0,interpolation_duration: 1}
$data merge entity $(right_thumb_2) {transformation: [-0.2805f,-0.881f,-0.381f,-0.5047f,0.9031f,-0.1077f,-0.4158f,5.8157f,0.3253f,-0.4607f,0.8258f,1.9604f,0f,0f,0f,1f],start_interpolation: 0,interpolation_duration: 1}
$data merge entity $(right_thumb) {transformation: [-0.2805f,-0.9477f,0.1521f,-0.8534f,0.9031f,-0.3143f,-0.2928f,5.8526f,0.3253f,0.0552f,0.944f,2.013f,0f,0f,0f,1f],start_interpolation: 0,interpolation_duration: 1}
$data merge entity $(right_fingers2) {transformation: [0.8781f,0.3706f,-0.3027f,-0.1693f,-0.4705f,0.7841f,-0.4048f,5.8098f,0.0873f,0.4979f,0.8628f,2.3263f,0f,0f,0f,1f],start_interpolation: 0,interpolation_duration: 1}
$data merge entity $(right_fingers) {transformation: [0.5519f,-0.777f,-0.3027f,-0.3774f,0.6636f,0.6291f,-0.4048f,6.0048f,0.505f,0.0225f,0.8628f,2.3533f,0f,0f,0f,1f],start_interpolation: 0,interpolation_duration: 1}
$data merge entity $(scout) {transformation: [0f,0f,0f,-0.4008f,0f,0f,0f,5.7951f,0f,0f,0f,2.3703f,0f,0f,0f,1f],start_interpolation: 0,interpolation_duration: 1}
$data merge entity $(right_hand) {transformation: [-0.2805f,-0.9109f,-0.3027f,-0.9488f,0.9031f,-0.1436f,-0.4048f,5.8942f,0.3253f,-0.3869f,0.8628f,2.1522f,0f,0f,0f,1f],start_interpolation: 0,interpolation_duration: 1}
$data merge entity $(right_forearm) {transformation: [-0.9606f,-0.97f,-0.1828f,-2.3763f,0.5686f,-0.3352f,-1.2089f,5.3217f,0.8069f,-0.9186f,0.6343f,0.7584f,0f,0f,0f,1f],start_interpolation: 0,interpolation_duration: 1}
$data merge entity $(right_shoulder) {transformation: [-1.1082f,0.7318f,-0.6214f,-1.2407f,0.9515f,0.9639f,-0.5616f,6.3232f,0.1282f,-0.8277f,-1.2034f,-0.238f,0f,0f,0f,1f],start_interpolation: 0,interpolation_duration: 1}
$data merge entity $(right_arm) {transformation: [-0.9776f,0.1771f,-0.1137f,-0.6388f,0.0382f,0.6806f,0.7316f,6.525f,0.207f,0.7109f,-0.6722f,-0.1932f,0f,0f,0f,1f],start_interpolation: 0,interpolation_duration: 1}
$data merge entity $(left_thumb_2) {transformation: [-0.5472f,0.4918f,-0.6773f,2.6316f,0.1964f,0.862f,0.4673f,4.8625f,0.8137f,0.1227f,-0.5682f,-1.8104f,0f,0f,0f,1f],start_interpolation: 0,interpolation_duration: 1}
$data merge entity $(left_thumb) {transformation: [-0.5472f,-0.444f,-0.7095f,2.5799f,0.1964f,0.7559f,-0.6245f,5.0854f,0.8137f,-0.481f,-0.3264f,-2.0812f,0f,0f,0f,1f],start_interpolation: 0,interpolation_duration: 1}
$data merge entity $(left_fingers2) {transformation: [0.5247f,0.1308f,-0.8412f,2.6436f,-0.5659f,-0.6846f,-0.4595f,4.5611f,-0.636f,0.7171f,-0.2851f,-1.707f,0f,0f,0f,1f],start_interpolation: 0,interpolation_duration: 1}
$data merge entity $(left_fingers) {transformation: [-0.4125f,0.3496f,-0.8412f,2.7487f,0.8862f,-0.0599f,-0.4595f,4.5157f,-0.211f,-0.935f,-0.2851f,-1.9695f,0f,0f,0f,1f],start_interpolation: 0,interpolation_duration: 1}
$data merge entity $(left_hand) {transformation: [-0.4285f,-0.3299f,-0.8412f,2.5067f,0.2447f,0.8538f,-0.4595f,5.0211f,0.8698f,-0.4027f,-0.2851f,-2.2251f,0f,0f,0f,1f],start_interpolation: 0,interpolation_duration: 1}
$data merge entity $(left_forearm) {transformation: [-0.9579f,-0.9656f,-0.2176f,1.0049f,-0.8958f,0.9745f,-0.3808f,6.4375f,0.4209f,-0.1233f,-1.3057f,-2.4408f,0f,0f,0f,1f],start_interpolation: 0,interpolation_duration: 1}
$data merge entity $(left_shoulder) {transformation: [-0.9159f,-0.0943f,-1.1411f,0.742f,-1.1449f,0.0562f,0.9143f,6.2458f,-0.0151f,1.4621f,-0.1087f,-0.6577f,0f,0f,0f,1f],start_interpolation: 0,interpolation_duration: 1}
$data merge entity $(left_arm) {transformation: [-0.9776f,0.1771f,-0.1137f,0.2265f,0.0382f,0.6806f,0.7316f,6.4912f,0.207f,0.7109f,-0.6722f,-0.3764f,0f,0f,0f,1f],start_interpolation: 0,interpolation_duration: 1}
$data merge entity $(chest) {transformation: [-1.2499f,0.2264f,-0.1454f,-0.5299f,0.0488f,0.8702f,0.9354f,5.3042f,0.2646f,0.9089f,-0.8594f,-1.592f,0f,0f,0f,1f],start_interpolation: 0,interpolation_duration: 1}
$data merge entity $(left_cheek) {transformation: [-0.9698f,-0.1381f,0.2009f,0.1505f,-0.1678f,0.9759f,-0.1394f,4.5614f,-0.1768f,-0.1689f,-0.9696f,-2.7631f,0f,0f,0f,1f],start_interpolation: 0,interpolation_duration: 1}
$data merge entity $(left_foot) {transformation: [-1.0144f,0.0026f,-0.1272f,0.6719f,0.0133f,1.0187f,-0.0854f,-0.4987f,0.1266f,-0.0864f,-1.0108f,0.4255f,0f,0f,0f,1f],start_interpolation: 0,interpolation_duration: 1}
$data merge entity $(left_knee) {transformation: [-3.0348f,-0.0703f,-0.1923f,0.6537f,-0.0764f,3.0393f,0.0945f,3.7138f,0.19f,0.0991f,-3.0342f,0.4331f,0f,0f,0f,1f],start_interpolation: 0,interpolation_duration: 1}
$data merge entity $(left_leg) {transformation: [-1.7122f,-0.1063f,0.0925f,0.4095f,-0.0836f,-0.1428f,-1.71f,3.5317f,0.1135f,-1.7087f,0.1372f,-2.3036f,0f,0f,0f,1f],start_interpolation: 0,interpolation_duration: 1}
$data merge entity $(right_cheek) {transformation: [-0.9796f,0.1999f,-0.0214f,-0.6796f,0.1863f,0.9425f,0.2774f,4.6708f,0.0756f,0.2677f,-0.9605f,-2.6972f,0f,0f,0f,1f],start_interpolation: 0,interpolation_duration: 1}
$data merge entity $(right_foot) {transformation: [-0.924f,-0.4374f,0.0063f,-0.9852f,0.1725f,-0.3506f,0.9447f,1.0557f,-0.4021f,0.8549f,0.3907f,-8.3463f,0f,0f,0f,1f],start_interpolation: 0,interpolation_duration: 1}
$data merge entity $(right_knee) {transformation: [-2.9635f,-0.2404f,0.6418f,-1.3767f,0.6366f,0.0903f,2.973f,1.3206f,-0.254f,3.0309f,-0.0377f,-4.1603f,0f,0f,0f,1f],start_interpolation: 0,interpolation_duration: 1}
$data merge entity $(right_leg) {transformation: [-1.6738f,0.223f,0.3164f,-0.959f,0.3595f,1.4161f,0.9037f,3.5479f,-0.1435f,0.9467f,-1.4264f,-2.5959f,0f,0f,0f,1f],start_interpolation: 0,interpolation_duration: 1}
$data merge entity $(weist) {transformation: [-1.5865f,-0.1357f,0.311f,-0.3903f,0.0189f,1.4494f,0.7285f,5.0674f,-0.3388f,0.716f,-1.4158f,-1.8238f,0f,0f,0f,1f],start_interpolation: 0,interpolation_duration: 1}
data modify storage animated_java:temp entry.data merge value {"locators":{"consume":{"px":-0.2313907558,"py":5.7885022005,"pz":2.3819842021,"ry":199.3334101541,"rx":-23.8802053321}}}
# Data Manager: Prepare for Read / Write
execute store result storage animated_java:temp args.id int 1 run scoreboard players get @s aj.id
# Data Manager: Write
function animated_java:global/data_manager/write with storage animated_java:temp args