# This file was generated by Animated Java via MC-Build. It is not recommended to edit this file directly.
$data merge entity $(neck) {transformation: [-0.9797f,-0.0815f,0.1832f,0.0809f,0.0152f,0.8809f,0.4731f,6.3817f,-0.1999f,0.4663f,-0.8617f,-0.3059f,0f,0f,0f,1f],start_interpolation: 0,interpolation_duration: 1}
$data merge entity $(right_thumb_2) {transformation: [-0.2062f,-0.7112f,-0.6721f,-0.8537f,0.965f,-0.2616f,-0.0192f,5.8277f,-0.1622f,-0.6525f,0.7402f,1.6686f,0f,0f,0f,1f],start_interpolation: 0,interpolation_duration: 1}
$data merge entity $(right_thumb) {transformation: [-0.2062f,-0.9609f,-0.1847f,-1.1909f,0.965f,-0.231f,0.1244f,5.8947f,-0.1622f,-0.1526f,0.9749f,1.5818f,0f,0f,0f,1f],start_interpolation: 0,interpolation_duration: 1}
$data merge entity $(right_fingers2) {transformation: [0.7201f,0.3351f,-0.6075f,-0.6471f,-0.4193f,0.9078f,0.0037f,5.9645f,0.5528f,0.2521f,0.7943f,2.0988f,0f,0f,0f,1f],start_interpolation: 0,interpolation_duration: 1}
$data merge entity $(right_fingers) {transformation: [0.483f,-0.6305f,-0.6075f,-0.8176f,0.7955f,0.6059f,0.0037f,6.1596f,0.3658f,-0.4851f,0.7943f,1.9767f,0f,0f,0f,1f],start_interpolation: 0,interpolation_duration: 1}
$data merge entity $(scout) {transformation: [0f,0f,0f,-0.8802f,0f,0f,0f,5.9772f,0f,0f,0f,2.0639f,0f,0f,0f,1f],start_interpolation: 0,interpolation_duration: 1}
$data merge entity $(right_hand) {transformation: [-0.2062f,-0.7671f,-0.6075f,-1.3145f,0.965f,-0.2623f,0.0037f,5.9938f,-0.1622f,-0.5855f,0.7943f,1.653f,0f,0f,0f,1f],start_interpolation: 0,interpolation_duration: 1}
$data merge entity $(right_forearm) {transformation: [-1.2311f,-0.6082f,-0.1078f,-2.1831f,0.4133f,-0.6325f,-1.1516f,4.9822f,0.459f,-1.0617f,0.7478f,0.0623f,0f,0f,0f,1f],start_interpolation: 0,interpolation_duration: 1}
$data merge entity $(right_shoulder) {transformation: [-1.2143f,0.8127f,-0.1217f,-0.9436f,0.7843f,1.0814f,-0.6044f,6.162f,-0.2453f,-0.5657f,-1.3303f,-0.5352f,0f,0f,0f,1f],start_interpolation: 0,interpolation_duration: 1}
$data merge entity $(right_arm) {transformation: [-0.9764f,-0.0149f,0.2155f,-0.3603f,0.0983f,0.8576f,0.5048f,6.3761f,-0.1923f,0.5141f,-0.8359f,-0.3703f,0f,0f,0f,1f],start_interpolation: 0,interpolation_duration: 1}
$data merge entity $(left_thumb_2) {transformation: [-0.6692f,0.438f,-0.6003f,3.5085f,0.4781f,0.8722f,0.1035f,3.9529f,0.5689f,-0.2177f,-0.7931f,0.1166f,0f,0f,0f,1f],start_interpolation: 0,interpolation_duration: 1}
$data merge entity $(left_thumb) {transformation: [-0.6692f,-0.4033f,-0.6241f,3.4868f,0.4781f,0.4093f,-0.7771f,4.0247f,0.5689f,-0.8184f,-0.0811f,-0.2299f,0f,0f,0f,1f],start_interpolation: 0,interpolation_duration: 1}
$data merge entity $(left_fingers2) {transformation: [0.6398f,0.0402f,-0.7675f,3.5222f,-0.7389f,-0.2424f,-0.6286f,3.7384f,-0.2113f,0.9693f,-0.1254f,0.3459f,0f,0f,0f,1f],start_interpolation: 0,interpolation_duration: 1}
$data merge entity $(left_fingers) {transformation: [-0.4174f,0.4865f,-0.7675f,3.667f,0.6385f,-0.4439f,-0.6286f,3.5892f,-0.6466f,-0.7525f,-0.1254f,0.1488f,0f,0f,0f,1f],start_interpolation: 0,interpolation_duration: 1}
$data merge entity $(left_hand) {transformation: [-0.5596f,-0.3127f,-0.7675f,3.4382f,0.5617f,0.5379f,-0.6286f,3.8946f,0.6094f,-0.7829f,-0.1254f,-0.3345f,0f,0f,0f,1f],start_interpolation: 0,interpolation_duration: 1}
$data merge entity $(left_forearm) {transformation: [-1.0592f,-0.8802f,-0.019f,2.0679f,-0.668f,0.8228f,-0.8797f,5.074f,0.5735f,-0.6673f,-1.0597f,-1.3542f,0f,0f,0f,1f],start_interpolation: 0,interpolation_duration: 1}
$data merge entity $(left_shoulder) {transformation: [-0.8312f,-0.7201f,-0.9698f,1.0536f,-1.1107f,0.9182f,0.2703f,5.9609f,0.4745f,0.8878f,-1.066f,-0.1418f,0f,0f,0f,1f],start_interpolation: 0,interpolation_duration: 1}
$data merge entity $(left_arm) {transformation: [-0.9764f,-0.0149f,0.2155f,0.5039f,0.0983f,0.8576f,0.5048f,6.2891f,-0.1923f,0.5141f,-0.8359f,-0.2001f,0f,0f,0f,1f],start_interpolation: 0,interpolation_duration: 1}
$data merge entity $(chest) {transformation: [-1.2484f,-0.0191f,0.2755f,0.1063f,0.1257f,1.0965f,0.6454f,4.8012f,-0.2459f,0.6573f,-1.0687f,-1.2425f,0f,0f,0f,1f],start_interpolation: 0,interpolation_duration: 1}
$data merge entity $(left_cheek) {transformation: [-0.9413f,-0.0765f,0.3288f,0.8308f,-0.157f,0.9614f,-0.2259f,3.821f,-0.2989f,-0.2643f,-0.917f,-2.2714f,0f,0f,0f,1f],start_interpolation: 0,interpolation_duration: 1}
$data merge entity $(left_foot) {transformation: [-1.0212f,-0.0107f,-0.0472f,1.3383f,-0.0037f,1.0116f,-0.1481f,-1.7391f,0.0483f,-0.1477f,-1.0105f,1.0974f,0f,0f,0f,1f],start_interpolation: 0,interpolation_duration: 1}
$data merge entity $(left_knee) {transformation: [-3.0341f,-0.2148f,0.0118f,1.1285f,-0.2148f,3.0341f,-0.0009f,2.4663f,-0.0118f,-0.0017f,-3.0417f,0.9709f,0f,0f,0f,1f],start_interpolation: 0,interpolation_duration: 1}
$data merge entity $(left_leg) {transformation: [-1.7055f,-0.0198f,0.206f,1.0198f,-0.2064f,0.285f,-1.6815f,2.9637f,-0.0148f,-1.694f,-0.2853f,-1.7353f,0f,0f,0f,1f],start_interpolation: 0,interpolation_duration: 1}
$data merge entity $(right_cheek) {transformation: [-0.9552f,0.296f,0.0081f,0.0603f,0.2952f,0.95f,0.1019f,4.0297f,0.0225f,0.0997f,-0.9948f,-2.4065f,0f,0f,0f,1f],start_interpolation: 0,interpolation_duration: 1}
$data merge entity $(right_foot) {transformation: [-0.8879f,-0.4082f,0.3002f,-0.4449f,0.2661f,0.1399f,0.9772f,0.5021f,-0.4313f,0.9268f,-0.0153f,-7.1087f,0f,0f,0f,1f],start_interpolation: 0,interpolation_duration: 1}
$data merge entity $(right_knee) {transformation: [-2.8985f,-0.3979f,0.8321f,-1.0448f,0.8552f,-0.1312f,2.9161f,0.4644f,-0.3456f,3.0127f,0.2369f,-2.9393f,0f,0f,0f,1f],start_interpolation: 0,interpolation_duration: 1}
$data merge entity $(right_leg) {transformation: [-1.6371f,0.4186f,0.3101f,-0.3151f,0.483f,1.6028f,0.3862f,3.0007f,-0.1952f,0.4552f,-1.645f,-2.1538f,0f,0f,0f,1f],start_interpolation: 0,interpolation_duration: 1}
$data merge entity $(weist) {transformation: [-1.5475f,-0.1429f,0.4656f,0.2406f,0.043f,1.5048f,0.6048f,4.5571f,-0.4851f,0.5892f,-1.4316f,-1.4488f,0f,0f,0f,1f],start_interpolation: 0,interpolation_duration: 1}
data modify storage animated_java:temp entry.data merge value {"locators":{"consume":{"px":-0.7254680241,"py":5.9704926943,"pz":2.1338065866,"ry":217.4119140095,"rx":0.2116266802}}}
# Data Manager: Prepare for Read / Write
execute store result storage animated_java:temp args.id int 1 run scoreboard players get @s aj.id
# Data Manager: Write
function animated_java:global/data_manager/write with storage animated_java:temp args