# This file was generated by Animated Java via MC-Build. It is not recommended to edit this file directly.
$data merge entity $(neck) {transformation: [-0.908f,-0.1516f,0.3906f,0.1863f,0.0273f,0.9088f,0.4163f,6.3411f,-0.4181f,0.3887f,-0.8211f,-0.2748f,0f,0f,0f,1f],start_interpolation: 0,interpolation_duration: 1}
$data merge entity $(right_thumb_2) {transformation: [-0.5377f,-0.5249f,-0.6599f,-1.0236f,0.8351f,-0.4394f,-0.331f,5.744f,-0.1162f,-0.729f,0.6746f,1.1587f,0f,0f,0f,1f],start_interpolation: 0,interpolation_duration: 1}
$data merge entity $(right_thumb) {transformation: [-0.5377f,-0.7972f,-0.2745f,-1.356f,0.8351f,-0.5484f,-0.0431f,5.692f,-0.1162f,-0.2524f,0.9606f,1.0468f,0f,0f,0f,1f],start_interpolation: 0,interpolation_duration: 1}
$data merge entity $(right_fingers2) {transformation: [0.7902f,-0.0389f,-0.6116f,-0.9076f,-0.1794f,0.9396f,-0.2915f,5.9055f,0.586f,0.34f,0.7355f,1.6137f,0f,0f,0f,1f],start_interpolation: 0,interpolation_duration: 1}
$data merge entity $(right_fingers) {transformation: [0.1331f,-0.7799f,-0.6116f,-1.1306f,0.8785f,0.3785f,-0.2915f,6.036f,0.4588f,-0.4985f,0.7355f,1.49f,0f,0f,0f,1f],start_interpolation: 0,interpolation_duration: 1}
$data merge entity $(scout) {transformation: [0f,0f,0f,-1.1265f,0f,0f,0f,5.836f,0f,0f,0f,1.5591f,0f,0f,0f,1f],start_interpolation: 0,interpolation_duration: 1}
$data merge entity $(right_hand) {transformation: [-0.5377f,-0.5804f,-0.6116f,-1.5114f,0.8351f,-0.4666f,-0.2915f,5.7324f,-0.1162f,-0.6675f,0.7355f,1.1131f,0f,0f,0f,1f],start_interpolation: 0,interpolation_duration: 1}
$data merge entity $(right_forearm) {transformation: [-1.3623f,-0.1915f,0.0679f,-1.7407f,0.0517f,-0.7721f,-1.1395f,4.526f,0.1965f,-1.1244f,0.7708f,-0.5604f,0f,0f,0f,1f],start_interpolation: 0,interpolation_duration: 1}
$data merge entity $(right_shoulder) {transformation: [-1.2969f,0.6069f,0.3155f,-0.7495f,0.5151f,1.3115f,-0.4055f,6.0343f,-0.4501f,-0.2479f,-1.3733f,-0.7277f,0f,0f,0f,1f],start_interpolation: 0,interpolation_duration: 1}
$data merge entity $(right_arm) {transformation: [-0.8787f,-0.194f,0.4362f,-0.2157f,0.0221f,0.8962f,0.443f,6.3033f,-0.4769f,0.3989f,-0.7832f,-0.4638f,0f,0f,0f,1f],start_interpolation: 0,interpolation_duration: 1}
$data merge entity $(left_thumb_2) {transformation: [-0.7622f,0.6431f,0.0741f,2.0844f,0.4732f,0.6316f,-0.6141f,5.624f,-0.4418f,-0.433f,-0.7857f,3.5768f,0f,0f,0f,1f],start_interpolation: 0,interpolation_duration: 1}
$data merge entity $(left_thumb) {transformation: [-0.7622f,0.29f,-0.5788f,2.2989f,0.4732f,-0.3605f,-0.8038f,5.4491f,-0.4418f,-0.8865f,0.1375f,3.3552f,0f,0f,0f,1f],start_interpolation: 0,interpolation_duration: 1}
$data merge entity $(left_fingers2) {transformation: [0.4413f,-0.6342f,-0.6348f,1.9118f,-0.4247f,0.4756f,-0.7704f,5.6265f,0.7905f,0.6096f,-0.0595f,3.8342f,0f,0f,0f,1f],start_interpolation: 0,interpolation_duration: 1}
$data merge entity $(left_fingers) {transformation: [0.2237f,0.7396f,-0.6348f,2.1116f,-0.1095f,-0.6281f,-0.7704f,5.4449f,-0.9685f,0.2418f,-0.0595f,3.93f,0f,0f,0f,1f],start_interpolation: 0,interpolation_duration: 1}
$data merge entity $(left_hand) {transformation: [-0.6849f,0.3576f,-0.6348f,2.2998f,0.5967f,-0.2247f,-0.7704f,5.2759f,-0.4181f,-0.9065f,-0.0595f,3.3686f,0f,0f,0f,1f],start_interpolation: 0,interpolation_duration: 1}
$data merge entity $(left_forearm) {transformation: [-1.2737f,0.0281f,0.5235f,2.3082f,-0.5239f,-0.0191f,-1.2737f,5.1789f,-0.0187f,-1.3769f,0.0284f,1.2952f,0f,0f,0f,1f],start_interpolation: 0,interpolation_duration: 1}
$data merge entity $(left_shoulder) {transformation: [-1.1924f,-0.8175f,0.2444f,1.0633f,-0.7289f,0.7577f,-1.0219f,5.9887f,0.4434f,-0.9526f,-1.0226f,0.2561f,0f,0f,0f,1f],start_interpolation: 0,interpolation_duration: 1}
$data merge entity $(left_arm) {transformation: [-0.8787f,-0.194f,0.4362f,0.5621f,0.0221f,0.8962f,0.443f,6.2837f,-0.4769f,0.3989f,-0.7832f,-0.0418f,0f,0f,0f,1f],start_interpolation: 0,interpolation_duration: 1}
$data merge entity $(chest) {transformation: [-1.1235f,-0.248f,0.5577f,0.5386f,0.0282f,1.1459f,0.5664f,4.6902f,-0.6097f,0.51f,-1.0014f,-1.0003f,0f,0f,0f,1f],start_interpolation: 0,interpolation_duration: 1}
$data merge entity $(left_cheek) {transformation: [-0.9046f,-0.0213f,0.4257f,1.3047f,-0.1574f,0.9448f,-0.2874f,3.5979f,-0.3961f,-0.327f,-0.858f,-1.9155f,0f,0f,0f,1f],start_interpolation: 0,interpolation_duration: 1}
$data merge entity $(left_foot) {transformation: [-1.0218f,-0.0323f,-0.0082f,1.9732f,-0.0311f,1.0144f,-0.1238f,-2.4972f,0.012f,-0.1235f,-1.0148f,1.1853f,0f,0f,0f,1f],start_interpolation: 0,interpolation_duration: 1}
$data merge entity $(left_knee) {transformation: [-3.0172f,-0.3762f,0.0858f,1.5426f,-0.3713f,3.0148f,0.1597f,1.6924f,-0.1048f,0.148f,-3.0363f,1.2689f,0f,0f,0f,1f],start_interpolation: 0,interpolation_duration: 1}
$data merge entity $(left_leg) {transformation: [-1.6832f,-0.0373f,0.3418f,1.4029f,-0.329f,0.6708f,-1.547f,2.7987f,-0.0999f,-1.5812f,-0.6644f,-1.2489f,0f,0f,0f,1f],start_interpolation: 0,interpolation_duration: 1}
$data merge entity $(right_cheek) {transformation: [-0.9365f,0.3367f,0.098f,0.5508f,0.3403f,0.9401f,0.0221f,3.8604f,-0.0847f,0.0541f,-0.9949f,-2.0923f,0f,0f,0f,1f],start_interpolation: 0,interpolation_duration: 1}
$data merge entity $(right_foot) {transformation: [-0.9092f,-0.2668f,0.384f,-0.3103f,0.1909f,0.5547f,0.8373f,-0.6613f,-0.4268f,0.8163f,-0.4435f,-6.5225f,0f,0f,0f,1f],start_interpolation: 0,interpolation_duration: 1}
$data merge entity $(right_knee) {transformation: [-2.898f,-0.2005f,0.9021f,-0.634f,0.8519f,0.5718f,2.8635f,0.2717f,-0.3583f,2.9808f,-0.4886f,-2.4273f,0f,0f,0f,1f],start_interpolation: 0,interpolation_duration: 1}
$data merge entity $(right_leg) {transformation: [-1.6368f,0.4344f,0.2894f,0.1216f,0.4811f,1.6249f,0.2821f,2.8466f,-0.2024f,0.3498f,-1.6698f,-1.8096f,0f,0f,0f,1f],start_interpolation: 0,interpolation_duration: 1}
$data merge entity $(weist) {transformation: [-1.4854f,-0.1357f,0.6381f,0.6704f,0.0555f,1.5548f,0.4597f,4.438f,-0.65f,0.4428f,-1.4189f,-1.1816f,0f,0f,0f,1f],start_interpolation: 0,interpolation_duration: 1}
data modify storage animated_java:temp entry.data merge value {"locators":{"consume":{"px":-0.9846559304,"py":5.8793382375,"pz":1.6418520979,"ry":219.7438516253,"rx":-16.9456862672}}}
# Data Manager: Prepare for Read / Write
execute store result storage animated_java:temp args.id int 1 run scoreboard players get @s aj.id
# Data Manager: Write
function animated_java:global/data_manager/write with storage animated_java:temp args
execute unless entity @s[tag=aj.transforms_only] at @s run function animated_java:female/animations/berserk_leap_l/zzz/frames/9_root_function