# This file was generated by Animated Java via MC-Build. It is not recommended to edit this file directly.
$data merge entity $(neck) {transformation: [-1f,0f,0f,0f,0f,0.9978f,-0.0663f,-5.0871f,0f,-0.0663f,-0.9978f,0.0657f,0f,0f,0f,1f],start_interpolation: 0,interpolation_duration: 1}
$data merge entity $(right_thumb_2) {transformation: [-0.7629f,0.192f,-0.6173f,-1.9358f,0.4322f,0.8616f,-0.2662f,-9.0237f,0.4807f,-0.4699f,-0.7404f,1.2696f,0f,0f,0f,1f],start_interpolation: 0,interpolation_duration: 1}
$data merge entity $(right_thumb) {transformation: [-0.7629f,-0.1153f,-0.6361f,-2.0771f,0.4322f,0.6407f,-0.6346f,-8.7446f,0.4807f,-0.7591f,-0.4389f,1.1029f,0f,0f,0f,1f],start_interpolation: 0,interpolation_duration: 1}
$data merge entity $(right_fingers2) {transformation: [0.1271f,-0.7663f,-0.6298f,-2.1599f,-0.9372f,0.1151f,-0.3291f,-9.4635f,0.3247f,0.6321f,-0.7036f,1.3988f,0f,0f,0f,1f],start_interpolation: 0,interpolation_duration: 1}
$data merge entity $(right_fingers) {transformation: [-0.6463f,-0.4309f,-0.6298f,-2.3055f,-0.2805f,0.9017f,-0.3291f,-9.2168f,0.7097f,-0.0361f,-0.7036f,1.4034f,0f,0f,0f,1f],start_interpolation: 0,interpolation_duration: 1}
$data merge entity $(scout) {transformation: [0f,0f,0f,-2.2309f,0f,0f,0f,-9.2909f,0f,0f,0f,1.2197f,0f,0f,0f,1f],start_interpolation: 0,interpolation_duration: 1}
$data merge entity $(right_hand) {transformation: [-0.7629f,0.1459f,-0.6298f,-2.2399f,0.4322f,0.8395f,-0.3291f,-8.7179f,0.4807f,-0.5233f,-0.7036f,1.0484f,0f,0f,0f,1f],start_interpolation: 0,interpolation_duration: 1}
$data merge entity $(right_forearm) {transformation: [-1.1943f,0.2009f,0.6561f,-1.8638f,-0.2014f,1.1564f,-0.7207f,-6.9943f,-0.6559f,-0.7208f,-0.9733f,-0.0452f,0f,0f,0f,1f],start_interpolation: 0,interpolation_duration: 1}
$data merge entity $(right_shoulder) {transformation: [-1.386f,0.4754f,0.0528f,-1.0065f,0.4778f,1.3835f,0.0863f,-5.4066f,-0.0219f,0.0988f,-1.4627f,0.1267f,0f,0f,0f,1f],start_interpolation: 0,interpolation_duration: 1}
$data merge entity $(right_arm) {transformation: [-1f,0f,0f,-0.4425f,0f,0.9996f,-0.0265f,-5.1173f,0f,-0.0265f,-0.9996f,0.1105f,0f,0f,0f,1f],start_interpolation: 0,interpolation_duration: 1}
$data merge entity $(left_thumb_2) {transformation: [-0.7702f,-0.1979f,0.6064f,1.9486f,-0.4116f,0.8804f,-0.2354f,-9.0684f,-0.4873f,-0.4309f,-0.7596f,1.1049f,0f,0f,0f,1f],start_interpolation: 0,interpolation_duration: 1}
$data merge entity $(left_thumb) {transformation: [-0.7702f,0.1051f,0.6291f,2.0877f,-0.4116f,0.6716f,-0.616f,-8.7826f,-0.4873f,-0.7334f,-0.474f,0.9479f,0f,0f,0f,1f],start_interpolation: 0,interpolation_duration: 1}
$data merge entity $(left_fingers2) {transformation: [0.1233f,0.7754f,0.6193f,2.1741f,0.9499f,0.0884f,-0.2998f,-9.5133f,-0.2873f,0.6253f,-0.7256f,1.2124f,0f,0f,0f,1f],start_interpolation: 0,interpolation_duration: 1}
$data merge entity $(left_fingers) {transformation: [-0.6561f,0.4312f,0.6193f,2.32f,0.31f,0.9022f,-0.2998f,-9.2671f,-0.6881f,-0.0048f,-0.7256f,1.2252f,0f,0f,0f,1f],start_interpolation: 0,interpolation_duration: 1}
$data merge entity $(left_hand) {transformation: [-0.7702f,-0.1526f,0.6193f,2.2498f,-0.4116f,0.8606f,-0.2998f,-8.7538f,-0.4873f,-0.4858f,-0.7256f,0.8922f,0f,0f,0f,1f],start_interpolation: 0,interpolation_duration: 1}
$data merge entity $(left_forearm) {transformation: [-1.1846f,-0.2101f,-0.6706f,1.8597f,0.1743f,1.1854f,-0.6794f,-6.9861f,0.6808f,-0.6692f,-0.9929f,-0.1234f,0f,0f,0f,1f],start_interpolation: 0,interpolation_duration: 1}
$data merge entity $(left_shoulder) {transformation: [-1.386f,-0.4726f,-0.0737f,1.0065f,-0.4778f,1.3784f,0.147f,-5.4066f,0.0219f,0.163f,-1.457f,0.1267f,0f,0f,0f,1f],start_interpolation: 0,interpolation_duration: 1}
$data merge entity $(left_arm) {transformation: [-1f,0f,0f,0.4426f,0f,0.9996f,-0.0265f,-5.1173f,0f,-0.0265f,-0.9996f,0.1105f,0f,0f,0f,1f],start_interpolation: 0,interpolation_duration: 1}
$data merge entity $(chest) {transformation: [-1.2785f,0f,0f,0f,0f,1.2781f,-0.0339f,-6.9235f,0f,-0.0339f,-1.2781f,0.1239f,0f,0f,0f,1f],start_interpolation: 0,interpolation_duration: 1}
$data merge entity $(left_cheek) {transformation: [-0.9892f,-0.0158f,-0.1461f,0.3591f,-0.0232f,0.9985f,0.0494f,-7.7288f,0.1451f,0.0523f,-0.988f,-0.3995f,0f,0f,0f,1f],start_interpolation: 0,interpolation_duration: 1}
$data merge entity $(left_foot) {transformation: [-0.9228f,-0.0003f,-0.4401f,0.6255f,-0.011f,1.0221f,0.0224f,-15.8112f,0.44f,0.0249f,-0.9225f,-0.5395f,0f,0f,0f,1f],start_interpolation: 0,interpolation_duration: 1}
$data merge entity $(left_knee) {transformation: [-2.874f,0.027f,-0.9956f,0.7046f,-0.0595f,3.0305f,0.254f,-11.6048f,0.9942f,0.2594f,-2.8629f,-0.3261f,0f,0f,0f,1f],start_interpolation: 0,interpolation_duration: 1}
$data merge entity $(left_leg) {transformation: [-1.6233f,0.0353f,-0.5614f,0.7101f,-0.0336f,1.7054f,0.2043f,-8.8799f,0.5615f,0.204f,-1.6107f,0.0713f,0f,0f,0f,1f],start_interpolation: 0,interpolation_duration: 1}
$data merge entity $(right_cheek) {transformation: [-0.9873f,0.0411f,-0.1532f,-0.4823f,0.0359f,0.9987f,0.0363f,-7.737f,0.1545f,0.0304f,-0.9875f,-0.2658f,0f,0f,0f,1f],start_interpolation: 0,interpolation_duration: 1}
$data merge entity $(right_foot) {transformation: [-1.0198f,-0.0119f,0.0718f,-0.6743f,-0.0154f,1.021f,-0.0497f,-15.8066f,-0.0712f,-0.0506f,-1.0186f,0.9705f,0f,0f,0f,1f],start_interpolation: 0,interpolation_duration: 1}
$data merge entity $(right_knee) {transformation: [-3.0417f,0.0077f,-0.0103f,-0.7513f,0.0083f,3.0357f,-0.1909f,-11.6127f,0.0098f,-0.191f,-3.0357f,0.5823f,0f,0f,0f,1f],start_interpolation: 0,interpolation_duration: 1}
$data merge entity $(right_leg) {transformation: [-1.7179f,0.0039f,-0.0061f,-0.6734f,0.0047f,1.7016f,-0.2367f,-8.8799f,0.0055f,-0.2367f,-1.7016f,0.2527f,0f,0f,0f,1f],start_interpolation: 0,interpolation_duration: 1}
$data merge entity $(weist) {transformation: [-1.6046f,0f,-0.2392f,0f,0f,1.6223f,0f,-7.2292f,0.2392f,0f,-1.6046f,0.0832f,0f,0f,0f,1f],start_interpolation: 0,interpolation_duration: 1}
data modify storage animated_java:temp entry.data merge value {"locators":{"consume":{"px":-2.1917238714,"py":-9.4322286336,"pz":1.3054906875,"ry":318.1679628192,"rx":-19.2169521098}}}
# Data Manager: Prepare for Read / Write
execute store result storage animated_java:temp args.id int 1 run scoreboard players get @s aj.id
# Data Manager: Write
function animated_java:global/data_manager/write with storage animated_java:temp args