# This file was generated by Animated Java via MC-Build. It is not recommended to edit this file directly.
$data merge entity $(neck) {transformation: [-1f,0f,0f,0f,0f,0.8832f,-0.469f,-5.2292f,0f,-0.469f,-0.8832f,0.3847f,0f,0f,0f,1f],start_interpolation: 0,interpolation_duration: 1}
$data merge entity $(right_thumb_2) {transformation: [-0.8894f,0.3285f,-0.3178f,-2.6425f,0.376f,0.9212f,-0.1002f,-8.7102f,0.2598f,-0.2086f,-0.9429f,-0.15f,0f,0f,0f,1f],start_interpolation: 0,interpolation_duration: 1}
$data merge entity $(right_thumb) {transformation: [-0.8894f,0.3396f,-0.3059f,-2.6608f,0.376f,0.9241f,-0.0675f,-8.3562f,0.2598f,-0.175f,-0.9497f,-0.1544f,0f,0f,0f,1f],start_interpolation: 0,interpolation_duration: 1}
$data merge entity $(right_fingers2) {transformation: [-0.8338f,0.4527f,-0.316f,-3.066f,0.5025f,0.8593f,-0.0951f,-9.13f,0.2284f,-0.2381f,-0.944f,-0.0261f,0f,0f,0f,1f],start_interpolation: 0,interpolation_duration: 1}
$data merge entity $(right_fingers) {transformation: [-0.8691f,0.3806f,-0.316f,-2.9844f,0.4282f,0.8987f,-0.0951f,-8.8626f,0.2477f,-0.218f,-0.944f,-0.0882f,0f,0f,0f,1f],start_interpolation: 0,interpolation_duration: 1}
$data merge entity $(scout) {transformation: [0f,0f,0f,-2.8456f,0f,0f,0f,-8.898f,0f,0f,0f,-0.244f,0f,0f,0f,1f],start_interpolation: 0,interpolation_duration: 1}
$data merge entity $(right_hand) {transformation: [-0.8894f,0.3303f,-0.316f,-2.7911f,0.376f,0.9217f,-0.0951f,-8.3025f,0.2598f,-0.2034f,-0.944f,-0.2562f,0f,0f,0f,1f],start_interpolation: 0,interpolation_duration: 1}
$data merge entity $(right_forearm) {transformation: [-1.1902f,0.4549f,0.5231f,-2.0375f,0.2872f,1.2695f,-0.4505f,-6.419f,-0.6309f,-0.2802f,-1.1919f,-0.6953f,0f,0f,0f,1f],start_interpolation: 0,interpolation_duration: 1}
$data merge entity $(right_shoulder) {transformation: [-1.2576f,0.6479f,0.3855f,-1.0065f,0.7325f,0.8728f,0.9227f,-5.5322f,0.1783f,0.984f,-1.0723f,0.503f,0f,0f,0f,1f],start_interpolation: 0,interpolation_duration: 1}
$data merge entity $(right_arm) {transformation: [-1f,0f,0f,-0.4426f,0f,0.978f,-0.2084f,-5.2507f,0f,-0.2084f,-0.978f,0.4343f,0f,0f,0f,1f],start_interpolation: 0,interpolation_duration: 1}
$data merge entity $(left_thumb_2) {transformation: [-0.9013f,-0.3553f,0.248f,2.6312f,-0.3605f,0.9324f,0.0258f,-8.5659f,-0.2404f,-0.0661f,-0.9684f,-0.6631f,0f,0f,0f,1f],start_interpolation: 0,interpolation_duration: 1}
$data merge entity $(left_thumb) {transformation: [-0.9013f,-0.3638f,0.2353f,2.6444f,-0.3605f,0.9309f,0.0589f,-8.2137f,-0.2404f,-0.0318f,-0.9702f,-0.624f,0f,0f,0f,1f],start_interpolation: 0,interpolation_duration: 1}
$data merge entity $(left_fingers2) {transformation: [-0.8418f,-0.4804f,0.2461f,3.0683f,-0.4886f,0.872f,0.0309f,-8.9883f,-0.2294f,-0.0942f,-0.9688f,-0.6243f,0f,0f,0f,1f],start_interpolation: 0,interpolation_duration: 1}
$data merge entity $(left_fingers) {transformation: [-0.8794f,-0.4076f,0.2461f,2.9787f,-0.4132f,0.9101f,0.0309f,-8.717f,-0.2365f,-0.0745f,-0.9688f,-0.6459f,0f,0f,0f,1f],start_interpolation: 0,interpolation_duration: 1}
$data merge entity $(left_hand) {transformation: [-0.9013f,-0.3566f,0.2461f,2.766f,-0.3605f,0.9323f,0.0309f,-8.1449f,-0.2404f,-0.0608f,-0.9688f,-0.7273f,0f,0f,0f,1f],start_interpolation: 0,interpolation_duration: 1}
$data merge entity $(left_forearm) {transformation: [-1.1361f,-0.4912f,-0.6043f,1.957f,-0.3906f,1.2841f,-0.3094f,-6.2386f,0.6737f,-0.0838f,-1.1984f,-0.8691f,0f,0f,0f,1f],start_interpolation: 0,interpolation_duration: 1}
$data merge entity $(left_shoulder) {transformation: [-1.2576f,-0.5843f,-0.4764f,1.0065f,-0.7325f,0.7279f,1.0408f,-5.5322f,-0.1783f,1.1307f,-0.9163f,0.503f,0f,0f,0f,1f],start_interpolation: 0,interpolation_duration: 1}
$data merge entity $(left_arm) {transformation: [-1f,0f,0f,0.4425f,0f,0.978f,-0.2084f,-5.2507f,0f,-0.2084f,-0.978f,0.4343f,0f,0f,0f,1f],start_interpolation: 0,interpolation_duration: 1}
$data merge entity $(chest) {transformation: [-1.2785f,0f,0f,0f,0f,1.2505f,-0.2665f,-7.0242f,0f,-0.2665f,-1.2505f,0.777f,0f,0f,0f,1f],start_interpolation: 0,interpolation_duration: 1}
$data merge entity $(left_cheek) {transformation: [-0.9976f,-0.0671f,0.0162f,0.4471f,-0.0677f,0.9967f,-0.0451f,-7.8802f,-0.0131f,-0.0461f,-0.9989f,0.3168f,0f,0f,0f,1f],start_interpolation: 0,interpolation_duration: 1}
$data merge entity $(left_foot) {transformation: [-1.0194f,-0.075f,-0.022f,1.5276f,-0.0711f,1.0094f,-0.146f,-14.5956f,0.0324f,-0.144f,-1.0117f,-0.8841f,0f,0f,0f,1f],start_interpolation: 0,interpolation_duration: 1}
$data merge entity $(left_knee) {transformation: [-3.0115f,-0.3629f,-0.2272f,1.1025f,-0.4216f,2.2337f,2.0212f,-11.4094f,-0.0743f,2.0325f,-2.2617f,1.8386f,0f,0f,0f,1f],start_interpolation: 0,interpolation_duration: 1}
$data merge entity $(left_leg) {transformation: [-1.7009f,-0.2057f,0.1271f,0.6984f,-0.2381f,1.5818f,-0.6266f,-8.8668f,-0.042f,-0.638f,-1.5946f,0.8615f,0f,0f,0f,1f],start_interpolation: 0,interpolation_duration: 1}
$data merge entity $(right_cheek) {transformation: [-0.9974f,0.0714f,0.0081f,-0.4385f,0.071f,0.9965f,-0.0445f,-7.8875f,-0.0112f,-0.0438f,-0.999f,0.307f,0f,0f,0f,1f],start_interpolation: 0,interpolation_duration: 1}
$data merge entity $(right_foot) {transformation: [-1.0176f,0.0866f,0.0478f,-1.4923f,0.0799f,1.0108f,-0.1306f,-14.5832f,-0.0584f,-0.1263f,-1.0129f,-1.0019f,0f,0f,0f,1f],start_interpolation: 0,interpolation_duration: 1}
$data merge entity $(right_knee) {transformation: [-3.0118f,0.3122f,0.2891f,-1.1348f,0.4255f,2.2117f,2.0444f,-11.4264f,-0.0004f,2.0648f,-2.2336f,1.7643f,0f,0f,0f,1f],start_interpolation: 0,interpolation_duration: 1}
$data merge entity $(right_leg) {transformation: [-1.7011f,0.2251f,-0.0841f,-0.701f,0.2403f,1.593f,-0.5966f,-8.8668f,-0.0002f,-0.6025f,-1.6088f,0.8463f,0f,0f,0f,1f],start_interpolation: 0,interpolation_duration: 1}
$data merge entity $(weist) {transformation: [-1.6222f,0f,0.0177f,0f,0f,1.6223f,0f,-7.2161f,-0.0177f,0f,-1.6222f,0.7363f,0f,0f,0f,1f],start_interpolation: 0,interpolation_duration: 1}
data modify storage animated_java:temp entry.data merge value {"locators":{"consume":{"px":-2.8413947288,"py":-9.0585302857,"pz":-0.188432563,"ry":341.4934374081,"rx":-5.459744578}}}
# Data Manager: Prepare for Read / Write
execute store result storage animated_java:temp args.id int 1 run scoreboard players get @s aj.id
# Data Manager: Write
function animated_java:global/data_manager/write with storage animated_java:temp args