# This file was generated by Animated Java via MC-Build. It is not recommended to edit this file directly.
$data merge entity $(neck) {transformation: [-1f,0f,0f,0f,0f,0.8844f,-0.4667f,-5.2383f,0f,-0.4667f,-0.8844f,0.3732f,0f,0f,0f,1f],start_interpolation: 0,interpolation_duration: 1}
$data merge entity $(right_thumb_2) {transformation: [-0.8915f,0.3705f,-0.2605f,-2.6911f,0.3531f,0.9288f,0.1126f,-8.4332f,0.2837f,0.0084f,-0.9589f,-0.9067f,0f,0f,0f,1f],start_interpolation: 0,interpolation_duration: 1}
$data merge entity $(right_thumb) {transformation: [-0.8915f,0.3775f,-0.2503f,-2.6984f,0.3531f,0.9254f,0.1379f,-8.0851f,0.2837f,0.0345f,-0.9583f,-0.84f,0f,0f,0f,1f],start_interpolation: 0,interpolation_duration: 1}
$data merge entity $(right_fingers2) {transformation: [-0.8459f,0.4663f,-0.2589f,-3.1319f,0.4519f,0.8844f,0.1165f,-8.8512f,0.2834f,-0.0184f,-0.9588f,-0.9001f,0f,0f,0f,1f],start_interpolation: 0,interpolation_duration: 1}
$data merge entity $(right_fingers) {transformation: [-0.8743f,0.4105f,-0.2589f,-3.0415f,0.3936f,0.9119f,0.1165f,-8.5794f,0.284f,0f,-0.9588f,-0.8991f,0f,0f,0f,1f],start_interpolation: 0,interpolation_duration: 1}
$data merge entity $(scout) {transformation: [0f,0f,0f,-2.8944f,0f,0f,0f,-8.5879f,0f,0f,0f,-1.0511f,0f,0f,0f,1f],start_interpolation: 0,interpolation_duration: 1}
$data merge entity $(right_hand) {transformation: [-0.8915f,0.3716f,-0.2589f,-2.8202f,0.3531f,0.9283f,0.1165f,-8.0058f,0.2837f,0.0125f,-0.9588f,-0.9353f,0f,0f,0f,1f],start_interpolation: 0,interpolation_duration: 1}
$data merge entity $(right_forearm) {transformation: [-1.1344f,0.5118f,0.5901f,-1.9807f,0.4626f,1.2786f,-0.2198f,-6.1075f,-0.6295f,0.0172f,-1.225f,-0.9278f,0f,0f,0f,1f],start_interpolation: 0,interpolation_duration: 1}
$data merge entity $(right_shoulder) {transformation: [-1.2424f,0.6066f,0.4883f,-1.0065f,0.7362f,0.6155f,1.1086f,-5.5412f,0.2536f,1.1845f,-0.8261f,0.4918f,0f,0f,0f,1f],start_interpolation: 0,interpolation_duration: 1}
$data merge entity $(right_arm) {transformation: [-1f,0f,0f,-0.4426f,0f,0.9778f,-0.2096f,-5.2597f,0f,-0.2096f,-0.9778f,0.4228f,0f,0f,0f,1f],start_interpolation: 0,interpolation_duration: 1}
$data merge entity $(left_thumb_2) {transformation: [-0.9002f,-0.3848f,0.204f,2.657f,-0.3444f,0.9157f,0.2073f,-8.2527f,-0.2665f,0.1163f,-0.9568f,-1.2636f,0f,0f,0f,1f],start_interpolation: 0,interpolation_duration: 1}
$data merge entity $(left_thumb) {transformation: [-0.9002f,-0.3902f,0.1934f,2.6622f,-0.3444f,0.9097f,0.2321f,-7.9122f,-0.2665f,0.1423f,-0.9533f,-1.1648f,0f,0f,0f,1f],start_interpolation: 0,interpolation_duration: 1}
$data merge entity $(left_fingers2) {transformation: [-0.8529f,-0.4812f,0.2024f,3.1043f,-0.4418f,0.8719f,0.2111f,-8.6597f,-0.278f,0.0907f,-0.9563f,-1.3206f,0f,0f,0f,1f],start_interpolation: 0,interpolation_duration: 1}
$data merge entity $(left_fingers) {transformation: [-0.8824f,-0.4248f,0.2024f,3.0096f,-0.3843f,0.8987f,0.2111f,-8.3912f,-0.2716f,0.1085f,-0.9563f,-1.289f,0f,0f,0f,1f],start_interpolation: 0,interpolation_duration: 1}
$data merge entity $(left_hand) {transformation: [-0.9002f,-0.3856f,0.2024f,2.7772f,-0.3444f,0.9148f,0.2111f,-7.8218f,-0.2665f,0.1204f,-0.9563f,-1.2587f,0f,0f,0f,1f],start_interpolation: 0,interpolation_duration: 1}
$data merge entity $(left_forearm) {transformation: [-1.0892f,-0.5311f,-0.6547f,1.9082f,-0.5439f,1.26f,-0.1173f,-5.9512f,0.6442f,0.1658f,-1.2061f,-1.0261f,0f,0f,0f,1f],start_interpolation: 0,interpolation_duration: 1}
$data merge entity $(left_shoulder) {transformation: [-1.2424f,-0.5487f,-0.5525f,1.0065f,-0.7362f,0.4889f,1.1699f,-5.5412f,-0.2536f,1.2688f,-0.6898f,0.4918f,0f,0f,0f,1f],start_interpolation: 0,interpolation_duration: 1}
$data merge entity $(left_arm) {transformation: [-1f,0f,0f,0.4425f,0f,0.9778f,-0.2096f,-5.2597f,0f,-0.2096f,-0.9778f,0.4228f,0f,0f,0f,1f],start_interpolation: 0,interpolation_duration: 1}
$data merge entity $(chest) {transformation: [-1.2785f,0f,0f,0f,0f,1.2501f,-0.268f,-7.0328f,0f,-0.268f,-1.2501f,0.7676f,0f,0f,0f,1f],start_interpolation: 0,interpolation_duration: 1}
$data merge entity $(left_cheek) {transformation: [-0.9977f,-0.0659f,0.014f,0.4475f,-0.0666f,0.9963f,-0.0552f,-7.906f,-0.0103f,-0.056f,-0.9984f,0.3077f,0f,0f,0f,1f],start_interpolation: 0,interpolation_duration: 1}
$data merge entity $(left_foot) {transformation: [-1.0176f,-0.0862f,-0.047f,1.4233f,-0.0841f,1.0179f,-0.045f,-13.9571f,0.0506f,-0.0409f,-1.0203f,-1.2167f,0f,0f,0f,1f],start_interpolation: 0,interpolation_duration: 1}
$data merge entity $(left_knee) {transformation: [-3.0126f,-0.2975f,-0.2962f,1.0858f,-0.4159f,1.8233f,2.3989f,-11.3236f,-0.0571f,2.4164f,-1.8465f,2.0538f,0f,0f,0f,1f],start_interpolation: 0,interpolation_duration: 1}
$data merge entity $(left_leg) {transformation: [-1.7015f,-0.195f,0.1349f,0.6987f,-0.2349f,1.5191f,-0.7672f,-8.8772f,-0.0322f,-0.7783f,-1.5312f,0.8504f,0f,0f,0f,1f],start_interpolation: 0,interpolation_duration: 1}
$data merge entity $(right_cheek) {transformation: [-0.9976f,0.0695f,0.0047f,-0.4411f,0.0692f,0.9961f,-0.0548f,-7.9129f,-0.0085f,-0.0543f,-0.9985f,0.3012f,0f,0f,0f,1f],start_interpolation: 0,interpolation_duration: 1}
$data merge entity $(right_foot) {transformation: [-1.016f,0.0921f,0.0665f,-1.3893f,0.0901f,1.0179f,-0.0322f,-13.9467f,-0.0691f,-0.0261f,-1.0197f,-1.2993f,0f,0f,0f,1f],start_interpolation: 0,interpolation_duration: 1}
$data merge entity $(right_knee) {transformation: [-3.0128f,0.2505f,0.3357f,-1.1154f,0.4189f,1.8034f,2.4134f,-11.34f,-0.0003f,2.4366f,-1.8207f,1.9985f,0f,0f,0f,1f],start_interpolation: 0,interpolation_duration: 1}
$data merge entity $(right_leg) {transformation: [-1.7016f,0.2128f,-0.1034f,-0.7007f,0.2366f,1.5298f,-0.7451f,-8.8772f,-0.0002f,-0.7523f,-1.5445f,0.8386f,0f,0f,0f,1f],start_interpolation: 0,interpolation_duration: 1}
$data merge entity $(weist) {transformation: [-1.6223f,0f,0.0136f,0f,0f,1.6223f,0f,-7.2265f,-0.0136f,0f,-1.6223f,0.7269f,0f,0f,0f,1f],start_interpolation: 0,interpolation_duration: 1}
data modify storage animated_java:temp entry.data merge value {"locators":{"consume":{"px":-2.8987595703,"py":-8.7564533967,"pz":-1.0302210487,"ry":344.8875373252,"rx":6.6917583177}}}
# Data Manager: Prepare for Read / Write
execute store result storage animated_java:temp args.id int 1 run scoreboard players get @s aj.id
# Data Manager: Write
function animated_java:global/data_manager/write with storage animated_java:temp args