# This file was generated by Animated Java via MC-Build. It is not recommended to edit this file directly.
$data merge entity $(neck) {transformation: [-1f,0f,0f,0f,0f,0.8875f,-0.4608f,-5.244f,0f,-0.4608f,-0.8875f,0.3583f,0f,0f,0f,1f],start_interpolation: 0,interpolation_duration: 1}
$data merge entity $(right_thumb_2) {transformation: [-0.8923f,0.404f,-0.2014f,-2.7089f,0.3334f,0.8906f,0.3093f,-8.0409f,0.3043f,0.2089f,-0.9294f,-1.5404f,0f,0f,0f,1f],start_interpolation: 0,interpolation_duration: 1}
$data merge entity $(right_thumb) {transformation: [-0.8923f,0.4075f,-0.1942f,-2.7074f,0.3334f,0.8849f,0.3252f,-7.7114f,0.3043f,0.2254f,-0.9255f,-1.4097f,0f,0f,0f,1f],start_interpolation: 0,interpolation_duration: 1}
$data merge entity $(right_fingers2) {transformation: [-0.8612f,0.4672f,-0.2003f,-3.161f,0.3961f,0.8637f,0.3117f,-8.4313f,0.3186f,0.1891f,-0.9288f,-1.6402f,0f,0f,0f,1f],start_interpolation: 0,interpolation_duration: 1}
$data merge entity $(right_fingers) {transformation: [-0.8803f,0.4301f,-0.2003f,-3.0647f,0.3589f,0.8798f,0.3117f,-8.1682f,0.3103f,0.2025f,-0.9288f,-1.5806f,0f,0f,0f,1f],start_interpolation: 0,interpolation_duration: 1}
$data merge entity $(scout) {transformation: [0f,0f,0f,-2.9098f,0f,0f,0f,-8.1541f,0f,0f,0f,-1.7241f,0f,0f,0f,1f],start_interpolation: 0,interpolation_duration: 1}
$data merge entity $(right_hand) {transformation: [-0.8923f,0.4045f,-0.2003f,-2.8206f,0.3334f,0.8898f,0.3117f,-7.6095f,0.3043f,0.2114f,-0.9288f,-1.4933f,0f,0f,0f,1f],start_interpolation: 0,interpolation_duration: 1}
$data merge entity $(right_forearm) {transformation: [-1.0742f,0.5572f,0.6578f,-1.913f,0.6286f,1.2255f,-0.0116f,-5.7905f,-0.59f,0.2912f,-1.2101f,-1.0743f,0f,0f,0f,1f],start_interpolation: 0,interpolation_duration: 1}
$data merge entity $(right_shoulder) {transformation: [-1.2274f,0.5558f,0.5782f,-1.0065f,0.7342f,0.3531f,1.219f,-5.5472f,0.3229f,1.31f,-0.574f,0.4763f,0f,0f,0f,1f],start_interpolation: 0,interpolation_duration: 1}
$data merge entity $(right_arm) {transformation: [-1f,0f,0f,-0.4426f,0f,0.9783f,-0.2074f,-5.2655f,0f,-0.2074f,-0.9783f,0.4079f,0f,0f,0f,1f],start_interpolation: 0,interpolation_duration: 1}
$data merge entity $(left_thumb_2) {transformation: [-0.8981f,-0.4094f,0.1607f,2.6685f,-0.3294f,0.8683f,0.3708f,-7.878f,-0.2914f,0.2801f,-0.9147f,-1.7574f,0f,0f,0f,1f],start_interpolation: 0,interpolation_duration: 1}
$data merge entity $(left_thumb) {transformation: [-0.8981f,-0.4122f,0.1534f,2.6669f,-0.3294f,0.8615f,0.3863f,-7.5574f,-0.2914f,0.2964f,-0.9095f,-1.606f,0f,0f,0f,1f],start_interpolation: 0,interpolation_duration: 1}
$data merge entity $(left_fingers2) {transformation: [-0.8665f,-0.4729f,0.1596f,3.1224f,-0.3905f,0.8415f,0.3732f,-8.2531f,-0.3108f,0.2611f,-0.9139f,-1.8987f,0f,0f,0f,1f],start_interpolation: 0,interpolation_duration: 1}
$data merge entity $(left_fingers) {transformation: [-0.8859f,-0.4355f,0.1596f,3.0244f,-0.3543f,0.8574f,0.3732f,-7.996f,-0.2994f,0.2741f,-0.9139f,-1.8189f,0f,0f,0f,1f],start_interpolation: 0,interpolation_duration: 1}
$data merge entity $(left_hand) {transformation: [-0.8981f,-0.4098f,0.1596f,2.7753f,-0.3294f,0.8673f,0.3732f,-7.4485f,-0.2914f,0.2826f,-0.9139f,-1.6871f,0f,0f,0f,1f],start_interpolation: 0,interpolation_duration: 1}
$data merge entity $(left_forearm) {transformation: [-1.0409f,-0.5644f,-0.7036f,1.8563f,-0.6836f,1.1946f,0.053f,-5.676f,0.5885f,0.3893f,-1.1829f,-1.1195f,0f,0f,0f,1f],start_interpolation: 0,interpolation_duration: 1}
$data merge entity $(left_shoulder) {transformation: [-1.2274f,-0.5104f,-0.6187f,1.0065f,-0.7342f,0.2598f,1.2423f,-5.5472f,-0.3229f,1.3497f,-0.4731f,0.4763f,0f,0f,0f,1f],start_interpolation: 0,interpolation_duration: 1}
$data merge entity $(left_arm) {transformation: [-1f,0f,0f,0.4425f,0f,0.9783f,-0.2074f,-5.2655f,0f,-0.2074f,-0.9783f,0.4079f,0f,0f,0f,1f],start_interpolation: 0,interpolation_duration: 1}
$data merge entity $(chest) {transformation: [-1.2785f,0f,0f,0f,0f,1.2507f,-0.2651f,-7.0394f,0f,-0.2651f,-1.2507f,0.7486f,0f,0f,0f,1f],start_interpolation: 0,interpolation_duration: 1}
$data merge entity $(left_cheek) {transformation: [-0.9978f,-0.0652f,0.011f,0.4465f,-0.0657f,0.9957f,-0.0648f,-7.922f,-0.0067f,-0.0654f,-0.9978f,0.2868f,0f,0f,0f,1f],start_interpolation: 0,interpolation_duration: 1}
$data merge entity $(left_foot) {transformation: [-1.0157f,-0.0841f,-0.0809f,1.3036f,-0.0963f,1.0043f,0.1656f,-13.2451f,0.0659f,0.1721f,-1.0056f,-1.4496f,0f,0f,0f,1f],start_interpolation: 0,interpolation_duration: 1}
$data merge entity $(left_knee) {transformation: [-3.0138f,-0.2203f,-0.3472f,1.0711f,-0.4094f,1.3736f,2.6828f,-11.2224f,-0.0375f,2.705f,-1.3907f,2.2383f,0f,0f,0f,1f],start_interpolation: 0,interpolation_duration: 1}
$data merge entity $(left_leg) {transformation: [-1.7022f,-0.1855f,0.1397f,0.6991f,-0.2313f,1.4481f,-0.895f,-8.8859f,-0.0212f,-0.9056f,-1.4598f,0.8294f,0f,0f,0f,1f],start_interpolation: 0,interpolation_duration: 1}
$data merge entity $(right_cheek) {transformation: [-0.9977f,0.0677f,0.0014f,-0.4425f,0.0675f,0.9956f,-0.0646f,-7.9273f,-0.0057f,-0.0643f,-0.9979f,0.2834f,0f,0f,0f,1f],start_interpolation: 0,interpolation_duration: 1}
$data merge entity $(right_foot) {transformation: [-1.0147f,0.0824f,0.0943f,-1.2783f,0.0974f,1.0033f,0.1708f,-13.2381f,-0.0788f,0.1785f,-1.0036f,-1.498f,0f,0f,0f,1f],start_interpolation: 0,interpolation_duration: 1}
$data merge entity $(right_knee) {transformation: [-3.0138f,0.1853f,0.3673f,-1.0933f,0.4114f,1.3591f,2.6899f,-11.2353f,-0.0002f,2.7149f,-1.3717f,2.2033f,0f,0f,0f,1f],start_interpolation: 0,interpolation_duration: 1}
$data merge entity $(right_leg) {transformation: [-1.7022f,0.1989f,-0.1202f,-0.7004f,0.2323f,1.4564f,-0.8811f,-8.8859f,-0.0001f,-0.8893f,-1.4699f,0.8217f,0f,0f,0f,1f],start_interpolation: 0,interpolation_duration: 1}
$data merge entity $(weist) {transformation: [-1.6223f,0f,0.0089f,0f,0f,1.6223f,0f,-7.2352f,-0.0089f,0f,-1.6223f,0.708f,0f,0f,0f,1f],start_interpolation: 0,interpolation_duration: 1}
data modify storage animated_java:temp entry.data merge value {"locators":{"consume":{"px":-2.9215559045,"py":-8.3231274598,"pz":-1.7367910284,"ry":347.8307237152,"rx":18.1644204572}}}
# Data Manager: Prepare for Read / Write
execute store result storage animated_java:temp args.id int 1 run scoreboard players get @s aj.id
# Data Manager: Write
function animated_java:global/data_manager/write with storage animated_java:temp args