# This file was generated by Animated Java via MC-Build. It is not recommended to edit this file directly.
$data merge entity $(neck) {transformation: [-1f,0f,0f,0f,0f,0.8923f,-0.4515f,-5.2454f,0f,-0.4515f,-0.8923f,0.3407f,0f,0f,0f,1f],start_interpolation: 0,interpolation_duration: 1}
$data merge entity $(right_thumb_2) {transformation: [-0.8927f,0.4255f,-0.1485f,-2.7012f,0.3148f,0.8246f,0.47f,-7.6253f,0.3225f,0.3728f,-0.8701f,-2.0165f,0f,0f,0f,1f],start_interpolation: 0,interpolation_duration: 1}
$data merge entity $(right_thumb) {transformation: [-0.8927f,0.4269f,-0.1447f,-2.6942f,0.3148f,0.8203f,0.4775f,-7.3215f,0.3225f,0.3807f,-0.8666f,-1.834f,0f,0f,0f,1f],start_interpolation: 0,interpolation_duration: 1}
$data merge entity $(right_fingers2) {transformation: [-0.8766f,0.4578f,-0.148f,-3.1584f,0.3445f,0.8119f,0.4712f,-7.9738f,0.3359f,0.3621f,-0.8695f,-2.2011f,0f,0f,0f,1f],start_interpolation: 0,interpolation_duration: 1}
$data merge entity $(right_fingers) {transformation: [-0.8863f,0.4388f,-0.148f,-3.0595f,0.3269f,0.8192f,0.4712f,-7.7277f,0.328f,0.3693f,-0.8695f,-2.093f,0f,0f,0f,1f],start_interpolation: 0,interpolation_duration: 1}
$data merge entity $(scout) {transformation: [0f,0f,0f,-2.8979f,0f,0f,0f,-7.6963f,0f,0f,0f,-2.2262f,0f,0f,0f,1f],start_interpolation: 0,interpolation_duration: 1}
$data merge entity $(right_hand) {transformation: [-0.8927f,0.4257f,-0.148f,-2.8001f,0.3148f,0.8239f,0.4712f,-7.2024f,0.3225f,0.374f,-0.8695f,-1.9034f,0f,0f,0f,1f],start_interpolation: 0,interpolation_duration: 1}
$data merge entity $(right_forearm) {transformation: [-1.019f,0.5864f,0.7175f,-1.8485f,0.7644f,1.1348f,0.1582f,-5.5194f,-0.5238f,0.5152f,-1.165f,-1.1481f,0f,0f,0f,1f],start_interpolation: 0,interpolation_duration: 1}
$data merge entity $(right_shoulder) {transformation: [-1.2154f,0.5067f,0.6448f,-1.0065f,0.7261f,0.1289f,1.2673f,-5.5493f,0.3812f,1.3698f,-0.3578f,0.4567f,0f,0f,0f,1f],start_interpolation: 0,interpolation_duration: 1}
$data merge entity $(right_arm) {transformation: [-1f,0f,0f,-0.4426f,0f,0.9796f,-0.2011f,-5.2673f,0f,-0.2011f,-0.9796f,0.3902f,0f,0f,0f,1f],start_interpolation: 0,interpolation_duration: 1}
$data merge entity $(left_thumb_2) {transformation: [-0.896f,-0.4263f,0.1242f,2.6693f,-0.3135f,0.8054f,0.5031f,-7.5139f,-0.3145f,0.4118f,-0.8553f,-2.1267f,0f,0f,0f,1f],start_interpolation: 0,interpolation_duration: 1}
$data merge entity $(left_thumb) {transformation: [-0.896f,-0.4274f,0.1203f,2.6629f,-0.3135f,0.8008f,0.5104f,-7.217f,-0.3145f,0.4196f,-0.8515f,-1.9331f,0f,0f,0f,1f],start_interpolation: 0,interpolation_duration: 1}
$data merge entity $(left_fingers2) {transformation: [-0.8799f,-0.4587f,0.1236f,3.1261f,-0.3425f,0.7928f,0.5042f,-7.85f,-0.3293f,0.4013f,-0.8547f,-2.3338f,0f,0f,0f,1f],start_interpolation: 0,interpolation_duration: 1}
$data merge entity $(left_fingers) {transformation: [-0.8897f,-0.4396f,0.1236f,3.0268f,-0.3252f,0.8f,0.5042f,-7.6092f,-0.3205f,0.4084f,-0.8547f,-2.2147f,0f,0f,0f,1f],start_interpolation: 0,interpolation_duration: 1}
$data merge entity $(left_hand) {transformation: [-0.896f,-0.4265f,0.1236f,2.7659f,-0.3135f,0.8047f,0.5042f,-7.0942f,-0.3145f,0.413f,-0.8547f,-2.0004f,0f,0f,0f,1f],start_interpolation: 0,interpolation_duration: 1}
$data merge entity $(left_forearm) {transformation: [-0.9988f,-0.5874f,-0.7446f,1.8126f,-0.7949f,1.1084f,0.1919f,-5.4511f,0.5174f,0.5689f,-1.1427f,-1.1637f,0f,0f,0f,1f],start_interpolation: 0,interpolation_duration: 1}
$data merge entity $(left_shoulder) {transformation: [-1.2154f,-0.4778f,-0.6665f,1.0065f,-0.7261f,0.0731f,1.2717f,-5.5493f,-0.3812f,1.3843f,-0.2972f,0.4567f,0f,0f,0f,1f],start_interpolation: 0,interpolation_duration: 1}
$data merge entity $(left_arm) {transformation: [-1f,0f,0f,0.4425f,0f,0.9796f,-0.2011f,-5.2673f,0f,-0.2011f,-0.9796f,0.3902f,0f,0f,0f,1f],start_interpolation: 0,interpolation_duration: 1}
$data merge entity $(chest) {transformation: [-1.2785f,0f,0f,0f,0f,1.2524f,-0.2571f,-7.0433f,0f,-0.2571f,-1.2524f,0.7194f,0f,0f,0f,1f],start_interpolation: 0,interpolation_duration: 1}
$data merge entity $(left_cheek) {transformation: [-0.9979f,-0.0648f,0.0079f,0.4449f,-0.0652f,0.9952f,-0.0735f,-7.9288f,-0.0031f,-0.0738f,-0.9973f,0.2533f,0f,0f,0f,1f],start_interpolation: 0,interpolation_duration: 1}
$data merge entity $(left_foot) {transformation: [-1.0138f,0.0016f,-0.1322f,1.1857f,-0.1071f,0.5902f,0.8279f,-12.5341f,0.0776f,0.8348f,-0.5851f,-1.5814f,0f,0f,0f,1f],start_interpolation: 0,interpolation_duration: 1}
$data merge entity $(left_knee) {transformation: [-3.0148f,-0.143f,-0.3776f,1.0589f,-0.4033f,0.9323f,2.8671f,-11.1149f,-0.019f,2.8918f,-0.943f,2.3829f,0f,0f,0f,1f],start_interpolation: 0,interpolation_duration: 1}
$data merge entity $(left_leg) {transformation: [-1.7028f,-0.1776f,0.1431f,0.6994f,-0.2278f,1.3753f,-1.0041f,-8.8917f,-0.0108f,-1.0142f,-1.3866f,0.7983f,0f,0f,0f,1f],start_interpolation: 0,interpolation_duration: 1}
$data merge entity $(right_cheek) {transformation: [-0.9978f,0.0662f,-0.0016f,-0.4428f,0.0661f,0.9951f,-0.0733f,-7.9318f,-0.0033f,-0.0733f,-0.9973f,0.252f,0f,0f,0f,1f],start_interpolation: 0,interpolation_duration: 1}
$data merge entity $(right_foot) {transformation: [-1.0136f,-0.0274f,0.1306f,-1.172f,0.088f,0.6145f,0.8123f,-12.5308f,-0.1002f,0.8166f,-0.6069f,-1.6031f,0f,0f,0f,1f],start_interpolation: 0,interpolation_duration: 1}
$data merge entity $(right_knee) {transformation: [-3.0147f,0.1239f,0.3849f,-1.0714f,0.4043f,0.9245f,2.8695f,-11.1223f,-0.0001f,2.8952f,-0.9327f,2.3658f,0f,0f,0f,1f],start_interpolation: 0,interpolation_duration: 1}
$data merge entity $(right_leg) {transformation: [-1.7027f,0.1851f,-0.1337f,-0.7001f,0.2284f,1.38f,-0.9974f,-8.8917f,-0.0001f,-1.0063f,-1.3924f,0.7944f,0f,0f,0f,1f],start_interpolation: 0,interpolation_duration: 1}
$data merge entity $(weist) {transformation: [-1.6223f,0f,0.0045f,0f,0f,1.6223f,0f,-7.241f,-0.0045f,0f,-1.6223f,0.6788f,0f,0f,0f,1f],start_interpolation: 0,interpolation_duration: 1}
data modify storage animated_java:temp entry.data merge value {"locators":{"consume":{"px":-2.9150758989,"py":-7.8601420044,"pz":-2.2677147628,"ry":350.3433134622,"rx":28.1122075784}}}
# Data Manager: Prepare for Read / Write
execute store result storage animated_java:temp args.id int 1 run scoreboard players get @s aj.id
# Data Manager: Write
function animated_java:global/data_manager/write with storage animated_java:temp args