# This file was generated by Animated Java via MC-Build. It is not recommended to edit this file directly.
$data merge entity $(neck) {transformation: [-1f,0f,0f,0f,0f,0.8986f,-0.4387f,-5.2417f,0f,-0.4387f,-0.8986f,0.3208f,0f,0f,0f,1f],start_interpolation: 0,interpolation_duration: 1}
$data merge entity $(right_thumb_2) {transformation: [-0.8934f,0.4352f,-0.1117f,-2.6856f,0.2952f,0.756f,0.5842f,-7.2864f,0.3386f,0.4889f,-0.8039f,-2.3362f,0f,0f,0f,1f],start_interpolation: 0,interpolation_duration: 1}
$data merge entity $(right_thumb) {transformation: [-0.8934f,0.4355f,-0.1105f,-2.6764f,0.2952f,0.7545f,0.5861f,-7.0082f,0.3386f,0.491f,-0.8027f,-2.1167f,0f,0f,0f,1f],start_interpolation: 0,interpolation_duration: 1}
$data merge entity $(right_fingers2) {transformation: [-0.8889f,0.4443f,-0.1115f,-3.1432f,0.3029f,0.7527f,0.5845f,-7.5944f,0.3436f,0.4858f,-0.8037f,-2.5785f,0f,0f,0f,1f],start_interpolation: 0,interpolation_duration: 1}
$data merge entity $(right_fingers) {transformation: [-0.8916f,0.4389f,-0.1115f,-3.0441f,0.2984f,0.7546f,0.5845f,-7.3667f,0.3406f,0.4878f,-0.8037f,-2.4358f,0f,0f,0f,1f],start_interpolation: 0,interpolation_duration: 1}
$data merge entity $(scout) {transformation: [0f,0f,0f,-2.8781f,0f,0f,0f,-7.3228f,0f,0f,0f,-2.5596f,0f,0f,0f,1f],start_interpolation: 0,interpolation_duration: 1}
$data merge entity $(right_hand) {transformation: [-0.8934f,0.4352f,-0.1115f,-2.7773f,0.2952f,0.7558f,0.5845f,-6.8781f,0.3386f,0.4892f,-0.8037f,-2.1725f,0f,0f,0f,1f],start_interpolation: 0,interpolation_duration: 1}
$data merge entity $(right_forearm) {transformation: [-0.9803f,0.5995f,0.7594f,-1.8061f,0.8562f,1.041f,0.2835f,-5.3357f,-0.4506f,0.6739f,-1.1136f,-1.1795f,0f,0f,0f,1f],start_interpolation: 0,interpolation_duration: 1}
$data merge entity $(right_shoulder) {transformation: [-1.2096f,0.4738f,0.6799f,-1.0065f,0.7119f,-0.0218f,1.2816f,-5.5469f,0.4242f,1.3874f,-0.2121f,0.4334f,0f,0f,0f,1f],start_interpolation: 0,interpolation_duration: 1}
$data merge entity $(right_arm) {transformation: [-1f,0f,0f,-0.4425f,0f,0.9818f,-0.1901f,-5.2641f,0f,-0.1901f,-0.9818f,0.37f,0f,0f,0f,1f],start_interpolation: 0,interpolation_duration: 1}
$data merge entity $(left_thumb_2) {transformation: [-0.8948f,-0.4347f,0.1016f,2.6702f,-0.2949f,0.7464f,0.5966f,-7.2365f,-0.3352f,0.5038f,-0.7961f,-2.3761f,0f,0f,0f,1f],start_interpolation: 0,interpolation_duration: 1}
$data merge entity $(left_thumb) {transformation: [-0.8948f,-0.435f,0.1005f,2.6615f,-0.2949f,0.7449f,0.5985f,-6.9616f,-0.3352f,0.5059f,-0.7948f,-2.1525f,0f,0f,0f,1f],start_interpolation: 0,interpolation_duration: 1}
$data merge entity $(left_fingers2) {transformation: [-0.8903f,-0.4439f,0.1015f,3.1273f,-0.3025f,0.7431f,0.5969f,-7.5384f,-0.3403f,0.5007f,-0.7959f,-2.6269f,0f,0f,0f,1f],start_interpolation: 0,interpolation_duration: 1}
$data merge entity $(left_fingers) {transformation: [-0.893f,-0.4385f,0.1015f,3.0282f,-0.298f,0.745f,0.5969f,-7.3134f,-0.3373f,0.5028f,-0.7959f,-2.48f,0f,0f,0f,1f],start_interpolation: 0,interpolation_duration: 1}
$data merge entity $(left_hand) {transformation: [-0.8948f,-0.4348f,0.1015f,2.7612f,-0.2949f,0.7462f,0.5969f,-6.8301f,-0.3352f,0.5041f,-0.7959f,-2.2072f,0f,0f,0f,1f],start_interpolation: 0,interpolation_duration: 1}
$data merge entity $(left_forearm) {transformation: [-0.972f,-0.5989f,-0.7706f,1.7909f,-0.8679f,1.0278f,0.296f,-5.3077f,0.4463f,0.6944f,-1.1026f,-1.183f,0f,0f,0f,1f],start_interpolation: 0,interpolation_duration: 1}
$data merge entity $(left_shoulder) {transformation: [-1.2096f,-0.4615f,-0.6883f,1.0065f,-0.7119f,-0.0447f,1.281f,-5.5469f,-0.4242f,1.391f,-0.1872f,0.4334f,0f,0f,0f,1f],start_interpolation: 0,interpolation_duration: 1}
$data merge entity $(left_arm) {transformation: [-1f,0f,0f,0.4426f,0f,0.9818f,-0.1901f,-5.2641f,0f,-0.1901f,-0.9818f,0.37f,0f,0f,0f,1f],start_interpolation: 0,interpolation_duration: 1}
$data merge entity $(chest) {transformation: [-1.2785f,0f,0f,0f,0f,1.2552f,-0.243f,-7.0438f,0f,-0.243f,-1.2552f,0.6793f,0f,0f,0f,1f],start_interpolation: 0,interpolation_duration: 1}
$data merge entity $(left_cheek) {transformation: [-0.9979f,-0.0646f,0.0055f,0.4431f,-0.0649f,0.9946f,-0.0807f,-7.9276f,-0.0003f,-0.0809f,-0.9967f,0.2069f,0f,0f,0f,1f],start_interpolation: 0,interpolation_duration: 1}
$data merge entity $(left_foot) {transformation: [-1.0121f,0.1314f,-0.0602f,1.0859f,-0.1167f,-0.4919f,0.8886f,-11.9032f,0.0852f,0.8866f,0.502f,-1.6364f,0f,0f,0f,1f],start_interpolation: 0,interpolation_duration: 1}
$data merge entity $(left_knee) {transformation: [-3.0155f,-0.0778f,-0.3912f,1.0489f,-0.3988f,0.5478f,2.9653f,-11.0123f,-0.0054f,2.991f,-0.5532f,2.4807f,0f,0f,0f,1f],start_interpolation: 0,interpolation_duration: 1}
$data merge entity $(left_leg) {transformation: [-1.7031f,-0.1711f,0.1465f,0.6996f,-0.2252f,1.3084f,-1.0903f,-8.8936f,-0.003f,-1.1001f,-1.3195f,0.7568f,0f,0f,0f,1f],start_interpolation: 0,interpolation_duration: 1}
$data merge entity $(right_cheek) {transformation: [-0.9979f,0.065f,-0.0037f,-0.4425f,0.0651f,0.9946f,-0.0807f,-7.9285f,-0.0015f,-0.0807f,-0.9967f,0.2067f,0f,0f,0f,1f],start_interpolation: 0,interpolation_duration: 1}
$data merge entity $(right_foot) {transformation: [-1.0111f,-0.1505f,0.0131f,-1.082f,0.0755f,-0.4267f,0.926f,-11.9023f,-0.1308f,0.9168f,0.4331f,-1.6418f,0f,0f,0f,1f],start_interpolation: 0,interpolation_duration: 1}
$data merge entity $(right_knee) {transformation: [-3.0154f,0.0722f,0.3925f,-1.0526f,0.3991f,0.5455f,2.9657f,-11.0146f,0f,2.9916f,-0.5503f,2.4761f,0f,0f,0f,1f],start_interpolation: 0,interpolation_duration: 1}
$data merge entity $(right_leg) {transformation: [-1.7031f,0.1734f,-0.144f,-0.6998f,0.2254f,1.3098f,-1.0885f,-8.8936f,0f,-1.098f,-1.3213f,0.7557f,0f,0f,0f,1f],start_interpolation: 0,interpolation_duration: 1}
$data merge entity $(weist) {transformation: [-1.6223f,0f,0.0013f,0f,0f,1.6223f,0f,-7.2429f,-0.0013f,0f,-1.6223f,0.6387f,0f,0f,0f,1f],start_interpolation: 0,interpolation_duration: 1}
data modify storage animated_java:temp entry.data merge value {"locators":{"consume":{"px":-2.8981331653,"py":-7.4792810715,"pz":-2.6226672122,"ry":352.1026124549,"rx":35.7654832622}}}
# Data Manager: Prepare for Read / Write
execute store result storage animated_java:temp args.id int 1 run scoreboard players get @s aj.id
# Data Manager: Write
function animated_java:global/data_manager/write with storage animated_java:temp args