# This file was generated by Animated Java via MC-Build. It is not recommended to edit this file directly.
$data merge entity $(neck) {transformation: [-1f,0f,0f,0f,0f,0.9133f,-0.4074f,-5.2241f,0f,-0.4074f,-0.9133f,0.2713f,0f,0f,0f,1f],start_interpolation: 0,interpolation_duration: 1}
$data merge entity $(right_thumb_2) {transformation: [-0.8957f,0.4246f,-0.132f,-2.7906f,0.2438f,0.7172f,0.6528f,-7.6605f,0.3718f,0.5526f,-0.7459f,-2.48f,0f,0f,0f,1f],start_interpolation: 0,interpolation_duration: 1}
$data merge entity $(right_thumb) {transformation: [-0.8957f,0.4246f,-0.132f,-2.7849f,0.2438f,0.7172f,0.6528f,-7.4028f,0.3718f,0.5526f,-0.7459f,-2.2365f,0f,0f,0f,1f],start_interpolation: 0,interpolation_duration: 1}
$data merge entity $(right_fingers2) {transformation: [-0.8939f,0.4283f,-0.132f,-3.2438f,0.2468f,0.7162f,0.6528f,-7.9545f,0.3741f,0.551f,-0.7459f,-2.7462f,0f,0f,0f,1f],start_interpolation: 0,interpolation_duration: 1}
$data merge entity $(right_fingers) {transformation: [-0.8948f,0.4266f,-0.132f,-3.1485f,0.2454f,0.7167f,0.6528f,-7.7385f,0.373f,0.5518f,-0.7459f,-2.5839f,0f,0f,0f,1f],start_interpolation: 0,interpolation_duration: 1}
$data merge entity $(scout) {transformation: [0f,0f,0f,-2.9847f,0f,0f,0f,-7.68f,0f,0f,0f,-2.7046f,0f,0f,0f,1f],start_interpolation: 0,interpolation_duration: 1}
$data merge entity $(right_hand) {transformation: [-0.8957f,0.4246f,-0.132f,-2.889f,0.2438f,0.7172f,0.6528f,-7.2704f,0.3718f,0.5526f,-0.7459f,-2.2794f,0f,0f,0f,1f],start_interpolation: 0,interpolation_duration: 1}
$data merge entity $(right_forearm) {transformation: [-1.0009f,0.5849f,0.7439f,-1.9395f,0.8733f,0.9878f,0.3984f,-5.8046f,-0.3643f,0.7611f,-1.0886f,-1.1576f,0f,0f,0f,1f],start_interpolation: 0,interpolation_duration: 1}
$data merge entity $(right_shoulder) {transformation: [-1.2686f,0.5679f,0.467f,-1.0065f,0.6302f,0.3603f,1.2739f,-5.5333f,0.3787f,1.3029f,-0.5558f,0.3724f,0f,0f,0f,1f],start_interpolation: 0,interpolation_duration: 1}
$data merge entity $(right_arm) {transformation: [-1f,0f,0f,-0.4425f,0f,0.9882f,-0.1533f,-5.2483f,0f,-0.1533f,-0.9882f,0.3196f,0f,0f,0f,1f],start_interpolation: 0,interpolation_duration: 1}
$data merge entity $(left_thumb_2) {transformation: [-0.8939f,-0.4255f,0.141f,2.8027f,-0.2455f,0.7279f,0.6402f,-7.714f,-0.375f,0.5377f,-0.7551f,-2.4315f,0f,0f,0f,1f],start_interpolation: 0,interpolation_duration: 1}
$data merge entity $(left_thumb) {transformation: [-0.8939f,-0.4255f,0.141f,2.7964f,-0.2455f,0.7279f,0.6402f,-7.4525f,-0.375f,0.5377f,-0.7551f,-2.1923f,0f,0f,0f,1f],start_interpolation: 0,interpolation_duration: 1}
$data merge entity $(left_fingers2) {transformation: [-0.8922f,-0.4292f,0.141f,3.2566f,-0.2485f,0.7269f,0.6402f,-8.0143f,-0.3772f,0.5362f,-0.7551f,-2.6894f,0f,0f,0f,1f],start_interpolation: 0,interpolation_duration: 1}
$data merge entity $(left_fingers) {transformation: [-0.893f,-0.4274f,0.141f,3.161f,-0.2471f,0.7274f,0.6402f,-7.7954f,-0.3762f,0.5369f,-0.7551f,-2.5313f,0f,0f,0f,1f],start_interpolation: 0,interpolation_duration: 1}
$data merge entity $(left_hand) {transformation: [-0.8939f,-0.4255f,0.141f,2.9014f,-0.2455f,0.7279f,0.6402f,-7.3213f,-0.375f,0.5377f,-0.7551f,-2.2363f,0f,0f,0f,1f],start_interpolation: 0,interpolation_duration: 1}
$data merge entity $(left_forearm) {transformation: [-1.0079f,-0.5861f,-0.7333f,1.9502f,-0.8627f,1.0026f,0.3844f,-5.8333f,0.3702f,0.7406f,-1.1007f,-1.1457f,0f,0f,0f,1f],start_interpolation: 0,interpolation_duration: 1}
$data merge entity $(left_shoulder) {transformation: [-1.2686f,-0.5764f,-0.4564f,1.0065f,-0.6302f,0.3837f,1.2671f,-5.5333f,-0.3787f,1.2924f,-0.5797f,0.3724f,0f,0f,0f,1f],start_interpolation: 0,interpolation_duration: 1}
$data merge entity $(left_arm) {transformation: [-1f,0f,0f,0.4426f,0f,0.9882f,-0.1533f,-5.2483f,0f,-0.1533f,-0.9882f,0.3196f,0f,0f,0f,1f],start_interpolation: 0,interpolation_duration: 1}
$data merge entity $(chest) {transformation: [-1.2785f,0f,0f,0f,0f,1.2634f,-0.196f,-7.0383f,0f,-0.196f,-1.2634f,0.5624f,0f,0f,0f,1f],start_interpolation: 0,interpolation_duration: 1}
$data merge entity $(left_cheek) {transformation: [-0.9979f,-0.0645f,0.0054f,0.4411f,-0.0648f,0.9937f,-0.0916f,-7.915f,0.0006f,-0.0917f,-0.9958f,0.0818f,0f,0f,0f,1f],start_interpolation: 0,interpolation_duration: 1}
$data merge entity $(left_foot) {transformation: [-1.0102f,0.1362f,0.0786f,0.9766f,-0.1297f,-1.0106f,0.0845f,-11.1203f,0.0889f,0.0735f,1.0158f,-1.6762f,0f,0f,0f,1f],start_interpolation: 0,interpolation_duration: 1}
$data merge entity $(left_knee) {transformation: [-3.0157f,-0.0098f,-0.3969f,1.0333f,-0.397f,0.0832f,3.0146f,-10.8704f,0.0011f,3.0406f,-0.0838f,2.5286f,0f,0f,0f,1f],start_interpolation: 0,interpolation_duration: 1}
$data merge entity $(left_leg) {transformation: [-1.7033f,-0.1611f,0.1559f,0.6997f,-0.2242f,1.2206f,-1.1879f,-8.8894f,0.0006f,-1.1981f,-1.2312f,0.6452f,0f,0f,0f,1f],start_interpolation: 0,interpolation_duration: 1}
$data merge entity $(right_cheek) {transformation: [-0.9979f,0.0645f,-0.0054f,-0.4411f,0.0648f,0.9937f,-0.0916f,-7.915f,-0.0006f,-0.0917f,-0.9958f,0.0818f,0f,0f,0f,1f],start_interpolation: 0,interpolation_duration: 1}
$data merge entity $(right_foot) {transformation: [-1.0064f,-0.108f,-0.1443f,-0.9766f,0.0789f,-0.9999f,0.198f,-11.1203f,-0.162f,0.1838f,0.9926f,-1.6762f,0f,0f,0f,1f],start_interpolation: 0,interpolation_duration: 1}
$data merge entity $(right_knee) {transformation: [-3.0157f,0.0098f,0.3969f,-1.0333f,0.397f,0.0832f,3.0146f,-10.8704f,-0.0011f,3.0406f,-0.0838f,2.5286f,0f,0f,0f,1f],start_interpolation: 0,interpolation_duration: 1}
$data merge entity $(right_leg) {transformation: [-1.7033f,0.1611f,-0.1559f,-0.6997f,0.2242f,1.2206f,-1.1879f,-8.8894f,-0.0006f,-1.1981f,-1.2312f,0.6452f,0f,0f,0f,1f],start_interpolation: 0,interpolation_duration: 1}
$data merge entity $(weist) {transformation: [-1.6223f,0f,0f,0f,0f,1.6223f,-0.0046f,-7.2391f,0f,-0.0046f,-1.6223f,0.523f,0f,0f,0f,1f],start_interpolation: 0,interpolation_duration: 1}
data modify storage animated_java:temp entry.data merge value {"locators":{"consume":{"px":-3.0021562224,"py":-7.8304563608,"pz":-2.7815509132,"ry":349.9682140378,"rx":40.7555241542}}}
# Data Manager: Prepare for Read / Write
execute store result storage animated_java:temp args.id int 1 run scoreboard players get @s aj.id
# Data Manager: Write
function animated_java:global/data_manager/write with storage animated_java:temp args