# This file was generated by Animated Java via MC-Build. It is not recommended to edit this file directly.
$data merge entity $(neck) {transformation: [-1f,0f,0f,0f,0f,0.9186f,-0.3953f,-5.2224f,0f,-0.3953f,-0.9186f,0.2344f,0f,0f,0f,1f],start_interpolation: 0,interpolation_duration: 1}
$data merge entity $(right_thumb_2) {transformation: [-0.9153f,0.3858f,-0.116f,-2.7123f,0.3106f,0.8592f,0.4065f,-8.9387f,0.2565f,0.3361f,-0.9062f,-1.3746f,0f,0f,0f,1f],start_interpolation: 0,interpolation_duration: 1}
$data merge entity $(right_thumb) {transformation: [-0.9153f,0.3858f,-0.116f,-2.7223f,0.3106f,0.8592f,0.4065f,-8.622f,0.2565f,0.3361f,-0.9062f,-1.2156f,0f,0f,0f,1f],start_interpolation: 0,interpolation_duration: 1}
$data merge entity $(right_fingers2) {transformation: [-0.9095f,0.3991f,-0.116f,-3.1492f,0.3232f,0.8546f,0.4065f,-9.3111f,0.2614f,0.3323f,-0.9062f,-1.5591f,0f,0f,0f,1f],start_interpolation: 0,interpolation_duration: 1}
$data merge entity $(right_fingers) {transformation: [-0.9123f,0.3928f,-0.116f,-3.0638f,0.3172f,0.8568f,0.4065f,-9.0551f,0.2591f,0.3341f,-0.9062f,-1.4632f,0f,0f,0f,1f],start_interpolation: 0,interpolation_duration: 1}
$data merge entity $(scout) {transformation: [0f,0f,0f,-2.8967f,0f,0f,0f,-9.0282f,0f,0f,0f,-1.5903f,0f,0f,0f,1f],start_interpolation: 0,interpolation_duration: 1}
$data merge entity $(right_hand) {transformation: [-0.9153f,0.3858f,-0.116f,-2.8274f,0.3106f,0.8592f,0.4065f,-8.5109f,0.2565f,0.3361f,-0.9062f,-1.2981f,0f,0f,0f,1f],start_interpolation: 0,interpolation_duration: 1}
$data merge entity $(right_forearm) {transformation: [-1.0044f,0.5313f,0.7784f,-1.9571f,0.6985f,1.1834f,0.0934f,-6.7543f,-0.6328f,0.4629f,-1.1324f,-0.616f,0f,0f,0f,1f],start_interpolation: 0,interpolation_duration: 1}
$data merge entity $(right_shoulder) {transformation: [-1.349f,0.5601f,0.1281f,-1.0065f,0.5364f,1.1107f,0.7927f,-5.5338f,0.2058f,0.7762f,-1.2268f,0.3284f,0f,0f,0f,1f],start_interpolation: 0,interpolation_duration: 1}
$data merge entity $(right_arm) {transformation: [-1f,0f,0f,-0.4425f,0f,0.9914f,-0.1306f,-5.2477f,0f,-0.1306f,-0.9914f,0.2822f,0f,0f,0f,1f],start_interpolation: 0,interpolation_duration: 1}
$data merge entity $(left_thumb_2) {transformation: [-0.9145f,-0.3858f,0.1224f,2.7145f,-0.3124f,0.865f,0.3926f,-8.9678f,-0.2573f,0.3208f,-0.9115f,-1.3129f,0f,0f,0f,1f],start_interpolation: 0,interpolation_duration: 1}
$data merge entity $(left_thumb) {transformation: [-0.9145f,-0.3858f,0.1224f,2.7242f,-0.3124f,0.865f,0.3926f,-8.6487f,-0.2573f,0.3208f,-0.9115f,-1.1587f,0f,0f,0f,1f],start_interpolation: 0,interpolation_duration: 1}
$data merge entity $(left_fingers2) {transformation: [-0.9087f,-0.3991f,0.1224f,3.1515f,-0.325f,0.8604f,0.3926f,-9.344f,-0.262f,0.317f,-0.9115f,-1.4891f,0f,0f,0f,1f],start_interpolation: 0,interpolation_duration: 1}
$data merge entity $(left_fingers) {transformation: [-0.9115f,-0.3928f,0.1224f,3.0662f,-0.319f,0.8626f,0.3926f,-9.0863f,-0.2598f,0.3188f,-0.9115f,-1.3976f,0f,0f,0f,1f],start_interpolation: 0,interpolation_duration: 1}
$data merge entity $(left_hand) {transformation: [-0.9145f,-0.3858f,0.1224f,2.8301f,-0.3124f,0.865f,0.3926f,-8.5392f,-0.2573f,0.3208f,-0.9115f,-1.2422f,0f,0f,0f,1f],start_interpolation: 0,interpolation_duration: 1}
$data merge entity $(left_forearm) {transformation: [-1.0098f,-0.5313f,-0.7714f,1.9599f,-0.6866f,1.1915f,0.0781f,-6.7705f,0.6372f,0.4418f,-1.1384f,-0.5918f,0f,0f,0f,1f],start_interpolation: 0,interpolation_duration: 1}
$data merge entity $(left_shoulder) {transformation: [-1.349f,-0.5621f,-0.1189f,1.0065f,-0.5364f,1.1235f,0.7745f,-5.5338f,-0.2058f,0.756f,-1.2393f,0.3284f,0f,0f,0f,1f],start_interpolation: 0,interpolation_duration: 1}
$data merge entity $(left_arm) {transformation: [-1f,0f,0f,0.4426f,0f,0.9914f,-0.1306f,-5.2477f,0f,-0.1306f,-0.9914f,0.2822f,0f,0f,0f,1f],start_interpolation: 0,interpolation_duration: 1}
$data merge entity $(chest) {transformation: [-1.2785f,0f,0f,0f,0f,1.2676f,-0.1669f,-7.0428f,0f,-0.1669f,-1.2676f,0.4837f,0f,0f,0f,1f],start_interpolation: 0,interpolation_duration: 1}
$data merge entity $(left_cheek) {transformation: [-0.9979f,-0.0653f,0.0058f,0.4405f,-0.0655f,0.9929f,-0.0988f,-7.9197f,0.0007f,-0.099f,-0.9951f,0.0082f,0f,0f,0f,1f],start_interpolation: 0,interpolation_duration: 1}
$data merge entity $(left_foot) {transformation: [-1.0097f,0.1316f,0.0915f,0.9515f,-0.1326f,-1.0137f,-0.0057f,-10.9526f,0.09f,-0.0175f,1.0183f,-1.7107f,0f,0f,0f,1f],start_interpolation: 0,interpolation_duration: 1}
$data merge entity $(left_knee) {transformation: [-3.0157f,0.0065f,-0.397f,1.0308f,-0.397f,-0.0187f,3.0157f,-10.8437f,0.004f,3.0417f,0.0194f,2.4997f,0f,0f,0f,1f],start_interpolation: 0,interpolation_duration: 1}
$data merge entity $(left_leg) {transformation: [-1.7033f,-0.1595f,0.1576f,0.6997f,-0.2242f,1.1997f,-1.2091f,-8.8956f,0.0023f,-1.2193f,-1.2102f,0.5818f,0f,0f,0f,1f],start_interpolation: 0,interpolation_duration: 1}
$data merge entity $(right_cheek) {transformation: [-0.9979f,0.0653f,-0.0058f,-0.4405f,0.0655f,0.9929f,-0.0988f,-7.9197f,-0.0007f,-0.099f,-0.9951f,0.0082f,0f,0f,0f,1f],start_interpolation: 0,interpolation_duration: 1}
$data merge entity $(right_foot) {transformation: [-1.0053f,-0.0999f,-0.1569f,-0.9515f,0.0833f,-1.0129f,0.1114f,-10.9526f,-0.1664f,0.0967f,1.0041f,-1.7107f,0f,0f,0f,1f],start_interpolation: 0,interpolation_duration: 1}
$data merge entity $(right_knee) {transformation: [-3.0157f,-0.0065f,0.397f,-1.0308f,0.397f,-0.0187f,3.0157f,-10.8437f,-0.004f,3.0417f,0.0194f,2.4997f,0f,0f,0f,1f],start_interpolation: 0,interpolation_duration: 1}
$data merge entity $(right_leg) {transformation: [-1.7033f,0.1595f,-0.1576f,-0.6997f,0.2242f,1.1997f,-1.2091f,-8.8956f,-0.0023f,-1.2193f,-1.2102f,0.5818f,0f,0f,0f,1f],start_interpolation: 0,interpolation_duration: 1}
$data merge entity $(weist) {transformation: [-1.6223f,0f,0f,0f,0f,1.6223f,-0.0163f,-7.2462f,0f,-0.0163f,-1.6223f,0.4476f,0f,0f,0f,1f],start_interpolation: 0,interpolation_duration: 1}
data modify storage animated_java:temp entry.data merge value {"locators":{"consume":{"px":-2.9075959491,"py":-9.1949611932,"pz":-1.6211147379,"ry":352.7051665911,"rx":23.9878179096}}}
# Data Manager: Prepare for Read / Write
execute store result storage animated_java:temp args.id int 1 run scoreboard players get @s aj.id
# Data Manager: Write
function animated_java:global/data_manager/write with storage animated_java:temp args