# This file was generated by Animated Java via MC-Build. It is not recommended to edit this file directly.
$data merge entity $(neck) {transformation: [-1f,0f,0f,0f,0f,0.9236f,-0.3834f,-5.2234f,0f,-0.3834f,-0.9236f,0.1912f,0f,0f,0f,1f],start_interpolation: 0,interpolation_duration: 1}
$data merge entity $(right_thumb_2) {transformation: [-0.956f,0.2919f,-0.03f,-2.3425f,0.2934f,0.9527f,-0.0793f,-9.5101f,0.0054f,-0.0846f,-0.9964f,0.6996f,0f,0f,0f,1f],start_interpolation: 0,interpolation_duration: 1}
$data merge entity $(right_thumb) {transformation: [-0.956f,0.2919f,-0.03f,-2.3898f,0.2934f,0.9527f,-0.0793f,-9.159f,0.0054f,-0.0846f,-0.9964f,0.6872f,0f,0f,0f,1f],start_interpolation: 0,interpolation_duration: 1}
$data merge entity $(right_fingers2) {transformation: [-0.9471f,0.3194f,-0.03f,-2.7337f,0.3208f,0.9438f,-0.0793f,-9.9699f,0.003f,-0.0848f,-0.9964f,0.6812f,0f,0f,0f,1f],start_interpolation: 0,interpolation_duration: 1}
$data merge entity $(right_fingers) {transformation: [-0.9514f,0.3064f,-0.03f,-2.6734f,0.3078f,0.9481f,-0.0793f,-9.6916f,0.0042f,-0.0847f,-0.9964f,0.6499f,0f,0f,0f,1f],start_interpolation: 0,interpolation_duration: 1}
$data merge entity $(scout) {transformation: [0f,0f,0f,-2.4941f,0f,0f,0f,-9.7094f,0f,0f,0f,0.5389f,0f,0f,0f,1f],start_interpolation: 0,interpolation_duration: 1}
$data merge entity $(right_hand) {transformation: [-0.956f,0.2919f,-0.03f,-2.4907f,0.2934f,0.9527f,-0.0793f,-9.1115f,0.0054f,-0.0846f,-0.9964f,0.5538f,0f,0f,0f,1f],start_interpolation: 0,interpolation_duration: 1}
$data merge entity $(right_forearm) {transformation: [-0.9603f,0.4021f,0.9018f,-1.8123f,0.2085f,1.3122f,-0.363f,-7.1572f,-0.9651f,-0.1166f,-0.9757f,0.3829f,0f,0f,0f,1f],start_interpolation: 0,interpolation_duration: 1}
$data merge entity $(right_shoulder) {transformation: [-1.4017f,0.4281f,-0.044f,-1.0065f,0.4302f,1.3969f,-0.1163f,-5.5372f,0.008f,-0.1241f,-1.4609f,0.277f,0f,0f,0f,1f],start_interpolation: 0,interpolation_duration: 1}
$data merge entity $(right_arm) {transformation: [-1f,0f,0f,-0.4426f,0f,0.9945f,-0.1047f,-5.2499f,0f,-0.1047f,-0.9945f,0.2383f,0f,0f,0f,1f],start_interpolation: 0,interpolation_duration: 1}
$data merge entity $(left_thumb_2) {transformation: [-0.956f,-0.2918f,0.0318f,2.3415f,-0.2934f,0.9522f,-0.0852f,-9.5076f,-0.0054f,-0.0907f,-0.9959f,0.7253f,0f,0f,0f,1f],start_interpolation: 0,interpolation_duration: 1}
$data merge entity $(left_thumb) {transformation: [-0.956f,-0.2918f,0.0318f,2.389f,-0.2934f,0.9522f,-0.0852f,-9.1566f,-0.0054f,-0.0907f,-0.9959f,0.7109f,0f,0f,0f,1f],start_interpolation: 0,interpolation_duration: 1}
$data merge entity $(left_fingers2) {transformation: [-0.9471f,-0.3192f,0.0318f,2.7328f,-0.3208f,0.9433f,-0.0852f,-9.9675f,-0.0028f,-0.0909f,-0.9959f,0.7103f,0f,0f,0f,1f],start_interpolation: 0,interpolation_duration: 1}
$data merge entity $(left_fingers) {transformation: [-0.9514f,-0.3062f,0.0318f,2.6726f,-0.3078f,0.9476f,-0.0852f,-9.6894f,-0.0041f,-0.0908f,-0.9959f,0.6773f,0f,0f,0f,1f],start_interpolation: 0,interpolation_duration: 1}
$data merge entity $(left_hand) {transformation: [-0.956f,-0.2918f,0.0318f,2.49f,-0.2934f,0.9522f,-0.0852f,-9.1098f,-0.0054f,-0.0907f,-0.9959f,0.5775f,0f,0f,0f,1f],start_interpolation: 0,interpolation_duration: 1}
$data merge entity $(left_forearm) {transformation: [-0.962f,-0.4019f,-0.9001f,1.8121f,-0.2029f,1.3115f,-0.3687f,-7.1566f,0.9646f,-0.125f,-0.9752f,0.3939f,0f,0f,0f,1f],start_interpolation: 0,interpolation_duration: 1}
$data merge entity $(left_shoulder) {transformation: [-1.4017f,-0.4278f,0.0466f,1.0065f,-0.4302f,1.3961f,-0.1249f,-5.5372f,-0.008f,-0.133f,-1.4602f,0.277f,0f,0f,0f,1f],start_interpolation: 0,interpolation_duration: 1}
$data merge entity $(left_arm) {transformation: [-1f,0f,0f,0.4425f,0f,0.9945f,-0.1047f,-5.2499f,0f,-0.1047f,-0.9945f,0.2383f,0f,0f,0f,1f],start_interpolation: 0,interpolation_duration: 1}
$data merge entity $(chest) {transformation: [-1.2785f,0f,0f,0f,0f,1.2715f,-0.1339f,-7.0497f,0f,-0.1339f,-1.2715f,0.393f,0f,0f,0f,1f],start_interpolation: 0,interpolation_duration: 1}
$data merge entity $(left_cheek) {transformation: [-0.9978f,-0.0666f,0.0061f,0.4402f,-0.0668f,0.992f,-0.1067f,-7.929f,0.001f,-0.1068f,-0.9943f,-0.0728f,0f,0f,0f,1f],start_interpolation: 0,interpolation_duration: 1}
$data merge entity $(left_foot) {transformation: [-1.0095f,0.1293f,0.0974f,0.9398f,-0.1337f,-1.0128f,-0.0412f,-10.8952f,0.0913f,-0.0534f,1.0169f,-1.768f,0f,0f,0f,1f],start_interpolation: 0,interpolation_duration: 1}
$data merge entity $(left_knee) {transformation: [-3.0157f,0.0154f,-0.3967f,1.0315f,-0.3969f,-0.0569f,3.0152f,-10.8391f,0.0079f,3.0412f,0.0584f,2.4432f,0f,0f,0f,1f],start_interpolation: 0,interpolation_duration: 1}
$data merge entity $(left_leg) {transformation: [-1.7033f,-0.16f,0.1571f,0.6997f,-0.2242f,1.191f,-1.2176f,-8.9047f,0.0044f,-1.2277f,-1.2017f,0.5117f,0f,0f,0f,1f],start_interpolation: 0,interpolation_duration: 1}
$data merge entity $(right_cheek) {transformation: [-0.9978f,0.0666f,-0.0061f,-0.4402f,0.0668f,0.992f,-0.1067f,-7.929f,-0.001f,-0.1068f,-0.9943f,-0.0728f,0f,0f,0f,1f],start_interpolation: 0,interpolation_duration: 1}
$data merge entity $(right_foot) {transformation: [-1.0047f,-0.0963f,-0.1627f,-0.9398f,0.0849f,-1.0159f,0.0771f,-10.8952f,-0.1689f,0.0622f,1.0064f,-1.768f,0f,0f,0f,1f],start_interpolation: 0,interpolation_duration: 1}
$data merge entity $(right_knee) {transformation: [-3.0157f,-0.0154f,0.3967f,-1.0315f,0.3969f,-0.0569f,3.0152f,-10.8391f,-0.0079f,3.0412f,0.0584f,2.4432f,0f,0f,0f,1f],start_interpolation: 0,interpolation_duration: 1}
$data merge entity $(right_leg) {transformation: [-1.7033f,0.16f,-0.1571f,-0.6997f,0.2242f,1.191f,-1.2176f,-8.9047f,-0.0044f,-1.2277f,-1.2017f,0.5117f,0f,0f,0f,1f],start_interpolation: 0,interpolation_duration: 1}
$data merge entity $(weist) {transformation: [-1.6223f,0f,0f,0f,0f,1.622f,-0.0321f,-7.2567f,0f,-0.0321f,-1.622f,0.3614f,0f,0f,0f,1f],start_interpolation: 0,interpolation_duration: 1}
data modify storage animated_java:temp entry.data merge value {"locators":{"consume":{"px":-2.4915125453,"py":-9.8713010175,"pz":0.5903666062,"ry":358.2741960713,"rx":-4.548987334}}}
# Data Manager: Prepare for Read / Write
execute store result storage animated_java:temp args.id int 1 run scoreboard players get @s aj.id
# Data Manager: Write
function animated_java:global/data_manager/write with storage animated_java:temp args