# This file was generated by Animated Java via MC-Build. It is not recommended to edit this file directly.
$data merge entity $(neck) {transformation: [-1f,0f,0f,0f,0f,0.9295f,-0.3689f,-5.2238f,0f,-0.3689f,-0.9295f,0.1443f,0f,0f,0f,1f],start_interpolation: 0,interpolation_duration: 1}
$data merge entity $(right_thumb_2) {transformation: [-0.9696f,0.2447f,-0.0052f,-2.1568f,0.2195f,0.8599f,-0.4609f,-9.066f,-0.1083f,-0.448f,-0.8874f,2.2201f,0f,0f,0f,1f],start_interpolation: 0,interpolation_duration: 1}
$data merge entity $(right_thumb) {transformation: [-0.9696f,0.2447f,-0.0052f,-2.2218f,0.2195f,0.8599f,-0.4609f,-8.7504f,-0.1083f,-0.448f,-0.8874f,2.0724f,0f,0f,0f,1f],start_interpolation: 0,interpolation_duration: 1}
$data merge entity $(right_fingers2) {transformation: [-0.9579f,0.2871f,-0.0052f,-2.5258f,0.257f,0.8494f,-0.4609f,-9.5175f,-0.1279f,-0.4428f,-0.8874f,2.3818f,0f,0f,0f,1f],start_interpolation: 0,interpolation_duration: 1}
$data merge entity $(right_fingers) {transformation: [-0.9637f,0.2669f,-0.0052f,-2.477f,0.2392f,0.8546f,-0.4609f,-9.2706f,-0.1186f,-0.4454f,-0.8874f,2.245f,0f,0f,0f,1f],start_interpolation: 0,interpolation_duration: 1}
$data merge entity $(scout) {transformation: [0f,0f,0f,-2.2947f,0f,0f,0f,-9.3201f,0f,0f,0f,2.1495f,0f,0f,0f,1f],start_interpolation: 0,interpolation_duration: 1}
$data merge entity $(right_hand) {transformation: [-0.9696f,0.2447f,-0.0052f,-2.3221f,0.2195f,0.8599f,-0.4609f,-8.7639f,-0.1083f,-0.448f,-0.8874f,1.9311f,0f,0f,0f,1f],start_interpolation: 0,interpolation_duration: 1}
$data merge entity $(right_forearm) {transformation: [-0.9494f,0.337f,0.9393f,-1.7409f,-0.2352f,1.1844f,-0.6626f,-6.9946f,-0.9698f,-0.6171f,-0.7588f,1.0145f,0f,0f,0f,1f],start_interpolation: 0,interpolation_duration: 1}
$data merge entity $(right_shoulder) {transformation: [-1.4184f,0.3662f,-0.0618f,-1.0065f,0.3492f,1.232f,-0.7142f,-5.54f,-0.1265f,-0.7057f,-1.279f,0.2208f,0f,0f,0f,1f],start_interpolation: 0,interpolation_duration: 1}
$data merge entity $(right_arm) {transformation: [-1f,0f,0f,-0.4426f,0f,0.9972f,-0.0751f,-5.2518f,0f,-0.0751f,-0.9972f,0.1906f,0f,0f,0f,1f],start_interpolation: 0,interpolation_duration: 1}
$data merge entity $(left_thumb_2) {transformation: [-0.9696f,-0.2447f,0.0052f,2.1568f,-0.2195f,0.8599f,-0.4609f,-9.066f,0.1083f,-0.448f,-0.8874f,2.2201f,0f,0f,0f,1f],start_interpolation: 0,interpolation_duration: 1}
$data merge entity $(left_thumb) {transformation: [-0.9696f,-0.2447f,0.0052f,2.2218f,-0.2195f,0.8599f,-0.4609f,-8.7504f,0.1083f,-0.448f,-0.8874f,2.0724f,0f,0f,0f,1f],start_interpolation: 0,interpolation_duration: 1}
$data merge entity $(left_fingers2) {transformation: [-0.9579f,-0.2871f,0.0052f,2.5258f,-0.257f,0.8494f,-0.4609f,-9.5175f,0.1279f,-0.4428f,-0.8874f,2.3818f,0f,0f,0f,1f],start_interpolation: 0,interpolation_duration: 1}
$data merge entity $(left_fingers) {transformation: [-0.9637f,-0.2669f,0.0052f,2.477f,-0.2392f,0.8546f,-0.4609f,-9.2706f,0.1186f,-0.4454f,-0.8874f,2.245f,0f,0f,0f,1f],start_interpolation: 0,interpolation_duration: 1}
$data merge entity $(left_hand) {transformation: [-0.9696f,-0.2447f,0.0052f,2.3221f,-0.2195f,0.8599f,-0.4609f,-8.7639f,0.1083f,-0.448f,-0.8874f,1.9311f,0f,0f,0f,1f],start_interpolation: 0,interpolation_duration: 1}
$data merge entity $(left_forearm) {transformation: [-0.9494f,-0.337f,-0.9393f,1.7409f,0.2352f,1.1844f,-0.6626f,-6.9946f,0.9698f,-0.6171f,-0.7588f,1.0145f,0f,0f,0f,1f],start_interpolation: 0,interpolation_duration: 1}
$data merge entity $(left_shoulder) {transformation: [-1.4184f,-0.3662f,0.0618f,1.0065f,-0.3492f,1.232f,-0.7142f,-5.54f,0.1265f,-0.7057f,-1.279f,0.2208f,0f,0f,0f,1f],start_interpolation: 0,interpolation_duration: 1}
$data merge entity $(left_arm) {transformation: [-1f,0f,0f,0.4425f,0f,0.9972f,-0.0751f,-5.2518f,0f,-0.0751f,-0.9972f,0.1906f,0f,0f,0f,1f],start_interpolation: 0,interpolation_duration: 1}
$data merge entity $(chest) {transformation: [-1.2785f,0f,0f,0f,0f,1.2749f,-0.096f,-7.0553f,0f,-0.096f,-1.2749f,0.2916f,0f,0f,0f,1f],start_interpolation: 0,interpolation_duration: 1}
$data merge entity $(left_cheek) {transformation: [-0.9976f,-0.0683f,0.0064f,0.44f,-0.0686f,0.9911f,-0.114f,-7.9383f,0.0015f,-0.1142f,-0.9935f,-0.162f,0f,0f,0f,1f],start_interpolation: 0,interpolation_duration: 1}
$data merge entity $(left_foot) {transformation: [-1.0094f,0.1296f,0.0978f,0.9389f,-0.1334f,-1.0131f,-0.0338f,-10.9206f,0.0926f,-0.0461f,1.0171f,-1.8495f,0f,0f,0f,1f],start_interpolation: 0,interpolation_duration: 1}
$data merge entity $(left_knee) {transformation: [-3.0157f,0.0181f,-0.3966f,1.0343f,-0.3968f,-0.0455f,3.0154f,-10.8488f,0.012f,3.0413f,0.0475f,2.3613f,0f,0f,0f,1f],start_interpolation: 0,interpolation_duration: 1}
$data merge entity $(left_leg) {transformation: [-1.7033f,-0.1618f,0.1553f,0.6997f,-0.2241f,1.1923f,-1.2164f,-8.9124f,0.0068f,-1.2263f,-1.2032f,0.4323f,0f,0f,0f,1f],start_interpolation: 0,interpolation_duration: 1}
$data merge entity $(right_cheek) {transformation: [-0.9976f,0.0683f,-0.0064f,-0.44f,0.0686f,0.9911f,-0.114f,-7.9383f,-0.0015f,-0.1142f,-0.9935f,-0.162f,0f,0f,0f,1f],start_interpolation: 0,interpolation_duration: 1}
$data merge entity $(right_foot) {transformation: [-1.0046f,-0.097f,-0.1631f,-0.9389f,0.0843f,-1.0154f,0.0842f,-10.9206f,-0.17f,0.0693f,1.0057f,-1.8495f,0f,0f,0f,1f],start_interpolation: 0,interpolation_duration: 1}
$data merge entity $(right_knee) {transformation: [-3.0157f,-0.0181f,0.3966f,-1.0343f,0.3968f,-0.0455f,3.0154f,-10.8488f,-0.012f,3.0413f,0.0475f,2.3613f,0f,0f,0f,1f],start_interpolation: 0,interpolation_duration: 1}
$data merge entity $(right_leg) {transformation: [-1.7033f,0.1618f,-0.1553f,-0.6997f,0.2241f,1.1923f,-1.2164f,-8.9124f,-0.0068f,-1.2263f,-1.2032f,0.4323f,0f,0f,0f,1f],start_interpolation: 0,interpolation_duration: 1}
$data merge entity $(weist) {transformation: [-1.6223f,0f,0f,0f,0f,1.6216f,-0.049f,-7.266f,0f,-0.049f,-1.6216f,0.265f,0f,0f,0f,1f],start_interpolation: 0,interpolation_duration: 1}
data modify storage animated_java:temp entry.data merge value {"locators":{"consume":{"px":-2.2849235753,"py":-9.4489286695,"pz":2.2597865264,"ry":359.6638150027,"rx":-27.4461405631}}}
# Data Manager: Prepare for Read / Write
execute store result storage animated_java:temp args.id int 1 run scoreboard players get @s aj.id
# Data Manager: Write
function animated_java:global/data_manager/write with storage animated_java:temp args