# This file was generated by Animated Java via MC-Build. It is not recommended to edit this file directly.
$data merge entity $(neck) {transformation: [-1f,0f,0f,0f,0f,0.9373f,-0.3485f,-5.2205f,0f,-0.3485f,-0.9373f,0.0965f,0f,0f,0f,1f],start_interpolation: 0,interpolation_duration: 1}
$data merge entity $(right_thumb_2) {transformation: [-0.9748f,0.2205f,0.0338f,-2.0731f,0.1694f,0.8302f,-0.5312f,-8.9063f,-0.1452f,-0.5121f,-0.8466f,2.4574f,0f,0f,0f,1f],start_interpolation: 0,interpolation_duration: 1}
$data merge entity $(right_thumb) {transformation: [-0.9748f,0.2205f,0.0338f,-2.1472f,0.1694f,0.8302f,-0.5312f,-8.6066f,-0.1452f,-0.5121f,-0.8466f,2.2831f,0f,0f,0f,1f],start_interpolation: 0,interpolation_duration: 1}
$data merge entity $(right_fingers2) {transformation: [-0.9606f,0.276f,0.0338f,-2.4295f,0.2167f,0.8191f,-0.5312f,-9.3578f,-0.1742f,-0.5029f,-0.8466f,2.6479f,0f,0f,0f,1f],start_interpolation: 0,interpolation_duration: 1}
$data merge entity $(right_fingers) {transformation: [-0.9677f,0.2497f,0.0338f,-2.3854f,0.1942f,0.8247f,-0.5312f,-9.1213f,-0.1605f,-0.5075f,-0.8466f,2.4926f,0f,0f,0f,1f],start_interpolation: 0,interpolation_duration: 1}
$data merge entity $(scout) {transformation: [0f,0f,0f,-2.1991f,0f,0f,0f,-9.1707f,0f,0f,0f,2.4051f,0f,0f,0f,1f],start_interpolation: 0,interpolation_duration: 1}
$data merge entity $(right_hand) {transformation: [-0.9748f,0.2205f,0.0338f,-2.2436f,0.1694f,0.8302f,-0.5312f,-8.6357f,-0.1452f,-0.5121f,-0.8466f,2.1414f,0f,0f,0f,1f],start_interpolation: 0,interpolation_duration: 1}
$data merge entity $(right_forearm) {transformation: [-0.9165f,0.3037f,0.9823f,-1.7123f,-0.3523f,1.1434f,-0.6823f,-6.9239f,-0.9659f,-0.7053f,-0.6832f,1.0946f,0f,0f,0f,1f],start_interpolation: 0,interpolation_duration: 1}
$data merge entity $(right_shoulder) {transformation: [-1.4253f,0.3424f,-0.0325f,-1.0065f,0.2985f,1.163f,-0.8416f,-5.5391f,-0.1707f,-0.8247f,-1.2002f,0.1621f,0f,0f,0f,1f],start_interpolation: 0,interpolation_duration: 1}
$data merge entity $(right_arm) {transformation: [-1f,0f,0f,-0.4425f,0f,0.9992f,-0.041f,-5.25f,0f,-0.041f,-0.9992f,0.1418f,0f,0f,0f,1f],start_interpolation: 0,interpolation_duration: 1}
$data merge entity $(left_thumb_2) {transformation: [-0.9748f,-0.2205f,-0.0338f,2.0731f,-0.1694f,0.8302f,-0.5312f,-8.9063f,0.1452f,-0.5121f,-0.8466f,2.4574f,0f,0f,0f,1f],start_interpolation: 0,interpolation_duration: 1}
$data merge entity $(left_thumb) {transformation: [-0.9748f,-0.2205f,-0.0338f,2.1472f,-0.1694f,0.8302f,-0.5312f,-8.6066f,0.1452f,-0.5121f,-0.8466f,2.2831f,0f,0f,0f,1f],start_interpolation: 0,interpolation_duration: 1}
$data merge entity $(left_fingers2) {transformation: [-0.9606f,-0.276f,-0.0338f,2.4295f,-0.2167f,0.8191f,-0.5312f,-9.3578f,0.1742f,-0.5029f,-0.8466f,2.6479f,0f,0f,0f,1f],start_interpolation: 0,interpolation_duration: 1}
$data merge entity $(left_fingers) {transformation: [-0.9677f,-0.2497f,-0.0338f,2.3854f,-0.1942f,0.8247f,-0.5312f,-9.1213f,0.1605f,-0.5075f,-0.8466f,2.4926f,0f,0f,0f,1f],start_interpolation: 0,interpolation_duration: 1}
$data merge entity $(left_hand) {transformation: [-0.9748f,-0.2205f,-0.0338f,2.2436f,-0.1694f,0.8302f,-0.5312f,-8.6357f,0.1452f,-0.5121f,-0.8466f,2.1414f,0f,0f,0f,1f],start_interpolation: 0,interpolation_duration: 1}
$data merge entity $(left_forearm) {transformation: [-0.9165f,-0.3037f,-0.9823f,1.7123f,0.3523f,1.1434f,-0.6823f,-6.9239f,0.9659f,-0.7053f,-0.6832f,1.0946f,0f,0f,0f,1f],start_interpolation: 0,interpolation_duration: 1}
$data merge entity $(left_shoulder) {transformation: [-1.4253f,-0.3424f,0.0325f,1.0065f,-0.2985f,1.163f,-0.8416f,-5.5391f,0.1707f,-0.8247f,-1.2002f,0.1621f,0f,0f,0f,1f],start_interpolation: 0,interpolation_duration: 1}
$data merge entity $(left_arm) {transformation: [-1f,0f,0f,0.4426f,0f,0.9992f,-0.041f,-5.25f,0f,-0.041f,-0.9992f,0.1418f,0f,0f,0f,1f],start_interpolation: 0,interpolation_duration: 1}
$data merge entity $(chest) {transformation: [-1.2785f,0f,0f,0f,0f,1.2775f,-0.0524f,-7.0559f,0f,-0.0524f,-1.2775f,0.1813f,0f,0f,0f,1f],start_interpolation: 0,interpolation_duration: 1}
$data merge entity $(left_cheek) {transformation: [-0.9975f,-0.0703f,0.0065f,0.44f,-0.0706f,0.9903f,-0.1198f,-7.9426f,0.002f,-0.12f,-0.9928f,-0.2605f,0f,0f,0f,1f],start_interpolation: 0,interpolation_duration: 1}
$data merge entity $(left_foot) {transformation: [-1.0095f,0.1318f,0.0941f,0.9463f,-0.132f,-1.0138f,0.0045f,-11.0006f,0.0938f,-0.0077f,1.018f,-1.9532f,0f,0f,0f,1f],start_interpolation: 0,interpolation_duration: 1}
$data merge entity $(left_knee) {transformation: [-3.0157f,0.0156f,-0.3967f,1.0382f,-0.3967f,0.001f,3.0158f,-10.8644f,0.0156f,3.0417f,0.001f,2.2562f,0f,0f,0f,1f],start_interpolation: 0,interpolation_duration: 1}
$data merge entity $(left_leg) {transformation: [-1.7033f,-0.1643f,0.1527f,0.6997f,-0.2241f,1.2007f,-1.2081f,-8.9147f,0.0088f,-1.2177f,-1.2119f,0.3413f,0f,0f,0f,1f],start_interpolation: 0,interpolation_duration: 1}
$data merge entity $(right_cheek) {transformation: [-0.9975f,0.0703f,-0.0065f,-0.44f,0.0706f,0.9903f,-0.1198f,-7.9426f,-0.002f,-0.12f,-0.9928f,-0.2605f,0f,0f,0f,1f],start_interpolation: 0,interpolation_duration: 1}
$data merge entity $(right_foot) {transformation: [-1.0048f,-0.1007f,-0.1595f,-0.9463f,0.0822f,-1.0118f,0.1213f,-11.0006f,-0.1698f,0.1063f,1.0025f,-1.9532f,0f,0f,0f,1f],start_interpolation: 0,interpolation_duration: 1}
$data merge entity $(right_knee) {transformation: [-3.0157f,-0.0156f,0.3967f,-1.0382f,0.3967f,0.001f,3.0158f,-10.8644f,-0.0156f,3.0417f,0.001f,2.2562f,0f,0f,0f,1f],start_interpolation: 0,interpolation_duration: 1}
$data merge entity $(right_leg) {transformation: [-1.7033f,0.1643f,-0.1527f,-0.6997f,0.2241f,1.2007f,-1.2081f,-8.9147f,-0.0088f,-1.2177f,-1.2119f,0.3413f,0f,0f,0f,1f],start_interpolation: 0,interpolation_duration: 1}
$data merge entity $(weist) {transformation: [-1.6223f,0f,0f,0f,0f,1.6211f,-0.0638f,-7.2699f,0f,-0.0638f,-1.6211f,0.159f,0f,0f,0f,1f],start_interpolation: 0,interpolation_duration: 1}
data modify storage animated_java:temp entry.data merge value {"locators":{"consume":{"px":-2.1867782773,"py":-9.2896868782,"pz":2.5257590721,"ry":2.2834585172,"rx":-32.0836752237}}}
# Data Manager: Prepare for Read / Write
execute store result storage animated_java:temp args.id int 1 run scoreboard players get @s aj.id
# Data Manager: Write
function animated_java:global/data_manager/write with storage animated_java:temp args