# This file was generated by Animated Java via MC-Build. It is not recommended to edit this file directly.
$data merge entity $(neck) {transformation: [-1f,0f,0f,0f,0f,0.9477f,-0.3193f,-5.2106f,0f,-0.3193f,-0.9477f,0.0505f,0f,0f,0f,1f],start_interpolation: 0,interpolation_duration: 1}
$data merge entity $(right_thumb_2) {transformation: [-0.9792f,0.1923f,0.0648f,-1.9705f,0.1526f,0.9082f,-0.3899f,-9.2438f,-0.1339f,-0.3718f,-0.9186f,1.8421f,0f,0f,0f,1f],start_interpolation: 0,interpolation_duration: 1}
$data merge entity $(right_thumb) {transformation: [-0.9792f,0.1923f,0.0648f,-2.0547f,0.1526f,0.9082f,-0.3899f,-8.9235f,-0.1339f,-0.3718f,-0.9186f,1.7156f,0f,0f,0f,1f],start_interpolation: 0,interpolation_duration: 1}
$data merge entity $(right_fingers2) {transformation: [-0.9644f,0.2565f,0.0648f,-2.3116f,0.2121f,0.8961f,-0.3899f,-9.7329f,-0.1581f,-0.3622f,-0.9186f,1.9532f,0f,0f,0f,1f],start_interpolation: 0,interpolation_duration: 1}
$data merge entity $(right_fingers) {transformation: [-0.972f,0.226f,0.0648f,-2.2741f,0.1838f,0.9023f,-0.3899f,-9.4734f,-0.1466f,-0.367f,-0.9186f,1.8378f,0f,0f,0f,1f],start_interpolation: 0,interpolation_duration: 1}
$data merge entity $(scout) {transformation: [0f,0f,0f,-2.085f,0f,0f,0f,-9.5014f,0f,0f,0f,1.7469f,0f,0f,0f,1f],start_interpolation: 0,interpolation_duration: 1}
$data merge entity $(right_hand) {transformation: [-0.9792f,0.1923f,0.0648f,-2.1482f,0.1526f,0.9082f,-0.3899f,-8.9337f,-0.1339f,-0.3718f,-0.9186f,1.5695f,0f,0f,0f,1f],start_interpolation: 0,interpolation_duration: 1}
$data merge entity $(right_forearm) {transformation: [-0.8905f,0.2649f,1.0168f,-1.6753f,-0.2311f,1.2509f,-0.5283f,-7.0595f,-1.025f,-0.5122f,-0.7643f,0.813f,0f,0f,0f,1f],start_interpolation: 0,interpolation_duration: 1}
$data merge entity $(right_shoulder) {transformation: [-1.4327f,0.3119f,0.0075f,-1.0065f,0.2755f,1.2815f,-0.657f,-5.5315f,-0.1463f,-0.6406f,-1.3108f,0.1036f,0f,0f,0f,1f],start_interpolation: 0,interpolation_duration: 1}
$data merge entity $(right_arm) {transformation: [-1f,0f,0f,-0.4425f,0f,1f,-0.0019f,-5.2418f,0f,-0.0019f,-1f,0.0946f,0f,0f,0f,1f],start_interpolation: 0,interpolation_duration: 1}
$data merge entity $(left_thumb_2) {transformation: [-0.9792f,-0.1923f,-0.0648f,1.9705f,-0.1526f,0.9082f,-0.3899f,-9.2438f,0.1339f,-0.3718f,-0.9186f,1.8421f,0f,0f,0f,1f],start_interpolation: 0,interpolation_duration: 1}
$data merge entity $(left_thumb) {transformation: [-0.9792f,-0.1923f,-0.0648f,2.0547f,-0.1526f,0.9082f,-0.3899f,-8.9235f,0.1339f,-0.3718f,-0.9186f,1.7156f,0f,0f,0f,1f],start_interpolation: 0,interpolation_duration: 1}
$data merge entity $(left_fingers2) {transformation: [-0.9644f,-0.2565f,-0.0648f,2.3116f,-0.2121f,0.8961f,-0.3899f,-9.7329f,0.1581f,-0.3622f,-0.9186f,1.9532f,0f,0f,0f,1f],start_interpolation: 0,interpolation_duration: 1}
$data merge entity $(left_fingers) {transformation: [-0.972f,-0.226f,-0.0648f,2.2741f,-0.1838f,0.9023f,-0.3899f,-9.4734f,0.1466f,-0.367f,-0.9186f,1.8378f,0f,0f,0f,1f],start_interpolation: 0,interpolation_duration: 1}
$data merge entity $(left_hand) {transformation: [-0.9792f,-0.1923f,-0.0648f,2.1482f,-0.1526f,0.9082f,-0.3899f,-8.9337f,0.1339f,-0.3718f,-0.9186f,1.5695f,0f,0f,0f,1f],start_interpolation: 0,interpolation_duration: 1}
$data merge entity $(left_forearm) {transformation: [-0.8905f,-0.2649f,-1.0168f,1.6753f,0.2311f,1.2509f,-0.5283f,-7.0595f,1.025f,-0.5122f,-0.7643f,0.813f,0f,0f,0f,1f],start_interpolation: 0,interpolation_duration: 1}
$data merge entity $(left_shoulder) {transformation: [-1.4327f,-0.3119f,-0.0075f,1.0065f,-0.2755f,1.2815f,-0.657f,-5.5315f,0.1463f,-0.6406f,-1.3108f,0.1036f,0f,0f,0f,1f],start_interpolation: 0,interpolation_duration: 1}
$data merge entity $(left_arm) {transformation: [-1f,0f,0f,0.4426f,0f,1f,-0.0019f,-5.2418f,0f,-0.0019f,-1f,0.0946f,0f,0f,0f,1f],start_interpolation: 0,interpolation_duration: 1}
$data merge entity $(chest) {transformation: [-1.2785f,0f,0f,0f,0f,1.2785f,-0.0024f,-7.0479f,0f,-0.0024f,-1.2785f,0.0634f,0f,0f,0f,1f],start_interpolation: 0,interpolation_duration: 1}
$data merge entity $(left_cheek) {transformation: [-0.9973f,-0.0726f,0.0066f,0.44f,-0.0728f,0.9897f,-0.1229f,-7.9374f,0.0024f,-0.123f,-0.9924f,-0.3695f,0f,0f,0f,1f],start_interpolation: 0,interpolation_duration: 1}
$data merge entity $(left_foot) {transformation: [-1.0097f,0.1349f,0.0873f,0.9592f,-0.13f,-1.0122f,0.0617f,-11.1072f,0.0946f,0.0498f,1.0168f,-2.076f,0f,0f,0f,1f],start_interpolation: 0,interpolation_duration: 1}
$data merge entity $(left_knee) {transformation: [-3.0157f,0.0091f,-0.3969f,1.0422f,-0.3966f,0.0685f,3.015f,-10.8776f,0.018f,3.041f,-0.0668f,2.1295f,0f,0f,0f,1f],start_interpolation: 0,interpolation_duration: 1}
$data merge entity $(left_leg) {transformation: [-1.7033f,-0.1668f,0.1499f,0.6997f,-0.224f,1.2136f,-1.1952f,-8.9076f,0.0102f,-1.2045f,-1.2249f,0.2362f,0f,0f,0f,1f],start_interpolation: 0,interpolation_duration: 1}
$data merge entity $(right_cheek) {transformation: [-0.9973f,0.0726f,-0.0066f,-0.44f,0.0728f,0.9897f,-0.1229f,-7.9374f,-0.0024f,-0.123f,-0.9924f,-0.3695f,0f,0f,0f,1f],start_interpolation: 0,interpolation_duration: 1}
$data merge entity $(right_foot) {transformation: [-1.0053f,-0.1062f,-0.1529f,-0.9592f,0.0792f,-1.0039f,0.1763f,-11.1072f,-0.1684f,0.1615f,0.9954f,-2.076f,0f,0f,0f,1f],start_interpolation: 0,interpolation_duration: 1}
$data merge entity $(right_knee) {transformation: [-3.0157f,-0.0091f,0.3969f,-1.0422f,0.3966f,0.0685f,3.015f,-10.8776f,-0.018f,3.041f,-0.0668f,2.1295f,0f,0f,0f,1f],start_interpolation: 0,interpolation_duration: 1}
$data merge entity $(right_leg) {transformation: [-1.7033f,0.1668f,-0.1499f,-0.6997f,0.224f,1.2136f,-1.1952f,-8.9076f,-0.0102f,-1.2045f,-1.2249f,0.2362f,0f,0f,0f,1f],start_interpolation: 0,interpolation_duration: 1}
$data merge entity $(weist) {transformation: [-1.6223f,0f,0f,0f,0f,1.6207f,-0.0734f,-7.264f,0f,-0.0734f,-1.6207f,0.044f,0f,0f,0f,1f],start_interpolation: 0,interpolation_duration: 1}
data modify storage animated_java:temp entry.data merge value {"locators":{"consume":{"px":-2.0692308068,"py":-9.6372479467,"pz":1.8476370463,"ry":4.0372749783,"rx":-22.9452186527}}}
# Data Manager: Prepare for Read / Write
execute store result storage animated_java:temp args.id int 1 run scoreboard players get @s aj.id
# Data Manager: Write
function animated_java:global/data_manager/write with storage animated_java:temp args