# This file was generated by Animated Java via MC-Build. It is not recommended to edit this file directly.
$data merge entity $(neck) {transformation: [-1f,0f,0f,0f,0f,0.9607f,-0.2777f,-5.1915f,0f,-0.2777f,-0.9607f,0.0092f,0f,0f,0f,1f],start_interpolation: 0,interpolation_duration: 1}
$data merge entity $(right_thumb_2) {transformation: [-0.983f,0.164f,0.0831f,-1.8597f,0.1419f,0.9642f,-0.2238f,-9.4986f,-0.1168f,-0.2082f,-0.9711f,1.109f,0f,0f,0f,1f],start_interpolation: 0,interpolation_duration: 1}
$data merge entity $(right_thumb) {transformation: [-0.983f,0.164f,0.0831f,-1.9538f,0.1419f,0.9642f,-0.2238f,-9.1642f,-0.1168f,-0.2082f,-0.9711f,1.0384f,0f,0f,0f,1f],start_interpolation: 0,interpolation_duration: 1}
$data merge entity $(right_fingers2) {transformation: [-0.9697f,0.2298f,0.0831f,-2.1851f,0.2065f,0.9525f,-0.2238f,-10.0102f,-0.1305f,-0.1999f,-0.9711f,1.1307f,0f,0f,0f,1f],start_interpolation: 0,interpolation_duration: 1}
$data merge entity $(right_fingers) {transformation: [-0.9766f,0.1985f,0.0831f,-2.1555f,0.1759f,0.9586f,-0.2238f,-9.7337f,-0.1241f,-0.204f,-0.9711f,1.0619f,0f,0f,0f,1f],start_interpolation: 0,interpolation_duration: 1}
$data merge entity $(scout) {transformation: [0f,0f,0f,-1.965f,0f,0f,0f,-9.7395f,0f,0f,0f,0.9697f,0f,0f,0f,1f],start_interpolation: 0,interpolation_duration: 1}
$data merge entity $(right_hand) {transformation: [-0.983f,0.164f,0.0831f,-2.0462f,0.1419f,0.9642f,-0.2238f,-9.1521f,-0.1168f,-0.2082f,-0.9711f,0.8917f,0f,0f,0f,1f],start_interpolation: 0,interpolation_duration: 1}
$data merge entity $(right_forearm) {transformation: [-0.8765f,0.2259f,1.0382f,-1.6318f,-0.0798f,1.3281f,-0.3562f,-7.1617f,-1.0595f,-0.2868f,-0.832f,0.4735f,0f,0f,0f,1f],start_interpolation: 0,interpolation_duration: 1}
$data merge entity $(right_shoulder) {transformation: [-1.4393f,0.2761f,0.0456f,-1.0065f,0.2517f,1.3814f,-0.422f,-5.5145f,-0.1225f,-0.4064f,-1.4034f,0.0478f,0f,0f,0f,1f],start_interpolation: 0,interpolation_duration: 1}
$data merge entity $(right_arm) {transformation: [-1f,0f,0f,-0.4425f,0f,0.9991f,0.0429f,-5.2247f,0f,0.0429f,-0.9991f,0.0518f,0f,0f,0f,1f],start_interpolation: 0,interpolation_duration: 1}
$data merge entity $(left_thumb_2) {transformation: [-0.983f,-0.164f,-0.0831f,1.8597f,-0.1419f,0.9642f,-0.2238f,-9.4986f,0.1168f,-0.2082f,-0.9711f,1.109f,0f,0f,0f,1f],start_interpolation: 0,interpolation_duration: 1}
$data merge entity $(left_thumb) {transformation: [-0.983f,-0.164f,-0.0831f,1.9538f,-0.1419f,0.9642f,-0.2238f,-9.1642f,0.1168f,-0.2082f,-0.9711f,1.0384f,0f,0f,0f,1f],start_interpolation: 0,interpolation_duration: 1}
$data merge entity $(left_fingers2) {transformation: [-0.9697f,-0.2298f,-0.0831f,2.1851f,-0.2065f,0.9525f,-0.2238f,-10.0102f,0.1305f,-0.1999f,-0.9711f,1.1307f,0f,0f,0f,1f],start_interpolation: 0,interpolation_duration: 1}
$data merge entity $(left_fingers) {transformation: [-0.9766f,-0.1985f,-0.0831f,2.1555f,-0.1759f,0.9586f,-0.2238f,-9.7337f,0.1241f,-0.204f,-0.9711f,1.0619f,0f,0f,0f,1f],start_interpolation: 0,interpolation_duration: 1}
$data merge entity $(left_hand) {transformation: [-0.983f,-0.164f,-0.0831f,2.0462f,-0.1419f,0.9642f,-0.2238f,-9.1521f,0.1168f,-0.2082f,-0.9711f,0.8917f,0f,0f,0f,1f],start_interpolation: 0,interpolation_duration: 1}
$data merge entity $(left_forearm) {transformation: [-0.8765f,-0.2259f,-1.0382f,1.6318f,0.0798f,1.3281f,-0.3562f,-7.1617f,1.0595f,-0.2868f,-0.832f,0.4735f,0f,0f,0f,1f],start_interpolation: 0,interpolation_duration: 1}
$data merge entity $(left_shoulder) {transformation: [-1.4393f,-0.2761f,-0.0456f,1.0065f,-0.2517f,1.3814f,-0.422f,-5.5145f,0.1225f,-0.4064f,-1.4034f,0.0478f,0f,0f,0f,1f],start_interpolation: 0,interpolation_duration: 1}
$data merge entity $(left_arm) {transformation: [-1f,0f,0f,0.4426f,0f,0.9991f,0.0429f,-5.2247f,0f,0.0429f,-0.9991f,0.0518f,0f,0f,0f,1f],start_interpolation: 0,interpolation_duration: 1}
$data merge entity $(chest) {transformation: [-1.2785f,0f,0f,0f,0f,1.2774f,0.0549f,-7.0276f,0f,0.0549f,-1.2774f,-0.0603f,0f,0f,0f,1f],start_interpolation: 0,interpolation_duration: 1}
$data merge entity $(left_cheek) {transformation: [-0.9972f,-0.0749f,0.0066f,0.4402f,-0.0751f,0.9897f,-0.1221f,-7.9186f,0.0026f,-0.1223f,-0.9925f,-0.49f,0f,0f,0f,1f],start_interpolation: 0,interpolation_duration: 1}
$data merge entity $(left_foot) {transformation: [-1.0099f,0.1381f,0.0789f,0.9753f,-0.1278f,-1.0065f,0.1257f,-11.2124f,0.0946f,0.1143f,1.0115f,-2.2157f,0f,0f,0f,1f],start_interpolation: 0,interpolation_duration: 1}
$data merge entity $(left_knee) {transformation: [-3.0157f,-0.0003f,-0.397f,1.0453f,-0.3966f,0.1427f,3.0124f,-10.8802f,0.0183f,3.0384f,-0.1416f,1.9832f,0f,0f,0f,1f],start_interpolation: 0,interpolation_duration: 1}
$data merge entity $(left_leg) {transformation: [-1.7033f,-0.1687f,0.1477f,0.6997f,-0.224f,1.2281f,-1.1802f,-8.8875f,0.0104f,-1.1894f,-1.2396f,0.1144f,0f,0f,0f,1f],start_interpolation: 0,interpolation_duration: 1}
$data merge entity $(right_cheek) {transformation: [-0.9972f,0.0749f,-0.0066f,-0.4402f,0.0751f,0.9897f,-0.1221f,-7.9186f,-0.0026f,-0.1223f,-0.9925f,-0.49f,0f,0f,0f,1f],start_interpolation: 0,interpolation_duration: 1}
$data merge entity $(right_foot) {transformation: [-1.0059f,-0.1118f,-0.1445f,-0.9753f,0.0761f,-0.9915f,0.2375f,-11.2124f,-0.1661f,0.2229f,0.9838f,-2.2157f,0f,0f,0f,1f],start_interpolation: 0,interpolation_duration: 1}
$data merge entity $(right_knee) {transformation: [-3.0157f,0.0003f,0.397f,-1.0453f,0.3966f,0.1427f,3.0124f,-10.8802f,-0.0183f,3.0384f,-0.1416f,1.9832f,0f,0f,0f,1f],start_interpolation: 0,interpolation_duration: 1}
$data merge entity $(right_leg) {transformation: [-1.7033f,0.1687f,-0.1477f,-0.6997f,0.224f,1.2281f,-1.1802f,-8.8875f,-0.0104f,-1.1894f,-1.2396f,0.1144f,0f,0f,0f,1f],start_interpolation: 0,interpolation_duration: 1}
$data merge entity $(weist) {transformation: [-1.6223f,0f,0f,0f,0f,1.6206f,-0.075f,-7.244f,0f,-0.075f,-1.6206f,-0.0793f,0f,0f,0f,1f],start_interpolation: 0,interpolation_duration: 1}
data modify storage animated_java:temp entry.data merge value {"locators":{"consume":{"px":-1.9452516378,"py":-9.8901402047,"pz":1.045833602,"ry":4.8887414514,"rx":-12.9345652531}}}
# Data Manager: Prepare for Read / Write
execute store result storage animated_java:temp args.id int 1 run scoreboard players get @s aj.id
# Data Manager: Write
function animated_java:global/data_manager/write with storage animated_java:temp args