# This file was generated by Animated Java via MC-Build. It is not recommended to edit this file directly.
$data merge entity $(neck) {transformation: [-1f,0f,0f,0f,0f,0.9754f,-0.2203f,-5.1612f,0f,-0.2203f,-0.9754f,-0.0251f,0f,0f,0f,1f],start_interpolation: 0,interpolation_duration: 1}
$data merge entity $(right_thumb_2) {transformation: [-0.9852f,0.1434f,0.0938f,-1.7713f,0.1332f,0.9853f,-0.1073f,-9.5887f,-0.1078f,-0.0932f,-0.9898f,0.555f,0f,0f,0f,1f],start_interpolation: 0,interpolation_duration: 1}
$data merge entity $(right_thumb) {transformation: [-0.9852f,0.1434f,0.0938f,-1.8726f,0.1332f,0.9853f,-0.1073f,-9.2504f,-0.1078f,-0.0932f,-0.9898f,0.523f,0f,0f,0f,1f],start_interpolation: 0,interpolation_duration: 1}
$data merge entity $(right_fingers2) {transformation: [-0.9751f,0.2009f,0.0938f,-2.0839f,0.1907f,0.9758f,-0.1073f,-10.1063f,-0.1131f,-0.0867f,-0.9898f,0.5143f,0f,0f,0f,1f],start_interpolation: 0,interpolation_duration: 1}
$data merge entity $(right_fingers) {transformation: [-0.9803f,0.1736f,0.0938f,-2.0614f,0.1634f,0.9807f,-0.1073f,-9.8231f,-0.1107f,-0.0899f,-0.9898f,0.4783f,0f,0f,0f,1f],start_interpolation: 0,interpolation_duration: 1}
$data merge entity $(scout) {transformation: [0f,0f,0f,-1.8703f,0f,0f,0f,-9.8139f,0f,0f,0f,0.3877f,0f,0f,0f,1f],start_interpolation: 0,interpolation_duration: 1}
$data merge entity $(right_hand) {transformation: [-0.9852f,0.1434f,0.0938f,-1.9642f,0.1332f,0.9853f,-0.1073f,-9.2233f,-0.1078f,-0.0932f,-0.9898f,0.3779f,0f,0f,0f,1f],start_interpolation: 0,interpolation_duration: 1}
$data merge entity $(right_forearm) {transformation: [-0.8681f,0.1975f,1.0509f,-1.5925f,0.0252f,1.3571f,-0.2342f,-7.1892f,-1.069f,-0.1284f,-0.859f,0.1977f,0f,0f,0f,1f],start_interpolation: 0,interpolation_duration: 1}
$data merge entity $(right_shoulder) {transformation: [-1.4433f,0.2442f,0.0837f,-1.0065f,0.2278f,1.4285f,-0.2395f,-5.4858f,-0.1214f,-0.2228f,-1.4441f,-0.003f,0f,0f,0f,1f],start_interpolation: 0,interpolation_duration: 1}
$data merge entity $(right_arm) {transformation: [-1f,0f,0f,-0.4425f,0f,0.9956f,0.094f,-5.1966f,0f,0.094f,-0.9956f,0.0158f,0f,0f,0f,1f],start_interpolation: 0,interpolation_duration: 1}
$data merge entity $(left_thumb_2) {transformation: [-0.9852f,-0.1434f,-0.0938f,1.7713f,-0.1332f,0.9853f,-0.1073f,-9.5887f,0.1078f,-0.0932f,-0.9898f,0.555f,0f,0f,0f,1f],start_interpolation: 0,interpolation_duration: 1}
$data merge entity $(left_thumb) {transformation: [-0.9852f,-0.1434f,-0.0938f,1.8726f,-0.1332f,0.9853f,-0.1073f,-9.2504f,0.1078f,-0.0932f,-0.9898f,0.523f,0f,0f,0f,1f],start_interpolation: 0,interpolation_duration: 1}
$data merge entity $(left_fingers2) {transformation: [-0.9751f,-0.2009f,-0.0938f,2.0839f,-0.1907f,0.9758f,-0.1073f,-10.1063f,0.1131f,-0.0867f,-0.9898f,0.5143f,0f,0f,0f,1f],start_interpolation: 0,interpolation_duration: 1}
$data merge entity $(left_fingers) {transformation: [-0.9803f,-0.1736f,-0.0938f,2.0614f,-0.1634f,0.9807f,-0.1073f,-9.8231f,0.1107f,-0.0899f,-0.9898f,0.4783f,0f,0f,0f,1f],start_interpolation: 0,interpolation_duration: 1}
$data merge entity $(left_hand) {transformation: [-0.9852f,-0.1434f,-0.0938f,1.9642f,-0.1332f,0.9853f,-0.1073f,-9.2233f,0.1078f,-0.0932f,-0.9898f,0.3779f,0f,0f,0f,1f],start_interpolation: 0,interpolation_duration: 1}
$data merge entity $(left_forearm) {transformation: [-0.8681f,-0.1975f,-1.0509f,1.5925f,-0.0252f,1.3571f,-0.2342f,-7.1892f,1.069f,-0.1284f,-0.859f,0.1977f,0f,0f,0f,1f],start_interpolation: 0,interpolation_duration: 1}
$data merge entity $(left_shoulder) {transformation: [-1.4433f,-0.2442f,-0.0837f,1.0065f,-0.2278f,1.4285f,-0.2395f,-5.4858f,0.1214f,-0.2228f,-1.4441f,-0.003f,0f,0f,0f,1f],start_interpolation: 0,interpolation_duration: 1}
$data merge entity $(left_arm) {transformation: [-1f,0f,0f,0.4426f,0f,0.9956f,0.094f,-5.1966f,0f,0.094f,-0.9956f,0.0158f,0f,0f,0f,1f],start_interpolation: 0,interpolation_duration: 1}
$data merge entity $(chest) {transformation: [-1.2785f,0f,0f,0f,0f,1.2729f,0.1202f,-6.9913f,0f,0.1202f,-1.2729f,-0.1884f,0f,0f,0f,1f],start_interpolation: 0,interpolation_duration: 1}
$data merge entity $(left_cheek) {transformation: [-0.997f,-0.0773f,0.0064f,0.4406f,-0.0775f,0.9902f,-0.1165f,-7.8818f,0.0027f,-0.1166f,-0.9932f,-0.6231f,0f,0f,0f,1f],start_interpolation: 0,interpolation_duration: 1}
$data merge entity $(left_foot) {transformation: [-1.0103f,0.1404f,0.0701f,0.9921f,-0.1259f,-0.9977f,0.1844f,-11.2885f,0.0937f,0.1736f,1.0032f,-2.3716f,0f,0f,0f,1f],start_interpolation: 0,interpolation_duration: 1}
$data merge entity $(left_knee) {transformation: [-3.0157f,-0.0115f,-0.3969f,1.0465f,-0.3967f,0.2093f,3.0085f,-10.8643f,0.016f,3.0345f,-0.209f,1.8192f,0f,0f,0f,1f],start_interpolation: 0,interpolation_duration: 1}
$data merge entity $(left_leg) {transformation: [-1.7033f,-0.1696f,0.1467f,0.6997f,-0.2241f,1.2416f,-1.166f,-8.8503f,0.009f,-1.1751f,-1.2531f,-0.0263f,0f,0f,0f,1f],start_interpolation: 0,interpolation_duration: 1}
$data merge entity $(right_cheek) {transformation: [-0.997f,0.0773f,-0.0064f,-0.4406f,0.0775f,0.9902f,-0.1165f,-7.8818f,-0.0027f,-0.1166f,-0.9932f,-0.6231f,0f,0f,0f,1f],start_interpolation: 0,interpolation_duration: 1}
$data merge entity $(right_foot) {transformation: [-1.0066f,-0.1164f,-0.1356f,-0.9921f,0.0735f,-0.9767f,0.2933f,-11.2885f,-0.163f,0.279f,0.97f,-2.3716f,0f,0f,0f,1f],start_interpolation: 0,interpolation_duration: 1}
$data merge entity $(right_knee) {transformation: [-3.0157f,0.0115f,0.3969f,-1.0465f,0.3967f,0.2093f,3.0085f,-10.8643f,-0.016f,3.0345f,-0.209f,1.8192f,0f,0f,0f,1f],start_interpolation: 0,interpolation_duration: 1}
$data merge entity $(right_leg) {transformation: [-1.7033f,0.1696f,-0.1467f,-0.6997f,0.2241f,1.2416f,-1.166f,-8.8503f,-0.009f,-1.1751f,-1.2531f,-0.0263f,0f,0f,0f,1f],start_interpolation: 0,interpolation_duration: 1}
$data merge entity $(weist) {transformation: [-1.6223f,0f,0f,0f,0f,1.621f,-0.0653f,-7.2056f,0f,-0.0653f,-1.621f,-0.2102f,0f,0f,0f,1f],start_interpolation: 0,interpolation_duration: 1}
data modify storage animated_java:temp entry.data merge value {"locators":{"consume":{"px":-1.8476106523,"py":-9.9719272352,"pz":0.4459239001,"ry":5.416196559,"rx":-6.1596419788}}}
# Data Manager: Prepare for Read / Write
execute store result storage animated_java:temp args.id int 1 run scoreboard players get @s aj.id
# Data Manager: Write
function animated_java:global/data_manager/write with storage animated_java:temp args