# This file was generated by Animated Java via MC-Build. It is not recommended to edit this file directly.
$data merge entity $(neck) {transformation: [-1f,0f,0f,0f,0f,0.9897f,-0.1435f,-5.1178f,0f,-0.1435f,-0.9897f,-0.0499f,0f,0f,0f,1f],start_interpolation: 0,interpolation_duration: 1}
$data merge entity $(right_thumb_2) {transformation: [-0.9871f,0.123f,0.102f,-1.6721f,0.127f,0.9914f,0.0329f,-9.6014f,-0.097f,0.0454f,-0.9942f,-0.1162f,0f,0f,0f,1f],start_interpolation: 0,interpolation_duration: 1}
$data merge entity $(right_thumb) {transformation: [-0.9871f,0.123f,0.102f,-1.7803f,0.127f,0.9914f,0.0329f,-9.2641f,-0.097f,0.0454f,-0.9942f,-0.1019f,0f,0f,0f,1f],start_interpolation: 0,interpolation_duration: 1}
$data merge entity $(right_fingers2) {transformation: [-0.9819f,0.1596f,0.102f,-1.9702f,0.1637f,0.986f,0.0329f,-10.1148f,-0.0953f,0.049f,-0.9942f,-0.2306f,0f,0f,0f,1f],start_interpolation: 0,interpolation_duration: 1}
$data merge entity $(right_fingers) {transformation: [-0.9846f,0.1422f,0.102f,-1.9567f,0.1462f,0.9887f,0.0329f,-9.8287f,-0.0961f,0.0473f,-0.9942f,-0.2271f,0f,0f,0f,1f],start_interpolation: 0,interpolation_duration: 1}
$data merge entity $(scout) {transformation: [0f,0f,0f,-1.7653f,0f,0f,0f,-9.8032f,0f,0f,0f,-0.3139f,0f,0f,0f,1f],start_interpolation: 0,interpolation_duration: 1}
$data merge entity $(right_hand) {transformation: [-0.9871f,0.123f,0.102f,-1.8717f,0.127f,0.9914f,0.0329f,-9.2189f,-0.097f,0.0454f,-0.9942f,-0.2427f,0f,0f,0f,1f],start_interpolation: 0,interpolation_duration: 1}
$data merge entity $(right_forearm) {transformation: [-0.8621f,0.1695f,1.0607f,-1.542f,0.1557f,1.3655f,-0.0916f,-7.1724f,-1.0628f,0.0625f,-0.8738f,-0.1361f,0f,0f,0f,1f],start_interpolation: 0,interpolation_duration: 1}
$data merge entity $(right_shoulder) {transformation: [-1.4468f,0.2033f,0.1232f,-1.0065f,0.2038f,1.452f,-0.0026f,-5.4431f,-0.1224f,0.0146f,-1.461f,-0.0467f,0f,0f,0f,1f],start_interpolation: 0,interpolation_duration: 1}
$data merge entity $(right_arm) {transformation: [-1f,0f,0f,-0.4425f,0f,0.9884f,0.1517f,-5.1555f,0f,0.1517f,-0.9884f,-0.0111f,0f,0f,0f,1f],start_interpolation: 0,interpolation_duration: 1}
$data merge entity $(left_thumb_2) {transformation: [-0.9871f,-0.123f,-0.102f,1.6721f,-0.127f,0.9914f,0.0329f,-9.6014f,0.097f,0.0454f,-0.9942f,-0.1162f,0f,0f,0f,1f],start_interpolation: 0,interpolation_duration: 1}
$data merge entity $(left_thumb) {transformation: [-0.9871f,-0.123f,-0.102f,1.7803f,-0.127f,0.9914f,0.0329f,-9.2641f,0.097f,0.0454f,-0.9942f,-0.1019f,0f,0f,0f,1f],start_interpolation: 0,interpolation_duration: 1}
$data merge entity $(left_fingers2) {transformation: [-0.9819f,-0.1596f,-0.102f,1.9702f,-0.1637f,0.986f,0.0329f,-10.1148f,0.0953f,0.049f,-0.9942f,-0.2306f,0f,0f,0f,1f],start_interpolation: 0,interpolation_duration: 1}
$data merge entity $(left_fingers) {transformation: [-0.9846f,-0.1422f,-0.102f,1.9567f,-0.1462f,0.9887f,0.0329f,-9.8287f,0.0961f,0.0473f,-0.9942f,-0.2271f,0f,0f,0f,1f],start_interpolation: 0,interpolation_duration: 1}
$data merge entity $(left_hand) {transformation: [-0.9871f,-0.123f,-0.102f,1.8717f,-0.127f,0.9914f,0.0329f,-9.2189f,0.097f,0.0454f,-0.9942f,-0.2427f,0f,0f,0f,1f],start_interpolation: 0,interpolation_duration: 1}
$data merge entity $(left_forearm) {transformation: [-0.8621f,-0.1695f,-1.0607f,1.542f,-0.1557f,1.3655f,-0.0916f,-7.1724f,1.0628f,0.0625f,-0.8738f,-0.1361f,0f,0f,0f,1f],start_interpolation: 0,interpolation_duration: 1}
$data merge entity $(left_shoulder) {transformation: [-1.4468f,-0.2033f,-0.1232f,1.0065f,-0.2038f,1.452f,-0.0026f,-5.4431f,0.1224f,0.0146f,-1.461f,-0.0467f,0f,0f,0f,1f],start_interpolation: 0,interpolation_duration: 1}
$data merge entity $(left_arm) {transformation: [-1f,0f,0f,0.4426f,0f,0.9884f,0.1517f,-5.1555f,0f,0.1517f,-0.9884f,-0.0111f,0f,0f,0f,1f],start_interpolation: 0,interpolation_duration: 1}
$data merge entity $(chest) {transformation: [-1.2785f,0f,0f,0f,0f,1.2637f,0.194f,-6.9353f,0f,0.194f,-1.2637f,-0.3193f,0f,0f,0f,1f],start_interpolation: 0,interpolation_duration: 1}
$data merge entity $(left_cheek) {transformation: [-0.9968f,-0.0797f,0.0058f,0.4411f,-0.0798f,0.9913f,-0.1048f,-7.8226f,0.0026f,-0.1049f,-0.9945f,-0.7696f,0f,0f,0f,1f],start_interpolation: 0,interpolation_duration: 1}
$data merge entity $(left_foot) {transformation: [-1.0106f,0.1416f,0.0623f,1.0069f,-0.1246f,-0.9892f,0.2261f,-11.3073f,0.0916f,0.2159f,0.9951f,-2.5444f,0f,0f,0f,1f],start_interpolation: 0,interpolation_duration: 1}
$data merge entity $(left_knee) {transformation: [-3.0157f,-0.0233f,-0.3963f,1.0451f,-0.3969f,0.2541f,3.005f,-10.8214f,0.0101f,3.031f,-0.2549f,1.6398f,0f,0f,0f,1f],start_interpolation: 0,interpolation_duration: 1}
$data merge entity $(left_leg) {transformation: [-1.7033f,-0.1686f,0.1478f,0.6997f,-0.2242f,1.2517f,-1.1552f,-8.7916f,0.0057f,-1.1646f,-1.263f,-0.1886f,0f,0f,0f,1f],start_interpolation: 0,interpolation_duration: 1}
$data merge entity $(right_cheek) {transformation: [-0.9968f,0.0797f,-0.0058f,-0.4411f,0.0798f,0.9913f,-0.1048f,-7.8226f,-0.0026f,-0.1049f,-0.9945f,-0.7696f,0f,0f,0f,1f],start_interpolation: 0,interpolation_duration: 1}
$data merge entity $(right_foot) {transformation: [-1.0073f,-0.1191f,-0.1279f,-1.0069f,0.0718f,-0.9641f,0.3326f,-11.3073f,-0.1594f,0.3187f,0.9583f,-2.5444f,0f,0f,0f,1f],start_interpolation: 0,interpolation_duration: 1}
$data merge entity $(right_knee) {transformation: [-3.0157f,0.0233f,0.3963f,-1.0451f,0.3969f,0.2541f,3.005f,-10.8214f,-0.0101f,3.031f,-0.2549f,1.6398f,0f,0f,0f,1f],start_interpolation: 0,interpolation_duration: 1}
$data merge entity $(right_leg) {transformation: [-1.7033f,0.1686f,-0.1478f,-0.6997f,0.2242f,1.2517f,-1.1552f,-8.7916f,-0.0057f,-1.1646f,-1.263f,-0.1886f,0f,0f,0f,1f],start_interpolation: 0,interpolation_duration: 1}
$data merge entity $(weist) {transformation: [-1.6223f,0f,0f,0f,0f,1.6218f,-0.0413f,-7.1444f,0f,-0.0413f,-1.6218f,-0.3482f,0f,0f,0f,1f],start_interpolation: 0,interpolation_duration: 1}
data modify storage animated_java:temp entry.data merge value {"locators":{"consume":{"px":-1.739611325,"py":-9.9672640313,"pz":-0.277955118,"ry":5.8557691212,"rx":1.8846448893}}}
# Data Manager: Prepare for Read / Write
execute store result storage animated_java:temp args.id int 1 run scoreboard players get @s aj.id
# Data Manager: Write
function animated_java:global/data_manager/write with storage animated_java:temp args