# This file was generated by Animated Java via MC-Build. It is not recommended to edit this file directly.
$data merge entity $(neck) {transformation: [-1f,0f,0f,0f,0f,0.9979f,0.0646f,-4.9973f,0f,0.0646f,-0.9979f,-0.0671f,0f,0f,0f,1f],start_interpolation: 0,interpolation_duration: 1}
$data merge entity $(right_thumb_2) {transformation: [-0.9891f,0.1104f,0.0978f,-1.5647f,0.128f,0.972f,0.1971f,-9.4034f,-0.0733f,0.2075f,-0.9755f,-0.9789f,0f,0f,0f,1f],start_interpolation: 0,interpolation_duration: 1}
$data merge entity $(right_thumb) {transformation: [-0.9891f,0.1104f,0.0978f,-1.6772f,0.128f,0.972f,0.1971f,-9.0745f,-0.0733f,0.2075f,-0.9755f,-0.9093f,0f,0f,0f,1f],start_interpolation: 0,interpolation_duration: 1}
$data merge entity $(right_fingers2) {transformation: [-0.9931f,0.0646f,0.0978f,-1.8441f,0.0829f,0.9769f,0.1971f,-9.8954f,-0.0828f,0.2039f,-0.9755f,-1.1745f,0f,0f,0f,1f],start_interpolation: 0,interpolation_duration: 1}
$data merge entity $(right_fingers) {transformation: [-0.9914f,0.0865f,0.0978f,-1.8467f,0.1045f,0.9748f,0.1971f,-9.6132f,-0.0783f,0.2056f,-0.9755f,-1.1253f,0f,0f,0f,1f],start_interpolation: 0,interpolation_duration: 1}
$data merge entity $(scout) {transformation: [0f,0f,0f,-1.656f,0f,0f,0f,-9.5713f,0f,0f,0f,-1.207f,0f,0f,0f,1f],start_interpolation: 0,interpolation_duration: 1}
$data merge entity $(right_hand) {transformation: [-0.9891f,0.1104f,0.0978f,-1.7697f,0.128f,0.972f,0.1971f,-9.0081f,-0.0733f,0.2075f,-0.9755f,-1.0406f,0f,0f,0f,1f],start_interpolation: 0,interpolation_duration: 1}
$data merge entity $(right_forearm) {transformation: [-0.868f,0.152f,1.0586f,-1.4661f,0.3166f,1.3388f,0.0673f,-7.0027f,-1.0215f,0.2858f,-0.8786f,-0.5997f,0f,0f,0f,1f],start_interpolation: 0,interpolation_duration: 1}
$data merge entity $(right_shoulder) {transformation: [-1.4506f,0.1413f,0.1597f,-1.0065f,0.1746f,1.4176f,0.3315f,-5.3202f,-0.1225f,0.347f,-1.4193f,-0.1063f,0f,0f,0f,1f],start_interpolation: 0,interpolation_duration: 1}
$data merge entity $(right_arm) {transformation: [-1f,0f,0f,-0.4425f,0f,0.9602f,0.2794f,-5.0397f,0f,0.2794f,-0.9602f,-0.0335f,0f,0f,0f,1f],start_interpolation: 0,interpolation_duration: 1}
$data merge entity $(left_thumb_2) {transformation: [-0.9891f,-0.1104f,-0.0978f,1.5647f,-0.128f,0.972f,0.1971f,-9.4034f,0.0733f,0.2075f,-0.9755f,-0.9789f,0f,0f,0f,1f],start_interpolation: 0,interpolation_duration: 1}
$data merge entity $(left_thumb) {transformation: [-0.9891f,-0.1104f,-0.0978f,1.6772f,-0.128f,0.972f,0.1971f,-9.0745f,0.0733f,0.2075f,-0.9755f,-0.9093f,0f,0f,0f,1f],start_interpolation: 0,interpolation_duration: 1}
$data merge entity $(left_fingers2) {transformation: [-0.9931f,-0.0646f,-0.0978f,1.8441f,-0.0829f,0.9769f,0.1971f,-9.8954f,0.0828f,0.2039f,-0.9755f,-1.1745f,0f,0f,0f,1f],start_interpolation: 0,interpolation_duration: 1}
$data merge entity $(left_fingers) {transformation: [-0.9914f,-0.0865f,-0.0978f,1.8467f,-0.1045f,0.9748f,0.1971f,-9.6132f,0.0783f,0.2056f,-0.9755f,-1.1253f,0f,0f,0f,1f],start_interpolation: 0,interpolation_duration: 1}
$data merge entity $(left_hand) {transformation: [-0.9891f,-0.1104f,-0.0978f,1.7697f,-0.128f,0.972f,0.1971f,-9.0081f,0.0733f,0.2075f,-0.9755f,-1.0406f,0f,0f,0f,1f],start_interpolation: 0,interpolation_duration: 1}
$data merge entity $(left_forearm) {transformation: [-0.868f,-0.152f,-1.0586f,1.4661f,-0.3166f,1.3388f,0.0673f,-7.0027f,1.0215f,0.2858f,-0.8786f,-0.5997f,0f,0f,0f,1f],start_interpolation: 0,interpolation_duration: 1}
$data merge entity $(left_shoulder) {transformation: [-1.4506f,-0.1413f,-0.1597f,1.0065f,-0.1746f,1.4176f,0.3315f,-5.3202f,0.1225f,0.347f,-1.4193f,-0.1063f,0f,0f,0f,1f],start_interpolation: 0,interpolation_duration: 1}
$data merge entity $(left_arm) {transformation: [-1f,0f,0f,0.4426f,0f,0.9602f,0.2794f,-5.0397f,0f,0.2794f,-0.9602f,-0.0335f,0f,0f,0f,1f],start_interpolation: 0,interpolation_duration: 1}
$data merge entity $(chest) {transformation: [-1.2785f,0f,0f,0f,0f,1.2276f,0.3572f,-6.7641f,0f,0.3572f,-1.2276f,-0.5713f,0f,0f,0f,1f],start_interpolation: 0,interpolation_duration: 1}
$data merge entity $(left_cheek) {transformation: [-0.9965f,-0.0836f,0.0035f,0.4424f,-0.0837f,0.9945f,-0.0627f,-7.6316f,0.0018f,-0.0627f,-0.998f,-1.0855f,0f,0f,0f,1f],start_interpolation: 0,interpolation_duration: 1}
$data merge entity $(left_foot) {transformation: [-1.0112f,0.1405f,0.0535f,1.0247f,-0.1248f,-0.9872f,0.2349f,-11.1206f,0.084f,0.2258f,0.9936f,-2.9235f,0f,0f,0f,1f],start_interpolation: 0,interpolation_duration: 1}
$data merge entity $(left_knee) {transformation: [-3.0157f,-0.0455f,-0.3944f,1.0321f,-0.3968f,0.2489f,3.0055f,-10.6417f,-0.0127f,3.0312f,-0.2527f,1.2617f,0f,0f,0f,1f],start_interpolation: 0,interpolation_duration: 1}
$data merge entity $(left_leg) {transformation: [-1.7033f,-0.1604f,0.1567f,0.6997f,-0.2241f,1.2561f,-1.1504f,-8.605f,-0.0072f,-1.161f,-1.2663f,-0.5614f,0f,0f,0f,1f],start_interpolation: 0,interpolation_duration: 1}
$data merge entity $(right_cheek) {transformation: [-0.9965f,0.0836f,-0.0035f,-0.4424f,0.0837f,0.9945f,-0.0627f,-7.6316f,-0.0018f,-0.0627f,-0.998f,-1.0855f,0f,0f,0f,1f],start_interpolation: 0,interpolation_duration: 1}
$data merge entity $(right_foot) {transformation: [-1.0085f,-0.1181f,-0.1193f,-1.0247f,0.0723f,-0.9612f,0.3407f,-11.1206f,-0.1515f,0.3276f,0.9565f,-2.9235f,0f,0f,0f,1f],start_interpolation: 0,interpolation_duration: 1}
$data merge entity $(right_knee) {transformation: [-3.0157f,0.0455f,0.3944f,-1.0321f,0.3968f,0.2489f,3.0055f,-10.6417f,0.0127f,3.0312f,-0.2527f,1.2617f,0f,0f,0f,1f],start_interpolation: 0,interpolation_duration: 1}
$data merge entity $(right_leg) {transformation: [-1.7033f,0.1604f,-0.1567f,-0.6997f,0.2241f,1.2561f,-1.1504f,-8.605f,0.0072f,-1.161f,-1.2663f,-0.5614f,0f,0f,0f,1f],start_interpolation: 0,interpolation_duration: 1}
$data merge entity $(weist) {transformation: [-1.6223f,0f,0f,0f,0f,1.6215f,0.052f,-6.9514f,0f,0.052f,-1.6215f,-0.626f,0f,0f,0f,1f],start_interpolation: 0,interpolation_duration: 1}
data modify storage animated_java:temp entry.data merge value {"locators":{"consume":{"px":-1.628084352,"py":-9.7386515784,"pz":-1.1984847634,"ry":5.7274317217,"rx":11.368235071}}}
# Data Manager: Prepare for Read / Write
execute store result storage animated_java:temp args.id int 1 run scoreboard players get @s aj.id
# Data Manager: Write
function animated_java:global/data_manager/write with storage animated_java:temp args