# This file was generated by Animated Java via MC-Build. It is not recommended to edit this file directly.
$data merge entity $(neck) {transformation: [-1f,0f,0f,0f,0f,0.9803f,0.1975f,-4.924f,0f,0.1975f,-0.9803f,-0.0676f,0f,0f,0f,1f],start_interpolation: 0,interpolation_duration: 1}
$data merge entity $(right_thumb_2) {transformation: [-0.9889f,0.1254f,0.0793f,-1.5952f,0.1355f,0.981f,0.1387f,-9.3537f,-0.0604f,0.1479f,-0.9872f,-0.8259f,0f,0f,0f,1f],start_interpolation: 0,interpolation_duration: 1}
$data merge entity $(right_thumb) {transformation: [-0.9889f,0.1254f,0.0793f,-1.7026f,0.1355f,0.981f,0.1387f,-9.0199f,-0.0604f,0.1479f,-0.9872f,-0.7734f,0f,0f,0f,1f],start_interpolation: 0,interpolation_duration: 1}
$data merge entity $(right_fingers2) {transformation: [-0.9967f,0.0193f,0.0793f,-1.8751f,0.0302f,0.9899f,0.1387f,-9.8527f,-0.0758f,0.1406f,-0.9872f,-0.9859f,0f,0f,0f,1f],start_interpolation: 0,interpolation_duration: 1}
$data merge entity $(right_fingers) {transformation: [-0.9944f,0.0701f,0.0793f,-1.8826f,0.0806f,0.987f,0.1387f,-9.5682f,-0.0686f,0.1443f,-0.9872f,-0.9539f,0f,0f,0f,1f],start_interpolation: 0,interpolation_duration: 1}
$data merge entity $(scout) {transformation: [0f,0f,0f,-1.6932f,0f,0f,0f,-9.5334f,0f,0f,0f,-1.0419f,0f,0f,0f,1f],start_interpolation: 0,interpolation_duration: 1}
$data merge entity $(right_hand) {transformation: [-0.9889f,0.1254f,0.0793f,-1.7971f,0.1355f,0.981f,0.1387f,-8.9602f,-0.0604f,0.1479f,-0.9872f,-0.9064f,0f,0f,0f,1f],start_interpolation: 0,interpolation_duration: 1}
$data merge entity $(right_forearm) {transformation: [-0.8859f,0.1727f,1.0404f,-1.4623f,0.2671f,1.3512f,0.0031f,-6.9363f,-1.0203f,0.2037f,-0.9026f,-0.5901f,0f,0f,0f,1f],start_interpolation: 0,interpolation_duration: 1}
$data merge entity $(right_shoulder) {transformation: [-1.4516f,0.1379f,0.1537f,-1.0065f,0.1676f,1.4246f,0.304f,-5.243f,-0.1207f,0.3185f,-1.4261f,-0.1315f,0f,0f,0f,1f],start_interpolation: 0,interpolation_duration: 1}
$data merge entity $(right_arm) {transformation: [-1f,0f,0f,-0.4425f,0f,0.9359f,0.3522f,-4.9689f,0f,0.3522f,-0.9359f,-0.0374f,0f,0f,0f,1f],start_interpolation: 0,interpolation_duration: 1}
$data merge entity $(left_thumb_2) {transformation: [-0.9889f,-0.1254f,-0.0793f,1.5952f,-0.1355f,0.981f,0.1387f,-9.3537f,0.0604f,0.1479f,-0.9872f,-0.8259f,0f,0f,0f,1f],start_interpolation: 0,interpolation_duration: 1}
$data merge entity $(left_thumb) {transformation: [-0.9889f,-0.1254f,-0.0793f,1.7026f,-0.1355f,0.981f,0.1387f,-9.0199f,0.0604f,0.1479f,-0.9872f,-0.7734f,0f,0f,0f,1f],start_interpolation: 0,interpolation_duration: 1}
$data merge entity $(left_fingers2) {transformation: [-0.9967f,-0.0193f,-0.0793f,1.8751f,-0.0302f,0.9899f,0.1387f,-9.8527f,0.0758f,0.1406f,-0.9872f,-0.9859f,0f,0f,0f,1f],start_interpolation: 0,interpolation_duration: 1}
$data merge entity $(left_fingers) {transformation: [-0.9944f,-0.0701f,-0.0793f,1.8826f,-0.0806f,0.987f,0.1387f,-9.5682f,0.0686f,0.1443f,-0.9872f,-0.9539f,0f,0f,0f,1f],start_interpolation: 0,interpolation_duration: 1}
$data merge entity $(left_hand) {transformation: [-0.9889f,-0.1254f,-0.0793f,1.7971f,-0.1355f,0.981f,0.1387f,-8.9602f,0.0604f,0.1479f,-0.9872f,-0.9064f,0f,0f,0f,1f],start_interpolation: 0,interpolation_duration: 1}
$data merge entity $(left_forearm) {transformation: [-0.8859f,-0.1727f,-1.0404f,1.4623f,-0.2671f,1.3512f,0.0031f,-6.9363f,1.0203f,0.2037f,-0.9026f,-0.5901f,0f,0f,0f,1f],start_interpolation: 0,interpolation_duration: 1}
$data merge entity $(left_shoulder) {transformation: [-1.4516f,-0.1379f,-0.1537f,1.0065f,-0.1676f,1.4246f,0.304f,-5.243f,0.1207f,0.3185f,-1.4261f,-0.1315f,0f,0f,0f,1f],start_interpolation: 0,interpolation_duration: 1}
$data merge entity $(left_arm) {transformation: [-1f,0f,0f,0.4426f,0f,0.9359f,0.3522f,-4.9689f,0f,0.3522f,-0.9359f,-0.0374f,0f,0f,0f,1f],start_interpolation: 0,interpolation_duration: 1}
$data merge entity $(chest) {transformation: [-1.2785f,0f,0f,0f,0f,1.1966f,0.4503f,-6.647f,0f,0.4503f,-1.1966f,-0.7058f,0f,0f,0f,1f],start_interpolation: 0,interpolation_duration: 1}
$data merge entity $(left_cheek) {transformation: [-0.9964f,-0.0853f,0.0015f,0.443f,-0.0853f,0.9959f,-0.0314f,-7.4946f,0.0012f,-0.0314f,-0.9995f,-1.2654f,0f,0f,0f,1f],start_interpolation: 0,interpolation_duration: 1}
$data merge entity $(left_foot) {transformation: [-1.0117f,0.1392f,0.0488f,1.034f,-0.125f,-0.9885f,0.2289f,-10.963f,0.0784f,0.2206f,0.9952f,-3.1473f,0f,0f,0f,1f],start_interpolation: 0,interpolation_duration: 1}
$data merge entity $(left_knee) {transformation: [-3.0157f,-0.06f,-0.3925f,1.0215f,-0.3959f,0.2309f,3.007f,-10.5091f,-0.0295f,3.0324f,-0.2367f,1.0407f,0f,0f,0f,1f],start_interpolation: 0,interpolation_duration: 1}
$data merge entity $(left_leg) {transformation: [-1.7033f,-0.1536f,0.1634f,0.6997f,-0.2236f,1.2566f,-1.15f,-8.4716f,-0.0167f,-1.1614f,-1.2658f,-0.7835f,0f,0f,0f,1f],start_interpolation: 0,interpolation_duration: 1}
$data merge entity $(right_cheek) {transformation: [-0.9964f,0.0853f,-0.0015f,-0.443f,0.0853f,0.9959f,-0.0314f,-7.4946f,-0.0012f,-0.0314f,-0.9995f,-1.2654f,0f,0f,0f,1f],start_interpolation: 0,interpolation_duration: 1}
$data merge entity $(right_foot) {transformation: [-1.0092f,-0.1163f,-0.1148f,-1.034f,0.0729f,-0.9632f,0.335f,-10.963f,-0.1463f,0.3225f,0.9591f,-3.1473f,0f,0f,0f,1f],start_interpolation: 0,interpolation_duration: 1}
$data merge entity $(right_knee) {transformation: [-3.0157f,0.06f,0.3925f,-1.0215f,0.3959f,0.2309f,3.007f,-10.5091f,0.0295f,3.0324f,-0.2367f,1.0407f,0f,0f,0f,1f],start_interpolation: 0,interpolation_duration: 1}
$data merge entity $(right_leg) {transformation: [-1.7033f,0.1536f,-0.1634f,-0.6997f,0.2236f,1.2566f,-1.15f,-8.4716f,0.0167f,-1.1614f,-1.2658f,-0.7835f,0f,0f,0f,1f],start_interpolation: 0,interpolation_duration: 1}
$data merge entity $(weist) {transformation: [-1.6223f,0f,0f,0f,0f,1.6179f,0.1206f,-6.8167f,0f,0.1206f,-1.6179f,-0.778f,0f,0f,0f,1f],start_interpolation: 0,interpolation_duration: 1}
data modify storage animated_java:temp entry.data merge value {"locators":{"consume":{"px":-1.666943603,"py":-9.700329414,"pz":-1.0241600071,"ry":4.5931682866,"rx":7.9720114892}}}
# Data Manager: Prepare for Read / Write
execute store result storage animated_java:temp args.id int 1 run scoreboard players get @s aj.id
# Data Manager: Write
function animated_java:global/data_manager/write with storage animated_java:temp args