# This file was generated by Animated Java via MC-Build. It is not recommended to edit this file directly.
$data merge entity $(neck) {transformation: [-1f,0f,0f,0f,0f,0.9382f,0.3461f,-4.8465f,0f,0.3461f,-0.9382f,-0.0687f,0f,0f,0f,1f],start_interpolation: 0,interpolation_duration: 1}
$data merge entity $(right_thumb_2) {transformation: [-0.9874f,0.1499f,0.0512f,-1.6634f,0.1503f,0.9886f,0.0043f,-9.3064f,-0.0499f,0.012f,-0.9987f,-0.3733f,0f,0f,0f,1f],start_interpolation: 0,interpolation_duration: 1}
$data merge entity $(right_thumb) {transformation: [-0.9874f,0.1499f,0.0512f,-1.7623f,0.1503f,0.9886f,0.0043f,-8.9661f,-0.0499f,0.012f,-0.9987f,-0.3627f,0f,0f,0f,1f],start_interpolation: 0,interpolation_duration: 1}
$data merge entity $(right_fingers2) {transformation: [-0.9983f,-0.0283f,0.0512f,-1.9475f,-0.0281f,0.9996f,0.0043f,-9.815f,-0.0513f,0.0029f,-0.9987f,-0.4566f,0f,0f,0f,1f],start_interpolation: 0,interpolation_duration: 1}
$data merge entity $(right_fingers) {transformation: [-0.9971f,0.0572f,0.0512f,-1.959f,0.0574f,0.9983f,0.0043f,-9.5289f,-0.0508f,0.0072f,-0.9987f,-0.4633f,0f,0f,0f,1f],start_interpolation: 0,interpolation_duration: 1}
$data merge entity $(scout) {transformation: [0f,0f,0f,-1.7718f,0f,0f,0f,-9.5108f,0f,0f,0f,-0.5604f,0f,0f,0f,1f],start_interpolation: 0,interpolation_duration: 1}
$data merge entity $(right_hand) {transformation: [-0.9874f,0.1499f,0.0512f,-1.8597f,0.1503f,0.9886f,0.0043f,-8.9223f,-0.0499f,0.012f,-0.9987f,-0.4998f,0f,0f,0f,1f],start_interpolation: 0,interpolation_duration: 1}
$data merge entity $(right_forearm) {transformation: [-0.9118f,0.2065f,1.0115f,-1.4741f,0.1506f,1.3617f,-0.1422f,-6.883f,-1.0213f,0.0165f,-0.924f,-0.4662f,0f,0f,0f,1f],start_interpolation: 0,interpolation_duration: 1}
$data merge entity $(right_shoulder) {transformation: [-1.4523f,0.1471f,0.1382f,-1.0065f,0.1635f,1.4459f,0.1798f,-5.1588f,-0.1182f,0.1935f,-1.4486f,-0.1598f,0f,0f,0f,1f],start_interpolation: 0,interpolation_duration: 1}
$data merge entity $(right_arm) {transformation: [-1f,0f,0f,-0.4425f,0f,0.9022f,0.4313f,-4.8938f,0f,0.4313f,-0.9022f,-0.0425f,0f,0f,0f,1f],start_interpolation: 0,interpolation_duration: 1}
$data merge entity $(left_thumb_2) {transformation: [-0.9874f,-0.1499f,-0.0512f,1.6634f,-0.1503f,0.9886f,0.0043f,-9.3064f,0.0499f,0.012f,-0.9987f,-0.3733f,0f,0f,0f,1f],start_interpolation: 0,interpolation_duration: 1}
$data merge entity $(left_thumb) {transformation: [-0.9874f,-0.1499f,-0.0512f,1.7623f,-0.1503f,0.9886f,0.0043f,-8.9661f,0.0499f,0.012f,-0.9987f,-0.3627f,0f,0f,0f,1f],start_interpolation: 0,interpolation_duration: 1}
$data merge entity $(left_fingers2) {transformation: [-0.9983f,0.0283f,-0.0512f,1.9475f,0.0281f,0.9996f,0.0043f,-9.815f,0.0513f,0.0029f,-0.9987f,-0.4566f,0f,0f,0f,1f],start_interpolation: 0,interpolation_duration: 1}
$data merge entity $(left_fingers) {transformation: [-0.9971f,-0.0572f,-0.0512f,1.959f,-0.0574f,0.9983f,0.0043f,-9.5289f,0.0508f,0.0072f,-0.9987f,-0.4633f,0f,0f,0f,1f],start_interpolation: 0,interpolation_duration: 1}
$data merge entity $(left_hand) {transformation: [-0.9874f,-0.1499f,-0.0512f,1.8597f,-0.1503f,0.9886f,0.0043f,-8.9223f,0.0499f,0.012f,-0.9987f,-0.4998f,0f,0f,0f,1f],start_interpolation: 0,interpolation_duration: 1}
$data merge entity $(left_forearm) {transformation: [-0.9118f,-0.2065f,-1.0115f,1.4741f,-0.1506f,1.3617f,-0.1422f,-6.883f,1.0213f,0.0165f,-0.924f,-0.4662f,0f,0f,0f,1f],start_interpolation: 0,interpolation_duration: 1}
$data merge entity $(left_shoulder) {transformation: [-1.4523f,-0.1471f,-0.1382f,1.0065f,-0.1635f,1.4459f,0.1798f,-5.1588f,0.1182f,0.1935f,-1.4486f,-0.1598f,0f,0f,0f,1f],start_interpolation: 0,interpolation_duration: 1}
$data merge entity $(left_arm) {transformation: [-1f,0f,0f,0.4426f,0f,0.9022f,0.4313f,-4.8938f,0f,0.4313f,-0.9022f,-0.0425f,0f,0f,0f,1f],start_interpolation: 0,interpolation_duration: 1}
$data merge entity $(chest) {transformation: [-1.2785f,0f,0f,0f,0f,1.1535f,0.5514f,-6.5083f,0f,0.5514f,-1.1535f,-0.8526f,0f,0f,0f,1f],start_interpolation: 0,interpolation_duration: 1}
$data merge entity $(left_cheek) {transformation: [-0.9962f,-0.0867f,-0.0011f,0.4434f,-0.0867f,0.9962f,0.0062f,-7.3267f,0.0006f,0.0063f,-1f,-1.4644f,0f,0f,0f,1f],start_interpolation: 0,interpolation_duration: 1}
$data merge entity $(left_foot) {transformation: [-1.0122f,0.1374f,0.0433f,1.0443f,-0.1249f,-0.9902f,0.2219f,-10.7708f,0.0717f,0.2144f,0.9971f,-3.3989f,0f,0f,0f,1f],start_interpolation: 0,interpolation_duration: 1}
$data merge entity $(left_knee) {transformation: [-3.0157f,-0.0772f,-0.3894f,1.0081f,-0.3939f,0.2094f,3.0088f,-10.3466f,-0.0495f,3.0335f,-0.2176f,0.7921f,0f,0f,0f,1f],start_interpolation: 0,interpolation_duration: 1}
$data merge entity $(left_leg) {transformation: [-1.7033f,-0.1451f,0.1709f,0.6997f,-0.2225f,1.2572f,-1.1495f,-8.3081f,-0.028f,-1.1618f,-1.2652f,-1.0333f,0f,0f,0f,1f],start_interpolation: 0,interpolation_duration: 1}
$data merge entity $(right_cheek) {transformation: [-0.9962f,0.0867f,0.0011f,-0.4434f,0.0867f,0.9962f,0.0062f,-7.3267f,-0.0006f,0.0063f,-1f,-1.4644f,0f,0f,0f,1f],start_interpolation: 0,interpolation_duration: 1}
$data merge entity $(right_foot) {transformation: [-1.0101f,-0.1139f,-0.1095f,-1.0443f,0.0734f,-0.9655f,0.3281f,-10.7708f,-0.14f,0.3163f,0.9621f,-3.3989f,0f,0f,0f,1f],start_interpolation: 0,interpolation_duration: 1}
$data merge entity $(right_knee) {transformation: [-3.0157f,0.0772f,0.3894f,-1.0081f,0.3939f,0.2094f,3.0088f,-10.3466f,0.0495f,3.0335f,-0.2176f,0.7921f,0f,0f,0f,1f],start_interpolation: 0,interpolation_duration: 1}
$data merge entity $(right_leg) {transformation: [-1.7033f,0.1451f,-0.1709f,-0.6997f,0.2225f,1.2572f,-1.1495f,-8.3081f,0.028f,-1.1618f,-1.2652f,-1.0333f,0f,0f,0f,1f],start_interpolation: 0,interpolation_duration: 1}
$data merge entity $(weist) {transformation: [-1.6223f,0f,0f,0f,0f,1.6097f,0.2025f,-6.6556f,0f,0.2025f,-1.6097f,-0.9439f,0f,0f,0f,1f],start_interpolation: 0,interpolation_duration: 1}
data modify storage animated_java:temp entry.data merge value {"locators":{"consume":{"px":-1.7483611323,"py":-9.674443648,"pz":-0.5213160638,"ry":2.9323715416,"rx":0.2476904771}}}
# Data Manager: Prepare for Read / Write
execute store result storage animated_java:temp args.id int 1 run scoreboard players get @s aj.id
# Data Manager: Write
function animated_java:global/data_manager/write with storage animated_java:temp args