# This file was generated by Animated Java via MC-Build. It is not recommended to edit this file directly.
$data merge entity $(neck) {transformation: [-1f,0f,0f,0f,0f,0.8661f,0.4999f,-4.7702f,0f,0.4999f,-0.8661f,-0.0742f,0f,0f,0f,1f],start_interpolation: 0,interpolation_duration: 1}
$data merge entity $(right_thumb_2) {transformation: [-0.9833f,0.1815f,0.0104f,-1.765f,0.1784f,0.9744f,-0.137f,-9.1876f,-0.035f,-0.1328f,-0.9905f,0.0979f,0f,0f,0f,1f],start_interpolation: 0,interpolation_duration: 1}
$data merge entity $(right_thumb) {transformation: [-0.9833f,0.1815f,0.0104f,-1.8526f,0.1784f,0.9744f,-0.137f,-8.8457f,-0.035f,-0.1328f,-0.9905f,0.064f,0f,0f,0f,1f],start_interpolation: 0,interpolation_duration: 1}
$data merge entity $(right_fingers2) {transformation: [-0.9969f,-0.0775f,0.0104f,-2.0562f,-0.0782f,0.9875f,-0.137f,-9.6916f,0.0003f,-0.1373f,-0.9905f,0.0974f,0f,0f,0f,1f],start_interpolation: 0,interpolation_duration: 1}
$data merge entity $(right_fingers) {transformation: [-0.9989f,0.0468f,0.0104f,-2.0709f,0.0449f,0.9896f,-0.137f,-9.4094f,-0.0167f,-0.1363f,-0.9905f,0.0508f,0f,0f,0f,1f],start_interpolation: 0,interpolation_duration: 1}
$data merge entity $(scout) {transformation: [0f,0f,0f,-1.8874f,0f,0f,0f,-9.4119f,0f,0f,0f,-0.0545f,0f,0f,0f,1f],start_interpolation: 0,interpolation_duration: 1}
$data merge entity $(right_hand) {transformation: [-0.9833f,0.1815f,0.0104f,-1.954f,0.1784f,0.9744f,-0.137f,-8.8179f,-0.035f,-0.1328f,-0.9905f,-0.0743f,0f,0f,0f,1f],start_interpolation: 0,interpolation_duration: 1}
$data merge entity $(right_forearm) {transformation: [-0.9476f,0.25f,0.9678f,-1.5029f,0.0404f,1.3421f,-0.3072f,-6.8096f,-0.9988f,-0.1829f,-0.9306f,-0.3422f,0f,0f,0f,1f],start_interpolation: 0,interpolation_duration: 1}
$data merge entity $(right_shoulder) {transformation: [-1.4523f,0.1699f,0.1091f,-1.0065f,0.1743f,1.4548f,0.0537f,-5.0727f,-0.1021f,0.0662f,-1.4612f,-0.1938f,0f,0f,0f,1f],start_interpolation: 0,interpolation_duration: 1}
$data merge entity $(right_arm) {transformation: [-1f,0f,0f,-0.4425f,0f,0.8584f,0.513f,-4.8197f,0f,0.513f,-0.8584f,-0.0525f,0f,0f,0f,1f],start_interpolation: 0,interpolation_duration: 1}
$data merge entity $(left_thumb_2) {transformation: [-0.9833f,-0.1815f,-0.0104f,1.765f,-0.1784f,0.9744f,-0.137f,-9.1876f,0.035f,-0.1328f,-0.9905f,0.0979f,0f,0f,0f,1f],start_interpolation: 0,interpolation_duration: 1}
$data merge entity $(left_thumb) {transformation: [-0.9833f,-0.1815f,-0.0104f,1.8526f,-0.1784f,0.9744f,-0.137f,-8.8457f,0.035f,-0.1328f,-0.9905f,0.064f,0f,0f,0f,1f],start_interpolation: 0,interpolation_duration: 1}
$data merge entity $(left_fingers2) {transformation: [-0.9969f,0.0775f,-0.0104f,2.0562f,0.0782f,0.9875f,-0.137f,-9.6916f,-0.0003f,-0.1373f,-0.9905f,0.0974f,0f,0f,0f,1f],start_interpolation: 0,interpolation_duration: 1}
$data merge entity $(left_fingers) {transformation: [-0.9989f,-0.0468f,-0.0104f,2.0709f,-0.0449f,0.9896f,-0.137f,-9.4094f,0.0167f,-0.1363f,-0.9905f,0.0508f,0f,0f,0f,1f],start_interpolation: 0,interpolation_duration: 1}
$data merge entity $(left_hand) {transformation: [-0.9833f,-0.1815f,-0.0104f,1.954f,-0.1784f,0.9744f,-0.137f,-8.8179f,0.035f,-0.1328f,-0.9905f,-0.0743f,0f,0f,0f,1f],start_interpolation: 0,interpolation_duration: 1}
$data merge entity $(left_forearm) {transformation: [-0.9476f,-0.25f,-0.9678f,1.5029f,-0.0404f,1.3421f,-0.3072f,-6.8096f,0.9988f,-0.1829f,-0.9306f,-0.3422f,0f,0f,0f,1f],start_interpolation: 0,interpolation_duration: 1}
$data merge entity $(left_shoulder) {transformation: [-1.4523f,-0.1699f,-0.1091f,1.0065f,-0.1743f,1.4548f,0.0537f,-5.0727f,0.1021f,0.0662f,-1.4612f,-0.1938f,0f,0f,0f,1f],start_interpolation: 0,interpolation_duration: 1}
$data merge entity $(left_arm) {transformation: [-1f,0f,0f,0.4426f,0f,0.8584f,0.513f,-4.8197f,0f,0.513f,-0.8584f,-0.0525f,0f,0f,0f,1f],start_interpolation: 0,interpolation_duration: 1}
$data merge entity $(chest) {transformation: [-1.2785f,0f,0f,0f,0f,1.0975f,0.6559f,-6.3521f,0f,0.6559f,-1.0975f,-1.0087f,0f,0f,0f,1f],start_interpolation: 0,interpolation_duration: 1}
$data merge entity $(left_cheek) {transformation: [-0.9962f,-0.0875f,-0.0042f,0.4434f,-0.0876f,0.995f,0.0485f,-7.1309f,-0.0001f,0.0487f,-0.9988f,-1.6764f,0f,0f,0f,1f],start_interpolation: 0,interpolation_duration: 1}
$data merge entity $(left_foot) {transformation: [-1.0127f,0.1351f,0.0371f,1.0549f,-0.1245f,-0.992f,0.2139f,-10.5478f,0.0643f,0.2074f,0.9991f,-3.6698f,0f,0f,0f,1f],start_interpolation: 0,interpolation_duration: 1}
$data merge entity $(left_knee) {transformation: [-3.0157f,-0.0964f,-0.3851f,0.9923f,-0.3905f,0.1854f,3.0109f,-10.1569f,-0.0719f,3.0346f,-0.1962f,0.5242f,0f,0f,0f,1f],start_interpolation: 0,interpolation_duration: 1}
$data merge entity $(left_leg) {transformation: [-1.7033f,-0.1351f,0.1789f,0.6997f,-0.2205f,1.2579f,-1.1491f,-8.1172f,-0.0406f,-1.1622f,-1.2645f,-1.3025f,0f,0f,0f,1f],start_interpolation: 0,interpolation_duration: 1}
$data merge entity $(right_cheek) {transformation: [-0.9962f,0.0875f,0.0042f,-0.4434f,0.0876f,0.995f,0.0485f,-7.1309f,0.0001f,0.0487f,-0.9988f,-1.6764f,0f,0f,0f,1f],start_interpolation: 0,interpolation_duration: 1}
$data merge entity $(right_foot) {transformation: [-1.011f,-0.111f,-0.1036f,-1.0549f,0.0734f,-0.9681f,0.3203f,-10.5478f,-0.1329f,0.3093f,0.9653f,-3.6698f,0f,0f,0f,1f],start_interpolation: 0,interpolation_duration: 1}
$data merge entity $(right_knee) {transformation: [-3.0157f,0.0964f,0.3851f,-0.9923f,0.3905f,0.1854f,3.0109f,-10.1569f,0.0719f,3.0346f,-0.1962f,0.5242f,0f,0f,0f,1f],start_interpolation: 0,interpolation_duration: 1}
$data merge entity $(right_leg) {transformation: [-1.7033f,0.1351f,-0.1789f,-0.6997f,0.2205f,1.2579f,-1.1491f,-8.1172f,0.0406f,-1.1622f,-1.2645f,-1.3025f,0f,0f,0f,1f],start_interpolation: 0,interpolation_duration: 1}
$data merge entity $(weist) {transformation: [-1.6223f,0f,0f,0f,0f,1.5955f,0.294f,-6.4725f,0f,0.294f,-1.5955f,-1.119f,0f,0f,0f,1f],start_interpolation: 0,interpolation_duration: 1}
data modify storage animated_java:temp entry.data merge value {"locators":{"consume":{"px":-1.8675642099,"py":-9.5693040894,"pz":0.006342232,"ry":0.6022634325,"rx":-7.871471056}}}
# Data Manager: Prepare for Read / Write
execute store result storage animated_java:temp args.id int 1 run scoreboard players get @s aj.id
# Data Manager: Write
function animated_java:global/data_manager/write with storage animated_java:temp args