# This file was generated by Animated Java via MC-Build. It is not recommended to edit this file directly.
$data merge entity $(neck) {transformation: [-1f,0f,0f,0f,0f,0.9632f,-0.2689f,-5.1241f,0f,-0.2689f,-0.9632f,0.2436f,0f,0f,0f,1f],start_interpolation: 0,interpolation_duration: 1}
$data merge entity $(right_thumb_2) {transformation: [-0.8056f,0.1783f,-0.565f,-2.1484f,0.5453f,0.5962f,-0.5893f,-8.3369f,0.2318f,-0.7828f,-0.5775f,2.5376f,0f,0f,0f,1f],start_interpolation: 0,interpolation_duration: 1}
$data merge entity $(right_thumb) {transformation: [-0.8056f,0.0547f,-0.59f,-2.242f,0.5453f,0.4579f,-0.7021f,-8.0989f,0.2318f,-0.8873f,-0.3987f,2.2921f,0f,0f,0f,1f],start_interpolation: 0,interpolation_duration: 1}
$data merge entity $(right_fingers2) {transformation: [-0.6501f,-0.5019f,-0.5706f,-2.4164f,-0.0757f,0.7899f,-0.6085f,-8.64f,0.7561f,-0.3524f,-0.5515f,2.9235f,0f,0f,0f,1f],start_interpolation: 0,interpolation_duration: 1}
$data merge entity $(right_fingers) {transformation: [-0.8122f,-0.1218f,-0.5706f,-2.4782f,0.3185f,0.7268f,-0.6085f,-8.4283f,0.4888f,-0.676f,-0.5515f,2.7407f,0f,0f,0f,1f],start_interpolation: 0,interpolation_duration: 1}
$data merge entity $(scout) {transformation: [0f,0f,0f,-2.3891f,0f,0f,0f,-8.564f,0f,0f,0f,2.6048f,0f,0f,0f,1f],start_interpolation: 0,interpolation_duration: 1}
$data merge entity $(right_hand) {transformation: [-0.8056f,0.1597f,-0.5706f,-2.4013f,0.5453f,0.5765f,-0.6085f,-8.1039f,0.2318f,-0.8013f,-0.5515f,2.2229f,0f,0f,0f,1f],start_interpolation: 0,interpolation_duration: 1}
$data merge entity $(right_forearm) {transformation: [-1.2774f,0.2199f,0.4657f,-2.0001f,-0.2623f,0.7941f,-1.0944f,-6.937f,-0.4432f,-1.1037f,-0.6946f,0.5539f,0f,0f,0f,1f],start_interpolation: 0,interpolation_duration: 1}
$data merge entity $(right_shoulder) {transformation: [-1.3409f,0.5932f,-0.0001f,-1.0065f,0.5838f,1.3195f,-0.2608f,-5.4375f,-0.1055f,-0.2386f,-1.4428f,0.3307f,0f,0f,0f,1f],start_interpolation: 0,interpolation_duration: 1}
$data merge entity $(right_arm) {transformation: [-1f,0f,0f,-0.4426f,0f,0.9941f,-0.1087f,-5.1505f,0f,-0.1087f,-0.9941f,0.2908f,0f,0f,0f,1f],start_interpolation: 0,interpolation_duration: 1}
$data merge entity $(left_thumb_2) {transformation: [-0.8303f,-0.2221f,0.5112f,2.2469f,-0.4935f,0.7192f,-0.4891f,-8.6713f,-0.2591f,-0.6584f,-0.7067f,1.9385f,0f,0f,0f,1f],start_interpolation: 0,interpolation_duration: 1}
$data merge entity $(left_thumb) {transformation: [-0.8303f,-0.1088f,0.5467f,2.3273f,-0.4935f,0.5994f,-0.6302f,-8.3964f,-0.2591f,-0.793f,-0.5513f,1.7296f,0f,0f,0f,1f],start_interpolation: 0,interpolation_duration: 1}
$data merge entity $(left_fingers2) {transformation: [-0.7006f,0.4905f,0.5182f,2.5357f,0.2049f,0.8339f,-0.5124f,-9.0361f,-0.6835f,-0.2528f,-0.6847f,2.2484f,0f,0f,0f,1f],start_interpolation: 0,interpolation_duration: 1}
$data merge entity $(left_fingers) {transformation: [-0.8508f,0.0873f,0.5182f,2.5884f,-0.2272f,0.8282f,-0.5124f,-8.7975f,-0.4739f,-0.5537f,-0.6847f,2.099f,0f,0f,0f,1f],start_interpolation: 0,interpolation_duration: 1}
$data merge entity $(left_hand) {transformation: [-0.8303f,-0.2052f,0.5182f,2.4811f,-0.4935f,0.7028f,-0.5124f,-8.391f,-0.2591f,-0.6812f,-0.6847f,1.649f,0f,0f,0f,1f],start_interpolation: 0,interpolation_duration: 1}
$data merge entity $(left_forearm) {transformation: [-1.2375f,-0.2826f,-0.5347f,1.9846f,0.194f,0.968f,-0.9605f,-6.9601f,0.5728f,-0.9382f,-0.8299f,0.2297f,0f,0f,0f,1f],start_interpolation: 0,interpolation_duration: 1}
$data merge entity $(left_shoulder) {transformation: [-1.3409f,-0.5834f,-0.1074f,1.0065f,-0.5838f,1.3449f,-0.0174f,-5.4375f,0.1055f,0.0268f,-1.4622f,0.3307f,0f,0f,0f,1f],start_interpolation: 0,interpolation_duration: 1}
$data merge entity $(left_arm) {transformation: [-1f,0f,0f,0.4425f,0f,0.9941f,-0.1087f,-5.1505f,0f,-0.1087f,-0.9941f,0.2908f,0f,0f,0f,1f],start_interpolation: 0,interpolation_duration: 1}
$data merge entity $(chest) {transformation: [-1.2785f,0f,0f,0f,0f,1.271f,-0.139f,-6.9495f,0f,-0.139f,-1.271f,0.4527f,0f,0f,0f,1f],start_interpolation: 0,interpolation_duration: 1}
$data merge entity $(left_cheek) {transformation: [-0.9966f,-0.0484f,-0.0664f,0.3944f,-0.0501f,0.9985f,0.0241f,-7.6767f,0.0651f,0.0273f,-0.9975f,-0.0364f,0f,0f,0f,1f],start_interpolation: 0,interpolation_duration: 1}
$data merge entity $(left_foot) {transformation: [-1.0032f,-0.0295f,-0.195f,1.2608f,-0.0226f,1.0214f,-0.0387f,-15.7532f,0.1959f,-0.0337f,-1.0029f,0.4705f,0f,0f,0f,1f],start_interpolation: 0,interpolation_duration: 1}
$data merge entity $(left_knee) {transformation: [-2.9986f,-0.2729f,-0.4317f,0.9515f,-0.2473f,3.0254f,-0.1948f,-11.5669f,0.4468f,-0.1569f,-3.0046f,0.1175f,0f,0f,0f,1f],start_interpolation: 0,interpolation_duration: 1}
$data merge entity $(left_leg) {transformation: [-1.6936f,-0.1133f,-0.2653f,0.7073f,-0.1397f,1.7044f,0.164f,-8.8469f,0.2524f,0.1832f,-1.6894f,0.4711f,0f,0f,0f,1f],start_interpolation: 0,interpolation_duration: 1}
$data merge entity $(right_cheek) {transformation: [-0.9963f,0.0469f,-0.0726f,-0.4482f,0.0456f,0.9988f,0.0187f,-7.6881f,0.0734f,0.0154f,-0.9972f,0.0199f,0f,0f,0f,1f],start_interpolation: 0,interpolation_duration: 1}
$data merge entity $(right_foot) {transformation: [-1.0219f,0.0181f,0.0232f,-1.1817f,0.0164f,1.0198f,-0.0701f,-15.741f,-0.0243f,-0.0697f,-1.0197f,1.2133f,0f,0f,0f,1f],start_interpolation: 0,interpolation_duration: 1}
$data merge entity $(right_knee) {transformation: [-3.0334f,0.2223f,-0.0326f,-0.9624f,0.2247f,3.0083f,-0.3894f,-11.5869f,0.0038f,-0.3908f,-3.0165f,0.5492f,0f,0f,0f,1f],start_interpolation: 0,interpolation_duration: 1}
$data merge entity $(right_leg) {transformation: [-1.7133f,0.1268f,-0.0044f,-0.6878f,0.1269f,1.713f,-0.0304f,-8.8469f,0.0021f,-0.0306f,-1.7177f,0.5504f,0f,0f,0f,1f],start_interpolation: 0,interpolation_duration: 1}
$data merge entity $(weist) {transformation: [-1.6188f,0f,-0.1064f,0f,0f,1.6223f,0f,-7.1962f,0.1064f,0f,-1.6188f,0.4121f,0f,0f,0f,1f],start_interpolation: 0,interpolation_duration: 1}
data modify storage animated_java:temp entry.data merge value {"locators":{"consume":{"px":-2.3522530661,"py":-8.6586668525,"pz":2.7410544104,"ry":314.024640361,"rx":-37.4836224945}}}
# Data Manager: Prepare for Read / Write
execute store result storage animated_java:temp args.id int 1 run scoreboard players get @s aj.id
# Data Manager: Write
function animated_java:global/data_manager/write with storage animated_java:temp args