# This file was generated by Animated Java via MC-Build. It is not recommended to edit this file directly.
$data merge entity $(neck) {transformation: [-1f,0f,0f,0f,0f,0.7625f,0.647f,-4.6987f,0f,0.647f,-0.7625f,-0.0875f,0f,0f,0f,1f],start_interpolation: 0,interpolation_duration: 1}
$data merge entity $(right_thumb_2) {transformation: [-0.9755f,0.2146f,-0.0479f,-1.884f,0.2199f,0.9517f,-0.2143f,-9.0373f,-0.0003f,-0.2196f,-0.9756f,0.3076f,0f,0f,0f,1f],start_interpolation: 0,interpolation_duration: 1}
$data merge entity $(right_thumb) {transformation: [-0.9755f,0.2146f,-0.0479f,-1.959f,0.2199f,0.9517f,-0.2143f,-8.6955f,-0.0003f,-0.2196f,-0.9756f,0.2506f,0f,0f,0f,1f],start_interpolation: 0,interpolation_duration: 1}
$data merge entity $(right_fingers2) {transformation: [-0.9903f,-0.1307f,-0.0479f,-2.1824f,-0.1176f,0.9697f,-0.2143f,-9.5256f,0.0745f,-0.2065f,-0.9756f,0.3613f,0f,0f,0f,1f],start_interpolation: 0,interpolation_duration: 1}
$data merge entity $(right_fingers) {transformation: [-0.9982f,0.035f,-0.0479f,-2.2009f,0.0445f,0.9758f,-0.2143f,-9.2479f,0.0393f,-0.216f,-0.9756f,0.2937f,0f,0f,0f,1f],start_interpolation: 0,interpolation_duration: 1}
$data merge entity $(scout) {transformation: [0f,0f,0f,-2.0235f,0f,0f,0f,-9.2671f,0f,0f,0f,0.1799f,0f,0f,0f,1f],start_interpolation: 0,interpolation_duration: 1}
$data merge entity $(right_hand) {transformation: [-0.9755f,0.2146f,-0.0479f,-2.0664f,0.2199f,0.9517f,-0.2143f,-8.6739f,-0.0003f,-0.2196f,-0.9756f,0.1158f,0f,0f,0f,1f],start_interpolation: 0,interpolation_duration: 1}
$data merge entity $(right_forearm) {transformation: [-0.9968f,0.2955f,0.9034f,-1.547f,0.0055f,1.3109f,-0.4228f,-6.7154f,-0.9505f,-0.3024f,-0.9498f,-0.3347f,0f,0f,0f,1f],start_interpolation: 0,interpolation_duration: 1}
$data merge entity $(right_shoulder) {transformation: [-1.4506f,0.205f,0.0588f,-1.0065f,0.2062f,1.4514f,0.0254f,-4.9882f,-0.0546f,0.0334f,-1.4648f,-0.2359f,0f,0f,0f,1f],start_interpolation: 0,interpolation_duration: 1}
$data merge entity $(right_arm) {transformation: [-1f,0f,0f,-0.4425f,0f,0.8046f,0.5938f,-4.7501f,0f,0.5938f,-0.8046f,-0.0707f,0f,0f,0f,1f],start_interpolation: 0,interpolation_duration: 1}
$data merge entity $(left_thumb_2) {transformation: [-0.9755f,-0.2146f,0.0479f,1.884f,-0.2199f,0.9517f,-0.2143f,-9.0373f,0.0003f,-0.2196f,-0.9756f,0.3076f,0f,0f,0f,1f],start_interpolation: 0,interpolation_duration: 1}
$data merge entity $(left_thumb) {transformation: [-0.9755f,-0.2146f,0.0479f,1.959f,-0.2199f,0.9517f,-0.2143f,-8.6955f,0.0003f,-0.2196f,-0.9756f,0.2506f,0f,0f,0f,1f],start_interpolation: 0,interpolation_duration: 1}
$data merge entity $(left_fingers2) {transformation: [-0.9903f,0.1307f,0.0479f,2.1824f,0.1176f,0.9697f,-0.2143f,-9.5256f,-0.0745f,-0.2065f,-0.9756f,0.3613f,0f,0f,0f,1f],start_interpolation: 0,interpolation_duration: 1}
$data merge entity $(left_fingers) {transformation: [-0.9982f,-0.035f,0.0479f,2.2009f,-0.0445f,0.9758f,-0.2143f,-9.2479f,-0.0393f,-0.216f,-0.9756f,0.2937f,0f,0f,0f,1f],start_interpolation: 0,interpolation_duration: 1}
$data merge entity $(left_hand) {transformation: [-0.9755f,-0.2146f,0.0479f,2.0664f,-0.2199f,0.9517f,-0.2143f,-8.6739f,0.0003f,-0.2196f,-0.9756f,0.1158f,0f,0f,0f,1f],start_interpolation: 0,interpolation_duration: 1}
$data merge entity $(left_forearm) {transformation: [-0.9968f,-0.2955f,-0.9034f,1.547f,-0.0055f,1.3109f,-0.4228f,-6.7154f,0.9505f,-0.3024f,-0.9498f,-0.3347f,0f,0f,0f,1f],start_interpolation: 0,interpolation_duration: 1}
$data merge entity $(left_shoulder) {transformation: [-1.4506f,-0.205f,-0.0588f,1.0065f,-0.2062f,1.4514f,0.0254f,-4.9882f,0.0546f,0.0334f,-1.4648f,-0.2359f,0f,0f,0f,1f],start_interpolation: 0,interpolation_duration: 1}
$data merge entity $(left_arm) {transformation: [-1f,0f,0f,0.4426f,0f,0.8046f,0.5938f,-4.7501f,0f,0.5938f,-0.8046f,-0.0707f,0f,0f,0f,1f],start_interpolation: 0,interpolation_duration: 1}
$data merge entity $(chest) {transformation: [-1.2785f,0f,0f,0f,0f,1.0287f,0.7592f,-6.1827f,0f,0.7592f,-1.0287f,-1.1709f,0f,0f,0f,1f],start_interpolation: 0,interpolation_duration: 1}
$data merge entity $(left_cheek) {transformation: [-0.9961f,-0.0878f,-0.0075f,0.4429f,-0.0881f,0.9917f,0.0939f,-6.9108f,-0.0008f,0.0942f,-0.9956f,-1.8951f,0f,0f,0f,1f],start_interpolation: 0,interpolation_duration: 1}
$data merge entity $(left_foot) {transformation: [-1.0133f,0.1322f,0.0306f,1.0651f,-0.1235f,-0.9939f,0.2053f,-10.2987f,0.0563f,0.1997f,1.0011f,-3.9513f,0f,0f,0f,1f],start_interpolation: 0,interpolation_duration: 1}
$data merge entity $(left_knee) {transformation: [-3.0157f,-0.1168f,-0.3795f,0.9746f,-0.3853f,0.1594f,3.013f,-9.9437f,-0.0958f,3.0353f,-0.1729f,0.2453f,0f,0f,0f,1f],start_interpolation: 0,interpolation_duration: 1}
$data merge entity $(left_leg) {transformation: [-1.7033f,-0.1239f,0.1869f,0.6997f,-0.2176f,1.2587f,-1.1488f,-7.9025f,-0.0541f,-1.1626f,-1.2637f,-1.5825f,0f,0f,0f,1f],start_interpolation: 0,interpolation_duration: 1}
$data merge entity $(right_cheek) {transformation: [-0.9961f,0.0878f,0.0075f,-0.4429f,0.0881f,0.9917f,0.0939f,-6.9108f,0.0008f,0.0942f,-0.9956f,-1.8951f,0f,0f,0f,1f],start_interpolation: 0,interpolation_duration: 1}
$data merge entity $(right_foot) {transformation: [-1.012f,-0.1075f,-0.0975f,-1.0651f,0.0731f,-0.9709f,0.3119f,-10.2987f,-0.1254f,0.3017f,0.9687f,-3.9513f,0f,0f,0f,1f],start_interpolation: 0,interpolation_duration: 1}
$data merge entity $(right_knee) {transformation: [-3.0157f,0.1168f,0.3795f,-0.9746f,0.3853f,0.1594f,3.013f,-9.9437f,0.0958f,3.0353f,-0.1729f,0.2453f,0f,0f,0f,1f],start_interpolation: 0,interpolation_duration: 1}
$data merge entity $(right_leg) {transformation: [-1.7033f,0.1239f,-0.1869f,-0.6997f,0.2176f,1.2587f,-1.1488f,-7.9025f,0.0541f,-1.1626f,-1.2637f,-1.5825f,0f,0f,0f,1f],start_interpolation: 0,interpolation_duration: 1}
$data merge entity $(weist) {transformation: [-1.6223f,0f,0f,0f,0f,1.5744f,0.3914f,-6.2722f,0f,0.3914f,-1.5744f,-1.2984f,0f,0f,0f,1f],start_interpolation: 0,interpolation_duration: 1}
data modify storage animated_java:temp entry.data merge value {"locators":{"consume":{"px":-2.0070496952,"py":-9.41994293,"pz":0.2521829254,"ry":357.1864377712,"rx":-12.371863755}}}
# Data Manager: Prepare for Read / Write
execute store result storage animated_java:temp args.id int 1 run scoreboard players get @s aj.id
# Data Manager: Write
function animated_java:global/data_manager/write with storage animated_java:temp args