# This file was generated by Animated Java via MC-Build. It is not recommended to edit this file directly.
$data merge entity $(neck) {transformation: [-1f,0f,0f,0f,0f,0.6304f,0.7763f,-4.6344f,0f,0.7763f,-0.6304f,-0.1111f,0f,0f,0f,1f],start_interpolation: 0,interpolation_duration: 1}
$data merge entity $(right_thumb_2) {transformation: [-0.9654f,0.2398f,-0.1024f,-1.9792f,0.2561f,0.9457f,-0.2003f,-8.9275f,0.0488f,-0.2196f,-0.9744f,0.1327f,0f,0f,0f,1f],start_interpolation: 0,interpolation_duration: 1}
$data merge entity $(right_thumb) {transformation: [-0.9654f,0.2398f,-0.1024f,-2.0438f,0.2561f,0.9457f,-0.2003f,-8.5825f,0.0488f,-0.2196f,-0.9744f,0.083f,0f,0f,0f,1f],start_interpolation: 0,interpolation_duration: 1}
$data merge entity $(right_fingers2) {transformation: [-0.9758f,-0.1934f,-0.1024f,-2.2795f,-0.1702f,0.9648f,-0.2003f,-9.4045f,0.1375f,-0.178f,-0.9744f,0.1941f,0f,0f,0f,1f],start_interpolation: 0,interpolation_duration: 1}
$data merge entity $(right_fingers) {transformation: [-0.9946f,0.0143f,-0.1024f,-2.3042f,0.0347f,0.9791f,-0.2003f,-9.1259f,0.0974f,-0.2028f,-0.9744f,0.1319f,0f,0f,0f,1f],start_interpolation: 0,interpolation_duration: 1}
$data merge entity $(scout) {transformation: [0f,0f,0f,-2.1333f,0f,0f,0f,-9.1503f,0f,0f,0f,0.0095f,0f,0f,0f,1f],start_interpolation: 0,interpolation_duration: 1}
$data merge entity $(right_hand) {transformation: [-0.9654f,0.2398f,-0.1024f,-2.1566f,0.2561f,0.9457f,-0.2003f,-8.5552f,0.0488f,-0.2196f,-0.9744f,-0.0463f,0f,0f,0f,1f],start_interpolation: 0,interpolation_duration: 1}
$data merge entity $(right_forearm) {transformation: [-1.04f,0.3302f,0.8405f,-1.5855f,0.0543f,1.3025f,-0.4445f,-6.6121f,-0.9014f,-0.3025f,-0.9965f,-0.5006f,0f,0f,0f,1f],start_interpolation: 0,interpolation_duration: 1}
$data merge entity $(right_shoulder) {transformation: [-1.447f,0.236f,0.0144f,-1.0065f,0.2363f,1.4405f,0.1372f,-4.9078f,0.0079f,0.1377f,-1.4597f,-0.2873f,0f,0f,0f,1f],start_interpolation: 0,interpolation_duration: 1}
$data merge entity $(right_arm) {transformation: [-1f,0f,0f,-0.4425f,0f,0.7421f,0.6703f,-4.6872f,0f,0.6703f,-0.7421f,-0.0995f,0f,0f,0f,1f],start_interpolation: 0,interpolation_duration: 1}
$data merge entity $(left_thumb_2) {transformation: [-0.9654f,-0.2398f,0.1024f,1.9792f,-0.2561f,0.9457f,-0.2003f,-8.9275f,-0.0488f,-0.2196f,-0.9744f,0.1327f,0f,0f,0f,1f],start_interpolation: 0,interpolation_duration: 1}
$data merge entity $(left_thumb) {transformation: [-0.9654f,-0.2398f,0.1024f,2.0438f,-0.2561f,0.9457f,-0.2003f,-8.5825f,-0.0488f,-0.2196f,-0.9744f,0.083f,0f,0f,0f,1f],start_interpolation: 0,interpolation_duration: 1}
$data merge entity $(left_fingers2) {transformation: [-0.9758f,0.1934f,0.1024f,2.2795f,0.1702f,0.9648f,-0.2003f,-9.4045f,-0.1375f,-0.178f,-0.9744f,0.1941f,0f,0f,0f,1f],start_interpolation: 0,interpolation_duration: 1}
$data merge entity $(left_fingers) {transformation: [-0.9946f,-0.0143f,0.1024f,2.3042f,-0.0347f,0.9791f,-0.2003f,-9.1259f,-0.0974f,-0.2028f,-0.9744f,0.1319f,0f,0f,0f,1f],start_interpolation: 0,interpolation_duration: 1}
$data merge entity $(left_hand) {transformation: [-0.9654f,-0.2398f,0.1024f,2.1566f,-0.2561f,0.9457f,-0.2003f,-8.5552f,-0.0488f,-0.2196f,-0.9744f,-0.0463f,0f,0f,0f,1f],start_interpolation: 0,interpolation_duration: 1}
$data merge entity $(left_forearm) {transformation: [-1.04f,-0.3302f,-0.8405f,1.5855f,-0.0543f,1.3025f,-0.4445f,-6.6121f,0.9014f,-0.3025f,-0.9965f,-0.5006f,0f,0f,0f,1f],start_interpolation: 0,interpolation_duration: 1}
$data merge entity $(left_shoulder) {transformation: [-1.447f,-0.236f,-0.0144f,1.0065f,-0.2363f,1.4405f,0.1372f,-4.9078f,-0.0079f,0.1377f,-1.4597f,-0.2873f,0f,0f,0f,1f],start_interpolation: 0,interpolation_duration: 1}
$data merge entity $(left_arm) {transformation: [-1f,0f,0f,0.4426f,0f,0.7421f,0.6703f,-4.6872f,0f,0.6703f,-0.7421f,-0.0995f,0f,0f,0f,1f],start_interpolation: 0,interpolation_duration: 1}
$data merge entity $(chest) {transformation: [-1.2785f,0f,0f,0f,0f,0.9488f,0.857f,-6.0043f,0f,0.857f,-0.9488f,-1.3356f,0f,0f,0f,1f],start_interpolation: 0,interpolation_duration: 1}
$data merge entity $(left_cheek) {transformation: [-0.9961f,-0.0873f,-0.011f,0.4419f,-0.088f,0.9862f,0.1405f,-6.6716f,-0.0014f,0.1409f,-0.99f,-2.114f,0f,0f,0f,1f],start_interpolation: 0,interpolation_duration: 1}
$data merge entity $(left_foot) {transformation: [-1.0139f,0.1289f,0.024f,1.0743f,-0.122f,-0.9959f,0.1962f,-10.0292f,0.0481f,0.1917f,1.0031f,-4.235f,0f,0f,0f,1f],start_interpolation: 0,interpolation_duration: 1}
$data merge entity $(left_knee) {transformation: [-3.0157f,-0.1376f,-0.3724f,0.9553f,-0.3784f,0.1324f,3.0152f,-9.7118f,-0.1202f,3.0357f,-0.1484f,-0.0361f,0f,0f,0f,1f],start_interpolation: 0,interpolation_duration: 1}
$data merge entity $(left_leg) {transformation: [-1.7033f,-0.1117f,0.1944f,0.6997f,-0.2137f,1.2596f,-1.1485f,-7.669f,-0.0679f,-1.1629f,-1.2628f,-1.8649f,0f,0f,0f,1f],start_interpolation: 0,interpolation_duration: 1}
$data merge entity $(right_cheek) {transformation: [-0.9961f,0.0873f,0.011f,-0.4419f,0.088f,0.9862f,0.1405f,-6.6716f,0.0014f,0.1409f,-0.99f,-2.114f,0f,0f,0f,1f],start_interpolation: 0,interpolation_duration: 1}
$data merge entity $(right_foot) {transformation: [-1.013f,-0.1035f,-0.0914f,-1.0743f,0.0722f,-0.9738f,0.3029f,-10.0292f,-0.1177f,0.2937f,0.9722f,-4.235f,0f,0f,0f,1f],start_interpolation: 0,interpolation_duration: 1}
$data merge entity $(right_knee) {transformation: [-3.0157f,0.1376f,0.3724f,-0.9553f,0.3784f,0.1324f,3.0152f,-9.7118f,0.1202f,3.0357f,-0.1484f,-0.0361f,0f,0f,0f,1f],start_interpolation: 0,interpolation_duration: 1}
$data merge entity $(right_leg) {transformation: [-1.7033f,0.1117f,-0.1944f,-0.6997f,0.2137f,1.2596f,-1.1485f,-7.669f,0.0679f,-1.1629f,-1.2628f,-1.8649f,0f,0f,0f,1f],start_interpolation: 0,interpolation_duration: 1}
$data merge entity $(weist) {transformation: [-1.6223f,0f,0f,0f,0f,1.5463f,0.491f,-6.0601f,0f,0.491f,-1.5463f,-1.4774f,0f,0f,0f,1f],start_interpolation: 0,interpolation_duration: 1}
data modify storage animated_java:temp entry.data merge value {"locators":{"consume":{"px":-2.1191728401,"py":-9.3045685496,"pz":0.079260917,"ry":354.0012115543,"rx":-11.5543842564}}}
# Data Manager: Prepare for Read / Write
execute store result storage animated_java:temp args.id int 1 run scoreboard players get @s aj.id
# Data Manager: Write
function animated_java:global/data_manager/write with storage animated_java:temp args