# This file was generated by Animated Java via MC-Build. It is not recommended to edit this file directly.
$data merge entity $(neck) {transformation: [-1f,0f,0f,0f,0f,0.4769f,0.8789f,-4.5781f,0f,0.8789f,-0.4769f,-0.1463f,0f,0f,0f,1f],start_interpolation: 0,interpolation_duration: 1}
$data merge entity $(right_thumb_2) {transformation: [-0.9505f,0.2621f,-0.1672f,-2.0805f,0.2891f,0.9428f,-0.1659f,-8.8138f,0.1141f,-0.2061f,-0.9719f,-0.1118f,0f,0f,0f,1f],start_interpolation: 0,interpolation_duration: 1}
$data merge entity $(right_thumb) {transformation: [-0.9505f,0.2621f,-0.1672f,-2.1348f,0.2891f,0.9428f,-0.1659f,-8.4652f,0.1141f,-0.2061f,-0.9719f,-0.1475f,0f,0f,0f,1f],start_interpolation: 0,interpolation_duration: 1}
$data merge entity $(right_fingers2) {transformation: [-0.9522f,-0.2557f,-0.1672f,-2.3809f,-0.2285f,0.9593f,-0.1659f,-9.2805f,0.2028f,-0.1198f,-0.9719f,-0.0489f,0f,0f,0f,1f],start_interpolation: 0,interpolation_duration: 1}
$data merge entity $(right_fingers) {transformation: [-0.9859f,-0.0082f,-0.1672f,-2.4123f,0.02f,0.9859f,-0.1659f,-9.0002f,0.1662f,-0.1669f,-0.9719f,-0.0989f,0f,0f,0f,1f],start_interpolation: 0,interpolation_duration: 1}
$data merge entity $(scout) {transformation: [0f,0f,0f,-2.2499f,0f,0f,0f,-9.0269f,0f,0f,0f,-0.232f,0f,0f,0f,1f],start_interpolation: 0,interpolation_duration: 1}
$data merge entity $(right_hand) {transformation: [-0.9505f,0.2621f,-0.1672f,-2.2539f,0.2891f,0.9428f,-0.1659f,-8.4299f,0.1141f,-0.2061f,-0.9719f,-0.269f,0f,0f,0f,1f],start_interpolation: 0,interpolation_duration: 1}
$data merge entity $(right_forearm) {transformation: [-1.0885f,0.3609f,0.7629f,-1.6373f,0.12f,1.2986f,-0.4432f,-6.4954f,-0.8354f,-0.2838f,-1.0577f,-0.7001f,0f,0f,0f,1f],start_interpolation: 0,interpolation_duration: 1}
$data merge entity $(right_shoulder) {transformation: [-1.4389f,0.2784f,-0.0433f,-1.0065f,0.2653f,1.4147f,0.2792f,-4.833f,0.0948f,0.2662f,-1.4388f,-0.3485f,0f,0f,0f,1f],start_interpolation: 0,interpolation_duration: 1}
$data merge entity $(right_arm) {transformation: [-1f,0f,0f,-0.4425f,0f,0.673f,0.7397f,-4.6318f,0f,0.7397f,-0.673f,-0.1399f,0f,0f,0f,1f],start_interpolation: 0,interpolation_duration: 1}
$data merge entity $(left_thumb_2) {transformation: [-0.9505f,-0.2621f,0.1672f,2.0805f,-0.2891f,0.9428f,-0.1659f,-8.8138f,-0.1141f,-0.2061f,-0.9719f,-0.1118f,0f,0f,0f,1f],start_interpolation: 0,interpolation_duration: 1}
$data merge entity $(left_thumb) {transformation: [-0.9505f,-0.2621f,0.1672f,2.1348f,-0.2891f,0.9428f,-0.1659f,-8.4652f,-0.1141f,-0.2061f,-0.9719f,-0.1475f,0f,0f,0f,1f],start_interpolation: 0,interpolation_duration: 1}
$data merge entity $(left_fingers2) {transformation: [-0.9522f,0.2557f,0.1672f,2.3809f,0.2285f,0.9593f,-0.1659f,-9.2805f,-0.2028f,-0.1198f,-0.9719f,-0.0489f,0f,0f,0f,1f],start_interpolation: 0,interpolation_duration: 1}
$data merge entity $(left_fingers) {transformation: [-0.9859f,0.0082f,0.1672f,2.4123f,-0.02f,0.9859f,-0.1659f,-9.0002f,-0.1662f,-0.1669f,-0.9719f,-0.0989f,0f,0f,0f,1f],start_interpolation: 0,interpolation_duration: 1}
$data merge entity $(left_hand) {transformation: [-0.9505f,-0.2621f,0.1672f,2.2539f,-0.2891f,0.9428f,-0.1659f,-8.4299f,-0.1141f,-0.2061f,-0.9719f,-0.269f,0f,0f,0f,1f],start_interpolation: 0,interpolation_duration: 1}
$data merge entity $(left_forearm) {transformation: [-1.0885f,-0.3609f,-0.7629f,1.6373f,-0.12f,1.2986f,-0.4432f,-6.4954f,0.8354f,-0.2838f,-1.0577f,-0.7001f,0f,0f,0f,1f],start_interpolation: 0,interpolation_duration: 1}
$data merge entity $(left_shoulder) {transformation: [-1.4389f,-0.2784f,0.0433f,1.0065f,-0.2653f,1.4147f,0.2792f,-4.833f,-0.0948f,0.2662f,-1.4388f,-0.3485f,0f,0f,0f,1f],start_interpolation: 0,interpolation_duration: 1}
$data merge entity $(left_arm) {transformation: [-1f,0f,0f,0.4426f,0f,0.673f,0.7397f,-4.6318f,0f,0.7397f,-0.673f,-0.1399f,0f,0f,0f,1f],start_interpolation: 0,interpolation_duration: 1}
$data merge entity $(chest) {transformation: [-1.2785f,0f,0f,0f,0f,0.8604f,0.9457f,-5.8216f,0f,0.9457f,-0.8604f,-1.499f,0f,0f,0f,1f],start_interpolation: 0,interpolation_duration: 1}
$data merge entity $(left_cheek) {transformation: [-0.9962f,-0.086f,-0.0145f,0.4404f,-0.0872f,0.9785f,0.1869f,-6.4198f,-0.0019f,0.1874f,-0.9823f,-2.3269f,0f,0f,0f,1f],start_interpolation: 0,interpolation_duration: 1}
$data merge entity $(left_foot) {transformation: [-1.0145f,0.1252f,0.0176f,1.0822f,-0.1199f,-0.9979f,0.187f,-9.7467f,0.0401f,0.1835f,1.005f,-4.5124f,0f,0f,0f,1f],start_interpolation: 0,interpolation_duration: 1}
$data merge entity $(left_knee) {transformation: [-3.0157f,-0.158f,-0.3642f,0.9351f,-0.3699f,0.105f,3.0173f,-9.4673f,-0.1442f,3.0358f,-0.1233f,-0.3117f,0f,0f,0f,1f],start_interpolation: 0,interpolation_duration: 1}
$data merge entity $(left_leg) {transformation: [-1.7033f,-0.099f,0.2012f,0.6997f,-0.2089f,1.2606f,-1.1484f,-7.4229f,-0.0814f,-1.163f,-1.2618f,-2.1413f,0f,0f,0f,1f],start_interpolation: 0,interpolation_duration: 1}
$data merge entity $(right_cheek) {transformation: [-0.9962f,0.086f,0.0145f,-0.4404f,0.0872f,0.9785f,0.1869f,-6.4198f,0.0019f,0.1874f,-0.9823f,-2.3269f,0f,0f,0f,1f],start_interpolation: 0,interpolation_duration: 1}
$data merge entity $(right_foot) {transformation: [-1.014f,-0.0992f,-0.0854f,-1.0822f,0.0708f,-0.9767f,0.2938f,-9.7467f,-0.1101f,0.2855f,0.9755f,-4.5124f,0f,0f,0f,1f],start_interpolation: 0,interpolation_duration: 1}
$data merge entity $(right_knee) {transformation: [-3.0157f,0.158f,0.3642f,-0.9351f,0.3699f,0.105f,3.0173f,-9.4673f,0.1442f,3.0358f,-0.1233f,-0.3117f,0f,0f,0f,1f],start_interpolation: 0,interpolation_duration: 1}
$data merge entity $(right_leg) {transformation: [-1.7033f,0.099f,-0.2012f,-0.6997f,0.2089f,1.2606f,-1.1484f,-7.4229f,0.0814f,-1.163f,-1.2618f,-2.1413f,0f,0f,0f,1f],start_interpolation: 0,interpolation_duration: 1}
$data merge entity $(weist) {transformation: [-1.6223f,0f,0f,0f,0f,1.5116f,0.5892f,-5.8422f,0f,0.5892f,-1.5116f,-1.6513f,0f,0f,0f,1f],start_interpolation: 0,interpolation_duration: 1}
data modify storage animated_java:temp entry.data merge value {"locators":{"consume":{"px":-2.237554122,"py":-9.1836520142,"pz":-0.1676702411,"ry":350.2384607992,"rx":-9.5518686811}}}
# Data Manager: Prepare for Read / Write
execute store result storage animated_java:temp args.id int 1 run scoreboard players get @s aj.id
# Data Manager: Write
function animated_java:global/data_manager/write with storage animated_java:temp args