# This file was generated by Animated Java via MC-Build. It is not recommended to edit this file directly.
$data merge entity $(neck) {transformation: [-1f,0f,0f,0f,0f,0.3124f,0.95f,-4.5298f,0f,0.95f,-0.3124f,-0.1927f,0f,0f,0f,1f],start_interpolation: 0,interpolation_duration: 1}
$data merge entity $(right_thumb_2) {transformation: [-0.9306f,0.2796f,-0.2361f,-2.18f,0.313f,0.9425f,-0.1176f,-8.6912f,0.1897f,-0.1834f,-0.9646f,-0.3974f,0f,0f,0f,1f],start_interpolation: 0,interpolation_duration: 1}
$data merge entity $(right_thumb) {transformation: [-0.9306f,0.2796f,-0.2361f,-2.2247f,0.313f,0.9425f,-0.1176f,-8.3399f,0.1897f,-0.1834f,-0.9646f,-0.4146f,0f,0f,0f,1f],start_interpolation: 0,interpolation_duration: 1}
$data merge entity $(right_fingers2) {transformation: [-0.9192f,-0.3152f,-0.2361f,-2.478f,-0.295f,0.9482f,-0.1176f,-9.1497f,0.261f,-0.0385f,-0.9646f,-0.3374f,0f,0f,0f,1f],start_interpolation: 0,interpolation_duration: 1}
$data merge entity $(right_fingers) {transformation: [-0.9712f,-0.0321f,-0.2361f,-2.5162f,-0.0042f,0.993f,-0.1176f,-8.8677f,0.2383f,-0.1133f,-0.9646f,-0.37f,0f,0f,0f,1f],start_interpolation: 0,interpolation_duration: 1}
$data merge entity $(scout) {transformation: [0f,0f,0f,-2.3639f,0f,0f,0f,-8.8935f,0f,0f,0f,-0.5147f,0f,0f,0f,1f],start_interpolation: 0,interpolation_duration: 1}
$data merge entity $(right_hand) {transformation: [-0.9306f,0.2796f,-0.2361f,-2.3503f,0.313f,0.9425f,-0.1176f,-8.2956f,0.1897f,-0.1834f,-0.9646f,-0.5263f,0f,0f,0f,1f],start_interpolation: 0,interpolation_duration: 1}
$data merge entity $(right_forearm) {transformation: [-1.1364f,0.3851f,0.6764f,-1.6986f,0.1902f,1.2981f,-0.4194f,-6.3639f,-0.7547f,-0.2526f,-1.1242f,-0.9162f,0f,0f,0f,1f],start_interpolation: 0,interpolation_duration: 1}
$data merge entity $(right_shoulder) {transformation: [-1.4248f,0.3293f,-0.1063f,-1.0065f,0.2841f,1.3704f,0.4374f,-4.7644f,0.1975f,0.4044f,-1.3954f,-0.418f,0f,0f,0f,1f],start_interpolation: 0,interpolation_duration: 1}
$data merge entity $(right_arm) {transformation: [-1f,0f,0f,-0.4425f,0f,0.6f,0.8f,-4.5839f,0f,0.8f,-0.6f,-0.1913f,0f,0f,0f,1f],start_interpolation: 0,interpolation_duration: 1}
$data merge entity $(left_thumb_2) {transformation: [-0.9306f,-0.2796f,0.2361f,2.18f,-0.313f,0.9425f,-0.1176f,-8.6912f,-0.1897f,-0.1834f,-0.9646f,-0.3974f,0f,0f,0f,1f],start_interpolation: 0,interpolation_duration: 1}
$data merge entity $(left_thumb) {transformation: [-0.9306f,-0.2796f,0.2361f,2.2247f,-0.313f,0.9425f,-0.1176f,-8.3399f,-0.1897f,-0.1834f,-0.9646f,-0.4146f,0f,0f,0f,1f],start_interpolation: 0,interpolation_duration: 1}
$data merge entity $(left_fingers2) {transformation: [-0.9192f,0.3152f,0.2361f,2.478f,0.295f,0.9482f,-0.1176f,-9.1497f,-0.261f,-0.0385f,-0.9646f,-0.3374f,0f,0f,0f,1f],start_interpolation: 0,interpolation_duration: 1}
$data merge entity $(left_fingers) {transformation: [-0.9712f,0.0321f,0.2361f,2.5162f,0.0042f,0.993f,-0.1176f,-8.8677f,-0.2383f,-0.1133f,-0.9646f,-0.37f,0f,0f,0f,1f],start_interpolation: 0,interpolation_duration: 1}
$data merge entity $(left_hand) {transformation: [-0.9306f,-0.2796f,0.2361f,2.3503f,-0.313f,0.9425f,-0.1176f,-8.2956f,-0.1897f,-0.1834f,-0.9646f,-0.5263f,0f,0f,0f,1f],start_interpolation: 0,interpolation_duration: 1}
$data merge entity $(left_forearm) {transformation: [-1.1364f,-0.3851f,-0.6764f,1.6986f,-0.1902f,1.2981f,-0.4194f,-6.3639f,0.7547f,-0.2526f,-1.1242f,-0.9162f,0f,0f,0f,1f],start_interpolation: 0,interpolation_duration: 1}
$data merge entity $(left_shoulder) {transformation: [-1.4248f,-0.3293f,0.1063f,1.0065f,-0.2841f,1.3704f,0.4374f,-4.7644f,-0.1975f,0.4044f,-1.3954f,-0.418f,0f,0f,0f,1f],start_interpolation: 0,interpolation_duration: 1}
$data merge entity $(left_arm) {transformation: [-1f,0f,0f,0.4426f,0f,0.6f,0.8f,-4.5839f,0f,0.8f,-0.6f,-0.1913f,0f,0f,0f,1f],start_interpolation: 0,interpolation_duration: 1}
$data merge entity $(chest) {transformation: [-1.2785f,0f,0f,0f,0f,0.7671f,1.0229f,-5.6397f,0f,1.0229f,-0.7671f,-1.657f,0f,0f,0f,1f],start_interpolation: 0,interpolation_duration: 1}
$data merge entity $(left_cheek) {transformation: [-0.9963f,-0.0842f,-0.0178f,0.4384f,-0.086f,0.9691f,0.2312f,-6.1631f,-0.0023f,0.2319f,-0.9727f,-2.5279f,0f,0f,0f,1f],start_interpolation: 0,interpolation_duration: 1}
$data merge entity $(left_foot) {transformation: [-1.0151f,0.1213f,0.0116f,1.0884f,-0.1175f,-0.9999f,0.1778f,-9.4598f,0.0324f,0.1752f,1.0067f,-4.7755f,0f,0f,0f,1f],start_interpolation: 0,interpolation_duration: 1}
$data merge entity $(left_knee) {transformation: [-3.0157f,-0.1775f,-0.3552f,0.9148f,-0.3602f,0.0779f,3.0193f,-9.2181f,-0.1671f,3.0356f,-0.0983f,-0.5734f,0f,0f,0f,1f],start_interpolation: 0,interpolation_duration: 1}
$data merge entity $(left_leg) {transformation: [-1.7033f,-0.0862f,0.207f,0.6997f,-0.2034f,1.2615f,-1.1483f,-7.1719f,-0.0944f,-1.163f,-1.2609f,-2.4036f,0f,0f,0f,1f],start_interpolation: 0,interpolation_duration: 1}
$data merge entity $(right_cheek) {transformation: [-0.9963f,0.0842f,0.0178f,-0.4384f,0.086f,0.9691f,0.2312f,-6.1631f,0.0023f,0.2319f,-0.9727f,-2.5279f,0f,0f,0f,1f],start_interpolation: 0,interpolation_duration: 1}
$data merge entity $(right_foot) {transformation: [-1.0148f,-0.0947f,-0.0799f,-1.0884f,0.0689f,-0.9795f,0.2847f,-9.4598f,-0.1029f,0.2773f,0.9787f,-4.7755f,0f,0f,0f,1f],start_interpolation: 0,interpolation_duration: 1}
$data merge entity $(right_knee) {transformation: [-3.0157f,0.1775f,0.3552f,-0.9148f,0.3602f,0.0779f,3.0193f,-9.2181f,0.1671f,3.0356f,-0.0983f,-0.5734f,0f,0f,0f,1f],start_interpolation: 0,interpolation_duration: 1}
$data merge entity $(right_leg) {transformation: [-1.7033f,0.0862f,-0.207f,-0.6997f,0.2034f,1.2615f,-1.1483f,-7.1719f,0.0944f,-1.163f,-1.2609f,-2.4036f,0f,0f,0f,1f],start_interpolation: 0,interpolation_duration: 1}
$data merge entity $(weist) {transformation: [-1.6223f,0f,0f,0f,0f,1.4717f,0.6826f,-5.625f,0f,0.6826f,-1.4717f,-1.8157f,0f,0f,0f,1f],start_interpolation: 0,interpolation_duration: 1}
data modify storage animated_java:temp entry.data merge value {"locators":{"consume":{"px":-2.3526952884,"py":-9.0532207103,"pz":-0.4580475151,"ry":346.2434941932,"rx":-6.7559004219}}}
# Data Manager: Prepare for Read / Write
execute store result storage animated_java:temp args.id int 1 run scoreboard players get @s aj.id
# Data Manager: Write
function animated_java:global/data_manager/write with storage animated_java:temp args