# This file was generated by Animated Java via MC-Build. It is not recommended to edit this file directly.
$data merge entity $(neck) {transformation: [-1f,0f,0f,0f,0f,0.1483f,0.9889f,-4.4889f,0f,0.9889f,-0.1483f,-0.2479f,0f,0f,0f,1f],start_interpolation: 0,interpolation_duration: 1}
$data merge entity $(right_thumb_2) {transformation: [-0.907f,0.2921f,-0.3033f,-2.2733f,0.3249f,0.9437f,-0.0626f,-8.559f,0.2679f,-0.1553f,-0.9508f,-0.696f,0f,0f,0f,1f],start_interpolation: 0,interpolation_duration: 1}
$data merge entity $(right_thumb) {transformation: [-0.907f,0.2921f,-0.3033f,-2.3095f,0.3249f,0.9437f,-0.0626f,-8.2064f,0.2679f,-0.1553f,-0.9508f,-0.6928f,0f,0f,0f,1f],start_interpolation: 0,interpolation_duration: 1}
$data merge entity $(right_fingers2) {transformation: [-0.8787f,-0.3686f,-0.3033f,-2.5666f,-0.3676f,0.9279f,-0.0626f,-9.0113f,0.3045f,0.0564f,-0.9508f,-0.6425f,0f,0f,0f,1f],start_interpolation: 0,interpolation_duration: 1}
$data merge entity $(right_fingers) {transformation: [-0.9513f,-0.0558f,-0.3033f,-2.6116f,-0.0386f,0.9973f,-0.0626f,-8.7287f,0.3059f,-0.0479f,-0.9508f,-0.6545f,0f,0f,0f,1f],start_interpolation: 0,interpolation_duration: 1}
$data merge entity $(scout) {transformation: [0f,0f,0f,-2.4701f,0f,0f,0f,-8.7506f,0f,0f,0f,-0.8104f,0f,0f,0f,1f],start_interpolation: 0,interpolation_duration: 1}
$data merge entity $(right_hand) {transformation: [-0.907f,0.2921f,-0.3033f,-2.441f,0.3249f,0.9437f,-0.0626f,-8.1535f,0.2679f,-0.1553f,-0.9508f,-0.7933f,0f,0f,0f,1f],start_interpolation: 0,interpolation_duration: 1}
$data merge entity $(right_forearm) {transformation: [-1.1788f,0.4024f,0.588f,-1.7647f,0.2554f,1.2998f,-0.3774f,-6.2204f,-0.6651f,-0.2139f,-1.187f,-1.131f,0f,0f,0f,1f],start_interpolation: 0,interpolation_duration: 1}
$data merge entity $(right_shoulder) {transformation: [-1.4048f,0.3852f,-0.1671f,-1.0065f,0.2878f,1.3082f,0.5963f,-4.7025f,0.3057f,0.5385f,-1.329f,-0.4932f,0f,0f,0f,1f],start_interpolation: 0,interpolation_duration: 1}
$data merge entity $(right_arm) {transformation: [-1f,0f,0f,-0.4425f,0f,0.5265f,0.8502f,-4.5428f,0f,0.8502f,-0.5265f,-0.2514f,0f,0f,0f,1f],start_interpolation: 0,interpolation_duration: 1}
$data merge entity $(left_thumb_2) {transformation: [-0.907f,-0.2921f,0.3033f,2.2733f,-0.3249f,0.9437f,-0.0626f,-8.559f,-0.2679f,-0.1553f,-0.9508f,-0.696f,0f,0f,0f,1f],start_interpolation: 0,interpolation_duration: 1}
$data merge entity $(left_thumb) {transformation: [-0.907f,-0.2921f,0.3033f,2.3095f,-0.3249f,0.9437f,-0.0626f,-8.2064f,-0.2679f,-0.1553f,-0.9508f,-0.6928f,0f,0f,0f,1f],start_interpolation: 0,interpolation_duration: 1}
$data merge entity $(left_fingers2) {transformation: [-0.8787f,0.3686f,0.3033f,2.5666f,0.3676f,0.9279f,-0.0626f,-9.0113f,-0.3045f,0.0564f,-0.9508f,-0.6425f,0f,0f,0f,1f],start_interpolation: 0,interpolation_duration: 1}
$data merge entity $(left_fingers) {transformation: [-0.9513f,0.0558f,0.3033f,2.6116f,0.0386f,0.9973f,-0.0626f,-8.7287f,-0.3059f,-0.0479f,-0.9508f,-0.6545f,0f,0f,0f,1f],start_interpolation: 0,interpolation_duration: 1}
$data merge entity $(left_hand) {transformation: [-0.907f,-0.2921f,0.3033f,2.441f,-0.3249f,0.9437f,-0.0626f,-8.1535f,-0.2679f,-0.1553f,-0.9508f,-0.7933f,0f,0f,0f,1f],start_interpolation: 0,interpolation_duration: 1}
$data merge entity $(left_forearm) {transformation: [-1.1788f,-0.4024f,-0.588f,1.7647f,-0.2554f,1.2998f,-0.3774f,-6.2204f,0.6651f,-0.2139f,-1.187f,-1.131f,0f,0f,0f,1f],start_interpolation: 0,interpolation_duration: 1}
$data merge entity $(left_shoulder) {transformation: [-1.4048f,-0.3852f,0.1671f,1.0065f,-0.2878f,1.3082f,0.5963f,-4.7025f,-0.3057f,0.5385f,-1.329f,-0.4932f,0f,0f,0f,1f],start_interpolation: 0,interpolation_duration: 1}
$data merge entity $(left_arm) {transformation: [-1f,0f,0f,0.4426f,0f,0.5265f,0.8502f,-4.5428f,0f,0.8502f,-0.5265f,-0.2514f,0f,0f,0f,1f],start_interpolation: 0,interpolation_duration: 1}
$data merge entity $(chest) {transformation: [-1.2785f,0f,0f,0f,0f,0.6731f,1.087f,-5.4643f,0f,1.087f,-0.6731f,-1.8051f,0f,0f,0f,1f],start_interpolation: 0,interpolation_duration: 1}
$data merge entity $(left_cheek) {transformation: [-0.9964f,-0.0818f,-0.0206f,0.4363f,-0.0844f,0.9586f,0.2721f,-5.9111f,-0.0025f,0.2729f,-0.962f,-2.7118f,0f,0f,0f,1f],start_interpolation: 0,interpolation_duration: 1}
$data merge entity $(left_foot) {transformation: [-1.0156f,0.1173f,0.0061f,1.0929f,-0.1147f,-1.0018f,0.169f,-9.1785f,0.0254f,0.1672f,1.0083f,-5.0168f,0f,0f,0f,1f],start_interpolation: 0,interpolation_duration: 1}
$data merge entity $(left_knee) {transformation: [-3.0157f,-0.1952f,-0.3457f,0.8951f,-0.3497f,0.052f,3.0211f,-8.973f,-0.188f,3.035f,-0.074f,-0.8139f,0f,0f,0f,1f],start_interpolation: 0,interpolation_duration: 1}
$data merge entity $(left_leg) {transformation: [-1.7033f,-0.0739f,0.2117f,0.6997f,-0.1975f,1.2624f,-1.1484f,-6.9252f,-0.1062f,-1.1629f,-1.26f,-2.6445f,0f,0f,0f,1f],start_interpolation: 0,interpolation_duration: 1}
$data merge entity $(right_cheek) {transformation: [-0.9964f,0.0818f,0.0206f,-0.4363f,0.0844f,0.9586f,0.2721f,-5.9111f,0.0025f,0.2729f,-0.962f,-2.7118f,0f,0f,0f,1f],start_interpolation: 0,interpolation_duration: 1}
$data merge entity $(right_foot) {transformation: [-1.0156f,-0.0901f,-0.0749f,-1.0929f,0.0668f,-0.9822f,0.276f,-9.1785f,-0.0963f,0.2692f,0.9816f,-5.0168f,0f,0f,0f,1f],start_interpolation: 0,interpolation_duration: 1}
$data merge entity $(right_knee) {transformation: [-3.0157f,0.1952f,0.3457f,-0.8951f,0.3497f,0.052f,3.0211f,-8.973f,0.188f,3.035f,-0.074f,-0.8139f,0f,0f,0f,1f],start_interpolation: 0,interpolation_duration: 1}
$data merge entity $(right_leg) {transformation: [-1.7033f,0.0739f,-0.2117f,-0.6997f,0.1975f,1.2624f,-1.1484f,-6.9252f,0.1062f,-1.1629f,-1.26f,-2.6445f,0f,0f,0f,1f],start_interpolation: 0,interpolation_duration: 1}
$data merge entity $(weist) {transformation: [-1.6223f,0f,0f,0f,0f,1.4289f,0.7683f,-5.4156f,0f,0.7683f,-1.4289f,-1.9664f,0f,0f,0f,1f],start_interpolation: 0,interpolation_duration: 1}
data modify storage animated_java:temp entry.data merge value {"locators":{"consume":{"px":-2.4594056112,"py":-8.9133053629,"pz":-0.7625103171,"ry":342.3099549833,"rx":-3.589918944}}}
# Data Manager: Prepare for Read / Write
execute store result storage animated_java:temp args.id int 1 run scoreboard players get @s aj.id
# Data Manager: Write
function animated_java:global/data_manager/write with storage animated_java:temp args