# This file was generated by Animated Java via MC-Build. It is not recommended to edit this file directly.
$data merge entity $(neck) {transformation: [-1f,0f,0f,0f,0f,-0.0042f,1f,-4.4546f,0f,1f,0.0042f,-0.3082f,0f,0f,0f,1f],start_interpolation: 0,interpolation_duration: 1}
$data merge entity $(right_thumb_2) {transformation: [-0.8819f,0.3003f,-0.3634f,-2.356f,0.3254f,0.9455f,-0.0083f,-8.4227f,0.3411f,-0.1255f,-0.9316f,-0.9811f,0f,0f,0f,1f],start_interpolation: 0,interpolation_duration: 1}
$data merge entity $(right_thumb) {transformation: [-0.8819f,0.3003f,-0.3634f,-2.385f,0.3254f,0.9455f,-0.0083f,-8.0702f,0.3411f,-0.1255f,-0.9316f,-0.9578f,0f,0f,0f,1f],start_interpolation: 0,interpolation_duration: 1}
$data merge entity $(right_fingers2) {transformation: [-0.8348f,-0.4137f,-0.3634f,-2.6432f,-0.4411f,0.8974f,-0.0083f,-8.8704f,0.3295f,0.1534f,-0.9316f,-0.9364f,0f,0f,0f,1f],start_interpolation: 0,interpolation_duration: 1}
$data merge entity $(right_fingers) {transformation: [-0.9284f,-0.078f,-0.3634f,-2.6943f,-0.0805f,0.9967f,-0.0083f,-8.5887f,0.3628f,0.0216f,-0.9316f,-0.9269f,0f,0f,0f,1f],start_interpolation: 0,interpolation_duration: 1}
$data merge entity $(scout) {transformation: [0f,0f,0f,-2.5633f,0f,0f,0f,-8.6049f,0f,0f,0f,-1.0923f,0f,0f,0f,1f],start_interpolation: 0,interpolation_duration: 1}
$data merge entity $(right_hand) {transformation: [-0.8819f,0.3003f,-0.3634f,-2.5215f,0.3254f,0.9455f,-0.0083f,-8.01f,0.3411f,-0.1255f,-0.9316f,-1.0469f,0f,0f,0f,1f],start_interpolation: 0,interpolation_duration: 1}
$data merge entity $(right_forearm) {transformation: [-1.2128f,0.4137f,0.505f,-1.8297f,0.3089f,1.3023f,-0.325f,-6.0733f,-0.5751f,-0.1729f,-1.2395f,-1.3285f,0f,0f,0f,1f],start_interpolation: 0,interpolation_duration: 1}
$data merge entity $(right_shoulder) {transformation: [-1.381f,0.4411f,-0.2196f,-1.0065f,0.2765f,1.2345f,0.7412f,-4.6478f,0.4079f,0.6567f,-1.2459f,-0.5699f,0f,0f,0f,1f],start_interpolation: 0,interpolation_duration: 1}
$data merge entity $(right_arm) {transformation: [-1f,0f,0f,-0.4425f,0f,0.4563f,0.8898f,-4.5081f,0f,0.8898f,-0.4563f,-0.316f,0f,0f,0f,1f],start_interpolation: 0,interpolation_duration: 1}
$data merge entity $(left_thumb_2) {transformation: [-0.8819f,-0.3003f,0.3634f,2.356f,-0.3254f,0.9455f,-0.0083f,-8.4227f,-0.3411f,-0.1255f,-0.9316f,-0.9811f,0f,0f,0f,1f],start_interpolation: 0,interpolation_duration: 1}
$data merge entity $(left_thumb) {transformation: [-0.8819f,-0.3003f,0.3634f,2.385f,-0.3254f,0.9455f,-0.0083f,-8.0702f,-0.3411f,-0.1255f,-0.9316f,-0.9578f,0f,0f,0f,1f],start_interpolation: 0,interpolation_duration: 1}
$data merge entity $(left_fingers2) {transformation: [-0.8348f,0.4137f,0.3634f,2.6432f,0.4411f,0.8974f,-0.0083f,-8.8704f,-0.3295f,0.1534f,-0.9316f,-0.9364f,0f,0f,0f,1f],start_interpolation: 0,interpolation_duration: 1}
$data merge entity $(left_fingers) {transformation: [-0.9284f,0.078f,0.3634f,2.6943f,0.0805f,0.9967f,-0.0083f,-8.5887f,-0.3628f,0.0216f,-0.9316f,-0.9269f,0f,0f,0f,1f],start_interpolation: 0,interpolation_duration: 1}
$data merge entity $(left_hand) {transformation: [-0.8819f,-0.3003f,0.3634f,2.5215f,-0.3254f,0.9455f,-0.0083f,-8.01f,-0.3411f,-0.1255f,-0.9316f,-1.0469f,0f,0f,0f,1f],start_interpolation: 0,interpolation_duration: 1}
$data merge entity $(left_forearm) {transformation: [-1.2128f,-0.4137f,-0.505f,1.8297f,-0.3089f,1.3023f,-0.325f,-6.0733f,0.5751f,-0.1729f,-1.2395f,-1.3285f,0f,0f,0f,1f],start_interpolation: 0,interpolation_duration: 1}
$data merge entity $(left_shoulder) {transformation: [-1.381f,-0.4411f,0.2196f,1.0065f,-0.2765f,1.2345f,0.7412f,-4.6478f,-0.4079f,0.6567f,-1.2459f,-0.5699f,0f,0f,0f,1f],start_interpolation: 0,interpolation_duration: 1}
$data merge entity $(left_arm) {transformation: [-1f,0f,0f,0.4426f,0f,0.4563f,0.8898f,-4.5081f,0f,0.8898f,-0.4563f,-0.316f,0f,0f,0f,1f],start_interpolation: 0,interpolation_duration: 1}
$data merge entity $(chest) {transformation: [-1.2785f,0f,0f,0f,0f,0.5833f,1.1377f,-5.3013f,0f,1.1377f,-0.5833f,-1.9388f,0f,0f,0f,1f],start_interpolation: 0,interpolation_duration: 1}
$data merge entity $(left_cheek) {transformation: [-0.9966f,-0.0793f,-0.023f,0.4342f,-0.0825f,0.9478f,0.3081f,-5.6739f,-0.0026f,0.3089f,-0.9511f,-2.8739f,0f,0f,0f,1f],start_interpolation: 0,interpolation_duration: 1}
$data merge entity $(left_foot) {transformation: [-1.016f,0.1135f,0.0014f,1.0959f,-0.1119f,-1.0034f,0.1608f,-8.9141f,0.0192f,0.1596f,1.0097f,-5.2299f,0f,0f,0f,1f],start_interpolation: 0,interpolation_duration: 1}
$data merge entity $(left_knee) {transformation: [-3.0157f,-0.2108f,-0.3364f,0.877f,-0.3391f,0.0278f,3.0226f,-8.7422f,-0.2064f,3.0343f,-0.0511f,-1.0266f,0f,0f,0f,1f],start_interpolation: 0,interpolation_duration: 1}
$data merge entity $(left_leg) {transformation: [-1.7033f,-0.0625f,0.2154f,0.6997f,-0.1915f,1.2631f,-1.1486f,-6.6929f,-0.1166f,-1.1628f,-1.2593f,-2.8573f,0f,0f,0f,1f],start_interpolation: 0,interpolation_duration: 1}
$data merge entity $(right_cheek) {transformation: [-0.9966f,0.0793f,0.023f,-0.4342f,0.0825f,0.9478f,0.3081f,-5.6739f,0.0026f,0.3089f,-0.9511f,-2.8739f,0f,0f,0f,1f],start_interpolation: 0,interpolation_duration: 1}
$data merge entity $(right_foot) {transformation: [-1.0163f,-0.0858f,-0.0706f,-1.0959f,0.0646f,-0.9846f,0.2677f,-8.9141f,-0.0905f,0.2617f,0.9842f,-5.2299f,0f,0f,0f,1f],start_interpolation: 0,interpolation_duration: 1}
$data merge entity $(right_knee) {transformation: [-3.0157f,0.2108f,0.3364f,-0.877f,0.3391f,0.0278f,3.0226f,-8.7422f,0.2064f,3.0343f,-0.0511f,-1.0266f,0f,0f,0f,1f],start_interpolation: 0,interpolation_duration: 1}
$data merge entity $(right_leg) {transformation: [-1.7033f,0.0625f,-0.2154f,-0.6997f,0.1915f,1.2631f,-1.1486f,-6.6929f,0.1166f,-1.1628f,-1.2593f,-2.8573f,0f,0f,0f,1f],start_interpolation: 0,interpolation_duration: 1}
$data merge entity $(weist) {transformation: [-1.6223f,0f,0f,0f,0f,1.3858f,0.8435f,-5.2217f,0f,0.8435f,-1.3858f,-2.0995f,0f,0f,0f,1f],start_interpolation: 0,interpolation_duration: 1}
data modify storage animated_java:temp entry.data merge value {"locators":{"consume":{"px":-2.5528622495,"py":-8.7699809933,"pz":-1.0535552603,"ry":338.6919299085,"rx":-0.4735317893}}}
# Data Manager: Prepare for Read / Write
execute store result storage animated_java:temp args.id int 1 run scoreboard players get @s aj.id
# Data Manager: Write
function animated_java:global/data_manager/write with storage animated_java:temp args