# This file was generated by Animated Java via MC-Build. It is not recommended to edit this file directly.
$data merge entity $(neck) {transformation: [-1f,0f,0f,0f,0f,-0.1357f,0.9907f,-4.4265f,0f,0.9907f,0.1357f,-0.368f,0f,0f,0f,1f],start_interpolation: 0,interpolation_duration: 1}
$data merge entity $(right_thumb_2) {transformation: [-0.8587f,0.3048f,-0.4121f,-2.4218f,0.3178f,0.9474f,0.0385f,-8.294f,0.4022f,-0.0979f,-0.9103f,-1.2293f,0f,0f,0f,1f],start_interpolation: 0,interpolation_duration: 1}
$data merge entity $(right_thumb) {transformation: [-0.8587f,0.3048f,-0.4121f,-2.4453f,0.3178f,0.9474f,0.0385f,-7.9426f,0.4022f,-0.0979f,-0.9103f,-1.1883f,0f,0f,0f,1f],start_interpolation: 0,interpolation_duration: 1}
$data merge entity $(right_fingers2) {transformation: [-0.7919f,-0.4506f,-0.4121f,-2.7023f,-0.5093f,0.8598f,0.0385f,-8.7383f,0.337f,0.2404f,-0.9103f,-1.1941f,0f,0f,0f,1f],start_interpolation: 0,interpolation_duration: 1}
$data merge entity $(right_fingers) {transformation: [-0.9058f,-0.0983f,-0.4121f,-2.7589f,-0.1251f,0.9914f,0.0385f,-8.459f,0.4048f,0.0864f,-0.9103f,-1.1648f,0f,0f,0f,1f],start_interpolation: 0,interpolation_duration: 1}
$data merge entity $(scout) {transformation: [0f,0f,0f,-2.6369f,0f,0f,0f,-8.4688f,0f,0f,0f,-1.3375f,0f,0f,0f,1f],start_interpolation: 0,interpolation_duration: 1}
$data merge entity $(right_hand) {transformation: [-0.8587f,0.3048f,-0.4121f,-2.5856f,0.3178f,0.9474f,0.0385f,-7.877f,0.4022f,-0.0979f,-0.9103f,-1.2671f,0f,0f,0f,1f],start_interpolation: 0,interpolation_duration: 1}
$data merge entity $(right_forearm) {transformation: [-1.2376f,0.4198f,0.4349f,-1.8861f,0.347f,1.3049f,-0.272f,-5.9363f,-0.4949f,-0.1348f,-1.2783f,-1.4961f,0f,0f,0f,1f],start_interpolation: 0,interpolation_duration: 1}
$data merge entity $(right_shoulder) {transformation: [-1.3572f,0.4902f,-0.2601f,-1.0065f,0.2541f,1.1599f,0.8602f,-4.601f,0.4933f,0.7511f,-1.1586f,-0.6425f,0f,0f,0f,1f],start_interpolation: 0,interpolation_duration: 1}
$data merge entity $(right_arm) {transformation: [-1f,0f,0f,-0.4425f,0f,0.393f,0.9195f,-4.4794f,0f,0.9195f,-0.393f,-0.3795f,0f,0f,0f,1f],start_interpolation: 0,interpolation_duration: 1}
$data merge entity $(left_thumb_2) {transformation: [-0.8587f,-0.3048f,0.4121f,2.4218f,-0.3178f,0.9474f,0.0385f,-8.294f,-0.4022f,-0.0979f,-0.9103f,-1.2293f,0f,0f,0f,1f],start_interpolation: 0,interpolation_duration: 1}
$data merge entity $(left_thumb) {transformation: [-0.8587f,-0.3048f,0.4121f,2.4453f,-0.3178f,0.9474f,0.0385f,-7.9426f,-0.4022f,-0.0979f,-0.9103f,-1.1883f,0f,0f,0f,1f],start_interpolation: 0,interpolation_duration: 1}
$data merge entity $(left_fingers2) {transformation: [-0.7919f,0.4506f,0.4121f,2.7023f,0.5093f,0.8598f,0.0385f,-8.7383f,-0.337f,0.2404f,-0.9103f,-1.1941f,0f,0f,0f,1f],start_interpolation: 0,interpolation_duration: 1}
$data merge entity $(left_fingers) {transformation: [-0.9058f,0.0983f,0.4121f,2.7589f,0.1251f,0.9914f,0.0385f,-8.459f,-0.4048f,0.0864f,-0.9103f,-1.1648f,0f,0f,0f,1f],start_interpolation: 0,interpolation_duration: 1}
$data merge entity $(left_hand) {transformation: [-0.8587f,-0.3048f,0.4121f,2.5856f,-0.3178f,0.9474f,0.0385f,-7.877f,-0.4022f,-0.0979f,-0.9103f,-1.2671f,0f,0f,0f,1f],start_interpolation: 0,interpolation_duration: 1}
$data merge entity $(left_forearm) {transformation: [-1.2376f,-0.4198f,-0.4349f,1.8861f,-0.347f,1.3049f,-0.272f,-5.9363f,0.4949f,-0.1348f,-1.2783f,-1.4961f,0f,0f,0f,1f],start_interpolation: 0,interpolation_duration: 1}
$data merge entity $(left_shoulder) {transformation: [-1.3572f,-0.4902f,0.2601f,1.0065f,-0.2541f,1.1599f,0.8602f,-4.601f,-0.4933f,0.7511f,-1.1586f,-0.6425f,0f,0f,0f,1f],start_interpolation: 0,interpolation_duration: 1}
$data merge entity $(left_arm) {transformation: [-1f,0f,0f,0.4426f,0f,0.393f,0.9195f,-4.4794f,0f,0.9195f,-0.393f,-0.3795f,0f,0f,0f,1f],start_interpolation: 0,interpolation_duration: 1}
$data merge entity $(chest) {transformation: [-1.2785f,0f,0f,0f,0f,0.5025f,1.1757f,-5.1573f,0f,1.1757f,-0.5025f,-2.0538f,0f,0f,0f,1f],start_interpolation: 0,interpolation_duration: 1}
$data merge entity $(left_cheek) {transformation: [-0.9967f,-0.0768f,-0.0247f,0.4323f,-0.0806f,0.9378f,0.3377f,-5.463f,-0.0028f,0.3386f,-0.9409f,-3.0106f,0f,0f,0f,1f],start_interpolation: 0,interpolation_duration: 1}
$data merge entity $(left_foot) {transformation: [-1.0164f,0.1101f,-0.0025f,1.0976f,-0.1092f,-1.0049f,0.1533f,-8.6782f,0.0141f,0.1527f,1.0108f,-5.4088f,0f,0f,0f,1f],start_interpolation: 0,interpolation_duration: 1}
$data merge entity $(left_knee) {transformation: [-3.0157f,-0.2237f,-0.328f,0.8611f,-0.3293f,0.0062f,3.0239f,-8.5365f,-0.2218f,3.0335f,-0.0303f,-1.2053f,0f,0f,0f,1f],start_interpolation: 0,interpolation_duration: 1}
$data merge entity $(left_leg) {transformation: [-1.7033f,-0.0525f,0.218f,0.6997f,-0.186f,1.2638f,-1.1488f,-6.486f,-0.1253f,-1.1626f,-1.2586f,-3.0361f,0f,0f,0f,1f],start_interpolation: 0,interpolation_duration: 1}
$data merge entity $(right_cheek) {transformation: [-0.9967f,0.0768f,0.0247f,-0.4323f,0.0806f,0.9378f,0.3377f,-5.463f,0.0028f,0.3386f,-0.9409f,-3.0106f,0f,0f,0f,1f],start_interpolation: 0,interpolation_duration: 1}
$data merge entity $(right_foot) {transformation: [-1.0169f,-0.082f,-0.0671f,-1.0976f,0.0624f,-0.9867f,0.2603f,-8.6782f,-0.0857f,0.2548f,0.9864f,-5.4088f,0f,0f,0f,1f],start_interpolation: 0,interpolation_duration: 1}
$data merge entity $(right_knee) {transformation: [-3.0157f,0.2237f,0.328f,-0.8611f,0.3293f,0.0062f,3.0239f,-8.5365f,0.2218f,3.0335f,-0.0303f,-1.2053f,0f,0f,0f,1f],start_interpolation: 0,interpolation_duration: 1}
$data merge entity $(right_leg) {transformation: [-1.7033f,0.0525f,-0.218f,-0.6997f,0.186f,1.2638f,-1.1488f,-6.486f,0.1253f,-1.1626f,-1.2586f,-3.0361f,0f,0f,0f,1f],start_interpolation: 0,interpolation_duration: 1}
$data merge entity $(weist) {transformation: [-1.6223f,0f,0f,0f,0f,1.3457f,0.9062f,-5.0511f,0f,0.9062f,-1.3457f,-2.2116f,0f,0f,0f,1f],start_interpolation: 0,interpolation_duration: 1}
data modify storage animated_java:temp entry.data merge value {"locators":{"consume":{"px":-2.6264922098,"py":-8.6355913097,"pz":-1.3069565207,"ry":335.6437200262,"rx":2.2069861802}}}
# Data Manager: Prepare for Read / Write
execute store result storage animated_java:temp args.id int 1 run scoreboard players get @s aj.id
# Data Manager: Write
function animated_java:global/data_manager/write with storage animated_java:temp args