# This file was generated by Animated Java via MC-Build. It is not recommended to edit this file directly.
$data merge entity $(neck) {transformation: [-1f,0f,0f,0f,0f,-0.2396f,0.9709f,-4.4048f,0f,0.9709f,0.2396f,-0.4209f,0f,0f,0f,1f],start_interpolation: 0,interpolation_duration: 1}
$data merge entity $(right_thumb_2) {transformation: [-0.8413f,0.3057f,-0.4458f,-2.4625f,0.3068f,0.9491f,0.0717f,-8.1892f,0.445f,-0.0765f,-0.8923f,-1.4208f,0f,0f,0f,1f],start_interpolation: 0,interpolation_duration: 1}
$data merge entity $(right_thumb) {transformation: [-0.8413f,0.3057f,-0.4458f,-2.4826f,0.3068f,0.9491f,0.0717f,-7.8394f,0.445f,-0.0765f,-0.8923f,-1.3668f,0f,0f,0f,1f],start_interpolation: 0,interpolation_duration: 1}
$data merge entity $(right_fingers2) {transformation: [-0.7547f,-0.4814f,-0.4458f,-2.7359f,-0.5662f,0.8212f,0.0717f,-8.6312f,0.3316f,0.3065f,-0.8923f,-1.3942f,0f,0f,0f,1f],start_interpolation: 0,interpolation_duration: 1}
$data merge entity $(right_fingers) {transformation: [-0.8874f,-0.1173f,-0.4458f,-2.7977f,-0.1661f,0.9835f,0.0717f,-8.3551f,0.43f,0.1377f,-0.8923f,-1.3494f,0f,0f,0f,1f],start_interpolation: 0,interpolation_duration: 1}
$data merge entity $(scout) {transformation: [0f,0f,0f,-2.6824f,0f,0f,0f,-8.3593f,0f,0f,0f,-1.5268f,0f,0f,0f,1f],start_interpolation: 0,interpolation_duration: 1}
$data merge entity $(right_hand) {transformation: [-0.8413f,0.3057f,-0.4458f,-2.6254f,0.3068f,0.9491f,0.0717f,-7.7705f,0.445f,-0.0765f,-0.8923f,-1.438f,0f,0f,0f,1f],start_interpolation: 0,interpolation_duration: 1}
$data merge entity $(right_forearm) {transformation: [-1.2536f,0.421f,0.3852f,-1.9252f,0.3687f,1.3072f,-0.229f,-5.8256f,-0.4356f,-0.1053f,-1.3024f,-1.6259f,0f,0f,0f,1f],start_interpolation: 0,interpolation_duration: 1}
$data merge entity $(right_shoulder) {transformation: [-1.3387f,0.5246f,-0.287f,-1.0065f,0.2277f,1.0978f,0.9449f,-4.5635f,0.553f,0.8182f,-1.0838f,-0.7049f,0f,0f,0f,1f],start_interpolation: 0,interpolation_duration: 1}
$data merge entity $(right_arm) {transformation: [-1f,0f,0f,-0.4425f,0f,0.3404f,0.9403f,-4.4569f,0f,0.9403f,-0.3404f,-0.4354f,0f,0f,0f,1f],start_interpolation: 0,interpolation_duration: 1}
$data merge entity $(left_thumb_2) {transformation: [-0.8413f,-0.3057f,0.4458f,2.4625f,-0.3068f,0.9491f,0.0717f,-8.1892f,-0.445f,-0.0765f,-0.8923f,-1.4208f,0f,0f,0f,1f],start_interpolation: 0,interpolation_duration: 1}
$data merge entity $(left_thumb) {transformation: [-0.8413f,-0.3057f,0.4458f,2.4826f,-0.3068f,0.9491f,0.0717f,-7.8394f,-0.445f,-0.0765f,-0.8923f,-1.3668f,0f,0f,0f,1f],start_interpolation: 0,interpolation_duration: 1}
$data merge entity $(left_fingers2) {transformation: [-0.7547f,0.4814f,0.4458f,2.7359f,0.5662f,0.8212f,0.0717f,-8.6312f,-0.3316f,0.3065f,-0.8923f,-1.3942f,0f,0f,0f,1f],start_interpolation: 0,interpolation_duration: 1}
$data merge entity $(left_fingers) {transformation: [-0.8874f,0.1173f,0.4458f,2.7977f,0.1661f,0.9835f,0.0717f,-8.3551f,-0.43f,0.1377f,-0.8923f,-1.3494f,0f,0f,0f,1f],start_interpolation: 0,interpolation_duration: 1}
$data merge entity $(left_hand) {transformation: [-0.8413f,-0.3057f,0.4458f,2.6254f,-0.3068f,0.9491f,0.0717f,-7.7705f,-0.445f,-0.0765f,-0.8923f,-1.438f,0f,0f,0f,1f],start_interpolation: 0,interpolation_duration: 1}
$data merge entity $(left_forearm) {transformation: [-1.2536f,-0.421f,-0.3852f,1.9252f,-0.3687f,1.3072f,-0.229f,-5.8256f,0.4356f,-0.1053f,-1.3024f,-1.6259f,0f,0f,0f,1f],start_interpolation: 0,interpolation_duration: 1}
$data merge entity $(left_shoulder) {transformation: [-1.3387f,-0.5246f,0.287f,1.0065f,-0.2277f,1.0978f,0.9449f,-4.5635f,-0.553f,0.8182f,-1.0838f,-0.7049f,0f,0f,0f,1f],start_interpolation: 0,interpolation_duration: 1}
$data merge entity $(left_arm) {transformation: [-1f,0f,0f,0.4426f,0f,0.3404f,0.9403f,-4.4569f,0f,0.9403f,-0.3404f,-0.4354f,0f,0f,0f,1f],start_interpolation: 0,interpolation_duration: 1}
$data merge entity $(chest) {transformation: [-1.2785f,0f,0f,0f,0f,0.4352f,1.2022f,-5.0391f,0f,1.2022f,-0.4352f,-2.1453f,0f,0f,0f,1f],start_interpolation: 0,interpolation_duration: 1}
$data merge entity $(left_cheek) {transformation: [-0.9969f,-0.0747f,-0.0257f,0.431f,-0.079f,0.9298f,0.3596f,-5.2897f,-0.003f,0.3605f,-0.9327f,-3.1185f,0f,0f,0f,1f],start_interpolation: 0,interpolation_duration: 1}
$data merge entity $(left_foot) {transformation: [-1.0167f,0.1073f,-0.0054f,1.0983f,-0.107f,-1.0061f,0.147f,-8.4832f,0.0101f,0.1468f,1.0117f,-5.5483f,0f,0f,0f,1f],start_interpolation: 0,interpolation_duration: 1}
$data merge entity $(left_knee) {transformation: [-3.0157f,-0.2336f,-0.321f,0.8484f,-0.321f,-0.0124f,3.0247f,-8.3674f,-0.2336f,3.0327f,-0.0124f,-1.3447f,0f,0f,0f,1f],start_interpolation: 0,interpolation_duration: 1}
$data merge entity $(left_leg) {transformation: [-1.7033f,-0.0446f,0.2198f,0.6997f,-0.1813f,1.2643f,-1.149f,-6.3159f,-0.1319f,-1.1624f,-1.2581f,-3.1755f,0f,0f,0f,1f],start_interpolation: 0,interpolation_duration: 1}
$data merge entity $(right_cheek) {transformation: [-0.9969f,0.0747f,0.0257f,-0.431f,0.079f,0.9298f,0.3596f,-5.2897f,0.003f,0.3605f,-0.9327f,-3.1185f,0f,0f,0f,1f],start_interpolation: 0,interpolation_duration: 1}
$data merge entity $(right_foot) {transformation: [-1.0173f,-0.079f,-0.0645f,-1.0983f,0.0606f,-0.9885f,0.254f,-8.4832f,-0.082f,0.2489f,0.9882f,-5.5483f,0f,0f,0f,1f],start_interpolation: 0,interpolation_duration: 1}
$data merge entity $(right_knee) {transformation: [-3.0157f,0.2336f,0.321f,-0.8484f,0.321f,-0.0124f,3.0247f,-8.3674f,0.2336f,3.0327f,-0.0124f,-1.3447f,0f,0f,0f,1f],start_interpolation: 0,interpolation_duration: 1}
$data merge entity $(right_leg) {transformation: [-1.7033f,0.0446f,-0.2198f,-0.6997f,0.1813f,1.2643f,-1.149f,-6.3159f,0.1319f,-1.1624f,-1.2581f,-3.1755f,0f,0f,0f,1f],start_interpolation: 0,interpolation_duration: 1}
$data merge entity $(weist) {transformation: [-1.6223f,0f,0f,0f,0f,1.3118f,0.9545f,-4.9119f,0f,0.9545f,-1.3118f,-2.2994f,0f,0f,0f,1f],start_interpolation: 0,interpolation_duration: 1}
data modify storage animated_java:temp entry.data merge value {"locators":{"consume":{"px":-2.6716375396,"py":-8.5270872625,"pz":-1.5024640301,"ry":333.451983684,"rx":4.1115474289}}}
# Data Manager: Prepare for Read / Write
execute store result storage animated_java:temp args.id int 1 run scoreboard players get @s aj.id
# Data Manager: Write
function animated_java:global/data_manager/write with storage animated_java:temp args