# This file was generated by Animated Java via MC-Build. It is not recommended to edit this file directly.
$data merge entity $(neck) {transformation: [-1f,0f,0f,0f,0f,-0.3401f,0.9404f,-4.2265f,0f,0.9404f,0.3401f,-0.5042f,0f,0f,0f,1f],start_interpolation: 0,interpolation_duration: 1}
$data merge entity $(right_thumb_2) {transformation: [-0.8322f,0.3043f,-0.4635f,-2.4763f,0.2942f,0.9509f,0.096f,-7.9349f,0.4699f,-0.0565f,-0.8809f,-1.633f,0f,0f,0f,1f],start_interpolation: 0,interpolation_duration: 1}
$data merge entity $(right_thumb) {transformation: [-0.8322f,0.3043f,-0.4635f,-2.4952f,0.2942f,0.9509f,0.096f,-7.5867f,0.4699f,-0.0565f,-0.8809f,-1.5691f,0f,0f,0f,1f],start_interpolation: 0,interpolation_duration: 1}
$data merge entity $(right_fingers2) {transformation: [-0.7161f,-0.522f,-0.4635f,-2.7407f,-0.6261f,0.7738f,0.096f,-8.3747f,0.3085f,0.3589f,-0.8809f,-1.6173f,0f,0f,0f,1f],start_interpolation: 0,interpolation_duration: 1}
$data merge entity $(right_fingers) {transformation: [-0.8742f,-0.1448f,-0.4635f,-2.81f,-0.212f,0.9725f,0.096f,-8.1028f,0.4368f,0.1822f,-0.8809f,-1.5595f,0f,0f,0f,1f],start_interpolation: 0,interpolation_duration: 1}
$data merge entity $(scout) {transformation: [0f,0f,0f,-2.6983f,0f,0f,0f,-8.1021f,0f,0f,0f,-1.7393f,0f,0f,0f,1f],start_interpolation: 0,interpolation_duration: 1}
$data merge entity $(right_hand) {transformation: [-0.8322f,0.3043f,-0.4635f,-2.6394f,0.2942f,0.9509f,0.096f,-7.516f,0.4699f,-0.0565f,-0.8809f,-1.6355f,0f,0f,0f,1f],start_interpolation: 0,interpolation_duration: 1}
$data merge entity $(right_forearm) {transformation: [-1.2619f,0.4191f,0.3592f,-1.9427f,0.38f,1.3097f,-0.1931f,-5.5664f,-0.4003f,-0.0778f,-1.3156f,-1.7839f,0f,0f,0f,1f],start_interpolation: 0,interpolation_duration: 1}
$data merge entity $(right_shoulder) {transformation: [-1.3301f,0.5401f,-0.2983f,-1.0065f,0.1956f,1.0413f,1.0135f,-4.3688f,0.5852f,0.8796f,-1.0167f,-0.7967f,0f,0f,0f,1f],start_interpolation: 0,interpolation_duration: 1}
$data merge entity $(right_arm) {transformation: [-1f,0f,0f,-0.4425f,0f,0.2866f,0.9581f,-4.2777f,0f,0.9581f,-0.2866f,-0.5216f,0f,0f,0f,1f],start_interpolation: 0,interpolation_duration: 1}
$data merge entity $(left_thumb_2) {transformation: [-0.8322f,-0.3043f,0.4635f,2.4763f,-0.2942f,0.9509f,0.096f,-7.9349f,-0.4699f,-0.0565f,-0.8809f,-1.633f,0f,0f,0f,1f],start_interpolation: 0,interpolation_duration: 1}
$data merge entity $(left_thumb) {transformation: [-0.8322f,-0.3043f,0.4635f,2.4952f,-0.2942f,0.9509f,0.096f,-7.5867f,-0.4699f,-0.0565f,-0.8809f,-1.5691f,0f,0f,0f,1f],start_interpolation: 0,interpolation_duration: 1}
$data merge entity $(left_fingers2) {transformation: [-0.7315f,0.5001f,0.4635f,2.7444f,0.6025f,0.7923f,0.096f,-8.376f,-0.3192f,0.3494f,-0.8809f,-1.6155f,0f,0f,0f,1f],start_interpolation: 0,interpolation_duration: 1}
$data merge entity $(left_fingers) {transformation: [-0.8763f,0.1314f,0.4635f,2.81f,0.1971f,0.9757f,0.096f,-8.1028f,-0.4396f,0.1754f,-0.8809f,-1.5595f,0f,0f,0f,1f],start_interpolation: 0,interpolation_duration: 1}
$data merge entity $(left_hand) {transformation: [-0.8322f,-0.3043f,0.4635f,2.6394f,-0.2942f,0.9509f,0.096f,-7.516f,-0.4699f,-0.0565f,-0.8809f,-1.6355f,0f,0f,0f,1f],start_interpolation: 0,interpolation_duration: 1}
$data merge entity $(left_forearm) {transformation: [-1.2619f,-0.4191f,-0.3592f,1.9427f,-0.38f,1.3097f,-0.1931f,-5.5664f,0.4003f,-0.0778f,-1.3156f,-1.7839f,0f,0f,0f,1f],start_interpolation: 0,interpolation_duration: 1}
$data merge entity $(left_shoulder) {transformation: [-1.3301f,-0.5401f,0.2983f,1.0065f,-0.1956f,1.0413f,1.0135f,-4.3688f,-0.5852f,0.8796f,-1.0167f,-0.7967f,0f,0f,0f,1f],start_interpolation: 0,interpolation_duration: 1}
$data merge entity $(left_arm) {transformation: [-1f,0f,0f,0.4426f,0f,0.2866f,0.9581f,-4.2777f,0f,0.9581f,-0.2866f,-0.5216f,0f,0f,0f,1f],start_interpolation: 0,interpolation_duration: 1}
$data merge entity $(chest) {transformation: [-1.2785f,0f,0f,0f,0f,0.3664f,1.2249f,-4.7621f,0f,1.2249f,-0.3664f,-2.2618f,0f,0f,0f,1f],start_interpolation: 0,interpolation_duration: 1}
$data merge entity $(left_cheek) {transformation: [-0.9971f,-0.0735f,-0.0212f,0.4337f,-0.0762f,0.9299f,0.36f,-4.9592f,-0.0067f,0.3605f,-0.9327f,-3.2804f,0f,0f,0f,1f],start_interpolation: 0,interpolation_duration: 1}
$data merge entity $(left_foot) {transformation: [-1.017f,0.1046f,-0.0081f,1.0979f,-0.1047f,-1.0074f,0.1394f,-8.1235f,0.0063f,0.1395f,1.0128f,-5.7095f,0f,0f,0f,1f],start_interpolation: 0,interpolation_duration: 1}
$data merge entity $(left_knee) {transformation: [-3.0157f,-0.2427f,-0.3142f,0.8358f,-0.3125f,-0.0345f,3.0254f,-8.0386f,-0.2449f,3.0318f,0.0093f,-1.506f,0f,0f,0f,1f],start_interpolation: 0,interpolation_duration: 1}
$data merge entity $(left_leg) {transformation: [-1.7033f,-0.0367f,0.2212f,0.6997f,-0.1765f,1.2647f,-1.1492f,-5.9861f,-0.1383f,-1.1621f,-1.2577f,-3.3367f,0f,0f,0f,1f],start_interpolation: 0,interpolation_duration: 1}
$data merge entity $(right_cheek) {transformation: [-0.9971f,0.0735f,0.0212f,-0.4337f,0.0762f,0.9299f,0.36f,-4.9592f,0.0067f,0.3605f,-0.9327f,-3.2804f,0f,0f,0f,1f],start_interpolation: 0,interpolation_duration: 1}
$data merge entity $(right_foot) {transformation: [-1.0176f,-0.076f,-0.0621f,-1.0979f,0.059f,-0.9905f,0.2464f,-8.1235f,-0.0785f,0.2417f,0.9903f,-5.7095f,0f,0f,0f,1f],start_interpolation: 0,interpolation_duration: 1}
$data merge entity $(right_knee) {transformation: [-3.0157f,0.2427f,0.3142f,-0.8358f,0.3125f,-0.0345f,3.0254f,-8.0386f,0.2449f,3.0318f,0.0093f,-1.506f,0f,0f,0f,1f],start_interpolation: 0,interpolation_duration: 1}
$data merge entity $(right_leg) {transformation: [-1.7033f,0.0367f,-0.2212f,-0.6997f,0.1765f,1.2647f,-1.1492f,-5.9861f,0.1383f,-1.1621f,-1.2577f,-3.3367f,0f,0f,0f,1f],start_interpolation: 0,interpolation_duration: 1}
$data merge entity $(weist) {transformation: [-1.6223f,0f,0f,0f,0f,1.2768f,1.0009f,-4.6144f,0f,1.0009f,-1.2768f,-2.4109f,0f,0f,0f,1f],start_interpolation: 0,interpolation_duration: 1}
data modify storage animated_java:temp entry.data merge value {"locators":{"consume":{"px":-2.6870652895,"py":-8.2704987096,"pz":-1.7197948461,"ry":332.2508477391,"rx":5.5076804378}}}
# Data Manager: Prepare for Read / Write
execute store result storage animated_java:temp args.id int 1 run scoreboard players get @s aj.id
# Data Manager: Write
function animated_java:global/data_manager/write with storage animated_java:temp args