# This file was generated by Animated Java via MC-Build. It is not recommended to edit this file directly.
$data merge entity $(neck) {transformation: [-1f,0f,0f,0f,0f,0.9323f,-0.3616f,-5.1482f,0f,-0.3616f,-0.9323f,0.3258f,0f,0f,0f,1f],start_interpolation: 0,interpolation_duration: 1}
$data merge entity $(right_thumb_2) {transformation: [-0.8291f,0.1609f,-0.5354f,-2.2093f,0.5397f,0.4803f,-0.6914f,-8.0501f,0.1458f,-0.8622f,-0.4851f,2.8741f,0f,0f,0f,1f],start_interpolation: 0,interpolation_duration: 1}
$data merge entity $(right_thumb) {transformation: [-0.8291f,0.1142f,-0.5473f,-2.2878f,0.5397f,0.4189f,-0.7302f,-7.825f,0.1458f,-0.9008f,-0.409f,2.6117f,0f,0f,0f,1f],start_interpolation: 0,interpolation_duration: 1}
$data merge entity $(right_fingers2) {transformation: [-0.8323f,-0.1355f,-0.5375f,-2.5032f,0.3487f,0.6258f,-0.6977f,-8.2635f,0.4309f,-0.7681f,-0.4736f,3.332f,0f,0f,0f,1f],start_interpolation: 0,interpolation_duration: 1}
$data merge entity $(right_fingers) {transformation: [-0.8425f,0.0372f,-0.5375f,-2.5203f,0.4691f,0.5414f,-0.6977f,-8.1011f,0.265f,-0.8399f,-0.4736f,3.0967f,0f,0f,0f,1f],start_interpolation: 0,interpolation_duration: 1}
$data merge entity $(scout) {transformation: [0f,0f,0f,-2.4238f,0f,0f,0f,-8.25f,0f,0f,0f,2.9814f,0f,0f,0f,1f],start_interpolation: 0,interpolation_duration: 1}
$data merge entity $(right_hand) {transformation: [-0.8291f,0.1538f,-0.5375f,-2.4455f,0.5397f,0.4711f,-0.6977f,-7.8453f,0.1458f,-0.8686f,-0.4736f,2.5415f,0f,0f,0f,1f],start_interpolation: 0,interpolation_duration: 1}
$data merge entity $(right_forearm) {transformation: [-1.3067f,0.2119f,0.3803f,-2.0582f,-0.2414f,0.6488f,-1.1908f,-6.9015f,-0.3623f,-1.1964f,-0.5784f,0.7339f,0f,0f,0f,1f],start_interpolation: 0,interpolation_duration: 1}
$data merge entity $(right_shoulder) {transformation: [-1.3169f,0.6444f,-0.02f,-1.0065f,0.6311f,1.2794f,-0.3385f,-5.458f,-0.1313f,-0.3126f,-1.4265f,0.4251f,0f,0f,0f,1f],start_interpolation: 0,interpolation_duration: 1}
$data merge entity $(right_arm) {transformation: [-1f,0f,0f,-0.4425f,0f,0.9891f,-0.1475f,-5.1727f,0f,-0.1475f,-0.9891f,0.374f,0f,0f,0f,1f],start_interpolation: 0,interpolation_duration: 1}
$data merge entity $(left_thumb_2) {transformation: [-0.8564f,-0.2304f,0.4619f,2.3631f,-0.4876f,0.6549f,-0.5773f,-8.5254f,-0.1695f,-0.7197f,-0.6733f,2.1322f,0f,0f,0f,1f],start_interpolation: 0,interpolation_duration: 1}
$data merge entity $(left_thumb) {transformation: [-0.8564f,-0.1898f,0.4801f,2.4222f,-0.4876f,0.6028f,-0.6316f,-8.2503f,-0.1695f,-0.775f,-0.6088f,1.9166f,0f,0f,0f,1f],start_interpolation: 0,interpolation_duration: 1}
$data merge entity $(left_fingers2) {transformation: [-0.8818f,0.0785f,0.465f,2.6941f,-0.2401f,0.7739f,-0.586f,-8.8346f,-0.4058f,-0.6284f,-0.6636f,2.5016f,0f,0f,0f,1f],start_interpolation: 0,interpolation_duration: 1}
$data merge entity $(left_fingers) {transformation: [-0.8793f,-0.1032f,0.465f,2.6929f,-0.393f,0.7086f,-0.586f,-8.6259f,-0.269f,-0.698f,-0.6636f,2.3054f,0f,0f,0f,1f],start_interpolation: 0,interpolation_duration: 1}
$data merge entity $(left_hand) {transformation: [-0.8564f,-0.2243f,0.465f,2.5715f,-0.4876f,0.6472f,-0.586f,-8.2567f,-0.1695f,-0.7286f,-0.6636f,1.8277f,0f,0f,0f,1f],start_interpolation: 0,interpolation_duration: 1}
$data merge entity $(left_forearm) {transformation: [-1.2558f,-0.3089f,-0.4741f,2.0367f,0.1718f,0.8914f,-1.0359f,-6.9448f,0.5391f,-1.0035f,-0.7742f,0.3107f,0f,0f,0f,1f],start_interpolation: 0,interpolation_duration: 1}
$data merge entity $(left_shoulder) {transformation: [-1.3169f,-0.6308f,-0.133f,1.0065f,-0.6311f,1.3232f,-0.0263f,-5.458f,0.1313f,0.0336f,-1.46f,0.4251f,0f,0f,0f,1f],start_interpolation: 0,interpolation_duration: 1}
$data merge entity $(left_arm) {transformation: [-1f,0f,0f,0.4426f,0f,0.9891f,-0.1475f,-5.1727f,0f,-0.1475f,-0.9891f,0.374f,0f,0f,0f,1f],start_interpolation: 0,interpolation_duration: 1}
$data merge entity $(chest) {transformation: [-1.2785f,0f,0f,0f,0f,1.2646f,-0.1885f,-6.964f,0f,-0.1885f,-1.2646f,0.6061f,0f,0f,0f,1f],start_interpolation: 0,interpolation_duration: 1}
$data merge entity $(left_cheek) {transformation: [-0.9977f,-0.0622f,-0.0276f,0.4102f,-0.0625f,0.998f,0.012f,-7.6699f,0.0268f,0.0137f,-0.9995f,0.134f,0f,0f,0f,1f],start_interpolation: 0,interpolation_duration: 1}
$data merge entity $(left_foot) {transformation: [-1.019f,-0.0389f,-0.0732f,1.4675f,-0.036f,1.0209f,-0.0422f,-15.7231f,0.0747f,-0.0395f,-1.0189f,0.8427f,0f,0f,0f,1f],start_interpolation: 0,interpolation_duration: 1}
$data merge entity $(left_knee) {transformation: [-3.0176f,-0.3494f,-0.1551f,1.0641f,-0.3368f,3.0137f,-0.2378f,-11.5522f,0.181f,-0.2187f,-3.0285f,0.4108f,0f,0f,0f,1f],start_interpolation: 0,interpolation_duration: 1}
$data merge entity $(left_leg) {transformation: [-1.7043f,-0.1829f,-0.1147f,0.7035f,-0.1902f,1.7039f,0.1086f,-8.8334f,0.1022f,0.1205f,-1.7107f,0.6582f,0f,0f,0f,1f],start_interpolation: 0,interpolation_duration: 1}
$data merge entity $(right_cheek) {transformation: [-0.9978f,0.0588f,-0.0296f,-0.4312f,0.0586f,0.9982f,0.0101f,-7.6746f,0.0301f,0.0084f,-0.9995f,0.1553f,0f,0f,0f,1f],start_interpolation: 0,interpolation_duration: 1}
$data merge entity $(right_foot) {transformation: [-1.0218f,0.0343f,0.0026f,-1.4243f,0.0341f,1.0203f,-0.0547f,-15.7196f,-0.0045f,-0.0546f,-1.0209f,1.1538f,0f,0f,0f,1f],start_interpolation: 0,interpolation_duration: 1}
$data merge entity $(right_knee) {transformation: [-3.024f,0.3256f,-0.0355f,-1.0619f,0.3276f,3.0075f,-0.316f,-11.5607f,0.0013f,-0.318f,-3.0251f,0.5899f,0f,0f,0f,1f],start_interpolation: 0,interpolation_duration: 1}
$data merge entity $(right_leg) {transformation: [-1.708f,0.185f,0.0026f,-0.6945f,0.185f,1.7077f,0.0305f,-8.8334f,0.0007f,0.0306f,-1.7177f,0.6892f,0f,0f,0f,1f],start_interpolation: 0,interpolation_duration: 1}
$data merge entity $(weist) {transformation: [-1.6218f,0f,-0.043f,0f,0f,1.6223f,0f,-7.1827f,0.043f,0f,-1.6218f,0.5655f,0f,0f,0f,1f],start_interpolation: 0,interpolation_duration: 1}
data modify storage animated_java:temp entry.data merge value {"locators":{"consume":{"px":-2.3861545964,"py":-8.3243152924,"pz":3.1294947337,"ry":311.3845292687,"rx":-44.2456344742}}}
# Data Manager: Prepare for Read / Write
execute store result storage animated_java:temp args.id int 1 run scoreboard players get @s aj.id
# Data Manager: Write
function animated_java:global/data_manager/write with storage animated_java:temp args