# This file was generated by Animated Java via MC-Build. It is not recommended to edit this file directly.
$data merge entity $(neck) {transformation: [-1f,0f,0f,0f,0f,-0.4581f,0.8889f,-4.1536f,0f,0.8889f,0.4581f,-0.425f,0f,0f,0f,1f],start_interpolation: 0,interpolation_duration: 1}
$data merge entity $(right_thumb_2) {transformation: [-0.8217f,0.3106f,-0.4777f,-2.5071f,0.2807f,0.9502f,0.135f,-7.7519f,0.4959f,-0.0232f,-0.8681f,-1.7364f,0f,0f,0f,1f],start_interpolation: 0,interpolation_duration: 1}
$data merge entity $(right_thumb) {transformation: [-0.8217f,0.3106f,-0.4777f,-2.5223f,0.2807f,0.9502f,0.135f,-7.4065f,0.4959f,-0.0232f,-0.8681f,-1.6581f,0f,0f,0f,1f],start_interpolation: 0,interpolation_duration: 1}
$data merge entity $(right_fingers2) {transformation: [-0.6578f,-0.5823f,-0.4777f,-2.7604f,-0.7099f,0.6913f,0.135f,-8.1843f,0.2516f,0.4279f,-0.8681f,-1.7409f,0f,0f,0f,1f],start_interpolation: 0,interpolation_duration: 1}
$data merge entity $(right_fingers) {transformation: [-0.8588f,-0.1851f,-0.4777f,-2.8408f,-0.2799f,0.9505f,0.135f,-7.9203f,0.4291f,0.2497f,-0.8681f,-1.664f,0f,0f,0f,1f],start_interpolation: 0,interpolation_duration: 1}
$data merge entity $(scout) {transformation: [0f,0f,0f,-2.7322f,0f,0f,0f,-7.9131f,0f,0f,0f,-1.8455f,0f,0f,0f,1f],start_interpolation: 0,interpolation_duration: 1}
$data merge entity $(right_hand) {transformation: [-0.8217f,0.3106f,-0.4777f,-2.667f,0.2807f,0.9502f,0.135f,-7.3321f,0.4959f,-0.0232f,-0.8681f,-1.7191f,0f,0f,0f,1f],start_interpolation: 0,interpolation_duration: 1}
$data merge entity $(right_forearm) {transformation: [-1.2656f,0.4279f,0.335f,-1.9579f,0.4049f,1.3088f,-0.142f,-5.3831f,-0.3625f,-0.032f,-1.3284f,-1.8005f,0f,0f,0f,1f],start_interpolation: 0,interpolation_duration: 1}
$data merge entity $(right_shoulder) {transformation: [-1.324f,0.5535f,-0.301f,-1.0065f,0.1535f,0.9628f,1.0951f,-4.2754f,0.6111f,0.9573f,-0.9274f,-0.7267f,0f,0f,0f,1f],start_interpolation: 0,interpolation_duration: 1}
$data merge entity $(right_arm) {transformation: [-1f,0f,0f,-0.4425f,0f,0.2198f,0.9755f,-4.2034f,0f,0.9755f,-0.2198f,-0.4459f,0f,0f,0f,1f],start_interpolation: 0,interpolation_duration: 1}
$data merge entity $(left_thumb_2) {transformation: [-0.8217f,-0.3106f,0.4777f,2.5071f,-0.2807f,0.9502f,0.135f,-7.7519f,-0.4959f,-0.0232f,-0.8681f,-1.7364f,0f,0f,0f,1f],start_interpolation: 0,interpolation_duration: 1}
$data merge entity $(left_thumb) {transformation: [-0.8217f,-0.3106f,0.4777f,2.5223f,-0.2807f,0.9502f,0.135f,-7.4065f,-0.4959f,-0.0232f,-0.8681f,-1.6581f,0f,0f,0f,1f],start_interpolation: 0,interpolation_duration: 1}
$data merge entity $(left_fingers2) {transformation: [-0.6958f,0.5363f,0.4777f,2.7689f,0.6614f,0.7378f,0.135f,-8.1879f,-0.2801f,0.4099f,-0.8681f,-1.7367f,0f,0f,0f,1f],start_interpolation: 0,interpolation_duration: 1}
$data merge entity $(left_fingers) {transformation: [-0.8648f,0.1544f,0.4777f,2.8408f,0.246f,0.9598f,0.135f,-7.9203f,-0.4377f,0.2342f,-0.8681f,-1.664f,0f,0f,0f,1f],start_interpolation: 0,interpolation_duration: 1}
$data merge entity $(left_hand) {transformation: [-0.8217f,-0.3106f,0.4777f,2.667f,-0.2807f,0.9502f,0.135f,-7.3321f,-0.4959f,-0.0232f,-0.8681f,-1.7191f,0f,0f,0f,1f],start_interpolation: 0,interpolation_duration: 1}
$data merge entity $(left_forearm) {transformation: [-1.2656f,-0.4279f,-0.335f,1.9579f,-0.4049f,1.3088f,-0.142f,-5.3831f,0.3625f,-0.032f,-1.3284f,-1.8005f,0f,0f,0f,1f],start_interpolation: 0,interpolation_duration: 1}
$data merge entity $(left_shoulder) {transformation: [-1.324f,-0.5535f,0.301f,1.0065f,-0.1535f,0.9628f,1.0951f,-4.2754f,-0.6111f,0.9573f,-0.9274f,-0.7267f,0f,0f,0f,1f],start_interpolation: 0,interpolation_duration: 1}
$data merge entity $(left_arm) {transformation: [-1f,0f,0f,0.4426f,0f,0.2198f,0.9755f,-4.2034f,0f,0.9755f,-0.2198f,-0.4459f,0f,0f,0f,1f],start_interpolation: 0,interpolation_duration: 1}
$data merge entity $(chest) {transformation: [-1.2785f,0f,0f,0f,0f,0.2811f,1.2473f,-4.5667f,0f,1.2473f,-0.2811f,-2.2154f,0f,0f,0f,1f],start_interpolation: 0,interpolation_duration: 1}
$data merge entity $(left_cheek) {transformation: [-0.9973f,-0.0717f,-0.0157f,0.4372f,-0.0725f,0.93f,0.3604f,-4.6956f,-0.0112f,0.3606f,-0.9327f,-3.2866f,0f,0f,0f,1f],start_interpolation: 0,interpolation_duration: 1}
$data merge entity $(left_foot) {transformation: [-1.0172f,0.1017f,-0.0109f,1.095f,-0.1022f,-1.0095f,0.1252f,-7.8037f,0.0017f,0.1257f,1.0146f,-5.7151f,0f,0f,0f,1f],start_interpolation: 0,interpolation_duration: 1}
$data merge entity $(left_knee) {transformation: [-3.0157f,-0.2521f,-0.3067f,0.8201f,-0.3013f,-0.0764f,3.0258f,-7.7771f,-0.2585f,3.0303f,0.0508f,-1.5116f,0f,0f,0f,1f],start_interpolation: 0,interpolation_duration: 1}
$data merge entity $(left_leg) {transformation: [-1.7033f,-0.0268f,0.2226f,0.6997f,-0.1702f,1.2653f,-1.1496f,-5.7234f,-0.146f,-1.1618f,-1.2571f,-3.3421f,0f,0f,0f,1f],start_interpolation: 0,interpolation_duration: 1}
$data merge entity $(right_cheek) {transformation: [-0.9973f,0.0717f,0.0157f,-0.4372f,0.0725f,0.93f,0.3604f,-4.6956f,0.0112f,0.3606f,-0.9327f,-3.2866f,0f,0f,0f,1f],start_interpolation: 0,interpolation_duration: 1}
$data merge entity $(right_foot) {transformation: [-1.018f,-0.0728f,-0.0597f,-1.095f,0.0575f,-0.994f,0.2323f,-7.8037f,-0.0746f,0.228f,0.9938f,-5.7151f,0f,0f,0f,1f],start_interpolation: 0,interpolation_duration: 1}
$data merge entity $(right_knee) {transformation: [-3.0157f,0.2521f,0.3067f,-0.8201f,0.3013f,-0.0764f,3.0258f,-7.7771f,0.2585f,3.0303f,0.0508f,-1.5116f,0f,0f,0f,1f],start_interpolation: 0,interpolation_duration: 1}
$data merge entity $(right_leg) {transformation: [-1.7033f,0.0268f,-0.2226f,-0.6997f,0.1702f,1.2653f,-1.1496f,-5.7234f,0.146f,-1.1618f,-1.2571f,-3.3421f,0f,0f,0f,1f],start_interpolation: 0,interpolation_duration: 1}
$data merge entity $(weist) {transformation: [-1.6223f,0f,0f,0f,0f,1.2314f,1.0563f,-4.394f,0f,1.0563f,-1.2314f,-2.3566f,0f,0f,0f,1f],start_interpolation: 0,interpolation_duration: 1}
data modify storage animated_java:temp entry.data merge value {"locators":{"consume":{"px":-2.7219783725,"py":-8.082246474,"pz":-1.8330153166,"ry":331.1736372664,"rx":7.7572944247}}}
# Data Manager: Prepare for Read / Write
execute store result storage animated_java:temp args.id int 1 run scoreboard players get @s aj.id
# Data Manager: Write
function animated_java:global/data_manager/write with storage animated_java:temp args