# This file was generated by Animated Java via MC-Build. It is not recommended to edit this file directly.
$data merge entity $(neck) {transformation: [-1f,0f,0f,0f,0f,-0.4876f,0.8731f,-4.1567f,0f,0.8731f,0.4876f,-0.4273f,0f,0f,0f,1f],start_interpolation: 0,interpolation_duration: 1}
$data merge entity $(right_thumb_2) {transformation: [-0.8193f,0.3172f,-0.4777f,-2.5237f,0.2791f,0.9483f,0.1511f,-7.7188f,0.501f,-0.0095f,-0.8654f,-1.8029f,0f,0f,0f,1f],start_interpolation: 0,interpolation_duration: 1}
$data merge entity $(right_thumb) {transformation: [-0.8193f,0.3172f,-0.4777f,-2.5364f,0.2791f,0.9483f,0.1511f,-7.3745f,0.501f,-0.0095f,-0.8654f,-1.7195f,0f,0f,0f,1f],start_interpolation: 0,interpolation_duration: 1}
$data merge entity $(right_fingers2) {transformation: [-0.638f,-0.604f,-0.4777f,-2.7742f,-0.7369f,0.6589f,0.1511f,-8.1467f,0.2235f,0.4484f,-0.8654f,-1.8161f,0f,0f,0f,1f],start_interpolation: 0,interpolation_duration: 1}
$data merge entity $(right_fingers) {transformation: [-0.8557f,-0.1988f,-0.4777f,-2.8585f,-0.3029f,0.941f,0.1511f,-7.886f,0.4195f,0.274f,-0.8654f,-1.7326f,0f,0f,0f,1f],start_interpolation: 0,interpolation_duration: 1}
$data merge entity $(scout) {transformation: [0f,0f,0f,-2.75f,0f,0f,0f,-7.8768f,0f,0f,0f,-1.9141f,0f,0f,0f,1f],start_interpolation: 0,interpolation_duration: 1}
$data merge entity $(right_hand) {transformation: [-0.8193f,0.3172f,-0.4777f,-2.6807f,0.2791f,0.9483f,0.1511f,-7.2982f,0.501f,-0.0095f,-0.8654f,-1.7792f,0f,0f,0f,1f],start_interpolation: 0,interpolation_duration: 1}
$data merge entity $(right_forearm) {transformation: [-1.2632f,0.4369f,0.3326f,-1.9581f,0.419f,1.3062f,-0.1246f,-5.3531f,-0.355f,-0.0131f,-1.3308f,-1.8326f,0f,0f,0f,1f],start_interpolation: 0,interpolation_duration: 1}
$data merge entity $(right_shoulder) {transformation: [-1.3251f,0.5536f,-0.2958f,-1.0065f,0.1429f,0.9389f,1.1171f,-4.2731f,0.6112f,0.9807f,-0.9025f,-0.731f,0f,0f,0f,1f],start_interpolation: 0,interpolation_duration: 1}
$data merge entity $(right_arm) {transformation: [-1f,0f,0f,-0.4425f,0f,0.2025f,0.9793f,-4.2062f,0f,0.9793f,-0.2025f,-0.4491f,0f,0f,0f,1f],start_interpolation: 0,interpolation_duration: 1}
$data merge entity $(left_thumb_2) {transformation: [-0.8193f,-0.3172f,0.4777f,2.5237f,-0.2791f,0.9483f,0.1511f,-7.7188f,-0.501f,-0.0095f,-0.8654f,-1.8029f,0f,0f,0f,1f],start_interpolation: 0,interpolation_duration: 1}
$data merge entity $(left_thumb) {transformation: [-0.8193f,-0.3172f,0.4777f,2.5364f,-0.2791f,0.9483f,0.1511f,-7.3745f,-0.501f,-0.0095f,-0.8654f,-1.7195f,0f,0f,0f,1f],start_interpolation: 0,interpolation_duration: 1}
$data merge entity $(left_fingers2) {transformation: [-0.6817f,0.5542f,0.4777f,2.7838f,0.6852f,0.7125f,0.1511f,-8.151f,-0.2566f,0.4303f,-0.8654f,-1.8116f,0f,0f,0f,1f],start_interpolation: 0,interpolation_duration: 1}
$data merge entity $(left_fingers) {transformation: [-0.863f,0.1643f,0.4777f,2.8585f,0.2649f,0.9523f,0.1511f,-7.886f,-0.4301f,0.257f,-0.8654f,-1.7326f,0f,0f,0f,1f],start_interpolation: 0,interpolation_duration: 1}
$data merge entity $(left_hand) {transformation: [-0.8193f,-0.3172f,0.4777f,2.6807f,-0.2791f,0.9483f,0.1511f,-7.2982f,-0.501f,-0.0095f,-0.8654f,-1.7792f,0f,0f,0f,1f],start_interpolation: 0,interpolation_duration: 1}
$data merge entity $(left_forearm) {transformation: [-1.2632f,-0.4369f,-0.3326f,1.9581f,-0.419f,1.3062f,-0.1246f,-5.3531f,0.355f,-0.0131f,-1.3308f,-1.8326f,0f,0f,0f,1f],start_interpolation: 0,interpolation_duration: 1}
$data merge entity $(left_shoulder) {transformation: [-1.3251f,-0.5536f,0.2958f,1.0065f,-0.1429f,0.9389f,1.1171f,-4.2731f,-0.6112f,0.9807f,-0.9025f,-0.731f,0f,0f,0f,1f],start_interpolation: 0,interpolation_duration: 1}
$data merge entity $(left_arm) {transformation: [-1f,0f,0f,0.4426f,0f,0.2025f,0.9793f,-4.2062f,0f,0.9793f,-0.2025f,-0.4491f,0f,0f,0f,1f],start_interpolation: 0,interpolation_duration: 1}
$data merge entity $(chest) {transformation: [-1.2785f,0f,0f,0f,0f,0.2589f,1.252f,-4.5381f,0f,1.252f,-0.2589f,-2.2247f,0f,0f,0f,1f],start_interpolation: 0,interpolation_duration: 1}
$data merge entity $(left_cheek) {transformation: [-0.9974f,-0.0712f,-0.0143f,0.4381f,-0.0715f,0.93f,0.3605f,-4.6484f,-0.0124f,0.3606f,-0.9327f,-3.3092f,0f,0f,0f,1f],start_interpolation: 0,interpolation_duration: 1}
$data merge entity $(left_foot) {transformation: [-1.0173f,0.1011f,-0.0114f,1.0932f,-0.1018f,-1.0103f,0.1189f,-7.7312f,0.0005f,0.1195f,1.0154f,-5.7375f,0f,0f,0f,1f],start_interpolation: 0,interpolation_duration: 1}
$data merge entity $(left_knee) {transformation: [-3.0157f,-0.2538f,-0.3053f,0.816f,-0.2983f,-0.0951f,3.0256f,-7.7305f,-0.262f,3.0296f,0.0694f,-1.5341f,0f,0f,0f,1f],start_interpolation: 0,interpolation_duration: 1}
$data merge entity $(left_leg) {transformation: [-1.7033f,-0.0242f,0.2229f,0.6997f,-0.1685f,1.2654f,-1.1497f,-5.6765f,-0.148f,-1.1617f,-1.257f,-3.3645f,0f,0f,0f,1f],start_interpolation: 0,interpolation_duration: 1}
$data merge entity $(right_cheek) {transformation: [-0.9974f,0.0712f,0.0143f,-0.4381f,0.0715f,0.93f,0.3605f,-4.6484f,0.0124f,0.3606f,-0.9327f,-3.3092f,0f,0f,0f,1f],start_interpolation: 0,interpolation_duration: 1}
$data merge entity $(right_foot) {transformation: [-1.0181f,-0.0722f,-0.0593f,-1.0932f,0.0574f,-0.9954f,0.2261f,-7.7312f,-0.0737f,0.2219f,0.9953f,-5.7375f,0f,0f,0f,1f],start_interpolation: 0,interpolation_duration: 1}
$data merge entity $(right_knee) {transformation: [-3.0157f,0.2538f,0.3053f,-0.816f,0.2983f,-0.0951f,3.0256f,-7.7305f,0.262f,3.0296f,0.0694f,-1.5341f,0f,0f,0f,1f],start_interpolation: 0,interpolation_duration: 1}
$data merge entity $(right_leg) {transformation: [-1.7033f,0.0242f,-0.2229f,-0.6997f,0.1685f,1.2654f,-1.1497f,-5.6765f,0.148f,-1.1617f,-1.257f,-3.3645f,0f,0f,0f,1f],start_interpolation: 0,interpolation_duration: 1}
$data merge entity $(weist) {transformation: [-1.6223f,0f,0f,0f,0f,1.2189f,1.0706f,-4.3588f,0f,1.0706f,-1.2189f,-2.3635f,0f,0f,0f,1f],start_interpolation: 0,interpolation_duration: 1}
data modify storage animated_java:temp entry.data merge value {"locators":{"consume":{"px":-2.7409593246,"py":-8.0461628169,"pz":-1.904103612,"ry":331.1014087286,"rx":8.6913732612}}}
# Data Manager: Prepare for Read / Write
execute store result storage animated_java:temp args.id int 1 run scoreboard players get @s aj.id
# Data Manager: Write
function animated_java:global/data_manager/write with storage animated_java:temp args