# This file was generated by Animated Java via MC-Build. It is not recommended to edit this file directly.
$data merge entity $(neck) {transformation: [-1f,0f,0f,0f,0f,-0.5046f,0.8633f,-4.1527f,0f,0.8633f,0.5046f,-0.4268f,0f,0f,0f,1f],start_interpolation: 0,interpolation_duration: 1}
$data merge entity $(right_thumb_2) {transformation: [-0.818f,0.3248f,-0.4747f,-2.5397f,0.2795f,0.9458f,0.1655f,-7.6884f,0.5027f,0.0027f,-0.8645f,-1.8543f,0f,0f,0f,1f],start_interpolation: 0,interpolation_duration: 1}
$data merge entity $(right_thumb) {transformation: [-0.818f,0.3248f,-0.4747f,-2.5498f,0.2795f,0.9458f,0.1655f,-7.3451f,0.5027f,0.0027f,-0.8645f,-1.7667f,0f,0f,0f,1f],start_interpolation: 0,interpolation_duration: 1}
$data merge entity $(right_fingers2) {transformation: [-0.6236f,-0.6212f,-0.4747f,-2.7888f,-0.7564f,0.6329f,0.1655f,-8.1118f,0.1976f,0.4622f,-0.8645f,-1.8754f,0f,0f,0f,1f],start_interpolation: 0,interpolation_duration: 1}
$data merge entity $(right_fingers) {transformation: [-0.855f,-0.209f,-0.4747f,-2.8759f,-0.3199f,0.9329f,0.1655f,-7.8537f,0.4083f,0.2933f,-0.8645f,-1.7866f,0f,0f,0f,1f],start_interpolation: 0,interpolation_duration: 1}
$data merge entity $(scout) {transformation: [0f,0f,0f,-2.767f,0f,0f,0f,-7.8432f,0f,0f,0f,-1.9678f,0f,0f,0f,1f],start_interpolation: 0,interpolation_duration: 1}
$data merge entity $(right_hand) {transformation: [-0.818f,0.3248f,-0.4747f,-2.6933f,0.2795f,0.9458f,0.1655f,-7.2669f,0.5027f,0.0027f,-0.8645f,-1.8257f,0f,0f,0f,1f],start_interpolation: 0,interpolation_duration: 1}
$data merge entity $(right_forearm) {transformation: [-1.259f,0.4473f,0.3344f,-1.9551f,0.4333f,1.3027f,-0.1111f,-5.3272f,-0.3524f,0.0037f,-1.3315f,-1.854f,0f,0f,0f,1f],start_interpolation: 0,interpolation_duration: 1}
$data merge entity $(right_shoulder) {transformation: [-1.3279f,0.5509f,-0.2882f,-1.0065f,0.1375f,0.9229f,1.131f,-4.2661f,0.6064f,0.9973f,-0.8875f,-0.7318f,0f,0f,0f,1f],start_interpolation: 0,interpolation_duration: 1}
$data merge entity $(right_arm) {transformation: [-1f,0f,0f,-0.4425f,0f,0.1926f,0.9813f,-4.202f,0f,0.9813f,-0.1926f,-0.4491f,0f,0f,0f,1f],start_interpolation: 0,interpolation_duration: 1}
$data merge entity $(left_thumb_2) {transformation: [-0.818f,-0.3248f,0.4747f,2.5397f,-0.2795f,0.9458f,0.1655f,-7.6884f,-0.5027f,0.0027f,-0.8645f,-1.8543f,0f,0f,0f,1f],start_interpolation: 0,interpolation_duration: 1}
$data merge entity $(left_thumb) {transformation: [-0.818f,-0.3248f,0.4747f,2.5498f,-0.2795f,0.9458f,0.1655f,-7.3451f,-0.5027f,0.0027f,-0.8645f,-1.7667f,0f,0f,0f,1f],start_interpolation: 0,interpolation_duration: 1}
$data merge entity $(left_fingers2) {transformation: [-0.6686f,0.5724f,0.4747f,2.7985f,0.7065f,0.6881f,0.1655f,-8.1163f,-0.2319f,0.446f,-0.8645f,-1.8709f,0f,0f,0f,1f],start_interpolation: 0,interpolation_duration: 1}
$data merge entity $(left_fingers) {transformation: [-0.8628f,0.174f,0.4747f,2.8759f,0.2816f,0.9452f,0.1655f,-7.8537f,-0.4199f,0.2764f,-0.8645f,-1.7866f,0f,0f,0f,1f],start_interpolation: 0,interpolation_duration: 1}
$data merge entity $(left_hand) {transformation: [-0.818f,-0.3248f,0.4747f,2.6933f,-0.2795f,0.9458f,0.1655f,-7.2669f,-0.5027f,0.0027f,-0.8645f,-1.8257f,0f,0f,0f,1f],start_interpolation: 0,interpolation_duration: 1}
$data merge entity $(left_forearm) {transformation: [-1.259f,-0.4473f,-0.3344f,1.9551f,-0.4333f,1.3027f,-0.1111f,-5.3272f,0.3524f,0.0037f,-1.3315f,-1.854f,0f,0f,0f,1f],start_interpolation: 0,interpolation_duration: 1}
$data merge entity $(left_shoulder) {transformation: [-1.3279f,-0.5509f,0.2882f,1.0065f,-0.1375f,0.9229f,1.131f,-4.2661f,-0.6064f,0.9973f,-0.8875f,-0.7318f,0f,0f,0f,1f],start_interpolation: 0,interpolation_duration: 1}
$data merge entity $(left_arm) {transformation: [-1f,0f,0f,0.4426f,0f,0.1926f,0.9813f,-4.202f,0f,0.9813f,-0.1926f,-0.4491f,0f,0f,0f,1f],start_interpolation: 0,interpolation_duration: 1}
$data merge entity $(chest) {transformation: [-1.2785f,0f,0f,0f,0f,0.2462f,1.2546f,-4.5158f,0f,1.2546f,-0.2462f,-2.228f,0f,0f,0f,1f],start_interpolation: 0,interpolation_duration: 1}
$data merge entity $(left_cheek) {transformation: [-0.9974f,-0.0708f,-0.0134f,0.4387f,-0.0709f,0.93f,0.3606f,-4.6151f,-0.013f,0.3606f,-0.9326f,-3.3203f,0f,0f,0f,1f],start_interpolation: 0,interpolation_duration: 1}
$data merge entity $(left_foot) {transformation: [-1.0173f,0.101f,-0.0115f,1.0913f,-0.1016f,-1.011f,0.1134f,-7.6752f,-0.0002f,0.114f,1.016f,-5.7485f,0f,0f,0f,1f],start_interpolation: 0,interpolation_duration: 1}
$data merge entity $(left_knee) {transformation: [-3.0157f,-0.2543f,-0.3049f,0.8135f,-0.2965f,-0.1116f,3.0252f,-7.6975f,-0.2641f,3.029f,0.0859f,-1.5452f,0f,0f,0f,1f],start_interpolation: 0,interpolation_duration: 1}
$data merge entity $(left_leg) {transformation: [-1.7033f,-0.0227f,0.2231f,0.6997f,-0.1674f,1.2655f,-1.1497f,-5.6433f,-0.1492f,-1.1616f,-1.2569f,-3.3755f,0f,0f,0f,1f],start_interpolation: 0,interpolation_duration: 1}
$data merge entity $(right_cheek) {transformation: [-0.9974f,0.0708f,0.0134f,-0.4387f,0.0709f,0.93f,0.3606f,-4.6151f,0.013f,0.3606f,-0.9326f,-3.3203f,0f,0f,0f,1f],start_interpolation: 0,interpolation_duration: 1}
$data merge entity $(right_foot) {transformation: [-1.0181f,-0.072f,-0.0592f,-1.0913f,0.0577f,-0.9966f,0.2207f,-7.6752f,-0.0732f,0.2164f,0.9965f,-5.7485f,0f,0f,0f,1f],start_interpolation: 0,interpolation_duration: 1}
$data merge entity $(right_knee) {transformation: [-3.0157f,0.2543f,0.3049f,-0.8135f,0.2965f,-0.1116f,3.0252f,-7.6975f,0.2641f,3.029f,0.0859f,-1.5452f,0f,0f,0f,1f],start_interpolation: 0,interpolation_duration: 1}
$data merge entity $(right_leg) {transformation: [-1.7033f,0.0227f,-0.2231f,-0.6997f,0.1674f,1.2655f,-1.1497f,-5.6433f,0.1492f,-1.1616f,-1.2569f,-3.3755f,0f,0f,0f,1f],start_interpolation: 0,interpolation_duration: 1}
$data merge entity $(weist) {transformation: [-1.6223f,0f,0f,0f,0f,1.2114f,1.0791f,-4.3326f,0f,1.0791f,-1.2114f,-2.3653f,0f,0f,0f,1f],start_interpolation: 0,interpolation_duration: 1}
data modify storage animated_java:temp entry.data merge value {"locators":{"consume":{"px":-2.7593143766,"py":-8.0127788709,"pz":-1.9599016104,"ry":331.2287708183,"rx":9.523618201}}}
# Data Manager: Prepare for Read / Write
execute store result storage animated_java:temp args.id int 1 run scoreboard players get @s aj.id
# Data Manager: Write
function animated_java:global/data_manager/write with storage animated_java:temp args