# This file was generated by Animated Java via MC-Build. It is not recommended to edit this file directly.
$data merge entity $(neck) {transformation: [-1f,0f,0f,0f,0f,-0.5138f,0.8579f,-4.1453f,0f,0.8579f,0.5138f,-0.4243f,0f,0f,0f,1f],start_interpolation: 0,interpolation_duration: 1}
$data merge entity $(right_thumb_2) {transformation: [-0.8178f,0.3323f,-0.4699f,-2.5538f,0.2809f,0.9431f,0.1782f,-7.6621f,0.5024f,0.0137f,-0.8645f,-1.8947f,0f,0f,0f,1f],start_interpolation: 0,interpolation_duration: 1}
$data merge entity $(right_thumb) {transformation: [-0.8178f,0.3323f,-0.4699f,-2.5615f,0.2809f,0.9431f,0.1782f,-7.3195f,0.5024f,0.0137f,-0.8645f,-1.8036f,0f,0f,0f,1f],start_interpolation: 0,interpolation_duration: 1}
$data merge entity $(right_fingers2) {transformation: [-0.6139f,-0.6343f,-0.4699f,-2.8024f,-0.7698f,0.6129f,0.1782f,-8.0812f,0.175f,0.4711f,-0.8645f,-1.9228f,0f,0f,0f,1f],start_interpolation: 0,interpolation_duration: 1}
$data merge entity $(right_fingers) {transformation: [-0.8558f,-0.2162f,-0.4699f,-2.8916f,-0.3319f,0.9263f,0.1782f,-7.8253f,0.3968f,0.3084f,-0.8645f,-1.8301f,0f,0f,0f,1f],start_interpolation: 0,interpolation_duration: 1}
$data merge entity $(scout) {transformation: [0f,0f,0f,-2.7819f,0f,0f,0f,-7.8138f,0f,0f,0f,-2.0107f,0f,0f,0f,1f],start_interpolation: 0,interpolation_duration: 1}
$data merge entity $(right_hand) {transformation: [-0.8178f,0.3323f,-0.4699f,-2.7042f,0.2809f,0.9431f,0.1782f,-7.2396f,0.5024f,0.0137f,-0.8645f,-1.8624f,0f,0f,0f,1f],start_interpolation: 0,interpolation_duration: 1}
$data merge entity $(right_forearm) {transformation: [-1.2541f,0.4577f,0.3388f,-1.9503f,0.4471f,1.2989f,-0.1f,-5.3057f,-0.3527f,0.0189f,-1.3313f,-1.8677f,0f,0f,0f,1f],start_interpolation: 0,interpolation_duration: 1}
$data merge entity $(right_shoulder) {transformation: [-1.3315f,0.5466f,-0.2797f,-1.0065f,0.1353f,0.9126f,1.1396f,-4.257f,0.599f,1.0091f,-0.8791f,-0.7298f,0f,0f,0f,1f],start_interpolation: 0,interpolation_duration: 1}
$data merge entity $(right_arm) {transformation: [-1f,0f,0f,-0.4425f,0f,0.1874f,0.9823f,-4.1944f,0f,0.9823f,-0.1874f,-0.4469f,0f,0f,0f,1f],start_interpolation: 0,interpolation_duration: 1}
$data merge entity $(left_thumb_2) {transformation: [-0.8178f,-0.3323f,0.4699f,2.5538f,-0.2809f,0.9431f,0.1782f,-7.6621f,-0.5024f,0.0137f,-0.8645f,-1.8947f,0f,0f,0f,1f],start_interpolation: 0,interpolation_duration: 1}
$data merge entity $(left_thumb) {transformation: [-0.8178f,-0.3323f,0.4699f,2.5615f,-0.2809f,0.9431f,0.1782f,-7.3195f,-0.5024f,0.0137f,-0.8645f,-1.8036f,0f,0f,0f,1f],start_interpolation: 0,interpolation_duration: 1}
$data merge entity $(left_fingers2) {transformation: [-0.6555f,0.5912f,0.4699f,2.8113f,0.7264f,0.6637f,0.1782f,-8.0856f,-0.2066f,0.4581f,-0.8645f,-1.9189f,0f,0f,0f,1f],start_interpolation: 0,interpolation_duration: 1}
$data merge entity $(left_fingers) {transformation: [-0.8633f,0.1843f,0.4699f,2.8916f,0.2972f,0.938f,0.1782f,-7.8253f,-0.408f,0.2935f,-0.8645f,-1.8301f,0f,0f,0f,1f],start_interpolation: 0,interpolation_duration: 1}
$data merge entity $(left_hand) {transformation: [-0.8178f,-0.3323f,0.4699f,2.7042f,-0.2809f,0.9431f,0.1782f,-7.2396f,-0.5024f,0.0137f,-0.8645f,-1.8624f,0f,0f,0f,1f],start_interpolation: 0,interpolation_duration: 1}
$data merge entity $(left_forearm) {transformation: [-1.2541f,-0.4577f,-0.3388f,1.9503f,-0.4471f,1.2989f,-0.1f,-5.3057f,0.3527f,0.0189f,-1.3313f,-1.8677f,0f,0f,0f,1f],start_interpolation: 0,interpolation_duration: 1}
$data merge entity $(left_shoulder) {transformation: [-1.3315f,-0.5466f,0.2797f,1.0065f,-0.1353f,0.9126f,1.1396f,-4.257f,-0.599f,1.0091f,-0.8791f,-0.7298f,0f,0f,0f,1f],start_interpolation: 0,interpolation_duration: 1}
$data merge entity $(left_arm) {transformation: [-1f,0f,0f,0.4426f,0f,0.1874f,0.9823f,-4.1944f,0f,0.9823f,-0.1874f,-0.4469f,0f,0f,0f,1f],start_interpolation: 0,interpolation_duration: 1}
$data merge entity $(chest) {transformation: [-1.2785f,0f,0f,0f,0f,0.2396f,1.2559f,-4.4988f,0f,1.2559f,-0.2396f,-2.2274f,0f,0f,0f,1f],start_interpolation: 0,interpolation_duration: 1}
$data merge entity $(left_cheek) {transformation: [-0.9974f,-0.0707f,-0.013f,0.439f,-0.0706f,0.93f,0.3606f,-4.5918f,-0.0134f,0.3606f,-0.9326f,-3.3241f,0f,0f,0f,1f],start_interpolation: 0,interpolation_duration: 1}
$data merge entity $(left_foot) {transformation: [-1.0173f,0.1011f,-0.0114f,1.0896f,-0.1017f,-1.0115f,0.1088f,-7.633f,-0.0006f,0.1093f,1.0165f,-5.7521f,0f,0f,0f,1f],start_interpolation: 0,interpolation_duration: 1}
$data merge entity $(left_knee) {transformation: [-3.0157f,-0.2541f,-0.3051f,0.8121f,-0.2954f,-0.1254f,3.0248f,-7.6743f,-0.2653f,3.0285f,0.0997f,-1.5489f,0f,0f,0f,1f],start_interpolation: 0,interpolation_duration: 1}
$data merge entity $(left_leg) {transformation: [-1.7033f,-0.0218f,0.2232f,0.6997f,-0.1668f,1.2656f,-1.1498f,-5.6201f,-0.1498f,-1.1616f,-1.2568f,-3.3792f,0f,0f,0f,1f],start_interpolation: 0,interpolation_duration: 1}
$data merge entity $(right_cheek) {transformation: [-0.9974f,0.0707f,0.013f,-0.439f,0.0706f,0.93f,0.3606f,-4.5918f,0.0134f,0.3606f,-0.9326f,-3.3241f,0f,0f,0f,1f],start_interpolation: 0,interpolation_duration: 1}
$data merge entity $(right_foot) {transformation: [-1.0181f,-0.0721f,-0.0592f,-1.0896f,0.0581f,-0.9976f,0.2162f,-7.633f,-0.073f,0.2119f,0.9975f,-5.7521f,0f,0f,0f,1f],start_interpolation: 0,interpolation_duration: 1}
$data merge entity $(right_knee) {transformation: [-3.0157f,0.2541f,0.3051f,-0.8121f,0.2954f,-0.1254f,3.0248f,-7.6743f,0.2653f,3.0285f,0.0997f,-1.5489f,0f,0f,0f,1f],start_interpolation: 0,interpolation_duration: 1}
$data merge entity $(right_leg) {transformation: [-1.7033f,0.0218f,-0.2232f,-0.6997f,0.1668f,1.2656f,-1.1498f,-5.6201f,0.1498f,-1.1616f,-1.2568f,-3.3792f,0f,0f,0f,1f],start_interpolation: 0,interpolation_duration: 1}
$data merge entity $(weist) {transformation: [-1.6223f,0f,0f,0f,0f,1.2071f,1.0839f,-4.3133f,0f,1.0839f,-1.2071f,-2.3639f,0f,0f,0f,1f],start_interpolation: 0,interpolation_duration: 1}
data modify storage animated_java:temp entry.data merge value {"locators":{"consume":{"px":-2.7755800536,"py":-7.9835088979,"pz":-2.0045016481,"ry":331.4742516765,"rx":10.2635893493}}}
# Data Manager: Prepare for Read / Write
execute store result storage animated_java:temp args.id int 1 run scoreboard players get @s aj.id
# Data Manager: Write
function animated_java:global/data_manager/write with storage animated_java:temp args