# This file was generated by Animated Java via MC-Build. It is not recommended to edit this file directly.
$data merge entity $(neck) {transformation: [-1f,0f,0f,0f,0f,-0.5194f,0.8545f,-4.1381f,0f,0.8545f,0.5194f,-0.4207f,0f,0f,0f,1f],start_interpolation: 0,interpolation_duration: 1}
$data merge entity $(right_thumb_2) {transformation: [-0.818f,0.3389f,-0.4647f,-2.5649f,0.282f,0.9405f,0.1894f,-7.6407f,0.5013f,0.0239f,-0.865f,-1.928f,0f,0f,0f,1f],start_interpolation: 0,interpolation_duration: 1}
$data merge entity $(right_thumb) {transformation: [-0.818f,0.3389f,-0.4647f,-2.5706f,0.282f,0.9405f,0.1894f,-7.2989f,0.5013f,0.0239f,-0.865f,-1.8338f,0f,0f,0f,1f],start_interpolation: 0,interpolation_duration: 1}
$data merge entity $(right_fingers2) {transformation: [-0.608f,-0.6437f,-0.4647f,-2.8136f,-0.7784f,0.5985f,0.1894f,-8.0564f,0.1562f,0.4769f,-0.865f,-1.9623f,0f,0f,0f,1f],start_interpolation: 0,interpolation_duration: 1}
$data merge entity $(right_fingers) {transformation: [-0.8574f,-0.2211f,-0.4647f,-2.9041f,-0.3402f,0.9211f,0.1894f,-7.8021f,0.3862f,0.3205f,-0.865f,-1.8664f,0f,0f,0f,1f],start_interpolation: 0,interpolation_duration: 1}
$data merge entity $(scout) {transformation: [0f,0f,0f,-2.7935f,0f,0f,0f,-7.7898f,0f,0f,0f,-2.0465f,0f,0f,0f,1f],start_interpolation: 0,interpolation_duration: 1}
$data merge entity $(right_hand) {transformation: [-0.818f,0.3389f,-0.4647f,-2.7125f,0.282f,0.9405f,0.1894f,-7.2175f,0.5013f,0.0239f,-0.865f,-1.8925f,0f,0f,0f,1f],start_interpolation: 0,interpolation_duration: 1}
$data merge entity $(right_forearm) {transformation: [-1.2493f,0.4667f,0.3441f,-1.9451f,0.4591f,1.2955f,-0.0901f,-5.289f,-0.3542f,0.0329f,-1.3306f,-1.8766f,0f,0f,0f,1f],start_interpolation: 0,interpolation_duration: 1}
$data merge entity $(right_shoulder) {transformation: [-1.335f,0.542f,-0.2719f,-1.0065f,0.1344f,0.9055f,1.1453f,-4.2489f,0.5912f,1.0179f,-0.8742f,-0.7266f,0f,0f,0f,1f],start_interpolation: 0,interpolation_duration: 1}
$data merge entity $(right_arm) {transformation: [-1f,0f,0f,-0.4425f,0f,0.1843f,0.9829f,-4.1872f,0f,0.9829f,-0.1843f,-0.4434f,0f,0f,0f,1f],start_interpolation: 0,interpolation_duration: 1}
$data merge entity $(left_thumb_2) {transformation: [-0.818f,-0.3389f,0.4647f,2.5649f,-0.282f,0.9405f,0.1894f,-7.6407f,-0.5013f,0.0239f,-0.865f,-1.928f,0f,0f,0f,1f],start_interpolation: 0,interpolation_duration: 1}
$data merge entity $(left_thumb) {transformation: [-0.818f,-0.3389f,0.4647f,2.5706f,-0.282f,0.9405f,0.1894f,-7.2989f,-0.5013f,0.0239f,-0.865f,-1.8338f,0f,0f,0f,1f],start_interpolation: 0,interpolation_duration: 1}
$data merge entity $(left_fingers2) {transformation: [-0.6411f,0.6107f,0.4647f,2.8206f,0.7458f,0.6387f,0.1894f,-8.0599f,-0.1811f,0.468f,-0.865f,-1.9593f,0f,0f,0f,1f],start_interpolation: 0,interpolation_duration: 1}
$data merge entity $(left_fingers) {transformation: [-0.8635f,0.1958f,0.4647f,2.9041f,0.313f,0.9307f,0.1894f,-7.8021f,-0.3954f,0.309f,-0.865f,-1.8664f,0f,0f,0f,1f],start_interpolation: 0,interpolation_duration: 1}
$data merge entity $(left_hand) {transformation: [-0.818f,-0.3389f,0.4647f,2.7125f,-0.282f,0.9405f,0.1894f,-7.2175f,-0.5013f,0.0239f,-0.865f,-1.8925f,0f,0f,0f,1f],start_interpolation: 0,interpolation_duration: 1}
$data merge entity $(left_forearm) {transformation: [-1.2493f,-0.4667f,-0.3441f,1.9451f,-0.4591f,1.2955f,-0.0901f,-5.289f,0.3542f,0.0329f,-1.3306f,-1.8766f,0f,0f,0f,1f],start_interpolation: 0,interpolation_duration: 1}
$data merge entity $(left_shoulder) {transformation: [-1.335f,-0.542f,0.2719f,1.0065f,-0.1344f,0.9055f,1.1453f,-4.2489f,-0.5912f,1.0179f,-0.8742f,-0.7266f,0f,0f,0f,1f],start_interpolation: 0,interpolation_duration: 1}
$data merge entity $(left_arm) {transformation: [-1f,0f,0f,0.4426f,0f,0.1843f,0.9829f,-4.1872f,0f,0.9829f,-0.1843f,-0.4434f,0f,0f,0f,1f],start_interpolation: 0,interpolation_duration: 1}
$data merge entity $(chest) {transformation: [-1.2785f,0f,0f,0f,0f,0.2356f,1.2566f,-4.4859f,0f,1.2566f,-0.2356f,-2.2249f,0f,0f,0f,1f],start_interpolation: 0,interpolation_duration: 1}
$data merge entity $(left_cheek) {transformation: [-0.9974f,-0.0705f,-0.0127f,0.4393f,-0.0703f,0.9301f,0.3606f,-4.5748f,-0.0137f,0.3606f,-0.9326f,-3.3244f,0f,0f,0f,1f],start_interpolation: 0,interpolation_duration: 1}
$data merge entity $(left_foot) {transformation: [-1.0173f,0.1012f,-0.0114f,1.0883f,-0.1018f,-1.0118f,0.1052f,-7.6015f,-0.0008f,0.1058f,1.0169f,-5.7522f,0f,0f,0f,1f],start_interpolation: 0,interpolation_duration: 1}
$data merge entity $(left_knee) {transformation: [-3.0157f,-0.2538f,-0.3053f,0.8111f,-0.2947f,-0.1359f,3.0244f,-7.6575f,-0.266f,3.0281f,0.1102f,-1.5492f,0f,0f,0f,1f],start_interpolation: 0,interpolation_duration: 1}
$data merge entity $(left_leg) {transformation: [-1.7033f,-0.0212f,0.2232f,0.6997f,-0.1665f,1.2656f,-1.1498f,-5.6032f,-0.1502f,-1.1616f,-1.2568f,-3.3795f,0f,0f,0f,1f],start_interpolation: 0,interpolation_duration: 1}
$data merge entity $(right_cheek) {transformation: [-0.9974f,0.0705f,0.0127f,-0.4393f,0.0703f,0.9301f,0.3606f,-4.5748f,0.0137f,0.3606f,-0.9326f,-3.3244f,0f,0f,0f,1f],start_interpolation: 0,interpolation_duration: 1}
$data merge entity $(right_foot) {transformation: [-1.0181f,-0.0722f,-0.0593f,-1.0883f,0.0584f,-0.9983f,0.2127f,-7.6015f,-0.0729f,0.2084f,0.9982f,-5.7522f,0f,0f,0f,1f],start_interpolation: 0,interpolation_duration: 1}
$data merge entity $(right_knee) {transformation: [-3.0157f,0.2538f,0.3053f,-0.8111f,0.2947f,-0.1359f,3.0244f,-7.6575f,0.266f,3.0281f,0.1102f,-1.5492f,0f,0f,0f,1f],start_interpolation: 0,interpolation_duration: 1}
$data merge entity $(right_leg) {transformation: [-1.7033f,0.0212f,-0.2232f,-0.6997f,0.1665f,1.2656f,-1.1498f,-5.6032f,0.1502f,-1.1616f,-1.2568f,-3.3795f,0f,0f,0f,1f],start_interpolation: 0,interpolation_duration: 1}
$data merge entity $(weist) {transformation: [-1.6223f,0f,0f,0f,0f,1.2044f,1.087f,-4.299f,0f,1.087f,-1.2044f,-2.3608f,0f,0f,0f,1f],start_interpolation: 0,interpolation_duration: 1}
data modify storage animated_java:temp entry.data merge value {"locators":{"consume":{"px":-2.7884393629,"py":-7.9595195156,"pz":-2.0418145554,"ry":331.7515026938,"rx":10.9193802145}}}
# Data Manager: Prepare for Read / Write
execute store result storage animated_java:temp args.id int 1 run scoreboard players get @s aj.id
# Data Manager: Write
function animated_java:global/data_manager/write with storage animated_java:temp args