# This file was generated by Animated Java via MC-Build. It is not recommended to edit this file directly.
$data merge entity $(neck) {transformation: [-1f,0f,0f,0f,0f,-0.5259f,0.8506f,-4.1348f,0f,0.8506f,0.5259f,-0.4171f,0f,0f,0f,1f],start_interpolation: 0,interpolation_duration: 1}
$data merge entity $(right_thumb_2) {transformation: [-0.8185f,0.3434f,-0.4605f,-2.5721f,0.2816f,0.9386f,0.1994f,-7.6251f,0.5007f,0.0335f,-0.865f,-1.9581f,0f,0f,0f,1f],start_interpolation: 0,interpolation_duration: 1}
$data merge entity $(right_thumb) {transformation: [-0.8185f,0.3434f,-0.4605f,-2.5765f,0.2816f,0.9386f,0.1994f,-7.2842f,0.5007f,0.0335f,-0.865f,-1.8609f,0f,0f,0f,1f],start_interpolation: 0,interpolation_duration: 1}
$data merge entity $(right_fingers2) {transformation: [-0.6051f,-0.6494f,-0.4605f,-2.821f,-0.7834f,0.5886f,0.1994f,-8.0384f,0.1416f,0.4814f,-0.865f,-1.9977f,0f,0f,0f,1f],start_interpolation: 0,interpolation_duration: 1}
$data merge entity $(right_fingers) {transformation: [-0.859f,-0.2238f,-0.4605f,-2.9124f,-0.3457f,0.9169f,0.1994f,-7.7854f,0.3777f,0.3305f,-0.865f,-1.8992f,0f,0f,0f,1f],start_interpolation: 0,interpolation_duration: 1}
$data merge entity $(scout) {transformation: [0f,0f,0f,-2.801f,0f,0f,0f,-7.772f,0f,0f,0f,-2.0787f,0f,0f,0f,1f],start_interpolation: 0,interpolation_duration: 1}
$data merge entity $(right_hand) {transformation: [-0.8185f,0.3434f,-0.4605f,-2.7177f,0.2816f,0.9386f,0.1994f,-7.2015f,0.5007f,0.0335f,-0.865f,-1.9194f,0f,0f,0f,1f],start_interpolation: 0,interpolation_duration: 1}
$data merge entity $(right_forearm) {transformation: [-1.2457f,0.473f,0.3487f,-1.9409f,0.4685f,1.2928f,-0.0801f,-5.277f,-0.3548f,0.0461f,-1.3301f,-1.8836f,0f,0f,0f,1f],start_interpolation: 0,interpolation_duration: 1}
$data merge entity $(right_shoulder) {transformation: [-1.3377f,0.5382f,-0.2661f,-1.0065f,0.133f,0.8993f,1.1504f,-4.2445f,0.5855f,1.0254f,-0.8692f,-0.7234f,0f,0f,0f,1f],start_interpolation: 0,interpolation_duration: 1}
$data merge entity $(right_arm) {transformation: [-1f,0f,0f,-0.4425f,0f,0.1806f,0.9836f,-4.1838f,0f,0.9836f,-0.1806f,-0.44f,0f,0f,0f,1f],start_interpolation: 0,interpolation_duration: 1}
$data merge entity $(left_thumb_2) {transformation: [-0.8185f,-0.3434f,0.4605f,2.5721f,-0.2816f,0.9386f,0.1994f,-7.6251f,-0.5007f,0.0335f,-0.865f,-1.9581f,0f,0f,0f,1f],start_interpolation: 0,interpolation_duration: 1}
$data merge entity $(left_thumb) {transformation: [-0.8185f,-0.3434f,0.4605f,2.5765f,-0.2816f,0.9386f,0.1994f,-7.2842f,-0.5007f,0.0335f,-0.865f,-1.8609f,0f,0f,0f,1f],start_interpolation: 0,interpolation_duration: 1}
$data merge entity $(left_fingers2) {transformation: [-0.6244f,0.6309f,0.4605f,2.8251f,0.7653f,0.612f,0.1994f,-8.0405f,-0.1561f,0.477f,-0.865f,-1.996f,0f,0f,0f,1f],start_interpolation: 0,interpolation_duration: 1}
$data merge entity $(left_fingers) {transformation: [-0.8627f,0.2091f,0.4605f,2.9124f,0.3301f,0.9226f,0.1994f,-7.7854f,-0.3832f,0.324f,-0.865f,-1.8992f,0f,0f,0f,1f],start_interpolation: 0,interpolation_duration: 1}
$data merge entity $(left_hand) {transformation: [-0.8185f,-0.3434f,0.4605f,2.7177f,-0.2816f,0.9386f,0.1994f,-7.2015f,-0.5007f,0.0335f,-0.865f,-1.9194f,0f,0f,0f,1f],start_interpolation: 0,interpolation_duration: 1}
$data merge entity $(left_forearm) {transformation: [-1.2457f,-0.473f,-0.3487f,1.9409f,-0.4685f,1.2928f,-0.0801f,-5.277f,0.3548f,0.0461f,-1.3301f,-1.8836f,0f,0f,0f,1f],start_interpolation: 0,interpolation_duration: 1}
$data merge entity $(left_shoulder) {transformation: [-1.3377f,-0.5382f,0.2661f,1.0065f,-0.133f,0.8993f,1.1504f,-4.2445f,-0.5855f,1.0254f,-0.8692f,-0.7234f,0f,0f,0f,1f],start_interpolation: 0,interpolation_duration: 1}
$data merge entity $(left_arm) {transformation: [-1f,0f,0f,0.4426f,0f,0.1806f,0.9836f,-4.1838f,0f,0.9836f,-0.1806f,-0.44f,0f,0f,0f,1f],start_interpolation: 0,interpolation_duration: 1}
$data merge entity $(chest) {transformation: [-1.2785f,0f,0f,0f,0f,0.2309f,1.2575f,-4.4759f,0f,1.2575f,-0.2309f,-2.2226f,0f,0f,0f,1f],start_interpolation: 0,interpolation_duration: 1}
$data merge entity $(left_cheek) {transformation: [-0.9974f,-0.0704f,-0.0123f,0.4395f,-0.0701f,0.9301f,0.3606f,-4.5602f,-0.0139f,0.3606f,-0.9326f,-3.3252f,0f,0f,0f,1f],start_interpolation: 0,interpolation_duration: 1}
$data merge entity $(left_foot) {transformation: [-1.0173f,0.1011f,-0.0114f,1.0876f,-0.1017f,-1.0121f,0.103f,-7.5778f,-0.0011f,0.1036f,1.0171f,-5.7528f,0f,0f,0f,1f],start_interpolation: 0,interpolation_duration: 1}
$data merge entity $(left_knee) {transformation: [-3.0157f,-0.254f,-0.3052f,0.8101f,-0.294f,-0.1426f,3.0241f,-7.6431f,-0.2668f,3.0278f,0.1169f,-1.5499f,0f,0f,0f,1f],start_interpolation: 0,interpolation_duration: 1}
$data merge entity $(left_leg) {transformation: [-1.7033f,-0.0206f,0.2233f,0.6997f,-0.166f,1.2656f,-1.1498f,-5.5887f,-0.1507f,-1.1615f,-1.2568f,-3.3802f,0f,0f,0f,1f],start_interpolation: 0,interpolation_duration: 1}
$data merge entity $(right_cheek) {transformation: [-0.9974f,0.0704f,0.0123f,-0.4395f,0.0701f,0.9301f,0.3606f,-4.5602f,0.0139f,0.3606f,-0.9326f,-3.3252f,0f,0f,0f,1f],start_interpolation: 0,interpolation_duration: 1}
$data merge entity $(right_foot) {transformation: [-1.0181f,-0.0721f,-0.0593f,-1.0876f,0.0585f,-0.9988f,0.2105f,-7.5778f,-0.0728f,0.2062f,0.9987f,-5.7528f,0f,0f,0f,1f],start_interpolation: 0,interpolation_duration: 1}
$data merge entity $(right_knee) {transformation: [-3.0157f,0.254f,0.3052f,-0.8101f,0.294f,-0.1426f,3.0241f,-7.6431f,0.2668f,3.0278f,0.1169f,-1.5499f,0f,0f,0f,1f],start_interpolation: 0,interpolation_duration: 1}
$data merge entity $(right_leg) {transformation: [-1.7033f,0.0206f,-0.2233f,-0.6997f,0.166f,1.2656f,-1.1498f,-5.5887f,0.1507f,-1.1615f,-1.2568f,-3.3802f,0f,0f,0f,1f],start_interpolation: 0,interpolation_duration: 1}
$data merge entity $(weist) {transformation: [-1.6223f,0f,0f,0f,0f,1.2013f,1.0903f,-4.2874f,0f,1.0903f,-1.2013f,-2.3579f,0f,0f,0f,1f],start_interpolation: 0,interpolation_duration: 1}
data modify storage animated_java:temp entry.data merge value {"locators":{"consume":{"px":-2.7968157563,"py":-7.9417857292,"pz":-2.0755407501,"ry":331.9676980664,"rx":11.4999954289}}}
# Data Manager: Prepare for Read / Write
execute store result storage animated_java:temp args.id int 1 run scoreboard players get @s aj.id
# Data Manager: Write
function animated_java:global/data_manager/write with storage animated_java:temp args