# This file was generated by Animated Java via MC-Build. It is not recommended to edit this file directly.
$data merge entity $(neck) {transformation: [-1f,0f,0f,0f,0f,-0.5373f,0.8434f,-4.1392f,0f,0.8434f,0.5373f,-0.4147f,0f,0f,0f,1f],start_interpolation: 0,interpolation_duration: 1}
$data merge entity $(right_thumb_2) {transformation: [-0.8188f,0.3451f,-0.4588f,-2.5747f,0.2786f,0.9376f,0.2082f,-7.6159f,0.502f,0.0426f,-0.8638f,-1.9886f,0f,0f,0f,1f],start_interpolation: 0,interpolation_duration: 1}
$data merge entity $(right_thumb) {transformation: [-0.8188f,0.3451f,-0.4588f,-2.5786f,0.2786f,0.9376f,0.2082f,-7.2759f,0.502f,0.0426f,-0.8638f,-1.8883f,0f,0f,0f,1f],start_interpolation: 0,interpolation_duration: 1}
$data merge entity $(right_fingers2) {transformation: [-0.6044f,-0.6513f,-0.4588f,-2.8238f,-0.7858f,0.5825f,0.2082f,-8.0281f,0.1316f,0.4863f,-0.8638f,-2.0326f,0f,0f,0f,1f],start_interpolation: 0,interpolation_duration: 1}
$data merge entity $(right_fingers) {transformation: [-0.8597f,-0.2246f,-0.4588f,-2.9154f,-0.3497f,0.9134f,0.2082f,-7.7761f,0.3723f,0.3394f,-0.8638f,-1.9317f,0f,0f,0f,1f],start_interpolation: 0,interpolation_duration: 1}
$data merge entity $(scout) {transformation: [0f,0f,0f,-2.8037f,0f,0f,0f,-7.7613f,0f,0f,0f,-2.1109f,0f,0f,0f,1f],start_interpolation: 0,interpolation_duration: 1}
$data merge entity $(right_hand) {transformation: [-0.8188f,0.3451f,-0.4588f,-2.7196f,0.2786f,0.9376f,0.2082f,-7.1925f,0.502f,0.0426f,-0.8638f,-1.9462f,0f,0f,0f,1f],start_interpolation: 0,interpolation_duration: 1}
$data merge entity $(right_forearm) {transformation: [-1.2443f,0.4754f,0.3506f,-1.9391f,0.4741f,1.2914f,-0.0686f,-5.2699f,-0.3524f,0.0587f,-1.3302f,-1.8916f,0f,0f,0f,1f],start_interpolation: 0,interpolation_duration: 1}
$data merge entity $(right_shoulder) {transformation: [-1.3387f,0.5367f,-0.2638f,-1.0065f,0.1292f,0.8911f,1.1572f,-4.2467f,0.5839f,1.0333f,-0.8609f,-0.7217f,0f,0f,0f,1f],start_interpolation: 0,interpolation_duration: 1}
$data merge entity $(right_arm) {transformation: [-1f,0f,0f,-0.4425f,0f,0.1736f,0.9848f,-4.188f,0f,0.9848f,-0.1736f,-0.4379f,0f,0f,0f,1f],start_interpolation: 0,interpolation_duration: 1}
$data merge entity $(left_thumb_2) {transformation: [-0.8188f,-0.3451f,0.4588f,2.5747f,-0.2786f,0.9376f,0.2082f,-7.6159f,-0.502f,0.0426f,-0.8638f,-1.9886f,0f,0f,0f,1f],start_interpolation: 0,interpolation_duration: 1}
$data merge entity $(left_thumb) {transformation: [-0.8188f,-0.3451f,0.4588f,2.5786f,-0.2786f,0.9376f,0.2082f,-7.2759f,-0.502f,0.0426f,-0.8638f,-1.8883f,0f,0f,0f,1f],start_interpolation: 0,interpolation_duration: 1}
$data merge entity $(left_fingers2) {transformation: [-0.6044f,0.6513f,0.4588f,2.8238f,0.7858f,0.5825f,0.2082f,-8.0281f,-0.1316f,0.4863f,-0.8638f,-2.0326f,0f,0f,0f,1f],start_interpolation: 0,interpolation_duration: 1}
$data merge entity $(left_fingers) {transformation: [-0.8597f,0.2246f,0.4588f,2.9154f,0.3497f,0.9134f,0.2082f,-7.7761f,-0.3723f,0.3394f,-0.8638f,-1.9317f,0f,0f,0f,1f],start_interpolation: 0,interpolation_duration: 1}
$data merge entity $(left_hand) {transformation: [-0.8188f,-0.3451f,0.4588f,2.7196f,-0.2786f,0.9376f,0.2082f,-7.1925f,-0.502f,0.0426f,-0.8638f,-1.9462f,0f,0f,0f,1f],start_interpolation: 0,interpolation_duration: 1}
$data merge entity $(left_forearm) {transformation: [-1.2443f,-0.4754f,-0.3506f,1.9391f,-0.4741f,1.2914f,-0.0686f,-5.2699f,0.3524f,0.0587f,-1.3302f,-1.8916f,0f,0f,0f,1f],start_interpolation: 0,interpolation_duration: 1}
$data merge entity $(left_shoulder) {transformation: [-1.3387f,-0.5367f,0.2638f,1.0065f,-0.1292f,0.8911f,1.1572f,-4.2467f,-0.5839f,1.0333f,-0.8609f,-0.7217f,0f,0f,0f,1f],start_interpolation: 0,interpolation_duration: 1}
$data merge entity $(left_arm) {transformation: [-1f,0f,0f,0.4426f,0f,0.1736f,0.9848f,-4.188f,0f,0.9848f,-0.1736f,-0.4379f,0f,0f,0f,1f],start_interpolation: 0,interpolation_duration: 1}
$data merge entity $(chest) {transformation: [-1.2785f,0f,0f,0f,0f,0.222f,1.2591f,-4.4676f,0f,1.2591f,-0.222f,-2.2225f,0f,0f,0f,1f],start_interpolation: 0,interpolation_duration: 1}
$data merge entity $(left_cheek) {transformation: [-0.9975f,-0.0702f,-0.0117f,0.4399f,-0.0697f,0.9301f,0.3607f,-4.5442f,-0.0144f,0.3606f,-0.9326f,-3.3302f,0f,0f,0f,1f],start_interpolation: 0,interpolation_duration: 1}
$data merge entity $(left_foot) {transformation: [-1.0173f,0.1007f,-0.0118f,1.0875f,-0.1014f,-1.0122f,0.1021f,-7.5587f,-0.0016f,0.1028f,1.0172f,-5.7577f,0f,0f,0f,1f],start_interpolation: 0,interpolation_duration: 1}
$data merge entity $(left_knee) {transformation: [-3.0157f,-0.2552f,-0.3041f,0.8084f,-0.2927f,-0.145f,3.0241f,-7.6273f,-0.2682f,3.0275f,0.1192f,-1.555f,0f,0f,0f,1f],start_interpolation: 0,interpolation_duration: 1}
$data merge entity $(left_leg) {transformation: [-1.7033f,-0.0195f,0.2234f,0.6997f,-0.1653f,1.2657f,-1.1498f,-5.5728f,-0.1515f,-1.1615f,-1.2567f,-3.3852f,0f,0f,0f,1f],start_interpolation: 0,interpolation_duration: 1}
$data merge entity $(right_cheek) {transformation: [-0.9975f,0.0702f,0.0117f,-0.4399f,0.0697f,0.9301f,0.3607f,-4.5442f,0.0144f,0.3606f,-0.9326f,-3.3302f,0f,0f,0f,1f],start_interpolation: 0,interpolation_duration: 1}
$data merge entity $(right_foot) {transformation: [-1.0181f,-0.0717f,-0.059f,-1.0875f,0.0582f,-0.9989f,0.2096f,-7.5587f,-0.0723f,0.2054f,0.9989f,-5.7577f,0f,0f,0f,1f],start_interpolation: 0,interpolation_duration: 1}
$data merge entity $(right_knee) {transformation: [-3.0157f,0.2552f,0.3041f,-0.8084f,0.2927f,-0.145f,3.0241f,-7.6273f,0.2682f,3.0275f,0.1192f,-1.555f,0f,0f,0f,1f],start_interpolation: 0,interpolation_duration: 1}
$data merge entity $(right_leg) {transformation: [-1.7033f,0.0195f,-0.2234f,-0.6997f,0.1653f,1.2657f,-1.1498f,-5.5728f,0.1515f,-1.1615f,-1.2567f,-3.3852f,0f,0f,0f,1f],start_interpolation: 0,interpolation_duration: 1}
$data merge entity $(weist) {transformation: [-1.6223f,0f,0f,0f,0f,1.1961f,1.096f,-4.2764f,0f,1.096f,-1.1961f,-2.3567f,0f,0f,0f,1f],start_interpolation: 0,interpolation_duration: 1}
data modify storage animated_java:temp entry.data merge value {"locators":{"consume":{"px":-2.799807083,"py":-7.9311273257,"pz":-2.1092772566,"ry":332.02513578,"rx":12.0153083002}}}
# Data Manager: Prepare for Read / Write
execute store result storage animated_java:temp args.id int 1 run scoreboard players get @s aj.id
# Data Manager: Write
function animated_java:global/data_manager/write with storage animated_java:temp args