# This file was generated by Animated Java via MC-Build. It is not recommended to edit this file directly.
$data merge entity $(neck) {transformation: [-1f,0f,0f,0f,0f,-0.5543f,0.8323f,-4.1467f,0f,0.8323f,0.5543f,-0.4095f,0f,0f,0f,1f],start_interpolation: 0,interpolation_duration: 1}
$data merge entity $(right_thumb_2) {transformation: [-0.829f,0.3281f,-0.4528f,-2.5264f,0.2503f,0.9418f,0.2244f,-7.6418f,0.5001f,0.0727f,-0.8629f,-2.0488f,0f,0f,0f,1f],start_interpolation: 0,interpolation_duration: 1}
$data merge entity $(right_thumb) {transformation: [-0.829f,0.3281f,-0.4528f,-2.5373f,0.2503f,0.9418f,0.2244f,-7.3049f,0.5001f,0.0727f,-0.8629f,-1.9391f,0f,0f,0f,1f],start_interpolation: 0,interpolation_duration: 1}
$data merge entity $(right_fingers2) {transformation: [-0.6755f,-0.582f,-0.4528f,-2.7861f,-0.7181f,0.6588f,0.2244f,-8.0662f,0.1677f,0.4767f,-0.8629f,-2.0999f,0f,0f,0f,1f],start_interpolation: 0,interpolation_duration: 1}
$data merge entity $(right_fingers) {transformation: [-0.8736f,-0.1782f,-0.4528f,-2.8648f,-0.3051f,0.9255f,0.2244f,-7.8094f,0.3791f,0.3341f,-0.8629f,-2.0003f,0f,0f,0f,1f],start_interpolation: 0,interpolation_duration: 1}
$data merge entity $(scout) {transformation: [0f,0f,0f,-2.7514f,0f,0f,0f,-7.7876f,0f,0f,0f,-2.1777f,0f,0f,0f,1f],start_interpolation: 0,interpolation_duration: 1}
$data merge entity $(right_hand) {transformation: [-0.829f,0.3281f,-0.4528f,-2.6791f,0.2503f,0.9418f,0.2244f,-7.2223f,0.5001f,0.0727f,-0.8629f,-1.9963f,0f,0f,0f,1f],start_interpolation: 0,interpolation_duration: 1}
$data merge entity $(right_forearm) {transformation: [-1.2484f,0.452f,0.3665f,-1.9332f,0.4622f,1.2972f,-0.0252f,-5.2888f,-0.3534f,0.1001f,-1.3275f,-1.8792f,0f,0f,0f,1f],start_interpolation: 0,interpolation_duration: 1}
$data merge entity $(right_shoulder) {transformation: [-1.3387f,0.5315f,-0.274f,-1.0065f,0.1229f,0.902f,1.1494f,-4.2508f,0.5852f,1.0265f,-0.8681f,-0.7177f,0f,0f,0f,1f],start_interpolation: 0,interpolation_duration: 1}
$data merge entity $(right_arm) {transformation: [-1f,0f,0f,-0.4425f,0f,0.163f,0.9866f,-4.1952f,0f,0.9866f,-0.163f,-0.4333f,0f,0f,0f,1f],start_interpolation: 0,interpolation_duration: 1}
$data merge entity $(left_thumb_2) {transformation: [-0.829f,-0.3281f,0.4528f,2.5264f,-0.2503f,0.9418f,0.2244f,-7.6418f,-0.5001f,0.0727f,-0.8629f,-2.0488f,0f,0f,0f,1f],start_interpolation: 0,interpolation_duration: 1}
$data merge entity $(left_thumb) {transformation: [-0.829f,-0.3281f,0.4528f,2.5373f,-0.2503f,0.9418f,0.2244f,-7.3049f,-0.5001f,0.0727f,-0.8629f,-1.9391f,0f,0f,0f,1f],start_interpolation: 0,interpolation_duration: 1}
$data merge entity $(left_fingers2) {transformation: [-0.6865f,0.569f,0.4528f,2.7887f,0.7054f,0.6724f,0.2244f,-8.0674f,-0.1768f,0.4734f,-0.8629f,-2.0988f,0f,0f,0f,1f],start_interpolation: 0,interpolation_duration: 1}
$data merge entity $(left_fingers) {transformation: [-0.8755f,0.1687f,0.4528f,2.8648f,0.295f,0.9288f,0.2244f,-7.8094f,-0.3827f,0.33f,-0.8629f,-2.0003f,0f,0f,0f,1f],start_interpolation: 0,interpolation_duration: 1}
$data merge entity $(left_hand) {transformation: [-0.829f,-0.3281f,0.4528f,2.6791f,-0.2503f,0.9418f,0.2244f,-7.2223f,-0.5001f,0.0727f,-0.8629f,-1.9963f,0f,0f,0f,1f],start_interpolation: 0,interpolation_duration: 1}
$data merge entity $(left_forearm) {transformation: [-1.2484f,-0.452f,-0.3665f,1.9332f,-0.4622f,1.2972f,-0.0252f,-5.2888f,0.3534f,0.1001f,-1.3275f,-1.8792f,0f,0f,0f,1f],start_interpolation: 0,interpolation_duration: 1}
$data merge entity $(left_shoulder) {transformation: [-1.3387f,-0.5315f,0.274f,1.0065f,-0.1229f,0.902f,1.1494f,-4.2508f,-0.5852f,1.0265f,-0.8681f,-0.7177f,0f,0f,0f,1f],start_interpolation: 0,interpolation_duration: 1}
$data merge entity $(left_arm) {transformation: [-1f,0f,0f,0.4426f,0f,0.163f,0.9866f,-4.1952f,0f,0.9866f,-0.163f,-0.4333f,0f,0f,0f,1f],start_interpolation: 0,interpolation_duration: 1}
$data merge entity $(chest) {transformation: [-1.2785f,0f,0f,0f,0f,0.2084f,1.2614f,-4.4555f,0f,1.2614f,-0.2084f,-2.2208f,0f,0f,0f,1f],start_interpolation: 0,interpolation_duration: 1}
$data merge entity $(left_cheek) {transformation: [-0.9975f,-0.0698f,-0.0109f,0.4405f,-0.0691f,0.9301f,0.3607f,-4.5208f,-0.0151f,0.3606f,-0.9326f,-3.3361f,0f,0f,0f,1f],start_interpolation: 0,interpolation_duration: 1}
$data merge entity $(left_foot) {transformation: [-1.0176f,0.0981f,-0.014f,1.0956f,-0.0991f,-1.0103f,0.1213f,-7.6156f,-0.0022f,0.1221f,1.015f,-5.7633f,0f,0f,0f,1f],start_interpolation: 0,interpolation_duration: 1}
$data merge entity $(left_knee) {transformation: [-3.0157f,-0.2631f,-0.2974f,0.8059f,-0.2908f,-0.0873f,3.0265f,-7.6042f,-0.2703f,3.0291f,0.0614f,-1.5607f,0f,0f,0f,1f],start_interpolation: 0,interpolation_duration: 1}
$data merge entity $(left_leg) {transformation: [-1.7033f,-0.018f,0.2235f,0.6997f,-0.1643f,1.2658f,-1.1499f,-5.5495f,-0.1527f,-1.1614f,-1.2566f,-3.3909f,0f,0f,0f,1f],start_interpolation: 0,interpolation_duration: 1}
$data merge entity $(right_cheek) {transformation: [-0.9975f,0.0698f,0.0109f,-0.4405f,0.0691f,0.9301f,0.3607f,-4.5208f,0.0151f,0.3606f,-0.9326f,-3.3361f,0f,0f,0f,1f],start_interpolation: 0,interpolation_duration: 1}
$data merge entity $(right_foot) {transformation: [-1.0185f,-0.0689f,-0.057f,-1.0956f,0.0545f,-0.9951f,0.2283f,-7.6156f,-0.0708f,0.2244f,0.9949f,-5.7633f,0f,0f,0f,1f],start_interpolation: 0,interpolation_duration: 1}
$data merge entity $(right_knee) {transformation: [-3.0157f,0.2631f,0.2974f,-0.8059f,0.2908f,-0.0873f,3.0265f,-7.6042f,0.2703f,3.0291f,0.0614f,-1.5607f,0f,0f,0f,1f],start_interpolation: 0,interpolation_duration: 1}
$data merge entity $(right_leg) {transformation: [-1.7033f,0.018f,-0.2235f,-0.6997f,0.1643f,1.2658f,-1.1499f,-5.5495f,0.1527f,-1.1614f,-1.2566f,-3.3909f,0f,0f,0f,1f],start_interpolation: 0,interpolation_duration: 1}
$data merge entity $(weist) {transformation: [-1.6223f,0f,0f,0f,0f,1.1884f,1.1044f,-4.2604f,0f,1.1044f,-1.1884f,-2.3533f,0f,0f,0f,1f],start_interpolation: 0,interpolation_duration: 1}
data modify storage animated_java:temp entry.data merge value {"locators":{"consume":{"px":-2.7445803632,"py":-7.9573692046,"pz":-2.1807711622,"ry":332.3140527394,"rx":12.9647135537}}}
# Data Manager: Prepare for Read / Write
execute store result storage animated_java:temp args.id int 1 run scoreboard players get @s aj.id
# Data Manager: Write
function animated_java:global/data_manager/write with storage animated_java:temp args