# This file was generated by Animated Java via MC-Build. It is not recommended to edit this file directly.
$data merge entity $(neck) {transformation: [-1f,0f,0f,0f,0f,-0.5437f,0.8393f,-4.1315f,0f,0.8393f,0.5437f,-0.403f,0f,0f,0f,1f],start_interpolation: 0,interpolation_duration: 1}
$data merge entity $(right_thumb_2) {transformation: [-0.8365f,0.3148f,-0.4485f,-2.4885f,0.2358f,0.9457f,0.2239f,-7.6639f,0.4946f,0.0815f,-0.8653f,-2.0393f,0f,0f,0f,1f],start_interpolation: 0,interpolation_duration: 1}
$data merge entity $(right_thumb) {transformation: [-0.8365f,0.3148f,-0.4485f,-2.5049f,0.2358f,0.9457f,0.2239f,-7.3279f,0.4946f,0.0815f,-0.8653f,-1.9276f,0f,0f,0f,1f],start_interpolation: 0,interpolation_duration: 1}
$data merge entity $(right_fingers2) {transformation: [-0.7245f,-0.5234f,-0.4485f,-2.7563f,-0.658f,0.719f,0.2239f,-8.0978f,0.2053f,0.4573f,-0.8653f,-2.0896f,0f,0f,0f,1f],start_interpolation: 0,interpolation_duration: 1}
$data merge entity $(right_fingers) {transformation: [-0.8824f,-0.142f,-0.4485f,-2.825f,-0.2647f,0.938f,0.2239f,-7.8363f,0.3889f,0.3163f,-0.8653f,-1.9948f,0f,0f,0f,1f],start_interpolation: 0,interpolation_duration: 1}
$data merge entity $(scout) {transformation: [0f,0f,0f,-2.7104f,0f,0f,0f,-7.8119f,0f,0f,0f,-2.1711f,0f,0f,0f,1f],start_interpolation: 0,interpolation_duration: 1}
$data merge entity $(right_hand) {transformation: [-0.8365f,0.3148f,-0.4485f,-2.6473f,0.2358f,0.9457f,0.2239f,-7.2468f,0.4946f,0.0815f,-0.8653f,-1.9855f,0f,0f,0f,1f],start_interpolation: 0,interpolation_duration: 1}
$data merge entity $(right_forearm) {transformation: [-1.2515f,0.4336f,0.3779f,-1.9285f,0.4477f,1.3025f,-0.0116f,-5.3043f,-0.361f,0.1123f,-1.3245f,-1.8496f,0f,0f,0f,1f],start_interpolation: 0,interpolation_duration: 1}
$data merge entity $(right_shoulder) {transformation: [-1.3387f,0.5275f,-0.2818f,-1.0065f,0.1268f,0.9256f,1.1301f,-4.2377f,0.5844f,1.0074f,-0.8907f,-0.7105f,0f,0f,0f,1f],start_interpolation: 0,interpolation_duration: 1}
$data merge entity $(right_arm) {transformation: [-1f,0f,0f,-0.4425f,0f,0.1697f,0.9855f,-4.1802f,0f,0.9855f,-0.1697f,-0.4264f,0f,0f,0f,1f],start_interpolation: 0,interpolation_duration: 1}
$data merge entity $(left_thumb_2) {transformation: [-0.8365f,-0.3148f,0.4485f,2.4885f,-0.2358f,0.9457f,0.2239f,-7.6639f,-0.4946f,0.0815f,-0.8653f,-2.0393f,0f,0f,0f,1f],start_interpolation: 0,interpolation_duration: 1}
$data merge entity $(left_thumb) {transformation: [-0.8365f,-0.3148f,0.4485f,2.5049f,-0.2358f,0.9457f,0.2239f,-7.3279f,-0.4946f,0.0815f,-0.8653f,-1.9276f,0f,0f,0f,1f],start_interpolation: 0,interpolation_duration: 1}
$data merge entity $(left_fingers2) {transformation: [-0.7208f,0.5285f,0.4485f,2.7553f,0.6631f,0.7143f,0.2239f,-8.0974f,-0.202f,0.4588f,-0.8653f,-2.09f,0f,0f,0f,1f],start_interpolation: 0,interpolation_duration: 1}
$data merge entity $(left_fingers) {transformation: [-0.8818f,0.1456f,0.4485f,2.825f,0.2686f,0.9369f,0.2239f,-7.8363f,-0.3876f,0.3179f,-0.8653f,-1.9948f,0f,0f,0f,1f],start_interpolation: 0,interpolation_duration: 1}
$data merge entity $(left_hand) {transformation: [-0.8365f,-0.3148f,0.4485f,2.6473f,-0.2358f,0.9457f,0.2239f,-7.2468f,-0.4946f,0.0815f,-0.8653f,-1.9855f,0f,0f,0f,1f],start_interpolation: 0,interpolation_duration: 1}
$data merge entity $(left_forearm) {transformation: [-1.2515f,-0.4336f,-0.3779f,1.9285f,-0.4477f,1.3025f,-0.0116f,-5.3043f,0.361f,0.1123f,-1.3245f,-1.8496f,0f,0f,0f,1f],start_interpolation: 0,interpolation_duration: 1}
$data merge entity $(left_shoulder) {transformation: [-1.3387f,-0.5275f,0.2818f,1.0065f,-0.1268f,0.9256f,1.1301f,-4.2377f,-0.5844f,1.0074f,-0.8907f,-0.7105f,0f,0f,0f,1f],start_interpolation: 0,interpolation_duration: 1}
$data merge entity $(left_arm) {transformation: [-1f,0f,0f,0.4426f,0f,0.1697f,0.9855f,-4.1802f,0f,0.9855f,-0.1697f,-0.4264f,0f,0f,0f,1f],start_interpolation: 0,interpolation_duration: 1}
$data merge entity $(chest) {transformation: [-1.2785f,0f,0f,0f,0f,0.2169f,1.26f,-4.4525f,0f,1.26f,-0.2169f,-2.2121f,0f,0f,0f,1f],start_interpolation: 0,interpolation_duration: 1}
$data merge entity $(left_cheek) {transformation: [-0.9975f,-0.0701f,-0.0114f,0.4401f,-0.0695f,0.9301f,0.3607f,-4.525f,-0.0147f,0.3606f,-0.9326f,-3.3227f,0f,0f,0f,1f],start_interpolation: 0,interpolation_duration: 1}
$data merge entity $(left_foot) {transformation: [-1.0176f,0.097f,-0.0149f,1.1013f,-0.0982f,-1.0085f,0.1361f,-7.681f,-0.0018f,0.1369f,1.0132f,-5.7491f,0f,0f,0f,1f],start_interpolation: 0,interpolation_duration: 1}
$data merge entity $(left_knee) {transformation: [-3.0157f,-0.2661f,-0.2947f,0.8075f,-0.292f,-0.0429f,3.0274f,-7.6082f,-0.269f,3.0298f,0.017f,-1.5474f,0f,0f,0f,1f],start_interpolation: 0,interpolation_duration: 1}
$data merge entity $(left_leg) {transformation: [-1.7033f,-0.019f,0.2234f,0.6997f,-0.1649f,1.2657f,-1.1499f,-5.5536f,-0.1519f,-1.1615f,-1.2567f,-3.3777f,0f,0f,0f,1f],start_interpolation: 0,interpolation_duration: 1}
$data merge entity $(right_cheek) {transformation: [-0.9975f,0.0701f,0.0114f,-0.4401f,0.0695f,0.9301f,0.3607f,-4.525f,0.0147f,0.3606f,-0.9326f,-3.3227f,0f,0f,0f,1f],start_interpolation: 0,interpolation_duration: 1}
$data merge entity $(right_foot) {transformation: [-1.0186f,-0.0677f,-0.0562f,-1.1013f,0.0526f,-0.9917f,0.2427f,-7.681f,-0.0706f,0.239f,0.9915f,-5.7491f,0f,0f,0f,1f],start_interpolation: 0,interpolation_duration: 1}
$data merge entity $(right_knee) {transformation: [-3.0157f,0.2661f,0.2947f,-0.8075f,0.292f,-0.0429f,3.0274f,-7.6082f,0.269f,3.0298f,0.017f,-1.5474f,0f,0f,0f,1f],start_interpolation: 0,interpolation_duration: 1}
$data merge entity $(right_leg) {transformation: [-1.7033f,0.019f,-0.2234f,-0.6997f,0.1649f,1.2657f,-1.1499f,-5.5536f,0.1519f,-1.1615f,-1.2567f,-3.3777f,0f,0f,0f,1f],start_interpolation: 0,interpolation_duration: 1}
$data merge entity $(weist) {transformation: [-1.6223f,0f,0f,0f,0f,1.1932f,1.0992f,-4.2599f,0f,1.0992f,-1.1932f,-2.3457f,0f,0f,0f,1f],start_interpolation: 0,interpolation_duration: 1}
data modify storage animated_java:temp entry.data merge value {"locators":{"consume":{"px":-2.7012671779,"py":-7.9814678414,"pz":-2.1752018683,"ry":332.6008516472,"rx":12.9371765317}}}
# Data Manager: Prepare for Read / Write
execute store result storage animated_java:temp args.id int 1 run scoreboard players get @s aj.id
# Data Manager: Write
function animated_java:global/data_manager/write with storage animated_java:temp args