# This file was generated by Animated Java via MC-Build. It is not recommended to edit this file directly.
$data merge entity $(neck) {transformation: [-1f,0f,0f,0f,0f,-0.5373f,0.8434f,-4.1201f,0f,0.8434f,0.5373f,-0.3986f,0f,0f,0f,1f],start_interpolation: 0,interpolation_duration: 1}
$data merge entity $(right_thumb_2) {transformation: [-0.8413f,0.3057f,-0.4458f,-2.4625f,0.2257f,0.9481f,0.224f,-7.6762f,0.4911f,0.0879f,-0.8666f,-2.0342f,0f,0f,0f,1f],start_interpolation: 0,interpolation_duration: 1}
$data merge entity $(right_thumb) {transformation: [-0.8413f,0.3057f,-0.4458f,-2.4826f,0.2257f,0.9481f,0.224f,-7.3409f,0.4911f,0.0879f,-0.8666f,-1.9209f,0f,0f,0f,1f],start_interpolation: 0,interpolation_duration: 1}
$data merge entity $(right_fingers2) {transformation: [-0.7547f,-0.4814f,-0.4458f,-2.7359f,-0.6147f,0.7562f,0.224f,-8.1162f,0.2293f,0.4431f,-0.8666f,-2.084f,0f,0f,0f,1f],start_interpolation: 0,interpolation_duration: 1}
$data merge entity $(right_fingers) {transformation: [-0.8874f,-0.1173f,-0.4458f,-2.7977f,-0.2375f,0.9452f,0.224f,-7.8519f,0.3951f,0.3047f,-0.8666f,-1.9924f,0f,0f,0f,1f],start_interpolation: 0,interpolation_duration: 1}
$data merge entity $(scout) {transformation: [0f,0f,0f,-2.6824f,0f,0f,0f,-7.8255f,0f,0f,0f,-2.1679f,0f,0f,0f,1f],start_interpolation: 0,interpolation_duration: 1}
$data merge entity $(right_hand) {transformation: [-0.8413f,0.3057f,-0.4458f,-2.6254f,0.2257f,0.9481f,0.224f,-7.2608f,0.4911f,0.0879f,-0.8666f,-1.9792f,0f,0f,0f,1f],start_interpolation: 0,interpolation_duration: 1}
$data merge entity $(right_forearm) {transformation: [-1.2536f,0.421f,0.3852f,-1.9252f,0.4381f,1.3058f,-0.0017f,-5.3126f,-0.3657f,0.121f,-1.3224f,-1.8299f,0f,0f,0f,1f],start_interpolation: 0,interpolation_duration: 1}
$data merge entity $(right_shoulder) {transformation: [-1.3387f,0.5246f,-0.287f,-1.0065f,0.1292f,0.9408f,1.1172f,-4.2276f,0.5839f,0.9948f,-0.9052f,-0.7057f,0f,0f,0f,1f],start_interpolation: 0,interpolation_duration: 1}
$data merge entity $(right_arm) {transformation: [-1f,0f,0f,-0.4425f,0f,0.1736f,0.9848f,-4.1689f,0f,0.9848f,-0.1736f,-0.4218f,0f,0f,0f,1f],start_interpolation: 0,interpolation_duration: 1}
$data merge entity $(left_thumb_2) {transformation: [-0.8413f,-0.3057f,0.4458f,2.4625f,-0.2257f,0.9481f,0.224f,-7.6762f,-0.4911f,0.0879f,-0.8666f,-2.0342f,0f,0f,0f,1f],start_interpolation: 0,interpolation_duration: 1}
$data merge entity $(left_thumb) {transformation: [-0.8413f,-0.3057f,0.4458f,2.4826f,-0.2257f,0.9481f,0.224f,-7.3409f,-0.4911f,0.0879f,-0.8666f,-1.9209f,0f,0f,0f,1f],start_interpolation: 0,interpolation_duration: 1}
$data merge entity $(left_fingers2) {transformation: [-0.7547f,0.4814f,0.4458f,2.7359f,0.6147f,0.7562f,0.224f,-8.1162f,-0.2293f,0.4431f,-0.8666f,-2.084f,0f,0f,0f,1f],start_interpolation: 0,interpolation_duration: 1}
$data merge entity $(left_fingers) {transformation: [-0.8874f,0.1173f,0.4458f,2.7977f,0.2375f,0.9452f,0.224f,-7.8519f,-0.3951f,0.3047f,-0.8666f,-1.9924f,0f,0f,0f,1f],start_interpolation: 0,interpolation_duration: 1}
$data merge entity $(left_hand) {transformation: [-0.8413f,-0.3057f,0.4458f,2.6254f,-0.2257f,0.9481f,0.224f,-7.2608f,-0.4911f,0.0879f,-0.8666f,-1.9792f,0f,0f,0f,1f],start_interpolation: 0,interpolation_duration: 1}
$data merge entity $(left_forearm) {transformation: [-1.2536f,-0.421f,-0.3852f,1.9252f,-0.4381f,1.3058f,-0.0017f,-5.3126f,0.3657f,0.121f,-1.3224f,-1.8299f,0f,0f,0f,1f],start_interpolation: 0,interpolation_duration: 1}
$data merge entity $(left_shoulder) {transformation: [-1.3387f,-0.5246f,0.287f,1.0065f,-0.1292f,0.9408f,1.1172f,-4.2276f,-0.5839f,0.9948f,-0.9052f,-0.7057f,0f,0f,0f,1f],start_interpolation: 0,interpolation_duration: 1}
$data merge entity $(left_arm) {transformation: [-1f,0f,0f,0.4426f,0f,0.1736f,0.9848f,-4.1689f,0f,0.9848f,-0.1736f,-0.4218f,0f,0f,0f,1f],start_interpolation: 0,interpolation_duration: 1}
$data merge entity $(chest) {transformation: [-1.2785f,0f,0f,0f,0f,0.222f,1.2591f,-4.4485f,0f,1.2591f,-0.222f,-2.2064f,0f,0f,0f,1f],start_interpolation: 0,interpolation_duration: 1}
$data merge entity $(left_cheek) {transformation: [-0.9975f,-0.0702f,-0.0117f,0.4399f,-0.0697f,0.9301f,0.3607f,-4.5251f,-0.0144f,0.3606f,-0.9326f,-3.3142f,0f,0f,0f,1f],start_interpolation: 0,interpolation_duration: 1}
$data merge entity $(left_foot) {transformation: [-1.0177f,0.0963f,-0.0155f,1.1051f,-0.0975f,-1.0072f,0.1461f,-7.7225f,-0.0015f,0.1469f,1.0118f,-5.7394f,0f,0f,0f,1f],start_interpolation: 0,interpolation_duration: 1}
$data merge entity $(left_knee) {transformation: [-3.0157f,-0.2682f,-0.2927f,0.8084f,-0.2927f,-0.013f,3.0276f,-7.6082f,-0.2682f,3.0299f,-0.013f,-1.5389f,0f,0f,0f,1f],start_interpolation: 0,interpolation_duration: 1}
$data merge entity $(left_leg) {transformation: [-1.7033f,-0.0195f,0.2234f,0.6997f,-0.1653f,1.2657f,-1.1498f,-5.5537f,-0.1515f,-1.1615f,-1.2567f,-3.3691f,0f,0f,0f,1f],start_interpolation: 0,interpolation_duration: 1}
$data merge entity $(right_cheek) {transformation: [-0.9975f,0.0702f,0.0117f,-0.4399f,0.0697f,0.9301f,0.3607f,-4.5251f,0.0144f,0.3606f,-0.9326f,-3.3142f,0f,0f,0f,1f],start_interpolation: 0,interpolation_duration: 1}
$data merge entity $(right_foot) {transformation: [-1.0187f,-0.0669f,-0.0557f,-1.1051f,0.0512f,-0.9894f,0.2524f,-7.7225f,-0.0704f,0.2487f,0.9891f,-5.7394f,0f,0f,0f,1f],start_interpolation: 0,interpolation_duration: 1}
$data merge entity $(right_knee) {transformation: [-3.0157f,0.2682f,0.2927f,-0.8084f,0.2927f,-0.013f,3.0276f,-7.6082f,0.2682f,3.0299f,-0.013f,-1.5389f,0f,0f,0f,1f],start_interpolation: 0,interpolation_duration: 1}
$data merge entity $(right_leg) {transformation: [-1.7033f,0.0195f,-0.2234f,-0.6997f,0.1653f,1.2657f,-1.1498f,-5.5537f,0.1515f,-1.1615f,-1.2567f,-3.3691f,0f,0f,0f,1f],start_interpolation: 0,interpolation_duration: 1}
$data merge entity $(weist) {transformation: [-1.6223f,0f,0f,0f,0f,1.1961f,1.096f,-4.2573f,0f,1.096f,-1.1961f,-2.3406f,0f,0f,0f,1f],start_interpolation: 0,interpolation_duration: 1}
data modify storage animated_java:temp entry.data merge value {"locators":{"consume":{"px":-2.6716375396,"py":-7.9950385388,"pz":-2.1728177959,"ry":332.7789478798,"rx":12.9461930199}}}
# Data Manager: Prepare for Read / Write
execute store result storage animated_java:temp args.id int 1 run scoreboard players get @s aj.id
# Data Manager: Write
function animated_java:global/data_manager/write with storage animated_java:temp args