# This file was generated by Animated Java via MC-Build. It is not recommended to edit this file directly.
$data merge entity $(neck) {transformation: [-1f,0f,0f,0f,0f,0.8979f,-0.4402f,-5.1801f,0f,-0.4402f,-0.8979f,0.389f,0f,0f,0f,1f],start_interpolation: 0,interpolation_duration: 1}
$data merge entity $(right_thumb_2) {transformation: [-0.8612f,0.1776f,-0.4762f,-2.3289f,0.4886f,0.5475f,-0.6794f,-8.2772f,0.1401f,-0.8177f,-0.5583f,2.5446f,0f,0f,0f,1f],start_interpolation: 0,interpolation_duration: 1}
$data merge entity $(right_thumb) {transformation: [-0.8612f,0.1885f,-0.472f,-2.3892f,0.4886f,0.563f,-0.6666f,-8.0142f,0.1401f,-0.8047f,-0.5769f,2.3146f,0f,0f,0f,1f],start_interpolation: 0,interpolation_duration: 1}
$data merge entity $(right_fingers2) {transformation: [-0.8411f,0.2576f,-0.4756f,-2.6676f,0.537f,0.5027f,-0.6774f,-8.5014f,0.0646f,-0.8252f,-0.5612f,2.9951f,0f,0f,0f,1f],start_interpolation: 0,interpolation_duration: 1}
$data merge entity $(right_fingers) {transformation: [-0.8539f,0.2111f,-0.4756f,-2.635f,0.5087f,0.5314f,-0.6774f,-8.3406f,0.1097f,-0.8204f,-0.5612f,2.7603f,0f,0f,0f,1f],start_interpolation: 0,interpolation_duration: 1}
$data merge entity $(scout) {transformation: [0f,0f,0f,-2.525f,0f,0f,0f,-8.4748f,0f,0f,0f,2.639f,0f,0f,0f,1f],start_interpolation: 0,interpolation_duration: 1}
$data merge entity $(right_hand) {transformation: [-0.8612f,0.1793f,-0.4756f,-2.5416f,0.4886f,0.5499f,-0.6774f,-8.0353f,0.1401f,-0.8158f,-0.5612f,2.2337f,0f,0f,0f,1f],start_interpolation: 0,interpolation_duration: 1}
$data merge entity $(right_forearm) {transformation: [-1.309f,0.247f,0.3502f,-2.1025f,-0.1618f,0.7574f,-1.139f,-6.9294f,-0.3968f,-1.1236f,-0.6908f,0.533f,0f,0f,0f,1f],start_interpolation: 0,interpolation_duration: 1}
$data merge entity $(right_shoulder) {transformation: [-1.2954f,0.6858f,0.0383f,-1.0065f,0.6815f,1.2935f,-0.1113f,-5.4862f,-0.0859f,-0.0805f,-1.4615f,0.4991f,0f,0f,0f,1f],start_interpolation: 0,interpolation_duration: 1}
$data merge entity $(right_arm) {transformation: [-1f,0f,0f,-0.4426f,0f,0.9832f,-0.1823f,-5.2029f,0f,-0.1823f,-0.9832f,0.438f,0f,0f,0f,1f],start_interpolation: 0,interpolation_duration: 1}
$data merge entity $(left_thumb_2) {transformation: [-0.885f,-0.2557f,0.389f,2.4778f,-0.4435f,0.7172f,-0.5375f,-8.6668f,-0.1416f,-0.6483f,-0.7481f,1.6996f,0f,0f,0f,1f],start_interpolation: 0,interpolation_duration: 1}
$data merge entity $(left_thumb) {transformation: [-0.885f,-0.2645f,0.3831f,2.5185f,-0.4435f,0.7294f,-0.5209f,-8.359f,-0.1416f,-0.6309f,-0.7628f,1.5284f,0f,0f,0f,1f],start_interpolation: 0,interpolation_duration: 1}
$data merge entity $(left_fingers2) {transformation: [-0.8577f,-0.3372f,0.3881f,2.86f,-0.5076f,0.6754f,-0.535f,-8.9869f,-0.0818f,-0.6559f,-0.7504f,2.0452f,0f,0f,0f,1f],start_interpolation: 0,interpolation_duration: 1}
$data merge entity $(left_fingers) {transformation: [-0.8749f,-0.2897f,0.3881f,2.805f,-0.4699f,0.7022f,-0.535f,-8.7774f,-0.1175f,-0.6504f,-0.7504f,1.8577f,0f,0f,0f,1f],start_interpolation: 0,interpolation_duration: 1}
$data merge entity $(left_hand) {transformation: [-0.885f,-0.257f,0.3881f,2.6598f,-0.4435f,0.7191f,-0.535f,-8.3616f,-0.1416f,-0.6456f,-0.7504f,1.4273f,0f,0f,0f,1f],start_interpolation: 0,interpolation_duration: 1}
$data merge entity $(left_forearm) {transformation: [-1.2492f,-0.354f,-0.4598f,2.058f,0.0706f,0.9905f,-0.9545f,-6.9018f,0.576f,-0.8892f,-0.8801f,0.0801f,0f,0f,0f,1f],start_interpolation: 0,interpolation_duration: 1}
$data merge entity $(left_shoulder) {transformation: [-1.2954f,-0.6538f,-0.2105f,1.0065f,-0.6815f,1.2796f,0.2194f,-5.4862f,0.0859f,0.2917f,-1.4344f,0.4991f,0f,0f,0f,1f],start_interpolation: 0,interpolation_duration: 1}
$data merge entity $(left_arm) {transformation: [-1f,0f,0f,0.4425f,0f,0.9832f,-0.1823f,-5.2029f,0f,-0.1823f,-0.9832f,0.438f,0f,0f,0f,1f],start_interpolation: 0,interpolation_duration: 1}
$data merge entity $(chest) {transformation: [-1.2785f,0f,0f,0f,0f,1.2571f,-0.2331f,-6.9849f,0f,-0.2331f,-1.2571f,0.7333f,0f,0f,0f,1f],start_interpolation: 0,interpolation_duration: 1}
$data merge entity $(left_cheek) {transformation: [-0.9974f,-0.071f,0.008f,0.43f,-0.0711f,0.9974f,-0.007f,-7.7235f,-0.0075f,-0.0076f,-0.9999f,0.2712f,0f,0f,0f,1f],start_interpolation: 0,interpolation_duration: 1}
$data merge entity $(left_foot) {transformation: [-1.0212f,-0.0454f,0.017f,1.63f,-0.0458f,1.021f,-0.0264f,-15.7229f,-0.0158f,-0.0272f,-1.0219f,0.6636f,0f,0f,0f,1f],start_interpolation: 0,interpolation_duration: 1}
$data merge entity $(left_knee) {transformation: [-3.0132f,-0.4156f,0.011f,1.1417f,-0.413f,3.0011f,0.2734f,-11.5463f,-0.0482f,0.2694f,-3.0294f,0.9138f,0f,0f,0f,1f],start_interpolation: 0,interpolation_duration: 1}
$data merge entity $(left_leg) {transformation: [-1.7018f,-0.2315f,0.0394f,0.6989f,-0.2333f,1.6998f,-0.0877f,-8.8302f,-0.0272f,-0.0923f,-1.7153f,0.8152f,0f,0f,0f,1f],start_interpolation: 0,interpolation_duration: 1}
$data merge entity $(right_cheek) {transformation: [-0.9973f,0.0728f,0.0074f,-0.4236f,0.0728f,0.9973f,-0.0066f,-7.7235f,-0.0079f,-0.0061f,-1f,0.2637f,0f,0f,0f,1f],start_interpolation: 0,interpolation_duration: 1}
$data merge entity $(right_foot) {transformation: [-1.0213f,0.0473f,0.0029f,-1.6347f,0.0472f,1.021f,-0.0234f,-15.7212f,-0.004f,-0.0232f,-1.0221f,0.5762f,0f,0f,0f,1f],start_interpolation: 0,interpolation_duration: 1}
$data merge entity $(right_knee) {transformation: [-3.0132f,0.4135f,0.0408f,-1.1473f,0.4155f,2.9988f,0.2941f,-11.5468f,-0.0003f,0.2969f,-3.0272f,0.8633f,0f,0f,0f,1f],start_interpolation: 0,interpolation_duration: 1}
$data merge entity $(right_leg) {transformation: [-1.7019f,0.2345f,-0.0091f,-0.7005f,0.2347f,1.7005f,-0.067f,-8.8302f,-0.0002f,-0.0676f,-1.7166f,0.8053f,0f,0f,0f,1f],start_interpolation: 0,interpolation_duration: 1}
$data merge entity $(weist) {transformation: [-1.6223f,0f,0.0115f,0f,0f,1.6223f,0f,-7.1795f,-0.0115f,0f,-1.6223f,0.6927f,0f,0f,0f,1f],start_interpolation: 0,interpolation_duration: 1}
data modify storage animated_java:temp entry.data merge value {"locators":{"consume":{"px":-2.4922229002,"py":-8.559785114,"pz":2.7824515954,"ry":319.7177514415,"rx":-42.6420122493}}}
# Data Manager: Prepare for Read / Write
execute store result storage animated_java:temp args.id int 1 run scoreboard players get @s aj.id
# Data Manager: Write
function animated_java:global/data_manager/write with storage animated_java:temp args