# This file was generated by Animated Java via MC-Build. It is not recommended to edit this file directly.
$data merge entity $(neck) {transformation: [-1f,0f,0f,0f,0f,0.8913f,-0.4534f,-5.1922f,0f,-0.4534f,-0.8913f,0.3951f,0f,0f,0f,1f],start_interpolation: 0,interpolation_duration: 1}
$data merge entity $(right_thumb_2) {transformation: [-0.8708f,0.2044f,-0.4471f,-2.4008f,0.4619f,0.6513f,-0.602f,-8.5269f,0.1682f,-0.7308f,-0.6616f,2.075f,0f,0f,0f,1f],start_interpolation: 0,interpolation_duration: 1}
$data merge entity $(right_thumb) {transformation: [-0.8708f,0.2205f,-0.4394f,-2.4528f,0.4619f,0.6727f,-0.578f,-8.2338f,0.1682f,-0.7063f,-0.6877f,1.8824f,0f,0f,0f,1f],start_interpolation: 0,interpolation_duration: 1}
$data merge entity $(right_fingers2) {transformation: [-0.8317f,0.3307f,-0.4459f,-2.7592f,0.5518f,0.581f,-0.5984f,-8.806f,0.0612f,-0.7437f,-0.6657f,2.481f,0f,0f,0f,1f],start_interpolation: 0,interpolation_duration: 1}
$data merge entity $(right_fingers) {transformation: [-0.8572f,0.2576f,-0.4459f,-2.7132f,0.4995f,0.6265f,-0.5984f,-8.6178f,0.1253f,-0.7357f,-0.6657f,2.27f,0f,0f,0f,1f],start_interpolation: 0,interpolation_duration: 1}
$data merge entity $(scout) {transformation: [0f,0f,0f,-2.5971f,0f,0f,0f,-8.7342f,0f,0f,0f,2.1366f,0f,0f,0f,1f],start_interpolation: 0,interpolation_duration: 1}
$data merge entity $(right_hand) {transformation: [-0.8708f,0.2069f,-0.4459f,-2.6015f,0.4619f,0.6547f,-0.5984f,-8.2445f,0.1682f,-0.727f,-0.6657f,1.7932f,0f,0f,0f,1f],start_interpolation: 0,interpolation_duration: 1}
$data merge entity $(right_forearm) {transformation: [-1.2946f,0.2849f,0.3743f,-2.1049f,-0.1011f,0.9017f,-1.0362f,-6.92f,-0.4594f,-1.0014f,-0.8266f,0.2741f,0f,0f,0f,1f],start_interpolation: 0,interpolation_duration: 1}
$data merge entity $(right_shoulder) {transformation: [-1.2895f,0.6904f,0.1011f,-1.0065f,0.6969f,1.2851f,0.113f,-5.4973f,-0.0355f,0.1474f,-1.4584f,0.5079f,0f,0f,0f,1f],start_interpolation: 0,interpolation_duration: 1}
$data merge entity $(right_arm) {transformation: [-1f,0f,0f,-0.4426f,0f,0.9816f,-0.1908f,-5.2146f,0f,-0.1908f,-0.9816f,0.4444f,0f,0f,0f,1f],start_interpolation: 0,interpolation_duration: 1}
$data merge entity $(left_thumb_2) {transformation: [-0.8922f,-0.2733f,0.3596f,2.5138f,-0.4221f,0.788f,-0.4482f,-8.7782f,-0.1609f,-0.5517f,-0.8184f,1.2439f,0f,0f,0f,1f],start_interpolation: 0,interpolation_duration: 1}
$data merge entity $(left_thumb) {transformation: [-0.8922f,-0.2862f,0.3495f,2.549f,-0.4221f,0.8038f,-0.4193f,-8.4512f,-0.1609f,-0.5216f,-0.8379f,1.1117f,0f,0f,0f,1f],start_interpolation: 0,interpolation_duration: 1}
$data merge entity $(left_fingers2) {transformation: [-0.8429f,-0.4015f,0.3581f,2.9103f,-0.532f,0.7211f,-0.4438f,-9.1337f,-0.08f,-0.5646f,-0.8215f,1.5399f,0f,0f,0f,1f],start_interpolation: 0,interpolation_duration: 1}
$data merge entity $(left_fingers) {transformation: [-0.8745f,-0.3271f,0.3581f,2.8444f,-0.4677f,0.7644f,-0.4438f,-8.9059f,-0.1286f,-0.5556f,-0.8215f,1.3791f,0f,0f,0f,1f],start_interpolation: 0,interpolation_duration: 1}
$data merge entity $(left_hand) {transformation: [-0.8922f,-0.2753f,0.3581f,2.6867f,-0.4221f,0.7905f,-0.4438f,-8.4421f,-0.1609f,-0.5471f,-0.8215f,1.006f,0f,0f,0f,1f],start_interpolation: 0,interpolation_duration: 1}
$data merge entity $(left_forearm) {transformation: [-1.2331f,-0.3792f,-0.4825f,2.0467f,-0.0048f,1.0888f,-0.8436f,-6.8333f,0.6137f,-0.7535f,-0.9761f,-0.1388f,0f,0f,0f,1f],start_interpolation: 0,interpolation_duration: 1}
$data merge entity $(left_shoulder) {transformation: [-1.2895f,-0.6469f,-0.2616f,1.0065f,-0.6969f,1.2219f,0.4137f,-5.4973f,0.0355f,0.4881f,-1.3821f,0.5079f,0f,0f,0f,1f],start_interpolation: 0,interpolation_duration: 1}
$data merge entity $(left_arm) {transformation: [-1f,0f,0f,0.4425f,0f,0.9816f,-0.1908f,-5.2146f,0f,-0.1908f,-0.9816f,0.4444f,0f,0f,0f,1f],start_interpolation: 0,interpolation_duration: 1}
$data merge entity $(chest) {transformation: [-1.2785f,0f,0f,0f,0f,1.2551f,-0.244f,-6.994f,0f,-0.244f,-1.2551f,0.755f,0f,0f,0f,1f],start_interpolation: 0,interpolation_duration: 1}
$data merge entity $(left_cheek) {transformation: [-0.9974f,-0.071f,0.0133f,0.4362f,-0.0712f,0.9973f,-0.0154f,-7.7624f,-0.0122f,-0.0163f,-0.9998f,0.2921f,0f,0f,0f,1f],start_interpolation: 0,interpolation_duration: 1}
$data merge entity $(left_foot) {transformation: [-1.0211f,-0.0462f,0.0192f,1.6498f,-0.0475f,1.0183f,-0.0776f,-15.647f,-0.0157f,-0.0784f,-1.0192f,0.3474f,0f,0f,0f,1f],start_interpolation: 0,interpolation_duration: 1}
$data merge entity $(left_knee) {transformation: [-3.0113f,-0.4287f,-0.0167f,1.1422f,-0.4222f,2.9403f,0.6547f,-11.5387f,-0.0761f,0.6504f,-2.9704f,1.1283f,0f,0f,0f,1f],start_interpolation: 0,interpolation_duration: 1}
$data merge entity $(left_leg) {transformation: [-1.7008f,-0.2315f,0.0714f,0.6984f,-0.2385f,1.6893f,-0.2023f,-8.8364f,-0.043f,-0.2102f,-1.7045f,0.8397f,0f,0f,0f,1f],start_interpolation: 0,interpolation_duration: 1}
$data merge entity $(right_cheek) {transformation: [-0.9972f,0.0742f,0.0112f,-0.4264f,0.074f,0.9971f,-0.0148f,-7.7641f,-0.0123f,-0.0139f,-0.9998f,0.2803f,0f,0f,0f,1f],start_interpolation: 0,interpolation_duration: 1}
$data merge entity $(right_foot) {transformation: [-1.0209f,0.0526f,0.0118f,-1.6478f,0.0516f,1.0186f,-0.0703f,-15.6418f,-0.0154f,-0.0696f,-1.0199f,0.21f,0f,0f,0f,1f],start_interpolation: 0,interpolation_duration: 1}
$data merge entity $(right_knee) {transformation: [-3.0117f,0.4148f,0.0975f,-1.1562f,0.4261f,2.9325f,0.6865f,-11.5429f,-0.0004f,0.6934f,-2.9617f,1.0484f,0f,0f,0f,1f],start_interpolation: 0,interpolation_duration: 1}
$data merge entity $(right_leg) {transformation: [-1.701f,0.2395f,-0.0238f,-0.701f,0.2407f,1.6925f,-0.1697f,-8.8364f,-0.0002f,-0.1713f,-1.7094f,0.8241f,0f,0f,0f,1f],start_interpolation: 0,interpolation_duration: 1}
$data merge entity $(weist) {transformation: [-1.6222f,0f,0.0181f,0f,0f,1.6223f,0f,-7.1857f,-0.0181f,0f,-1.6222f,0.7144f,0f,0f,0f,1f],start_interpolation: 0,interpolation_duration: 1}
data modify storage animated_java:temp entry.data merge value {"locators":{"consume":{"px":-2.5693178018,"py":-8.8373785044,"pz":2.2686823936,"ry":326.1825573344,"rx":-36.7520415522}}}
# Data Manager: Prepare for Read / Write
execute store result storage animated_java:temp args.id int 1 run scoreboard players get @s aj.id
# Data Manager: Write
function animated_java:global/data_manager/write with storage animated_java:temp args