# This file was generated by Animated Java via MC-Build. It is not recommended to edit this file directly.
$data merge entity $(neck) {transformation: [-1f,0f,0f,0f,0f,0.8866f,-0.4625f,-5.2051f,0f,-0.4625f,-0.8866f,0.3962f,0f,0f,0f,1f],start_interpolation: 0,interpolation_duration: 1}
$data merge entity $(right_thumb_2) {transformation: [-0.8791f,0.2406f,-0.4115f,-2.4844f,0.4324f,0.7658f,-0.476f,-8.7353f,0.2006f,-0.5964f,-0.7772f,1.4279f,0f,0f,0f,1f],start_interpolation: 0,interpolation_duration: 1}
$data merge entity $(right_thumb) {transformation: [-0.8791f,0.2575f,-0.4011f,-2.5262f,0.4324f,0.785f,-0.4437f,-8.4124f,0.2006f,-0.5635f,-0.8014f,1.2876f,0f,0f,0f,1f],start_interpolation: 0,interpolation_duration: 1}
$data merge entity $(right_fingers2) {transformation: [-0.8265f,0.3858f,-0.4099f,-2.8645f,0.554f,0.6864f,-0.4711f,-9.0761f,0.0996f,-0.6165f,-0.7811f,1.7623f,0f,0f,0f,1f],start_interpolation: 0,interpolation_duration: 1}
$data merge entity $(right_fingers) {transformation: [-0.8607f,0.3018f,-0.4099f,-2.8058f,0.4831f,0.738f,-0.4711f,-8.8556f,0.1603f,-0.6035f,-0.7811f,1.5891f,0f,0f,0f,1f],start_interpolation: 0,interpolation_duration: 1}
$data merge entity $(scout) {transformation: [0f,0f,0f,-2.6828f,0f,0f,0f,-8.9481f,0f,0f,0f,1.4438f,0f,0f,0f,1f],start_interpolation: 0,interpolation_duration: 1}
$data merge entity $(right_hand) {transformation: [-0.8791f,0.2432f,-0.4099f,-2.6701f,0.4324f,0.7688f,-0.4711f,-8.4064f,0.2006f,-0.5914f,-0.7811f,1.1904f,0f,0f,0f,1f],start_interpolation: 0,interpolation_duration: 1}
$data merge entity $(right_forearm) {transformation: [-1.2708f,0.335f,0.4124f,-2.0978f,-0.0067f,1.059f,-0.8807f,-6.8434f,-0.5313f,-0.8145f,-0.9754f,-0.0497f,0f,0f,0f,1f],start_interpolation: 0,interpolation_duration: 1}
$data merge entity $(right_shoulder) {transformation: [-1.2817f,0.688f,0.1837f,-1.0065f,0.7116f,1.222f,0.3875f,-5.5094f,0.0287f,0.4279f,-1.4021f,0.5113f,0f,0f,0f,1f],start_interpolation: 0,interpolation_duration: 1}
$data merge entity $(right_arm) {transformation: [-1f,0f,0f,-0.4426f,0f,0.9801f,-0.1984f,-5.2271f,0f,-0.1984f,-0.9801f,0.4456f,0f,0f,0f,1f],start_interpolation: 0,interpolation_duration: 1}
$data merge entity $(left_thumb_2) {transformation: [-0.8975f,-0.2966f,0.3264f,2.5534f,-0.3999f,0.8595f,-0.3183f,-8.8285f,-0.1862f,-0.4162f,-0.89f,0.6575f,0f,0f,0f,1f],start_interpolation: 0,interpolation_duration: 1}
$data merge entity $(left_thumb) {transformation: [-0.8975f,-0.31f,0.3138f,2.5823f,-0.3999f,0.872f,-0.2822f,-8.4847f,-0.1862f,-0.3787f,-0.9066f,0.576f,0f,0f,0f,1f],start_interpolation: 0,interpolation_duration: 1}
$data merge entity $(left_fingers2) {transformation: [-0.8354f,-0.4436f,0.3245f,2.9641f,-0.5373f,0.7832f,-0.3128f,-9.22f,-0.1154f,-0.4357f,-0.8927f,0.8822f,0f,0f,0f,1f],start_interpolation: 0,interpolation_duration: 1}
$data merge entity $(left_fingers) {transformation: [-0.8753f,-0.3584f,0.3245f,2.889f,-0.4569f,0.8327f,-0.3128f,-8.9722f,-0.1581f,-0.4221f,-0.8927f,0.7599f,0f,0f,0f,1f],start_interpolation: 0,interpolation_duration: 1}
$data merge entity $(left_hand) {transformation: [-0.8975f,-0.2987f,0.3245f,2.7154f,-0.3999f,0.8616f,-0.3128f,-8.4588f,-0.1862f,-0.4105f,-0.8927f,0.4674f,0f,0f,0f,1f],start_interpolation: 0,interpolation_duration: 1}
$data merge entity $(left_forearm) {transformation: [-1.2091f,-0.4115f,-0.5157f,2.0267f,-0.1093f,1.1867f,-0.6907f,-6.7014f,0.6506f,-0.5654f,-1.0743f,-0.3961f,0f,0f,0f,1f],start_interpolation: 0,interpolation_duration: 1}
$data merge entity $(left_shoulder) {transformation: [-1.2817f,-0.6335f,-0.3254f,1.0065f,-0.7116f,1.1122f,0.6376f,-5.5094f,-0.0287f,0.7153f,-1.2796f,0.5113f,0f,0f,0f,1f],start_interpolation: 0,interpolation_duration: 1}
$data merge entity $(left_arm) {transformation: [-1f,0f,0f,0.4425f,0f,0.9801f,-0.1984f,-5.2271f,0f,-0.1984f,-0.9801f,0.4456f,0f,0f,0f,1f],start_interpolation: 0,interpolation_duration: 1}
$data merge entity $(chest) {transformation: [-1.2785f,0f,0f,0f,0f,1.2531f,-0.2537f,-7.0041f,0f,-0.2537f,-1.2531f,0.77f,0f,0f,0f,1f],start_interpolation: 0,interpolation_duration: 1}
$data merge entity $(left_cheek) {transformation: [-0.9974f,-0.07f,0.0162f,0.4414f,-0.0703f,0.9972f,-0.0247f,-7.805f,-0.0145f,-0.0258f,-0.9996f,0.3073f,0f,0f,0f,1f],start_interpolation: 0,interpolation_duration: 1}
$data merge entity $(left_foot) {transformation: [-1.021f,-0.0508f,0.0113f,1.6433f,-0.0519f,1.0123f,-0.1336f,-15.4521f,-0.0046f,-0.134f,-1.0135f,-0.0508f,0f,0f,0f,1f],start_interpolation: 0,interpolation_duration: 1}
$data merge entity $(left_knee) {transformation: [-3.0105f,-0.4285f,-0.074f,1.1336f,-0.426f,2.802f,1.1042f,-11.5166f,-0.0874f,1.1033f,-2.8333f,1.3627f,0f,0f,0f,1f],start_interpolation: 0,interpolation_duration: 1}
$data merge entity $(left_leg) {transformation: [-1.7003f,-0.2259f,0.0963f,0.6982f,-0.2406f,1.6676f,-0.3358f,-8.8453f,-0.0494f,-0.3459f,-1.6821f,0.8559f,0f,0f,0f,1f],start_interpolation: 0,interpolation_duration: 1}
$data merge entity $(right_cheek) {transformation: [-0.9972f,0.0742f,0.012f,-0.4305f,0.0739f,0.997f,-0.0241f,-7.809f,-0.0138f,-0.0231f,-0.9996f,0.2939f,0f,0f,0f,1f],start_interpolation: 0,interpolation_duration: 1}
$data merge entity $(right_foot) {transformation: [-1.0202f,0.0621f,0.023f,-1.6282f,0.0589f,1.0133f,-0.1222f,-15.4429f,-0.0302f,-0.1206f,-1.0148f,-0.2054f,0f,0f,0f,1f],start_interpolation: 0,interpolation_duration: 1}
$data merge entity $(right_knee) {transformation: [-3.0111f,0.3983f,0.1632f,-1.1567f,0.4305f,2.7874f,1.1389f,-11.5261f,-0.0005f,1.1506f,-2.8157f,1.2718f,0f,0f,0f,1f],start_interpolation: 0,interpolation_duration: 1}
$data merge entity $(right_leg) {transformation: [-1.7007f,0.2394f,-0.0425f,-0.7012f,0.2431f,1.6742f,-0.2988f,-8.8453f,-0.0003f,-0.3018f,-1.6912f,0.8379f,0f,0f,0f,1f],start_interpolation: 0,interpolation_duration: 1}
$data merge entity $(weist) {transformation: [-1.6222f,0f,0.0208f,0f,0f,1.6223f,0f,-7.1946f,-0.0208f,0f,-1.6222f,0.7293f,0f,0f,0f,1f],start_interpolation: 0,interpolation_duration: 1}
data modify storage animated_java:temp entry.data merge value {"locators":{"consume":{"px":-2.661659553,"py":-9.0727381981,"pz":1.557240563,"ry":332.3085418579,"rx":-28.1051211357}}}
# Data Manager: Prepare for Read / Write
execute store result storage animated_java:temp args.id int 1 run scoreboard players get @s aj.id
# Data Manager: Write
function animated_java:global/data_manager/write with storage animated_java:temp args