# This file was generated by Animated Java via MC-Build. It is not recommended to edit this file directly.
$data merge entity $(neck) {transformation: [-1f,0f,0f,0f,0f,0.8839f,-0.4676f,-5.2178f,0f,-0.4676f,-0.8839f,0.3925f,0f,0f,0f,1f],start_interpolation: 0,interpolation_duration: 1}
$data merge entity $(right_thumb_2) {transformation: [-0.8854f,0.2834f,-0.3686f,-2.5693f,0.4029f,0.8633f,-0.3041f,-8.813f,0.232f,-0.4177f,-0.8785f,0.6584f,0f,0f,0f,1f],start_interpolation: 0,interpolation_duration: 1}
$data merge entity $(right_thumb) {transformation: [-0.8854f,0.2982f,-0.3567f,-2.5996f,0.4029f,0.875f,-0.2686f,-8.4679f,0.232f,-0.3815f,-0.8948f,0.5827f,0f,0f,0f,1f],start_interpolation: 0,interpolation_duration: 1}
$data merge entity $(right_fingers2) {transformation: [-0.8271f,0.4259f,-0.3668f,-2.9718f,0.5382f,0.7881f,-0.2986f,-9.2052f,0.1619f,-0.4444f,-0.8811f,0.8961f,0f,0f,0f,1f],start_interpolation: 0,interpolation_duration: 1}
$data merge entity $(right_fingers) {transformation: [-0.8646f,0.3434f,-0.3668f,-2.9011f,0.459f,0.8367f,-0.2986f,-8.956f,0.2043f,-0.4266f,-0.8811f,0.7738f,0f,0f,0f,1f],start_interpolation: 0,interpolation_duration: 1}
$data merge entity $(scout) {transformation: [0f,0f,0f,-2.7704f,0f,0f,0f,-9.0204f,0f,0f,0f,0.6203f,0f,0f,0f,1f],start_interpolation: 0,interpolation_duration: 1}
$data merge entity $(right_hand) {transformation: [-0.8854f,0.2857f,-0.3668f,-2.7374f,0.4029f,0.8652f,-0.2986f,-8.4398f,0.232f,-0.4122f,-0.8811f,0.4806f,0f,0f,0f,1f],start_interpolation: 0,interpolation_duration: 1}
$data merge entity $(right_forearm) {transformation: [-1.2362f,0.3935f,0.4626f,-2.0765f,0.1251f,1.1916f,-0.6793f,-6.6751f,-0.5943f,-0.5677f,-1.1053f,-0.3899f,0f,0f,0f,1f],start_interpolation: 0,interpolation_duration: 1}
$data merge entity $(right_shoulder) {transformation: [-1.271f,0.6749f,0.2809f,-1.0065f,0.7239f,1.0838f,0.6717f,-5.5213f,0.1016f,0.721f,-1.2727f,0.5096f,0f,0f,0f,1f],start_interpolation: 0,interpolation_duration: 1}
$data merge entity $(right_arm) {transformation: [-1f,0f,0f,-0.4426f,0f,0.9789f,-0.2045f,-5.2395f,0f,-0.2045f,-0.9789f,0.4421f,0f,0f,0f,1f],start_interpolation: 0,interpolation_duration: 1}
$data merge entity $(left_thumb_2) {transformation: [-0.9005f,-0.3247f,0.2892f,2.5944f,-0.3789f,0.9123f,-0.1555f,-8.7643f,-0.2134f,-0.2496f,-0.9445f,-0.0012f,0f,0f,0f,1f],start_interpolation: 0,interpolation_duration: 1}
$data merge entity $(left_thumb) {transformation: [-0.9005f,-0.3363f,0.2757f,2.6158f,-0.3789f,0.9179f,-0.1181f,-8.4112f,-0.2134f,-0.2109f,-0.9539f,-0.024f,0f,0f,0f,1f],start_interpolation: 0,interpolation_duration: 1}
$data merge entity $(left_fingers2) {transformation: [-0.8354f,-0.4686f,0.2872f,3.0189f,-0.5224f,0.8394f,-0.1498f,-9.1809f,-0.1709f,-0.2752f,-0.9461f,0.1351f,0f,0f,0f,1f],start_interpolation: 0,interpolation_duration: 1}
$data merge entity $(left_fingers) {transformation: [-0.877f,-0.3852f,0.2872f,2.936f,-0.4383f,0.8863f,-0.1498f,-8.9171f,-0.1968f,-0.2572f,-0.9461f,0.0604f,0f,0f,0f,1f],start_interpolation: 0,interpolation_duration: 1}
$data merge entity $(left_hand) {transformation: [-0.9005f,-0.3265f,0.2872f,2.7436f,-0.3789f,0.9132f,-0.1498f,-8.3647f,-0.2134f,-0.2437f,-0.9461f,-0.1322f,0f,0f,0f,1f],start_interpolation: 0,interpolation_duration: 1}
$data merge entity $(left_forearm) {transformation: [-1.1767f,-0.4498f,-0.557f,1.9971f,-0.2408f,1.2578f,-0.5069f,-6.4989f,0.6742f,-0.3357f,-1.1532f,-0.6516f,0f,0f,0f,1f],start_interpolation: 0,interpolation_duration: 1}
$data merge entity $(left_shoulder) {transformation: [-1.271f,-0.6129f,-0.3985f,1.0065f,-0.7239f,0.9441f,0.857f,-5.5213f,-0.1016f,0.9396f,-1.121f,0.5096f,0f,0f,0f,1f],start_interpolation: 0,interpolation_duration: 1}
$data merge entity $(left_arm) {transformation: [-1f,0f,0f,0.4425f,0f,0.9789f,-0.2045f,-5.2395f,0f,-0.2045f,-0.9789f,0.4421f,0f,0f,0f,1f],start_interpolation: 0,interpolation_duration: 1}
$data merge entity $(chest) {transformation: [-1.2785f,0f,0f,0f,0f,1.2515f,-0.2615f,-7.0144f,0f,-0.2615f,-1.2515f,0.7775f,0f,0f,0f,1f],start_interpolation: 0,interpolation_duration: 1}
$data merge entity $(left_cheek) {transformation: [-0.9975f,-0.0685f,0.0171f,0.4451f,-0.0691f,0.997f,-0.0348f,-7.8457f,-0.0147f,-0.0359f,-0.9992f,0.316f,0f,0f,0f,1f],start_interpolation: 0,interpolation_duration: 1}
$data merge entity $(left_foot) {transformation: [-1.0205f,-0.0611f,-0.003f,1.6031f,-0.0598f,1.0071f,-0.1658f,-15.1034f,0.0129f,-0.1654f,-1.0088f,-0.4796f,0f,0f,0f,1f],start_interpolation: 0,interpolation_duration: 1}
$data merge entity $(left_knee) {transformation: [-3.0106f,-0.4076f,-0.1488f,1.1193f,-0.4254f,2.5667f,1.5758f,-11.4743f,-0.0856f,1.5805f,-2.5975f,1.604f,0f,0f,0f,1f],start_interpolation: 0,interpolation_duration: 1}
$data merge entity $(left_leg) {transformation: [-1.7004f,-0.2166f,0.1146f,0.6982f,-0.2403f,1.6319f,-0.4801f,-8.8558f,-0.0484f,-0.4912f,-1.6455f,0.8632f,0f,0f,0f,1f],start_interpolation: 0,interpolation_duration: 1}
$data merge entity $(right_cheek) {transformation: [-0.9973f,0.0731f,0.0107f,-0.4349f,0.0727f,0.9968f,-0.0341f,-7.8518f,-0.0132f,-0.0333f,-0.9994f,0.3036f,0f,0f,0f,1f],start_interpolation: 0,interpolation_duration: 1}
$data merge entity $(right_foot) {transformation: [-1.0191f,0.0747f,0.0346f,-1.5749f,0.0688f,1.0088f,-0.1514f,-15.0914f,-0.0452f,-0.1485f,-1.0105f,-0.6248f,0f,0f,0f,1f],start_interpolation: 0,interpolation_duration: 1}
$data merge entity $(right_knee) {transformation: [-3.0112f,0.3632f,0.2297f,-1.1492f,0.4298f,2.5467f,1.6068f,-11.4887f,-0.0004f,1.6231f,-2.5725f,1.5164f,0f,0f,0f,1f],start_interpolation: 0,interpolation_duration: 1}
$data merge entity $(right_leg) {transformation: [-1.7007f,0.2344f,-0.0632f,-0.7011f,0.2427f,1.6416f,-0.4445f,-8.8558f,-0.0003f,-0.449f,-1.6583f,0.8457f,0f,0f,0f,1f],start_interpolation: 0,interpolation_duration: 1}
$data merge entity $(weist) {transformation: [-1.6222f,0f,0.0204f,0f,0f,1.6223f,0f,-7.2051f,-0.0204f,0f,-1.6222f,0.7369f,0f,0f,0f,1f],start_interpolation: 0,interpolation_duration: 1}
data modify storage animated_java:temp entry.data merge value {"locators":{"consume":{"px":-2.7573891411,"py":-9.1654948747,"pz":0.7077368257,"ry":337.3998051201,"rx":-17.375016927}}}
# Data Manager: Prepare for Read / Write
execute store result storage animated_java:temp args.id int 1 run scoreboard players get @s aj.id
# Data Manager: Write
function animated_java:global/data_manager/write with storage animated_java:temp args