# This file was generated by Animated Java via MC-Build. It is not recommended to edit this file directly.
$data merge entity $(bone_up) {transformation: [-1.9653f,0f,0f,0f,0f,1.9548f,0.2031f,2.7341f,0f,0.2031f,-1.9548f,3.3959f,0f,0f,0f,1f],start_interpolation: 0,interpolation_duration: 1}
$data merge entity $(bone_down) {transformation: [-1.2477f,0f,0f,0f,0f,1.241f,0.1286f,2.8502f,0f,0.1286f,-1.241f,3.7681f,0f,0f,0f,1f],start_interpolation: 0,interpolation_duration: 1}
$data merge entity $(bone_right_hand) {transformation: [-0.9948f,-0.1017f,-0.0015f,-2.6737f,-0.0997f,0.9778f,-0.1843f,-0.8811f,0.0202f,-0.1832f,-0.9829f,3.1883f,0f,0f,0f,1f],start_interpolation: 0,interpolation_duration: 1}
$data merge entity $(bone_right_forearm) {transformation: [-1.9404f,0.5439f,-0.4794f,-2.5389f,0.549f,1.9969f,0.0438f,0.7024f,0.4737f,-0.086f,-2.0147f,1.9055f,0f,0f,0f,1f],start_interpolation: 0,interpolation_duration: 1}
$data merge entity $(bone_right_arm) {transformation: [-1.4352f,0.4542f,-0.2852f,-1.9334f,0.406f,1.4525f,0.2699f,2.2781f,0.3504f,0.1773f,-1.481f,1.8433f,0f,0f,0f,1f],start_interpolation: 0,interpolation_duration: 1}
$data merge entity $(bone_left_hand) {transformation: [-0.9948f,0.1017f,0.0015f,2.6737f,0.0997f,0.9778f,-0.1843f,-0.8811f,-0.0202f,-0.1832f,-0.9829f,3.1883f,0f,0f,0f,1f],start_interpolation: 0,interpolation_duration: 1}
$data merge entity $(bone_left_forearm) {transformation: [-1.9404f,-0.5439f,0.4794f,2.5389f,-0.549f,1.9969f,0.0438f,0.7024f,-0.4737f,-0.086f,-2.0147f,1.9055f,0f,0f,0f,1f],start_interpolation: 0,interpolation_duration: 1}
$data merge entity $(bone_left_arm) {transformation: [-1.4352f,-0.4542f,0.2852f,1.9334f,-0.406f,1.4525f,0.2699f,2.2781f,-0.3504f,0.1773f,-1.481f,1.8433f,0f,0f,0f,1f],start_interpolation: 0,interpolation_duration: 1}
$data merge entity $(bone_chest) {transformation: [-2.8487f,0f,0f,0f,0f,2.8464f,0.1127f,1.9129f,0f,0.1127f,-2.8464f,-0.7953f,0f,0f,0f,1f],start_interpolation: 0,interpolation_duration: 1}
$data merge entity $(bone_left_foot) {transformation: [-0.9885f,-0.133f,0.0722f,1.4976f,-0.1349f,0.9906f,-0.023f,0.2629f,-0.0684f,-0.0324f,-0.9971f,-3.7312f,0f,0f,0f,1f],start_interpolation: 0,interpolation_duration: 1}
$data merge entity $(bone_left_knee) {transformation: [-1.2472f,-0.1695f,0.0878f,1.4376f,-0.1702f,1.2502f,-0.005f,-0.0571f,-0.0863f,-0.0168f,-1.2587f,-1.9683f,0f,0f,0f,1f],start_interpolation: 0,interpolation_duration: 1}
$data merge entity $(bone_left_leg) {transformation: [-2.0045f,-0.2851f,0.1132f,1.0815f,-0.2736f,2f,0.1929f,2.335f,-0.1388f,0.1754f,-2.0154f,-2.0766f,0f,0f,0f,1f],start_interpolation: 0,interpolation_duration: 1}
$data merge entity $(bone_right_foot) {transformation: [-0.9885f,0.133f,-0.0722f,-1.4976f,0.1349f,0.9906f,-0.023f,0.2629f,0.0684f,-0.0324f,-0.9971f,-3.7312f,0f,0f,0f,1f],start_interpolation: 0,interpolation_duration: 1}
$data merge entity $(bone_right_knee) {transformation: [-1.2472f,0.1695f,-0.0878f,-1.4376f,0.1702f,1.2502f,-0.005f,-0.0571f,0.0863f,-0.0168f,-1.2587f,-1.9683f,0f,0f,0f,1f],start_interpolation: 0,interpolation_duration: 1}
$data merge entity $(bone_right_leg) {transformation: [-2.0045f,0.2851f,-0.1132f,-1.0815f,0.2736f,2f,0.1929f,2.335f,0.1388f,0.1754f,-2.0154f,-2.0766f,0f,0f,0f,1f],start_interpolation: 0,interpolation_duration: 1}
$data merge entity $(bone_group) {transformation: [-1.9904f,0f,0f,0f,0f,1.9878f,0.1029f,2.1284f,0f,0.1029f,-1.9878f,0.4285f,0f,0f,0f,1f],start_interpolation: 0,interpolation_duration: 1}