# This file was generated by Animated Java via MC-Build. It is not recommended to edit this file directly.
$data merge entity $(up) {transformation: [-1.9653f,0f,0f,0f,0f,0.5668f,-1.8818f,8.6071f,0f,-1.8818f,-0.5668f,0.5651f,0f,0f,0f,1f],start_interpolation: 0,interpolation_duration: 1}
$data merge entity $(down) {transformation: [-1.2477f,0f,0f,0f,0f,0.3541f,-1.1964f,8.9945f,0f,-1.1964f,-0.3541f,0.521f,0f,0f,0f,1f],start_interpolation: 0,interpolation_duration: 1}
$data merge entity $(right_hand) {transformation: [-0.9652f,0.2333f,-0.1183f,-1.4689f,-0.0109f,0.4159f,0.9093f,3.9262f,0.2614f,0.879f,-0.3989f,2.6092f,0f,0f,0f,1f],start_interpolation: 0,interpolation_duration: 1}
$data merge entity $(right_forearm) {transformation: [-2.0156f,-0.0725f,-0.4722f,-1.8085f,-0.1146f,2.061f,0.1729f,5.5851f,0.4638f,0.1943f,-2.0095f,1.5432f,0f,0f,0f,1f],start_interpolation: 0,interpolation_duration: 1}
$data merge entity $(right_arm) {transformation: [-1.4908f,-0.2246f,-0.2728f,-1.9334f,-0.0848f,1.3757f,-0.669f,6.992f,0.343f,-0.6359f,-1.3511f,0.6166f,0f,0f,0f,1f],start_interpolation: 0,interpolation_duration: 1}
$data merge entity $(left_hand) {transformation: [-0.9652f,-0.2333f,0.1183f,1.4689f,0.0109f,0.4159f,0.9093f,3.9262f,-0.2614f,0.879f,-0.3989f,2.6092f,0f,0f,0f,1f],start_interpolation: 0,interpolation_duration: 1}
$data merge entity $(left_forearm) {transformation: [-2.0156f,0.0725f,0.4722f,1.8085f,0.1146f,2.061f,0.1729f,5.5851f,-0.4638f,0.1943f,-2.0095f,1.5432f,0f,0f,0f,1f],start_interpolation: 0,interpolation_duration: 1}
$data merge entity $(left_arm) {transformation: [-1.4908f,0.2246f,0.2728f,1.9334f,0.0848f,1.3757f,-0.669f,6.992f,-0.343f,-0.6359f,-1.3511f,0.6166f,0f,0f,0f,1f],start_interpolation: 0,interpolation_duration: 1}
$data merge entity $(chest) {transformation: [-2.8487f,0f,0f,0f,0f,0.8019f,-2.7335f,4.3362f,0f,-2.7335f,-0.8019f,0.3548f,0f,0f,0f,1f],start_interpolation: 0,interpolation_duration: 1}
$data merge entity $(left_foot) {transformation: [-0.9999f,-0.0123f,-0.0087f,1.1119f,-0.0042f,0.7841f,-0.6206f,-0.7077f,0.0145f,-0.6205f,-0.7841f,-0.6718f,0f,0f,0f,1f],start_interpolation: 0,interpolation_duration: 1}
$data merge entity $(left_knee) {transformation: [-1.2616f,-0.019f,-0.0011f,1.1366f,-0.0054f,0.4246f,-1.1881f,0.8392f,0.0183f,-1.188f,-0.4246f,0.2337f,0f,0f,0f,1f],start_interpolation: 0,interpolation_duration: 1}
$data merge entity $(left_leg) {transformation: [-2.0276f,-0.0119f,-0.0282f,1.0815f,-0.0086f,2.0146f,-0.2313f,3.1874f,0.0293f,-0.2311f,-2.0144f,-0.3525f,0f,0f,0f,1f],start_interpolation: 0,interpolation_duration: 1}
$data merge entity $(right_foot) {transformation: [-0.9999f,0.0112f,0.01f,-1.1082f,0.0042f,0.8492f,-0.5281f,-0.6974f,-0.0145f,-0.528f,-0.8491f,-0.9286f,0f,0f,0f,1f],start_interpolation: 0,interpolation_duration: 1}
$data merge entity $(right_knee) {transformation: [-1.2616f,0.0189f,0.0021f,-1.1342f,0.0054f,0.4844f,-1.165f,0.8016f,-0.0183f,-1.1649f,-0.4844f,0.0543f,0f,0f,0f,1f],start_interpolation: 0,interpolation_duration: 1}
$data merge entity $(right_leg) {transformation: [-2.0276f,0.0097f,0.029f,-1.0815f,0.0086f,2.0263f,-0.0782f,3.1874f,-0.0293f,-0.078f,-2.0261f,-0.3525f,0f,0f,0f,1f],start_interpolation: 0,interpolation_duration: 1}
$data merge entity $(group) {transformation: [-1.9904f,0f,0f,0f,0f,0.5603f,-1.9099f,5.5767f,0f,-1.9099f,-0.5603f,0.4285f,0f,0f,0f,1f],start_interpolation: 0,interpolation_duration: 1}