# This file was generated by Animated Java via MC-Build. It is not recommended to edit this file directly.
$data merge entity $(up) {transformation: [-1.9653f,0f,0f,0f,0f,0.818f,-1.787f,8.3895f,0f,-1.787f,-0.818f,0.9653f,0f,0f,0f,1f],start_interpolation: 0,interpolation_duration: 1}
$data merge entity $(down) {transformation: [-1.2477f,0f,0f,0f,0f,0.5132f,-1.1373f,8.7793f,0f,-1.1373f,-0.5132f,0.9744f,0f,0f,0f,1f],start_interpolation: 0,interpolation_duration: 1}
$data merge entity $(right_hand) {transformation: [-0.9669f,0.2119f,-0.142f,-1.388f,-0.031f,0.4546f,0.8901f,3.7197f,0.2532f,0.8651f,-0.433f,2.766f,0f,0f,0f,1f],start_interpolation: 0,interpolation_duration: 1}
$data merge entity $(right_forearm) {transformation: [-2.0215f,-0.1784f,-0.4155f,-1.7733f,-0.2141f,2.0541f,0.1601f,5.3665f,0.3982f,0.1992f,-2.023f,1.6955f,0f,0f,0f,1f],start_interpolation: 0,interpolation_duration: 1}
$data merge entity $(right_arm) {transformation: [-1.4952f,-0.2671f,-0.2013f,-1.9334f,-0.1584f,1.3777f,-0.6514f,6.7859f,0.2945f,-0.6149f,-1.3721f,0.7939f,0f,0f,0f,1f],start_interpolation: 0,interpolation_duration: 1}
$data merge entity $(left_hand) {transformation: [-0.9669f,-0.2119f,0.142f,1.388f,0.031f,0.4546f,0.8901f,3.7197f,-0.2532f,0.8651f,-0.433f,2.766f,0f,0f,0f,1f],start_interpolation: 0,interpolation_duration: 1}
$data merge entity $(left_forearm) {transformation: [-2.0215f,0.1784f,0.4155f,1.7733f,0.2141f,2.0541f,0.1601f,5.3665f,-0.3982f,0.1992f,-2.023f,1.6955f,0f,0f,0f,1f],start_interpolation: 0,interpolation_duration: 1}
$data merge entity $(left_arm) {transformation: [-1.4952f,0.2671f,0.2013f,1.9334f,0.1584f,1.3777f,-0.6514f,6.7859f,-0.2945f,-0.6149f,-1.3721f,0.7939f,0f,0f,0f,1f],start_interpolation: 0,interpolation_duration: 1}
$data merge entity $(chest) {transformation: [-2.8487f,0f,0f,0f,0f,1.1561f,-2.6035f,4.1844f,0f,-2.6035f,-1.1561f,0.1916f,0f,0f,0f,1f],start_interpolation: 0,interpolation_duration: 1}
$data merge entity $(left_foot) {transformation: [-0.9991f,-0.038f,-0.0196f,1.1462f,-0.0173f,0.7787f,-0.6272f,-0.6941f,0.0391f,-0.6263f,-0.7786f,-1.1837f,0f,0f,0f,1f],start_interpolation: 0,interpolation_duration: 1}
$data merge entity $(left_knee) {transformation: [-1.2606f,-0.0539f,-0.0004f,1.1791f,-0.0219f,0.52f,-1.1494f,0.7738f,0.0493f,-1.1483f,-0.5205f,-0.1553f,0f,0f,0f,1f],start_interpolation: 0,interpolation_duration: 1}
$data merge entity $(left_leg) {transformation: [-2.026f,-0.0415f,-0.0761f,1.0815f,-0.0352f,2.0208f,-0.165f,3.1392f,0.0792f,-0.1635f,-2.0197f,-0.6614f,0f,0f,0f,1f],start_interpolation: 0,interpolation_duration: 1}
$data merge entity $(right_foot) {transformation: [-0.9991f,0.0315f,0.0289f,-1.1213f,0.0173f,0.9167f,-0.3992f,-0.6125f,-0.0391f,-0.3983f,-0.9164f,-1.7826f,0f,0f,0f,1f],start_interpolation: 0,interpolation_duration: 1}
$data merge entity $(right_knee) {transformation: [-1.2606f,0.0535f,0.0069f,-1.1632f,0.0219f,0.6546f,-1.0785f,0.7209f,-0.0493f,-1.0774f,-0.6549f,-0.5852f,0f,0f,0f,1f],start_interpolation: 0,interpolation_duration: 1}
$data merge entity $(right_leg) {transformation: [-2.026f,0.0272f,0.0823f,-1.0815f,0.0352f,2.0178f,0.1981f,3.1392f,-0.0792f,0.1993f,-2.0164f,-0.6614f,0f,0f,0f,1f],start_interpolation: 0,interpolation_duration: 1}
$data merge entity $(group) {transformation: [-1.9904f,0f,0f,0f,0f,0.8078f,-1.8191f,5.4043f,0f,-1.8191f,-0.8078f,0.4285f,0f,0f,0f,1f],start_interpolation: 0,interpolation_duration: 1}