# This file was generated by Animated Java via MC-Build. It is not recommended to edit this file directly.
$data merge entity $(bone_up) {transformation: [-1.9653f,0f,0f,0f,0f,1.1369f,-1.6031f,7.9685f,0f,-1.6031f,-1.1369f,1.5042f,0f,0f,0f,1f],start_interpolation: 0,interpolation_duration: 1}
$data merge entity $(bone_down) {transformation: [-1.2477f,0f,0f,0f,0f,0.7156f,-1.022f,8.3498f,0f,-1.022f,-0.7156f,1.5859f,0f,0f,0f,1f],start_interpolation: 0,interpolation_duration: 1}
$data merge entity $(bone_right_hand) {transformation: [-0.9782f,0.1466f,-0.1472f,-1.4221f,-0.0475f,0.5322f,0.8453f,3.3471f,0.2022f,0.8338f,-0.5136f,2.9901f,0f,0f,0f,1f],start_interpolation: 0,interpolation_duration: 1}
$data merge entity $(bone_right_forearm) {transformation: [-2.0351f,-0.2549f,-0.29f,-1.7897f,-0.2768f,2.0479f,0.143f,4.9811f,0.2691f,0.1792f,-2.046f,1.8909f,0f,0f,0f,1f],start_interpolation: 0,interpolation_duration: 1}
$data merge entity $(bone_right_arm) {transformation: [-1.5053f,-0.2661f,-0.1036f,-1.9334f,-0.2048f,1.3932f,-0.6038f,6.4294f,0.1991f,-0.5794f,-1.4043f,1.0333f,0f,0f,0f,1f],start_interpolation: 0,interpolation_duration: 1}
$data merge entity $(bone_left_hand) {transformation: [-0.9782f,-0.1466f,0.1472f,1.4221f,0.0475f,0.5322f,0.8453f,3.3471f,-0.2022f,0.8338f,-0.5136f,2.9901f,0f,0f,0f,1f],start_interpolation: 0,interpolation_duration: 1}
$data merge entity $(bone_left_forearm) {transformation: [-2.0351f,0.2549f,0.29f,1.7897f,0.2768f,2.0479f,0.143f,4.9811f,-0.2691f,0.1792f,-2.046f,1.8909f,0f,0f,0f,1f],start_interpolation: 0,interpolation_duration: 1}
$data merge entity $(bone_left_arm) {transformation: [-1.5053f,0.2661f,0.1036f,1.9334f,0.2048f,1.3932f,-0.6038f,6.4294f,-0.1991f,-0.5794f,-1.4043f,1.0333f,0f,0f,0f,1f],start_interpolation: 0,interpolation_duration: 1}
$data merge entity $(bone_chest) {transformation: [-2.8487f,0f,0f,0f,0f,1.614f,-2.3474f,3.9771f,0f,-2.3474f,-1.614f,-0.0281f,0f,0f,0f,1f],start_interpolation: 0,interpolation_duration: 1}
$data merge entity $(bone_left_foot) {transformation: [-0.9968f,-0.0772f,-0.0225f,1.2165f,-0.0455f,0.7727f,-0.6331f,-0.6137f,0.0662f,-0.63f,-0.7737f,-1.8635f,0f,0f,0f,1f],start_interpolation: 0,interpolation_duration: 1}
$data merge entity $(bone_left_knee) {transformation: [-1.2577f,-0.1012f,0.0059f,1.253f,-0.0574f,0.6506f,-1.0795f,0.7228f,0.0836f,-1.0763f,-0.6531f,-0.6693f,0f,0f,0f,1f],start_interpolation: 0,interpolation_duration: 1}
$data merge entity $(bone_left_leg) {transformation: [-2.0213f,-0.0968f,-0.1311f,1.0815f,-0.0923f,2.0245f,-0.0712f,3.106f,0.1343f,-0.065f,-2.0223f,-1.0583f,0f,0f,0f,1f],start_interpolation: 0,interpolation_duration: 1}
$data merge entity $(bone_right_foot) {transformation: [-0.9968f,0.0596f,0.0539f,-1.14f,0.0455f,0.9716f,-0.232f,-0.3553f,-0.0662f,-0.2288f,-0.9712f,-2.8369f,0f,0f,0f,1f],start_interpolation: 0,interpolation_duration: 1}
$data merge entity $(bone_right_knee) {transformation: [-1.2577f,0.1003f,0.0147f,-1.2051f,0.0574f,0.8555f,-0.9256f,0.7123f,-0.0836f,-0.922f,-0.8573f,-1.3983f,0f,0f,0f,1f],start_interpolation: 0,interpolation_duration: 1}
$data merge entity $(bone_right_leg) {transformation: [-2.0213f,0.0533f,0.154f,-1.0815f,0.0923f,1.9535f,0.5361f,3.106f,-0.1343f,0.5414f,-1.9496f,-1.0583f,0f,0f,0f,1f],start_interpolation: 0,interpolation_duration: 1}
$data merge entity $(bone_group) {transformation: [-1.9904f,0f,0f,0f,0f,1.1277f,-1.6401f,5.1328f,0f,-1.6401f,-1.1277f,0.4285f,0f,0f,0f,1f],start_interpolation: 0,interpolation_duration: 1}