# This file was generated by Animated Java via MC-Build. It is not recommended to edit this file directly.
$data merge entity $(bone_up) {transformation: [-1.9653f,0f,0f,0f,0f,1.4679f,-1.3068f,7.3127f,0f,-1.3068f,-1.4679f,2.1057f,0f,0f,0f,1f],start_interpolation: 0,interpolation_duration: 1}
$data merge entity $(bone_down) {transformation: [-1.2477f,0f,0f,0f,0f,0.9264f,-0.8357f,7.6658f,0f,-0.8357f,-0.9264f,2.2709f,0f,0f,0f,1f],start_interpolation: 0,interpolation_duration: 1}
$data merge entity $(bone_right_hand) {transformation: [-0.9914f,0.0696f,-0.1111f,-1.588f,-0.0422f,0.6332f,0.7729f,2.8023f,0.1242f,0.7709f,-0.6248f,3.2266f,0f,0f,0f,1f],start_interpolation: 0,interpolation_duration: 1}
$data merge entity $(bone_right_forearm) {transformation: [-2.051f,-0.2629f,-0.1232f,-1.8616f,-0.2706f,2.0495f,0.1306f,4.4339f,0.1053f,0.1454f,-2.0636f,2.0915f,0f,0f,0f,1f],start_interpolation: 0,interpolation_duration: 1}
$data merge entity $(bone_right_arm) {transformation: [-1.517f,-0.2147f,-0.0034f,-1.9334f,-0.2001f,1.4224f,-0.5331f,5.9238f,0.0779f,-0.5274f,-1.4364f,1.2987f,0f,0f,0f,1f],start_interpolation: 0,interpolation_duration: 1}
$data merge entity $(bone_left_hand) {transformation: [-0.9914f,-0.0696f,0.1111f,1.588f,0.0422f,0.6332f,0.7729f,2.8023f,-0.1242f,0.7709f,-0.6248f,3.2266f,0f,0f,0f,1f],start_interpolation: 0,interpolation_duration: 1}
$data merge entity $(bone_left_forearm) {transformation: [-2.051f,0.2629f,0.1232f,1.8616f,0.2706f,2.0495f,0.1306f,4.4339f,-0.1053f,0.1454f,-2.0636f,2.0915f,0f,0f,0f,1f],start_interpolation: 0,interpolation_duration: 1}
$data merge entity $(bone_left_arm) {transformation: [-1.517f,0.2147f,0.0034f,1.9334f,0.2001f,1.4224f,-0.5331f,5.9238f,-0.0779f,-0.5274f,-1.4364f,1.2987f,0f,0f,0f,1f],start_interpolation: 0,interpolation_duration: 1}
$data merge entity $(bone_chest) {transformation: [-2.8487f,0f,0f,0f,0f,2.0935f,-1.9319f,3.7601f,0f,-1.9319f,-2.0935f,-0.2726f,0f,0f,0f,1f],start_interpolation: 0,interpolation_duration: 1}
$data merge entity $(bone_left_foot) {transformation: [-0.9921f,-0.1251f,-0.0067f,1.3307f,-0.0921f,0.7645f,-0.6381f,-0.3974f,0.085f,-0.6324f,-0.77f,-2.6102f,0f,0f,0f,1f],start_interpolation: 0,interpolation_duration: 1}
$data merge entity $(bone_left_knee) {transformation: [-1.2518f,-0.1567f,0.0207f,1.3611f,-0.1162f,0.8f,-0.9688f,0.746f,0.1072f,-0.963f,-0.8081f,-1.2299f,0f,0f,0f,1f],start_interpolation: 0,interpolation_duration: 1}
$data merge entity $(bone_left_leg) {transformation: [-2.0118f,-0.1822f,-0.177f,1.0815f,-0.1867f,2.0187f,0.0438f,3.1387f,0.1723f,0.0598f,-2.0196f,-1.47f,0f,0f,0f,1f],start_interpolation: 0,interpolation_duration: 1}
$data merge entity $(bone_right_foot) {transformation: [-0.9921f,0.0951f,0.0816f,-1.1664f,0.0921f,0.995f,-0.0396f,0.1638f,-0.085f,-0.0318f,-0.9959f,-3.9201f,0f,0f,0f,1f],start_interpolation: 0,interpolation_duration: 1}
$data merge entity $(bone_right_knee) {transformation: [-1.2518f,0.156f,0.0255f,-1.2612f,0.1162f,1.0461f,-0.6959f,0.8614f,-0.1072f,-0.6881f,-1.0522f,-2.2715f,0f,0f,0f,1f],start_interpolation: 0,interpolation_duration: 1}
$data merge entity $(bone_right_leg) {transformation: [-2.0118f,0.0898f,0.2377f,-1.0815f,0.1867f,1.8092f,0.8966f,3.1387f,-0.1723f,0.9115f,-1.8032f,-1.47f,0f,0f,0f,1f],start_interpolation: 0,interpolation_duration: 1}
$data merge entity $(bone_group) {transformation: [-1.9904f,0f,0f,0f,0f,1.4628f,-1.3498f,4.7861f,0f,-1.3498f,-1.4628f,0.4285f,0f,0f,0f,1f],start_interpolation: 0,interpolation_duration: 1}