# This file was generated by Animated Java via MC-Build. It is not recommended to edit this file directly.
$data merge entity $(bone_up) {transformation: [-1.9653f,0f,0f,0f,0f,1.7476f,-0.8991f,6.4223f,0f,-0.8991f,-1.7476f,2.6771f,0f,0f,0f,1f],start_interpolation: 0,interpolation_duration: 1}
$data merge entity $(bone_down) {transformation: [-1.2477f,0f,0f,0f,0f,1.1054f,-0.5787f,6.723f,0f,-0.5787f,-1.1054f,2.9252f,0f,0f,0f,1f],start_interpolation: 0,interpolation_duration: 1}
$data merge entity $(bone_right_hand) {transformation: [-0.999f,0.0256f,-0.036f,-1.8638f,-0.0053f,0.7401f,0.6725f,2.1116f,0.0439f,0.672f,-0.7392f,3.4118f,0f,0f,0f,1f],start_interpolation: 0,interpolation_duration: 1}
$data merge entity $(bone_right_forearm) {transformation: [-2.063f,-0.1826f,0.0369f,-1.9803f,-0.1801f,2.06f,0.1219f,3.7509f,-0.0475f,0.1182f,-2.0675f,2.2541f,0f,0f,0f,1f],start_interpolation: 0,interpolation_duration: 1}
$data merge entity $(bone_right_arm) {transformation: [-1.5259f,-0.1168f,0.073f,-1.9334f,-0.1332f,1.4582f,-0.4511f,5.2846f,-0.0351f,-0.4556f,-1.4624f,1.5476f,0f,0f,0f,1f],start_interpolation: 0,interpolation_duration: 1}
$data merge entity $(bone_left_hand) {transformation: [-0.999f,-0.0256f,0.036f,1.8638f,0.0053f,0.7401f,0.6725f,2.1116f,-0.0439f,0.672f,-0.7392f,3.4118f,0f,0f,0f,1f],start_interpolation: 0,interpolation_duration: 1}
$data merge entity $(bone_left_forearm) {transformation: [-2.063f,0.1826f,-0.0369f,1.9803f,0.1801f,2.06f,0.1219f,3.7509f,0.0475f,0.1182f,-2.0675f,2.2541f,0f,0f,0f,1f],start_interpolation: 0,interpolation_duration: 1}
$data merge entity $(bone_left_arm) {transformation: [-1.5259f,0.1168f,-0.073f,1.9334f,0.1332f,1.4582f,-0.4511f,5.2846f,0.0351f,-0.4556f,-1.4624f,1.5476f,0f,0f,0f,1f],start_interpolation: 0,interpolation_duration: 1}
$data merge entity $(bone_chest) {transformation: [-2.8487f,0f,0f,0f,0f,2.5052f,-1.3562f,3.5665f,0f,-1.3562f,-2.5052f,-0.5039f,0f,0f,0f,1f],start_interpolation: 0,interpolation_duration: 1}
$data merge entity $(bone_left_foot) {transformation: [-0.9846f,-0.1715f,0.0341f,1.4848f,-0.1537f,0.7565f,-0.6357f,-0.0083f,0.0832f,-0.6312f,-0.7712f,-3.3048f,0f,0f,0f,1f],start_interpolation: 0,interpolation_duration: 1}
$data merge entity $(bone_left_knee) {transformation: [-1.2423f,-0.216f,0.0448f,1.4971f,-0.194f,0.9479f,-0.8099f,0.8755f,0.105f,-0.8043f,-0.9665f,-1.7452f,0f,0f,0f,1f],start_interpolation: 0,interpolation_duration: 1}
$data merge entity $(bone_left_leg) {transformation: [-1.9966f,-0.2947f,-0.1969f,1.0815f,-0.3117f,1.9962f,0.1728f,3.2594f,0.1688f,0.2004f,-2.0108f,-1.8175f,0f,0f,0f,1f],start_interpolation: 0,interpolation_duration: 1}
$data merge entity $(bone_right_foot) {transformation: [-0.9846f,0.1368f,0.1089f,-1.2025f,0.1537f,0.9739f,0.167f,0.9645f,-0.0832f,0.1811f,-0.9799f,-4.8473f,0f,0f,0f,1f],start_interpolation: 0,interpolation_duration: 1}
$data merge entity $(bone_right_knee) {transformation: [-1.2423f,0.217f,0.0396f,-1.3329f,0.194f,1.1827f,-0.3945f,1.2065f,-0.105f,-0.3823f,-1.1978f,-3.0758f,0f,0f,0f,1f],start_interpolation: 0,interpolation_duration: 1}
$data merge entity $(bone_right_leg) {transformation: [-1.9966f,0.1391f,0.3261f,-1.0815f,0.3117f,1.5769f,1.2362f,3.2594f,-0.1688f,1.2673f,-1.574f,-1.8175f,0f,0f,0f,1f],start_interpolation: 0,interpolation_duration: 1}
$data merge entity $(bone_group) {transformation: [-1.9904f,0f,0f,0f,0f,1.7504f,-0.9476f,4.3879f,0f,-0.9476f,-1.7504f,0.4285f,0f,0f,0f,1f],start_interpolation: 0,interpolation_duration: 1}