# This file was generated by Animated Java via MC-Build. It is not recommended to edit this file directly.
$data merge entity $(bone_up) {transformation: [-1.9653f,0f,0f,0f,0f,1.9214f,-0.4132f,5.3434f,0f,-0.4132f,-1.9214f,3.1278f,0f,0f,0f,1f],start_interpolation: 0,interpolation_duration: 1}
$data merge entity $(bone_down) {transformation: [-1.2477f,0f,0f,0f,0f,1.2177f,-0.2716f,5.5692f,0f,-0.2716f,-1.2177f,3.4457f,0f,0f,0f,1f],start_interpolation: 0,interpolation_duration: 1}
$data merge entity $(bone_right_hand) {transformation: [-0.9982f,0.0423f,0.0433f,-2.1893f,0.0592f,0.8334f,0.5495f,1.3371f,-0.0128f,0.551f,-0.8344f,3.5085f,0f,0f,0f,1f],start_interpolation: 0,interpolation_duration: 1}
$data merge entity $(bone_right_forearm) {transformation: [-2.0665f,-0.0264f,0.1402f,-2.1248f,-0.0189f,2.0684f,0.1108f,2.9824f,-0.1414f,0.1092f,-2.0637f,2.3465f,0f,0f,0f,1f],start_interpolation: 0,interpolation_duration: 1}
$data merge entity $(bone_right_arm) {transformation: [-1.5285f,0.0116f,0.1049f,-1.9334f,-0.014f,1.4872f,-0.3679f,4.5472f,-0.1046f,-0.368f,-1.4836f,1.7396f,0f,0f,0f,1f],start_interpolation: 0,interpolation_duration: 1}
$data merge entity $(bone_left_hand) {transformation: [-0.9982f,-0.0423f,-0.0433f,2.1893f,-0.0592f,0.8334f,0.5495f,1.3371f,0.0128f,0.551f,-0.8344f,3.5085f,0f,0f,0f,1f],start_interpolation: 0,interpolation_duration: 1}
$data merge entity $(bone_left_forearm) {transformation: [-2.0665f,0.0264f,-0.1402f,2.1248f,0.0189f,2.0684f,0.1108f,2.9824f,0.1414f,0.1092f,-2.0637f,2.3465f,0f,0f,0f,1f],start_interpolation: 0,interpolation_duration: 1}
$data merge entity $(bone_left_arm) {transformation: [-1.5285f,-0.0116f,-0.1049f,1.9334f,0.014f,1.4872f,-0.3679f,4.5472f,0.1046f,-0.368f,-1.4836f,1.7396f,0f,0f,0f,1f],start_interpolation: 0,interpolation_duration: 1}
$data merge entity $(bone_chest) {transformation: [-2.8487f,0f,0f,0f,0f,2.7712f,-0.66f,3.4105f,0f,-0.66f,-2.7712f,-0.685f,0f,0f,0f,1f],start_interpolation: 0,interpolation_duration: 1}
$data merge entity $(bone_left_foot) {transformation: [-0.9741f,-0.2041f,0.0974f,1.6634f,-0.22f,0.7553f,-0.6173f,0.5353f,0.0524f,-0.6228f,-0.7807f,-3.8277f,0f,0f,0f,1f],start_interpolation: 0,interpolation_duration: 1}
$data merge entity $(bone_left_knee) {transformation: [-1.229f,-0.2747f,0.0774f,1.6455f,-0.2776f,1.0716f,-0.6055f,1.1023f,0.0661f,-0.6068f,-1.1043f,-2.1272f,0f,0f,0f,1f],start_interpolation: 0,interpolation_duration: 1}
$data merge entity $(bone_left_leg) {transformation: [-1.9753f,-0.4231f,-0.1772f,1.0815f,-0.4462f,1.9539f,0.3089f,3.4547f,0.1063f,0.3398f,-1.9963f,-2.0334f,0f,0f,0f,1f],start_interpolation: 0,interpolation_duration: 1}
$data merge entity $(bone_right_foot) {transformation: [-0.9741f,0.1817f,0.1347f,-1.2488f,0.22f,0.8992f,0.3783f,1.9817f,-0.0524f,0.3981f,-0.9158f,-5.4616f,0f,0f,0f,1f],start_interpolation: 0,interpolation_duration: 1}
$data merge entity $(bone_right_knee) {transformation: [-1.229f,0.2796f,0.0572f,-1.4199f,0.2776f,1.2299f,-0.047f,1.7273f,-0.0661f,-0.0332f,-1.2596f,-3.6954f,0f,0f,0f,1f],start_interpolation: 0,interpolation_duration: 1}
$data merge entity $(bone_right_leg) {transformation: [-1.9753f,0.2016f,0.412f,-1.0815f,0.4462f,1.2667f,1.5193f,3.4547f,-0.1063f,1.5706f,-1.2783f,-2.0334f,0f,0f,0f,1f],start_interpolation: 0,interpolation_duration: 1}
$data merge entity $(bone_group) {transformation: [-1.9904f,0f,0f,0f,0f,1.9363f,-0.4612f,3.9621f,0f,-0.4612f,-1.9363f,0.4285f,0f,0f,0f,1f],start_interpolation: 0,interpolation_duration: 1}