# This file was generated by Animated Java via MC-Build. It is not recommended to edit this file directly.
$data merge entity $(up) {transformation: [-1.9653f,0f,0f,0f,0f,1.9631f,0.0939f,4.1652f,0f,0.0939f,-1.9631f,3.3942f,0f,0f,0f,1f],start_interpolation: 0,interpolation_duration: 1}
$data merge entity $(down) {transformation: [-1.2477f,0f,0f,0f,0f,1.2467f,0.0495f,4.3018f,0f,0.0495f,-1.2467f,3.7594f,0f,0f,0f,1f],start_interpolation: 0,interpolation_duration: 1}
$data merge entity $(right_hand) {transformation: [-0.9904f,0.1095f,0.0839f,-2.4882f,0.1348f,0.8978f,0.4193f,0.5526f,-0.0294f,0.4266f,-0.904f,3.5218f,0f,0f,0f,1f],start_interpolation: 0,interpolation_duration: 1}
$data merge entity $(right_forearm) {transformation: [-2.0589f,0.1662f,0.1548f,-2.2674f,0.1735f,2.062f,0.095f,2.191f,-0.1464f,0.1074f,-2.0635f,2.359f,0f,0f,0f,1f],start_interpolation: 0,interpolation_duration: 1}
$data merge entity $(right_arm) {transformation: [-1.5229f,0.1462f,0.0827f,-1.9334f,0.1284f,1.4995f,-0.2872f,3.7657f,-0.1083f,-0.2786f,-1.5027f,1.8469f,0f,0f,0f,1f],start_interpolation: 0,interpolation_duration: 1}
$data merge entity $(left_hand) {transformation: [-0.9904f,-0.1095f,-0.0839f,2.4882f,-0.1348f,0.8978f,0.4193f,0.5526f,0.0294f,0.4266f,-0.904f,3.5218f,0f,0f,0f,1f],start_interpolation: 0,interpolation_duration: 1}
$data merge entity $(left_forearm) {transformation: [-2.0589f,-0.1662f,-0.1548f,2.2674f,-0.1735f,2.062f,0.095f,2.191f,0.1464f,0.1074f,-2.0635f,2.359f,0f,0f,0f,1f],start_interpolation: 0,interpolation_duration: 1}
$data merge entity $(left_arm) {transformation: [-1.5229f,-0.1462f,-0.0827f,1.9334f,-0.1284f,1.4995f,-0.2872f,3.7657f,0.1083f,-0.2786f,-1.5027f,1.847f,0f,0f,0f,1f],start_interpolation: 0,interpolation_duration: 1}
$data merge entity $(chest) {transformation: [-2.8487f,0f,0f,0f,0f,2.8475f,0.0832f,3.2893f,0f,0.0832f,-2.8475f,-0.7901f,0f,0f,0f,1f],start_interpolation: 0,interpolation_duration: 1}
$data merge entity $(left_foot) {transformation: [-0.9609f,-0.2158f,0.1733f,1.8449f,-0.2766f,0.7671f,-0.5788f,1.1564f,-0.0081f,-0.6042f,-0.7968f,-4.0951f,0f,0f,0f,1f],start_interpolation: 0,interpolation_duration: 1}
$data merge entity $(left_knee) {transformation: [-1.2125f,-0.3289f,0.1175f,1.785f,-0.3491f,1.1537f,-0.3729f,1.3782f,-0.0102f,-0.3909f,-1.1996f,-2.3173f,0f,0f,0f,1f],start_interpolation: 0,interpolation_duration: 1}
$data merge entity $(left_leg) {transformation: [-1.9486f,-0.55f,-0.1118f,1.0815f,-0.561f,1.8969f,0.4461f,3.6825f,-0.0164f,0.4596f,-1.975f,-2.0806f,0f,0f,0f,1f],start_interpolation: 0,interpolation_duration: 1}
$data merge entity $(right_foot) {transformation: [-0.9609f,0.2255f,0.1604f,-1.3031f,0.2766f,0.7657f,0.5806f,3.0848f,0.0081f,0.6023f,-0.7982f,-5.6811f,0f,0f,0f,1f],start_interpolation: 0,interpolation_duration: 1}
$data merge entity $(right_knee) {transformation: [-1.2125f,0.3405f,0.0774f,-1.5183f,0.3491f,1.1736f,0.3046f,2.3555f,0.0102f,0.3141f,-1.222f,-4.0577f,0f,0f,0f,1f],start_interpolation: 0,interpolation_duration: 1}
$data merge entity $(right_leg) {transformation: [-1.9486f,0.275f,0.4892f,-1.0815f,0.561f,0.903f,1.7268f,3.6825f,0.0164f,1.7947f,-0.9438f,-2.0806f,0f,0f,0f,1f],start_interpolation: 0,interpolation_duration: 1}
$data merge entity $(group) {transformation: [-1.9904f,0f,0f,0f,0f,1.9896f,0.0581f,3.5323f,0f,0.0581f,-1.9896f,0.4285f,0f,0f,0f,1f],start_interpolation: 0,interpolation_duration: 1}