# This file was generated by Animated Java via MC-Build. It is not recommended to edit this file directly.
$data merge entity $(bone_up) {transformation: [-1.9653f,0f,0f,0f,0f,1.8831f,0.5624f,3.0011f,0f,0.5624f,-1.8831f,3.4593f,0f,0f,0f,1f],start_interpolation: 0,interpolation_duration: 1}
$data merge entity $(bone_down) {transformation: [-1.2477f,0f,0f,0f,0f,1.1985f,0.3468f,3.0461f,0f,0.3468f,-1.1985f,3.8466f,0f,0f,0f,1f],start_interpolation: 0,interpolation_duration: 1}
$data merge entity $(bone_right_hand) {transformation: [-0.9796f,0.1898f,0.0664f,-2.6953f,0.2011f,0.9321f,0.3014f,-0.1825f,-0.0047f,0.3086f,-0.9512f,3.4818f,0f,0f,0f,1f],start_interpolation: 0,interpolation_duration: 1}
$data merge entity $(bone_right_forearm) {transformation: [-2.0408f,0.346f,0.0779f,-2.3816f,0.3489f,2.0404f,0.0761f,1.4362f,-0.064f,0.0881f,-2.0686f,2.3015f,0f,0f,0f,1f],start_interpolation: 0,interpolation_duration: 1}
$data merge entity $(bone_right_arm) {transformation: [-1.5095f,0.2621f,0.012f,-1.9334f,0.258f,1.4958f,-0.2081f,3.0047f,-0.0474f,-0.203f,-1.5179f,1.8628f,0f,0f,0f,1f],start_interpolation: 0,interpolation_duration: 1}
$data merge entity $(bone_left_hand) {transformation: [-0.9796f,-0.1898f,-0.0664f,2.6953f,-0.2011f,0.9321f,0.3014f,-0.1825f,0.0047f,0.3086f,-0.9512f,3.4818f,0f,0f,0f,1f],start_interpolation: 0,interpolation_duration: 1}
$data merge entity $(bone_left_forearm) {transformation: [-2.0408f,-0.346f,-0.0779f,2.3816f,-0.3489f,2.0404f,0.0761f,1.4362f,0.064f,0.0881f,-2.0686f,2.3015f,0f,0f,0f,1f],start_interpolation: 0,interpolation_duration: 1}
$data merge entity $(bone_left_arm) {transformation: [-1.5095f,-0.2621f,-0.012f,1.9334f,-0.258f,1.4958f,-0.2081f,3.0047f,0.0474f,-0.203f,-1.5179f,1.8628f,0f,0f,0f,1f],start_interpolation: 0,interpolation_duration: 1}
$data merge entity $(bone_chest) {transformation: [-2.8487f,0f,0f,0f,0f,2.7376f,0.7877f,3.1898f,0f,0.7877f,-2.7376f,-0.8123f,0f,0f,0f,1f],start_interpolation: 0,interpolation_duration: 1}
$data merge entity $(bone_left_foot) {transformation: [-0.9461f,-0.206f,0.25f,2.0084f,-0.3113f,0.7916f,-0.5258f,1.747f,-0.0896f,-0.5753f,-0.813f,-4.0951f,0f,0f,0f,1f],start_interpolation: 0,interpolation_duration: 1}
$data merge entity $(bone_left_knee) {transformation: [-1.1937f,-0.3743f,0.1644f,1.8947f,-0.3928f,1.1906f,-0.1419f,1.6371f,-0.113f,-0.1854f,-1.2429f,-2.3094f,0f,0f,0f,1f],start_interpolation: 0,interpolation_duration: 1}
$data merge entity $(bone_left_leg) {transformation: [-1.9184f,-0.6569f,-0.0064f,1.0815f,-0.6313f,1.8381f,0.5785f,3.8912f,-0.1817f,0.5493f,-1.9435f,-1.9647f,0f,0f,0f,1f],start_interpolation: 0,interpolation_duration: 1}
$data merge entity $(bone_right_foot) {transformation: [-0.9461f,0.2641f,0.1877f,-1.3609f,0.3113f,0.5808f,0.7521f,4.1254f,0.0896f,0.77f,-0.6317f,-5.5233f,0f,0f,0f,1f],start_interpolation: 0,interpolation_duration: 1}
$data merge entity $(bone_right_knee) {transformation: [-1.1937f,0.3967f,0.0984f,-1.62f,0.3928f,1.0294f,0.6148f,3.0016f,0.113f,0.6123f,-1.0974f,-4.1509f,0f,0f,0f,1f],start_interpolation: 0,interpolation_duration: 1}
$data merge entity $(bone_right_leg) {transformation: [-1.9184f,0.3529f,0.5541f,-1.0815f,0.6313f,0.5174f,1.8563f,3.8912f,0.1817f,1.9287f,-0.5994f,-1.9647f,0f,0f,0f,1f],start_interpolation: 0,interpolation_duration: 1}
$data merge entity $(bone_group) {transformation: [-1.9904f,0f,0f,0f,0f,1.9128f,0.5504f,3.1226f,0f,0.5504f,-1.9128f,0.4285f,0f,0f,0f,1f],start_interpolation: 0,interpolation_duration: 1}