# This file was generated by Animated Java via MC-Build. It is not recommended to edit this file directly.
$data merge entity $(up) {transformation: [-1.9653f,0f,0f,0f,0f,1.7206f,0.9498f,1.9617f,0f,0.9498f,-1.7206f,3.3568f,0f,0f,0f,1f],start_interpolation: 0,interpolation_duration: 1}
$data merge entity $(down) {transformation: [-1.2477f,0f,0f,0f,0f,1.0977f,0.5931f,1.9233f,0f,0.5931f,-1.0977f,3.7448f,0f,0f,0f,1f],start_interpolation: 0,interpolation_duration: 1}
$data merge entity $(right_hand) {transformation: [-0.9685f,0.2489f,0.0026f,-2.7807f,0.2441f,0.9478f,0.2049f,-0.8267f,0.0486f,0.1991f,-0.9788f,3.4152f,0f,0f,0f,1f],start_interpolation: 0,interpolation_duration: 1}
$data merge entity $(right_forearm) {transformation: [-2.0156f,0.4734f,-0.0641f,-2.4524f,0.4719f,2.0163f,0.0525f,0.7679f,0.0744f,0.0365f,-2.0698f,2.1945f,0f,0f,0f,1f],start_interpolation: 0,interpolation_duration: 1}
$data merge entity $(right_arm) {transformation: [-1.4908f,0.3424f,-0.0871f,-1.9334f,0.349f,1.486f,-0.1318f,2.3272f,0.055f,-0.1481f,-1.524f,1.8037f,0f,0f,0f,1f],start_interpolation: 0,interpolation_duration: 1}
$data merge entity $(left_hand) {transformation: [-0.9685f,-0.2489f,-0.0026f,2.7807f,-0.2441f,0.9478f,0.2049f,-0.8267f,-0.0486f,0.1991f,-0.9788f,3.4152f,0f,0f,0f,1f],start_interpolation: 0,interpolation_duration: 1}
$data merge entity $(left_forearm) {transformation: [-2.0156f,-0.4734f,0.0641f,2.4524f,-0.4719f,2.0163f,0.0525f,0.7679f,-0.0744f,0.0365f,-2.0698f,2.1945f,0f,0f,0f,1f],start_interpolation: 0,interpolation_duration: 1}
$data merge entity $(left_arm) {transformation: [-1.4908f,-0.3424f,0.0871f,1.9334f,-0.349f,1.486f,-0.1318f,2.3272f,-0.055f,-0.1481f,-1.524f,1.8037f,0f,0f,0f,1f],start_interpolation: 0,interpolation_duration: 1}
$data merge entity $(chest) {transformation: [-2.8487f,0f,0f,0f,0f,2.4916f,1.3809f,3.1001f,0f,1.3809f,-2.4916f,-0.7657f,0f,0f,0f,1f],start_interpolation: 0,interpolation_duration: 1}
$data merge entity $(left_foot) {transformation: [-0.9308f,-0.1788f,0.3187f,2.14f,-0.3196f,0.8212f,-0.4728f,2.2158f,-0.1772f,-0.542f,-0.8215f,-3.8944f,0f,0f,0f,1f],start_interpolation: 0,interpolation_duration: 1}
$data merge entity $(left_knee) {transformation: [-1.1745f,-0.4071f,0.2165f,1.9619f,-0.4033f,1.1942f,0.0577f,1.8265f,-0.2235f,-0.0155f,-1.2417f,-2.1536f,0f,0f,0f,1f],start_interpolation: 0,interpolation_duration: 1}
$data merge entity $(left_leg) {transformation: [-1.8876f,-0.731f,0.1217f,1.0815f,-0.6482f,1.7899f,0.6987f,4.0418f,-0.3592f,0.6115f,-1.8998f,-1.7318f,0f,0f,0f,1f],start_interpolation: 0,interpolation_duration: 1}
$data merge entity $(right_foot) {transformation: [-0.9308f,0.2952f,0.2154f,-1.4162f,0.3196f,0.372f,0.8715f,4.9895f,0.1772f,0.88f,-0.4407f,-5.0958f,0f,0f,0f,1f],start_interpolation: 0,interpolation_duration: 1}
$data merge entity $(right_knee) {transformation: [-1.1745f,0.446f,0.1171f,-1.7141f,0.4033f,0.8382f,0.8525f,3.5843f,0.2235f,0.831f,-0.9228f,-4.0233f,0f,0f,0f,1f],start_interpolation: 0,interpolation_duration: 1}
$data merge entity $(right_leg) {transformation: [-1.8876f,0.426f,0.6064f,-1.0815f,0.6482f,0.1447f,1.916f,4.0418f,0.3592f,1.9773f,-0.2709f,-1.7318f,0f,0f,0f,1f],start_interpolation: 0,interpolation_duration: 1}
$data merge entity $(group) {transformation: [-1.9904f,0f,0f,0f,0f,1.7409f,0.9649f,2.7566f,0f,0.9649f,-1.7409f,0.4285f,0f,0f,0f,1f],start_interpolation: 0,interpolation_duration: 1}