# This file was generated by Animated Java via MC-Build. It is not recommended to edit this file directly.
$data merge entity $(bone_up) {transformation: [-1.9653f,0f,0f,0f,0f,1.5268f,1.2375f,1.1332f,0f,1.2375f,-1.5268f,3.1591f,0f,0f,0f,1f],start_interpolation: 0,interpolation_duration: 1}
$data merge entity $(bone_down) {transformation: [-1.2477f,0f,0f,0f,0f,0.9765f,0.7766f,1.0272f,0f,0.7766f,-0.9765f,3.5344f,0f,0f,0f,1f],start_interpolation: 0,interpolation_duration: 1}
$data merge entity $(bone_right_hand) {transformation: [-0.9586f,0.2734f,-0.0797f,-2.762f,0.2624f,0.9567f,0.126f,-1.3445f,0.1107f,0.0999f,-0.9888f,3.3362f,0f,0f,0f,1f],start_interpolation: 0,interpolation_duration: 1}
$data merge entity $(bone_right_forearm) {transformation: [-1.989f,0.5332f,-0.2246f,-2.4818f,0.5341f,2.0013f,0.0206f,0.2284f,0.2223f,-0.0382f,-2.0591f,2.0638f,0f,0f,0f,1f],start_interpolation: 0,interpolation_duration: 1}
$data merge entity $(bone_right_arm) {transformation: [-1.4712f,0.3849f,-0.187f,-1.9334f,0.3951f,1.4789f,-0.064f,1.7851f,0.1645f,-0.1096f,-1.5193f,1.7039f,0f,0f,0f,1f],start_interpolation: 0,interpolation_duration: 1}
$data merge entity $(bone_left_hand) {transformation: [-0.9586f,-0.2734f,0.0797f,2.762f,-0.2624f,0.9567f,0.126f,-1.3445f,-0.1107f,0.0999f,-0.9888f,3.3362f,0f,0f,0f,1f],start_interpolation: 0,interpolation_duration: 1}
$data merge entity $(bone_left_forearm) {transformation: [-1.989f,-0.5332f,0.2246f,2.4818f,-0.5341f,2.0013f,0.0206f,0.2284f,-0.2223f,-0.0382f,-2.0591f,2.0638f,0f,0f,0f,1f],start_interpolation: 0,interpolation_duration: 1}
$data merge entity $(bone_left_arm) {transformation: [-1.4712f,-0.3849f,0.187f,1.9334f,-0.3951f,1.4789f,-0.064f,1.7851f,-0.1645f,-0.1096f,-1.5193f,1.7039f,0f,0f,0f,1f],start_interpolation: 0,interpolation_duration: 1}
$data merge entity $(bone_chest) {transformation: [-2.8487f,0f,0f,0f,0f,2.1904f,1.8213f,3.0183f,0f,1.8213f,-2.1904f,-0.6807f,0f,0f,0f,1f],start_interpolation: 0,interpolation_duration: 1}
$data merge entity $(bone_left_foot) {transformation: [-0.9169f,-0.1394f,0.3739f,2.2358f,-0.3068f,0.8454f,-0.4373f,2.5256f,-0.2551f,-0.5157f,-0.8179f,-3.6088f,0f,0f,0f,1f],start_interpolation: 0,interpolation_duration: 1}
$data merge entity $(bone_left_knee) {transformation: [-1.157f,-0.4255f,0.2691f,1.9889f,-0.3871f,1.183f,0.2064f,1.9314f,-0.3219f,0.1067f,-1.2153f,-1.9356f,0f,0f,0f,1f],start_interpolation: 0,interpolation_duration: 1}
$data merge entity $(bone_left_leg) {transformation: [-1.8594f,-0.7707f,0.2465f,1.0815f,-0.6221f,1.7567f,0.7993f,4.1236f,-0.5173f,0.6573f,-1.8473f,-1.4543f,0f,0f,0f,1f],start_interpolation: 0,interpolation_duration: 1}
$data merge entity $(bone_right_foot) {transformation: [-0.9169f,0.3198f,0.2386f,-1.4624f,0.3068f,0.1827f,0.9341f,5.6263f,0.2551f,0.9297f,-0.2657f,-4.5581f,0f,0f,0f,1f],start_interpolation: 0,interpolation_duration: 1}
$data merge entity $(bone_right_knee) {transformation: [-1.157f,0.4862f,0.1307f,-1.7896f,0.3871f,0.6497f,1.01f,4.0507f,0.3219f,0.9662f,-0.7449f,-3.7681f,0f,0f,0f,1f],start_interpolation: 0,interpolation_duration: 1}
$data merge entity $(bone_right_leg) {transformation: [-1.8594f,0.4848f,0.6478f,-1.0815f,0.6221f,-0.1813f,1.9215f,4.1236f,0.5173f,1.9606f,0.0175f,-1.4543f,0f,0f,0f,1f],start_interpolation: 0,interpolation_duration: 1}
$data merge entity $(bone_group) {transformation: [-1.9904f,0f,0f,0f,0f,1.5305f,1.2725f,2.4582f,0f,1.2725f,-1.5305f,0.4285f,0f,0f,0f,1f],start_interpolation: 0,interpolation_duration: 1}