# This file was generated by Animated Java via MC-Build. It is not recommended to edit this file directly.
$data merge entity $(up) {transformation: [-1.9653f,0f,0f,0f,0f,1.9649f,0.041f,2.3513f,0f,0.041f,-1.9649f,3.4431f,0f,0f,0f,1f],start_interpolation: 0,interpolation_duration: 1}
$data merge entity $(down) {transformation: [-1.2477f,0f,0f,0f,0f,1.2474f,0.0253f,2.4977f,0f,0.0253f,-1.2474f,3.8045f,0f,0f,0f,1f],start_interpolation: 0,interpolation_duration: 1}
$data merge entity $(right_hand) {transformation: [-0.9783f,-0.1444f,0.1483f,-3.3044f,-0.1632f,0.9789f,-0.1233f,-0.8549f,-0.1274f,-0.1448f,-0.9812f,2.9143f,0f,0f,0f,1f],start_interpolation: 0,interpolation_duration: 1}
$data merge entity $(right_forearm) {transformation: [-1.4013f,1.0744f,-1.083f,-3.125f,0.9935f,1.7586f,0.4593f,0.7855f,1.1577f,-0.2087f,-1.705f,1.7236f,0f,0f,0f,1f],start_interpolation: 0,interpolation_duration: 1}
$data merge entity $(right_arm) {transformation: [-1.0364f,1.0498f,-0.4138f,-1.9334f,0.7348f,1.0543f,0.8342f,1.9759f,0.8563f,0.3658f,-1.2167f,1.8512f,0f,0f,0f,1f],start_interpolation: 0,interpolation_duration: 1}
$data merge entity $(left_hand) {transformation: [-0.9783f,0.1444f,-0.1483f,3.3044f,0.1632f,0.9789f,-0.1233f,-0.8549f,0.1274f,-0.1448f,-0.9812f,2.9143f,0f,0f,0f,1f],start_interpolation: 0,interpolation_duration: 1}
$data merge entity $(left_forearm) {transformation: [-1.4013f,-1.0744f,1.083f,3.125f,-0.9935f,1.7586f,0.4593f,0.7855f,-1.1577f,-0.2087f,-1.705f,1.7236f,0f,0f,0f,1f],start_interpolation: 0,interpolation_duration: 1}
$data merge entity $(left_arm) {transformation: [-1.0364f,-1.0498f,0.4138f,1.9334f,-0.7348f,1.0543f,0.8342f,1.9759f,-0.8563f,0.3658f,-1.2167f,1.8512f,0f,0f,0f,1f],start_interpolation: 0,interpolation_duration: 1}
$data merge entity $(chest) {transformation: [-2.8487f,0f,0f,0f,0f,2.8289f,0.3351f,1.821f,0f,0.3351f,-2.8289f,-0.8075f,0f,0f,0f,1f],start_interpolation: 0,interpolation_duration: 1}
$data merge entity $(left_foot) {transformation: [-0.9777f,-0.2013f,0.0601f,1.6327f,-0.2037f,0.9783f,-0.0378f,0.2591f,-0.0512f,-0.0492f,-0.9975f,-3.9666f,0f,0f,0f,1f],start_interpolation: 0,interpolation_duration: 1}
$data merge entity $(left_knee) {transformation: [-1.2336f,-0.2552f,0.0718f,1.6175f,-0.2571f,1.235f,-0.0279f,-0.0235f,-0.0646f,-0.0419f,-1.2594f,-2.1964f,0f,0f,0f,1f],start_interpolation: 0,interpolation_duration: 1}
$data merge entity $(left_leg) {transformation: [-1.9826f,-0.4254f,0.0218f,1.0815f,-0.4131f,1.9456f,0.3951f,2.3331f,-0.1038f,0.3818f,-1.9888f,-2.0556f,0f,0f,0f,1f],start_interpolation: 0,interpolation_duration: 1}
$data merge entity $(right_foot) {transformation: [-0.9777f,0.2013f,-0.0601f,-1.6327f,0.2037f,0.9783f,-0.0378f,0.2591f,0.0512f,-0.0492f,-0.9975f,-3.9666f,0f,0f,0f,1f],start_interpolation: 0,interpolation_duration: 1}
$data merge entity $(right_knee) {transformation: [-1.2336f,0.2552f,-0.0718f,-1.6175f,0.2571f,1.235f,-0.0279f,-0.0235f,0.0646f,-0.0419f,-1.2594f,-2.1964f,0f,0f,0f,1f],start_interpolation: 0,interpolation_duration: 1}
$data merge entity $(right_leg) {transformation: [-1.9826f,0.4254f,-0.0218f,-1.0815f,0.4131f,1.9456f,0.3951f,2.3331f,0.1038f,0.3818f,-1.9888f,-2.0556f,0f,0f,0f,1f],start_interpolation: 0,interpolation_duration: 1}
$data merge entity $(group) {transformation: [-1.9904f,0f,0f,0f,0f,1.9754f,0.2438f,1.949f,0f,0.2438f,-1.9754f,0.4285f,0f,0f,0f,1f],start_interpolation: 0,interpolation_duration: 1}