# This file was generated by Animated Java via MC-Build. It is not recommended to edit this file directly.
$data merge entity $(bone_up) {transformation: [-1.9653f,0f,0f,0f,0f,1.9648f,0.0462f,1.4833f,0f,0.0462f,-1.9648f,3.4762f,0f,0f,0f,1f],start_interpolation: 0,interpolation_duration: 1}
$data merge entity $(bone_down) {transformation: [-1.2477f,0f,0f,0f,0f,1.2474f,0.0275f,1.6288f,0f,0.0275f,-1.2474f,3.8379f,0f,0f,0f,1f],start_interpolation: 0,interpolation_duration: 1}
$data merge entity $(bone_right_hand) {transformation: [-0.9545f,0.0286f,0.2969f,-3.6294f,0.0828f,0.9817f,0.1717f,-1.0733f,-0.2866f,0.1885f,-0.9393f,2.4374f,0f,0f,0f,1f],start_interpolation: 0,interpolation_duration: 1}
$data merge entity $(bone_right_forearm) {transformation: [-0.6409f,1.2973f,-1.4823f,-3.5292f,0.7648f,1.6003f,1.07f,0.7994f,1.8153f,-0.2162f,-0.9741f,1.6838f,0f,0f,0f,1f],start_interpolation: 0,interpolation_duration: 1}
$data merge entity $(bone_right_arm) {transformation: [-0.474f,1.4455f,-0.1824f,-1.9334f,0.5657f,0.3593f,1.3778f,1.332f,1.3427f,0.359f,-0.6449f,1.8358f,0f,0f,0f,1f],start_interpolation: 0,interpolation_duration: 1}
$data merge entity $(bone_left_hand) {transformation: [-0.9545f,-0.0286f,-0.2969f,3.6294f,-0.0828f,0.9817f,0.1717f,-1.0733f,0.2866f,0.1885f,-0.9393f,2.4374f,0f,0f,0f,1f],start_interpolation: 0,interpolation_duration: 1}
$data merge entity $(bone_left_forearm) {transformation: [-0.6409f,-1.2973f,1.4823f,3.5292f,-0.7648f,1.6003f,1.07f,0.7994f,-1.8153f,-0.2162f,-0.9741f,1.6838f,0f,0f,0f,1f],start_interpolation: 0,interpolation_duration: 1}
$data merge entity $(bone_left_arm) {transformation: [-0.474f,-1.4455f,0.1824f,1.9334f,-0.5657f,0.3593f,1.3778f,1.332f,-1.3427f,0.359f,-0.6449f,1.8358f,0f,0f,0f,1f],start_interpolation: 0,interpolation_duration: 1}
$data merge entity $(bone_chest) {transformation: [-2.8487f,0f,0f,0f,0f,2.7363f,0.7921f,1.6139f,0f,0.7921f,-2.7363f,-0.8123f,0f,0f,0f,1f],start_interpolation: 0,interpolation_duration: 1}
$data merge entity $(bone_left_foot) {transformation: [-0.9585f,-0.2752f,0.0745f,1.8099f,-0.2754f,0.9613f,0.0079f,0.4182f,-0.0738f,-0.0129f,-0.9972f,-4.092f,0f,0f,0f,1f],start_interpolation: 0,interpolation_duration: 1}
$data merge entity $(bone_left_knee) {transformation: [-1.2094f,-0.3501f,0.0829f,1.8038f,-0.3475f,1.212f,0.0485f,0.0363f,-0.0931f,0.0237f,-1.2581f,-2.3406f,0f,0f,0f,1f],start_interpolation: 0,interpolation_duration: 1}
$data merge entity $(bone_left_leg) {transformation: [-1.9436f,-0.5778f,-0.0214f,1.0815f,-0.5585f,1.8568f,0.5937f,2.316f,-0.1496f,0.575f,-1.9388f,-1.9642f,0f,0f,0f,1f],start_interpolation: 0,interpolation_duration: 1}
$data merge entity $(bone_right_foot) {transformation: [-0.9585f,0.2752f,-0.0745f,-1.8099f,0.2754f,0.9613f,0.0079f,0.4182f,0.0738f,-0.0129f,-0.9972f,-4.092f,0f,0f,0f,1f],start_interpolation: 0,interpolation_duration: 1}
$data merge entity $(bone_right_knee) {transformation: [-1.2094f,0.3501f,-0.0829f,-1.8038f,0.3475f,1.212f,0.0485f,0.0363f,0.0931f,0.0237f,-1.2581f,-2.3406f,0f,0f,0f,1f],start_interpolation: 0,interpolation_duration: 1}
$data merge entity $(bone_right_leg) {transformation: [-1.9436f,0.5778f,0.0214f,-1.0815f,0.5585f,1.8568f,0.5937f,2.316f,0.1496f,0.575f,-1.9388f,-1.9642f,0f,0f,0f,1f],start_interpolation: 0,interpolation_duration: 1}
$data merge entity $(bone_group) {transformation: [-1.9904f,0f,0f,0f,0f,1.9124f,0.5518f,1.5457f,0f,0.5518f,-1.9124f,0.4285f,0f,0f,0f,1f],start_interpolation: 0,interpolation_duration: 1}