# This file was generated by Animated Java via MC-Build. It is not recommended to edit this file directly.
$data merge entity $(bone_up) {transformation: [-1.9653f,0f,0f,0f,0f,1.9635f,-0.0857f,2.0688f,0f,-0.0857f,-1.9635f,3.4649f,0f,0f,0f,1f],start_interpolation: 0,interpolation_duration: 1}
$data merge entity $(bone_down) {transformation: [-1.2477f,0f,0f,0f,0f,1.2464f,-0.0569f,2.2382f,0f,-0.0569f,-1.2464f,3.8161f,0f,0f,0f,1f],start_interpolation: 0,interpolation_duration: 1}
$data merge entity $(bone_right_hand) {transformation: [-0.9585f,-0.0272f,0.2837f,-3.6535f,-0.0059f,0.9971f,0.0755f,-0.7172f,-0.2849f,0.0706f,-0.9559f,2.6515f,0f,0f,0f,1f],start_interpolation: 0,interpolation_duration: 1}
$data merge entity $(bone_right_forearm) {transformation: [-0.876f,1.3199f,-1.3346f,-3.4516f,0.989f,1.5763f,0.9099f,1.0349f,1.5954f,-0.2524f,-1.2968f,1.6763f,0f,0f,0f,1f],start_interpolation: 0,interpolation_duration: 1}
$data merge entity $(bone_right_arm) {transformation: [-0.6479f,1.3659f,-0.2486f,-1.9334f,0.7315f,0.5691f,1.22f,1.7546f,1.18f,0.3972f,-0.8928f,1.8509f,0f,0f,0f,1f],start_interpolation: 0,interpolation_duration: 1}
$data merge entity $(bone_left_hand) {transformation: [-0.9585f,0.0272f,-0.2837f,3.6535f,0.0059f,0.9971f,0.0755f,-0.7172f,0.2849f,0.0706f,-0.9559f,2.6515f,0f,0f,0f,1f],start_interpolation: 0,interpolation_duration: 1}
$data merge entity $(bone_left_forearm) {transformation: [-0.876f,-1.3199f,1.3346f,3.4516f,-0.989f,1.5763f,0.9099f,1.0349f,-1.5954f,-0.2524f,-1.2968f,1.6763f,0f,0f,0f,1f],start_interpolation: 0,interpolation_duration: 1}
$data merge entity $(bone_left_arm) {transformation: [-0.6479f,-1.3659f,0.2486f,1.9334f,-0.7315f,0.5691f,1.22f,1.7546f,-1.18f,0.3972f,-0.8928f,1.8509f,0f,0f,0f,1f],start_interpolation: 0,interpolation_duration: 1}
$data merge entity $(bone_chest) {transformation: [-2.8487f,0f,0f,0f,0f,2.8054f,0.4947f,1.7497f,0f,0.4947f,-2.8054f,-0.8125f,0f,0f,0f,1f],start_interpolation: 0,interpolation_duration: 1}
$data merge entity $(bone_left_foot) {transformation: [-0.9659f,-0.2527f,0.056f,1.74f,-0.2549f,0.9663f,-0.0364f,0.2688f,-0.0449f,-0.0494f,-0.9978f,-4.1079f,0f,0f,0f,1f],start_interpolation: 0,interpolation_duration: 1}
$data merge entity $(bone_left_knee) {transformation: [-1.2188f,-0.3188f,0.0707f,1.7428f,-0.3216f,1.2192f,-0.0459f,0.0163f,-0.0567f,-0.0623f,-1.2589f,-2.3331f,0f,0f,0f,1f],start_interpolation: 0,interpolation_duration: 1}
$data merge entity $(bone_left_leg) {transformation: [-1.9587f,-0.5228f,-0.0457f,1.0815f,-0.5169f,1.8909f,0.5189f,2.3256f,-0.0911f,0.5129f,-1.9598f,-2.0324f,0f,0f,0f,1f],start_interpolation: 0,interpolation_duration: 1}
$data merge entity $(bone_right_foot) {transformation: [-0.9659f,0.2527f,-0.056f,-1.74f,0.2549f,0.9663f,-0.0364f,0.2688f,0.0449f,-0.0494f,-0.9978f,-4.1079f,0f,0f,0f,1f],start_interpolation: 0,interpolation_duration: 1}
$data merge entity $(bone_right_knee) {transformation: [-1.2188f,0.3188f,-0.0707f,-1.7428f,0.3216f,1.2192f,-0.0459f,0.0163f,0.0567f,-0.0623f,-1.2589f,-2.3331f,0f,0f,0f,1f],start_interpolation: 0,interpolation_duration: 1}
$data merge entity $(bone_right_leg) {transformation: [-1.9587f,0.5228f,0.0457f,-1.0815f,0.5169f,1.8909f,0.5189f,2.3256f,0.0911f,0.5129f,-1.9598f,-2.0324f,0f,0f,0f,1f],start_interpolation: 0,interpolation_duration: 1}
$data merge entity $(bone_group) {transformation: [-1.9904f,0f,0f,0f,0f,1.9602f,0.3456f,1.8137f,0f,0.3456f,-1.9602f,0.4285f,0f,0f,0f,1f],start_interpolation: 0,interpolation_duration: 1}