# This file was generated by Animated Java via MC-Build. It is not recommended to edit this file directly.
$data merge entity $(up) {transformation: [-1.9653f,0f,0f,0f,0f,1.8384f,-0.6949f,3.9698f,0f,-0.6949f,-1.8384f,3.1812f,0f,0f,0f,1f],start_interpolation: 0,interpolation_duration: 1}
$data merge entity $(down) {transformation: [-1.2477f,0f,0f,0f,0f,1.166f,-0.444f,4.2404f,0f,-0.444f,-1.166f,3.4619f,0f,0f,0f,1f],start_interpolation: 0,interpolation_duration: 1}
$data merge entity $(right_hand) {transformation: [-0.9335f,-0.0479f,0.3555f,-3.8794f,-0.0369f,0.9986f,0.0375f,0.655f,-0.3568f,0.0219f,-0.9339f,2.8799f,0f,0f,0f,1f],start_interpolation: 0,interpolation_duration: 1}
$data merge entity $(right_forearm) {transformation: [-1.2956f,1.4041f,-0.8004f,-3.2952f,1.3092f,1.5133f,0.5355f,2.1284f,0.9477f,-0.1709f,-1.834f,1.6433f,0f,0f,0f,1f],start_interpolation: 0,interpolation_duration: 1}
$data merge entity $(right_arm) {transformation: [-0.9583f,1.1821f,-0.178f,-1.9334f,0.9683f,0.9014f,0.7728f,3.1186f,0.701f,0.3709f,-1.3109f,1.7791f,0f,0f,0f,1f],start_interpolation: 0,interpolation_duration: 1}
$data merge entity $(left_hand) {transformation: [-0.9335f,0.0479f,-0.3555f,3.8794f,0.0369f,0.9986f,0.0375f,0.655f,0.3568f,0.0219f,-0.9339f,2.8799f,0f,0f,0f,1f],start_interpolation: 0,interpolation_duration: 1}
$data merge entity $(left_forearm) {transformation: [-1.2956f,-1.4041f,0.8004f,3.2952f,-1.3092f,1.5133f,0.5355f,2.1284f,-0.9477f,-0.1709f,-1.834f,1.6433f,0f,0f,0f,1f],start_interpolation: 0,interpolation_duration: 1}
$data merge entity $(left_arm) {transformation: [-0.9583f,-1.1821f,0.178f,1.9334f,-0.9683f,0.9014f,0.7728f,3.1186f,-0.701f,0.3709f,-1.3109f,1.7791f,0f,0f,0f,1f],start_interpolation: 0,interpolation_duration: 1}
$data merge entity $(chest) {transformation: [-2.8487f,0f,0f,0f,0f,2.7989f,-0.5301f,2.1682f,0f,-0.5301f,-2.7989f,-0.7095f,0f,0f,0f,1f],start_interpolation: 0,interpolation_duration: 1}
$data merge entity $(left_foot) {transformation: [-0.9804f,-0.1971f,-0.0035f,1.5485f,-0.1937f,0.9664f,-0.1692f,-0.3487f,0.0367f,-0.1652f,-0.9856f,-3.9286f,0f,0f,0f,1f],start_interpolation: 0,interpolation_duration: 1}
$data merge entity $(left_knee) {transformation: [-1.237f,-0.2462f,0.0348f,1.5826f,-0.2443f,1.1705f,-0.4028f,-0.0912f,0.0463f,-0.4016f,-1.1952f,-2.1548f,0f,0f,0f,1f],start_interpolation: 0,interpolation_duration: 1}
$data merge entity $(left_leg) {transformation: [-1.988f,-0.3747f,-0.139f,1.0815f,-0.3927f,1.9626f,0.3255f,2.2751f,0.0744f,0.346f,-1.9967f,-2.0544f,0f,0f,0f,1f],start_interpolation: 0,interpolation_duration: 1}
$data merge entity $(right_foot) {transformation: [-0.9804f,0.197f,-0.0055f,-1.5586f,0.1937f,0.9577f,-0.2129f,-0.3846f,-0.0367f,-0.2098f,-0.9771f,-3.8505f,0f,0f,0f,1f],start_interpolation: 0,interpolation_duration: 1}
$data merge entity $(right_knee) {transformation: [-1.237f,0.2455f,-0.0397f,-1.5856f,0.2443f,1.1623f,-0.426f,-0.0926f,-0.0463f,-0.4253f,-1.187f,-2.082f,0f,0f,0f,1f],start_interpolation: 0,interpolation_duration: 1}
$data merge entity $(right_leg) {transformation: [-1.988f,0.3787f,0.1277f,-1.0815f,0.3927f,1.9715f,0.2663f,2.2751f,-0.0744f,0.2858f,-2.0062f,-2.0544f,0f,0f,0f,1f],start_interpolation: 0,interpolation_duration: 1}
$data merge entity $(group) {transformation: [-1.9904f,0f,0f,0f,0f,1.9556f,-0.3704f,2.6672f,0f,-0.3704f,-1.9556f,0.4285f,0f,0f,0f,1f],start_interpolation: 0,interpolation_duration: 1}