# This file was generated by Animated Java via MC-Build. It is not recommended to edit this file directly.
$data merge entity $(bone_up) {transformation: [-1.9653f,0f,0f,0f,0f,1.3181f,-1.4578f,6.4501f,0f,-1.4578f,-1.3181f,2.1334f,0f,0f,0f,1f],start_interpolation: 0,interpolation_duration: 1}
$data merge entity $(bone_down) {transformation: [-1.2477f,0f,0f,0f,0f,0.8339f,-0.928f,6.8191f,0f,-0.928f,-0.8339f,2.2595f,0f,0f,0f,1f],start_interpolation: 0,interpolation_duration: 1}
$data merge entity $(bone_right_hand) {transformation: [-0.9213f,-0.1964f,0.3357f,-3.5524f,-0.0887f,0.9465f,0.3103f,2.2027f,-0.3786f,0.2561f,-0.8894f,2.8002f,0f,0f,0f,1f],start_interpolation: 0,interpolation_duration: 1}
$data merge entity $(bone_right_forearm) {transformation: [-1.7992f,1.0146f,-0.156f,-2.8778f,1.0099f,1.8059f,0.0984f,3.6303f,0.1842f,0.0094f,-2.0632f,1.5623f,0f,0f,0f,1f],start_interpolation: 0,interpolation_duration: 1}
$data merge entity $(bone_right_arm) {transformation: [-1.3308f,0.7519f,-0.1056f,-1.9334f,0.7469f,1.3347f,0.0901f,5.0151f,0.1362f,0.0268f,-1.5258f,1.3528f,0f,0f,0f,1f],start_interpolation: 0,interpolation_duration: 1}
$data merge entity $(bone_left_hand) {transformation: [-0.9213f,0.1964f,-0.3357f,3.5524f,0.0887f,0.9465f,0.3103f,2.2027f,0.3786f,0.2561f,-0.8894f,2.8002f,0f,0f,0f,1f],start_interpolation: 0,interpolation_duration: 1}
$data merge entity $(bone_left_forearm) {transformation: [-1.7992f,-1.0146f,0.156f,2.8778f,-1.0099f,1.8059f,0.0984f,3.6303f,-0.1842f,0.0094f,-2.0632f,1.5623f,0f,0f,0f,1f],start_interpolation: 0,interpolation_duration: 1}
$data merge entity $(bone_left_arm) {transformation: [-1.3308f,-0.7519f,0.1056f,1.9334f,-0.7469f,1.3347f,0.0901f,5.0151f,-0.1362f,0.0268f,-1.5258f,1.3528f,0f,0f,0f,1f],start_interpolation: 0,interpolation_duration: 1}
$data merge entity $(bone_chest) {transformation: [-2.8487f,0f,0f,0f,0f,2.1298f,-1.8918f,2.9184f,0f,-1.8918f,-2.1298f,-0.292f,0f,0f,0f,1f],start_interpolation: 0,interpolation_duration: 1}
$data merge entity $(bone_left_foot) {transformation: [-0.9946f,-0.0965f,-0.0374f,1.2731f,-0.0773f,0.9334f,-0.3504f,-1.0384f,0.0687f,-0.3456f,-0.9358f,-2.777f,0f,0f,0f,1f],start_interpolation: 0,interpolation_duration: 1}
$data merge entity $(bone_left_knee) {transformation: [-1.255f,-0.1305f,0.0032f,1.3211f,-0.0976f,0.9177f,-0.8604f,-0.0776f,0.0867f,-0.856f,-0.9229f,-1.2644f,0f,0f,0f,1f],start_interpolation: 0,interpolation_duration: 1}
$data merge entity $(bone_left_leg) {transformation: [-2.0169f,-0.1528f,-0.1438f,1.0815f,-0.1568f,2.021f,0.0528f,2.3198f,0.1393f,0.0636f,-2.022f,-1.5009f,0f,0f,0f,1f],start_interpolation: 0,interpolation_duration: 1}
$data merge entity $(bone_right_foot) {transformation: [-0.9946f,0.1003f,0.0254f,-1.294f,0.0773f,0.8841f,-0.4608f,-1.0892f,-0.0687f,-0.4564f,-0.8871f,-2.532f,0f,0f,0f,1f],start_interpolation: 0,interpolation_duration: 1}
$data merge entity $(bone_right_knee) {transformation: [-1.255f,0.1301f,-0.0101f,-1.3322f,0.0976f,0.8707f,-0.908f,-0.0496f,-0.0867f,-0.9039f,-0.8761f,-1.0721f,0f,0f,0f,1f],start_interpolation: 0,interpolation_duration: 1}
$data merge entity $(bone_right_leg) {transformation: [-2.0169f,0.1638f,0.131f,-1.0815f,0.1568f,2.0188f,-0.1098f,2.3198f,-0.1393f,-0.0991f,-2.0206f,-1.5009f,0f,0f,0f,1f],start_interpolation: 0,interpolation_duration: 1}
$data merge entity $(bone_group) {transformation: [-1.9904f,0f,0f,0f,0f,1.4881f,-1.3218f,3.9309f,0f,-1.3218f,-1.4881f,0.4285f,0f,0f,0f,1f],start_interpolation: 0,interpolation_duration: 1}