# This file was generated by Animated Java via MC-Build. It is not recommended to edit this file directly.
$data merge entity $(bone_up) {transformation: [-1.9653f,0f,0f,0f,0f,0.6374f,-1.8591f,8.101f,0f,-1.8591f,-0.6374f,0.822f,0f,0f,0f,1f],start_interpolation: 0,interpolation_duration: 1}
$data merge entity $(bone_down) {transformation: [-1.2477f,0f,0f,0f,0f,0.4004f,-1.1817f,8.4898f,0f,-1.1817f,-0.4004f,0.7926f,0f,0f,0f,1f],start_interpolation: 0,interpolation_duration: 1}
$data merge entity $(bone_right_hand) {transformation: [-0.9913f,-0.1298f,0.0242f,-2.4814f,-0.072f,0.6853f,0.7247f,3.3986f,-0.1106f,0.7166f,-0.6886f,2.6735f,0f,0f,0f,1f],start_interpolation: 0,interpolation_duration: 1}
$data merge entity $(bone_right_forearm) {transformation: [-2.0321f,0.3674f,-0.163f,-2.3021f,0.3613f,2.0377f,0.0889f,4.9923f,0.1761f,0.0588f,-2.0631f,1.473f,0f,0f,0f,1f],start_interpolation: 0,interpolation_duration: 1}
$data merge entity $(bone_right_arm) {transformation: [-1.503f,0.2185f,-0.2016f,-1.9334f,0.2672f,1.4482f,-0.4228f,6.4765f,0.1303f,-0.4499f,-1.4588f,0.7556f,0f,0f,0f,1f],start_interpolation: 0,interpolation_duration: 1}
$data merge entity $(bone_left_hand) {transformation: [-0.9913f,0.1298f,-0.0242f,2.4814f,0.072f,0.6853f,0.7247f,3.3986f,0.1106f,0.7166f,-0.6886f,2.6735f,0f,0f,0f,1f],start_interpolation: 0,interpolation_duration: 1}
$data merge entity $(bone_left_forearm) {transformation: [-2.0321f,-0.3674f,0.163f,2.3021f,-0.3613f,2.0377f,0.0889f,4.9923f,-0.1761f,0.0588f,-2.0631f,1.473f,0f,0f,0f,1f],start_interpolation: 0,interpolation_duration: 1}
$data merge entity $(bone_left_arm) {transformation: [-1.503f,-0.2185f,0.2016f,1.9334f,-0.2672f,1.4482f,-0.4228f,6.4765f,-0.1303f,-0.4499f,-1.4588f,0.7556f,0f,0f,0f,1f],start_interpolation: 0,interpolation_duration: 1}
$data merge entity $(bone_chest) {transformation: [-2.8487f,0f,0f,0f,0f,1.0414f,-2.6515f,3.86f,0f,-2.6515f,-1.0414f,0.245f,0f,0f,0f,1f],start_interpolation: 0,interpolation_duration: 1}
$data merge entity $(bone_left_foot) {transformation: [-0.9997f,-0.0178f,-0.0137f,1.1203f,-0.0082f,0.8573f,-0.5148f,-1.0275f,0.0209f,-0.5146f,-0.8572f,-1.0898f,0f,0f,0f,1f],start_interpolation: 0,interpolation_duration: 1}
$data merge entity $(bone_left_knee) {transformation: [-1.2614f,-0.0283f,-0.0021f,1.1488f,-0.0104f,0.5448f,-1.138f,0.4178f,0.0264f,-1.1377f,-0.5449f,-0.0297f,0f,0f,0f,1f],start_interpolation: 0,interpolation_duration: 1}
$data merge entity $(bone_left_leg) {transformation: [-2.0273f,-0.0205f,-0.0408f,1.0815f,-0.0167f,2.0193f,-0.1852f,2.7786f,0.0425f,-0.1848f,-2.0189f,-0.5615f,0f,0f,0f,1f],start_interpolation: 0,interpolation_duration: 1}
$data merge entity $(bone_right_foot) {transformation: [-0.9997f,0.0195f,0.0111f,-1.1266f,0.0082f,0.7787f,-0.6273f,-1.0307f,-0.0209f,-0.627f,-0.7787f,-0.7874f,0f,0f,0f,1f],start_interpolation: 0,interpolation_duration: 1}
$data merge entity $(bone_right_knee) {transformation: [-1.2614f,0.0284f,0.0003f,-1.1527f,0.0104f,0.475f,-1.1689f,0.4762f,-0.0264f,-1.1686f,-0.4751f,0.1832f,0f,0f,0f,1f],start_interpolation: 0,interpolation_duration: 1}
$data merge entity $(bone_right_leg) {transformation: [-2.0273f,0.0241f,0.0387f,-1.0815f,0.0167f,1.994f,-0.3684f,2.7786f,-0.0425f,-0.368f,-1.9937f,-0.5615f,0f,0f,0f,1f],start_interpolation: 0,interpolation_duration: 1}
$data merge entity $(bone_group) {transformation: [-1.9904f,0f,0f,0f,0f,0.7276f,-1.8526f,5.0891f,0f,-1.8526f,-0.7276f,0.4285f,0f,0f,0f,1f],start_interpolation: 0,interpolation_duration: 1}