# This file was generated by Animated Java via MC-Build. It is not recommended to edit this file directly.
$data merge entity $(neck) {transformation: [-0.977f,-0.0752f,0.1995f,0.1896f,0.0211f,0.8971f,0.4413f,6.1822f,-0.2122f,0.4354f,-0.8749f,-0.3085f,0f,0f,0f,1f],start_interpolation: 0,interpolation_duration: 1}
$data merge entity $(right_thumb_2) {transformation: [-0.2162f,-0.2052f,-0.9546f,-0.6622f,0.9742f,-0.1097f,-0.1971f,6.2923f,-0.0643f,-0.9726f,0.2236f,1.7387f,0f,0f,0f,1f],start_interpolation: 0,interpolation_duration: 1}
$data merge entity $(right_thumb) {transformation: [-0.2162f,-0.9292f,-0.2996f,-0.989f,0.9742f,-0.2255f,-0.0035f,6.3642f,-0.0643f,-0.2926f,0.9541f,1.6216f,0f,0f,0f,1f],start_interpolation: 0,interpolation_duration: 1}
$data merge entity $(right_fingers2) {transformation: [0.3575f,0.7416f,-0.5677f,-0.5697f,-0.9073f,0.1316f,-0.3994f,6.3745f,-0.2215f,0.6578f,0.7199f,2.0698f,0f,0f,0f,1f],start_interpolation: 0,interpolation_duration: 1}
$data merge entity $(right_fingers) {transformation: [0.5997f,-0.564f,-0.5677f,-0.7177f,0.3984f,0.8257f,-0.3994f,6.6181f,0.694f,0.0134f,0.7199f,2.0985f,0f,0f,0f,1f],start_interpolation: 0,interpolation_duration: 1}
$data merge entity $(scout) {transformation: [0f,0f,0f,-0.7169f,0f,0f,0f,6.409f,0f,0f,0f,2.1313f,0f,0f,0f,1f],start_interpolation: 0,interpolation_duration: 1}
$data merge entity $(right_hand) {transformation: [-0.5096f,-0.6466f,-0.5677f,-1.1374f,0.8573f,-0.3249f,-0.3994f,6.3966f,0.0739f,-0.6902f,0.7199f,1.7061f,0f,0f,0f,1f],start_interpolation: 0,interpolation_duration: 1}
$data merge entity $(right_forearm) {transformation: [-0.6481f,-0.6663f,-1.0164f,-2.1509f,1.1322f,-0.7497f,-0.2305f,5.2121f,-0.4417f,-0.944f,0.9005f,0.3356f,0f,0f,0f,1f],start_interpolation: 0,interpolation_duration: 1}
$data merge entity $(right_shoulder) {transformation: [-1.0228f,0.9405f,-0.468f,-0.7829f,1.0169f,0.7223f,-0.7707f,5.9126f,-0.2638f,-0.8622f,-1.1562f,-0.6253f,0f,0f,0f,1f],start_interpolation: 0,interpolation_duration: 1}
$data merge entity $(right_arm) {transformation: [-0.9598f,-0.0255f,0.2794f,-0.2467f,0.053f,0.9615f,0.2696f,6.1636f,-0.2756f,0.2736f,-0.9215f,-0.3984f,0f,0f,0f,1f],start_interpolation: 0,interpolation_duration: 1}
$data merge entity $(left_thumb_2) {transformation: [0.0289f,0.3799f,0.9246f,-0.0438f,-0.9924f,-0.0996f,0.0719f,7.1837f,0.1194f,-0.9197f,0.3741f,2.6043f,0f,0f,0f,1f],start_interpolation: 0,interpolation_duration: 1}
$data merge entity $(left_thumb) {transformation: [0.0289f,0.9907f,0.1333f,0.2687f,-0.9924f,0.0125f,0.1222f,7.3331f,0.1194f,-0.1359f,0.9835f,2.529f,0f,0f,0f,1f],start_interpolation: 0,interpolation_duration: 1}
$data merge entity $(left_fingers2) {transformation: [0.0769f,-0.8466f,0.5266f,-0.2061f,0.9791f,-0.0357f,-0.2003f,7.2549f,0.1884f,0.531f,0.8262f,2.9102f,0f,0f,0f,1f],start_interpolation: 0,interpolation_duration: 1}
$data merge entity $(left_fingers) {transformation: [0.7843f,0.3279f,0.5266f,-0.1309f,-0.2604f,0.9445f,-0.2003f,7.5299f,-0.563f,0.02f,0.8262f,2.9378f,0f,0f,0f,1f],start_interpolation: 0,interpolation_duration: 1}
$data merge entity $(left_hand) {transformation: [-0.2583f,0.8099f,0.5266f,0.3885f,-0.9636f,-0.1771f,-0.2003f,7.4074f,-0.069f,-0.5591f,0.8262f,2.6306f,0f,0f,0f,1f],start_interpolation: 0,interpolation_duration: 1}
$data merge entity $(left_forearm) {transformation: [-1.1486f,0.7602f,-0.0026f,1.4855f,-0.6343f,-0.961f,-0.7558f,5.9063f,-0.419f,-0.6291f,1.1514f,1.7077f,0f,0f,0f,1f],start_interpolation: 0,interpolation_duration: 1}
$data merge entity $(left_shoulder) {transformation: [-0.8571f,-0.1029f,1.1852f,1.1492f,-1.1896f,0.0919f,-0.8522f,5.806f,-0.0145f,-1.4597f,-0.1372f,-0.0706f,0f,0f,0f,1f],start_interpolation: 0,interpolation_duration: 1}
$data merge entity $(left_arm) {transformation: [-0.9598f,-0.0255f,0.2794f,0.6029f,0.053f,0.9615f,0.2696f,6.1167f,-0.2756f,0.2736f,-0.9215f,-0.1545f,0f,0f,0f,1f],start_interpolation: 0,interpolation_duration: 1}
$data merge entity $(chest) {transformation: [-1.2272f,-0.0326f,0.3573f,0.2338f,0.0677f,1.2293f,0.3447f,4.413f,-0.3523f,0.3498f,-1.1782f,-0.8024f,0f,0f,0f,1f],start_interpolation: 0,interpolation_duration: 1}
$data merge entity $(left_cheek) {transformation: [-0.9275f,-0.1929f,0.3201f,0.7644f,-0.2351f,0.967f,-0.0986f,3.5486f,-0.2905f,-0.1667f,-0.9422f,-1.0323f,0f,0f,0f,1f],start_interpolation: 0,interpolation_duration: 1}
$data merge entity $(left_foot) {transformation: [-0.9985f,0.045f,-0.2149f,1.0937f,-0.0472f,0.9333f,0.4148f,-3.5553f,0.2144f,0.415f,-0.9094f,1.9435f,0f,0f,0f,1f],start_interpolation: 0,interpolation_duration: 1}
$data merge entity $(left_knee) {transformation: [-3.0309f,-0.0109f,-0.256f,1.1552f,-0.0018f,3.0398f,-0.1078f,0.6475f,0.2563f,-0.1072f,-3.029f,1.6639f,0f,0f,0f,1f],start_interpolation: 0,interpolation_duration: 1}
$data merge entity $(left_leg) {transformation: [-1.713f,-0.0932f,-0.0918f,0.9373f,0.0045f,1.1634f,-1.2641f,2.5485f,0.1308f,-1.2607f,-1.1597f,-0.3164f,0f,0f,0f,1f],start_interpolation: 0,interpolation_duration: 1}
$data merge entity $(right_cheek) {transformation: [-0.919f,0.1248f,0.3741f,0.0655f,0.1077f,0.992f,-0.0666f,3.4949f,-0.3794f,-0.0209f,-0.925f,-1.2575f,0f,0f,0f,1f],start_interpolation: 0,interpolation_duration: 1}
$data merge entity $(right_foot) {transformation: [-0.695f,-0.0104f,0.7497f,-0.7492f,0.0894f,1.0138f,0.097f,-3.952f,-0.7445f,0.1315f,-0.6883f,-2.093f,0f,0f,0f,1f],start_interpolation: 0,interpolation_duration: 1}
$data merge entity $(right_knee) {transformation: [-2.2519f,-0.4589f,1.9927f,-1.3674f,0.5484f,2.7201f,1.2461f,-0.1206f,-1.9699f,1.2817f,-1.931f,-0.4546f,0f,0f,0f,1f],start_interpolation: 0,interpolation_duration: 1}
$data merge entity $(right_leg) {transformation: [-1.2719f,0.5966f,0.9888f,-0.3876f,0.3097f,1.5933f,-0.563f,2.4355f,-1.1126f,-0.2385f,-1.2871f,-0.7528f,0f,0f,0f,1f],start_interpolation: 0,interpolation_duration: 1}
$data merge entity $(weist) {transformation: [-1.5359f,-0.0772f,0.5168f,0.2338f,-0.131f,1.6102f,-0.149f,4.1195f,-0.5059f,-0.1828f,-1.5306f,-0.8314f,0f,0f,0f,1f],start_interpolation: 0,interpolation_duration: 1}
data modify storage animated_java:temp entry.data merge value {"locators":{"consume":{"px":-0.5676220341,"py":6.4330667394,"pz":2.2087668265,"ry":218.2576586344,"rx":-23.5427060069}}}
# Data Manager: Prepare for Read / Write
execute store result storage animated_java:temp args.id int 1 run scoreboard players get @s aj.id
# Data Manager: Write
function animated_java:global/data_manager/write with storage animated_java:temp args