# This file was generated by Animated Java via MC-Build. It is not recommended to edit this file directly.
$data merge entity $(neck) {transformation: [-0.1698f,-0.4427f,0.8805f,0.2566f,0.0218f,0.8915f,0.4524f,6.0851f,-0.9852f,0.096f,-0.1417f,0.1428f,0f,0f,0f,1f],start_interpolation: 0,interpolation_duration: 1}
$data merge entity $(right_thumb_2) {transformation: [-0.4972f,0.7012f,0.511f,-2.0919f,0.8549f,0.4964f,0.1505f,5.2317f,-0.1481f,0.5117f,-0.8463f,-2.8693f,0f,0f,0f,1f],start_interpolation: 0,interpolation_duration: 1}
$data merge entity $(right_thumb) {transformation: [-0.4972f,0.7932f,-0.3518f,-1.9054f,0.8549f,0.3786f,-0.3546f,5.4852f,-0.1481f,-0.4771f,-0.8663f,-3.0325f,0f,0f,0f,1f],start_interpolation: 0,interpolation_duration: 1}
$data merge entity $(right_fingers2) {transformation: [0.5318f,-0.8283f,0.1763f,-2.3722f,-0.7216f,-0.5522f,-0.4177f,5.0865f,0.4433f,0.0949f,-0.8913f,-3.0284f,0f,0f,0f,1f],start_interpolation: 0,interpolation_duration: 1}
$data merge entity $(right_fingers) {transformation: [-0.9499f,-0.2581f,0.1763f,-2.4712f,-0.3096f,0.8542f,-0.4177f,5.3181f,-0.0428f,-0.4513f,-0.8913f,-3.1648f,0f,0f,0f,1f],start_interpolation: 0,interpolation_duration: 1}
$data merge entity $(scout) {transformation: [0f,0f,0f,-2.3508f,0f,0f,0f,5.1447f,0f,0f,0f,-3.1793f,0f,0f,0f,1f],start_interpolation: 0,interpolation_duration: 1}
$data merge entity $(right_hand) {transformation: [-0.3399f,0.9238f,0.1763f,-1.8944f,0.824f,0.3829f,-0.4177f,5.5307f,-0.4533f,0.0033f,-0.8913f,-3.1999f,0f,0f,0f,1f],start_interpolation: 0,interpolation_duration: 1}
$data merge entity $(right_forearm) {transformation: [-0.1551f,1.3066f,0.4074f,0.0946f,1.3673f,0.1298f,0.1043f,5.6732f,0.0606f,0.4161f,-1.3116f,-2.6234f,0f,0f,0f,1f],start_interpolation: 0,interpolation_duration: 1}
$data merge entity $(right_shoulder) {transformation: [-0.0929f,-0.1168f,1.4586f,-0.076f,1.4177f,0.3548f,0.1187f,5.8162f,-0.3625f,1.4178f,0.0904f,-0.8246f,0f,0f,0f,1f],start_interpolation: 0,interpolation_duration: 1}
$data merge entity $(right_arm) {transformation: [-0.3276f,-0.1438f,0.9338f,0.075f,0.0555f,0.9837f,0.171f,6.0713f,-0.9432f,0.1079f,-0.3143f,-0.2642f,0f,0f,0f,1f],start_interpolation: 0,interpolation_duration: 1}
$data merge entity $(left_thumb_2) {transformation: [0.2809f,0.9592f,-0.0313f,-0.771f,-0.9506f,0.2826f,0.1285f,5.9971f,0.1321f,-0.0063f,0.9912f,2.196f,0f,0f,0f,1f],start_interpolation: 0,interpolation_duration: 1}
$data merge entity $(left_thumb) {transformation: [0.2809f,0.4525f,-0.8464f,-0.6552f,-0.9506f,0.2525f,-0.1805f,6.2218f,0.1321f,0.8553f,0.5011f,2.4445f,0f,0f,0f,1f],start_interpolation: 0,interpolation_duration: 1}
$data merge entity $(left_fingers2) {transformation: [-0.5043f,-0.7342f,-0.4545f,-1.1168f,0.8592f,-0.3739f,-0.3494f,5.9312f,0.0866f,-0.5667f,0.8194f,2.1629f,0f,0f,0f,1f],start_interpolation: 0,interpolation_duration: 1}
$data merge entity $(left_fingers) {transformation: [0.8519f,-0.2602f,-0.4545f,-1.2183f,0.0982f,0.9318f,-0.3494f,6.1914f,0.5144f,0.253f,0.8194f,2.2265f,0f,0f,0f,1f],start_interpolation: 0,interpolation_duration: 1}
$data merge entity $(left_hand) {transformation: [0.3335f,0.826f,-0.4545f,-0.7294f,-0.9197f,0.1791f,-0.3494f,6.2813f,-0.2072f,0.5345f,0.8194f,2.5899f,0f,0f,0f,1f],start_interpolation: 0,interpolation_duration: 1}
$data merge entity $(left_forearm) {transformation: [-0.1214f,1.3675f,-0.1113f,1.3209f,-1.2786f,-0.1533f,-0.4887f,5.9794f,-0.4976f,0.0603f,1.2829f,2.7067f,0f,0f,0f,1f],start_interpolation: 0,interpolation_duration: 1}
$data merge entity $(left_shoulder) {transformation: [0.0142f,-0.5715f,1.3502f,0.5835f,-1.466f,0.0174f,0.0228f,5.7045f,-0.025f,-1.3501f,-0.5713f,1.0739f,0f,0f,0f,1f],start_interpolation: 0,interpolation_duration: 1}
$data merge entity $(left_arm) {transformation: [-0.3276f,-0.1438f,0.9338f,0.365f,0.0555f,0.9837f,0.171f,6.0222f,-0.9432f,0.1079f,-0.3143f,0.5706f,0f,0f,0f,1f],start_interpolation: 0,interpolation_duration: 1}
$data merge entity $(chest) {transformation: [-0.4189f,-0.1839f,1.1939f,0.512f,0.071f,1.2577f,0.2186f,4.2761f,-1.2059f,0.1379f,-0.4019f,-0.0524f,0f,0f,0f,1f],start_interpolation: 0,interpolation_duration: 1}
$data merge entity $(left_cheek) {transformation: [-0.5671f,-0.2799f,0.7747f,1.3476f,-0.0626f,0.9524f,0.2983f,3.4303f,-0.8213f,0.1207f,-0.5576f,-0.1152f,0f,0f,0f,1f],start_interpolation: 0,interpolation_duration: 1}
$data merge entity $(left_foot) {transformation: [-0.8117f,-0.0521f,0.6194f,1.3558f,0.135f,0.9797f,0.2593f,-4.3925f,-0.6067f,0.2877f,-0.7709f,-1.7062f,0f,0f,0f,1f],start_interpolation: 0,interpolation_duration: 1}
$data merge entity $(left_knee) {transformation: [-2.1524f,-0.3443f,2.1215f,1.0279f,0.4945f,2.8425f,0.9631f,-0.4331f,-2.0916f,1.0264f,-1.9554f,-0.3056f,0f,0f,0f,1f],start_interpolation: 0,interpolation_duration: 1}
$data merge entity $(left_leg) {transformation: [-1.211f,0.1052f,1.214f,1.1105f,0.2936f,1.6863f,0.1467f,2.2763f,-1.1826f,0.3109f,-1.2067f,0.1787f,0f,0f,0f,1f],start_interpolation: 0,interpolation_duration: 1}
$data merge entity $(right_cheek) {transformation: [-0.4905f,-0.0421f,0.8704f,0.9343f,0.2707f,0.9421f,0.198f,3.509f,-0.8284f,0.3327f,-0.4507f,-0.9024f,0f,0f,0f,1f],start_interpolation: 0,interpolation_duration: 1}
$data merge entity $(right_foot) {transformation: [-0.1612f,-0.7389f,0.688f,-0.4828f,0.2479f,0.6464f,0.7523f,-3.2293f,-0.9787f,0.2854f,0.0773f,-3.2221f,0f,0f,0f,1f],start_interpolation: 0,interpolation_duration: 1}
$data merge entity $(right_knee) {transformation: [-0.7433f,-0.7666f,2.8482f,-1.4486f,1.173f,2.6181f,1.0108f,0.4692f,-2.7062f,1.3454f,-0.3441f,-1.4518f,0f,0f,0f,1f],start_interpolation: 0,interpolation_duration: 1}
$data merge entity $(right_leg) {transformation: [-0.4198f,1.1926f,1.1631f,0.4455f,0.6625f,1.22f,-1.0119f,2.4259f,-1.5285f,0.2013f,-0.7581f,-1.0436f,0f,0f,0f,1f],start_interpolation: 0,interpolation_duration: 1}
$data merge entity $(weist) {transformation: [-0.7709f,-0.1121f,1.4231f,0.767f,0.1734f,1.598f,0.2198f,3.993f,-1.4169f,0.2565f,-0.7474f,-0.2257f,0f,0f,0f,1f],start_interpolation: 0,interpolation_duration: 1}
data modify storage animated_java:temp entry.data merge value {"locators":{"consume":{"px":-2.4864724006,"py":5.0594312438,"pz":-3.1229401029,"ry":11.1863090394,"rx":-24.6871531919}}}
# Data Manager: Prepare for Read / Write
execute store result storage animated_java:temp args.id int 1 run scoreboard players get @s aj.id
# Data Manager: Write
function animated_java:global/data_manager/write with storage animated_java:temp args
execute unless entity @s[tag=aj.transforms_only] at @s run function animated_java:female/animations/strike_3/zzz/frames/10_root_function