# This file was generated by Animated Java via MC-Build. It is not recommended to edit this file directly.
$data merge entity $(neck) {transformation: [-0.7285f,-0.2602f,0.6337f,0.1483f,0.0376f,0.9085f,0.4163f,6.1032f,-0.684f,0.3271f,-0.652f,-0.313f,0f,0f,0f,1f],start_interpolation: 0,interpolation_duration: 1}
$data merge entity $(right_thumb_2) {transformation: [-0.526f,0.8307f,0.1821f,-3.3853f,0.8503f,0.5175f,0.0955f,5.1134f,-0.0149f,0.2051f,-0.9786f,-1.9603f,0f,0f,0f,1f],start_interpolation: 0,interpolation_duration: 1}
$data merge entity $(right_thumb) {transformation: [-0.526f,0.5731f,-0.6284f,-3.2701f,0.8503f,0.3414f,-0.4004f,5.355f,-0.0149f,-0.745f,-0.6669f,-2.1928f,0f,0f,0f,1f],start_interpolation: 0,interpolation_duration: 1}
$data merge entity $(right_fingers2) {transformation: [0.6602f,-0.7376f,-0.1417f,-3.7021f,-0.7004f,-0.5365f,-0.4707f,4.9624f,0.2712f,0.41f,-0.8709f,-2.0029f,0f,0f,0f,1f],start_interpolation: 0,interpolation_duration: 1}
$data merge entity $(right_fingers) {transformation: [-0.902f,-0.4078f,-0.1417f,-3.8448f,-0.3011f,0.8294f,-0.4707f,5.1868f,0.3094f,-0.3819f,-0.8709f,-2.1093f,0f,0f,0f,1f],start_interpolation: 0,interpolation_duration: 1}
$data merge entity $(scout) {transformation: [0f,0f,0f,-3.7353f,0f,0f,0f,5.0114f,0f,0f,0f,-2.1549f,0f,0f,0f,1f],start_interpolation: 0,interpolation_duration: 1}
$data merge entity $(right_hand) {transformation: [-0.4849f,0.863f,-0.1417f,-3.3185f,0.8f,0.3722f,-0.4707f,5.3906f,-0.3535f,-0.3415f,-0.8709f,-2.3558f,0f,0f,0f,1f],start_interpolation: 0,interpolation_duration: 1}
$data merge entity $(right_forearm) {transformation: [-0.1406f,1.3682f,-0.0742f,-1.255f,1.3698f,0.142f,0.0232f,5.5484f,0.0307f,-0.0714f,-1.3752f,-2.5147f,0f,0f,0f,1f],start_interpolation: 0,interpolation_duration: 1}
$data merge entity $(right_shoulder) {transformation: [-0.2413f,0.4151f,1.3854f,-0.7448f,1.3934f,0.4428f,0.11f,5.8038f,-0.3873f,1.3347f,-0.4674f,-0.7943f,0f,0f,0f,1f],start_interpolation: 0,interpolation_duration: 1}
$data merge entity $(right_arm) {transformation: [-0.881f,-0.057f,0.4696f,-0.2605f,0.0257f,0.9855f,0.1678f,6.0762f,-0.4724f,0.1599f,-0.8668f,-0.4889f,0f,0f,0f,1f],start_interpolation: 0,interpolation_duration: 1}
$data merge entity $(left_thumb_2) {transformation: [0.2964f,0.4079f,0.8636f,1.3075f,-0.9248f,0.3485f,0.1527f,5.9383f,-0.2387f,-0.8439f,0.4805f,2.403f,0f,0f,0f,1f],start_interpolation: 0,interpolation_duration: 1}
$data merge entity $(left_thumb) {transformation: [0.2964f,0.9518f,0.0785f,1.5687f,-0.9248f,0.3066f,-0.2255f,6.1772f,-0.2387f,-0.0058f,0.9711f,2.4229f,0f,0f,0f,1f],start_interpolation: 0,interpolation_duration: 1}
$data merge entity $(left_fingers2) {transformation: [-0.1961f,-0.8136f,0.5474f,1.1269f,0.8239f,-0.4394f,-0.3579f,5.8475f,0.5317f,0.3808f,0.7565f,2.693f,0f,0f,0f,1f],start_interpolation: 0,interpolation_duration: 1}
$data merge entity $(left_fingers) {transformation: [0.8349f,0.0576f,0.5474f,1.1238f,0.1713f,0.9179f,-0.3579f,6.1016f,-0.523f,0.3926f,0.7565f,2.8252f,0f,0f,0f,1f],start_interpolation: 0,interpolation_duration: 1}
$data merge entity $(left_hand) {transformation: [0.0154f,0.8368f,0.5474f,1.662f,-0.8995f,0.2507f,-0.3579f,6.2353f,-0.4367f,-0.4868f,0.7565f,2.5575f,0f,0f,0f,1f],start_interpolation: 0,interpolation_duration: 1}
$data merge entity $(left_forearm) {transformation: [-0.4363f,0.6774f,1.1171f,2.7047f,-1.2944f,-0.0648f,-0.4662f,6.0669f,-0.1767f,-1.1975f,0.6572f,0.7706f,0f,0f,0f,1f],start_interpolation: 0,interpolation_duration: 1}
$data merge entity $(left_shoulder) {transformation: [0.0212f,-1.364f,0.5374f,1.0287f,-1.466f,-0.0153f,0.019f,5.7521f,-0.0121f,-0.5376f,-1.3641f,0.1566f,0f,0f,0f,1f],start_interpolation: 0,interpolation_duration: 1}
$data merge entity $(left_arm) {transformation: [-0.881f,-0.057f,0.4696f,0.5193f,0.0257f,0.9855f,0.1678f,6.0535f,-0.4724f,0.1599f,-0.8668f,-0.0708f,0f,0f,0f,1f],start_interpolation: 0,interpolation_duration: 1}
$data merge entity $(chest) {transformation: [-1.1264f,-0.0729f,0.6004f,0.2486f,0.0328f,1.26f,0.2146f,4.2909f,-0.604f,0.2045f,-1.1082f,-0.5986f,0f,0f,0f,1f],start_interpolation: 0,interpolation_duration: 1}
$data merge entity $(left_cheek) {transformation: [-0.8959f,-0.2606f,0.3597f,0.8553f,-0.127f,0.9263f,0.3546f,3.4892f,-0.4256f,0.272f,-0.8631f,-1.228f,0f,0f,0f,1f],start_interpolation: 0,interpolation_duration: 1}
$data merge entity $(left_foot) {transformation: [-1.0184f,-0.034f,0.0829f,1.0337f,-0.0067f,0.9721f,0.3167f,-4.2502f,-0.0894f,0.3149f,-0.9685f,-3.1143f,0f,0f,0f,1f],start_interpolation: 0,interpolation_duration: 1}
$data merge entity $(left_knee) {transformation: [-2.9732f,-0.1497f,0.6243f,0.9374f,0.1356f,2.7447f,1.304f,-0.402f,-0.6275f,1.3025f,-2.6762f,-1.4031f,0f,0f,0f,1f],start_interpolation: 0,interpolation_duration: 1}
$data merge entity $(left_leg) {transformation: [-1.678f,0.0234f,0.3677f,0.8944f,0.0914f,1.6874f,0.3096f,2.2959f,-0.357f,0.322f,-1.6493f,-0.8538f,0f,0f,0f,1f],start_interpolation: 0,interpolation_duration: 1}
$data merge entity $(right_cheek) {transformation: [-0.904f,0.1476f,0.4013f,0.0903f,0.2505f,0.9435f,0.2172f,3.565f,-0.3466f,0.2968f,-0.8898f,-1.5621f,0f,0f,0f,1f],start_interpolation: 0,interpolation_duration: 1}
$data merge entity $(right_foot) {transformation: [-0.7872f,-0.2386f,0.6072f,-2.7983f,0.1936f,0.8232f,0.5745f,-3.4179f,-0.623f,0.5574f,-0.5887f,-1.86f,0f,0f,0f,1f],start_interpolation: 0,interpolation_duration: 1}
$data merge entity $(right_knee) {transformation: [-2.354f,0.5413f,1.8487f,-2.041f,1.099f,2.7749f,0.5869f,0.4781f,-1.5821f,1.1222f,-2.3431f,-0.4482f,0f,0f,0f,1f],start_interpolation: 0,interpolation_duration: 1}
$data merge entity $(right_leg) {transformation: [-1.3295f,1.0088f,0.4076f,-0.3815f,0.6207f,1.2319f,-1.024f,2.4558f,-0.8935f,-0.6452f,-1.3178f,-1.406f,0f,0f,0f,1f],start_interpolation: 0,interpolation_duration: 1}
$data merge entity $(weist) {transformation: [-1.4791f,0.0499f,0.6646f,0.3554f,0.1853f,1.5848f,0.2934f,4.0096f,-0.6402f,0.3434f,-1.4506f,-0.8856f,0f,0f,0f,1f],start_interpolation: 0,interpolation_duration: 1}
data modify storage animated_java:temp entry.data merge value {"locators":{"consume":{"px":-3.8419109271,"py":4.9310912208,"pz":-2.0498368588,"ry":350.7607480086,"rx":-28.0774366886}}}
# Data Manager: Prepare for Read / Write
execute store result storage animated_java:temp args.id int 1 run scoreboard players get @s aj.id
# Data Manager: Write
function animated_java:global/data_manager/write with storage animated_java:temp args
execute unless entity @s[tag=aj.transforms_only] at @s run function animated_java:female/animations/strike_3/zzz/frames/11_root_function