# This file was generated by Animated Java via MC-Build. It is not recommended to edit this file directly.
$data merge entity $(neck) {transformation: [-0.9989f,0.0236f,0.0406f,0.2318f,0.0386f,0.9043f,0.4252f,6.1244f,-0.0267f,0.4263f,-0.9042f,-0.284f,0f,0f,0f,1f],start_interpolation: 0,interpolation_duration: 1}
$data merge entity $(right_thumb_2) {transformation: [-0.5316f,0.7476f,-0.3981f,-3.4823f,0.7956f,0.602f,0.0681f,4.8119f,0.2906f,-0.2805f,-0.9148f,0.3538f,0f,0f,0f,1f],start_interpolation: 0,interpolation_duration: 1}
$data merge entity $(right_thumb) {transformation: [-0.5316f,0.029f,-0.8465f,-3.5399f,0.7956f,0.36f,-0.4873f,5.0525f,0.2906f,-0.9325f,-0.2145f,0.0999f,0f,0f,0f,1f],start_interpolation: 0,interpolation_duration: 1}
$data merge entity $(right_fingers2) {transformation: [0.7684f,-0.3297f,-0.5485f,-3.7525f,-0.6224f,-0.5845f,-0.5205f,4.6299f,-0.149f,0.7413f,-0.6544f,0.4912f,0f,0f,0f,1f],start_interpolation: 0,interpolation_duration: 1}
$data merge entity $(right_fingers) {transformation: [-0.5455f,-0.6337f,-0.5485f,-3.9525f,-0.3703f,0.7694f,-0.5205f,4.8349f,0.7518f,-0.0808f,-0.6544f,0.4845f,0f,0f,0f,1f],start_interpolation: 0,interpolation_duration: 1}
$data merge entity $(scout) {transformation: [0f,0f,0f,-3.8688f,0f,0f,0f,4.6688f,0f,0f,0f,0.3835f,0f,0f,0f,1f],start_interpolation: 0,interpolation_duration: 1}
$data merge entity $(right_hand) {transformation: [-0.6788f,0.4882f,-0.5485f,-3.6735f,0.7342f,0.436f,-0.5205f,5.076f,-0.015f,-0.756f,-0.6544f,-0.0087f,0f,0f,0f,1f],start_interpolation: 0,interpolation_duration: 1}
$data merge entity $(right_forearm) {transformation: [-0.2387f,1.0882f,-0.8099f,-2.0542f,1.3498f,0.2723f,-0.0319f,5.4289f,0.135f,-0.7992f,-1.1136f,-1.2584f,0f,0f,0f,1f],start_interpolation: 0,interpolation_duration: 1}
$data merge entity $(right_shoulder) {transformation: [-0.5457f,1.0083f,0.914f,-0.7443f,1.3506f,0.522f,0.2306f,5.7857f,-0.1669f,0.9277f,-1.1231f,-0.0575f,0f,0f,0f,1f],start_interpolation: 0,interpolation_duration: 1}
$data merge entity $(right_arm) {transformation: [-0.9709f,0.0353f,-0.2368f,-0.1885f,-0.0137f,0.9793f,0.2021f,6.0788f,0.239f,0.1994f,-0.9503f,-0.1426f,0f,0f,0f,1f],start_interpolation: 0,interpolation_duration: 1}
$data merge entity $(left_thumb_2) {transformation: [-0.1624f,-0.6456f,0.7462f,3.9045f,-0.8697f,0.4509f,0.2008f,5.8165f,-0.4661f,-0.6164f,-0.6347f,0.5971f,0f,0f,0f,1f],start_interpolation: 0,interpolation_duration: 1}
$data merge entity $(left_thumb) {transformation: [-0.1624f,0.3235f,0.9322f,4.0195f,-0.8697f,0.3993f,-0.2901f,6.078f,-0.4661f,-0.8579f,0.2165f,0.3872f,0f,0f,0f,1f],start_interpolation: 0,interpolation_duration: 1}
$data merge entity $(left_fingers2) {transformation: [0.4679f,0.0707f,0.8809f,4.114f,0.7572f,-0.546f,-0.3584f,5.6864f,0.4557f,0.8348f,-0.309f,0.8503f,0f,0f,0f,1f],start_interpolation: 0,interpolation_duration: 1}
$data merge entity $(left_fingers) {transformation: [-0.2081f,0.425f,0.8809f,4.2475f,0.2931f,0.8864f,-0.3584f,5.928f,-0.9332f,0.1836f,-0.309f,0.9267f,0f,0f,0f,1f],start_interpolation: 0,interpolation_duration: 1}
$data merge entity $(left_hand) {transformation: [-0.4416f,-0.1703f,0.8809f,4.1796f,-0.8574f,0.3692f,-0.3584f,6.1347f,-0.2642f,-0.9136f,-0.309f,0.3506f,0f,0f,0f,1f],start_interpolation: 0,interpolation_duration: 1}
$data merge entity $(left_forearm) {transformation: [-0.3621f,-0.9031f,0.9749f,2.84f,-1.3128f,0.086f,-0.4079f,6.1947f,0.2066f,-1.0364f,-0.8833f,-1.2338f,0f,0f,0f,1f],start_interpolation: 0,interpolation_duration: 1}
$data merge entity $(left_shoulder) {transformation: [0.0401f,-1.358f,-0.5514f,1.2101f,-1.4632f,-0.0693f,0.0642f,5.8132f,-0.0856f,0.5485f,-1.3571f,-0.5387f,0f,0f,0f,1f],start_interpolation: 0,interpolation_duration: 1}
$data merge entity $(left_arm) {transformation: [-0.9709f,0.0353f,-0.2368f,0.6708f,-0.0137f,0.9793f,0.2021f,6.0909f,0.239f,0.1994f,-0.9503f,-0.3542f,0f,0f,0f,1f],start_interpolation: 0,interpolation_duration: 1}
$data merge entity $(chest) {transformation: [-1.2414f,0.0451f,-0.3028f,0.1692f,-0.0175f,1.252f,0.2583f,4.3232f,0.3056f,0.255f,-1.215f,-0.6414f,0f,0f,0f,1f],start_interpolation: 0,interpolation_duration: 1}
$data merge entity $(left_cheek) {transformation: [-0.9508f,-0.1085f,-0.2901f,0.2768f,-0.199f,0.9318f,0.3037f,3.5343f,0.2374f,0.3465f,-0.9075f,-1.56f,0f,0f,0f,1f],start_interpolation: 0,interpolation_duration: 1}
$data merge entity $(left_foot) {transformation: [-0.8488f,0.0244f,-0.5693f,0.3616f,-0.1537f,0.9737f,0.271f,-4.2257f,0.5487f,0.3106f,-0.8048f,-3.2719f,0f,0f,0f,1f],start_interpolation: 0,interpolation_duration: 1}
$data merge entity $(left_knee) {transformation: [-2.7219f,0.3084f,-1.3222f,0.8125f,-0.3036f,2.7489f,1.2663f,-0.3607f,1.3233f,1.2651f,-2.4291f,-1.6583f,0f,0f,0f,1f],start_interpolation: 0,interpolation_duration: 1}
$data merge entity $(left_leg) {transformation: [-1.5425f,-0.0811f,-0.7519f,0.6404f,-0.1543f,1.7059f,0.1325f,2.3619f,0.7404f,0.1865f,-1.539f,-1.2836f,0f,0f,0f,1f],start_interpolation: 0,interpolation_duration: 1}
$data merge entity $(right_cheek) {transformation: [-0.9291f,0.2757f,-0.2467f,-0.4677f,0.2206f,0.9482f,0.2287f,3.5458f,0.2969f,0.158f,-0.9417f,-1.3098f,0f,0f,0f,1f],start_interpolation: 0,interpolation_duration: 1}
$data merge entity $(right_foot) {transformation: [-1.0165f,0.0953f,0.054f,-2.5442f,0.1093f,0.9103f,0.4523f,-3.737f,-0.006f,0.4555f,-0.9153f,0.2805f,0f,0f,0f,1f],start_interpolation: 0,interpolation_duration: 1}
$data merge entity $(right_knee) {transformation: [-2.8983f,0.9221f,-0.0437f,-1.353f,0.9073f,2.8718f,0.4266f,0.281f,0.1706f,0.3935f,-3.0114f,0.7068f,0f,0f,0f,1f],start_interpolation: 0,interpolation_duration: 1}
$data merge entity $(right_leg) {transformation: [-1.6369f,0.3602f,-0.3769f,-0.6967f,0.5124f,1.341f,-0.9437f,2.4357f,0.0963f,-1.0116f,-1.3852f,-0.8773f,0f,0f,0f,1f],start_interpolation: 0,interpolation_duration: 1}
$data merge entity $(weist) {transformation: [-1.5501f,0.1621f,-0.4504f,0.1042f,0.0855f,1.5957f,0.2801f,4.0427f,0.471f,0.2439f,-1.5332f,-0.9434f,0f,0f,0f,1f],start_interpolation: 0,interpolation_duration: 1}
data modify storage animated_java:temp entry.data merge value {"locators":{"consume":{"px":-3.8909907638,"py":4.5835951494,"pz":0.5288129346,"ry":320.0309253189,"rx":-31.3664167192}}}
# Data Manager: Prepare for Read / Write
execute store result storage animated_java:temp args.id int 1 run scoreboard players get @s aj.id
# Data Manager: Write
function animated_java:global/data_manager/write with storage animated_java:temp args