# This file was generated by Animated Java via MC-Build. It is not recommended to edit this file directly.
$data merge entity $(neck) {transformation: [-0.92f,0.2121f,-0.3297f,0.1699f,0.0359f,0.8831f,0.4678f,6.1479f,0.3904f,0.4185f,-0.82f,-0.202f,0f,0f,0f,1f],start_interpolation: 0,interpolation_duration: 1}
$data merge entity $(right_thumb_2) {transformation: [-0.354f,0.4065f,-0.8423f,-2.6472f,0.7399f,0.6726f,0.0136f,4.5938f,0.5721f,-0.6184f,-0.5389f,1.9619f,0f,0f,0f,1f],start_interpolation: 0,interpolation_duration: 1}
$data merge entity $(right_thumb) {transformation: [-0.354f,-0.5262f,-0.7732f,-2.8581f,0.7399f,0.3481f,-0.5757f,4.8236f,0.5721f,-0.7758f,0.2661f,1.7933f,0f,0f,0f,1f],start_interpolation: 0,interpolation_duration: 1}
$data merge entity $(right_fingers2) {transformation: [0.612f,0.1927f,-0.767f,-2.7776f,-0.541f,-0.6054f,-0.5838f,4.3867f,-0.5768f,0.7723f,-0.2662f,2.2169f,0f,0f,0f,1f],start_interpolation: 0,interpolation_duration: 1}
$data merge entity $(right_fingers) {transformation: [-0.0002f,-0.6416f,-0.767f,-2.9661f,-0.4147f,0.698f,-0.5838f,4.5696f,0.91f,0.3179f,-0.2662f,2.3313f,0f,0f,0f,1f],start_interpolation: 0,interpolation_duration: 1}
$data merge entity $(scout) {transformation: [0f,0f,0f,-2.9371f,0f,0f,0f,4.4118f,0f,0f,0f,2.1933f,0f,0f,0f,1f],start_interpolation: 0,interpolation_duration: 1}
$data merge entity $(right_hand) {transformation: [-0.6392f,-0.0557f,-0.767f,-3.031f,0.6592f,0.4739f,-0.5838f,4.8316f,0.396f,-0.8788f,-0.2662f,1.7777f,0f,0f,0f,1f],start_interpolation: 0,interpolation_duration: 1}
$data merge entity $(right_forearm) {transformation: [-0.2344f,0.457f,-1.278f,-2.3795f,1.319f,0.3826f,-0.1051f,5.3491f,0.3201f,-1.2417f,-0.5028f,-0.1239f,0f,0f,0f,1f],start_interpolation: 0,interpolation_duration: 1}
$data merge entity $(right_shoulder) {transformation: [-0.6485f,1.2934f,0.2376f,-0.6795f,1.2991f,0.589f,0.3393f,5.7945f,0.2038f,0.3606f,-1.4065f,0.32f,0f,0f,0f,1f],start_interpolation: 0,interpolation_duration: 1}
$data merge entity $(right_arm) {transformation: [-0.8341f,0.119f,-0.5386f,-0.1792f,-0.0297f,0.9654f,0.2592f,6.0931f,0.5508f,0.2321f,-0.8017f,0.0698f,0f,0f,0f,1f],start_interpolation: 0,interpolation_duration: 1}
$data merge entity $(left_thumb_2) {transformation: [-0.5457f,-0.8359f,0.0595f,4.3121f,-0.7993f,0.5405f,0.2628f,5.6392f,-0.2519f,0.0959f,-0.963f,-1.5756f,0f,0f,0f,1f],start_interpolation: 0,interpolation_duration: 1}
$data merge entity $(left_thumb) {transformation: [-0.5457f,-0.3664f,0.7537f,4.2645f,-0.7993f,0.4978f,-0.3366f,5.9226f,-0.2519f,-0.7861f,-0.5645f,-1.7832f,0f,0f,0f,1f],start_interpolation: 0,interpolation_duration: 1}
$data merge entity $(left_fingers2) {transformation: [0.7312f,0.5986f,0.3271f,4.624f,0.682f,-0.6494f,-0.3363f,5.473f,0.0112f,0.469f,-0.8831f,-1.57f,0f,0f,0f,1f],start_interpolation: 0,interpolation_duration: 1}
$data merge entity $(left_fingers) {transformation: [-0.7907f,0.5174f,0.3271f,4.7962f,0.4143f,0.8457f,-0.3363f,5.6999f,-0.4507f,-0.1304f,-0.8831f,-1.6009f,0f,0f,0f,1f],start_interpolation: 0,interpolation_duration: 1}
$data merge entity $(left_hand) {transformation: [-0.5844f,-0.7426f,0.3271f,4.3516f,-0.8064f,0.4864f,-0.3363f,5.9798f,0.0906f,-0.4603f,-0.8831f,-1.9222f,0f,0f,0f,1f],start_interpolation: 0,interpolation_duration: 1}
$data merge entity $(left_forearm) {transformation: [-0.2288f,-1.3578f,-0.0339f,2.296f,-1.3199f,0.2303f,-0.3192f,6.2602f,0.3203f,-0.0206f,-1.3394f,-1.9886f,0f,0f,0f,1f],start_interpolation: 0,interpolation_duration: 1}
$data merge entity $(left_shoulder) {transformation: [-0.0313f,-1.0843f,-0.9865f,0.9995f,-1.4565f,-0.0884f,0.1433f,5.8542f,-0.1654f,0.9831f,-1.0752f,-0.7888f,0f,0f,0f,1f],start_interpolation: 0,interpolation_duration: 1}
$data merge entity $(left_arm) {transformation: [-0.8341f,0.119f,-0.5386f,0.559f,-0.0297f,0.9654f,0.2592f,6.1193f,0.5508f,0.2321f,-0.8017f,-0.4177f,0f,0f,0f,1f],start_interpolation: 0,interpolation_duration: 1}
$data merge entity $(chest) {transformation: [-1.0664f,0.1521f,-0.6887f,-0.0436f,-0.0379f,1.2343f,0.3313f,4.3717f,0.7043f,0.2968f,-1.025f,-0.6209f,0f,0f,0f,1f],start_interpolation: 0,interpolation_duration: 1}
$data merge entity $(left_cheek) {transformation: [-0.767f,-0.0386f,-0.6405f,-0.2182f,-0.2344f,0.9461f,0.2236f,3.5646f,0.5974f,0.3216f,-0.7347f,-1.495f,0f,0f,0f,1f],start_interpolation: 0,interpolation_duration: 1}
$data merge entity $(left_foot) {transformation: [-0.5629f,0.0139f,-0.8534f,0.4266f,-0.2476f,0.9756f,0.1793f,-4.1572f,0.8168f,0.3054f,-0.5338f,-3.0341f,0f,0f,0f,1f],start_interpolation: 0,interpolation_duration: 1}
$data merge entity $(left_knee) {transformation: [-1.9885f,0.396f,-2.2674f,0.9391f,-0.6174f,2.7948f,1.0296f,-0.2293f,2.2174f,1.1333f,-1.7467f,-1.6007f,0f,0f,0f,1f],start_interpolation: 0,interpolation_duration: 1}
$data merge entity $(left_leg) {transformation: [-1.1403f,-0.3973f,-1.222f,0.2909f,-0.3311f,1.6695f,-0.2339f,2.4384f,1.2416f,0.0803f,-1.1847f,-1.3857f,0f,0f,0f,1f],start_interpolation: 0,interpolation_duration: 1}
$data merge entity $(right_cheek) {transformation: [-0.7692f,0.2947f,-0.567f,-0.7998f,0.1952f,0.9532f,0.2307f,3.5481f,0.6084f,0.0668f,-0.7908f,-1.0295f,0f,0f,0f,1f],start_interpolation: 0,interpolation_duration: 1}
$data merge entity $(right_foot) {transformation: [-0.9798f,0.1633f,-0.2421f,-2.1471f,0.0564f,0.9375f,0.4039f,-3.97f,0.2865f,0.3737f,-0.9075f,0.7066f,0f,0f,0f,1f],start_interpolation: 0,interpolation_duration: 1}
$data merge entity $(right_knee) {transformation: [-2.7605f,0.8929f,-0.9134f,-1.0279f,0.7789f,2.9006f,0.4817f,0.0866f,1.0125f,0.2033f,-2.8611f,0.8999f,0f,0f,0f,1f],start_interpolation: 0,interpolation_duration: 1}
$data merge entity $(right_leg) {transformation: [-1.5591f,0.086f,-0.7163f,-0.8042f,0.4399f,1.4653f,-0.7815f,2.4387f,0.5718f,-0.8926f,-1.3519f,-0.5143f,0f,0f,0f,1f],start_interpolation: 0,interpolation_duration: 1}
$data merge entity $(weist) {transformation: [-1.2694f,0.1212f,-1.0029f,-0.206f,0.0004f,1.6107f,0.1942f,4.0914f,1.0102f,0.1517f,-1.2603f,-0.8869f,0f,0f,0f,1f],start_interpolation: 0,interpolation_duration: 1}
data modify storage animated_java:temp entry.data merge value {"locators":{"consume":{"px":-2.8669383709,"py":4.3266977545,"pz":2.3225645709,"ry":289.1393035821,"rx":-35.7174155361}}}
# Data Manager: Prepare for Read / Write
execute store result storage animated_java:temp args.id int 1 run scoreboard players get @s aj.id
# Data Manager: Write
function animated_java:global/data_manager/write with storage animated_java:temp args
execute unless entity @s[tag=aj.transforms_only] at @s run function animated_java:female/animations/strike_3/zzz/frames/13_root_function