# This file was generated by Animated Java via MC-Build. It is not recommended to edit this file directly.
$data merge entity $(neck) {transformation: [-0.8043f,0.3177f,-0.5022f,0.0127f,0.0474f,0.8766f,0.4788f,6.1912f,0.5924f,0.3613f,-0.7201f,-0.1526f,0f,0f,0f,1f],start_interpolation: 0,interpolation_duration: 1}
$data merge entity $(right_thumb_2) {transformation: [-0.1132f,-0.1461f,-0.9828f,-1.3213f,0.7176f,0.6721f,-0.1825f,4.5333f,0.6872f,-0.7259f,0.0288f,2.7622f,0f,0f,0f,1f],start_interpolation: 0,interpolation_duration: 1}
$data merge entity $(right_thumb) {transformation: [-0.1132f,-0.9242f,-0.3649f,-1.6302f,0.7176f,0.178f,-0.6734f,4.7064f,0.6872f,-0.338f,0.643f,2.7463f,0f,0f,0f,1f],start_interpolation: 0,interpolation_duration: 1}
$data merge entity $(right_fingers2) {transformation: [0.2802f,0.7029f,-0.6538f,-1.2446f,-0.4784f,-0.4882f,-0.7299f,4.3314f,-0.8322f,0.5173f,0.1995f,3.0421f,0f,0f,0f,1f],start_interpolation: 0,interpolation_duration: 1}
$data merge entity $(right_fingers) {transformation: [0.5861f,-0.4786f,-0.6538f,-1.3693f,-0.3217f,0.6031f,-0.7299f,4.4888f,0.7436f,0.6381f,0.1995f,3.2464f,0f,0f,0f,1f],start_interpolation: 0,interpolation_duration: 1}
$data merge entity $(scout) {transformation: [0f,0f,0f,-1.3916f,0f,0f,0f,4.3262f,0f,0f,0f,3.1128f,0f,0f,0f,1f],start_interpolation: 0,interpolation_duration: 1}
$data merge entity $(right_hand) {transformation: [-0.4257f,-0.6256f,-0.6538f,-1.7802f,0.5728f,0.3731f,-0.7299f,4.6829f,0.7005f,-0.6852f,0.1995f,2.8309f,0f,0f,0f,1f],start_interpolation: 0,interpolation_duration: 1}
$data merge entity $(right_forearm) {transformation: [-0.2473f,-0.3674f,-1.3042f,-2.3708f,1.2857f,0.3547f,-0.3438f,5.1511f,0.4276f,-1.2792f,0.2793f,0.8969f,0f,0f,0f,1f],start_interpolation: 0,interpolation_duration: 1}
$data merge entity $(right_shoulder) {transformation: [-0.6597f,1.2094f,-0.502f,-0.7471f,1.2021f,0.7822f,0.3047f,5.8526f,0.5192f,-0.2745f,-1.3435f,0.5008f,0f,0f,0f,1f],start_interpolation: 0,interpolation_duration: 1}
$data merge entity $(right_arm) {transformation: [-0.7319f,0.1797f,-0.6573f,-0.2879f,-0.0155f,0.9599f,0.2797f,6.1419f,0.6813f,0.2149f,-0.6998f,0.1729f,0f,0f,0f,1f],start_interpolation: 0,interpolation_duration: 1}
$data merge entity $(left_thumb_2) {transformation: [-0.6652f,-0.6456f,-0.3751f,3.723f,-0.7453f,0.6045f,0.2813f,5.448f,0.0451f,0.4667f,-0.8833f,-2.8564f,0f,0f,0f,1f],start_interpolation: 0,interpolation_duration: 1}
$data merge entity $(left_thumb) {transformation: [-0.6652f,-0.6476f,0.3715f,3.6081f,-0.7453f,0.5459f,-0.3829f,5.7395f,0.0451f,-0.5316f,-0.8458f,-3.0222f,0f,0f,0f,1f],start_interpolation: 0,interpolation_duration: 1}
$data merge entity $(left_fingers2) {transformation: [0.7064f,0.6912f,-0.1526f,3.9863f,0.6193f,-0.7079f,-0.3395f,5.2567f,-0.3427f,0.1453f,-0.9281f,-2.9946f,0f,0f,0f,1f],start_interpolation: 0,interpolation_duration: 1}
$data merge entity $(left_fingers) {transformation: [-0.8716f,0.4658f,-0.1526f,4.1425f,0.4889f,0.8035f,-0.3395f,5.4694f,-0.0355f,-0.3706f,-0.9281f,-3.106f,0f,0f,0f,1f],start_interpolation: 0,interpolation_duration: 1}
$data merge entity $(left_hand) {transformation: [-0.54f,-0.8277f,-0.1526f,3.6247f,-0.7579f,0.5571f,-0.3395f,5.7928f,0.3661f,-0.0677f,-0.9281f,-3.1867f,0f,0f,0f,1f],start_interpolation: 0,interpolation_duration: 1}
$data merge entity $(left_forearm) {transformation: [-0.1556f,-1.1846f,-0.6853f,1.8092f,-1.3059f,0.3348f,-0.2821f,6.2324f,0.4092f,0.6178f,-1.161f,-2.2815f,0f,0f,0f,1f],start_interpolation: 0,interpolation_duration: 1}
$data merge entity $(left_shoulder) {transformation: [-0.1077f,-0.901f,-1.1517f,0.7261f,-1.456f,-0.0406f,0.168f,5.8839f,-0.1351f,1.156f,-0.8917f,-0.8706f,0f,0f,0f,1f],start_interpolation: 0,interpolation_duration: 1}
$data merge entity $(left_arm) {transformation: [-0.7319f,0.1797f,-0.6573f,0.3599f,-0.0155f,0.9599f,0.2797f,6.1556f,0.6813f,0.2149f,-0.6998f,-0.4301f,0f,0f,0f,1f],start_interpolation: 0,interpolation_duration: 1}
$data merge entity $(chest) {transformation: [-0.9357f,0.2298f,-0.8404f,-0.3113f,-0.0199f,1.2273f,0.3577f,4.4247f,0.871f,0.2748f,-0.8947f,-0.541f,0f,0f,0f,1f],start_interpolation: 0,interpolation_duration: 1}
$data merge entity $(left_cheek) {transformation: [-0.6643f,-0.0361f,-0.7466f,-0.7363f,-0.2508f,0.9517f,0.1771f,3.5655f,0.7042f,0.3049f,-0.6412f,-1.3614f,0f,0f,0f,1f],start_interpolation: 0,interpolation_duration: 1}
$data merge entity $(left_foot) {transformation: [-0.4157f,0.0588f,-0.9322f,0.1044f,-0.2943f,0.9601f,0.1918f,-3.9755f,0.8865f,0.3463f,-0.3735f,-3.0487f,0f,0f,0f,1f],start_interpolation: 0,interpolation_duration: 1}
$data merge entity $(left_knee) {transformation: [-1.5841f,0.5388f,-2.5402f,0.7917f,-0.7578f,2.7501f,1.0559f,-0.1044f,2.4837f,1.1827f,-1.2979f,-1.5362f,0f,0f,0f,1f],start_interpolation: 0,interpolation_duration: 1}
$data merge entity $(left_leg) {transformation: [-0.9167f,-0.5989f,-1.3238f,-0.167f,-0.4129f,1.6081f,-0.4416f,2.4676f,1.393f,0.0825f,-1.002f,-1.3167f,0f,0f,0f,1f],start_interpolation: 0,interpolation_duration: 1}
$data merge entity $(right_cheek) {transformation: [-0.6168f,0.3632f,-0.6984f,-1.134f,0.1883f,0.9295f,0.317f,3.6745f,0.7643f,0.064f,-0.6417f,-0.7192f,0f,0f,0f,1f],start_interpolation: 0,interpolation_duration: 1}
$data merge entity $(right_foot) {transformation: [-0.8891f,0.1258f,-0.4888f,-2.3506f,0.069f,1.0111f,0.1348f,-4.0055f,0.5f,0.0842f,-0.8878f,1.3007f,0f,0f,0f,1f],start_interpolation: 0,interpolation_duration: 1}
$data merge entity $(right_knee) {transformation: [-2.4673f,0.8738f,-1.5496f,-1.2754f,0.8601f,2.9052f,0.2687f,0.0511f,1.5572f,-0.2202f,-2.6036f,0.9342f,0f,0f,0f,1f],start_interpolation: 0,interpolation_duration: 1}
$data merge entity $(right_leg) {transformation: [-1.3859f,0.0562f,-1.0136f,-1.0981f,0.4858f,1.5429f,-0.5787f,2.5196f,0.8914f,-0.7535f,-1.2606f,-0.2731f,0f,0f,0f,1f],start_interpolation: 0,interpolation_duration: 1}
$data merge entity $(weist) {transformation: [-1.0793f,0.1968f,-1.1951f,-0.5189f,0.0602f,1.6075f,0.2104f,4.1444f,1.2097f,0.0956f,-1.0768f,-0.7757f,0f,0f,0f,1f],start_interpolation: 0,interpolation_duration: 1}
data modify storage animated_java:temp entry.data merge value {"locators":{"consume":{"px":-1.2464778766,"py":4.2669838351,"pz":3.178440185,"ry":253.0330528911,"rx":-46.8774499825}}}
# Data Manager: Prepare for Read / Write
execute store result storage animated_java:temp args.id int 1 run scoreboard players get @s aj.id
# Data Manager: Write
function animated_java:global/data_manager/write with storage animated_java:temp args
execute unless entity @s[tag=aj.transforms_only] at @s run function animated_java:female/animations/strike_3/zzz/frames/14_root_function