# This file was generated by Animated Java via MC-Build. It is not recommended to edit this file directly.
$data merge entity $(neck) {transformation: [-0.7734f,0.364f,-0.519f,-0.1586f,0.0835f,0.8701f,0.4858f,6.2287f,0.6284f,0.3324f,-0.7033f,-0.0909f,0f,0f,0f,1f],start_interpolation: 0,interpolation_duration: 1}
$data merge entity $(right_thumb_2) {transformation: [0.0319f,-0.5587f,-0.8287f,-0.4098f,0.7417f,0.569f,-0.3551f,4.7348f,0.6699f,-0.6034f,0.4326f,2.7626f,0f,0f,0f,1f],start_interpolation: 0,interpolation_duration: 1}
$data merge entity $(right_thumb) {transformation: [0.0319f,-0.9971f,0.0695f,-0.7268f,0.7417f,-0.023f,-0.6703f,4.8468f,0.6699f,0.0729f,0.7388f,2.875f,0f,0f,0f,1f],start_interpolation: 0,interpolation_duration: 1}
$data merge entity $(right_fingers2) {transformation: [0.0105f,0.9344f,-0.356f,-0.1877f,-0.4897f,-0.3056f,-0.8166f,4.5753f,-0.8718f,0.1829f,0.4543f,2.9867f,0f,0f,0f,1f],start_interpolation: 0,interpolation_duration: 1}
$data merge entity $(right_fingers) {transformation: [0.888f,-0.291f,-0.356f,-0.2483f,-0.1442f,0.5589f,-0.8166f,4.7245f,0.4366f,0.7765f,0.4543f,3.2236f,0f,0f,0f,1f],start_interpolation: 0,interpolation_duration: 1}
$data merge entity $(scout) {transformation: [0f,0f,0f,-0.2893f,0f,0f,0f,4.5496f,0f,0f,0f,3.1117f,0f,0f,0f,1f],start_interpolation: 0,interpolation_duration: 1}
$data merge entity $(right_hand) {transformation: [-0.2125f,-0.91f,-0.356f,-0.8218f,0.5442f,0.1924f,-0.8166f,4.8038f,0.8116f,-0.3673f,0.4543f,3.014f,0f,0f,0f,1f],start_interpolation: 0,interpolation_duration: 1}
$data merge entity $(right_forearm) {transformation: [-0.2902f,-0.8998f,-1.0017f,-2.2012f,1.2559f,0.1884f,-0.5331f,5.0159f,0.4853f,-1.0257f,0.7807f,1.4776f,0f,0f,0f,1f],start_interpolation: 0,interpolation_duration: 1}
$data merge entity $(right_shoulder) {transformation: [-0.6374f,0.9374f,-0.93f,-0.9f,1.1194f,0.9313f,0.1715f,5.9202f,0.7003f,-0.6355f,-1.1205f,0.5976f,0f,0f,0f,1f],start_interpolation: 0,interpolation_duration: 1}
$data merge entity $(right_arm) {transformation: [-0.7019f,0.2197f,-0.6776f,-0.4463f,0.0136f,0.9552f,0.2956f,6.1917f,0.7122f,0.1982f,-0.6734f,0.2478f,0f,0f,0f,1f],start_interpolation: 0,interpolation_duration: 1}
$data merge entity $(left_thumb_2) {transformation: [-0.691f,-0.5456f,-0.4743f,3.279f,-0.7006f,0.6671f,0.2533f,5.2031f,0.1782f,0.5073f,-0.8432f,-3.1276f,0f,0f,0f,1f],start_interpolation: 0,interpolation_duration: 1}
$data merge entity $(left_thumb) {transformation: [-0.691f,-0.6835f,0.2354f,3.1582f,-0.7006f,0.5529f,-0.4511f,5.4913f,0.1782f,-0.4766f,-0.8609f,-3.2952f,0f,0f,0f,1f],start_interpolation: 0,interpolation_duration: 1}
$data merge entity $(left_fingers2) {transformation: [0.6855f,0.6668f,-0.2922f,3.5112f,0.556f,-0.7386f,-0.3812f,4.9891f,-0.47f,0.0989f,-0.8771f,-3.2864f,0f,0f,0f,1f],start_interpolation: 0,interpolation_duration: 1}
$data merge entity $(left_fingers) {transformation: [-0.8421f,0.4533f,-0.2922f,3.662f,0.5372f,0.7523f,-0.3812f,5.1856f,0.047f,-0.478f,-0.8771f,-3.4304f,0f,0f,0f,1f],start_interpolation: 0,interpolation_duration: 1}
$data merge entity $(left_hand) {transformation: [-0.525f,-0.7994f,-0.2922f,3.1555f,-0.7027f,0.6008f,-0.3812f,5.5342f,0.4803f,0.0052f,-0.8771f,-3.4636f,0f,0f,0f,1f],start_interpolation: 0,interpolation_duration: 1}
$data merge entity $(left_forearm) {transformation: [-0.1743f,-1.0532f,-0.8704f,1.5305f,-1.2776f,0.4367f,-0.2726f,6.1287f,0.4844f,0.7728f,-1.0321f,-2.3171f,0f,0f,0f,1f],start_interpolation: 0,interpolation_duration: 1}
$data merge entity $(left_shoulder) {transformation: [-0.1768f,-0.8369f,-1.1909f,0.5129f,-1.4543f,0.0516f,0.1796f,5.8928f,-0.0606f,1.2028f,-0.8363f,-0.8359f,0f,0f,0f,1f],start_interpolation: 0,interpolation_duration: 1}
$data merge entity $(left_arm) {transformation: [-0.7019f,0.2197f,-0.6776f,0.175f,0.0136f,0.9552f,0.2956f,6.1797f,0.7122f,0.1982f,-0.6734f,-0.3826f,0f,0f,0f,1f],start_interpolation: 0,interpolation_duration: 1}
$data merge entity $(chest) {transformation: [-0.8974f,0.2809f,-0.8663f,-0.5558f,0.0174f,1.2213f,0.3779f,4.4708f,0.9105f,0.2535f,-0.861f,-0.4487f,0f,0f,0f,1f],start_interpolation: 0,interpolation_duration: 1}
$data merge entity $(left_cheek) {transformation: [-0.6425f,-0.0292f,-0.7657f,-1.0923f,-0.2376f,0.9576f,0.1628f,3.5855f,0.7285f,0.2866f,-0.6222f,-1.2156f,0f,0f,0f,1f],start_interpolation: 0,interpolation_duration: 1}
$data merge entity $(left_foot) {transformation: [-0.3701f,0.0663f,-0.9507f,-0.0117f,-0.3099f,0.9561f,0.1873f,-3.841f,0.9012f,0.356f,-0.3261f,-2.8563f,0f,0f,0f,1f],start_interpolation: 0,interpolation_duration: 1}
$data merge entity $(left_knee) {transformation: [-1.4573f,0.5573f,-2.6111f,0.6947f,-0.8093f,2.7425f,1.0371f,0.0204f,2.5443f,1.1916f,-1.1656f,-1.3278f,0f,0f,0f,1f],start_interpolation: 0,interpolation_duration: 1}
$data merge entity $(left_leg) {transformation: [-0.8334f,-0.7577f,-1.2972f,-0.5158f,-0.4464f,1.5414f,-0.6134f,2.4891f,1.4344f,0.0395f,-0.9446f,-1.1771f,0f,0f,0f,1f],start_interpolation: 0,interpolation_duration: 1}
$data merge entity $(right_cheek) {transformation: [-0.5451f,0.4123f,-0.73f,-1.4129f,0.1893f,0.9087f,0.372f,3.7891f,0.8167f,0.0646f,-0.5734f,-0.4993f,0f,0f,0f,1f],start_interpolation: 0,interpolation_duration: 1}
$data merge entity $(right_foot) {transformation: [-0.8312f,0.0902f,-0.5884f,-2.8599f,0.1032f,1.0171f,0.0101f,-3.9307f,0.5863f,-0.0512f,-0.836f,1.5008f,0f,0f,0f,1f],start_interpolation: 0,interpolation_duration: 1}
$data merge entity $(right_knee) {transformation: [-2.2674f,0.9426f,-1.7952f,-1.6939f,0.9533f,2.8724f,0.3041f,0.0846f,1.7895f,-0.3359f,-2.4366f,0.9876f,0f,0f,0f,1f],start_interpolation: 0,interpolation_duration: 1}
$data merge entity $(right_leg) {transformation: [-1.2806f,0.134f,-1.1373f,-1.3925f,0.5384f,1.5763f,-0.4205f,2.5999f,1.0107f,-0.6699f,-1.217f,-0.092f,0f,0f,0f,1f],start_interpolation: 0,interpolation_duration: 1}
$data merge entity $(weist) {transformation: [-1.0164f,0.2562f,-1.2383f,-0.7832f,0.1284f,1.6014f,0.2259f,4.1903f,1.2579f,0.0436f,-1.0235f,-0.6644f,0f,0f,0f,1f],start_interpolation: 0,interpolation_duration: 1}
data modify storage animated_java:temp entry.data merge value {"locators":{"consume":{"px":-0.1214264546,"py":4.5236206238,"pz":3.1118628249,"ry":218.082091991,"rx":-54.7457712317}}}
# Data Manager: Prepare for Read / Write
execute store result storage animated_java:temp args.id int 1 run scoreboard players get @s aj.id
# Data Manager: Write
function animated_java:global/data_manager/write with storage animated_java:temp args
execute unless entity @s[tag=aj.transforms_only] at @s run function animated_java:female/animations/strike_3/zzz/frames/15_root_function