# This file was generated by Animated Java via MC-Build. It is not recommended to edit this file directly.
$data merge entity $(neck) {transformation: [-0.7546f,0.4161f,-0.5074f,-0.2122f,0.1276f,0.8515f,0.5086f,6.2355f,0.6436f,0.3191f,-0.6956f,-0.0716f,0f,0f,0f,1f],start_interpolation: 0,interpolation_duration: 1}
$data merge entity $(right_thumb_2) {transformation: [0.1344f,-0.6839f,-0.7171f,-0.1441f,0.7619f,0.534f,-0.3665f,4.8677f,0.6336f,-0.4971f,0.5929f,2.5883f,0f,0f,0f,1f],start_interpolation: 0,interpolation_duration: 1}
$data merge entity $(right_thumb) {transformation: [0.1344f,-0.963f,0.2338f,-0.4373f,0.7619f,-0.0504f,-0.6457f,4.9735f,0.6336f,0.2649f,0.7269f,2.7572f,0f,0f,0f,1f],start_interpolation: 0,interpolation_duration: 1}
$data merge entity $(right_fingers2) {transformation: [-0.1405f,0.9622f,-0.2332f,0.1223f,-0.5148f,-0.2722f,-0.813f,4.7215f,-0.8457f,0.0059f,0.5336f,2.7688f,0f,0f,0f,1f],start_interpolation: 0,interpolation_duration: 1}
$data merge entity $(right_fingers) {transformation: [0.9599f,-0.1554f,-0.2332f,0.1034f,-0.1048f,0.5728f,-0.813f,4.8758f,0.2599f,0.8048f,0.5336f,3.0094f,0f,0f,0f,1f],start_interpolation: 0,interpolation_duration: 1}
$data merge entity $(scout) {transformation: [0f,0f,0f,0.0477f,0f,0f,0f,4.6965f,0f,0f,0f,2.9117f,0f,0f,0f,1f],start_interpolation: 0,interpolation_duration: 1}
$data merge entity $(right_hand) {transformation: [-0.0711f,-0.9698f,-0.2332f,-0.5022f,0.5615f,0.1543f,-0.813f,4.9318f,0.8244f,-0.1888f,0.5336f,2.9129f,0f,0f,0f,1f],start_interpolation: 0,interpolation_duration: 1}
$data merge entity $(right_forearm) {transformation: [-0.2272f,-1.0814f,-0.8222f,-2.1513f,1.2601f,0.1437f,-0.5372f,5.0762f,0.5076f,-0.8408f,0.9657f,1.6606f,0f,0f,0f,1f],start_interpolation: 0,interpolation_duration: 1}
$data merge entity $(right_shoulder) {transformation: [-0.5505f,0.8712f,-1.043f,-0.9446f,1.1272f,0.9213f,0.1746f,5.9666f,0.7591f,-0.7363f,-1.0156f,0.6426f,0f,0f,0f,1f],start_interpolation: 0,interpolation_duration: 1}
$data merge entity $(right_arm) {transformation: [-0.6762f,0.2734f,-0.6841f,-0.4899f,0.051f,0.9437f,0.3267f,6.214f,0.7349f,0.1861f,-0.6521f,0.2765f,0f,0f,0f,1f],start_interpolation: 0,interpolation_duration: 1}
$data merge entity $(left_thumb_2) {transformation: [-0.7082f,-0.4879f,-0.5103f,2.9447f,-0.6367f,0.7537f,0.1629f,4.7567f,0.3051f,0.4403f,-0.8444f,-3.2255f,0f,0f,0f,1f],start_interpolation: 0,interpolation_duration: 1}
$data merge entity $(left_thumb) {transformation: [-0.7082f,-0.6859f,0.1674f,2.8266f,-0.6367f,0.5179f,-0.5713f,5.0258f,0.3051f,-0.5112f,-0.8035f,-3.4239f,0f,0f,0f,1f],start_interpolation: 0,interpolation_duration: 1}
$data merge entity $(left_fingers2) {transformation: [0.6803f,0.6402f,-0.3568f,3.1585f,0.4554f,-0.7507f,-0.4787f,4.5127f,-0.5743f,0.1631f,-0.8022f,-3.3657f,0f,0f,0f,1f],start_interpolation: 0,interpolation_duration: 1}
$data merge entity $(left_fingers) {transformation: [-0.8152f,0.4563f,-0.3568f,3.3089f,0.579f,0.66f,-0.4787f,4.6809f,0.0171f,-0.5968f,-0.8022f,-3.5422f,0f,0f,0f,1f],start_interpolation: 0,interpolation_duration: 1}
$data merge entity $(left_hand) {transformation: [-0.5256f,-0.7723f,-0.3568f,2.8161f,-0.607f,0.6343f,-0.4787f,5.0463f,0.596f,-0.035f,-0.8022f,-3.5961f,0f,0f,0f,1f],start_interpolation: 0,interpolation_duration: 1}
$data merge entity $(left_forearm) {transformation: [-0.2276f,-0.9498f,-0.9711f,1.3409f,-1.2074f,0.5927f,-0.2967f,5.8779f,0.6225f,0.8023f,-0.9306f,-2.3959f,0f,0f,0f,1f],start_interpolation: 0,interpolation_duration: 1}
$data merge entity $(left_shoulder) {transformation: [-0.2701f,-0.746f,-1.233f,0.4166f,-1.4373f,0.2309f,0.1752f,5.864f,0.105f,1.241f,-0.7738f,-0.8368f,0f,0f,0f,1f],start_interpolation: 0,interpolation_duration: 1}
$data merge entity $(left_arm) {transformation: [-0.6762f,0.2734f,-0.6841f,0.1086f,0.051f,0.9437f,0.3267f,6.1689f,0.7349f,0.1861f,-0.6521f,-0.374f,0f,0f,0f,1f],start_interpolation: 0,interpolation_duration: 1}
$data merge entity $(chest) {transformation: [-0.8646f,0.3495f,-0.8747f,-0.708f,0.0652f,1.2066f,0.4177f,4.4984f,0.9397f,0.2379f,-0.8337f,-0.4074f,0f,0f,0f,1f],start_interpolation: 0,interpolation_duration: 1}
$data merge entity $(left_cheek) {transformation: [-0.5425f,0.0242f,-0.8397f,-1.2557f,-0.1902f,0.9701f,0.1509f,3.637f,0.8182f,0.2416f,-0.5217f,-1.1542f,0f,0f,0f,1f],start_interpolation: 0,interpolation_duration: 1}
$data merge entity $(left_foot) {transformation: [-0.348f,0.0948f,-0.9566f,-0.1608f,-0.28f,0.9633f,0.1973f,-3.7428f,0.9196f,0.3292f,-0.3019f,-2.7246f,0f,0f,0f,1f],start_interpolation: 0,interpolation_duration: 1}
$data merge entity $(left_knee) {transformation: [-1.3931f,0.6528f,-2.624f,0.6753f,-0.716f,2.7573f,1.0662f,0.1376f,2.6074f,1.106f,-1.1092f,-1.3141f,0f,0f,0f,1f],start_interpolation: 0,interpolation_duration: 1}
$data merge entity $(left_leg) {transformation: [-0.6003f,-0.861f,-1.3601f,-0.6891f,-0.4024f,1.4858f,-0.7629f,2.5235f,1.5586f,0.052f,-0.7208f,-1.1449f,0f,0f,0f,1f],start_interpolation: 0,interpolation_duration: 1}
$data merge entity $(right_cheek) {transformation: [-0.6093f,0.3538f,-0.7096f,-1.5595f,0.1972f,0.9344f,0.2966f,3.7946f,0.768f,0.0408f,-0.6392f,-0.4799f,0f,0f,0f,1f],start_interpolation: 0,interpolation_duration: 1}
$data merge entity $(right_foot) {transformation: [-0.8053f,0.0975f,-0.6223f,-2.999f,0.0919f,1.0174f,0.0405f,-3.8913f,0.6232f,-0.0241f,-0.8101f,1.5685f,0f,0f,0f,1f],start_interpolation: 0,interpolation_duration: 1}
$data merge entity $(right_knee) {transformation: [-2.1816f,0.9586f,-1.8905f,-1.8123f,0.918f,2.8726f,0.3971f,0.1269f,1.9105f,-0.2858f,-2.3495f,1.1317f,0f,0f,0f,1f],start_interpolation: 0,interpolation_duration: 1}
$data merge entity $(right_leg) {transformation: [-1.3639f,0.1427f,-1.0348f,-1.4965f,0.5341f,1.5579f,-0.4891f,2.6149f,0.8977f,-0.71f,-1.2812f,-0.0055f,0f,0f,0f,1f],start_interpolation: 0,interpolation_duration: 1}
$data merge entity $(weist) {transformation: [-0.936f,0.2348f,-1.3041f,-0.9484f,0.106f,1.6048f,0.2129f,4.2174f,1.3208f,0.0376f,-0.9413f,-0.6051f,0f,0f,0f,1f],start_interpolation: 0,interpolation_duration: 1}
data modify storage animated_java:temp entry.data merge value {"locators":{"consume":{"px":0.2132469196,"py":4.675557456,"pz":2.8799709302,"ry":203.6103841248,"rx":-54.3862491274}}}
# Data Manager: Prepare for Read / Write
execute store result storage animated_java:temp args.id int 1 run scoreboard players get @s aj.id
# Data Manager: Write
function animated_java:global/data_manager/write with storage animated_java:temp args