# This file was generated by Animated Java via MC-Build. It is not recommended to edit this file directly.
$data merge entity $(neck) {transformation: [-0.7746f,0.4272f,-0.4664f,-0.2193f,0.1514f,0.8412f,0.5191f,6.2287f,0.6141f,0.3315f,-0.7162f,-0.0839f,0f,0f,0f,1f],start_interpolation: 0,interpolation_duration: 1}
$data merge entity $(right_thumb_2) {transformation: [0.1691f,-0.7163f,-0.6769f,-0.1143f,0.7819f,0.5157f,-0.3503f,4.9459f,0.6f,-0.47f,0.6473f,2.4379f,0f,0f,0f,1f],start_interpolation: 0,interpolation_duration: 1}
$data merge entity $(right_thumb) {transformation: [0.1691f,-0.9444f,0.2819f,-0.3971f,0.7819f,-0.0456f,-0.6218f,5.056f,0.6f,0.3256f,0.7307f,2.6213f,0f,0f,0f,1f],start_interpolation: 0,interpolation_duration: 1}
$data merge entity $(right_fingers2) {transformation: [-0.1897f,0.9622f,-0.1952f,0.1636f,-0.5416f,-0.2684f,-0.7967f,4.8065f,-0.819f,-0.0454f,0.572f,2.606f,0f,0f,0f,1f],start_interpolation: 0,interpolation_duration: 1}
$data merge entity $(right_fingers) {transformation: [0.9748f,-0.1084f,-0.1952f,0.1588f,-0.0931f,0.5972f,-0.7967f,4.9682f,0.203f,0.7947f,0.572f,2.8424f,0f,0f,0f,1f],start_interpolation: 0,interpolation_duration: 1}
$data merge entity $(scout) {transformation: [0f,0f,0f,0.0981f,0f,0f,0f,4.7857f,0f,0f,0f,2.754f,0f,0f,0f,1f],start_interpolation: 0,interpolation_duration: 1}
$data merge entity $(right_hand) {transformation: [-0.0231f,-0.9805f,-0.1952f,-0.452f,0.5868f,0.1448f,-0.7967f,5.019f,0.8094f,-0.1329f,0.572f,2.782f,0f,0f,0f,1f],start_interpolation: 0,interpolation_duration: 1}
$data merge entity $(right_forearm) {transformation: [-0.207f,-1.1397f,-0.7452f,-2.1868f,1.2663f,0.1161f,-0.5292f,5.1218f,0.5007f,-0.7647f,1.0304f,1.6471f,0f,0f,0f,1f],start_interpolation: 0,interpolation_duration: 1}
$data merge entity $(right_shoulder) {transformation: [-0.5266f,0.865f,-1.0604f,-0.992f,1.1384f,0.9074f,0.1749f,5.993f,0.7594f,-0.7605f,-0.9974f,0.5989f,0f,0f,0f,1f],start_interpolation: 0,interpolation_duration: 1}
$data merge entity $(right_arm) {transformation: [-0.7071f,0.2952f,-0.6426f,-0.5132f,0.0824f,0.9369f,0.3398f,6.2208f,0.7023f,0.1873f,-0.6868f,0.2513f,0f,0f,0f,1f],start_interpolation: 0,interpolation_duration: 1}
$data merge entity $(left_thumb_2) {transformation: [-0.7328f,-0.5062f,-0.4548f,2.9453f,-0.5718f,0.8203f,0.0083f,4.3034f,0.3689f,0.2662f,-0.8906f,-2.9245f,0f,0f,0f,1f],start_interpolation: 0,interpolation_duration: 1}
$data merge entity $(left_thumb) {transformation: [-0.7328f,-0.6469f,0.211f,2.8429f,-0.5718f,0.4174f,-0.7063f,4.5324f,0.3689f,-0.6382f,-0.6758f,-3.1749f,0f,0f,0f,1f],start_interpolation: 0,interpolation_duration: 1}
$data merge entity $(left_fingers2) {transformation: [0.7197f,0.6205f,-0.3113f,3.1648f,0.3451f,-0.7089f,-0.6151f,4.0382f,-0.6024f,0.3353f,-0.7244f,-3.0048f,0f,0f,0f,1f],start_interpolation: 0,interpolation_duration: 1}
$data merge entity $(left_fingers) {transformation: [-0.8082f,0.4998f,-0.3113f,3.3278f,0.5723f,0.5423f,-0.6151f,4.1721f,-0.1387f,-0.6753f,-0.7244f,-3.1987f,0f,0f,0f,1f],start_interpolation: 0,interpolation_duration: 1}
$data merge entity $(left_hand) {transformation: [-0.5684f,-0.7616f,-0.3113f,2.8434f,-0.4903f,0.6174f,-0.6151f,4.5216f,0.6607f,-0.197f,-0.7244f,-3.3484f,0f,0f,0f,1f],start_interpolation: 0,interpolation_duration: 1}
$data merge entity $(left_forearm) {transformation: [-0.2996f,-0.958f,-0.9432f,1.3539f,-1.0927f,0.7365f,-0.4009f,5.5707f,0.7832f,0.661f,-0.9202f,-2.3538f,0f,0f,0f,1f],start_interpolation: 0,interpolation_duration: 1}
$data merge entity $(left_shoulder) {transformation: [-0.337f,-0.7332f,-1.2242f,0.4313f,-1.3925f,0.4437f,0.1176f,5.8272f,0.3117f,1.1897f,-0.7984f,-0.8149f,0f,0f,0f,1f],start_interpolation: 0,interpolation_duration: 1}
$data merge entity $(left_arm) {transformation: [-0.7071f,0.2952f,-0.6426f,0.1127f,0.0824f,0.9369f,0.3398f,6.148f,0.7023f,0.1873f,-0.6868f,-0.3703f,0f,0f,0f,1f],start_interpolation: 0,interpolation_duration: 1}
$data merge entity $(chest) {transformation: [-0.904f,0.3774f,-0.8216f,-0.7557f,0.1053f,1.1978f,0.4345f,4.5041f,0.898f,0.2395f,-0.878f,-0.4216f,0f,0f,0f,1f],start_interpolation: 0,interpolation_duration: 1}
$data merge entity $(left_cheek) {transformation: [-0.5995f,0.0822f,-0.7961f,-1.1824f,-0.175f,0.9572f,0.2306f,3.7099f,0.781f,0.2775f,-0.5595f,-1.1879f,0f,0f,0f,1f],start_interpolation: 0,interpolation_duration: 1}
$data merge entity $(left_foot) {transformation: [-0.3839f,0.0901f,-0.9433f,-0.1899f,-0.2927f,0.9567f,0.2106f,-3.7006f,0.9012f,0.3491f,-0.3334f,-2.8265f,0f,0f,0f,1f],start_interpolation: 0,interpolation_duration: 1}
$data merge entity $(left_knee) {transformation: [-1.4936f,0.6458f,-2.5699f,0.6416f,-0.7469f,2.7278f,1.1196f,0.1419f,2.5423f,1.1808f,-1.1809f,-1.3136f,0f,0f,0f,1f],start_interpolation: 0,interpolation_duration: 1}
$data merge entity $(left_leg) {transformation: [-0.7044f,-0.8388f,-1.3235f,-0.6928f,-0.4213f,1.499f,-0.7259f,2.5472f,1.5092f,0.027f,-0.8203f,-1.1835f,0f,0f,0f,1f],start_interpolation: 0,interpolation_duration: 1}
$data merge entity $(right_cheek) {transformation: [-0.5691f,0.3272f,-0.7543f,-1.6155f,0.2094f,0.9448f,0.2518f,3.76f,0.7951f,-0.0146f,-0.6063f,-0.5569f,0f,0f,0f,1f],start_interpolation: 0,interpolation_duration: 1}
$data merge entity $(right_foot) {transformation: [-0.7907f,0.1072f,-0.6392f,-2.8745f,0.0903f,1.0167f,0.0588f,-3.8999f,0.6418f,-0.011f,-0.7957f,1.6758f,0f,0f,0f,1f],start_interpolation: 0,interpolation_duration: 1}
$data merge entity $(right_knee) {transformation: [-2.1451f,0.9143f,-1.9531f,-1.7506f,0.9174f,2.88f,0.3407f,0.1264f,1.9517f,-0.3488f,-2.3068f,1.1547f,0f,0f,0f,1f],start_interpolation: 0,interpolation_duration: 1}
$data merge entity $(right_leg) {transformation: [-1.3117f,0.1038f,-1.1045f,-1.4973f,0.5508f,1.5457f,-0.5088f,2.5947f,0.963f,-0.7426f,-1.2135f,-0.0395f,0f,0f,0f,1f],start_interpolation: 0,interpolation_duration: 1}
$data merge entity $(weist) {transformation: [-0.9327f,0.1904f,-1.3137f,-0.9965f,0.055f,1.6097f,0.1942f,4.2229f,1.3263f,0.0671f,-0.9319f,-0.6108f,0f,0f,0f,1f],start_interpolation: 0,interpolation_duration: 1}
data modify storage animated_java:temp entry.data merge value {"locators":{"consume":{"px":0.261510338,"py":4.7643852635,"pz":2.7126801092,"ry":198.8426786579,"rx":-52.8129161654}}}
# Data Manager: Prepare for Read / Write
execute store result storage animated_java:temp args.id int 1 run scoreboard players get @s aj.id
# Data Manager: Write
function animated_java:global/data_manager/write with storage animated_java:temp args