# This file was generated by Animated Java via MC-Build. It is not recommended to edit this file directly.
$data merge entity $(neck) {transformation: [-0.7904f,0.4096f,-0.4555f,-0.2205f,0.1453f,0.8477f,0.5101f,6.2281f,0.5951f,0.337f,-0.7296f,-0.1303f,0f,0f,0f,1f],start_interpolation: 0,interpolation_duration: 1}
$data merge entity $(right_thumb_2) {transformation: [0.1734f,-0.7338f,-0.6568f,-0.0576f,0.7971f,0.4962f,-0.344f,4.9795f,0.5784f,-0.4639f,0.671f,2.3309f,0f,0f,0f,1f],start_interpolation: 0,interpolation_duration: 1}
$data merge entity $(right_thumb) {transformation: [0.1734f,-0.9357f,0.3071f,-0.3372f,0.7971f,-0.0498f,-0.6018f,5.0902f,0.5784f,0.3491f,0.7373f,2.5185f,0f,0f,0f,1f],start_interpolation: 0,interpolation_duration: 1}
$data merge entity $(right_fingers2) {transformation: [-0.2022f,0.9642f,-0.1714f,0.2261f,-0.562f,-0.2575f,-0.786f,4.8473f,-0.802f,-0.0626f,0.594f,2.4953f,0f,0f,0f,1f],start_interpolation: 0,interpolation_duration: 1}
$data merge entity $(right_fingers) {transformation: [0.9804f,-0.0971f,-0.1714f,0.2248f,-0.0766f,0.6135f,-0.786f,5.0142f,0.1815f,0.7837f,0.594f,2.7281f,0f,0f,0f,1f],start_interpolation: 0,interpolation_duration: 1}
$data merge entity $(scout) {transformation: [0f,0f,0f,0.1643f,0f,0f,0f,4.829f,0f,0f,0f,2.6452f,0f,0f,0f,1f],start_interpolation: 0,interpolation_duration: 1}
$data merge entity $(right_hand) {transformation: [-0.0113f,-0.9851f,-0.1714f,-0.3878f,0.6044f,0.1298f,-0.786f,5.0561f,0.7966f,-0.1125f,0.594f,2.6813f,0f,0f,0f,1f],start_interpolation: 0,interpolation_duration: 1}
$data merge entity $(right_forearm) {transformation: [-0.2198f,-1.1698f,-0.6931f,-2.1656f,1.2654f,0.081f,-0.538f,5.1059f,0.4977f,-0.7226f,1.0617f,1.611f,0f,0f,0f,1f],start_interpolation: 0,interpolation_duration: 1}
$data merge entity $(right_shoulder) {transformation: [-0.5304f,0.8281f,-1.0876f,-1.0141f,1.1329f,0.919f,0.1473f,5.9934f,0.7649f,-0.7871f,-0.9723f,0.5285f,0f,0f,0f,1f],start_interpolation: 0,interpolation_duration: 1}
$data merge entity $(right_arm) {transformation: [-0.731f,0.2817f,-0.6215f,-0.5255f,0.0841f,0.941f,0.3277f,6.2213f,0.6772f,0.1873f,-0.7116f,0.1949f,0f,0f,0f,1f],start_interpolation: 0,interpolation_duration: 1}
$data merge entity $(left_thumb_2) {transformation: [-0.7449f,-0.5467f,-0.3824f,3.0325f,-0.5301f,0.833f,-0.1582f,4.0599f,0.405f,0.0849f,-0.9103f,-2.5772f,0f,0f,0f,1f],start_interpolation: 0,interpolation_duration: 1}
$data merge entity $(left_thumb) {transformation: [-0.7449f,-0.6045f,0.2822f,2.9445f,-0.5301f,0.2795f,-0.8005f,4.2397f,0.405f,-0.7459f,-0.5287f,-2.8697f,0f,0f,0f,1f],start_interpolation: 0,interpolation_duration: 1}
$data merge entity $(left_fingers2) {transformation: [0.7564f,0.6098f,-0.2367f,3.2645f,0.2672f,-0.6183f,-0.7391f,3.7937f,-0.5971f,0.4958f,-0.6307f,-2.5949f,0f,0f,0f,1f],start_interpolation: 0,interpolation_duration: 1}
$data merge entity $(left_fingers) {transformation: [-0.809f,0.538f,-0.2367f,3.4389f,0.5093f,0.4408f,-0.7391f,3.8995f,-0.2933f,-0.7185f,-0.6307f,-2.796f,0f,0f,0f,1f],start_interpolation: 0,interpolation_duration: 1}
$data merge entity $(left_hand) {transformation: [-0.6065f,-0.7591f,-0.2367f,2.9591f,-0.3947f,0.5458f,-0.7391f,4.2001f,0.6902f,-0.3548f,-0.6307f,-3.0383f,0f,0f,0f,1f],start_interpolation: 0,interpolation_duration: 1}
$data merge entity $(left_forearm) {transformation: [-0.3196f,-1.0192f,-0.8696f,1.3793f,-0.9645f,0.7956f,-0.5779f,5.3371f,0.9299f,0.4748f,-0.8983f,-2.3172f,0f,0f,0f,1f],start_interpolation: 0,interpolation_duration: 1}
$data merge entity $(left_shoulder) {transformation: [-0.3524f,-0.7301f,-1.2217f,0.4575f,-1.3289f,0.6195f,0.013f,5.8241f,0.5097f,1.1104f,-0.8106f,-0.8346f,0f,0f,0f,1f],start_interpolation: 0,interpolation_duration: 1}
$data merge entity $(left_arm) {transformation: [-0.731f,0.2817f,-0.6215f,0.1216f,0.0841f,0.941f,0.3277f,6.1469f,0.6772f,0.1873f,-0.7116f,-0.4045f,0f,0f,0f,1f],start_interpolation: 0,interpolation_duration: 1}
$data merge entity $(chest) {transformation: [-0.9346f,0.3602f,-0.7946f,-0.7322f,0.1075f,1.2032f,0.4189f,4.4959f,0.8658f,0.2394f,-0.9098f,-0.4677f,0f,0f,0f,1f],start_interpolation: 0,interpolation_duration: 1}
$data merge entity $(left_cheek) {transformation: [-0.6627f,0.1033f,-0.7417f,-1.0405f,-0.1827f,0.9382f,0.2939f,3.7468f,0.7262f,0.3302f,-0.6029f,-1.254f,0f,0f,0f,1f],start_interpolation: 0,interpolation_duration: 1}
$data merge entity $(left_foot) {transformation: [-0.4448f,0.081f,-0.9169f,-0.1517f,-0.3075f,0.9468f,0.2328f,-3.6778f,0.8676f,0.3771f,-0.3876f,-2.9656f,0f,0f,0f,1f],start_interpolation: 0,interpolation_duration: 1}
$data merge entity $(left_knee) {transformation: [-1.6633f,0.6193f,-2.4703f,0.6521f,-0.7806f,2.6844f,1.1986f,0.1089f,2.4241f,1.2894f,-1.3089f,-1.3042f,0f,0f,0f,1f],start_interpolation: 0,interpolation_duration: 1}
$data merge entity $(left_leg) {transformation: [-0.8886f,-0.7823f,-1.2449f,-0.6018f,-0.4375f,1.5294f,-0.6489f,2.5598f,1.4037f,-0.0186f,-0.9903f,-1.2466f,0f,0f,0f,1f],start_interpolation: 0,interpolation_duration: 1}
$data merge entity $(right_cheek) {transformation: [-0.5179f,0.312f,-0.7965f,-1.5736f,0.2338f,0.9473f,0.219f,3.6905f,0.8229f,-0.0728f,-0.5636f,-0.6838f,0f,0f,0f,1f],start_interpolation: 0,interpolation_duration: 1}
$data merge entity $(right_foot) {transformation: [-0.785f,0.1236f,-0.6433f,-2.7064f,0.0997f,1.0148f,0.0733f,-3.903f,0.6474f,-0.0064f,-0.7913f,1.7657f,0f,0f,0f,1f],start_interpolation: 0,interpolation_duration: 1}
$data merge entity $(right_knee) {transformation: [-2.134f,0.8823f,-1.9799f,-1.6275f,0.9396f,2.8803f,0.2709f,0.1214f,1.9534f,-0.4215f,-2.2932f,1.1446f,0f,0f,0f,1f],start_interpolation: 0,interpolation_duration: 1}
$data merge entity $(right_leg) {transformation: [-1.2354f,0.0708f,-1.1917f,-1.4278f,0.588f,1.5286f,-0.5188f,2.5609f,1.039f,-0.781f,-1.1234f,-0.1169f,0f,0f,0f,1f],start_interpolation: 0,interpolation_duration: 1}
$data merge entity $(weist) {transformation: [-0.9575f,0.1415f,-1.302f,-0.9651f,0.0013f,1.6129f,0.1744f,4.2142f,1.3096f,0.1019f,-0.9521f,-0.647f,0f,0f,0f,1f],start_interpolation: 0,interpolation_duration: 1}
data modify storage animated_java:temp entry.data merge value {"locators":{"consume":{"px":0.3269976247,"py":4.8087830624,"pz":2.6004553785,"ry":196.0926799353,"rx":-51.8140179312}}}
# Data Manager: Prepare for Read / Write
execute store result storage animated_java:temp args.id int 1 run scoreboard players get @s aj.id
# Data Manager: Write
function animated_java:global/data_manager/write with storage animated_java:temp args