# This file was generated by Animated Java via MC-Build. It is not recommended to edit this file directly.
$data merge entity $(neck) {transformation: [-0.8165f,0.3752f,-0.4389f,-0.2001f,0.1286f,0.8592f,0.4952f,6.224f,0.5628f,0.3479f,-0.7498f,-0.1824f,0f,0f,0f,1f],start_interpolation: 0,interpolation_duration: 1}
$data merge entity $(right_thumb_2) {transformation: [0.1565f,-0.7326f,-0.6624f,-0.0294f,0.8161f,0.4737f,-0.3311f,5.007f,0.5563f,-0.4888f,0.672f,2.2439f,0f,0f,0f,1f],start_interpolation: 0,interpolation_duration: 1}
$data merge entity $(right_thumb) {transformation: [0.1565f,-0.94f,0.3032f,-0.3129f,0.8161f,-0.0499f,-0.5758f,5.1201f,0.5563f,0.3376f,0.7593f,2.4243f,0f,0f,0f,1f],start_interpolation: 0,interpolation_duration: 1}
$data merge entity $(right_fingers2) {transformation: [-0.1847f,0.9678f,-0.1712f,0.2533f,-0.5882f,-0.2484f,-0.7697f,4.883f,-0.7874f,-0.0415f,0.6151f,2.4161f,0f,0f,0f,1f],start_interpolation: 0,interpolation_duration: 1}
$data merge entity $(right_fingers) {transformation: [0.9785f,-0.1148f,-0.1712f,0.2469f,-0.06f,0.6356f,-0.7697f,5.0568f,0.1972f,0.7634f,0.6151f,2.6438f,0f,0f,0f,1f],start_interpolation: 0,interpolation_duration: 1}
$data merge entity $(scout) {transformation: [0f,0f,0f,0.1897f,0f,0f,0f,4.8686f,0f,0f,0f,2.5657f,0f,0f,0f,1f],start_interpolation: 0,interpolation_duration: 1}
$data merge entity $(right_hand) {transformation: [-0.0291f,-0.9848f,-0.1712f,-0.3654f,0.628f,0.1152f,-0.7697f,5.0904f,0.7777f,-0.1299f,0.6151f,2.5873f,0f,0f,0f,1f],start_interpolation: 0,interpolation_duration: 1}
$data merge entity $(right_forearm) {transformation: [-0.2529f,-1.1763f,-0.6704f,-2.1508f,1.2645f,0.0386f,-0.5448f,5.0761f,0.484f,-0.7155f,1.0728f,1.5287f,0f,0f,0f,1f],start_interpolation: 0,interpolation_duration: 1}
$data merge entity $(right_shoulder) {transformation: [-0.5598f,0.8033f,-1.0914f,-1.0234f,1.1268f,0.9319f,0.1079f,5.9817f,0.7528f,-0.7975f,-0.9732f,0.4359f,0f,0f,0f,1f],start_interpolation: 0,interpolation_duration: 1}
$data merge entity $(right_arm) {transformation: [-0.7678f,0.2536f,-0.5884f,-0.5219f,0.0778f,0.9484f,0.3072f,6.2152f,0.636f,0.1901f,-0.7479f,0.126f,0f,0f,0f,1f],start_interpolation: 0,interpolation_duration: 1}
$data merge entity $(left_thumb_2) {transformation: [-0.7843f,-0.5653f,-0.2555f,3.2733f,-0.5061f,0.8212f,-0.2637f,3.9779f,0.3589f,-0.0775f,-0.9302f,-2.0805f,0f,0f,0f,1f],start_interpolation: 0,interpolation_duration: 1}
$data merge entity $(left_thumb) {transformation: [-0.7843f,-0.504f,0.3618f,3.2224f,-0.5061f,0.1823f,-0.843f,4.1235f,0.3589f,-0.8443f,-0.398f,-2.3997f,0f,0f,0f,1f],start_interpolation: 0,interpolation_duration: 1}
$data merge entity $(left_fingers2) {transformation: [0.8251f,0.5475f,-0.1397f,3.5094f,0.2249f,-0.5451f,-0.8076f,3.7181f,-0.5184f,0.6349f,-0.5729f,-2.039f,0f,0f,0f,1f],start_interpolation: 0,interpolation_duration: 1}
$data merge entity $(left_fingers) {transformation: [-0.7703f,0.6222f,-0.1397f,3.7075f,0.4522f,0.3784f,-0.8076f,3.8073f,-0.4496f,-0.6853f,-0.5729f,-2.2258f,0f,0f,0f,1f],start_interpolation: 0,interpolation_duration: 1}
$data merge entity $(left_hand) {transformation: [-0.687f,-0.7131f,-0.1397f,3.2599f,-0.3376f,0.4835f,-0.8076f,4.0669f,0.6435f,-0.5077f,-0.5729f,-2.5597f,0f,0f,0f,1f],start_interpolation: 0,interpolation_duration: 1}
$data merge entity $(left_forearm) {transformation: [-0.3639f,-1.1163f,-0.7201f,1.5374f,-0.8416f,0.7714f,-0.7706f,5.1656f,1.0278f,0.2364f,-0.8859f,-2.1932f,0f,0f,0f,1f],start_interpolation: 0,interpolation_duration: 1}
$data merge entity $(left_shoulder) {transformation: [-0.3876f,-0.7994f,-1.1664f,0.5222f,-1.2585f,0.7465f,-0.0934f,5.8251f,0.6448f,0.9765f,-0.8835f,-0.8443f,0f,0f,0f,1f],start_interpolation: 0,interpolation_duration: 1}
$data merge entity $(left_arm) {transformation: [-0.7678f,0.2536f,-0.5884f,0.1576f,0.0778f,0.9484f,0.3072f,6.1463f,0.636f,0.1901f,-0.7479f,-0.4369f,0f,0f,0f,1f],start_interpolation: 0,interpolation_duration: 1}
$data merge entity $(chest) {transformation: [-0.9817f,0.3242f,-0.7523f,-0.6605f,0.0995f,1.2126f,0.3928f,4.4785f,0.8131f,0.2431f,-0.9563f,-0.5247f,0f,0f,0f,1f],start_interpolation: 0,interpolation_duration: 1}
$data merge entity $(left_cheek) {transformation: [-0.6678f,0.0899f,-0.7389f,-0.9025f,-0.1928f,0.9379f,0.2884f,3.7328f,0.7189f,0.3351f,-0.609f,-1.3385f,0f,0f,0f,1f],start_interpolation: 0,interpolation_duration: 1}
$data merge entity $(left_foot) {transformation: [-0.4759f,0.0765f,-0.9016f,-0.042f,-0.2932f,0.9507f,0.2354f,-3.7158f,0.856f,0.3681f,-0.4206f,-2.8761f,0f,0f,0f,1f],start_interpolation: 0,interpolation_duration: 1}
$data merge entity $(left_knee) {transformation: [-1.749f,0.6075f,-2.4133f,0.7502f,-0.736f,2.6915f,1.2109f,0.0799f,2.3773f,1.2802f,-1.4006f,-1.2298f,0f,0f,0f,1f],start_interpolation: 0,interpolation_duration: 1}
$data merge entity $(left_leg) {transformation: [-0.9977f,-0.75f,-1.1805f,-0.4582f,-0.4051f,1.5429f,-0.6379f,2.5535f,1.3386f,-0.0921f,-1.0729f,-1.2903f,0f,0f,0f,1f],start_interpolation: 0,interpolation_duration: 1}
$data merge entity $(right_cheek) {transformation: [-0.5164f,0.2959f,-0.8036f,-1.4635f,0.2438f,0.9504f,0.1933f,3.6169f,0.8209f,-0.096f,-0.5629f,-0.8045f,0f,0f,0f,1f],start_interpolation: 0,interpolation_duration: 1}
$data merge entity $(right_foot) {transformation: [-0.8071f,0.1409f,-0.6116f,-2.6644f,0.1107f,1.0126f,0.0873f,-3.918f,0.6177f,0.0027f,-0.8146f,1.6344f,0f,0f,0f,1f],start_interpolation: 0,interpolation_duration: 1}
$data merge entity $(right_knee) {transformation: [-2.195f,0.9238f,-1.8923f,-1.5264f,0.9444f,2.875f,0.3081f,0.1007f,1.8821f,-0.3652f,-2.3615f,1.0864f,0f,0f,0f,1f],start_interpolation: 0,interpolation_duration: 1}
$data merge entity $(right_leg) {transformation: [-1.2158f,0.0697f,-1.2118f,-1.3285f,0.6037f,1.5227f,-0.5181f,2.5302f,1.053f,-0.7924f,-1.1021f,-0.1946f,0f,0f,0f,1f],start_interpolation: 0,interpolation_duration: 1}
$data merge entity $(weist) {transformation: [-1.009f,0.1047f,-1.2661f,-0.8785f,-0.027f,1.6147f,0.1551f,4.196f,1.2701f,0.1175f,-1.0025f,-0.6955f,0f,0f,0f,1f],start_interpolation: 0,interpolation_duration: 1}
data modify storage animated_java:temp entry.data merge value {"locators":{"consume":{"px":0.3531687426,"py":4.8488271233,"pz":2.5238323637,"ry":195.5509946799,"rx":-50.3233156245}}}
# Data Manager: Prepare for Read / Write
execute store result storage animated_java:temp args.id int 1 run scoreboard players get @s aj.id
# Data Manager: Write
function animated_java:global/data_manager/write with storage animated_java:temp args