# This file was generated by Animated Java via MC-Build. It is not recommended to edit this file directly.
$data merge entity $(neck) {transformation: [-0.9893f,-0.0238f,0.1442f,0.2101f,0.0553f,0.8524f,0.5199f,6.251f,-0.1353f,0.5223f,-0.8419f,-0.3939f,0f,0f,0f,1f],start_interpolation: 0,interpolation_duration: 1}
$data merge entity $(right_thumb_2) {transformation: [-0.2365f,-0.4111f,-0.8804f,-0.5695f,0.9347f,0.1511f,-0.3216f,5.7651f,0.2653f,-0.899f,0.3485f,1.4837f,0f,0f,0f,1f],start_interpolation: 0,interpolation_duration: 1}
$data merge entity $(right_thumb) {transformation: [-0.2365f,-0.968f,-0.0842f,-0.9148f,0.9347f,-0.203f,-0.2917f,5.8425f,0.2653f,-0.1476f,0.9528f,1.4621f,0f,0f,0f,1f],start_interpolation: 0,interpolation_duration: 1}
$data merge entity $(right_fingers2) {transformation: [0.3112f,0.8656f,-0.3922f,-0.408f,-0.7804f,-0.0026f,-0.6252f,5.7583f,-0.5423f,0.5007f,0.6747f,1.7981f,0f,0f,0f,1f],start_interpolation: 0,interpolation_duration: 1}
$data merge entity $(right_fingers) {transformation: [0.732f,-0.5571f,-0.3922f,-0.549f,0.2322f,0.7451f,-0.6252f,5.9726f,0.6406f,0.3666f,0.6747f,1.9256f,0f,0f,0f,1f],start_interpolation: 0,interpolation_duration: 1}
$data merge entity $(scout) {transformation: [0f,0f,0f,-0.5386f,0f,0f,0f,5.7633f,0f,0f,0f,1.8957f,0f,0f,0f,1f],start_interpolation: 0,interpolation_duration: 1}
$data merge entity $(right_hand) {transformation: [-0.4912f,-0.7778f,-0.3922f,-1.0416f,0.7625f,-0.1663f,-0.6252f,5.8389f,0.4211f,-0.6062f,0.6747f,1.581f,0f,0f,0f,1f],start_interpolation: 0,interpolation_duration: 1}
$data merge entity $(right_forearm) {transformation: [-0.6753f,-0.7273f,-0.9551f,-2.1435f,1.197f,-0.4913f,-0.4722f,5.032f,-0.0914f,-1.0615f,0.8729f,0.0179f,0f,0f,0f,1f],start_interpolation: 0,interpolation_duration: 1}
$data merge entity $(right_shoulder) {transformation: [-1.0483f,0.928f,-0.4356f,-0.7867f,1.0245f,0.9709f,-0.3971f,6.022f,0.0371f,-0.5882f,-1.3426f,-0.6635f,0f,0f,0f,1f],start_interpolation: 0,interpolation_duration: 1}
$data merge entity $(right_arm) {transformation: [-0.979f,0.0025f,0.2037f,-0.2322f,0.0848f,0.9141f,0.3966f,6.2424f,-0.1852f,0.4055f,-0.8951f,-0.4492f,0f,0f,0f,1f],start_interpolation: 0,interpolation_duration: 1}
$data merge entity $(left_thumb_2) {transformation: [-0.1472f,0.7852f,0.6015f,-0.5903f,-0.9758f,-0.0157f,-0.2183f,7.0117f,-0.162f,-0.6191f,0.7685f,1.9568f,0f,0f,0f,1f],start_interpolation: 0,interpolation_duration: 1}
$data merge entity $(left_thumb) {transformation: [-0.1472f,0.9135f,-0.3792f,-0.2692f,-0.9758f,-0.1969f,-0.0956f,7.0944f,-0.162f,0.356f,0.9203f,2.0824f,0f,0f,0f,1f],start_interpolation: 0,interpolation_duration: 1}
$data merge entity $(left_fingers2) {transformation: [0.0772f,-0.997f,0.0002f,-0.8777f,0.8815f,0.0682f,-0.4673f,7.0617f,0.4658f,0.0362f,0.8841f,2.1564f,0f,0f,0f,1f],start_interpolation: 0,interpolation_duration: 1}
$data merge entity $(left_fingers) {transformation: [0.9276f,0.3735f,0.0002f,-0.7975f,-0.3301f,0.8202f,-0.4673f,7.3013f,-0.1746f,0.4334f,0.8841f,2.2913f,0f,0f,0f,1f],start_interpolation: 0,interpolation_duration: 1}
$data merge entity $(left_hand) {transformation: [-0.2912f,0.9567f,0.0002f,-0.2113f,-0.8458f,-0.2574f,-0.4673f,7.1184f,-0.447f,-0.1362f,0.8841f,2.2445f,0f,0f,0f,1f],start_interpolation: 0,interpolation_duration: 1}
$data merge entity $(left_forearm) {transformation: [-0.9588f,0.9492f,-0.2773f,1.1681f,-0.6108f,-0.8722f,-0.8737f,5.7476f,-0.7777f,-0.4852f,1.0281f,1.5189f,0f,0f,0f,1f],start_interpolation: 0,interpolation_duration: 1}
$data merge entity $(left_shoulder) {transformation: [-0.9336f,0.1968f,1.1133f,1.184f,-1.0873f,0.2396f,-0.9541f,5.8513f,-0.31f,-1.4331f,-0.0066f,-0.2906f,0f,0f,0f,1f],start_interpolation: 0,interpolation_duration: 1}
$data merge entity $(left_arm) {transformation: [-0.979f,0.0025f,0.2037f,0.6344f,0.0848f,0.9141f,0.3966f,6.1673f,-0.1852f,0.4055f,-0.8951f,-0.2852f,0f,0f,0f,1f],start_interpolation: 0,interpolation_duration: 1}
$data merge entity $(chest) {transformation: [-1.2517f,0.0031f,0.2605f,0.2037f,0.1084f,1.1687f,0.507f,4.5677f,-0.2368f,0.5185f,-1.1444f,-1.1305f,0f,0f,0f,1f],start_interpolation: 0,interpolation_duration: 1}
$data merge entity $(left_cheek) {transformation: [-0.9774f,-0.1569f,0.1414f,0.6766f,-0.1549f,0.9876f,0.0248f,3.6988f,-0.1435f,0.0023f,-0.9896f,-1.5372f,0f,0f,0f,1f],start_interpolation: 0,interpolation_duration: 1}
$data merge entity $(left_foot) {transformation: [-0.9613f,0.0185f,-0.3477f,0.9582f,-0.0355f,1.0104f,0.152f,-3.5126f,0.3463f,0.155f,-0.9493f,1.6873f,0f,0f,0f,1f],start_interpolation: 0,interpolation_duration: 1}
$data merge entity $(left_knee) {transformation: [-2.9672f,0.1143f,-0.6593f,1.1746f,0.2178f,2.9988f,-0.4603f,0.6127f,0.6327f,-0.4962f,-2.9335f,0.8623f,0f,0f,0f,1f],start_interpolation: 0,interpolation_duration: 1}
$data merge entity $(left_leg) {transformation: [-1.6782f,-0.1511f,-0.3348f,0.8726f,0.1292f,1.2231f,-1.1995f,2.6127f,0.3438f,-1.1969f,-1.1834f,-1.0062f,0f,0f,0f,1f],start_interpolation: 0,interpolation_duration: 1}
$data merge entity $(right_cheek) {transformation: [-0.9782f,0.1483f,0.1454f,-0.1284f,0.1548f,0.9874f,0.0342f,3.7004f,-0.1385f,0.056f,-0.9888f,-1.6338f,0f,0f,0f,1f],start_interpolation: 0,interpolation_duration: 1}
$data merge entity $(right_foot) {transformation: [-0.8353f,-0.0516f,0.5873f,-0.8336f,0.1015f,0.9906f,0.2314f,-3.533f,-0.5807f,0.2474f,-0.8042f,-2.9058f,0f,0f,0f,1f],start_interpolation: 0,interpolation_duration: 1}
$data merge entity $(right_knee) {transformation: [-2.6345f,-0.3722f,1.4741f,-1.364f,0.5409f,2.5267f,1.6048f,0.0452f,-1.4208f,1.6521f,-2.1223f,-0.747f,0f,0f,0f,1f],start_interpolation: 0,interpolation_duration: 1}
$data merge entity $(right_leg) {transformation: [-1.488f,0.5038f,0.6954f,-0.5155f,0.3055f,1.6108f,-0.5132f,2.6281f,-0.8025f,-0.3208f,-1.4847f,-1.1841f,0f,0f,0f,1f],start_interpolation: 0,interpolation_duration: 1}
$data merge entity $(weist) {transformation: [-1.6091f,0.01f,0.2067f,0.2037f,0.0179f,1.6211f,0.0608f,4.2743f,-0.2062f,0.0626f,-1.608f,-1.148f,0f,0f,0f,1f],start_interpolation: 0,interpolation_duration: 1}
data modify storage animated_java:temp entry.data merge value {"locators":{"consume":{"px":-0.3763365852,"py":5.7757226542,"pz":1.9444542826,"ry":210.1653943446,"rx":-38.6999643395}}}
# Data Manager: Prepare for Read / Write
execute store result storage animated_java:temp args.id int 1 run scoreboard players get @s aj.id
# Data Manager: Write
function animated_java:global/data_manager/write with storage animated_java:temp args