# This file was generated by Animated Java via MC-Build. It is not recommended to edit this file directly.
$data merge entity $(neck) {transformation: [-0.8545f,0.3262f,-0.4043f,-0.1732f,0.1072f,0.8723f,0.4771f,6.2169f,0.5083f,0.3644f,-0.7803f,-0.2242f,0f,0f,0f,1f],start_interpolation: 0,interpolation_duration: 1}
$data merge entity $(right_thumb_2) {transformation: [0.1167f,-0.7085f,-0.696f,-0.06f,0.8389f,0.4455f,-0.3128f,5.0412f,0.5317f,-0.5473f,0.6463f,2.1927f,0f,0f,0f,1f],start_interpolation: 0,interpolation_duration: 1}
$data merge entity $(right_thumb) {transformation: [0.1167f,-0.957f,0.2656f,-0.3543f,0.8389f,-0.0482f,-0.5422f,5.1578f,0.5317f,0.2861f,0.7972f,2.3524f,0f,0f,0f,1f],start_interpolation: 0,interpolation_duration: 1}
$data merge entity $(right_fingers2) {transformation: [-0.1341f,0.971f,-0.198f,0.2137f,-0.6204f,-0.2381f,-0.7473f,4.9274f,-0.7727f,0.0226f,0.6343f,2.3853f,0f,0f,0f,1f],start_interpolation: 0,interpolation_duration: 1}
$data merge entity $(right_fingers) {transformation: [0.9664f,-0.1641f,-0.198f,0.1928f,-0.0405f,0.6633f,-0.7473f,5.1098f,0.2539f,0.7302f,0.6343f,2.6052f,0f,0f,0f,1f],start_interpolation: 0,interpolation_duration: 1}
$data merge entity $(scout) {transformation: [0f,0f,0f,0.1419f,0f,0f,0f,4.918f,0f,0f,0f,2.5315f,0f,0f,0f,1f],start_interpolation: 0,interpolation_duration: 1}
$data merge entity $(right_hand) {transformation: [-0.0792f,-0.977f,-0.198f,-0.4157f,0.6572f,0.0981f,-0.7473f,5.1337f,0.7495f,-0.1893f,0.6343f,2.5132f,0f,0f,0f,1f],start_interpolation: 0,interpolation_duration: 1}
$data merge entity $(right_forearm) {transformation: [-0.308f,-1.1557f,-0.6831f,-2.1682f,1.2639f,-0.0135f,-0.5472f,5.041f,0.4525f,-0.7492f,1.0635f,1.4048f,0f,0f,0f,1f],start_interpolation: 0,interpolation_duration: 1}
$data merge entity $(right_shoulder) {transformation: [-0.6182f,0.7961f,-1.0649f,-1.0387f,1.1211f,0.9434f,0.0545f,5.9635f,0.7148f,-0.7912f,-1.0064f,0.3285f,0f,0f,0f,1f],start_interpolation: 0,interpolation_duration: 1}
$data merge entity $(right_arm) {transformation: [-0.8189f,0.2158f,-0.5319f,-0.5189f,0.0682f,0.9566f,0.2832f,6.2046f,0.5699f,0.1956f,-0.7981f,0.057f,0f,0f,0f,1f],start_interpolation: 0,interpolation_duration: 1}
$data merge entity $(left_thumb_2) {transformation: [-0.838f,-0.5415f,-0.0672f,3.5497f,-0.4951f,0.8063f,-0.3236f,3.9668f,0.2294f,-0.238f,-0.9438f,-1.3484f,0f,0f,0f,1f],start_interpolation: 0,interpolation_duration: 1}
$data merge entity $(left_thumb) {transformation: [-0.838f,-0.3289f,0.4354f,3.562f,-0.4951f,0.1229f,-0.8601f,4.0918f,0.2294f,-0.9363f,-0.2658f,-1.6799f,0f,0f,0f,1f],start_interpolation: 0,interpolation_duration: 1}
$data merge entity $(left_fingers2) {transformation: [0.9101f,0.4138f,-0.0222f,3.7739f,0.2054f,-0.4971f,-0.843f,3.7136f,-0.3598f,0.7627f,-0.5374f,-1.2452f,0f,0f,0f,1f],start_interpolation: 0,interpolation_duration: 1}
$data merge entity $(left_fingers) {transformation: [-0.6683f,0.7436f,-0.0222f,4.0044f,0.4123f,0.3454f,-0.843f,3.7942f,-0.6192f,-0.5725f,-0.5374f,-1.3948f,0f,0f,0f,1f],start_interpolation: 0,interpolation_duration: 1}
$data merge entity $(left_hand) {transformation: [-0.799f,-0.6009f,-0.0222f,3.6304f,-0.3082f,0.4408f,-0.843f,4.0262f,0.5164f,-0.6667f,-0.5374f,-1.8255f,0f,0f,0f,1f],start_interpolation: 0,interpolation_duration: 1}
$data merge entity $(left_forearm) {transformation: [-0.5056f,-1.1737f,-0.5136f,1.823f,-0.7294f,0.7177f,-0.922f,5.0431f,1.0533f,-0.0664f,-0.885f,-1.914f,0f,0f,0f,1f],start_interpolation: 0,interpolation_duration: 1}
$data merge entity $(left_shoulder) {transformation: [-0.4938f,-0.9403f,-1.0109f,0.6096f,-1.1901f,0.834f,-0.1945f,5.8263f,0.6997f,0.7551f,-1.0441f,-0.8188f,0f,0f,0f,1f],start_interpolation: 0,interpolation_duration: 1}
$data merge entity $(left_arm) {transformation: [-0.8189f,0.2158f,-0.5319f,0.2059f,0.0682f,0.9566f,0.2832f,6.1443f,0.5699f,0.1956f,-0.7981f,-0.4474f,0f,0f,0f,1f],start_interpolation: 0,interpolation_duration: 1}
$data merge entity $(chest) {transformation: [-1.0469f,0.2759f,-0.68f,-0.5646f,0.0871f,1.2231f,0.3621f,4.4565f,0.7287f,0.2501f,-1.0204f,-0.5762f,0f,0f,0f,1f],start_interpolation: 0,interpolation_duration: 1}
$data merge entity $(left_cheek) {transformation: [-0.6504f,0.066f,-0.7568f,-0.7932f,-0.1882f,0.9512f,0.2447f,3.6721f,0.736f,0.3015f,-0.6062f,-1.3841f,0f,0f,0f,1f],start_interpolation: 0,interpolation_duration: 1}
$data merge entity $(left_foot) {transformation: [-0.504f,0.0641f,-0.8872f,0.0552f,-0.2502f,0.9683f,0.2121f,-3.8166f,0.8536f,0.3216f,-0.4616f,-2.5593f,0f,0f,0f,1f],start_interpolation: 0,interpolation_duration: 1}
$data merge entity $(left_knee) {transformation: [-1.8255f,0.6105f,-2.3552f,0.8561f,-0.611f,2.7351f,1.1825f,0.0347f,2.3551f,1.1828f,-1.5188f,-1.0521f,0f,0f,0f,1f],start_interpolation: 0,interpolation_duration: 1}
$data merge entity $(left_leg) {transformation: [-1.0482f,-0.7301f,-1.1487f,-0.3235f,-0.3338f,1.5435f,-0.6765f,2.5134f,1.3195f,-0.1896f,-1.0836f,-1.2691f,0f,0f,0f,1f],start_interpolation: 0,interpolation_duration: 1}
$data merge entity $(right_cheek) {transformation: [-0.5986f,0.2635f,-0.7565f,-1.3429f,0.2039f,0.9634f,0.1742f,3.5934f,0.7746f,-0.05f,-0.6304f,-0.8328f,0f,0f,0f,1f],start_interpolation: 0,interpolation_duration: 1}
$data merge entity $(right_foot) {transformation: [-0.8628f,0.1282f,-0.5333f,-2.6649f,0.0836f,1.0132f,0.1082f,-4.001f,0.5421f,0.0477f,-0.8655f,1.1785f,0f,0f,0f,1f],start_interpolation: 0,interpolation_duration: 1}
$data merge entity $(right_knee) {transformation: [-2.3708f,0.9328f,-1.6617f,-1.51f,0.8407f,2.8923f,0.4241f,0.0435f,1.7101f,-0.1288f,-2.5122f,0.9466f,0f,0f,0f,1f],start_interpolation: 0,interpolation_duration: 1}
$data merge entity $(right_leg) {transformation: [-1.3106f,0.1069f,-1.1055f,-1.2518f,0.5433f,1.5531f,-0.4939f,2.5236f,0.9687f,-0.7265f,-1.2187f,-0.2218f,0f,0f,0f,1f],start_interpolation: 0,interpolation_duration: 1}
$data merge entity $(weist) {transformation: [-1.0761f,0.1125f,-1.2088f,-0.7607f,0.0118f,1.6162f,0.14f,4.1731f,1.214f,0.0841f,-1.0729f,-0.7377f,0f,0f,0f,1f],start_interpolation: 0,interpolation_duration: 1}
data modify storage animated_java:temp entry.data merge value {"locators":{"consume":{"px":0.3076784923,"py":4.8986421214,"pz":2.4996521824,"ry":197.3328935004,"rx":-48.3553886694}}}
# Data Manager: Prepare for Read / Write
execute store result storage animated_java:temp args.id int 1 run scoreboard players get @s aj.id
# Data Manager: Write
function animated_java:global/data_manager/write with storage animated_java:temp args