# This file was generated by Animated Java via MC-Build. It is not recommended to edit this file directly.
$data merge entity $(neck) {transformation: [-0.9029f,0.2646f,-0.3387f,-0.1549f,0.087f,0.8842f,0.4589f,6.2083f,0.4209f,0.3849f,-0.8214f,-0.2416f,0f,0f,0f,1f],start_interpolation: 0,interpolation_duration: 1}
$data merge entity $(right_thumb_2) {transformation: [0.0537f,-0.6525f,-0.7559f,-0.183f,0.8652f,0.4083f,-0.291f,5.0977f,0.4985f,-0.6384f,0.5865f,2.1836f,0f,0f,0f,1f],start_interpolation: 0,interpolation_duration: 1}
$data merge entity $(right_thumb) {transformation: [0.0537f,-0.9809f,0.1871f,-0.4932f,0.8652f,-0.0479f,-0.4991f,5.2176f,0.4985f,0.1887f,0.8461f,2.3063f,0f,0f,0f,1f],start_interpolation: 0,interpolation_duration: 1}
$data merge entity $(right_fingers2) {transformation: [-0.0482f,0.9657f,-0.2553f,0.0705f,-0.659f,-0.2228f,-0.7184f,4.9972f,-0.7506f,0.1336f,0.6471f,2.4086f,0f,0f,0f,1f],start_interpolation: 0,interpolation_duration: 1}
$data merge entity $(right_fingers) {transformation: [0.9355f,-0.2444f,-0.2553f,0.0254f,-0.0143f,0.6955f,-0.7184f,5.1897f,0.3531f,0.6757f,0.6471f,2.6158f,0f,0f,0f,1f],start_interpolation: 0,interpolation_duration: 1}
$data merge entity $(scout) {transformation: [0f,0f,0f,-0.0158f,0f,0f,0f,4.9939f,0f,0f,0f,2.5469f,0f,0f,0f,1f],start_interpolation: 0,interpolation_duration: 1}
$data merge entity $(right_hand) {transformation: [-0.162f,-0.9532f,-0.2553f,-0.5705f,0.6916f,0.0749f,-0.7184f,5.2005f,0.7039f,-0.2929f,0.6471f,2.461f,0f,0f,0f,1f],start_interpolation: 0,interpolation_duration: 1}
$data merge entity $(right_forearm) {transformation: [-0.3836f,-1.0998f,-0.7351f,-2.2377f,1.2634f,-0.0778f,-0.543f,5.0111f,0.3921f,-0.8255f,1.0305f,1.239f,0f,0f,0f,1f],start_interpolation: 0,interpolation_duration: 1}
$data merge entity $(right_shoulder) {transformation: [-0.7048f,0.811f,-0.9977f,-1.0747f,1.1162f,0.9506f,-0.0158f,5.9456f,0.6381f,-0.7671f,-1.0743f,0.2097f,0f,0f,0f,1f],start_interpolation: 0,interpolation_duration: 1}
$data merge entity $(right_arm) {transformation: [-0.8816f,0.1732f,-0.439f,-0.5311f,0.06f,0.9638f,0.2598f,6.1932f,0.4682f,0.2027f,-0.8601f,-0.0029f,0f,0f,0f,1f],start_interpolation: 0,interpolation_duration: 1}
$data merge entity $(left_thumb_2) {transformation: [-0.8559f,-0.4726f,0.2097f,3.6862f,-0.517f,0.7758f,-0.3618f,4.0661f,0.0083f,-0.4181f,-0.9084f,-0.2716f,0f,0f,0f,1f],start_interpolation: 0,interpolation_duration: 1}
$data merge entity $(left_thumb) {transformation: [-0.8559f,-0.0547f,0.5142f,3.7883f,-0.517f,0.0746f,-0.8527f,4.1787f,0.0083f,-0.9957f,-0.0921f,-0.5919f,0f,0f,0f,1f],start_interpolation: 0,interpolation_duration: 1}
$data merge entity $(left_fingers2) {transformation: [0.9692f,0.1944f,0.1514f,3.8785f,0.2255f,-0.4517f,-0.8632f,3.8256f,-0.0994f,0.8707f,-0.4816f,-0.0979f,0f,0f,0f,1f],start_interpolation: 0,interpolation_duration: 1}
$data merge entity $(left_fingers) {transformation: [-0.4769f,0.8658f,0.1514f,4.1398f,0.363f,0.3509f,-0.8632f,3.909f,-0.8005f,-0.3567f,-0.4816f,-0.1805f,0f,0f,0f,1f],start_interpolation: 0,interpolation_duration: 1}
$data merge entity $(left_hand) {transformation: [-0.9041f,-0.3996f,0.1514f,3.8965f,-0.3179f,0.3922f,-0.8632f,4.1102f,0.2855f,-0.8286f,-0.4816f,-0.7093f,0f,0f,0f,1f],start_interpolation: 0,interpolation_duration: 1}
$data merge entity $(left_forearm) {transformation: [-0.7303f,-1.1465f,-0.2224f,2.1315f,-0.6091f,0.5977f,-1.0812f,4.9456f,0.9964f,-0.4749f,-0.8239f,-1.413f,0f,0f,0f,1f],start_interpolation: 0,interpolation_duration: 1}
$data merge entity $(left_shoulder) {transformation: [-0.6662f,-1.0833f,-0.7297f,0.6999f,-1.1164f,0.8974f,-0.313f,5.8248f,0.6779f,0.4134f,-1.2327f,-0.7327f,0f,0f,0f,1f],start_interpolation: 0,interpolation_duration: 1}
$data merge entity $(left_arm) {transformation: [-0.8816f,0.1732f,-0.439f,0.2492f,0.06f,0.9638f,0.2598f,6.14f,0.4682f,0.2027f,-0.8601f,-0.4173f,0f,0f,0f,1f],start_interpolation: 0,interpolation_duration: 1}
$data merge entity $(chest) {transformation: [-1.1272f,0.2215f,-0.5613f,-0.469f,0.0767f,1.2323f,0.3321f,4.435f,0.5986f,0.2591f,-1.0997f,-0.6059f,0f,0f,0f,1f],start_interpolation: 0,interpolation_duration: 1}
$data merge entity $(left_cheek) {transformation: [-0.6738f,0.053f,-0.737f,-0.6635f,-0.1447f,0.9687f,0.2019f,3.6044f,0.7246f,0.2427f,-0.645f,-1.3848f,0f,0f,0f,1f],start_interpolation: 0,interpolation_duration: 1}
$data merge entity $(left_foot) {transformation: [-0.5382f,0.0575f,-0.8673f,0.0547f,-0.1763f,0.9917f,0.1752f,-3.9421f,0.8512f,0.2418f,-0.5121f,-1.9936f,0f,0f,0f,1f],start_interpolation: 0,interpolation_duration: 1}
$data merge entity $(left_knee) {transformation: [-1.9172f,0.651f,-2.2699f,0.9179f,-0.3958f,2.7939f,1.1356f,-0.0174f,2.328f,1.0112f,-1.6763f,-0.7295f,0f,0f,0f,1f],start_interpolation: 0,interpolation_duration: 1}
$data merge entity $(left_leg) {transformation: [-1.1033f,-0.6886f,-1.1224f,-0.1983f,-0.2125f,1.5383f,-0.7348f,2.4596f,1.2996f,-0.3331f,-1.0731f,-1.1776f,0f,0f,0f,1f],start_interpolation: 0,interpolation_duration: 1}
$data merge entity $(right_cheek) {transformation: [-0.7029f,0.223f,-0.6754f,-1.2404f,0.167f,0.9748f,0.148f,3.6013f,0.6914f,-0.0088f,-0.7225f,-0.81f,0f,0f,0f,1f],start_interpolation: 0,interpolation_duration: 1}
$data merge entity $(right_foot) {transformation: [-0.9301f,0.1102f,-0.4098f,-2.7037f,0.0657f,1.0128f,0.1232f,-4.0349f,0.4193f,0.0857f,-0.9285f,0.7103f,0f,0f,0f,1f],start_interpolation: 0,interpolation_duration: 1}
$data merge entity $(right_knee) {transformation: [-2.5914f,0.9232f,-1.2978f,-1.5534f,0.754f,2.8944f,0.5534f,0.0152f,1.4029f,0.1498f,-2.6947f,0.8477f,0f,0f,0f,1f],start_interpolation: 0,interpolation_duration: 1}
$data merge entity $(right_leg) {transformation: [-1.4365f,0.1669f,-0.9273f,-1.199f,0.4888f,1.5775f,-0.4732f,2.5361f,0.8056f,-0.6595f,-1.3666f,-0.2023f,0f,0f,0f,1f],start_interpolation: 0,interpolation_duration: 1}
$data merge entity $(weist) {transformation: [-1.1601f,0.1418f,-1.1252f,-0.636f,0.0886f,1.616f,0.1123f,4.1503f,1.1306f,0.0189f,-1.1633f,-0.7551f,0f,0f,0f,1f],start_interpolation: 0,interpolation_duration: 1}
data modify storage animated_java:temp entry.data merge value {"locators":{"consume":{"px":0.152488274,"py":4.9753722248,"pz":2.5332345795,"ry":201.5293792389,"rx":-45.9209215766}}}
# Data Manager: Prepare for Read / Write
execute store result storage animated_java:temp args.id int 1 run scoreboard players get @s aj.id
# Data Manager: Write
function animated_java:global/data_manager/write with storage animated_java:temp args