# This file was generated by Animated Java via MC-Build. It is not recommended to edit this file directly.
$data merge entity $(neck) {transformation: [-0.9373f,0.2142f,-0.2751f,-0.13f,0.0719f,0.8909f,0.4486f,6.1981f,0.3411f,0.4006f,-0.8504f,-0.2315f,0f,0f,0f,1f],start_interpolation: 0,interpolation_duration: 1}
$data merge entity $(right_thumb_2) {transformation: [-0.0041f,-0.5909f,-0.8067f,-0.2698f,0.8921f,0.3624f,-0.27f,5.1787f,0.4519f,-0.7208f,0.5256f,2.2036f,0f,0f,0f,1f],start_interpolation: 0,interpolation_duration: 1}
$data merge entity $(right_thumb) {transformation: [-0.0041f,-0.9941f,0.1084f,-0.5918f,0.8921f,-0.0526f,-0.4488f,5.3004f,0.4519f,0.0948f,0.887f,2.2886f,0f,0f,0f,1f],start_interpolation: 0,interpolation_duration: 1}
$data merge entity $(right_fingers2) {transformation: [0.0322f,0.9501f,-0.3102f,-0.0386f,-0.7f,-0.2001f,-0.6855f,5.0947f,-0.7134f,0.2392f,0.6586f,2.4574f,0f,0f,0f,1f],start_interpolation: 0,interpolation_duration: 1}
$data merge entity $(right_fingers) {transformation: [0.8965f,-0.3164f,-0.3102f,-0.1057f,0.0196f,0.7278f,-0.6855f,5.2976f,0.4427f,0.6085f,0.6586f,2.6481f,0f,0f,0f,1f],start_interpolation: 0,interpolation_duration: 1}
$data merge entity $(scout) {transformation: [0f,0f,0f,-0.138f,0f,0f,0f,5.0977f,0f,0f,0f,2.5867f,0f,0f,0f,1f],start_interpolation: 0,interpolation_duration: 1}
$data merge entity $(right_hand) {transformation: [-0.2371f,-0.9206f,-0.3102f,-0.6837f,0.7267f,0.0439f,-0.6855f,5.2906f,0.6448f,-0.3879f,0.6586f,2.4357f,0f,0f,0f,1f],start_interpolation: 0,interpolation_duration: 1}
$data merge entity $(right_forearm) {transformation: [-0.4538f,-1.0455f,-0.7734f,-2.2675f,1.2605f,-0.1521f,-0.534f,4.9897f,0.3199f,-0.8837f,1.0069f,1.1283f,0f,0f,0f,1f],start_interpolation: 0,interpolation_duration: 1}
$data merge entity $(right_shoulder) {transformation: [-0.7812f,0.8112f,-0.9389f,-1.0908f,1.1096f,0.9532f,-0.0997f,5.9315f,0.5552f,-0.7636f,-1.1218f,0.1214f,0f,0f,0f,1f],start_interpolation: 0,interpolation_duration: 1}
$data merge entity $(right_arm) {transformation: [-0.9273f,0.1422f,-0.3462f,-0.5296f,0.0565f,0.9676f,0.2461f,6.182f,0.37f,0.2086f,-0.9053f,-0.0344f,0f,0f,0f,1f],start_interpolation: 0,interpolation_duration: 1}
$data merge entity $(left_thumb_2) {transformation: [-0.786f,-0.3945f,0.476f,3.5622f,-0.5857f,0.7216f,-0.369f,4.312f,-0.1979f,-0.5689f,-0.7983f,0.7956f,0f,0f,0f,1f],start_interpolation: 0,interpolation_duration: 1}
$data merge entity $(left_thumb) {transformation: [-0.786f,0.215f,0.5797f,3.7397f,-0.5857f,0.0412f,-0.8095f,4.4236f,-0.1979f,-0.9758f,0.0935f,0.5097f,0f,0f,0f,1f],start_interpolation: 0,interpolation_duration: 1}
$data merge entity $(left_fingers2) {transformation: [0.9405f,-0.0196f,0.3392f,3.7163f,0.3021f,-0.4089f,-0.8611f,4.0934f,0.1556f,0.9124f,-0.3787f,1.0267f,0f,0f,0f,1f],start_interpolation: 0,interpolation_duration: 1}
$data merge entity $(left_fingers) {transformation: [-0.2641f,0.9029f,0.3392f,3.9835f,0.2991f,0.4111f,-0.8611f,4.1958f,-0.9169f,-0.126f,-0.3787f,1.0139f,0f,0f,0f,1f],start_interpolation: 0,interpolation_duration: 1}
$data merge entity $(left_hand) {transformation: [-0.9224f,-0.1844f,0.3392f,3.8806f,-0.3834f,0.3338f,-0.8611f,4.3609f,0.0456f,-0.9244f,-0.3787f,0.4296f,0f,0f,0f,1f],start_interpolation: 0,interpolation_duration: 1}
$data merge entity $(left_forearm) {transformation: [-0.9356f,-1.0097f,0.049f,2.323f,-0.4948f,0.3991f,-1.2219f,4.8969f,0.8815f,-0.8476f,-0.6338f,-0.8332f,0f,0f,0f,1f],start_interpolation: 0,interpolation_duration: 1}
$data merge entity $(left_shoulder) {transformation: [-0.8235f,-1.1435f,-0.4053f,0.7759f,-1.0511f,0.917f,-0.4518f,5.8177f,0.6058f,0.0368f,-1.3347f,-0.6233f,0f,0f,0f,1f],start_interpolation: 0,interpolation_duration: 1}
$data merge entity $(left_arm) {transformation: [-0.9273f,0.1422f,-0.3462f,0.2912f,0.0565f,0.9676f,0.2461f,6.1319f,0.37f,0.2086f,-0.9053f,-0.3619f,0f,0f,0f,1f],start_interpolation: 0,interpolation_duration: 1}
$data merge entity $(chest) {transformation: [-1.1856f,0.1819f,-0.4426f,-0.388f,0.0723f,1.2371f,0.3146f,4.418f,0.473f,0.2667f,-1.1575f,-0.6063f,0f,0f,0f,1f],start_interpolation: 0,interpolation_duration: 1}
$data merge entity $(left_cheek) {transformation: [-0.7648f,0.0026f,-0.6443f,-0.4664f,-0.1059f,0.9859f,0.1297f,3.5472f,0.6355f,0.1675f,-0.7537f,-1.3452f,0f,0f,0f,1f],start_interpolation: 0,interpolation_duration: 1}
$data merge entity $(left_foot) {transformation: [-0.6229f,0.0251f,-0.8103f,0.3667f,-0.1133f,1.0092f,0.1184f,-3.9948f,0.8028f,0.1619f,-0.612f,-1.2429f,0f,0f,0f,1f],start_interpolation: 0,interpolation_duration: 1}
$data merge entity $(left_knee) {transformation: [-2.1466f,0.5347f,-2.0876f,1.0829f,-0.2288f,2.8734f,0.9712f,0.0284f,2.1428f,0.8424f,-1.9876f,-0.2198f,0f,0f,0f,1f],start_interpolation: 0,interpolation_duration: 1}
$data merge entity $(left_leg) {transformation: [-1.2323f,-0.6669f,-0.994f,-0.0076f,-0.1201f,1.4883f,-0.8497f,2.4326f,1.1909f,-0.54f,-1.1142f,-1.0027f,0f,0f,0f,1f],start_interpolation: 0,interpolation_duration: 1}
$data merge entity $(right_cheek) {transformation: [-0.8155f,0.1821f,-0.5494f,-1.129f,0.1589f,0.9832f,0.09f,3.5844f,0.5566f,-0.0139f,-0.8307f,-0.8378f,0f,0f,0f,1f],start_interpolation: 0,interpolation_duration: 1}
$data merge entity $(right_foot) {transformation: [-0.9908f,0.0847f,-0.2374f,-2.6825f,0.066f,1.0165f,0.0872f,-4.0317f,0.2433f,0.0692f,-0.9906f,0.479f,0f,0f,0f,1f],start_interpolation: 0,interpolation_duration: 1}
$data merge entity $(right_knee) {transformation: [-2.8101f,0.8522f,-0.7933f,-1.6161f,0.7229f,2.9017f,0.5564f,0.0278f,0.9126f,0.3255f,-2.8833f,0.8377f,0f,0f,0f,1f],start_interpolation: 0,interpolation_duration: 1}
$data merge entity $(right_leg) {transformation: [-1.566f,0.2404f,-0.6642f,-1.1463f,0.4638f,1.5684f,-0.5258f,2.5366f,0.5328f,-0.6586f,-1.4946f,-0.1959f,0f,0f,0f,1f],start_interpolation: 0,interpolation_duration: 1}
$data merge entity $(weist) {transformation: [-1.32f,0.1117f,-0.9365f,-0.5312f,0.1205f,1.6177f,0.0231f,4.1322f,0.9354f,-0.0508f,-1.3246f,-0.7469f,0f,0f,0f,1f],start_interpolation: 0,interpolation_duration: 1}
data modify storage animated_java:temp entry.data merge value {"locators":{"consume":{"px":0.0310015012,"py":5.0810560872,"pz":2.5904753455,"ry":205.2201666015,"rx":-43.2786096711}}}
# Data Manager: Prepare for Read / Write
execute store result storage animated_java:temp args.id int 1 run scoreboard players get @s aj.id
# Data Manager: Write
function animated_java:global/data_manager/write with storage animated_java:temp args