# This file was generated by Animated Java via MC-Build. It is not recommended to edit this file directly.
$data merge entity $(neck) {transformation: [-0.9699f,0.1532f,-0.1893f,-0.0897f,0.0566f,0.8979f,0.4365f,6.1842f,0.2368f,0.4126f,-0.8796f,-0.2189f,0f,0f,0f,1f],start_interpolation: 0,interpolation_duration: 1}
$data merge entity $(right_thumb_2) {transformation: [-0.0818f,-0.5169f,-0.8522f,-0.3531f,0.9272f,0.2741f,-0.2552f,5.3576f,0.3655f,-0.811f,0.4568f,2.2277f,0f,0f,0f,1f],start_interpolation: 0,interpolation_duration: 1}
$data merge entity $(right_thumb) {transformation: [-0.0818f,-0.9964f,0.0215f,-0.6861f,0.9272f,-0.084f,-0.365f,5.4732f,0.3655f,-0.0099f,0.9308f,2.2656f,0f,0f,0f,1f],start_interpolation: 0,interpolation_duration: 1}
$data merge entity $(right_fingers2) {transformation: [0.1332f,0.9228f,-0.3614f,-0.1494f,-0.7577f,-0.1402f,-0.6373f,5.3054f,-0.6388f,0.3588f,0.6806f,2.5118f,0f,0f,0f,1f],start_interpolation: 0,interpolation_duration: 1}
$data merge entity $(right_fingers) {transformation: [0.8401f,-0.4046f,-0.3614f,-0.2436f,0.0941f,0.7648f,-0.6373f,5.5214f,0.5343f,0.5014f,0.6806f,2.6748f,0f,0f,0f,1f],start_interpolation: 0,interpolation_duration: 1}
$data merge entity $(scout) {transformation: [0f,0f,0f,-0.2628f,0f,0f,0f,5.3157f,0f,0f,0f,2.6287f,0f,0f,0f,1f],start_interpolation: 0,interpolation_duration: 1}
$data merge entity $(right_hand) {transformation: [-0.3298f,-0.8721f,-0.3614f,-0.7936f,0.7701f,-0.0271f,-0.6373f,5.4727f,0.546f,-0.4885f,0.6806f,2.4021f,0f,0f,0f,1f],start_interpolation: 0,interpolation_duration: 1}
$data merge entity $(right_forearm) {transformation: [-0.5465f,-0.9715f,-0.8091f,-2.2634f,1.2497f,-0.2816f,-0.506f,4.9782f,0.1915f,-0.9349f,0.9932f,1.0223f,0f,0f,0f,1f],start_interpolation: 0,interpolation_duration: 1}
$data merge entity $(right_shoulder) {transformation: [-0.878f,0.7976f,-0.8619f,-1.0863f,1.0967f,0.9416f,-0.2459f,5.9131f,0.4197f,-0.792f,-1.1604f,0.0095f,0f,0f,0f,1f],start_interpolation: 0,interpolation_duration: 1}
$data merge entity $(right_arm) {transformation: [-0.9681f,0.1063f,-0.227f,-0.5115f,0.0525f,0.9715f,0.2311f,6.1668f,0.2451f,0.2118f,-0.9461f,-0.0754f,0f,0f,0f,1f],start_interpolation: 0,interpolation_duration: 1}
$data merge entity $(left_thumb_2) {transformation: [-0.6234f,-0.3344f,0.7068f,3.2465f,-0.7077f,0.6258f,-0.3281f,4.7647f,-0.3326f,-0.7047f,-0.6267f,1.7714f,0f,0f,0f,1f],start_interpolation: 0,interpolation_duration: 1}
$data merge entity $(left_thumb) {transformation: [-0.6234f,0.4449f,0.643f,3.473f,-0.7077f,0.0288f,-0.706f,4.8888f,-0.3326f,-0.8951f,0.2969f,1.5286f,0f,0f,0f,1f],start_interpolation: 0,interpolation_duration: 1}
$data merge entity $(left_fingers2) {transformation: [0.8209f,-0.1914f,0.538f,3.3663f,0.4494f,-0.3647f,-0.8155f,4.5831f,0.3523f,0.9112f,-0.2134f,2.0501f,0f,0f,0f,1f],start_interpolation: 0,interpolation_duration: 1}
$data merge entity $(left_fingers) {transformation: [-0.0643f,0.8405f,0.538f,3.6115f,0.2127f,0.5383f,-0.8155f,4.7245f,-0.975f,0.062f,-0.2134f,2.0937f,0f,0f,0f,1f],start_interpolation: 0,interpolation_duration: 1}
$data merge entity $(left_hand) {transformation: [-0.8429f,0.0092f,0.538f,3.6368f,-0.5177f,0.2588f,-0.8155f,4.8448f,-0.1468f,-0.9659f,-0.2134f,1.4903f,0f,0f,0f,1f],start_interpolation: 0,interpolation_duration: 1}
$data merge entity $(left_forearm) {transformation: [-1.1011f,-0.7773f,0.2836f,2.4306f,-0.4147f,0.1098f,-1.3089f,4.9453f,0.7161f,-1.1317f,-0.3218f,-0.196f,0f,0f,0f,1f],start_interpolation: 0,interpolation_duration: 1}
$data merge entity $(left_shoulder) {transformation: [-0.9283f,-1.134f,-0.0469f,0.8624f,-1.0191f,0.8594f,-0.6105f,5.8074f,0.4997f,-0.3539f,-1.3323f,-0.4839f,0f,0f,0f,1f],start_interpolation: 0,interpolation_duration: 1}
$data merge entity $(left_arm) {transformation: [-0.9681f,0.1063f,-0.227f,0.3454f,0.0525f,0.9715f,0.2311f,6.1204f,0.2451f,0.2118f,-0.9461f,-0.2923f,0f,0f,0f,1f],start_interpolation: 0,interpolation_duration: 1}
$data merge entity $(chest) {transformation: [-1.2377f,0.1359f,-0.2902f,-0.2829f,0.0671f,1.2421f,0.2955f,4.397f,0.3134f,0.2708f,-1.2096f,-0.5991f,0f,0f,0f,1f],start_interpolation: 0,interpolation_duration: 1}
$data merge entity $(left_cheek) {transformation: [-0.8498f,-0.0586f,-0.5238f,-0.2323f,-0.1043f,0.9928f,0.0581f,3.5073f,0.5166f,0.104f,-0.8499f,-1.2841f,0f,0f,0f,1f],start_interpolation: 0,interpolation_duration: 1}
$data merge entity $(left_foot) {transformation: [-0.6979f,0.0286f,-0.7465f,0.7529f,-0.081f,1.0127f,0.1146f,-3.9723f,0.7427f,0.1373f,-0.6891f,-0.6279f,0f,0f,0f,1f],start_interpolation: 0,interpolation_duration: 1}
$data merge entity $(left_knee) {transformation: [-2.3459f,0.3968f,-1.8952f,1.2919f,-0.1541f,2.9295f,0.8041f,0.1195f,1.9301f,0.7162f,-2.2392f,0.2163f,0f,0f,0f,1f],start_interpolation: 0,interpolation_duration: 1}
$data merge entity $(left_leg) {transformation: [-1.3423f,-0.6479f,-0.8543f,0.2231f,-0.0798f,1.4254f,-0.9557f,2.4277f,1.0692f,-0.707f,-1.1438f,-0.8384f,0f,0f,0f,1f],start_interpolation: 0,interpolation_duration: 1}
$data merge entity $(right_cheek) {transformation: [-0.9019f,0.1533f,-0.4038f,-0.9456f,0.1497f,0.9879f,0.0405f,3.5464f,0.4051f,-0.0239f,-0.914f,-0.8788f,0f,0f,0f,1f],start_interpolation: 0,interpolation_duration: 1}
$data merge entity $(right_foot) {transformation: [-1.0182f,0.076f,-0.0529f,-2.6039f,0.0728f,1.0179f,0.0622f,-4.0498f,0.0573f,0.0582f,-1.0191f,0.1364f,0f,0f,0f,1f],start_interpolation: 0,interpolation_duration: 1}
$data merge entity $(right_knee) {transformation: [-2.933f,0.7659f,-0.251f,-1.6383f,0.7044f,2.8962f,0.6065f,0.0037f,0.3917f,0.5267f,-2.9701f,0.7551f,0f,0f,0f,1f],start_interpolation: 0,interpolation_duration: 1}
$data merge entity $(right_leg) {transformation: [-1.6423f,0.3306f,-0.3806f,-1.0292f,0.4438f,1.5635f,-0.5567f,2.5063f,0.2393f,-0.6305f,-1.5801f,-0.2186f,0f,0f,0f,1f],start_interpolation: 0,interpolation_duration: 1}
$data merge entity $(weist) {transformation: [-1.4517f,0.0564f,-0.7221f,-0.398f,0.0912f,1.6188f,-0.0568f,4.11f,0.7185f,-0.0914f,-1.4517f,-0.7267f,0f,0f,0f,1f],start_interpolation: 0,interpolation_duration: 1}
data modify storage animated_java:temp entry.data merge value {"locators":{"consume":{"px":-0.0948514723,"py":5.3062611206,"pz":2.6524001917,"ry":207.9691254926,"rx":-39.5936995429}}}
# Data Manager: Prepare for Read / Write
execute store result storage animated_java:temp args.id int 1 run scoreboard players get @s aj.id
# Data Manager: Write
function animated_java:global/data_manager/write with storage animated_java:temp args