# This file was generated by Animated Java via MC-Build. It is not recommended to edit this file directly.
$data merge entity $(neck) {transformation: [-0.9922f,0.0874f,-0.0892f,-0.0372f,0.0417f,0.9049f,0.4237f,6.1678f,0.1178f,0.4166f,-0.9014f,-0.2108f,0f,0f,0f,1f],start_interpolation: 0,interpolation_duration: 1}
$data merge entity $(right_thumb_2) {transformation: [-0.1556f,-0.42f,-0.8941f,-0.4548f,0.9587f,0.154f,-0.2392f,5.6215f,0.2381f,-0.8944f,0.3787f,2.2309f,0f,0f,0f,1f],start_interpolation: 0,interpolation_duration: 1}
$data merge entity $(right_thumb) {transformation: [-0.1556f,-0.9843f,-0.0833f,-0.7933f,0.9587f,-0.1301f,-0.2529f,5.7254f,0.2381f,-0.1192f,0.9639f,2.2142f,0f,0f,0f,1f],start_interpolation: 0,interpolation_duration: 1}
$data merge entity $(right_fingers2) {transformation: [0.2354f,0.8748f,-0.4234f,-0.2866f,-0.8199f,-0.0551f,-0.5698f,5.6122f,-0.5218f,0.4813f,0.7043f,2.5416f,0f,0f,0f,1f],start_interpolation: 0,interpolation_duration: 1}
$data merge entity $(right_fingers) {transformation: [0.7635f,-0.4876f,-0.4234f,-0.4071f,0.194f,0.7986f,-0.5698f,5.841f,0.6159f,0.3529f,0.7043f,2.6647f,0f,0f,0f,1f],start_interpolation: 0,interpolation_duration: 1}
$data merge entity $(scout) {transformation: [0f,0f,0f,-0.4139f,0f,0f,0f,5.6307f,0f,0f,0f,2.6419f,0f,0f,0f,1f],start_interpolation: 0,interpolation_duration: 1}
$data merge entity $(right_hand) {transformation: [-0.4192f,-0.8031f,-0.4234f,-0.917f,0.8124f,-0.1237f,-0.5698f,5.7358f,0.4053f,-0.5828f,0.7043f,2.3359f,0f,0f,0f,1f],start_interpolation: 0,interpolation_duration: 1}
$data merge entity $(right_forearm) {transformation: [-0.627f,-0.8782f,-0.856f,-2.2446f,1.2263f,-0.441f,-0.4459f,5.0044f,0.0102f,-0.9651f,0.9827f,0.9178f,0f,0f,0f,1f],start_interpolation: 0,interpolation_duration: 1}
$data merge entity $(right_shoulder) {transformation: [-0.9644f,0.7966f,-0.7649f,-1.0544f,1.0794f,0.8948f,-0.4291f,5.8916f,0.2337f,-0.8453f,-1.175f,-0.1221f,0f,0f,0f,1f],start_interpolation: 0,interpolation_duration: 1}
$data merge entity $(right_arm) {transformation: [-0.9934f,0.0691f,-0.0917f,-0.4749f,0.0479f,0.9752f,0.2161f,6.1489f,0.1044f,0.2102f,-0.9721f,-0.1283f,0f,0f,0f,1f],start_interpolation: 0,interpolation_duration: 1}
$data merge entity $(left_thumb_2) {transformation: [-0.4065f,-0.304f,0.8616f,2.8202f,-0.8424f,0.4898f,-0.2246f,5.3415f,-0.3538f,-0.8171f,-0.4552f,2.4888f,0f,0f,0f,1f],start_interpolation: 0,interpolation_duration: 1}
$data merge entity $(left_thumb) {transformation: [-0.4065f,0.5941f,0.6941f,3.0618f,-0.8424f,0.0504f,-0.5365f,5.4902f,-0.3538f,-0.8028f,0.48f,2.2762f,0f,0f,0f,1f],start_interpolation: 0,interpolation_duration: 1}
$data merge entity $(left_fingers2) {transformation: [0.641f,-0.2906f,0.7104f,2.9161f,0.6318f,-0.3258f,-0.7034f,5.2096f,0.4359f,0.8997f,-0.0253f,2.8024f,0f,0f,0f,1f],start_interpolation: 0,interpolation_duration: 1}
$data merge entity $(left_fingers) {transformation: [0.0844f,0.6987f,0.7104f,3.1181f,0.1208f,0.7005f,-0.7034f,5.4007f,-0.9891f,0.1452f,-0.0253f,2.8715f,0f,0f,0f,1f],start_interpolation: 0,interpolation_duration: 1}
$data merge entity $(left_hand) {transformation: [-0.6887f,0.145f,0.7104f,3.2351f,-0.6873f,0.1814f,-0.7034f,5.4775f,-0.2308f,-0.9727f,-0.0253f,2.2718f,0f,0f,0f,1f],start_interpolation: 0,interpolation_duration: 1}
$data merge entity $(left_forearm) {transformation: [-1.2042f,-0.4977f,0.4465f,2.4518f,-0.3943f,-0.2142f,-1.3022f,5.0911f,0.54f,-1.2663f,0.0448f,0.3888f,0f,0f,0f,1f],start_interpolation: 0,interpolation_duration: 1}
$data merge entity $(left_shoulder) {transformation: [-0.9601f,-1.0692f,0.2913f,0.9453f,-1.0361f,0.7293f,-0.7378f,5.7952f,0.3931f,-0.689f,-1.2331f,-0.3323f,0f,0f,0f,1f],start_interpolation: 0,interpolation_duration: 1}
$data merge entity $(left_arm) {transformation: [-0.9934f,0.0691f,-0.0917f,0.4043f,0.0479f,0.9752f,0.2161f,6.1065f,0.1044f,0.2102f,-0.9721f,-0.2207f,0f,0f,0f,1f],start_interpolation: 0,interpolation_duration: 1}
$data merge entity $(chest) {transformation: [-1.2701f,0.0884f,-0.1173f,-0.1633f,0.0612f,1.2468f,0.2762f,4.374f,0.1335f,0.2688f,-1.2428f,-0.5878f,0f,0f,0f,1f],start_interpolation: 0,interpolation_duration: 1}
$data merge entity $(left_cheek) {transformation: [-0.9332f,-0.1254f,-0.3368f,0.0397f,-0.1252f,0.9919f,-0.0224f,3.4752f,0.3369f,0.0212f,-0.9413f,-1.1799f,0f,0f,0f,1f],start_interpolation: 0,interpolation_duration: 1}
$data merge entity $(left_foot) {transformation: [-0.7942f,0.055f,-0.6415f,1.1274f,-0.0586f,1.0082f,0.159f,-3.8929f,0.6412f,0.1603f,-0.78f,0.1029f,0f,0f,0f,1f],start_interpolation: 0,interpolation_duration: 1}
$data merge entity $(left_knee) {transformation: [-2.5918f,0.2225f,-1.5765f,1.4452f,-0.1133f,2.9785f,0.6066f,0.2574f,1.5881f,0.5756f,-2.5296f,0.7505f,0f,0f,0f,1f],start_interpolation: 0,interpolation_duration: 1}
$data merge entity $(left_leg) {transformation: [-1.4767f,-0.5848f,-0.6547f,0.4661f,-0.0585f,1.3439f,-1.0686f,2.4393f,0.8759f,-0.8963f,-1.1751f,-0.6145f,0f,0f,0f,1f],start_interpolation: 0,interpolation_duration: 1}
$data merge entity $(right_cheek) {transformation: [-0.9703f,0.121f,-0.2093f,-0.7241f,0.1292f,0.9913f,-0.0262f,3.4933f,0.2044f,-0.0524f,-0.9775f,-0.9352f,0f,0f,0f,1f],start_interpolation: 0,interpolation_duration: 1}
$data merge entity $(right_foot) {transformation: [-1.0063f,0.059f,0.1704f,-2.3467f,0.0643f,1.02f,0.0266f,-4.0957f,-0.1684f,0.0369f,-1.0077f,-0.1928f,0f,0f,0f,1f],start_interpolation: 0,interpolation_duration: 1}
$data merge entity $(right_knee) {transformation: [-2.9616f,0.5691f,0.3968f,-1.6278f,0.6427f,2.9056f,0.6297f,-0.0301f,-0.2612f,0.697f,-2.9493f,0.6436f,0f,0f,0f,1f],start_interpolation: 0,interpolation_duration: 1}
$data merge entity $(right_leg) {transformation: [-1.6658f,0.4196f,-0.0177f,-0.8857f,0.3986f,1.5569f,-0.6071f,2.4654f,-0.1323f,-0.5928f,-1.607f,-0.2534f,0f,0f,0f,1f],start_interpolation: 0,interpolation_duration: 1}
$data merge entity $(weist) {transformation: [-1.5671f,-0.0086f,-0.4196f,-0.249f,0.0302f,1.6155f,-0.1461f,4.0854f,0.4186f,-0.149f,-1.5603f,-0.6986f,0f,0f,0f,1f],start_interpolation: 0,interpolation_duration: 1}
data modify storage animated_java:temp entry.data merge value {"locators":{"consume":{"px":-0.2500296259,"py":5.6318012978,"pz":2.6866007195,"ry":211.0095941472,"rx":-34.7363759563}}}
# Data Manager: Prepare for Read / Write
execute store result storage animated_java:temp args.id int 1 run scoreboard players get @s aj.id
# Data Manager: Write
function animated_java:global/data_manager/write with storage animated_java:temp args