# This file was generated by Animated Java via MC-Build. It is not recommended to edit this file directly.
$data merge entity $(neck) {transformation: [-0.993f,-0.0331f,0.1134f,0.0885f,0.0151f,0.9164f,0.4f,6.1332f,-0.1171f,0.3989f,-0.9095f,-0.2168f,0f,0f,0f,1f],start_interpolation: 0,interpolation_duration: 1}
$data merge entity $(right_thumb_2) {transformation: [-0.2149f,-0.1907f,-0.9578f,-0.6667f,0.974f,-0.1143f,-0.1957f,6.2508f,-0.0721f,-0.975f,0.2103f,2.0762f,0f,0f,0f,1f],start_interpolation: 0,interpolation_duration: 1}
$data merge entity $(right_thumb) {transformation: [-0.2149f,-0.9249f,-0.3137f,-0.9917f,0.974f,-0.2267f,0.0011f,6.3222f,-0.0721f,-0.3053f,0.9495f,1.9539f,0f,0f,0f,1f],start_interpolation: 0,interpolation_duration: 1}
$data merge entity $(right_fingers2) {transformation: [0.3605f,0.7318f,-0.5784f,-0.5791f,-0.9084f,0.1346f,-0.3958f,6.3345f,-0.2118f,0.6681f,0.7133f,2.4083f,0f,0f,0f,1f],start_interpolation: 0,interpolation_duration: 1}
$data merge entity $(right_fingers) {transformation: [0.5895f,-0.5638f,-0.5784f,-0.7274f,0.4015f,0.8259f,-0.3958f,6.5783f,0.7009f,0.0011f,0.7133f,2.4336f,0f,0f,0f,1f],start_interpolation: 0,interpolation_duration: 1}
$data merge entity $(scout) {transformation: [0f,0f,0f,-0.7271f,0f,0f,0f,6.3694f,0f,0f,0f,2.4673f,0f,0f,0f,1f],start_interpolation: 0,interpolation_duration: 1}
$data merge entity $(right_hand) {transformation: [-0.5103f,-0.6364f,-0.5784f,-1.1413f,0.8577f,-0.328f,-0.3958f,6.3551f,0.0622f,-0.6981f,0.7133f,2.036f,0f,0f,0f,1f],start_interpolation: 0,interpolation_duration: 1}
$data merge entity $(right_forearm) {transformation: [-0.6651f,-0.7001f,-0.9821f,-2.2037f,1.1368f,-0.7388f,-0.2432f,5.1864f,-0.4032f,-0.928f,0.9345f,0.6892f,0f,0f,0f,1f],start_interpolation: 0,interpolation_duration: 1}
$data merge entity $(right_shoulder) {transformation: [-1.0247f,0.8737f,-0.58f,-0.9133f,1.0311f,0.6915f,-0.7801f,5.8467f,-0.1913f,-0.9531f,-1.0977f,-0.3989f,0f,0f,0f,1f],start_interpolation: 0,interpolation_duration: 1}
$data merge entity $(right_arm) {transformation: [-0.9848f,0.0047f,0.1738f,-0.3551f,0.0382f,0.981f,0.1901f,6.1109f,-0.1696f,0.1938f,-0.9663f,-0.2553f,0f,0f,0f,1f],start_interpolation: 0,interpolation_duration: 1}
$data merge entity $(left_thumb_2) {transformation: [0.0141f,-0.1619f,0.9867f,1.5479f,-0.9976f,0.0647f,0.0248f,6.6635f,-0.0679f,-0.9847f,-0.1606f,3.1593f,0f,0f,0f,1f],start_interpolation: 0,interpolation_duration: 1}
$data merge entity $(left_thumb) {transformation: [0.0141f,0.7736f,0.6335f,1.7858f,-0.9976f,0.0538f,-0.0436f,6.8294f,-0.0679f,-0.6314f,0.7725f,2.9554f,0f,0f,0f,1f],start_interpolation: 0,interpolation_duration: 1}
$data merge entity $(left_fingers2) {transformation: [0.235f,-0.4474f,0.8629f,1.574f,0.9343f,-0.1409f,-0.3275f,6.6788f,0.2681f,0.8832f,0.3849f,3.5115f,0f,0f,0f,1f],start_interpolation: 0,interpolation_duration: 1}
$data merge entity $(left_fingers) {transformation: [0.356f,0.3586f,0.8629f,1.6725f,-0.1466f,0.9334f,-0.3275f,6.9466f,-0.9229f,-0.0099f,0.3849f,3.5376f,0f,0f,0f,1f],start_interpolation: 0,interpolation_duration: 1}
$data merge entity $(left_hand) {transformation: [-0.3262f,0.3859f,0.8629f,1.946f,-0.9427f,-0.0647f,-0.3275f,6.8877f,-0.0706f,-0.9203f,0.3849f,2.989f,0f,0f,0f,1f],start_interpolation: 0,interpolation_duration: 1}
$data merge entity $(left_forearm) {transformation: [-1.2866f,0.1693f,0.4616f,2.1642f,-0.4679f,-0.8185f,-1.0041f,5.599f,0.1509f,-1.0947f,0.8221f,1.3765f,0f,0f,0f,1f],start_interpolation: 0,interpolation_duration: 1}
$data merge entity $(left_shoulder) {transformation: [-0.8974f,-0.726f,0.9041f,1.0691f,-1.1327f,0.3041f,-0.88f,5.7697f,0.2482f,-1.237f,-0.747f,-0.0576f,0f,0f,0f,1f],start_interpolation: 0,interpolation_duration: 1}
$data merge entity $(left_arm) {transformation: [-0.9848f,0.0047f,0.1738f,0.5165f,0.0382f,0.981f,0.1901f,6.0771f,-0.1696f,0.1938f,-0.9663f,-0.1052f,0f,0f,0f,1f],start_interpolation: 0,interpolation_duration: 1}
$data merge entity $(chest) {transformation: [-1.2591f,0.006f,0.2222f,0.0782f,0.0489f,1.2543f,0.243f,4.3289f,-0.2168f,0.2478f,-1.2354f,-0.5638f,0f,0f,0f,1f],start_interpolation: 0,interpolation_duration: 1}
$data merge entity $(left_cheek) {transformation: [-0.9726f,-0.1934f,0.1287f,0.5276f,-0.2107f,0.9676f,-0.1389f,3.4521f,-0.0977f,-0.1622f,-0.9819f,-0.89f,0f,0f,0f,1f],start_interpolation: 0,interpolation_duration: 1}
$data merge entity $(left_foot) {transformation: [-0.9572f,0.098f,-0.3455f,1.347f,-0.0447f,0.9434f,0.3915f,-3.6666f,0.3563f,0.3816f,-0.879f,1.4309f,0f,0f,0f,1f],start_interpolation: 0,interpolation_duration: 1}
$data merge entity $(left_knee) {transformation: [-2.9627f,-0.0405f,-0.6877f,1.3478f,-0.1117f,3.0245f,0.3032f,0.535f,0.6798f,0.3206f,-2.9474f,1.7344f,0f,0f,0f,1f],start_interpolation: 0,interpolation_duration: 1}
$data merge entity $(left_leg) {transformation: [-1.6774f,-0.3026f,-0.215f,0.7995f,-0.0585f,1.1978f,-1.2301f,2.4876f,0.3666f,-1.1938f,-1.1798f,-0.1282f,0f,0f,0f,1f],start_interpolation: 0,interpolation_duration: 1}
$data merge entity $(right_cheek) {transformation: [-0.9622f,0.1126f,0.2478f,-0.1959f,0.0889f,0.9905f,-0.1049f,3.4081f,-0.2572f,-0.0789f,-0.9631f,-0.9865f,0f,0f,0f,1f],start_interpolation: 0,interpolation_duration: 1}
$data merge entity $(right_foot) {transformation: [-0.8108f,0.0476f,0.621f,-1.5965f,0.0651f,1.0203f,0.0067f,-4.1695f,-0.6194f,0.0448f,-0.8121f,-1.0604f,0f,0f,0f,1f],start_interpolation: 0,interpolation_duration: 1}
$data merge entity $(right_knee) {transformation: [-2.5219f,0.0165f,1.7005f,-1.5765f,0.5644f,2.8773f,0.8091f,-0.138f,-1.6042f,0.9864f,-2.3886f,0.161f,0f,0f,0f,1f],start_interpolation: 0,interpolation_duration: 1}
$data merge entity $(right_leg) {transformation: [-1.4248f,0.6007f,0.7487f,-0.5769f,0.3331f,1.5661f,-0.6227f,2.3754f,-0.9002f,-0.3713f,-1.4153f,-0.3548f,0f,0f,0f,1f],start_interpolation: 0,interpolation_duration: 1}
$data merge entity $(weist) {transformation: [-1.5957f,-0.0848f,0.2805f,0.0453f,-0.13f,1.5966f,-0.2567f,4.0374f,-0.2627f,-0.2749f,-1.5772f,-0.6355f,0f,0f,0f,1f],start_interpolation: 0,interpolation_duration: 1}
data modify storage animated_java:temp entry.data merge value {"locators":{"consume":{"px":-0.579037986,"py":6.3937676963,"pz":2.5469225327,"ry":219.0391230672,"rx":-23.3168856758}}}
# Data Manager: Prepare for Read / Write
execute store result storage animated_java:temp args.id int 1 run scoreboard players get @s aj.id
# Data Manager: Write
function animated_java:global/data_manager/write with storage animated_java:temp args