# This file was generated by Animated Java via MC-Build. It is not recommended to edit this file directly.
$data merge entity $(neck) {transformation: [-0.9779f,-0.0773f,0.1943f,0.1487f,0.0049f,0.9205f,0.3908f,6.1183f,-0.2091f,0.3831f,-0.8997f,-0.2278f,0f,0f,0f,1f],start_interpolation: 0,interpolation_duration: 1}
$data merge entity $(right_thumb_2) {transformation: [-0.1977f,-0.0947f,-0.9757f,-0.7288f,0.9587f,-0.2261f,-0.1723f,6.5205f,-0.2043f,-0.9695f,0.1355f,1.9366f,0f,0f,0f,1f],start_interpolation: 0,interpolation_duration: 1}
$data merge entity $(right_thumb) {transformation: [-0.1977f,-0.8923f,-0.4058f,-1.0394f,0.9587f,-0.2623f,0.1097f,6.5767f,-0.2043f,-0.3674f,0.9073f,1.7753f,0f,0f,0f,1f],start_interpolation: 0,interpolation_duration: 1}
$data merge entity $(right_fingers2) {transformation: [0.3712f,0.6635f,-0.6496f,-0.6736f,-0.926f,0.2122f,-0.3124f,6.6421f,-0.0694f,0.7174f,0.6931f,2.2639f,0f,0f,0f,1f],start_interpolation: 0,interpolation_duration: 1}
$data merge entity $(right_fingers) {transformation: [0.5212f,-0.5535f,-0.6496f,-0.8214f,0.4808f,0.8193f,-0.3124f,6.8868f,0.7051f,-0.1495f,0.6931f,2.2462f,0f,0f,0f,1f],start_interpolation: 0,interpolation_duration: 1}
$data merge entity $(scout) {transformation: [0f,0f,0f,-0.8264f,0f,0f,0f,6.6832f,0f,0f,0f,2.3036f,0f,0f,0f,1f],start_interpolation: 0,interpolation_duration: 1}
$data merge entity $(right_hand) {transformation: [-0.506f,-0.5675f,-0.6496f,-1.1961f,0.8581f,-0.4076f,-0.3124f,6.6184f,-0.0875f,-0.7155f,0.6931f,1.8379f,0f,0f,0f,1f],start_interpolation: 0,interpolation_duration: 1}
$data merge entity $(right_forearm) {transformation: [-0.6293f,-0.6476f,-1.0401f,-2.183f,1.0843f,-0.8388f,-0.1338f,5.3052f,-0.5705f,-0.8799f,0.893f,0.569f,0f,0f,0f,1f],start_interpolation: 0,interpolation_duration: 1}
$data merge entity $(right_shoulder) {transformation: [-1.0013f,0.9327f,-0.5266f,-0.8271f,1.0058f,0.5709f,-0.9013f,5.8275f,-0.3683f,-0.9768f,-1.0296f,-0.5145f,0f,0f,0f,1f],start_interpolation: 0,interpolation_duration: 1}
$data merge entity $(right_arm) {transformation: [-0.9606f,-0.0177f,0.2773f,-0.2881f,0.0341f,0.983f,0.1806f,6.0946f,-0.2757f,0.183f,-0.9437f,-0.314f,0f,0f,0f,1f],start_interpolation: 0,interpolation_duration: 1}
$data merge entity $(left_thumb_2) {transformation: [0.1139f,-0.0571f,0.9918f,0.938f,-0.9837f,-0.1461f,0.1046f,7.1667f,0.1389f,-0.9876f,-0.0728f,3.0815f,0f,0f,0f,1f],start_interpolation: 0,interpolation_duration: 1}
$data merge entity $(left_thumb) {transformation: [0.1139f,0.8304f,0.5453f,1.1806f,-0.9837f,0.0175f,0.1788f,7.3157f,0.1389f,-0.5568f,0.8189f,2.8702f,0f,0f,0f,1f],start_interpolation: 0,interpolation_duration: 1}
$data merge entity $(left_fingers2) {transformation: [0.1162f,-0.5275f,0.8416f,0.9233f,0.989f,-0.0167f,-0.147f,7.2528f,0.0916f,0.8494f,0.5197f,3.424f,0f,0f,0f,1f],start_interpolation: 0,interpolation_duration: 1}
$data merge entity $(left_fingers) {transformation: [0.4681f,0.2694f,0.8416f,0.9931f,-0.2815f,0.9482f,-0.147f,7.5299f,-0.8376f,-0.1681f,0.5197f,3.4035f,0f,0f,0f,1f],start_interpolation: 0,interpolation_duration: 1}
$data merge entity $(left_hand) {transformation: [-0.2276f,0.4898f,0.8416f,1.33f,-0.9692f,-0.1978f,-0.147f,7.3971f,0.0944f,-0.8491f,0.5197f,2.9055f,0f,0f,0f,1f],start_interpolation: 0,interpolation_duration: 1}
$data merge entity $(left_forearm) {transformation: [-1.2734f,0.4183f,0.3171f,1.9186f,-0.5248f,-0.9967f,-0.7926f,5.8454f,-0.0113f,-0.8537f,1.0809f,1.6588f,0f,0f,0f,1f],start_interpolation: 0,interpolation_duration: 1}
$data merge entity $(left_shoulder) {transformation: [-0.8518f,-0.4965f,1.0853f,1.1066f,-1.1726f,0.0998f,-0.8746f,5.7589f,0.2223f,-1.376f,-0.455f,0.0406f,0f,0f,0f,1f],start_interpolation: 0,interpolation_duration: 1}
$data merge entity $(left_arm) {transformation: [-0.9606f,-0.0177f,0.2773f,0.5621f,0.0341f,0.983f,0.1806f,6.0644f,-0.2757f,0.183f,-0.9437f,-0.0699f,0f,0f,0f,1f],start_interpolation: 0,interpolation_duration: 1}
$data merge entity $(chest) {transformation: [-1.2282f,-0.0226f,0.3545f,0.1785f,0.0435f,1.2568f,0.2309f,4.3105f,-0.3526f,0.2339f,-1.2065f,-0.555f,0f,0f,0f,1f],start_interpolation: 0,interpolation_duration: 1}
$data merge entity $(left_cheek) {transformation: [-0.9275f,-0.188f,0.3232f,0.6903f,-0.2501f,0.9545f,-0.1625f,3.4534f,-0.278f,-0.2315f,-0.9323f,-0.7556f,0f,0f,0f,1f],start_interpolation: 0,interpolation_duration: 1}
$data merge entity $(left_foot) {transformation: [-0.9976f,0.0732f,-0.2114f,1.2254f,-0.0452f,0.8803f,0.518f,-3.5936f,0.2191f,0.5148f,-0.8557f,1.8215f,0f,0f,0f,1f],start_interpolation: 0,interpolation_duration: 1}
$data merge entity $(left_knee) {transformation: [-3.0283f,-0.1004f,-0.2676f,1.1624f,-0.1216f,3.0299f,0.2391f,0.6131f,0.2587f,0.2488f,-3.0205f,2.0348f,0f,0f,0f,1f],start_interpolation: 0,interpolation_duration: 1}
$data merge entity $(left_leg) {transformation: [-1.7118f,-0.1396f,-0.0416f,0.8688f,-0.0636f,1.1585f,-1.267f,2.5036f,0.131f,-1.2609f,-1.1595f,0.0543f,0f,0f,0f,1f],start_interpolation: 0,interpolation_duration: 1}
$data merge entity $(right_cheek) {transformation: [-0.8938f,0.1216f,0.4317f,0.0335f,0.0797f,0.9903f,-0.114f,3.3864f,-0.4414f,-0.0675f,-0.8948f,-0.9745f,0f,0f,0f,1f],start_interpolation: 0,interpolation_duration: 1}
$data merge entity $(right_foot) {transformation: [-0.6671f,0.0393f,0.7737f,-1.1444f,0.0809f,1.019f,0.018f,-4.1743f,-0.7705f,0.073f,-0.6681f,-1.4702f,0f,0f,0f,1f],start_interpolation: 0,interpolation_duration: 1}
$data merge entity $(right_knee) {transformation: [-2.1516f,-0.2683f,2.1333f,-1.4903f,0.5733f,2.8371f,0.9351f,-0.193f,-2.0722f,1.0635f,-1.9562f,-0.1377f,0f,0f,0f,1f],start_interpolation: 0,interpolation_duration: 1}
$data merge entity $(right_leg) {transformation: [-1.2156f,0.6425f,1.0301f,-0.4407f,0.3296f,1.5776f,-0.595f,2.3381f,-1.1684f,-0.2234f,-1.2395f,-0.4107f,0f,0f,0f,1f],start_interpolation: 0,interpolation_duration: 1}
$data merge entity $(weist) {transformation: [-1.5181f,-0.0883f,0.5653f,0.1652f,-0.1918f,1.5887f,-0.267f,4.0179f,-0.5391f,-0.3167f,-1.497f,-0.6089f,0f,0f,0f,1f],start_interpolation: 0,interpolation_duration: 1}
data modify storage animated_java:temp entry.data merge value {"locators":{"consume":{"px":-0.686658431,"py":6.7168764994,"pz":2.3941461251,"ry":223.1419476234,"rx":-18.2023203669}}}
# Data Manager: Prepare for Read / Write
execute store result storage animated_java:temp args.id int 1 run scoreboard players get @s aj.id
# Data Manager: Write
function animated_java:global/data_manager/write with storage animated_java:temp args