# This file was generated by Animated Java via MC-Build. It is not recommended to edit this file directly.
$data merge entity $(neck) {transformation: [-0.9628f,-0.1061f,0.2484f,0.1948f,-0.0026f,0.9232f,0.3843f,6.1075f,-0.2701f,0.3694f,-0.8892f,-0.2397f,0f,0f,0f,1f],start_interpolation: 0,interpolation_duration: 1}
$data merge entity $(right_thumb_2) {transformation: [-0.1718f,-0.0321f,-0.9846f,-0.7473f,0.9406f,-0.3026f,-0.1543f,6.7037f,-0.2929f,-0.9526f,0.0822f,1.8128f,0f,0f,0f,1f],start_interpolation: 0,interpolation_duration: 1}
$data merge entity $(right_thumb) {transformation: [-0.1718f,-0.8687f,-0.4645f,-1.0457f,0.9406f,-0.2849f,0.1849f,6.7489f,-0.2929f,-0.4051f,0.8661f,1.6268f,0f,0f,0f,1f],start_interpolation: 0,interpolation_duration: 1}
$data merge entity $(right_fingers2) {transformation: [0.3637f,0.6164f,-0.6984f,-0.7128f,-0.931f,0.2646f,-0.2513f,6.8508f,0.0299f,0.7417f,0.6701f,2.1324f,0f,0f,0f,1f],start_interpolation: 0,interpolation_duration: 1}
$data merge entity $(right_fingers) {transformation: [0.4785f,-0.5322f,-0.6984f,-0.856f,0.5323f,0.8084f,-0.2513f,7.0943f,0.6984f,-0.2515f,0.6701f,2.0853f,0f,0f,0f,1f],start_interpolation: 0,interpolation_duration: 1}
$data merge entity $(scout) {transformation: [0f,0f,0f,-0.8674f,0f,0f,0f,6.8959f,0f,0f,0f,2.1582f,0f,0f,0f,1f],start_interpolation: 0,interpolation_duration: 1}
$data merge entity $(right_hand) {transformation: [-0.4885f,-0.5231f,-0.6984f,-1.2057f,0.8517f,-0.4598f,-0.2513f,6.7965f,-0.1897f,-0.7176f,0.6701f,1.6751f,0f,0f,0f,1f],start_interpolation: 0,interpolation_duration: 1}
$data merge entity $(right_forearm) {transformation: [-0.5895f,-0.6242f,-1.077f,-2.1604f,1.0433f,-0.8979f,-0.0507f,5.3991f,-0.6791f,-0.8375f,0.8571f,0.4733f,0f,0f,0f,1f],start_interpolation: 0,interpolation_duration: 1}
$data merge entity $(right_shoulder) {transformation: [-0.97f,0.9776f,-0.5033f,-0.7568f,0.9865f,0.4772f,-0.9741f,5.8135f,-0.4857f,-0.983f,-0.9734f,-0.596f,0f,0f,0f,1f],start_interpolation: 0,interpolation_duration: 1}
$data merge entity $(right_arm) {transformation: [-0.9375f,-0.0319f,0.3465f,-0.2344f,0.0309f,0.9842f,0.1742f,6.0827f,-0.3466f,0.174f,-0.9217f,-0.3579f,0f,0f,0f,1f],start_interpolation: 0,interpolation_duration: 1}
$data merge entity $(left_thumb_2) {transformation: [0.1393f,0.0229f,0.99f,0.5291f,-0.9455f,-0.2941f,0.1399f,7.4756f,0.2944f,-0.9555f,-0.0193f,2.9001f,0f,0f,0f,1f],start_interpolation: 0,interpolation_duration: 1}
$data merge entity $(left_thumb) {transformation: [0.1393f,0.8688f,0.4752f,0.7812f,-0.9455f,-0.0259f,0.3246f,7.6028f,0.2944f,-0.4945f,0.8178f,2.6858f,0f,0f,0f,1f],start_interpolation: 0,interpolation_duration: 1}
$data merge entity $(left_fingers2) {transformation: [0.0724f,-0.589f,0.8049f,0.4855f,0.996f,0.0848f,-0.0276f,7.6109f,-0.052f,0.8037f,0.5928f,3.2237f,0f,0f,0f,1f],start_interpolation: 0,interpolation_duration: 1}
$data merge entity $(left_fingers) {transformation: [0.5399f,0.2462f,0.8049f,0.5463f,-0.3804f,0.9244f,-0.0276f,7.8849f,-0.7509f,-0.2913f,0.5928f,3.1662f,0f,0f,0f,1f],start_interpolation: 0,interpolation_duration: 1}
$data merge entity $(left_hand) {transformation: [-0.1982f,0.5593f,0.8049f,0.9244f,-0.9541f,-0.2984f,-0.0276f,7.6956f,0.2247f,-0.7734f,0.5928f,2.7185f,0f,0f,0f,1f],start_interpolation: 0,interpolation_duration: 1}
$data merge entity $(left_forearm) {transformation: [-1.2501f,0.5546f,0.1634f,1.7137f,-0.5648f,-1.0879f,-0.6282f,6.0109f,-0.1239f,-0.6371f,1.2148f,1.7981f,0f,0f,0f,1f],start_interpolation: 0,interpolation_duration: 1}
$data merge entity $(left_shoulder) {transformation: [-0.8248f,-0.3111f,1.1716f,1.1304f,-1.1938f,-0.0381f,-0.8505f,5.7512f,0.2109f,-1.4323f,-0.2319f,0.1017f,0f,0f,0f,1f],start_interpolation: 0,interpolation_duration: 1}
$data merge entity $(left_arm) {transformation: [-0.9375f,-0.0319f,0.3465f,0.5954f,0.0309f,0.9842f,0.1742f,6.0553f,-0.3466f,0.174f,-0.9217f,-0.0511f,0f,0f,0f,1f],start_interpolation: 0,interpolation_duration: 1}
$data merge entity $(chest) {transformation: [-1.1986f,-0.0407f,0.443f,0.25f,0.0396f,1.2584f,0.2227f,4.2975f,-0.4432f,0.2225f,-1.1785f,-0.5506f,0f,0f,0f,1f],start_interpolation: 0,interpolation_duration: 1}
$data merge entity $(left_cheek) {transformation: [-0.8778f,-0.1721f,0.4471f,0.7895f,-0.2732f,0.9464f,-0.1721f,3.4545f,-0.3935f,-0.2732f,-0.8778f,-0.6639f,0f,0f,0f,1f],start_interpolation: 0,interpolation_duration: 1}
$data merge entity $(left_foot) {transformation: [-1.014f,0.0386f,-0.125f,1.0778f,-0.0432f,0.823f,0.605f,-3.5618f,0.1235f,0.6053f,-0.8146f,2.0133f,0f,0f,0f,1f],start_interpolation: 0,interpolation_duration: 1}
$data merge entity $(left_knee) {transformation: [-3.0393f,-0.1202f,0.0212f,0.9995f,-0.1184f,3.0316f,0.2186f,0.6462f,-0.0298f,0.2176f,-3.0338f,2.1912f,0f,0f,0f,1f],start_interpolation: 0,interpolation_duration: 1}
$data merge entity $(left_leg) {transformation: [-1.7166f,-0.0178f,0.0666f,0.8976f,-0.0616f,1.1406f,-1.2832f,2.5086f,-0.0309f,-1.2846f,-1.1403f,0.1653f,0f,0f,0f,1f],start_interpolation: 0,interpolation_duration: 1}
$data merge entity $(right_cheek) {transformation: [-0.8267f,0.1291f,0.5477f,0.191f,0.0782f,0.9902f,-0.1155f,3.375f,-0.5572f,-0.0526f,-0.8287f,-0.9562f,0f,0f,0f,1f],start_interpolation: 0,interpolation_duration: 1}
$data merge entity $(right_foot) {transformation: [-0.5529f,0.0291f,0.8595f,-0.7775f,0.099f,1.0171f,0.0292f,-4.1608f,-0.8542f,0.0991f,-0.5529f,-1.7447f,0f,0f,0f,1f],start_interpolation: 0,interpolation_duration: 1}
$data merge entity $(right_knee) {transformation: [-1.8476f,-0.4787f,2.3684f,-1.3962f,0.5985f,2.7979f,1.0324f,-0.2291f,-2.341f,1.0931f,-1.6053f,-0.3646f,0f,0f,0f,1f],start_interpolation: 0,interpolation_duration: 1}
$data merge entity $(right_leg) {transformation: [-1.0435f,0.6527f,1.1985f,-0.3423f,0.338f,1.5853f,-0.5691f,2.3133f,-1.3222f,-0.1098f,-1.0914f,-0.4536f,0f,0f,0f,1f],start_interpolation: 0,interpolation_duration: 1}
$data merge entity $(weist) {transformation: [-1.4373f,-0.0805f,0.7481f,0.25f,-0.2264f,1.5846f,-0.2645f,4.004f,-0.7175f,-0.3387f,-1.4151f,-0.5913f,0f,0f,0f,1f],start_interpolation: 0,interpolation_duration: 1}
data modify storage animated_java:temp entry.data merge value {"locators":{"consume":{"px":-0.7336363991,"py":6.9358771008,"pz":2.2550774156,"ry":226.1855352159,"rx":-14.557020339}}}
# Data Manager: Prepare for Read / Write
execute store result storage animated_java:temp args.id int 1 run scoreboard players get @s aj.id
# Data Manager: Write
function animated_java:global/data_manager/write with storage animated_java:temp args
execute unless entity @s[tag=aj.transforms_only] at @s run function animated_java:female/animations/strike_3/zzz/frames/28_root_function