# This file was generated by Animated Java via MC-Build. It is not recommended to edit this file directly.
$data merge entity $(neck) {transformation: [-0.9905f,-0.0257f,0.1351f,0.1466f,0.0573f,0.8157f,0.5756f,6.276f,-0.125f,0.5779f,-0.8065f,-0.3817f,0f,0f,0f,1f],start_interpolation: 0,interpolation_duration: 1}
$data merge entity $(right_thumb_2) {transformation: [-0.2873f,-0.3993f,-0.8707f,-0.8968f,0.8268f,0.3556f,-0.4358f,5.3684f,0.4836f,-0.8451f,0.2279f,1.3025f,0f,0f,0f,1f],start_interpolation: 0,interpolation_duration: 1}
$data merge entity $(right_thumb) {transformation: [-0.2873f,-0.9537f,-0.0896f,-1.245f,0.8268f,-0.1996f,-0.5259f,5.4342f,0.4836f,-0.2251f,0.8458f,1.2898f,0f,0f,0f,1f],start_interpolation: 0,interpolation_duration: 1}
$data merge entity $(right_fingers2) {transformation: [0.3602f,0.8542f,-0.3751f,-0.7417f,-0.6046f,-0.0925f,-0.7911f,5.2893f,-0.7104f,0.5117f,0.4831f,1.6101f,0f,0f,0f,1f],start_interpolation: 0,interpolation_duration: 1}
$data merge entity $(right_fingers) {transformation: [0.7063f,-0.6003f,-0.3751f,-0.8956f,0.0936f,0.6044f,-0.7911f,5.4584f,0.7017f,0.5237f,0.4831f,1.7827f,0f,0f,0f,1f],start_interpolation: 0,interpolation_duration: 1}
$data merge entity $(scout) {transformation: [0f,0f,0f,-0.8744f,0f,0f,0f,5.264f,0f,0f,0f,1.7016f,0f,0f,0f,1f],start_interpolation: 0,interpolation_duration: 1}
$data merge entity $(right_hand) {transformation: [-0.5365f,-0.756f,-0.3751f,-1.3738f,0.6103f,-0.0406f,-0.7911f,5.3954f,0.5828f,-0.6534f,0.4831f,1.3998f,0f,0f,0f,1f],start_interpolation: 0,interpolation_duration: 1}
$data merge entity $(right_forearm) {transformation: [-0.6601f,-0.5952f,-1.0522f,-2.2809f,1.2038f,-0.2142f,-0.634f,4.9997f,0.1103f,-1.2235f,0.6228f,-0.4247f,0f,0f,0f,1f],start_interpolation: 0,interpolation_duration: 1}
$data merge entity $(right_shoulder) {transformation: [-1.0461f,0.9939f,-0.2599f,-0.8499f,1.0168f,1.0548f,-0.0589f,6.0827f,0.147f,-0.2223f,-1.4418f,-0.6789f,0f,0f,0f,1f],start_interpolation: 0,interpolation_duration: 1}
$data merge entity $(right_arm) {transformation: [-0.9752f,0.0106f,0.2211f,-0.295f,0.1132f,0.8823f,0.4569f,6.2783f,-0.1902f,0.4706f,-0.8616f,-0.4426f,0f,0f,0f,1f],start_interpolation: 0,interpolation_duration: 1}
$data merge entity $(left_thumb_2) {transformation: [-0.1903f,0.9677f,0.1652f,-1.0164f,-0.9123f,-0.1121f,-0.3938f,6.9438f,-0.3626f,-0.2256f,0.9042f,1.3615f,0f,0f,0f,1f],start_interpolation: 0,interpolation_duration: 1}
$data merge entity $(left_thumb) {transformation: [-0.1903f,0.6269f,-0.7555f,-0.7759f,-0.9123f,-0.3971f,-0.0998f,6.9528f,-0.3626f,0.6703f,0.6475f,1.6218f,0f,0f,0f,1f],start_interpolation: 0,interpolation_duration: 1}
$data merge entity $(left_fingers2) {transformation: [-0.0186f,-0.8914f,-0.4528f,-1.3528f,0.8075f,0.2537f,-0.5325f,7.0305f,0.5896f,-0.3756f,0.7151f,1.427f,0f,0f,0f,1f],start_interpolation: 0,interpolation_duration: 1}
$data merge entity $(left_fingers) {transformation: [0.8557f,0.2503f,-0.4528f,-1.309f,-0.4848f,0.6939f,-0.5325f,7.238f,0.1809f,0.6752f,0.7151f,1.6196f,0f,0f,0f,1f],start_interpolation: 0,interpolation_duration: 1}
$data merge entity $(left_hand) {transformation: [-0.1748f,0.8743f,-0.4528f,-0.7929f,-0.7335f,-0.4224f,-0.5325f,6.9513f,-0.6569f,0.2391f,0.7151f,1.7948f,0f,0f,0f,1f],start_interpolation: 0,interpolation_duration: 1}
$data merge entity $(left_forearm) {transformation: [-0.6928f,1.0747f,-0.5121f,0.7781f,-0.6396f,-0.8357f,-0.8886f,5.6338f,-1.0041f,-0.2092f,0.9194f,1.4714f,0f,0f,0f,1f],start_interpolation: 0,interpolation_duration: 1}
$data merge entity $(left_shoulder) {transformation: [-0.8946f,0.4509f,1.0706f,1.1131f,-1.0269f,0.3248f,-0.9948f,5.8548f,-0.5431f,-1.3568f,0.1177f,-0.2961f,0f,0f,0f,1f],start_interpolation: 0,interpolation_duration: 1}
$data merge entity $(left_arm) {transformation: [-0.9752f,0.0106f,0.2211f,0.5681f,0.1132f,0.8823f,0.4569f,6.1781f,-0.1902f,0.4706f,-0.8616f,-0.2743f,0f,0f,0f,1f],start_interpolation: 0,interpolation_duration: 1}
$data merge entity $(chest) {transformation: [-1.2468f,0.0136f,0.2826f,0.125f,0.1447f,1.1281f,0.5841f,4.6506f,-0.2432f,0.6017f,-1.1016f,-1.2381f,0f,0f,0f,1f],start_interpolation: 0,interpolation_duration: 1}
$data merge entity $(left_cheek) {transformation: [-0.9972f,-0.0736f,0.0097f,0.5444f,-0.0719f,0.9899f,0.1223f,3.8005f,-0.0186f,0.1212f,-0.9925f,-1.7672f,0f,0f,0f,1f],start_interpolation: 0,interpolation_duration: 1}
$data merge entity $(left_foot) {transformation: [-0.933f,-0.0157f,-0.4177f,0.5452f,-0.0018f,1.0218f,-0.0345f,-3.5033f,0.418f,-0.0308f,-0.9325f,1.4329f,0f,0f,0f,1f],start_interpolation: 0,interpolation_duration: 1}
$data merge entity $(left_knee) {transformation: [-2.8946f,0.257f,-0.8984f,0.9472f,0.4356f,2.9583f,-0.5573f,0.5558f,0.8267f,-0.659f,-2.8521f,0.3804f,0f,0f,0f,1f],start_interpolation: 0,interpolation_duration: 1}
$data merge entity $(left_leg) {transformation: [-1.6375f,-0.1148f,-0.5068f,0.7101f,0.253f,1.2874f,-1.109f,2.6613f,0.4539f,-1.1317f,-1.2102f,-1.3784f,0f,0f,0f,1f],start_interpolation: 0,interpolation_duration: 1}
$data merge entity $(right_cheek) {transformation: [-0.982f,0.1858f,0.0337f,-0.3106f,0.1886f,0.9729f,0.1338f,3.8382f,-0.008f,0.1377f,-0.9904f,-1.7869f,0f,0f,0f,1f],start_interpolation: 0,interpolation_duration: 1}
$data merge entity $(right_foot) {transformation: [-0.8804f,-0.118f,0.5062f,-1.0303f,0.1469f,0.8986f,0.465f,-3.0183f,-0.4986f,0.4731f,-0.7568f,-3.6878f,0f,0f,0f,1f],start_interpolation: 0,interpolation_duration: 1}
$data merge entity $(right_knee) {transformation: [-2.7534f,-0.3363f,1.2483f,-1.5236f,0.6204f,2.2331f,1.9699f,0.1708f,-1.1342f,2.0378f,-1.9528f,-0.98f,0f,0f,0f,1f],start_interpolation: 0,interpolation_duration: 1}
$data merge entity $(right_leg) {transformation: [-1.5551f,0.4926f,0.539f,-0.6856f,0.3504f,1.616f,-0.4659f,2.7588f,-0.6406f,-0.3118f,-1.5633f,-1.4071f,0f,0f,0f,1f],start_interpolation: 0,interpolation_duration: 1}
$data merge entity $(weist) {transformation: [-1.6181f,0.1073f,0.0487f,0.125f,0.1131f,1.6029f,0.2236f,4.3571f,-0.0333f,0.2264f,-1.6061f,-1.2788f,0f,0f,0f,1f],start_interpolation: 0,interpolation_duration: 1}
data modify storage animated_java:temp entry.data merge value {"locators":{"consume":{"px":-0.7139748847,"py":5.27056952,"pz":1.7571575665,"ry":217.825844488,"rx":-52.291018441}}}
# Data Manager: Prepare for Read / Write
execute store result storage animated_java:temp args.id int 1 run scoreboard players get @s aj.id
# Data Manager: Write
function animated_java:global/data_manager/write with storage animated_java:temp args
execute unless entity @s[tag=aj.transforms_only] at @s run function animated_java:female/animations/strike_3/zzz/frames/3_root_function