# This file was generated by Animated Java via MC-Build. It is not recommended to edit this file directly.
$data merge entity $(neck) {transformation: [-0.9872f,0.076f,-0.1401f,0.1904f,-0.0189f,0.817f,0.5763f,6.2798f,0.1583f,0.5716f,-0.8051f,-0.2482f,0f,0f,0f,1f],start_interpolation: 0,interpolation_duration: 1}
$data merge entity $(right_thumb_2) {transformation: [-0.2694f,-0.3986f,-0.8767f,-0.9135f,0.7838f,0.4381f,-0.4401f,5.2142f,0.5595f,-0.8057f,0.1944f,1.6423f,0f,0f,0f,1f],start_interpolation: 0,interpolation_duration: 1}
$data merge entity $(right_thumb) {transformation: [-0.2694f,-0.9585f,-0.0931f,-1.2605f,0.7838f,-0.1621f,-0.5995f,5.2868f,0.5595f,-0.2345f,0.7949f,1.6386f,0f,0f,0f,1f],start_interpolation: 0,interpolation_duration: 1}
$data merge entity $(right_fingers2) {transformation: [0.3447f,0.8558f,-0.3857f,-0.7577f,-0.5431f,-0.1533f,-0.8256f,5.1047f,-0.7657f,0.494f,0.4119f,1.9401f,0f,0f,0f,1f],start_interpolation: 0,interpolation_duration: 1}
$data merge entity $(right_fingers) {transformation: [0.7126f,-0.5861f,-0.3857f,-0.9075f,0.0171f,0.564f,-0.8256f,5.2599f,0.7014f,0.5817f,0.4119f,2.1287f,0f,0f,0f,1f],start_interpolation: 0,interpolation_duration: 1}
$data merge entity $(scout) {transformation: [0f,0f,0f,-0.8902f,0f,0f,0f,5.0734f,0f,0f,0f,2.03f,0f,0f,0f,1f],start_interpolation: 0,interpolation_duration: 1}
$data merge entity $(right_hand) {transformation: [-0.5218f,-0.7609f,-0.3857f,-1.3893f,0.5634f,0.0322f,-0.8256f,5.2403f,0.6406f,-0.648f,0.4119f,1.7456f,0f,0f,0f,1f],start_interpolation: 0,interpolation_duration: 1}
$data merge entity $(right_forearm) {transformation: [-0.6254f,-0.5941f,-1.0738f,-2.2971f,1.2084f,-0.0882f,-0.655f,5.0334f,0.2138f,-1.2395f,0.5613f,-0.1095f,0f,0f,0f,1f],start_interpolation: 0,interpolation_duration: 1}
$data merge entity $(right_shoulder) {transformation: [-1.0147f,1.0129f,-0.3069f,-0.8477f,1.0283f,1.0442f,0.0463f,6.0978f,0.2506f,-0.1832f,-1.433f,-0.3373f,0f,0f,0f,1f],start_interpolation: 0,interpolation_duration: 1}
$data merge entity $(right_arm) {transformation: [-0.9912f,0.1157f,0.0637f,-0.2547f,0.1312f,0.9168f,0.3772f,6.2925f,-0.0148f,0.3822f,-0.924f,-0.2261f,0f,0f,0f,1f],start_interpolation: 0,interpolation_duration: 1}
$data merge entity $(left_thumb_2) {transformation: [-0.0829f,0.9802f,0.18f,-0.7843f,-0.9609f,-0.0307f,-0.2751f,6.5691f,-0.2641f,-0.1958f,0.9444f,1.3441f,0f,0f,0f,1f],start_interpolation: 0,interpolation_duration: 1}
$data merge entity $(left_thumb) {transformation: [-0.0829f,0.646f,-0.7588f,-0.5535f,-0.9609f,-0.2536f,-0.1109f,6.6316f,-0.2641f,0.72f,0.6418f,1.6058f,0f,0f,0f,1f],start_interpolation: 0,interpolation_duration: 1}
$data merge entity $(left_fingers2) {transformation: [-0.1201f,-0.9022f,-0.4144f,-1.1297f,0.859f,0.1148f,-0.4989f,6.6256f,0.4976f,-0.4159f,0.7612f,1.3941f,0f,0f,0f,1f],start_interpolation: 0,interpolation_duration: 1}
$data merge entity $(left_fingers) {transformation: [0.8965f,0.1567f,-0.4144f,-1.1133f,-0.3678f,0.7848f,-0.4989f,6.8559f,0.247f,0.5997f,0.7612f,1.5636f,0f,0f,0f,1f],start_interpolation: 0,interpolation_duration: 1}
$data merge entity $(left_hand) {transformation: [-0.078f,0.9068f,-0.4144f,-0.5751f,-0.8138f,-0.298f,-0.4989f,6.6468f,-0.5758f,0.2983f,0.7612f,1.7776f,0f,0f,0f,1f],start_interpolation: 0,interpolation_duration: 1}
$data merge entity $(left_forearm) {transformation: [-0.6025f,1.2108f,-0.261f,1.2137f,-0.9028f,-0.628f,-0.8293f,5.6332f,-0.848f,-0.1916f,1.0683f,1.4926f,0f,0f,0f,1f],start_interpolation: 0,interpolation_duration: 1}
$data merge entity $(left_shoulder) {transformation: [-0.7233f,0.0989f,1.2716f,1.1476f,-1.2262f,0.348f,-0.7246f,5.8336f,-0.3506f,-1.4209f,-0.0889f,-0.3076f,0f,0f,0f,1f],start_interpolation: 0,interpolation_duration: 1}
$data merge entity $(left_arm) {transformation: [-0.9912f,0.1157f,0.0637f,0.6227f,0.1312f,0.9168f,0.3772f,6.1764f,-0.0148f,0.3822f,-0.924f,-0.213f,0f,0f,0f,1f],start_interpolation: 0,interpolation_duration: 1}
$data merge entity $(chest) {transformation: [-1.2673f,0.1479f,0.0814f,-0.0227f,0.1678f,1.1722f,0.4822f,4.5918f,-0.0189f,0.4887f,-1.1813f,-0.9418f,0f,0f,0f,1f],start_interpolation: 0,interpolation_duration: 1}
$data merge entity $(left_cheek) {transformation: [-0.8879f,0.0983f,-0.4494f,0.2689f,0.0088f,0.9803f,0.1972f,3.7889f,0.46f,0.1711f,-0.8713f,-1.5478f,0f,0f,0f,1f],start_interpolation: 0,interpolation_duration: 1}
$data merge entity $(left_foot) {transformation: [-0.7289f,0.0052f,-0.7169f,0.3163f,0.0884f,1.0152f,-0.0825f,-3.7387f,0.7114f,-0.1208f,-0.7243f,0.786f,0f,0f,0f,1f],start_interpolation: 0,interpolation_duration: 1}
$data merge entity $(left_knee) {transformation: [-2.3531f,0.5427f,-1.8495f,1.0594f,0.6536f,2.9704f,0.0401f,0.3553f,1.8133f,-0.3664f,-2.4145f,0.128f,0f,0f,0f,1f],start_interpolation: 0,interpolation_duration: 1}
$data merge entity $(left_leg) {transformation: [-1.3351f,-0.3385f,-1.0268f,0.4916f,0.3775f,1.383f,-0.9468f,2.6143f,1.0131f,-0.9614f,-1.0004f,-1.3406f,0f,0f,0f,1f],start_interpolation: 0,interpolation_duration: 1}
$data merge entity $(right_cheek) {transformation: [-0.9302f,0.2322f,-0.2843f,-0.6442f,0.1894f,0.9671f,0.17f,3.7508f,0.3144f,0.1043f,-0.9435f,-1.3855f,0f,0f,0f,1f],start_interpolation: 0,interpolation_duration: 1}
$data merge entity $(right_foot) {transformation: [-0.9706f,-0.0593f,0.3156f,-1.9724f,0.2315f,0.5672f,0.8185f,-2.4588f,-0.2225f,0.8486f,-0.525f,-3.5f,0f,0f,0f,1f],start_interpolation: 0,interpolation_duration: 1}
$data merge entity $(right_knee) {transformation: [-2.9244f,0.263f,0.7943f,-1.6598f,0.7925f,1.7967f,2.3229f,0.1457f,-0.2683f,2.4402f,-1.7959f,-0.2039f,0f,0f,0f,1f],start_interpolation: 0,interpolation_duration: 1}
$data merge entity $(right_leg) {transformation: [-1.6517f,0.4722f,0.0177f,-0.8351f,0.4476f,1.584f,-0.4921f,2.679f,-0.1515f,-0.4685f,-1.6459f,-0.8999f,0f,0f,0f,1f],start_interpolation: 0,interpolation_duration: 1}
$data merge entity $(weist) {transformation: [-1.538f,0.1314f,-0.4994f,-0.0742f,0.0751f,1.6092f,0.1923f,4.2979f,0.5109f,0.1592f,-1.5315f,-1.0693f,0f,0f,0f,1f],start_interpolation: 0,interpolation_duration: 1}
data modify storage animated_java:temp entry.data merge value {"locators":{"consume":{"px":-0.7293548155,"py":5.0721442805,"pz":2.0845688624,"ry":223.1182374273,"rx":-55.6459149688}}}
# Data Manager: Prepare for Read / Write
execute store result storage animated_java:temp args.id int 1 run scoreboard players get @s aj.id
# Data Manager: Write
function animated_java:global/data_manager/write with storage animated_java:temp args
execute unless entity @s[tag=aj.transforms_only] at @s run function animated_java:female/animations/strike_3/zzz/frames/4_root_function