# This file was generated by Animated Java via MC-Build. It is not recommended to edit this file directly.
$data merge entity $(neck) {transformation: [-0.827f,0.2194f,-0.5176f,0.2053f,-0.101f,0.8478f,0.5207f,6.2431f,0.553f,0.4829f,-0.679f,-0.1818f,0f,0f,0f,1f],start_interpolation: 0,interpolation_duration: 1}
$data merge entity $(right_thumb_2) {transformation: [-0.2519f,-0.4415f,-0.8611f,-0.7487f,0.7681f,0.4501f,-0.4555f,5.115f,0.5887f,-0.7762f,0.2257f,2.1274f,0f,0f,0f,1f],start_interpolation: 0,interpolation_duration: 1}
$data merge entity $(right_thumb) {transformation: [-0.2519f,-0.9665f,-0.0482f,-1.0963f,0.7681f,-0.1694f,-0.6176f,5.183f,0.5887f,-0.1926f,0.785f,2.1417f,0f,0f,0f,1f],start_interpolation: 0,interpolation_duration: 1}
$data merge entity $(right_fingers2) {transformation: [0.3145f,0.88f,-0.3559f,-0.5777f,-0.522f,-0.1528f,-0.8391f,5.0011f,-0.7929f,0.4496f,0.4113f,2.4151f,0f,0f,0f,1f],start_interpolation: 0,interpolation_duration: 1}
$data merge entity $(right_fingers) {transformation: [0.7447f,-0.5645f,-0.3559f,-0.7202f,0.0112f,0.5438f,-0.8391f,5.1502f,0.6673f,0.6209f,0.4113f,2.6139f,0f,0f,0f,1f],start_interpolation: 0,interpolation_duration: 1}
$data merge entity $(scout) {transformation: [0f,0f,0f,-0.7054f,0f,0f,0f,4.9662f,0f,0f,0f,2.5104f,0f,0f,0f,1f],start_interpolation: 0,interpolation_duration: 1}
$data merge entity $(right_hand) {transformation: [-0.4975f,-0.7911f,-0.3559f,-1.2193f,0.5427f,0.0362f,-0.8391f,5.1326f,0.6767f,-0.6106f,0.4113f,2.2537f,0f,0f,0f,1f],start_interpolation: 0,interpolation_duration: 1}
$data merge entity $(right_forearm) {transformation: [-0.624f,-0.646f,-1.0443f,-2.2042f,1.1993f,-0.0689f,-0.6739f,4.9544f,0.2638f,-1.2145f,0.5937f,0.4352f,0f,0f,0f,1f],start_interpolation: 0,interpolation_duration: 1}
$data merge entity $(right_shoulder) {transformation: [-1.0036f,0.9669f,-0.4557f,-0.8083f,1.0123f,1.0605f,0.0206f,6.0426f,0.3432f,-0.3005f,-1.3935f,0.0445f,0f,0f,0f,1f],start_interpolation: 0,interpolation_duration: 1}
$data merge entity $(right_arm) {transformation: [-0.9647f,0.1662f,-0.2042f,-0.2179f,0.1211f,0.9688f,0.2163f,6.2568f,0.2338f,0.184f,-0.9547f,-0.0421f,0f,0f,0f,1f],start_interpolation: 0,interpolation_duration: 1}
$data merge entity $(left_thumb_2) {transformation: [0.2123f,0.8826f,0.4195f,-0.1339f,-0.9721f,0.2344f,-0.001f,6.0821f,-0.0992f,-0.4076f,0.9078f,1.4903f,0f,0f,0f,1f],start_interpolation: 0,interpolation_duration: 1}
$data merge entity $(left_thumb) {transformation: [0.2123f,0.8046f,-0.5546f,0.1012f,-0.9721f,0.1163f,-0.2035f,6.2665f,-0.0992f,0.5823f,0.8069f,1.681f,0f,0f,0f,1f],start_interpolation: 0,interpolation_duration: 1}
$data merge entity $(left_fingers2) {transformation: [-0.3253f,-0.942f,-0.0822f,-0.4639f,0.8637f,-0.2607f,-0.4313f,6.0378f,0.3848f,-0.2113f,0.8985f,1.6092f,0f,0f,0f,1f],start_interpolation: 0,interpolation_duration: 1}
$data merge entity $(left_fingers) {transformation: [0.9962f,-0.027f,-0.0822f,-0.5003f,-0.0111f,0.9022f,-0.4313f,6.292f,0.0858f,0.4306f,0.8985f,1.7361f,0f,0f,0f,1f],start_interpolation: 0,interpolation_duration: 1}
$data merge entity $(left_hand) {transformation: [0.1137f,0.9901f,-0.0822f,0.1048f,-0.8997f,0.0675f,-0.4313f,6.31f,-0.4214f,0.123f,0.8985f,1.8492f,0f,0f,0f,1f],start_interpolation: 0,interpolation_duration: 1}
$data merge entity $(left_forearm) {transformation: [-0.4047f,1.2737f,0.3333f,2.0182f,-1.2054f,-0.2183f,-0.6296f,5.9082f,-0.5294f,-0.4767f,1.1788f,1.1522f,0f,0f,0f,1f],start_interpolation: 0,interpolation_duration: 1}
$data merge entity $(left_shoulder) {transformation: [-0.2741f,-0.6462f,1.2873f,1.1336f,-1.4402f,0.1423f,-0.2352f,5.7989f,-0.0212f,-1.3084f,-0.6614f,-0.426f,0f,0f,0f,1f],start_interpolation: 0,interpolation_duration: 1}
$data merge entity $(left_arm) {transformation: [-0.9647f,0.1662f,-0.2042f,0.636f,0.1211f,0.9688f,0.2163f,6.1496f,0.2338f,0.184f,-0.9547f,-0.249f,0f,0f,0f,1f],start_interpolation: 0,interpolation_duration: 1}
$data merge entity $(chest) {transformation: [-1.2334f,0.2125f,-0.2611f,-0.0982f,0.1548f,1.2386f,0.2766f,4.4611f,0.2989f,0.2352f,-1.2207f,-0.5108f,0f,0f,0f,1f],start_interpolation: 0,interpolation_duration: 1}
$data merge entity $(left_cheek) {transformation: [-0.496f,0.176f,-0.8503f,-0.0746f,0.0011f,0.9794f,0.2021f,3.702f,0.8683f,0.0993f,-0.486f,-1.1597f,0f,0f,0f,1f],start_interpolation: 0,interpolation_duration: 1}
$data merge entity $(left_foot) {transformation: [-0.3789f,0.0414f,-0.9487f,-0.1338f,0.163f,1.0091f,-0.0211f,-3.8129f,0.9355f,-0.1591f,-0.3806f,0.494f,0f,0f,0f,1f],start_interpolation: 0,interpolation_duration: 1}
$data merge entity $(left_knee) {transformation: [-1.4043f,0.9638f,-2.5202f,1.1373f,0.7279f,2.8711f,0.6924f,0.1681f,2.5981f,-0.2834f,-1.5561f,-0.0365f,0f,0f,0f,1f],start_interpolation: 0,interpolation_duration: 1}
$data merge entity $(left_leg) {transformation: [-0.8023f,-0.5768f,-1.4053f,0.2211f,0.4203f,1.443f,-0.8322f,2.5217f,1.4598f,-0.7325f,-0.5328f,-1.1336f,0f,0f,0f,1f],start_interpolation: 0,interpolation_duration: 1}
$data merge entity $(right_cheek) {transformation: [-0.7373f,0.2479f,-0.6285f,-0.9217f,0.1739f,0.9685f,0.178f,3.5787f,0.6528f,0.022f,-0.7572f,-0.7107f,0f,0f,0f,1f],start_interpolation: 0,interpolation_duration: 1}
$data merge entity $(right_foot) {transformation: [-0.9614f,0.1397f,0.3183f,-2.982f,0.3247f,0.0263f,0.9691f,-1.8801f,0.1243f,1.0124f,-0.0691f,-2.4756f,0f,0f,0f,1f],start_interpolation: 0,interpolation_duration: 1}
$data merge entity $(right_knee) {transformation: [-2.7729f,1.152f,0.486f,-1.4474f,0.9928f,1.31f,2.5594f,0.0661f,0.76f,2.4918f,-1.5702f,0.9307f,0f,0f,0f,1f],start_interpolation: 0,interpolation_duration: 1}
$data merge entity $(right_leg) {transformation: [-1.5661f,0.3521f,-0.6121f,-0.8002f,0.5607f,1.5253f,-0.5572f,2.5027f,0.4293f,-0.7077f,-1.5054f,-0.1769f,0f,0f,0f,1f],start_interpolation: 0,interpolation_duration: 1}
$data merge entity $(weist) {transformation: [-1.1839f,0.0459f,-1.1083f,-0.3232f,-0.022f,1.6197f,0.0905f,4.1667f,1.109f,0.0811f,-1.1813f,-0.6583f,0f,0f,0f,1f],start_interpolation: 0,interpolation_duration: 1}
data modify storage animated_java:temp entry.data merge value {"locators":{"consume":{"px":-0.5420877819,"py":4.9658180387,"pz":2.5573208031,"ry":220.8641187211,"rx":-57.0500283033}}}
# Data Manager: Prepare for Read / Write
execute store result storage animated_java:temp args.id int 1 run scoreboard players get @s aj.id
# Data Manager: Write
function animated_java:global/data_manager/write with storage animated_java:temp args
execute unless entity @s[tag=aj.transforms_only] at @s run function animated_java:female/animations/strike_3/zzz/frames/5_root_function