# This file was generated by Animated Java via MC-Build. It is not recommended to edit this file directly.
$data merge entity $(neck) {transformation: [-0.2885f,0.4355f,-0.8527f,0.1366f,-0.1121f,0.8691f,0.4818f,6.173f,0.9509f,0.2346f,-0.2019f,-0.3252f,0f,0f,0f,1f],start_interpolation: 0,interpolation_duration: 1}
$data merge entity $(right_thumb_2) {transformation: [0.0579f,-0.6979f,-0.7138f,0.4463f,0.7509f,0.5017f,-0.4296f,4.9282f,0.6579f,-0.5111f,0.5531f,2.426f,0f,0f,0f,1f],start_interpolation: 0,interpolation_duration: 1}
$data merge entity $(right_thumb) {transformation: [0.0579f,-0.9671f,0.2475f,0.1402f,0.7509f,-0.1212f,-0.6493f,5.0097f,0.6579f,0.2235f,0.7192f,2.5853f,0f,0f,0f,1f],start_interpolation: 0,interpolation_duration: 1}
$data merge entity $(right_fingers2) {transformation: [-0.0721f,0.9773f,-0.1992f,0.7146f,-0.4988f,-0.2083f,-0.8413f,4.7948f,-0.8637f,0.0387f,0.5025f,2.6135f,0f,0f,0f,1f],start_interpolation: 0,interpolation_duration: 1}
$data merge entity $(right_fingers) {transformation: [0.9538f,-0.2251f,-0.1992f,0.6759f,-0.0487f,0.5383f,-0.8413f,4.9407f,0.2966f,0.8121f,0.5025f,2.857f,0f,0f,0f,1f],start_interpolation: 0,interpolation_duration: 1}
$data merge entity $(scout) {transformation: [0f,0f,0f,0.6362f,0f,0f,0f,4.7609f,0f,0f,0f,2.7525f,0f,0f,0f,1f],start_interpolation: 0,interpolation_duration: 1}
$data merge entity $(right_hand) {transformation: [-0.1411f,-0.9698f,-0.1992f,0.0722f,0.532f,0.0954f,-0.8413f,4.9594f,0.8349f,-0.2247f,0.5025f,2.7371f,0f,0f,0f,1f],start_interpolation: 0,interpolation_duration: 1}
$data merge entity $(right_forearm) {transformation: [-0.3916f,-1.0945f,-0.7388f,-1.5867f,1.2109f,0.0097f,-0.6562f,4.8998f,0.5267f,-0.8362f,0.9595f,1.4909f,0f,0f,0f,1f],start_interpolation: 0,interpolation_duration: 1}
$data merge entity $(right_shoulder) {transformation: [-0.6887f,0.7213f,-1.0748f,-0.5339f,1.0318f,1.0411f,0.0375f,5.9599f,0.7816f,-0.7387f,-0.9966f,0.4647f,0f,0f,0f,1f],start_interpolation: 0,interpolation_duration: 1}
$data merge entity $(right_arm) {transformation: [-0.6553f,0.1548f,-0.7393f,-0.1257f,0.1092f,0.9879f,0.1101f,6.1855f,0.7474f,-0.0086f,-0.6643f,0.0351f,0f,0f,0f,1f],start_interpolation: 0,interpolation_duration: 1}
$data merge entity $(left_thumb_2) {transformation: [0.3404f,0.3327f,0.8795f,1.2004f,-0.8937f,0.4052f,0.1926f,5.8877f,-0.2922f,-0.8515f,0.4353f,0.9517f,0f,0f,0f,1f],start_interpolation: 0,interpolation_duration: 1}
$data merge entity $(left_thumb) {transformation: [0.3404f,0.928f,0.1516f,1.4463f,-0.8937f,0.3694f,-0.2546f,6.1427f,-0.2922f,-0.0488f,0.9551f,0.9659f,0f,0f,0f,1f],start_interpolation: 0,interpolation_duration: 1}
$data merge entity $(left_fingers2) {transformation: [-0.2162f,-0.759f,0.6141f,1.0439f,0.7893f,-0.5061f,-0.3477f,5.7747f,0.5747f,0.4095f,0.7085f,1.2479f,0f,0f,0f,1f],start_interpolation: 0,interpolation_duration: 1}
$data merge entity $(left_fingers) {transformation: [0.7889f,0.022f,0.6141f,1.0324f,0.2454f,0.9049f,-0.3477f,6.0231f,-0.5634f,0.425f,0.7085f,1.3901f,0f,0f,0f,1f],start_interpolation: 0,interpolation_duration: 1}
$data merge entity $(left_hand) {transformation: [0.0468f,0.7878f,0.6141f,1.5437f,-0.8801f,0.3233f,-0.3477f,6.2019f,-0.4725f,-0.5242f,0.7085f,1.0971f,0f,0f,0f,1f],start_interpolation: 0,interpolation_duration: 1}
$data merge entity $(left_forearm) {transformation: [-0.3388f,0.6221f,1.1813f,2.5094f,-1.3154f,0.053f,-0.4051f,6.2123f,-0.2284f,-1.2277f,0.581f,-0.7403f,0f,0f,0f,1f],start_interpolation: 0,interpolation_duration: 1}
$data merge entity $(left_shoulder) {transformation: [0.1472f,-1.431f,0.2837f,0.7853f,-1.4588f,-0.1454f,0.0233f,5.7402f,0.0054f,-0.2846f,-1.4383f,-1.0398f,0f,0f,0f,1f],start_interpolation: 0,interpolation_duration: 1}
$data merge entity $(left_arm) {transformation: [-0.6553f,0.1548f,-0.7393f,0.4543f,0.1092f,0.9879f,0.1101f,6.0889f,0.7474f,-0.0086f,-0.6643f,-0.6264f,0f,0f,0f,1f],start_interpolation: 0,interpolation_duration: 1}
$data merge entity $(chest) {transformation: [-0.8378f,0.1979f,-0.9453f,-0.1409f,0.1396f,1.2631f,0.1408f,4.3568f,0.9556f,-0.0109f,-0.8493f,-0.3032f,0f,0f,0f,1f],start_interpolation: 0,interpolation_duration: 1}
$data merge entity $(left_cheek) {transformation: [-0.1259f,-0.0331f,-0.9915f,-0.8503f,-0.1978f,0.9802f,-0.0076f,3.4825f,0.9721f,0.1951f,-0.13f,-0.738f,0f,0f,0f,1f],start_interpolation: 0,interpolation_duration: 1}
$data merge entity $(left_foot) {transformation: [-0.1028f,0.2288f,-0.9911f,0.3075f,0.0843f,0.9947f,0.2209f,-3.9679f,1.0137f,-0.0595f,-0.1189f,-0.3354f,0f,0f,0f,1f],start_interpolation: 0,interpolation_duration: 1}
$data merge entity $(left_knee) {transformation: [-0.7168f,0.6857f,-2.8754f,1.1594f,0.211f,2.9631f,0.654f,0.1537f,2.9485f,-0.0453f,-0.7459f,-0.5133f,0f,0f,0f,1f],start_interpolation: 0,interpolation_duration: 1}
$data merge entity $(left_leg) {transformation: [-0.4168f,-0.9268f,-1.3852f,-0.302f,0.1276f,1.4059f,-0.979f,2.4401f,1.6617f,-0.3404f,-0.2723f,-0.9815f,0f,0f,0f,1f],start_interpolation: 0,interpolation_duration: 1}
$data merge entity $(right_cheek) {transformation: [-0.1754f,0.2122f,-0.9613f,-0.9626f,0.181f,0.9668f,0.1804f,3.4616f,0.9677f,-0.1424f,-0.208f,0.091f,0f,0f,0f,1f],start_interpolation: 0,interpolation_duration: 1}
$data merge entity $(right_foot) {transformation: [-0.6832f,0.6433f,0.4058f,-3.5641f,0.3659f,-0.2003f,0.9334f,-1.8453f,0.6668f,0.769f,-0.0963f,0.1601f,0f,0f,0f,1f],start_interpolation: 0,interpolation_duration: 1}
$data merge entity $(right_knee) {transformation: [-1.7119f,2.4661f,-0.4896f,-0.2201f,1.128f,1.2828f,2.5168f,0.0654f,2.247f,1.2349f,-1.6365f,1.8667f,0f,0f,0f,1f],start_interpolation: 0,interpolation_duration: 1}
$data merge entity $(right_leg) {transformation: [-0.9669f,-0.2155f,-1.4036f,-0.484f,0.6371f,1.4517f,-0.6618f,2.384f,1.2691f,-0.893f,-0.7371f,0.4049f,0f,0f,0f,1f],start_interpolation: 0,interpolation_duration: 1}
$data merge entity $(weist) {transformation: [-0.211f,0.0221f,-1.6084f,-0.4871f,-0.065f,1.6207f,0.0308f,4.0634f,1.6072f,0.0684f,-0.2099f,-0.2339f,0f,0f,0f,1f],start_interpolation: 0,interpolation_duration: 1}
data modify storage animated_java:temp entry.data merge value {"locators":{"consume":{"px":0.8039323842,"py":4.7518721147,"pz":2.727156005,"ry":201.6244603143,"rx":-57.2820422993}}}
# Data Manager: Prepare for Read / Write
execute store result storage animated_java:temp args.id int 1 run scoreboard players get @s aj.id
# Data Manager: Write
function animated_java:global/data_manager/write with storage animated_java:temp args
execute unless entity @s[tag=aj.transforms_only] at @s run function animated_java:female/animations/strike_3/zzz/frames/6_root_function