# This file was generated by Animated Java via MC-Build. It is not recommended to edit this file directly.
$data merge entity $(neck) {transformation: [0.5453f,0.454f,-0.7047f,-0.1028f,-0.0862f,0.8666f,0.4915f,6.1257f,0.8338f,-0.2073f,0.5116f,0.1996f,0f,0f,0f,1f],start_interpolation: 0,interpolation_duration: 1}
$data merge entity $(right_thumb_2) {transformation: [0.5703f,-0.8179f,-0.0764f,2.4026f,0.7813f,0.5688f,-0.2571f,4.879f,0.2537f,0.087f,0.9634f,1.9232f,0f,0f,0f,1f],start_interpolation: 0,interpolation_duration: 1}
$data merge entity $(right_thumb) {transformation: [0.5703f,-0.4751f,0.6701f,2.3249f,0.7813f,0.0617f,-0.6211f,5.0235f,0.2537f,0.8778f,0.4064f,2.2374f,0f,0f,0f,1f],start_interpolation: 0,interpolation_duration: 1}
$data merge entity $(right_fingers2) {transformation: [-0.7214f,0.6619f,0.2035f,2.7134f,-0.5479f,-0.3659f,-0.7523f,4.7181f,-0.4235f,-0.6542f,0.6266f,1.8732f,0f,0f,0f,1f],start_interpolation: 0,interpolation_duration: 1}
$data merge entity $(right_fingers) {transformation: [0.8482f,0.489f,0.2035f,2.8782f,-0.1842f,0.6326f,-0.7523f,4.8876f,-0.4966f,0.6006f,0.6266f,2.035f,0f,0f,0f,1f],start_interpolation: 0,interpolation_duration: 1}
$data merge entity $(scout) {transformation: [0f,0f,0f,2.7644f,0f,0f,0f,4.7093f,0f,0f,0f,2.0279f,0f,0f,0f,1f],start_interpolation: 0,interpolation_duration: 1}
$data merge entity $(right_hand) {transformation: [0.5611f,-0.8024f,0.2035f,2.3915f,0.6141f,0.2386f,-0.7523f,4.9979f,0.555f,0.5471f,0.6266f,2.3959f,0f,0f,0f,1f],start_interpolation: 0,interpolation_duration: 1}
$data merge entity $(right_forearm) {transformation: [0.1998f,-1.3473f,0.2051f,0.3617f,1.2966f,0.1241f,-0.4479f,5.1146f,0.4197f,0.258f,1.2862f,2.8138f,0f,0f,0f,1f],start_interpolation: 0,interpolation_duration: 1}
$data merge entity $(right_shoulder) {transformation: [0.2294f,-0.1655f,-1.4387f,0.16f,1.1838f,0.8605f,0.0898f,5.9222f,0.8342f,-1.1756f,0.2682f,1.2037f,0f,0f,0f,1f],start_interpolation: 0,interpolation_duration: 1}
$data merge entity $(right_arm) {transformation: [0.2357f,0.0789f,-0.9686f,0.0417f,0.1183f,0.987f,0.1092f,6.1423f,0.9646f,-0.1403f,0.2233f,0.621f,0f,0f,0f,1f],start_interpolation: 0,interpolation_duration: 1}
$data merge entity $(left_thumb_2) {transformation: [-0.1128f,-0.6773f,0.727f,1.5178f,-0.9053f,0.3716f,0.2058f,5.9209f,-0.4096f,-0.6349f,-0.6551f,-0.4859f,0f,0f,0f,1f],start_interpolation: 0,interpolation_duration: 1}
$data merge entity $(left_thumb) {transformation: [-0.1128f,0.2909f,0.9501f,1.6147f,-0.9053f,0.364f,-0.219f,6.1753f,-0.4096f,-0.8848f,0.2223f,-0.713f,0f,0f,0f,1f],start_interpolation: 0,interpolation_duration: 1}
$data merge entity $(left_fingers2) {transformation: [0.4246f,0.1112f,0.8985f,1.7371f,0.8111f,-0.4877f,-0.3229f,5.8197f,0.4023f,0.8659f,-0.2973f,-0.2278f,0f,0f,0f,1f],start_interpolation: 0,interpolation_duration: 1}
$data merge entity $(left_fingers) {transformation: [-0.2337f,0.3715f,0.8985f,1.8562f,0.2213f,0.9202f,-0.3229f,6.0733f,-0.9468f,0.1233f,-0.2973f,-0.1682f,0f,0f,0f,1f],start_interpolation: 0,interpolation_duration: 1}
$data merge entity $(left_hand) {transformation: [-0.3904f,-0.2005f,0.8985f,1.7708f,-0.8974f,0.3006f,-0.3229f,6.2392f,-0.2054f,-0.9324f,-0.2973f,-0.755f,0f,0f,0f,1f],start_interpolation: 0,interpolation_duration: 1}
$data merge entity $(left_forearm) {transformation: [-0.287f,-0.9174f,0.9865f,0.4132f,-1.3233f,0.0031f,-0.3822f,6.1748f,0.2524f,-1.0274f,-0.882f,-2.3238f,0f,0f,0f,1f],start_interpolation: 0,interpolation_duration: 1}
$data merge entity $(left_shoulder) {transformation: [0.0764f,-0.6441f,-1.315f,-0.3145f,-1.4573f,-0.1618f,-0.0054f,5.684f,-0.1428f,1.3072f,-0.6486f,-0.738f,0f,0f,0f,1f],start_interpolation: 0,interpolation_duration: 1}
$data merge entity $(left_arm) {transformation: [0.2357f,0.0789f,-0.9686f,-0.1669f,0.1183f,0.987f,0.1092f,6.0375f,0.9646f,-0.1403f,0.2233f,-0.2328f,0f,0f,0f,1f],start_interpolation: 0,interpolation_duration: 1}
$data merge entity $(chest) {transformation: [0.3014f,0.1009f,-1.2384f,-0.2386f,0.1513f,1.2619f,0.1396f,4.3112f,1.2333f,-0.1794f,0.2855f,0.4553f,0f,0f,0f,1f],start_interpolation: 0,interpolation_duration: 1}
$data merge entity $(left_cheek) {transformation: [0.9367f,0.1813f,-0.2996f,-0.7589f,-0.1628f,0.9829f,0.0858f,3.4496f,0.31f,-0.0316f,0.9502f,0.6673f,0f,0f,0f,1f],start_interpolation: 0,interpolation_duration: 1}
$data merge entity $(left_foot) {transformation: [0.9707f,-0.1982f,-0.2525f,0.6711f,0.1941f,1.0029f,-0.0408f,-4.2285f,0.2556f,-0.0092f,0.9899f,-1.1471f,0f,0f,0f,1f],start_interpolation: 0,interpolation_duration: 1}
$data merge entity $(left_knee) {transformation: [2.7955f,-0.5247f,-1.0779f,-0.1795f,0.4023f,2.9869f,-0.4106f,-0.1229f,1.1293f,0.2348f,2.8146f,-0.7393f,0f,0f,0f,1f],start_interpolation: 0,interpolation_duration: 1}
$data merge entity $(left_leg) {transformation: [1.5735f,-0.4742f,-0.5006f,-0.8589f,0.2376f,1.5438f,-0.7153f,2.3811f,0.6473f,0.5859f,1.4796f,0.1829f,0f,0f,0f,1f],start_interpolation: 0,interpolation_duration: 1}
$data merge entity $(right_cheek) {transformation: [0.6602f,-0.0069f,-0.751f,-0.4128f,0.2108f,0.9615f,0.1764f,3.4168f,0.7209f,-0.2748f,0.6363f,1.3513f,0f,0f,0f,1f],start_interpolation: 0,interpolation_duration: 1}
$data merge entity $(right_foot) {transformation: [0.1374f,1.0126f,0.033f,-1.3544f,0.3541f,-0.0792f,0.9558f,-2.2067f,0.9492f,-0.117f,-0.3614f,3.5781f,0f,0f,0f,1f],start_interpolation: 0,interpolation_duration: 1}
$data merge entity $(right_knee) {transformation: [0.8115f,2.2051f,-1.9316f,1.6419f,1.1628f,1.5977f,2.3125f,0.1325f,2.691f,-1.3554f,-0.4167f,1.7625f,0f,0f,0f,1f],start_interpolation: 0,interpolation_duration: 1}
$data merge entity $(right_leg) {transformation: [0.4583f,-0.961f,-1.3483f,0.1228f,0.6567f,1.3897f,-0.7673f,2.3541f,1.5199f,-0.3107f,0.7381f,1.1799f,0f,0f,0f,1f],start_interpolation: 0,interpolation_duration: 1}
$data merge entity $(weist) {transformation: [1.1381f,0.0401f,-1.1555f,-0.411f,-0.0314f,1.6218f,0.0255f,4.0196f,1.1558f,0.0045f,1.1385f,0.7684f,0f,0f,0f,1f],start_interpolation: 0,interpolation_duration: 1}
data modify storage animated_java:temp entry.data merge value {"locators":{"consume":{"px":2.8553513539,"py":4.6700761887,"pz":1.8898575815,"ry":162.0079384945,"rx":-48.7891124812}}}
# Data Manager: Prepare for Read / Write
execute store result storage animated_java:temp args.id int 1 run scoreboard players get @s aj.id
# Data Manager: Write
function animated_java:global/data_manager/write with storage animated_java:temp args
execute unless entity @s[tag=aj.transforms_only] at @s run function animated_java:female/animations/strike_3/zzz/frames/7_root_function