# This file was generated by Animated Java via MC-Build. It is not recommended to edit this file directly.
$data merge entity $(neck) {transformation: [0.998f,0.0614f,-0.0123f,-0.0027f,-0.047f,0.8644f,0.5006f,6.1099f,0.0414f,-0.4991f,0.8656f,0.5386f,0f,0f,0f,1f],start_interpolation: 0,interpolation_duration: 1}
$data merge entity $(right_thumb_2) {transformation: [0.3433f,-0.458f,0.82f,3.0117f,0.8229f,0.5675f,-0.0275f,5.0422f,-0.4527f,0.6842f,0.5717f,-0.8737f,0f,0f,0f,1f],start_interpolation: 0,interpolation_duration: 1}
$data merge entity $(right_thumb) {transformation: [0.3433f,0.4811f,0.8067f,3.206f,0.8229f,0.2599f,-0.5052f,5.255f,-0.4527f,0.8372f,-0.3067f,-0.6672f,0f,0f,0f,1f],start_interpolation: 0,interpolation_duration: 1}
$data merge entity $(right_fingers2) {transformation: [-0.6095f,-0.1373f,0.7808f,3.1604f,-0.6364f,-0.5026f,-0.5852f,4.8764f,0.4728f,-0.8535f,0.219f,-1.1482f,0f,0f,0f,1f],start_interpolation: 0,interpolation_duration: 1}
$data merge entity $(right_fingers) {transformation: [0.0523f,0.6226f,0.7808f,3.345f,-0.288f,0.758f,-0.5852f,5.08f,-0.9562f,-0.1942f,0.219f,-1.2289f,0f,0f,0f,1f],start_interpolation: 0,interpolation_duration: 1}
$data merge entity $(scout) {transformation: [0f,0f,0f,3.3176f,0f,0f,0f,4.904f,0f,0f,0f,-1.1146f,0f,0f,0f,1f],start_interpolation: 0,interpolation_duration: 1}
$data merge entity $(right_hand) {transformation: [0.6248f,0.0021f,0.7808f,3.3777f,0.7301f,0.353f,-0.5852f,5.2673f,-0.2768f,0.9356f,0.219f,-0.6432f,0f,0f,0f,1f],start_interpolation: 0,interpolation_duration: 1}
$data merge entity $(right_forearm) {transformation: [0.197f,-0.4869f,1.2733f,2.6826f,1.359f,0.1709f,-0.1449f,5.4629f,-0.1068f,1.277f,0.5049f,1.3028f,0f,0f,0f,1f],start_interpolation: 0,interpolation_duration: 1}
$data merge entity $(right_shoulder) {transformation: [0.5988f,-1.2816f,-0.3859f,1.0118f,1.3376f,0.5877f,0.1236f,5.9058f,0.0466f,-0.4025f,1.4091f,0.7573f,0f,0f,0f,1f],start_interpolation: 0,interpolation_duration: 1}
$data merge entity $(right_arm) {transformation: [0.969f,-0.0845f,-0.2324f,0.439f,0.1181f,0.9838f,0.1346f,6.1254f,0.2172f,-0.1579f,0.9633f,0.5972f,0f,0f,0f,1f],start_interpolation: 0,interpolation_duration: 1}
$data merge entity $(left_thumb_2) {transformation: [-0.3142f,-0.7894f,-0.5274f,-0.4817f,-0.9487f,0.2813f,0.1442f,5.9853f,0.0345f,0.5456f,-0.8373f,-1.2821f,0f,0f,0f,1f],start_interpolation: 0,interpolation_duration: 1}
$data merge entity $(left_thumb) {transformation: [-0.3142f,-0.8514f,0.42f,-0.715f,-0.9487f,0.2655f,-0.1716f,6.2138f,0.0345f,-0.4523f,-0.8912f,-1.4202f,0f,0f,0f,1f],start_interpolation: 0,interpolation_duration: 1}
$data merge entity $(left_fingers2) {transformation: [0.3765f,0.9226f,-0.0843f,-0.1771f,0.861f,-0.382f,-0.3358f,5.9193f,-0.342f,0.0539f,-0.9381f,-1.4489f,0f,0f,0f,1f],start_interpolation: 0,interpolation_duration: 1}
$data merge entity $(left_fingers) {transformation: [-0.9931f,0.0816f,-0.0843f,-0.1265f,0.1054f,0.936f,-0.3358f,6.1806f,0.0515f,-0.3424f,-0.9381f,-1.5548f,0f,0f,0f,1f],start_interpolation: 0,interpolation_duration: 1}
$data merge entity $(left_hand) {transformation: [-0.1679f,-0.9822f,-0.0843f,-0.7343f,-0.9233f,0.1866f,-0.3358f,6.2757f,0.3456f,0.0214f,-0.9381f,-1.5814f,0f,0f,0f,1f],start_interpolation: 0,interpolation_duration: 1}
$data merge entity $(left_forearm) {transformation: [0.3532f,-1.1694f,-0.6363f,-2.5039f,-1.2906f,-0.1391f,-0.4607f,5.9957f,0.3268f,0.7143f,-1.1314f,-0.5333f,0f,0f,0f,1f],start_interpolation: 0,interpolation_duration: 1}
$data merge entity $(left_shoulder) {transformation: [-0.0029f,1.2647f,-0.7419f,-0.9387f,-1.4654f,-0.0275f,-0.0411f,5.6682f,-0.0493f,0.7414f,1.264f,0.32f,0f,0f,0f,1f],start_interpolation: 0,interpolation_duration: 1}
$data merge entity $(left_arm) {transformation: [0.969f,-0.0845f,-0.2324f,-0.4187f,0.1181f,0.9838f,0.1346f,6.0209f,0.2172f,-0.1579f,0.9633f,0.4049f,0f,0f,0f,1f],start_interpolation: 0,interpolation_duration: 1}
$data merge entity $(chest) {transformation: [1.2388f,-0.108f,-0.2971f,0.1547f,0.1509f,1.2579f,0.1721f,4.301f,0.2777f,-0.2018f,1.2316f,0.8195f,0f,0f,0f,1f],start_interpolation: 0,interpolation_duration: 1}
$data merge entity $(left_cheek) {transformation: [0.7907f,-0.1617f,0.5904f,-0.1606f,0.0311f,0.9739f,0.225f,3.4576f,-0.6114f,-0.1596f,0.7751f,1.4517f,0f,0f,0f,1f],start_interpolation: 0,interpolation_duration: 1}
$data merge entity $(left_foot) {transformation: [0.6406f,-0.3856f,0.6973f,1.3521f,0.3487f,0.9401f,0.1996f,-4.176f,-0.7164f,0.1128f,0.7206f,-0.3222f,0f,0f,0f,1f],start_interpolation: 0,interpolation_duration: 1}
$data merge entity $(left_knee) {transformation: [2.202f,-0.9931f,1.8486f,-0.01f,0.9937f,2.8535f,0.3494f,-0.2409f,-1.8483f,0.351f,2.3902f,0.3144f,0f,0f,0f,1f],start_interpolation: 0,interpolation_duration: 1}
$data merge entity $(left_leg) {transformation: [1.2455f,-0.2317f,1.1604f,-0.3634f,0.5733f,1.5919f,-0.2975f,2.342f,-1.0351f,0.6029f,1.2314f,1.2011f,0f,0f,0f,1f],start_interpolation: 0,interpolation_duration: 1}
$data merge entity $(right_cheek) {transformation: [0.9501f,-0.2756f,0.1458f,0.8271f,0.25f,0.9528f,0.1723f,3.4269f,-0.1864f,-0.1272f,0.9742f,1.4275f,0f,0f,0f,1f],start_interpolation: 0,interpolation_duration: 1}
$data merge entity $(right_foot) {transformation: [0.9095f,0.2978f,-0.3598f,2.8055f,0.3293f,0.1497f,0.9562f,-2.6172f,0.3312f,-0.9665f,0.0373f,2.6544f,0f,0f,0f,1f],start_interpolation: 0,interpolation_duration: 1}
$data merge entity $(right_knee) {transformation: [2.7388f,-0.4112f,-1.2579f,2.2636f,1.1946f,2.0121f,1.9433f,0.2814f,0.5694f,-2.2438f,1.9732f,-0.3539f,0f,0f,0f,1f],start_interpolation: 0,interpolation_duration: 1}
$data merge entity $(right_leg) {transformation: [1.5468f,-0.7431f,0.0803f,1.0064f,0.6747f,1.3088f,-0.885f,2.376f,0.3216f,0.8284f,1.4703f,0.9167f,0f,0f,0f,1f],start_interpolation: 0,interpolation_duration: 1}
$data merge entity $(weist) {transformation: [1.588f,-0.0491f,0.3284f,0.2953f,0.0395f,1.621f,0.0517f,4.0121f,-0.3297f,-0.0426f,1.5879f,1.1306f,0f,0f,0f,1f],start_interpolation: 0,interpolation_duration: 1}
data modify storage animated_java:temp entry.data merge value {"locators":{"consume":{"px":3.2561305131,"py":4.8345493801,"pz":-1.25692537,"ry":105.6671803478,"rx":-35.8151621172}}}
# Data Manager: Prepare for Read / Write
execute store result storage animated_java:temp args.id int 1 run scoreboard players get @s aj.id
# Data Manager: Write
function animated_java:global/data_manager/write with storage animated_java:temp args
execute unless entity @s[tag=aj.transforms_only] at @s run function animated_java:female/animations/strike_3/zzz/frames/8_root_function