# This file was generated by Animated Java via MC-Build. It is not recommended to edit this file directly.
$data merge entity $(neck) {transformation: [0.6213f,-0.3782f,0.6862f,0.2859f,-0.0079f,0.8727f,0.4881f,6.0958f,-0.7835f,-0.3087f,0.5393f,0.4319f,0f,0f,0f,1f],start_interpolation: 0,interpolation_duration: 1}
$data merge entity $(right_thumb_2) {transformation: [-0.2927f,0.2432f,0.9248f,0.6692f,0.8379f,0.5312f,0.1255f,5.1827f,-0.4607f,0.8116f,-0.3592f,-3.1279f,0f,0f,0f,1f],start_interpolation: 0,interpolation_duration: 1}
$data merge entity $(right_thumb) {transformation: [-0.2927f,0.9225f,0.2518f,0.919f,0.8379f,0.3743f,-0.3973f,5.433f,-0.4607f,0.0947f,-0.8825f,-3.1534f,0f,0f,0f,1f],start_interpolation: 0,interpolation_duration: 1}
$data merge entity $(right_fingers2) {transformation: [0.1399f,-0.7169f,0.683f,0.5446f,-0.6917f,-0.5643f,-0.4507f,5.0255f,0.7085f,-0.4094f,-0.5748f,-3.419f,0f,0f,0f,1f],start_interpolation: 0,interpolation_duration: 1}
$data merge entity $(right_fingers) {transformation: [-0.7258f,0.0822f,0.683f,0.5525f,-0.3302f,0.8294f,-0.4507f,5.2492f,-0.6035f,-0.5526f,-0.5748f,-3.5977f,0f,0f,0f,1f],start_interpolation: 0,interpolation_duration: 1}
$data merge entity $(scout) {transformation: [0f,0f,0f,0.6548f,0f,0f,0f,5.0778f,0f,0f,0f,-3.5273f,0f,0f,0f,1f],start_interpolation: 0,interpolation_duration: 1}
$data merge entity $(right_hand) {transformation: [0.0186f,0.7302f,0.683f,1.0311f,0.7975f,0.4012f,-0.4507f,5.4717f,-0.6031f,0.553f,-0.5748f,-3.2804f,0f,0f,0f,1f],start_interpolation: 0,interpolation_duration: 1}
$data merge entity $(right_forearm) {transformation: [-0.1495f,0.7736f,1.1297f,2.2435f,1.3653f,0.1706f,0.0639f,5.6742f,-0.1041f,1.1267f,-0.7854f,-1.6078f,0f,0f,0f,1f],start_interpolation: 0,interpolation_duration: 1}
$data merge entity $(right_shoulder) {transformation: [0.1776f,-1.025f,1.0333f,0.9248f,1.4046f,0.3934f,0.1488f,5.8659f,-0.3813f,0.9719f,1.0295f,-0.3792f,0f,0f,0f,1f],start_interpolation: 0,interpolation_duration: 1}
$data merge entity $(right_arm) {transformation: [0.6159f,-0.1845f,0.7659f,0.5305f,0.0934f,0.9824f,0.1616f,6.0992f,-0.7823f,-0.028f,0.6223f,0.0591f,0f,0f,0f,1f],start_interpolation: 0,interpolation_duration: 1}
$data merge entity $(left_thumb_2) {transformation: [0.0017f,0.3738f,-0.9275f,-1.7584f,-0.9625f,0.2524f,0.0999f,5.9927f,0.2714f,0.8925f,0.3602f,0.4938f,0f,0f,0f,1f],start_interpolation: 0,interpolation_duration: 1}
$data merge entity $(left_thumb) {transformation: [0.0017f,-0.6163f,-0.7875f,-1.9458f,-0.9625f,0.2127f,-0.1686f,6.2062f,0.2714f,0.7582f,-0.5928f,0.7059f,0f,0f,0f,1f],start_interpolation: 0,interpolation_duration: 1}
$data merge entity $(left_fingers2) {transformation: [-0.2886f,0.2429f,-0.9261f,-1.8611f,0.8716f,-0.3337f,-0.3591f,5.9387f,-0.3963f,-0.9109f,-0.1154f,0.1599f,0f,0f,0f,1f],start_interpolation: 0,interpolation_duration: 1}
$data merge entity $(left_fingers) {transformation: [-0.1449f,-0.3483f,-0.9261f,-1.963f,0.0561f,0.9316f,-0.3591f,6.1999f,0.9879f,-0.104f,-0.1154f,0.1016f,0f,0f,0f,1f],start_interpolation: 0,interpolation_duration: 1}
$data merge entity $(left_hand) {transformation: [0.3343f,-0.1747f,-0.9261f,-2.1096f,-0.9232f,0.1371f,-0.3591f,6.2637f,0.1897f,0.975f,-0.1154f,0.6963f,0f,0f,0f,1f],start_interpolation: 0,interpolation_duration: 1}
$data merge entity $(left_forearm) {transformation: [0.4283f,0.4798f,-1.218f,-1.4136f,-1.2619f,-0.1896f,-0.5185f,5.9067f,-0.3483f,1.2771f,0.3806f,2.6189f,0f,0f,0f,1f],start_interpolation: 0,interpolation_duration: 1}
$data merge entity $(left_shoulder) {transformation: [0.0383f,0.9248f,1.1372f,-0.3149f,-1.4652f,0.0548f,0.0048f,5.678f,-0.0394f,-1.1365f,0.9256f,1.1956f,0f,0f,0f,1f],start_interpolation: 0,interpolation_duration: 1}
$data merge entity $(left_arm) {transformation: [0.6159f,-0.1845f,0.7659f,-0.0146f,0.0934f,0.9824f,0.1616f,6.0166f,-0.7823f,-0.028f,0.6223f,0.7515f,0f,0f,0f,1f],start_interpolation: 0,interpolation_duration: 1}
$data merge entity $(chest) {transformation: [0.7874f,-0.2359f,0.9793f,0.6177f,0.1194f,1.2561f,0.2066f,4.2892f,-1.0002f,-0.0358f,0.7956f,0.4774f,0f,0f,0f,1f],start_interpolation: 0,interpolation_duration: 1}
$data merge entity $(left_cheek) {transformation: [0.0755f,-0.2365f,0.9687f,1.101f,0.007f,0.9716f,0.2366f,3.4151f,-0.9971f,-0.0111f,0.075f,1.0946f,0f,0f,0f,1f],start_interpolation: 0,interpolation_duration: 1}
$data merge entity $(left_foot) {transformation: [-0.1784f,-0.1839f,0.9898f,1.32f,0.2792f,0.9567f,0.228f,-4.2995f,-0.9672f,0.3101f,-0.1167f,-0.908f,0f,0f,0f,1f],start_interpolation: 0,interpolation_duration: 1}
$data merge entity $(left_knee) {transformation: [-0.1286f,-0.6207f,2.975f,0.5864f,0.8529f,2.8506f,0.6316f,-0.3529f,-2.9169f,0.8609f,0.0535f,0.3694f,0f,0f,0f,1f],start_interpolation: 0,interpolation_duration: 1}
$data merge entity $(left_leg) {transformation: [-0.0662f,0.1196f,1.7125f,0.725f,0.4949f,1.6424f,-0.0955f,2.3016f,-1.6438f,0.4896f,-0.0978f,1.0883f,0f,0f,0f,1f],start_interpolation: 0,interpolation_duration: 1}
$data merge entity $(right_cheek) {transformation: [0.3405f,-0.27f,0.9006f,1.5048f,0.2746f,0.9447f,0.1793f,3.4623f,-0.8992f,0.1863f,0.3959f,0.2422f,0f,0f,0f,1f],start_interpolation: 0,interpolation_duration: 1}
$data merge entity $(right_foot) {transformation: [0.7173f,-0.7221f,0.0961f,3.0797f,0.2957f,0.412f,0.8877f,-2.9589f,-0.6657f,-0.5951f,0.498f,-1.6806f,0f,0f,0f,1f],start_interpolation: 0,interpolation_duration: 1}
$data merge entity $(right_knee) {transformation: [1.7852f,-1.8946f,1.5734f,0.5731f,1.2098f,2.3673f,1.478f,0.4127f,-2.1451f,-0.2416f,2.1429f,-1.9889f,0f,0f,0f,1f],start_interpolation: 0,interpolation_duration: 1}
$data merge entity $(right_leg) {transformation: [1.0083f,0.4671f,1.3102f,1.241f,0.6833f,1.2432f,-0.969f,2.4043f,-1.2116f,1.0898f,0.5439f,-0.2085f,0f,0f,0f,1f],start_interpolation: 0,interpolation_duration: 1}
$data merge entity $(weist) {transformation: [0.5982f,-0.1584f,1.4997f,0.9306f,0.119f,1.6133f,0.1229f,4.0034f,-1.5033f,0.0647f,0.6065f,0.5497f,0f,0f,0f,1f],start_interpolation: 0,interpolation_duration: 1}
data modify storage animated_java:temp entry.data merge value {"locators":{"consume":{"px":0.5122943054,"py":4.9921827706,"pz":-3.5624534328,"ry":49.9150014716,"rx":-26.7867358086}}}
# Data Manager: Prepare for Read / Write
execute store result storage animated_java:temp args.id int 1 run scoreboard players get @s aj.id
# Data Manager: Write
function animated_java:global/data_manager/write with storage animated_java:temp args
execute unless entity @s[tag=aj.transforms_only] at @s run function animated_java:female/animations/strike_3/zzz/frames/9_root_function