# This file was generated by Animated Java via MC-Build. It is not recommended to edit this file directly.
$data merge entity $(neck) {transformation: [-0.996f,0.0151f,0.0878f,0.0137f,0.0226f,0.9962f,0.0842f,5.9516f,-0.0862f,0.0858f,-0.9926f,0.0915f,0f,0f,0f,1f],start_interpolation: 0,interpolation_duration: 1}
$data merge entity $(right_thumb_2) {transformation: [-0.9918f,0.1251f,0.0245f,-1.7619f,0.1249f,0.9921f,-0.0094f,2.1177f,-0.0254f,-0.0062f,-0.9997f,-0.7084f,0f,0f,0f,1f],start_interpolation: 0,interpolation_duration: 1}
$data merge entity $(right_thumb) {transformation: [-0.9918f,0.1186f,-0.0466f,-1.8702f,0.1249f,0.8317f,-0.541f,2.4115f,-0.0254f,-0.5424f,-0.8397f,-0.8748f,0f,0f,0f,1f],start_interpolation: 0,interpolation_duration: 1}
$data merge entity $(right_fingers2) {transformation: [0.5405f,-0.8413f,0.0135f,-1.835f,-0.8368f,-0.5391f,-0.0958f,1.6587f,0.0879f,0.0405f,-0.9953f,-0.8829f,0f,0f,0f,1f],start_interpolation: 0,interpolation_duration: 1}
$data merge entity $(right_fingers) {transformation: [-0.7043f,-0.7097f,0.0135f,-2.057f,-0.7074f,0.7002f,-0.0958f,1.8376f,0.0586f,-0.077f,-0.9953f,-0.9105f,0f,0f,0f,1f],start_interpolation: 0,interpolation_duration: 1}
$data merge entity $(scout) {transformation: [0f,0f,0f,-1.8741f,0f,0f,0f,1.8495f,0f,0f,0f,-1.0163f,0f,0f,0f,1f],start_interpolation: 0,interpolation_duration: 1}
$data merge entity $(right_hand) {transformation: [-0.9918f,0.1267f,0.0135f,-1.9736f,0.1249f,0.9875f,-0.0958f,2.4393f,-0.0254f,-0.0933f,-0.9953f,-1.0117f,0f,0f,0f,1f],start_interpolation: 0,interpolation_duration: 1}
$data merge entity $(right_forearm) {transformation: [-0.9529f,0.1746f,0.9791f,-1.6355f,0.0283f,1.3602f,-0.2149f,4.4787f,-0.9942f,-0.1286f,-0.9446f,-1.1983f,0f,0f,0f,1f],start_interpolation: 0,interpolation_duration: 1}
$data merge entity $(right_shoulder) {transformation: [-1.3861f,0.3032f,0.3695f,-0.9983f,0.4708f,1.0622f,0.8944f,5.65f,-0.0827f,0.9642f,-1.1015f,0.0294f,0f,0f,0f,1f],start_interpolation: 0,interpolation_duration: 1}
$data merge entity $(right_arm) {transformation: [-0.996f,0.0151f,0.0878f,-0.4315f,0.0226f,0.9962f,0.0842f,5.9266f,-0.0862f,0.0858f,-0.9926f,0.0944f,0f,0f,0f,1f],start_interpolation: 0,interpolation_duration: 1}
$data merge entity $(left_thumb_2) {transformation: [-0.951f,0.0704f,0.301f,1.2985f,-0.1526f,0.7398f,-0.6553f,2.503f,-0.2688f,-0.6691f,-0.6929f,2.1776f,0f,0f,0f,1f],start_interpolation: 0,interpolation_duration: 1}
$data merge entity $(left_thumb) {transformation: [-0.951f,0.2211f,0.216f,1.5076f,-0.1526f,0.2719f,-0.9502f,2.6265f,-0.2688f,-0.9366f,-0.2249f,1.9193f,0f,0f,0f,1f],start_interpolation: 0,interpolation_duration: 1}
$data merge entity $(left_fingers2) {transformation: [0.6851f,0.6666f,0.2937f,1.3377f,0.6189f,-0.3202f,-0.7172f,2.0472f,-0.3841f,0.6732f,-0.6319f,2.3704f,0f,0f,0f,1f],start_interpolation: 0,interpolation_duration: 1}
$data merge entity $(left_fingers) {transformation: [-0.5025f,0.8132f,0.2937f,1.5858f,0.4465f,0.535f,-0.7172f,2.1818f,-0.7403f,-0.2293f,-0.6319f,2.3213f,0f,0f,0f,1f],start_interpolation: 0,interpolation_duration: 1}
$data merge entity $(left_hand) {transformation: [-0.951f,0.0964f,0.2937f,1.6532f,-0.1526f,0.6799f,-0.7172f,2.5669f,-0.2688f,-0.7269f,-0.6319f,1.8455f,0f,0f,0f,1f],start_interpolation: 0,interpolation_duration: 1}
$data merge entity $(left_forearm) {transformation: [-1.2123f,0.1328f,-0.6402f,1.7794f,0.55f,0.9365f,-0.8472f,3.9693f,0.3537f,-1.0012f,-0.8772f,0.3205f,0f,0f,0f,1f],start_interpolation: 0,interpolation_duration: 1}
$data merge entity $(left_shoulder) {transformation: [-1.3995f,-0.3976f,0.1822f,1.0067f,-0.4077f,1.4071f,-0.0607f,5.6046f,-0.1584f,-0.1086f,-1.4536f,0.2028f,0f,0f,0f,1f],start_interpolation: 0,interpolation_duration: 1}
$data merge entity $(left_arm) {transformation: [-0.996f,0.0151f,0.0878f,0.4501f,0.0226f,0.9962f,0.0842f,5.9066f,-0.0862f,0.0858f,-0.9926f,0.1707f,0f,0f,0f,1f],start_interpolation: 0,interpolation_duration: 1}
$data merge entity $(chest) {transformation: [-1.2735f,0.0194f,0.1122f,-0.015f,0.0288f,1.2737f,0.1076f,4.1204f,-0.1102f,0.1097f,-1.269f,-0.0568f,0f,0f,0f,1f],start_interpolation: 0,interpolation_duration: 1}
$data merge entity $(left_cheek) {transformation: [-0.992f,-0.0394f,-0.1199f,0.3275f,-0.0647f,0.9745f,0.215f,3.347f,0.1084f,0.2211f,-0.9692f,-0.7026f,0f,0f,0f,1f],start_interpolation: 0,interpolation_duration: 1}
$data merge entity $(left_foot) {transformation: [-1.0223f,0.0153f,0.0027f,0.5391f,0.0155f,0.9983f,0.2199f,-4.5491f,0.0007f,0.22f,-0.9984f,-2.2891f,0f,0f,0f,1f],start_interpolation: 0,interpolation_duration: 1}
$data merge entity $(left_knee) {transformation: [-3.0414f,0.0445f,0.0119f,0.6885f,0.046f,2.9018f,0.9107f,-0.497f,0.002f,0.9108f,-2.9022f,-1.1473f,0f,0f,0f,1f],start_interpolation: 0,interpolation_duration: 1}
$data merge entity $(left_leg) {transformation: [-1.7178f,0.0251f,0.0067f,0.6571f,0.026f,1.6389f,0.5144f,2.1147f,0.0011f,0.5144f,-1.6391f,-0.2751f,0f,0f,0f,1f],start_interpolation: 0,interpolation_duration: 1}
$data merge entity $(right_cheek) {transformation: [-0.9912f,0.0475f,-0.1238f,-0.5148f,0.0463f,0.9989f,0.0124f,3.2044f,0.1242f,0.0066f,-0.9922f,-0.5403f,0f,0f,0f,1f],start_interpolation: 0,interpolation_duration: 1}
$data merge entity $(right_foot) {transformation: [-1.0223f,0.0149f,-0.0044f,-0.7352f,0.0155f,0.9922f,-0.246f,-4.2577f,0.0007f,-0.2461f,-0.9923f,2.1895f,0f,0f,0f,1f],start_interpolation: 0,interpolation_duration: 1}
$data merge entity $(right_knee) {transformation: [-3.0414f,0.0457f,-0.006f,-0.7595f,0.046f,3.0295f,-0.2691f,-0.0745f,0.002f,-0.2691f,-3.0298f,1.6931f,0f,0f,0f,1f],start_interpolation: 0,interpolation_duration: 1}
$data merge entity $(right_leg) {transformation: [-1.7178f,0.0219f,-0.014f,-0.6525f,0.026f,1.4865f,-0.8608f,2.3311f,0.0011f,-0.861f,-1.4867f,0.3573f,0f,0f,0f,1f],start_interpolation: 0,interpolation_duration: 1}
$data merge entity $(weist) {transformation: [-1.5977f,0.0246f,-0.2806f,-0.0274f,0f,1.6162f,0.1414f,3.7693f,0.2817f,0.1392f,-1.5916f,-0.1272f,0f,0f,0f,1f],start_interpolation: 0,interpolation_duration: 1}
data modify storage animated_java:temp entry.data merge value {"locators":{"consume":{"px":-1.8453412593,"py":1.6911235397,"pz":-0.9619142351,"ry":0.7754005252,"rx":-5.4978802331}}}
# Data Manager: Prepare for Read / Write
execute store result storage animated_java:temp args.id int 1 run scoreboard players get @s aj.id
# Data Manager: Write
function animated_java:global/data_manager/write with storage animated_java:temp args