# This file was generated by Animated Java via MC-Build. It is not recommended to edit this file directly.
$data merge entity $(neck) {transformation: [-0.9965f,0.0148f,0.0823f,0.014f,0.0217f,0.9962f,0.0844f,5.9482f,-0.0808f,0.0859f,-0.993f,0.0828f,0f,0f,0f,1f],start_interpolation: 0,interpolation_duration: 1}
$data merge entity $(right_thumb_2) {transformation: [-0.993f,0.1172f,0.017f,-1.7499f,0.1176f,0.9928f,0.0249f,2.0808f,-0.014f,0.0267f,-0.9995f,-0.7685f,0f,0f,0f,1f],start_interpolation: 0,interpolation_duration: 1}
$data merge entity $(right_thumb) {transformation: [-0.993f,0.108f,-0.0486f,-1.8617f,0.1176f,0.8506f,-0.5124f,2.3792f,-0.014f,-0.5145f,-0.8573f,-0.924f,0f,0f,0f,1f],start_interpolation: 0,interpolation_duration: 1}
$data merge entity $(right_fingers2) {transformation: [0.5477f,-0.8366f,0.0068f,-1.8207f,-0.8348f,-0.547f,-0.0618f,1.6274f,0.0554f,0.0282f,-0.9981f,-0.958f,0f,0f,0f,1f],start_interpolation: 0,interpolation_duration: 1}
$data merge entity $(right_fingers) {transformation: [-0.6983f,-0.7158f,0.0068f,-2.0443f,-0.7148f,0.6966f,-0.0618f,1.8053f,0.0395f,-0.048f,-0.9981f,-0.9779f,0f,0f,0f,1f],start_interpolation: 0,interpolation_duration: 1}
$data merge entity $(scout) {transformation: [0f,0f,0f,-1.8623f,0f,0f,0f,1.8223f,0f,0f,0f,-1.0845f,0f,0f,0f,1f],start_interpolation: 0,interpolation_duration: 1}
$data merge entity $(right_hand) {transformation: [-0.993f,0.1182f,0.0068f,-1.9664f,0.1176f,0.9911f,-0.0618f,2.4108f,-0.014f,-0.0605f,-0.9981f,-1.0591f,0f,0f,0f,1f],start_interpolation: 0,interpolation_duration: 1}
$data merge entity $(right_forearm) {transformation: [-0.9605f,0.1628f,0.9737f,-1.6459f,0.0544f,1.3652f,-0.1747f,4.458f,-0.9857f,-0.0834f,-0.9584f,-1.1785f,0f,0f,0f,1f],start_interpolation: 0,interpolation_duration: 1}
$data merge entity $(right_shoulder) {transformation: [-1.3868f,0.3115f,0.36f,-0.9981f,0.4698f,1.0752f,0.8793f,5.6459f,-0.0772f,0.947f,-1.1167f,0.0276f,0f,0f,0f,1f],start_interpolation: 0,interpolation_duration: 1}
$data merge entity $(right_arm) {transformation: [-0.9965f,0.0152f,0.0823f,-0.4311f,0.0217f,0.9966f,0.0796f,5.923f,-0.0808f,0.0811f,-0.9934f,0.0882f,0f,0f,0f,1f],start_interpolation: 0,interpolation_duration: 1}
$data merge entity $(left_thumb_2) {transformation: [-0.9542f,0.0702f,0.2908f,1.3075f,-0.1553f,0.7144f,-0.6823f,2.5735f,-0.2557f,-0.6962f,-0.6708f,2.2075f,0f,0f,0f,1f],start_interpolation: 0,interpolation_duration: 1}
$data merge entity $(left_thumb) {transformation: [-0.9542f,0.2155f,0.2075f,1.5154f,-0.1553f,0.2359f,-0.9593f,2.686f,-0.2557f,-0.9476f,-0.1916f,1.9432f,0f,0f,0f,1f],start_interpolation: 0,interpolation_duration: 1}
$data merge entity $(left_fingers2) {transformation: [0.6864f,0.6697f,0.2836f,1.3451f,0.5995f,-0.3002f,-0.7419f,2.1247f,-0.4118f,0.6792f,-0.6075f,2.4165f,0f,0f,0f,1f],start_interpolation: 0,interpolation_duration: 1}
$data merge entity $(left_fingers) {transformation: [-0.5053f,0.815f,0.2836f,1.5937f,0.4229f,0.5203f,-0.7419f,2.2556f,-0.7523f,-0.255f,-0.6075f,2.3606f,0f,0f,0f,1f],start_interpolation: 0,interpolation_duration: 1}
$data merge entity $(left_hand) {transformation: [-0.9542f,0.0953f,0.2836f,1.66f,-0.1553f,0.6522f,-0.7419f,2.6227f,-0.2557f,-0.752f,-0.6075f,1.8706f,0f,0f,0f,1f],start_interpolation: 0,interpolation_duration: 1}
$data merge entity $(left_forearm) {transformation: [-1.2055f,0.1313f,-0.6532f,1.7838f,0.5713f,0.8983f,-0.8739f,3.9675f,0.3427f,-1.0358f,-0.8407f,0.2943f,0f,0f,0f,1f],start_interpolation: 0,interpolation_duration: 1}
$data merge entity $(left_shoulder) {transformation: [-1.4002f,-0.4005f,0.1704f,1.0078f,-0.409f,1.407f,-0.0542f,5.6022f,-0.1487f,-0.0992f,-1.4553f,0.1902f,0f,0f,0f,1f],start_interpolation: 0,interpolation_duration: 1}
$data merge entity $(left_arm) {transformation: [-0.9965f,0.0152f,0.0823f,0.4509f,0.0217f,0.9966f,0.0796f,5.9038f,-0.0808f,0.0811f,-0.9934f,0.1597f,0f,0f,0f,1f],start_interpolation: 0,interpolation_duration: 1}
$data merge entity $(chest) {transformation: [-1.2741f,0.0194f,0.1052f,-0.0146f,0.0278f,1.2742f,0.1018f,4.1163f,-0.1033f,0.1037f,-1.2701f,-0.0568f,0f,0f,0f,1f],start_interpolation: 0,interpolation_duration: 1}
$data merge entity $(left_cheek) {transformation: [-0.9893f,-0.0656f,-0.1304f,0.3146f,-0.0926f,0.9727f,0.2126f,3.298f,0.1129f,0.2224f,-0.9684f,-0.709f,0f,0f,0f,1f],start_interpolation: 0,interpolation_duration: 1}
$data merge entity $(left_foot) {transformation: [-1.0223f,0.015f,0.0022f,0.5342f,0.0149f,0.965f,0.3373f,-4.4217f,0.0029f,0.3373f,-0.9651f,-2.4956f,0f,0f,0f,1f],start_interpolation: 0,interpolation_duration: 1}
$data merge entity $(left_knee) {transformation: [-3.0414f,0.0445f,0.0077f,0.6834f,0.0443f,2.8459f,1.0729f,-0.4403f,0.0085f,1.0729f,-2.8462f,-1.1274f,0f,0f,0f,1f],start_interpolation: 0,interpolation_duration: 1}
$data merge entity $(left_leg) {transformation: [-1.7178f,0.0254f,0.0024f,0.6525f,0.025f,1.6488f,0.482f,2.188f,0.0048f,0.482f,-1.649f,-0.3067f,0f,0f,0f,1f],start_interpolation: 0,interpolation_duration: 1}
$data merge entity $(right_cheek) {transformation: [-0.9928f,0.046f,-0.1103f,-0.5005f,0.0478f,0.9988f,-0.0135f,3.1646f,0.1095f,-0.0187f,-0.9938f,-0.5626f,0f,0f,0f,1f],start_interpolation: 0,interpolation_duration: 1}
$data merge entity $(right_foot) {transformation: [-1.0221f,0.0218f,0.0067f,-0.7706f,0.0165f,0.9142f,-0.4574f,-4.2811f,-0.0157f,-0.4572f,-0.9143f,2.4571f,0f,0f,0f,1f],start_interpolation: 0,interpolation_duration: 1}
$data merge entity $(right_knee) {transformation: [-3.041f,0.0554f,0.0391f,-0.7796f,0.0491f,3.0082f,-0.4478f,-0.1346f,-0.0468f,-0.447f,-3.0083f,1.714f,0f,0f,0f,1f],start_interpolation: 0,interpolation_duration: 1}
$data merge entity $(right_leg) {transformation: [-1.7175f,0.0372f,0.0091f,-0.6487f,0.0277f,1.4881f,-0.8581f,2.2733f,-0.0264f,-0.8577f,-1.4883f,0.3846f,0f,0f,0f,1f],start_interpolation: 0,interpolation_duration: 1}
$data merge entity $(weist) {transformation: [-1.5989f,0.0239f,-0.2736f,-0.0267f,0f,1.6162f,0.1414f,3.7653f,0.2746f,0.1394f,-1.5928f,-0.1273f,0f,0f,0f,1f],start_interpolation: 0,interpolation_duration: 1}
data modify storage animated_java:temp entry.data merge value {"locators":{"consume":{"px":-1.831844846,"py":1.6624337736,"pz":-1.0358045718,"ry":0.3881905583,"rx":-3.5405463202}}}
# Data Manager: Prepare for Read / Write
execute store result storage animated_java:temp args.id int 1 run scoreboard players get @s aj.id
# Data Manager: Write
function animated_java:global/data_manager/write with storage animated_java:temp args