# This file was generated by Animated Java via MC-Build. It is not recommended to edit this file directly.
$data merge entity $(neck) {transformation: [-0.9993f,-0.0073f,-0.0375f,-0.0106f,-0.0105f,0.9962f,0.0865f,5.9573f,0.0367f,0.0868f,-0.9955f,-0.017f,0f,0f,0f,1f],start_interpolation: 0,interpolation_duration: 1}
$data merge entity $(right_thumb_2) {transformation: [-0.9676f,0.0368f,-0.2497f,-1.612f,0.1261f,0.9274f,-0.3523f,1.9637f,0.2186f,-0.3724f,-0.902f,1.1569f,0f,0f,0f,1f],start_interpolation: 0,interpolation_duration: 1}
$data merge entity $(right_thumb) {transformation: [-0.9676f,-0.1031f,-0.2303f,-1.7854f,0.1261f,0.5929f,-0.7954f,2.1843f,0.2186f,-0.7987f,-0.5607f,0.9403f,0f,0f,0f,1f],start_interpolation: 0,interpolation_duration: 1}
$data merge entity $(right_fingers2) {transformation: [0.6106f,-0.7508f,-0.2519f,-1.6922f,-0.7652f,-0.4775f,-0.4318f,1.474f,0.2039f,0.4564f,-0.8661f,1.1742f,0f,0f,0f,1f],start_interpolation: 0,interpolation_duration: 1}
$data merge entity $(right_fingers) {transformation: [-0.6008f,-0.7586f,-0.2519f,-1.9272f,-0.6318f,0.6438f,-0.4318f,1.6365f,0.4897f,-0.1003f,-0.8661f,1.1531f,0f,0f,0f,1f],start_interpolation: 0,interpolation_duration: 1}
$data merge entity $(scout) {transformation: [0f,0f,0f,-1.7819f,0f,0f,0f,1.6081f,0f,0f,0f,1.0019f,0f,0f,0f,1f],start_interpolation: 0,interpolation_duration: 1}
$data merge entity $(right_hand) {transformation: [-0.9676f,0.0149f,-0.2519f,-1.9244f,0.1261f,0.8931f,-0.4318f,2.1653f,0.2186f,-0.4495f,-0.8661f,0.8376f,0f,0f,0f,1f],start_interpolation: 0,interpolation_duration: 1}
$data merge entity $(right_forearm) {transformation: [-1.1878f,0.0205f,0.6971f,-1.8188f,-0.2977f,1.2302f,-0.5433f,4.0105f,-0.6306f,-0.6192f,-1.0564f,-0.1071f,0f,0f,0f,1f],start_interpolation: 0,interpolation_duration: 1}
$data merge entity $(right_shoulder) {transformation: [-1.4016f,0.4298f,-0.0279f,-1.0114f,0.426f,1.3974f,0.1255f,5.6243f,0.0634f,0.1119f,-1.4606f,0.0636f,0f,0f,0f,1f],start_interpolation: 0,interpolation_duration: 1}
$data merge entity $(right_arm) {transformation: [-0.9993f,-0.0095f,-0.037f,-0.4509f,-0.0105f,0.9996f,0.027f,5.9201f,0.0367f,0.0273f,-0.999f,0.0424f,0f,0f,0f,1f],start_interpolation: 0,interpolation_duration: 1}
$data merge entity $(left_thumb_2) {transformation: [-0.9878f,-0.1235f,0.0954f,1.8191f,-0.1544f,0.8599f,-0.4865f,2.3948f,-0.022f,-0.4953f,-0.8685f,0.7273f,0f,0f,0f,1f],start_interpolation: 0,interpolation_duration: 1}
$data merge entity $(left_thumb) {transformation: [-0.9878f,-0.0529f,0.1468f,1.9465f,-0.1544f,0.4639f,-0.8723f,2.5792f,-0.022f,-0.8843f,-0.4664f,0.4526f,0f,0f,0f,1f],start_interpolation: 0,interpolation_duration: 1}
$data merge entity $(left_fingers2) {transformation: [0.5471f,0.8304f,0.1058f,1.9126f,0.723f,-0.4051f,-0.5596f,1.9132f,-0.4218f,0.3826f,-0.822f,0.8036f,0f,0f,0f,1f],start_interpolation: 0,interpolation_duration: 1}
$data merge entity $(left_fingers) {transformation: [-0.6923f,0.7138f,0.1058f,2.1363f,0.552f,0.6182f,-0.5596f,2.0697f,-0.4648f,-0.329f,-0.822f,0.717f,0f,0f,0f,1f],start_interpolation: 0,interpolation_duration: 1}
$data merge entity $(left_hand) {transformation: [-0.9878f,-0.1147f,0.1058f,2.0656f,-0.1544f,0.8143f,-0.5596f,2.5443f,-0.022f,-0.5691f,-0.822f,0.331f,0f,0f,0f,1f],start_interpolation: 0,interpolation_duration: 1}
$data merge entity $(left_forearm) {transformation: [-1.065f,-0.1579f,-0.859f,1.7522f,0.3946f,1.1215f,-0.6954f,4.2244f,0.7792f,-0.7838f,-0.822f,-0.8469f,0f,0f,0f,1f],start_interpolation: 0,interpolation_duration: 1}
$data merge entity $(left_shoulder) {transformation: [-1.3931f,-0.3927f,-0.234f,1.0001f,-0.4555f,1.2568f,0.6024f,5.6455f,0.0392f,0.645f,-1.3161f,-0.0102f,0f,0f,0f,1f],start_interpolation: 0,interpolation_duration: 1}
$data merge entity $(left_arm) {transformation: [-0.9993f,-0.0095f,-0.037f,0.4335f,-0.0105f,0.9996f,0.027f,5.9294f,0.0367f,0.0273f,-0.999f,0.0099f,0f,0f,0f,1f],start_interpolation: 0,interpolation_duration: 1}
$data merge entity $(chest) {transformation: [-1.2776f,-0.0122f,-0.0472f,0.0072f,-0.0135f,1.278f,0.0345f,4.1204f,0.0469f,0.035f,-1.2772f,-0.0578f,0f,0f,0f,1f],start_interpolation: 0,interpolation_duration: 1}
$data merge entity $(left_cheek) {transformation: [-0.9996f,-0.0183f,0.0212f,0.4931f,-0.0174f,0.9989f,0.044f,3.2516f,-0.022f,0.0436f,-0.9988f,-0.5549f,0f,0f,0f,1f],start_interpolation: 0,interpolation_duration: 1}
$data merge entity $(left_foot) {transformation: [-1.0222f,-0.0169f,0.0035f,0.7371f,-0.0061f,0.5487f,0.8627f,-3.8344f,-0.0161f,0.8625f,-0.5487f,-1.377f,0f,0f,0f,1f],start_interpolation: 0,interpolation_duration: 1}
$data merge entity $(left_knee) {transformation: [-3.0413f,-0.0419f,0.0295f,0.7675f,-0.0182f,2.5177f,1.7068f,-0.2795f,-0.048f,1.7063f,-2.5176f,0.883f,0f,0f,0f,1f],start_interpolation: 0,interpolation_duration: 1}
$data merge entity $(left_leg) {transformation: [-1.7177f,-0.0022f,0.0289f,0.6918f,-0.0103f,1.6479f,-0.4856f,2.3743f,-0.0271f,-0.4857f,-1.6477f,0.1521f,0f,0f,0f,1f],start_interpolation: 0,interpolation_duration: 1}
$data merge entity $(right_cheek) {transformation: [-0.9984f,0.044f,0.0365f,-0.4433f,0.0468f,0.9956f,0.0809f,3.2705f,-0.0328f,0.0825f,-0.9961f,-0.6448f,0f,0f,0f,1f],start_interpolation: 0,interpolation_duration: 1}
$data merge entity $(right_foot) {transformation: [-1.0223f,-0.0078f,-0.0059f,-0.6326f,-0.008f,1.0217f,0.036f,-4.7889f,0.0057f,0.036f,-1.0217f,-1.2598f,0f,0f,0f,1f],start_interpolation: 0,interpolation_duration: 1}
$data merge entity $(right_knee) {transformation: [-3.0416f,-0.0201f,-0.0211f,-0.7486f,-0.0238f,2.984f,0.5892f,-0.6355f,0.0168f,0.5893f,-2.9841f,-0.5657f,0f,0f,0f,1f],start_interpolation: 0,interpolation_duration: 1}
$data merge entity $(right_leg) {transformation: [-1.7179f,-0.0116f,-0.0116f,-0.6955f,-0.0134f,1.6933f,0.2898f,2.0693f,0.0095f,0.2899f,-1.6933f,-0.0521f,0f,0f,0f,1f],start_interpolation: 0,interpolation_duration: 1}
$data merge entity $(weist) {transformation: [-1.6166f,-0.0119f,0.1357f,0.0132f,0f,1.6162f,0.1414f,3.7693f,-0.1362f,0.1409f,-1.6105f,-0.129f,0f,0f,0f,1f],start_interpolation: 0,interpolation_duration: 1}
data modify storage animated_java:temp entry.data merge value {"locators":{"consume":{"px":-1.7264172114,"py":1.4775425042,"pz":1.0953479941,"ry":343.7819068585,"rx":-25.5788016671}}}
# Data Manager: Prepare for Read / Write
execute store result storage animated_java:temp args.id int 1 run scoreboard players get @s aj.id
# Data Manager: Write
function animated_java:global/data_manager/write with storage animated_java:temp args