# This file was generated by Animated Java via MC-Build. It is not recommended to edit this file directly.
$data merge entity $(neck) {transformation: [-0.9987f,-0.0099f,-0.0507f,-0.0129f,-0.0142f,0.9962f,0.086f,5.9701f,0.0497f,0.0866f,-0.995f,0.0122f,0f,0f,0f,1f],start_interpolation: 0,interpolation_duration: 1}
$data merge entity $(right_thumb_2) {transformation: [-0.9618f,0.0128f,-0.2735f,-1.5392f,0.1347f,0.8918f,-0.432f,2.0819f,0.2384f,-0.4523f,-0.8594f,1.4554f,0f,0f,0f,1f],start_interpolation: 0,interpolation_duration: 1}
$data merge entity $(right_thumb) {transformation: [-0.9618f,-0.1362f,-0.2375f,-1.7222f,0.1347f,0.52f,-0.8435f,2.281f,0.2384f,-0.8432f,-0.4818f,1.2262f,0f,0f,0f,1f],start_interpolation: 0,interpolation_duration: 1}
$data merge entity $(right_fingers2) {transformation: [0.6267f,-0.7296f,-0.2736f,-1.6123f,-0.7383f,-0.4437f,-0.5081f,1.5948f,0.2493f,0.5204f,-0.8167f,1.5176f,0f,0f,0f,1f],start_interpolation: 0,interpolation_duration: 1}
$data merge entity $(right_fingers) {transformation: [-0.5767f,-0.7698f,-0.2736f,-1.85f,-0.5929f,0.6247f,-0.5081f,1.7523f,0.562f,-0.1308f,-0.8167f,1.4902f,0f,0f,0f,1f],start_interpolation: 0,interpolation_duration: 1}
$data merge entity $(scout) {transformation: [0f,0f,0f,-1.7092f,0f,0f,0f,1.7124f,0f,0f,0f,1.3373f,0f,0f,0f,1f],start_interpolation: 0,interpolation_duration: 1}
$data merge entity $(right_hand) {transformation: [-0.9618f,-0.0111f,-0.2736f,-1.8641f,0.1347f,0.8507f,-0.5081f,2.2517f,0.2384f,-0.5255f,-0.8167f,1.1302f,0f,0f,0f,1f],start_interpolation: 0,interpolation_duration: 1}
$data merge entity $(right_forearm) {transformation: [-1.2032f,-0.0153f,0.6703f,-1.8127f,-0.3637f,1.1717f,-0.626f,4.0087f,-0.5633f,-0.7238f,-1.0276f,0.0262f,0f,0f,0f,1f],start_interpolation: 0,interpolation_duration: 1}
$data merge entity $(right_shoulder) {transformation: [-1.4018f,0.4234f,-0.074f,-1.0115f,0.4206f,1.4033f,0.0611f,5.6328f,0.0885f,0.0372f,-1.4631f,0.1008f,0f,0f,0f,1f],start_interpolation: 0,interpolation_duration: 1}
$data merge entity $(right_arm) {transformation: [-0.9987f,-0.0121f,-0.0502f,-0.4523f,-0.0142f,0.999f,0.0425f,5.9306f,0.0497f,0.0431f,-0.9978f,0.0768f,0f,0f,0f,1f],start_interpolation: 0,interpolation_duration: 1}
$data merge entity $(left_thumb_2) {transformation: [-0.9885f,-0.1359f,0.0656f,1.8331f,-0.1507f,0.9132f,-0.3785f,2.3028f,-0.0085f,-0.3841f,-0.9233f,0.3763f,0f,0f,0f,1f],start_interpolation: 0,interpolation_duration: 1}
$data merge entity $(left_thumb) {transformation: [-0.9885f,-0.0794f,0.1284f,1.9524f,-0.1507f,0.5668f,-0.8099f,2.5189f,-0.0085f,-0.82f,-0.5723f,0.1218f,0f,0f,0f,1f],start_interpolation: 0,interpolation_duration: 1}
$data merge entity $(left_fingers2) {transformation: [0.5361f,0.8406f,0.0772f,1.9271f,0.7685f,-0.4481f,-0.4567f,1.8155f,-0.3493f,0.3042f,-0.8863f,0.3912f,0f,0f,0f,1f],start_interpolation: 0,interpolation_duration: 1}
$data merge entity $(left_fingers) {transformation: [-0.7047f,0.7053f,0.0772f,2.1486f,0.6039f,0.6533f,-0.4567f,1.9813f,-0.3726f,-0.2752f,-0.8863f,0.3167f,0f,0f,0f,1f],start_interpolation: 0,interpolation_duration: 1}
$data merge entity $(left_hand) {transformation: [-0.9885f,-0.1297f,0.0772f,2.0674f,-0.1507f,0.8768f,-0.4567f,2.4989f,-0.0085f,-0.4631f,-0.8863f,-0.0069f,0f,0f,0f,1f],start_interpolation: 0,interpolation_duration: 1}
$data merge entity $(left_forearm) {transformation: [-1.038f,-0.1786f,-0.8876f,1.723f,0.298f,1.2076f,-0.5915f,4.3084f,0.8549f,-0.6379f,-0.8714f,-0.9637f,0f,0f,0f,1f],start_interpolation: 0,interpolation_duration: 1}
$data merge entity $(left_shoulder) {transformation: [-1.3912f,-0.3713f,-0.2767f,0.9988f,-0.4603f,1.2043f,0.6983f,5.6614f,0.0505f,0.7495f,-1.2592f,0.0008f,0f,0f,0f,1f],start_interpolation: 0,interpolation_duration: 1}
$data merge entity $(left_arm) {transformation: [-0.9987f,-0.0121f,-0.0502f,0.4317f,-0.0142f,0.999f,0.0425f,5.9432f,0.0497f,0.0431f,-0.9978f,0.0329f,0f,0f,0f,1f],start_interpolation: 0,interpolation_duration: 1}
$data merge entity $(chest) {transformation: [-1.2768f,-0.0154f,-0.0642f,0.0097f,-0.0182f,1.2773f,0.0543f,4.1341f,0.0635f,0.0551f,-1.2758f,-0.0575f,0f,0f,0f,1f],start_interpolation: 0,interpolation_duration: 1}
$data merge entity $(left_cheek) {transformation: [-0.9984f,-0.021f,0.0526f,0.505f,-0.0192f,0.9992f,0.0353f,3.2581f,-0.0533f,0.0343f,-0.998f,-0.5421f,0f,0f,0f,1f],start_interpolation: 0,interpolation_duration: 1}
$data merge entity $(left_foot) {transformation: [-1.0222f,-0.0172f,0.0075f,0.7321f,-0.0087f,0.7961f,0.6415f,-4.1749f,-0.0167f,0.6413f,-0.7961f,-0.3248f,0f,0f,0f,1f],start_interpolation: 0,interpolation_duration: 1}
$data merge entity $(left_knee) {transformation: [-3.0412f,-0.0423f,0.0365f,0.7624f,-0.0258f,2.8262f,1.1243f,-0.2166f,-0.0496f,1.1238f,-2.8261f,1.1163f,0f,0f,0f,1f],start_interpolation: 0,interpolation_duration: 1}
$data merge entity $(left_leg) {transformation: [-1.7177f,-0.004f,0.0313f,0.6836f,-0.0146f,1.6116f,-0.5948f,2.3822f,-0.028f,-0.595f,-1.6114f,0.2092f,0f,0f,0f,1f],start_interpolation: 0,interpolation_duration: 1}
$data merge entity $(right_cheek) {transformation: [-0.9974f,0.0505f,0.0514f,-0.4206f,0.0572f,0.9886f,0.1393f,3.307f,-0.0437f,0.1419f,-0.9889f,-0.657f,0f,0f,0f,1f],start_interpolation: 0,interpolation_duration: 1}
$data merge entity $(right_foot) {transformation: [-1.0223f,-0.0104f,-0.0059f,-0.6096f,-0.0106f,1.0218f,0.0334f,-4.72f,0.0055f,0.0334f,-1.0218f,-1.5652f,0f,0f,0f,1f],start_interpolation: 0,interpolation_duration: 1}
$data merge entity $(right_knee) {transformation: [-3.0415f,-0.0272f,-0.0229f,-0.7354f,-0.0315f,2.9686f,0.6624f,-0.5853f,0.0164f,0.6626f,-2.9686f,-0.769f,0f,0f,0f,1f],start_interpolation: 0,interpolation_duration: 1}
$data merge entity $(right_leg) {transformation: [-1.7178f,-0.0153f,-0.013f,-0.6881f,-0.0178f,1.6756f,0.3787f,2.0888f,0.0093f,0.3788f,-1.6757f,-0.1135f,0f,0f,0f,1f],start_interpolation: 0,interpolation_duration: 1}
$data merge entity $(weist) {transformation: [-1.6119f,-0.016f,0.1827f,0.0178f,0f,1.6162f,0.1414f,3.7831f,-0.1834f,0.1405f,-1.6058f,-0.1286f,0f,0f,0f,1f],start_interpolation: 0,interpolation_duration: 1}
data modify storage animated_java:temp entry.data merge value {"locators":{"consume":{"px":-1.6490779034,"py":1.5910370667,"pz":1.4399067317,"ry":341.4817094622,"rx":-30.5353563782}}}
# Data Manager: Prepare for Read / Write
execute store result storage animated_java:temp args.id int 1 run scoreboard players get @s aj.id
# Data Manager: Write
function animated_java:global/data_manager/write with storage animated_java:temp args