# This file was generated by Animated Java via MC-Build. It is not recommended to edit this file directly.
$data merge entity $(neck) {transformation: [-0.9979f,-0.012f,-0.0642f,-0.014f,-0.0175f,0.9962f,0.0854f,5.9398f,0.0629f,0.0863f,-0.9943f,0.0414f,0f,0f,0f,1f],start_interpolation: 0,interpolation_duration: 1}
$data merge entity $(right_thumb_2) {transformation: [-0.9566f,-0.0135f,-0.2911f,-1.46f,0.1417f,0.8513f,-0.5052f,2.1705f,0.2546f,-0.5246f,-0.8124f,1.7181f,0f,0f,0f,1f],start_interpolation: 0,interpolation_duration: 1}
$data merge entity $(right_thumb) {transformation: [-0.9566f,-0.1678f,-0.2383f,-1.6524f,0.1417f,0.4465f,-0.8835f,2.3476f,0.2546f,-0.8789f,-0.4033f,1.4788f,0f,0f,0f,1f],start_interpolation: 0,interpolation_duration: 1}
$data merge entity $(right_fingers2) {transformation: [0.6446f,-0.7078f,-0.2888f,-1.524f,-0.707f,-0.4082f,-0.5775f,1.6894f,0.2909f,0.5765f,-0.7636f,1.8225f,0f,0f,0f,1f],start_interpolation: 0,interpolation_duration: 1}
$data merge entity $(right_fingers) {transformation: [-0.5515f,-0.7825f,-0.2888f,-1.7646f,-0.5516f,0.6019f,-0.5775f,1.8411f,0.6258f,-0.1592f,-0.7636f,1.7892f,0f,0f,0f,1f],start_interpolation: 0,interpolation_duration: 1}
$data merge entity $(scout) {transformation: [0f,0f,0f,-1.6276f,0f,0f,0f,1.7904f,0f,0f,0f,1.6361f,0f,0f,0f,1f],start_interpolation: 0,interpolation_duration: 1}
$data merge entity $(right_hand) {transformation: [-0.9566f,-0.0388f,-0.2888f,-1.7965f,0.1417f,0.804f,-0.5775f,2.3087f,0.2546f,-0.5934f,-0.7636f,1.3897f,0f,0f,0f,1f],start_interpolation: 0,interpolation_duration: 1}
$data merge entity $(right_forearm) {transformation: [-1.213f,-0.0535f,0.6504f,-1.8029f,-0.4244f,1.1074f,-0.7005f,3.9685f,-0.4957f,-0.8173f,-0.9917f,0.1435f,0f,0f,0f,1f],start_interpolation: 0,interpolation_duration: 1}
$data merge entity $(right_shoulder) {transformation: [-1.4015f,0.4151f,-0.1161f,-1.0106f,0.4156f,1.4061f,0.0093f,5.5987f,0.114f,-0.024f,-1.4616f,0.1382f,0f,0f,0f,1f],start_interpolation: 0,interpolation_duration: 1}
$data merge entity $(right_arm) {transformation: [-0.9979f,-0.0138f,-0.0639f,-0.4524f,-0.0175f,0.9982f,0.0578f,5.8982f,0.0629f,0.0588f,-0.9963f,0.1113f,0f,0f,0f,1f],start_interpolation: 0,interpolation_duration: 1}
$data merge entity $(left_thumb_2) {transformation: [-0.9894f,-0.1412f,0.0346f,1.829f,-0.1453f,0.9531f,-0.2654f,2.1961f,0.0045f,-0.2676f,-0.9635f,0.0249f,0f,0f,0f,1f],start_interpolation: 0,interpolation_duration: 1}
$data merge entity $(left_thumb) {transformation: [-0.9894f,-0.1005f,0.105f,1.9419f,-0.1453f,0.6613f,-0.7359f,2.4408f,0.0045f,-0.7434f,-0.6688f,-0.2055f,0f,0f,0f,1f],start_interpolation: 0,interpolation_duration: 1}
$data merge entity $(left_fingers2) {transformation: [0.5306f,0.8464f,0.0467f,1.9199f,0.803f,-0.4842f,-0.3475f,1.7103f,-0.2714f,0.2219f,-0.9365f,-0.0216f,0f,0f,0f,1f],start_interpolation: 0,interpolation_duration: 1}
$data merge entity $(left_fingers) {transformation: [-0.7115f,0.7012f,0.0467f,2.1402f,0.6465f,0.6792f,-0.3475f,1.883f,-0.2754f,-0.217f,-0.9365f,-0.0825f,0f,0f,0f,1f],start_interpolation: 0,interpolation_duration: 1}
$data merge entity $(left_hand) {transformation: [-0.9894f,-0.1376f,0.0467f,2.0528f,-0.1453f,0.9264f,-0.3475f,2.4359f,0.0045f,-0.3506f,-0.9365f,-0.3392f,0f,0f,0f,1f],start_interpolation: 0,interpolation_duration: 1}
$data merge entity $(left_forearm) {transformation: [-1.0091f,-0.1895f,-0.9181f,1.692f,0.1969f,1.276f,-0.4799f,4.3482f,0.9165f,-0.4828f,-0.9077f,-1.0612f,0f,0f,0f,1f],start_interpolation: 0,interpolation_duration: 1}
$data merge entity $(left_shoulder) {transformation: [-1.3893f,-0.3477f,-0.3142f,0.9981f,-0.4645f,1.1519f,0.7792f,5.6339f,0.0621f,0.8379f,-1.2016f,0.0115f,0f,0f,0f,1f],start_interpolation: 0,interpolation_duration: 1}
$data merge entity $(left_arm) {transformation: [-0.9979f,-0.0138f,-0.0639f,0.4308f,-0.0175f,0.9982f,0.0578f,5.9137f,0.0629f,0.0588f,-0.9963f,0.0556f,0f,0f,0f,1f],start_interpolation: 0,interpolation_duration: 1}
$data merge entity $(chest) {transformation: [-1.2758f,-0.0176f,-0.0816f,0.0119f,-0.0224f,1.2762f,0.074f,4.1053f,0.0805f,0.0752f,-1.2738f,-0.0573f,0f,0f,0f,1f],start_interpolation: 0,interpolation_duration: 1}
$data merge entity $(left_cheek) {transformation: [-0.9963f,-0.0272f,0.081f,0.5128f,-0.0248f,0.9992f,0.0304f,3.2205f,-0.0818f,0.0283f,-0.9962f,-0.5343f,0f,0f,0f,1f],start_interpolation: 0,interpolation_duration: 1}
$data merge entity $(left_foot) {transformation: [-1.0222f,-0.0163f,0.01f,0.7271f,-0.011f,0.936f,0.4111f,-4.3122f,-0.0157f,0.4109f,-0.936f,0.434f,0f,0f,0f,1f],start_interpolation: 0,interpolation_duration: 1}
$data merge entity $(left_knee) {transformation: [-3.0412f,-0.0428f,0.0376f,0.7566f,-0.0326f,2.9533f,0.7274f,-0.1941f,-0.0467f,0.7269f,-2.9532f,1.3206f,0f,0f,0f,1f],start_interpolation: 0,interpolation_duration: 1}
$data merge entity $(left_leg) {transformation: [-1.7177f,-0.0063f,0.0316f,0.6742f,-0.0184f,1.5733f,-0.6897f,2.3459f,-0.0264f,-0.6899f,-1.5731f,0.2603f,0f,0f,0f,1f],start_interpolation: 0,interpolation_duration: 1}
$data merge entity $(right_cheek) {transformation: [-0.9962f,0.0569f,0.066f,-0.3986f,0.0678f,0.9818f,0.1775f,3.3059f,-0.0547f,0.1813f,-0.9819f,-0.662f,0f,0f,0f,1f],start_interpolation: 0,interpolation_duration: 1}
$data merge entity $(right_foot) {transformation: [-1.0223f,-0.0125f,-0.0058f,-0.5873f,-0.0128f,1.0214f,0.0437f,-4.6903f,0.0053f,0.0438f,-1.0214f,-1.8337f,0f,0f,0f,1f],start_interpolation: 0,interpolation_duration: 1}
$data merge entity $(right_knee) {transformation: [-3.0415f,-0.0331f,-0.0245f,-0.7215f,-0.038f,2.9518f,0.7333f,-0.5761f,0.0158f,0.7336f,-2.9519f,-0.9388f,0f,0f,0f,1f],start_interpolation: 0,interpolation_duration: 1}
$data merge entity $(right_leg) {transformation: [-1.7178f,-0.0184f,-0.0142f,-0.6791f,-0.0215f,1.6578f,0.4503f,2.0674f,0.0089f,0.4505f,-1.6578f,-0.1689f,0f,0f,0f,1f],start_interpolation: 0,interpolation_duration: 1}
$data merge entity $(weist) {transformation: [-1.6069f,-0.0195f,0.2227f,0.0217f,0f,1.6162f,0.1414f,3.7542f,-0.2235f,0.14f,-1.6008f,-0.1281f,0f,0f,0f,1f],start_interpolation: 0,interpolation_duration: 1}
data modify storage animated_java:temp entry.data merge value {"locators":{"consume":{"px":-1.562829579,"py":1.6787472126,"pz":1.7464870585,"ry":339.2807551529,"rx":-35.2750253043}}}
# Data Manager: Prepare for Read / Write
execute store result storage animated_java:temp args.id int 1 run scoreboard players get @s aj.id
# Data Manager: Write
function animated_java:global/data_manager/write with storage animated_java:temp args