# This file was generated by Animated Java via MC-Build. It is not recommended to edit this file directly.
$data merge entity $(neck) {transformation: [-0.997f,-0.0137f,-0.0761f,-0.0142f,-0.0201f,0.9962f,0.0848f,5.9622f,0.0747f,0.0861f,-0.9935f,0.0668f,0f,0f,0f,1f],start_interpolation: 0,interpolation_duration: 1}
$data merge entity $(right_thumb_2) {transformation: [-0.9528f,-0.0387f,-0.3012f,-1.3854f,0.1469f,0.8094f,-0.5686f,2.3143f,0.2658f,-0.586f,-0.7655f,1.9323f,0f,0f,0f,1f],start_interpolation: 0,interpolation_duration: 1}
$data merge entity $(right_thumb) {transformation: [-0.9528f,-0.1945f,-0.2333f,-1.5859f,0.1469f,0.3771f,-0.9144f,2.4703f,0.2658f,-0.9055f,-0.3308f,1.6851f,0f,0f,0f,1f],start_interpolation: 0,interpolation_duration: 1}
$data merge entity $(right_fingers2) {transformation: [0.6621f,-0.6882f,-0.2967f,-1.4394f,-0.6741f,-0.3739f,-0.637f,1.8415f,0.3274f,0.6217f,-0.7115f,2.0737f,0f,0f,0f,1f],start_interpolation: 0,interpolation_duration: 1}
$data merge entity $(right_fingers) {transformation: [-0.5286f,-0.7953f,-0.2967f,-1.6831f,-0.511f,0.5772f,-0.637f,1.9869f,0.6779f,-0.1851f,-0.7115f,2.0348f,0f,0f,0f,1f],start_interpolation: 0,interpolation_duration: 1}
$data merge entity $(scout) {transformation: [0f,0f,0f,-1.5488f,0f,0f,0f,1.9268f,0f,0f,0f,1.8827f,0f,0f,0f,1f],start_interpolation: 0,interpolation_duration: 1}
$data merge entity $(right_hand) {transformation: [-0.9528f,-0.0648f,-0.2967f,-1.7313f,0.1469f,0.7568f,-0.637f,2.4228f,0.2658f,-0.6505f,-0.7115f,1.6025f,0f,0f,0f,1f],start_interpolation: 0,interpolation_duration: 1}
$data merge entity $(right_forearm) {transformation: [-1.2169f,-0.0893f,0.6389f,-1.7919f,-0.4773f,1.0423f,-0.7634f,3.9846f,-0.4341f,-0.8959f,-0.9519f,0.2367f,0f,0f,0f,1f],start_interpolation: 0,interpolation_duration: 1}
$data merge entity $(right_shoulder) {transformation: [-1.4007f,0.4066f,-0.1505f,-1.009f,0.4115f,1.407f,-0.029f,5.618f,0.1364f,-0.0699f,-1.4582f,0.1709f,0f,0f,0f,1f],start_interpolation: 0,interpolation_duration: 1}
$data merge entity $(right_arm) {transformation: [-0.997f,-0.0147f,-0.0759f,-0.4516f,-0.0201f,0.9973f,0.0712f,5.9189f,0.0747f,0.0725f,-0.9946f,0.1414f,0f,0f,0f,1f],start_interpolation: 0,interpolation_duration: 1}
$data merge entity $(left_thumb_2) {transformation: [-0.9902f,-0.1394f,0.0061f,1.8099f,-0.1386f,0.9776f,-0.1585f,2.1723f,0.0161f,-0.1578f,-0.9873f,-0.2948f,0f,0f,0f,1f],start_interpolation: 0,interpolation_duration: 1}
$data merge entity $(left_thumb) {transformation: [-0.9902f,-0.1143f,0.0801f,1.9188f,-0.1386f,0.7393f,-0.6589f,2.44f,0.0161f,-0.6636f,-0.7479f,-0.5001f,0f,0f,0f,1f],start_interpolation: 0,interpolation_duration: 1}
$data merge entity $(left_fingers2) {transformation: [0.5305f,0.8475f,0.0182f,1.895f,0.8245f,-0.5109f,-0.2431f,1.6939f,-0.1967f,0.144f,-0.9698f,-0.3966f,0f,0f,0f,1f],start_interpolation: 0,interpolation_duration: 1}
$data merge entity $(left_fingers) {transformation: [-0.7126f,0.7014f,0.0182f,2.1151f,0.6773f,0.6944f,-0.2431f,1.8709f,-0.1832f,-0.1609f,-0.9698f,-0.4444f,0f,0f,0f,1f],start_interpolation: 0,interpolation_duration: 1}
$data merge entity $(left_hand) {transformation: [-0.9902f,-0.1384f,0.0182f,2.026f,-0.1386f,0.96f,-0.2431f,2.4491f,0.0161f,-0.2433f,-0.9698f,-0.6366f,0f,0f,0f,1f],start_interpolation: 0,interpolation_duration: 1}
$data merge entity $(left_forearm) {transformation: [-0.9822f,-0.1906f,-0.9467f,1.6637f,0.1018f,1.3223f,-0.3718f,4.4312f,0.9603f,-0.3351f,-0.9288f,-1.1351f,0f,0f,0f,1f],start_interpolation: 0,interpolation_duration: 1}
$data merge entity $(left_shoulder) {transformation: [-1.3877f,-0.3257f,-0.3436f,0.998f,-0.4679f,1.1062f,0.841f,5.6586f,0.0724f,0.9056f,-1.1509f,0.0206f,0f,0f,0f,1f],start_interpolation: 0,interpolation_duration: 1}
$data merge entity $(left_arm) {transformation: [-0.997f,-0.0147f,-0.0759f,0.4308f,-0.0201f,0.9973f,0.0712f,5.9367f,0.0747f,0.0725f,-0.9946f,0.0753f,0f,0f,0f,1f],start_interpolation: 0,interpolation_duration: 1}
$data merge entity $(chest) {transformation: [-1.2747f,-0.0188f,-0.0971f,0.0135f,-0.0257f,1.275f,0.091f,4.1292f,0.0954f,0.0927f,-1.2716f,-0.057f,0f,0f,0f,1f],start_interpolation: 0,interpolation_duration: 1}
$data merge entity $(left_cheek) {transformation: [-0.994f,-0.0353f,0.1039f,0.5169f,-0.0326f,0.9991f,0.0267f,3.2344f,-0.1047f,0.0232f,-0.9942f,-0.5316f,0f,0f,0f,1f],start_interpolation: 0,interpolation_duration: 1}
$data merge entity $(left_foot) {transformation: [-1.0222f,-0.0147f,0.0108f,0.7228f,-0.0129f,1.0107f,0.1532f,-4.3207f,-0.0129f,0.153f,-1.0108f,1.1391f,0f,0f,0f,1f],start_interpolation: 0,interpolation_duration: 1}
$data merge entity $(left_knee) {transformation: [-3.0413f,-0.0425f,0.0339f,0.7526f,-0.0384f,3.0222f,0.3417f,-0.1227f,-0.0385f,0.3413f,-3.0223f,1.4888f,0f,0f,0f,1f],start_interpolation: 0,interpolation_duration: 1}
$data merge entity $(left_leg) {transformation: [-1.7177f,-0.0097f,0.0291f,0.6648f,-0.0217f,1.5369f,-0.7673f,2.3611f,-0.0217f,-0.7676f,-1.5368f,0.3033f,0f,0f,0f,1f],start_interpolation: 0,interpolation_duration: 1}
$data merge entity $(right_cheek) {transformation: [-0.9943f,0.065f,0.0847f,-0.372f,0.0811f,0.9759f,0.2027f,3.3549f,-0.0695f,0.2085f,-0.9756f,-0.6707f,0f,0f,0f,1f],start_interpolation: 0,interpolation_duration: 1}
$data merge entity $(right_foot) {transformation: [-1.0223f,-0.0141f,-0.0054f,-0.5673f,-0.0144f,1.0203f,0.0627f,-4.6114f,0.0045f,0.0628f,-1.0204f,-2.0524f,0f,0f,0f,1f],start_interpolation: 0,interpolation_duration: 1}
$data merge entity $(right_knee) {transformation: [-3.0414f,-0.0379f,-0.0243f,-0.708f,-0.0429f,2.9344f,0.7997f,-0.5186f,0.0135f,0.7999f,-2.9346f,-1.065f,0f,0f,0f,1f],start_interpolation: 0,interpolation_duration: 1}
$data merge entity $(right_leg) {transformation: [-1.7178f,-0.021f,-0.0143f,-0.6697f,-0.0242f,1.6434f,0.5f,2.1006f,0.0076f,0.5001f,-1.6435f,-0.2158f,0f,0f,0f,1f],start_interpolation: 0,interpolation_duration: 1}
$data merge entity $(weist) {transformation: [-1.6022f,-0.0222f,0.2536f,0.0247f,0f,1.6162f,0.1414f,3.7781f,-0.2546f,0.1396f,-1.5961f,-0.1276f,0f,0f,0f,1f],start_interpolation: 0,interpolation_duration: 1}
data modify storage animated_java:temp entry.data merge value {"locators":{"consume":{"px":-1.4798066662,"py":1.8246523912,"pz":1.999559428,"ry":337.3620419391,"rx":-39.565589848}}}
# Data Manager: Prepare for Read / Write
execute store result storage animated_java:temp args.id int 1 run scoreboard players get @s aj.id
# Data Manager: Write
function animated_java:global/data_manager/write with storage animated_java:temp args