# This file was generated by Animated Java via MC-Build. It is not recommended to edit this file directly.
$data merge entity $(neck) {transformation: [-0.9963f,-0.0148f,-0.0846f,-0.0139f,-0.0219f,0.9962f,0.0844f,5.9499f,0.083f,0.0859f,-0.9928f,0.0847f,0f,0f,0f,1f],start_interpolation: 0,interpolation_duration: 1}
$data merge entity $(right_thumb_2) {transformation: [-0.9508f,-0.0589f,-0.3041f,-1.3277f,0.1503f,0.7706f,-0.6193f,2.4133f,0.2708f,-0.6345f,-0.7239f,2.088f,0f,0f,0f,1f],start_interpolation: 0,interpolation_duration: 1}
$data merge entity $(right_thumb) {transformation: [-0.9508f,-0.2131f,-0.2248f,-1.5341f,0.1503f,0.3172f,-0.9364f,2.5508f,0.2708f,-0.9241f,-0.2696f,1.8347f,0f,0f,0f,1f],start_interpolation: 0,interpolation_duration: 1}
$data merge entity $(right_fingers2) {transformation: [0.6765f,-0.6736f,-0.2978f,-1.3728f,-0.6433f,-0.3437f,-0.6841f,1.9495f,0.3585f,0.6544f,-0.6658f,2.2594f,0f,0f,0f,1f],start_interpolation: 0,interpolation_duration: 1}
$data merge entity $(right_fingers) {transformation: [-0.5112f,-0.8062f,-0.2978f,-1.6192f,-0.4748f,0.5537f,-0.6841f,2.0889f,0.7164f,-0.2083f,-0.6658f,2.2153f,0f,0f,0f,1f],start_interpolation: 0,interpolation_duration: 1}
$data merge entity $(scout) {transformation: [0f,0f,0f,-1.4862f,0f,0f,0f,2.0213f,0f,0f,0f,2.0651f,0f,0f,0f,1f],start_interpolation: 0,interpolation_duration: 1}
$data merge entity $(right_hand) {transformation: [-0.9508f,-0.0852f,-0.2978f,-1.6799f,0.1503f,0.7137f,-0.6841f,2.4962f,0.2708f,-0.6952f,-0.6658f,1.7575f,0f,0f,0f,1f],start_interpolation: 0,interpolation_duration: 1}
$data merge entity $(right_forearm) {transformation: [-1.2161f,-0.1174f,0.636f,-1.783f,-0.5199f,0.9831f,-0.8126f,3.9688f,-0.3847f,-0.9576f,-0.9123f,0.2983f,0f,0f,0f,1f],start_interpolation: 0,interpolation_duration: 1}
$data merge entity $(right_shoulder) {transformation: [-1.3999f,0.4001f,-0.1737f,-1.0074f,0.4087f,1.4071f,-0.0527f,5.6037f,0.1523f,-0.0987f,-1.455f,0.1941f,0f,0f,0f,1f],start_interpolation: 0,interpolation_duration: 1}
$data merge entity $(right_arm) {transformation: [-0.9963f,-0.0151f,-0.0845f,-0.4506f,-0.0219f,0.9965f,0.0806f,5.9054f,0.083f,0.0822f,-0.9932f,0.1626f,0f,0f,0f,1f],start_interpolation: 0,interpolation_duration: 1}
$data merge entity $(left_thumb_2) {transformation: [-0.991f,-0.1329f,-0.0151f,1.7839f,-0.1316f,0.9889f,-0.0696f,2.1351f,0.0242f,-0.067f,-0.9975f,-0.5498f,0f,0f,0f,1f],start_interpolation: 0,interpolation_duration: 1}
$data merge entity $(left_thumb) {transformation: [-0.991f,-0.1202f,0.0586f,1.8914f,-0.1316f,0.7966f,-0.59f,2.4192f,0.0242f,-0.5924f,-0.8053f,-0.7326f,0f,0f,0f,1f],start_interpolation: 0,interpolation_duration: 1}
$data merge entity $(left_fingers2) {transformation: [0.5346f,0.8451f,-0.0035f,1.8623f,0.8345f,-0.5285f,-0.1555f,1.6671f,-0.1333f,0.0802f,-0.9878f,-0.6957f,0f,0f,0f,1f],start_interpolation: 0,interpolation_duration: 1}
$data merge entity $(left_fingers) {transformation: [-0.7094f,0.7048f,-0.0035f,2.0831f,0.6966f,0.7004f,-0.1555f,1.8459f,-0.1072f,-0.1127f,-0.9878f,-0.7321f,0f,0f,0f,1f],start_interpolation: 0,interpolation_duration: 1}
$data merge entity $(left_hand) {transformation: [-0.991f,-0.1337f,-0.0035f,1.9959f,-0.1316f,0.979f,-0.1555f,2.4397f,0.0242f,-0.1537f,-0.9878f,-0.87f,0f,0f,0f,1f],start_interpolation: 0,interpolation_duration: 1}
$data merge entity $(left_forearm) {transformation: [-0.9618f,-0.1842f,-0.9686f,1.6433f,0.0233f,1.3485f,-0.2796f,4.4612f,0.9857f,-0.2116f,-0.9385f,-1.1818f,0f,0f,0f,1f],start_interpolation: 0,interpolation_duration: 1}
$data merge entity $(left_shoulder) {transformation: [-1.3866f,-0.3095f,-0.3626f,0.9981f,-0.47f,1.0741f,0.8804f,5.6478f,0.0798f,0.9489f,-1.115f,0.027f,0f,0f,0f,1f],start_interpolation: 0,interpolation_duration: 1}
$data merge entity $(left_arm) {transformation: [-0.9963f,-0.0151f,-0.0845f,0.4312f,-0.0219f,0.9965f,0.0806f,5.9248f,0.083f,0.0822f,-0.9932f,0.0892f,0f,0f,0f,1f],start_interpolation: 0,interpolation_duration: 1}
$data merge entity $(chest) {transformation: [-1.2738f,-0.0193f,-0.1081f,0.0146f,-0.028f,1.2741f,0.1031f,4.1182f,0.1061f,0.1051f,-1.2698f,-0.0568f,0f,0f,0f,1f],start_interpolation: 0,interpolation_duration: 1}
$data merge entity $(left_cheek) {transformation: [-0.992f,-0.0429f,0.1188f,0.5174f,-0.0406f,0.9989f,0.0216f,3.2126f,-0.1196f,0.0166f,-0.9927f,-0.5338f,0f,0f,0f,1f],start_interpolation: 0,interpolation_duration: 1}
$data merge entity $(left_foot) {transformation: [-1.0222f,-0.0136f,0.0093f,0.7241f,-0.0144f,1.0179f,-0.0948f,-4.3075f,-0.008f,-0.0949f,-1.0179f,1.7396f,0f,0f,0f,1f],start_interpolation: 0,interpolation_duration: 1}
$data merge entity $(left_knee) {transformation: [-3.0413f,-0.043f,0.0239f,0.7529f,-0.043f,3.0414f,-0.0003f,-0.0969f,-0.0239f,-0.0006f,-3.0416f,1.615f,0f,0f,0f,1f],start_interpolation: 0,interpolation_duration: 1}
$data merge entity $(left_leg) {transformation: [-1.7177f,-0.0148f,0.0235f,0.657f,-0.0243f,1.5066f,-0.8252f,2.34f,-0.0135f,-0.8254f,-1.5066f,0.3363f,0f,0f,0f,1f],start_interpolation: 0,interpolation_duration: 1}
$data merge entity $(right_cheek) {transformation: [-0.9918f,0.074f,0.1039f,-0.3464f,0.0951f,0.9719f,0.2152f,3.3559f,-0.0851f,0.2233f,-0.971f,-0.684f,0f,0f,0f,1f],start_interpolation: 0,interpolation_duration: 1}
$data merge entity $(right_foot) {transformation: [-1.0223f,-0.015f,-0.0044f,-0.5508f,-0.0154f,1.0158f,0.115f,-4.5784f,0.0027f,0.115f,-1.0159f,-2.2085f,0f,0f,0f,1f],start_interpolation: 0,interpolation_duration: 1}
$data merge entity $(right_knee) {transformation: [-3.0414f,-0.0416f,-0.0206f,-0.6965f,-0.0457f,2.9174f,0.8595f,-0.5068f,0.008f,0.8597f,-2.9177f,-1.1378f,0f,0f,0f,1f],start_interpolation: 0,interpolation_duration: 1}
$data merge entity $(right_leg) {transformation: [-1.7178f,-0.0232f,-0.0122f,-0.6619f,-0.0258f,1.6362f,0.523f,2.1003f,0.0045f,0.5231f,-1.6364f,-0.252f,0f,0f,0f,1f],start_interpolation: 0,interpolation_duration: 1}
$data merge entity $(weist) {transformation: [-1.5989f,-0.0239f,0.2736f,0.0267f,0f,1.6162f,0.1414f,3.7671f,-0.2746f,0.1394f,-1.5928f,-0.1273f,0f,0f,0f,1f],start_interpolation: 0,interpolation_duration: 1}
data modify storage animated_java:temp entry.data merge value {"locators":{"consume":{"px":-1.4140261573,"py":1.927520738,"pz":2.1870727104,"ry":335.9037735558,"rx":-43.1657694208}}}
# Data Manager: Prepare for Read / Write
execute store result storage animated_java:temp args.id int 1 run scoreboard players get @s aj.id
# Data Manager: Write
function animated_java:global/data_manager/write with storage animated_java:temp args