# This file was generated by Animated Java via MC-Build. It is not recommended to edit this file directly.
$data merge entity $(neck) {transformation: [-0.9963f,-0.0148f,-0.0846f,-0.0139f,-0.0219f,0.9962f,0.0844f,5.948f,0.083f,0.0859f,-0.9928f,0.0847f,0f,0f,0f,1f],start_interpolation: 0,interpolation_duration: 1}
$data merge entity $(right_thumb_2) {transformation: [-0.9536f,-0.0719f,-0.2922f,-1.3022f,0.155f,0.7151f,-0.6816f,2.571f,0.258f,-0.6953f,-0.6708f,2.2088f,0f,0f,0f,1f],start_interpolation: 0,interpolation_duration: 1}
$data merge entity $(right_thumb) {transformation: [-0.9536f,-0.2176f,-0.2079f,-1.5107f,0.155f,0.2369f,-0.9591f,2.6837f,0.258f,-0.9468f,-0.1922f,1.9452f,0f,0f,0f,1f],start_interpolation: 0,interpolation_duration: 1}
$data merge entity $(right_fingers2) {transformation: [0.6874f,-0.6681f,-0.2849f,-1.3393f,-0.5998f,-0.301f,-0.7413f,2.122f,0.4096f,0.6804f,-0.6077f,2.4175f,0f,0f,0f,1f],start_interpolation: 0,interpolation_duration: 1}
$data merge entity $(right_fingers) {transformation: [-0.5035f,-0.8157f,-0.2849f,-1.588f,-0.4237f,0.5205f,-0.7413f,2.2529f,0.753f,-0.2526f,-0.6077f,2.3623f,0f,0f,0f,1f],start_interpolation: 0,interpolation_duration: 1}
$data merge entity $(scout) {transformation: [0f,0f,0f,-1.4537f,0f,0f,0f,2.1757f,0f,0f,0f,2.2181f,0f,0f,0f,1f],start_interpolation: 0,interpolation_duration: 1}
$data merge entity $(right_hand) {transformation: [-0.9536f,-0.0971f,-0.2849f,-1.6555f,0.155f,0.653f,-0.7413f,2.6205f,0.258f,-0.7511f,-0.6077f,1.8728f,0f,0f,0f,1f],start_interpolation: 0,interpolation_duration: 1}
$data merge entity $(right_forearm) {transformation: [-1.2062f,-0.1337f,0.6513f,-1.783f,-0.5711f,0.8994f,-0.873f,3.9669f,-0.3406f,-1.0346f,-0.8431f,0.2983f,0f,0f,0f,1f],start_interpolation: 0,interpolation_duration: 1}
$data merge entity $(right_shoulder) {transformation: [-1.3999f,0.4001f,-0.1737f,-1.0074f,0.4087f,1.4071f,-0.0527f,5.6018f,0.1523f,-0.0987f,-1.455f,0.1941f,0f,0f,0f,1f],start_interpolation: 0,interpolation_duration: 1}
$data merge entity $(right_arm) {transformation: [-0.9963f,-0.0151f,-0.0845f,-0.4506f,-0.0219f,0.9965f,0.0806f,5.9035f,0.083f,0.0822f,-0.9932f,0.1626f,0f,0f,0f,1f],start_interpolation: 0,interpolation_duration: 1}
$data merge entity $(left_thumb_2) {transformation: [-0.9929f,-0.1172f,-0.0193f,1.7485f,-0.1177f,0.9927f,0.0259f,2.0818f,0.0161f,0.028f,-0.9995f,-0.7746f,0f,0f,0f,1f],start_interpolation: 0,interpolation_duration: 1}
$data merge entity $(left_thumb) {transformation: [-0.9929f,-0.1092f,0.0467f,1.8599f,-0.1177f,0.8512f,-0.5115f,2.3803f,0.0161f,-0.5134f,-0.858f,-0.93f,0f,0f,0f,1f],start_interpolation: 0,interpolation_duration: 1}
$data merge entity $(left_fingers2) {transformation: [0.5475f,0.8368f,-0.009f,1.8189f,0.8349f,-0.547f,-0.0607f,1.6286f,-0.0557f,0.0257f,-0.9981f,-0.9647f,0f,0f,0f,1f],start_interpolation: 0,interpolation_duration: 1}
$data merge entity $(left_fingers) {transformation: [-0.6984f,0.7156f,-0.009f,2.0424f,0.7147f,0.6968f,-0.0607f,1.8065f,-0.0372f,-0.0488f,-0.9981f,-0.9849f,0f,0f,0f,1f],start_interpolation: 0,interpolation_duration: 1}
$data merge entity $(left_hand) {transformation: [-0.9929f,-0.1184f,-0.009f,1.9643f,-0.1177f,0.9912f,-0.0607f,2.412f,0.0161f,-0.0592f,-0.9981f,-1.0653f,0f,0f,0f,1f],start_interpolation: 0,interpolation_duration: 1}
$data merge entity $(left_forearm) {transformation: [-0.9583f,-0.1631f,-0.9758f,1.6433f,-0.0555f,1.3652f,-0.1738f,4.4594f,0.9878f,-0.0816f,-0.9564f,-1.1818f,0f,0f,0f,1f],start_interpolation: 0,interpolation_duration: 1}
$data merge entity $(left_shoulder) {transformation: [-1.3866f,-0.3095f,-0.3626f,0.9981f,-0.47f,1.0741f,0.8804f,5.6459f,0.0798f,0.9489f,-1.115f,0.027f,0f,0f,0f,1f],start_interpolation: 0,interpolation_duration: 1}
$data merge entity $(left_arm) {transformation: [-0.9963f,-0.0151f,-0.0845f,0.4312f,-0.0219f,0.9965f,0.0806f,5.9229f,0.083f,0.0822f,-0.9932f,0.0892f,0f,0f,0f,1f],start_interpolation: 0,interpolation_duration: 1}
$data merge entity $(chest) {transformation: [-1.2738f,-0.0193f,-0.1081f,0.0146f,-0.028f,1.2741f,0.1031f,4.1163f,0.1061f,0.1051f,-1.2698f,-0.0568f,0f,0f,0f,1f],start_interpolation: 0,interpolation_duration: 1}
$data merge entity $(left_cheek) {transformation: [-0.9928f,-0.046f,0.1103f,0.5005f,-0.0478f,0.9988f,-0.0135f,3.1646f,-0.1095f,-0.0187f,-0.9938f,-0.5626f,0f,0f,0f,1f],start_interpolation: 0,interpolation_duration: 1}
$data merge entity $(left_foot) {transformation: [-1.0221f,-0.0217f,-0.0071f,0.7706f,-0.0165f,0.9226f,-0.4401f,-4.2811f,0.0157f,-0.4399f,-0.9227f,2.4571f,0f,0f,0f,1f],start_interpolation: 0,interpolation_duration: 1}
$data merge entity $(left_knee) {transformation: [-3.041f,-0.0554f,-0.0391f,0.7796f,-0.0491f,3.0082f,-0.4478f,-0.1346f,0.0468f,-0.447f,-3.0083f,1.714f,0f,0f,0f,1f],start_interpolation: 0,interpolation_duration: 1}
$data merge entity $(left_leg) {transformation: [-1.7175f,-0.0372f,-0.0091f,0.6487f,-0.0277f,1.4881f,-0.8581f,2.2733f,0.0264f,-0.8577f,-1.4883f,0.3846f,0f,0f,0f,1f],start_interpolation: 0,interpolation_duration: 1}
$data merge entity $(right_cheek) {transformation: [-0.9864f,0.0992f,0.1311f,-0.3146f,0.1256f,0.9691f,0.2123f,3.298f,-0.106f,0.2259f,-0.9684f,-0.709f,0f,0f,0f,1f],start_interpolation: 0,interpolation_duration: 1}
$data merge entity $(right_foot) {transformation: [-1.0223f,-0.015f,-0.0022f,-0.5342f,-0.0149f,0.9655f,0.336f,-4.4217f,-0.0029f,0.336f,-0.9656f,-2.4956f,0f,0f,0f,1f],start_interpolation: 0,interpolation_duration: 1}
$data merge entity $(right_knee) {transformation: [-3.0414f,-0.0445f,-0.0077f,-0.6834f,-0.0443f,2.8459f,1.0729f,-0.4403f,-0.0085f,1.0729f,-2.8462f,-1.1274f,0f,0f,0f,1f],start_interpolation: 0,interpolation_duration: 1}
$data merge entity $(right_leg) {transformation: [-1.7178f,-0.0254f,-0.0024f,-0.6525f,-0.025f,1.6488f,0.482f,2.188f,-0.0048f,0.482f,-1.649f,-0.3067f,0f,0f,0f,1f],start_interpolation: 0,interpolation_duration: 1}
$data merge entity $(weist) {transformation: [-1.5989f,-0.0239f,0.2736f,0.0267f,0f,1.6162f,0.1414f,3.7653f,-0.2746f,0.1394f,-1.5928f,-0.1273f,0f,0f,0f,1f],start_interpolation: 0,interpolation_duration: 1}
data modify storage animated_java:temp entry.data merge value {"locators":{"consume":{"px":-1.3800521752,"py":2.0934901978,"pz":2.3472425189,"ry":334.8836660963,"rx":-47.845785229}}}
# Data Manager: Prepare for Read / Write
execute store result storage animated_java:temp args.id int 1 run scoreboard players get @s aj.id
# Data Manager: Write
function animated_java:global/data_manager/write with storage animated_java:temp args