# This file was generated by Animated Java via MC-Build. It is not recommended to edit this file directly.
$data merge entity $(neck) {transformation: [-0.997f,-0.0137f,-0.0761f,-0.0142f,-0.0201f,0.9962f,0.0848f,5.96f,0.0747f,0.0861f,-0.9935f,0.0668f,0f,0f,0f,1f],start_interpolation: 0,interpolation_duration: 1}
$data merge entity $(right_thumb_2) {transformation: [-0.9583f,-0.0649f,-0.2783f,-1.3332f,0.1574f,0.6928f,-0.7038f,2.6492f,0.2385f,-0.7182f,-0.6537f,2.1969f,0f,0f,0f,1f],start_interpolation: 0,interpolation_duration: 1}
$data merge entity $(right_thumb) {transformation: [-0.9583f,-0.2043f,-0.1998f,-1.5382f,0.1574f,0.2062f,-0.9658f,2.7525f,0.2385f,-0.957f,-0.1654f,1.9267f,0f,0f,0f,1f],start_interpolation: 0,interpolation_duration: 1}
$data merge entity $(right_fingers2) {transformation: [0.6841f,-0.6769f,-0.2715f,-1.3712f,-0.5829f,-0.2836f,-0.7615f,2.2067f,0.4384f,0.6792f,-0.5886f,2.4188f,0f,0f,0f,1f],start_interpolation: 0,interpolation_duration: 1}
$data merge entity $(right_fingers) {transformation: [-0.5128f,-0.8144f,-0.2715f,-1.6197f,-0.403f,0.5077f,-0.7615f,2.3344f,0.758f,-0.281f,-0.5886f,2.3558f,0f,0f,0f,1f],start_interpolation: 0,interpolation_duration: 1}
$data merge entity $(scout) {transformation: [0f,0f,0f,-1.4828f,0f,0f,0f,2.2535f,0f,0f,0f,2.2161f,0f,0f,0f,1f],start_interpolation: 0,interpolation_duration: 1}
$data merge entity $(right_hand) {transformation: [-0.9583f,-0.0889f,-0.2715f,-1.6815f,0.1574f,0.6288f,-0.7615f,2.6862f,0.2385f,-0.7725f,-0.5886f,1.8542f,0f,0f,0f,1f],start_interpolation: 0,interpolation_duration: 1}
$data merge entity $(right_forearm) {transformation: [-1.1978f,-0.1225f,0.6689f,-1.7919f,-0.5883f,0.8661f,-0.8949f,3.9824f,-0.341f,-1.064f,-0.8055f,0.2367f,0f,0f,0f,1f],start_interpolation: 0,interpolation_duration: 1}
$data merge entity $(right_shoulder) {transformation: [-1.4007f,0.4066f,-0.1505f,-1.009f,0.4115f,1.407f,-0.029f,5.6158f,0.1364f,-0.0699f,-1.4582f,0.1709f,0f,0f,0f,1f],start_interpolation: 0,interpolation_duration: 1}
$data merge entity $(right_arm) {transformation: [-0.997f,-0.0147f,-0.0759f,-0.4516f,-0.0201f,0.9973f,0.0712f,5.9167f,0.0747f,0.0725f,-0.9946f,0.1414f,0f,0f,0f,1f],start_interpolation: 0,interpolation_duration: 1}
$data merge entity $(left_thumb_2) {transformation: [-0.994f,-0.1096f,-0.0029f,1.743f,-0.1096f,0.9929f,0.0459f,2.043f,-0.0022f,0.046f,-0.9989f,-0.7738f,0f,0f,0f,1f],start_interpolation: 0,interpolation_duration: 1}
$data merge entity $(left_thumb) {transformation: [-0.994f,-0.094f,0.0565f,1.8594f,-0.1096f,0.8621f,-0.4948f,2.3436f,-0.0022f,-0.498f,-0.8672f,-0.9215f,0f,0f,0f,1f],start_interpolation: 0,interpolation_duration: 1}
$data merge entity $(left_fingers2) {transformation: [0.5551f,0.8318f,0.0067f,1.8128f,0.8312f,-0.5544f,-0.0408f,1.5931f,-0.0302f,0.0282f,-0.9991f,-0.9718f,0f,0f,0f,1f],start_interpolation: 0,interpolation_duration: 1}
$data merge entity $(left_fingers) {transformation: [-0.6919f,0.722f,0.0067f,2.0381f,0.7212f,0.6915f,-0.0408f,1.7695f,-0.0341f,-0.0234f,-0.9991f,-0.9849f,0f,0f,0f,1f],start_interpolation: 0,interpolation_duration: 1}
$data merge entity $(left_hand) {transformation: [-0.994f,-0.1094f,0.0067f,1.9662f,-0.1096f,0.9931f,-0.0408f,2.3771f,-0.0022f,-0.0413f,-0.9991f,-1.0544f,0f,0f,0f,1f],start_interpolation: 0,interpolation_duration: 1}
$data merge entity $(left_forearm) {transformation: [-0.9746f,-0.1507f,-0.9615f,1.6637f,-0.067f,1.3679f,-0.1465f,4.429f,0.971f,-0.0568f,-0.9752f,-1.1351f,0f,0f,0f,1f],start_interpolation: 0,interpolation_duration: 1}
$data merge entity $(left_shoulder) {transformation: [-1.3877f,-0.3257f,-0.3436f,0.998f,-0.4679f,1.1062f,0.841f,5.6564f,0.0724f,0.9056f,-1.1509f,0.0206f,0f,0f,0f,1f],start_interpolation: 0,interpolation_duration: 1}
$data merge entity $(left_arm) {transformation: [-0.997f,-0.0147f,-0.0759f,0.4308f,-0.0201f,0.9973f,0.0712f,5.9345f,0.0747f,0.0725f,-0.9946f,0.0753f,0f,0f,0f,1f],start_interpolation: 0,interpolation_duration: 1}
$data merge entity $(chest) {transformation: [-1.2747f,-0.0188f,-0.0971f,0.0135f,-0.0257f,1.275f,0.091f,4.127f,0.0954f,0.0927f,-1.2716f,-0.057f,0f,0f,0f,1f],start_interpolation: 0,interpolation_duration: 1}
$data merge entity $(left_cheek) {transformation: [-0.9944f,-0.0346f,0.0996f,0.4975f,-0.0347f,0.9994f,0.0002f,3.1625f,-0.0996f,-0.0033f,-0.995f,-0.5643f,0f,0f,0f,1f],start_interpolation: 0,interpolation_duration: 1}
$data merge entity $(left_foot) {transformation: [-1.0222f,-0.0166f,-0.0006f,0.7454f,-0.0147f,0.9202f,-0.4454f,-4.4881f,0.0078f,-0.4453f,-0.9203f,2.0348f,0f,0f,0f,1f],start_interpolation: 0,interpolation_duration: 1}
$data merge entity $(left_knee) {transformation: [-3.0413f,-0.0459f,-0.0186f,0.7685f,-0.0438f,3.0257f,-0.3088f,-0.3119f,0.0232f,-0.3085f,-3.026f,1.4834f,0f,0f,0f,1f],start_interpolation: 0,interpolation_duration: 1}
$data merge entity $(left_leg) {transformation: [-1.7177f,-0.0279f,-0.0016f,0.6523f,-0.0247f,1.5611f,-0.7168f,2.2091f,0.0131f,-0.7167f,-1.5613f,0.3816f,0f,0f,0f,1f],start_interpolation: 0,interpolation_duration: 1}
$data merge entity $(right_cheek) {transformation: [-0.984f,0.1159f,0.1356f,-0.3216f,0.1423f,0.9684f,0.205f,3.2814f,-0.1075f,0.221f,-0.9693f,-0.6796f,0f,0f,0f,1f],start_interpolation: 0,interpolation_duration: 1}
$data merge entity $(right_foot) {transformation: [-1.0223f,-0.0136f,-0.0038f,-0.5468f,-0.0137f,0.8922f,0.499f,-4.2004f,-0.0033f,0.499f,-0.8923f,-2.7331f,0f,0f,0f,1f],start_interpolation: 0,interpolation_duration: 1}
$data merge entity $(right_knee) {transformation: [-3.0414f,-0.0412f,-0.0088f,-0.6914f,-0.0409f,2.7405f,1.3191f,-0.3547f,-0.0099f,1.319f,-2.7408f,-1.02f,0f,0f,0f,1f],start_interpolation: 0,interpolation_duration: 1}
$data merge entity $(right_leg) {transformation: [-1.7178f,-0.0238f,-0.0003f,-0.658f,-0.0231f,1.6643f,0.4253f,2.3002f,-0.0056f,0.4252f,-1.6645f,-0.2897f,0f,0f,0f,1f],start_interpolation: 0,interpolation_duration: 1}
$data merge entity $(weist) {transformation: [-1.6022f,-0.0222f,0.2536f,0.0247f,0f,1.6162f,0.1414f,3.7759f,-0.2546f,0.1396f,-1.5961f,-0.1276f,0f,0f,0f,1f],start_interpolation: 0,interpolation_duration: 1}
data modify storage animated_java:temp entry.data merge value {"locators":{"consume":{"px":-1.4106522553,"py":2.1758130725,"pz":2.3488913895,"ry":335.2339474744,"rx":-49.5934692706}}}
# Data Manager: Prepare for Read / Write
execute store result storage animated_java:temp args.id int 1 run scoreboard players get @s aj.id
# Data Manager: Write
function animated_java:global/data_manager/write with storage animated_java:temp args