# This file was generated by Animated Java via MC-Build. It is not recommended to edit this file directly.
$data merge entity $(neck) {transformation: [-0.9979f,-0.012f,-0.0642f,-0.014f,-0.0175f,0.9962f,0.0854f,5.955f,0.0629f,0.0863f,-0.9943f,0.0414f,0f,0f,0f,1f],start_interpolation: 0,interpolation_duration: 1}
$data merge entity $(right_thumb_2) {transformation: [-0.9641f,-0.0508f,-0.2606f,-1.385f,0.1591f,0.6752f,-0.7203f,2.6995f,0.2125f,-0.7359f,-0.6429f,2.145f,0f,0f,0f,1f],start_interpolation: 0,interpolation_duration: 1}
$data merge entity $(right_thumb) {transformation: [-0.9641f,-0.1828f,-0.1925f,-1.584f,0.1591f,0.1824f,-0.9703f,2.7954f,0.2125f,-0.9661f,-0.1468f,1.8678f,0f,0f,0f,1f],start_interpolation: 0,interpolation_duration: 1}
$data merge entity $(right_fingers2) {transformation: [0.6759f,-0.6914f,-0.2552f,-1.4264f,-0.5695f,-0.2701f,-0.7764f,2.2622f,0.4679f,0.67f,-0.5763f,2.3765f,0f,0f,0f,1f],start_interpolation: 0,interpolation_duration: 1}
$data merge entity $(right_fingers) {transformation: [-0.5288f,-0.8095f,-0.2552f,-1.6739f,-0.3869f,0.4975f,-0.7764f,2.3874f,0.7554f,-0.3118f,-0.5763f,2.3048f,0f,0f,0f,1f],start_interpolation: 0,interpolation_duration: 1}
$data merge entity $(scout) {transformation: [0f,0f,0f,-1.5335f,0f,0f,0f,2.3037f,0f,0f,0f,2.1703f,0f,0f,0f,1f],start_interpolation: 0,interpolation_duration: 1}
$data merge entity $(right_hand) {transformation: [-0.9641f,-0.0733f,-0.2552f,-1.7254f,0.1591f,0.6098f,-0.7764f,2.7268f,0.2125f,-0.7891f,-0.5763f,1.7935f,0f,0f,0f,1f],start_interpolation: 0,interpolation_duration: 1}
$data merge entity $(right_forearm) {transformation: [-1.1875f,-0.1009f,0.6904f,-1.8029f,-0.6012f,0.84f,-0.9111f,3.9837f,-0.3543f,-1.0869f,-0.7683f,0.1435f,0f,0f,0f,1f],start_interpolation: 0,interpolation_duration: 1}
$data merge entity $(right_shoulder) {transformation: [-1.4015f,0.4151f,-0.1161f,-1.0106f,0.4156f,1.4061f,0.0093f,5.6139f,0.114f,-0.024f,-1.4616f,0.1382f,0f,0f,0f,1f],start_interpolation: 0,interpolation_duration: 1}
$data merge entity $(right_arm) {transformation: [-0.9979f,-0.0138f,-0.0639f,-0.4524f,-0.0175f,0.9982f,0.0578f,5.9134f,0.0629f,0.0588f,-0.9963f,0.1113f,0f,0f,0f,1f],start_interpolation: 0,interpolation_duration: 1}
$data merge entity $(left_thumb_2) {transformation: [-0.9944f,-0.1034f,0.0211f,1.7453f,-0.1023f,0.9935f,0.0497f,1.9754f,-0.0261f,0.0473f,-0.9985f,-0.7076f,0f,0f,0f,1f],start_interpolation: 0,interpolation_duration: 1}
$data merge entity $(left_thumb) {transformation: [-0.9944f,-0.0759f,0.0733f,1.8673f,-0.1023f,0.8646f,-0.4919f,2.2757f,-0.0261f,-0.4967f,-0.8676f,-0.8513f,0f,0f,0f,1f],start_interpolation: 0,interpolation_duration: 1}
$data merge entity $(left_fingers2) {transformation: [0.5617f,0.8268f,0.03f,1.8165f,0.8272f,-0.5606f,-0.0371f,1.5258f,-0.0138f,0.0457f,-0.9989f,-0.9056f,0f,0f,0f,1f],start_interpolation: 0,interpolation_duration: 1}
$data merge entity $(left_fingers) {transformation: [-0.6856f,0.7273f,0.03f,2.0433f,0.7264f,0.6863f,-0.0371f,1.7006f,-0.0476f,-0.0036f,-0.9989f,-0.9126f,0f,0f,0f,1f],start_interpolation: 0,interpolation_duration: 1}
$data merge entity $(left_hand) {transformation: [-0.9944f,-0.1012f,0.03f,1.9775f,-0.1023f,0.9941f,-0.0371f,2.309f,-0.0261f,-0.0399f,-0.9989f,-0.9815f,0f,0f,0f,1f],start_interpolation: 0,interpolation_duration: 1}
$data merge entity $(left_forearm) {transformation: [-0.9977f,-0.1394f,-0.9393f,1.692f,-0.0635f,1.3692f,-0.1357f,4.3634f,0.9474f,-0.055f,-0.9982f,-1.0612f,0f,0f,0f,1f],start_interpolation: 0,interpolation_duration: 1}
$data merge entity $(left_shoulder) {transformation: [-1.3893f,-0.3477f,-0.3142f,0.9981f,-0.4645f,1.1519f,0.7792f,5.6491f,0.0621f,0.8379f,-1.2016f,0.0115f,0f,0f,0f,1f],start_interpolation: 0,interpolation_duration: 1}
$data merge entity $(left_arm) {transformation: [-0.9979f,-0.0138f,-0.0639f,0.4308f,-0.0175f,0.9982f,0.0578f,5.9288f,0.0629f,0.0588f,-0.9963f,0.0556f,0f,0f,0f,1f],start_interpolation: 0,interpolation_duration: 1}
$data merge entity $(chest) {transformation: [-1.2758f,-0.0176f,-0.0816f,0.0119f,-0.0224f,1.2762f,0.074f,4.1204f,0.0805f,0.0752f,-1.2738f,-0.0573f,0f,0f,0f,1f],start_interpolation: 0,interpolation_duration: 1}
$data merge entity $(left_cheek) {transformation: [-0.9955f,-0.0242f,0.0912f,0.5045f,-0.0211f,0.9992f,0.0346f,3.1736f,-0.092f,0.0325f,-0.9952f,-0.5558f,0f,0f,0f,1f],start_interpolation: 0,interpolation_duration: 1}
$data merge entity $(left_foot) {transformation: [-1.0222f,-0.0079f,0.0148f,0.709f,-0.0112f,0.9923f,-0.246f,-4.722f,-0.0124f,-0.2461f,-0.9922f,1.3432f,0f,0f,0f,1f],start_interpolation: 0,interpolation_duration: 1}
$data merge entity $(left_knee) {transformation: [-3.0413f,-0.0325f,0.0379f,0.7529f,-0.0335f,3.0405f,-0.0799f,-0.5162f,-0.037f,-0.0803f,-3.0405f,1.1088f,0f,0f,0f,1f],start_interpolation: 0,interpolation_duration: 1}
$data merge entity $(left_leg) {transformation: [-1.7177f,-0.012f,0.0255f,0.6616f,-0.0189f,1.6428f,-0.5024f,2.1295f,-0.0209f,-0.5026f,-1.6427f,0.3509f,0f,0f,0f,1f],start_interpolation: 0,interpolation_duration: 1}
$data merge entity $(right_cheek) {transformation: [-0.9841f,0.1176f,0.1333f,-0.3443f,0.1427f,0.9699f,0.1974f,3.2804f,-0.1061f,0.2132f,-0.9712f,-0.6682f,0f,0f,0f,1f],start_interpolation: 0,interpolation_duration: 1}
$data merge entity $(right_foot) {transformation: [-1.0223f,-0.0107f,-0.0061f,-0.5734f,-0.0121f,0.7698f,0.6727f,-3.9644f,-0.0024f,0.6727f,-0.7699f,-2.9474f,0f,0f,0f,1f],start_interpolation: 0,interpolation_duration: 1}
$data merge entity $(right_knee) {transformation: [-3.0415f,-0.0344f,-0.0129f,-0.7089f,-0.036f,2.585f,1.6027f,-0.3222f,-0.0072f,1.6028f,-2.5852f,-0.8351f,0f,0f,0f,1f],start_interpolation: 0,interpolation_duration: 1}
$data merge entity $(right_leg) {transformation: [-1.7178f,-0.0208f,-0.0001f,-0.6706f,-0.0204f,1.6824f,0.3472f,2.3637f,-0.0041f,0.3472f,-1.6825f,-0.2294f,0f,0f,0f,1f],start_interpolation: 0,interpolation_duration: 1}
$data merge entity $(weist) {transformation: [-1.6069f,-0.0195f,0.2227f,0.0217f,0f,1.6162f,0.1414f,3.7693f,-0.2235f,0.14f,-1.6008f,-0.1281f,0f,0f,0f,1f],start_interpolation: 0,interpolation_duration: 1}
data modify storage animated_java:temp entry.data merge value {"locators":{"consume":{"px":-1.4641993427,"py":2.2294968662,"pz":2.3064626024,"ry":336.1157467004,"rx":-50.9305390924}}}
# Data Manager: Prepare for Read / Write
execute store result storage animated_java:temp args.id int 1 run scoreboard players get @s aj.id
# Data Manager: Write
function animated_java:global/data_manager/write with storage animated_java:temp args