# This file was generated by Animated Java via MC-Build. It is not recommended to edit this file directly.
$data merge entity $(neck) {transformation: [-0.9987f,-0.0099f,-0.0507f,-0.0129f,-0.0142f,0.9962f,0.086f,5.9196f,0.0497f,0.0866f,-0.995f,0.0122f,0f,0f,0f,1f],start_interpolation: 0,interpolation_duration: 1}
$data merge entity $(right_thumb_2) {transformation: [-0.9701f,-0.0309f,-0.2407f,-1.4498f,0.1599f,0.6648f,-0.7297f,2.7027f,0.1826f,-0.7463f,-0.64f,2.0565f,0f,0f,0f,1f],start_interpolation: 0,interpolation_duration: 1}
$data merge entity $(right_thumb) {transformation: [-0.9701f,-0.1554f,-0.1864f,-1.6411f,0.1599f,0.1687f,-0.9726f,2.7944f,0.1826f,-0.9733f,-0.1388f,1.7724f,0f,0f,0f,1f],start_interpolation: 0,interpolation_duration: 1}
$data merge entity $(right_fingers2) {transformation: [0.6633f,-0.7098f,-0.2371f,-1.4971f,-0.5614f,-0.2624f,-0.7848f,2.2686f,0.4949f,0.6537f,-0.5725f,2.2928f,0f,0f,0f,1f],start_interpolation: 0,interpolation_duration: 1}
$data merge entity $(right_fingers) {transformation: [-0.5495f,-0.8012f,-0.2371f,-1.7427f,-0.3777f,0.4913f,-0.7848f,2.3922f,0.7453f,-0.3417f,-0.5725f,2.2122f,0f,0f,0f,1f],start_interpolation: 0,interpolation_duration: 1}
$data merge entity $(scout) {transformation: [0f,0f,0f,-1.5983f,0f,0f,0f,2.307f,0f,0f,0f,2.083f,0f,0f,0f,1f],start_interpolation: 0,interpolation_duration: 1}
$data merge entity $(right_hand) {transformation: [-0.9701f,-0.0518f,-0.2371f,-1.7801f,0.1599f,0.5987f,-0.7848f,2.7245f,0.1826f,-0.7993f,-0.5725f,1.6951f,0f,0f,0f,1f],start_interpolation: 0,interpolation_duration: 1}
$data merge entity $(right_forearm) {transformation: [-1.1758f,-0.0714f,0.7139f,-1.8127f,-0.6087f,0.8247f,-0.9201f,3.9582f,-0.3797f,-1.1009f,-0.7355f,0.0262f,0f,0f,0f,1f],start_interpolation: 0,interpolation_duration: 1}
$data merge entity $(right_shoulder) {transformation: [-1.4018f,0.4234f,-0.074f,-1.0115f,0.4206f,1.4033f,0.0611f,5.5823f,0.0885f,0.0372f,-1.4631f,0.1008f,0f,0f,0f,1f],start_interpolation: 0,interpolation_duration: 1}
$data merge entity $(right_arm) {transformation: [-0.9987f,-0.0121f,-0.0502f,-0.4523f,-0.0142f,0.999f,0.0425f,5.8801f,0.0497f,0.0431f,-0.9978f,0.0768f,0f,0f,0f,1f],start_interpolation: 0,interpolation_duration: 1}
$data merge entity $(left_thumb_2) {transformation: [-0.9939f,-0.0987f,0.0494f,1.752f,-0.097f,0.9946f,0.0364f,1.8746f,-0.0527f,0.0314f,-0.9981f,-0.5775f,0f,0f,0f,1f],start_interpolation: 0,interpolation_duration: 1}
$data merge entity $(left_thumb) {transformation: [-0.9939f,-0.0567f,0.0947f,1.8798f,-0.097f,0.8584f,-0.5037f,2.1723f,-0.0527f,-0.5098f,-0.8587f,-0.7216f,0f,0f,0f,1f],start_interpolation: 0,interpolation_duration: 1}
$data merge entity $(left_fingers2) {transformation: [0.5668f,0.8218f,0.0578f,1.826f,0.8238f,-0.5646f,-0.0504f,1.422f,-0.0088f,0.0762f,-0.9971f,-0.7676f,0f,0f,0f,1f],start_interpolation: 0,interpolation_duration: 1}
$data merge entity $(left_fingers) {transformation: [-0.6797f,0.7312f,0.0578f,2.054f,0.7295f,0.6821f,-0.0504f,1.5954f,-0.0763f,0.0079f,-0.9971f,-0.7705f,0f,0f,0f,1f],start_interpolation: 0,interpolation_duration: 1}
$data merge entity $(left_hand) {transformation: [-0.9939f,-0.0941f,0.0578f,1.9938f,-0.097f,0.994f,-0.0504f,2.2032f,-0.0527f,-0.0557f,-0.9971f,-0.8491f,0f,0f,0f,1f],start_interpolation: 0,interpolation_duration: 1}
$data merge entity $(left_forearm) {transformation: [-1.0243f,-0.1295f,-0.9117f,1.723f,-0.0453f,1.3691f,-0.1436f,4.2579f,0.9197f,-0.0768f,-1.0224f,-0.9637f,0f,0f,0f,1f],start_interpolation: 0,interpolation_duration: 1}
$data merge entity $(left_shoulder) {transformation: [-1.3912f,-0.3713f,-0.2767f,0.9988f,-0.4603f,1.2043f,0.6983f,5.6109f,0.0505f,0.7495f,-1.2592f,0.0008f,0f,0f,0f,1f],start_interpolation: 0,interpolation_duration: 1}
$data merge entity $(left_arm) {transformation: [-0.9987f,-0.0121f,-0.0502f,0.4317f,-0.0142f,0.999f,0.0425f,5.8927f,0.0497f,0.0431f,-0.9978f,0.0329f,0f,0f,0f,1f],start_interpolation: 0,interpolation_duration: 1}
$data merge entity $(chest) {transformation: [-1.2768f,-0.0154f,-0.0642f,0.0097f,-0.0182f,1.2773f,0.0543f,4.0837f,0.0635f,0.0551f,-1.2758f,-0.0575f,0f,0f,0f,1f],start_interpolation: 0,interpolation_duration: 1}
$data merge entity $(left_cheek) {transformation: [-0.9961f,-0.0203f,0.0858f,0.518f,-0.0143f,0.9974f,0.0703f,3.1803f,-0.087f,0.0688f,-0.9938f,-0.549f,0f,0f,0f,1f],start_interpolation: 0,interpolation_duration: 1}
$data merge entity $(left_foot) {transformation: [-1.0218f,-0.0097f,0.0322f,0.6998f,-0.0072f,1.0194f,0.0772f,-4.8822f,-0.0329f,0.0769f,-1.0189f,0.5235f,0f,0f,0f,1f],start_interpolation: 0,interpolation_duration: 1}
$data merge entity $(left_knee) {transformation: [-3.0401f,-0.0289f,0.0959f,0.751f,-0.0216f,3.033f,0.2297f,-0.6745f,-0.0978f,0.2289f,-3.0315f,0.719f,0f,0f,0f,1f],start_interpolation: 0,interpolation_duration: 1}
$data merge entity $(left_leg) {transformation: [-1.717f,-0.0025f,0.0565f,0.6739f,-0.0122f,1.6926f,-0.2939f,2.0453f,-0.0552f,-0.2941f,-1.6917f,0.2951f,0f,0f,0f,1f],start_interpolation: 0,interpolation_duration: 1}
$data merge entity $(right_cheek) {transformation: [-0.9866f,0.1033f,0.1263f,-0.3631f,0.1248f,0.9764f,0.1764f,3.2408f,-0.1051f,0.1898f,-0.9762f,-0.6652f,0f,0f,0f,1f],start_interpolation: 0,interpolation_duration: 1}
$data merge entity $(right_foot) {transformation: [-1.0223f,-0.0063f,-0.0079f,-0.6019f,-0.0101f,0.6064f,0.823f,-3.766f,-0.0004f,0.8231f,-0.6065f,-3.1494f,0f,0f,0f,1f],start_interpolation: 0,interpolation_duration: 1}
$data merge entity $(right_knee) {transformation: [-3.0416f,-0.0244f,-0.0175f,-0.7236f,-0.03f,2.3907f,1.8803f,-0.3811f,-0.0013f,1.8804f,-2.3909f,-0.6447f,0f,0f,0f,1f],start_interpolation: 0,interpolation_duration: 1}
$data merge entity $(right_leg) {transformation: [-1.7179f,-0.0169f,-0.0017f,-0.6791f,-0.0169f,1.6994f,0.251f,2.3348f,-0.0007f,0.251f,-1.6995f,-0.1927f,0f,0f,0f,1f],start_interpolation: 0,interpolation_duration: 1}
$data merge entity $(weist) {transformation: [-1.6119f,-0.016f,0.1827f,0.0178f,0f,1.6162f,0.1414f,3.7326f,-0.1834f,0.1405f,-1.6058f,-0.1286f,0f,0f,0f,1f],start_interpolation: 0,interpolation_duration: 1}
data modify storage animated_java:temp entry.data merge value {"locators":{"consume":{"px":-1.5327913164,"py":2.2348424861,"pz":2.2221039721,"ry":337.5024958286,"rx":-51.7061967902}}}
# Data Manager: Prepare for Read / Write
execute store result storage animated_java:temp args.id int 1 run scoreboard players get @s aj.id
# Data Manager: Write
function animated_java:global/data_manager/write with storage animated_java:temp args
execute unless entity @s[tag=aj.transforms_only] at @s run function animated_java:female/animations/walk/zzz/frames/19_root_function