# This file was generated by Animated Java via MC-Build. It is not recommended to edit this file directly.
$data merge entity $(neck) {transformation: [-0.9976f,0.0137f,0.0681f,0.0144f,0.0195f,0.9962f,0.085f,5.9604f,-0.0667f,0.0861f,-0.9941f,0.0601f,0f,0f,0f,1f],start_interpolation: 0,interpolation_duration: 1}
$data merge entity $(right_thumb_2) {transformation: [-0.994f,0.1095f,-0.0052f,-1.7478f,0.1092f,0.9931f,0.0424f,2.0397f,0.0098f,0.0416f,-0.9991f,-0.7525f,0f,0f,0f,1f],start_interpolation: 0,interpolation_duration: 1}
$data merge entity $(right_thumb) {transformation: [-0.994f,0.0896f,-0.0632f,-1.8655f,0.1092f,0.8604f,-0.4979f,2.3397f,0.0098f,-0.5018f,-0.865f,-0.9003f,0f,0f,0f,1f],start_interpolation: 0,interpolation_duration: 1}
$data merge entity $(right_fingers2) {transformation: [0.5557f,-0.8313f,-0.0147f,-1.819f,-0.8309f,-0.5546f,-0.0443f,1.5891f,0.0287f,0.0369f,-0.9989f,-0.9483f,0f,0f,0f,1f],start_interpolation: 0,interpolation_duration: 1}
$data merge entity $(right_fingers) {transformation: [-0.6913f,-0.7224f,-0.0147f,-2.0445f,-0.7213f,0.6912f,-0.0443f,1.7654f,0.0422f,-0.02f,-0.9989f,-0.9602f,0f,0f,0f,1f],start_interpolation: 0,interpolation_duration: 1}
$data merge entity $(scout) {transformation: [0f,0f,0f,-1.865f,0f,0f,0f,1.7858f,0f,0f,0f,-1.0705f,0f,0f,0f,1f],start_interpolation: 0,interpolation_duration: 1}
$data merge entity $(right_hand) {transformation: [-0.994f,0.1087f,-0.0147f,-1.9734f,0.1092f,0.993f,-0.0443f,2.3728f,0.0098f,-0.0457f,-0.9989f,-1.0324f,0f,0f,0f,1f],start_interpolation: 0,interpolation_duration: 1}
$data merge entity $(right_forearm) {transformation: [-0.9824f,0.1497f,0.9537f,-1.6725f,0.0632f,1.3678f,-0.1495f,4.4245f,-0.9633f,-0.0629f,-0.9824f,-1.1229f,0f,0f,0f,1f],start_interpolation: 0,interpolation_duration: 1}
$data merge entity $(right_shoulder) {transformation: [-1.3884f,0.3325f,0.334f,-0.998f,0.467f,1.1095f,0.837f,5.6562f,-0.0629f,0.899f,-1.1566f,0.0231f,0f,0f,0f,1f],start_interpolation: 0,interpolation_duration: 1}
$data merge entity $(right_arm) {transformation: [-0.9976f,0.0149f,0.0679f,-0.4305f,0.0195f,0.9975f,0.0677f,5.9348f,-0.0667f,0.0689f,-0.9954f,0.0723f,0f,0f,0f,1f],start_interpolation: 0,interpolation_duration: 1}
$data merge entity $(left_thumb_2) {transformation: [-0.9601f,0.0589f,0.2733f,1.352f,-0.1586f,0.6903f,-0.706f,2.6578f,-0.2302f,-0.7212f,-0.6534f,2.1912f,0f,0f,0f,1f],start_interpolation: 0,interpolation_duration: 1}
$data merge entity $(left_thumb) {transformation: [-0.9601f,0.1965f,0.1989f,1.5547f,-0.1586f,0.2028f,-0.9663f,2.7602f,-0.2302f,-0.9593f,-0.1636f,1.919f,0f,0f,0f,1f],start_interpolation: 0,interpolation_duration: 1}
$data merge entity $(left_fingers2) {transformation: [0.6803f,0.6825f,0.2671f,1.3919f,0.5816f,-0.2809f,-0.7634f,2.2161f,-0.446f,0.6747f,-0.5881f,2.4144f,0f,0f,0f,1f],start_interpolation: 0,interpolation_duration: 1}
$data merge entity $(left_fingers) {transformation: [-0.5191f,0.8119f,0.2671f,1.6398f,0.4001f,0.507f,-0.7634f,2.3437f,-0.7553f,-0.2894f,-0.5881f,2.3489f,0f,0f,0f,1f],start_interpolation: 0,interpolation_duration: 1}
$data merge entity $(left_hand) {transformation: [-0.9601f,0.0825f,0.2671f,1.6975f,-0.1586f,0.6261f,-0.7634f,2.6937f,-0.2302f,-0.7754f,-0.5881f,1.8455f,0f,0f,0f,1f],start_interpolation: 0,interpolation_duration: 1}
$data merge entity $(left_forearm) {transformation: [-1.1953f,0.1136f,-0.6749f,1.7943f,0.589f,0.8624f,-0.8981f,3.9842f,0.3485f,-1.068f,-0.7969f,0.2227f,0f,0f,0f,1f],start_interpolation: 0,interpolation_duration: 1}
$data merge entity $(left_shoulder) {transformation: [-1.4015f,-0.4078f,0.1388f,1.0101f,-0.4126f,1.4066f,-0.0341f,5.6171f,-0.1236f,-0.0716f,-1.4593f,0.1574f,0f,0f,0f,1f],start_interpolation: 0,interpolation_duration: 1}
$data merge entity $(left_arm) {transformation: [-0.9976f,0.0149f,0.0679f,0.4524f,0.0195f,0.9975f,0.0677f,5.9176f,-0.0667f,0.0689f,-0.9954f,0.1313f,0f,0f,0f,1f],start_interpolation: 0,interpolation_duration: 1}
$data merge entity $(chest) {transformation: [-1.2755f,0.019f,0.0868f,-0.0135f,0.0249f,1.2754f,0.0866f,4.127f,-0.0853f,0.088f,-1.2727f,-0.057f,0f,0f,0f,1f],start_interpolation: 0,interpolation_duration: 1}
$data merge entity $(left_cheek) {transformation: [-0.9856f,-0.1016f,-0.1349f,0.3216f,-0.1281f,0.9703f,0.2052f,3.2814f,0.11f,0.2196f,-0.9694f,-0.6796f,0f,0f,0f,1f],start_interpolation: 0,interpolation_duration: 1}
$data merge entity $(left_foot) {transformation: [-1.0223f,0.0136f,0.0039f,0.5468f,0.0137f,0.8899f,0.5031f,-4.2004f,0.0033f,0.5031f,-0.89f,-2.7331f,0f,0f,0f,1f],start_interpolation: 0,interpolation_duration: 1}
$data merge entity $(left_knee) {transformation: [-3.0414f,0.0412f,0.0088f,0.6914f,0.0409f,2.7405f,1.3191f,-0.3547f,0.0099f,1.319f,-2.7408f,-1.02f,0f,0f,0f,1f],start_interpolation: 0,interpolation_duration: 1}
$data merge entity $(left_leg) {transformation: [-1.7178f,0.0238f,0.0003f,0.658f,0.0231f,1.6643f,0.4253f,2.3002f,0.0056f,0.4252f,-1.6645f,-0.2897f,0f,0f,0f,1f],start_interpolation: 0,interpolation_duration: 1}
$data merge entity $(right_cheek) {transformation: [-0.9944f,0.0346f,-0.0996f,-0.4975f,0.0347f,0.9994f,0.0002f,3.1625f,0.0996f,-0.0033f,-0.995f,-0.5643f,0f,0f,0f,1f],start_interpolation: 0,interpolation_duration: 1}
$data merge entity $(right_foot) {transformation: [-1.0222f,0.0166f,0.0006f,-0.7454f,0.0147f,0.9202f,-0.4454f,-4.4881f,-0.0078f,-0.4453f,-0.9203f,2.0348f,0f,0f,0f,1f],start_interpolation: 0,interpolation_duration: 1}
$data merge entity $(right_knee) {transformation: [-3.0413f,0.0459f,0.0186f,-0.7685f,0.0438f,3.0257f,-0.3088f,-0.3119f,-0.0232f,-0.3085f,-3.026f,1.4834f,0f,0f,0f,1f],start_interpolation: 0,interpolation_duration: 1}
$data merge entity $(right_leg) {transformation: [-1.7177f,0.0279f,0.0016f,-0.6523f,0.0247f,1.5611f,-0.7168f,2.2091f,-0.0131f,-0.7167f,-1.5613f,0.3816f,0f,0f,0f,1f],start_interpolation: 0,interpolation_duration: 1}
$data merge entity $(weist) {transformation: [-1.6022f,0.0222f,-0.2536f,-0.0247f,0f,1.6162f,0.1414f,3.7759f,0.2546f,0.1396f,-1.5961f,-0.1276f,0f,0f,0f,1f],start_interpolation: 0,interpolation_duration: 1}
data modify storage animated_java:temp entry.data merge value {"locators":{"consume":{"px":-1.8321689089,"py":1.6253454528,"pz":-1.0252602445,"ry":359.1561186508,"rx":-2.5407614934}}}
# Data Manager: Prepare for Read / Write
execute store result storage animated_java:temp args.id int 1 run scoreboard players get @s aj.id
# Data Manager: Write
function animated_java:global/data_manager/write with storage animated_java:temp args
execute unless entity @s[tag=aj.transforms_only] at @s run function animated_java:female/animations/walk/zzz/frames/2_root_function