# This file was generated by Animated Java via MC-Build. It is not recommended to edit this file directly.
$data merge entity $(neck) {transformation: [-0.9993f,-0.0073f,-0.0375f,-0.0106f,-0.0105f,0.9962f,0.0865f,5.9573f,0.0367f,0.0868f,-0.9955f,-0.017f,0f,0f,0f,1f],start_interpolation: 0,interpolation_duration: 1}
$data merge entity $(right_thumb_2) {transformation: [-0.9755f,-0.0075f,-0.22f,-1.52f,0.1596f,0.6643f,-0.7303f,2.7568f,0.1516f,-0.7475f,-0.6468f,1.9347f,0f,0f,0f,1f],start_interpolation: 0,interpolation_duration: 1}
$data merge entity $(right_thumb) {transformation: [-0.9755f,-0.1246f,-0.1815f,-1.7022f,0.1596f,0.1679f,-0.9728f,2.8481f,0.1516f,-0.9779f,-0.1439f,1.6446f,0f,0f,0f,1f],start_interpolation: 0,interpolation_duration: 1}
$data merge entity $(right_fingers2) {transformation: [0.6474f,-0.7301f,-0.2185f,-1.5746f,-0.5608f,-0.2622f,-0.7854f,2.3228f,0.5161f,0.631f,-0.5792f,2.1697f,0f,0f,0f,1f],start_interpolation: 0,interpolation_duration: 1}
$data merge entity $(right_fingers) {transformation: [-0.5727f,-0.7901f,-0.2185f,-1.8175f,-0.3773f,0.4907f,-0.7854f,2.4463f,0.7278f,-0.3673f,-0.5792f,2.0813f,0f,0f,0f,1f],start_interpolation: 0,interpolation_duration: 1}
$data merge entity $(scout) {transformation: [0f,0f,0f,-1.6691f,0f,0f,0f,2.361f,0f,0f,0f,1.9568f,0f,0f,0f,1f],start_interpolation: 0,interpolation_duration: 1}
$data merge entity $(right_hand) {transformation: [-0.9755f,-0.0267f,-0.2185f,-1.8387f,0.1596f,0.5981f,-0.7854f,2.7781f,0.1516f,-0.801f,-0.5792f,1.563f,0f,0f,0f,1f],start_interpolation: 0,interpolation_duration: 1}
$data merge entity $(right_forearm) {transformation: [-1.1629f,-0.0367f,0.7372f,-1.8188f,-0.6094f,0.8238f,-0.9204f,4.0105f,-0.4164f,-1.1032f,-0.7118f,-0.1071f,0f,0f,0f,1f],start_interpolation: 0,interpolation_duration: 1}
$data merge entity $(right_shoulder) {transformation: [-1.4016f,0.4298f,-0.0279f,-1.0114f,0.426f,1.3974f,0.1255f,5.6243f,0.0634f,0.1119f,-1.4606f,0.0636f,0f,0f,0f,1f],start_interpolation: 0,interpolation_duration: 1}
$data merge entity $(right_arm) {transformation: [-0.9993f,-0.0095f,-0.037f,-0.4509f,-0.0105f,0.9996f,0.027f,5.9201f,0.0367f,0.0273f,-0.999f,0.0424f,0f,0f,0f,1f],start_interpolation: 0,interpolation_duration: 1}
$data merge entity $(left_thumb_2) {transformation: [-0.9923f,-0.0949f,0.0796f,1.7584f,-0.0948f,0.9955f,0.0053f,1.8541f,-0.0798f,-0.0023f,-0.9968f,-0.3869f,0f,0f,0f,1f],start_interpolation: 0,interpolation_duration: 1}
$data merge entity $(left_thumb) {transformation: [-0.9923f,-0.0373f,0.1181f,1.8918f,-0.0948f,0.8424f,-0.5304f,2.1467f,-0.0798f,-0.5375f,-0.8395f,-0.5361f,0f,0f,0f,1f],start_interpolation: 0,interpolation_duration: 1}
$data merge entity $(left_fingers2) {transformation: [0.5707f,0.8165f,0.0876f,1.8359f,0.821f,-0.5651f,-0.0815f,1.3955f,-0.017f,0.1184f,-0.9928f,-0.5606f,0f,0f,0f,1f],start_interpolation: 0,interpolation_duration: 1}
$data merge entity $(left_fingers) {transformation: [-0.6736f,0.7339f,0.0876f,2.0647f,0.7294f,0.6792f,-0.0815f,1.5679f,-0.1193f,0.009f,-0.9928f,-0.5619f,0f,0f,0f,1f],start_interpolation: 0,interpolation_duration: 1}
$data merge entity $(left_hand) {transformation: [-0.9923f,-0.0876f,0.0876f,2.0098f,-0.0948f,0.9922f,-0.0815f,2.1732f,-0.0798f,-0.0891f,-0.9928f,-0.661f,0f,0f,0f,1f],start_interpolation: 0,interpolation_duration: 1}
$data merge entity $(left_forearm) {transformation: [-1.0517f,-0.1207f,-0.8811f,1.7522f,-0.013f,1.3666f,-0.1717f,4.2244f,0.8893f,-0.1228f,-1.0446f,-0.8469f,0f,0f,0f,1f],start_interpolation: 0,interpolation_duration: 1}
$data merge entity $(left_shoulder) {transformation: [-1.3931f,-0.3927f,-0.234f,1.0001f,-0.4555f,1.2568f,0.6024f,5.6455f,0.0392f,0.645f,-1.3161f,-0.0102f,0f,0f,0f,1f],start_interpolation: 0,interpolation_duration: 1}
$data merge entity $(left_arm) {transformation: [-0.9993f,-0.0095f,-0.037f,0.4335f,-0.0105f,0.9996f,0.027f,5.9294f,0.0367f,0.0273f,-0.999f,0.0099f,0f,0f,0f,1f],start_interpolation: 0,interpolation_duration: 1}
$data merge entity $(chest) {transformation: [-1.2776f,-0.0122f,-0.0472f,0.0072f,-0.0135f,1.278f,0.0345f,4.1204f,0.0469f,0.035f,-1.2772f,-0.0578f,0f,0f,0f,1f],start_interpolation: 0,interpolation_duration: 1}
$data merge entity $(left_cheek) {transformation: [-0.9981f,-0.019f,0.059f,0.5047f,-0.0161f,0.9986f,0.0503f,3.231f,-0.0599f,0.0492f,-0.997f,-0.5855f,0f,0f,0f,1f],start_interpolation: 0,interpolation_duration: 1}
$data merge entity $(left_foot) {transformation: [-1.0221f,-0.0075f,0.0222f,0.7037f,-0.0055f,1.0185f,0.0891f,-4.8669f,-0.0227f,0.0889f,-1.0182f,0.3089f,0f,0f,0f,1f],start_interpolation: 0,interpolation_duration: 1}
$data merge entity $(left_knee) {transformation: [-3.0409f,-0.0223f,0.066f,0.7628f,-0.0164f,3.0299f,0.2678f,-0.6621f,-0.0677f,0.2674f,-3.0292f,0.557f,0f,0f,0f,1f],start_interpolation: 0,interpolation_duration: 1}
$data merge entity $(left_leg) {transformation: [-1.7175f,-0.0043f,0.0391f,0.6832f,-0.0093f,1.7038f,-0.2197f,2.0736f,-0.0382f,-0.2198f,-1.7034f,0.2531f,0f,0f,0f,1f],start_interpolation: 0,interpolation_duration: 1}
$data merge entity $(right_cheek) {transformation: [-0.9904f,0.0795f,0.1134f,-0.3859f,0.0963f,0.9836f,0.1522f,3.2741f,-0.0994f,0.1617f,-0.9818f,-0.6536f,0f,0f,0f,1f],start_interpolation: 0,interpolation_duration: 1}
$data merge entity $(right_foot) {transformation: [-1.0223f,-0.0011f,-0.008f,-0.6346f,-0.0077f,0.428f,0.9284f,-3.4715f,0.0023f,0.9285f,-0.428f,-3.2616f,0f,0f,0f,1f],start_interpolation: 0,interpolation_duration: 1}
$data merge entity $(right_knee) {transformation: [-3.0416f,-0.0117f,-0.0209f,-0.7389f,-0.0229f,2.1844f,2.1166f,-0.3623f,0.0069f,2.1167f,-2.1844f,-0.4213f,0f,0f,0f,1f],start_interpolation: 0,interpolation_duration: 1}
$data merge entity $(right_leg) {transformation: [-1.7179f,-0.0126f,-0.0049f,-0.6875f,-0.013f,1.7122f,0.1403f,2.3771f,0.0039f,0.1403f,-1.7122f,-0.1464f,0f,0f,0f,1f],start_interpolation: 0,interpolation_duration: 1}
$data merge entity $(weist) {transformation: [-1.6166f,-0.0119f,0.1357f,0.0132f,0f,1.6162f,0.1414f,3.7693f,-0.1362f,0.1409f,-1.6105f,-0.129f,0f,0f,0f,1f],start_interpolation: 0,interpolation_duration: 1}
data modify storage animated_java:temp entry.data merge value {"locators":{"consume":{"px":-1.6080342455,"py":2.2889640991,"pz":2.0979686742,"ry":339.3256816439,"rx":-51.7551038062}}}
# Data Manager: Prepare for Read / Write
execute store result storage animated_java:temp args.id int 1 run scoreboard players get @s aj.id
# Data Manager: Write
function animated_java:global/data_manager/write with storage animated_java:temp args