# This file was generated by Animated Java via MC-Build. It is not recommended to edit this file directly.
$data merge entity $(neck) {transformation: [-0.9996f,-0.0045f,-0.0263f,-0.0076f,-0.0068f,0.9962f,0.0869f,5.9917f,0.0258f,0.087f,-0.9959f,-0.0425f,0f,0f,0f,1f],start_interpolation: 0,interpolation_duration: 1}
$data merge entity $(right_thumb_2) {transformation: [-0.9797f,0.0171f,-0.1999f,-1.5881f,0.1587f,0.6757f,-0.7199f,2.7802f,0.1228f,-0.7369f,-0.6647f,1.7827f,0f,0f,0f,1f],start_interpolation: 0,interpolation_duration: 1}
$data merge entity $(right_thumb) {transformation: [-0.9797f,-0.093f,-0.1778f,-1.7608f,0.1587f,0.1831f,-0.9702f,2.8763f,0.1228f,-0.9787f,-0.1647f,1.4884f,0f,0f,0f,1f],start_interpolation: 0,interpolation_duration: 1}
$data merge entity $(right_fingers2) {transformation: [0.63f,-0.7502f,-0.2006f,-1.6506f,-0.5696f,-0.2708f,-0.776f,2.3428f,0.5279f,0.6032f,-0.598f,2.0091f,0f,0f,0f,1f],start_interpolation: 0,interpolation_duration: 1}
$data merge entity $(right_fingers) {transformation: [-0.5961f,-0.7775f,-0.2006f,-1.8905f,-0.3877f,0.4975f,-0.776f,2.4679f,0.7031f,-0.3848f,-0.598f,1.9149f,0f,0f,0f,1f],start_interpolation: 0,interpolation_duration: 1}
$data merge entity $(scout) {transformation: [0f,0f,0f,-1.7382f,0f,0f,0f,2.3844f,0f,0f,0f,1.7939f,0f,0f,0f,1f],start_interpolation: 0,interpolation_duration: 1}
$data merge entity $(right_hand) {transformation: [-0.9797f,-0.0004f,-0.2006f,-1.8947f,0.1587f,0.6104f,-0.776f,2.8078f,0.1228f,-0.7921f,-0.598f,1.4014f,0f,0f,0f,1f],start_interpolation: 0,interpolation_duration: 1}
$data merge entity $(right_forearm) {transformation: [-1.1495f,-0.0005f,0.7588f,-1.82f,-0.6013f,0.8408f,-0.9103f,4.0658f,-0.4628f,-1.091f,-0.7019f,-0.2479f,0f,0f,0f,1f],start_interpolation: 0,interpolation_duration: 1}
$data merge entity $(right_shoulder) {transformation: [-1.4007f,0.433f,0.0185f,-1.0103f,0.4314f,1.3868f,0.2014f,5.6632f,0.042f,0.1978f,-1.4522f,0.0315f,0f,0f,0f,1f],start_interpolation: 0,interpolation_duration: 1}
$data merge entity $(right_arm) {transformation: [-0.9996f,-0.0064f,-0.0259f,-0.4486f,-0.0068f,0.9999f,0.0134f,5.9568f,0.0258f,0.0135f,-0.9996f,0.0125f,0f,0f,0f,1f],start_interpolation: 0,interpolation_duration: 1}
$data merge entity $(left_thumb_2) {transformation: [-0.9898f,-0.0911f,0.1097f,1.7597f,-0.0964f,0.9944f,-0.0439f,1.8488f,-0.105f,-0.054f,-0.993f,-0.1416f,0f,0f,0f,1f],start_interpolation: 0,interpolation_duration: 1}
$data merge entity $(left_thumb) {transformation: [-0.9898f,-0.0179f,0.1414f,1.8987f,-0.0964f,0.8151f,-0.5713f,2.1334f,-0.105f,-0.5791f,-0.8085f,-0.3009f,0f,0f,0f,1f],start_interpolation: 0,interpolation_duration: 1}
$data merge entity $(left_fingers2) {transformation: [0.574f,0.8104f,0.1172f,1.8407f,0.8178f,-0.5605f,-0.1304f,1.3821f,-0.04f,0.1707f,-0.9845f,-0.2902f,0f,0f,0f,1f],start_interpolation: 0,interpolation_duration: 1}
$data merge entity $(left_fingers) {transformation: [-0.6669f,0.7358f,0.1172f,2.0701f,0.7242f,0.6771f,-0.1304f,1.5537f,-0.1753f,-0.0021f,-0.9845f,-0.293f,0f,0f,0f,1f],start_interpolation: 0,interpolation_duration: 1}
$data merge entity $(left_hand) {transformation: [-0.9898f,-0.0812f,0.1172f,2.0205f,-0.0964f,0.9868f,-0.1304f,2.1535f,-0.105f,-0.1403f,-0.9845f,-0.4233f,0f,0f,0f,1f],start_interpolation: 0,interpolation_duration: 1}
$data merge entity $(left_forearm) {transformation: [-1.0781f,-0.1118f,-0.8499f,1.7763f,0.0331f,1.3591f,-0.2208f,4.1937f,0.8566f,-0.1933f,-1.0612f,-0.7174f,0f,0f,0f,1f],start_interpolation: 0,interpolation_duration: 1}
$data merge entity $(left_shoulder) {transformation: [-1.395f,-0.4095f,-0.1897f,1.002f,-0.4503f,1.304f,0.4965f,5.6768f,0.0301f,0.5307f,-1.3665f,-0.0203f,0f,0f,0f,1f],start_interpolation: 0,interpolation_duration: 1}
$data merge entity $(left_arm) {transformation: [-0.9996f,-0.0064f,-0.0259f,0.4361f,-0.0068f,0.9999f,0.0134f,5.9628f,0.0258f,0.0135f,-0.9996f,-0.0103f,0f,0f,0f,1f],start_interpolation: 0,interpolation_duration: 1}
$data merge entity $(chest) {transformation: [-1.2781f,-0.0082f,-0.0331f,0.0044f,-0.0087f,1.2784f,0.0171f,4.1544f,0.0329f,0.0173f,-1.278f,-0.058f,0f,0f,0f,1f],start_interpolation: 0,interpolation_duration: 1}
$data merge entity $(left_cheek) {transformation: [-0.9992f,-0.0206f,0.0337f,0.4935f,-0.0194f,0.9992f,0.0351f,3.2815f,-0.0344f,0.0345f,-0.9988f,-0.5969f,0f,0f,0f,1f],start_interpolation: 0,interpolation_duration: 1}
$data merge entity $(left_foot) {transformation: [-1.0222f,-0.0046f,0.0152f,0.7005f,-0.0033f,1.0186f,0.0877f,-4.8462f,-0.0155f,0.0876f,-1.0185f,0.0407f,0f,0f,0f,1f],start_interpolation: 0,interpolation_duration: 1}
$data merge entity $(left_knee) {transformation: [-3.0414f,-0.0145f,0.0449f,0.7696f,-0.0097f,3.025f,0.318f,-0.6462f,-0.0461f,0.3179f,-3.0247f,0.3582f,0f,0f,0f,1f],start_interpolation: 0,interpolation_duration: 1}
$data merge entity $(left_leg) {transformation: [-1.7178f,-0.0035f,0.0264f,0.6917f,-0.0055f,1.7131f,-0.1285f,2.1019f,-0.026f,-0.1286f,-1.7129f,0.2013f,0f,0f,0f,1f],start_interpolation: 0,interpolation_duration: 1}
$data merge entity $(right_cheek) {transformation: [-0.9943f,0.0528f,0.0923f,-0.4105f,0.0646f,0.9893f,0.1305f,3.3043f,-0.0844f,0.1357f,-0.9872f,-0.6358f,0f,0f,0f,1f],start_interpolation: 0,interpolation_duration: 1}
$data merge entity $(right_foot) {transformation: [-1.0223f,0.0039f,-0.0064f,-0.6675f,-0.0051f,0.2699f,0.9861f,-3.2052f,0.0055f,0.9861f,-0.2699f,-3.2576f,0f,0f,0f,1f],start_interpolation: 0,interpolation_duration: 1}
$data merge entity $(right_knee) {transformation: [-3.0417f,0.0023f,-0.0222f,-0.7526f,-0.0152f,2.0048f,2.2875f,-0.3374f,0.0163f,2.2876f,-2.0047f,-0.173f,0f,0f,0f,1f],start_interpolation: 0,interpolation_duration: 1}
$data merge entity $(right_leg) {transformation: [-1.7179f,-0.0085f,-0.0093f,-0.6944f,-0.0086f,1.7178f,0.0189f,2.4145f,0.0092f,0.019f,-1.7178f,-0.0927f,0f,0f,0f,1f],start_interpolation: 0,interpolation_duration: 1}
$data merge entity $(weist) {transformation: [-1.6202f,-0.0073f,0.0835f,0.0081f,0f,1.6162f,0.1414f,3.8034f,-0.0838f,0.1412f,-1.614f,-0.1294f,0f,0f,0f,1f],start_interpolation: 0,interpolation_duration: 1}
data modify storage animated_java:temp entry.data merge value {"locators":{"consume":{"px":-1.6817443555,"py":2.3100925905,"pz":1.9358298435,"ry":341.4535082994,"rx":-50.8969936836}}}
# Data Manager: Prepare for Read / Write
execute store result storage animated_java:temp args.id int 1 run scoreboard players get @s aj.id
# Data Manager: Write
function animated_java:global/data_manager/write with storage animated_java:temp args