# This file was generated by Animated Java via MC-Build. It is not recommended to edit this file directly.
$data merge entity $(neck) {transformation: [-0.9998f,-0.0015f,-0.0189f,-0.0044f,-0.0032f,0.9962f,0.0871f,5.9076f,0.0187f,0.0871f,-0.996f,-0.0606f,0f,0f,0f,1f],start_interpolation: 0,interpolation_duration: 1}
$data merge entity $(right_thumb_2) {transformation: [-0.9825f,0.0403f,-0.1817f,-1.6476f,0.1573f,0.701f,-0.6956f,2.6537f,0.0994f,-0.712f,-0.6951f,1.6026f,0f,0f,0f,1f],start_interpolation: 0,interpolation_duration: 1}
$data merge entity $(right_thumb) {transformation: [-0.9825f,-0.0637f,-0.1749f,-1.8113f,0.1573f,0.2175f,-0.9633f,2.7606f,0.0994f,-0.974f,-0.2037f,1.3068f,0f,0f,0f,1f],start_interpolation: 0,interpolation_duration: 1}
$data merge entity $(right_fingers2) {transformation: [0.613f,-0.7683f,-0.1845f,-1.7177f,-0.5897f,-0.2894f,-0.754f,2.2088f,0.5259f,0.571f,-0.6304f,1.8116f,0f,0f,0f,1f],start_interpolation: 0,interpolation_duration: 1}
$data merge entity $(right_fingers) {transformation: [-0.6174f,-0.7647f,-0.1845f,-1.9544f,-0.4102f,0.5131f,-0.754f,2.3379f,0.6713f,-0.3898f,-0.6304f,1.7148f,0f,0f,0f,1f],start_interpolation: 0,interpolation_duration: 1}
$data merge entity $(scout) {transformation: [0f,0f,0f,-1.7988f,0f,0f,0f,2.2582f,0f,0f,0f,1.5954f,0f,0f,0f,1f],start_interpolation: 0,interpolation_duration: 1}
$data merge entity $(right_hand) {transformation: [-0.9825f,0.0243f,-0.1845f,-1.9427f,0.1573f,0.6377f,-0.754f,2.6955f,0.0994f,-0.7699f,-0.6304f,1.2136f,0f,0f,0f,1f],start_interpolation: 0,interpolation_duration: 1}
$data merge entity $(right_forearm) {transformation: [-1.1366f,0.0334f,0.7772f,-1.8168f,-0.5811f,0.8784f,-0.8876f,4.0102f,-0.5172f,-1.0604f,-0.7108f,-0.3877f,0f,0f,0f,1f],start_interpolation: 0,interpolation_duration: 1}
$data merge entity $(right_shoulder) {transformation: [-1.3995f,0.4331f,0.0611f,-1.0087f,0.4365f,1.3699f,0.2874f,5.5832f,0.0279f,0.2925f,-1.4365f,0.0095f,0f,0f,0f,1f],start_interpolation: 0,interpolation_duration: 1}
$data merge entity $(right_arm) {transformation: [-0.9998f,-0.0031f,-0.0187f,-0.4459f,-0.0032f,1f,0.0037f,5.8747f,0.0187f,0.0038f,-0.9998f,-0.0084f,0f,0f,0f,1f],start_interpolation: 0,interpolation_duration: 1}
$data merge entity $(left_thumb_2) {transformation: [-0.9867f,-0.0863f,0.1377f,1.7531f,-0.102f,0.9885f,-0.1113f,1.755f,-0.1265f,-0.1239f,-0.9842f,0.1497f,0f,0f,0f,1f],start_interpolation: 0,interpolation_duration: 1}
$data merge entity $(left_thumb) {transformation: [-0.9867f,0.0012f,0.1625f,1.8975f,-0.102f,0.7739f,-0.625f,2.0279f,-0.1265f,-0.6333f,-0.7635f,-0.0245f,0f,0f,0f,1f],start_interpolation: 0,interpolation_duration: 1}
$data merge entity $(left_fingers2) {transformation: [0.5776f,0.8034f,0.1447f,1.8368f,0.8125f,-0.5486f,-0.1971f,1.2791f,-0.079f,0.2314f,-0.9697f,0.0355f,0f,0f,0f,1f],start_interpolation: 0,interpolation_duration: 1}
$data merge entity $(left_fingers) {transformation: [-0.6594f,0.7378f,0.1447f,2.0667f,0.7115f,0.6745f,-0.1971f,1.4498f,-0.243f,-0.027f,-0.9697f,0.0276f,0f,0f,0f,1f],start_interpolation: 0,interpolation_duration: 1}
$data merge entity $(left_hand) {transformation: [-0.9867f,-0.074f,0.1447f,2.0227f,-0.102f,0.9751f,-0.1971f,2.0395f,-0.1265f,-0.2092f,-0.9697f,-0.1444f,0f,0f,0f,1f],start_interpolation: 0,interpolation_duration: 1}
$data merge entity $(left_forearm) {transformation: [-1.1019f,-0.1019f,-0.8201f,1.7936f,0.0926f,1.343f,-0.2913f,4.0553f,0.8212f,-0.2881f,-1.0676f,-0.5831f,0f,0f,0f,1f],start_interpolation: 0,interpolation_duration: 1}
$data merge entity $(left_shoulder) {transformation: [-1.3968f,-0.4207f,-0.1482f,1.0039f,-0.4453f,1.3422f,0.3873f,5.5895f,0.0245f,0.4139f,-1.4064f,-0.0282f,0f,0f,0f,1f],start_interpolation: 0,interpolation_duration: 1}
$data merge entity $(left_arm) {transformation: [-0.9998f,-0.0031f,-0.0187f,0.439f,-0.0032f,1f,0.0037f,5.8775f,0.0187f,0.0038f,-0.9998f,-0.025f,0f,0f,0f,1f],start_interpolation: 0,interpolation_duration: 1}
$data merge entity $(chest) {transformation: [-1.2783f,-0.004f,-0.024f,0.0015f,-0.004f,1.2785f,0.0047f,4.0702f,0.024f,0.0048f,-1.2783f,-0.0581f,0f,0f,0f,1f],start_interpolation: 0,interpolation_duration: 1}
$data merge entity $(left_cheek) {transformation: [-0.9996f,-0.0247f,0.0113f,0.4844f,-0.0243f,0.9993f,0.0282f,3.2148f,-0.012f,0.0279f,-0.9995f,-0.6024f,0f,0f,0f,1f],start_interpolation: 0,interpolation_duration: 1}
$data merge entity $(left_foot) {transformation: [-1.0223f,-0.0014f,0.0106f,0.6905f,-0.0006f,1.0194f,0.0773f,-4.9309f,-0.0107f,0.0773f,-1.0194f,-0.2657f,0f,0f,0f,1f],start_interpolation: 0,interpolation_duration: 1}
$data merge entity $(left_knee) {transformation: [-3.0416f,-0.0058f,0.0313f,0.7711f,-0.0019f,3.0182f,0.3778f,-0.7381f,-0.0317f,0.3777f,-3.018f,0.1345f,0f,0f,0f,1f],start_interpolation: 0,interpolation_duration: 1}
$data merge entity $(left_leg) {transformation: [-1.7179f,-0.0008f,0.0179f,0.6978f,-0.0011f,1.7178f,-0.0261f,2.0146f,-0.0179f,-0.0261f,-1.7177f,0.1422f,0f,0f,0f,1f],start_interpolation: 0,interpolation_duration: 1}
$data merge entity $(right_cheek) {transformation: [-0.9976f,0.0311f,0.0614f,-0.4349f,0.0381f,0.9924f,0.1169f,3.2162f,-0.0573f,0.1189f,-0.9912f,-0.6147f,0f,0f,0f,1f],start_interpolation: 0,interpolation_duration: 1}
$data merge entity $(right_foot) {transformation: [-1.0223f,0.0083f,-0.0037f,-0.697f,-0.0023f,0.1675f,1.0086f,-3.1397f,0.0088f,1.0085f,-0.1675f,-3.1241f,0f,0f,0f,1f],start_interpolation: 0,interpolation_duration: 1}
$data merge entity $(right_knee) {transformation: [-3.0416f,0.0161f,-0.0217f,-0.7629f,-0.0069f,1.8959f,2.3786f,-0.4186f,0.0261f,2.3785f,-1.8958f,0.091f,0f,0f,0f,1f],start_interpolation: 0,interpolation_duration: 1}
$data merge entity $(right_leg) {transformation: [-1.7179f,-0.0048f,-0.0145f,-0.6988f,-0.0039f,1.7145f,-0.1088f,2.3315f,0.0148f,-0.1088f,-1.7145f,-0.0336f,0f,0f,0f,1f],start_interpolation: 0,interpolation_duration: 1}
$data merge entity $(weist) {transformation: [-1.6221f,-0.0025f,0.0282f,0.0027f,0f,1.6162f,0.1414f,3.7191f,-0.0283f,0.1414f,-1.6159f,-0.1296f,0f,0f,0f,1f],start_interpolation: 0,interpolation_duration: 1}
data modify storage animated_java:temp entry.data merge value {"locators":{"consume":{"px":-1.7467050149,"py":2.1787818816,"pz":1.736307589,"ry":343.6857882237,"rx":-48.9400598005}}}
# Data Manager: Prepare for Read / Write
execute store result storage animated_java:temp args.id int 1 run scoreboard players get @s aj.id
# Data Manager: Write
function animated_java:global/data_manager/write with storage animated_java:temp args