# This file was generated by Animated Java via MC-Build. It is not recommended to edit this file directly.
$data merge entity $(neck) {transformation: [-0.9998f,0.0015f,-0.0174f,-0.0017f,0f,0.9962f,0.0872f,6.0018f,0.0174f,0.0871f,-0.996f,-0.0675f,0f,0f,0f,1f],start_interpolation: 0,interpolation_duration: 1}
$data merge entity $(right_thumb_2) {transformation: [-0.9841f,0.0594f,-0.1671f,-1.6939f,0.1557f,0.7408f,-0.6535f,2.6722f,0.085f,-0.6691f,-0.7383f,1.3942f,0f,0f,0f,1f],start_interpolation: 0,interpolation_duration: 1}
$data merge entity $(right_thumb) {transformation: [-0.9841f,-0.0397f,-0.1729f,-1.8501f,0.1557f,0.2737f,-0.9491f,2.7967f,0.085f,-0.961f,-0.2631f,1.1013f,0f,0f,0f,1f],start_interpolation: 0,interpolation_duration: 1}
$data merge entity $(right_fingers2) {transformation: [0.5984f,-0.7826f,-0.1717f,-1.7703f,-0.6217f,-0.3185f,-0.7155f,2.2163f,0.5053f,0.5349f,-0.6772f,1.5753f,0f,0f,0f,1f],start_interpolation: 0,interpolation_duration: 1}
$data merge entity $(right_fingers) {transformation: [-0.6345f,-0.7536f,-0.1717f,-2.0042f,-0.4455f,0.5381f,-0.7155f,2.3518f,0.6316f,-0.3775f,-0.6772f,1.4806f,0f,0f,0f,1f],start_interpolation: 0,interpolation_duration: 1}
$data merge entity $(scout) {transformation: [0f,0f,0f,-1.8461f,0f,0f,0f,2.2784f,0f,0f,0f,1.3606f,0f,0f,0f,1f],start_interpolation: 0,interpolation_duration: 1}
$data merge entity $(right_hand) {transformation: [-0.9841f,0.0446f,-0.1717f,-1.9795f,0.1557f,0.681f,-0.7155f,2.7377f,0.085f,-0.7309f,-0.6772f,1.0013f,0f,0f,0f,1f],start_interpolation: 0,interpolation_duration: 1}
$data merge entity $(right_forearm) {transformation: [-1.1257f,0.0614f,0.7913f,-1.8113f,-0.5453f,0.938f,-0.8485f,4.1421f,-0.5767f,-1.0067f,-0.7423f,-0.5178f,0f,0f,0f,1f],start_interpolation: 0,interpolation_duration: 1}
$data merge entity $(right_shoulder) {transformation: [-1.3982f,0.431f,0.096f,-1.0071f,0.4409f,1.3451f,0.3824f,5.6808f,0.0244f,0.3935f,-1.4122f,0.0025f,0f,0f,0f,1f],start_interpolation: 0,interpolation_duration: 1}
$data merge entity $(right_arm) {transformation: [-0.9998f,0f,-0.0174f,-0.4434f,0f,1f,0f,5.9705f,0.0174f,0f,-0.9998f,-0.0158f,0f,0f,0f,1f],start_interpolation: 0,interpolation_duration: 1}
$data merge entity $(left_thumb_2) {transformation: [-0.9837f,-0.0804f,0.1611f,1.7391f,-0.1113f,0.9749f,-0.1926f,1.8772f,-0.1416f,-0.2074f,-0.968f,0.4665f,0f,0f,0f,1f],start_interpolation: 0,interpolation_duration: 1}
$data merge entity $(left_thumb) {transformation: [-0.9837f,0.0187f,0.1791f,1.8884f,-0.1113f,0.7188f,-0.6863f,2.1346f,-0.1416f,-0.695f,-0.7049f,0.2738f,0f,0f,0f,1f],start_interpolation: 0,interpolation_duration: 1}
$data merge entity $(left_fingers2) {transformation: [0.5817f,0.796f,0.1675f,1.8242f,0.8027f,-0.5283f,-0.2768f,1.3934f,-0.1319f,0.2955f,-0.9462f,0.3941f,0f,0f,0f,1f],start_interpolation: 0,interpolation_duration: 1}
$data merge entity $(left_fingers) {transformation: [-0.6512f,0.7402f,0.1675f,2.0547f,0.6895f,0.6693f,-0.2768f,1.5627f,-0.317f,-0.0648f,-0.9462f,0.3777f,0f,0f,0f,1f],start_interpolation: 0,interpolation_duration: 1}
$data merge entity $(left_hand) {transformation: [-0.9837f,-0.0661f,0.1675f,2.0166f,-0.1113f,0.9544f,-0.2768f,2.1361f,-0.1416f,-0.291f,-0.9462f,0.1564f,0f,0f,0f,1f],start_interpolation: 0,interpolation_duration: 1}
$data merge entity $(left_forearm) {transformation: [-1.1212f,-0.091f,-0.7949f,1.8039f,0.1613f,1.3146f,-0.378f,4.1088f,0.7837f,-0.4008f,-1.0594f,-0.4531f,0f,0f,0f,1f],start_interpolation: 0,interpolation_duration: 1}
$data merge entity $(left_shoulder) {transformation: [-1.3982f,-0.4266f,-0.1139f,1.0056f,-0.4409f,1.3697f,0.2819f,5.6808f,0.0244f,0.303f,-1.4344f,-0.0326f,0f,0f,0f,1f],start_interpolation: 0,interpolation_duration: 1}
$data merge entity $(left_arm) {transformation: [-0.9998f,0f,-0.0174f,0.4416f,0f,1f,0f,5.9705f,0.0174f,0f,-0.9998f,-0.0312f,0f,0f,0f,1f],start_interpolation: 0,interpolation_duration: 1}
$data merge entity $(chest) {transformation: [-1.2783f,0f,-0.0223f,-0.0015f,0f,1.2785f,0f,4.1645f,0.0223f,0f,-1.2783f,-0.0581f,0f,0f,0f,1f],start_interpolation: 0,interpolation_duration: 1}
$data merge entity $(left_cheek) {transformation: [-0.9995f,-0.0303f,-0.007f,0.4721f,-0.0305f,0.999f,0.033f,3.3023f,0.006f,0.0332f,-0.9994f,-0.616f,0f,0f,0f,1f],start_interpolation: 0,interpolation_duration: 1}
$data merge entity $(left_foot) {transformation: [-1.0223f,0.0018f,0.0079f,0.6748f,0.0022f,1.0205f,0.0624f,-4.8214f,-0.0077f,0.0624f,-1.0204f,-0.595f,0f,0f,0f,1f],start_interpolation: 0,interpolation_duration: 1}
$data merge entity $(left_knee) {transformation: [-3.0416f,0.0032f,0.0238f,0.7675f,0.0067f,3.0091f,0.4445f,-0.6388f,-0.023f,0.4446f,-3.009f,-0.1022f,0f,0f,0f,1f],start_interpolation: 0,interpolation_duration: 1}
$data merge entity $(left_leg) {transformation: [-1.7179f,0.0031f,0.0132f,0.7007f,0.0038f,1.716f,0.0817f,2.1081f,-0.013f,0.0817f,-1.716f,0.0784f,0f,0f,0f,1f],start_interpolation: 0,interpolation_duration: 1}
$data merge entity $(right_cheek) {transformation: [-0.999f,0.0245f,0.0386f,-0.4575f,0.0276f,0.9962f,0.0822f,3.3063f,-0.0364f,0.0831f,-0.9959f,-0.5927f,0f,0f,0f,1f],start_interpolation: 0,interpolation_duration: 1}
$data merge entity $(right_foot) {transformation: [-1.0223f,0.0118f,-0.0012f,-0.7202f,0.0005f,0.1507f,1.0112f,-3.0339f,0.0119f,1.0111f,-0.1507f,-2.8495f,0f,0f,0f,1f],start_interpolation: 0,interpolation_duration: 1}
$data merge entity $(right_knee) {transformation: [-3.0415f,0.0285f,-0.0208f,-0.7688f,0.0015f,1.8997f,2.3756f,-0.3075f,0.0353f,2.3754f,-1.8996f,0.3614f,0f,0f,0f,1f],start_interpolation: 0,interpolation_duration: 1}
$data merge entity $(right_leg) {transformation: [-1.7178f,-0.0019f,-0.0199f,-0.6998f,0.0009f,1.7013f,-0.2385f,2.4251f,0.0199f,-0.2385f,-1.7012f,0.0284f,0f,0f,0f,1f],start_interpolation: 0,interpolation_duration: 1}
$data merge entity $(weist) {transformation: [-1.6221f,0.0025f,-0.0282f,-0.0027f,0f,1.6162f,0.1414f,3.8134f,0.0283f,0.1414f,-1.6159f,-0.1296f,0f,0f,0f,1f],start_interpolation: 0,interpolation_duration: 1}
data modify storage animated_java:temp entry.data merge value {"locators":{"consume":{"px":-1.7975851816,"py":2.1907972343,"pz":1.4978058181,"ry":345.775116517,"rx":-45.6874995188}}}
# Data Manager: Prepare for Read / Write
execute store result storage animated_java:temp args.id int 1 run scoreboard players get @s aj.id
# Data Manager: Write
function animated_java:global/data_manager/write with storage animated_java:temp args