# This file was generated by Animated Java via MC-Build. It is not recommended to edit this file directly.
$data merge entity $(neck) {transformation: [-0.9999f,0.0045f,-0.0095f,0.0023f,0.0037f,0.9962f,0.0871f,5.9348f,0.0098f,0.087f,-0.9962f,-0.0588f,0f,0f,0f,1f],start_interpolation: 0,interpolation_duration: 1}
$data merge entity $(right_thumb_2) {transformation: [-0.9856f,0.082f,-0.148f,-1.7434f,0.1542f,0.7949f,-0.5868f,2.4969f,0.0696f,-0.6011f,-0.7961f,1.1274f,0f,0f,0f,1f],start_interpolation: 0,interpolation_duration: 1}
$data merge entity $(right_thumb) {transformation: [-0.9856f,-0.0104f,-0.1689f,-1.8905f,0.1542f,0.3552f,-0.922f,2.6471f,0.0696f,-0.9347f,-0.3485f,0.8419f,0f,0f,0f,1f],start_interpolation: 0,interpolation_duration: 1}
$data merge entity $(right_fingers2) {transformation: [0.5809f,-0.7992f,-0.1546f,-1.8269f,-0.6666f,-0.358f,-0.6538f,2.0277f,0.4672f,0.4828f,-0.7407f,1.2665f,0f,0f,0f,1f],start_interpolation: 0,interpolation_duration: 1}
$data merge entity $(right_fingers) {transformation: [-0.6545f,-0.7401f,-0.1546f,-2.0574f,-0.4938f,0.5733f,-0.6538f,2.1724f,0.5725f,-0.3516f,-0.7407f,1.177f,0f,0f,0f,1f],start_interpolation: 0,interpolation_duration: 1}
$data merge entity $(scout) {transformation: [0f,0f,0f,-1.8961f,0f,0f,0f,2.1085f,0f,0f,0f,1.0557f,0f,0f,0f,1f],start_interpolation: 0,interpolation_duration: 1}
$data merge entity $(right_hand) {transformation: [-0.9856f,0.0688f,-0.1546f,-2.0171f,0.1542f,0.7408f,-0.6538f,2.5977f,0.0696f,-0.6682f,-0.7407f,0.7335f,0f,0f,0f,1f],start_interpolation: 0,interpolation_duration: 1}
$data merge entity $(right_forearm) {transformation: [-1.1105f,0.0947f,0.8093f,-1.7988f,-0.4866f,1.0203f,-0.787f,4.1258f,-0.6536f,-0.9204f,-0.7892f,-0.6541f,0f,0f,0f,1f],start_interpolation: 0,interpolation_duration: 1}
$data merge entity $(right_shoulder) {transformation: [-1.3967f,0.424f,0.1393f,-1.0048f,0.446f,1.3098f,0.4852f,5.6172f,0.0158f,0.5045f,-1.3766f,0.0021f,0f,0f,0f,1f],start_interpolation: 0,interpolation_duration: 1}
$data merge entity $(right_arm) {transformation: [-0.9999f,0.0037f,-0.0098f,-0.4399f,0.0037f,1f,0.0048f,5.9049f,0.0098f,0.0047f,-0.9999f,-0.0105f,0f,0f,0f,1f],start_interpolation: 0,interpolation_duration: 1}
$data merge entity $(left_thumb_2) {transformation: [-0.9794f,-0.0694f,0.1897f,1.7088f,-0.1213f,0.953f,-0.2775f,1.8707f,-0.1616f,-0.2948f,-0.9418f,0.798f,0f,0f,0f,1f],start_interpolation: 0,interpolation_duration: 1}
$data merge entity $(left_thumb) {transformation: [-0.9794f,0.0434f,0.1973f,1.8651f,-0.1213f,0.6547f,-0.7461f,2.1098f,-0.1616f,-0.7547f,-0.6359f,0.5881f,0f,0f,0f,1f],start_interpolation: 0,interpolation_duration: 1}
$data merge entity $(left_fingers2) {transformation: [0.5892f,0.7841f,0.1951f,1.7937f,0.7867f,-0.5018f,-0.3595f,1.3823f,-0.184f,0.3653f,-0.9125f,0.7712f,0f,0f,0f,1f],start_interpolation: 0,interpolation_duration: 1}
$data merge entity $(left_fingers) {transformation: [-0.6379f,0.745f,0.1951f,2.0254f,0.6602f,0.6595f,-0.3595f,1.549f,-0.3965f,-0.1006f,-0.9125f,0.747f,0f,0f,0f,1f],start_interpolation: 0,interpolation_duration: 1}
$data merge entity $(left_hand) {transformation: [-0.9794f,-0.0526f,0.1951f,1.9968f,-0.1213f,0.9252f,-0.3595f,2.1007f,-0.1616f,-0.3758f,-0.9125f,0.4751f,0f,0f,0f,1f],start_interpolation: 0,interpolation_duration: 1}
$data merge entity $(left_forearm) {transformation: [-1.1438f,-0.0724f,-0.7639f,1.8124f,0.232f,1.2744f,-0.4683f,4.0125f,0.7314f,-0.5176f,-1.0461f,-0.3121f,0f,0f,0f,1f],start_interpolation: 0,interpolation_duration: 1}
$data merge entity $(left_shoulder) {transformation: [-1.3999f,-0.4301f,-0.0709f,1.008f,-0.4358f,1.3872f,0.1887f,5.6099f,0.0117f,0.2012f,-1.4523f,-0.0177f,0f,0f,0f,1f],start_interpolation: 0,interpolation_duration: 1}
$data merge entity $(left_arm) {transformation: [-0.9999f,0.0037f,-0.0098f,0.4451f,0.0037f,1f,0.0048f,5.9017f,0.0098f,0.0047f,-0.9999f,-0.0192f,0f,0f,0f,1f],start_interpolation: 0,interpolation_duration: 1}
$data merge entity $(chest) {transformation: [-1.2785f,0.0047f,-0.0126f,-0.0044f,0.0047f,1.2785f,0.0061f,4.0975f,0.0126f,0.006f,-1.2785f,-0.058f,0f,0f,0f,1f],start_interpolation: 0,interpolation_duration: 1}
$data merge entity $(left_cheek) {transformation: [-0.9992f,-0.0356f,-0.0205f,0.4589f,-0.0366f,0.9979f,0.053f,3.2298f,0.0185f,0.0537f,-0.9984f,-0.6278f,0f,0f,0f,1f],start_interpolation: 0,interpolation_duration: 1}
$data merge entity $(left_foot) {transformation: [-1.0223f,0.0049f,0.0065f,0.6549f,0.0052f,1.0213f,0.0471f,-4.8571f,-0.0062f,0.0471f,-1.0213f,-0.9315f,0f,0f,0f,1f],start_interpolation: 0,interpolation_duration: 1}
$data merge entity $(left_knee) {transformation: [-3.0416f,0.012f,0.0209f,0.7597f,0.0154f,2.9976f,0.5158f,-0.6877f,-0.0186f,0.5159f,-2.9976f,-0.3396f,0f,0f,0f,1f],start_interpolation: 0,interpolation_duration: 1}
$data merge entity $(left_leg) {transformation: [-1.7179f,0.0075f,0.0114f,0.6999f,0.0087f,1.7075f,0.189f,2.0427f,-0.0105f,0.189f,-1.7075f,0.0128f,0f,0f,0f,1f],start_interpolation: 0,interpolation_duration: 1}
$data merge entity $(right_cheek) {transformation: [-0.9998f,0.0197f,0.0101f,-0.4771f,0.0203f,0.9981f,0.0587f,3.2345f,-0.009f,0.0589f,-0.9982f,-0.5722f,0f,0f,0f,1f],start_interpolation: 0,interpolation_duration: 1}
$data merge entity $(right_foot) {transformation: [-1.0223f,0.0148f,-0.0004f,-0.7348f,0.0034f,0.2618f,0.9883f,-3.3107f,0.0144f,0.9882f,-0.2618f,-2.3621f,0f,0f,0f,1f],start_interpolation: 0,interpolation_duration: 1}
$data merge entity $(right_knee) {transformation: [-3.0414f,0.0382f,-0.022f,-0.7702f,0.01f,2.0776f,2.2217f,-0.3441f,0.0429f,2.2213f,-2.0775f,0.6285f,0f,0f,0f,1f],start_interpolation: 0,interpolation_duration: 1}
$data merge entity $(right_leg) {transformation: [-1.7178f,0.0004f,-0.0249f,-0.6974f,0.0056f,1.6786f,-0.3655f,2.3556f,0.0242f,-0.3655f,-1.6784f,0.0911f,0f,0f,0f,1f],start_interpolation: 0,interpolation_duration: 1}
$data merge entity $(weist) {transformation: [-1.6202f,0.0073f,-0.0835f,-0.0081f,0f,1.6162f,0.1414f,3.7464f,0.0838f,0.1412f,-1.614f,-0.1294f,0f,0f,0f,1f],start_interpolation: 0,interpolation_duration: 1}
data modify storage animated_java:temp entry.data merge value {"locators":{"consume":{"px":-1.8520090803,"py":2.0091264214,"pz":1.1862991564,"ry":348.2105092912,"rx":-40.828973322}}}
# Data Manager: Prepare for Read / Write
execute store result storage animated_java:temp args.id int 1 run scoreboard players get @s aj.id
# Data Manager: Write
function animated_java:global/data_manager/write with storage animated_java:temp args