# This file was generated by Animated Java via MC-Build. It is not recommended to edit this file directly.
$data merge entity $(neck) {transformation: [-1f,0.0073f,0.0063f,0.007f,0.0078f,0.9962f,0.0868f,5.9576f,-0.0057f,0.0868f,-0.9962f,-0.036f,0f,0f,0f,1f],start_interpolation: 0,interpolation_duration: 1}
$data merge entity $(right_thumb_2) {transformation: [-0.987f,0.1057f,-0.121f,-1.7893f,0.1524f,0.8552f,-0.4955f,2.3986f,0.0511f,-0.5075f,-0.8602f,0.8005f,0f,0f,0f,1f],start_interpolation: 0,interpolation_duration: 1}
$data merge entity $(right_thumb) {transformation: [-0.987f,0.0241f,-0.1589f,-1.9256f,0.1524f,0.455f,-0.8774f,2.58f,0.0511f,-0.8902f,-0.4528f,0.5281f,0f,0f,0f,1f],start_interpolation: 0,interpolation_duration: 1}
$data merge entity $(right_fingers2) {transformation: [0.5618f,-0.817f,-0.1298f,-1.8791f,-0.7175f,-0.4031f,-0.5681f,1.9176f,0.4118f,0.4123f,-0.8127f,0.8846f,0f,0f,0f,1f],start_interpolation: 0,interpolation_duration: 1}
$data merge entity $(right_fingers) {transformation: [-0.676f,-0.7253f,-0.1298f,-2.1058f,-0.5489f,0.6132f,-0.5681f,2.0727f,0.4917f,-0.3128f,-0.8127f,0.8033f,0f,0f,0f,1f],start_interpolation: 0,interpolation_duration: 1}
$data merge entity $(scout) {transformation: [0f,0f,0f,-1.9404f,0f,0f,0f,2.0214f,0f,0f,0f,0.6816f,0f,0f,0f,1f],start_interpolation: 0,interpolation_duration: 1}
$data merge entity $(right_hand) {transformation: [-0.987f,0.0948f,-0.1298f,-2.0484f,0.1524f,0.8087f,-0.5681f,2.5435f,0.0511f,-0.5805f,-0.8127f,0.4106f,0f,0f,0f,1f],start_interpolation: 0,interpolation_duration: 1}
$data merge entity $(right_forearm) {transformation: [-1.0877f,0.1305f,0.8349f,-1.7762f,-0.4049f,1.1139f,-0.7017f,4.2123f,-0.7417f,-0.7996f,-0.8413f,-0.7933f,0f,0f,0f,1f],start_interpolation: 0,interpolation_duration: 1}
$data merge entity $(right_shoulder) {transformation: [-1.3949f,0.4092f,0.1914f,-1.0022f,0.4518f,1.2642f,0.5896f,5.6436f,-0.0005f,0.6198f,-1.3288f,0.0053f,0f,0f,0f,1f],start_interpolation: 0,interpolation_duration: 1}
$data merge entity $(right_arm) {transformation: [-1f,0.0077f,0.0058f,-0.436f,0.0078f,0.9998f,0.0169f,5.929f,-0.0057f,0.017f,-0.9998f,0.005f,0f,0f,0f,1f],start_interpolation: 0,interpolation_duration: 1}
$data merge entity $(left_thumb_2) {transformation: [-0.9736f,-0.0508f,0.2224f,1.6547f,-0.1306f,0.9235f,-0.3608f,1.9799f,-0.1871f,-0.3803f,-0.9057f,1.1276f,0f,0f,0f,1f],start_interpolation: 0,interpolation_duration: 1}
$data merge entity $(left_thumb) {transformation: [-0.9736f,0.0767f,0.2149f,1.8207f,-0.1306f,0.585f,-0.8005f,2.1987f,-0.1871f,-0.8074f,-0.5595f,0.9035f,0f,0f,0f,1f],start_interpolation: 0,interpolation_duration: 1}
$data merge entity $(left_fingers2) {transformation: [0.602f,0.7659f,0.226f,1.7367f,0.7646f,-0.4711f,-0.4399f,1.4906f,-0.2304f,0.4376f,-0.8691f,1.1473f,0f,0f,0f,1f],start_interpolation: 0,interpolation_duration: 1}
$data merge entity $(left_fingers) {transformation: [-0.6174f,0.7534f,0.226f,1.9704f,0.6254f,0.6445f,-0.4399f,1.6534f,-0.4771f,-0.1303f,-0.8691f,1.1173f,0f,0f,0f,1f],start_interpolation: 0,interpolation_duration: 1}
$data merge entity $(left_hand) {transformation: [-0.9736f,-0.0312f,0.226f,1.9564f,-0.1306f,0.8885f,-0.4399f,2.179f,-0.1871f,-0.4578f,-0.8691f,0.7967f,0f,0f,0f,1f],start_interpolation: 0,interpolation_duration: 1}
$data merge entity $(left_forearm) {transformation: [-1.1684f,-0.0429f,-0.7281f,1.8167f,0.3013f,1.2238f,-0.5556f,4.0143f,0.6643f,-0.6306f,-1.0287f,-0.1627f,0f,0f,0f,1f],start_interpolation: 0,interpolation_duration: 1}
$data merge entity $(left_shoulder) {transformation: [-1.4017f,-0.4298f,-0.0179f,1.0107f,-0.4299f,1.3974f,0.1108f,5.6278f,-0.0154f,0.1112f,-1.4619f,0.0168f,0f,0f,0f,1f],start_interpolation: 0,interpolation_duration: 1}
$data merge entity $(left_arm) {transformation: [-1f,0.0077f,0.0058f,0.4491f,0.0078f,0.9998f,0.0169f,5.922f,-0.0057f,0.017f,-0.9998f,0.01f,0f,0f,0f,1f],start_interpolation: 0,interpolation_duration: 1}
$data merge entity $(chest) {transformation: [-1.2785f,0.0099f,0.0074f,-0.0072f,0.01f,1.2783f,0.0217f,4.1204f,-0.0073f,0.0217f,-1.2783f,-0.0578f,0f,0f,0f,1f],start_interpolation: 0,interpolation_duration: 1}
$data merge entity $(left_cheek) {transformation: [-0.9982f,-0.0467f,-0.0365f,0.4433f,-0.0496f,0.9955f,0.0811f,3.2705f,0.0325f,0.0828f,-0.996f,-0.6448f,0f,0f,0f,1f],start_interpolation: 0,interpolation_duration: 1}
$data merge entity $(left_foot) {transformation: [-1.0223f,0.0078f,0.0059f,0.6326f,0.008f,1.0217f,0.036f,-4.7889f,-0.0057f,0.036f,-1.0217f,-1.2598f,0f,0f,0f,1f],start_interpolation: 0,interpolation_duration: 1}
$data merge entity $(left_knee) {transformation: [-3.0416f,0.0201f,0.0211f,0.7486f,0.0238f,2.984f,0.5892f,-0.6355f,-0.0168f,0.5893f,-2.9841f,-0.5657f,0f,0f,0f,1f],start_interpolation: 0,interpolation_duration: 1}
$data merge entity $(left_leg) {transformation: [-1.7179f,0.0116f,0.0116f,0.6955f,0.0134f,1.6933f,0.2898f,2.0693f,-0.0095f,0.2899f,-1.6933f,-0.0521f,0f,0f,0f,1f],start_interpolation: 0,interpolation_duration: 1}
$data merge entity $(right_cheek) {transformation: [-0.9996f,0.0183f,-0.0212f,-0.4931f,0.0174f,0.9989f,0.044f,3.2516f,0.022f,0.0436f,-0.9988f,-0.5549f,0f,0f,0f,1f],start_interpolation: 0,interpolation_duration: 1}
$data merge entity $(right_foot) {transformation: [-1.0222f,0.0169f,-0.0034f,-0.7371f,0.0061f,0.5455f,0.8646f,-3.8344f,0.0161f,0.8645f,-0.5456f,-1.377f,0f,0f,0f,1f],start_interpolation: 0,interpolation_duration: 1}
$data merge entity $(right_knee) {transformation: [-3.0413f,0.0419f,-0.0295f,-0.7675f,0.0182f,2.5177f,1.7068f,-0.2795f,0.048f,1.7063f,-2.5176f,0.883f,0f,0f,0f,1f],start_interpolation: 0,interpolation_duration: 1}
$data merge entity $(right_leg) {transformation: [-1.7177f,0.0022f,-0.0289f,-0.6918f,0.0103f,1.6479f,-0.4856f,2.3743f,0.0271f,-0.4857f,-1.6477f,0.1521f,0f,0f,0f,1f],start_interpolation: 0,interpolation_duration: 1}
$data merge entity $(weist) {transformation: [-1.6166f,0.0119f,-0.1357f,-0.0132f,0f,1.6162f,0.1414f,3.7693f,0.1362f,0.1409f,-1.6105f,-0.129f,0f,0f,0f,1f],start_interpolation: 0,interpolation_duration: 1}
data modify storage animated_java:temp entry.data merge value {"locators":{"consume":{"px":-1.9013421489,"py":1.908040649,"pz":0.8020077934,"ry":350.926490185,"rx":-34.6189436203}}}
# Data Manager: Prepare for Read / Write
execute store result storage animated_java:temp args.id int 1 run scoreboard players get @s aj.id
# Data Manager: Write
function animated_java:global/data_manager/write with storage animated_java:temp args