# This file was generated by Animated Java via MC-Build. It is not recommended to edit this file directly.
$data merge entity $(neck) {transformation: [-0.9996f,0.0099f,0.0268f,0.0112f,0.0121f,0.9962f,0.0863f,5.9707f,-0.0258f,0.0866f,-0.9959f,-0.0049f,0f,0f,0f,1f],start_interpolation: 0,interpolation_duration: 1}
$data merge entity $(right_thumb_2) {transformation: [-0.9883f,0.125f,-0.087f,-1.8189f,0.1492f,0.9099f,-0.387f,2.3039f,0.0308f,-0.3955f,-0.918f,0.4364f,0f,0f,0f,1f],start_interpolation: 0,interpolation_duration: 1}
$data merge entity $(right_thumb) {transformation: [-0.9883f,0.0586f,-0.1406f,-1.9446f,0.1492f,0.5595f,-0.8153f,2.5175f,0.0308f,-0.8268f,-0.5617f,0.1829f,0f,0f,0f,1f],start_interpolation: 0,interpolation_duration: 1}
$data merge entity $(right_fingers2) {transformation: [0.5457f,-0.8323f,-0.0976f,-1.9116f,-0.7644f,-0.4467f,-0.4648f,1.8166f,0.3433f,0.3283f,-0.88f,0.4579f,0f,0f,0f,1f],start_interpolation: 0,interpolation_duration: 1}
$data merge entity $(right_fingers) {transformation: [-0.6944f,-0.7129f,-0.0976f,-2.135f,-0.6016f,0.6496f,-0.4648f,1.9813f,0.3948f,-0.2641f,-0.88f,0.3873f,0f,0f,0f,1f],start_interpolation: 0,interpolation_duration: 1}
$data merge entity $(scout) {transformation: [0f,0f,0f,-1.965f,0f,0f,0f,1.9444f,0f,0f,0f,0.2668f,0f,0f,0f,1f],start_interpolation: 0,interpolation_duration: 1}
$data merge entity $(right_hand) {transformation: [-0.9883f,0.1169f,-0.0976f,-2.0626f,0.1492f,0.8727f,-0.4648f,2.4961f,0.0308f,-0.474f,-0.88f,0.0572f,0f,0f,0f,1f],start_interpolation: 0,interpolation_duration: 1}
$data merge entity $(right_forearm) {transformation: [-1.0576f,0.161f,0.8675f,-1.7445f,-0.3074f,1.2021f,-0.598f,4.2974f,-0.827f,-0.6528f,-0.8871f,-0.9238f,0f,0f,0f,1f],start_interpolation: 0,interpolation_duration: 1}
$data merge entity $(right_shoulder) {transformation: [-1.3928f,0.3869f,0.2452f,-0.9999f,0.4576f,1.2116f,0.6873f,5.6603f,-0.0212f,0.7294f,-1.2717f,0.0107f,0f,0f,0f,1f],start_interpolation: 0,interpolation_duration: 1}
$data merge entity $(right_arm) {transformation: [-0.9996f,0.0113f,0.0262f,-0.4327f,0.0121f,0.9994f,0.0335f,5.9432f,-0.0258f,0.0338f,-0.9991f,0.0266f,0f,0f,0f,1f],start_interpolation: 0,interpolation_duration: 1}
$data merge entity $(left_thumb_2) {transformation: [-0.967f,-0.0253f,0.2536f,1.5787f,-0.1384f,0.8876f,-0.4393f,2.0982f,-0.214f,-0.4599f,-0.8618f,1.4362f,0f,0f,0f,1f],start_interpolation: 0,interpolation_duration: 1}
$data merge entity $(left_thumb) {transformation: [-0.967f,0.115f,0.2275f,1.7559f,-0.1384f,0.5126f,-0.8474f,2.2955f,-0.214f,-0.8509f,-0.4797f,1.201f,0f,0f,0f,1f],start_interpolation: 0,interpolation_duration: 1}
$data merge entity $(left_fingers2) {transformation: [0.6192f,0.7427f,0.2548f,1.6543f,0.737f,-0.4377f,-0.515f,1.6118f,-0.2709f,0.5067f,-0.8184f,1.5011f,0f,0f,0f,1f],start_interpolation: 0,interpolation_duration: 1}
$data merge entity $(left_fingers) {transformation: [-0.5911f,0.7653f,0.2548f,1.8909f,0.5869f,0.6248f,-0.515f,1.7695f,-0.5533f,-0.1549f,-0.8184f,1.4666f,0f,0f,0f,1f],start_interpolation: 0,interpolation_duration: 1}
$data merge entity $(left_hand) {transformation: [-0.967f,-0.0031f,0.2548f,1.8954f,-0.1384f,0.8459f,-0.515f,2.2656f,-0.214f,-0.5333f,-0.8184f,1.1018f,0f,0f,0f,1f],start_interpolation: 0,interpolation_duration: 1}
$data merge entity $(left_forearm) {transformation: [-1.19f,-0.0042f,-0.6936f,1.8144f,0.3668f,1.1652f,-0.6364f,4.0124f,0.5887f,-0.7345f,-1.0055f,-0.0164f,0f,0f,0f,1f],start_interpolation: 0,interpolation_duration: 1}
$data merge entity $(left_shoulder) {transformation: [-1.4028f,-0.425f,0.0388f,1.0123f,-0.4237f,1.4029f,0.048f,5.6358f,-0.051f,0.0347f,-1.4649f,0.0627f,0f,0f,0f,1f],start_interpolation: 0,interpolation_duration: 1}
$data merge entity $(left_arm) {transformation: [-0.9996f,0.0113f,0.0262f,0.4521f,0.0121f,0.9994f,0.0335f,5.9325f,-0.0258f,0.0338f,-0.9991f,0.0495f,0f,0f,0f,1f],start_interpolation: 0,interpolation_duration: 1}
$data merge entity $(chest) {transformation: [-1.278f,0.0144f,0.0335f,-0.0097f,0.0155f,1.2777f,0.0428f,4.1341f,-0.033f,0.0432f,-1.2774f,-0.0575f,0f,0f,0f,1f],start_interpolation: 0,interpolation_duration: 1}
$data merge entity $(left_cheek) {transformation: [-0.9974f,-0.0505f,-0.0514f,0.4206f,-0.0572f,0.9886f,0.1393f,3.307f,0.0437f,0.1419f,-0.9889f,-0.657f,0f,0f,0f,1f],start_interpolation: 0,interpolation_duration: 1}
$data merge entity $(left_foot) {transformation: [-1.0223f,0.0104f,0.0059f,0.6096f,0.0106f,1.0218f,0.0334f,-4.72f,-0.0055f,0.0334f,-1.0218f,-1.5652f,0f,0f,0f,1f],start_interpolation: 0,interpolation_duration: 1}
$data merge entity $(left_knee) {transformation: [-3.0415f,0.0272f,0.0229f,0.7354f,0.0315f,2.9686f,0.6624f,-0.5853f,-0.0164f,0.6626f,-2.9686f,-0.769f,0f,0f,0f,1f],start_interpolation: 0,interpolation_duration: 1}
$data merge entity $(left_leg) {transformation: [-1.7178f,0.0153f,0.013f,0.6881f,0.0178f,1.6756f,0.3787f,2.0888f,-0.0093f,0.3788f,-1.6757f,-0.1135f,0f,0f,0f,1f],start_interpolation: 0,interpolation_duration: 1}
$data merge entity $(right_cheek) {transformation: [-0.9984f,0.021f,-0.0526f,-0.505f,0.0192f,0.9992f,0.0353f,3.2581f,0.0533f,0.0343f,-0.998f,-0.5421f,0f,0f,0f,1f],start_interpolation: 0,interpolation_duration: 1}
$data merge entity $(right_foot) {transformation: [-1.0222f,0.0172f,-0.0075f,-0.7321f,0.0087f,0.796f,0.6415f,-4.1749f,0.0167f,0.6414f,-0.796f,-0.3248f,0f,0f,0f,1f],start_interpolation: 0,interpolation_duration: 1}
$data merge entity $(right_knee) {transformation: [-3.0412f,0.0423f,-0.0365f,-0.7624f,0.0258f,2.8262f,1.1243f,-0.2166f,0.0496f,1.1238f,-2.8261f,1.1163f,0f,0f,0f,1f],start_interpolation: 0,interpolation_duration: 1}
$data merge entity $(right_leg) {transformation: [-1.7177f,0.004f,-0.0313f,-0.6836f,0.0146f,1.6116f,-0.5948f,2.3822f,0.028f,-0.595f,-1.6114f,0.2092f,0f,0f,0f,1f],start_interpolation: 0,interpolation_duration: 1}
$data merge entity $(weist) {transformation: [-1.6119f,0.016f,-0.1827f,-0.0178f,0f,1.6162f,0.1414f,3.7831f,0.1834f,0.1405f,-1.6058f,-0.1286f,0f,0f,0f,1f],start_interpolation: 0,interpolation_duration: 1}
data modify storage animated_java:temp entry.data merge value {"locators":{"consume":{"px":-1.9305995291,"py":1.8171897535,"pz":0.3739782044,"ry":353.6707956989,"rx":-27.6992144718}}}
# Data Manager: Prepare for Read / Write
execute store result storage animated_java:temp args.id int 1 run scoreboard players get @s aj.id
# Data Manager: Write
function animated_java:global/data_manager/write with storage animated_java:temp args