# This file was generated by Animated Java via MC-Build. It is not recommended to edit this file directly.
$data merge entity $(neck) {transformation: [-0.9988f,0.012f,0.0485f,0.0137f,0.0161f,0.9962f,0.0856f,5.9404f,-0.0473f,0.0863f,-0.9951f,0.029f,0f,0f,0f,1f],start_interpolation: 0,interpolation_duration: 1}
$data merge entity $(right_thumb_2) {transformation: [-0.9895f,0.1359f,-0.0495f,-1.8255f,0.1443f,0.9515f,-0.2717f,2.195f,0.0102f,-0.276f,-0.9611f,0.0661f,0f,0f,0f,1f],start_interpolation: 0,interpolation_duration: 1}
$data merge entity $(right_thumb) {transformation: [-0.9895f,0.088f,-0.1148f,-1.9423f,0.1443f,0.6565f,-0.7404f,2.4381f,0.0102f,-0.7492f,-0.6623f,-0.1641f,0f,0f,0f,1f],start_interpolation: 0,interpolation_duration: 1}
$data merge entity $(right_fingers2) {transformation: [0.5356f,-0.8423f,-0.0612f,-1.9167f,-0.8007f,-0.4835f,-0.3536f,1.7088f,0.2683f,0.2384f,-0.9334f,0.0242f,0f,0f,0f,1f],start_interpolation: 0,interpolation_duration: 1}
$data merge entity $(right_fingers) {transformation: [-0.7064f,-0.7052f,-0.0612f,-2.138f,-0.6454f,0.6771f,-0.3536f,1.8809f,0.2908f,-0.2103f,-0.9334f,-0.0344f,0f,0f,0f,1f],start_interpolation: 0,interpolation_duration: 1}
$data merge entity $(scout) {transformation: [0f,0f,0f,-1.9632f,0f,0f,0f,1.8591f,0f,0f,0f,-0.1518f,0f,0f,0f,1f],start_interpolation: 0,interpolation_duration: 1}
$data merge entity $(right_hand) {transformation: [-0.9895f,0.1311f,-0.0612f,-2.0552f,0.1443f,0.9242f,-0.3536f,2.4322f,0.0102f,-0.3587f,-0.9334f,-0.296f,0f,0f,0f,1f],start_interpolation: 0,interpolation_duration: 1}
$data merge entity $(right_forearm) {transformation: [-1.0233f,0.1806f,0.9041f,-1.7078f,-0.2039f,1.2729f,-0.4849f,4.3401f,-0.8992f,-0.4941f,-0.919f,-1.0362f,0f,0f,0f,1f],start_interpolation: 0,interpolation_duration: 1}
$data merge entity $(right_shoulder) {transformation: [-1.3906f,0.3597f,0.2944f,-0.9984f,0.4628f,1.1577f,0.7716f,5.6334f,-0.0432f,0.8248f,-1.2115f,0.0171f,0f,0f,0f,1f],start_interpolation: 0,interpolation_duration: 1}
$data merge entity $(right_arm) {transformation: [-0.9988f,0.0137f,0.0481f,-0.4308f,0.0161f,0.9985f,0.0514f,5.914f,-0.0473f,0.0521f,-0.9975f,0.0504f,0f,0f,0f,1f],start_interpolation: 0,interpolation_duration: 1}
$data merge entity $(left_thumb_2) {transformation: [-0.9603f,0.0043f,0.2788f,1.4898f,-0.1443f,0.8478f,-0.5103f,2.1836f,-0.2386f,-0.5303f,-0.8136f,1.7073f,0f,0f,0f,1f],start_interpolation: 0,interpolation_duration: 1}
$data merge entity $(left_thumb) {transformation: [-0.9603f,0.1534f,0.2328f,1.6783f,-0.1443f,0.4409f,-0.8859f,2.3593f,-0.2386f,-0.8844f,-0.4013f,1.4638f,0f,0f,0f,1f],start_interpolation: 0,interpolation_duration: 1}
$data merge entity $(left_fingers2) {transformation: [0.6392f,0.7173f,0.2773f,1.556f,0.7057f,-0.4038f,-0.5822f,1.7032f,-0.3056f,0.5679f,-0.7643f,1.8138f,0f,0f,0f,1f],start_interpolation: 0,interpolation_duration: 1}
$data merge entity $(left_fingers) {transformation: [-0.5619f,0.7793f,0.2773f,1.7959f,0.5469f,0.6016f,-0.5822f,1.8549f,-0.6206f,-0.1755f,-0.7643f,1.7757f,0f,0f,0f,1f],start_interpolation: 0,interpolation_duration: 1}
$data merge entity $(left_hand) {transformation: [-0.9603f,0.0286f,0.2773f,1.8209f,-0.1443f,0.8001f,-0.5822f,2.3199f,-0.2386f,-0.5991f,-0.7643f,1.3727f,0f,0f,0f,1f],start_interpolation: 0,interpolation_duration: 1}
$data merge entity $(left_forearm) {transformation: [-1.2054f,0.0394f,-0.6652f,1.806f,0.4265f,1.1021f,-0.7076f,3.9715f,0.512f,-0.8252f,-0.9767f,0.1157f,0f,0f,0f,1f],start_interpolation: 0,interpolation_duration: 1}
$data merge entity $(left_shoulder) {transformation: [-1.4026f,-0.4168f,0.093f,1.012f,-0.4177f,1.4055f,-0.0002f,5.6009f,-0.0891f,-0.0267f,-1.4633f,0.1123f,0f,0f,0f,1f],start_interpolation: 0,interpolation_duration: 1}
$data merge entity $(left_arm) {transformation: [-0.9988f,0.0137f,0.0481f,0.4531f,0.0161f,0.9985f,0.0514f,5.8997f,-0.0473f,0.0521f,-0.9975f,0.0923f,0f,0f,0f,1f],start_interpolation: 0,interpolation_duration: 1}
$data merge entity $(chest) {transformation: [-1.2769f,0.0175f,0.0614f,-0.0119f,0.0206f,1.2767f,0.0657f,4.1053f,-0.0605f,0.0666f,-1.2754f,-0.0573f,0f,0f,0f,1f],start_interpolation: 0,interpolation_duration: 1}
$data merge entity $(left_cheek) {transformation: [-0.9967f,-0.047f,-0.066f,0.3986f,-0.058f,0.9825f,0.177f,3.3059f,0.0565f,0.1802f,-0.982f,-0.662f,0f,0f,0f,1f],start_interpolation: 0,interpolation_duration: 1}
$data merge entity $(left_foot) {transformation: [-1.0223f,0.0125f,0.0058f,0.5873f,0.0128f,1.0214f,0.0437f,-4.6903f,-0.0053f,0.0438f,-1.0214f,-1.8337f,0f,0f,0f,1f],start_interpolation: 0,interpolation_duration: 1}
$data merge entity $(left_knee) {transformation: [-3.0415f,0.0331f,0.0245f,0.7215f,0.038f,2.9518f,0.7333f,-0.5761f,-0.0158f,0.7336f,-2.9519f,-0.9388f,0f,0f,0f,1f],start_interpolation: 0,interpolation_duration: 1}
$data merge entity $(left_leg) {transformation: [-1.7178f,0.0184f,0.0142f,0.6791f,0.0215f,1.6578f,0.4503f,2.0674f,-0.0089f,0.4505f,-1.6578f,-0.1689f,0f,0f,0f,1f],start_interpolation: 0,interpolation_duration: 1}
$data merge entity $(right_cheek) {transformation: [-0.9963f,0.0272f,-0.081f,-0.5128f,0.0248f,0.9992f,0.0304f,3.2205f,0.0818f,0.0283f,-0.9962f,-0.5343f,0f,0f,0f,1f],start_interpolation: 0,interpolation_duration: 1}
$data merge entity $(right_foot) {transformation: [-1.0222f,0.0163f,-0.01f,-0.7271f,0.011f,0.9364f,0.4101f,-4.3122f,0.0157f,0.41f,-0.9364f,0.434f,0f,0f,0f,1f],start_interpolation: 0,interpolation_duration: 1}
$data merge entity $(right_knee) {transformation: [-3.0412f,0.0428f,-0.0376f,-0.7566f,0.0326f,2.9533f,0.7274f,-0.1941f,0.0467f,0.7269f,-2.9532f,1.3206f,0f,0f,0f,1f],start_interpolation: 0,interpolation_duration: 1}
$data merge entity $(right_leg) {transformation: [-1.7177f,0.0063f,-0.0316f,-0.6742f,0.0184f,1.5733f,-0.6897f,2.3459f,0.0264f,-0.6899f,-1.5731f,0.2603f,0f,0f,0f,1f],start_interpolation: 0,interpolation_duration: 1}
$data merge entity $(weist) {transformation: [-1.6069f,0.0195f,-0.2227f,-0.0217f,0f,1.6162f,0.1414f,3.7542f,0.2235f,0.14f,-1.6008f,-0.1281f,0f,0f,0f,1f],start_interpolation: 0,interpolation_duration: 1}
data modify storage animated_java:temp entry.data merge value {"locators":{"consume":{"px":-1.9324085231,"py":1.7196600787,"pz":-0.0597128314,"ry":356.2513953849,"rx":-20.7086954479}}}
# Data Manager: Prepare for Read / Write
execute store result storage animated_java:temp args.id int 1 run scoreboard players get @s aj.id
# Data Manager: Write
function animated_java:global/data_manager/write with storage animated_java:temp args