# This file was generated by Animated Java via MC-Build. It is not recommended to edit this file directly.
$data merge entity $(neck) {transformation: [-0.9976f,0.0137f,0.0681f,0.0144f,0.0195f,0.9962f,0.085f,5.9626f,-0.0667f,0.0861f,-0.9941f,0.0601f,0f,0f,0f,1f],start_interpolation: 0,interpolation_duration: 1}
$data merge entity $(right_thumb_2) {transformation: [-0.9904f,0.1377f,-0.014f,-1.8109f,0.1381f,0.9771f,-0.162f,2.1708f,-0.0087f,-0.1624f,-0.9867f,-0.2734f,0f,0f,0f,1f],start_interpolation: 0,interpolation_duration: 1}
$data merge entity $(right_thumb) {transformation: [-0.9904f,0.1086f,-0.0858f,-1.9216f,0.1381f,0.737f,-0.6616f,2.4377f,-0.0087f,-0.6671f,-0.7449f,-0.4788f,0f,0f,0f,1f],start_interpolation: 0,interpolation_duration: 1}
$data merge entity $(right_fingers2) {transformation: [0.5324f,-0.8461f,-0.0259f,-1.8966f,-0.8236f,-0.5108f,-0.2466f,1.692f,0.1954f,0.1526f,-0.9688f,-0.3729f,0f,0f,0f,1f],start_interpolation: 0,interpolation_duration: 1}
$data merge entity $(right_fingers) {transformation: [-0.7108f,-0.7029f,-0.0259f,-2.1172f,-0.6769f,0.6935f,-0.2466f,1.8687f,0.1913f,-0.1577f,-0.9688f,-0.4195f,0f,0f,0f,1f],start_interpolation: 0,interpolation_duration: 1}
$data merge entity $(scout) {transformation: [0f,0f,0f,-1.9383f,0f,0f,0f,1.8609f,0f,0f,0f,-0.5324f,0f,0f,0f,1f],start_interpolation: 0,interpolation_duration: 1}
$data merge entity $(right_hand) {transformation: [-0.9904f,0.136f,-0.0259f,-2.0298f,0.1381f,0.9592f,-0.2466f,2.4463f,-0.0087f,-0.2478f,-0.9688f,-0.6145f,0f,0f,0f,1f],start_interpolation: 0,interpolation_duration: 1}
$data merge entity $(right_forearm) {transformation: [-0.9898f,0.1873f,0.9393f,-1.6725f,-0.1056f,1.3212f,-0.3747f,4.4267f,-0.952f,-0.3413f,-0.9351f,-1.1229f,0f,0f,0f,1f],start_interpolation: 0,interpolation_duration: 1}
$data merge entity $(right_shoulder) {transformation: [-1.3884f,0.3325f,0.334f,-0.998f,0.467f,1.1095f,0.837f,5.6584f,-0.0629f,0.899f,-1.1566f,0.0231f,0f,0f,0f,1f],start_interpolation: 0,interpolation_duration: 1}
$data merge entity $(right_arm) {transformation: [-0.9976f,0.0149f,0.0679f,-0.4305f,0.0195f,0.9975f,0.0677f,5.937f,-0.0667f,0.0689f,-0.9954f,0.0723f,0f,0f,0f,1f],start_interpolation: 0,interpolation_duration: 1}
$data merge entity $(left_thumb_2) {transformation: [-0.9548f,0.0336f,0.2953f,1.4021f,-0.1482f,0.8073f,-0.5712f,2.322f,-0.2576f,-0.5891f,-0.7659f,1.9274f,0f,0f,0f,1f],start_interpolation: 0,interpolation_duration: 1}
$data merge entity $(left_thumb) {transformation: [-0.9548f,0.187f,0.231f,1.6006f,-0.1482f,0.374f,-0.9155f,2.4772f,-0.2576f,-0.9084f,-0.3294f,1.678f,0f,0f,0f,1f],start_interpolation: 0,interpolation_duration: 1}
$data merge entity $(left_fingers2) {transformation: [0.6591f,0.6933f,0.2913f,1.4575f,0.6732f,-0.3714f,-0.6394f,1.8497f,-0.3351f,0.6175f,-0.7116f,2.07f,0f,0f,0f,1f],start_interpolation: 0,interpolation_duration: 1}
$data merge entity $(left_fingers) {transformation: [-0.5342f,0.7936f,0.2913f,1.7009f,0.5083f,0.5769f,-0.6394f,1.995f,-0.6754f,-0.1935f,-0.7116f,2.0287f,0f,0f,0f,1f],start_interpolation: 0,interpolation_duration: 1}
$data merge entity $(left_hand) {transformation: [-0.9548f,0.0592f,0.2913f,1.7454f,-0.1482f,0.7545f,-0.6394f,2.4294f,-0.2576f,-0.6536f,-0.7116f,1.5945f,0f,0f,0f,1f],start_interpolation: 0,interpolation_duration: 1}
$data merge entity $(left_forearm) {transformation: [-1.2136f,0.0816f,-0.6462f,1.7943f,0.4783f,1.0392f,-0.7671f,3.9864f,0.4421f,-0.9003f,-0.944f,0.2227f,0f,0f,0f,1f],start_interpolation: 0,interpolation_duration: 1}
$data merge entity $(left_shoulder) {transformation: [-1.4015f,-0.4078f,0.1388f,1.0101f,-0.4126f,1.4066f,-0.0341f,5.6193f,-0.1236f,-0.0716f,-1.4593f,0.1574f,0f,0f,0f,1f],start_interpolation: 0,interpolation_duration: 1}
$data merge entity $(left_arm) {transformation: [-0.9976f,0.0149f,0.0679f,0.4524f,0.0195f,0.9975f,0.0677f,5.9198f,-0.0667f,0.0689f,-0.9954f,0.1313f,0f,0f,0f,1f],start_interpolation: 0,interpolation_duration: 1}
$data merge entity $(chest) {transformation: [-1.2755f,0.019f,0.0868f,-0.0135f,0.0249f,1.2754f,0.0866f,4.1292f,-0.0853f,0.088f,-1.2727f,-0.057f,0f,0f,0f,1f],start_interpolation: 0,interpolation_duration: 1}
$data merge entity $(left_cheek) {transformation: [-0.9956f,-0.0406f,-0.0849f,0.372f,-0.0571f,0.9777f,0.202f,3.3549f,0.0748f,0.2059f,-0.9757f,-0.6707f,0f,0f,0f,1f],start_interpolation: 0,interpolation_duration: 1}
$data merge entity $(left_foot) {transformation: [-1.0223f,0.0141f,0.0054f,0.5673f,0.0144f,1.0203f,0.0627f,-4.6114f,-0.0045f,0.0628f,-1.0204f,-2.0524f,0f,0f,0f,1f],start_interpolation: 0,interpolation_duration: 1}
$data merge entity $(left_knee) {transformation: [-3.0414f,0.0379f,0.0243f,0.708f,0.0429f,2.9344f,0.7997f,-0.5186f,-0.0135f,0.7999f,-2.9346f,-1.065f,0f,0f,0f,1f],start_interpolation: 0,interpolation_duration: 1}
$data merge entity $(left_leg) {transformation: [-1.7178f,0.021f,0.0143f,0.6697f,0.0242f,1.6434f,0.5f,2.1006f,-0.0076f,0.5001f,-1.6435f,-0.2158f,0f,0f,0f,1f],start_interpolation: 0,interpolation_duration: 1}
$data merge entity $(right_cheek) {transformation: [-0.994f,0.0353f,-0.1039f,-0.5169f,0.0326f,0.9991f,0.0267f,3.2344f,0.1047f,0.0232f,-0.9942f,-0.5316f,0f,0f,0f,1f],start_interpolation: 0,interpolation_duration: 1}
$data merge entity $(right_foot) {transformation: [-1.0222f,0.0148f,-0.0108f,-0.7228f,0.0129f,1.01f,0.1578f,-4.3207f,0.0129f,0.1577f,-1.0101f,1.1391f,0f,0f,0f,1f],start_interpolation: 0,interpolation_duration: 1}
$data merge entity $(right_knee) {transformation: [-3.0413f,0.0425f,-0.0339f,-0.7526f,0.0384f,3.0222f,0.3417f,-0.1227f,0.0385f,0.3413f,-3.0223f,1.4888f,0f,0f,0f,1f],start_interpolation: 0,interpolation_duration: 1}
$data merge entity $(right_leg) {transformation: [-1.7177f,0.0097f,-0.0291f,-0.6648f,0.0217f,1.5369f,-0.7673f,2.3611f,0.0217f,-0.7676f,-1.5368f,0.3033f,0f,0f,0f,1f],start_interpolation: 0,interpolation_duration: 1}
$data merge entity $(weist) {transformation: [-1.6022f,0.0222f,-0.2536f,-0.0247f,0f,1.6162f,0.1414f,3.7781f,0.2546f,0.1396f,-1.5961f,-0.1276f,0f,0f,0f,1f],start_interpolation: 0,interpolation_duration: 1}
data modify storage animated_java:temp entry.data merge value {"locators":{"consume":{"px":-1.9095307238,"py":1.7121485156,"pz":-0.4555090705,"ry":358.4670091649,"rx":-14.2742869548}}}
# Data Manager: Prepare for Read / Write
execute store result storage animated_java:temp args.id int 1 run scoreboard players get @s aj.id
# Data Manager: Write
function animated_java:global/data_manager/write with storage animated_java:temp args