# This file was generated by Animated Java via MC-Build. It is not recommended to edit this file directly.
$data merge entity $(neck) {transformation: [-0.9965f,0.0148f,0.0823f,0.014f,0.0217f,0.9962f,0.0844f,5.95f,-0.0808f,0.0859f,-0.993f,0.0828f,0f,0f,0f,1f],start_interpolation: 0,interpolation_duration: 1}
$data merge entity $(right_thumb_2) {transformation: [-0.9911f,0.1326f,0.0129f,-1.7848f,0.1314f,0.9888f,-0.0706f,2.1344f,-0.0221f,-0.0683f,-0.9974f,-0.5437f,0f,0f,0f,1f],start_interpolation: 0,interpolation_duration: 1}
$data merge entity $(right_thumb) {transformation: [-0.9911f,0.1188f,-0.0604f,-1.8927f,0.1314f,0.796f,-0.5909f,2.4183f,-0.0221f,-0.5935f,-0.8045f,-0.7266f,0f,0f,0f,1f],start_interpolation: 0,interpolation_duration: 1}
$data merge entity $(right_fingers2) {transformation: [0.535f,-0.8449f,0.0013f,-1.8635f,-0.8344f,-0.5285f,-0.1565f,1.6662f,0.1329f,0.0827f,-0.9877f,-0.6889f,0f,0f,0f,1f],start_interpolation: 0,interpolation_duration: 1}
$data merge entity $(right_fingers) {transformation: [-0.7091f,-0.7051f,0.0013f,-2.0844f,-0.6966f,0.7002f,-0.1565f,1.845f,0.1095f,-0.1119f,-0.9877f,-0.725f,0f,0f,0f,1f],start_interpolation: 0,interpolation_duration: 1}
$data merge entity $(scout) {transformation: [0f,0f,0f,-1.9026f,0f,0f,0f,1.8488f,0f,0f,0f,-0.8333f,0f,0f,0f,1f],start_interpolation: 0,interpolation_duration: 1}
$data merge entity $(right_hand) {transformation: [-0.9911f,0.1333f,0.0013f,-1.9975f,0.1314f,0.9789f,-0.1565f,2.4386f,-0.0221f,-0.155f,-0.9877f,-0.8637f,0f,0f,0f,1f],start_interpolation: 0,interpolation_duration: 1}
$data merge entity $(right_forearm) {transformation: [-0.964f,0.1836f,0.9665f,-1.6459f,-0.0245f,1.3483f,-0.2805f,4.4599f,-0.9835f,-0.2135f,-0.9404f,-1.1785f,0f,0f,0f,1f],start_interpolation: 0,interpolation_duration: 1}
$data merge entity $(right_shoulder) {transformation: [-1.3868f,0.3115f,0.36f,-0.9981f,0.4698f,1.0752f,0.8793f,5.6478f,-0.0772f,0.947f,-1.1167f,0.0276f,0f,0f,0f,1f],start_interpolation: 0,interpolation_duration: 1}
$data merge entity $(right_arm) {transformation: [-0.9965f,0.0152f,0.0823f,-0.4311f,0.0217f,0.9966f,0.0796f,5.9249f,-0.0808f,0.0811f,-0.9934f,0.0882f,0f,0f,0f,1f],start_interpolation: 0,interpolation_duration: 1}
$data merge entity $(left_thumb_2) {transformation: [-0.9514f,0.0574f,0.3025f,1.3327f,-0.1507f,0.77f,-0.62f,2.4157f,-0.2685f,-0.6355f,-0.7239f,2.0867f,0f,0f,0f,1f],start_interpolation: 0,interpolation_duration: 1}
$data merge entity $(left_thumb) {transformation: [-0.9514f,0.211f,0.2243f,1.5385f,-0.1507f,0.3163f,-0.9366f,2.553f,-0.2685f,-0.9249f,-0.2691f,1.8328f,0f,0f,0f,1f],start_interpolation: 0,interpolation_duration: 1}
$data merge entity $(left_fingers2) {transformation: [0.6756f,0.6751f,0.2963f,1.3783f,0.643f,-0.3429f,-0.6848f,1.9521f,-0.3607f,0.6532f,-0.6658f,2.2585f,0f,0f,0f,1f],start_interpolation: 0,interpolation_duration: 1}
$data merge entity $(left_fingers) {transformation: [-0.5129f,0.8057f,0.2963f,1.6245f,0.474f,0.5536f,-0.6848f,2.0914f,-0.7158f,-0.2108f,-0.6658f,2.2137f,0f,0f,0f,1f],start_interpolation: 0,interpolation_duration: 1}
$data merge entity $(left_hand) {transformation: [-0.9514f,0.0836f,0.2963f,1.6842f,-0.1507f,0.713f,-0.6848f,2.4983f,-0.2685f,-0.6962f,-0.6658f,1.7554f,0f,0f,0f,1f],start_interpolation: 0,interpolation_duration: 1}
$data merge entity $(left_forearm) {transformation: [-1.2152f,0.1151f,-0.638f,1.7838f,0.5202f,0.9821f,-0.8137f,3.9693f,0.3869f,-0.9589f,-0.91f,0.2943f,0f,0f,0f,1f],start_interpolation: 0,interpolation_duration: 1}
$data merge entity $(left_shoulder) {transformation: [-1.4002f,-0.4005f,0.1704f,1.0078f,-0.409f,1.407f,-0.0542f,5.604f,-0.1487f,-0.0992f,-1.4553f,0.1902f,0f,0f,0f,1f],start_interpolation: 0,interpolation_duration: 1}
$data merge entity $(left_arm) {transformation: [-0.9965f,0.0152f,0.0823f,0.4509f,0.0217f,0.9966f,0.0796f,5.9057f,-0.0808f,0.0811f,-0.9934f,0.1597f,0f,0f,0f,1f],start_interpolation: 0,interpolation_duration: 1}
$data merge entity $(chest) {transformation: [-1.2741f,0.0194f,0.1052f,-0.0146f,0.0278f,1.2742f,0.1018f,4.1182f,-0.1033f,0.1037f,-1.2701f,-0.0568f,0f,0f,0f,1f],start_interpolation: 0,interpolation_duration: 1}
$data merge entity $(left_cheek) {transformation: [-0.9939f,-0.0364f,-0.1042f,0.3464f,-0.0582f,0.9749f,0.2147f,3.3559f,0.0937f,0.2195f,-0.9711f,-0.684f,0f,0f,0f,1f],start_interpolation: 0,interpolation_duration: 1}
$data merge entity $(left_foot) {transformation: [-1.0223f,0.015f,0.0044f,0.5508f,0.0154f,1.0158f,0.115f,-4.5784f,-0.0027f,0.115f,-1.0159f,-2.2085f,0f,0f,0f,1f],start_interpolation: 0,interpolation_duration: 1}
$data merge entity $(left_knee) {transformation: [-3.0414f,0.0416f,0.0206f,0.6965f,0.0457f,2.9174f,0.8595f,-0.5068f,-0.008f,0.8597f,-2.9177f,-1.1378f,0f,0f,0f,1f],start_interpolation: 0,interpolation_duration: 1}
$data merge entity $(left_leg) {transformation: [-1.7178f,0.0232f,0.0122f,0.6619f,0.0258f,1.6362f,0.523f,2.1003f,-0.0045f,0.5231f,-1.6364f,-0.252f,0f,0f,0f,1f],start_interpolation: 0,interpolation_duration: 1}
$data merge entity $(right_cheek) {transformation: [-0.992f,0.0429f,-0.1188f,-0.5174f,0.0406f,0.9989f,0.0216f,3.2126f,0.1196f,0.0166f,-0.9927f,-0.5338f,0f,0f,0f,1f],start_interpolation: 0,interpolation_duration: 1}
$data merge entity $(right_foot) {transformation: [-1.0222f,0.0138f,-0.009f,-0.7241f,0.0144f,1.0197f,-0.073f,-4.3075f,0.008f,-0.0731f,-1.0197f,1.7396f,0f,0f,0f,1f],start_interpolation: 0,interpolation_duration: 1}
$data merge entity $(right_knee) {transformation: [-3.0413f,0.043f,-0.0239f,-0.7529f,0.043f,3.0414f,-0.0003f,-0.0969f,0.0239f,-0.0006f,-3.0416f,1.615f,0f,0f,0f,1f],start_interpolation: 0,interpolation_duration: 1}
$data merge entity $(right_leg) {transformation: [-1.7177f,0.0148f,-0.0235f,-0.657f,0.0243f,1.5066f,-0.8252f,2.34f,0.0135f,-0.8254f,-1.5066f,0.3363f,0f,0f,0f,1f],start_interpolation: 0,interpolation_duration: 1}
$data merge entity $(weist) {transformation: [-1.5989f,0.0239f,-0.2736f,-0.0267f,0f,1.6162f,0.1414f,3.7671f,0.2746f,0.1394f,-1.5928f,-0.1273f,0f,0f,0f,1f],start_interpolation: 0,interpolation_duration: 1}
data modify storage animated_java:temp entry.data merge value {"locators":{"consume":{"px":-1.8744659082,"py":1.6938434644,"pz":-0.7697125725,"ry":0.0736118305,"rx":-9.0062294058}}}
# Data Manager: Prepare for Read / Write
execute store result storage animated_java:temp args.id int 1 run scoreboard players get @s aj.id
# Data Manager: Write
function animated_java:global/data_manager/write with storage animated_java:temp args