# This file was generated by Animated Java via MC-Build. It is not recommended to edit this file directly.
$data merge entity $(neck) {transformation: [-0.9988f,0.012f,0.0485f,0.0137f,0.0161f,0.9962f,0.0856f,5.9556f,-0.0473f,0.0863f,-0.9951f,0.029f,0f,0f,0f,1f],start_interpolation: 0,interpolation_duration: 1}
$data merge entity $(right_thumb_2) {transformation: [-0.994f,0.1031f,-0.0369f,-1.7531f,0.1015f,0.9939f,0.0431f,1.9696f,0.0411f,0.0391f,-0.9984f,-0.6661f,0f,0f,0f,1f],start_interpolation: 0,interpolation_duration: 1}
$data merge entity $(right_thumb) {transformation: [-0.994f,0.0671f,-0.0865f,-1.8777f,0.1015f,0.8614f,-0.4976f,2.2688f,0.0411f,-0.5034f,-0.8631f,-0.8098f,0f,0f,0f,1f],start_interpolation: 0,interpolation_duration: 1}
$data merge entity $(right_fingers2) {transformation: [0.5627f,-0.8254f,-0.0457f,-1.8269f,-0.8266f,-0.5611f,-0.0436f,1.5186f,0.0104f,0.0624f,-0.998f,-0.8601f,0f,0f,0f,1f],start_interpolation: 0,interpolation_duration: 1}
$data merge entity $(right_fingers) {transformation: [-0.684f,-0.728f,-0.0457f,-2.054f,-0.7267f,0.6856f,-0.0436f,1.6931f,0.0631f,0.0034f,-0.998f,-0.8646f,0f,0f,0f,1f],start_interpolation: 0,interpolation_duration: 1}
$data merge entity $(scout) {transformation: [0f,0f,0f,-1.8783f,0f,0f,0f,1.715f,0f,0f,0f,-0.9805f,0f,0f,0f,1f],start_interpolation: 0,interpolation_duration: 1}
$data merge entity $(right_hand) {transformation: [-0.994f,0.0995f,-0.0457f,-1.99f,0.1015f,0.9939f,-0.0436f,2.3011f,0.0411f,-0.048f,-0.998f,-0.9385f,0f,0f,0f,1f],start_interpolation: 0,interpolation_duration: 1}
$data merge entity $(right_forearm) {transformation: [-1.0126f,0.137f,0.9235f,-1.7078f,0.0563f,1.3689f,-0.1414f,4.3552f,-0.9319f,-0.0661f,-1.012f,-1.0362f,0f,0f,0f,1f],start_interpolation: 0,interpolation_duration: 1}
$data merge entity $(right_shoulder) {transformation: [-1.3906f,0.3597f,0.2944f,-0.9984f,0.4628f,1.1577f,0.7716f,5.6485f,-0.0432f,0.8248f,-1.2115f,0.0171f,0f,0f,0f,1f],start_interpolation: 0,interpolation_duration: 1}
$data merge entity $(right_arm) {transformation: [-0.9988f,0.0137f,0.0481f,-0.4308f,0.0161f,0.9985f,0.0514f,5.9292f,-0.0473f,0.0521f,-0.9975f,0.0504f,0f,0f,0f,1f],start_interpolation: 0,interpolation_duration: 1}
$data merge entity $(left_thumb_2) {transformation: [-0.9672f,0.0384f,0.2512f,1.421f,-0.1614f,0.6704f,-0.7242f,2.7152f,-0.1962f,-0.741f,-0.6422f,2.1319f,0f,0f,0f,1f],start_interpolation: 0,interpolation_duration: 1}
$data merge entity $(left_thumb) {transformation: [-0.9672f,0.1674f,0.1912f,1.6156f,-0.1614f,0.1763f,-0.971f,2.8096f,-0.1962f,-0.97f,-0.1435f,1.8509f,0f,0f,0f,1f],start_interpolation: 0,interpolation_duration: 1}
$data merge entity $(left_fingers2) {transformation: [0.6678f,0.7022f,0.2469f,1.4666f,0.567f,-0.2651f,-0.7799f,2.2795f,-0.4822f,0.6608f,-0.5752f,2.3656f,0f,0f,0f,1f],start_interpolation: 0,interpolation_duration: 1}
$data merge entity $(left_fingers) {transformation: [-0.541f,0.804f,0.2469f,1.7128f,0.3815f,0.4962f,-0.7799f,2.4045f,-0.7495f,-0.3278f,-0.5752f,2.2891f,0f,0f,0f,1f],start_interpolation: 0,interpolation_duration: 1}
$data merge entity $(left_hand) {transformation: [-0.9672f,0.0602f,0.2469f,1.7558f,-0.1614f,0.6047f,-0.7799f,2.7406f,-0.1962f,-0.7942f,-0.5752f,1.7749f,0f,0f,0f,1f],start_interpolation: 0,interpolation_duration: 1}
$data merge entity $(left_forearm) {transformation: [-1.1824f,0.0829f,-0.7015f,1.806f,0.6024f,0.8329f,-0.9168f,3.9867f,0.3691f,-1.0938f,-0.7513f,0.1157f,0f,0f,0f,1f],start_interpolation: 0,interpolation_duration: 1}
$data merge entity $(left_shoulder) {transformation: [-1.4026f,-0.4168f,0.093f,1.012f,-0.4177f,1.4055f,-0.0002f,5.6161f,-0.0891f,-0.0267f,-1.4633f,0.1123f,0f,0f,0f,1f],start_interpolation: 0,interpolation_duration: 1}
$data merge entity $(left_arm) {transformation: [-0.9988f,0.0137f,0.0481f,0.4531f,0.0161f,0.9985f,0.0514f,5.9149f,-0.0473f,0.0521f,-0.9975f,0.0923f,0f,0f,0f,1f],start_interpolation: 0,interpolation_duration: 1}
$data merge entity $(chest) {transformation: [-1.2769f,0.0175f,0.0614f,-0.0119f,0.0206f,1.2767f,0.0657f,4.1204f,-0.0605f,0.0666f,-1.2754f,-0.0573f,0f,0f,0f,1f],start_interpolation: 0,interpolation_duration: 1}
$data merge entity $(left_cheek) {transformation: [-0.9841f,-0.1176f,-0.1333f,0.3443f,-0.1427f,0.9699f,0.1974f,3.2804f,0.1061f,0.2132f,-0.9712f,-0.6682f,0f,0f,0f,1f],start_interpolation: 0,interpolation_duration: 1}
$data merge entity $(left_foot) {transformation: [-1.0223f,0.0107f,0.0062f,0.5734f,0.0121f,0.764f,0.6792f,-3.9644f,0.0024f,0.6793f,-0.7641f,-2.9474f,0f,0f,0f,1f],start_interpolation: 0,interpolation_duration: 1}
$data merge entity $(left_knee) {transformation: [-3.0415f,0.0344f,0.0129f,0.7089f,0.036f,2.585f,1.6027f,-0.3222f,0.0072f,1.6028f,-2.5852f,-0.8351f,0f,0f,0f,1f],start_interpolation: 0,interpolation_duration: 1}
$data merge entity $(left_leg) {transformation: [-1.7178f,0.0208f,0.0001f,0.6706f,0.0204f,1.6824f,0.3472f,2.3637f,0.0041f,0.3472f,-1.6825f,-0.2294f,0f,0f,0f,1f],start_interpolation: 0,interpolation_duration: 1}
$data merge entity $(right_cheek) {transformation: [-0.9955f,0.0242f,-0.0912f,-0.5045f,0.0211f,0.9992f,0.0346f,3.1736f,0.092f,0.0325f,-0.9952f,-0.5558f,0f,0f,0f,1f],start_interpolation: 0,interpolation_duration: 1}
$data merge entity $(right_foot) {transformation: [-1.0222f,0.0085f,-0.0144f,-0.709f,0.0112f,1.0018f,-0.2035f,-4.722f,0.0124f,-0.2036f,-1.0018f,1.3432f,0f,0f,0f,1f],start_interpolation: 0,interpolation_duration: 1}
$data merge entity $(right_knee) {transformation: [-3.0413f,0.0325f,-0.0379f,-0.7529f,0.0335f,3.0405f,-0.0799f,-0.5162f,0.037f,-0.0803f,-3.0405f,1.1088f,0f,0f,0f,1f],start_interpolation: 0,interpolation_duration: 1}
$data merge entity $(right_leg) {transformation: [-1.7177f,0.012f,-0.0255f,-0.6616f,0.0189f,1.6428f,-0.5024f,2.1295f,0.0209f,-0.5026f,-1.6427f,0.3509f,0f,0f,0f,1f],start_interpolation: 0,interpolation_duration: 1}
$data merge entity $(weist) {transformation: [-1.6069f,0.0195f,-0.2227f,-0.0217f,0f,1.6162f,0.1414f,3.7693f,0.2235f,0.14f,-1.6008f,-0.1281f,0f,0f,0f,1f],start_interpolation: 0,interpolation_duration: 1}
data modify storage animated_java:temp entry.data merge value {"locators":{"consume":{"px":-1.8428057541,"py":1.5548035049,"pz":-0.9365149252,"ry":357.3753744129,"rx":-2.5013841959}}}
# Data Manager: Prepare for Read / Write
execute store result storage animated_java:temp args.id int 1 run scoreboard players get @s aj.id
# Data Manager: Write
function animated_java:global/data_manager/write with storage animated_java:temp args