# This file was generated by Animated Java via MC-Build. It is not recommended to edit this file directly.
$data merge entity $(neck) {transformation: [-0.9996f,0.0099f,0.0268f,0.0112f,0.0121f,0.9962f,0.0863f,5.9202f,-0.0258f,0.0866f,-0.9959f,-0.0049f,0f,0f,0f,1f],start_interpolation: 0,interpolation_duration: 1}
$data merge entity $(right_thumb_2) {transformation: [-0.9925f,0.0976f,-0.0734f,-1.7599f,0.0959f,0.995f,0.0272f,1.8672f,0.0757f,0.02f,-0.9969f,-0.5156f,0f,0f,0f,1f],start_interpolation: 0,interpolation_duration: 1}
$data merge entity $(right_thumb) {transformation: [-0.9925f,0.0429f,-0.1144f,-1.8917f,0.0959f,0.8538f,-0.5116f,2.1633f,0.0757f,-0.5188f,-0.8516f,-0.6593f,0f,0f,0f,1f],start_interpolation: 0,interpolation_duration: 1}
$data merge entity $(right_fingers2) {transformation: [0.5684f,-0.8187f,-0.0816f,-1.8377f,-0.8228f,-0.5652f,-0.0596f,1.4127f,0.0026f,0.101f,-0.9949f,-0.6998f,0f,0f,0f,1f],start_interpolation: 0,interpolation_duration: 1}
$data merge entity $(right_fingers) {transformation: [-0.6763f,-0.7321f,-0.0816f,-2.0659f,-0.7299f,0.6809f,-0.0596f,1.5857f,0.0992f,0.0193f,-0.9949f,-0.6988f,0f,0f,0f,1f],start_interpolation: 0,interpolation_duration: 1}
$data merge entity $(scout) {transformation: [0f,0f,0f,-1.8947f,0f,0f,0f,1.6069f,0f,0f,0f,-0.8213f,0f,0f,0f,1f],start_interpolation: 0,interpolation_duration: 1}
$data merge entity $(right_hand) {transformation: [-0.9925f,0.0909f,-0.0816f,-2.0088f,0.0959f,0.9936f,-0.0596f,2.1929f,0.0757f,-0.067f,-0.9949f,-0.7842f,0f,0f,0f,1f],start_interpolation: 0,interpolation_duration: 1}
$data merge entity $(right_forearm) {transformation: [-1.0461f,0.1252f,0.8872f,-1.7445f,0.0353f,1.3686f,-0.1514f,4.2469f,-0.8952f,-0.0922f,-1.0427f,-0.9238f,0f,0f,0f,1f],start_interpolation: 0,interpolation_duration: 1}
$data merge entity $(right_shoulder) {transformation: [-1.3928f,0.3869f,0.2452f,-0.9999f,0.4576f,1.2116f,0.6873f,5.6098f,-0.0212f,0.7294f,-1.2717f,0.0107f,0f,0f,0f,1f],start_interpolation: 0,interpolation_duration: 1}
$data merge entity $(right_arm) {transformation: [-0.9996f,0.0113f,0.0262f,-0.4327f,0.0121f,0.9994f,0.0335f,5.8927f,-0.0258f,0.0338f,-0.9991f,0.0266f,0f,0f,0f,1f],start_interpolation: 0,interpolation_duration: 1}
$data merge entity $(left_thumb_2) {transformation: [-0.9739f,0.0118f,0.2267f,1.5026f,-0.1631f,0.6581f,-0.7351f,2.7243f,-0.1579f,-0.7528f,-0.639f,2.0332f,0f,0f,0f,1f],start_interpolation: 0,interpolation_duration: 1}
$data merge entity $(left_thumb) {transformation: [-0.9739f,0.1318f,0.1848f,1.6868f,-0.1631f,0.1601f,-0.9735f,2.8137f,-0.1579f,-0.9783f,-0.1344f,1.7438f,0f,0f,0f,1f],start_interpolation: 0,interpolation_duration: 1}
$data merge entity $(left_fingers2) {transformation: [0.6502f,0.7258f,0.2248f,1.5563f,0.558f,-0.2553f,-0.7896f,2.2924f,-0.5157f,0.6388f,-0.571f,2.2722f,0f,0f,0f,1f],start_interpolation: 0,interpolation_duration: 1}
$data merge entity $(left_fingers) {transformation: [-0.5679f,0.7918f,0.2248f,1.7996f,0.37f,0.4895f,-0.7896f,2.4157f,-0.7353f,-0.3652f,-0.571f,2.1847f,0f,0f,0f,1f],start_interpolation: 0,interpolation_duration: 1}
$data merge entity $(left_hand) {transformation: [-0.9739f,0.0315f,0.2248f,1.8241f,-0.1631f,0.5915f,-0.7896f,2.7433f,-0.1579f,-0.8057f,-0.571f,1.6638f,0f,0f,0f,1f],start_interpolation: 0,interpolation_duration: 1}
$data merge entity $(left_forearm) {transformation: [-1.1674f,0.0434f,-0.7296f,1.8144f,0.6102f,0.8148f,-0.9279f,3.9619f,0.4023f,-1.1097f,-0.7098f,-0.0164f,0f,0f,0f,1f],start_interpolation: 0,interpolation_duration: 1}
$data merge entity $(left_shoulder) {transformation: [-1.4028f,-0.425f,0.0388f,1.0123f,-0.4237f,1.4029f,0.048f,5.5854f,-0.051f,0.0347f,-1.4649f,0.0627f,0f,0f,0f,1f],start_interpolation: 0,interpolation_duration: 1}
$data merge entity $(left_arm) {transformation: [-0.9996f,0.0113f,0.0262f,0.4521f,0.0121f,0.9994f,0.0335f,5.882f,-0.0258f,0.0338f,-0.9991f,0.0495f,0f,0f,0f,1f],start_interpolation: 0,interpolation_duration: 1}
$data merge entity $(chest) {transformation: [-1.278f,0.0144f,0.0335f,-0.0097f,0.0155f,1.2777f,0.0428f,4.0837f,-0.033f,0.0432f,-1.2774f,-0.0575f,0f,0f,0f,1f],start_interpolation: 0,interpolation_duration: 1}
$data merge entity $(left_cheek) {transformation: [-0.9862f,-0.1063f,-0.1267f,0.3631f,-0.1279f,0.976f,0.1763f,3.2408f,0.1049f,0.1901f,-0.9761f,-0.6652f,0f,0f,0f,1f],start_interpolation: 0,interpolation_duration: 1}
$data merge entity $(left_foot) {transformation: [-1.0223f,0.0062f,0.0079f,0.6019f,0.0101f,0.5964f,0.8303f,-3.766f,0.0004f,0.8304f,-0.5964f,-3.1494f,0f,0f,0f,1f],start_interpolation: 0,interpolation_duration: 1}
$data merge entity $(left_knee) {transformation: [-3.0416f,0.0244f,0.0175f,0.7236f,0.03f,2.3907f,1.8803f,-0.3811f,0.0013f,1.8804f,-2.3909f,-0.6447f,0f,0f,0f,1f],start_interpolation: 0,interpolation_duration: 1}
$data merge entity $(left_leg) {transformation: [-1.7179f,0.0169f,0.0017f,0.6791f,0.0169f,1.6994f,0.251f,2.3348f,0.0007f,0.251f,-1.6995f,-0.1927f,0f,0f,0f,1f],start_interpolation: 0,interpolation_duration: 1}
$data merge entity $(right_cheek) {transformation: [-0.9961f,0.0203f,-0.0858f,-0.518f,0.0143f,0.9974f,0.0703f,3.1803f,0.087f,0.0688f,-0.9938f,-0.549f,0f,0f,0f,1f],start_interpolation: 0,interpolation_duration: 1}
$data merge entity $(right_foot) {transformation: [-1.0218f,0.0097f,-0.0322f,-0.6998f,0.0072f,1.0194f,0.0772f,-4.8822f,0.0329f,0.0769f,-1.0189f,0.5235f,0f,0f,0f,1f],start_interpolation: 0,interpolation_duration: 1}
$data merge entity $(right_knee) {transformation: [-3.0401f,0.0289f,-0.0959f,-0.751f,0.0216f,3.033f,0.2297f,-0.6745f,0.0978f,0.2289f,-3.0315f,0.719f,0f,0f,0f,1f],start_interpolation: 0,interpolation_duration: 1}
$data merge entity $(right_leg) {transformation: [-1.717f,0.0025f,-0.0565f,-0.6739f,0.0122f,1.6926f,-0.2939f,2.0453f,0.0552f,-0.2941f,-1.6917f,0.2951f,0f,0f,0f,1f],start_interpolation: 0,interpolation_duration: 1}
$data merge entity $(weist) {transformation: [-1.6119f,0.016f,-0.1827f,-0.0178f,0f,1.6162f,0.1414f,3.7326f,0.1834f,0.1405f,-1.6058f,-0.1286f,0f,0f,0f,1f],start_interpolation: 0,interpolation_duration: 1}
data modify storage animated_java:temp entry.data merge value {"locators":{"consume":{"px":-1.8565257079,"py":1.447624728,"pz":-0.7761259046,"ry":355.3101173851,"rx":-3.4154764184}}}
# Data Manager: Prepare for Read / Write
execute store result storage animated_java:temp args.id int 1 run scoreboard players get @s aj.id
# Data Manager: Write
function animated_java:global/data_manager/write with storage animated_java:temp args