# This file was generated by Animated Java via MC-Build. It is not recommended to edit this file directly.
$data merge entity $(neck) {transformation: [-1f,0.0073f,0.0063f,0.007f,0.0078f,0.9962f,0.0868f,5.9576f,-0.0057f,0.0868f,-0.9962f,-0.036f,0f,0f,0f,1f],start_interpolation: 0,interpolation_duration: 1}
$data merge entity $(right_thumb_2) {transformation: [-0.9896f,0.0922f,-0.1106f,-1.7618f,0.0933f,0.9956f,-0.005f,1.8468f,0.1096f,-0.0152f,-0.9939f,-0.3095f,0f,0f,0f,1f],start_interpolation: 0,interpolation_duration: 1}
$data merge entity $(right_thumb) {transformation: [-0.9896f,0.0183f,-0.1428f,-1.9006f,0.0933f,0.837f,-0.5391f,2.1375f,0.1096f,-0.5468f,-0.83f,-0.4574f,0f,0f,0f,1f],start_interpolation: 0,interpolation_duration: 1}
$data merge entity $(right_fingers2) {transformation: [0.5731f,-0.8109f,-0.1182f,-1.8435f,-0.8194f,-0.5658f,-0.0917f,1.3863f,0.0075f,0.1494f,-0.9887f,-0.4761f,0f,0f,0f,1f],start_interpolation: 0,interpolation_duration: 1}
$data merge entity $(right_fingers) {transformation: [-0.6676f,-0.7351f,-0.1182f,-2.0726f,-0.7297f,0.6776f,-0.0917f,1.5581f,0.1475f,0.025f,-0.9887f,-0.4721f,0f,0f,0f,1f],start_interpolation: 0,interpolation_duration: 1}
$data merge entity $(scout) {transformation: [0f,0f,0f,-1.9061f,0f,0f,0f,1.5763f,0f,0f,0f,-0.6015f,0f,0f,0f,1f],start_interpolation: 0,interpolation_duration: 1}
$data merge entity $(right_hand) {transformation: [-0.9896f,0.0822f,-0.1182f,-2.0224f,0.0933f,0.9914f,-0.0917f,2.1625f,0.1096f,-0.1018f,-0.9887f,-0.5788f,0f,0f,0f,1f],start_interpolation: 0,interpolation_duration: 1}
$data merge entity $(right_forearm) {transformation: [-1.0789f,0.1132f,0.8487f,-1.7762f,0.0016f,1.3655f,-0.1802f,4.2123f,-0.8562f,-0.1402f,-1.0697f,-0.7933f,0f,0f,0f,1f],start_interpolation: 0,interpolation_duration: 1}
$data merge entity $(right_shoulder) {transformation: [-1.3949f,0.4092f,0.1914f,-1.0022f,0.4518f,1.2642f,0.5896f,5.6436f,-0.0005f,0.6198f,-1.3288f,0.0053f,0f,0f,0f,1f],start_interpolation: 0,interpolation_duration: 1}
$data merge entity $(right_arm) {transformation: [-1f,0.0077f,0.0058f,-0.436f,0.0078f,0.9998f,0.0169f,5.929f,-0.0057f,0.017f,-0.9998f,0.005f,0f,0f,0f,1f],start_interpolation: 0,interpolation_duration: 1}
$data merge entity $(left_thumb_2) {transformation: [-0.9793f,-0.0175f,0.2018f,1.5848f,-0.1634f,0.6567f,-0.7362f,2.7805f,-0.1196f,-0.754f,-0.6459f,1.8998f,0f,0f,0f,1f],start_interpolation: 0,interpolation_duration: 1}
$data merge entity $(left_thumb) {transformation: [-0.9793f,0.0937f,0.1796f,1.7576f,-0.1634f,0.1583f,-0.9738f,2.8694f,-0.1196f,-0.9829f,-0.1397f,1.6033f,0f,0f,0f,1f],start_interpolation: 0,interpolation_duration: 1}
$data merge entity $(left_fingers2) {transformation: [0.6296f,0.7501f,0.2025f,1.6478f,0.557f,-0.2541f,-0.7907f,2.3491f,-0.5416f,0.6106f,-0.5778f,2.1374f,0f,0f,0f,1f],start_interpolation: 0,interpolation_duration: 1}
$data merge entity $(left_fingers) {transformation: [-0.596f,0.777f,0.2025f,1.8875f,0.3686f,0.4888f,-0.7907f,2.4722f,-0.7134f,-0.3966f,-0.5778f,2.0402f,0f,0f,0f,1f],start_interpolation: 0,interpolation_duration: 1}
$data merge entity $(left_hand) {transformation: [-0.9793f,0.0002f,0.2025f,1.8917f,-0.1634f,0.59f,-0.7907f,2.7989f,-0.1196f,-0.8074f,-0.5778f,1.5182f,0f,0f,0f,1f],start_interpolation: 0,interpolation_duration: 1}
$data merge entity $(left_forearm) {transformation: [-1.151f,0.0002f,-0.7565f,1.8167f,0.6109f,0.8127f,-0.9292f,4.0143f,0.4462f,-1.1121f,-0.6792f,-0.1627f,0f,0f,0f,1f],start_interpolation: 0,interpolation_duration: 1}
$data merge entity $(left_shoulder) {transformation: [-1.4017f,-0.4298f,-0.0179f,1.0107f,-0.4299f,1.3974f,0.1108f,5.6278f,-0.0154f,0.1112f,-1.4619f,0.0168f,0f,0f,0f,1f],start_interpolation: 0,interpolation_duration: 1}
$data merge entity $(left_arm) {transformation: [-1f,0.0077f,0.0058f,0.4491f,0.0078f,0.9998f,0.0169f,5.922f,-0.0057f,0.017f,-0.9998f,0.01f,0f,0f,0f,1f],start_interpolation: 0,interpolation_duration: 1}
$data merge entity $(chest) {transformation: [-1.2785f,0.0099f,0.0074f,-0.0072f,0.01f,1.2783f,0.0217f,4.1204f,-0.0073f,0.0217f,-1.2783f,-0.0578f,0f,0f,0f,1f],start_interpolation: 0,interpolation_duration: 1}
$data merge entity $(left_cheek) {transformation: [-0.9901f,-0.0821f,-0.1138f,0.3859f,-0.0991f,0.9834f,0.1522f,3.2741f,0.0994f,0.162f,-0.9818f,-0.6536f,0f,0f,0f,1f],start_interpolation: 0,interpolation_duration: 1}
$data merge entity $(left_foot) {transformation: [-1.0223f,0.001f,0.008f,0.6346f,0.0077f,0.4147f,0.9344f,-3.4715f,-0.0023f,0.9345f,-0.4147f,-3.2616f,0f,0f,0f,1f],start_interpolation: 0,interpolation_duration: 1}
$data merge entity $(left_knee) {transformation: [-3.0416f,0.0117f,0.0209f,0.7389f,0.0229f,2.1844f,2.1166f,-0.3623f,-0.0069f,2.1167f,-2.1844f,-0.4213f,0f,0f,0f,1f],start_interpolation: 0,interpolation_duration: 1}
$data merge entity $(left_leg) {transformation: [-1.7179f,0.0126f,0.0049f,0.6875f,0.013f,1.7122f,0.1403f,2.3771f,-0.0039f,0.1403f,-1.7122f,-0.1464f,0f,0f,0f,1f],start_interpolation: 0,interpolation_duration: 1}
$data merge entity $(right_cheek) {transformation: [-0.9981f,0.019f,-0.059f,-0.5047f,0.0161f,0.9986f,0.0503f,3.231f,0.0599f,0.0492f,-0.997f,-0.5855f,0f,0f,0f,1f],start_interpolation: 0,interpolation_duration: 1}
$data merge entity $(right_foot) {transformation: [-1.0221f,0.0075f,-0.0222f,-0.7037f,0.0055f,1.0185f,0.0891f,-4.8669f,0.0227f,0.0889f,-1.0182f,0.3089f,0f,0f,0f,1f],start_interpolation: 0,interpolation_duration: 1}
$data merge entity $(right_knee) {transformation: [-3.0409f,0.0223f,-0.066f,-0.7628f,0.0164f,3.0299f,0.2678f,-0.6621f,0.0677f,0.2674f,-3.0292f,0.557f,0f,0f,0f,1f],start_interpolation: 0,interpolation_duration: 1}
$data merge entity $(right_leg) {transformation: [-1.7175f,0.0043f,-0.0391f,-0.6832f,0.0093f,1.7038f,-0.2197f,2.0736f,0.0382f,-0.2198f,-1.7034f,0.2531f,0f,0f,0f,1f],start_interpolation: 0,interpolation_duration: 1}
$data merge entity $(weist) {transformation: [-1.6166f,0.0119f,-0.1357f,-0.0132f,0f,1.6162f,0.1414f,3.7693f,0.1362f,0.1409f,-1.6105f,-0.129f,0f,0f,0f,1f],start_interpolation: 0,interpolation_duration: 1}
data modify storage animated_java:temp entry.data merge value {"locators":{"consume":{"px":-1.865386458,"py":1.418673681,"pz":-0.5527632599,"ry":353.1844041288,"rx":-5.2620615833}}}
# Data Manager: Prepare for Read / Write
execute store result storage animated_java:temp args.id int 1 run scoreboard players get @s aj.id
# Data Manager: Write
function animated_java:global/data_manager/write with storage animated_java:temp args