# This file was generated by Animated Java via MC-Build. It is not recommended to edit this file directly.
$data merge entity $(neck) {transformation: [-0.9999f,0.0045f,-0.0095f,0.0023f,0.0037f,0.9962f,0.0871f,5.9918f,0.0098f,0.087f,-0.9962f,-0.0588f,0f,0f,0f,1f],start_interpolation: 0,interpolation_duration: 1}
$data merge entity $(right_thumb_2) {transformation: [-0.9857f,0.0859f,-0.1448f,-1.7542f,0.0944f,0.9941f,-0.0528f,1.8431f,0.1394f,-0.0658f,-0.988f,-0.0591f,0f,0f,0f,1f],start_interpolation: 0,interpolation_duration: 1}
$data merge entity $(right_thumb) {transformation: [-0.9857f,-0.0054f,-0.1683f,-1.8997f,0.0944f,0.8101f,-0.5787f,2.1259f,0.1394f,-0.5863f,-0.798f,-0.2159f,0f,0f,0f,1f],start_interpolation: 0,interpolation_duration: 1}
$data merge entity $(right_fingers2) {transformation: [0.5777f,-0.802f,-0.1518f,-1.839f,-0.8158f,-0.5613f,-0.1393f,1.3749f,0.0265f,0.2043f,-0.9786f,-0.2007f,0f,0f,0f,1f],start_interpolation: 0,interpolation_duration: 1}
$data merge entity $(right_fingers) {transformation: [-0.658f,-0.7376f,-0.1518f,-2.0688f,-0.7246f,0.675f,-0.1393f,1.5458f,0.2052f,0.0183f,-0.9786f,-0.1969f,0f,0f,0f,1f],start_interpolation: 0,interpolation_duration: 1}
$data merge entity $(scout) {transformation: [0f,0f,0f,-1.907f,0f,0f,0f,1.5584f,0f,0f,0f,-0.3328f,0f,0f,0f,1f],start_interpolation: 0,interpolation_duration: 1}
$data merge entity $(right_hand) {transformation: [-0.9857f,0.073f,-0.1518f,-2.0258f,0.0944f,0.9857f,-0.1393f,2.1446f,0.1394f,-0.1516f,-0.9786f,-0.334f,0f,0f,0f,1f],start_interpolation: 0,interpolation_duration: 1}
$data merge entity $(right_forearm) {transformation: [-1.1078f,0.1005f,0.8122f,-1.7988f,-0.0437f,1.3577f,-0.2276f,4.1828f,-0.8172f,-0.2088f,-1.0889f,-0.6541f,0f,0f,0f,1f],start_interpolation: 0,interpolation_duration: 1}
$data merge entity $(right_shoulder) {transformation: [-1.3967f,0.424f,0.1393f,-1.0048f,0.446f,1.3098f,0.4852f,5.6742f,0.0158f,0.5045f,-1.3766f,0.0021f,0f,0f,0f,1f],start_interpolation: 0,interpolation_duration: 1}
$data merge entity $(right_arm) {transformation: [-0.9999f,0.0037f,-0.0098f,-0.4399f,0.0037f,1f,0.0048f,5.9619f,0.0098f,0.0047f,-0.9999f,-0.0105f,0f,0f,0f,1f],start_interpolation: 0,interpolation_duration: 1}
$data merge entity $(left_thumb_2) {transformation: [-0.9829f,-0.0455f,0.1784f,1.6571f,-0.1626f,0.6693f,-0.725f,2.8009f,-0.0864f,-0.7416f,-0.6652f,1.7365f,0f,0f,0f,1f],start_interpolation: 0,interpolation_duration: 1}
$data merge entity $(left_thumb) {transformation: [-0.9829f,0.0575f,0.1749f,1.8188f,-0.1626f,0.1749f,-0.9711f,2.8949f,-0.0864f,-0.9829f,-0.1626f,1.4354f,0f,0f,0f,1f],start_interpolation: 0,interpolation_duration: 1}
$data merge entity $(left_fingers2) {transformation: [0.609f,0.7721f,0.1817f,1.729f,0.5668f,-0.2634f,-0.7806f,2.3656f,-0.5549f,0.5783f,-0.5981f,1.9643f,0f,0f,0f,1f],start_interpolation: 0,interpolation_duration: 1}
$data merge entity $(left_fingers) {transformation: [-0.622f,0.7617f,0.1817f,1.9649f,0.3798f,0.4964f,-0.7806f,2.4906f,-0.6847f,-0.4165f,-0.5981f,1.8605f,0f,0f,0f,1f],start_interpolation: 0,interpolation_duration: 1}
$data merge entity $(left_hand) {transformation: [-0.9829f,-0.0298f,0.1817f,1.9497f,-0.1626f,0.6035f,-0.7806f,2.826f,-0.0864f,-0.7968f,-0.5981f,1.3442f,0f,0f,0f,1f],start_interpolation: 0,interpolation_duration: 1}
$data merge entity $(left_forearm) {transformation: [-1.1342f,-0.041f,-0.7804f,1.8124f,0.6019f,0.8313f,-0.9186f,4.0695f,0.4983f,-1.0975f,-0.6666f,-0.3121f,0f,0f,0f,1f],start_interpolation: 0,interpolation_duration: 1}
$data merge entity $(left_shoulder) {transformation: [-1.3999f,-0.4301f,-0.0709f,1.008f,-0.4358f,1.3872f,0.1887f,5.6668f,0.0117f,0.2012f,-1.4523f,-0.0177f,0f,0f,0f,1f],start_interpolation: 0,interpolation_duration: 1}
$data merge entity $(left_arm) {transformation: [-0.9999f,0.0037f,-0.0098f,0.4451f,0.0037f,1f,0.0048f,5.9586f,0.0098f,0.0047f,-0.9999f,-0.0192f,0f,0f,0f,1f],start_interpolation: 0,interpolation_duration: 1}
$data merge entity $(chest) {transformation: [-1.2785f,0.0047f,-0.0126f,-0.0044f,0.0047f,1.2785f,0.0061f,4.1544f,0.0126f,0.006f,-1.2785f,-0.058f,0f,0f,0f,1f],start_interpolation: 0,interpolation_duration: 1}
$data merge entity $(left_cheek) {transformation: [-0.9943f,-0.0538f,-0.0925f,0.4105f,-0.0656f,0.9893f,0.1305f,3.3043f,0.0845f,0.1358f,-0.9871f,-0.6358f,0f,0f,0f,1f],start_interpolation: 0,interpolation_duration: 1}
$data merge entity $(left_foot) {transformation: [-1.0223f,-0.004f,0.0063f,0.6675f,0.0051f,0.2564f,0.9897f,-3.2052f,-0.0055f,0.9897f,-0.2564f,-3.2576f,0f,0f,0f,1f],start_interpolation: 0,interpolation_duration: 1}
$data merge entity $(left_knee) {transformation: [-3.0417f,-0.0023f,0.0222f,0.7526f,0.0152f,2.0048f,2.2875f,-0.3374f,-0.0163f,2.2876f,-2.0047f,-0.173f,0f,0f,0f,1f],start_interpolation: 0,interpolation_duration: 1}
$data merge entity $(left_leg) {transformation: [-1.7179f,0.0085f,0.0093f,0.6944f,0.0086f,1.7178f,0.0189f,2.4145f,-0.0092f,0.019f,-1.7178f,-0.0927f,0f,0f,0f,1f],start_interpolation: 0,interpolation_duration: 1}
$data merge entity $(right_cheek) {transformation: [-0.9992f,0.0206f,-0.0337f,-0.4935f,0.0194f,0.9992f,0.0351f,3.2815f,0.0344f,0.0345f,-0.9988f,-0.5969f,0f,0f,0f,1f],start_interpolation: 0,interpolation_duration: 1}
$data merge entity $(right_foot) {transformation: [-1.0222f,0.0046f,-0.0152f,-0.7005f,0.0033f,1.0186f,0.0877f,-4.8462f,0.0155f,0.0876f,-1.0185f,0.0407f,0f,0f,0f,1f],start_interpolation: 0,interpolation_duration: 1}
$data merge entity $(right_knee) {transformation: [-3.0414f,0.0145f,-0.0449f,-0.7696f,0.0097f,3.025f,0.318f,-0.6462f,0.0461f,0.3179f,-3.0247f,0.3582f,0f,0f,0f,1f],start_interpolation: 0,interpolation_duration: 1}
$data merge entity $(right_leg) {transformation: [-1.7178f,0.0035f,-0.0264f,-0.6917f,0.0055f,1.7131f,-0.1285f,2.1019f,0.026f,-0.1286f,-1.7129f,0.2013f,0f,0f,0f,1f],start_interpolation: 0,interpolation_duration: 1}
$data merge entity $(weist) {transformation: [-1.6202f,0.0073f,-0.0835f,-0.0081f,0f,1.6162f,0.1414f,3.8034f,0.0838f,0.1412f,-1.614f,-0.1294f,0f,0f,0f,1f],start_interpolation: 0,interpolation_duration: 1}
data modify storage animated_java:temp entry.data merge value {"locators":{"consume":{"px":-1.8636994454,"py":1.4034668649,"pz":-0.2780416702,"ry":351.1841139085,"rx":-8.0060447937}}}
# Data Manager: Prepare for Read / Write
execute store result storage animated_java:temp args.id int 1 run scoreboard players get @s aj.id
# Data Manager: Write
function animated_java:global/data_manager/write with storage animated_java:temp args