# This file was generated by Animated Java via MC-Build. It is not recommended to edit this file directly.
$data merge entity $(neck) {transformation: [-0.9998f,0.0015f,-0.0174f,-0.0017f,0f,0.9962f,0.0872f,5.9076f,0.0174f,0.0871f,-0.996f,-0.0675f,0f,0f,0f,1f],start_interpolation: 0,interpolation_duration: 1}
$data merge entity $(right_thumb_2) {transformation: [-0.9818f,0.0786f,-0.1728f,-1.737f,0.0994f,0.9883f,-0.1154f,1.7504f,0.1617f,-0.1305f,-0.9782f,0.2214f,0f,0f,0f,1f],start_interpolation: 0,interpolation_duration: 1}
$data merge entity $(right_thumb) {transformation: [-0.9818f,-0.0266f,-0.188f,-1.8884f,0.0994f,0.7715f,-0.6284f,2.0222f,0.1617f,-0.6357f,-0.7548f,0.0515f,0f,0f,0f,1f],start_interpolation: 0,interpolation_duration: 1}
$data merge entity $(right_fingers2) {transformation: [0.5827f,-0.7928f,-0.179f,-1.8232f,-0.8104f,-0.5502f,-0.2011f,1.2738f,0.061f,0.2623f,-0.9631f,0.112f,0f,0f,0f,1f],start_interpolation: 0,interpolation_duration: 1}
$data merge entity $(right_fingers) {transformation: [-0.6479f,-0.7404f,-0.179f,-2.0538f,-0.7126f,0.6721f,-0.2011f,1.4438f,0.2692f,-0.0028f,-0.9631f,0.1117f,0f,0f,0f,1f],start_interpolation: 0,interpolation_duration: 1}
$data merge entity $(scout) {transformation: [0f,0f,0f,-1.896f,0f,0f,0f,1.4484f,0f,0f,0f,-0.0293f,0f,0f,0f,1f],start_interpolation: 0,interpolation_duration: 1}
$data merge entity $(right_hand) {transformation: [-0.9818f,0.0632f,-0.179f,-2.018f,0.0994f,0.9745f,-0.2011f,2.0329f,0.1617f,-0.2153f,-0.9631f,-0.0639f,0f,0f,0f,1f],start_interpolation: 0,interpolation_duration: 1}
$data merge entity $(right_forearm) {transformation: [-1.1306f,0.0871f,0.7819f,-1.8113f,-0.0991f,1.3422f,-0.2927f,4.0478f,-0.7805f,-0.2965f,-1.0955f,-0.5178f,0f,0f,0f,1f],start_interpolation: 0,interpolation_duration: 1}
$data merge entity $(right_shoulder) {transformation: [-1.3982f,0.431f,0.096f,-1.0071f,0.4409f,1.3451f,0.3824f,5.5865f,0.0244f,0.3935f,-1.4122f,0.0025f,0f,0f,0f,1f],start_interpolation: 0,interpolation_duration: 1}
$data merge entity $(right_arm) {transformation: [-0.9998f,0f,-0.0174f,-0.4434f,0f,1f,0f,5.8762f,0.0174f,0f,-0.9998f,-0.0158f,0f,0f,0f,1f],start_interpolation: 0,interpolation_duration: 1}
$data merge entity $(left_thumb_2) {transformation: [-0.985f,-0.0682f,0.1587f,1.7112f,-0.1608f,0.6982f,-0.6976f,2.665f,-0.0632f,-0.7126f,-0.6987f,1.547f,0f,0f,0f,1f],start_interpolation: 0,interpolation_duration: 1}
$data merge entity $(left_thumb) {transformation: [-0.985f,0.0277f,0.1705f,1.8637f,-0.1608f,0.214f,-0.9635f,2.7713f,-0.0632f,-0.9764f,-0.2064f,1.2451f,0f,0f,0f,1f],start_interpolation: 0,interpolation_duration: 1}
$data merge entity $(left_fingers2) {transformation: [0.5917f,0.7893f,0.164f,1.7902f,0.5896f,-0.2849f,-0.7558f,2.2212f,-0.5499f,0.5439f,-0.6339f,1.7549f,0f,0f,0f,1f],start_interpolation: 0,interpolation_duration: 1}
$data merge entity $(left_fingers) {transformation: [-0.6426f,0.7485f,0.164f,2.0228f,0.4057f,0.514f,-0.7558f,2.3506f,-0.65f,-0.4191f,-0.6339f,1.6492f,0f,0f,0f,1f],start_interpolation: 0,interpolation_duration: 1}
$data merge entity $(left_hand) {transformation: [-0.985f,-0.0541f,0.164f,1.9919f,-0.1608f,0.6348f,-0.7558f,2.7063f,-0.0632f,-0.7708f,-0.6339f,1.1474f,0f,0f,0f,1f],start_interpolation: 0,interpolation_duration: 1}
$data merge entity $(left_forearm) {transformation: [-1.1191f,-0.0746f,-0.7995f,1.8039f,0.5795f,0.8743f,-0.8927f,4.0145f,0.5558f,-1.0617f,-0.6789f,-0.4531f,0f,0f,0f,1f],start_interpolation: 0,interpolation_duration: 1}
$data merge entity $(left_shoulder) {transformation: [-1.3982f,-0.4266f,-0.1139f,1.0056f,-0.4409f,1.3697f,0.2819f,5.5865f,0.0244f,0.303f,-1.4344f,-0.0326f,0f,0f,0f,1f],start_interpolation: 0,interpolation_duration: 1}
$data merge entity $(left_arm) {transformation: [-0.9998f,0f,-0.0174f,0.4416f,0f,1f,0f,5.8762f,0.0174f,0f,-0.9998f,-0.0312f,0f,0f,0f,1f],start_interpolation: 0,interpolation_duration: 1}
$data merge entity $(chest) {transformation: [-1.2783f,0f,-0.0223f,-0.0015f,0f,1.2785f,0f,4.0702f,0.0223f,0f,-1.2783f,-0.0581f,0f,0f,0f,1f],start_interpolation: 0,interpolation_duration: 1}
$data merge entity $(left_cheek) {transformation: [-0.9976f,-0.0311f,-0.0614f,0.4349f,-0.0381f,0.9924f,0.1169f,3.2162f,0.0573f,0.1189f,-0.9912f,-0.6147f,0f,0f,0f,1f],start_interpolation: 0,interpolation_duration: 1}
$data merge entity $(left_foot) {transformation: [-1.0223f,-0.0083f,0.0037f,0.697f,0.0023f,0.1581f,1.0101f,-3.1397f,-0.0088f,1.01f,-0.1581f,-3.1241f,0f,0f,0f,1f],start_interpolation: 0,interpolation_duration: 1}
$data merge entity $(left_knee) {transformation: [-3.0416f,-0.0161f,0.0217f,0.7629f,0.0069f,1.8959f,2.3786f,-0.4186f,-0.0261f,2.3785f,-1.8958f,0.091f,0f,0f,0f,1f],start_interpolation: 0,interpolation_duration: 1}
$data merge entity $(left_leg) {transformation: [-1.7179f,0.0048f,0.0145f,0.6988f,0.0039f,1.7145f,-0.1088f,2.3315f,-0.0148f,-0.1088f,-1.7145f,-0.0336f,0f,0f,0f,1f],start_interpolation: 0,interpolation_duration: 1}
$data merge entity $(right_cheek) {transformation: [-0.9996f,0.0247f,-0.0113f,-0.4844f,0.0243f,0.9993f,0.0282f,3.2148f,0.012f,0.0279f,-0.9995f,-0.6024f,0f,0f,0f,1f],start_interpolation: 0,interpolation_duration: 1}
$data merge entity $(right_foot) {transformation: [-1.0223f,0.0014f,-0.0106f,-0.6905f,0.0006f,1.0194f,0.0773f,-4.9309f,0.0107f,0.0773f,-1.0194f,-0.2657f,0f,0f,0f,1f],start_interpolation: 0,interpolation_duration: 1}
$data merge entity $(right_knee) {transformation: [-3.0416f,0.0058f,-0.0313f,-0.7711f,0.0019f,3.0182f,0.3778f,-0.7381f,0.0317f,0.3777f,-3.018f,0.1345f,0f,0f,0f,1f],start_interpolation: 0,interpolation_duration: 1}
$data merge entity $(right_leg) {transformation: [-1.7179f,0.0008f,-0.0179f,-0.6978f,0.0011f,1.7178f,-0.0261f,2.0146f,0.0179f,-0.0261f,-1.7177f,0.1422f,0f,0f,0f,1f],start_interpolation: 0,interpolation_duration: 1}
$data merge entity $(weist) {transformation: [-1.6221f,0.0025f,-0.0282f,-0.0027f,0f,1.6162f,0.1414f,3.7191f,0.0283f,0.1414f,-1.6159f,-0.1296f,0f,0f,0f,1f],start_interpolation: 0,interpolation_duration: 1}
data modify storage animated_java:temp entry.data merge value {"locators":{"consume":{"px":-1.8503098401,"py":1.2974020414,"pz":0.0337888682,"ry":349.4715668758,"rx":-11.6039301964}}}
# Data Manager: Prepare for Read / Write
execute store result storage animated_java:temp args.id int 1 run scoreboard players get @s aj.id
# Data Manager: Write
function animated_java:global/data_manager/write with storage animated_java:temp args