# This file was generated by Animated Java via MC-Build. It is not recommended to edit this file directly.
$data merge entity $(neck) {transformation: [-0.9998f,-0.0015f,-0.0189f,-0.0044f,-0.0032f,0.9962f,0.0871f,6.0019f,0.0187f,0.0871f,-0.996f,-0.0606f,0f,0f,0f,1f],start_interpolation: 0,interpolation_duration: 1}
$data merge entity $(right_thumb_2) {transformation: [-0.9782f,0.0699f,-0.1954f,-1.7119f,0.1076f,0.9759f,-0.1896f,1.8697f,0.1775f,-0.2065f,-0.9622f,0.5205f,0f,0f,0f,1f],start_interpolation: 0,interpolation_duration: 1}
$data merge entity $(right_thumb) {transformation: [-0.9782f,-0.0461f,-0.2024f,-1.8689f,0.1076f,0.7212f,-0.6843f,2.1273f,0.1775f,-0.6912f,-0.7006f,0.3343f,0f,0f,0f,1f],start_interpolation: 0,interpolation_duration: 1}
$data merge entity $(right_fingers2) {transformation: [0.5885f,-0.7832f,-0.2008f,-1.798f,-0.8013f,-0.5319f,-0.2739f,1.3859f,0.1078f,0.3221f,-0.9406f,0.4495f,0f,0f,0f,1f],start_interpolation: 0,interpolation_duration: 1}
$data merge entity $(right_fingers) {transformation: [-0.6372f,-0.7441f,-0.2008f,-2.0295f,-0.6927f,0.6672f,-0.2739f,1.5545f,0.3378f,-0.0355f,-0.9406f,0.442f,0f,0f,0f,1f],start_interpolation: 0,interpolation_duration: 1}
$data merge entity $(scout) {transformation: [0f,0f,0f,-1.8752f,0f,0f,0f,1.549f,0f,0f,0f,0.2972f,0f,0f,0f,1f],start_interpolation: 0,interpolation_duration: 1}
$data merge entity $(right_hand) {transformation: [-0.9782f,0.0526f,-0.2008f,-2.0012f,0.1076f,0.9557f,-0.2739f,2.1288f,0.1775f,-0.2896f,-0.9406f,0.2216f,0f,0f,0f,1f],start_interpolation: 0,interpolation_duration: 1}
$data merge entity $(right_forearm) {transformation: [-1.1483f,0.0724f,0.7572f,-1.8168f,-0.162f,1.3164f,-0.3716f,4.1044f,-0.7432f,-0.3989f,-1.0889f,-0.3877f,0f,0f,0f,1f],start_interpolation: 0,interpolation_duration: 1}
$data merge entity $(right_shoulder) {transformation: [-1.3995f,0.4331f,0.0611f,-1.0087f,0.4365f,1.3699f,0.2874f,5.6774f,0.0279f,0.2925f,-1.4365f,0.0095f,0f,0f,0f,1f],start_interpolation: 0,interpolation_duration: 1}
$data merge entity $(right_arm) {transformation: [-0.9998f,-0.0031f,-0.0187f,-0.4459f,-0.0032f,1f,0.0037f,5.9689f,0.0187f,0.0038f,-0.9998f,-0.0084f,0f,0f,0f,1f],start_interpolation: 0,interpolation_duration: 1}
$data merge entity $(left_thumb_2) {transformation: [-0.9861f,-0.0859f,0.1423f,1.7499f,-0.1585f,0.743f,-0.6502f,2.6724f,-0.0499f,-0.6638f,-0.7463f,1.3264f,0f,0f,0f,1f],start_interpolation: 0,interpolation_duration: 1}
$data merge entity $(left_thumb) {transformation: [-0.9861f,0.0041f,0.1662f,1.8951f,-0.1585f,0.2773f,-0.9476f,2.7985f,-0.0499f,-0.9608f,-0.2728f,1.0285f,0f,0f,0f,1f],start_interpolation: 0,interpolation_duration: 1}
$data merge entity $(left_fingers2) {transformation: [0.5778f,0.8024f,0.1493f,1.8342f,0.6255f,-0.3179f,-0.7125f,2.2161f,-0.5243f,0.5051f,-0.6856f,1.503f,0f,0f,0f,1f],start_interpolation: 0,interpolation_duration: 1}
$data merge entity $(left_fingers) {transformation: [-0.6583f,0.7378f,0.1493f,2.0641f,0.4458f,0.5419f,-0.7125f,2.3527f,-0.6066f,-0.4025f,-0.6856f,1.4004f,0f,0f,0f,1f],start_interpolation: 0,interpolation_duration: 1}
$data merge entity $(left_hand) {transformation: [-0.9861f,-0.0731f,0.1493f,2.0209f,-0.1585f,0.6835f,-0.7125f,2.7402f,-0.0499f,-0.7263f,-0.6856f,0.9237f,0f,0f,0f,1f],start_interpolation: 0,interpolation_duration: 1}
$data merge entity $(left_forearm) {transformation: [-1.1058f,-0.1007f,-0.815f,1.7936f,0.5395f,0.9414f,-0.8484f,4.1496f,0.6191f,-1.0003f,-0.7164f,-0.5831f,0f,0f,0f,1f],start_interpolation: 0,interpolation_duration: 1}
$data merge entity $(left_shoulder) {transformation: [-1.3968f,-0.4207f,-0.1482f,1.0039f,-0.4453f,1.3422f,0.3873f,5.6838f,0.0245f,0.4139f,-1.4064f,-0.0282f,0f,0f,0f,1f],start_interpolation: 0,interpolation_duration: 1}
$data merge entity $(left_arm) {transformation: [-0.9998f,-0.0031f,-0.0187f,0.439f,-0.0032f,1f,0.0037f,5.9717f,0.0187f,0.0038f,-0.9998f,-0.025f,0f,0f,0f,1f],start_interpolation: 0,interpolation_duration: 1}
$data merge entity $(chest) {transformation: [-1.2783f,-0.004f,-0.024f,0.0015f,-0.004f,1.2785f,0.0047f,4.1645f,0.024f,0.0048f,-1.2783f,-0.0581f,0f,0f,0f,1f],start_interpolation: 0,interpolation_duration: 1}
$data merge entity $(left_cheek) {transformation: [-0.999f,-0.0245f,-0.0386f,0.4575f,-0.0276f,0.9962f,0.0822f,3.3063f,0.0364f,0.0831f,-0.9959f,-0.5927f,0f,0f,0f,1f],start_interpolation: 0,interpolation_duration: 1}
$data merge entity $(left_foot) {transformation: [-1.0223f,-0.0118f,0.0012f,0.7202f,-0.0005f,0.1507f,1.0112f,-3.0339f,-0.0119f,1.0111f,-0.1507f,-2.8495f,0f,0f,0f,1f],start_interpolation: 0,interpolation_duration: 1}
$data merge entity $(left_knee) {transformation: [-3.0415f,-0.0285f,0.0208f,0.7688f,-0.0015f,1.8997f,2.3756f,-0.3075f,-0.0353f,2.3754f,-1.8996f,0.3614f,0f,0f,0f,1f],start_interpolation: 0,interpolation_duration: 1}
$data merge entity $(left_leg) {transformation: [-1.7178f,0.0019f,0.0199f,0.6998f,-0.0009f,1.7013f,-0.2385f,2.4251f,-0.0199f,-0.2385f,-1.7012f,0.0284f,0f,0f,0f,1f],start_interpolation: 0,interpolation_duration: 1}
$data merge entity $(right_cheek) {transformation: [-0.9995f,0.0303f,0.007f,-0.4721f,0.0305f,0.999f,0.033f,3.3023f,-0.006f,0.0332f,-0.9994f,-0.616f,0f,0f,0f,1f],start_interpolation: 0,interpolation_duration: 1}
$data merge entity $(right_foot) {transformation: [-1.0223f,-0.0018f,-0.0079f,-0.6748f,-0.0022f,1.0205f,0.0624f,-4.8214f,0.0077f,0.0624f,-1.0204f,-0.595f,0f,0f,0f,1f],start_interpolation: 0,interpolation_duration: 1}
$data merge entity $(right_knee) {transformation: [-3.0416f,-0.0032f,-0.0238f,-0.7675f,-0.0067f,3.0091f,0.4445f,-0.6388f,0.023f,0.4446f,-3.009f,-0.1022f,0f,0f,0f,1f],start_interpolation: 0,interpolation_duration: 1}
$data merge entity $(right_leg) {transformation: [-1.7179f,-0.0031f,-0.0132f,-0.7007f,-0.0038f,1.716f,0.0817f,2.1081f,0.013f,0.0817f,-1.716f,0.0784f,0f,0f,0f,1f],start_interpolation: 0,interpolation_duration: 1}
$data merge entity $(weist) {transformation: [-1.6221f,-0.0025f,0.0282f,0.0027f,0f,1.6162f,0.1414f,3.8134f,-0.0283f,0.1414f,-1.6159f,-0.1296f,0f,0f,0f,1f],start_interpolation: 0,interpolation_duration: 1}
data modify storage animated_java:temp entry.data merge value {"locators":{"consume":{"px":-1.8271123052,"py":1.4033927725,"pz":0.3703634495,"ry":347.9507343556,"rx":-15.8990441054}}}
# Data Manager: Prepare for Read / Write
execute store result storage animated_java:temp args.id int 1 run scoreboard players get @s aj.id
# Data Manager: Write
function animated_java:global/data_manager/write with storage animated_java:temp args