# This file was generated by Animated Java via MC-Build. It is not recommended to edit this file directly.
$data merge entity $(neck) {transformation: [-0.9996f,-0.0045f,-0.0263f,-0.0076f,-0.0068f,0.9962f,0.0869f,5.9347f,0.0258f,0.087f,-0.9959f,-0.0425f,0f,0f,0f,1f],start_interpolation: 0,interpolation_duration: 1}
$data merge entity $(right_thumb_2) {transformation: [-0.9733f,0.0561f,-0.2224f,-1.6707f,0.1168f,0.9557f,-0.27f,1.858f,0.1974f,-0.2888f,-0.9368f,0.8391f,0f,0f,0f,1f],start_interpolation: 0,interpolation_duration: 1}
$data merge entity $(right_thumb) {transformation: [-0.9733f,-0.0722f,-0.2177f,-1.8352f,0.1168f,0.661f,-0.7413f,2.0984f,0.1974f,-0.7469f,-0.6349f,0.637f,0f,0f,0f,1f],start_interpolation: 0,interpolation_duration: 1}
$data merge entity $(right_fingers2) {transformation: [0.5977f,-0.7691f,-0.2264f,-1.7551f,-0.7864f,-0.5074f,-0.3523f,1.3695f,0.156f,0.3886f,-0.9081f,0.8111f,0f,0f,0f,1f],start_interpolation: 0,interpolation_duration: 1}
$data merge entity $(right_fingers) {transformation: [-0.6215f,-0.75f,-0.2264f,-1.9881f,-0.6656f,0.6579f,-0.3523f,1.5357f,0.4132f,-0.0682f,-0.9081f,0.7966f,0f,0f,0f,1f],start_interpolation: 0,interpolation_duration: 1}
$data merge entity $(scout) {transformation: [0f,0f,0f,-1.838f,0f,0f,0f,1.519f,0f,0f,0f,0.6482f,0f,0f,0f,1f],start_interpolation: 0,interpolation_duration: 1}
$data merge entity $(right_hand) {transformation: [-0.9733f,0.0365f,-0.2264f,-1.9708f,0.1168f,0.9286f,-0.3523f,2.0898f,0.1974f,-0.3694f,-0.9081f,0.5286f,0f,0f,0f,1f],start_interpolation: 0,interpolation_duration: 1}
$data merge entity $(right_forearm) {transformation: [-1.1685f,0.0503f,0.7274f,-1.82f,-0.2294f,1.279f,-0.4569f,4.0089f,-0.6921f,-0.5087f,-1.0767f,-0.2479f,0f,0f,0f,1f],start_interpolation: 0,interpolation_duration: 1}
$data merge entity $(right_shoulder) {transformation: [-1.4007f,0.433f,0.0185f,-1.0103f,0.4314f,1.3868f,0.2014f,5.6062f,0.042f,0.1978f,-1.4522f,0.0315f,0f,0f,0f,1f],start_interpolation: 0,interpolation_duration: 1}
$data merge entity $(right_arm) {transformation: [-0.9996f,-0.0064f,-0.0259f,-0.4486f,-0.0068f,0.9999f,0.0134f,5.8998f,0.0258f,0.0135f,-0.9996f,0.0125f,0f,0f,0f,1f],start_interpolation: 0,interpolation_duration: 1}
$data merge entity $(left_thumb_2) {transformation: [-0.987f,-0.1056f,0.1212f,1.7892f,-0.1568f,0.7998f,-0.5794f,2.4924f,-0.0358f,-0.5909f,-0.806f,1.0507f,0f,0f,0f,1f],start_interpolation: 0,interpolation_duration: 1}
$data merge entity $(left_thumb) {transformation: [-0.987f,-0.024f,0.159f,1.9256f,-0.1568f,0.3632f,-0.9184f,2.6454f,-0.0358f,-0.9314f,-0.3623f,0.7614f,0f,0f,0f,1f],start_interpolation: 0,interpolation_duration: 1}
$data merge entity $(left_fingers2) {transformation: [0.5619f,0.8169f,0.13f,1.8789f,0.6724f,-0.3596f,-0.6469f,2.0223f,-0.4818f,0.4509f,-0.7514f,1.1827f,0f,0f,0f,1f],start_interpolation: 0,interpolation_duration: 1}
$data merge entity $(left_fingers) {transformation: [-0.6759f,0.7254f,0.13f,2.1057f,0.4966f,0.5787f,-0.6469f,2.1684f,-0.5445f,-0.3727f,-0.7514f,1.0863f,0f,0f,0f,1f],start_interpolation: 0,interpolation_duration: 1}
$data merge entity $(left_hand) {transformation: [-0.987f,-0.0947f,0.13f,2.0483f,-0.1568f,0.7463f,-0.6469f,2.5974f,-0.0358f,-0.6589f,-0.7514f,0.6482f,0f,0f,0f,1f],start_interpolation: 0,interpolation_duration: 1}
$data merge entity $(left_forearm) {transformation: [-1.0879f,-0.1304f,-0.8347f,1.7763f,0.4774f,1.0279f,-0.7828f,4.1367f,0.697f,-0.9075f,-0.7666f,-0.7174f,0f,0f,0f,1f],start_interpolation: 0,interpolation_duration: 1}
$data merge entity $(left_shoulder) {transformation: [-1.395f,-0.4095f,-0.1897f,1.002f,-0.4503f,1.304f,0.4965f,5.6198f,0.0301f,0.5307f,-1.3665f,-0.0203f,0f,0f,0f,1f],start_interpolation: 0,interpolation_duration: 1}
$data merge entity $(left_arm) {transformation: [-0.9996f,-0.0064f,-0.0259f,0.4361f,-0.0068f,0.9999f,0.0134f,5.9058f,0.0258f,0.0135f,-0.9996f,-0.0103f,0f,0f,0f,1f],start_interpolation: 0,interpolation_duration: 1}
$data merge entity $(chest) {transformation: [-1.2781f,-0.0082f,-0.0331f,0.0044f,-0.0087f,1.2784f,0.0171f,4.0975f,0.0329f,0.0173f,-1.278f,-0.058f,0f,0f,0f,1f],start_interpolation: 0,interpolation_duration: 1}
$data merge entity $(left_cheek) {transformation: [-0.9998f,-0.0197f,-0.0101f,0.4771f,-0.0203f,0.9981f,0.0587f,3.2345f,0.009f,0.0589f,-0.9982f,-0.5722f,0f,0f,0f,1f],start_interpolation: 0,interpolation_duration: 1}
$data merge entity $(left_foot) {transformation: [-1.0223f,-0.0148f,0.0005f,0.7348f,-0.0034f,0.2667f,0.987f,-3.3107f,-0.0144f,0.9868f,-0.2668f,-2.3621f,0f,0f,0f,1f],start_interpolation: 0,interpolation_duration: 1}
$data merge entity $(left_knee) {transformation: [-3.0414f,-0.0382f,0.022f,0.7702f,-0.01f,2.0776f,2.2217f,-0.3441f,-0.0429f,2.2213f,-2.0775f,0.6285f,0f,0f,0f,1f],start_interpolation: 0,interpolation_duration: 1}
$data merge entity $(left_leg) {transformation: [-1.7178f,-0.0004f,0.0249f,0.6974f,-0.0056f,1.6786f,-0.3655f,2.3556f,-0.0242f,-0.3655f,-1.6784f,0.0911f,0f,0f,0f,1f],start_interpolation: 0,interpolation_duration: 1}
$data merge entity $(right_cheek) {transformation: [-0.9992f,0.0356f,0.0205f,-0.4589f,0.0366f,0.9979f,0.053f,3.2298f,-0.0185f,0.0537f,-0.9984f,-0.6278f,0f,0f,0f,1f],start_interpolation: 0,interpolation_duration: 1}
$data merge entity $(right_foot) {transformation: [-1.0223f,-0.0049f,-0.0065f,-0.6549f,-0.0052f,1.0213f,0.0471f,-4.8571f,0.0062f,0.0471f,-1.0213f,-0.9315f,0f,0f,0f,1f],start_interpolation: 0,interpolation_duration: 1}
$data merge entity $(right_knee) {transformation: [-3.0416f,-0.012f,-0.0209f,-0.7597f,-0.0154f,2.9976f,0.5158f,-0.6877f,0.0186f,0.5159f,-2.9976f,-0.3396f,0f,0f,0f,1f],start_interpolation: 0,interpolation_duration: 1}
$data merge entity $(right_leg) {transformation: [-1.7179f,-0.0075f,-0.0114f,-0.6999f,-0.0087f,1.7075f,0.189f,2.0427f,0.0105f,0.189f,-1.7075f,0.0128f,0f,0f,0f,1f],start_interpolation: 0,interpolation_duration: 1}
$data merge entity $(weist) {transformation: [-1.6202f,-0.0073f,0.0835f,0.0081f,0f,1.6162f,0.1414f,3.7464f,-0.0838f,0.1412f,-1.614f,-0.1294f,0f,0f,0f,1f],start_interpolation: 0,interpolation_duration: 1}
data modify storage animated_java:temp entry.data merge value {"locators":{"consume":{"px":-1.7867020194,"py":1.3802437439,"pz":0.7317216513,"ry":345.9979780721,"rx":-20.6282061455}}}
# Data Manager: Prepare for Read / Write
execute store result storage animated_java:temp args.id int 1 run scoreboard players get @s aj.id
# Data Manager: Write
function animated_java:global/data_manager/write with storage animated_java:temp args