# This file was generated by Animated Java via MC-Build. It is not recommended to edit this file directly.
$data merge entity $(neck) {transformation: [-0.9992f,-0.003f,0.0394f,-0.0016f,-0.0009f,0.9986f,0.052f,5.9333f,-0.0395f,0.0519f,-0.9979f,0.0194f,0f,0f,0f,1f],start_interpolation: 0,interpolation_duration: 1}
$data merge entity $(right_thumb_2) {transformation: [0.1256f,0.5168f,0.8468f,-4.2462f,0.3875f,0.7602f,-0.5215f,4.7737f,-0.9133f,0.3936f,-0.1048f,-1.7707f,0f,0f,0f,1f],start_interpolation: 0,interpolation_duration: 1}
$data merge entity $(right_thumb) {transformation: [0.1256f,0.9919f,0.0191f,-3.9087f,0.3875f,-0.0313f,-0.9213f,4.8341f,-0.9133f,0.1231f,-0.3883f,-1.861f,0f,0f,0f,1f],start_interpolation: 0,interpolation_duration: 1}
$data merge entity $(right_fingers2) {transformation: [-0.6616f,-0.7452f,-0.0833f,-4.5409f,0.0067f,0.1052f,-0.9944f,4.8184f,0.7499f,-0.6584f,-0.0646f,-2.0513f,0f,0f,0f,1f],start_interpolation: 0,interpolation_duration: 1}
$data merge entity $(right_fingers) {transformation: [-0.6847f,0.724f,-0.0833f,-4.3546f,0.1042f,-0.0159f,-0.9944f,4.8095f,-0.7213f,-0.6896f,-0.0646f,-2.2686f,0f,0f,0f,1f],start_interpolation: 0,interpolation_duration: 1}
$data merge entity $(scout) {transformation: [-2.6871f,-1.1907f,0.5105f,-4.4179f,-0.2221f,1.5814f,2.5197f,4.6967f,-1.2763f,2.2317f,-1.5132f,-2.1011f,0f,0f,0f,1f],start_interpolation: 0,interpolation_duration: 1}
$data merge entity $(right_hand) {transformation: [0.5221f,0.8488f,-0.0833f,-3.8395f,0.0117f,-0.1048f,-0.9944f,4.7011f,-0.8528f,0.5182f,-0.0646f,-1.9489f,0f,0f,0f,1f],start_interpolation: 0,interpolation_duration: 1}
$data merge entity $(right_forearm) {transformation: [-0.046f,1.3642f,0.1843f,-1.7764f,1.1352f,0.1419f,-0.767f,4.8397f,-0.7787f,0.1263f,-1.1291f,-1.7675f,0f,0f,0f,1f],start_interpolation: 0,interpolation_duration: 1}
$data merge entity $(right_shoulder) {transformation: [-0.8783f,0.5698f,1.0266f,-0.9377f,1.1021f,0.8422f,0.4754f,5.6291f,-0.4049f,1.0563f,-0.9328f,-0.3679f,0f,0f,0f,1f],start_interpolation: 0,interpolation_duration: 1}
$data merge entity $(right_arm) {transformation: [-0.9093f,-0.003f,0.416f,-0.4222f,0.0189f,0.9986f,0.0485f,5.9082f,-0.4156f,0.0519f,-0.9081f,-0.1262f,0f,0f,0f,1f],start_interpolation: 0,interpolation_duration: 1}
$data merge entity $(left_thumb_2) {transformation: [-0.3855f,-0.1034f,0.9169f,1.4071f,-0.8611f,0.3975f,-0.3172f,4.1461f,-0.3316f,-0.9118f,-0.2423f,3.5609f,0f,0f,0f,1f],start_interpolation: 0,interpolation_duration: 1}
$data merge entity $(left_thumb) {transformation: [-0.3855f,0.4054f,0.8289f,1.583f,-0.8611f,0.1648f,-0.4811f,4.3336f,-0.3316f,-0.8992f,0.2855f,3.3168f,0f,0f,0f,1f],start_interpolation: 0,interpolation_duration: 1}
$data merge entity $(left_fingers2) {transformation: [0.428f,-0.3956f,0.8126f,1.3557f,0.8293f,-0.1854f,-0.5271f,4.1059f,0.3592f,0.8995f,0.2487f,3.9009f,0f,0f,0f,1f],start_interpolation: 0,interpolation_duration: 1}
$data merge entity $(left_fingers) {transformation: [0.1836f,0.5532f,0.8126f,1.5141f,-0.1735f,0.8319f,-0.5271f,4.344f,-0.9676f,-0.0442f,0.2487f,3.9174f,0f,0f,0f,1f],start_interpolation: 0,interpolation_duration: 1}
$data merge entity $(left_hand) {transformation: [-0.4787f,0.3325f,0.8126f,1.7518f,-0.847f,0.0687f,-0.5271f,4.3586f,-0.2311f,-0.9406f,0.2487f,3.3495f,0f,0f,0f,1f],start_interpolation: 0,interpolation_duration: 1}
$data merge entity $(left_forearm) {transformation: [-1.2873f,0.1556f,0.4644f,1.9495f,-0.462f,0.0479f,-1.2967f,4.3643f,-0.1626f,-1.3677f,0.0075f,1.2833f,0f,0f,0f,1f],start_interpolation: 0,interpolation_duration: 1}
$data merge entity $(left_shoulder) {transformation: [-1.1374f,-0.6616f,0.6468f,0.8928f,-0.8574f,1.1389f,-0.3428f,5.5911f,-0.3477f,-0.6442f,-1.2704f,0.4687f,0f,0f,0f,1f],start_interpolation: 0,interpolation_duration: 1}
$data merge entity $(left_arm) {transformation: [-0.9093f,-0.003f,0.416f,0.3826f,0.0189f,0.9986f,0.0485f,5.8915f,-0.4156f,0.0519f,-0.9081f,0.2417f,0f,0f,0f,1f],start_interpolation: 0,interpolation_duration: 1}
$data merge entity $(chest) {transformation: [-1.1626f,-0.0038f,0.5319f,0f,0.0241f,1.2768f,0.062f,4.0979f,-0.5314f,0.0664f,-1.161f,-0.0675f,0f,0f,0f,1f],start_interpolation: 0,interpolation_duration: 1}
$data merge entity $(left_cheek) {transformation: [-0.9918f,-0.0838f,0.0963f,0.4493f,-0.0747f,0.9927f,0.0948f,3.2362f,-0.1035f,0.0868f,-0.9908f,-0.4893f,0f,0f,0f,1f],start_interpolation: 0,interpolation_duration: 1}
$data merge entity $(left_foot) {transformation: [-0.9972f,-0.0379f,-0.2223f,1.236f,-0.0347f,1.0216f,-0.0185f,-4.7632f,0.2228f,-0.0105f,-0.9977f,-1.1945f,0f,0f,0f,1f],start_interpolation: 0,interpolation_duration: 1}
$data merge entity $(left_knee) {transformation: [-3.0314f,-0.2423f,-0.0647f,0.9851f,-0.2507f,2.9432f,0.7259f,-0.6529f,0.0048f,0.7288f,-2.9531f,-0.3068f,0f,0f,0f,1f],start_interpolation: 0,interpolation_duration: 1}
$data merge entity $(left_leg) {transformation: [-1.7121f,-0.1405f,-0.0174f,0.6892f,-0.1416f,1.7028f,0.1783f,2.0639f,0.0027f,0.1791f,-1.7086f,0.0303f,0f,0f,0f,1f],start_interpolation: 0,interpolation_duration: 1}
$data merge entity $(right_cheek) {transformation: [-0.9938f,0.0714f,0.0856f,-0.3741f,0.0663f,0.9959f,-0.0618f,3.2053f,-0.0897f,-0.0558f,-0.9944f,-0.5499f,0f,0f,0f,1f],start_interpolation: 0,interpolation_duration: 1}
$data merge entity $(right_foot) {transformation: [-0.9445f,-0.0464f,0.3886f,-1.3746f,-0.0505f,1.0211f,-0.0008f,-4.6538f,-0.3881f,-0.02f,-0.9456f,1.2148f,0f,0f,0f,1f],start_interpolation: 0,interpolation_duration: 1}
$data merge entity $(right_knee) {transformation: [-2.9735f,0.1891f,0.612f,-1.1732f,0.1596f,3.0332f,-0.162f,-0.4578f,-0.6204f,-0.1262f,-2.9751f,0.9005f,0f,0f,0f,1f],start_interpolation: 0,interpolation_duration: 1}
$data merge entity $(right_leg) {transformation: [-1.6827f,0.2534f,0.236f,-0.7041f,0.1382f,1.5649f,-0.6952f,2.0639f,-0.3175f,-0.6619f,-1.5532f,-0.1012f,0f,0f,0f,1f],start_interpolation: 0,interpolation_duration: 1}
$data merge entity $(weist) {transformation: [-1.6152f,-0.0035f,0.1524f,0f,0f,1.6219f,0.0376f,3.7169f,-0.1524f,0.0375f,-1.6147f,-0.1143f,0f,0f,0f,1f],start_interpolation: 0,interpolation_duration: 1}
data modify storage animated_java:temp entry.data merge value {"locators":{"consume":{"px":-4.5746364894,"py":4.7509978777,"pz":-2.1380625532,"ry":307.7893992385,"rx":-83.9472666781}}}
# Data Manager: Prepare for Read / Write
execute store result storage animated_java:temp args.id int 1 run scoreboard players get @s aj.id
# Data Manager: Write
function animated_java:global/data_manager/write with storage animated_java:temp args