# This file was generated by Animated Java via MC-Build. It is not recommended to edit this file directly.
$data merge entity $(neck) {transformation: [-0.9993f,-0.0106f,-0.0357f,0.0214f,-0.016f,0.9879f,0.1544f,5.9505f,0.0336f,0.1548f,-0.9874f,-0.0768f,0f,0f,0f,1f],start_interpolation: 0,interpolation_duration: 1}
$data merge entity $(right_thumb_2) {transformation: [0.1928f,0.516f,-0.8346f,-0.4329f,0.6593f,-0.6981f,-0.2793f,8.4332f,-0.7268f,-0.4964f,-0.4747f,0.4532f,0f,0f,0f,1f],start_interpolation: 0,interpolation_duration: 1}
$data merge entity $(right_thumb) {transformation: [0.1928f,-0.4267f,-0.8836f,-0.5292f,0.6593f,-0.6106f,0.4387f,8.3283f,-0.7268f,-0.6671f,0.1636f,0.1285f,0f,0f,0f,1f],start_interpolation: 0,interpolation_duration: 1}
$data merge entity $(right_fingers2) {transformation: [0.3671f,0.3295f,-0.8699f,-0.3022f,-0.2961f,0.9279f,0.2265f,8.817f,0.8818f,0.1744f,0.4382f,0.5104f,0f,0f,0f,1f],start_interpolation: 0,interpolation_duration: 1}
$data merge entity $(right_fingers) {transformation: [0.2962f,-0.3944f,-0.8699f,-0.4126f,0.9502f,0.2141f,0.2265f,8.9064f,0.0969f,-0.8937f,0.4382f,0.2617f,0f,0f,0f,1f],start_interpolation: 0,interpolation_duration: 1}
$data merge entity $(scout) {transformation: [0.7711f,-1.1224f,2.6542f,-0.4688f,2.4932f,-1.118f,-1.1971f,8.8117f,1.4451f,2.5278f,0.6491f,0.4424f,0f,0f,0f,1f],start_interpolation: 0,interpolation_duration: 1}
$data merge entity $(right_hand) {transformation: [-0.3043f,-0.3882f,-0.8699f,-0.688f,0.4527f,-0.8624f,0.2265f,8.3845f,-0.8381f,-0.3249f,0.4382f,0.0857f,0f,0f,0f,1f],start_interpolation: 0,interpolation_duration: 1}
$data merge entity $(right_forearm) {transformation: [0.8259f,-0.7202f,-0.8345f,-1.8373f,0.3198f,-0.8413f,1.0426f,7.1422f,-1.0549f,-0.8189f,-0.3372f,-1.116f,0f,0f,0f,1f],start_interpolation: 0,interpolation_duration: 1}
$data merge entity $(right_shoulder) {transformation: [0.1663f,0.8332f,-1.195f,-0.8165f,-0.0263f,-1.2008f,-0.8409f,5.7104f,-1.4565f,0.1168f,-0.1212f,-0.6761f,0f,0f,0f,1f],start_interpolation: 0,interpolation_duration: 1}
$data merge entity $(right_arm) {transformation: [-0.8049f,-0.0106f,0.5933f,-0.3607f,0.0835f,0.9879f,0.1308f,5.9507f,-0.5875f,0.1548f,-0.7943f,-0.3066f,0f,0f,0f,1f],start_interpolation: 0,interpolation_duration: 1}
$data merge entity $(left_thumb_2) {transformation: [0.3676f,0.7735f,0.5163f,-1.7591f,-0.9298f,0.3171f,0.187f,4.4801f,-0.0191f,-0.5488f,0.8357f,2.5988f,0f,0f,0f,1f],start_interpolation: 0,interpolation_duration: 1}
$data merge entity $(left_thumb) {transformation: [0.3676f,0.9298f,0.0199f,-1.5147f,-0.9298f,0.3679f,-0.0126f,4.7364f,-0.0191f,-0.0138f,0.9997f,2.5831f,0f,0f,0f,1f],start_interpolation: 0,interpolation_duration: 1}
$data merge entity $(left_fingers2) {transformation: [-0.3334f,-0.9395f,0.078f,-2.09f,0.94f,-0.3376f,-0.0488f,4.4074f,0.0722f,0.0571f,0.9958f,2.693f,0f,0f,0f,1f],start_interpolation: 0,interpolation_duration: 1}
$data merge entity $(left_fingers) {transformation: [0.9957f,0.0507f,0.078f,-2.1031f,-0.0469f,0.9977f,-0.0488f,4.6927f,-0.0803f,0.0449f,0.9958f,2.7153f,0f,0f,0f,1f],start_interpolation: 0,interpolation_duration: 1}
$data merge entity $(left_hand) {transformation: [0.2516f,0.9647f,0.078f,-1.5058f,-0.9655f,0.2557f,-0.0488f,4.8427f,-0.067f,-0.063f,0.9958f,2.7203f,0f,0f,0f,1f],start_interpolation: 0,interpolation_duration: 1}
$data merge entity $(left_forearm) {transformation: [-0.1063f,1.3261f,0.357f,0.4997f,-1.0422f,0.1553f,-0.887f,5.0009f,-0.8942f,-0.3385f,0.9914f,2.2094f,0f,0f,0f,1f],start_interpolation: 0,interpolation_duration: 1}
$data merge entity $(left_shoulder) {transformation: [0.1724f,0.2587f,1.4329f,0.8037f,-1.308f,0.6614f,0.038f,5.5424f,-0.6397f,-1.2828f,0.3085f,0.5065f,0f,0f,0f,1f],start_interpolation: 0,interpolation_duration: 1}
$data merge entity $(left_arm) {transformation: [-0.8049f,-0.0106f,0.5933f,0.3518f,0.0835f,0.9879f,0.1308f,5.8768f,-0.5875f,0.1548f,-0.7943f,0.2134f,0f,0f,0f,1f],start_interpolation: 0,interpolation_duration: 1}
$data merge entity $(chest) {transformation: [-1.0291f,-0.0135f,0.7586f,0.0352f,0.1067f,1.2631f,0.1673f,4.1341f,-0.7511f,0.198f,-1.0155f,-0.3537f,0f,0f,0f,1f],start_interpolation: 0,interpolation_duration: 1}
$data merge entity $(left_cheek) {transformation: [-0.9967f,-0.0734f,-0.0361f,0.4232f,-0.0808f,0.9516f,0.2965f,3.5606f,0.0126f,0.2984f,-0.9544f,-1.1679f,0f,0f,0f,1f],start_interpolation: 0,interpolation_duration: 1}
$data merge entity $(left_foot) {transformation: [-0.9465f,-0.0376f,-0.3847f,0.3732f,-0.1105f,1.0014f,0.174f,-3.9816f,0.3704f,0.2027f,-0.9311f,-3.9195f,0f,0f,0f,1f],start_interpolation: 0,interpolation_duration: 1}
$data merge entity $(left_knee) {transformation: [-2.9342f,0.2176f,-0.7717f,0.727f,-0.2043f,2.628f,1.518f,-0.2765f,0.7753f,1.5161f,-2.5204f,-1.9466f,0f,0f,0f,1f],start_interpolation: 0,interpolation_duration: 1}
$data merge entity $(left_leg) {transformation: [-1.6572f,0.0275f,-0.452f,0.7154f,-0.1154f,1.6326f,0.5224f,2.3189f,0.4379f,0.5342f,-1.573f,-1.0264f,0f,0f,0f,1f],start_interpolation: 0,interpolation_duration: 1}
$data merge entity $(right_cheek) {transformation: [-0.9976f,0.052f,-0.0448f,-0.432f,0.0371f,0.9574f,0.2863f,3.5059f,0.0577f,0.284f,-0.9571f,-1.1418f,0f,0f,0f,1f],start_interpolation: 0,interpolation_duration: 1}
$data merge entity $(right_foot) {transformation: [-1.006f,0.0399f,0.1778f,-1.0977f,0.037f,1.0215f,-0.02f,-4.25f,-0.1784f,-0.0132f,-1.0066f,0.6422f,0f,0f,0f,1f],start_interpolation: 0,interpolation_duration: 1}
$data merge entity $(right_knee) {transformation: [-3.0175f,0.1202f,0.3636f,-1.0031f,0.1113f,3.0386f,-0.0802f,-0.0446f,-0.3664f,-0.0662f,-3.0189f,0.4166f,0f,0f,0f,1f],start_interpolation: 0,interpolation_duration: 1}
$data merge entity $(right_leg) {transformation: [-1.7041f,0.1586f,0.1488f,-0.6825f,0.057f,1.46f,-0.9037f,2.3185f,-0.2099f,-0.8915f,-1.4535f,-0.9603f,0f,0f,0f,1f],start_interpolation: 0,interpolation_duration: 1}
$data merge entity $(weist) {transformation: [-1.6205f,0.0236f,-0.0729f,0.0352f,-0.0005f,1.5405f,0.5086f,3.923f,0.0766f,0.5081f,-1.5388f,-0.5879f,0f,0f,0f,1f],start_interpolation: 0,interpolation_duration: 1}
data modify storage animated_java:temp entry.data merge value {"locators":{"consume":{"px":-0.3589023841,"py":8.9165674464,"pz":0.5184449326,"ry":243.2654909502,"rx":13.0934641764}}}
# Data Manager: Prepare for Read / Write
execute store result storage animated_java:temp args.id int 1 run scoreboard players get @s aj.id
# Data Manager: Write
function animated_java:global/data_manager/write with storage animated_java:temp args