# This file was generated by Animated Java via MC-Build. It is not recommended to edit this file directly.
$data merge entity $(neck) {transformation: [-0.999f,0f,-0.0436f,0.0061f,-0.0057f,0.9914f,0.1304f,5.97f,0.0432f,0.1305f,-0.9905f,-0.0618f,0f,0f,0f,1f],start_interpolation: 0,interpolation_duration: 1}
$data merge entity $(right_thumb_2) {transformation: [0.2472f,0.4067f,-0.8795f,-0.2037f,0.3835f,-0.8746f,-0.2966f,8.5543f,-0.8898f,-0.264f,-0.3722f,-0.4611f,0f,0f,0f,1f],start_interpolation: 0,interpolation_duration: 1}
$data merge entity $(right_thumb) {transformation: [0.2472f,-0.5232f,-0.8156f,-0.3238f,0.3835f,-0.7201f,0.5782f,8.3714f,-0.8898f,-0.4557f,0.0227f,-0.74f,0f,0f,0f,1f],start_interpolation: 0,interpolation_duration: 1}
$data merge entity $(right_fingers2) {transformation: [0.3588f,0.4487f,-0.8185f,-0.0241f,-0.0666f,0.887f,0.457f,8.9175f,0.931f,-0.1095f,0.3481f,-0.5206f,0f,0f,0f,1f],start_interpolation: 0,interpolation_duration: 1}
$data merge entity $(right_fingers) {transformation: [0.4157f,-0.3965f,-0.8185f,-0.1314f,0.8894f,-0.011f,0.457f,8.9428f,-0.1902f,-0.918f,0.3481f,-0.785f,0f,0f,0f,1f],start_interpolation: 0,interpolation_duration: 1}
$data merge entity $(scout) {transformation: [1.1274f,2.0244f,1.8788f,-0.1925f,2.6873f,-1.2724f,-0.2415f,8.9139f,0.6375f,1.7838f,-2.3045f,-0.5844f,0f,0f,0f,1f],start_interpolation: 0,interpolation_duration: 1}
$data merge entity $(right_hand) {transformation: [-0.2754f,-0.5041f,-0.8185f,-0.4758f,0.2196f,-0.8619f,0.457f,8.4325f,-0.9359f,-0.0538f,0.3481f,-0.798f,0f,0f,0f,1f],start_interpolation: 0,interpolation_duration: 1}
$data merge entity $(right_forearm) {transformation: [0.8429f,-0.7867f,-0.7535f,-1.723f,-0.0528f,-0.9811f,0.9652f,6.9922f,-1.0881f,-0.5618f,-0.6306f,-1.6218f,0f,0f,0f,1f],start_interpolation: 0,interpolation_duration: 1}
$data merge entity $(right_shoulder) {transformation: [0.242f,0.7658f,-1.2267f,-0.7987f,-0.4724f,-1.1337f,-0.8009f,5.7309f,-1.3668f,0.5274f,0.0596f,-0.7052f,0f,0f,0f,1f],start_interpolation: 0,interpolation_duration: 1}
$data merge entity $(right_arm) {transformation: [-0.766f,0f,0.6428f,-0.3612f,0.0839f,0.9914f,0.1f,5.9717f,-0.6373f,0.1305f,-0.7595f,-0.3144f,0f,0f,0f,1f],start_interpolation: 0,interpolation_duration: 1}
$data merge entity $(left_thumb_2) {transformation: [0.441f,0.7881f,0.4293f,-1.8896f,-0.8961f,0.3598f,0.2601f,4.368f,0.0505f,-0.4994f,0.8649f,2.5043f,0f,0f,0f,1f],start_interpolation: 0,interpolation_duration: 1}
$data merge entity $(left_thumb) {transformation: [0.441f,0.8954f,-0.0614f,-1.666f,-0.8961f,0.4432f,0.0261f,4.643f,0.0505f,0.0435f,0.9978f,2.4968f,0f,0f,0f,1f],start_interpolation: 0,interpolation_duration: 1}
$data merge entity $(left_fingers2) {transformation: [-0.4134f,-0.9106f,-0.0009f,-2.2202f,0.9106f,-0.4134f,-0.0056f,4.2716f,0.0047f,-0.0031f,1f,2.5748f,0f,0f,0f,1f],start_interpolation: 0,interpolation_duration: 1}
$data merge entity $(left_fingers) {transformation: [0.9994f,-0.0334f,-0.0009f,-2.2579f,0.0334f,0.9994f,-0.0056f,4.5554f,0.0011f,0.0055f,1f,2.5837f,0f,0f,0f,1f],start_interpolation: 0,interpolation_duration: 1}
$data merge entity $(left_hand) {transformation: [0.3324f,0.9431f,-0.0009f,-1.677f,-0.9431f,0.3324f,-0.0056f,4.7547f,-0.0049f,0.0027f,1f,2.6295f,0f,0f,0f,1f],start_interpolation: 0,interpolation_duration: 1}
$data merge entity $(left_forearm) {transformation: [0.0516f,1.3329f,0.3434f,0.3449f,-1.0797f,0.2524f,-0.8172f,5.0601f,-0.8537f,-0.2386f,1.0542f,2.2731f,0f,0f,0f,1f],start_interpolation: 0,interpolation_duration: 1}
$data merge entity $(left_shoulder) {transformation: [0.3288f,0.3093f,1.395f,0.7433f,-1.3117f,0.633f,0.1689f,5.5621f,-0.5667f,-1.2859f,0.4186f,0.5776f,0f,0f,0f,1f],start_interpolation: 0,interpolation_duration: 1}
$data merge entity $(left_arm) {transformation: [-0.766f,0f,0.6428f,0.3168f,0.0839f,0.9914f,0.1f,5.8974f,-0.6373f,0.1305f,-0.7595f,0.2496f,0f,0f,0f,1f],start_interpolation: 0,interpolation_duration: 1}
$data merge entity $(chest) {transformation: [-0.9794f,0f,0.8218f,0f,0.1073f,1.2676f,0.1278f,4.1475f,-0.8148f,0.1669f,-0.971f,-0.2944f,0f,0f,0f,1f],start_interpolation: 0,interpolation_duration: 1}
$data merge entity $(left_cheek) {transformation: [-0.9966f,-0.0773f,-0.0282f,0.3904f,-0.0821f,0.9547f,0.2862f,3.578f,0.0049f,0.2875f,-0.9578f,-1.0931f,0f,0f,0f,1f],start_interpolation: 0,interpolation_duration: 1}
$data merge entity $(left_foot) {transformation: [-0.9461f,-0.0423f,-0.3852f,0.3609f,-0.1266f,0.9942f,0.2018f,-3.9867f,0.3662f,0.2345f,-0.9253f,-3.7761f,0f,0f,0f,1f],start_interpolation: 0,interpolation_duration: 1}
$data merge entity $(left_knee) {transformation: [-2.9394f,0.208f,-0.7541f,0.7023f,-0.198f,2.6389f,1.4997f,-0.2673f,0.7568f,1.4983f,-2.5366f,-1.8279f,0f,0f,0f,1f],start_interpolation: 0,interpolation_duration: 1}
$data merge entity $(left_leg) {transformation: [-1.6602f,0.0225f,-0.4413f,0.6823f,-0.1118f,1.6385f,0.5044f,2.3381f,0.4274f,0.5161f,-1.5819f,-0.9369f,0f,0f,0f,1f],start_interpolation: 0,interpolation_duration: 1}
$data merge entity $(right_cheek) {transformation: [-0.9981f,0.0434f,-0.044f,-0.4686f,0.0304f,0.9648f,0.2613f,3.5243f,0.0538f,0.2595f,-0.9642f,-1.074f,0f,0f,0f,1f],start_interpolation: 0,interpolation_duration: 1}
$data merge entity $(right_foot) {transformation: [-0.999f,0.0384f,0.214f,-1.1175f,0.0285f,1.0207f,-0.0502f,-4.2633f,-0.2155f,-0.0431f,-0.9985f,0.7463f,0f,0f,0f,1f],start_interpolation: 0,interpolation_duration: 1}
$data merge entity $(right_knee) {transformation: [-3.0164f,0.1143f,0.3751f,-1.0305f,0.0975f,3.0369f,-0.1414f,-0.0632f,-0.3798f,-0.1282f,-3.0152f,0.4346f,0f,0f,0f,1f],start_interpolation: 0,interpolation_duration: 1}
$data merge entity $(right_leg) {transformation: [-1.7036f,0.1551f,0.1581f,-0.7158f,0.0551f,1.4845f,-0.8629f,2.3381f,-0.2145f,-0.8506f,-1.4771f,-0.8759f,0f,0f,0f,1f],start_interpolation: 0,interpolation_duration: 1}
$data merge entity $(weist) {transformation: [-1.6208f,0.0213f,-0.0675f,0f,0f,1.5473f,0.4878f,3.9478f,0.0708f,0.4874f,-1.5458f,-0.5225f,0f,0f,0f,1f],start_interpolation: 0,interpolation_duration: 1}
data modify storage animated_java:temp entry.data merge value {"locators":{"consume":{"px":-0.067650882,"py":9.0214521675,"pz":-0.5428173456,"ry":246.9613677592,"rx":27.1943908686}}}
# Data Manager: Prepare for Read / Write
execute store result storage animated_java:temp args.id int 1 run scoreboard players get @s aj.id
# Data Manager: Write
function animated_java:global/data_manager/write with storage animated_java:temp args
execute unless entity @s[tag=aj.transforms_only] at @s run function animated_java:female/animations/swing_end/zzz/frames/11_root_function