# This file was generated by Animated Java via MC-Build. It is not recommended to edit this file directly.
$data merge entity $(neck) {transformation: [-0.9969f,0.0608f,-0.0492f,-0.0345f,0.0592f,0.9977f,0.0332f,5.9662f,0.0511f,0.0302f,-0.9982f,0.0781f,0f,0f,0f,1f],start_interpolation: 0,interpolation_duration: 1}
$data merge entity $(right_thumb_2) {transformation: [0.3566f,0.0466f,-0.9331f,0.0165f,0.0131f,-0.9989f,-0.0449f,8.0691f,-0.9342f,0.0038f,-0.3569f,-1.0314f,0f,0f,0f,1f],start_interpolation: 0,interpolation_duration: 1}
$data merge entity $(right_thumb) {transformation: [0.3566f,-0.7619f,-0.5407f,-0.1682f,0.0131f,-0.5746f,0.8183f,7.8747f,-0.9342f,-0.2989f,-0.1949f,-1.2633f,0f,0f,0f,1f],start_interpolation: 0,interpolation_duration: 1}
$data merge entity $(right_fingers2) {transformation: [0.3244f,0.745f,-0.5829f,0.3174f,0.0604f,0.5986f,0.7988f,8.3118f,0.944f,-0.2944f,0.1492f,-1.1664f,0f,0f,0f,1f],start_interpolation: 0,interpolation_duration: 1}
$data merge entity $(right_fingers) {transformation: [0.7139f,-0.3881f,-0.5829f,0.2226f,0.5911f,-0.1124f,0.7988f,8.3023f,-0.3755f,-0.9147f,0.1492f,-1.4366f,0f,0f,0f,1f],start_interpolation: 0,interpolation_duration: 1}
$data merge entity $(scout) {transformation: [2.059f,1.977f,-0.8666f,0.1587f,2.1585f,-1.8735f,0.8543f,8.3527f,0.0219f,-1.2167f,-2.7236f,-1.2412f,0f,0f,0f,1f],start_interpolation: 0,interpolation_duration: 1}
$data merge entity $(right_hand) {transformation: [-0.1901f,-0.79f,-0.5829f,-0.2874f,0.0444f,-0.6f,0.7988f,7.9688f,-0.9808f,0.126f,0.1492f,-1.3477f,0f,0f,0f,1f],start_interpolation: 0,interpolation_duration: 1}
$data merge entity $(right_forearm) {transformation: [0.8843f,-0.896f,-0.5588f,-1.6939f,-0.4273f,-0.9702f,0.8794f,6.5576f,-0.9657f,-0.3913f,-0.9009f,-1.9295f,0f,0f,0f,1f],start_interpolation: 0,interpolation_duration: 1}
$data merge entity $(right_shoulder) {transformation: [0.2385f,0.7265f,-1.2511f,-0.8159f,-0.9589f,-0.87f,-0.688f,5.7122f,-1.0833f,0.9301f,0.3336f,-0.5879f,0f,0f,0f,1f],start_interpolation: 0,interpolation_duration: 1}
$data merge entity $(right_arm) {transformation: [-0.721f,0.0608f,0.6902f,-0.3859f,0.0649f,0.9977f,-0.0202f,5.9645f,-0.6899f,0.0302f,-0.7233f,-0.1962f,0f,0f,0f,1f],start_interpolation: 0,interpolation_duration: 1}
$data merge entity $(left_thumb_2) {transformation: [0.3742f,0.8679f,0.3267f,-2.267f,-0.9069f,0.2689f,0.3244f,4.7128f,0.1937f,-0.4177f,0.8877f,2.4609f,0f,0f,0f,1f],start_interpolation: 0,interpolation_duration: 1}
$data merge entity $(left_thumb) {transformation: [0.3742f,0.9075f,-0.1908f,-2.0279f,-0.9069f,0.4011f,0.1291f,4.9745f,0.1937f,0.1247f,0.9731f,2.4586f,0f,0f,0f,1f],start_interpolation: 0,interpolation_duration: 1}
$data merge entity $(left_fingers2) {transformation: [-0.3532f,-0.926f,-0.1332f,-2.6094f,0.9255f,-0.3666f,0.095f,4.6403f,-0.1368f,-0.0897f,0.9865f,2.4939f,0f,0f,0f,1f],start_interpolation: 0,interpolation_duration: 1}
$data merge entity $(left_fingers) {transformation: [0.9907f,0.0281f,-0.1332f,-2.6303f,-0.0155f,0.9954f,0.095f,4.9251f,0.1352f,-0.092f,0.9865f,2.4711f,0f,0f,0f,1f],start_interpolation: 0,interpolation_duration: 1}
$data merge entity $(left_hand) {transformation: [0.2711f,0.9533f,-0.1332f,-2.0493f,-0.9539f,0.2846f,0.095f,5.0993f,0.1284f,0.1013f,0.9865f,2.5776f,0f,0f,0f,1f],start_interpolation: 0,interpolation_duration: 1}
$data merge entity $(left_forearm) {transformation: [0.0969f,1.3657f,0.15f,0.0169f,-1.1612f,0.1618f,-0.7229f,5.2684f,-0.7344f,-0.0756f,1.1628f,2.4754f,0f,0f,0f,1f],start_interpolation: 0,interpolation_duration: 1}
$data merge entity $(left_shoulder) {transformation: [0.3267f,0.4888f,1.3432f,0.6355f,-1.3737f,0.4882f,0.1564f,5.5817f,-0.3951f,-1.2933f,0.5667f,0.8008f,0f,0f,0f,1f],start_interpolation: 0,interpolation_duration: 1}
$data merge entity $(left_arm) {transformation: [-0.721f,0.0608f,0.6902f,0.2523f,0.0649f,0.9977f,-0.0202f,5.9071f,-0.6899f,0.0302f,-0.7233f,0.4144f,0f,0f,0f,1f],start_interpolation: 0,interpolation_duration: 1}
$data merge entity $(chest) {transformation: [-0.9218f,0.0778f,0.8825f,-0.1528f,0.0829f,1.2756f,-0.0258f,4.1333f,-0.882f,0.0386f,-0.9248f,0.0295f,0f,0f,0f,1f],start_interpolation: 0,interpolation_duration: 1}
$data merge entity $(left_cheek) {transformation: [-0.9966f,-0.0781f,-0.0274f,0.2377f,-0.0825f,0.9625f,0.2586f,3.6198f,0.0061f,0.26f,-0.9656f,-0.7487f,0f,0f,0f,1f],start_interpolation: 0,interpolation_duration: 1}
$data merge entity $(left_foot) {transformation: [-0.9456f,-0.0469f,-0.3857f,0.1776f,-0.1259f,0.9971f,0.1874f,-3.9641f,0.3676f,0.2208f,-0.9281f,-3.3166f,0f,0f,0f,1f],start_interpolation: 0,interpolation_duration: 1}
$data merge entity $(left_knee) {transformation: [-2.9394f,0.2299f,-0.7477f,0.5496f,-0.1759f,2.6388f,1.5027f,-0.2455f,0.7623f,1.4954f,-2.5367f,-1.3727f,0f,0f,0f,1f],start_interpolation: 0,interpolation_duration: 1}
$data merge entity $(left_leg) {transformation: [-1.6602f,0.0225f,-0.4413f,0.5295f,-0.0993f,1.6528f,0.4581f,2.3848f,0.4305f,0.4682f,-1.5959f,-0.5578f,0f,0f,0f,1f],start_interpolation: 0,interpolation_duration: 1}
$data merge entity $(right_cheek) {transformation: [-0.9983f,0.0389f,-0.0445f,-0.6255f,0.0263f,0.9665f,0.2553f,3.5764f,0.0529f,0.2537f,-0.9658f,-0.7351f,0f,0f,0f,1f],start_interpolation: 0,interpolation_duration: 1}
$data merge entity $(right_foot) {transformation: [-0.9968f,0.0381f,0.2239f,-1.2564f,0.023f,1.0196f,-0.0713f,-4.2117f,-0.226f,-0.0645f,-0.995f,1.1968f,0f,0f,0f,1f],start_interpolation: 0,interpolation_duration: 1}
$data merge entity $(right_knee) {transformation: [-3.0164f,0.1101f,0.3764f,-1.1753f,0.0864f,3.0343f,-0.1947f,-0.0177f,-0.3825f,-0.1824f,-3.0121f,0.8101f,0f,0f,0f,1f],start_interpolation: 0,interpolation_duration: 1}
$data merge entity $(right_leg) {transformation: [-1.7036f,0.1502f,0.1628f,-0.8686f,0.0488f,1.4863f,-0.8602f,2.3866f,-0.216f,-0.8484f,-1.4781f,-0.4968f,0f,0f,0f,1f],start_interpolation: 0,interpolation_duration: 1}
$data merge entity $(weist) {transformation: [-1.6208f,0.0213f,-0.0675f,-0.1528f,0.0021f,1.5608f,0.4427f,4.0058f,0.0707f,0.4422f,-1.5593f,-0.1904f,0f,0f,0f,1f],start_interpolation: 0,interpolation_duration: 1}
data modify storage animated_java:temp entry.data merge value {"locators":{"consume":{"px":0.3153508338,"py":8.414386566,"pz":-1.2180565398,"ry":255.6435161301,"rx":53.0116295827}}}
# Data Manager: Prepare for Read / Write
execute store result storage animated_java:temp args.id int 1 run scoreboard players get @s aj.id
# Data Manager: Write
function animated_java:global/data_manager/write with storage animated_java:temp args