# This file was generated by Animated Java via MC-Build. It is not recommended to edit this file directly.
$data merge entity $(neck) {transformation: [-0.9876f,0.1465f,-0.0561f,-0.0853f,0.151f,0.9847f,-0.0871f,5.9143f,0.0425f,-0.0945f,-0.9946f,0.295f,0f,0f,0f,1f],start_interpolation: 0,interpolation_duration: 1}
$data merge entity $(right_thumb_2) {transformation: [0.2091f,-0.4184f,-0.8839f,0.0212f,-0.346f,-0.877f,0.3333f,7.2987f,-0.9146f,0.2361f,-0.3282f,-1.1975f,0f,0f,0f,1f],start_interpolation: 0,interpolation_duration: 1}
$data merge entity $(right_thumb) {transformation: [0.2091f,-0.9703f,-0.122f,-0.2582f,-0.346f,-0.1901f,0.9188f,7.1733f,-0.9146f,-0.1499f,-0.3755f,-1.376f,0f,0f,0f,1f],start_interpolation: 0,interpolation_duration: 1}
$data merge entity $(right_fingers2) {transformation: [0.4251f,0.8961f,-0.1274f,0.3817f,0.0873f,0.0995f,0.9912f,7.3364f,0.9009f,-0.4325f,-0.0359f,-1.388f,0f,0f,0f,1f],start_interpolation: 0,interpolation_duration: 1}
$data merge entity $(right_fingers) {transformation: [0.8557f,-0.5016f,-0.1274f,0.2619f,0.0915f,-0.0956f,0.9912f,7.319f,-0.5094f,-0.8598f,-0.0359f,-1.6477f,0f,0f,0f,1f],start_interpolation: 0,interpolation_duration: 1}
$data merge entity $(scout) {transformation: [2.8078f,-0.4316f,-0.9105f,0.2521f,0.8746f,-0.2947f,2.8368f,7.4318f,-0.5003f,-2.937f,-0.1509f,-1.4689f,0f,0f,0f,1f],start_interpolation: 0,interpolation_duration: 1}
$data merge entity $(right_hand) {transformation: [-0.263f,-0.9563f,-0.1274f,-0.3298f,-0.0687f,-0.1131f,0.9912f,7.2936f,-0.9623f,0.2695f,-0.0359f,-1.479f,0f,0f,0f,1f],start_interpolation: 0,interpolation_duration: 1}
$data merge entity $(right_forearm) {transformation: [0.7203f,-1.0701f,-0.4829f,-1.9889f,-0.731f,-0.8521f,0.7979f,6.0699f,-0.9186f,-0.161f,-1.0136f,-1.7201f,0f,0f,0f,1f],start_interpolation: 0,interpolation_duration: 1}
$data merge entity $(right_shoulder) {transformation: [0.01f,0.8877f,-1.1669f,-0.8711f,-1.2736f,-0.5729f,-0.4468f,5.6424f,-0.7265f,1.0166f,0.7671f,-0.3588f,0f,0f,0f,1f],start_interpolation: 0,interpolation_duration: 1}
$data merge entity $(right_arm) {transformation: [-0.6974f,0.1465f,0.7016f,-0.4294f,0.0351f,0.9847f,-0.1708f,5.9065f,-0.7159f,-0.0945f,-0.6918f,0.0117f,0f,0f,0f,1f],start_interpolation: 0,interpolation_duration: 1}
$data merge entity $(left_thumb_2) {transformation: [0.235f,0.9281f,0.2887f,-2.5608f,-0.9158f,0.1119f,0.3858f,5.2524f,0.3258f,-0.3551f,0.8762f,2.5407f,0f,0f,0f,1f],start_interpolation: 0,interpolation_duration: 1}
$data merge entity $(left_thumb) {transformation: [0.235f,0.9379f,-0.2552f,-2.2903f,-0.9158f,0.3016f,0.2653f,5.4815f,0.3258f,0.1713f,0.9298f,2.5344f,0f,0f,0f,1f],start_interpolation: 0,interpolation_duration: 1}
$data merge entity $(left_fingers2) {transformation: [-0.2167f,-0.9547f,-0.2039f,-2.9113f,0.9383f,-0.2614f,0.2263f,5.2258f,-0.2693f,-0.1422f,0.9525f,2.5468f,0f,0f,0f,1f],start_interpolation: 0,interpolation_duration: 1}
$data merge entity $(left_fingers) {transformation: [0.965f,0.1651f,-0.2039f,-2.8929f,-0.1176f,0.9669f,0.2263f,5.5063f,0.2345f,-0.1944f,0.9525f,2.4918f,0f,0f,0f,1f],start_interpolation: 0,interpolation_duration: 1}
$data merge entity $(left_hand) {transformation: [0.1327f,0.97f,-0.2039f,-2.3055f,-0.9575f,0.1786f,0.2263f,5.6212f,0.2559f,0.1652f,0.9525f,2.6366f,0f,0f,0f,1f],start_interpolation: 0,interpolation_duration: 1}
$data merge entity $(left_forearm) {transformation: [0.0077f,1.3766f,-0.0456f,-0.2338f,-1.2432f,-0.0127f,-0.5929f,5.5288f,-0.593f,0.0445f,1.2424f,2.7242f,0f,0f,0f,1f],start_interpolation: 0,interpolation_duration: 1}
$data merge entity $(left_shoulder) {transformation: [0.1862f,0.6324f,1.3097f,0.5327f,-1.4384f,0.275f,0.0717f,5.5719f,-0.2147f,-1.2939f,0.6554f,1.0822f,0f,0f,0f,1f],start_interpolation: 0,interpolation_duration: 1}
$data merge entity $(left_arm) {transformation: [-0.6974f,0.1465f,0.7016f,0.1878f,0.0351f,0.9847f,-0.1708f,5.8754f,-0.7159f,-0.0945f,-0.6918f,0.6453f,0f,0f,0f,1f],start_interpolation: 0,interpolation_duration: 1}
$data merge entity $(chest) {transformation: [-0.8916f,0.1873f,0.897f,-0.3611f,0.0448f,1.259f,-0.2183f,4.1067f,-0.9153f,-0.1208f,-0.8845f,0.4752f,0f,0f,0f,1f],start_interpolation: 0,interpolation_duration: 1}
$data merge entity $(left_cheek) {transformation: [-0.9965f,-0.0787f,-0.0269f,0.0296f,-0.0827f,0.9717f,0.2214f,3.6702f,0.0087f,0.2229f,-0.9748f,-0.2839f,0f,0f,0f,1f],start_interpolation: 0,interpolation_duration: 1}
$data merge entity $(left_foot) {transformation: [-0.9464f,-0.0511f,-0.3834f,-0.071f,-0.1129f,1.0058f,0.1447f,-3.9339f,0.3699f,0.1763f,-0.9367f,-2.697f,0f,0f,0f,1f],start_interpolation: 0,interpolation_duration: 1}
$data merge entity $(left_knee) {transformation: [-2.9394f,0.2587f,-0.7383f,0.3412f,-0.1462f,2.6384f,1.5066f,-0.2166f,0.7685f,1.4914f,-2.5372f,-0.7587f,0f,0f,0f,1f],start_interpolation: 0,interpolation_duration: 1}
$data merge entity $(left_leg) {transformation: [-1.6602f,0.0225f,-0.4413f,0.3212f,-0.0826f,1.6697f,0.3959f,2.4433f,0.434f,0.4038f,-1.6124f,-0.0465f,0f,0f,0f,1f],start_interpolation: 0,interpolation_duration: 1}
$data merge entity $(right_cheek) {transformation: [-0.9983f,0.0368f,-0.045f,-0.8373f,0.0258f,0.9743f,0.2239f,3.6385f,0.0521f,0.2223f,-0.9736f,-0.2768f,0f,0f,0f,1f],start_interpolation: 0,interpolation_duration: 1}
$data merge entity $(right_foot) {transformation: [-0.9978f,0.0349f,0.2199f,-1.4508f,0.0165f,1.0185f,-0.0868f,-4.1069f,-0.222f,-0.0812f,-0.9947f,1.8489f,0f,0f,0f,1f],start_interpolation: 0,interpolation_duration: 1}
$data merge entity $(right_knee) {transformation: [-3.0164f,0.1021f,0.3786f,-1.3806f,0.0715f,3.0308f,-0.2478f,0.0797f,-0.3855f,-0.2368f,-3.0079f,1.387f,0f,0f,0f,1f],start_interpolation: 0,interpolation_duration: 1}
$data merge entity $(right_leg) {transformation: [-1.7036f,0.1483f,0.1645f,-1.0769f,0.0404f,1.4625f,-0.9004f,2.4475f,-0.2178f,-0.889f,-1.4538f,0.0144f,0f,0f,0f,1f],start_interpolation: 0,interpolation_duration: 1}
$data merge entity $(weist) {transformation: [-1.6208f,0.0213f,-0.0675f,-0.3611f,0.0048f,1.5767f,0.3819f,4.0774f,0.0706f,0.3813f,-1.5753f,0.2578f,0f,0f,0f,1f],start_interpolation: 0,interpolation_duration: 1}
data modify storage animated_java:temp entry.data merge value {"locators":{"consume":{"px":0.4210195804,"py":7.4148517156,"pz":-1.4621798798,"ry":285.7449585615,"rx":82.3944991775}}}
# Data Manager: Prepare for Read / Write
execute store result storage animated_java:temp args.id int 1 run scoreboard players get @s aj.id
# Data Manager: Write
function animated_java:global/data_manager/write with storage animated_java:temp args