# This file was generated by Animated Java via MC-Build. It is not recommended to edit this file directly.
$data merge entity $(neck) {transformation: [-0.9843f,0.1664f,-0.0598f,-0.1885f,0.1736f,0.9737f,-0.1479f,5.8921f,0.0336f,-0.1559f,-0.9872f,0.3979f,0f,0f,0f,1f],start_interpolation: 0,interpolation_duration: 1}
$data merge entity $(right_thumb_2) {transformation: [-0.298f,-0.4807f,-0.8247f,-0.4665f,-0.5231f,-0.6404f,0.5623f,6.9811f,-0.7984f,0.599f,-0.0606f,-1.4097f,0f,0f,0f,1f],start_interpolation: 0,interpolation_duration: 1}
$data merge entity $(right_thumb) {transformation: [-0.298f,-0.9538f,-0.0377f,-0.817f,-0.5231f,0.1302f,0.8423f,6.9336f,-0.7984f,0.2708f,-0.5377f,-1.4334f,0f,0f,0f,1f],start_interpolation: 0,interpolation_duration: 1}
$data merge entity $(right_fingers2) {transformation: [0.7778f,0.6166f,0.1216f,-0.2263f,0.0659f,-0.2724f,0.9599f,6.867f,0.625f,-0.7386f,-0.2525f,-1.721f,0f,0f,0f,1f],start_interpolation: 0,interpolation_duration: 1}
$data merge entity $(right_fingers) {transformation: [0.5464f,-0.8286f,0.1216f,-0.4461f,-0.2771f,-0.0419f,0.9599f,6.8543f,-0.7903f,-0.5583f,-0.2525f,-1.9042f,0f,0f,0f,1f],start_interpolation: 0,interpolation_duration: 1}
$data merge entity $(scout) {transformation: [2.4398f,-0.6676f,1.5813f,-0.3496f,-0.2081f,2.6129f,1.4243f,6.9881f,-1.7038f,-1.2752f,2.0904f,-1.7716f,0f,0f,0f,1f],start_interpolation: 0,interpolation_duration: 1}
$data merge entity $(right_hand) {transformation: [-0.6589f,-0.7423f,0.1216f,-0.8933f,-0.1122f,0.2569f,0.9599f,7.055f,-0.7438f,0.6189f,-0.2525f,-1.5315f,0f,0f,0f,1f],start_interpolation: 0,interpolation_duration: 1}
$data merge entity $(right_forearm) {transformation: [0.1652f,-1.1247f,-0.7778f,-2.6222f,-0.8676f,-0.6918f,0.816f,6.079f,-1.0569f,0.3921f,-0.7914f,-0.9259f,0f,0f,0f,1f],start_interpolation: 0,interpolation_duration: 1}
$data merge entity $(right_shoulder) {transformation: [-0.3434f,1.2168f,-0.7424f,-1.0455f,-1.2806f,-0.5988f,-0.3891f,5.6196f,-0.6261f,0.5573f,1.203f,-0.1589f,0f,0f,0f,1f],start_interpolation: 0,interpolation_duration: 1}
$data merge entity $(right_arm) {transformation: [-0.766f,0.1664f,0.6209f,-0.56f,0.028f,0.9737f,-0.2263f,5.884f,-0.6422f,-0.1559f,-0.7505f,0.1517f,0f,0f,0f,1f],start_interpolation: 0,interpolation_duration: 1}
$data merge entity $(left_thumb_2) {transformation: [0.2909f,0.8164f,0.4988f,-2.2198f,-0.9062f,0.068f,0.4172f,5.4158f,0.3067f,-0.5734f,0.7597f,3.2948f,0f,0f,0f,1f],start_interpolation: 0,interpolation_duration: 1}
$data merge entity $(left_thumb) {transformation: [0.2909f,0.9566f,-0.018f,-1.9549f,-0.9062f,0.2816f,0.3153f,5.6363f,0.3067f,-0.0754f,0.9488f,3.2117f,0f,0f,0f,1f],start_interpolation: 0,interpolation_duration: 1}
$data merge entity $(left_fingers2) {transformation: [-0.2592f,-0.9651f,0.0366f,-2.5587f,0.9308f,-0.2395f,0.276f,5.3998f,-0.2576f,0.1056f,0.9605f,3.3866f,0f,0f,0f,1f],start_interpolation: 0,interpolation_duration: 1}
$data merge entity $(left_fingers) {transformation: [0.9909f,0.1299f,0.0366f,-2.5493f,-0.1349f,0.9516f,0.276f,5.6768f,0.0011f,-0.2784f,0.9605f,3.3143f,0f,0f,0f,1f],start_interpolation: 0,interpolation_duration: 1}
$data merge entity $(left_hand) {transformation: [0.1741f,0.9841f,0.0366f,-1.9424f,-0.9482f,0.1575f,0.276f,5.781f,0.2658f,-0.0827f,0.9605f,3.3072f,0f,0f,0f,1f],start_interpolation: 0,interpolation_duration: 1}
$data merge entity $(left_forearm) {transformation: [-0.1575f,1.346f,0.246f,0.087f,-1.2689f,-0.0511f,-0.5332f,5.6319f,-0.512f,-0.2877f,1.2459f,2.8981f,0f,0f,0f,1f],start_interpolation: 0,interpolation_duration: 1}
$data merge entity $(left_shoulder) {transformation: [0.089f,0.3586f,1.4189f,0.4965f,-1.4538f,0.1852f,0.0444f,5.5632f,-0.1683f,-1.4096f,0.3668f,1.1338f,0f,0f,0f,1f],start_interpolation: 0,interpolation_duration: 1}
$data merge entity $(left_arm) {transformation: [-0.766f,0.1664f,0.6209f,0.118f,0.028f,0.9737f,-0.2263f,5.8592f,-0.6422f,-0.1559f,-0.7505f,0.7201f,0f,0f,0f,1f],start_interpolation: 0,interpolation_duration: 1}
$data merge entity $(chest) {transformation: [-0.9794f,0.2127f,0.7938f,-0.5f,0.0358f,1.2449f,-0.2893f,4.1053f,-0.821f,-0.1994f,-0.9596f,0.6916f,0f,0f,0f,1f],start_interpolation: 0,interpolation_duration: 1}
$data merge entity $(left_cheek) {transformation: [-0.9965f,-0.0791f,-0.0267f,-0.109f,-0.0829f,0.9757f,0.2029f,3.7182f,0.01f,0.2044f,-0.9788f,-0.0727f,0f,0f,0f,1f],start_interpolation: 0,interpolation_duration: 1}
$data merge entity $(left_foot) {transformation: [-0.9469f,-0.0529f,-0.3819f,-0.2299f,-0.1048f,1.0099f,0.12f,-3.8939f,0.371f,0.1503f,-0.9407f,-2.4086f,0f,0f,0f,1f],start_interpolation: 0,interpolation_duration: 1}
$data merge entity $(left_knee) {transformation: [-2.9394f,0.273f,-0.7331f,0.2023f,-0.1313f,2.638f,1.5086f,-0.1773f,0.7712f,1.4895f,-2.5375f,-0.4731f,0f,0f,0f,1f],start_interpolation: 0,interpolation_duration: 1}
$data merge entity $(left_leg) {transformation: [-1.6602f,0.0225f,-0.4413f,0.1823f,-0.0741f,1.6772f,0.3646f,2.4959f,0.4356f,0.3713f,-1.6198f,0.1874f,0f,0f,0f,1f],start_interpolation: 0,interpolation_duration: 1}
$data merge entity $(right_cheek) {transformation: [-0.9983f,0.0358f,-0.0455f,-0.978f,0.0258f,0.9786f,0.2041f,3.693f,0.0518f,0.2026f,-0.9779f,-0.0703f,0f,0f,0f,1f],start_interpolation: 0,interpolation_duration: 1}
$data merge entity $(right_foot) {transformation: [-0.9989f,0.0329f,0.2155f,-1.5834f,0.0135f,1.0181f,-0.0929f,-4.0246f,-0.2176f,-0.0879f,-0.9951f,2.1588f,0f,0f,0f,1f],start_interpolation: 0,interpolation_duration: 1}
$data merge entity $(right_knee) {transformation: [-3.0164f,0.0978f,0.3797f,-1.519f,0.064f,3.0289f,-0.2718f,0.1582f,-0.3869f,-0.2616f,-3.0057f,1.6627f,0f,0f,0f,1f],start_interpolation: 0,interpolation_duration: 1}
$data merge entity $(right_leg) {transformation: [-1.7036f,0.148f,0.1647f,-1.2158f,0.0362f,1.4465f,-0.9261f,2.5012f,-0.2185f,-0.9149f,-1.4376f,0.2482f,0f,0f,0f,1f],start_interpolation: 0,interpolation_duration: 1}
$data merge entity $(weist) {transformation: [-1.6208f,0.0213f,-0.0675f,-0.5f,0.0062f,1.5838f,0.3513f,4.1355f,0.0705f,0.3507f,-1.5824f,0.4599f,0f,0f,0f,1f],start_interpolation: 0,interpolation_duration: 1}
data modify storage animated_java:temp entry.data merge value {"locators":{"consume":{"px":-0.2043664223,"py":6.9160882788,"pz":-1.822543353,"ry":25.717922912,"rx":73.7222287535}}}
# Data Manager: Prepare for Read / Write
execute store result storage animated_java:temp args.id int 1 run scoreboard players get @s aj.id
# Data Manager: Write
function animated_java:global/data_manager/write with storage animated_java:temp args
execute unless entity @s[tag=aj.transforms_only] at @s run function animated_java:female/animations/swing_end/zzz/frames/14_root_function