# This file was generated by Animated Java via MC-Build. It is not recommended to edit this file directly.
$data merge entity $(neck) {transformation: [-0.9957f,0.0813f,-0.0436f,-0.3183f,0.0819f,0.9966f,-0.0107f,5.9586f,0.0426f,-0.0142f,-0.999f,0.16f,0f,0f,0f,1f],start_interpolation: 0,interpolation_duration: 1}
$data merge entity $(right_thumb_2) {transformation: [-0.6028f,0.7978f,0.0092f,-3.3855f,-0.6777f,-0.5059f,-0.5336f,7.8848f,-0.4211f,-0.3279f,0.8457f,1.0075f,0f,0f,0f,1f],start_interpolation: 0,interpolation_duration: 1}
$data merge entity $(right_thumb) {transformation: [-0.6028f,0.4364f,-0.668f,-3.325f,-0.6777f,-0.7219f,0.14f,7.5501f,-0.4211f,0.5371f,0.7309f,1.1075f,0f,0f,0f,1f],start_interpolation: 0,interpolation_duration: 1}
$data merge entity $(right_fingers2) {transformation: [0.4222f,-0.7866f,-0.4506f,-3.7129f,0.8825f,0.243f,0.4027f,7.9701f,-0.2072f,-0.5677f,0.7967f,0.777f,0f,0f,0f,1f],start_interpolation: 0,interpolation_duration: 1}
$data merge entity $(right_fingers) {transformation: [-0.8204f,-0.352f,-0.4506f,-3.8397f,0.1651f,-0.9003f,0.4027f,7.7212f,-0.5475f,0.2559f,0.7967f,0.8403f,0f,0f,0f,1f],start_interpolation: 0,interpolation_duration: 1}
$data merge entity $(scout) {transformation: [-2.1095f,0.842f,1.9339f,-3.7584f,1.6203f,2.398f,0.7234f,7.8931f,-1.3503f,1.562f,-2.1531f,0.9333f,0f,0f,0f,1f],start_interpolation: 0,interpolation_duration: 1}
$data merge entity $(right_hand) {transformation: [-0.5524f,0.7013f,-0.4506f,-3.4261f,-0.8269f,-0.3925f,0.4027f,7.502f,0.1055f,0.5951f,0.7967f,1.2405f,0f,0f,0f,1f],start_interpolation: 0,interpolation_duration: 1}
$data merge entity $(right_forearm) {transformation: [-1.0411f,0.5662f,-0.7018f,-2.5556f,-0.5268f,-1.2519f,-0.2287f,5.6302f,-0.7319f,0.0956f,1.1629f,1.4572f,0f,0f,0f,1f],start_interpolation: 0,interpolation_duration: 1}
$data merge entity $(right_shoulder) {transformation: [-1.1849f,0.8033f,0.3169f,-1.3475f,-0.3974f,-0.0295f,-1.4111f,5.7197f,-0.7667f,-1.2262f,0.2416f,0.1089f,0f,0f,0f,1f],start_interpolation: 0,interpolation_duration: 1}
$data merge entity $(right_arm) {transformation: [-0.9911f,0.0813f,0.1057f,-0.7641f,0.0793f,0.9966f,-0.0228f,5.9634f,-0.1072f,-0.0142f,-0.9941f,0.1568f,0f,0f,0f,1f],start_interpolation: 0,interpolation_duration: 1}
$data merge entity $(left_thumb_2) {transformation: [0.3681f,-0.5342f,0.761f,2.4967f,-0.7598f,0.2989f,0.5773f,4.6252f,-0.5359f,-0.7907f,-0.2959f,3.3976f,0f,0f,0f,1f],start_interpolation: 0,interpolation_duration: 1}
$data merge entity $(left_thumb) {transformation: [0.3681f,-0.0417f,0.9289f,2.4156f,-0.7598f,0.5623f,0.3263f,4.9141f,-0.5359f,-0.8259f,0.1753f,3.2089f,0f,0f,0f,1f],start_interpolation: 0,interpolation_duration: 1}
$data merge entity $(left_fingers2) {transformation: [-0.3188f,0.0691f,0.9453f,2.5719f,0.7947f,-0.524f,0.3063f,4.5077f,0.5165f,0.8489f,0.1121f,3.7202f,0f,0f,0f,1f],start_interpolation: 0,interpolation_duration: 1}
$data merge entity $(left_fingers) {transformation: [0.0582f,-0.3209f,0.9453f,2.4858f,0.18f,0.9348f,0.3063f,4.7712f,-0.982f,0.1523f,0.1121f,3.7921f,0f,0f,0f,1f],start_interpolation: 0,interpolation_duration: 1}
$data merge entity $(left_hand) {transformation: [0.3236f,-0.041f,0.9453f,2.5039f,-0.8374f,0.4527f,0.3063f,5.0587f,-0.4405f,-0.8907f,0.1121f,3.2478f,0f,0f,0f,1f],start_interpolation: 0,interpolation_duration: 1}
$data merge entity $(left_forearm) {transformation: [-0.4521f,-0.2163f,1.2829f,2.2062f,-1.2717f,0.3602f,-0.3875f,5.5342f,-0.2747f,-1.3117f,-0.3179f,1.2494f,0f,0f,0f,1f],start_interpolation: 0,interpolation_duration: 1}
$data merge entity $(left_shoulder) {transformation: [-0.0401f,-1.2516f,0.7626f,0.6475f,-1.3981f,0.2617f,0.356f,5.56f,-0.44f,-0.7175f,-1.2006f,0.3246f,0f,0f,0f,1f],start_interpolation: 0,interpolation_duration: 1}
$data merge entity $(left_arm) {transformation: [-0.9911f,0.0813f,0.1057f,0.1131f,0.0793f,0.9966f,-0.0228f,5.8932f,-0.1072f,-0.0142f,-0.9941f,0.2517f,0f,0f,0f,1f],start_interpolation: 0,interpolation_duration: 1}
$data merge entity $(chest) {transformation: [-1.2671f,0.104f,0.1351f,-0.4688f,0.1014f,1.2742f,-0.0292f,4.1277f,-0.137f,-0.0182f,-1.271f,0.1956f,0f,0f,0f,1f],start_interpolation: 0,interpolation_duration: 1}
$data merge entity $(left_cheek) {transformation: [-0.9965f,-0.0794f,-0.0268f,-0.0775f,-0.0835f,0.9671f,0.2405f,3.7613f,0.0069f,0.2419f,-0.9703f,-0.607f,0f,0f,0f,1f],start_interpolation: 0,interpolation_duration: 1}
$data merge entity $(left_foot) {transformation: [-0.9465f,-0.0483f,-0.3834f,-0.1592f,-0.1144f,1.0039f,0.156f,-3.8344f,0.3692f,0.1873f,-0.9348f,-3.0978f,0f,0f,0f,1f],start_interpolation: 0,interpolation_duration: 1}
$data merge entity $(left_knee) {transformation: [-2.9394f,0.2448f,-0.743f,0.2336f,-0.1606f,2.6386f,1.5047f,-0.1164f,0.7656f,1.4933f,-2.5369f,-1.1567f,0f,0f,0f,1f],start_interpolation: 0,interpolation_duration: 1}
$data merge entity $(left_leg) {transformation: [-1.6602f,0.0225f,-0.4413f,0.2135f,-0.0907f,1.6618f,0.4261f,2.5297f,0.4324f,0.4351f,-1.6047f,-0.3947f,0f,0f,0f,1f],start_interpolation: 0,interpolation_duration: 1}
$data merge entity $(right_cheek) {transformation: [-0.9982f,0.0374f,-0.046f,-0.9444f,0.0263f,0.9746f,0.2225f,3.7311f,0.0531f,0.2209f,-0.9739f,-0.6221f,0f,0f,0f,1f],start_interpolation: 0,interpolation_duration: 1}
$data merge entity $(right_foot) {transformation: [-0.9989f,0.0353f,0.2149f,-1.5672f,0.0201f,1.0195f,-0.0742f,-4.0278f,-0.2168f,-0.0683f,-0.9968f,1.4511f,0f,0f,0f,1f],start_interpolation: 0,interpolation_duration: 1}
$data merge entity $(right_knee) {transformation: [-3.0164f,0.1051f,0.3778f,-1.4929f,0.0787f,3.0331f,-0.2148f,0.1635f,-0.3841f,-0.2033f,-3.0105f,1.0356f,0f,0f,0f,1f],start_interpolation: 0,interpolation_duration: 1}
$data merge entity $(right_leg) {transformation: [-1.7036f,0.1512f,0.1619f,-1.1846f,0.0445f,1.4635f,-0.8986f,2.5326f,-0.217f,-0.887f,-1.4552f,-0.3337f,0f,0f,0f,1f],start_interpolation: 0,interpolation_duration: 1}
$data merge entity $(weist) {transformation: [-1.6208f,0.0213f,-0.0675f,-0.4687f,0.0035f,1.5693f,0.4114f,4.1577f,0.0707f,0.4109f,-1.5679f,-0.0597f,0f,0f,0f,1f],start_interpolation: 0,interpolation_duration: 1}
data modify storage animated_java:temp entry.data merge value {"locators":{"consume":{"px":-3.8242566026,"py":7.9806233047,"pz":0.8033856748,"ry":209.4932271186,"rx":23.744790653}}}
# Data Manager: Prepare for Read / Write
execute store result storage animated_java:temp args.id int 1 run scoreboard players get @s aj.id
# Data Manager: Write
function animated_java:global/data_manager/write with storage animated_java:temp args