# This file was generated by Animated Java via MC-Build. It is not recommended to edit this file directly.
$data merge entity $(neck) {transformation: [-0.9912f,0.1294f,-0.0285f,-0.1418f,0.1195f,0.9659f,0.2296f,5.9715f,0.0572f,0.2241f,-0.9729f,-0.078f,0f,0f,0f,1f],start_interpolation: 0,interpolation_duration: 1}
$data merge entity $(right_thumb_2) {transformation: [-0.71f,0.5234f,0.4711f,-2.8672f,0.1017f,0.7382f,-0.6669f,5.0089f,-0.6968f,-0.4256f,-0.5774f,3.8881f,0f,0f,0f,1f],start_interpolation: 0,interpolation_duration: 1}
$data merge entity $(right_thumb) {transformation: [-0.71f,0.6785f,-0.1883f,-2.7515f,0.1017f,-0.1658f,-0.9809f,4.9844f,-0.6968f,-0.7156f,0.0487f,3.5538f,0f,0f,0f,1f],start_interpolation: 0,interpolation_duration: 1}
$data merge entity $(right_fingers2) {transformation: [0.219f,-0.9755f,0.0218f,-3.2697f,0.3198f,0.0506f,-0.9461f,5.0264f,0.9218f,0.2142f,0.323f,3.9612f,0f,0f,0f,1f],start_interpolation: 0,interpolation_duration: 1}
$data merge entity $(right_fingers) {transformation: [-0.9909f,-0.1332f,0.0218f,-3.3354f,0.0226f,-0.323f,-0.9461f,4.928f,0.133f,-0.937f,0.323f,3.7003f,0f,0f,0f,1f],start_interpolation: 0,interpolation_duration: 1}
$data merge entity $(scout) {transformation: [-2.5595f,0.9115f,-1.2317f,-3.2235f,-0.0942f,2.2998f,1.8977f,4.8767f,1.5294f,1.6671f,-1.9445f,3.8724f,0f,0f,0f,1f],start_interpolation: 0,interpolation_duration: 1}
$data merge entity $(right_hand) {transformation: [-0.3851f,0.9226f,0.0218f,-2.7658f,-0.3061f,-0.1054f,-0.9461f,4.823f,-0.8706f,-0.371f,0.323f,3.491f,0f,0f,0f,1f],start_interpolation: 0,interpolation_duration: 1}
$data merge entity $(right_forearm) {transformation: [-1.2542f,0.5673f,-0.0472f,-1.8611f,0.0048f,-0.1037f,-1.3734f,4.6166f,-0.5692f,-1.2508f,0.0925f,1.6344f,0f,0f,0f,1f],start_interpolation: 0,interpolation_duration: 1}
$data merge entity $(right_shoulder) {transformation: [-1.2209f,0.4625f,-0.6673f,-1.0296f,0.7898f,0.9557f,-0.7827f,5.6478f,0.1881f,-1.0112f,-1.045f,0.3972f,0f,0f,0f,1f],start_interpolation: 0,interpolation_duration: 1}
$data merge entity $(right_arm) {transformation: [-0.866f,0.1294f,-0.483f,-0.5078f,0f,0.9659f,0.2588f,5.9298f,0.5f,0.2241f,-0.8365f,0.1731f,0f,0f,0f,1f],start_interpolation: 0,interpolation_duration: 1}
$data merge entity $(left_thumb_2) {transformation: [-0.5787f,-0.78f,-0.238f,4.0977f,-0.4083f,0.0245f,0.9125f,5.4738f,-0.7059f,0.6253f,-0.3327f,-2.4949f,0f,0f,0f,1f],start_interpolation: 0,interpolation_duration: 1}
$data merge entity $(left_thumb) {transformation: [-0.5787f,-0.7857f,0.2184f,3.9277f,-0.4083f,0.511f,0.7564f,5.6881f,-0.7059f,0.3486f,-0.6165f,-2.2694f,0f,0f,0f,1f],start_interpolation: 0,interpolation_duration: 1}
$data merge entity $(left_fingers2) {transformation: [0.5629f,0.812f,0.1544f,4.4131f,0.4654f,-0.4657f,0.7527f,5.3918f,0.6831f,-0.3519f,-0.64f,-2.6268f,0f,0f,0f,1f],start_interpolation: 0,interpolation_duration: 1}
$data merge entity $(left_fingers) {transformation: [-0.9656f,0.2093f,0.1544f,4.5011f,0.2522f,0.6081f,0.7527f,5.5635f,0.0637f,0.7657f,-0.64f,-2.415f,0f,0f,0f,1f],start_interpolation: 0,interpolation_duration: 1}
$data merge entity $(left_hand) {transformation: [-0.49f,-0.858f,0.1544f,3.9785f,-0.5042f,0.4234f,0.7527f,5.8542f,-0.7111f,0.291f,-0.64f,-2.2682f,0f,0f,0f,1f],start_interpolation: 0,interpolation_duration: 1}
$data merge entity $(left_forearm) {transformation: [-0.3722f,-1.2882f,-0.3149f,2.0116f,-1.2945f,0.2819f,0.3766f,6.2387f,-0.2877f,0.3977f,-1.2869f,-1.728f,0f,0f,0f,1f],start_interpolation: 0,interpolation_duration: 1}
$data merge entity $(left_shoulder) {transformation: [-0.4237f,-1.0199f,-0.9644f,0.7137f,-1.1955f,-0.2657f,0.8063f,5.6478f,-0.7356f,1.0193f,-0.7548f,-0.6093f,0f,0f,0f,1f],start_interpolation: 0,interpolation_duration: 1}
$data merge entity $(left_arm) {transformation: [-0.866f,0.1294f,-0.483f,0.2587f,0f,0.9659f,0.2588f,5.9298f,0.5f,0.2241f,-0.8365f,-0.2694f,0f,0f,0f,1f],start_interpolation: 0,interpolation_duration: 1}
$data merge entity $(chest) {transformation: [-1.1072f,0.1655f,-0.6175f,-0.375f,0f,1.235f,0.3309f,4.1943f,0.6393f,0.2866f,-1.0695f,-0.4819f,0f,0f,0f,1f],start_interpolation: 0,interpolation_duration: 1}
$data merge entity $(left_cheek) {transformation: [-0.9965f,-0.0794f,-0.0272f,0.0165f,-0.0839f,0.9539f,0.2881f,3.829f,0.0031f,0.2894f,-0.9572f,-1.3378f,0f,0f,0f,1f],start_interpolation: 0,interpolation_duration: 1}
$data merge entity $(left_foot) {transformation: [-0.9461f,-0.0423f,-0.3852f,-0.0141f,-0.1266f,0.9942f,0.2018f,-3.7367f,0.3662f,0.2345f,-0.9253f,-4.0261f,0f,0f,0f,1f],start_interpolation: 0,interpolation_duration: 1}
$data merge entity $(left_knee) {transformation: [-2.9394f,0.208f,-0.7541f,0.3273f,-0.198f,2.6389f,1.4997f,-0.0173f,0.7568f,1.4983f,-2.5366f,-2.0779f,0f,0f,0f,1f],start_interpolation: 0,interpolation_duration: 1}
$data merge entity $(left_leg) {transformation: [-1.6602f,0.0225f,-0.4413f,0.3073f,-0.1118f,1.6385f,0.5044f,2.5881f,0.4274f,0.5161f,-1.5819f,-1.1869f,0f,0f,0f,1f],start_interpolation: 0,interpolation_duration: 1}
$data merge entity $(right_cheek) {transformation: [-0.9981f,0.0396f,-0.0465f,-0.8475f,0.0269f,0.9685f,0.2475f,3.7925f,0.0548f,0.2458f,-0.9678f,-1.3666f,0f,0f,0f,1f],start_interpolation: 0,interpolation_duration: 1}
$data merge entity $(right_foot) {transformation: [-0.999f,0.0384f,0.214f,-1.4925f,0.0285f,1.0207f,-0.0502f,-4.0133f,-0.2155f,-0.0431f,-0.9985f,0.4963f,0f,0f,0f,1f],start_interpolation: 0,interpolation_duration: 1}
$data merge entity $(right_knee) {transformation: [-3.0164f,0.1143f,0.3751f,-1.4055f,0.0975f,3.0369f,-0.1414f,0.1868f,-0.3798f,-0.1282f,-3.0152f,0.1846f,0f,0f,0f,1f],start_interpolation: 0,interpolation_duration: 1}
$data merge entity $(right_leg) {transformation: [-1.7036f,0.1551f,0.1581f,-1.0908f,0.0551f,1.4845f,-0.8629f,2.5881f,-0.2145f,-0.8506f,-1.4771f,-1.1259f,0f,0f,0f,1f],start_interpolation: 0,interpolation_duration: 1}
$data merge entity $(weist) {transformation: [-1.6208f,0.0213f,-0.0675f,-0.375f,0f,1.5473f,0.4878f,4.1978f,0.0708f,0.4874f,-1.5458f,-0.7725f,0f,0f,0f,1f],start_interpolation: 0,interpolation_duration: 1}
data modify storage animated_java:temp entry.data merge value {"locators":{"consume":{"px":-3.350784534,"py":4.944979534,"pz":3.9617908273,"ry":176.1351228959,"rx":-71.1104061116}}}
# Data Manager: Prepare for Read / Write
execute store result storage animated_java:temp args.id int 1 run scoreboard players get @s aj.id
# Data Manager: Write
function animated_java:global/data_manager/write with storage animated_java:temp args