# This file was generated by Animated Java via MC-Build. It is not recommended to edit this file directly.
$data merge entity $(neck) {transformation: [-0.9884f,0.1361f,-0.0677f,-0.1082f,0.0987f,0.9133f,0.395f,6.0815f,0.1156f,0.3838f,-0.9162f,-0.0958f,0f,0f,0f,1f],start_interpolation: 0,interpolation_duration: 1}
$data merge entity $(right_thumb_2) {transformation: [-0.9376f,0.2283f,-0.2622f,0.3521f,0.3475f,0.6378f,-0.6873f,4.9115f,0.0103f,-0.7356f,-0.6774f,4.1087f,0f,0f,0f,1f],start_interpolation: 0,interpolation_duration: 1}
$data merge entity $(right_thumb) {transformation: [-0.9376f,-0.0984f,-0.3335f,0.1861f,0.3475f,-0.237f,-0.9072f,4.8995f,0.0103f,-0.9665f,0.2564f,3.7957f,0f,0f,0f,1f],start_interpolation: 0,interpolation_duration: 1}
$data merge entity $(right_fingers2) {transformation: [0.8765f,-0.4814f,0.0083f,0.1418f,0.1489f,0.2548f,-0.9555f,5.0151f,0.4579f,0.8387f,0.295f,4.4444f,0f,0f,0f,1f],start_interpolation: 0,interpolation_duration: 1}
$data merge entity $(right_fingers) {transformation: [-0.556f,-0.8312f,0.0083f,-0.1106f,0.2408f,-0.1706f,-0.9555f,4.9663f,0.7956f,-0.5292f,0.295f,4.3182f,0f,0f,0f,1f],start_interpolation: 0,interpolation_duration: 1}
$data merge entity $(scout) {transformation: [-0.3175f,-0.4543f,-1.3848f,0.0725f,0.1683f,1.3963f,-0.4967f,4.8701f,1.4476f,-0.262f,-0.246f,4.3632f,0f,0f,0f,1f],start_interpolation: 0,interpolation_duration: 1}
$data merge entity $(right_hand) {transformation: [-0.9467f,0.3219f,0.0083f,0.0922f,-0.1024f,-0.2767f,-0.9555f,4.7546f,-0.3053f,-0.9054f,0.295f,3.7767f,0f,0f,0f,1f],start_interpolation: 0,interpolation_duration: 1}
$data merge entity $(right_forearm) {transformation: [-1.1268f,-0.6686f,-0.4246f,-0.8833f,0.5438f,-0.1163f,-1.2601f,4.511f,0.5759f,-1.1986f,0.3591f,1.9608f,0f,0f,0f,1f],start_interpolation: 0,interpolation_duration: 1}
$data merge entity $(right_shoulder) {transformation: [-0.1308f,-0.0132f,-1.4603f,-0.826f,1.021f,1.0475f,-0.1009f,5.5856f,1.0442f,-1.0259f,-0.0843f,0.5023f,0f,0f,0f,1f],start_interpolation: 0,interpolation_duration: 1}
$data merge entity $(right_arm) {transformation: [-0.7061f,0.1361f,-0.6949f,-0.3943f,-0.1823f,0.9133f,0.3641f,5.9561f,0.6842f,0.3838f,-0.6201f,0.2223f,0f,0f,0f,1f],start_interpolation: 0,interpolation_duration: 1}
$data merge entity $(left_thumb_2) {transformation: [-0.8951f,-0.3675f,-0.2523f,2.6308f,-0.1253f,-0.3357f,0.9336f,6.9632f,-0.4278f,0.8673f,0.2544f,-4.0383f,0f,0f,0f,1f],start_interpolation: 0,interpolation_duration: 1}
$data merge entity $(left_thumb) {transformation: [-0.8951f,-0.4455f,-0.0153f,2.6204f,-0.1253f,0.2185f,0.9677f,7.0385f,-0.4278f,0.8682f,-0.2515f,-3.692f,0f,0f,0f,1f],start_interpolation: 0,interpolation_duration: 1}
$data merge entity $(left_fingers2) {transformation: [0.8775f,0.4723f,-0.0825f,2.8291f,0.1844f,-0.1737f,0.9674f,6.9821f,0.4426f,-0.8641f,-0.2395f,-4.3279f,0f,0f,0f,1f],start_interpolation: 0,interpolation_duration: 1}
$data merge entity $(left_fingers) {transformation: [-0.7722f,0.63f,-0.0825f,3.0298f,0.0898f,0.2369f,0.9674f,7.0542f,0.629f,0.7396f,-0.2395f,-4.1366f,0f,0f,0f,1f],start_interpolation: 0,interpolation_duration: 1}
$data merge entity $(left_hand) {transformation: [-0.833f,-0.547f,-0.0825f,2.686f,-0.1989f,0.1569f,0.9674f,7.1923f,-0.5162f,0.8223f,-0.2395f,-3.6447f,0f,0f,0f,1f],start_interpolation: 0,interpolation_duration: 1}
$data merge entity $(left_forearm) {transformation: [-0.6252f,-0.8851f,-0.8503f,1.2961f,-1.0759f,-0.064f,0.8576f,7.0824f,-0.5906f,1.0534f,-0.6623f,-2.107f,0f,0f,0f,1f],start_interpolation: 0,interpolation_duration: 1}
$data merge entity $(left_shoulder) {transformation: [-0.864f,-0.4607f,-1.0914f,0.5954f,-0.8002f,-0.7691f,0.9581f,5.9526f,-0.8736f,1.1602f,0.2017f,-0.8751f,0f,0f,0f,1f],start_interpolation: 0,interpolation_duration: 1}
$data merge entity $(left_arm) {transformation: [-0.7061f,0.1361f,-0.6949f,0.2307f,-0.1823f,0.9133f,0.3641f,6.1175f,0.6842f,0.3838f,-0.6201f,-0.3833f,0f,0f,0f,1f],start_interpolation: 0,interpolation_duration: 1}
$data merge entity $(chest) {transformation: [-0.9028f,0.174f,-0.8885f,-0.3516f,-0.2331f,1.1678f,0.4655f,4.3999f,0.8748f,0.4907f,-0.7929f,-0.795f,0f,0f,0f,1f],start_interpolation: 0,interpolation_duration: 1}
$data merge entity $(left_cheek) {transformation: [-0.9965f,-0.0793f,-0.0278f,0.0401f,-0.084f,0.9522f,0.2936f,3.9928f,0.0032f,0.2949f,-0.9555f,-1.6896f,0f,0f,0f,1f],start_interpolation: 0,interpolation_duration: 1}
$data merge entity $(left_foot) {transformation: [-0.9461f,-0.0416f,-0.3853f,0.015f,-0.128f,0.993f,0.2069f,-3.5692f,0.3659f,0.2397f,-0.9241f,-4.4004f,0f,0f,0f,1f],start_interpolation: 0,interpolation_duration: 1}
$data merge entity $(left_knee) {transformation: [-2.9394f,0.2039f,-0.7552f,0.3508f,-0.2021f,2.6389f,1.4991f,0.1503f,0.7557f,1.4989f,-2.5366f,-2.4514f,0f,0f,0f,1f],start_interpolation: 0,interpolation_duration: 1}
$data merge entity $(left_leg) {transformation: [-1.6602f,0.0225f,-0.4413f,0.3307f,-0.1141f,1.6356f,0.513f,2.7508f,0.4268f,0.525f,-1.5791f,-1.5462f,0f,0f,0f,1f],start_interpolation: 0,interpolation_duration: 1}
$data merge entity $(right_cheek) {transformation: [-0.9981f,0.0391f,-0.047f,-0.8237f,0.026f,0.9674f,0.2521f,3.9543f,0.0553f,0.2504f,-0.9666f,-1.7021f,0f,0f,0f,1f],start_interpolation: 0,interpolation_duration: 1}
$data merge entity $(right_foot) {transformation: [-0.999f,0.0388f,0.2139f,-1.4711f,0.0294f,1.0208f,-0.0475f,-3.8552f,-0.2153f,-0.0403f,-0.9986f,0.1189f,0f,0f,0f,1f],start_interpolation: 0,interpolation_duration: 1}
$data merge entity $(right_knee) {transformation: [-3.0164f,0.1153f,0.3748f,-1.3828f,0.0996f,3.0372f,-0.1333f,0.3457f,-0.3793f,-0.1199f,-3.0156f,-0.1812f,0f,0f,0f,1f],start_interpolation: 0,interpolation_duration: 1}
$data merge entity $(right_leg) {transformation: [-1.7036f,0.1555f,0.1577f,-1.0674f,0.0562f,1.4868f,-0.8588f,2.7505f,-0.2142f,-0.8465f,-1.4795f,-1.4851f,0f,0f,0f,1f],start_interpolation: 0,interpolation_duration: 1}
$data merge entity $(weist) {transformation: [-1.6208f,0.0213f,-0.0675f,-0.3516f,-0.0004f,1.5446f,0.4963f,4.3582f,0.0708f,0.4958f,-1.5431f,-1.123f,0f,0f,0f,1f],start_interpolation: 0,interpolation_duration: 1}
data modify storage animated_java:temp entry.data merge value {"locators":{"consume":{"px":0.0684184464,"py":4.9557335634,"pz":4.5098978378,"ry":178.396787253,"rx":-72.8371149237}}}
# Data Manager: Prepare for Read / Write
execute store result storage animated_java:temp args.id int 1 run scoreboard players get @s aj.id
# Data Manager: Write
function animated_java:global/data_manager/write with storage animated_java:temp args