# This file was generated by Animated Java via MC-Build. It is not recommended to edit this file directly.
$data merge entity $(neck) {transformation: [-0.9788f,0.1468f,-0.143f,-0.1127f,0.0565f,0.8639f,0.5005f,6.176f,0.1971f,0.4818f,-0.8539f,-0.1011f,0f,0f,0f,1f],start_interpolation: 0,interpolation_duration: 1}
$data merge entity $(right_thumb_2) {transformation: [-0.4437f,-0.5103f,-0.7367f,2.2746f,0.2267f,0.7314f,-0.6432f,4.2843f,0.867f,-0.4524f,-0.2088f,1.541f,0f,0f,0f,1f],start_interpolation: 0,interpolation_duration: 1}
$data merge entity $(right_thumb) {transformation: [-0.4437f,-0.8955f,0.0346f,1.9202f,0.2267f,-0.1495f,-0.9624f,4.2834f,0.867f,-0.4192f,0.2694f,1.5309f,0f,0f,0f,1f],start_interpolation: 0,interpolation_duration: 1}
$data merge entity $(right_fingers2) {transformation: [0.834f,0.4991f,0.2352f,2.4658f,0.2091f,0.1085f,-0.9719f,4.3272f,-0.5106f,0.8597f,-0.0139f,1.9005f,0f,0f,0f,1f],start_interpolation: 0,interpolation_duration: 1}
$data merge entity $(right_fingers) {transformation: [0.4246f,-0.8743f,0.2352f,2.2303f,0.0898f,-0.2178f,-0.9719f,4.2605f,0.9009f,0.4337f,-0.0139f,2.0494f,0f,0f,0f,1f],start_interpolation: 0,interpolation_duration: 1}
$data merge entity $(scout) {transformation: [0f,0f,0f,2.3571f,0f,0f,0f,4.1836f,0f,0f,0f,1.8984f,0f,0f,0f,1f],start_interpolation: 0,interpolation_duration: 1}
$data merge entity $(right_hand) {transformation: [-0.7347f,-0.6364f,0.2352f,1.8535f,-0.1871f,-0.1431f,-0.9719f,4.1306f,0.6521f,-0.758f,-0.0139f,1.58f,0f,0f,0f,1f],start_interpolation: 0,interpolation_duration: 1}
$data merge entity $(right_forearm) {transformation: [-0.1098f,-1.3727f,-0.0278f,-0.2102f,0.4726f,-0.0116f,-1.2937f,4.0463f,1.2891f,-0.1126f,0.472f,1.374f,0f,0f,0f,1f],start_interpolation: 0,interpolation_duration: 1}
$data merge entity $(right_shoulder) {transformation: [0.9307f,-0.2874f,-1.0959f,-0.713f,0.5751f,1.3418f,0.1365f,5.562f,0.9762f,-0.5165f,0.9645f,0.5165f,0f,0f,0f,1f],start_interpolation: 0,interpolation_duration: 1}
$data merge entity $(right_arm) {transformation: [-0.591f,0.1468f,-0.7932f,-0.3439f,-0.3139f,0.8639f,0.3938f,5.9926f,0.7431f,0.4818f,-0.4644f,0.2331f,0f,0f,0f,1f],start_interpolation: 0,interpolation_duration: 1}
$data merge entity $(left_thumb_2) {transformation: [-0.9679f,-0.2514f,0.0034f,1.9748f,0.1286f,-0.4835f,0.8659f,7.679f,-0.216f,0.8385f,0.5003f,-4.2332f,0f,0f,0f,1f],start_interpolation: 0,interpolation_duration: 1}
$data merge entity $(left_thumb) {transformation: [-0.9679f,-0.2102f,0.1379f,2.0487f,0.1286f,0.0575f,0.99f,7.6645f,-0.216f,0.976f,-0.0286f,-3.8868f,0f,0f,0f,1f],start_interpolation: 0,interpolation_duration: 1}
$data merge entity $(left_fingers2) {transformation: [0.9663f,0.2461f,0.0758f,2.1116f,-0.0731f,-0.0198f,0.9971f,7.7398f,0.2468f,-0.9691f,-0.0012f,-4.5513f,0f,0f,0f,1f],start_interpolation: 0,interpolation_duration: 1}
$data merge entity $(left_fingers) {transformation: [-0.5971f,0.7986f,0.0758f,2.3566f,0.0463f,-0.06f,0.9971f,7.7287f,0.8008f,0.5989f,-0.0012f,-4.4032f,0f,0f,0f,1f],start_interpolation: 0,interpolation_duration: 1}
$data merge entity $(left_hand) {transformation: [-0.9412f,-0.3293f,0.0758f,2.153f,0.0711f,0.0261f,0.9971f,7.7892f,-0.3304f,0.9439f,-0.0012f,-3.8252f,0f,0f,0f,1f],start_interpolation: 0,interpolation_duration: 1}
$data merge entity $(left_forearm) {transformation: [-0.9398f,-0.6538f,-0.7658f,1.1014f,-0.7795f,-0.1908f,1.1194f,7.5102f,-0.6374f,1.1972f,-0.2398f,-2.0575f,0f,0f,0f,1f],start_interpolation: 0,interpolation_duration: 1}
$data merge entity $(left_shoulder) {transformation: [-1.175f,-0.3396f,-0.8086f,0.4766f,-0.4075f,-0.9857f,1.0061f,6.1939f,-0.7766f,1.031f,0.6955f,-0.9793f,0f,0f,0f,1f],start_interpolation: 0,interpolation_duration: 1}
$data merge entity $(left_arm) {transformation: [-0.591f,0.1468f,-0.7932f,0.1792f,-0.3139f,0.8639f,0.3938f,6.2705f,0.7431f,0.4818f,-0.4644f,-0.4246f,0f,0f,0f,1f],start_interpolation: 0,interpolation_duration: 1}
$data merge entity $(chest) {transformation: [-0.7556f,0.1877f,-1.0142f,-0.375f,-0.4014f,1.1046f,0.5035f,4.585f,0.9501f,0.6159f,-0.5938f,-0.9819f,0f,0f,0f,1f],start_interpolation: 0,interpolation_duration: 1}
$data merge entity $(left_cheek) {transformation: [-0.9965f,-0.0791f,-0.0286f,0.0169f,-0.084f,0.9537f,0.2887f,4.142f,0.0045f,0.29f,-0.957f,-1.8993f,0f,0f,0f,1f],start_interpolation: 0,interpolation_duration: 1}
$data merge entity $(left_foot) {transformation: [-0.9461f,-0.0423f,-0.3852f,-0.0141f,-0.1266f,0.9942f,0.2018f,-3.4242f,0.3662f,0.2345f,-0.9253f,-4.5886f,0f,0f,0f,1f],start_interpolation: 0,interpolation_duration: 1}
$data merge entity $(left_knee) {transformation: [-2.9394f,0.208f,-0.7541f,0.3273f,-0.198f,2.6389f,1.4997f,0.2952f,0.7568f,1.4983f,-2.5366f,-2.6404f,0f,0f,0f,1f],start_interpolation: 0,interpolation_duration: 1}
$data merge entity $(left_leg) {transformation: [-1.6602f,0.0225f,-0.4413f,0.3073f,-0.1118f,1.6385f,0.5044f,2.9006f,0.4274f,0.5161f,-1.5819f,-1.7494f,0f,0f,0f,1f],start_interpolation: 0,interpolation_duration: 1}
$data merge entity $(right_cheek) {transformation: [-0.9982f,0.0379f,-0.0475f,-0.8473f,0.0247f,0.9674f,0.2519f,4.102f,0.0555f,0.2502f,-0.9666f,-1.8942f,0f,0f,0f,1f],start_interpolation: 0,interpolation_duration: 1}
$data merge entity $(right_foot) {transformation: [-0.999f,0.0384f,0.214f,-1.4925f,0.0285f,1.0207f,-0.0502f,-3.7008f,-0.2155f,-0.0431f,-0.9985f,-0.0662f,0f,0f,0f,1f],start_interpolation: 0,interpolation_duration: 1}
$data merge entity $(right_knee) {transformation: [-3.0164f,0.1143f,0.3751f,-1.4055f,0.0975f,3.0369f,-0.1414f,0.4993f,-0.3798f,-0.1282f,-3.0152f,-0.3779f,0f,0f,0f,1f],start_interpolation: 0,interpolation_duration: 1}
$data merge entity $(right_leg) {transformation: [-1.7036f,0.1551f,0.1581f,-1.0908f,0.0551f,1.4845f,-0.8629f,2.9006f,-0.2145f,-0.8506f,-1.4771f,-1.6884f,0f,0f,0f,1f],start_interpolation: 0,interpolation_duration: 1}
$data merge entity $(weist) {transformation: [-1.6208f,0.0213f,-0.0675f,-0.375f,0f,1.5473f,0.4878f,4.5103f,0.0708f,0.4874f,-1.5458f,-1.335f,0f,0f,0f,1f],start_interpolation: 0,interpolation_duration: 1}
data modify storage animated_java:temp entry.data merge value {"locators":{"consume":{"px":2.484952467,"py":4.2529784635,"pz":1.986158335,"ry":86.6088884722,"rx":-76.3741534022}}}
# Data Manager: Prepare for Read / Write
execute store result storage animated_java:temp args.id int 1 run scoreboard players get @s aj.id
# Data Manager: Write
function animated_java:global/data_manager/write with storage animated_java:temp args
execute unless entity @s[tag=aj.transforms_only] at @s run function animated_java:female/animations/swing_end/zzz/frames/18_root_function