# This file was generated by Animated Java via MC-Build. It is not recommended to edit this file directly.
$data merge entity $(neck) {transformation: [-0.9736f,0.1667f,-0.1559f,-0.1144f,0.0637f,0.8543f,0.5159f,6.1864f,0.2191f,0.4924f,-0.8424f,-0.1283f,0f,0f,0f,1f],start_interpolation: 0,interpolation_duration: 1}
$data merge entity $(right_thumb_2) {transformation: [-0.1643f,-0.5942f,-0.7874f,2.2539f,0.2532f,0.7461f,-0.6158f,4.1378f,0.9534f,-0.3005f,0.0279f,1.0304f,0f,0f,0f,1f],start_interpolation: 0,interpolation_duration: 1}
$data merge entity $(right_thumb) {transformation: [-0.1643f,-0.9833f,0.0781f,1.9121f,0.2532f,-0.1185f,-0.9601f,4.1507f,0.9534f,-0.1379f,0.2684f,1.1236f,0f,0f,0f,1f],start_interpolation: 0,interpolation_duration: 1}
$data merge entity $(right_fingers2) {transformation: [0.6562f,0.731f,0.1871f,2.5427f,0.1707f,0.0978f,-0.9805f,4.1769f,-0.735f,0.6753f,-0.0606f,1.318f,0f,0f,0f,1f],start_interpolation: 0,interpolation_duration: 1}
$data merge entity $(right_fingers) {transformation: [0.671f,-0.7174f,0.1871f,2.3586f,0.0825f,-0.1785f,-0.9805f,4.1212f,0.7368f,0.6734f,-0.0606f,1.5302f,0f,0f,0f,1f],start_interpolation: 0,interpolation_duration: 1}
$data merge entity $(scout) {transformation: [0f,0f,0f,2.4332f,0f,0f,0f,4.0377f,0f,0f,0f,1.3506f,0f,0f,0f,1f],start_interpolation: 0,interpolation_duration: 1}
$data merge entity $(right_hand) {transformation: [-0.5193f,-0.8339f,0.1871f,1.8573f,-0.1511f,-0.1259f,-0.9805f,4.0012f,0.8411f,-0.5374f,-0.0606f,1.1932f,0f,0f,0f,1f],start_interpolation: 0,interpolation_duration: 1}
$data merge entity $(right_forearm) {transformation: [0.0829f,-1.3748f,-0.0097f,-0.2169f,0.4485f,0.0363f,-1.3018f,3.9898f,1.2996f,0.0752f,0.4499f,1.2688f,0f,0f,0f,1f],start_interpolation: 0,interpolation_duration: 1}
$data merge entity $(right_shoulder) {transformation: [1.0839f,-0.2354f,-0.959f,-0.6915f,0.4751f,1.3726f,0.2001f,5.5611f,0.8656f,-0.4587f,1.0909f,0.5f,0f,0f,0f,1f],start_interpolation: 0,interpolation_duration: 1}
$data merge entity $(right_arm) {transformation: [-0.5625f,0.1667f,-0.8098f,-0.3329f,-0.3277f,0.8543f,0.4035f,5.9968f,0.7591f,0.4924f,-0.4259f,0.211f,0f,0f,0f,1f],start_interpolation: 0,interpolation_duration: 1}
$data merge entity $(left_thumb_2) {transformation: [-0.9719f,-0.2278f,0.0589f,1.8324f,0.1681f,-0.4972f,0.8512f,7.7413f,-0.1646f,0.8372f,0.5215f,-4.3127f,0f,0f,0f,1f],start_interpolation: 0,interpolation_duration: 1}
$data merge entity $(left_thumb) {transformation: [-0.9719f,-0.1605f,0.172f,1.9225f,0.1681f,0.038f,0.985f,7.7147f,-0.1646f,0.9863f,-0.01f,-3.9709f,0f,0f,0f,1f],start_interpolation: 0,interpolation_duration: 1}
$data merge entity $(left_fingers2) {transformation: [0.9738f,0.198f,0.1116f,1.9558f,-0.1135f,-0.0019f,0.9935f,7.8059f,0.1969f,-0.9802f,0.0206f,-4.6354f,0f,0f,0f,1f],start_interpolation: 0,interpolation_duration: 1}
$data merge entity $(left_fingers) {transformation: [-0.5556f,0.8239f,0.1116f,2.2071f,0.0452f,-0.1041f,0.9935f,7.7822f,0.8302f,0.557f,0.0206f,-4.5f,0f,0f,0f,1f],start_interpolation: 0,interpolation_duration: 1}
$data merge entity $(left_hand) {transformation: [-0.9529f,-0.2821f,0.1116f,2.034f,0.1129f,0.0118f,0.9935f,7.8339f,-0.2816f,0.9593f,0.0206f,-3.9113f,0f,0f,0f,1f],start_interpolation: 0,interpolation_duration: 1}
$data merge entity $(left_forearm) {transformation: [-0.9971f,-0.6015f,-0.7356f,1.0598f,-0.7286f,-0.2006f,1.1516f,7.5435f,-0.61f,1.2227f,-0.173f,-2.1015f,0f,0f,0f,1f],start_interpolation: 0,interpolation_duration: 1}
$data merge entity $(left_shoulder) {transformation: [-1.2252f,-0.3246f,-0.7371f,0.4408f,-0.3449f,-1.0011f,1.0142f,6.2208f,-0.7278f,1.0209f,0.7601f,-1.028f,0f,0f,0f,1f],start_interpolation: 0,interpolation_duration: 1}
$data merge entity $(left_arm) {transformation: [-0.5625f,0.1667f,-0.8098f,0.165f,-0.3277f,0.8543f,0.4035f,6.2869f,0.7591f,0.4924f,-0.4259f,-0.4609f,0f,0f,0f,1f],start_interpolation: 0,interpolation_duration: 1}
$data merge entity $(chest) {transformation: [-0.7192f,0.2131f,-1.0354f,-0.413f,-0.419f,1.0922f,0.5159f,4.613f,0.9705f,0.6295f,-0.5446f,-1.0289f,0f,0f,0f,1f],start_interpolation: 0,interpolation_duration: 1}
$data merge entity $(left_cheek) {transformation: [-0.9965f,-0.0787f,-0.0295f,-0.0209f,-0.0838f,0.9537f,0.2888f,4.1622f,0.0054f,0.2903f,-0.9569f,-1.9541f,0f,0f,0f,1f],start_interpolation: 0,interpolation_duration: 1}
$data merge entity $(left_foot) {transformation: [-0.9461f,-0.0423f,-0.3852f,-0.0521f,-0.1266f,0.9942f,0.2018f,-3.4042f,0.3662f,0.2345f,-0.9253f,-4.6436f,0f,0f,0f,1f],start_interpolation: 0,interpolation_duration: 1}
$data merge entity $(left_knee) {transformation: [-2.9394f,0.208f,-0.7541f,0.2893f,-0.198f,2.6389f,1.4997f,0.3152f,0.7568f,1.4983f,-2.5366f,-2.6954f,0f,0f,0f,1f],start_interpolation: 0,interpolation_duration: 1}
$data merge entity $(left_leg) {transformation: [-1.6602f,0.0225f,-0.4413f,0.2693f,-0.1118f,1.6385f,0.5044f,2.9206f,0.4274f,0.5161f,-1.5819f,-1.8044f,0f,0f,0f,1f],start_interpolation: 0,interpolation_duration: 1}
$data merge entity $(right_cheek) {transformation: [-0.9982f,0.0371f,-0.0479f,-0.8855f,0.0237f,0.9668f,0.2545f,4.1223f,0.0558f,0.2529f,-0.9659f,-1.9434f,0f,0f,0f,1f],start_interpolation: 0,interpolation_duration: 1}
$data merge entity $(right_foot) {transformation: [-0.999f,0.0384f,0.214f,-1.5305f,0.0285f,1.0207f,-0.0502f,-3.6808f,-0.2155f,-0.0431f,-0.9985f,-0.1212f,0f,0f,0f,1f],start_interpolation: 0,interpolation_duration: 1}
$data merge entity $(right_knee) {transformation: [-3.0164f,0.1143f,0.3751f,-1.4435f,0.0975f,3.0369f,-0.1414f,0.5193f,-0.3798f,-0.1282f,-3.0152f,-0.4329f,0f,0f,0f,1f],start_interpolation: 0,interpolation_duration: 1}
$data merge entity $(right_leg) {transformation: [-1.7036f,0.1551f,0.1581f,-1.1288f,0.0551f,1.4845f,-0.8629f,2.9206f,-0.2145f,-0.8506f,-1.4771f,-1.7434f,0f,0f,0f,1f],start_interpolation: 0,interpolation_duration: 1}
$data merge entity $(weist) {transformation: [-1.6208f,0.0213f,-0.0675f,-0.413f,0f,1.5473f,0.4878f,4.5303f,0.0708f,0.4874f,-1.5458f,-1.39f,0f,0f,0f,1f],start_interpolation: 0,interpolation_duration: 1}
data modify storage animated_java:temp entry.data merge value {"locators":{"consume":{"px":2.5834188006,"py":4.1029102656,"pz":1.395927155,"ry":72.0521833733,"rx":-78.6562685887}}}
# Data Manager: Prepare for Read / Write
execute store result storage animated_java:temp args.id int 1 run scoreboard players get @s aj.id
# Data Manager: Write
function animated_java:global/data_manager/write with storage animated_java:temp args