# This file was generated by Animated Java via MC-Build. It is not recommended to edit this file directly.
$data merge entity $(neck) {transformation: [-0.9994f,0.004f,0.0344f,0.0111f,0.0061f,0.9979f,0.0637f,5.9258f,-0.0341f,0.0639f,-0.9974f,0.0166f,0f,0f,0f,1f],start_interpolation: 0,interpolation_duration: 1}
$data merge entity $(right_thumb_2) {transformation: [-0.0807f,0.7417f,0.6658f,-4.4271f,0.3285f,0.6505f,-0.6848f,5.4077f,-0.941f,0.1635f,-0.2961f,-0.8603f,0f,0f,0f,1f],start_interpolation: 0,interpolation_duration: 1}
$data merge entity $(right_thumb) {transformation: [-0.0807f,0.9601f,-0.2678f,-4.1265f,0.3285f,-0.2281f,-0.9166f,5.396f,-0.941f,-0.1619f,-0.297f,-1.0477f,0f,0f,0f,1f],start_interpolation: 0,interpolation_duration: 1}
$data merge entity $(right_fingers2) {transformation: [-0.3968f,-0.8736f,-0.2816f,-4.7781f,0.1613f,0.2356f,-0.9584f,5.5033f,0.9036f,-0.4257f,0.0474f,-1.0482f,0f,0f,0f,1f],start_interpolation: 0,interpolation_duration: 1}
$data merge entity $(right_fingers) {transformation: [-0.8357f,0.4715f,-0.2816f,-4.6694f,0.2206f,-0.1812f,-0.9584f,5.4509f,-0.5029f,-0.8631f,0.0474f,-1.308f,0f,0f,0f,1f],start_interpolation: 0,interpolation_duration: 1}
$data merge entity $(scout) {transformation: [-2.9368f,0.4233f,0.3082f,-4.7001f,0.2911f,2.7796f,-1.0432f,5.3579f,-0.4352f,-0.9969f,-2.7777f,-1.1204f,0f,0f,0f,1f],start_interpolation: 0,interpolation_duration: 1}
$data merge entity $(right_hand) {transformation: [0.2391f,0.9293f,-0.2816f,-4.1123f,-0.118f,-0.26f,-0.9584f,5.2494f,-0.9638f,0.2624f,0.0474f,-1.1399f,0f,0f,0f,1f],start_interpolation: 0,interpolation_duration: 1}
$data merge entity $(right_forearm) {transformation: [-0.0214f,1.3404f,-0.3161f,-2.1042f,1.0933f,-0.1757f,-0.8191f,4.9095f,-0.8375f,-0.2637f,-1.0612f,-1.5408f,0f,0f,0f,1f],start_interpolation: 0,interpolation_duration: 1}
$data merge entity $(right_shoulder) {transformation: [-0.582f,0.8921f,1.0076f,-0.9317f,1.2311f,0.7964f,0.0061f,5.6321f,-0.5436f,0.8484f,-1.0651f,-0.3626f,0f,0f,0f,1f],start_interpolation: 0,interpolation_duration: 1}
$data merge entity $(right_arm) {transformation: [-0.9143f,0.004f,0.405f,-0.4115f,0.0295f,0.9979f,0.0568f,5.9051f,-0.4039f,0.0639f,-0.9126f,-0.124f,0f,0f,0f,1f],start_interpolation: 0,interpolation_duration: 1}
$data merge entity $(left_thumb_2) {transformation: [-0.3404f,-0.0323f,0.9397f,1.1903f,-0.8945f,0.3193f,-0.313f,4.396f,-0.29f,-0.9471f,-0.1375f,3.6871f,0f,0f,0f,1f],start_interpolation: 0,interpolation_duration: 1}
$data merge entity $(left_thumb) {transformation: [-0.3404f,0.4777f,0.8099f,1.383f,-0.8945f,0.1011f,-0.4356f,4.5673f,-0.29f,-0.8727f,0.3929f,3.4438f,0f,0f,0f,1f],start_interpolation: 0,interpolation_duration: 1}
$data merge entity $(left_fingers2) {transformation: [0.384f,-0.4621f,0.7994f,1.1122f,0.8672f,-0.1166f,-0.484f,4.381f,0.3169f,0.8791f,0.356f,4.0248f,0f,0f,0f,1f],start_interpolation: 0,interpolation_duration: 1}
$data merge entity $(left_fingers) {transformation: [0.2651f,0.5392f,0.7994f,1.2643f,-0.2475f,0.8393f,-0.484f,4.6236f,-0.9319f,-0.0695f,0.356f,4.0339f,0f,0f,0f,1f],start_interpolation: 0,interpolation_duration: 1}
$data merge entity $(left_hand) {transformation: [-0.441f,0.4081f,0.7994f,1.548f,-0.875f,0.0025f,-0.484f,4.5993f,-0.1995f,-0.913f,0.356f,3.4879f,0f,0f,0f,1f],start_interpolation: 0,interpolation_duration: 1}
$data merge entity $(left_forearm) {transformation: [-1.2606f,0.267f,0.4866f,1.9154f,-0.5061f,-0.0574f,-1.2797f,4.4452f,-0.2278f,-1.35f,0.1507f,1.4509f,0f,0f,0f,1f],start_interpolation: 0,interpolation_duration: 1}
$data merge entity $(left_shoulder) {transformation: [-1.0886f,-0.6256f,0.7573f,0.9088f,-0.9117f,1.0642f,-0.4314f,5.5728f,-0.3655f,-0.7912f,-1.1791f,0.4505f,0f,0f,0f,1f],start_interpolation: 0,interpolation_duration: 1}
$data merge entity $(left_arm) {transformation: [-0.9143f,0.004f,0.405f,0.3978f,0.0295f,0.9979f,0.0568f,5.879f,-0.4039f,0.0639f,-0.9126f,0.2335f,0f,0f,0f,1f],start_interpolation: 0,interpolation_duration: 1}
$data merge entity $(chest) {transformation: [-1.169f,0.0051f,0.5178f,0f,0.0377f,1.2759f,0.0727f,4.0917f,-0.5164f,0.0817f,-1.1668f,-0.0922f,0f,0f,0f,1f],start_interpolation: 0,interpolation_duration: 1}
$data merge entity $(left_cheek) {transformation: [-0.9936f,-0.0842f,0.0757f,0.4442f,-0.0744f,0.9895f,0.1239f,3.2729f,-0.0853f,0.1175f,-0.9894f,-0.5778f,0f,0f,0f,1f],start_interpolation: 0,interpolation_duration: 1}
$data merge entity $(left_foot) {transformation: [-0.9921f,-0.0351f,-0.2443f,1.1329f,-0.0325f,1.0217f,-0.0151f,-4.693f,0.2447f,-0.0069f,-0.9926f,-1.614f,0f,0f,0f,1f],start_interpolation: 0,interpolation_duration: 1}
$data merge entity $(left_knee) {transformation: [-3.0308f,-0.1852f,-0.1798f,0.9563f,-0.2284f,2.9108f,0.8527f,-0.623f,0.1201f,0.8631f,-2.9142f,-0.5421f,0f,0f,0f,1f],start_interpolation: 0,interpolation_duration: 1}
$data merge entity $(left_leg) {transformation: [-1.7118f,-0.1186f,-0.0847f,0.6975f,-0.129f,1.6976f,0.23f,2.0846f,0.0678f,0.2355f,-1.7004f,-0.1121f,0f,0f,0f,1f],start_interpolation: 0,interpolation_duration: 1}
$data merge entity $(right_cheek) {transformation: [-0.9948f,0.0788f,0.0647f,-0.3745f,0.0764f,0.9963f,-0.0383f,3.2528f,-0.0675f,-0.0331f,-0.9972f,-0.6601f,0f,0f,0f,1f],start_interpolation: 0,interpolation_duration: 1}
$data merge entity $(right_foot) {transformation: [-0.9578f,-0.0878f,0.3466f,-1.1874f,-0.1113f,1.015f,-0.0505f,-4.1914f,-0.3397f,-0.0851f,-0.9605f,2.0833f,0f,0f,0f,1f],start_interpolation: 0,interpolation_duration: 1}
$data merge entity $(right_knee) {transformation: [-2.9807f,0.0208f,0.6058f,-1.2193f,-0.0463f,3.0232f,-0.3318f,-0.0221f,-0.6044f,-0.3344f,-2.9623f,1.482f,0f,0f,0f,1f],start_interpolation: 0,interpolation_duration: 1}
$data merge entity $(right_leg) {transformation: [-1.6881f,0.284f,0.1453f,-0.6983f,0.122f,1.2977f,-1.1192f,2.0846f,-0.2948f,-1.0894f,-1.2952f,-0.2131f,0f,0f,0f,1f],start_interpolation: 0,interpolation_duration: 1}
$data merge entity $(weist) {transformation: [-1.6181f,-0.008f,0.1169f,0f,0f,1.6186f,0.1102f,3.7394f,-0.1171f,0.1099f,-1.6144f,-0.1678f,0f,0f,0f,1f],start_interpolation: 0,interpolation_duration: 1}
data modify storage animated_java:temp entry.data merge value {"locators":{"consume":{"px":-4.8478264631,"py":5.4417460885,"pz":-1.1156931309,"ry":260.4350379145,"rx":-73.4089784776}}}
# Data Manager: Prepare for Read / Write
execute store result storage animated_java:temp args.id int 1 run scoreboard players get @s aj.id
# Data Manager: Write
function animated_java:global/data_manager/write with storage animated_java:temp args