# This file was generated by Animated Java via MC-Build. It is not recommended to edit this file directly.
$data merge entity $(neck) {transformation: [-0.9693f,0.1836f,-0.1638f,-0.1394f,0.0708f,0.8458f,0.5288f,6.1744f,0.2356f,0.501f,-0.8328f,-0.1438f,0f,0f,0f,1f],start_interpolation: 0,interpolation_duration: 1}
$data merge entity $(right_thumb_2) {transformation: [0.1283f,-0.6675f,-0.7335f,2.1492f,0.2885f,0.7327f,-0.6163f,4.0797f,0.9488f,-0.1326f,0.2866f,0.7229f,0f,0f,0f,1f],start_interpolation: 0,interpolation_duration: 1}
$data merge entity $(right_thumb) {transformation: [0.1283f,-0.9773f,0.1688f,1.8514f,0.2885f,-0.1261f,-0.9491f,4.0953f,0.9488f,0.1705f,0.2658f,0.9147f,0f,0f,0f,1f],start_interpolation: 0,interpolation_duration: 1}
$data merge entity $(right_fingers2) {transformation: [0.4008f,0.8996f,0.1736f,2.5108f,0.1445f,0.125f,-0.9816f,4.1303f,-0.9047f,0.4185f,-0.0799f,0.908f,0f,0f,0f,1f],start_interpolation: 0,interpolation_duration: 1}
$data merge entity $(right_fingers) {transformation: [0.8612f,-0.4777f,0.1736f,2.4003f,0.1119f,-0.1548f,-0.9816f,4.0821f,0.4957f,0.8648f,-0.0799f,1.1678f,0f,0f,0f,1f],start_interpolation: 0,interpolation_duration: 1}
$data merge entity $(scout) {transformation: [0f,0f,0f,2.4182f,0f,0f,0f,3.9922f,0f,0f,0f,0.977f,0f,0f,0f,1f],start_interpolation: 0,interpolation_duration: 1}
$data merge entity $(right_hand) {transformation: [-0.2385f,-0.9555f,0.1736f,1.8223f,-0.1206f,-0.1482f,-0.9816f,3.9483f,0.9636f,-0.255f,-0.0799f,1.0028f,0f,0f,0f,1f],start_interpolation: 0,interpolation_duration: 1}
$data merge entity $(right_forearm) {transformation: [0.173f,-1.3664f,0.0081f,-0.2424f,0.435f,0.0473f,-1.306f,3.954f,1.2954f,0.1666f,0.4375f,1.2158f,0f,0f,0f,1f],start_interpolation: 0,interpolation_duration: 1}
$data merge entity $(right_shoulder) {transformation: [1.1472f,-0.218f,-0.8867f,-0.711f,0.4337f,1.3831f,0.2211f,5.5457f,0.8035f,-0.4353f,1.1466f,0.4862f,0f,0f,0f,1f],start_interpolation: 0,interpolation_duration: 1}
$data merge entity $(right_arm) {transformation: [-0.5518f,0.1836f,-0.8135f,-0.3535f,-0.3331f,0.8458f,0.4168f,5.9821f,0.7646f,0.501f,-0.4055f,0.1968f,0f,0f,0f,1f],start_interpolation: 0,interpolation_duration: 1}
$data merge entity $(left_thumb_2) {transformation: [-0.9692f,-0.2297f,0.0886f,1.787f,0.1928f,-0.4844f,0.8534f,7.6733f,-0.1531f,0.8442f,0.5137f,-4.368f,0f,0f,0f,1f],start_interpolation: 0,interpolation_duration: 1}
$data merge entity $(left_thumb) {transformation: [-0.9692f,-0.1461f,0.1981f,1.8809f,0.1928f,0.05f,0.98f,7.647f,-0.1531f,0.988f,-0.0203f,-4.0272f,0f,0f,0f,1f],start_interpolation: 0,interpolation_duration: 1}
$data merge entity $(left_fingers2) {transformation: [0.973f,0.1846f,0.1383f,1.9077f,-0.138f,-0.0148f,0.9903f,7.7321f,0.1849f,-0.9827f,0.0111f,-4.6929f,0f,0f,0f,1f],start_interpolation: 0,interpolation_duration: 1}
$data merge entity $(left_fingers) {transformation: [-0.5429f,0.8283f,0.1383f,2.1601f,0.0665f,-0.1218f,0.9903f,7.7028f,0.8371f,0.5469f,0.0111f,-4.5605f,0f,0f,0f,1f],start_interpolation: 0,interpolation_duration: 1}
$data merge entity $(left_hand) {transformation: [-0.9532f,-0.2687f,0.1383f,1.9964f,0.1362f,0.0268f,0.9903f,7.7637f,-0.2698f,0.9628f,0.0111f,-3.97f,0f,0f,0f,1f],start_interpolation: 0,interpolation_duration: 1}
$data merge entity $(left_forearm) {transformation: [-1.0243f,-0.5901f,-0.7069f,1.0393f,-0.7063f,-0.1749f,1.1695f,7.5135f,-0.5908f,1.2322f,-0.1726f,-2.1452f,0f,0f,0f,1f],start_interpolation: 0,interpolation_duration: 1}
$data merge entity $(left_shoulder) {transformation: [-1.2437f,-0.3374f,-0.6995f,0.3998f,-0.3176f,-0.9841f,1.0395f,6.2162f,-0.7087f,1.0332f,0.7616f,-1.0528f,0f,0f,0f,1f],start_interpolation: 0,interpolation_duration: 1}
$data merge entity $(left_arm) {transformation: [-0.5518f,0.1836f,-0.8135f,0.1349f,-0.3331f,0.8458f,0.4168f,6.2769f,0.7646f,0.501f,-0.4055f,-0.48f,0f,0f,0f,1f],start_interpolation: 0,interpolation_duration: 1}
$data merge entity $(chest) {transformation: [-0.7055f,0.2347f,-1.0401f,-0.469f,-0.4259f,1.0813f,0.5329f,4.6165f,0.9775f,0.6405f,-0.5185f,-1.0604f,0f,0f,0f,1f],start_interpolation: 0,interpolation_duration: 1}
$data merge entity $(left_cheek) {transformation: [-0.9965f,-0.0781f,-0.0305f,-0.0768f,-0.0836f,0.9537f,0.2889f,4.1649f,0.0065f,0.2904f,-0.9569f,-1.9867f,0f,0f,0f,1f],start_interpolation: 0,interpolation_duration: 1}
$data merge entity $(left_foot) {transformation: [-0.9461f,-0.0423f,-0.3852f,-0.1081f,-0.1266f,0.9942f,0.2018f,-3.4017f,0.3662f,0.2345f,-0.9253f,-4.6761f,0f,0f,0f,1f],start_interpolation: 0,interpolation_duration: 1}
$data merge entity $(left_knee) {transformation: [-2.9394f,0.208f,-0.7541f,0.2333f,-0.198f,2.6389f,1.4997f,0.3177f,0.7568f,1.4983f,-2.5366f,-2.7279f,0f,0f,0f,1f],start_interpolation: 0,interpolation_duration: 1}
$data merge entity $(left_leg) {transformation: [-1.6602f,0.0225f,-0.4413f,0.2133f,-0.1118f,1.6385f,0.5044f,2.9231f,0.4274f,0.5161f,-1.5819f,-1.8369f,0f,0f,0f,1f],start_interpolation: 0,interpolation_duration: 1}
$data merge entity $(right_cheek) {transformation: [-0.9982f,0.0365f,-0.0483f,-0.9422f,0.0229f,0.9661f,0.257f,4.1269f,0.056f,0.2554f,-0.9652f,-1.9665f,0f,0f,0f,1f],start_interpolation: 0,interpolation_duration: 1}
$data merge entity $(right_foot) {transformation: [-0.999f,0.0384f,0.214f,-1.5865f,0.0285f,1.0207f,-0.0502f,-3.6783f,-0.2155f,-0.0431f,-0.9985f,-0.1537f,0f,0f,0f,1f],start_interpolation: 0,interpolation_duration: 1}
$data merge entity $(right_knee) {transformation: [-3.0164f,0.1143f,0.3751f,-1.4995f,0.0975f,3.0369f,-0.1414f,0.5218f,-0.3798f,-0.1282f,-3.0152f,-0.4654f,0f,0f,0f,1f],start_interpolation: 0,interpolation_duration: 1}
$data merge entity $(right_leg) {transformation: [-1.7036f,0.1551f,0.1581f,-1.1848f,0.0551f,1.4845f,-0.8629f,2.9231f,-0.2145f,-0.8506f,-1.4771f,-1.7759f,0f,0f,0f,1f],start_interpolation: 0,interpolation_duration: 1}
$data merge entity $(weist) {transformation: [-1.6208f,0.0213f,-0.0675f,-0.469f,0f,1.5473f,0.4878f,4.5328f,0.0708f,0.4874f,-1.5458f,-1.4225f,0f,0f,0f,1f],start_interpolation: 0,interpolation_duration: 1}
data modify storage animated_java:temp entry.data merge value {"locators":{"consume":{"px":2.5742047001,"py":4.059406627,"pz":0.9724771445,"ry":65.2818457092,"rx":-78.9856115268}}}
# Data Manager: Prepare for Read / Write
execute store result storage animated_java:temp args.id int 1 run scoreboard players get @s aj.id
# Data Manager: Write
function animated_java:global/data_manager/write with storage animated_java:temp args