# This file was generated by Animated Java via MC-Build. It is not recommended to edit this file directly.
$data merge entity $(neck) {transformation: [-0.9658f,0.1971f,-0.1685f,-0.1766f,0.0767f,0.838f,0.5403f,6.1497f,0.2477f,0.5089f,-0.8244f,-0.1496f,0f,0f,0f,1f],start_interpolation: 0,interpolation_duration: 1}
$data merge entity $(right_thumb_2) {transformation: [0.3884f,-0.7102f,-0.5872f,2.0161f,0.3192f,0.7015f,-0.6373f,4.0776f,0.8645f,0.0601f,0.4991f,0.5577f,0f,0f,0f,1f],start_interpolation: 0,interpolation_duration: 1}
$data merge entity $(right_thumb) {transformation: [0.3884f,-0.8768f,0.2834f,1.7876f,0.3192f,-0.1606f,-0.934f,4.0865f,0.8645f,0.4532f,0.2175f,0.8286f,0f,0f,0f,1f],start_interpolation: 0,interpolation_duration: 1}
$data merge entity $(right_fingers2) {transformation: [0.1095f,0.9761f,0.1877f,2.4135f,0.1358f,0.1724f,-0.9756f,4.1478f,-0.9847f,0.1323f,-0.1137f,0.6269f,0f,0f,0f,1f],start_interpolation: 0,interpolation_duration: 1}
$data merge entity $(right_fingers) {transformation: [0.9628f,-0.1942f,0.1877f,2.3867f,0.1599f,-0.1503f,-0.9756f,4.1023f,0.2176f,0.9694f,-0.1137f,0.9085f,0f,0f,0f,1f],start_interpolation: 0,interpolation_duration: 1}
$data merge entity $(scout) {transformation: [0f,0f,0f,2.3518f,0f,0f,0f,4.008f,0f,0f,0f,0.7222f,0f,0f,0f,1f],start_interpolation: 0,interpolation_duration: 1}
$data merge entity $(right_hand) {transformation: [0.0617f,-0.9803f,0.1877f,1.7926f,-0.1038f,-0.1933f,-0.9756f,3.941f,0.9927f,0.0407f,-0.1137f,0.9234f,0f,0f,0f,1f],start_interpolation: 0,interpolation_duration: 1}
$data merge entity $(right_forearm) {transformation: [0.2038f,-1.3619f,0.0305f,-0.2657f,0.4321f,0.0354f,-1.3073f,3.9287f,1.2918f,0.203f,0.4325f,1.1912f,0f,0f,0f,1f],start_interpolation: 0,interpolation_duration: 1}
$data merge entity $(right_shoulder) {transformation: [1.1659f,-0.2294f,-0.859f,-0.7528f,0.4328f,1.3839f,0.2178f,5.5217f,0.7767f,-0.4267f,1.1681f,0.4768f,0f,0f,0f,1f],start_interpolation: 0,interpolation_duration: 1}
$data merge entity $(right_arm) {transformation: [-0.5519f,0.1971f,-0.8103f,-0.3913f,-0.3342f,0.838f,0.4314f,5.9565f,0.764f,0.5089f,-0.3967f,0.19f,0f,0f,0f,1f],start_interpolation: 0,interpolation_duration: 1}
$data merge entity $(left_thumb_2) {transformation: [-0.9642f,-0.245f,0.1014f,1.797f,0.2074f,-0.4582f,0.8643f,7.5394f,-0.1653f,0.8544f,0.4926f,-4.4016f,0f,0f,0f,1f],start_interpolation: 0,interpolation_duration: 1}
$data merge entity $(left_thumb) {transformation: [-0.9642f,-0.1521f,0.2172f,1.888f,0.2074f,0.078f,0.9752f,7.52f,-0.1653f,0.9853f,-0.0437f,-4.0595f,0f,0f,0f,1f],start_interpolation: 0,interpolation_duration: 1}
$data merge entity $(left_fingers2) {transformation: [0.9688f,0.1913f,0.1574f,1.9211f,-0.1519f,-0.0434f,0.9874f,7.5875f,0.1957f,-0.9806f,-0.013f,-4.7269f,0f,0f,0f,1f],start_interpolation: 0,interpolation_duration: 1}
$data merge entity $(left_fingers) {transformation: [-0.5475f,0.8219f,0.1574f,2.1719f,0.0982f,-0.1237f,0.9874f,7.5567f,0.831f,0.5561f,-0.013f,-4.592f,0f,0f,0f,1f],start_interpolation: 0,interpolation_duration: 1}
$data merge entity $(left_hand) {transformation: [-0.9485f,-0.275f,0.1574f,2.0052f,0.1475f,0.0565f,0.9874f,7.6358f,-0.2804f,0.9598f,-0.013f,-4.0045f,0f,0f,0f,1f],start_interpolation: 0,interpolation_duration: 1}
$data merge entity $(left_forearm) {transformation: [-1.0336f,-0.6022f,-0.6828f,1.0306f,-0.7014f,-0.132f,1.178f,7.4508f,-0.5804f,1.2317f,-0.2076f,-2.1812f,0f,0f,0f,1f],start_interpolation: 0,interpolation_duration: 1}
$data merge entity $(left_shoulder) {transformation: [-1.2445f,-0.3638f,-0.6846f,0.3582f,-0.3117f,-0.9507f,1.0718f,6.1943f,-0.7098f,1.0553f,0.7296f,-1.0611f,0f,0f,0f,1f],start_interpolation: 0,interpolation_duration: 1}
$data merge entity $(left_arm) {transformation: [-0.5519f,0.1971f,-0.8103f,0.0972f,-0.3342f,0.838f,0.4314f,6.2523f,0.764f,0.5089f,-0.3967f,-0.4862f,0f,0f,0f,1f],start_interpolation: 0,interpolation_duration: 1}
$data merge entity $(chest) {transformation: [-0.7057f,0.252f,-1.0359f,-0.531f,-0.4272f,1.0714f,0.5516f,4.606f,0.9768f,0.6506f,-0.5071f,-1.0809f,0f,0f,0f,1f],start_interpolation: 0,interpolation_duration: 1}
$data merge entity $(left_cheek) {transformation: [-0.9965f,-0.0775f,-0.0315f,-0.1387f,-0.0833f,0.9537f,0.2888f,4.1576f,0.0077f,0.2904f,-0.9569f,-2.0045f,0f,0f,0f,1f],start_interpolation: 0,interpolation_duration: 1}
$data merge entity $(left_foot) {transformation: [-0.9461f,-0.0423f,-0.3852f,-0.1701f,-0.1266f,0.9942f,0.2018f,-3.4092f,0.3662f,0.2345f,-0.9253f,-4.6936f,0f,0f,0f,1f],start_interpolation: 0,interpolation_duration: 1}
$data merge entity $(left_knee) {transformation: [-2.9394f,0.208f,-0.7541f,0.1713f,-0.198f,2.6389f,1.4997f,0.3102f,0.7568f,1.4983f,-2.5366f,-2.7454f,0f,0f,0f,1f],start_interpolation: 0,interpolation_duration: 1}
$data merge entity $(left_leg) {transformation: [-1.6602f,0.0225f,-0.4413f,0.1513f,-0.1118f,1.6385f,0.5044f,2.9156f,0.4274f,0.5161f,-1.5819f,-1.8544f,0f,0f,0f,1f],start_interpolation: 0,interpolation_duration: 1}
$data merge entity $(right_cheek) {transformation: [-0.9982f,0.0361f,-0.0485f,-1.0053f,0.0223f,0.9657f,0.2588f,4.1224f,0.0562f,0.2572f,-0.9647f,-1.9726f,0f,0f,0f,1f],start_interpolation: 0,interpolation_duration: 1}
$data merge entity $(right_foot) {transformation: [-0.999f,0.0384f,0.214f,-1.6485f,0.0285f,1.0207f,-0.0502f,-3.6858f,-0.2155f,-0.0431f,-0.9985f,-0.1712f,0f,0f,0f,1f],start_interpolation: 0,interpolation_duration: 1}
$data merge entity $(right_knee) {transformation: [-3.0164f,0.1143f,0.3751f,-1.5615f,0.0975f,3.0369f,-0.1414f,0.5143f,-0.3798f,-0.1282f,-3.0152f,-0.4829f,0f,0f,0f,1f],start_interpolation: 0,interpolation_duration: 1}
$data merge entity $(right_leg) {transformation: [-1.7036f,0.1551f,0.1581f,-1.2468f,0.0551f,1.4845f,-0.8629f,2.9156f,-0.2145f,-0.8506f,-1.4771f,-1.7934f,0f,0f,0f,1f],start_interpolation: 0,interpolation_duration: 1}
$data merge entity $(weist) {transformation: [-1.6208f,0.0213f,-0.0675f,-0.531f,0f,1.5473f,0.4878f,4.5253f,0.0708f,0.4874f,-1.5458f,-1.44f,0f,0f,0f,1f],start_interpolation: 0,interpolation_duration: 1}
data modify storage animated_java:temp entry.data merge value {"locators":{"consume":{"px":2.4962353481,"py":4.0812644584,"pz":0.6708289411,"ry":58.7912813537,"rx":-77.3240017135}}}
# Data Manager: Prepare for Read / Write
execute store result storage animated_java:temp args.id int 1 run scoreboard players get @s aj.id
# Data Manager: Write
function animated_java:global/data_manager/write with storage animated_java:temp args