# This file was generated by Animated Java via MC-Build. It is not recommended to edit this file directly.
$data merge entity $(neck) {transformation: [-0.9631f,0.2075f,-0.1714f,-0.2134f,0.0812f,0.8313f,0.5499f,6.1235f,0.2566f,0.5157f,-0.8175f,-0.1511f,0f,0f,0f,1f],start_interpolation: 0,interpolation_duration: 1}
$data merge entity $(right_thumb_2) {transformation: [0.5817f,-0.7032f,-0.4089f,1.8868f,0.3371f,0.6659f,-0.6656f,4.0984f,0.7403f,0.2493f,0.6244f,0.4812f,0f,0f,0f,1f],start_interpolation: 0,interpolation_duration: 1}
$data merge entity $(right_thumb) {transformation: [0.5817f,-0.7227f,0.3734f,1.7353f,0.3371f,-0.2036f,-0.9192f,4.0958f,0.7403f,0.6605f,0.1252f,0.8017f,0f,0f,0f,1f],start_interpolation: 0,interpolation_duration: 1}
$data merge entity $(right_fingers2) {transformation: [-0.1532f,0.9682f,0.1979f,2.2849f,0.1418f,0.2198f,-0.9652f,4.1878f,-0.978f,-0.1198f,-0.1709f,0.4473f,0f,0f,0f,1f],start_interpolation: 0,interpolation_duration: 1}
$data merge entity $(right_fingers) {transformation: [0.9778f,0.0683f,0.1979f,2.3334f,0.2066f,-0.1604f,-0.9652f,4.1408f,-0.0341f,0.9847f,-0.1709f,0.7257f,0f,0f,0f,1f],start_interpolation: 0,interpolation_duration: 1}
$data merge entity $(scout) {transformation: [0f,0f,0f,2.2564f,0f,0f,0f,4.0451f,0f,0f,0f,0.5534f,0f,0f,0f,1f],start_interpolation: 0,interpolation_duration: 1}
$data merge entity $(right_hand) {transformation: [0.319f,-0.9268f,0.1979f,1.7713f,-0.1014f,-0.2411f,-0.9652f,3.9506f,0.9423f,0.2878f,-0.1709f,0.8902f,0f,0f,0f,1f],start_interpolation: 0,interpolation_duration: 1}
$data merge entity $(right_forearm) {transformation: [0.2111f,-1.3601f,0.0526f,-0.2838f,0.434f,0.0168f,-1.3071f,3.9103f,1.29f,0.2169f,0.4311f,1.179f,0f,0f,0f,1f],start_interpolation: 0,interpolation_duration: 1}
$data merge entity $(right_shoulder) {transformation: [1.168f,-0.2505f,-0.8502f,-0.7973f,0.4467f,1.3812f,0.2067f,5.4975f,0.7655f,-0.4237f,1.1766f,0.4703f,0f,0f,0f,1f],start_interpolation: 0,interpolation_duration: 1}
$data merge entity $(right_arm) {transformation: [-0.5559f,0.2075f,-0.8049f,-0.4305f,-0.3336f,0.8313f,0.4446f,5.9302f,0.7614f,0.5157f,-0.3929f,0.187f,0f,0f,0f,1f],start_interpolation: 0,interpolation_duration: 1}
$data merge entity $(left_thumb_2) {transformation: [-0.9587f,-0.2634f,0.1073f,1.8259f,0.2163f,-0.4304f,0.8764f,7.3989f,-0.1847f,0.8634f,0.4696f,-4.4184f,0f,0f,0f,1f],start_interpolation: 0,interpolation_duration: 1}
$data merge entity $(left_thumb) {transformation: [-0.9587f,-0.1645f,0.232f,1.9118f,0.2163f,0.1079f,0.9703f,7.3878f,-0.1847f,0.9805f,-0.0678f,-4.0746f,0f,0f,0f,1f],start_interpolation: 0,interpolation_duration: 1}
$data merge entity $(left_fingers2) {transformation: [0.9637f,0.2041f,0.172f,1.9552f,-0.16f,-0.0738f,0.9843f,7.436f,0.2136f,-0.9762f,-0.0384f,-4.7431f,0f,0f,0f,1f],start_interpolation: 0,interpolation_duration: 1}
$data merge entity $(left_fingers) {transformation: [-0.5574f,0.8122f,0.172f,2.2036f,0.1294f,-0.1196f,0.9843f,7.4055f,0.8201f,0.5709f,-0.0384f,-4.6038f,0f,0f,0f,1f],start_interpolation: 0,interpolation_duration: 1}
$data merge entity $(left_hand) {transformation: [-0.9423f,-0.2873f,0.172f,2.03f,0.153f,0.0874f,0.9843f,7.5035f,-0.2979f,0.9538f,-0.0384f,-4.0212f,0f,0f,0f,1f],start_interpolation: 0,interpolation_duration: 1}
$data merge entity $(left_forearm) {transformation: [-1.0356f,-0.6209f,-0.6626f,1.0277f,-0.7027f,-0.0887f,1.1813f,7.3837f,-0.5752f,1.2263f,-0.2501f,-2.2075f,0f,0f,0f,1f],start_interpolation: 0,interpolation_duration: 1}
$data merge entity $(left_shoulder) {transformation: [-1.239f,-0.3921f,-0.6789f,0.3217f,-0.3139f,-0.9153f,1.1016f,6.169f,-0.7184f,1.0762f,0.6896f,-1.0623f,0f,0f,0f,1f],start_interpolation: 0,interpolation_duration: 1}
$data merge entity $(left_arm) {transformation: [-0.5559f,0.2075f,-0.8049f,0.0615f,-0.3336f,0.8313f,0.4446f,6.2255f,0.7614f,0.5157f,-0.3929f,-0.4869f,0f,0f,0f,1f],start_interpolation: 0,interpolation_duration: 1}
$data merge entity $(chest) {transformation: [-0.7107f,0.2652f,-1.0291f,-0.587f,-0.4265f,1.0628f,0.5685f,4.592f,0.9734f,0.6593f,-0.5023f,-1.0949f,0f,0f,0f,1f],start_interpolation: 0,interpolation_duration: 1}
$data merge entity $(left_cheek) {transformation: [-0.9965f,-0.0768f,-0.0326f,-0.1947f,-0.0829f,0.9538f,0.2887f,4.1477f,0.0089f,0.2904f,-0.9569f,-2.0151f,0f,0f,0f,1f],start_interpolation: 0,interpolation_duration: 1}
$data merge entity $(left_foot) {transformation: [-0.9461f,-0.0423f,-0.3852f,-0.2261f,-0.1266f,0.9942f,0.2018f,-3.4192f,0.3662f,0.2345f,-0.9253f,-4.7036f,0f,0f,0f,1f],start_interpolation: 0,interpolation_duration: 1}
$data merge entity $(left_knee) {transformation: [-2.9394f,0.208f,-0.7541f,0.1153f,-0.198f,2.6389f,1.4997f,0.3002f,0.7568f,1.4983f,-2.5366f,-2.7554f,0f,0f,0f,1f],start_interpolation: 0,interpolation_duration: 1}
$data merge entity $(left_leg) {transformation: [-1.6602f,0.0225f,-0.4413f,0.0953f,-0.1118f,1.6385f,0.5044f,2.9056f,0.4274f,0.5161f,-1.5819f,-1.8644f,0f,0f,0f,1f],start_interpolation: 0,interpolation_duration: 1}
$data merge entity $(right_cheek) {transformation: [-0.9982f,0.0358f,-0.0487f,-1.0623f,0.022f,0.9655f,0.2595f,4.1156f,0.0563f,0.258f,-0.9645f,-1.9712f,0f,0f,0f,1f],start_interpolation: 0,interpolation_duration: 1}
$data merge entity $(right_foot) {transformation: [-0.999f,0.0384f,0.214f,-1.7045f,0.0285f,1.0207f,-0.0502f,-3.6958f,-0.2155f,-0.0431f,-0.9985f,-0.1812f,0f,0f,0f,1f],start_interpolation: 0,interpolation_duration: 1}
$data merge entity $(right_knee) {transformation: [-3.0164f,0.1143f,0.3751f,-1.6175f,0.0975f,3.0369f,-0.1414f,0.5043f,-0.3798f,-0.1282f,-3.0152f,-0.4929f,0f,0f,0f,1f],start_interpolation: 0,interpolation_duration: 1}
$data merge entity $(right_leg) {transformation: [-1.7036f,0.1551f,0.1581f,-1.3028f,0.0551f,1.4845f,-0.8629f,2.9056f,-0.2145f,-0.8506f,-1.4771f,-1.8034f,0f,0f,0f,1f],start_interpolation: 0,interpolation_duration: 1}
$data merge entity $(weist) {transformation: [-1.6208f,0.0213f,-0.0675f,-0.587f,0f,1.5473f,0.4878f,4.5153f,0.0708f,0.4874f,-1.5458f,-1.45f,0f,0f,0f,1f],start_interpolation: 0,interpolation_duration: 1}
data modify storage animated_java:temp entry.data merge value {"locators":{"consume":{"px":2.3792409363,"py":4.1253687879,"pz":0.4676815798,"ry":49.1883863736,"rx":-74.838945805}}}
# Data Manager: Prepare for Read / Write
execute store result storage animated_java:temp args.id int 1 run scoreboard players get @s aj.id
# Data Manager: Write
function animated_java:global/data_manager/write with storage animated_java:temp args