# This file was generated by Animated Java via MC-Build. It is not recommended to edit this file directly.
$data merge entity $(neck) {transformation: [-0.9609f,0.2154f,-0.1739f,-0.2368f,0.0845f,0.8263f,0.5569f,6.1075f,0.2637f,0.5204f,-0.8122f,-0.1544f,0f,0f,0f,1f],start_interpolation: 0,interpolation_duration: 1}
$data merge entity $(right_thumb_2) {transformation: [0.6998f,-0.6602f,-0.2728f,1.788f,0.3371f,0.6419f,-0.6887f,4.1067f,0.6298f,0.39f,0.6717f,0.4239f,0f,0f,0f,1f],start_interpolation: 0,interpolation_duration: 1}
$data merge entity $(right_thumb) {transformation: [0.6998f,-0.5848f,0.4102f,1.6978f,0.3371f,-0.236f,-0.9114f,4.0936f,0.6298f,0.7761f,0.032f,0.7665f,0f,0f,0f,1f],start_interpolation: 0,interpolation_duration: 1}
$data merge entity $(right_fingers2) {transformation: [-0.3328f,0.9247f,0.1846f,2.1711f,0.1577f,0.2476f,-0.956f,4.2073f,-0.9297f,-0.289f,-0.2282f,0.3201f,0f,0f,0f,1f],start_interpolation: 0,interpolation_duration: 1}
$data merge entity $(right_fingers) {transformation: [0.9502f,0.2509f,0.1846f,2.2707f,0.2329f,-0.1786f,-0.956f,4.1559f,-0.2069f,0.9514f,-0.2282f,0.5837f,0f,0f,0f,1f],start_interpolation: 0,interpolation_duration: 1}
$data merge entity $(scout) {transformation: [0f,0f,0f,2.1656f,0f,0f,0f,4.0617f,0f,0f,0f,0.426f,0f,0f,0f,1f],start_interpolation: 0,interpolation_duration: 1}
$data merge entity $(right_hand) {transformation: [0.4883f,-0.8529f,0.1846f,1.7526f,-0.1123f,-0.2712f,-0.956f,3.9476f,0.8654f,0.4461f,-0.2282f,0.8433f,0f,0f,0f,1f],start_interpolation: 0,interpolation_duration: 1}
$data merge entity $(right_forearm) {transformation: [0.2284f,-1.3567f,0.0668f,-0.2976f,0.4323f,0.0084f,-1.3077f,3.8947f,1.2877f,0.2378f,0.4272f,1.1634f,0f,0f,0f,1f],start_interpolation: 0,interpolation_duration: 1}
$data merge entity $(right_shoulder) {transformation: [1.1778f,-0.259f,-0.834f,-0.8239f,0.4476f,1.3814f,0.2032f,5.4822f,0.7498f,-0.4178f,1.1887f,0.4646f,0f,0f,0f,1f],start_interpolation: 0,interpolation_duration: 1}
$data merge entity $(right_arm) {transformation: [-0.5565f,0.2154f,-0.8024f,-0.4545f,-0.334f,0.8263f,0.4535f,5.9138f,0.7608f,0.5204f,-0.3879f,0.183f,0f,0f,0f,1f],start_interpolation: 0,interpolation_duration: 1}
$data merge entity $(left_thumb_2) {transformation: [-0.9551f,-0.2732f,0.1149f,1.8332f,0.2244f,-0.4132f,0.8825f,7.3123f,-0.1936f,0.8687f,0.456f,-4.4336f,0f,0f,0f,1f],start_interpolation: 0,interpolation_duration: 1}
$data merge entity $(left_thumb) {transformation: [-0.9551f,-0.1687f,0.2437f,1.9171f,0.2244f,0.1257f,0.9664f,7.3059f,-0.1936f,0.9776f,-0.0822f,-4.0893f,0f,0f,0f,1f],start_interpolation: 0,interpolation_duration: 1}
$data merge entity $(left_fingers2) {transformation: [0.9606f,0.2086f,0.1837f,1.9647f,-0.1677f,-0.0919f,0.9815f,7.3427f,0.2217f,-0.9737f,-0.0533f,-4.7582f,0f,0f,0f,1f],start_interpolation: 0,interpolation_duration: 1}
$data merge entity $(left_fingers) {transformation: [-0.5603f,0.8076f,0.1837f,2.212f,0.1491f,-0.1198f,0.9815f,7.3116f,0.8147f,0.5774f,-0.0533f,-4.617f,0f,0f,0f,1f],start_interpolation: 0,interpolation_duration: 1}
$data merge entity $(left_hand) {transformation: [-0.9388f,-0.2915f,0.1837f,2.0363f,0.1591f,0.1062f,0.9815f,7.421f,-0.3057f,0.9506f,-0.0533f,-4.037f,0f,0f,0f,1f],start_interpolation: 0,interpolation_duration: 1}
$data merge entity $(left_forearm) {transformation: [-1.0406f,-0.6287f,-0.6474f,1.0227f,-0.6999f,-0.0616f,1.1847f,7.3423f,-0.5697f,1.224f,-0.2729f,-2.2274f,0f,0f,0f,1f],start_interpolation: 0,interpolation_duration: 1}
$data merge entity $(left_shoulder) {transformation: [-1.2387f,-0.4087f,-0.6697f,0.2963f,-0.3111f,-0.8932f,1.1204f,6.1546f,-0.7203f,1.0886f,0.6678f,-1.0668f,0f,0f,0f,1f],start_interpolation: 0,interpolation_duration: 1}
$data merge entity $(left_arm) {transformation: [-0.5565f,0.2154f,-0.8024f,0.0381f,-0.334f,0.8263f,0.4535f,6.2094f,0.7608f,0.5204f,-0.3879f,-0.4903f,0f,0f,0f,1f],start_interpolation: 0,interpolation_duration: 1}
$data merge entity $(chest) {transformation: [-0.7115f,0.2754f,-1.026f,-0.625f,-0.4271f,1.0565f,0.5798f,4.585f,0.9727f,0.6653f,-0.4959f,-1.1069f,0f,0f,0f,1f],start_interpolation: 0,interpolation_duration: 1}
$data merge entity $(left_cheek) {transformation: [-0.9965f,-0.076f,-0.0335f,-0.2328f,-0.0825f,0.9539f,0.2884f,4.1427f,0.0101f,0.2902f,-0.9569f,-2.0261f,0f,0f,0f,1f],start_interpolation: 0,interpolation_duration: 1}
$data merge entity $(left_foot) {transformation: [-0.9461f,-0.0423f,-0.3852f,-0.2641f,-0.1266f,0.9942f,0.2018f,-3.4242f,0.3662f,0.2345f,-0.9253f,-4.7136f,0f,0f,0f,1f],start_interpolation: 0,interpolation_duration: 1}
$data merge entity $(left_knee) {transformation: [-2.9394f,0.208f,-0.7541f,0.0773f,-0.198f,2.6389f,1.4997f,0.2952f,0.7568f,1.4983f,-2.5366f,-2.7654f,0f,0f,0f,1f],start_interpolation: 0,interpolation_duration: 1}
$data merge entity $(left_leg) {transformation: [-1.6602f,0.0225f,-0.4413f,0.0573f,-0.1118f,1.6385f,0.5044f,2.9006f,0.4274f,0.5161f,-1.5819f,-1.8744f,0f,0f,0f,1f],start_interpolation: 0,interpolation_duration: 1}
$data merge entity $(right_cheek) {transformation: [-0.9982f,0.0359f,-0.0487f,-1.1011f,0.0221f,0.9657f,0.2588f,4.113f,0.0563f,0.2573f,-0.9647f,-1.9716f,0f,0f,0f,1f],start_interpolation: 0,interpolation_duration: 1}
$data merge entity $(right_foot) {transformation: [-0.999f,0.0384f,0.214f,-1.7425f,0.0285f,1.0207f,-0.0502f,-3.7008f,-0.2155f,-0.0431f,-0.9985f,-0.1912f,0f,0f,0f,1f],start_interpolation: 0,interpolation_duration: 1}
$data merge entity $(right_knee) {transformation: [-3.0164f,0.1143f,0.3751f,-1.6555f,0.0975f,3.0369f,-0.1414f,0.4993f,-0.3798f,-0.1282f,-3.0152f,-0.5029f,0f,0f,0f,1f],start_interpolation: 0,interpolation_duration: 1}
$data merge entity $(right_leg) {transformation: [-1.7036f,0.1551f,0.1581f,-1.3408f,0.0551f,1.4845f,-0.8629f,2.9006f,-0.2145f,-0.8506f,-1.4771f,-1.8134f,0f,0f,0f,1f],start_interpolation: 0,interpolation_duration: 1}
$data merge entity $(weist) {transformation: [-1.6208f,0.0213f,-0.0675f,-0.625f,0f,1.5473f,0.4878f,4.5103f,0.0708f,0.4874f,-1.5458f,-1.46f,0f,0f,0f,1f],start_interpolation: 0,interpolation_duration: 1}
data modify storage animated_java:temp entry.data merge value {"locators":{"consume":{"px":2.2688468607,"py":4.146938507,"pz":0.3213398461,"ry":38.9756313088,"rx":-72.9311197939}}}
# Data Manager: Prepare for Read / Write
execute store result storage animated_java:temp args.id int 1 run scoreboard players get @s aj.id
# Data Manager: Write
function animated_java:global/data_manager/write with storage animated_java:temp args