# This file was generated by Animated Java via MC-Build. It is not recommended to edit this file directly.
$data merge entity $(neck) {transformation: [-0.9574f,0.2287f,-0.1762f,-0.2347f,0.094f,0.824f,0.5588f,6.1057f,0.273f,0.5184f,-0.8104f,-0.1682f,0f,0f,0f,1f],start_interpolation: 0,interpolation_duration: 1}
$data merge entity $(right_thumb_2) {transformation: [0.7673f,-0.606f,-0.2098f,1.7422f,0.3239f,0.6486f,-0.6888f,4.0706f,0.5535f,0.4605f,0.6939f,0.3075f,0f,0f,0f,1f],start_interpolation: 0,interpolation_duration: 1}
$data merge entity $(right_thumb) {transformation: [0.7673f,-0.4961f,0.4064f,1.6906f,0.3239f,-0.2472f,-0.9132f,4.052f,0.5535f,0.8323f,-0.0289f,0.6577f,0f,0f,0f,1f],start_interpolation: 0,interpolation_duration: 1}
$data merge entity $(right_fingers2) {transformation: [-0.4478f,0.8817f,0.1487f,2.1069f,0.1755f,0.2497f,-0.9523f,4.1707f,-0.8767f,-0.4003f,-0.2666f,0.1633f,0f,0f,0f,1f],start_interpolation: 0,interpolation_duration: 1}
$data merge entity $(right_fingers) {transformation: [0.9174f,0.3693f,0.1487f,2.2391f,0.2335f,-0.1966f,-0.9523f,4.1143f,-0.3224f,0.9083f,-0.2666f,0.4111f,0f,0f,0f,1f],start_interpolation: 0,interpolation_duration: 1}
$data merge entity $(scout) {transformation: [0f,0f,0f,2.1261f,0f,0f,0f,3.9674f,0f,0f,0f,0.2402f,0f,0f,0f,1f],start_interpolation: 0,interpolation_duration: 1}
$data merge entity $(right_hand) {transformation: [0.5841f,-0.7979f,0.1487f,1.7526f,-0.1329f,-0.2748f,-0.9523f,3.9041f,0.8007f,0.5365f,-0.2666f,0.7248f,0f,0f,0f,1f],start_interpolation: 0,interpolation_duration: 1}
$data merge entity $(right_forearm) {transformation: [0.2878f,-1.3454f,0.0647f,-0.2831f,0.425f,0.0279f,-1.3099f,3.8808f,1.2782f,0.2936f,0.421f,1.1292f,0f,0f,0f,1f],start_interpolation: 0,interpolation_duration: 1}
$data merge entity $(right_shoulder) {transformation: [1.219f,-0.2523f,-0.7747f,-0.8115f,0.4228f,1.3876f,0.2135f,5.4805f,0.6964f,-0.4009f,1.2264f,0.4606f,0f,0f,0f,1f],start_interpolation: 0,interpolation_duration: 1}
$data merge entity $(right_arm) {transformation: [-0.5423f,0.2287f,-0.8085f,-0.4463f,-0.3344f,0.824f,0.4574f,5.9117f,0.7707f,0.5184f,-0.3704f,0.173f,0f,0f,0f,1f],start_interpolation: 0,interpolation_duration: 1}
$data merge entity $(left_thumb_2) {transformation: [-0.9547f,-0.2679f,0.1295f,1.7909f,0.2396f,-0.4343f,0.8683f,7.3574f,-0.1764f,0.86f,0.4788f,-4.4611f,0f,0f,0f,1f],start_interpolation: 0,interpolation_duration: 1}
$data merge entity $(left_thumb) {transformation: [-0.9547f,-0.1564f,0.2532f,1.8785f,0.2396f,0.1003f,0.9657f,7.3405f,-0.1764f,0.9826f,-0.0582f,-4.118f,0f,0f,0f,1f],start_interpolation: 0,interpolation_duration: 1}
$data merge entity $(left_fingers2) {transformation: [0.964f,0.1823f,0.1938f,1.9185f,-0.1838f,-0.0707f,0.9804f,7.3912f,0.1924f,-0.9807f,-0.0347f,-4.7851f,0f,0f,0f,1f],start_interpolation: 0,interpolation_duration: 1}
$data merge entity $(left_fingers) {transformation: [-0.5453f,0.8155f,0.1938f,2.1677f,0.137f,-0.1414f,0.9804f,7.3542f,0.827f,0.5612f,-0.0347f,-4.6487f,0f,0f,0f,1f],start_interpolation: 0,interpolation_duration: 1}
$data merge entity $(left_hand) {transformation: [-0.9402f,-0.28f,0.1938f,1.9996f,0.1756f,0.0892f,0.9804f,7.4532f,-0.2918f,0.9558f,-0.0347f,-4.0647f,0f,0f,0f,1f],start_interpolation: 0,interpolation_duration: 1}
$data merge entity $(left_forearm) {transformation: [-1.056f,-0.6145f,-0.6358f,1.0071f,-0.6747f,-0.0803f,1.1981f,7.3478f,-0.5716f,1.2301f,-0.2394f,-2.2447f,0f,0f,0f,1f],start_interpolation: 0,interpolation_duration: 1}
$data merge entity $(left_shoulder) {transformation: [-1.253f,-0.4061f,-0.6442f,0.2802f,-0.2831f,-0.903f,1.12f,6.1538f,-0.7069f,1.0815f,0.6932f,-1.0909f,0f,0f,0f,1f],start_interpolation: 0,interpolation_duration: 1}
$data merge entity $(left_arm) {transformation: [-0.5423f,0.2287f,-0.8085f,0.0337f,-0.3344f,0.824f,0.4574f,6.2077f,0.7707f,0.5184f,-0.3704f,-0.5092f,0f,0f,0f,1f],start_interpolation: 0,interpolation_duration: 1}
$data merge entity $(chest) {transformation: [-0.6934f,0.2924f,-1.0336f,-0.6472f,-0.4276f,1.0535f,0.5848f,4.5874f,0.9854f,0.6628f,-0.4735f,-1.1172f,0f,0f,0f,1f],start_interpolation: 0,interpolation_duration: 1}
$data merge entity $(left_cheek) {transformation: [-0.9965f,-0.0765f,-0.0324f,-0.2551f,-0.0826f,0.9536f,0.2894f,4.152f,0.0088f,0.2911f,-0.9567f,-2.0479f,0f,0f,0f,1f],start_interpolation: 0,interpolation_duration: 1}
$data merge entity $(left_foot) {transformation: [-0.9469f,-0.0442f,-0.383f,-0.2787f,-0.1282f,0.9939f,0.2023f,-3.4038f,0.3636f,0.2354f,-0.9261f,-4.7581f,0f,0f,0f,1f],start_interpolation: 0,interpolation_duration: 1}
$data merge entity $(left_knee) {transformation: [-2.941f,0.2054f,-0.7485f,0.0594f,-0.201f,2.6315f,1.5122f,0.3059f,0.7497f,1.5116f,-2.5308f,-2.7911f,0f,0f,0f,1f],start_interpolation: 0,interpolation_duration: 1}
$data merge entity $(left_leg) {transformation: [-1.6611f,0.0203f,-0.4379f,0.0356f,-0.1135f,1.6377f,0.5065f,2.91f,0.4234f,0.5186f,-1.5821f,-1.8962f,0f,0f,0f,1f],start_interpolation: 0,interpolation_duration: 1}
$data merge entity $(right_cheek) {transformation: [-0.9982f,0.0372f,-0.0464f,-1.1212f,0.0244f,0.9677f,0.251f,4.1222f,0.0542f,0.2494f,-0.9669f,-1.9963f,0f,0f,0f,1f],start_interpolation: 0,interpolation_duration: 1}
$data merge entity $(right_foot) {transformation: [-0.9986f,0.0393f,0.2158f,-1.7743f,0.0293f,1.0207f,-0.0503f,-3.6836f,-0.2174f,-0.043f,-0.9981f,-0.2036f,0f,0f,0f,1f],start_interpolation: 0,interpolation_duration: 1}
$data merge entity $(right_knee) {transformation: [-3.0155f,0.117f,0.3808f,-1.6833f,0.1f,3.0368f,-0.1416f,0.5164f,-0.3856f,-0.1279f,-3.0145f,-0.515f,0f,0f,0f,1f],start_interpolation: 0,interpolation_duration: 1}
$data merge entity $(right_leg) {transformation: [-1.7032f,0.1588f,0.1594f,-1.3626f,0.0565f,1.4796f,-0.8712f,2.91f,-0.2178f,-0.8585f,-1.4721f,-1.8381f,0f,0f,0f,1f],start_interpolation: 0,interpolation_duration: 1}
$data merge entity $(weist) {transformation: [-1.6209f,0.0206f,-0.0642f,-0.6472f,0f,1.5449f,0.4954f,4.5177f,0.0674f,0.495f,-1.5435f,-1.4754f,0f,0f,0f,1f],start_interpolation: 0,interpolation_duration: 1}
data modify storage animated_java:temp entry.data merge value {"locators":{"consume":{"px":2.2067827057,"py":4.1106768792,"pz":0.1506063524,"ry":29.1514295754,"rx":-72.2278414907}}}
# Data Manager: Prepare for Read / Write
execute store result storage animated_java:temp args.id int 1 run scoreboard players get @s aj.id
# Data Manager: Write
function animated_java:global/data_manager/write with storage animated_java:temp args