# This file was generated by Animated Java via MC-Build. It is not recommended to edit this file directly.
$data merge entity $(neck) {transformation: [-0.9528f,0.2467f,-0.1771f,-0.2161f,0.1102f,0.8243f,0.5554f,6.1112f,0.283f,0.5096f,-0.8125f,-0.1899f,0f,0f,0f,1f],start_interpolation: 0,interpolation_duration: 1}
$data merge entity $(right_thumb_2) {transformation: [0.8042f,-0.5609f,-0.1967f,1.7352f,0.3098f,0.678f,-0.6666f,4.0082f,0.5072f,0.4751f,0.719f,0.1662f,0f,0f,0f,1f],start_interpolation: 0,interpolation_duration: 1}
$data merge entity $(right_thumb) {transformation: [0.8042f,-0.449f,0.3894f,1.7044f,0.3098f,-0.2425f,-0.9194f,3.9891f,0.5072f,0.86f,-0.0559f,0.5189f,0f,0f,0f,1f],start_interpolation: 0,interpolation_duration: 1}
$data merge entity $(right_fingers2) {transformation: [-0.5245f,0.8445f,0.1082f,2.0821f,0.1881f,0.2388f,-0.9527f,4.1017f,-0.8304f,-0.4793f,-0.2841f,0.0013f,0f,0f,0f,1f],start_interpolation: 0,interpolation_duration: 1}
$data merge entity $(right_fingers) {transformation: [0.887f,0.4489f,0.1082f,2.2359f,0.2215f,-0.2082f,-0.9527f,4.0417f,-0.4051f,0.869f,-0.2841f,0.2354f,0f,0f,0f,1f],start_interpolation: 0,interpolation_duration: 1}
$data merge entity $(scout) {transformation: [0f,0f,0f,2.123f,0f,0f,0f,3.7858f,0f,0f,0f,0.0202f,0f,0f,0f,1f],start_interpolation: 0,interpolation_duration: 1}
$data merge entity $(right_hand) {transformation: [0.6348f,-0.7651f,0.1082f,1.7676f,-0.1538f,-0.2623f,-0.9527f,3.8392f,0.7572f,0.5881f,-0.2841f,0.5803f,0f,0f,0f,1f],start_interpolation: 0,interpolation_duration: 1}
$data merge entity $(right_forearm) {transformation: [0.3647f,-1.3273f,0.0497f,-0.2446f,0.418f,0.0658f,-1.3107f,3.8733f,1.2607f,0.3622f,0.4202f,1.0885f,0f,0f,0f,1f],start_interpolation: 0,interpolation_duration: 1}
$data merge entity $(right_shoulder) {transformation: [1.2712f,-0.242f,-0.6894f,-0.7737f,0.3895f,1.3949f,0.2287f,5.4881f,0.6181f,-0.3814f,1.2737f,0.458f,0f,0f,0f,1f],start_interpolation: 0,interpolation_duration: 1}
$data merge entity $(right_arm) {transformation: [-0.518f,0.2467f,-0.819f,-0.417f,-0.3323f,0.8243f,0.4585f,5.9182f,0.7882f,0.5096f,-0.345f,0.1582f,0f,0f,0f,1f],start_interpolation: 0,interpolation_duration: 1}
$data merge entity $(left_thumb_2) {transformation: [-0.955f,-0.2577f,0.1467f,1.7307f,0.2589f,-0.4834f,0.8362f,7.4896f,-0.1446f,0.8366f,0.5284f,-4.4867f,0f,0f,0f,1f],start_interpolation: 0,interpolation_duration: 1}
$data merge entity $(left_thumb) {transformation: [-0.955f,-0.1385f,0.2622f,1.8241f,0.2589f,0.0416f,0.965f,7.451f,-0.1446f,0.9895f,-0.0039f,-4.1469f,0f,0f,0f,1f],start_interpolation: 0,interpolation_duration: 1}
$data merge entity $(left_fingers2) {transformation: [0.9697f,0.1354f,0.2036f,1.852f,-0.2028f,-0.0192f,0.979f,7.5334f,0.1365f,-0.9906f,0.0089f,-4.8085f,0f,0f,0f,1f],start_interpolation: 0,interpolation_duration: 1}
$data merge entity $(left_fingers) {transformation: [-0.5207f,0.8291f,0.2036f,2.1045f,0.1006f,-0.1772f,0.979f,7.4873f,0.8478f,0.5302f,0.0089f,-4.6812f,0f,0f,0f,1f],start_interpolation: 0,interpolation_duration: 1}
$data merge entity $(left_hand) {transformation: [-0.943f,-0.2631f,0.2036f,1.9472f,0.1985f,0.046f,0.979f,7.5598f,-0.2669f,0.9637f,0.0089f,-4.0903f,0f,0f,0f,1f],start_interpolation: 0,interpolation_duration: 1}
$data merge entity $(left_forearm) {transformation: [-1.0759f,-0.5916f,-0.6241f,0.9887f,-0.6327f,-0.1325f,1.2163f,7.3783f,-0.5824f,1.2368f,-0.1683f,-2.2581f,0f,0f,0f,1f],start_interpolation: 0,interpolation_duration: 1}
$data merge entity $(left_shoulder) {transformation: [-1.2739f,-0.3958f,-0.6086f,0.269f,-0.2383f,-0.9332f,1.1056f,6.157f,-0.6858f,1.0594f,0.7464f,-1.1287f,0f,0f,0f,1f],start_interpolation: 0,interpolation_duration: 1}
$data merge entity $(left_arm) {transformation: [-0.518f,0.2467f,-0.819f,0.0414f,-0.3323f,0.8243f,0.4585f,6.2123f,0.7882f,0.5096f,-0.345f,-0.5395f,0f,0f,0f,1f],start_interpolation: 0,interpolation_duration: 1}
$data merge entity $(chest) {transformation: [-0.6623f,0.3154f,-1.0472f,-0.6617f,-0.4248f,1.0539f,0.5861f,4.5924f,1.0078f,0.6516f,-0.4411f,-1.1229f,0f,0f,0f,1f],start_interpolation: 0,interpolation_duration: 1}
$data merge entity $(left_cheek) {transformation: [-0.9965f,-0.0782f,-0.0291f,-0.2696f,-0.0833f,0.9529f,0.2917f,4.1708f,0.005f,0.2931f,-0.9561f,-2.0757f,0f,0f,0f,1f],start_interpolation: 0,interpolation_duration: 1}
$data merge entity $(left_foot) {transformation: [-0.9484f,-0.048f,-0.3787f,-0.2775f,-0.1314f,0.9933f,0.2031f,-3.3627f,0.3584f,0.2371f,-0.9277f,-4.8319f,0f,0f,0f,1f],start_interpolation: 0,interpolation_duration: 1}
$data merge entity $(left_knee) {transformation: [-2.9442f,0.2001f,-0.7373f,0.0537f,-0.2072f,2.6166f,1.5372f,0.3275f,0.7354f,1.5381f,-2.5191f,-2.8273f,0f,0f,0f,1f],start_interpolation: 0,interpolation_duration: 1}
$data merge entity $(left_leg) {transformation: [-1.6629f,0.0157f,-0.4312f,0.0223f,-0.117f,1.6361f,0.5106f,2.9289f,0.4153f,0.5236f,-1.5826f,-1.9247f,0f,0f,0f,1f],start_interpolation: 0,interpolation_duration: 1}
$data merge entity $(right_cheek) {transformation: [-0.9983f,0.04f,-0.0419f,-1.1302f,0.0291f,0.9714f,0.2356f,4.1372f,0.0502f,0.234f,-0.9709f,-2.0423f,0f,0f,0f,1f],start_interpolation: 0,interpolation_duration: 1}
$data merge entity $(right_foot) {transformation: [-0.9977f,0.0412f,0.2196f,-1.808f,0.031f,1.0206f,-0.0506f,-3.6489f,-0.2213f,-0.0427f,-0.9972f,-0.2136f,0f,0f,0f,1f],start_interpolation: 0,interpolation_duration: 1}
$data merge entity $(right_knee) {transformation: [-3.0139f,0.1225f,0.3922f,-1.7088f,0.105f,3.0366f,-0.142f,0.551f,-0.3973f,-0.1272f,-3.013f,-0.5243f,0f,0f,0f,1f],start_interpolation: 0,interpolation_duration: 1}
$data merge entity $(right_leg) {transformation: [-1.7022f,0.1664f,0.1618f,-1.3762f,0.0593f,1.4696f,-0.8878f,2.9289f,-0.2244f,-0.8741f,-1.4618f,-1.8725f,0f,0f,0f,1f],start_interpolation: 0,interpolation_duration: 1}
$data merge entity $(weist) {transformation: [-1.6212f,0.0191f,-0.0575f,-0.6617f,0f,1.5399f,0.5105f,4.5327f,0.0606f,0.5101f,-1.5389f,-1.4911f,0f,0f,0f,1f],start_interpolation: 0,interpolation_duration: 1}
data modify storage animated_java:temp entry.data merge value {"locators":{"consume":{"px":2.1856203752,"py":4.0413092157,"pz":-0.022276758,"ry":20.8431481298,"rx":-72.3009795456}}}
# Data Manager: Prepare for Read / Write
execute store result storage animated_java:temp args.id int 1 run scoreboard players get @s aj.id
# Data Manager: Write
function animated_java:global/data_manager/write with storage animated_java:temp args