# This file was generated by Animated Java via MC-Build. It is not recommended to edit this file directly.
$data merge entity $(neck) {transformation: [-0.9498f,0.258f,-0.1768f,-0.1989f,0.1219f,0.8259f,0.5506f,6.1179f,0.288f,0.5014f,-0.8159f,-0.2053f,0f,0f,0f,1f],start_interpolation: 0,interpolation_duration: 1}
$data merge entity $(right_thumb_2) {transformation: [0.8103f,-0.545f,-0.2152f,1.7481f,0.3036f,0.7046f,-0.6414f,3.9622f,0.5012f,0.4544f,0.7364f,0.0827f,0f,0f,0f,1f],start_interpolation: 0,interpolation_duration: 1}
$data merge entity $(right_thumb) {transformation: [0.8103f,-0.4483f,0.3774f,1.7187f,0.3036f,-0.2297f,-0.9247f,3.9464f,0.5012f,0.8639f,-0.05f,0.4357f,0f,0f,0f,1f],start_interpolation: 0,interpolation_duration: 1}
$data merge entity $(right_fingers2) {transformation: [-0.546f,0.8332f,0.0879f,2.0881f,0.1902f,0.2255f,-0.9555f,4.0491f,-0.8159f,-0.505f,-0.2816f,-0.0837f,0f,0f,0f,1f],start_interpolation: 0,interpolation_duration: 1}
$data merge entity $(right_fingers) {transformation: [0.8776f,0.4713f,0.0879f,2.2478f,0.208f,-0.2091f,-0.9555f,3.9884f,-0.4319f,0.8568f,-0.2816f,0.1462f,0f,0f,0f,1f],start_interpolation: 0,interpolation_duration: 1}
$data merge entity $(scout) {transformation: [0f,0f,0f,2.1373f,0f,0f,0f,3.6487f,0f,0f,0f,-0.1051f,0f,0f,0f,1f],start_interpolation: 0,interpolation_duration: 1}
$data merge entity $(right_hand) {transformation: [0.6403f,-0.7631f,0.0879f,1.7798f,-0.1623f,-0.2463f,-0.9555f,3.7957f,0.7508f,0.5975f,-0.2816f,0.497f,0f,0f,0f,1f],start_interpolation: 0,interpolation_duration: 1}
$data merge entity $(right_forearm) {transformation: [0.4112f,-1.3141f,0.0353f,-0.215f,0.4149f,0.0947f,-1.31f,3.8733f,1.2474f,0.4017f,0.4241f,1.0655f,0f,0f,0f,1f],start_interpolation: 0,interpolation_duration: 1}
$data merge entity $(right_shoulder) {transformation: [1.3013f,-0.2341f,-0.6338f,-0.7423f,0.3681f,1.399f,0.2392f,5.497f,0.5665f,-0.3714f,1.3004f,0.4566f,0f,0f,0f,1f],start_interpolation: 0,interpolation_duration: 1}
$data merge entity $(right_arm) {transformation: [-0.5007f,0.258f,-0.8263f,-0.3921f,-0.3295f,0.8259f,0.4576f,5.926f,0.8004f,0.5014f,-0.3285f,0.1477f,0f,0f,0f,1f],start_interpolation: 0,interpolation_duration: 1}
$data merge entity $(left_thumb_2) {transformation: [-0.9551f,-0.251f,0.1574f,1.6934f,0.2703f,-0.5207f,0.8098f,7.597f,-0.1213f,0.816f,0.5652f,-4.4953f,0f,0f,0f,1f],start_interpolation: 0,interpolation_duration: 1}
$data merge entity $(left_thumb) {transformation: [-0.9551f,-0.1271f,0.2676f,1.7903f,0.2703f,-0.0041f,0.9628f,7.542f,-0.1213f,0.9919f,0.0383f,-4.1587f,0f,0f,0f,1f],start_interpolation: 0,interpolation_duration: 1}
$data merge entity $(left_fingers2) {transformation: [0.9725f,0.102f,0.2092f,1.8105f,-0.2124f,0.0217f,0.9769f,7.6489f,0.0951f,-0.9946f,0.0427f,-4.815f,0f,0f,0f,1f],start_interpolation: 0,interpolation_duration: 1}
$data merge entity $(left_fingers) {transformation: [-0.5037f,0.8382f,0.2092f,2.065f,0.0702f,-0.2016f,0.9769f,7.5966f,0.861f,0.5068f,0.0427f,-4.6945f,0f,0f,0f,1f],start_interpolation: 0,interpolation_duration: 1}
$data merge entity $(left_hand) {transformation: [-0.9448f,-0.2522f,0.2092f,1.9147f,0.2132f,0.0117f,0.9769f,7.648f,-0.2488f,0.9676f,0.0427f,-4.0996f,0f,0f,0f,1f],start_interpolation: 0,interpolation_duration: 1}
$data merge entity $(left_forearm) {transformation: [-1.0884f,-0.5763f,-0.6167f,0.979f,-0.6024f,-0.1745f,1.2263f,7.4047f,-0.5913f,1.2387f,-0.1142f,-2.2628f,0f,0f,0f,1f],start_interpolation: 0,interpolation_duration: 1}
$data merge entity $(left_shoulder) {transformation: [-1.2874f,-0.3877f,-0.5849f,0.2657f,-0.2073f,-0.9576f,1.0908f,6.1604f,-0.6704f,1.0405f,0.786f,-1.1547f,0f,0f,0f,1f],start_interpolation: 0,interpolation_duration: 1}
$data merge entity $(left_arm) {transformation: [-0.5007f,0.258f,-0.8263f,0.0511f,-0.3295f,0.8259f,0.4576f,6.2177f,0.8004f,0.5014f,-0.3285f,-0.5608f,0f,0f,0f,1f],start_interpolation: 0,interpolation_duration: 1}
$data merge entity $(chest) {transformation: [-0.6402f,0.3299f,-1.0564f,-0.6651f,-0.4213f,1.0559f,0.585f,4.5962f,1.0234f,0.6411f,-0.42f,-1.1235f,0f,0f,0f,1f],start_interpolation: 0,interpolation_duration: 1}
$data merge entity $(left_cheek) {transformation: [-0.9965f,-0.0792f,-0.0267f,-0.273f,-0.0836f,0.9524f,0.2931f,4.1848f,0.0022f,0.2943f,-0.9557f,-2.0935f,0f,0f,0f,1f],start_interpolation: 0,interpolation_duration: 1}
$data merge entity $(left_foot) {transformation: [-0.9496f,-0.0508f,-0.3754f,-0.2688f,-0.1337f,0.9929f,0.2038f,-3.3314f,0.3544f,0.2384f,-0.9289f,-4.8833f,0f,0f,0f,1f],start_interpolation: 0,interpolation_duration: 1}
$data merge entity $(left_knee) {transformation: [-2.9466f,0.1959f,-0.729f,0.0571f,-0.2117f,2.6052f,1.5558f,0.3439f,0.7246f,1.5579f,-2.51f,-2.8507f,0f,0f,0f,1f],start_interpolation: 0,interpolation_duration: 1}
$data merge entity $(left_leg) {transformation: [-1.6642f,0.0122f,-0.4262f,0.0199f,-0.1196f,1.635f,0.5138f,2.9432f,0.4092f,0.5274f,-1.583f,-1.9423f,0f,0f,0f,1f],start_interpolation: 0,interpolation_duration: 1}
$data merge entity $(right_cheek) {transformation: [-0.9983f,0.0429f,-0.0383f,-1.1282f,0.0334f,0.9749f,0.2202f,4.1449f,0.0468f,0.2185f,-0.9747f,-2.0796f,0f,0f,0f,1f],start_interpolation: 0,interpolation_duration: 1}
$data merge entity $(right_foot) {transformation: [-0.997f,0.0426f,0.2224f,-1.8256f,0.0322f,1.0206f,-0.0508f,-3.6226f,-0.2242f,-0.0426f,-0.9966f,-0.2175f,0f,0f,0f,1f],start_interpolation: 0,interpolation_duration: 1}
$data merge entity $(right_knee) {transformation: [-3.0126f,0.1266f,0.4007f,-1.7205f,0.1087f,3.0365f,-0.1423f,0.5772f,-0.406f,-0.1266f,-3.0119f,-0.5277f,0f,0f,0f,1f],start_interpolation: 0,interpolation_duration: 1}
$data merge entity $(right_leg) {transformation: [-1.7015f,0.1721f,0.1635f,-1.3787f,0.0614f,1.4619f,-0.9002f,2.9432f,-0.2293f,-0.8857f,-1.4541f,-1.8945f,0f,0f,0f,1f],start_interpolation: 0,interpolation_duration: 1}
$data merge entity $(weist) {transformation: [-1.6214f,0.0178f,-0.0525f,-0.6651f,0f,1.5362f,0.5218f,4.544f,0.0555f,0.5214f,-1.5353f,-1.4991f,0f,0f,0f,1f],start_interpolation: 0,interpolation_duration: 1}
data modify storage animated_java:temp entry.data merge value {"locators":{"consume":{"px":2.1947361932,"py":3.9879737321,"pz":-0.110907614,"ry":17.3438121055,"rx":-72.844629637}}}
# Data Manager: Prepare for Read / Write
execute store result storage animated_java:temp args.id int 1 run scoreboard players get @s aj.id
# Data Manager: Write
function animated_java:global/data_manager/write with storage animated_java:temp args