# This file was generated by Animated Java via MC-Build. It is not recommended to edit this file directly.
$data merge entity $(neck) {transformation: [-0.9518f,0.2514f,-0.1759f,-0.1999f,0.1167f,0.8268f,0.5503f,6.1184f,0.2837f,0.5032f,-0.8163f,-0.1969f,0f,0f,0f,1f],start_interpolation: 0,interpolation_duration: 1}
$data merge entity $(right_thumb_2) {transformation: [0.7808f,-0.5737f,-0.2473f,1.7781f,0.3125f,0.7014f,-0.6406f,3.9806f,0.5409f,0.4229f,0.727f,0.135f,0f,0f,0f,1f],start_interpolation: 0,interpolation_duration: 1}
$data merge entity $(right_thumb) {transformation: [0.7808f,-0.4932f,0.3834f,1.7298f,0.3125f,-0.2231f,-0.9233f,3.9681f,0.5409f,0.8408f,-0.0201f,0.486f,0f,0f,0f,1f],start_interpolation: 0,interpolation_duration: 1}
$data merge entity $(right_fingers2) {transformation: [-0.4951f,0.862f,0.1092f,2.1287f,0.1786f,0.2239f,-0.9581f,4.0677f,-0.8503f,-0.4548f,-0.2648f,-0.014f,0f,0f,0f,1f],start_interpolation: 0,interpolation_duration: 1}
$data merge entity $(right_fingers) {transformation: [0.9018f,0.4181f,0.1092f,2.2741f,0.2075f,-0.1974f,-0.9581f,4.0102f,-0.379f,0.8867f,-0.2648f,0.2261f,0f,0f,0f,1f],start_interpolation: 0,interpolation_duration: 1}
$data merge entity $(scout) {transformation: [0f,0f,0f,2.1759f,0f,0f,0f,3.6954f,0f,0f,0f,-0.0147f,0f,0f,0f,1f],start_interpolation: 0,interpolation_duration: 1}
$data merge entity $(right_hand) {transformation: [0.5981f,-0.794f,0.1092f,1.7883f,-0.1494f,-0.2443f,-0.9581f,3.8186f,0.7874f,0.5567f,-0.2648f,0.5524f,0f,0f,0f,1f],start_interpolation: 0,interpolation_duration: 1}
$data merge entity $(right_forearm) {transformation: [0.3834f,-1.3224f,0.0383f,-0.2177f,0.4191f,0.0836f,-1.3094f,3.8793f,1.2548f,0.3761f,0.4256f,1.0821f,0f,0f,0f,1f],start_interpolation: 0,interpolation_duration: 1}
$data merge entity $(right_shoulder) {transformation: [1.2848f,-0.2405f,-0.6642f,-0.7485f,0.3822f,1.3961f,0.2338f,5.4969f,0.5941f,-0.378f,1.2861f,0.4601f,0f,0f,0f,1f],start_interpolation: 0,interpolation_duration: 1}
$data merge entity $(right_arm) {transformation: [-0.5079f,0.2514f,-0.8239f,-0.3963f,-0.3299f,0.8268f,0.4556f,5.9264f,0.7957f,0.5032f,-0.337f,0.1543f,0f,0f,0f,1f],start_interpolation: 0,interpolation_duration: 1}
$data merge entity $(left_thumb_2) {transformation: [-0.9561f,-0.2523f,0.1492f,1.7124f,0.2627f,-0.5117f,0.818f,7.5782f,-0.1301f,0.8213f,0.5555f,-4.4823f,0f,0f,0f,1f],start_interpolation: 0,interpolation_duration: 1}
$data merge entity $(left_thumb) {transformation: [-0.9561f,-0.1327f,0.2614f,1.8078f,0.2627f,0.0079f,0.9648f,7.5282f,-0.1301f,0.9911f,0.0273f,-4.1445f,0f,0f,0f,1f],start_interpolation: 0,interpolation_duration: 1}
$data merge entity $(left_fingers2) {transformation: [0.9725f,0.1148f,0.2029f,1.8313f,-0.2055f,0.0111f,0.9786f,7.6289f,0.1101f,-0.9933f,0.0344f,-4.8023f,0f,0f,0f,1f],start_interpolation: 0,interpolation_duration: 1}
$data merge entity $(left_fingers) {transformation: [-0.5112f,0.8352f,0.2029f,2.0852f,0.0759f,-0.1913f,0.9786f,7.5794f,0.8561f,0.5157f,0.0344f,-4.6793f,0f,0f,0f,1f],start_interpolation: 0,interpolation_duration: 1}
$data merge entity $(left_hand) {transformation: [-0.9447f,-0.2576f,0.2029f,1.9312f,0.2048f,0.0194f,0.9786f,7.6356f,-0.256f,0.9661f,0.0344f,-4.0857f,0f,0f,0f,1f],start_interpolation: 0,interpolation_duration: 1}
$data merge entity $(left_forearm) {transformation: [-1.0805f,-0.5829f,-0.6245f,0.9857f,-0.6158f,-0.1664f,1.2207f,7.4039f,-0.592f,1.2368f,-0.1301f,-2.2524f,0f,0f,0f,1f],start_interpolation: 0,interpolation_duration: 1}
$data merge entity $(left_shoulder) {transformation: [-1.2808f,-0.3879f,-0.5991f,0.2739f,-0.2215f,-0.954f,1.0912f,6.161f,-0.6785f,1.0437f,0.7747f,-1.1417f,0f,0f,0f,1f],start_interpolation: 0,interpolation_duration: 1}
$data merge entity $(left_arm) {transformation: [-0.5079f,0.2514f,-0.8239f,0.0533f,-0.3299f,0.8268f,0.4556f,6.2184f,0.7957f,0.5032f,-0.337f,-0.55f,0f,0f,0f,1f],start_interpolation: 0,interpolation_duration: 1}
$data merge entity $(chest) {transformation: [-0.6494f,0.3214f,-1.0534f,-0.654f,-0.4218f,1.0571f,0.5825f,4.5949f,1.0174f,0.6434f,-0.4309f,-1.1183f,0f,0f,0f,1f],start_interpolation: 0,interpolation_duration: 1}
$data merge entity $(left_cheek) {transformation: [-0.9966f,-0.0776f,-0.0281f,-0.2625f,-0.0824f,0.953f,0.2915f,4.1796f,0.0042f,0.2928f,-0.9562f,-2.0857f,0f,0f,0f,1f],start_interpolation: 0,interpolation_duration: 1}
$data merge entity $(left_foot) {transformation: [-0.9492f,-0.0499f,-0.3765f,-0.2617f,-0.1329f,0.993f,0.2036f,-3.3419f,0.3557f,0.238f,-0.9285f,-4.8612f,0f,0f,0f,1f],start_interpolation: 0,interpolation_duration: 1}
$data merge entity $(left_knee) {transformation: [-2.9458f,0.1973f,-0.7318f,0.0659f,-0.2102f,2.609f,1.5496f,0.3384f,0.7282f,1.5513f,-2.5131f,-2.8379f,0f,0f,0f,1f],start_interpolation: 0,interpolation_duration: 1}
$data merge entity $(left_leg) {transformation: [-1.6638f,0.0134f,-0.4279f,0.0307f,-0.1187f,1.6354f,0.5127f,2.9384f,0.4113f,0.5261f,-1.5829f,-1.9315f,0f,0f,0f,1f],start_interpolation: 0,interpolation_duration: 1}
$data merge entity $(right_cheek) {transformation: [-0.9983f,0.0439f,-0.0386f,-1.1159f,0.0347f,0.9766f,0.2121f,4.1321f,0.047f,0.2104f,-0.9765f,-2.0791f,0f,0f,0f,1f],start_interpolation: 0,interpolation_duration: 1}
$data merge entity $(right_foot) {transformation: [-0.9972f,0.0421f,0.2215f,-1.8097f,0.0318f,1.0206f,-0.0508f,-3.6314f,-0.2232f,-0.0426f,-0.9968f,-0.2112f,0f,0f,0f,1f],start_interpolation: 0,interpolation_duration: 1}
$data merge entity $(right_knee) {transformation: [-3.013f,0.1253f,0.3979f,-1.7066f,0.1075f,3.0365f,-0.1422f,0.5684f,-0.4031f,-0.1268f,-3.0122f,-0.5215f,0f,0f,0f,1f],start_interpolation: 0,interpolation_duration: 1}
$data merge entity $(right_leg) {transformation: [-1.7017f,0.1702f,0.1629f,-1.3679f,0.0607f,1.4645f,-0.8961f,2.9384f,-0.2276f,-0.8819f,-1.4567f,-1.8821f,0f,0f,0f,1f],start_interpolation: 0,interpolation_duration: 1}
$data merge entity $(weist) {transformation: [-1.6213f,0.0183f,-0.0542f,-0.654f,0f,1.5374f,0.518f,4.5402f,0.0572f,0.5177f,-1.5365f,-1.4914f,0f,0f,0f,1f],start_interpolation: 0,interpolation_duration: 1}
data modify storage animated_java:temp entry.data merge value {"locators":{"consume":{"px":2.2354891897,"py":4.006513932,"pz":-0.0335520808,"ry":22.4096102925,"rx":-73.3567944272}}}
# Data Manager: Prepare for Read / Write
execute store result storage animated_java:temp args.id int 1 run scoreboard players get @s aj.id
# Data Manager: Write
function animated_java:global/data_manager/write with storage animated_java:temp args