# This file was generated by Animated Java via MC-Build. It is not recommended to edit this file directly.
$data merge entity $(neck) {transformation: [-0.9686f,0.1806f,-0.1711f,-0.2564f,0.0552f,0.8268f,0.5598f,6.0753f,0.2426f,0.5327f,-0.8108f,-0.1082f,0f,0f,0f,1f],start_interpolation: 0,interpolation_duration: 1}
$data merge entity $(right_thumb_2) {transformation: [0.6195f,-0.7329f,-0.2812f,1.7562f,0.3541f,0.5806f,-0.7331f,4.2009f,0.7006f,0.3546f,0.6192f,0.737f,0f,0f,0f,1f],start_interpolation: 0,interpolation_duration: 1}
$data merge entity $(right_thumb) {transformation: [0.6195f,-0.6596f,0.4256f,1.6299f,0.3541f,-0.249f,-0.9014f,4.186f,0.7006f,0.7092f,0.0793f,1.0679f,0f,0f,0f,1f],start_interpolation: 0,interpolation_duration: 1}
$data merge entity $(right_fingers2) {transformation: [-0.1703f,0.9546f,0.2443f,2.1652f,0.1467f,0.2698f,-0.9517f,4.3145f,-0.9744f,-0.1262f,-0.186f,0.6802f,0f,0f,0f,1f],start_interpolation: 0,interpolation_duration: 1}
$data merge entity $(right_fingers) {transformation: [0.9658f,0.0865f,0.2443f,2.2188f,0.256f,-0.1697f,-0.9517f,4.2664f,-0.0408f,0.9817f,-0.186f,0.9574f,0f,0f,0f,1f],start_interpolation: 0,interpolation_duration: 1}
$data merge entity $(scout) {transformation: [0f,0f,0f,2.0648f,0f,0f,0f,4.3933f,0f,0f,0f,0.8659f,0f,0f,0f,1f],start_interpolation: 0,interpolation_duration: 1}
$data merge entity $(right_hand) {transformation: [0.3788f,-0.8926f,0.2443f,1.6795f,-0.0829f,-0.2957f,-0.9517f,4.0431f,0.9217f,0.3403f,-0.186f,1.1536f,0f,0f,0f,1f],start_interpolation: 0,interpolation_duration: 1}
$data merge entity $(right_forearm) {transformation: [0.0689f,-1.3731f,0.0842f,-0.3881f,0.4428f,-0.0577f,-1.303f,3.8904f,1.3024f,0.0923f,0.4386f,1.2543f,0f,0f,0f,1f],start_interpolation: 0,interpolation_duration: 1}
$data merge entity $(right_shoulder) {transformation: [1.0495f,-0.257f,-0.9911f,-0.8811f,0.5017f,1.3663f,0.177f,5.4494f,0.8925f,-0.4658f,1.0659f,0.4722f,0f,0f,0f,1f],start_interpolation: 0,interpolation_duration: 1}
$data merge entity $(right_arm) {transformation: [-0.6036f,0.1806f,-0.7765f,-0.495f,-0.3345f,0.8268f,0.4523f,5.8814f,0.7237f,0.5327f,-0.4387f,0.2147f,0f,0f,0f,1f],start_interpolation: 0,interpolation_duration: 1}
$data merge entity $(left_thumb_2) {transformation: [-0.9488f,-0.3021f,0.0919f,1.9827f,0.1868f,-0.3023f,0.9347f,6.992f,-0.2546f,0.9041f,0.3432f,-4.3544f,0f,0f,0f,1f],start_interpolation: 0,interpolation_duration: 1}
$data merge entity $(left_thumb) {transformation: [-0.9488f,-0.2055f,0.2398f,2.0539f,0.1868f,0.2473f,0.9508f,7.0305f,-0.2546f,0.9469f,-0.1963f,-4.0093f,0f,0f,0f,1f],start_interpolation: 0,interpolation_duration: 1}
$data merge entity $(left_fingers2) {transformation: [0.9369f,0.3016f,0.1766f,2.1279f,-0.1205f,-0.1954f,0.9733f,6.9985f,0.3281f,-0.9332f,-0.1467f,-4.6818f,0f,0f,0f,1f],start_interpolation: 0,interpolation_duration: 1}
$data merge entity $(left_fingers) {transformation: [-0.6074f,0.7745f,0.1766f,2.3671f,0.225f,-0.0454f,0.9733f,6.9863f,0.7619f,0.6309f,-0.1467f,-4.5245f,0f,0f,0f,1f],start_interpolation: 0,interpolation_duration: 1}
$data merge entity $(left_hand) {transformation: [-0.9288f,-0.3257f,0.1766f,2.1702f,0.1154f,0.1984f,0.9733f,7.1518f,-0.3521f,0.9244f,-0.1467f,-3.965f,0f,0f,0f,1f],start_interpolation: 0,interpolation_duration: 1}
$data merge entity $(left_forearm) {transformation: [-1.0061f,-0.6765f,-0.6536f,1.0858f,-0.7745f,0.0528f,1.1377f,7.2405f,-0.5338f,1.1986f,-0.419f,-2.1974f,0f,0f,0f,1f],start_interpolation: 0,interpolation_duration: 1}
$data merge entity $(left_shoulder) {transformation: [-1.1957f,-0.4381f,-0.7268f,0.334f,-0.3972f,-0.8208f,1.1482f,6.1227f,-0.7499f,1.1332f,0.5507f,-0.9846f,0f,0f,0f,1f],start_interpolation: 0,interpolation_duration: 1}
$data merge entity $(left_arm) {transformation: [-0.6036f,0.1806f,-0.7765f,0.0393f,-0.3345f,0.8268f,0.4523f,6.1774f,0.7237f,0.5327f,-0.4387f,-0.4259f,0f,0f,0f,1f],start_interpolation: 0,interpolation_duration: 1}
$data merge entity $(chest) {transformation: [-0.7718f,0.2308f,-0.9928f,-0.5808f,-0.4277f,1.0571f,0.5782f,4.5519f,0.9253f,0.6811f,-0.5609f,-1.0829f,0f,0f,0f,1f],start_interpolation: 0,interpolation_duration: 1}
$data merge entity $(left_cheek) {transformation: [-0.997f,-0.0637f,-0.0447f,-0.1927f,-0.0736f,0.9584f,0.2759f,4.0786f,0.0252f,0.2783f,-0.9602f,-1.9794f,0f,0f,0f,1f],start_interpolation: 0,interpolation_duration: 1}
$data merge entity $(left_foot) {transformation: [-0.9429f,-0.0348f,-0.3937f,-0.2492f,-0.1202f,0.9954f,0.2001f,-3.5275f,0.3765f,0.2308f,-0.922f,-4.5523f,0f,0f,0f,1f],start_interpolation: 0,interpolation_duration: 1}
$data merge entity $(left_knee) {transformation: [-2.9328f,0.2179f,-0.7768f,0.1047f,-0.1857f,2.6678f,1.4492f,0.2295f,0.7852f,1.4447f,-2.559f,-2.68f,0f,0f,0f,1f],start_interpolation: 0,interpolation_duration: 1}
$data merge entity $(left_leg) {transformation: [-1.6564f,0.0315f,-0.4546f,0.0997f,-0.1049f,1.6415f,0.496f,2.8403f,0.4435f,0.5059f,-1.5807f,-1.8047f,0f,0f,0f,1f],start_interpolation: 0,interpolation_duration: 1}
$data merge entity $(right_cheek) {transformation: [-0.9978f,0.0421f,-0.0519f,-1.0534f,0.0305f,0.9781f,0.2061f,4.0131f,0.0594f,0.204f,-0.9772f,-1.9467f,0f,0f,0f,1f],start_interpolation: 0,interpolation_duration: 1}
$data merge entity $(right_foot) {transformation: [-1.0007f,0.0347f,0.2063f,-1.6597f,0.0252f,1.0209f,-0.0497f,-3.7914f,-0.2077f,-0.0435f,-1.0001f,-0.1596f,0f,0f,0f,1f],start_interpolation: 0,interpolation_duration: 1}
$data merge entity $(right_knee) {transformation: [-3.0195f,0.1033f,0.3521f,-1.589f,0.0875f,3.0372f,-0.1406f,0.4089f,-0.3563f,-0.1295f,-3.018f,-0.4725f,0f,0f,0f,1f],start_interpolation: 0,interpolation_duration: 1}
$data merge entity $(right_leg) {transformation: [-1.7054f,0.1402f,0.1526f,-1.2979f,0.0494f,1.5038f,-0.8292f,2.8403f,-0.2013f,-0.8187f,-1.4969f,-1.7319f,0f,0f,0f,1f],start_interpolation: 0,interpolation_duration: 1}
$data merge entity $(weist) {transformation: [-1.6201f,0.0238f,-0.0809f,-0.5808f,0f,1.5565f,0.4575f,4.4572f,0.0843f,0.4569f,-1.5544f,-1.4161f,0f,0f,0f,1f],start_interpolation: 0,interpolation_duration: 1}
data modify storage animated_java:temp entry.data merge value {"locators":{"consume":{"px":2.2503747303,"py":4.2538321553,"pz":0.6971157961,"ry":52.7171830224,"rx":-72.1159041705}}}
# Data Manager: Prepare for Read / Write
execute store result storage animated_java:temp args.id int 1 run scoreboard players get @s aj.id
# Data Manager: Write
function animated_java:global/data_manager/write with storage animated_java:temp args