# This file was generated by Animated Java via MC-Build. It is not recommended to edit this file directly.
$data merge entity $(neck) {transformation: [-0.9996f,0.0022f,0.0279f,0.0077f,0.0044f,0.9969f,0.0781f,5.9168f,-0.0277f,0.0782f,-0.9966f,0.0135f,0f,0f,0f,1f],start_interpolation: 0,interpolation_duration: 1}
$data merge entity $(right_thumb_2) {transformation: [-0.3125f,0.8683f,0.3853f,-4.2868f,0.361f,0.4838f,-0.7973f,6.1367f,-0.8786f,-0.11f,-0.4646f,0.1375f,0f,0f,0f,1f],start_interpolation: 0,interpolation_duration: 1}
$data merge entity $(right_thumb) {transformation: [-0.3125f,0.7915f,-0.5252f,-4.0711f,0.361f,-0.4125f,-0.8364f,6.0693f,-0.8786f,-0.451f,-0.1569f,-0.1356f,0f,0f,0f,1f],start_interpolation: 0,interpolation_duration: 1}
$data merge entity $(right_fingers2) {transformation: [-0.0445f,-0.8991f,-0.4354f,-4.6532f,0.2156f,0.4169f,-0.883f,6.3056f,0.9755f,-0.1332f,0.1753f,0.0679f,0f,0f,0f,1f],start_interpolation: 0,interpolation_duration: 1}
$data merge entity $(right_fingers) {transformation: [-0.8918f,0.1227f,-0.4354f,-4.6466f,0.3965f,-0.2511f,-0.883f,6.2387f,-0.2177f,-0.9601f,0.1753f,-0.2105f,0f,0f,0f,1f],start_interpolation: 0,interpolation_duration: 1}
$data merge entity $(scout) {transformation: [-2.8012f,-0.5835f,-0.8436f,-4.6331f,0.8866f,-0.1433f,-2.8448f,6.1493f,0.516f,-2.922f,0.3079f,-0.0192f,0f,0f,0f,1f],start_interpolation: 0,interpolation_duration: 1}
$data merge entity $(right_hand) {transformation: [-0.1123f,0.8932f,-0.4354f,-4.1167f,-0.1399f,-0.448f,-0.883f,5.9252f,-0.9838f,-0.0382f,0.1753f,-0.2213f,0f,0f,0f,1f],start_interpolation: 0,interpolation_duration: 1}
$data merge entity $(right_forearm) {transformation: [-0.0325f,1.1142f,-0.809f,-2.4668f,1.0775f,-0.4832f,-0.7089f,5.1268f,-0.8573f,-0.6497f,-0.8603f,-1.1953f,0f,0f,0f,1f],start_interpolation: 0,interpolation_duration: 1}
$data merge entity $(right_shoulder) {transformation: [-0.2911f,1.2243f,0.7525f,-0.9397f,1.241f,0.6013f,-0.4983f,5.6258f,-0.7246f,0.538f,-1.1556f,-0.3562f,0f,0f,0f,1f],start_interpolation: 0,interpolation_duration: 1}
$data merge entity $(right_arm) {transformation: [-0.9202f,0.0022f,0.3915f,-0.4168f,0.0326f,0.9969f,0.0711f,5.8968f,-0.3902f,0.0782f,-0.9174f,-0.1212f,0f,0f,0f,1f],start_interpolation: 0,interpolation_duration: 1}
$data merge entity $(left_thumb_2) {transformation: [-0.2804f,0.0604f,0.958f,0.8874f,-0.929f,0.2339f,-0.2867f,4.6816f,-0.2414f,-0.9704f,-0.0095f,3.7754f,0f,0f,0f,1f],start_interpolation: 0,interpolation_duration: 1}
$data merge entity $(left_thumb) {transformation: [-0.2804f,0.5657f,0.7755f,1.1f,-0.929f,0.0432f,-0.3675f,4.8384f,-0.2414f,-0.8235f,0.5134f,3.539f,0f,0f,0f,1f],start_interpolation: 0,interpolation_duration: 1}
$data merge entity $(left_fingers2) {transformation: [0.326f,-0.5445f,0.7728f,0.7756f,0.9067f,-0.0512f,-0.4186f,4.6916f,0.2675f,0.8372f,0.477f,4.1047f,0f,0f,0f,1f],start_interpolation: 0,interpolation_duration: 1}
$data merge entity $(left_fingers) {transformation: [0.3672f,0.5176f,0.7728f,0.9184f,-0.318f,0.8507f,-0.4186f,4.9399f,-0.8741f,-0.092f,0.477f,4.1067f,0f,0f,0f,1f],start_interpolation: 0,interpolation_duration: 1}
$data merge entity $(left_hand) {transformation: [-0.3894f,0.5011f,0.7728f,1.2584f,-0.9063f,-0.0587f,-0.4186f,4.8808f,-0.1644f,-0.8634f,0.477f,3.5966f,0f,0f,0f,1f],start_interpolation: 0,interpolation_duration: 1}
$data merge entity $(left_forearm) {transformation: [-1.2138f,0.4077f,0.5076f,1.8404f,-0.5737f,-0.1621f,-1.2416f,4.5676f,-0.3078f,-1.3056f,0.3127f,1.629f,0f,0f,0f,1f],start_interpolation: 0,interpolation_duration: 1}
$data merge entity $(left_shoulder) {transformation: [-1.0161f,-0.5695f,0.8905f,0.9126f,-0.983f,0.9632f,-0.5057f,5.5601f,-0.3886f,-0.9475f,-1.0494f,0.4293f,0f,0f,0f,1f],start_interpolation: 0,interpolation_duration: 1}
$data merge entity $(left_arm) {transformation: [-0.9202f,0.0022f,0.3915f,0.3976f,0.0326f,0.9969f,0.0711f,5.8679f,-0.3902f,0.0782f,-0.9174f,0.2241f,0f,0f,0f,1f],start_interpolation: 0,interpolation_duration: 1}
$data merge entity $(chest) {transformation: [-1.1765f,0.0028f,0.5006f,0f,0.0417f,1.2746f,0.0909f,4.0844f,-0.4989f,0.1f,-1.1729f,-0.1215f,0f,0f,0f,1f],start_interpolation: 0,interpolation_duration: 1}
$data merge entity $(left_cheek) {transformation: [-0.9952f,-0.0835f,0.051f,0.436f,-0.0745f,0.9845f,0.159f,3.3182f,-0.0635f,0.1544f,-0.986f,-0.6813f,0f,0f,0f,1f],start_interpolation: 0,interpolation_duration: 1}
$data merge entity $(left_foot) {transformation: [-0.9852f,-0.032f,-0.2714f,0.9928f,-0.0301f,1.0219f,-0.011f,-4.5906f,0.2716f,-0.0026f,-0.9856f,-2.1021f,0f,0f,0f,1f],start_interpolation: 0,interpolation_duration: 1}
$data merge entity $(left_knee) {transformation: [-3.0235f,-0.1102f,-0.3142f,0.9142f,-0.2085f,2.8646f,1.0015f,-0.579f,0.2596f,1.017f,-2.8549f,-0.8187f,0f,0f,0f,1f],start_interpolation: 0,interpolation_duration: 1}
$data merge entity $(left_leg) {transformation: [-1.7076f,-0.0906f,-0.1648f,0.7028f,-0.1178f,1.689f,0.2915f,2.1133f,0.1466f,0.301f,-1.685f,-0.281f,0f,0f,0f,1f],start_interpolation: 0,interpolation_duration: 1}
$data merge entity $(right_cheek) {transformation: [-0.9948f,0.0912f,0.0453f,-0.3843f,0.0912f,0.9958f,-0.0023f,3.2798f,-0.0453f,0.0018f,-0.999f,-0.742f,0f,0f,0f,1f],start_interpolation: 0,interpolation_duration: 1}
$data merge entity $(right_foot) {transformation: [-0.9773f,-0.1298f,0.2706f,-0.9288f,-0.1599f,1.0053f,-0.0951f,-3.5548f,-0.254f,-0.1332f,-0.9813f,2.6987f,0f,0f,0f,1f],start_interpolation: 0,interpolation_duration: 1}
$data merge entity $(right_knee) {transformation: [-2.9926f,-0.1612f,0.52f,-1.2165f,-0.2424f,2.996f,-0.4663f,0.5657f,-0.4874f,-0.5002f,-2.9605f,1.8712f,0f,0f,0f,1f],start_interpolation: 0,interpolation_duration: 1}
$data merge entity $(right_leg) {transformation: [-1.6935f,0.2825f,0.0602f,-0.6951f,0.1064f,0.9426f,-1.4323f,2.1133f,-0.2686f,-1.4082f,-0.9467f,-0.3459f,0f,0f,0f,1f],start_interpolation: 0,interpolation_duration: 1}
$data merge entity $(weist) {transformation: [-1.6206f,-0.0091f,0.0747f,0f,0f,1.6105f,0.1957f,3.7661f,-0.0753f,0.1955f,-1.6088f,-0.2311f,0f,0f,0f,1f],start_interpolation: 0,interpolation_duration: 1}
data modify storage animated_java:temp entry.data merge value {"locators":{"consume":{"px":-4.7517305062,"py":6.2609516729,"pz":0.0289959181,"ry":248.0687985654,"rx":-62.0075702764}}}
# Data Manager: Prepare for Read / Write
execute store result storage animated_java:temp args.id int 1 run scoreboard players get @s aj.id
# Data Manager: Write
function animated_java:global/data_manager/write with storage animated_java:temp args