# This file was generated by Animated Java via MC-Build. It is not recommended to edit this file directly.
$data merge entity $(neck) {transformation: [-0.9849f,0.0799f,-0.1538f,-0.3041f,-0.0167f,0.8395f,0.5431f,5.9958f,0.1726f,0.5375f,-0.8254f,-0.037f,0f,0f,0f,1f],start_interpolation: 0,interpolation_duration: 1}
$data merge entity $(right_thumb_2) {transformation: [0.3156f,-0.9029f,-0.2918f,1.3471f,0.3794f,0.4019f,-0.8333f,4.4442f,0.8697f,0.1523f,0.4695f,1.6864f,0f,0f,0f,1f],start_interpolation: 0,interpolation_duration: 1}
$data merge entity $(right_thumb) {transformation: [0.3156f,-0.8617f,0.3973f,1.1111f,0.3794f,-0.2692f,-0.8852f,4.4263f,0.8697f,0.4302f,0.242f,1.9503f,0f,0f,0f,1f],start_interpolation: 0,interpolation_duration: 1}
$data merge entity $(right_fingers2) {transformation: [0.3727f,0.862f,0.3436f,1.7904f,0.1411f,0.3133f,-0.9391f,4.5897f,-0.9171f,0.3985f,-0.0049f,1.8197f,0f,0f,0f,1f],start_interpolation: 0,interpolation_duration: 1}
$data merge entity $(right_fingers) {transformation: [0.8262f,-0.4465f,0.3436f,1.689f,0.2998f,-0.1679f,-0.9391f,4.5434f,0.477f,0.8789f,-0.0049f,2.0836f,0f,0f,0f,1f],start_interpolation: 0,interpolation_duration: 1}
$data merge entity $(scout) {transformation: [0f,0f,0f,1.2516f,0f,0f,0f,5.3348f,0f,0f,0f,2.0029f,0f,0f,0f,1f],start_interpolation: 0,interpolation_duration: 1}
$data merge entity $(right_hand) {transformation: [-0.0291f,-0.9387f,0.3436f,1.1278f,-0.0158f,-0.3433f,-0.9391f,4.2912f,0.9995f,-0.0328f,-0.0049f,2.0583f,0f,0f,0f,1f],start_interpolation: 0,interpolation_duration: 1}
$data merge entity $(right_forearm) {transformation: [-0.4377f,-1.3048f,0.0563f,-0.8169f,0.4681f,-0.2121f,-1.2779f,3.9057f,1.2192f,-0.3869f,0.5109f,1.4434f,0f,0f,0f,1f],start_interpolation: 0,interpolation_duration: 1}
$data merge entity $(right_shoulder) {transformation: [0.5344f,-0.1281f,-1.3594f,-1.037f,0.6228f,1.3219f,0.1203f,5.388f,1.2151f,-0.6212f,0.5362f,0.4238f,0f,0f,0f,1f],start_interpolation: 0,interpolation_duration: 1}
$data merge entity $(right_arm) {transformation: [-0.7376f,0.0799f,-0.6705f,-0.6036f,-0.3129f,0.8395f,0.4443f,5.8114f,0.5983f,0.5375f,-0.5942f,0.2371f,0f,0f,0f,1f],start_interpolation: 0,interpolation_duration: 1}
$data merge entity $(left_thumb_2) {transformation: [-0.9074f,-0.4089f,0.0966f,2.4522f,0.0676f,0.0848f,0.9941f,5.9021f,-0.4147f,0.9086f,-0.0493f,-3.9613f,0f,0f,0f,1f],start_interpolation: 0,interpolation_duration: 1}
$data merge entity $(left_thumb) {transformation: [-0.9074f,-0.293f,0.3012f,2.4882f,0.0676f,0.6057f,0.7928f,6.0758f,-0.4147f,0.7398f,-0.5298f,-3.6544f,0f,0f,0f,1f],start_interpolation: 0,interpolation_duration: 1}
$data merge entity $(left_fingers2) {transformation: [0.8072f,0.5481f,0.2192f,2.6415f,0.0888f,-0.4799f,0.8728f,5.8171f,0.5836f,-0.6851f,-0.436f,-4.28f,0f,0f,0f,1f],start_interpolation: 0,interpolation_duration: 1}
$data merge entity $(left_fingers) {transformation: [-0.721f,0.6573f,0.2192f,2.8508f,0.446f,0.1981f,0.8728f,5.8673f,0.5303f,0.7271f,-0.436f,-4.091f,0f,0f,0f,1f],start_interpolation: 0,interpolation_duration: 1}
$data merge entity $(left_hand) {transformation: [-0.8843f,-0.4122f,0.2192f,2.6029f,-0.011f,0.4879f,0.8728f,6.2055f,-0.4667f,0.7695f,-0.436f,-3.64f,0f,0f,0f,1f],start_interpolation: 0,interpolation_duration: 1}
$data merge entity $(left_forearm) {transformation: [-0.946f,-0.8094f,-0.5891f,1.3232f,-0.936f,0.4278f,0.9154f,6.8441f,-0.355f,1.0291f,-0.8439f,-2.1357f,0f,0f,0f,1f],start_interpolation: 0,interpolation_duration: 1}
$data merge entity $(left_shoulder) {transformation: [-1.0766f,-0.5617f,-0.8218f,0.4478f,-0.6375f,-0.5406f,1.2047f,6.0178f,-0.7645f,1.2418f,0.1527f,-0.7806f,0f,0f,0f,1f],start_interpolation: 0,interpolation_duration: 1}
$data merge entity $(left_arm) {transformation: [-0.7376f,0.0799f,-0.6705f,0.0493f,-0.3129f,0.8395f,0.4443f,6.0883f,0.5983f,0.5375f,-0.5942f,-0.2925f,0f,0f,0f,1f],start_interpolation: 0,interpolation_duration: 1}
$data merge entity $(chest) {transformation: [-0.9431f,0.1022f,-0.8572f,-0.4447f,-0.4f,1.0733f,0.5681f,4.4491f,0.765f,0.6872f,-0.7597f,-1.019f,0f,0f,0f,1f],start_interpolation: 0,interpolation_duration: 1}
$data merge entity $(left_cheek) {transformation: [-0.9967f,-0.0414f,-0.0698f,-0.0616f,-0.0576f,0.9668f,0.2489f,3.89f,0.0572f,0.2521f,-0.966f,-1.8152f,0f,0f,0f,1f],start_interpolation: 0,interpolation_duration: 1}
$data merge entity $(left_foot) {transformation: [-0.9325f,-0.0122f,-0.419f,-0.1895f,-0.1007f,0.9986f,0.1949f,-3.8297f,0.4069f,0.2191f,-0.912f,-4.0653f,0f,0f,0f,1f],start_interpolation: 0,interpolation_duration: 1}
$data merge entity $(left_knee) {transformation: [-2.9111f,0.2421f,-0.8478f,0.1945f,-0.1479f,2.7493f,1.293f,0.0325f,0.8692f,1.2787f,-2.6195f,-2.4277f,0f,0f,0f,1f],start_interpolation: 0,interpolation_duration: 1}
$data merge entity $(left_leg) {transformation: [-1.6442f,0.0578f,-0.4946f,0.2331f,-0.0835f,1.6502f,0.4704f,2.6589f,0.4909f,0.4743f,-1.5765f,-1.6012f,0f,0f,0f,1f],start_interpolation: 0,interpolation_duration: 1}
$data merge entity $(right_cheek) {transformation: [-0.9964f,0.0441f,-0.072f,-0.9269f,0.0312f,0.9848f,0.1707f,3.8005f,0.0784f,0.1678f,-0.9827f,-1.7629f,0f,0f,0f,1f],start_interpolation: 0,interpolation_duration: 1}
$data merge entity $(right_foot) {transformation: [-1.0056f,0.0234f,0.1828f,-1.4052f,0.015f,1.0211f,-0.0479f,-4.0568f,-0.1837f,-0.0445f,-1.0048f,-0.0789f,0f,0f,0f,1f],start_interpolation: 0,interpolation_duration: 1}
$data merge entity $(right_knee) {transformation: [-3.0279f,0.0696f,0.281f,-1.3843f,0.057f,3.0381f,-0.1382f,0.1439f,-0.2838f,-0.1323f,-3.0256f,-0.3938f,0f,0f,0f,1f],start_interpolation: 0,interpolation_duration: 1}
$data merge entity $(right_leg) {transformation: [-1.7102f,0.0967f,0.1319f,-1.1621f,0.0322f,1.5574f,-0.7244f,2.6589f,-0.1603f,-0.7186f,-1.5522f,-1.4929f,0f,0f,0f,1f],start_interpolation: 0,interpolation_duration: 1}
$data merge entity $(weist) {transformation: [-1.6175f,0.0282f,-0.1222f,-0.4447f,0f,1.5809f,0.3645f,4.2938f,0.1255f,0.3634f,-1.5761f,-1.2915f,0f,0f,0f,1f],start_interpolation: 0,interpolation_duration: 1}
data modify storage animated_java:temp entry.data merge value {"locators":{"consume":{"px":1.8250814935,"py":4.5218681802,"pz":1.8601673111,"ry":89.1869365126,"rx":-69.9020477134}}}
# Data Manager: Prepare for Read / Write
execute store result storage animated_java:temp args.id int 1 run scoreboard players get @s aj.id
# Data Manager: Write
function animated_java:global/data_manager/write with storage animated_java:temp args