# This file was generated by Animated Java via MC-Build. It is not recommended to edit this file directly.
$data merge entity $(neck) {transformation: [-0.9903f,0.0276f,-0.1362f,-0.3228f,-0.047f,0.8558f,0.5152f,5.9704f,0.1307f,0.5166f,-0.8462f,-0.0309f,0f,0f,0f,1f],start_interpolation: 0,interpolation_duration: 1}
$data merge entity $(right_thumb_2) {transformation: [0.0953f,-0.9546f,-0.2823f,0.8706f,0.379f,0.297f,-0.8764f,4.5833f,0.9205f,-0.0235f,0.3901f,2.1756f,0f,0f,0f,1f],start_interpolation: 0,interpolation_duration: 1}
$data merge entity $(right_thumb) {transformation: [0.0953f,-0.9389f,0.3307f,0.578f,0.379f,-0.273f,-0.8842f,4.5641f,0.9205f,0.2096f,0.3299f,2.3749f,0f,0f,0f,1f],start_interpolation: 0,interpolation_duration: 1}
$data merge entity $(right_fingers2) {transformation: [0.672f,0.6585f,0.3388f,1.2844f,0.1521f,0.325f,-0.9334f,4.7433f,-0.7247f,0.6788f,0.1182f,2.4466f,0f,0f,0f,1f],start_interpolation: 0,interpolation_duration: 1}
$data merge entity $(right_fingers) {transformation: [0.5974f,-0.7269f,0.3388f,1.0966f,0.3105f,-0.1799f,-0.9334f,4.6939f,0.7394f,0.6628f,0.1182f,2.6572f,0f,0f,0f,1f],start_interpolation: 0,interpolation_duration: 1}
$data merge entity $(scout) {transformation: [0f,0f,0f,0.4844f,0f,0f,0f,5.8873f,0f,0f,0f,2.4115f,0f,0f,0f,1f],start_interpolation: 0,interpolation_duration: 1}
$data merge entity $(right_hand) {transformation: [-0.3011f,-0.8914f,0.3388f,0.5656f,0.0115f,-0.3586f,-0.9334f,4.4323f,0.9535f,-0.2772f,0.1182f,2.4875f,0f,0f,0f,1f],start_interpolation: 0,interpolation_duration: 1}
$data merge entity $(right_forearm) {transformation: [-0.7286f,-1.1688f,-0.0163f,-1.1648f,0.4792f,-0.2811f,-1.2603f,3.9432f,1.0661f,-0.6724f,0.5553f,1.4508f,0f,0f,0f,1f],start_interpolation: 0,interpolation_duration: 1}
$data merge entity $(right_shoulder) {transformation: [0.1593f,0.0281f,-1.4573f,-1.1158f,0.6741f,1.2983f,0.0987f,5.3871f,1.2923f,-0.6807f,0.1282f,0.3562f,0f,0f,0f,1f],start_interpolation: 0,interpolation_duration: 1}
$data merge entity $(right_arm) {transformation: [-0.8096f,0.0276f,-0.5863f,-0.6562f,-0.284f,0.8558f,0.4324f,5.7988f,0.5136f,0.5166f,-0.685f,0.2104f,0f,0f,0f,1f],start_interpolation: 0,interpolation_duration: 1}
$data merge entity $(left_thumb_2) {transformation: [-0.8745f,-0.4587f,0.1575f,2.6845f,-0.0065f,0.3357f,0.9419f,5.1989f,-0.4849f,0.8227f,-0.2965f,-3.578f,0f,0f,0f,1f],start_interpolation: 0,interpolation_duration: 1}
$data merge entity $(left_thumb) {transformation: [-0.8745f,-0.3023f,0.3793f,2.7115f,-0.0065f,0.7892f,0.6141f,5.4451f,-0.4849f,0.5346f,-0.6922f,-3.3243f,0f,0f,0f,1f],start_interpolation: 0,interpolation_duration: 1}
$data merge entity $(left_fingers2) {transformation: [0.7064f,0.6477f,0.2854f,2.8966f,0.2552f,-0.6092f,0.7509f,5.046f,0.6602f,-0.4576f,-0.5956f,-3.8741f,0f,0f,0f,1f],start_interpolation: 0,interpolation_duration: 1}
$data merge entity $(left_fingers) {transformation: [-0.7538f,0.592f,0.2854f,3.0886f,0.5597f,0.3506f,0.7509f,5.1356f,0.3444f,0.7257f,-0.5956f,-3.6814f,0f,0f,0f,1f],start_interpolation: 0,interpolation_duration: 1}
$data merge entity $(left_hand) {transformation: [-0.8552f,-0.4327f,0.2854f,2.8312f,-0.081f,0.6554f,0.7509f,5.571f,-0.5119f,0.619f,-0.5956f,-3.3301f,0f,0f,0f,1f],start_interpolation: 0,interpolation_duration: 1}
$data merge entity $(left_forearm) {transformation: [-0.9537f,-0.8563f,-0.5044f,1.4837f,-0.9722f,0.6589f,0.7196f,6.549f,-0.2061f,0.8543f,-1.0606f,-2.0907f,0f,0f,0f,1f],start_interpolation: 0,interpolation_duration: 1}
$data merge entity $(left_shoulder) {transformation: [-1.03f,-0.6467f,-0.819f,0.514f,-0.7583f,-0.3268f,1.2117f,5.9588f,-0.7169f,1.2747f,-0.1049f,-0.6777f,0f,0f,0f,1f],start_interpolation: 0,interpolation_duration: 1}
$data merge entity $(left_arm) {transformation: [-0.8096f,0.0276f,-0.5863f,0.0604f,-0.284f,0.8558f,0.4324f,6.0502f,0.5136f,0.5166f,-0.685f,-0.2442f,0f,0f,0f,1f],start_interpolation: 0,interpolation_duration: 1}
$data merge entity $(chest) {transformation: [-1.0352f,0.0353f,-0.7496f,-0.368f,-0.3631f,1.0942f,0.5529f,4.3939f,0.6567f,0.6605f,-0.8759f,-0.9736f,0f,0f,0f,1f],start_interpolation: 0,interpolation_duration: 1}
$data merge entity $(left_cheek) {transformation: [-0.996f,-0.0285f,-0.0853f,0.0132f,-0.0476f,0.9715f,0.2323f,3.7847f,0.0762f,0.2355f,-0.9689f,-1.7084f,0f,0f,0f,1f],start_interpolation: 0,interpolation_duration: 1}
$data merge entity $(left_foot) {transformation: [-0.9258f,0.0012f,-0.4338f,-0.1497f,-0.0886f,1.0003f,0.1919f,-3.9963f,0.4246f,0.2113f,-0.9057f,-3.7582f,0f,0f,0f,1f],start_interpolation: 0,interpolation_duration: 1}
$data merge entity $(left_knee) {transformation: [-2.8969f,0.2526f,-0.8924f,0.2465f,-0.1247f,2.7941f,1.1957f,-0.0767f,0.919f,1.1753f,-2.6507f,-2.2663f,0f,0f,0f,1f],start_interpolation: 0,interpolation_duration: 1}
$data merge entity $(left_leg) {transformation: [-1.6362f,0.0729f,-0.5187f,0.3105f,-0.0704f,1.6551f,0.4549f,2.5586f,0.519f,0.4545f,-1.5734f,-1.4705f,0f,0f,0f,1f],start_interpolation: 0,interpolation_duration: 1}
$data merge entity $(right_cheek) {transformation: [-0.9953f,0.0451f,-0.0856f,-0.8542f,0.0319f,0.9882f,0.1501f,3.6876f,0.0914f,0.1466f,-0.985f,-1.6469f,0f,0f,0f,1f],start_interpolation: 0,interpolation_duration: 1}
$data merge entity $(right_foot) {transformation: [-1.0083f,0.0164f,0.1681f,-1.256f,0.0088f,1.0213f,-0.0469f,-4.2021f,-0.1687f,-0.0448f,-1.0074f,-0.0277f,0f,0f,0f,1f],start_interpolation: 0,interpolation_duration: 1}
$data merge entity $(right_knee) {transformation: [-3.0321f,0.0489f,0.2368f,-1.2656f,0.0384f,3.0384f,-0.1366f,-0.0013f,-0.2388f,-0.1332f,-3.0294f,-0.3429f,0f,0f,0f,1f],start_interpolation: 0,interpolation_duration: 1}
$data merge entity $(right_leg) {transformation: [-1.7125f,0.0717f,0.1163f,-1.083f,0.0217f,1.5864f,-0.6589f,2.5586f,-0.1349f,-0.6553f,-1.5823f,-1.3408f,0f,0f,0f,1f],start_interpolation: 0,interpolation_duration: 1}
$data merge entity $(weist) {transformation: [-1.6154f,0.0285f,-0.1477f,-0.368f,0f,1.593f,0.3073f,4.2017f,0.1504f,0.306f,-1.5861f,-1.2092f,0f,0f,0f,1f],start_interpolation: 0,interpolation_duration: 1}
data modify storage animated_java:temp entry.data merge value {"locators":{"consume":{"px":1.288769093,"py":4.668296179,"pz":2.4802027491,"ry":109.2343467273,"rx":-68.9723955517}}}
# Data Manager: Prepare for Read / Write
execute store result storage animated_java:temp args.id int 1 run scoreboard players get @s aj.id
# Data Manager: Write
function animated_java:global/data_manager/write with storage animated_java:temp args
execute unless entity @s[tag=aj.transforms_only] at @s run function animated_java:female/animations/swing_end/zzz/frames/32_root_function