# This file was generated by Animated Java via MC-Build. It is not recommended to edit this file directly.
$data merge entity $(neck) {transformation: [-0.9936f,-0.0155f,-0.1121f,-0.3286f,-0.0669f,0.879f,0.472f,5.9648f,0.0912f,0.4765f,-0.8744f,-0.0475f,0f,0f,0f,1f],start_interpolation: 0,interpolation_duration: 1}
$data merge entity $(right_thumb_2) {transformation: [-0.1514f,-0.9552f,-0.2542f,0.2267f,0.368f,0.1842f,-0.9114f,4.74f,0.9174f,-0.2315f,0.3236f,2.5372f,0f,0f,0f,1f],start_interpolation: 0,interpolation_duration: 1}
$data merge entity $(right_thumb) {transformation: [-0.1514f,-0.9597f,0.2366f,-0.1078f,0.368f,-0.2769f,-0.8876f,4.718f,0.9174f,-0.0473f,0.3951f,2.6524f,0f,0f,0f,1f],start_interpolation: 0,interpolation_duration: 1}
$data merge entity $(right_fingers2) {transformation: [0.894f,0.3427f,0.2888f,0.5567f,0.1741f,0.3282f,-0.9284f,4.9128f,-0.413f,0.8802f,0.2338f,2.9498f,0f,0f,0f,1f],start_interpolation: 0,interpolation_duration: 1}
$data merge entity $(right_fingers) {transformation: [0.2635f,-0.9204f,0.2888f,0.304f,0.3118f,-0.202f,-0.9284f,4.8572f,0.9129f,0.3347f,0.2338f,3.0726f,0f,0f,0f,1f],start_interpolation: 0,interpolation_duration: 1}
$data merge entity $(scout) {transformation: [0f,0f,0f,-0.4093f,0f,0f,0f,6.4713f,0f,0f,0f,2.5321f,0f,0f,0f,1f],start_interpolation: 0,interpolation_duration: 1}
$data merge entity $(right_hand) {transformation: [-0.5698f,-0.7694f,0.2888f,-0.153f,0.0295f,-0.3704f,-0.9284f,4.5885f,0.8212f,-0.5205f,0.2338f,2.7592f,0f,0f,0f,1f],start_interpolation: 0,interpolation_duration: 1}
$data merge entity $(right_forearm) {transformation: [-0.9883f,-0.9515f,-0.1226f,-1.5492f,0.4846f,-0.3432f,-1.2428f,4.0063f,0.8279f,-0.9349f,0.581f,1.3379f,0f,0f,0f,1f],start_interpolation: 0,interpolation_duration: 1}
$data merge entity $(right_shoulder) {transformation: [-0.2452f,0.2255f,-1.4279f,-1.1789f,0.7155f,1.2774f,0.0788f,5.4169f,1.2561f,-0.6836f,-0.3237f,0.2617f,0f,0f,0f,1f],start_interpolation: 0,interpolation_duration: 1}
$data merge entity $(right_arm) {transformation: [-0.8751f,-0.0155f,-0.4838f,-0.694f,-0.2425f,0.879f,0.4105f,5.8118f,0.4189f,0.4765f,-0.773f,0.157f,0f,0f,0f,1f],start_interpolation: 0,interpolation_duration: 1}
$data merge entity $(left_thumb_2) {transformation: [-0.8433f,-0.4718f,0.2573f,2.8302f,-0.0808f,0.5846f,0.8073f,4.4765f,-0.5313f,0.66f,-0.5311f,-3.0538f,0f,0f,0f,1f],start_interpolation: 0,interpolation_duration: 1}
$data merge entity $(left_thumb) {transformation: [-0.8433f,-0.2597f,0.4705f,2.8651f,-0.0808f,0.9268f,0.3667f,4.7815f,-0.5313f,0.2713f,-0.8026f,-2.8764f,0f,0f,0f,1f],start_interpolation: 0,interpolation_duration: 1}
$data merge entity $(left_fingers2) {transformation: [0.6094f,0.6999f,0.3725f,3.0562f,0.4425f,-0.6901f,0.5727f,4.2461f,0.6579f,-0.1842f,-0.7302f,-3.3092f,0f,0f,0f,1f],start_interpolation: 0,interpolation_duration: 1}
$data merge entity $(left_fingers) {transformation: [-0.7503f,0.5461f,0.3725f,3.2358f,0.6489f,0.5009f,0.5727f,4.3747f,0.1262f,0.6714f,-0.7302f,-3.1268f,0f,0f,0f,1f],start_interpolation: 0,interpolation_duration: 1}
$data merge entity $(left_hand) {transformation: [-0.8309f,-0.4134f,0.3725f,2.9942f,-0.1447f,0.8069f,0.5727f,4.8949f,-0.5373f,0.422f,-0.7302f,-2.9026f,0f,0f,0f,1f],start_interpolation: 0,interpolation_duration: 1}
$data merge entity $(left_forearm) {transformation: [-1f,-0.8573f,-0.4027f,1.6468f,-0.9466f,0.8833f,0.4699f,6.2029f,-0.0342f,0.618f,-1.2305f,-2.0181f,0f,0f,0f,1f],start_interpolation: 0,interpolation_duration: 1}
$data merge entity $(left_shoulder) {transformation: [-1.0152f,-0.7254f,-0.7701f,0.5826f,-0.8521f,-0.072f,1.1911f,5.905f,-0.6271f,1.2722f,-0.3717f,-0.5815f,0f,0f,0f,1f],start_interpolation: 0,interpolation_duration: 1}
$data merge entity $(left_arm) {transformation: [-0.8751f,-0.0155f,-0.4838f,0.0805f,-0.2425f,0.879f,0.4105f,6.0264f,0.4189f,0.4765f,-0.773f,-0.2138f,0f,0f,0f,1f],start_interpolation: 0,interpolation_duration: 1}
$data merge entity $(chest) {transformation: [-1.1188f,-0.0198f,-0.6185f,-0.2955f,-0.31f,1.1239f,0.5248f,4.3457f,0.5356f,0.6092f,-0.9883f,-0.9157f,0f,0f,0f,1f],start_interpolation: 0,interpolation_duration: 1}
$data merge entity $(left_cheek) {transformation: [-0.9947f,-0.0155f,-0.1015f,0.0846f,-0.0371f,0.9759f,0.2149f,3.6857f,0.0957f,0.2175f,-0.9713f,-1.5857f,0f,0f,0f,1f],start_interpolation: 0,interpolation_duration: 1}
$data merge entity $(left_foot) {transformation: [-0.9184f,0.0151f,-0.4489f,-0.1082f,-0.0758f,1.0019f,0.1887f,-4.1533f,0.4427f,0.2028f,-0.899f,-3.4223f,0f,0f,0f,1f],start_interpolation: 0,interpolation_duration: 1}
$data merge entity $(left_knee) {transformation: [-2.8811f,0.26f,-0.94f,0.2958f,-0.1002f,2.8373f,1.0917f,-0.1789f,0.9701f,1.065f,-2.6789f,-2.0857f,0f,0f,0f,1f],start_interpolation: 0,interpolation_duration: 1}
$data merge entity $(left_leg) {transformation: [-1.6273f,0.0882f,-0.5437f,0.3853f,-0.0566f,1.6601f,0.4385f,2.4654f,0.5479f,0.4332f,-1.5696f,-1.3228f,0f,0f,0f,1f],start_interpolation: 0,interpolation_duration: 1}
$data merge entity $(right_cheek) {transformation: [-0.9938f,0.046f,-0.1011f,-0.7847f,0.0328f,0.9911f,0.1288f,3.5863f,0.1062f,0.1247f,-0.9865f,-1.5161f,0f,0f,0f,1f],start_interpolation: 0,interpolation_duration: 1}
$data merge entity $(right_foot) {transformation: [-1.0109f,0.0091f,0.1524f,-1.1074f,0.0023f,1.0213f,-0.0457f,-4.3375f,-0.1527f,-0.0449f,-1.0099f,0.0326f,0f,0f,0f,1f],start_interpolation: 0,interpolation_duration: 1}
$data merge entity $(right_knee) {transformation: [-3.0357f,0.0271f,0.1896f,-1.1492f,0.0187f,3.0387f,-0.135f,-0.1369f,-0.1906f,-0.1335f,-3.0328f,-0.2818f,0f,0f,0f,1f],start_interpolation: 0,interpolation_duration: 1}
$data merge entity $(right_leg) {transformation: [-1.7146f,0.0468f,0.0975f,-1.0058f,0.0106f,1.6139f,-0.5888f,2.4654f,-0.1077f,-0.587f,-1.611f,-1.1705f,0f,0f,0f,1f],start_interpolation: 0,interpolation_duration: 1}
$data merge entity $(weist) {transformation: [-1.6127f,0.0269f,-0.1746f,-0.2955f,0f,1.6035f,0.2468f,4.1148f,0.1766f,0.2453f,-1.5939f,-1.1126f,0f,0f,0f,1f],start_interpolation: 0,interpolation_duration: 1}
data modify storage animated_java:temp entry.data merge value {"locators":{"consume":{"px":0.5398777138,"py":4.8291229759,"pz":2.9609967069,"ry":128.9902317309,"rx":-68.1893910875}}}
# Data Manager: Prepare for Read / Write
execute store result storage animated_java:temp args.id int 1 run scoreboard players get @s aj.id
# Data Manager: Write
function animated_java:global/data_manager/write with storage animated_java:temp args