# This file was generated by Animated Java via MC-Build. It is not recommended to edit this file directly.
$data merge entity $(neck) {transformation: [-0.9956f,-0.0425f,-0.0837f,-0.3166f,-0.0736f,0.9067f,0.4153f,5.9813f,0.0582f,0.4196f,-0.9058f,-0.0796f,0f,0f,0f,1f],start_interpolation: 0,interpolation_duration: 1}
$data merge entity $(right_thumb_2) {transformation: [-0.3969f,-0.8946f,-0.2054f,-0.4996f,0.3453f,0.0619f,-0.9365f,4.9175f,0.8505f,-0.4426f,0.2843f,2.6977f,0f,0f,0f,1f],start_interpolation: 0,interpolation_duration: 1}
$data merge entity $(right_thumb) {transformation: [-0.3969f,-0.9073f,0.1386f,-0.8523f,0.3453f,-0.2875f,-0.8934f,4.8888f,0.8505f,-0.3067f,0.4274f,2.7191f,0f,0f,0f,1f],start_interpolation: 0,interpolation_duration: 1}
$data merge entity $(right_fingers2) {transformation: [0.9771f,-0.0338f,0.2099f,-0.3078f,0.2095f,0.3217f,-0.9234f,5.1017f,-0.0363f,0.9462f,0.3214f,3.2258f,0f,0f,0f,1f],start_interpolation: 0,interpolation_duration: 1}
$data merge entity $(right_fingers) {transformation: [-0.1188f,-0.9705f,0.2099f,-0.5862f,0.3022f,-0.2368f,-0.9234f,5.0359f,0.9458f,-0.0463f,0.3214f,3.2416f,0f,0f,0f,1f],start_interpolation: 0,interpolation_duration: 1}
$data merge entity $(scout) {transformation: [0f,0f,0f,-1.2769f,0f,0f,0f,7.0655f,0f,0f,0f,2.3321f,0f,0f,0f,1f],start_interpolation: 0,interpolation_duration: 1}
$data merge entity $(right_hand) {transformation: [-0.79f,-0.576f,0.2099f,-0.9268f,0.0335f,-0.3824f,-0.9234f,4.7601f,0.6122f,-0.7224f,0.3214f,2.809f,0f,0f,0f,1f],start_interpolation: 0,interpolation_duration: 1}
$data merge entity $(right_forearm) {transformation: [-1.1793f,-0.6702f,-0.239f,-1.8958f,0.4773f,-0.402f,-1.2279f,4.0901f,0.5277f,-1.1342f,0.5765f,1.1001f,0f,0f,0f,1f],start_interpolation: 0,interpolation_duration: 1}
$data merge entity $(right_shoulder) {transformation: [-0.6226f,0.42f,-1.2593f,-1.2177f,0.7434f,1.2626f,0.0536f,5.478f,1.0998f,-0.6158f,-0.7491f,0.1517f,0f,0f,0f,1f],start_interpolation: 0,interpolation_duration: 1}
$data merge entity $(right_arm) {transformation: [-0.9281f,-0.0425f,-0.3698f,-0.7097f,-0.1913f,0.9067f,0.3759f,5.8517f,0.3193f,0.4196f,-0.8497f,0.086f,0f,0f,0f,1f],start_interpolation: 0,interpolation_duration: 1}
$data merge entity $(left_thumb_2) {transformation: [-0.8235f,-0.429f,0.3713f,2.8398f,-0.1444f,0.7914f,0.594f,3.8204f,-0.5487f,0.4355f,-0.7136f,-2.4209f,0f,0f,0f,1f],start_interpolation: 0,interpolation_duration: 1}
$data merge entity $(left_thumb) {transformation: [-0.8235f,-0.1623f,0.5437f,2.902f,-0.1444f,0.9866f,0.0758f,4.1582f,-0.5487f,-0.0161f,-0.8359f,-2.333f,0f,0f,0f,1f],start_interpolation: 0,interpolation_duration: 1}
$data merge entity $(left_fingers2) {transformation: [0.5439f,0.703f,0.4582f,3.0635f,0.6171f,-0.7051f,0.3493f,3.5116f,0.5686f,0.0928f,-0.8174f,-2.6173f,0f,0f,0f,1f],start_interpolation: 0,interpolation_duration: 1}
$data merge entity $(left_fingers) {transformation: [-0.7092f,0.5358f,0.4582f,3.2396f,0.6979f,0.6252f,0.3493f,3.6726f,-0.0993f,0.5675f,-0.8174f,-2.4588f,0f,0f,0f,1f],start_interpolation: 0,interpolation_duration: 1}
$data merge entity $(left_hand) {transformation: [-0.8185f,-0.3466f,0.4582f,3.0428f,-0.1928f,0.917f,0.3493f,4.2503f,-0.5412f,0.1975f,-0.8174f,-2.3763f,0f,0f,0f,1f],start_interpolation: 0,interpolation_duration: 1}
$data merge entity $(left_forearm) {transformation: [-1.0772f,-0.7987f,-0.3143f,1.7837f,-0.8477f,1.0691f,0.1887f,5.8319f,0.1345f,0.341f,-1.3277f,-1.9054f,0f,0f,0f,1f],start_interpolation: 0,interpolation_duration: 1}
$data merge entity $(left_shoulder) {transformation: [-1.0404f,-0.7754f,-0.6827f,0.6506f,-0.9f,0.2044f,1.1393f,5.8631f,-0.5073f,1.2275f,-0.621f,-0.4911f,0f,0f,0f,1f],start_interpolation: 0,interpolation_duration: 1}
$data merge entity $(left_arm) {transformation: [-0.9281f,-0.0425f,-0.3698f,0.1118f,-0.1913f,0.9067f,0.3759f,6.021f,0.3193f,0.4196f,-0.8497f,-0.1967f,0f,0f,0f,1f],start_interpolation: 0,interpolation_duration: 1}
$data merge entity $(chest) {transformation: [-1.1866f,-0.0544f,-0.4728f,-0.235f,-0.2446f,1.1593f,0.4806f,4.3118f,0.4083f,0.5365f,-1.0864f,-0.8425f,0f,0f,0f,1f],start_interpolation: 0,interpolation_duration: 1}
$data merge entity $(left_cheek) {transformation: [-0.993f,-0.0031f,-0.1178f,0.145f,-0.0265f,0.98f,0.1974f,3.6028f,0.1148f,0.1991f,-0.9732f,-1.4477f,0f,0f,0f,1f],start_interpolation: 0,interpolation_duration: 1}
$data merge entity $(left_foot) {transformation: [-0.9108f,0.0287f,-0.4636f,-0.0705f,-0.0628f,1.0034f,0.1855f,-4.2876f,0.4602f,0.1938f,-0.8922f,-3.0687f,0f,0f,0f,1f],start_interpolation: 0,interpolation_duration: 1}
$data merge entity $(left_knee) {transformation: [-2.8646f,0.2637f,-0.9883f,0.3363f,-0.0754f,2.8764f,0.9862f,-0.2641f,1.0201f,0.9533f,-2.7024f,-1.8891f,0f,0f,0f,1f],start_interpolation: 0,interpolation_duration: 1}
$data merge entity $(left_leg) {transformation: [-1.6179f,0.1027f,-0.5685f,0.4502f,-0.0426f,1.6648f,0.422f,2.3888f,0.5761f,0.4116f,-1.5653f,-1.1599f,0f,0f,0f,1f],start_interpolation: 0,interpolation_duration: 1}
$data merge entity $(right_cheek) {transformation: [-0.9919f,0.0464f,-0.1179f,-0.7261f,0.0337f,0.9936f,0.1078f,3.5071f,0.1221f,0.1029f,-0.9872f,-1.3713f,0f,0f,0f,1f],start_interpolation: 0,interpolation_duration: 1}
$data merge entity $(right_foot) {transformation: [-1.0132f,0.0018f,0.1364f,-0.971f,-0.0042f,1.0214f,-0.0446f,-4.4511f,-0.1364f,-0.0448f,-1.0122f,0.1045f,0f,0f,0f,1f],start_interpolation: 0,interpolation_duration: 1}
$data merge entity $(right_knee) {transformation: [-3.0384f,0.0052f,0.1416f,-1.0452f,-0.001f,3.0388f,-0.1333f,-0.2508f,-0.1416f,-0.1332f,-3.0355f,-0.2081f,0f,0f,0f,1f],start_interpolation: 0,interpolation_duration: 1}
$data merge entity $(right_leg) {transformation: [-1.7161f,0.0236f,0.0765f,-0.9383f,-0.0006f,1.6382f,-0.5175f,2.3888f,-0.08f,-0.517f,-1.6364f,-0.985f,0f,0f,0f,1f],start_interpolation: 0,interpolation_duration: 1}
$data merge entity $(weist) {transformation: [-1.6096f,0.0232f,-0.2014f,-0.235f,0f,1.6117f,0.1859f,4.0421f,0.2028f,0.1844f,-1.599f,-1.0007f,0f,0f,0f,1f],start_interpolation: 0,interpolation_duration: 1}
data modify storage animated_java:temp entry.data merge value {"locators":{"consume":{"px":-0.3275041652,"py":5.0086820755,"pz":3.2062001496,"ry":146.8470059302,"rx":-67.4253510267}}}
# Data Manager: Prepare for Read / Write
execute store result storage animated_java:temp args.id int 1 run scoreboard players get @s aj.id
# Data Manager: Write
function animated_java:global/data_manager/write with storage animated_java:temp args