# This file was generated by Animated Java via MC-Build. It is not recommended to edit this file directly.
$data merge entity $(neck) {transformation: [-0.9972f,-0.0505f,-0.0549f,-0.2551f,-0.0666f,0.9346f,0.3495f,5.9788f,0.0336f,0.3522f,-0.9353f,-0.0099f,0f,0f,0f,1f],start_interpolation: 0,interpolation_duration: 1}
$data merge entity $(right_thumb_2) {transformation: [-0.6114f,-0.7783f,-0.1429f,-1.1637f,0.3091f,-0.0687f,-0.9485f,5.0675f,0.7285f,-0.6241f,0.2826f,2.7567f,0f,0f,0f,1f],start_interpolation: 0,interpolation_duration: 1}
$data merge entity $(right_thumb) {transformation: [-0.6114f,-0.789f,0.0612f,-1.509f,0.3091f,-0.3092f,-0.8993f,5.0265f,0.7285f,-0.5309f,0.4329f,2.6878f,0f,0f,0f,1f],start_interpolation: 0,interpolation_duration: 1}
$data merge entity $(right_fingers2) {transformation: [0.9104f,-0.3935f,0.1278f,-1.1442f,0.2588f,0.3004f,-0.918f,5.2603f,0.3228f,0.8689f,0.3753f,3.35f,0f,0f,0f,1f],start_interpolation: 0,interpolation_duration: 1}
$data merge entity $(right_fingers) {transformation: [-0.4713f,-0.8726f,0.1278f,-1.4053f,0.2767f,-0.284f,-0.918f,5.1804f,0.8374f,-0.3973f,0.3753f,3.2632f,0f,0f,0f,1f],start_interpolation: 0,interpolation_duration: 1}
$data merge entity $(scout) {transformation: [0f,0f,0f,-1.963f,0f,0f,0f,7.596f,0f,0f,0f,1.985f,0f,0f,0f,1f],start_interpolation: 0,interpolation_duration: 1}
$data merge entity $(right_hand) {transformation: [-0.9319f,-0.3395f,0.1278f,-1.6035f,0.0184f,-0.3961f,-0.918f,4.8965f,0.3623f,-0.8532f,0.3753f,2.7539f,0f,0f,0f,1f],start_interpolation: 0,interpolation_duration: 1}
$data merge entity $(right_forearm) {transformation: [-1.285f,-0.3621f,-0.3389f,-2.1076f,0.4505f,-0.4586f,-1.2181f,4.1428f,0.2074f,-1.2473f,0.5462f,0.8868f,0f,0f,0f,1f],start_interpolation: 0,interpolation_duration: 1}
$data merge entity $(right_shoulder) {transformation: [-0.9247f,0.5675f,-0.9862f,-1.1975f,0.7521f,1.2585f,0.019f,5.525f,0.8538f,-0.4939f,-1.0849f,0.1474f,0f,0f,0f,1f],start_interpolation: 0,interpolation_duration: 1}
$data merge entity $(right_arm) {transformation: [-0.9658f,-0.0505f,-0.2545f,-0.6697f,-0.1356f,0.9346f,0.329f,5.875f,0.2212f,0.3522f,-0.9094f,0.117f,0f,0f,0f,1f],start_interpolation: 0,interpolation_duration: 1}
$data merge entity $(left_thumb_2) {transformation: [-0.8201f,-0.3325f,0.4657f,2.738f,-0.1868f,0.9248f,0.3313f,3.2647f,-0.5409f,0.1847f,-0.8205f,-1.6391f,0f,0f,0f,1f],start_interpolation: 0,interpolation_duration: 1}
$data merge entity $(left_thumb) {transformation: [-0.8201f,-0.0302f,0.5715f,2.8418f,-0.1868f,0.958f,-0.2175f,3.6037f,-0.5409f,-0.2851f,-0.7913f,-1.6395f,0f,0f,0f,1f],start_interpolation: 0,interpolation_duration: 1}
$data merge entity $(left_fingers2) {transformation: [0.5243f,0.6757f,0.5182f,2.9403f,0.7445f,-0.6591f,0.1061f,2.8871f,0.4133f,0.3302f,-0.8486f,-1.7639f,0f,0f,0f,1f],start_interpolation: 0,interpolation_duration: 1}
$data merge entity $(left_fingers) {transformation: [-0.6427f,0.5642f,0.5182f,3.123f,0.7029f,0.7033f,0.1061f,3.0685f,-0.3046f,0.4325f,-0.8486f,-1.6383f,0f,0f,0f,1f],start_interpolation: 0,interpolation_duration: 1}
$data merge entity $(left_hand) {transformation: [-0.8205f,-0.2412f,0.5182f,2.9937f,-0.2182f,0.9701f,0.1061f,3.6679f,-0.5283f,-0.026f,-0.8486f,-1.6944f,0f,0f,0f,1f],start_interpolation: 0,interpolation_duration: 1}
$data merge entity $(left_forearm) {transformation: [-1.164f,-0.6865f,-0.2664f,1.9018f,-0.6831f,1.1927f,-0.0886f,5.4325f,0.2749f,0.0573f,-1.3484f,-1.6458f,0f,0f,0f,1f],start_interpolation: 0,interpolation_duration: 1}
$data merge entity $(left_shoulder) {transformation: [-1.0997f,-0.7809f,-0.575f,0.7465f,-0.8926f,0.4753f,1.0617f,5.7979f,-0.3791f,1.1463f,-0.8319f,-0.2978f,0f,0f,0f,1f],start_interpolation: 0,interpolation_duration: 1}
$data merge entity $(left_arm) {transformation: [-0.9658f,-0.0505f,-0.2545f,0.1851f,-0.1356f,0.9346f,0.329f,5.995f,0.2212f,0.3522f,-0.9094f,-0.0787f,0f,0f,0f,1f],start_interpolation: 0,interpolation_duration: 1}
$data merge entity $(chest) {transformation: [-1.2348f,-0.0646f,-0.3253f,-0.1598f,-0.1733f,1.1949f,0.4206f,4.2585f,0.2828f,0.4503f,-1.1627f,-0.6484f,0f,0f,0f,1f],start_interpolation: 0,interpolation_duration: 1}
$data merge entity $(left_cheek) {transformation: [-0.991f,0.0081f,-0.1333f,0.221f,-0.0163f,0.9834f,0.1807f,3.5046f,0.1326f,0.1812f,-0.9745f,-1.1917f,0f,0f,0f,1f],start_interpolation: 0,interpolation_duration: 1}
$data merge entity $(left_foot) {transformation: [-0.9033f,0.0413f,-0.4771f,-0.0094f,-0.0505f,1.0047f,0.1825f,-4.4284f,0.4762f,0.1848f,-0.8856f,-2.6058f,0f,0f,0f,1f],start_interpolation: 0,interpolation_duration: 1}
$data merge entity $(left_knee) {transformation: [-2.8482f,0.2638f,-1.0346f,0.3951f,-0.0518f,2.9098f,0.8845f,-0.3635f,1.0664f,0.8459f,-2.7202f,-1.577f,0f,0f,0f,1f],start_interpolation: 0,interpolation_duration: 1}
$data merge entity $(left_leg) {transformation: [-1.6086f,0.1159f,-0.5918f,0.5312f,-0.0293f,1.669f,0.4063f,2.2971f,0.6023f,0.3906f,-1.5608f,-0.8805f,0f,0f,0f,1f],start_interpolation: 0,interpolation_duration: 1}
$data merge entity $(right_cheek) {transformation: [-0.9898f,0.0463f,-0.1349f,-0.6519f,0.0346f,0.9955f,0.0879f,3.4179f,0.1384f,0.0823f,-0.9869f,-1.1098f,0f,0f,0f,1f],start_interpolation: 0,interpolation_duration: 1}
$data merge entity $(right_foot) {transformation: [-1.0152f,-0.0052f,0.1209f,-0.8244f,-0.0105f,1.0214f,-0.0435f,-4.573f,-0.1206f,-0.0445f,-1.0143f,0.2942f,0f,0f,0f,1f],start_interpolation: 0,interpolation_duration: 1}
$data merge entity $(right_knee) {transformation: [-3.0402f,-0.0156f,0.0951f,-0.9294f,-0.0197f,3.0388f,-0.1317f,-0.3732f,-0.0943f,-0.1322f,-3.0374f,-0.0158f,0f,0f,0f,1f],start_interpolation: 0,interpolation_duration: 1}
$data merge entity $(right_leg) {transformation: [-1.7171f,0.0032f,0.0543f,-0.8544f,-0.0111f,1.6583f,-0.4487f,2.2971f,-0.0533f,-0.4489f,-1.6574f,-0.6841f,0f,0f,0f,1f],start_interpolation: 0,interpolation_duration: 1}
$data merge entity $(weist) {transformation: [-1.6063f,0.0179f,-0.2269f,-0.1598f,0f,1.6173f,0.1277f,3.952f,0.2276f,0.1264f,-1.6013f,-0.7697f,0f,0f,0f,1f],start_interpolation: 0,interpolation_duration: 1}
data modify storage animated_java:temp entry.data merge value {"locators":{"consume":{"px":-1.1467092905,"py":5.1584908181,"pz":3.3029142037,"ry":161.1916272719,"rx":-66.6401594824}}}
# Data Manager: Prepare for Read / Write
execute store result storage animated_java:temp args.id int 1 run scoreboard players get @s aj.id
# Data Manager: Write
function animated_java:global/data_manager/write with storage animated_java:temp args
execute unless entity @s[tag=aj.transforms_only] at @s run function animated_java:female/animations/swing_end/zzz/frames/35_root_function