# This file was generated by Animated Java via MC-Build. It is not recommended to edit this file directly.
$data merge entity $(neck) {transformation: [-0.9987f,-0.0414f,-0.0298f,-0.1706f,-0.0481f,0.9582f,0.2819f,5.9749f,0.0169f,0.2829f,-0.959f,0.1161f,0f,0f,0f,1f],start_interpolation: 0,interpolation_duration: 1}
$data merge entity $(right_thumb_2) {transformation: [-0.7736f,-0.6286f,-0.0801f,-1.6943f,0.2598f,-0.1993f,-0.9449f,5.1941f,0.578f,-0.7517f,0.3175f,2.7181f,0f,0f,0f,1f],start_interpolation: 0,interpolation_duration: 1}
$data merge entity $(right_thumb) {transformation: [-0.7736f,-0.6335f,0.0164f,-2.0131f,0.2598f,-0.3406f,-0.9036f,5.1358f,0.578f,-0.6947f,0.428f,2.5742f,0f,0f,0f,1f],start_interpolation: 0,interpolation_duration: 1}
$data merge entity $(right_fingers2) {transformation: [0.7376f,-0.6723f,0.0628f,-1.8491f,0.3151f,0.2604f,-0.9126f,5.3896f,0.5972f,0.693f,0.4039f,3.3216f,0f,0f,0f,1f],start_interpolation: 0,interpolation_duration: 1}
$data merge entity $(right_fingers) {transformation: [-0.734f,-0.6762f,0.0628f,-2.062f,0.232f,-0.3366f,-0.9126f,5.2935f,0.6383f,-0.6553f,0.4039f,3.1558f,0f,0f,0f,1f],start_interpolation: 0,interpolation_duration: 1}
$data merge entity $(scout) {transformation: [0f,0f,0f,-2.4382f,0f,0f,0f,8.0446f,0f,0f,0f,1.559f,0f,0f,0f,1f],start_interpolation: 0,interpolation_duration: 1}
$data merge entity $(right_hand) {transformation: [-0.9929f,-0.1011f,0.0628f,-2.1163f,-0.0162f,-0.4085f,-0.9126f,5.0024f,0.1179f,-0.9072f,0.4039f,2.6159f,0f,0f,0f,1f],start_interpolation: 0,interpolation_duration: 1}
$data merge entity $(right_forearm) {transformation: [-1.3141f,-0.0703f,-0.4066f,-2.1823f,0.4031f,-0.5093f,-1.2146f,4.1744f,-0.0884f,-1.2778f,0.5065f,0.7137f,0f,0f,0f,1f],start_interpolation: 0,interpolation_duration: 1}
$data merge entity $(right_shoulder) {transformation: [-1.1303f,0.647f,-0.6735f,-1.1439f,0.7378f,1.2669f,-0.0212f,5.5709f,0.5725f,-0.3553f,-1.3022f,0.207f,0f,0f,0f,1f],start_interpolation: 0,interpolation_duration: 1}
$data merge entity $(right_arm) {transformation: [-0.988f,-0.0414f,-0.1486f,-0.6f,-0.0814f,0.9582f,0.2741f,5.8967f,0.131f,0.2829f,-0.9502f,0.2071f,0f,0f,0f,1f],start_interpolation: 0,interpolation_duration: 1}
$data merge entity $(left_thumb_2) {transformation: [-0.831f,-0.2062f,0.5166f,2.544f,-0.2026f,0.9772f,0.0641f,2.8692f,-0.5181f,-0.0514f,-0.8538f,-0.8431f,0f,0f,0f,1f],start_interpolation: 0,interpolation_duration: 1}
$data merge entity $(left_thumb) {transformation: [-0.831f,0.1037f,0.5465f,2.6929f,-0.2026f,0.8586f,-0.471f,3.1821f,-0.5181f,-0.5021f,-0.6925f,-0.9181f,0f,0f,0f,1f],start_interpolation: 0,interpolation_duration: 1}
$data merge entity $(left_fingers2) {transformation: [0.5436f,0.6431f,0.5394f,2.7093f,0.8068f,-0.5776f,-0.1243f,2.4405f,0.2316f,0.5028f,-0.8328f,-0.8935f,0f,0f,0f,1f],start_interpolation: 0,interpolation_duration: 1}
$data merge entity $(left_fingers) {transformation: [-0.5701f,0.6197f,0.5394f,2.9059f,0.674f,0.7282f,-0.1243f,2.6281f,-0.4699f,0.2927f,-0.8328f,-0.803f,0f,0f,0f,1f],start_interpolation: 0,interpolation_duration: 1}
$data merge entity $(left_hand) {transformation: [-0.8335f,-0.1194f,0.5394f,2.8523f,-0.2191f,0.9677f,-0.1243f,3.2159f,-0.5072f,-0.2218f,-0.8328f,-0.9786f,0f,0f,0f,1f],start_interpolation: 0,interpolation_duration: 1}
$data merge entity $(left_forearm) {transformation: [-1.2362f,-0.5449f,-0.2685f,1.9705f,-0.48f,1.2493f,-0.3256f,5.0655f,0.3724f,-0.1986f,-1.3111f,-1.3099f,0f,0f,0f,1f],start_interpolation: 0,interpolation_duration: 1}
$data merge entity $(left_shoulder) {transformation: [-1.1755f,-0.7411f,-0.4677f,0.8449f,-0.8358f,0.7127f,0.9713f,5.7347f,-0.2636f,1.0453f,-0.9939f,-0.0567f,0f,0f,0f,1f],start_interpolation: 0,interpolation_duration: 1}
$data merge entity $(left_arm) {transformation: [-0.988f,-0.0414f,-0.1486f,0.2745f,-0.0814f,0.9582f,0.2741f,5.9688f,0.131f,0.2829f,-0.9502f,0.0911f,0f,0f,0f,1f],start_interpolation: 0,interpolation_duration: 1}
$data merge entity $(chest) {transformation: [-1.2632f,-0.0529f,-0.19f,-0.0931f,-0.104f,1.2252f,0.3505f,4.2116f,0.1675f,0.3617f,-1.2148f,-0.3947f,0f,0f,0f,1f],start_interpolation: 0,interpolation_duration: 1}
$data merge entity $(left_cheek) {transformation: [-0.9889f,0.0177f,-0.1473f,0.2893f,-0.0071f,0.9862f,0.1657f,3.4189f,0.1482f,0.1649f,-0.9751f,-0.8826f,0f,0f,0f,1f],start_interpolation: 0,interpolation_duration: 1}
$data merge entity $(left_foot) {transformation: [-0.8964f,0.0524f,-0.4889f,0.0511f,-0.0393f,1.0057f,0.1799f,-4.5473f,0.4901f,0.1765f,-0.8797f,-2.1095f,0f,0f,0f,1f],start_interpolation: 0,interpolation_duration: 1}
$data merge entity $(left_knee) {transformation: [-2.8329f,0.2609f,-1.0764f,0.4495f,-0.0306f,2.9366f,0.7922f,-0.4497f,1.1072f,0.7486f,-2.7324f,-1.217f,0f,0f,0f,1f],start_interpolation: 0,interpolation_duration: 1}
$data merge entity $(left_leg) {transformation: [-1.6f,0.1271f,-0.6125f,0.6045f,-0.0173f,1.6725f,0.3922f,2.2176f,0.6253f,0.3714f,-1.5564f,-0.5503f,0f,0f,0f,1f],start_interpolation: 0,interpolation_duration: 1}
$data merge entity $(right_cheek) {transformation: [-0.9874f,0.0456f,-0.1512f,-0.5855f,0.0353f,0.9969f,0.0701f,3.3449f,0.1539f,0.0639f,-0.986f,-0.796f,0f,0f,0f,1f],start_interpolation: 0,interpolation_duration: 1}
$data merge entity $(right_foot) {transformation: [-1.0167f,-0.0115f,0.1068f,-0.6944f,-0.016f,1.0214f,-0.0426f,-4.6755f,-0.1062f,-0.044f,-1.0159f,0.5412f,0f,0f,0f,1f],start_interpolation: 0,interpolation_duration: 1}
$data merge entity $(right_knee) {transformation: [-3.0411f,-0.0343f,0.0528f,-0.827f,-0.0365f,3.0387f,-0.1303f,-0.4762f,-0.0513f,-0.1309f,-3.0385f,0.2343f,0f,0f,0f,1f],start_interpolation: 0,interpolation_duration: 1}
$data merge entity $(right_leg) {transformation: [-1.7176f,-0.0136f,0.0329f,-0.7782f,-0.0206f,1.6738f,-0.3863f,2.2176f,-0.029f,-0.3866f,-1.6737f,-0.3348f,0f,0f,0f,1f],start_interpolation: 0,interpolation_duration: 1}
$data merge entity $(weist) {transformation: [-1.603f,0.0116f,-0.2496f,-0.0931f,0f,1.6206f,0.0753f,3.8719f,0.2499f,0.0744f,-1.6013f,-0.4829f,0f,0f,0f,1f],start_interpolation: 0,interpolation_duration: 1}
data modify storage animated_java:temp entry.data merge value {"locators":{"consume":{"px":-1.8209597697,"py":5.281205094,"pz":3.2590845969,"ry":171.1599383996,"rx":-65.8707844738}}}
# Data Manager: Prepare for Read / Write
execute store result storage animated_java:temp args.id int 1 run scoreboard players get @s aj.id
# Data Manager: Write
function animated_java:global/data_manager/write with storage animated_java:temp args