# This file was generated by Animated Java via MC-Build. It is not recommended to edit this file directly.
$data merge entity $(neck) {transformation: [-0.9997f,-0.0215f,-0.0113f,-0.0787f,-0.0235f,0.9751f,0.2205f,5.9674f,0.0063f,0.2207f,-0.9753f,0.2465f,0f,0f,0f,1f],start_interpolation: 0,interpolation_duration: 1}
$data merge entity $(right_thumb_2) {transformation: [-0.8783f,-0.4772f,-0.0298f,-2.0558f,0.2031f,-0.3159f,-0.9268f,5.2834f,0.4329f,-0.82f,0.3744f,2.6177f,0f,0f,0f,1f],start_interpolation: 0,interpolation_duration: 1}
$data merge entity $(right_thumb) {transformation: [-0.8783f,-0.4781f,0.0009f,-2.3398f,0.2031f,-0.3748f,-0.9046f,5.2057f,0.4329f,-0.7943f,0.4262f,2.4203f,0f,0f,0f,1f],start_interpolation: 0,interpolation_duration: 1}
$data merge entity $(right_fingers2) {transformation: [0.5305f,-0.8474f,0.0221f,-2.357f,0.3666f,0.2058f,-0.9073f,5.4738f,0.7643f,0.4895f,0.4198f,3.1925f,0f,0f,0f,1f],start_interpolation: 0,interpolation_duration: 1}
$data merge entity $(right_fingers) {transformation: [-0.8904f,-0.4547f,0.0221f,-2.5115f,0.1731f,-0.3831f,-0.9073f,5.3628f,0.421f,-0.804f,0.4198f,2.9783f,0f,0f,0f,1f],start_interpolation: 0,interpolation_duration: 1}
$data merge entity $(scout) {transformation: [0f,0f,0f,-2.7221f,0f,0f,0f,8.3815f,0f,0f,0f,1.1282f,0f,0f,0f,1f],start_interpolation: 0,interpolation_duration: 1}
$data merge entity $(right_hand) {transformation: [-0.9946f,0.1015f,0.0221f,-2.4432f,-0.0627f,-0.4157f,-0.9073f,5.0677f,-0.0829f,-0.9038f,0.4198f,2.4422f,0f,0f,0f,1f],start_interpolation: 0,interpolation_duration: 1}
$data merge entity $(right_forearm) {transformation: [-1.2936f,0.1698f,-0.4416f,-2.1497f,0.343f,-0.549f,-1.2158f,4.1824f,-0.3259f,-1.2518f,0.4733f,0.5878f,0f,0f,0f,1f],start_interpolation: 0,interpolation_duration: 1}
$data merge entity $(right_shoulder) {transformation: [-1.247f,0.6668f,-0.3874f,-1.0729f,0.7049f,1.2843f,-0.0585f,5.6081f,0.3127f,-0.236f,-1.4129f,0.2825f,0f,0f,0f,1f],start_interpolation: 0,interpolation_duration: 1}
$data merge entity $(right_arm) {transformation: [-0.9979f,-0.0215f,-0.0615f,-0.5169f,-0.0345f,0.9751f,0.2191f,5.9119f,0.0553f,0.2207f,-0.9738f,0.307f,0f,0f,0f,1f],start_interpolation: 0,interpolation_duration: 1}
$data merge entity $(left_thumb_2) {transformation: [-0.8486f,-0.0827f,0.5225f,2.3209f,-0.1955f,0.9668f,-0.1646f,2.6284f,-0.4915f,-0.2418f,-0.8366f,-0.1589f,0f,0f,0f,1f],start_interpolation: 0,interpolation_duration: 1}
$data merge entity $(left_thumb) {transformation: [-0.8486f,0.211f,0.4851f,2.5078f,-0.1955f,0.727f,-0.6582f,2.9006f,-0.4915f,-0.6535f,-0.5757f,-0.2881f,0f,0f,0f,1f],start_interpolation: 0,interpolation_duration: 1}
$data merge entity $(left_fingers2) {transformation: [0.5807f,0.6214f,0.526f,2.4429f,0.8116f,-0.4929f,-0.3137f,2.1688f,0.0643f,0.609f,-0.7905f,-0.1428f,0f,0f,0f,1f],start_interpolation: 0,interpolation_duration: 1}
$data merge entity $(left_fingers) {transformation: [-0.5081f,0.6821f,0.526f,2.6555f,0.6295f,0.7108f,-0.3137f,2.3513f,-0.5878f,0.1718f,-0.7905f,-0.0831f,0f,0f,0f,1f],start_interpolation: 0,interpolation_duration: 1}
$data merge entity $(left_hand) {transformation: [-0.8505f,-0.0068f,0.526f,2.6703f,-0.2015f,0.9279f,-0.3137f,2.9064f,-0.4859f,-0.3728f,-0.7905f,-0.3494f,0f,0f,0f,1f],start_interpolation: 0,interpolation_duration: 1}
$data merge entity $(left_forearm) {transformation: [-1.2796f,-0.406f,-0.3081f,1.9944f,-0.2774f,1.2533f,-0.4993f,4.7641f,0.4275f,-0.4018f,-1.2461f,-0.9822f,0f,0f,0f,1f],start_interpolation: 0,interpolation_duration: 1}
$data merge entity $(left_shoulder) {transformation: [-1.2474f,-0.672f,-0.377f,0.9358f,-0.7504f,0.8967f,0.8847f,5.6776f,-0.175f,0.9456f,-1.1068f,0.1711f,0f,0f,0f,1f],start_interpolation: 0,interpolation_duration: 1}
$data merge entity $(left_arm) {transformation: [-0.9979f,-0.0215f,-0.0615f,0.3663f,-0.0345f,0.9751f,0.2191f,5.9425f,0.0553f,0.2207f,-0.9738f,0.258f,0f,0f,0f,1f],start_interpolation: 0,interpolation_duration: 1}
$data merge entity $(chest) {transformation: [-1.2758f,-0.0275f,-0.0787f,-0.0386f,-0.0442f,1.2467f,0.2801f,4.1737f,0.0707f,0.2822f,-1.245f,-0.1498f,0f,0f,0f,1f],start_interpolation: 0,interpolation_duration: 1}
$data merge entity $(left_cheek) {transformation: [-0.987f,0.0252f,-0.1589f,0.3456f,0.0006f,0.9882f,0.1531f,3.3497f,0.1609f,0.151f,-0.9753f,-0.5917f,0f,0f,0f,1f],start_interpolation: 0,interpolation_duration: 1}
$data merge entity $(left_foot) {transformation: [-0.8905f,0.0615f,-0.4985f,0.1051f,-0.03f,1.0064f,0.1776f,-4.6401f,0.5014f,0.1693f,-0.8748f,-1.6626f,0f,0f,0f,1f],start_interpolation: 0,interpolation_duration: 1}
$data merge entity $(left_knee) {transformation: [-2.8199f,0.2564f,-1.1112f,0.4955f,-0.0129f,2.9565f,0.7149f,-0.5186f,1.1403f,0.6675f,-2.7398f,-0.8836f,0f,0f,0f,1f],start_interpolation: 0,interpolation_duration: 1}
$data merge entity $(left_leg) {transformation: [-1.5927f,0.136f,-0.6296f,0.6656f,-0.0073f,1.6753f,0.3804f,2.1539f,0.644f,0.3553f,-1.5525f,-0.2421f,0f,0f,0f,1f],start_interpolation: 0,interpolation_duration: 1}
$data merge entity $(right_cheek) {transformation: [-0.9852f,0.0446f,-0.1654f,-0.531f,0.0359f,0.9978f,0.0553f,3.2896f,0.1675f,0.0485f,-0.9847f,-0.5014f,0f,0f,0f,1f],start_interpolation: 0,interpolation_duration: 1}
$data merge entity $(right_foot) {transformation: [-1.0178f,-0.0167f,0.0949f,-0.5881f,-0.0207f,1.0213f,-0.0417f,-4.7552f,-0.0941f,-0.0435f,-1.0171f,0.7788f,0f,0f,0f,1f],start_interpolation: 0,interpolation_duration: 1}
$data merge entity $(right_knee) {transformation: [-3.0413f,-0.0497f,0.0172f,-0.7435f,-0.0504f,3.0386f,-0.1291f,-0.5565f,-0.0151f,-0.1294f,-3.0389f,0.475f,0f,0f,0f,1f],start_interpolation: 0,interpolation_duration: 1}
$data merge entity $(right_leg) {transformation: [-1.7177f,-0.0263f,0.0139f,-0.7146f,-0.0285f,1.6849f,-0.334f,2.1539f,-0.0085f,-0.3342f,-1.6851f,-0.0106f,0f,0f,0f,1f],start_interpolation: 0,interpolation_duration: 1}
$data merge entity $(weist) {transformation: [-1.6f,0.0052f,-0.2683f,-0.0386f,0f,1.622f,0.0317f,3.8065f,0.2683f,0.0313f,-1.5997f,-0.2104f,0f,0f,0f,1f],start_interpolation: 0,interpolation_duration: 1}
data modify storage animated_java:temp entry.data merge value {"locators":{"consume":{"px":-2.2957366865,"py":5.362225221,"pz":3.1278423872,"ry":176.9801448816,"rx":-65.139038987}}}
# Data Manager: Prepare for Read / Write
execute store result storage animated_java:temp args.id int 1 run scoreboard players get @s aj.id
# Data Manager: Write
function animated_java:global/data_manager/write with storage animated_java:temp args