# This file was generated by Animated Java via MC-Build. It is not recommended to edit this file directly.
$data merge entity $(neck) {transformation: [-1f,0f,0f,0f,0f,0.9848f,0.1736f,5.9585f,0f,0.1736f,-0.9848f,0.3278f,0f,0f,0f,1f],start_interpolation: 0,interpolation_duration: 1}
$data merge entity $(right_thumb_2) {transformation: [-0.9347f,-0.3555f,0.0021f,-2.2631f,0.1514f,-0.4032f,-0.9025f,5.3345f,0.3216f,-0.8433f,0.4307f,2.4897f,0f,0f,0f,1f],start_interpolation: 0,interpolation_duration: 1}
$data merge entity $(right_thumb) {transformation: [-0.9347f,-0.3555f,0.0021f,-2.516f,0.1514f,-0.4032f,-0.9025f,5.2399f,0.3216f,-0.8433f,0.4307f,2.2601f,0f,0f,0f,1f],start_interpolation: 0,interpolation_duration: 1}
$data merge entity $(right_fingers2) {transformation: [0.3555f,-0.9347f,0.0021f,-2.6659f,0.4032f,0.1514f,-0.9025f,5.5147f,0.8433f,0.3216f,0.4307f,3.0238f,0f,0f,0f,1f],start_interpolation: 0,interpolation_duration: 1}
$data merge entity $(right_fingers) {transformation: [-0.9621f,-0.2726f,0.0021f,-2.7708f,0.1156f,-0.4149f,-0.9025f,5.3932f,0.2469f,-0.8681f,0.4307f,2.7865f,0f,0f,0f,1f],start_interpolation: 0,interpolation_duration: 1}
$data merge entity $(scout) {transformation: [0f,0f,0f,-2.8674f,0f,0f,0f,8.5978f,0f,0f,0f,0.7526f,0f,0f,0f,1f],start_interpolation: 0,interpolation_duration: 1}
$data merge entity $(right_hand) {transformation: [-0.9695f,0.2449f,0.0021f,-2.6154f,-0.1073f,-0.4171f,-0.9025f,5.0976f,-0.2202f,-0.8752f,0.4307f,2.2691f,0f,0f,0f,1f],start_interpolation: 0,interpolation_duration: 1}
$data merge entity $(right_forearm) {transformation: [-1.2558f,0.3374f,-0.4541f,-2.0716f,0.2863f,-0.5745f,-1.2187f,4.1762f,-0.4879f,-1.2055f,0.4537f,0.4904f,0f,0f,0f,1f],start_interpolation: 0,interpolation_duration: 1}
$data merge entity $(right_shoulder) {transformation: [-1.3006f,0.654f,-0.1752f,-1.0065f,0.6667f,1.3031f,-0.0856f,5.6333f,0.1176f,-0.1556f,-1.4532f,0.3238f,0f,0f,0f,1f],start_interpolation: 0,interpolation_duration: 1}
$data merge entity $(right_arm) {transformation: [-1f,0f,0f,-0.4426f,0f,0.9848f,0.1736f,5.92f,0f,0.1736f,-0.9848f,0.3658f,0f,0f,0f,1f],start_interpolation: 0,interpolation_duration: 1}
$data merge entity $(left_thumb_2) {transformation: [-0.8647f,0.0115f,0.5021f,2.1312f,-0.1772f,0.9285f,-0.3264f,2.5071f,-0.4699f,-0.3713f,-0.8008f,0.3128f,0f,0f,0f,1f],start_interpolation: 0,interpolation_duration: 1}
$data merge entity $(left_thumb) {transformation: [-0.8647f,0.2795f,0.4173f,2.3434f,-0.1772f,0.6076f,-0.7742f,2.7398f,-0.4699f,-0.7434f,-0.4759f,0.1501f,0f,0f,0f,1f],start_interpolation: 0,interpolation_duration: 1}
$data merge entity $(left_fingers2) {transformation: [0.6148f,0.613f,0.4963f,2.2154f,0.7864f,-0.4285f,-0.4448f,2.0331f,-0.06f,0.6638f,-0.7455f,0.3784f,0f,0f,0f,1f],start_interpolation: 0,interpolation_duration: 1}
$data merge entity $(left_fingers) {transformation: [-0.4654f,0.7329f,0.4963f,2.441f,0.5886f,0.675f,-0.4448f,2.2056f,-0.661f,0.0851f,-0.7455f,0.4158f,0f,0f,0f,1f],start_interpolation: 0,interpolation_duration: 1}
$data merge entity $(left_hand) {transformation: [-0.8647f,0.0769f,0.4963f,2.5058f,-0.1772f,0.8779f,-0.4448f,2.7242f,-0.4699f,-0.4726f,-0.7455f,0.0903f,0f,0f,0f,1f],start_interpolation: 0,interpolation_duration: 1}
$data merge entity $(left_forearm) {transformation: [-1.2961f,-0.2976f,-0.3588f,1.9908f,-0.115f,1.2316f,-0.6059f,4.5522f,0.4517f,-0.5401f,-1.1838f,-0.7475f,0f,0f,0f,1f],start_interpolation: 0,interpolation_duration: 1}
$data merge entity $(left_shoulder) {transformation: [-1.3006f,-0.6005f,-0.3126f,1.0065f,-0.6667f,1.0185f,0.8173f,5.6333f,-0.1176f,0.8671f,-1.1765f,0.3238f,0f,0f,0f,1f],start_interpolation: 0,interpolation_duration: 1}
$data merge entity $(left_arm) {transformation: [-1f,0f,0f,0.4425f,0f,0.9848f,0.1736f,5.92f,0f,0.1736f,-0.9848f,0.3658f,0f,0f,0f,1f],start_interpolation: 0,interpolation_duration: 1}
$data merge entity $(chest) {transformation: [-1.2785f,0f,0f,0f,0f,1.2591f,0.222f,4.1475f,0f,0.222f,-1.2591f,0.0181f,0f,0f,0f,1f],start_interpolation: 0,interpolation_duration: 1}
$data merge entity $(left_cheek) {transformation: [-0.9854f,0.0306f,-0.1673f,0.3858f,0.0062f,0.9896f,0.144f,3.3013f,0.1699f,0.1409f,-0.9753f,-0.3904f,0f,0f,0f,1f],start_interpolation: 0,interpolation_duration: 1}
$data merge entity $(left_foot) {transformation: [-0.8862f,0.0679f,-0.5053f,0.1459f,-0.0232f,1.0068f,0.176f,-4.7035f,0.5093f,0.164f,-0.8712f,-1.3475f,0f,0f,0f,1f],start_interpolation: 0,interpolation_duration: 1}
$data merge entity $(left_knee) {transformation: [-2.8102f,0.2519f,-1.1364f,0.5288f,0f,2.9696f,0.6584f,-0.5666f,1.164f,0.6082f,-2.7436f,-0.6514f,0f,0f,0f,1f],start_interpolation: 0,interpolation_duration: 1}
$data merge entity $(left_leg) {transformation: [-1.5872f,0.1423f,-0.6419f,0.7095f,0f,1.6772f,0.3718f,2.1096f,0.6574f,0.3435f,-1.5496f,-0.0283f,0f,0f,0f,1f],start_interpolation: 0,interpolation_duration: 1}
$data merge entity $(right_cheek) {transformation: [-0.9834f,0.0436f,-0.176f,-0.4922f,0.0363f,0.9984f,0.0443f,3.2532f,0.1777f,0.0372f,-0.9834f,-0.2973f,0f,0f,0f,1f],start_interpolation: 0,interpolation_duration: 1}
$data merge entity $(right_foot) {transformation: [-1.0185f,-0.0205f,0.0861f,-0.5124f,-0.024f,1.0213f,-0.0412f,-4.8094f,-0.0852f,-0.043f,-1.0179f,0.9404f,0f,0f,0f,1f],start_interpolation: 0,interpolation_duration: 1}
$data merge entity $(right_knee) {transformation: [-3.0411f,-0.061f,-0.0089f,-0.6844f,-0.0605f,3.0384f,-0.1282f,-0.6111f,0.0114f,-0.128f,-3.039f,0.6392f,0f,0f,0f,1f],start_interpolation: 0,interpolation_duration: 1}
$data merge entity $(right_leg) {transformation: [-1.7176f,-0.0348f,-0.0005f,-0.6687f,-0.0342f,1.692f,-0.2958f,2.1096f,0.0065f,-0.2957f,-1.6923f,0.2148f,0f,0f,0f,1f],start_interpolation: 0,interpolation_duration: 1}
$data merge entity $(weist) {transformation: [-1.5977f,0f,-0.2817f,0f,0f,1.6223f,0f,3.7603f,0.2817f,0f,-1.5977f,-0.0225f,0f,0f,0f,1f],start_interpolation: 0,interpolation_duration: 1}
data modify storage animated_java:temp entry.data merge value {"locators":{"consume":{"px":-2.5782606825,"py":5.4031757109,"pz":2.964745204,"ry":179.7265312746,"rx":-64.4897108901}}}
# Data Manager: Prepare for Read / Write
execute store result storage animated_java:temp args.id int 1 run scoreboard players get @s aj.id
# Data Manager: Write
function animated_java:global/data_manager/write with storage animated_java:temp args
execute unless entity @s[tag=aj.transforms_only] at @s run function animated_java:female/animations/swing_end/zzz/frames/38_root_function