# This file was generated by Animated Java via MC-Build. It is not recommended to edit this file directly.
$data merge entity $(neck) {transformation: [-0.9998f,-0.0031f,0.0205f,-0.0021f,-0.0012f,0.9956f,0.0935f,5.9074f,-0.0207f,0.0935f,-0.9954f,0.0103f,0f,0f,0f,1f],start_interpolation: 0,interpolation_duration: 1}
$data merge entity $(right_thumb_2) {transformation: [-0.3892f,0.9204f,0.0377f,-3.783f,0.5361f,0.2596f,-0.8033f,6.8433f,-0.7491f,-0.2924f,-0.5944f,0.8866f,0f,0f,0f,1f],start_interpolation: 0,interpolation_duration: 1}
$data merge entity $(right_thumb) {transformation: [-0.3892f,0.5263f,-0.756f,-3.6607f,0.5361f,-0.538f,-0.6505f,6.7589f,-0.7491f,-0.6584f,-0.0727f,0.5647f,0f,0f,0f,1f],start_interpolation: 0,interpolation_duration: 1}
$data merge entity $(right_fingers2) {transformation: [0.2353f,-0.7561f,-0.6107f,-4.0948f,0.0949f,0.6432f,-0.7598f,7.1063f,0.9673f,0.1209f,0.2231f,0.921f,0f,0f,0f,1f],start_interpolation: 0,interpolation_duration: 1}
$data merge entity $(right_fingers) {transformation: [-0.7738f,-0.1685f,-0.6107f,-4.1691f,0.6324f,-0.1506f,-0.7598f,7.0757f,0.0361f,-0.9741f,0.2231f,0.6461f,0f,0f,0f,1f],start_interpolation: 0,interpolation_duration: 1}
$data merge entity $(scout) {transformation: [-2.2612f,-1.8106f,0.7127f,-4.1384f,1.4905f,-2.3141f,-1.1499f,6.9623f,1.2508f,-0.5155f,2.6587f,0.8221f,0f,0f,0f,1f],start_interpolation: 0,interpolation_duration: 1}
$data merge entity $(right_hand) {transformation: [-0.363f,0.7038f,-0.6107f,-3.7621f,0.0183f,-0.6499f,-0.7598f,6.6429f,-0.9316f,-0.287f,0.2231f,0.4843f,0f,0f,0f,1f],start_interpolation: 0,interpolation_duration: 1}
$data merge entity $(right_forearm) {transformation: [0.1015f,0.7475f,-1.1524f,-2.6825f,1.1231f,-0.7104f,-0.3619f,5.5131f,-0.7908f,-0.913f,-0.6619f,-0.8819f,0f,0f,0f,1f],start_interpolation: 0,interpolation_duration: 1}
$data merge entity $(right_shoulder) {transformation: [-0.0388f,1.422f,0.3553f,-0.9524f,1.1468f,0.2507f,-0.8785f,5.6159f,-0.9128f,0.2546f,-1.1188f,-0.3514f,0f,0f,0f,1f],start_interpolation: 0,interpolation_duration: 1}
$data merge entity $(right_arm) {transformation: [-0.9254f,-0.0031f,0.379f,-0.4282f,0.0326f,0.9956f,0.0877f,5.8867f,-0.3776f,0.0935f,-0.9212f,-0.1192f,0f,0f,0f,1f],start_interpolation: 0,interpolation_duration: 1}
$data merge entity $(left_thumb_2) {transformation: [-0.2143f,0.172f,0.9615f,0.5098f,-0.9575f,0.1574f,-0.2416f,4.9442f,-0.1929f,-0.9724f,0.131f,3.7958f,0f,0f,0f,1f],start_interpolation: 0,interpolation_duration: 1}
$data merge entity $(left_thumb) {transformation: [-0.2143f,0.6617f,0.7185f,0.7443f,-0.9575f,0.003f,-0.2883f,5.0912f,-0.1929f,-0.7498f,0.633f,3.5742f,0f,0f,0f,1f],start_interpolation: 0,interpolation_duration: 1}
$data merge entity $(left_fingers2) {transformation: [0.2625f,-0.6367f,0.7251f,0.3592f,0.9398f,-0.0017f,-0.3417f,4.9742f,0.2188f,0.7711f,0.5979f,4.1092f,0f,0f,0f,1f],start_interpolation: 0,interpolation_duration: 1}
$data merge entity $(left_fingers) {transformation: [0.4804f,0.4934f,0.7251f,0.4916f,-0.3711f,0.8634f,-0.3417f,5.2282f,-0.7947f,-0.1049f,0.5979f,4.1061f,0f,0f,0f,1f],start_interpolation: 0,interpolation_duration: 1}
$data merge entity $(left_hand) {transformation: [-0.3313f,0.6037f,0.7251f,0.8928f,-0.9342f,-0.1023f,-0.3417f,5.1456f,-0.1321f,-0.7906f,0.5979f,3.6463f,0f,0f,0f,1f],start_interpolation: 0,interpolation_duration: 1}
$data merge entity $(left_forearm) {transformation: [-1.1455f,0.5678f,0.5124f,1.7189f,-0.6529f,-0.2455f,-1.1876f,4.7055f,-0.3982f,-1.2306f,0.4734f,1.7936f,0f,0f,0f,1f],start_interpolation: 0,interpolation_duration: 1}
$data merge entity $(left_shoulder) {transformation: [-0.925f,-0.483f,1.03f,0.9104f,-1.058f,0.8533f,-0.5499f,5.5503f,-0.4183f,-1.0901f,-0.8868f,0.4088f,0f,0f,0f,1f],start_interpolation: 0,interpolation_duration: 1}
$data merge entity $(left_arm) {transformation: [-0.9254f,-0.0031f,0.379f,0.3908f,0.0326f,0.9956f,0.0877f,5.8579f,-0.3776f,0.0935f,-0.9212f,0.2151f,0f,0f,0f,1f],start_interpolation: 0,interpolation_duration: 1}
$data merge entity $(chest) {transformation: [-1.1831f,-0.0039f,0.4846f,0f,0.0417f,1.2729f,0.1121f,4.0772f,-0.4828f,0.1195f,-1.1778f,-0.1528f,0f,0f,0f,1f],start_interpolation: 0,interpolation_duration: 1}
$data merge entity $(left_cheek) {transformation: [-0.9964f,-0.0816f,0.0247f,0.4249f,-0.0752f,0.9777f,0.1963f,3.3685f,-0.0401f,0.1938f,-0.9802f,-0.7889f,0f,0f,0f,1f],start_interpolation: 0,interpolation_duration: 1}
$data merge entity $(left_foot) {transformation: [-0.9767f,-0.0291f,-0.3008f,0.8249f,-0.0287f,1.022f,-0.0057f,-4.46f,0.3009f,0.003f,-0.9771f,-2.604f,0f,0f,0f,1f],start_interpolation: 0,interpolation_duration: 1}
$data merge entity $(left_knee) {transformation: [-3.0078f,-0.0231f,-0.4525f,0.8607f,-0.1955f,2.8068f,1.1558f,-0.5225f,0.4088f,1.172f,-2.777f,-1.1072f,0f,0f,0f,1f],start_interpolation: 0,interpolation_duration: 1}
$data merge entity $(left_leg) {transformation: [-1.6988f,-0.0589f,-0.249f,0.7029f,-0.1104f,1.677f,0.3562f,2.1491f,0.2309f,0.3682f,-1.6621f,-0.459f,0f,0f,0f,1f],start_interpolation: 0,interpolation_duration: 1}
$data merge entity $(right_cheek) {transformation: [-0.9944f,0.1016f,0.0287f,-0.3949f,0.103f,0.9933f,0.0516f,3.3646f,-0.0233f,0.0543f,-0.9983f,-0.8082f,0f,0f,0f,1f],start_interpolation: 0,interpolation_duration: 1}
$data merge entity $(right_foot) {transformation: [-0.9949f,-0.1427f,0.187f,-0.7493f,-0.1647f,1.0029f,-0.111f,-3.1424f,-0.168f,-0.1381f,-0.999f,2.8184f,0f,0f,0f,1f],start_interpolation: 0,interpolation_duration: 1}
$data merge entity $(right_knee) {transformation: [-3.002f,-0.2609f,0.4148f,-1.1795f,-0.3276f,2.9833f,-0.4947f,0.9569f,-0.3644f,-0.5329f,-2.9724f,1.9488f,0f,0f,0f,1f],start_interpolation: 0,interpolation_duration: 1}
$data merge entity $(right_leg) {transformation: [-1.6984f,0.2578f,0.0153f,-0.6962f,0.095f,0.7181f,-1.5578f,2.1491f,-0.2402f,-1.5392f,-0.7242f,-0.4859f,0f,0f,0f,1f],start_interpolation: 0,interpolation_duration: 1}
$data merge entity $(weist) {transformation: [-1.622f,-0.0055f,0.0307f,0f,0f,1.5971f,0.2851f,3.7948f,-0.0312f,0.285f,-1.5968f,-0.2982f,0f,0f,0f,1f],start_interpolation: 0,interpolation_duration: 1}
data modify storage animated_java:temp entry.data merge value {"locators":{"consume":{"px":-4.2078747825,"py":7.0932401867,"pz":0.9051382784,"ry":249.9329385023,"rx":-49.4492979336}}}
# Data Manager: Prepare for Read / Write
execute store result storage animated_java:temp args.id int 1 run scoreboard players get @s aj.id
# Data Manager: Write
function animated_java:global/data_manager/write with storage animated_java:temp args