# This file was generated by Animated Java via MC-Build. It is not recommended to edit this file directly.
$data merge entity $(neck) {transformation: [-0.9999f,-0.0036f,0.0132f,-0.0031f,-0.0021f,0.9941f,0.1084f,5.899f,-0.0135f,0.1083f,-0.994f,0.007f,0f,0f,0f,1f],start_interpolation: 0,interpolation_duration: 1}
$data merge entity $(right_thumb_2) {transformation: [-0.2585f,0.9136f,-0.314f,-3.0043f,0.7533f,-0.0129f,-0.6576f,7.3942f,-0.6048f,-0.4065f,-0.6848f,1.3913f,0f,0f,0f,1f],start_interpolation: 0,interpolation_duration: 1}
$data merge entity $(right_thumb) {transformation: [-0.2585f,0.226f,-0.9392f,-2.9566f,0.7533f,-0.5615f,-0.3424f,7.33f,-0.6048f,-0.796f,-0.0251f,1.0459f,0f,0f,0f,1f],start_interpolation: 0,interpolation_duration: 1}
$data merge entity $(right_fingers2) {transformation: [0.3614f,-0.4636f,-0.809f,-3.198f,-0.1536f,0.8262f,-0.5421f,7.7354f,0.9197f,0.3202f,0.2274f,1.508f,0f,0f,0f,1f],start_interpolation: 0,interpolation_duration: 1}
$data merge entity $(right_fingers) {transformation: [-0.4933f,-0.3196f,-0.809f,-3.309f,0.8364f,0.081f,-0.5421f,7.7781f,0.2388f,-0.9441f,0.2274f,1.2474f,0f,0f,0f,1f],start_interpolation: 0,interpolation_duration: 1}
$data merge entity $(scout) {transformation: [-1.4376f,-0.2565f,2.6012f,-3.3002f,1.9178f,-2.1207f,0.8508f,7.6328f,1.776f,2.0823f,1.1869f,1.401f,0f,0f,0f,1f],start_interpolation: 0,interpolation_duration: 1}
$data merge entity $(right_hand) {transformation: [-0.4364f,0.3938f,-0.809f,-3.1007f,0.2947f,-0.7869f,-0.5421f,7.2694f,-0.8501f,-0.475f,0.2274f,0.9699f,0f,0f,0f,1f],start_interpolation: 0,interpolation_duration: 1}
$data merge entity $(right_forearm) {transformation: [0.4085f,0.3133f,-1.2775f,-2.6923f,1.1156f,-0.7912f,0.1627f,6.0374f,-0.6969f,-1.083f,-0.4884f,-0.6499f,0f,0f,0f,1f],start_interpolation: 0,interpolation_duration: 1}
$data merge entity $(right_shoulder) {transformation: [0.1768f,1.45f,-0.1265f,-0.9559f,0.9912f,-0.2132f,-1.0591f,5.6117f,-1.0658f,0.0422f,-1.006f,-0.3512f,0f,0f,0f,1f],start_interpolation: 0,interpolation_duration: 1}
$data merge entity $(right_arm) {transformation: [-0.9285f,-0.0036f,0.3713f,-0.4302f,0.0369f,0.9941f,0.1019f,5.8797f,-0.3695f,0.1083f,-0.9229f,-0.1193f,0f,0f,0f,1f],start_interpolation: 0,interpolation_duration: 1}
$data merge entity $(left_thumb_2) {transformation: [-0.1535f,0.2934f,0.9436f,0.0971f,-0.9766f,0.1008f,-0.1902f,5.1382f,-0.1509f,-0.9507f,0.2711f,3.7397f,0f,0f,0f,1f],start_interpolation: 0,interpolation_duration: 1}
$data merge entity $(left_thumb) {transformation: [-0.1535f,0.7545f,0.6381f,0.3536f,-0.9766f,-0.0172f,-0.2146f,5.2804f,-0.1509f,-0.6561f,0.7394f,3.5406f,0f,0f,0f,1f],start_interpolation: 0,interpolation_duration: 1}
$data merge entity $(left_fingers2) {transformation: [0.2045f,-0.7281f,0.6542f,-0.0932f,0.9626f,0.0284f,-0.2693f,5.1811f,0.1776f,0.6848f,0.7067f,4.0304f,0f,0f,0f,1f],start_interpolation: 0,interpolation_duration: 1}
$data merge entity $(left_fingers) {transformation: [0.5903f,0.4728f,0.6542f,0.0297f,-0.4023f,0.875f,-0.2693f,5.4398f,-0.6998f,-0.1042f,0.7067f,4.0256f,0f,0f,0f,1f],start_interpolation: 0,interpolation_duration: 1}
$data merge entity $(left_hand) {transformation: [-0.277f,0.7038f,0.6542f,0.4894f,-0.9548f,-0.1254f,-0.2693f,5.3461f,-0.1075f,-0.6993f,0.7067f,3.6268f,0f,0f,0f,1f],start_interpolation: 0,interpolation_duration: 1}
$data merge entity $(left_forearm) {transformation: [-1.061f,0.7294f,0.4894f,1.5616f,-0.7271f,-0.2989f,-1.1309f,4.8245f,-0.4927f,-1.1295f,0.6153f,1.9277f,0f,0f,0f,1f],start_interpolation: 0,interpolation_duration: 1}
$data merge entity $(left_shoulder) {transformation: [-0.8262f,-0.3648f,1.1551f,0.9131f,-1.1227f,0.7554f,-0.5645f,5.5373f,-0.4546f,-1.2026f,-0.705f,0.3926f,0f,0f,0f,1f],start_interpolation: 0,interpolation_duration: 1}
$data merge entity $(left_arm) {transformation: [-0.9285f,-0.0036f,0.3713f,0.3916f,0.0369f,0.9941f,0.1019f,5.847f,-0.3695f,0.1083f,-0.9229f,0.2078f,0f,0f,0f,1f],start_interpolation: 0,interpolation_duration: 1}
$data merge entity $(chest) {transformation: [-1.1871f,-0.0046f,0.4747f,0f,0.0472f,1.271f,0.1303f,4.0715f,-0.4724f,0.1385f,-1.18f,-0.1833f,0f,0f,0f,1f],start_interpolation: 0,interpolation_duration: 1}
$data merge entity $(left_cheek) {transformation: [-0.9969f,-0.0783f,-0.0005f,0.4121f,-0.0763f,0.9696f,0.2324f,3.4191f,-0.0177f,0.2317f,-0.9726f,-0.8901f,0f,0f,0f,1f],start_interpolation: 0,interpolation_duration: 1}
$data merge entity $(left_foot) {transformation: [-0.9674f,-0.027f,-0.3296f,0.6465f,-0.0292f,1.022f,0.0018f,-4.314f,0.3295f,0.0111f,-0.9678f,-3.069f,0f,0f,0f,1f],start_interpolation: 0,interpolation_duration: 1}
$data merge entity $(left_knee) {transformation: [-2.9852f,0.0672f,-0.5801f,0.8014f,-0.1909f,2.7434f,1.2998f,-0.4585f,0.5519f,1.312f,-2.6881f,-1.3789f,0f,0f,0f,1f],start_interpolation: 0,interpolation_duration: 1}
$data merge entity $(left_leg) {transformation: [-1.686f,-0.0268f,-0.3287f,0.698f,-0.1078f,1.663f,0.4175f,2.189f,0.3117f,0.4303f,-1.6337f,-0.6286f,0f,0f,0f,1f],start_interpolation: 0,interpolation_duration: 1}
$data merge entity $(right_cheek) {transformation: [-0.9946f,0.1024f,0.0138f,-0.4095f,0.1033f,0.9847f,0.1404f,3.3968f,0.0008f,0.1411f,-0.99f,-0.9381f,0f,0f,0f,1f],start_interpolation: 0,interpolation_duration: 1}
$data merge entity $(right_foot) {transformation: [-1.0077f,-0.1034f,0.138f,-0.8023f,-0.1148f,1.0128f,-0.0796f,-3.246f,-0.1286f,-0.0939f,-1.0099f,2.468f,0f,0f,0f,1f],start_interpolation: 0,interpolation_duration: 1}
$data merge entity $(right_knee) {transformation: [-3.0094f,-0.1994f,0.3951f,-1.1485f,-0.2493f,3.0075f,-0.3806f,0.8937f,-0.3657f,-0.4089f,-2.9919f,1.7692f,0f,0f,0f,1f],start_interpolation: 0,interpolation_duration: 1}
$data merge entity $(right_leg) {transformation: [-1.7014f,0.2355f,0.033f,-0.7014f,0.0787f,0.7826f,-1.5273f,2.189f,-0.2244f,-1.5111f,-0.7859f,-0.6194f,0f,0f,0f,1f],start_interpolation: 0,interpolation_duration: 1}
$data merge entity $(weist) {transformation: [-1.6223f,0.0025f,-0.0105f,0f,0f,1.5798f,0.3693f,3.8231f,0.0108f,0.3693f,-1.5797f,-0.3628f,0f,0f,0f,1f],start_interpolation: 0,interpolation_duration: 1}
data modify storage animated_java:temp entry.data merge value {"locators":{"consume":{"px":-3.3094981518,"py":7.7632600524,"pz":1.5094661546,"ry":254.3003780768,"rx":-32.8258685343}}}
# Data Manager: Prepare for Read / Write
execute store result storage animated_java:temp args.id int 1 run scoreboard players get @s aj.id
# Data Manager: Write
function animated_java:global/data_manager/write with storage animated_java:temp args