# This file was generated by Animated Java via MC-Build. It is not recommended to edit this file directly.
$data merge entity $(neck) {transformation: [-1f,-0.001f,0.0064f,0.0017f,-0.0002f,0.9926f,0.1212f,5.8933f,-0.0065f,0.1212f,-0.9926f,0.0034f,0f,0f,0f,1f],start_interpolation: 0,interpolation_duration: 1}
$data merge entity $(right_thumb_2) {transformation: [-0.0164f,0.8313f,-0.5556f,-2.1681f,0.8813f,-0.2505f,-0.4008f,7.6337f,-0.4723f,-0.4962f,-0.7285f,1.7074f,0f,0f,0f,1f],start_interpolation: 0,interpolation_duration: 1}
$data merge entity $(right_thumb) {transformation: [-0.0164f,-0.022f,-0.9996f,-2.1635f,0.8813f,-0.4726f,-0.004f,7.6124f,-0.4723f,-0.881f,0.0271f,1.3536f,0f,0f,0f,1f],start_interpolation: 0,interpolation_duration: 1}
$data merge entity $(right_fingers2) {transformation: [0.3348f,-0.1353f,-0.9325f,-2.2269f,-0.4066f,0.872f,-0.2725f,7.9971f,0.8501f,0.4704f,0.2369f,1.8866f,0f,0f,0f,1f],start_interpolation: 0,interpolation_duration: 1}
$data merge entity $(right_fingers) {transformation: [-0.164f,-0.3217f,-0.9325f,-2.33f,0.9041f,0.3291f,-0.2725f,8.1144f,0.3945f,-0.8878f,0.2369f,1.6465f,0f,0f,0f,1f],start_interpolation: 0,interpolation_duration: 1}
$data merge entity $(scout) {transformation: [-0.5989f,2.3922f,1.6787f,-2.3635f,1.982f,-0.9267f,2.0278f,7.9522f,2.1476f,1.5224f,-1.4033f,1.7783f,0f,0f,0f,1f],start_interpolation: 0,interpolation_duration: 1}
$data merge entity $(right_hand) {transformation: [-0.3532f,0.0751f,-0.9325f,-2.3233f,0.5519f,-0.7882f,-0.2725f,7.6155f,-0.7555f,-0.6109f,0.2369f,1.2855f,0f,0f,0f,1f],start_interpolation: 0,interpolation_duration: 1}
$data merge entity $(right_forearm) {transformation: [0.7248f,-0.0673f,-1.1693f,-2.4974f,0.9923f,-0.6952f,0.6551f,6.5511f,-0.6222f,-1.1871f,-0.3173f,-0.4879f,0f,0f,0f,1f],start_interpolation: 0,interpolation_duration: 1}
$data merge entity $(right_shoulder) {transformation: [0.3142f,1.304f,-0.5922f,-0.9519f,0.8176f,-0.6611f,-1.0219f,5.6132f,-1.1759f,-0.1112f,-0.8688f,-0.3585f,0f,0f,0f,1f],start_interpolation: 0,interpolation_duration: 1}
$data merge entity $(right_arm) {transformation: [-0.9284f,-0.001f,0.3716f,-0.4255f,0.0441f,0.9926f,0.1129f,5.8768f,-0.369f,0.1212f,-0.9215f,-0.1231f,0f,0f,0f,1f],start_interpolation: 0,interpolation_duration: 1}
$data merge entity $(left_thumb_2) {transformation: [-0.0983f,0.4101f,0.9067f,-0.3049f,-0.9879f,0.0693f,-0.1384f,5.2461f,-0.1196f,-0.9094f,0.3984f,3.6221f,0f,0f,0f,1f],start_interpolation: 0,interpolation_duration: 1}
$data merge entity $(left_thumb) {transformation: [-0.0983f,0.8331f,0.5444f,-0.03f,-0.9879f,-0.016f,-0.154f,5.3897f,-0.1196f,-0.5529f,0.8246f,3.4503f,0f,0f,0f,1f],start_interpolation: 0,interpolation_duration: 1}
$data merge entity $(left_fingers2) {transformation: [0.1515f,-0.8081f,0.5693f,-0.5317f,0.9773f,0.0359f,-0.209f,5.2937f,0.1484f,0.588f,0.7952f,3.8855f,0f,0f,0f,1f],start_interpolation: 0,interpolation_duration: 1}
$data merge entity $(left_fingers) {transformation: [0.687f,0.4517f,0.5693f,-0.4182f,-0.4104f,0.8876f,-0.209f,5.5567f,-0.5997f,-0.09f,0.7952f,3.8826f,0f,0f,0f,1f],start_interpolation: 0,interpolation_duration: 1}
$data merge entity $(left_hand) {transformation: [-0.2258f,0.7905f,0.5693f,0.0914f,-0.9697f,-0.1265f,-0.209f,5.4649f,-0.0932f,-0.5992f,0.7952f,3.5493f,0f,0f,0f,1f],start_interpolation: 0,interpolation_duration: 1}
$data merge entity $(left_forearm) {transformation: [-0.9637f,0.8761f,0.4481f,1.387f,-0.7922f,-0.3186f,-1.0807f,4.9127f,-0.5837f,-1.0139f,0.7269f,2.0245f,0f,0f,0f,1f],start_interpolation: 0,interpolation_duration: 1}
$data merge entity $(left_shoulder) {transformation: [-0.7225f,-0.233f,1.2544f,0.9169f,-1.1757f,0.6814f,-0.5506f,5.5243f,-0.4955f,-1.2772f,-0.5226f,0.3843f,0f,0f,0f,1f],start_interpolation: 0,interpolation_duration: 1}
$data merge entity $(left_arm) {transformation: [-0.9284f,-0.001f,0.3716f,0.3962f,0.0441f,0.9926f,0.1129f,5.8377f,-0.369f,0.1212f,-0.9215f,0.2035f,0f,0f,0f,1f],start_interpolation: 0,interpolation_duration: 1}
$data merge entity $(chest) {transformation: [-1.187f,-0.0012f,0.4752f,0f,0.0564f,1.2691f,0.1443f,4.0684f,-0.4718f,0.155f,-1.1782f,-0.2106f,0f,0f,0f,1f],start_interpolation: 0,interpolation_duration: 1}
$data merge entity $(left_cheek) {transformation: [-0.997f,-0.0746f,-0.0218f,0.3997f,-0.0777f,0.9616f,0.2632f,3.465f,0.0013f,0.2641f,-0.9645f,-0.9755f,0f,0f,0f,1f],start_interpolation: 0,interpolation_duration: 1}
$data merge entity $(left_foot) {transformation: [-0.9586f,-0.0259f,-0.3545f,0.482f,-0.032f,1.0218f,0.0121f,-4.1735f,0.354f,0.0224f,-0.9589f,-3.452f,0f,0f,0f,1f],start_interpolation: 0,interpolation_duration: 1}
$data merge entity $(left_knee) {transformation: [-2.9601f,0.1487f,-0.6842f,0.7449f,-0.1931f,2.6836f,1.4188f,-0.3957f,0.673f,1.4241f,-2.6021f,-1.6068f,0f,0f,0f,1f],start_interpolation: 0,interpolation_duration: 1}
$data merge entity $(left_leg) {transformation: [-1.6718f,0.0019f,-0.3955f,0.6899f,-0.1091f,1.6491f,0.4689f,2.228f,0.3801f,0.4814f,-1.6047f,-0.7726f,0f,0f,0f,1f],start_interpolation: 0,interpolation_duration: 1}
$data merge entity $(right_cheek) {transformation: [-0.9957f,0.0927f,-0.0065f,-0.4332f,0.0885f,0.9667f,0.2401f,3.4293f,0.0286f,0.2385f,-0.9707f,-0.9815f,0f,0f,0f,1f],start_interpolation: 0,interpolation_duration: 1}
$data merge entity $(right_foot) {transformation: [-1.016f,-0.0313f,0.11f,-1.0024f,-0.0325f,1.0218f,-0.0094f,-3.6884f,-0.1096f,-0.0129f,-1.0164f,1.748f,0f,0f,0f,1f],start_interpolation: 0,interpolation_duration: 1}
$data merge entity $(right_knee) {transformation: [-3.0144f,-0.0311f,0.4055f,-1.1155f,-0.0535f,3.0368f,-0.1648f,0.5063f,-0.4032f,-0.1704f,-3.0101f,1.3774f,0f,0f,0f,1f],start_interpolation: 0,interpolation_duration: 1}
$data merge entity $(right_leg) {transformation: [-1.7029f,0.211f,0.0836f,-0.709f,0.0637f,1.0515f,-1.3571f,2.228f,-0.2179f,-1.3421f,-1.0501f,-0.7328f,0f,0f,0f,1f],start_interpolation: 0,interpolation_duration: 1}
$data merge entity $(weist) {transformation: [-1.6217f,0.0125f,-0.0445f,0f,0f,1.5617f,0.4396f,3.8488f,0.0462f,0.4394f,-1.561f,-0.4188f,0f,0f,0f,1f],start_interpolation: 0,interpolation_duration: 1}
data modify storage animated_java:temp entry.data merge value {"locators":{"consume":{"px":-2.3218491825,"py":8.0596924907,"pz":1.9030781836,"ry":255.7454774568,"rx":-15.8118022682}}}
# Data Manager: Prepare for Read / Write
execute store result storage animated_java:temp args.id int 1 run scoreboard players get @s aj.id
# Data Manager: Write
function animated_java:global/data_manager/write with storage animated_java:temp args