# This file was generated by Animated Java via MC-Build. It is not recommended to edit this file directly.
$data merge entity $(neck) {transformation: [-1f,0f,0f,0.0036f,0f,0.9914f,0.1305f,5.8921f,0f,0.1305f,-0.9914f,-0.0007f,0f,0f,0f,1f],start_interpolation: 0,interpolation_duration: 1}
$data merge entity $(right_thumb_2) {transformation: [0.1873f,0.7413f,-0.6445f,-1.6059f,0.9028f,-0.3885f,-0.1845f,7.6438f,-0.3872f,-0.5473f,-0.742f,1.8411f,0f,0f,0f,1f],start_interpolation: 0,interpolation_duration: 1}
$data merge entity $(right_thumb) {transformation: [0.1873f,-0.1453f,-0.9715f,-1.6112f,0.9028f,-0.3643f,0.2286f,7.6572f,-0.3872f,-0.9199f,0.0629f,1.4869f,0f,0f,0f,1f],start_interpolation: 0,interpolation_duration: 1}
$data merge entity $(right_fingers2) {transformation: [0.2397f,0.0821f,-0.9674f,-1.5743f,-0.5562f,0.8283f,-0.0676f,7.9912f,0.7957f,0.5543f,0.2442f,2.0554f,0f,0f,0f,1f],start_interpolation: 0,interpolation_duration: 1}
$data merge entity $(right_fingers) {transformation: [0.0609f,-0.246f,-0.9674f,-1.6498f,0.8736f,0.4819f,-0.0676f,8.1527f,0.4828f,-0.841f,0.2442f,1.8311f,0f,0f,0f,1f],start_interpolation: 0,interpolation_duration: 1}
$data merge entity $(scout) {transformation: [-0.0822f,2.6475f,-1.3723f,-1.7191f,1.8441f,1.124f,2.0579f,7.9907f,2.3434f,-0.7916f,-1.6676f,1.9484f,0f,0f,0f,1f],start_interpolation: 0,interpolation_duration: 1}
$data merge entity $(right_hand) {transformation: [-0.2218f,-0.1225f,-0.9674f,-1.7666f,0.6916f,-0.7191f,-0.0676f,7.7046f,-0.6874f,-0.684f,0.2442f,1.4253f,0f,0f,0f,1f],start_interpolation: 0,interpolation_duration: 1}
$data merge entity $(right_forearm) {transformation: [0.9246f,-0.2727f,-0.9838f,-2.2516f,0.8403f,-0.5506f,0.9423f,6.8748f,-0.5798f,-1.2327f,-0.2032f,-0.4145f,0f,0f,0f,1f],start_interpolation: 0,interpolation_duration: 1}
$data merge entity $(right_shoulder) {transformation: [0.3635f,1.1072f,-0.8899f,-0.9463f,0.6845f,-0.9414f,-0.8917f,5.6178f,-1.2447f,-0.1944f,-0.7502f,-0.3764f,0f,0f,0f,1f],start_interpolation: 0,interpolation_duration: 1}
$data merge entity $(right_arm) {transformation: [-0.9239f,0f,0.3827f,-0.4221f,0.05f,0.9914f,0.1206f,5.8778f,-0.3794f,0.1305f,-0.916f,-0.1324f,0f,0f,0f,1f],start_interpolation: 0,interpolation_duration: 1}
$data merge entity $(left_thumb_2) {transformation: [-0.0427f,0.5085f,0.86f,-0.6558f,-0.994f,0.0651f,-0.0878f,5.2655f,-0.1007f,-0.8586f,0.5026f,3.4768f,0f,0f,0f,1f],start_interpolation: 0,interpolation_duration: 1}
$data merge entity $(left_thumb) {transformation: [-0.0427f,0.8909f,0.4521f,-0.3692f,-0.994f,0.0077f,-0.1091f,5.4169f,-0.1007f,-0.4541f,0.8853f,3.3331f,0f,0f,0f,1f],start_interpolation: 0,interpolation_duration: 1}
$data merge entity $(left_fingers2) {transformation: [0.0969f,-0.8694f,0.4846f,-0.9126f,0.9864f,0.0189f,-0.1633f,5.3089f,0.1328f,0.4938f,0.8594f,3.7128f,0f,0f,0f,1f],start_interpolation: 0,interpolation_duration: 1}
$data merge entity $(left_fingers) {transformation: [0.7661f,0.4222f,0.4846f,-0.8103f,-0.3949f,0.9041f,-0.1633f,5.5764f,-0.5071f,-0.0662f,0.8594f,3.7145f,0f,0f,0f,1f],start_interpolation: 0,interpolation_duration: 1}
$data merge entity $(left_hand) {transformation: [-0.1723f,0.8576f,0.4846f,-0.263f,-0.981f,-0.1048f,-0.1633f,5.5f,-0.0893f,-0.5035f,0.8594f,3.4428f,0f,0f,0f,1f],start_interpolation: 0,interpolation_duration: 1}
$data merge entity $(left_forearm) {transformation: [-0.8579f,0.9971f,0.4086f,1.2177f,-0.8487f,-0.3033f,-1.0415f,4.9699f,-0.664f,-0.9005f,0.8033f,2.0883f,0f,0f,0f,1f],start_interpolation: 0,interpolation_duration: 1}
$data merge entity $(left_shoulder) {transformation: [-0.6129f,-0.1133f,1.3272f,0.9134f,-1.2188f,0.637f,-0.5085f,5.5172f,-0.5373f,-1.3158f,-0.3604f,0.3873f,0f,0f,0f,1f],start_interpolation: 0,interpolation_duration: 1}
$data merge entity $(left_arm) {transformation: [-0.9239f,0f,0.3827f,0.3956f,0.05f,0.9914f,0.1206f,5.8336f,-0.3794f,0.1305f,-0.916f,0.2034f,0f,0f,0f,1f],start_interpolation: 0,interpolation_duration: 1}
$data merge entity $(chest) {transformation: [-1.1812f,0f,0.4893f,0f,0.0639f,1.2676f,0.1542f,4.0693f,-0.4851f,0.1669f,-1.1711f,-0.2319f,0f,0f,0f,1f],start_interpolation: 0,interpolation_duration: 1}
$data merge entity $(left_cheek) {transformation: [-0.9968f,-0.0714f,-0.0364f,0.3903f,-0.0788f,0.9554f,0.2847f,3.5004f,0.0145f,0.2867f,-0.9579f,-1.0362f,0f,0f,0f,1f],start_interpolation: 0,interpolation_duration: 1}
$data merge entity $(left_foot) {transformation: [-0.952f,-0.0257f,-0.372f,0.3609f,-0.0377f,1.0213f,0.0261f,-4.0648f,0.3709f,0.038f,-0.9519f,-3.7136f,0f,0f,0f,1f],start_interpolation: 0,interpolation_duration: 1}
$data merge entity $(left_knee) {transformation: [-2.9394f,0.208f,-0.7541f,0.7023f,-0.198f,2.6389f,1.4997f,-0.3455f,0.7568f,1.4983f,-2.5366f,-1.7654f,0f,0f,0f,1f],start_interpolation: 0,interpolation_duration: 1}
$data merge entity $(left_leg) {transformation: [-1.6602f,0.0225f,-0.4413f,0.6823f,-0.1118f,1.6385f,0.5044f,2.26f,0.4274f,0.5161f,-1.5819f,-0.8744f,0f,0f,0f,1f],start_interpolation: 0,interpolation_duration: 1}
$data merge entity $(right_cheek) {transformation: [-0.9964f,0.0809f,-0.0266f,-0.4515f,0.069f,0.9496f,0.3057f,3.463f,0.05f,0.3028f,-0.9518f,-1.011f,0f,0f,0f,1f],start_interpolation: 0,interpolation_duration: 1}
$data merge entity $(right_foot) {transformation: [-1.0186f,0.0235f,0.0845f,-1.1449f,0.027f,1.0211f,0.0427f,-4.0046f,-0.0834f,0.0447f,-1.018f,1.113f,0f,0f,0f,1f],start_interpolation: 0,interpolation_duration: 1}
$data merge entity $(right_knee) {transformation: [-3.0164f,0.0978f,0.3797f,-1.0805f,0.0975f,3.0402f,-0.0088f,0.2054f,-0.3798f,0.0034f,-3.0179f,0.9834f,0f,0f,0f,1f],start_interpolation: 0,interpolation_duration: 1}
$data merge entity $(right_leg) {transformation: [-1.7036f,0.1856f,0.1208f,-0.7158f,0.0551f,1.2626f,-1.1637f,2.26f,-0.2145f,-1.1501f,-1.258f,-0.8134f,0f,0f,0f,1f],start_interpolation: 0,interpolation_duration: 1}
$data merge entity $(weist) {transformation: [-1.6208f,0.0213f,-0.0675f,0f,0f,1.5473f,0.4878f,3.8696f,0.0708f,0.4874f,-1.5458f,-0.46f,0f,0f,0f,1f],start_interpolation: 0,interpolation_duration: 1}
data modify storage animated_java:temp entry.data merge value {"locators":{"consume":{"px":-1.6514567589,"py":8.0724205847,"pz":2.081069,"ry":255.8311080284,"rx":-3.8741032906}}}
# Data Manager: Prepare for Read / Write
execute store result storage animated_java:temp args.id int 1 run scoreboard players get @s aj.id
# Data Manager: Write
function animated_java:global/data_manager/write with storage animated_java:temp args
execute unless entity @s[tag=aj.transforms_only] at @s run function animated_java:female/animations/swing_end/zzz/frames/7_root_function