# This file was generated by Animated Java via MC-Build. It is not recommended to edit this file directly.
$data merge entity $(neck) {transformation: [-0.9999f,-0.0026f,-0.0118f,0.0111f,-0.0043f,0.9893f,0.1457f,5.903f,0.0113f,0.1457f,-0.9893f,-0.0207f,0f,0f,0f,1f],start_interpolation: 0,interpolation_duration: 1}
$data merge entity $(right_thumb_2) {transformation: [0.3073f,0.6572f,-0.6883f,-1.1216f,0.8833f,-0.4661f,-0.0507f,7.6448f,-0.3541f,-0.5923f,-0.7237f,1.8085f,0f,0f,0f,1f],start_interpolation: 0,interpolation_duration: 1}
$data merge entity $(right_thumb) {transformation: [0.3073f,-0.2274f,-0.924f,-1.1361f,0.8833f,-0.2932f,0.3659f,7.6762f,-0.3541f,-0.9286f,0.1107f,1.4557f,0f,0f,0f,1f],start_interpolation: 0,interpolation_duration: 1}
$data merge entity $(right_fingers2) {transformation: [0.1795f,0.2223f,-0.9583f,-1.0317f,-0.624f,0.7788f,0.0638f,7.9728f,0.7605f,0.5865f,0.2785f,2.0365f,0f,0f,0f,1f],start_interpolation: 0,interpolation_duration: 1}
$data merge entity $(right_fingers) {transformation: [0.2058f,-0.1982f,-0.9583f,-1.0894f,0.8303f,0.5537f,0.0638f,8.1544f,0.518f,-0.8088f,0.2785f,1.8226f,0f,0f,0f,1f],start_interpolation: 0,interpolation_duration: 1}
$data merge entity $(scout) {transformation: [0.2686f,-0.1965f,-2.9645f,-1.1783f,1.7185f,2.4384f,-0.0059f,7.9988f,2.4236f,-1.7072f,0.3328f,1.9352f,0f,0f,0f,1f],start_interpolation: 0,interpolation_duration: 1}
$data merge entity $(right_hand) {transformation: [-0.1382f,-0.2501f,-0.9583f,-1.2847f,0.7497f,-0.6586f,0.0638f,7.749f,-0.6471f,-0.7097f,0.2785f,1.4023f,0f,0f,0f,1f],start_interpolation: 0,interpolation_duration: 1}
$data merge entity $(right_forearm) {transformation: [1.0136f,-0.4328f,-0.8261f,-2.0086f,0.7031f,-0.4471f,1.0968f,7.0864f,-0.6128f,-1.2288f,-0.1081f,-0.4267f,0f,0f,0f,1f],start_interpolation: 0,interpolation_duration: 1}
$data merge entity $(right_shoulder) {transformation: [0.3235f,0.9204f,-1.0946f,-0.9165f,0.5703f,-1.1122f,-0.7666f,5.6401f,-1.3115f,-0.2566f,-0.6033f,-0.4558f,0f,0f,0f,1f],start_interpolation: 0,interpolation_duration: 1}
$data merge entity $(right_arm) {transformation: [-0.8996f,-0.0026f,0.4366f,-0.4062f,0.0613f,0.9893f,0.1322f,5.8933f,-0.4323f,0.1457f,-0.8899f,-0.1773f,0f,0f,0f,1f],start_interpolation: 0,interpolation_duration: 1}
$data merge entity $(left_thumb_2) {transformation: [0.0822f,0.6446f,0.7601f,-1.1667f,-0.9925f,0.1224f,0.0035f,5.0878f,-0.0908f,-0.7547f,0.6498f,3.1802f,0f,0f,0f,1f],start_interpolation: 0,interpolation_duration: 1}
$data merge entity $(left_thumb) {transformation: [0.0822f,0.952f,0.2947f,-0.8768f,-0.9925f,0.1051f,-0.0628f,5.2697f,-0.0908f,-0.2874f,0.9535f,3.0878f,0f,0f,0f,1f],start_interpolation: 0,interpolation_duration: 1}
$data merge entity $(left_fingers2) {transformation: [-0.0309f,-0.9405f,0.3385f,-1.4647f,0.9909f,-0.0731f,-0.1128f,5.1023f,0.1308f,0.3319f,0.9342f,3.3669f,0f,0f,0f,1f],start_interpolation: 0,interpolation_duration: 1}
$data merge entity $(left_fingers) {transformation: [0.8815f,0.3291f,0.3385f,-1.3933f,-0.3092f,0.9443f,-0.1128f,5.3792f,-0.3567f,-0.0053f,0.9342f,3.3823f,0f,0f,0f,1f],start_interpolation: 0,interpolation_duration: 1}
$data merge entity $(left_hand) {transformation: [-0.0474f,0.9398f,0.3385f,-0.8014f,-0.9936f,-0.0095f,-0.1128f,5.3634f,-0.1028f,-0.3416f,0.9342f,3.2132f,0f,0f,0f,1f],start_interpolation: 0,interpolation_duration: 1}
$data merge entity $(left_forearm) {transformation: [-0.6304f,1.168f,0.3679f,0.9448f,-0.9339f,-0.1909f,-0.9942f,5.001f,-0.7922f,-0.7045f,0.8793f,2.1513f,0f,0f,0f,1f],start_interpolation: 0,interpolation_duration: 1}
$data merge entity $(left_shoulder) {transformation: [-0.3744f,0.058f,1.4164f,0.8945f,-1.276f,0.6244f,-0.3629f,5.5167f,-0.6175f,-1.3254f,-0.109f,0.4144f,0f,0f,0f,1f],start_interpolation: 0,interpolation_duration: 1}
$data merge entity $(left_arm) {transformation: [-0.8996f,-0.0026f,0.4366f,0.3901f,0.0613f,0.9893f,0.1322f,5.839f,-0.4323f,0.1457f,-0.8899f,0.2053f,0f,0f,0f,1f],start_interpolation: 0,interpolation_duration: 1}
$data merge entity $(chest) {transformation: [-1.1502f,-0.0033f,0.5582f,0.0117f,0.0784f,1.2649f,0.1691f,4.084f,-0.5527f,0.1863f,-1.1377f,-0.28f,0f,0f,0f,1f],start_interpolation: 0,interpolation_duration: 1}
$data merge entity $(left_cheek) {transformation: [-0.9965f,-0.0648f,-0.0532f,0.3952f,-0.0779f,0.9503f,0.3016f,3.5365f,0.031f,0.3047f,-0.952f,-1.1157f,0f,0f,0f,1f],start_interpolation: 0,interpolation_duration: 1}
$data merge entity $(left_foot) {transformation: [-0.9467f,-0.0276f,-0.385f,0.2855f,-0.0573f,1.0185f,0.0679f,-3.9723f,0.3818f,0.0845f,-0.9447f,-3.9381f,0f,0f,0f,1f],start_interpolation: 0,interpolation_duration: 1}
$data merge entity $(left_knee) {transformation: [-2.9232f,0.2497f,-0.8029f,0.6823f,-0.2048f,2.6056f,1.5559f,-0.2965f,0.8156f,1.5493f,-2.4873f,-1.9189f,0f,0f,0f,1f],start_interpolation: 0,interpolation_duration: 1}
$data merge entity $(left_leg) {transformation: [-1.651f,0.0375f,-0.4734f,0.6876f,-0.1156f,1.6292f,0.5325f,2.2932f,0.4606f,0.5436f,-1.5632f,-0.983f,0f,0f,0f,1f],start_interpolation: 0,interpolation_duration: 1}
$data merge entity $(right_cheek) {transformation: [-0.9963f,0.0752f,-0.0413f,-0.4508f,0.0575f,0.9428f,0.3284f,3.4939f,0.0637f,0.3248f,-0.9436f,-1.079f,0f,0f,0f,1f],start_interpolation: 0,interpolation_duration: 1}
$data merge entity $(right_foot) {transformation: [-1.0182f,0.0428f,0.0823f,-1.1529f,0.047f,1.02f,0.0514f,-4.1214f,-0.08f,0.0549f,-1.0178f,0.7633f,0f,0f,0f,1f],start_interpolation: 0,interpolation_duration: 1}
$data merge entity $(right_knee) {transformation: [-3.0192f,0.1288f,0.3467f,-1.0471f,0.1346f,3.0385f,0.0427f,0.0895f,-0.3446f,0.0577f,-3.0216f,0.7096f,0f,0f,0f,1f],start_interpolation: 0,interpolation_duration: 1}
$data merge entity $(right_leg) {transformation: [-1.7051f,0.1685f,0.1246f,-0.7098f,0.0574f,1.3577f,-1.051f,2.2931f,-0.2016f,-1.039f,-1.3532f,-0.9069f,0f,0f,0f,1f],start_interpolation: 0,interpolation_duration: 1}
$data merge entity $(weist) {transformation: [-1.6199f,0.0284f,-0.0835f,0.0117f,-0.0002f,1.5351f,0.5249f,3.8931f,0.0882f,0.5242f,-1.5328f,-0.5227f,0f,0f,0f,1f],start_interpolation: 0,interpolation_duration: 1}
data modify storage animated_java:temp entry.data merge value {"locators":{"consume":{"px":-1.0950014542,"py":8.0630655709,"pz":2.068671414,"ry":253.7937151772,"rx":3.6581035163}}}
# Data Manager: Prepare for Read / Write
execute store result storage animated_java:temp args.id int 1 run scoreboard players get @s aj.id
# Data Manager: Write
function animated_java:global/data_manager/write with storage animated_java:temp args