# This file was generated by Animated Java via MC-Build. It is not recommended to edit this file directly.
$data merge entity $(neck) {transformation: [-0.9997f,-0.0079f,-0.0243f,0.0216f,-0.0116f,0.9875f,0.1573f,5.9249f,0.0227f,0.1576f,-0.9872f,-0.0533f,0f,0f,0f,1f],start_interpolation: 0,interpolation_duration: 1}
$data merge entity $(right_thumb_2) {transformation: [0.2527f,0.5914f,-0.7658f,-0.737f,0.8402f,-0.5266f,-0.1295f,7.9396f,-0.4799f,-0.6107f,-0.6299f,1.3951f,0f,0f,0f,1f],start_interpolation: 0,interpolation_duration: 1}
$data merge entity $(right_thumb) {transformation: [0.2527f,-0.3281f,-0.9102f,-0.7922f,0.8402f,-0.3922f,0.3746f,7.9327f,-0.4799f,-0.8594f,0.1766f,1.0449f,0f,0f,0f,1f],start_interpolation: 0,interpolation_duration: 1}
$data merge entity $(right_fingers2) {transformation: [0.2738f,0.2773f,-0.9209f,-0.6261f,-0.5379f,0.838f,0.0924f,8.2904f,0.7973f,0.47f,0.3786f,1.5746f,0f,0f,0f,1f],start_interpolation: 0,interpolation_duration: 1}
$data merge entity $(right_fingers) {transformation: [0.2524f,-0.297f,-0.9209f,-0.7103f,0.8816f,0.4628f,0.0924f,8.4478f,0.3988f,-0.8352f,0.3786f,1.3506f,0f,0f,0f,1f],start_interpolation: 0,interpolation_duration: 1}
$data merge entity $(scout) {transformation: [0.5206f,-2.8953f,-0.4951f,-0.7837f,1.9708f,0.7172f,-2.1215f,8.3052f,2.1781f,0.0431f,2.038f,1.4888f,0f,0f,0f,1f],start_interpolation: 0,interpolation_duration: 1}
$data merge entity $(right_hand) {transformation: [-0.2215f,-0.3206f,-0.9209f,-0.9469f,0.6752f,-0.7318f,0.0924f,7.999f,-0.7036f,-0.6013f,0.3786f,1.0015f,0f,0f,0f,1f],start_interpolation: 0,interpolation_duration: 1}
$data merge entity $(right_forearm) {transformation: [0.9249f,-0.5978f,-0.8273f,-1.9156f,0.6093f,-0.5723f,1.0947f,7.1516f,-0.8188f,-1.101f,-0.1199f,-0.6269f,0f,0f,0f,1f],start_interpolation: 0,interpolation_duration: 1}
$data merge entity $(right_shoulder) {transformation: [0.2071f,0.8655f,-1.1653f,-0.8647f,0.3911f,-1.1668f,-0.7971f,5.6758f,-1.3978f,-0.1983f,-0.3957f,-0.5741f,0f,0f,0f,1f],start_interpolation: 0,interpolation_duration: 1}
$data merge entity $(right_arm) {transformation: [-0.8562f,-0.0079f,0.5167f,-0.3798f,0.0747f,0.9875f,0.139f,5.9209f,-0.5113f,0.1576f,-0.8448f,-0.2473f,0f,0f,0f,1f],start_interpolation: 0,interpolation_duration: 1}
$data merge entity $(left_thumb_2) {transformation: [0.2337f,0.7343f,0.6373f,-1.5413f,-0.9697f,0.2242f,0.0972f,4.7652f,-0.0715f,-0.6407f,0.7645f,2.8515f,0f,0f,0f,1f],start_interpolation: 0,interpolation_duration: 1}
$data merge entity $(left_thumb) {transformation: [0.2337f,0.9618f,0.1429f,-1.2686f,-0.9697f,0.2413f,-0.0384f,4.9871f,-0.0715f,-0.1296f,0.989f,2.8065f,0f,0f,0f,1f],start_interpolation: 0,interpolation_duration: 1}
$data merge entity $(left_fingers2) {transformation: [-0.1901f,-0.9621f,0.1955f,-1.8646f,0.9745f,-0.2092f,-0.0815f,4.7348f,0.1193f,0.175f,0.9773f,2.9871f,0f,0f,0f,1f],start_interpolation: 0,interpolation_duration: 1}
$data merge entity $(left_fingers) {transformation: [0.9621f,0.1903f,0.1955f,-1.836f,-0.1774f,0.9807f,-0.0815f,5.0187f,-0.2073f,0.0437f,0.9773f,3.0126f,0f,0f,0f,1f],start_interpolation: 0,interpolation_duration: 1}
$data merge entity $(left_hand) {transformation: [0.1091f,0.9746f,0.1955f,-1.2282f,-0.9885f,0.127f,-0.0815f,5.0881f,-0.1043f,-0.1844f,0.9773f,2.942f,0f,0f,0f,1f],start_interpolation: 0,interpolation_duration: 1}
$data merge entity $(left_forearm) {transformation: [-0.3574f,1.2816f,0.3564f,0.6998f,-0.9979f,-0.0144f,-0.9492f,4.9904f,-0.8795f,-0.5045f,0.9322f,2.1796f,0f,0f,0f,1f],start_interpolation: 0,interpolation_duration: 1}
$data merge entity $(left_shoulder) {transformation: [-0.0877f,0.1831f,1.4521f,0.8587f,-1.3043f,0.6502f,-0.1608f,5.5254f,-0.664f,-1.3014f,0.124f,0.4551f,0f,0f,0f,1f],start_interpolation: 0,interpolation_duration: 1}
$data merge entity $(left_arm) {transformation: [-0.8562f,-0.0079f,0.5167f,0.378f,0.0747f,0.9875f,0.139f,5.8548f,-0.5113f,0.1576f,-0.8448f,0.2053f,0f,0f,0f,1f],start_interpolation: 0,interpolation_duration: 1}
$data merge entity $(chest) {transformation: [-1.0946f,-0.0101f,0.6606f,0.0313f,0.0955f,1.2625f,0.1777f,4.1092f,-0.6537f,0.2015f,-1.0802f,-0.3348f,0f,0f,0f,1f],start_interpolation: 0,interpolation_duration: 1}
$data merge entity $(left_cheek) {transformation: [-0.9965f,-0.0673f,-0.0487f,0.4156f,-0.079f,0.9495f,0.3035f,3.5518f,0.0258f,0.3063f,-0.9516f,-1.1675f,0f,0f,0f,1f],start_interpolation: 0,interpolation_duration: 1}
$data merge entity $(left_foot) {transformation: [-0.946f,-0.0318f,-0.3864f,0.3189f,-0.0845f,1.0113f,0.1236f,-3.9604f,0.3784f,0.1463f,-0.9384f,-3.99f,0f,0f,0f,1f],start_interpolation: 0,interpolation_duration: 1}
$data merge entity $(left_knee) {transformation: [-2.9251f,0.2422f,-0.7984f,0.7054f,-0.2069f,2.6094f,1.5493f,-0.2796f,0.8083f,1.5442f,-2.4929f,-1.978f,0f,0f,0f,1f],start_interpolation: 0,interpolation_duration: 1}
$data merge entity $(left_leg) {transformation: [-1.6521f,0.0359f,-0.4699f,0.7079f,-0.1168f,1.6283f,0.5351f,2.3085f,0.4565f,0.5465f,-1.5634f,-1.0377f,0f,0f,0f,1f],start_interpolation: 0,interpolation_duration: 1}
$data merge entity $(right_cheek) {transformation: [-0.9969f,0.064f,-0.0459f,-0.4352f,0.0464f,0.9479f,0.3153f,3.5018f,0.0637f,0.3122f,-0.9479f,-1.1329f,0f,0f,0f,1f],start_interpolation: 0,interpolation_duration: 1}
$data merge entity $(right_foot) {transformation: [-1.0139f,0.0443f,0.1232f,-1.123f,0.0473f,1.021f,0.022f,-4.2026f,-0.1221f,0.0275f,-1.0147f,0.6266f,0f,0f,0f,1f],start_interpolation: 0,interpolation_duration: 1}
$data merge entity $(right_knee) {transformation: [-3.0191f,0.1301f,0.3466f,-1.0154f,0.131f,3.0389f,0.0001f,0.007f,-0.3463f,0.015f,-3.0219f,0.5138f,0f,0f,0f,1f],start_interpolation: 0,interpolation_duration: 1}
$data merge entity $(right_leg) {transformation: [-1.705f,0.1616f,0.1356f,-0.6896f,0.0579f,1.4202f,-0.965f,2.3081f,-0.2028f,-0.9531f,-1.4149f,-0.9633f,0f,0f,0f,1f],start_interpolation: 0,interpolation_duration: 1}
$data merge entity $(weist) {transformation: [-1.62f,0.0275f,-0.0817f,0.0313f,-0.0005f,1.5346f,0.5264f,3.9078f,0.0862f,0.5257f,-1.5324f,-0.5766f,0f,0f,0f,1f],start_interpolation: 0,interpolation_duration: 1}
data modify storage animated_java:temp entry.data merge value {"locators":{"consume":{"px":-0.6865423191,"py":8.3835873885,"pz":1.6040501933,"ry":247.6512775972,"rx":5.2999581279}}}
# Data Manager: Prepare for Read / Write
execute store result storage animated_java:temp args.id int 1 run scoreboard players get @s aj.id
# Data Manager: Write
function animated_java:global/data_manager/write with storage animated_java:temp args