# This file was generated by Animated Java via MC-Build. It is not recommended to edit this file directly.
$data merge entity $(neck) {transformation: [-0.9628f,-0.1061f,0.2484f,0.1947f,-0.0026f,0.9232f,0.3843f,6.1387f,-0.2701f,0.3694f,-0.8892f,-0.2397f,0f,0f,0f,1f],start_interpolation: 0,interpolation_duration: 1}
$data merge entity $(right_thumb_2) {transformation: [-0.1719f,-0.0322f,-0.9846f,-0.7473f,0.9406f,-0.3026f,-0.1543f,6.7349f,-0.2929f,-0.9526f,0.0823f,1.8128f,0f,0f,0f,1f],start_interpolation: 0,interpolation_duration: 1}
$data merge entity $(right_thumb) {transformation: [-0.1719f,-0.8688f,-0.4644f,-1.0457f,0.9406f,-0.2849f,0.1849f,6.7801f,-0.2929f,-0.4051f,0.8661f,1.6269f,0f,0f,0f,1f],start_interpolation: 0,interpolation_duration: 1}
$data merge entity $(right_fingers2) {transformation: [0.3637f,0.6164f,-0.6984f,-0.7127f,-0.931f,0.2646f,-0.2514f,6.882f,0.0299f,0.7416f,0.6701f,2.1324f,0f,0f,0f,1f],start_interpolation: 0,interpolation_duration: 1}
$data merge entity $(right_fingers) {transformation: [0.4785f,-0.5323f,-0.6984f,-0.856f,0.5323f,0.8084f,-0.2514f,7.1255f,0.6983f,-0.2515f,0.6701f,2.0853f,0f,0f,0f,1f],start_interpolation: 0,interpolation_duration: 1}
$data merge entity $(scout) {transformation: [0f,0f,0f,-0.8674f,0f,0f,0f,6.9272f,0f,0f,0f,2.1582f,0f,0f,0f,1f],start_interpolation: 0,interpolation_duration: 1}
$data merge entity $(right_hand) {transformation: [-0.4885f,-0.5231f,-0.6984f,-1.2057f,0.8517f,-0.4598f,-0.2514f,6.8277f,-0.1897f,-0.7176f,0.6701f,1.6752f,0f,0f,0f,1f],start_interpolation: 0,interpolation_duration: 1}
$data merge entity $(right_forearm) {transformation: [-0.5896f,-0.6242f,-1.077f,-2.1604f,1.0432f,-0.8979f,-0.0507f,5.4303f,-0.6791f,-0.8374f,0.8571f,0.4734f,0f,0f,0f,1f],start_interpolation: 0,interpolation_duration: 1}
$data merge entity $(right_shoulder) {transformation: [-0.97f,0.9775f,-0.5033f,-0.7569f,0.9864f,0.4773f,-0.9742f,5.8447f,-0.4856f,-0.9831f,-0.9734f,-0.596f,0f,0f,0f,1f],start_interpolation: 0,interpolation_duration: 1}
$data merge entity $(right_arm) {transformation: [-0.9375f,-0.0319f,0.3465f,-0.2345f,0.0309f,0.9842f,0.1742f,6.1139f,-0.3466f,0.174f,-0.9217f,-0.3579f,0f,0f,0f,1f],start_interpolation: 0,interpolation_duration: 1}
$data merge entity $(left_thumb_2) {transformation: [0.1394f,0.0229f,0.99f,0.5291f,-0.9455f,-0.2941f,0.1399f,7.5068f,0.2944f,-0.9555f,-0.0194f,2.9f,0f,0f,0f,1f],start_interpolation: 0,interpolation_duration: 1}
$data merge entity $(left_thumb) {transformation: [0.1394f,0.8688f,0.4752f,0.7812f,-0.9455f,-0.0259f,0.3247f,7.6341f,0.2944f,-0.4945f,0.8178f,2.6857f,0f,0f,0f,1f],start_interpolation: 0,interpolation_duration: 1}
$data merge entity $(left_fingers2) {transformation: [0.0724f,-0.5889f,0.8049f,0.4855f,0.996f,0.0848f,-0.0275f,7.6422f,-0.052f,0.8037f,0.5927f,3.2236f,0f,0f,0f,1f],start_interpolation: 0,interpolation_duration: 1}
$data merge entity $(left_fingers) {transformation: [0.5399f,0.2461f,0.8049f,0.5463f,-0.3804f,0.9244f,-0.0275f,7.9162f,-0.7509f,-0.2913f,0.5927f,3.1662f,0f,0f,0f,1f],start_interpolation: 0,interpolation_duration: 1}
$data merge entity $(left_hand) {transformation: [-0.1981f,0.5593f,0.8049f,0.9245f,-0.9541f,-0.2983f,-0.0275f,7.727f,0.2247f,-0.7734f,0.5927f,2.7184f,0f,0f,0f,1f],start_interpolation: 0,interpolation_duration: 1}
$data merge entity $(left_forearm) {transformation: [-1.2501f,0.5546f,0.1635f,1.7137f,-0.5648f,-1.0879f,-0.6281f,6.0422f,-0.1238f,-0.6371f,1.2148f,1.798f,0f,0f,0f,1f],start_interpolation: 0,interpolation_duration: 1}
$data merge entity $(left_shoulder) {transformation: [-0.8247f,-0.3112f,1.1717f,1.1303f,-1.1938f,-0.0381f,-0.8504f,5.7825f,0.2109f,-1.4323f,-0.232f,0.1017f,0f,0f,0f,1f],start_interpolation: 0,interpolation_duration: 1}
$data merge entity $(left_arm) {transformation: [-0.9375f,-0.0319f,0.3465f,0.5953f,0.0309f,0.9842f,0.1742f,6.0865f,-0.3466f,0.174f,-0.9217f,-0.0512f,0f,0f,0f,1f],start_interpolation: 0,interpolation_duration: 1}
$data merge entity $(chest) {transformation: [-1.1987f,-0.0408f,0.443f,0.25f,0.0395f,1.2584f,0.2227f,4.3287f,-0.4431f,0.2225f,-1.1785f,-0.5506f,0f,0f,0f,1f],start_interpolation: 0,interpolation_duration: 1}
$data merge entity $(left_cheek) {transformation: [-0.8778f,-0.1721f,0.4471f,0.7896f,-0.2732f,0.9465f,-0.1719f,3.4546f,-0.3936f,-0.2731f,-0.8778f,-0.6639f,0f,0f,0f,1f],start_interpolation: 0,interpolation_duration: 1}
$data merge entity $(left_foot) {transformation: [-1.014f,0.0386f,-0.125f,1.078f,-0.0433f,0.8229f,0.6051f,-3.562f,0.1234f,0.6054f,-0.8146f,2.0125f,0f,0f,0f,1f],start_interpolation: 0,interpolation_duration: 1}
$data merge entity $(left_knee) {transformation: [-3.0393f,-0.1203f,0.0213f,0.9996f,-0.1185f,3.0315f,0.2189f,0.646f,-0.0299f,0.2179f,-3.0338f,2.1909f,0f,0f,0f,1f],start_interpolation: 0,interpolation_duration: 1}
$data merge entity $(left_leg) {transformation: [-1.7166f,-0.0178f,0.0667f,0.8977f,-0.0617f,1.1407f,-1.2831f,2.5086f,-0.031f,-1.2845f,-1.1404f,0.1653f,0f,0f,0f,1f],start_interpolation: 0,interpolation_duration: 1}
$data merge entity $(right_cheek) {transformation: [-0.8267f,0.1291f,0.5477f,0.1911f,0.0781f,0.9902f,-0.1154f,3.375f,-0.5572f,-0.0526f,-0.8287f,-0.9562f,0f,0f,0f,1f],start_interpolation: 0,interpolation_duration: 1}
$data merge entity $(right_foot) {transformation: [-0.5529f,0.029f,0.8595f,-0.7768f,0.099f,1.0171f,0.0293f,-4.1609f,-0.8542f,0.0991f,-0.5529f,-1.745f,0f,0f,0f,1f],start_interpolation: 0,interpolation_duration: 1}
$data merge entity $(right_knee) {transformation: [-1.8477f,-0.4789f,2.3683f,-1.3958f,0.5984f,2.7978f,1.0327f,-0.2293f,-2.3409f,1.0932f,-1.6053f,-0.3648f,0f,0f,0f,1f],start_interpolation: 0,interpolation_duration: 1}
$data merge entity $(right_leg) {transformation: [-1.0436f,0.6526f,1.1985f,-0.3421f,0.338f,1.5854f,-0.5689f,2.3132f,-1.3221f,-0.1098f,-1.0915f,-0.4537f,0f,0f,0f,1f],start_interpolation: 0,interpolation_duration: 1}
$data merge entity $(weist) {transformation: [-1.4373f,-0.0806f,0.7481f,0.25f,-0.2265f,1.5846f,-0.2644f,4.004f,-0.7175f,-0.3386f,-1.4151f,-0.5913f,0f,0f,0f,1f],start_interpolation: 0,interpolation_duration: 1}
data modify storage animated_java:temp entry.data merge value {"locators":{"consume":{"px":-0.7336068879,"py":6.967111284,"pz":2.255102635,"ry":226.18230109,"rx":-14.558330992}}}
# Data Manager: Prepare for Read / Write
execute store result storage animated_java:temp args.id int 1 run scoreboard players get @s aj.id
# Data Manager: Write
function animated_java:global/data_manager/write with storage animated_java:temp args