# This file was generated by Animated Java via MC-Build. It is not recommended to edit this file directly.
$data merge entity $(neck) {transformation: [-0.9535f,-0.1028f,0.2834f,0.1322f,0.0229f,0.9127f,0.4079f,6.2343f,-0.3006f,0.3954f,-0.8679f,-0.3421f,0f,0f,0f,1f],start_interpolation: 0,interpolation_duration: 1}
$data merge entity $(right_thumb_2) {transformation: [-0.3738f,-0.2434f,-0.895f,-0.6038f,0.9264f,-0.145f,-0.3475f,6.6314f,-0.0452f,-0.959f,0.2797f,1.7021f,0f,0f,0f,1f],start_interpolation: 0,interpolation_duration: 1}
$data merge entity $(right_thumb) {transformation: [-0.3738f,-0.8968f,-0.2367f,-0.9444f,0.9264f,-0.3734f,-0.0482f,6.6493f,-0.0452f,-0.2373f,0.9704f,1.6054f,0f,0f,0f,1f],start_interpolation: 0,interpolation_duration: 1}
$data merge entity $(right_fingers2) {transformation: [0.4849f,0.7492f,-0.4511f,-0.5058f,-0.8386f,0.2519f,-0.483f,6.7287f,-0.2482f,0.6125f,0.7505f,2.0275f,0f,0f,0f,1f],start_interpolation: 0,interpolation_duration: 1}
$data merge entity $(right_fingers) {transformation: [0.5687f,-0.6878f,-0.4511f,-0.6891f,0.4925f,0.724f,-0.483f,6.9454f,0.6588f,0.0525f,0.7505f,2.0666f,0f,0f,0f,1f],start_interpolation: 0,interpolation_duration: 1}
$data merge entity $(scout) {transformation: [0f,0f,0f,-0.6526f,0f,0f,0f,6.7393f,0f,0f,0f,2.0979f,0f,0f,0f,1f],start_interpolation: 0,interpolation_duration: 1}
$data merge entity $(right_hand) {transformation: [-0.6356f,-0.6265f,-0.4511f,-1.0907f,0.7642f,-0.4275f,-0.483f,6.6577f,0.1097f,-0.6517f,0.7505f,1.6989f,0f,0f,0f,1f],start_interpolation: 0,interpolation_duration: 1}
$data merge entity $(right_forearm) {transformation: [-0.8736f,-0.7204f,-0.7842f,-2.1677f,1.0304f,-0.828f,-0.3872f,5.3538f,-0.2689f,-0.8322f,1.064f,0.4955f,0f,0f,0f,1f],start_interpolation: 0,interpolation_duration: 1}
$data merge entity $(right_shoulder) {transformation: [-1.0468f,0.907f,-0.4811f,-0.8354f,0.9428f,0.577f,-0.9634f,5.8983f,-0.4066f,-0.9971f,-0.9951f,-0.6062f,0f,0f,0f,1f],start_interpolation: 0,interpolation_duration: 1}
$data merge entity $(right_arm) {transformation: [-0.9687f,-0.0624f,0.2403f,-0.3052f,-0.011f,0.9778f,0.2094f,6.1895f,-0.248f,0.2002f,-0.9478f,-0.4164f,0f,0f,0f,1f],start_interpolation: 0,interpolation_duration: 1}
$data merge entity $(left_thumb_2) {transformation: [-0.0439f,-0.1694f,0.9846f,1.4819f,-0.9654f,-0.2464f,-0.0855f,6.8418f,0.2571f,-0.9542f,-0.1527f,2.558f,0f,0f,0f,1f],start_interpolation: 0,interpolation_duration: 1}
$data merge entity $(left_thumb) {transformation: [-0.0439f,0.768f,0.639f,1.7265f,-0.9654f,-0.1972f,0.1707f,6.9191f,0.2571f,-0.6094f,0.7501f,2.3132f,0f,0f,0f,1f],start_interpolation: 0,interpolation_duration: 1}
$data merge entity $(left_fingers2) {transformation: [0.2912f,-0.4444f,0.8472f,1.5129f,0.9556f,0.1771f,-0.2356f,6.9682f,-0.0453f,0.8782f,0.4762f,2.8867f,0f,0f,0f,1f],start_interpolation: 0,interpolation_duration: 1}
$data merge entity $(left_fingers) {transformation: [0.3362f,0.4114f,0.8472f,1.6269f,-0.4562f,0.8581f,-0.2356f,7.2238f,-0.8239f,-0.3073f,0.4762f,2.8258f,0f,0f,0f,1f],start_interpolation: 0,interpolation_duration: 1}
$data merge entity $(left_hand) {transformation: [-0.3805f,0.3708f,0.8472f,1.8902f,-0.8946f,-0.3797f,-0.2356f,6.9757f,0.2343f,-0.8475f,0.4762f,2.3275f,0f,0f,0f,1f],start_interpolation: 0,interpolation_duration: 1}
$data merge entity $(left_forearm) {transformation: [-1.3262f,0.3071f,0.2099f,2.3051f,-0.3717f,-1.0608f,-0.7961f,5.3338f,-0.0159f,-0.8231f,1.1042f,1.1274f,0f,0f,0f,1f],start_interpolation: 0,interpolation_duration: 1}
$data merge entity $(left_shoulder) {transformation: [-0.9589f,-0.7977f,0.7707f,1.1145f,-1.1082f,0.6456f,-0.7106f,5.9204f,0.0472f,-1.0473f,-1.0251f,-0.1069f,0f,0f,0f,1f],start_interpolation: 0,interpolation_duration: 1}
$data merge entity $(left_arm) {transformation: [-0.9687f,-0.0624f,0.2403f,0.5522f,-0.011f,0.9778f,0.2094f,6.1992f,-0.248f,0.2002f,-0.9478f,-0.1968f,0f,0f,0f,1f],start_interpolation: 0,interpolation_duration: 1}
$data merge entity $(chest) {transformation: [-1.2385f,-0.0798f,0.3073f,0.2445f,-0.0141f,1.2501f,0.2678f,4.4358f,-0.3171f,0.256f,-1.2118f,-0.701f,0f,0f,0f,1f],start_interpolation: 0,interpolation_duration: 1}
$data merge entity $(left_cheek) {transformation: [-0.8939f,-0.1221f,0.4312f,0.7711f,-0.2062f,0.9663f,-0.154f,3.47f,-0.3979f,-0.2266f,-0.889f,-0.8185f,0f,0f,0f,1f],start_interpolation: 0,interpolation_duration: 1}
$data merge entity $(left_foot) {transformation: [-1.0196f,0.0256f,-0.0702f,1.0177f,-0.021f,0.8233f,0.6058f,-3.3901f,0.0717f,0.6056f,-0.8206f,1.64f,0f,0f,0f,1f],start_interpolation: 0,interpolation_duration: 1}
$data merge entity $(left_knee) {transformation: [-3.0398f,-0.1063f,-0.0213f,0.957f,-0.1082f,3.0131f,0.4018f,0.7997f,0.0071f,0.4023f,-3.015f,2.0732f,0f,0f,0f,1f],start_interpolation: 0,interpolation_duration: 1}
$data merge entity $(left_leg) {transformation: [-1.7171f,-0.0353f,0.042f,0.8277f,-0.0548f,1.0789f,-1.3358f,2.565f,0.0011f,-1.3365f,-1.0794f,-0.0362f,0f,0f,0f,1f],start_interpolation: 0,interpolation_duration: 1}
$data merge entity $(right_cheek) {transformation: [-0.7877f,0.1942f,0.5846f,0.2371f,0.1411f,0.9806f,-0.1358f,3.4321f,-0.5996f,-0.0245f,-0.7999f,-1.1346f,0f,0f,0f,1f],start_interpolation: 0,interpolation_duration: 1}
$data merge entity $(right_foot) {transformation: [-0.4508f,0.0006f,0.9176f,-0.8115f,0.1569f,1.0074f,0.0764f,-3.8711f,-0.9041f,0.1745f,-0.4443f,-2.3333f,0f,0f,0f,1f],start_interpolation: 0,interpolation_duration: 1}
$data merge entity $(right_knee) {transformation: [-1.5715f,-0.6148f,2.5307f,-1.604f,0.757f,2.7203f,1.131f,-0.0382f,-2.4919f,1.2141f,-1.2524f,-0.7757f,0f,0f,0f,1f],start_interpolation: 0,interpolation_duration: 1}
$data merge entity $(right_leg) {transformation: [-0.9115f,0.7723f,1.2345f,-0.365f,0.4217f,1.534f,-0.6483f,2.4209f,-1.3938f,-0.041f,-1.0035f,-0.754f,0f,0f,0f,1f],start_interpolation: 0,interpolation_duration: 1}
$data merge entity $(weist) {transformation: [-1.3827f,-0.0474f,0.8473f,0.2445f,-0.167f,1.6033f,-0.1827f,4.1111f,-0.832f,-0.2429f,-1.3714f,-0.7416f,0f,0f,0f,1f],start_interpolation: 0,interpolation_duration: 1}
data modify storage animated_java:temp entry.data merge value {"locators":{"consume":{"px":-0.5047796942,"py":6.7873990688,"pz":2.1664093454,"ry":211.0127310475,"rx":-28.8803896687}}}
# Data Manager: Prepare for Read / Write
execute store result storage animated_java:temp args.id int 1 run scoreboard players get @s aj.id
# Data Manager: Write
function animated_java:global/data_manager/write with storage animated_java:temp args