# This file was generated by Animated Java via MC-Build. It is not recommended to edit this file directly.
$data merge entity $(neck) {transformation: [-0.8872f,-0.2046f,0.4136f,0.3858f,0.0965f,0.7943f,0.5998f,6.3513f,-0.4512f,0.5721f,-0.6849f,-0.3633f,0f,0f,0f,1f],start_interpolation: 0,interpolation_duration: 1}
$data merge entity $(right_thumb_2) {transformation: [-0.487f,0.0379f,-0.8726f,-0.7972f,0.8725f,-0.0239f,-0.488f,6.7741f,-0.0393f,-0.999f,-0.0214f,0.6269f,0f,0f,0f,1f],start_interpolation: 0,interpolation_duration: 1}
$data merge entity $(right_thumb) {transformation: [-0.487f,-0.7367f,-0.4691f,-1.0998f,0.8725f,-0.4346f,-0.2233f,6.7668f,-0.0393f,-0.518f,0.8545f,0.4424f,0f,0f,0f,1f],start_interpolation: 0,interpolation_duration: 1}
$data merge entity $(right_fingers2) {transformation: [0.6553f,0.5177f,-0.5501f,-0.8028f,-0.7285f,0.2407f,-0.6413f,6.8312f,-0.1996f,0.821f,0.5349f,0.9757f,0f,0f,0f,1f],start_interpolation: 0,interpolation_duration: 1}
$data merge entity $(right_fingers) {transformation: [0.2966f,-0.7806f,-0.5501f,-1.0209f,0.4487f,0.6224f,-0.6413f,7.0165f,0.843f,-0.0566f,0.5349f,0.9873f,0f,0f,0f,1f],start_interpolation: 0,interpolation_duration: 1}
$data merge entity $(scout) {transformation: [0f,0f,0f,-0.9626f,0f,0f,0f,6.8137f,0f,0f,0f,1.0034f,0f,0f,0f,1f],start_interpolation: 0,interpolation_duration: 1}
$data merge entity $(right_hand) {transformation: [-0.7518f,-0.3636f,-0.5501f,-1.2648f,0.6592f,-0.3927f,-0.6413f,6.7437f,0.0171f,-0.8448f,0.5349f,0.492f,0f,0f,0f,1f],start_interpolation: 0,interpolation_duration: 1}
$data merge entity $(right_forearm) {transformation: [-0.9034f,-0.4125f,-0.9544f,-1.8832f,0.9923f,-0.7197f,-0.6282f,5.5957f,-0.3105f,-1.0995f,0.7692f,-1.123f,0f,0f,0f,1f],start_interpolation: 0,interpolation_duration: 1}
$data merge entity $(right_shoulder) {transformation: [-0.6845f,1.2873f,0.1558f,-0.1808f,1.0472f,0.6527f,-0.792f,6.2059f,-0.7647f,-0.2585f,-1.224f,-1.2446f,0f,0f,0f,1f],start_interpolation: 0,interpolation_duration: 1}
$data merge entity $(right_arm) {transformation: [-0.5838f,-0.1944f,0.7883f,0.0988f,0.1676f,0.9211f,0.3514f,6.3811f,-0.7944f,0.3372f,-0.5052f,-0.7032f,0f,0f,0f,1f],start_interpolation: 0,interpolation_duration: 1}
$data merge entity $(left_thumb_2) {transformation: [0.3139f,-0.3736f,0.8729f,0.3048f,-0.8866f,0.2136f,0.4103f,5.5126f,-0.3397f,-0.9027f,-0.2642f,4.3085f,0f,0f,0f,1f],start_interpolation: 0,interpolation_duration: 1}
$data merge entity $(left_thumb) {transformation: [0.3139f,0.5691f,0.76f,0.4307f,-0.8866f,0.4621f,0.0202f,5.7924f,-0.3397f,-0.6801f,0.6497f,4.1308f,0f,0f,0f,1f],start_interpolation: 0,interpolation_duration: 1}
$data merge entity $(left_fingers2) {transformation: [-0.022f,-0.1876f,0.982f,0.3968f,0.875f,-0.4788f,-0.0719f,5.4598f,0.4837f,0.8576f,0.1747f,4.6457f,0f,0f,0f,1f],start_interpolation: 0,interpolation_duration: 1}
$data merge entity $(left_fingers) {transformation: [0.1855f,0.0355f,0.982f,0.4089f,0.1936f,0.9784f,-0.0719f,5.7326f,-0.9634f,0.2034f,0.1747f,4.7321f,0f,0f,0f,1f],start_interpolation: 0,interpolation_duration: 1}
$data merge entity $(left_hand) {transformation: [-0.0192f,0.1879f,0.982f,0.5676f,-0.9579f,0.2781f,-0.0719f,5.8954f,-0.2866f,-0.942f,0.1747f,4.1598f,0f,0f,0f,1f],start_interpolation: 0,interpolation_duration: 1}
$data merge entity $(left_forearm) {transformation: [-1.0757f,0.3847f,0.7694f,1.1303f,-0.7926f,0.0357f,-1.1259f,5.8752f,-0.3344f,-1.3221f,0.1936f,2.162f,0f,0f,0f,1f],start_interpolation: 0,interpolation_duration: 1}
$data merge entity $(left_shoulder) {transformation: [0.0483f,-0.0808f,1.4632f,0.9944f,-1.446f,0.2351f,0.0608f,5.8685f,-0.238f,-1.445f,-0.0719f,0.3545f,0f,0f,0f,1f],start_interpolation: 0,interpolation_duration: 1}
$data merge entity $(left_arm) {transformation: [-0.5838f,-0.1944f,0.7883f,0.6155f,0.1676f,0.9211f,0.3514f,6.2328f,-0.7944f,0.3372f,-0.5052f,0f,0f,0f,0f,1f],start_interpolation: 0,interpolation_duration: 1}
$data merge entity $(chest) {transformation: [-0.7464f,-0.2486f,1.0078f,0.7356f,0.2143f,1.1777f,0.4492f,4.6556f,-1.0157f,0.4312f,-0.6459f,-0.9781f,0f,0f,0f,1f],start_interpolation: 0,interpolation_duration: 1}
$data merge entity $(left_cheek) {transformation: [-0.8317f,-0.1748f,0.5269f,1.256f,-0.1279f,0.9839f,0.1245f,3.6965f,-0.5402f,0.0362f,-0.8407f,-1.0417f,0f,0f,0f,1f],start_interpolation: 0,interpolation_duration: 1}
$data merge entity $(left_foot) {transformation: [-1.0192f,-0.0266f,0.0756f,1.1976f,-0.024f,1.0215f,0.0359f,-3.4889f,-0.0765f,0.034f,-1.0189f,1.4533f,0f,0f,0f,1f],start_interpolation: 0,interpolation_duration: 1}
$data merge entity $(left_knee) {transformation: [-3.0324f,-0.079f,0.2249f,1.1845f,-0.0713f,3.039f,0.1069f,0.7236f,-0.2275f,0.1013f,-3.0315f,1.476f,0f,0f,0f,1f],start_interpolation: 0,interpolation_duration: 1}
$data merge entity $(left_leg) {transformation: [-1.7143f,0.0506f,0.0996f,1.1914f,-0.0356f,1.2041f,-1.2249f,2.687f,-0.1059f,-1.2243f,-1.2005f,-0.4547f,0f,0f,0f,1f],start_interpolation: 0,interpolation_duration: 1}
$data merge entity $(right_cheek) {transformation: [-0.551f,0.0371f,0.8337f,0.7607f,0.1805f,0.9807f,0.0756f,3.7297f,-0.8148f,0.1922f,-0.547f,-1.53f,0f,0f,0f,1f],start_interpolation: 0,interpolation_duration: 1}
$data merge entity $(right_foot) {transformation: [-0.1547f,0.0298f,1.0102f,-0.2343f,0.3153f,0.9724f,0.0196f,-3.4867f,-0.9602f,0.3144f,-0.1563f,-4.1249f,0f,0f,0f,1f],start_interpolation: 0,interpolation_duration: 1}
$data merge entity $(right_knee) {transformation: [-0.689f,-0.505f,2.9193f,-0.8336f,1.2321f,2.6769f,0.7539f,0.2844f,-2.6943f,1.3532f,-0.4018f,-2.3458f,0f,0f,0f,1f],start_interpolation: 0,interpolation_duration: 1}
$data merge entity $(right_leg) {transformation: [-0.4773f,0.6355f,1.523f,0.1597f,0.7328f,1.5022f,-0.3972f,2.6722f,-1.4787f,0.5393f,-0.6885f,-1.4002f,0f,0f,0f,1f],start_interpolation: 0,interpolation_duration: 1}
$data merge entity $(weist) {transformation: [-1.1959f,-0.019f,1.0961f,0.7356f,-0.0171f,1.6222f,0.0094f,4.3309f,-1.0961f,-0.0046f,-1.196f,-1.0188f,0f,0f,0f,1f],start_interpolation: 0,interpolation_duration: 1}
data modify storage animated_java:temp entry.data merge value {"locators":{"consume":{"px":-0.8466827246,"py":6.8676401005,"pz":1.1153024069,"ry":225.8036104548,"rx":-39.890079995}}}
# Data Manager: Prepare for Read / Write
execute store result storage animated_java:temp args.id int 1 run scoreboard players get @s aj.id
# Data Manager: Write
function animated_java:global/data_manager/write with storage animated_java:temp args