# This file was generated by Animated Java via MC-Build. It is not recommended to edit this file directly.
$data merge entity $(neck) {transformation: [-0.8982f,-0.1777f,0.402f,0.3855f,0.0994f,0.8087f,0.5797f,6.3223f,-0.4281f,0.5607f,-0.7088f,-0.3148f,0f,0f,0f,1f],start_interpolation: 0,interpolation_duration: 1}
$data merge entity $(right_thumb_2) {transformation: [-0.4389f,0.0224f,-0.8982f,-0.7901f,0.8978f,-0.0288f,-0.4394f,6.7122f,-0.0357f,-0.9993f,-0.0075f,0.8362f,0f,0f,0f,1f],start_interpolation: 0,interpolation_duration: 1}
$data merge entity $(right_thumb) {transformation: [-0.4389f,-0.7667f,-0.4685f,-1.0952f,0.8978f,-0.395f,-0.1948f,6.721f,-0.0357f,-0.5061f,0.8617f,0.6559f,0f,0f,0f,1f],start_interpolation: 0,interpolation_duration: 1}
$data merge entity $(right_fingers2) {transformation: [0.6115f,0.5416f,-0.5768f,-0.7876f,-0.764f,0.2143f,-0.6086f,6.7705f,-0.206f,0.8128f,0.5448f,1.1848f,0f,0f,0f,1f],start_interpolation: 0,interpolation_duration: 1}
$data merge entity $(right_fingers) {transformation: [0.3327f,-0.746f,-0.5768f,-0.995f,0.4341f,0.6642f,-0.6086f,6.9675f,0.8372f,-0.048f,0.5448f,1.1988f,0f,0f,0f,1f],start_interpolation: 0,interpolation_duration: 1}
$data merge entity $(scout) {transformation: [0f,0f,0f,-0.9477f,0f,0f,0f,6.7619f,0f,0f,0f,1.2148f,0f,0f,0f,1f],start_interpolation: 0,interpolation_duration: 1}
$data merge entity $(right_hand) {transformation: [-0.7142f,-0.3964f,-0.5768f,-1.2604f,0.6995f,-0.3746f,-0.6086f,6.707f,0.0252f,-0.8382f,0.5448f,0.7079f,0f,0f,0f,1f],start_interpolation: 0,interpolation_duration: 1}
$data merge entity $(right_forearm) {transformation: [-0.8559f,-0.4558f,-0.9781f,-1.9469f,1.0327f,-0.7084f,-0.5736f,5.5765f,-0.3132f,-1.0898f,0.7819f,-0.8917f,0f,0f,0f,1f],start_interpolation: 0,interpolation_duration: 1}
$data merge entity $(right_shoulder) {transformation: [-0.7289f,1.271f,0.0551f,-0.2521f,1.0505f,0.6372f,-0.8001f,6.1673f,-0.7175f,-0.3583f,-1.2274f,-1.1445f,0f,0f,0f,1f],start_interpolation: 0,interpolation_duration: 1}
$data merge entity $(right_arm) {transformation: [-0.6459f,-0.1612f,0.7462f,0.0718f,0.1595f,0.9274f,0.3384f,6.3489f,-0.7465f,0.3376f,-0.5733f,-0.6305f,0f,0f,0f,1f],start_interpolation: 0,interpolation_duration: 1}
$data merge entity $(left_thumb_2) {transformation: [0.2251f,-0.2513f,0.9414f,0.262f,-0.9409f,0.1947f,0.277f,5.6762f,-0.2529f,-0.9481f,-0.1926f,4.2034f,0f,0f,0f,1f],start_interpolation: 0,interpolation_duration: 1}
$data merge entity $(left_thumb) {transformation: [0.2251f,0.6896f,0.6883f,0.4407f,-0.9409f,0.3372f,-0.0301f,5.9246f,-0.2529f,-0.6409f,0.7248f,4.0245f,0f,0f,0f,1f],start_interpolation: 0,interpolation_duration: 1}
$data merge entity $(left_fingers2) {transformation: [0.0471f,-0.333f,0.9418f,0.3125f,0.9027f,-0.3895f,-0.1828f,5.6361f,0.4277f,0.8587f,0.2823f,4.551f,0f,0f,0f,1f],start_interpolation: 0,interpolation_duration: 1}
$data merge entity $(left_fingers) {transformation: [0.3034f,0.145f,0.9418f,0.3522f,0.1f,0.978f,-0.1828f,5.9107f,-0.9476f,0.1496f,0.2823f,4.6224f,0f,0f,0f,1f],start_interpolation: 0,interpolation_duration: 1}
$data merge entity $(left_hand) {transformation: [-0.118f,0.3149f,0.9418f,0.5866f,-0.9656f,0.1849f,-0.1828f,6.0113f,-0.2317f,-0.9309f,0.2823f,4.0619f,0f,0f,0f,1f],start_interpolation: 0,interpolation_duration: 1}
$data merge entity $(left_forearm) {transformation: [-1.1375f,0.4951f,0.5985f,1.3066f,-0.695f,-0.1749f,-1.1763f,5.6762f,-0.3468f,-1.2734f,0.3942f,2.1442f,0f,0f,0f,1f],start_interpolation: 0,interpolation_duration: 1}
$data merge entity $(left_shoulder) {transformation: [-0.111f,-0.1553f,1.4538f,1.0482f,-1.4166f,0.3719f,-0.0684f,5.8463f,-0.3615f,-1.4098f,-0.1782f,0.3583f,0f,0f,0f,1f],start_interpolation: 0,interpolation_duration: 1}
$data merge entity $(left_arm) {transformation: [-0.6459f,-0.1612f,0.7462f,0.6435f,0.1595f,0.9274f,0.3384f,6.2077f,-0.7465f,0.3376f,-0.5733f,0.0302f,0f,0f,0f,1f],start_interpolation: 0,interpolation_duration: 1}
$data merge entity $(chest) {transformation: [-0.8259f,-0.2061f,0.954f,0.6746f,0.2039f,1.1857f,0.4327f,4.6151f,-0.9545f,0.4316f,-0.733f,-0.9297f,0f,0f,0f,1f],start_interpolation: 0,interpolation_duration: 1}
$data merge entity $(left_cheek) {transformation: [-0.8406f,-0.1675f,0.5151f,1.1961f,-0.1254f,0.9853f,0.1157f,3.6812f,-0.5269f,0.0327f,-0.8493f,-0.9688f,0f,0f,0f,1f],start_interpolation: 0,interpolation_duration: 1}
$data merge entity $(left_foot) {transformation: [-1.0211f,-0.0216f,0.0472f,1.1287f,-0.0191f,1.0207f,0.0545f,-3.5742f,-0.0483f,0.0536f,-1.0198f,1.5339f,0f,0f,0f,1f],start_interpolation: 0,interpolation_duration: 1}
$data merge entity $(left_knee) {transformation: [-3.0347f,-0.0628f,0.1971f,1.137f,-0.0592f,3.0406f,0.0563f,0.6381f,-0.1981f,0.0523f,-3.0348f,1.4878f,0f,0f,0f,1f],start_interpolation: 0,interpolation_duration: 1}
$data merge entity $(left_leg) {transformation: [-1.7153f,0.0515f,0.0799f,1.1458f,-0.0181f,1.2405f,-1.1884f,2.6594f,-0.0934f,-1.1874f,-1.238f,-0.3822f,0f,0f,0f,1f],start_interpolation: 0,interpolation_duration: 1}
$data merge entity $(right_cheek) {transformation: [-0.5954f,0.0508f,0.8018f,0.6845f,0.1691f,0.9836f,0.0633f,3.6856f,-0.7854f,0.1732f,-0.5943f,-1.464f,0f,0f,0f,1f],start_interpolation: 0,interpolation_duration: 1}
$data merge entity $(right_foot) {transformation: [-0.2019f,0.0389f,1.0015f,-0.3491f,0.2915f,0.9797f,0.0207f,-3.5893f,-0.9589f,0.2896f,-0.2045f,-3.8536f,0f,0f,0f,1f],start_interpolation: 0,interpolation_duration: 1}
$data merge entity $(right_knee) {transformation: [-0.827f,-0.4944f,2.8851f,-0.9391f,1.1626f,2.6959f,0.7952f,0.2079f,-2.6864f,1.3189f,-0.544f,-2.1276f,0f,0f,0f,1f],start_interpolation: 0,interpolation_duration: 1}
$data merge entity $(right_leg) {transformation: [-0.5604f,0.6523f,1.4872f,0.0857f,0.6929f,1.5189f,-0.4051f,2.6243f,-1.4688f,0.4677f,-0.7585f,-1.295f,0f,0f,0f,1f],start_interpolation: 0,interpolation_duration: 1}
$data merge entity $(weist) {transformation: [-1.229f,-0.0175f,1.0589f,0.6746f,-0.0407f,1.6217f,-0.0204f,4.2904f,-1.0582f,-0.042f,-1.229f,-0.9703f,0f,0f,0f,1f],start_interpolation: 0,interpolation_duration: 1}
data modify storage animated_java:temp entry.data merge value {"locators":{"consume":{"px":-0.827422506,"py":6.8096736693,"pz":1.3248883248,"ry":226.6346670129,"rx":-37.4888041943}}}
# Data Manager: Prepare for Read / Write
execute store result storage animated_java:temp args.id int 1 run scoreboard players get @s aj.id
# Data Manager: Write
function animated_java:global/data_manager/write with storage animated_java:temp args