# This file was generated by Animated Java via MC-Build. It is not recommended to edit this file directly.
$data merge entity $(neck) {transformation: [-0.9133f,-0.144f,0.381f,0.3769f,0.0975f,0.8309f,0.5477f,6.2831f,-0.3954f,0.5374f,-0.7449f,-0.2611f,0f,0f,0f,1f],start_interpolation: 0,interpolation_duration: 1}
$data merge entity $(right_thumb_2) {transformation: [-0.3692f,0.0087f,-0.9293f,-0.7805f,0.928f,-0.0507f,-0.3691f,6.6487f,-0.0504f,-0.9987f,0.0106f,1.1065f,0f,0f,0f,1f],start_interpolation: 0,interpolation_duration: 1}
$data merge entity $(right_thumb) {transformation: [-0.3692f,-0.8004f,-0.4722f,-1.0861f,0.928f,-0.345f,-0.1406f,6.6772f,-0.0504f,-0.4901f,0.8702f,0.9291f,0f,0f,0f,1f],start_interpolation: 0,interpolation_duration: 1}
$data merge entity $(right_fingers2) {transformation: [0.5487f,0.5657f,-0.6156f,-0.7696f,-0.8128f,0.1885f,-0.5513f,6.7137f,-0.1958f,0.8028f,0.5632f,1.4538f,0f,0f,0f,1f],start_interpolation: 0,interpolation_duration: 1}
$data merge entity $(right_fingers) {transformation: [0.3745f,-0.6934f,-0.6156f,-0.9611f,0.4242f,0.7185f,-0.5513f,6.9263f,0.8245f,-0.0547f,0.5632f,1.4656f,0f,0f,0f,1f],start_interpolation: 0,interpolation_duration: 1}
$data merge entity $(scout) {transformation: [0f,0f,0f,-0.9296f,0f,0f,0f,6.718f,0f,0f,0f,1.4855f,0f,0f,0f,1f],start_interpolation: 0,interpolation_duration: 1}
$data merge entity $(right_hand) {transformation: [-0.6581f,-0.4335f,-0.6156f,-1.2513f,0.7527f,-0.3599f,-0.5513f,6.6771f,0.0174f,-0.8261f,0.5632f,0.983f,0f,0f,0f,1f],start_interpolation: 0,interpolation_duration: 1}
$data merge entity $(right_forearm) {transformation: [-0.7844f,-0.5061f,-1.0128f,-2.0177f,1.0789f,-0.7077f,-0.4819f,5.5489f,-0.3433f,-1.0678f,0.7994f,-0.5817f,0f,0f,0f,1f],start_interpolation: 0,interpolation_duration: 1}
$data merge entity $(right_shoulder) {transformation: [-0.7824f,1.2375f,-0.0787f,-0.3486f,1.0513f,0.6127f,-0.8181f,6.1103f,-0.6576f,-0.493f,-1.2142f,-1.0111f,0f,0f,0f,1f],start_interpolation: 0,interpolation_duration: 1}
$data merge entity $(right_arm) {transformation: [-0.7232f,-0.1186f,0.6804f,0.0306f,0.1439f,0.9376f,0.3165f,6.3034f,-0.6755f,0.3268f,-0.661f,-0.5411f,0f,0f,0f,1f],start_interpolation: 0,interpolation_duration: 1}
$data merge entity $(left_thumb_2) {transformation: [0.1442f,-0.157f,0.977f,0.3427f,-0.9768f,0.1355f,0.1659f,5.9586f,-0.1585f,-0.9783f,-0.1338f,4.04f,0f,0f,0f,1f],start_interpolation: 0,interpolation_duration: 1}
$data merge entity $(left_thumb) {transformation: [0.1442f,0.7676f,0.6244f,0.5595f,-0.9768f,0.2115f,-0.0344f,6.1719f,-0.1585f,-0.605f,0.7803f,3.8579f,0f,0f,0f,1f],start_interpolation: 0,interpolation_duration: 1}
$data merge entity $(left_fingers2) {transformation: [0.1085f,-0.436f,0.8934f,0.3623f,0.9274f,-0.2793f,-0.2489f,5.944f,0.358f,0.8555f,0.374f,4.3927f,0f,0f,0f,1f],start_interpolation: 0,interpolation_duration: 1}
$data merge entity $(left_fingers) {transformation: [0.3832f,0.2346f,0.8934f,0.4249f,-0.0125f,0.9684f,-0.2489f,6.2185f,-0.9236f,0.0842f,0.374f,4.4454f,0f,0f,0f,1f],start_interpolation: 0,interpolation_duration: 1}
$data merge entity $(left_hand) {transformation: [-0.2003f,0.4022f,0.8934f,0.7104f,-0.9659f,0.0719f,-0.2489f,6.2468f,-0.1643f,-0.9127f,0.374f,3.9005f,0f,0f,0f,1f],start_interpolation: 0,interpolation_duration: 1}
$data merge entity $(left_forearm) {transformation: [-1.1936f,0.5348f,0.4319f,1.4818f,-0.6072f,-0.4144f,-1.1648f,5.5551f,-0.3223f,-1.1998f,0.5948f,2.102f,0f,0f,0f,1f],start_interpolation: 0,interpolation_duration: 1}
$data merge entity $(left_shoulder) {transformation: [-0.3014f,-0.22f,1.418f,1.1072f,-1.3804f,0.44f,-0.2251f,5.8206f,-0.3917f,-1.3812f,-0.2976f,0.3485f,0f,0f,0f,1f],start_interpolation: 0,interpolation_duration: 1}
$data merge entity $(left_arm) {transformation: [-0.7232f,-0.1186f,0.6804f,0.6708f,0.1439f,0.9376f,0.3165f,6.176f,-0.6755f,0.3268f,-0.661f,0.0567f,0f,0f,0f,1f],start_interpolation: 0,interpolation_duration: 1}
$data merge entity $(chest) {transformation: [-0.9247f,-0.1517f,0.8699f,0.5885f,0.184f,1.1988f,0.4047f,4.5573f,-0.8636f,0.4179f,-0.8451f,-0.8553f,0f,0f,0f,1f],start_interpolation: 0,interpolation_duration: 1}
$data merge entity $(left_cheek) {transformation: [-0.8491f,-0.1618f,0.5029f,1.1131f,-0.1291f,0.9866f,0.0994f,3.6609f,-0.5122f,0.0195f,-0.8586f,-0.8635f,0f,0f,0f,1f],start_interpolation: 0,interpolation_duration: 1}
$data merge entity $(left_foot) {transformation: [-1.0222f,-0.012f,0.0151f,1.042f,-0.0109f,1.0197f,0.0728f,-3.6711f,-0.016f,0.0726f,-1.0197f,1.6879f,0f,0f,0f,1f],start_interpolation: 0,interpolation_duration: 1}
$data merge entity $(left_knee) {transformation: [-3.0364f,-0.0386f,0.1756f,1.083f,-0.0403f,3.0413f,-0.0296f,0.5381f,-0.1752f,-0.0318f,-3.0365f,1.5247f,0f,0f,0f,1f],start_interpolation: 0,interpolation_duration: 1}
$data merge entity $(left_leg) {transformation: [-1.7157f,0.0486f,0.0736f,1.0872f,-0.0129f,1.2801f,-1.1457f,2.6219f,-0.0872f,-1.1447f,-1.278f,-0.2754f,0f,0f,0f,1f],start_interpolation: 0,interpolation_duration: 1}
$data merge entity $(right_cheek) {transformation: [-0.6515f,0.0727f,0.7552f,0.5787f,0.1523f,0.9877f,0.0363f,3.6227f,-0.7432f,0.1387f,-0.6545f,-1.3649f,0f,0f,0f,1f],start_interpolation: 0,interpolation_duration: 1}
$data merge entity $(right_foot) {transformation: [-0.2747f,0.0449f,0.9838f,-0.4909f,0.2565f,0.9893f,0.0264f,-3.7245f,-0.9508f,0.2539f,-0.2771f,-3.454f,0f,0f,0f,1f],start_interpolation: 0,interpolation_duration: 1}
$data merge entity $(right_knee) {transformation: [-1.0398f,-0.4845f,2.8171f,-1.0761f,1.0597f,2.7188f,0.8587f,0.1039f,-2.6548f,1.275f,-0.7606f,-1.7967f,0f,0f,0f,1f],start_interpolation: 0,interpolation_duration: 1}
$data merge entity $(right_leg) {transformation: [-0.6673f,0.6711f,1.4338f,-0.0152f,0.6302f,1.54f,-0.4275f,2.5573f,-1.4522f,0.3598f,-0.8443f,-1.1351f,0f,0f,0f,1f],start_interpolation: 0,interpolation_duration: 1}
$data merge entity $(weist) {transformation: [-1.278f,-0.0196f,0.9992f,0.5885f,-0.0749f,1.6193f,-0.064f,4.2326f,-0.9966f,-0.0965f,-1.2765f,-0.896f,0f,0f,0f,1f],start_interpolation: 0,interpolation_duration: 1}
data modify storage animated_java:temp entry.data merge value {"locators":{"consume":{"px":-0.8047150753,"py":6.7586469715,"pz":1.5933639074,"ry":227.5442893972,"rx":-33.454475069}}}
# Data Manager: Prepare for Read / Write
execute store result storage animated_java:temp args.id int 1 run scoreboard players get @s aj.id
# Data Manager: Write
function animated_java:global/data_manager/write with storage animated_java:temp args