# This file was generated by Animated Java via MC-Build. It is not recommended to edit this file directly.
$data merge entity $(neck) {transformation: [-0.9296f,-0.1153f,0.3501f,0.352f,0.0842f,0.8583f,0.5062f,6.2409f,-0.3588f,0.5f,-0.7882f,-0.2248f,0f,0f,0f,1f],start_interpolation: 0,interpolation_duration: 1}
$data merge entity $(right_thumb_2) {transformation: [-0.2948f,-0.0043f,-0.9555f,-0.7665f,0.951f,-0.0984f,-0.293f,6.6178f,-0.0927f,-0.9951f,0.0331f,1.3742f,0f,0f,0f,1f],start_interpolation: 0,interpolation_duration: 1}
$data merge entity $(right_thumb) {transformation: [-0.2948f,-0.8297f,-0.474f,-1.0705f,0.951f,-0.3029f,-0.0613f,6.6622f,-0.0927f,-0.4689f,0.8784f,1.1972f,0f,0f,0f,1f],start_interpolation: 0,interpolation_duration: 1}
$data merge entity $(right_fingers2) {transformation: [0.4807f,0.586f,-0.6523f,-0.7474f,-0.8622f,0.1805f,-0.4733f,6.6981f,-0.1596f,0.7899f,0.5921f,1.718f,0f,0f,0f,1f],start_interpolation: 0,interpolation_duration: 1}
$data merge entity $(right_fingers) {transformation: [0.4144f,-0.6347f,-0.6523f,-0.9213f,0.4315f,0.768f,-0.4733f,6.9256f,0.8013f,-0.0853f,0.5921f,1.7206f,0f,0f,0f,1f],start_interpolation: 0,interpolation_duration: 1}
$data merge entity $(scout) {transformation: [0f,0f,0f,-0.9062f,0f,0f,0f,6.7166f,0f,0f,0f,1.7503f,0f,0f,0f,1f],start_interpolation: 0,interpolation_duration: 1}
$data merge entity $(right_hand) {transformation: [-0.5962f,-0.4681f,-0.6523f,-1.2347f,0.8027f,-0.3629f,-0.4733f,6.6778f,-0.0152f,-0.8057f,0.5921f,1.252f,0f,0f,0f,1f],start_interpolation: 0,interpolation_duration: 1}
$data merge entity $(right_forearm) {transformation: [-0.7078f,-0.5539f,-1.0437f,-2.0774f,1.1085f,-0.7326f,-0.3629f,5.5152f,-0.4092f,-1.0264f,0.8222f,-0.2469f,0f,0f,0f,1f],start_interpolation: 0,interpolation_duration: 1}
$data merge entity $(right_shoulder) {transformation: [-0.8381f,1.1826f,-0.2212f,-0.4596f,1.0441f,0.5811f,-0.8497f,6.0405f,-0.5976f,-0.6432f,-1.1743f,-0.8729f,0f,0f,0f,1f],start_interpolation: 0,interpolation_duration: 1}
$data merge entity $(right_arm) {transformation: [-0.8003f,-0.0782f,0.5945f,-0.0259f,0.1191f,0.951f,0.2855f,6.2513f,-0.5876f,0.2993f,-0.7517f,-0.4612f,0f,0f,0f,1f],start_interpolation: 0,interpolation_duration: 1}
$data merge entity $(left_thumb_2) {transformation: [0.0913f,-0.1034f,0.9904f,0.4713f,-0.9921f,0.0768f,0.0995f,6.2874f,-0.0863f,-0.9917f,-0.0956f,3.8627f,0f,0f,0f,1f],start_interpolation: 0,interpolation_duration: 1}
$data merge entity $(left_thumb) {transformation: [0.0913f,0.806f,0.5848f,0.7088f,-0.9921f,0.1245f,-0.0167f,6.4748f,-0.0863f,-0.5786f,0.811f,3.6779f,0f,0f,0f,1f],start_interpolation: 0,interpolation_duration: 1}
$data merge entity $(left_fingers2) {transformation: [0.1485f,-0.4909f,0.8584f,0.4738f,0.942f,-0.194f,-0.2739f,6.296f,0.301f,0.8493f,0.4336f,4.2161f,0f,0f,0f,1f],start_interpolation: 0,interpolation_duration: 1}
$data merge entity $(left_fingers) {transformation: [0.4236f,0.2892f,0.8584f,0.5505f,-0.0982f,0.9567f,-0.2739f,6.5694f,-0.9005f,0.0317f,0.4336f,4.2537f,0f,0f,0f,1f],start_interpolation: 0,interpolation_duration: 1}
$data merge entity $(left_hand) {transformation: [-0.2512f,0.4472f,0.8584f,0.8619f,-0.9616f,-0.0145f,-0.2739f,6.5436f,-0.1101f,-0.8943f,0.4336f,3.723f,0f,0f,0f,1f],start_interpolation: 0,interpolation_duration: 1}
$data merge entity $(left_forearm) {transformation: [-1.2385f,0.5163f,0.3107f,1.5993f,-0.5339f,-0.6107f,-1.1131f,5.5611f,-0.2795f,-1.1214f,0.7493f,2.0499f,0f,0f,0f,1f],start_interpolation: 0,interpolation_duration: 1}
$data merge entity $(left_shoulder) {transformation: [-0.498f,-0.2492f,1.3564f,1.1514f,-1.3447f,0.4078f,-0.4188f,5.8007f,-0.3061f,-1.3862f,-0.367f,0.31f,0f,0f,0f,1f],start_interpolation: 0,interpolation_duration: 1}
$data merge entity $(left_arm) {transformation: [-0.8003f,-0.0782f,0.5945f,0.6825f,0.1191f,0.951f,0.2855f,6.1458f,-0.5876f,0.2993f,-0.7517f,0.0589f,0f,0f,0f,1f],start_interpolation: 0,interpolation_duration: 1}
$data merge entity $(chest) {transformation: [-1.0232f,-0.1f,0.76f,0.4901f,0.1523f,1.2158f,0.365f,4.491f,-0.7513f,0.3827f,-0.9611f,-0.7676f,0f,0f,0f,1f],start_interpolation: 0,interpolation_duration: 1}
$data merge entity $(left_cheek) {transformation: [-0.8614f,-0.1577f,0.4827f,1.0168f,-0.1505f,0.9871f,0.0539f,3.6248f,-0.485f,-0.0262f,-0.8741f,-0.7697f,0f,0f,0f,1f],start_interpolation: 0,interpolation_duration: 1}
$data merge entity $(left_foot) {transformation: [-1.022f,-0.0045f,-0.0252f,1.0021f,-0.0077f,1.0138f,0.1318f,-3.7186f,0.0244f,0.1319f,-1.0135f,1.8696f,0f,0f,0f,1f],start_interpolation: 0,interpolation_duration: 1}
$data merge entity $(left_knee) {transformation: [-3.0388f,-0.0344f,0.1289f,1.047f,-0.0378f,3.0405f,-0.0797f,0.4873f,-0.1279f,-0.0812f,-3.038f,1.6366f,0f,0f,0f,1f],start_interpolation: 0,interpolation_duration: 1}
$data merge entity $(left_leg) {transformation: [-1.7166f,0.0326f,0.0616f,1.026f,-0.0164f,1.2876f,-1.1372f,2.5828f,-0.0677f,-1.1368f,-1.2862f,-0.1498f,0f,0f,0f,1f],start_interpolation: 0,interpolation_duration: 1}
$data merge entity $(right_cheek) {transformation: [-0.7093f,0.0955f,0.6984f,0.4612f,0.1319f,0.9913f,-0.0015f,3.5506f,-0.6925f,0.091f,-0.7157f,-1.2479f,0f,0f,0f,1f],start_interpolation: 0,interpolation_duration: 1}
$data merge entity $(right_foot) {transformation: [-0.359f,0.0461f,0.9562f,-0.6195f,0.2139f,0.9992f,0.0321f,-3.8682f,-0.9331f,0.2113f,-0.3605f,-2.9774f,0f,0f,0f,1f],start_interpolation: 0,interpolation_duration: 1}
$data merge entity $(right_knee) {transformation: [-1.2857f,-0.478f,2.7149f,-1.2069f,0.9342f,2.7428f,0.9254f,-0.0074f,-2.5935f,1.225f,-1.0125f,-1.3978f,0f,0f,0f,1f],start_interpolation: 0,interpolation_duration: 1}
$data merge entity $(right_leg) {transformation: [-0.783f,0.6818f,1.3687f,-0.1222f,0.552f,1.5601f,-0.4613f,2.4825f,-1.426f,0.2295f,-0.9301f,-0.9436f,0f,0f,0f,1f],start_interpolation: 0,interpolation_duration: 1}
$data merge entity $(weist) {transformation: [-1.331f,-0.0285f,0.9271f,0.4901f,-0.1162f,1.6139f,-0.1173f,4.1663f,-0.9202f,-0.1626f,-1.3262f,-0.8083f,0f,0f,0f,1f],start_interpolation: 0,interpolation_duration: 1}
data modify storage animated_java:temp entry.data merge value {"locators":{"consume":{"px":-0.777545052,"py":6.752229349,"pz":1.8554014832,"ry":227.7689943655,"rx":-28.2461780562}}}
# Data Manager: Prepare for Read / Write
execute store result storage animated_java:temp args.id int 1 run scoreboard players get @s aj.id
# Data Manager: Write
function animated_java:global/data_manager/write with storage animated_java:temp args