# This file was generated by Animated Java via MC-Build. It is not recommended to edit this file directly.
$data merge entity $(neck) {transformation: [-0.9446f,-0.0999f,0.3127f,0.3067f,0.0585f,0.8861f,0.4599f,6.2003f,-0.323f,0.4527f,-0.8311f,-0.2141f,0f,0f,0f,1f],start_interpolation: 0,interpolation_duration: 1}
$data merge entity $(right_thumb_2) {transformation: [-0.2324f,-0.0166f,-0.9725f,-0.7529f,0.9595f,-0.1679f,-0.2264f,6.6334f,-0.1595f,-0.9857f,0.0549f,1.5929f,0f,0f,0f,1f],start_interpolation: 0,interpolation_duration: 1}
$data merge entity $(right_thumb) {transformation: [-0.2324f,-0.8505f,-0.4719f,-1.0543f,0.9595f,-0.28f,0.0322f,6.6851f,-0.1595f,-0.4453f,0.8811f,1.4135f,0f,0f,0f,1f],start_interpolation: 0,interpolation_duration: 1}
$data merge entity $(right_fingers2) {transformation: [0.4222f,0.6012f,-0.6784f,-0.7265f,-0.9011f,0.1969f,-0.3863f,6.7363f,-0.0987f,0.7744f,0.6249f,1.93f,0f,0f,0f,1f],start_interpolation: 0,interpolation_duration: 1}
$data merge entity $(right_fingers) {transformation: [0.4464f,-0.5835f,-0.6784f,-0.8851f,0.4587f,0.8002f,-0.3863f,6.9744f,0.7683f,-0.1388f,0.6249f,1.9167f,0f,0f,0f,1f],start_interpolation: 0,interpolation_duration: 1}
$data merge entity $(scout) {transformation: [0f,0f,0f,-0.8835f,0f,0f,0f,6.7675f,0f,0f,0f,1.9612f,0f,0f,0f,1f],start_interpolation: 0,interpolation_duration: 1}
$data merge entity $(right_hand) {transformation: [-0.5423f,-0.4956f,-0.6784f,-1.2168f,0.8371f,-0.3873f,-0.3863f,6.7153f,-0.0713f,-0.7774f,0.6249f,1.4672f,0f,0f,0f,1f],start_interpolation: 0,interpolation_duration: 1}
$data merge entity $(right_forearm) {transformation: [-0.6448f,-0.5916f,-1.0637f,-2.1195f,1.1079f,-0.7835f,-0.2359f,5.4807f,-0.5038f,-0.966f,0.8427f,0.064f,0f,0f,0f,1f],start_interpolation: 0,interpolation_duration: 1}
$data merge entity $(right_shoulder) {transformation: [-0.8912f,1.1107f,-0.3492f,-0.5745f,1.028f,0.5443f,-0.8926f,5.9658f,-0.5465f,-0.7873f,-1.1096f,-0.7501f,0f,0f,0f,1f],start_interpolation: 0,interpolation_duration: 1}
$data merge entity $(right_arm) {transformation: [-0.8652f,-0.0491f,0.4991f,-0.0966f,0.0877f,0.965f,0.247f,6.198f,-0.4938f,0.2574f,-0.8306f,-0.4041f,0f,0f,0f,1f],start_interpolation: 0,interpolation_duration: 1}
$data merge entity $(left_thumb_2) {transformation: [0.0773f,-0.0454f,0.996f,0.5252f,-0.9963f,-0.042f,0.0754f,6.7498f,0.0384f,-0.9981f,-0.0484f,3.5778f,0f,0f,0f,1f],start_interpolation: 0,interpolation_duration: 1}
$data merge entity $(left_thumb) {transformation: [0.0773f,0.8399f,0.5373f,0.7763f,-0.9963f,0.0443f,0.0741f,6.9107f,0.0384f,-0.541f,0.8402f,3.3862f,0f,0f,0f,1f],start_interpolation: 0,interpolation_duration: 1}
$data merge entity $(left_fingers2) {transformation: [0.1489f,-0.5421f,0.827f,0.5077f,0.9695f,-0.0844f,-0.2299f,6.8008f,0.1945f,0.8361f,0.513f,3.9272f,0f,0f,0f,1f],start_interpolation: 0,interpolation_duration: 1}
$data merge entity $(left_fingers) {transformation: [0.4722f,0.305f,0.827f,0.5874f,-0.211f,0.9501f,-0.2299f,7.0758f,-0.8559f,-0.066f,0.513f,3.9363f,0f,0f,0f,1f],start_interpolation: 0,interpolation_duration: 1}
$data merge entity $(left_hand) {transformation: [-0.2627f,0.497f,0.827f,0.9279f,-0.9648f,-0.1274f,-0.2299f,6.9826f,-0.0089f,-0.8584f,0.513f,3.4317f,0f,0f,0f,1f],start_interpolation: 0,interpolation_duration: 1}
$data merge entity $(left_forearm) {transformation: [-1.2585f,0.5162f,0.2166f,1.6608f,-0.5064f,-0.8224f,-0.982f,5.6873f,-0.2387f,-0.9769f,0.9412f,1.9848f,0f,0f,0f,1f],start_interpolation: 0,interpolation_duration: 1}
$data merge entity $(left_shoulder) {transformation: [-0.6679f,-0.2608f,1.2789f,1.1671f,-1.2982f,0.2819f,-0.6205f,5.7893f,-0.1355f,-1.415f,-0.3593f,0.2438f,0f,0f,0f,1f],start_interpolation: 0,interpolation_duration: 1}
$data merge entity $(left_arm) {transformation: [-0.8652f,-0.0491f,0.4991f,0.6692f,0.0877f,0.965f,0.247f,6.1204f,-0.4938f,0.2574f,-0.8306f,0.0329f,0f,0f,0f,1f],start_interpolation: 0,interpolation_duration: 1}
$data merge entity $(chest) {transformation: [-1.1062f,-0.0628f,0.6381f,0.3923f,0.1121f,1.2339f,0.3158f,4.4249f,-0.6313f,0.3291f,-1.062f,-0.6792f,0f,0f,0f,1f],start_interpolation: 0,interpolation_duration: 1}
$data merge entity $(left_cheek) {transformation: [-0.8728f,-0.158f,0.4617f,0.922f,-0.1918f,0.9811f,-0.0267f,3.5671f,-0.4488f,-0.1118f,-0.8866f,-0.7138f,0f,0f,0f,1f],start_interpolation: 0,interpolation_duration: 1}
$data merge entity $(left_foot) {transformation: [-1.0201f,0.0046f,-0.0683f,1.0149f,-0.0147f,0.9816f,0.2853f,-3.6943f,0.0668f,0.2857f,-0.9794f,1.9801f,0f,0f,0f,1f],start_interpolation: 0,interpolation_duration: 1}
$data merge entity $(left_knee) {transformation: [-3.0403f,-0.0575f,0.0753f,1.0257f,-0.0579f,3.0411f,-0.0156f,0.5157f,-0.075f,-0.017f,-3.0408f,1.8343f,0f,0f,0f,1f],start_interpolation: 0,interpolation_duration: 1}
$data merge entity $(left_leg) {transformation: [-1.7172f,0.011f,0.0511f,0.9704f,-0.0271f,1.248f,-1.1803f,2.5486f,-0.0447f,-1.1806f,-1.2473f,-0.0223f,0f,0f,0f,1f],start_interpolation: 0,interpolation_duration: 1}
$data merge entity $(right_cheek) {transformation: [-0.761f,0.1135f,0.6388f,0.3483f,0.1105f,0.9929f,-0.0448f,3.4789f,-0.6393f,0.0365f,-0.7681f,-1.1294f,0f,0f,0f,1f],start_interpolation: 0,interpolation_duration: 1}
$data merge entity $(right_foot) {transformation: [-0.4411f,0.0422f,0.9214f,-0.7105f,0.1688f,1.0077f,0.0346f,-3.9982f,-0.9067f,0.1671f,-0.4417f,-2.4858f,0f,0f,0f,1f],start_interpolation: 0,interpolation_duration: 1}
$data merge entity $(right_knee) {transformation: [-1.5242f,-0.4757f,2.5889f,-1.3068f,0.802f,2.7655f,0.9804f,-0.1076f,-2.5071f,1.1739f,-1.2603f,-0.9846f,0f,0f,0f,1f],start_interpolation: 0,interpolation_duration: 1}
$data merge entity $(right_leg) {transformation: [-0.8928f,0.6796f,1.301f,-0.219f,0.4683f,1.575f,-0.5014f,2.4108f,-1.3911f,0.094f,-1.0037f,-0.7467f,0f,0f,0f,1f],start_interpolation: 0,interpolation_duration: 1}
$data merge entity $(weist) {transformation: [-1.3789f,-0.0445f,0.8536f,0.3923f,-0.1597f,1.605f,-0.1743f,4.1002f,-0.8397f,-0.2321f,-1.3686f,-0.7199f,0f,0f,0f,1f],start_interpolation: 0,interpolation_duration: 1}
data modify storage animated_java:temp entry.data merge value {"locators":{"consume":{"px":-0.7522170047,"py":6.8019155084,"pz":2.0633206834,"ry":227.3514506538,"rx":-22.7239808463}}}
# Data Manager: Prepare for Read / Write
execute store result storage animated_java:temp args.id int 1 run scoreboard players get @s aj.id
# Data Manager: Write
function animated_java:global/data_manager/write with storage animated_java:temp args