# This file was generated by Animated Java via MC-Build. It is not recommended to edit this file directly.
$data merge entity $(neck) {transformation: [-0.9561f,-0.0989f,0.2758f,0.2479f,0.0261f,0.9089f,0.4163f,6.1646f,-0.2919f,0.4052f,-0.8664f,-0.2232f,0f,0f,0f,1f],start_interpolation: 0,interpolation_duration: 1}
$data merge entity $(right_thumb_2) {transformation: [-0.1913f,-0.0263f,-0.9812f,-0.7462f,0.9532f,-0.2434f,-0.1793f,6.6827f,-0.2341f,-0.9696f,0.0716f,1.739f,0f,0f,0f,1f],start_interpolation: 0,interpolation_duration: 1}
$data merge entity $(right_thumb) {transformation: [-0.1913f,-0.8629f,-0.4678f,-1.0456f,0.9532f,-0.277f,0.1211f,6.7332f,-0.2341f,-0.4228f,0.8755f,1.5559f,0f,0f,0f,1f],start_interpolation: 0,interpolation_duration: 1}
$data merge entity $(right_fingers2) {transformation: [0.3828f,0.6111f,-0.6928f,-0.7145f,-0.9234f,0.2306f,-0.3068f,6.8104f,-0.0277f,0.7572f,0.6526f,2.0671f,0f,0f,0f,1f],start_interpolation: 0,interpolation_duration: 1}
$data merge entity $(right_fingers) {transformation: [0.4677f,-0.5489f,-0.6928f,-0.8628f,0.4976f,0.8113f,-0.3068f,7.0534f,0.7305f,-0.2012f,0.6526f,2.0351f,0f,0f,0f,1f],start_interpolation: 0,interpolation_duration: 1}
$data merge entity $(scout) {transformation: [0f,0f,0f,-0.8701f,0f,0f,0f,6.8506f,0f,0f,0f,2.0956f,0f,0f,0f,1f],start_interpolation: 0,interpolation_duration: 1}
$data merge entity $(right_hand) {transformation: [-0.506f,-0.5138f,-0.6928f,-1.2065f,0.8516f,-0.425f,-0.3068f,6.7745f,-0.1368f,-0.7453f,0.6526f,1.6069f,0f,0f,0f,1f],start_interpolation: 0,interpolation_duration: 1}
$data merge entity $(right_forearm) {transformation: [-0.6058f,-0.6146f,-1.0735f,-2.1459f,1.0797f,-0.846f,-0.125f,5.4509f,-0.6036f,-0.8965f,0.8539f,0.313f,0f,0f,0f,1f],start_interpolation: 0,interpolation_duration: 1}
$data merge entity $(right_shoulder) {transformation: [-0.9371f,1.0359f,-0.4457f,-0.6797f,1.0065f,0.5069f,-0.9381f,5.8962f,-0.5087f,-0.9055f,-1.035f,-0.6551f,0f,0f,0f,1f],start_interpolation: 0,interpolation_duration: 1}
$data merge entity $(right_arm) {transformation: [-0.9112f,-0.0348f,0.4104f,-0.1724f,0.0557f,0.9768f,0.2066f,6.1495f,-0.4081f,0.2111f,-0.8882f,-0.3713f,0f,0f,0f,1f],start_interpolation: 0,interpolation_duration: 1}
$data merge entity $(left_thumb_2) {transformation: [0.1029f,-0.0018f,0.9947f,0.5356f,-0.9777f,-0.1844f,0.1008f,7.2028f,0.1832f,-0.9829f,-0.0207f,3.2174f,0f,0f,0f,1f],start_interpolation: 0,interpolation_duration: 1}
$data merge entity $(left_thumb) {transformation: [0.1029f,0.8605f,0.4989f,0.7902f,-0.9777f,-0.0049f,0.2101f,7.3432f,0.1832f,-0.5094f,0.8408f,3.0145f,0f,0f,0f,1f],start_interpolation: 0,interpolation_duration: 1}
$data merge entity $(left_fingers2) {transformation: [0.1139f,-0.5745f,0.8105f,0.502f,0.9917f,0.0169f,-0.1274f,7.3022f,0.0595f,0.8183f,0.5717f,3.5549f,0f,0f,0f,1f],start_interpolation: 0,interpolation_duration: 1}
$data merge entity $(left_fingers) {transformation: [0.5137f,0.2814f,0.8105f,0.5736f,-0.3143f,0.9407f,-0.1274f,7.5782f,-0.7983f,-0.1893f,0.5717f,3.5277f,0f,0f,0f,1f],start_interpolation: 0,interpolation_duration: 1}
$data merge entity $(left_hand) {transformation: [-0.2355f,0.5363f,0.8105f,0.9376f,-0.9646f,-0.2311f,-0.1274f,7.4258f,0.119f,-0.8118f,0.5717f,3.055f,0f,0f,0f,1f],start_interpolation: 0,interpolation_duration: 1}
$data merge entity $(left_forearm) {transformation: [-1.2582f,0.5332f,0.1727f,1.6946f,-0.5296f,-0.9922f,-0.7952f,5.8807f,-0.1834f,-0.7927f,1.1113f,1.8939f,0f,0f,0f,1f],start_interpolation: 0,interpolation_duration: 1}
$data merge entity $(left_shoulder) {transformation: [-0.7757f,-0.2826f,1.2117f,1.1546f,-1.2427f,0.1059f,-0.7709f,5.7841f,0.0611f,-1.4348f,-0.2955f,0.1664f,0f,0f,0f,1f],start_interpolation: 0,interpolation_duration: 1}
$data merge entity $(left_arm) {transformation: [-0.9112f,-0.0348f,0.4104f,0.6341f,0.0557f,0.9768f,0.2066f,6.1002f,-0.4081f,0.2111f,-0.8882f,-0.0101f,0f,0f,0f,1f],start_interpolation: 0,interpolation_duration: 1}
$data merge entity $(chest) {transformation: [-1.1651f,-0.0445f,0.5247f,0.3079f,0.0712f,1.2489f,0.2641f,4.3678f,-0.5218f,0.2699f,-1.1356f,-0.6027f,0f,0f,0f,1f],start_interpolation: 0,interpolation_duration: 1}
$data merge entity $(left_cheek) {transformation: [-0.8772f,-0.1645f,0.4511f,0.8432f,-0.2386f,0.9646f,-0.1122f,3.5027f,-0.4167f,-0.206f,-0.8854f,-0.683f,0f,0f,0f,1f],start_interpolation: 0,interpolation_duration: 1}
$data merge entity $(left_foot) {transformation: [-1.0169f,0.0213f,-0.1031f,1.0475f,-0.0296f,0.903f,0.4785f,-3.6262f,0.101f,0.4789f,-0.8976f,2.0029f,0f,0f,0f,1f],start_interpolation: 0,interpolation_duration: 1}
$data merge entity $(left_knee) {transformation: [-3.04f,-0.0922f,0.0425f,1.009f,-0.0904f,3.038f,0.1198f,0.586f,-0.0461f,0.1185f,-3.0391f,2.0439f,0f,0f,0f,1f],start_interpolation: 0,interpolation_duration: 1}
$data merge entity $(left_leg) {transformation: [-1.717f,-0.0059f,0.0572f,0.9264f,-0.0454f,1.1878f,-1.2404f,2.5233f,-0.0353f,-1.2412f,-1.1873f,0.0888f,0f,0f,0f,1f],start_interpolation: 0,interpolation_duration: 1}
$data merge entity $(right_cheek) {transformation: [-0.8011f,0.1245f,0.5854f,0.2541f,0.0914f,0.9921f,-0.0858f,3.4173f,-0.5915f,-0.0152f,-0.8062f,-1.0264f,0f,0f,0f,1f],start_interpolation: 0,interpolation_duration: 1}
$data merge entity $(right_foot) {transformation: [-0.5089f,0.0353f,0.886f,-0.7594f,0.128f,1.0138f,0.0332f,-4.0986f,-0.8774f,0.1275f,-0.5091f,-2.0502f,0f,0f,0f,1f],start_interpolation: 0,interpolation_duration: 1}
$data merge entity $(right_knee) {transformation: [-1.7207f,-0.4767f,2.4626f,-1.3677f,0.6829f,2.7845f,1.0161f,-0.1836f,-2.4135f,1.1276f,-1.4681f,-0.6188f,0f,0f,0f,1f],start_interpolation: 0,interpolation_duration: 1}
$data merge entity $(right_leg) {transformation: [-0.9832f,0.6671f,1.2409f,-0.2945f,0.392f,1.583f,-0.5404f,2.3519f,-1.3532f,-0.0261f,-1.0582f,-0.5734f,0f,0f,0f,1f],start_interpolation: 0,interpolation_duration: 1}
$data merge entity $(weist) {transformation: [-1.4154f,-0.0641f,0.7903f,0.3079f,-0.1988f,1.5941f,-0.2266f,4.0431f,-0.7676f,-0.2945f,-1.3986f,-0.6433f,0f,0f,0f,1f],start_interpolation: 0,interpolation_duration: 1}
data modify storage animated_java:temp entry.data merge value {"locators":{"consume":{"px":-0.7371260009,"py":6.8872217262,"pz":2.1948317475,"ry":226.7137579396,"rx":-17.8684107233}}}
# Data Manager: Prepare for Read / Write
execute store result storage animated_java:temp args.id int 1 run scoreboard players get @s aj.id
# Data Manager: Write
function animated_java:global/data_manager/write with storage animated_java:temp args