# This file was generated by Animated Java via MC-Build. It is not recommended to edit this file directly.
$data merge entity $(neck) {transformation: [-0.9339f,-0.0587f,0.3526f,0.129f,0.1158f,0.8835f,0.4538f,6.3461f,-0.3382f,0.4647f,-0.8184f,-0.403f,0f,0f,0f,1f],start_interpolation: 0,interpolation_duration: 1}
$data merge entity $(right_thumb_2) {transformation: [-0.4834f,-0.4062f,-0.7754f,-0.5694f,0.8509f,-0.0099f,-0.5253f,6.6023f,0.2057f,-0.9137f,0.3504f,1.3933f,0f,0f,0f,1f],start_interpolation: 0,interpolation_duration: 1}
$data merge entity $(right_thumb) {transformation: [-0.4834f,-0.8746f,-0.0359f,-0.9219f,0.8509f,-0.4598f,-0.2541f,6.5841f,0.2057f,-0.1534f,0.9665f,1.3608f,0f,0f,0f,1f],start_interpolation: 0,interpolation_duration: 1}
$data merge entity $(right_fingers2) {transformation: [0.524f,0.8185f,-0.2356f,-0.4223f,-0.6967f,0.2529f,-0.6713f,6.6547f,-0.4898f,0.5159f,0.7028f,1.7104f,0f,0f,0f,1f],start_interpolation: 0,interpolation_duration: 1}
$data merge entity $(right_fingers) {transformation: [0.623f,-0.7459f,-0.2356f,-0.619f,0.4507f,0.5884f,-0.6713f,6.8302f,0.6393f,0.312f,0.7028f,1.8225f,0f,0f,0f,1f],start_interpolation: 0,interpolation_duration: 1}
$data merge entity $(scout) {transformation: [0f,0f,0f,-0.5528f,0f,0f,0f,6.6299f,0f,0f,0f,1.8051f,0f,0f,0f,1f],start_interpolation: 0,interpolation_duration: 1}
$data merge entity $(right_hand) {transformation: [-0.6888f,-0.6857f,-0.2356f,-1.0471f,0.6255f,-0.3977f,-0.6713f,6.5531f,0.3666f,-0.6097f,0.7028f,1.4773f,0f,0f,0f,1f],start_interpolation: 0,interpolation_duration: 1}
$data merge entity $(right_forearm) {transformation: [-1.0002f,-0.8033f,-0.5015f,-2.2336f,0.9385f,-0.7432f,-0.6812f,5.3701f,0.1267f,-0.8363f,1.087f,0.2521f,0f,0f,0f,1f],start_interpolation: 0,interpolation_duration: 1}
$data merge entity $(right_shoulder) {transformation: [-1.0291f,0.9641f,-0.4015f,-0.8377f,0.9735f,0.6812f,-0.8591f,6.0321f,-0.3784f,-0.8696f,-1.1182f,-0.6959f,0f,0f,0f,1f],start_interpolation: 0,interpolation_duration: 1}
$data merge entity $(right_arm) {transformation: [-0.968f,-0.0635f,0.2426f,-0.3081f,0.0086f,0.9584f,0.2852f,6.3073f,-0.2506f,0.2782f,-0.9272f,-0.4818f,0f,0f,0f,1f],start_interpolation: 0,interpolation_duration: 1}
$data merge entity $(left_thumb_2) {transformation: [-0.1967f,-0.406f,0.8925f,2.1019f,-0.9691f,-0.0575f,-0.2397f,6.1002f,0.1487f,-0.9121f,-0.3822f,2.2012f,0f,0f,0f,1f],start_interpolation: 0,interpolation_duration: 1}
$data merge entity $(left_thumb) {transformation: [-0.1967f,0.5699f,0.7978f,2.3032f,-0.9691f,-0.2364f,-0.0701f,6.1688f,0.1487f,-0.787f,0.5988f,1.9175f,0f,0f,0f,1f],start_interpolation: 0,interpolation_duration: 1}
$data merge entity $(left_fingers2) {transformation: [0.4735f,-0.2109f,0.8552f,2.2245f,0.8808f,0.115f,-0.4593f,6.1653f,-0.0015f,0.9707f,0.2402f,2.5263f,0f,0f,0f,1f],start_interpolation: 0,interpolation_duration: 1}
$data merge entity $(left_fingers) {transformation: [0.0587f,0.515f,0.8552f,2.3759f,-0.3745f,0.8054f,-0.4593f,6.402f,-0.9254f,-0.2933f,0.2402f,2.4706f,0f,0f,0f,1f],start_interpolation: 0,interpolation_duration: 1}
$data merge entity $(left_hand) {transformation: [-0.5079f,0.1034f,0.8552f,2.4746f,-0.835f,-0.3029f,-0.4593f,6.1915f,0.2115f,-0.9474f,0.2402f,1.9004f,0f,0f,0f,1f],start_interpolation: 0,interpolation_duration: 1}
$data merge entity $(left_forearm) {transformation: [-1.3572f,0.0317f,0.2327f,2.4745f,-0.2059f,-0.8178f,-1.089f,4.9117f,0.1131f,-1.1079f,0.8105f,0.2662f,0f,0f,0f,1f],start_interpolation: 0,interpolation_duration: 1}
$data merge entity $(left_shoulder) {transformation: [-1.0598f,-0.9327f,0.3958f,1.111f,-0.9955f,1.0652f,-0.1555f,6.0148f,-0.1887f,-0.3812f,-1.4032f,-0.1914f,0f,0f,0f,1f],start_interpolation: 0,interpolation_duration: 1}
$data merge entity $(left_arm) {transformation: [-0.968f,-0.0635f,0.2426f,0.5487f,0.0086f,0.9584f,0.2852f,6.2997f,-0.2506f,0.2782f,-0.9272f,-0.26f,0f,0f,0f,1f],start_interpolation: 0,interpolation_duration: 1}
$data merge entity $(chest) {transformation: [-1.2377f,-0.0812f,0.3102f,0.2434f,0.011f,1.2254f,0.3647f,4.5824f,-0.3204f,0.3557f,-1.1855f,-0.9054f,0f,0f,0f,1f],start_interpolation: 0,interpolation_duration: 1}
$data merge entity $(left_cheek) {transformation: [-0.8934f,-0.0639f,0.4447f,0.7678f,-0.1266f,0.9855f,-0.1128f,3.5367f,-0.431f,-0.1571f,-0.8886f,-1.0255f,0f,0f,0f,1f],start_interpolation: 0,interpolation_duration: 1}
$data merge entity $(left_foot) {transformation: [-1.0223f,0.0086f,-0.0051f,0.9281f,0.0045f,0.8584f,0.5553f,-3.144f,0.009f,0.5553f,-0.8584f,1.255f,0f,0f,0f,1f],start_interpolation: 0,interpolation_duration: 1}
$data merge entity $(left_knee) {transformation: [-3.0402f,-0.0941f,-0.0255f,0.8842f,-0.0972f,2.9892f,0.5542f,1.0187f,0.0079f,0.5547f,-2.9907f,1.9002f,0f,0f,0f,1f],start_interpolation: 0,interpolation_duration: 1}
$data merge entity $(left_leg) {transformation: [-1.7173f,-0.0386f,0.0295f,0.75f,-0.0464f,0.9973f,-1.3981f,2.6555f,0.0143f,-1.3983f,-0.998f,-0.3101f,0f,0f,0f,1f],start_interpolation: 0,interpolation_duration: 1}
$data merge entity $(right_cheek) {transformation: [-0.7173f,0.2434f,0.6529f,0.2878f,0.2005f,0.9695f,-0.1412f,3.5467f,-0.6673f,0.0296f,-0.7442f,-1.3804f,0f,0f,0f,1f],start_interpolation: 0,interpolation_duration: 1}
$data merge entity $(right_foot) {transformation: [-0.3248f,-0.0372f,0.9687f,-0.7855f,0.2124f,0.9941f,0.1094f,-3.5245f,-0.9458f,0.236f,-0.3081f,-3.0602f,0f,0f,0f,1f],start_interpolation: 0,interpolation_duration: 1}
$data merge entity $(right_knee) {transformation: [-1.2263f,-0.7613f,2.6775f,-1.7648f,0.9129f,2.6539f,1.1727f,0.2228f,-2.6296f,1.2764f,-0.8414f,-1.4036f,0f,0f,0f,1f],start_interpolation: 0,interpolation_duration: 1}
$data merge entity $(right_leg) {transformation: [-0.6926f,0.882f,1.3014f,-0.3611f,0.5156f,1.4709f,-0.7225f,2.579f,-1.4852f,0.0993f,-0.8577f,-1.1575f,0f,0f,0f,1f],start_interpolation: 0,interpolation_duration: 1}
$data merge entity $(weist) {transformation: [-1.2881f,-0.0221f,0.9861f,0.2434f,-0.0887f,1.618f,-0.0795f,4.2577f,-0.9824f,-0.117f,-1.2858f,-0.946f,0f,0f,0f,1f],start_interpolation: 0,interpolation_duration: 1}
data modify storage animated_java:temp entry.data merge value {"locators":{"consume":{"px":-0.4012724833,"py":6.6874894682,"pz":1.8560712366,"ry":198.5293008581,"rx":-42.1650400901}}}
# Data Manager: Prepare for Read / Write
execute store result storage animated_java:temp args.id int 1 run scoreboard players get @s aj.id
# Data Manager: Write
function animated_java:global/data_manager/write with storage animated_java:temp args