# This file was generated by Animated Java via MC-Build. It is not recommended to edit this file directly.
$data merge entity $(neck) {transformation: [-0.8983f,-0.0334f,0.438f,0.1893f,0.2271f,0.8183f,0.5281f,6.3844f,-0.3761f,0.5739f,-0.7275f,-0.3457f,0f,0f,0f,1f],start_interpolation: 0,interpolation_duration: 1}
$data merge entity $(right_thumb_2) {transformation: [-0.4749f,-0.2182f,-0.8526f,-0.8368f,0.8624f,0.0776f,-0.5002f,6.6294f,0.1753f,-0.9728f,0.1513f,1.0616f,0f,0f,0f,1f],start_interpolation: 0,interpolation_duration: 1}
$data merge entity $(right_thumb) {transformation: [-0.4749f,-0.8474f,-0.2373f,-1.1765f,0.8624f,-0.3944f,-0.3173f,6.6349f,0.1753f,-0.3554f,0.9182f,0.9603f,0f,0f,0f,1f],start_interpolation: 0,interpolation_duration: 1}
$data merge entity $(right_fingers2) {transformation: [0.5777f,0.7115f,-0.4f,-0.7529f,-0.6919f,0.1668f,-0.7025f,6.651f,-0.4331f,0.6826f,0.5886f,1.4043f,0f,0f,0f,1f],start_interpolation: 0,interpolation_duration: 1}
$data merge entity $(right_fingers) {transformation: [0.5048f,-0.7649f,-0.4f,-0.9595f,0.3672f,0.6097f,-0.7025f,6.8299f,0.7812f,0.2078f,0.5886f,1.4899f,0f,0f,0f,1f],start_interpolation: 0,interpolation_duration: 1}
$data merge entity $(scout) {transformation: [0f,0f,0f,-0.9005f,0f,0f,0f,6.6277f,0f,0f,0f,1.4698f,0f,0f,0f,1f],start_interpolation: 0,interpolation_duration: 1}
$data merge entity $(right_hand) {transformation: [-0.718f,-0.5696f,-0.4f,-1.3235f,0.6394f,-0.3126f,-0.7025f,6.6037f,0.2751f,-0.7602f,0.5886f,1.0476f,0f,0f,0f,1f],start_interpolation: 0,interpolation_duration: 1}
$data merge entity $(right_forearm) {transformation: [-0.9457f,-0.6842f,-0.7311f,-2.3412f,1.0008f,-0.6132f,-0.7208f,5.6124f,0.0326f,-1.0261f,0.9182f,-0.4657f,0f,0f,0f,1f],start_interpolation: 0,interpolation_duration: 1}
$data merge entity $(right_shoulder) {transformation: [-0.8041f,1.2177f,-0.1432f,-0.6899f,1.1215f,0.6613f,-0.6743f,6.2143f,-0.4954f,-0.4794f,-1.2941f,-0.9087f,0f,0f,0f,1f],start_interpolation: 0,interpolation_duration: 1}
$data merge entity $(right_arm) {transformation: [-0.8657f,-0.057f,0.4972f,-0.2139f,0.144f,0.9231f,0.3566f,6.4035f,-0.4793f,0.3803f,-0.791f,-0.5349f,0f,0f,0f,1f],start_interpolation: 0,interpolation_duration: 1}
$data merge entity $(left_thumb_2) {transformation: [0.2546f,-0.2425f,0.9362f,1.1959f,-0.8931f,-0.4302f,0.1314f,7.0537f,0.3709f,-0.8695f,-0.3261f,3.105f,0f,0f,0f,1f],start_interpolation: 0,interpolation_duration: 1}
$data merge entity $(left_thumb) {transformation: [0.2546f,0.6895f,0.6781f,1.3704f,-0.8931f,-0.1013f,0.4383f,7.1473f,0.3709f,-0.7172f,0.59f,2.8109f,0f,0f,0f,1f],start_interpolation: 0,interpolation_duration: 1}
$data merge entity $(left_fingers2) {transformation: [0.016f,-0.3348f,0.9421f,1.2424f,0.9775f,0.2034f,0.0557f,7.235f,-0.2103f,0.9201f,0.3306f,3.4049f,0f,0f,0f,1f],start_interpolation: 0,interpolation_duration: 1}
$data merge entity $(left_fingers) {transformation: [0.3145f,0.1159f,0.9421f,1.2735f,-0.4879f,0.8711f,0.0557f,7.4974f,-0.8142f,-0.4772f,0.3306f,3.2943f,0f,0f,0f,1f],start_interpolation: 0,interpolation_duration: 1}
$data merge entity $(left_hand) {transformation: [-0.0881f,0.3234f,0.9421f,1.5133f,-0.9103f,-0.4101f,0.0557f,7.2434f,0.4044f,-0.8527f,0.3306f,2.7872f,0f,0f,0f,1f],start_interpolation: 0,interpolation_duration: 1}
$data merge entity $(left_forearm) {transformation: [-1.1163f,0.5457f,0.5943f,2.3104f,-0.8056f,-0.8093f,-0.7701f,5.963f,0.044f,-0.9718f,0.9751f,1.361f,0f,0f,0f,1f],start_interpolation: 0,interpolation_duration: 1}
$data merge entity $(left_shoulder) {transformation: [-0.3657f,-0.9429f,1.0616f,1.0529f,-1.4185f,0.1945f,-0.3158f,5.9244f,0.0623f,-1.1059f,-0.9608f,0.0562f,0f,0f,0f,1f],start_interpolation: 0,interpolation_duration: 1}
$data merge entity $(left_arm) {transformation: [-0.8657f,-0.057f,0.4972f,0.5523f,0.144f,0.9231f,0.3566f,6.276f,-0.4793f,0.3803f,-0.791f,-0.1106f,0f,0f,0f,1f],start_interpolation: 0,interpolation_duration: 1}
$data merge entity $(chest) {transformation: [-1.1069f,-0.0729f,0.6357f,0.2894f,0.1841f,1.1802f,0.4559f,4.685f,-0.6128f,0.4862f,-1.0113f,-1.0369f,0f,0f,0f,1f],start_interpolation: 0,interpolation_duration: 1}
$data merge entity $(left_cheek) {transformation: [-0.8725f,-0.0308f,0.4876f,0.8283f,-0.0636f,0.9967f,-0.0508f,3.6388f,-0.4844f,-0.0754f,-0.8716f,-1.1452f,0f,0f,0f,1f],start_interpolation: 0,interpolation_duration: 1}
$data merge entity $(left_foot) {transformation: [-1.022f,0.0022f,0.0266f,0.8077f,0.0137f,0.9176f,0.4506f,-3.031f,-0.0229f,0.4509f,-0.9173f,1.0705f,0f,0f,0f,1f],start_interpolation: 0,interpolation_duration: 1}
$data merge entity $(left_knee) {transformation: [-3.041f,-0.0564f,0.0401f,0.8185f,-0.0479f,2.9871f,0.5719f,1.128f,-0.0499f,0.5711f,-2.9872f,1.7402f,0f,0f,0f,1f],start_interpolation: 0,interpolation_duration: 1}
$data merge entity $(left_leg) {transformation: [-1.7178f,-0.0008f,0.0244f,0.745f,-0.0206f,0.9676f,-1.4194f,2.7188f,-0.013f,-1.4196f,-0.9675f,-0.5062f,0f,0f,0f,1f],start_interpolation: 0,interpolation_duration: 1}
$data merge entity $(right_cheek) {transformation: [-0.638f,0.2143f,0.7396f,0.3522f,0.2032f,0.9733f,-0.1067f,3.6845f,-0.7428f,0.0822f,-0.6645f,-1.5657f,0f,0f,0f,1f],start_interpolation: 0,interpolation_duration: 1}
$data merge entity $(right_foot) {transformation: [-0.2666f,-0.0374f,0.9863f,-0.7335f,0.2285f,0.9915f,0.0994f,-3.3902f,-0.9602f,0.2463f,-0.2502f,-3.6007f,0f,0f,0f,1f],start_interpolation: 0,interpolation_duration: 1}
$data merge entity $(right_knee) {transformation: [-1.0609f,-0.7385f,2.7534f,-1.6733f,0.9676f,2.6702f,1.089f,0.3777f,-2.6815f,1.2557f,-0.6965f,-1.9683f,0f,0f,0f,1f],start_interpolation: 0,interpolation_duration: 1}
$data merge entity $(right_leg) {transformation: [-0.4576f,0.8794f,1.4031f,-0.2866f,0.5665f,1.451f,-0.7246f,2.7f,-1.556f,0.2697f,-0.6764f,-1.4517f,0f,0f,0f,1f],start_interpolation: 0,interpolation_duration: 1}
$data merge entity $(weist) {transformation: [-1.1959f,-0.0189f,1.0961f,0.2894f,-0.0218f,1.6222f,0.0041f,4.3603f,-1.096f,-0.0117f,-1.1961f,-1.0775f,0f,0f,0f,1f],start_interpolation: 0,interpolation_duration: 1}
data modify storage animated_java:temp entry.data merge value {"locators":{"consume":{"px":-0.7594676113,"py":6.6723243405,"pz":1.553427258,"ry":214.1991702056,"rx":-44.6269323251}}}
# Data Manager: Prepare for Read / Write
execute store result storage animated_java:temp args.id int 1 run scoreboard players get @s aj.id
# Data Manager: Write
function animated_java:global/data_manager/write with storage animated_java:temp args
execute unless entity @s[tag=aj.transforms_only] at @s run function animated_java:female/animations/strike_1/zzz/frames/3_root_function