# This file was generated by Animated Java via MC-Build. It is not recommended to edit this file directly.
$data merge entity $(neck) {transformation: [-0.857f,-0.1076f,0.504f,0.3061f,0.2463f,0.7735f,0.584f,6.3561f,-0.4527f,0.6246f,-0.6364f,-0.2556f,0f,0f,0f,1f],start_interpolation: 0,interpolation_duration: 1}
$data merge entity $(right_thumb_2) {transformation: [-0.4052f,0.1032f,-0.9084f,-0.9759f,0.9141f,0.0638f,-0.4004f,6.7393f,0.0166f,-0.9926f,-0.1202f,0.5608f,0f,0f,0f,1f],start_interpolation: 0,interpolation_duration: 1}
$data merge entity $(right_thumb) {transformation: [-0.4052f,-0.7351f,-0.5436f,-1.2648f,0.9141f,-0.3149f,-0.2555f,6.7772f,0.0166f,-0.6004f,0.7995f,0.3588f,0f,0f,0f,1f],start_interpolation: 0,interpolation_duration: 1}
$data merge entity $(right_fingers2) {transformation: [0.6012f,0.4799f,-0.639f,-1f,-0.7653f,0.1156f,-0.6332f,6.7647f,-0.2301f,0.8697f,0.4367f,0.9125f,0f,0f,0f,1f],start_interpolation: 0,interpolation_duration: 1}
$data merge entity $(right_fingers) {transformation: [0.2769f,-0.7177f,-0.639f,-1.2014f,0.3403f,0.6951f,-0.6332f,6.9677f,0.8986f,-0.0421f,0.4367f,0.9291f,0f,0f,0f,1f],start_interpolation: 0,interpolation_duration: 1}
$data merge entity $(scout) {transformation: [0f,0f,0f,-1.1623f,0f,0f,0f,6.7597f,0f,0f,0f,0.9289f,0f,0f,0f,1f],start_interpolation: 0,interpolation_duration: 1}
$data merge entity $(right_hand) {transformation: [-0.6908f,-0.3384f,-0.639f,-1.4341f,0.7221f,-0.2785f,-0.6332f,6.7651f,0.0364f,-0.8989f,0.4367f,0.3961f,0f,0f,0f,1f],start_interpolation: 0,interpolation_duration: 1}
$data merge entity $(right_forearm) {transformation: [-0.7884f,-0.4039f,-1.0547f,-2.0479f,1.0992f,-0.5699f,-0.6034f,5.8392f,-0.2594f,-1.1871f,0.6485f,-1.3573f,0f,0f,0f,1f],start_interpolation: 0,interpolation_duration: 1}
$data merge entity $(right_shoulder) {transformation: [-0.4718f,1.3552f,0.301f,-0.3101f,1.2142f,0.5569f,-0.6044f,6.2929f,-0.673f,0.0548f,-1.3015f,-1.113f,0f,0f,0f,1f],start_interpolation: 0,interpolation_duration: 1}
$data merge entity $(right_arm) {transformation: [-0.6115f,-0.1253f,0.7813f,0.005f,0.2448f,0.909f,0.3374f,6.421f,-0.7524f,0.3975f,-0.5252f,-0.5779f,0f,0f,0f,1f],start_interpolation: 0,interpolation_duration: 1}
$data merge entity $(left_thumb_2) {transformation: [0.3916f,-0.3878f,0.8344f,0.7694f,-0.9201f,-0.1531f,0.3606f,6.2379f,-0.0121f,-0.909f,-0.4167f,4.2898f,0f,0f,0f,1f],start_interpolation: 0,interpolation_duration: 1}
$data merge entity $(left_thumb) {transformation: [0.3916f,0.5288f,0.7531f,0.8709f,-0.9201f,0.2358f,0.3129f,6.4457f,-0.0121f,-0.8154f,0.5788f,4.0211f,0f,0f,0f,1f],start_interpolation: 0,interpolation_duration: 1}
$data merge entity $(left_fingers2) {transformation: [-0.1002f,-0.1478f,0.9839f,0.8646f,0.9847f,-0.1566f,0.0768f,6.3162f,0.1427f,0.9765f,0.1612f,4.6211f,0f,0f,0f,1f],start_interpolation: 0,interpolation_duration: 1}
$data merge entity $(left_fingers) {transformation: [0.1711f,-0.0511f,0.9839f,0.8524f,-0.1468f,0.9862f,0.0768f,6.6019f,-0.9743f,-0.1576f,0.1612f,4.6049f,0f,0f,0f,1f],start_interpolation: 0,interpolation_duration: 1}
$data merge entity $(left_hand) {transformation: [0.0658f,0.166f,0.9839f,0.9981f,-0.9952f,-0.0603f,0.0768f,6.5633f,0.072f,-0.9843f,0.1612f,4.0078f,0f,0f,0f,1f],start_interpolation: 0,interpolation_duration: 1}
$data merge entity $(left_forearm) {transformation: [-1.1238f,0.3738f,0.7032f,1.5399f,-0.7887f,-0.3548f,-1.072f,5.9572f,-0.1098f,-1.2773f,0.5035f,2.098f,0f,0f,0f,1f],start_interpolation: 0,interpolation_duration: 1}
$data merge entity $(left_shoulder) {transformation: [-0.1827f,-0.441f,1.3863f,0.9207f,-1.4538f,0.1074f,-0.1575f,5.8001f,-0.0542f,-1.3942f,-0.4507f,0.4017f,0f,0f,0f,1f],start_interpolation: 0,interpolation_duration: 1}
$data merge entity $(left_arm) {transformation: [-0.6115f,-0.1253f,0.7813f,0.5462f,0.2448f,0.909f,0.3374f,6.2044f,-0.7524f,0.3975f,-0.5252f,0.0881f,0f,0f,0f,1f],start_interpolation: 0,interpolation_duration: 1}
$data merge entity $(chest) {transformation: [-0.7818f,-0.1602f,0.9989f,0.5289f,0.313f,1.1622f,0.4313f,4.6827f,-0.962f,0.5083f,-0.6714f,-0.981f,0f,0f,0f,1f],start_interpolation: 0,interpolation_duration: 1}
$data merge entity $(left_cheek) {transformation: [-0.8489f,-0.0173f,0.5282f,1.0878f,0.0021f,0.9993f,0.0361f,3.6644f,-0.5285f,0.0318f,-0.8483f,-1.0918f,0f,0f,0f,1f],start_interpolation: 0,interpolation_duration: 1}
$data merge entity $(left_foot) {transformation: [-1.0219f,0.0026f,0.0297f,0.928f,0.0117f,0.9722f,0.3161f,-3.0682f,-0.0275f,0.3163f,-0.9718f,1.0076f,0f,0f,0f,1f],start_interpolation: 0,interpolation_duration: 1}
$data merge entity $(left_knee) {transformation: [-3.0411f,-0.013f,0.0626f,0.9999f,-0.0007f,2.9849f,0.5852f,1.0869f,-0.0639f,0.5851f,-2.9843f,1.697f,0f,0f,0f,1f],start_interpolation: 0,interpolation_duration: 1}
$data merge entity $(left_leg) {transformation: [-1.7179f,0.0155f,0.0066f,0.9531f,0.0032f,0.9663f,-1.4204f,2.6768f,-0.0165f,-1.4203f,-0.9663f,-0.5508f,0f,0f,0f,1f],start_interpolation: 0,interpolation_duration: 1}
$data merge entity $(right_cheek) {transformation: [-0.5518f,0.1614f,0.8182f,0.6048f,0.2032f,0.9775f,-0.0557f,3.7497f,-0.8089f,0.1355f,-0.5722f,-1.5859f,0f,0f,0f,1f],start_interpolation: 0,interpolation_duration: 1}
$data merge entity $(right_foot) {transformation: [-0.2387f,-0.0092f,0.9941f,-0.5405f,0.2446f,0.9904f,0.0679f,-3.3614f,-0.9635f,0.2537f,-0.2291f,-4.0198f,0f,0f,0f,1f],start_interpolation: 0,interpolation_duration: 1}
$data merge entity $(right_knee) {transformation: [-0.9738f,-0.6148f,2.8153f,-1.3042f,1.0274f,2.7023f,0.9455f,0.4468f,-2.6923f,1.2536f,-0.6575f,-2.389f,0f,0f,0f,1f],start_interpolation: 0,interpolation_duration: 1}
$data merge entity $(right_leg) {transformation: [-0.2128f,0.8325f,1.4876f,-0.0052f,0.6348f,1.4301f,-0.7095f,2.7322f,-1.5821f,0.4618f,-0.4848f,-1.5692f,0f,0f,0f,1f],start_interpolation: 0,interpolation_duration: 1}
$data merge entity $(weist) {transformation: [-1.1109f,-0.0301f,1.1819f,0.5289f,0.0643f,1.6179f,0.1017f,4.358f,-1.1806f,0.1165f,-1.1067f,-1.0217f,0f,0f,0f,1f],start_interpolation: 0,interpolation_duration: 1}
data modify storage animated_java:temp entry.data merge value {"locators":{"consume":{"px":-1.0499208738,"py":6.7921714038,"pz":1.0521494673,"ry":235.6464708641,"rx":-39.2893210532}}}
# Data Manager: Prepare for Read / Write
execute store result storage animated_java:temp args.id int 1 run scoreboard players get @s aj.id
# Data Manager: Write
function animated_java:global/data_manager/write with storage animated_java:temp args