# This file was generated by Animated Java via MC-Build. It is not recommended to edit this file directly.
$data merge entity $(neck) {transformation: [-0.8391f,-0.1894f,0.5099f,0.4113f,0.1793f,0.7887f,0.5881f,6.352f,-0.5136f,0.5849f,-0.6278f,-0.2816f,0f,0f,0f,1f],start_interpolation: 0,interpolation_duration: 1}
$data merge entity $(right_thumb_2) {transformation: [-0.3369f,0.3031f,-0.8914f,-0.884f,0.9318f,-0.0288f,-0.3619f,6.8448f,-0.1353f,-0.9525f,-0.2728f,0.1333f,0f,0f,0f,1f],start_interpolation: 0,interpolation_duration: 1}
$data merge entity $(right_thumb) {transformation: [-0.3369f,-0.6204f,-0.7082f,-1.1236f,0.9318f,-0.3278f,-0.156f,6.8797f,-0.1353f,-0.7125f,0.6885f,-0.1257f,0f,0f,0f,1f],start_interpolation: 0,interpolation_duration: 1}
$data merge entity $(right_fingers2) {transformation: [0.5812f,0.3036f,-0.755f,-0.9761f,-0.8126f,0.1662f,-0.5587f,6.902f,-0.0441f,0.9382f,0.3433f,0.4697f,0f,0f,0f,1f],start_interpolation: 0,interpolation_duration: 1}
$data merge entity $(right_fingers) {transformation: [0.1148f,-0.6456f,-0.755f,-1.1623f,0.4029f,0.725f,-0.5587f,7.1159f,0.908f,-0.24f,0.3433f,0.4295f,0f,0f,0f,1f],start_interpolation: 0,interpolation_duration: 1}
$data merge entity $(scout) {transformation: [0f,0f,0f,-1.1383f,0f,0f,0f,6.9069f,0f,0f,0f,0.4529f,0f,0f,0f,1f],start_interpolation: 0,interpolation_duration: 1}
$data merge entity $(right_hand) {transformation: [-0.6331f,-0.1706f,-0.755f,-1.2974f,0.7573f,-0.3382f,-0.5587f,6.8797f,-0.16f,-0.9255f,0.3433f,-0.123f,0f,0f,0f,1f],start_interpolation: 0,interpolation_duration: 1}
$data merge entity $(right_forearm) {transformation: [-0.6433f,-0.2002f,-1.2013f,-1.6159f,1.1137f,-0.6465f,-0.4887f,5.842f,-0.4928f,-1.1996f,0.4639f,-1.8922f,0f,0f,0f,1f],start_interpolation: 0,interpolation_duration: 1}
$data merge entity $(right_shoulder) {transformation: [-0.2598f,1.3227f,0.5768f,0.0306f,1.1904f,0.5277f,-0.6739f,6.2672f,-0.8156f,0.3489f,-1.1674f,-1.2649f,0f,0f,0f,1f],start_interpolation: 0,interpolation_duration: 1}
$data merge entity $(right_arm) {transformation: [-0.392f,-0.1903f,0.9001f,0.2041f,0.2272f,0.928f,0.2952f,6.4104f,-0.8915f,0.3202f,-0.3205f,-0.6721f,0f,0f,0f,1f],start_interpolation: 0,interpolation_duration: 1}
$data merge entity $(left_thumb_2) {transformation: [0.5583f,-0.4685f,0.6846f,0.5149f,-0.7919f,-0.055f,0.6082f,5.8618f,-0.2473f,-0.8817f,-0.4017f,4.5737f,0f,0f,0f,1f],start_interpolation: 0,interpolation_duration: 1}
$data merge entity $(left_thumb) {transformation: [0.5583f,0.3587f,0.7481f,0.5369f,-0.7919f,0.4992f,0.3517f,6.1349f,-0.2473f,-0.7888f,0.5627f,4.3486f,0f,0f,0f,1f],start_interpolation: 0,interpolation_duration: 1}
$data merge entity $(left_fingers2) {transformation: [-0.2704f,0.0176f,0.9626f,0.6364f,0.8921f,-0.3714f,0.2574f,5.8933f,0.362f,0.9283f,0.0847f,4.9041f,0f,0f,0f,1f],start_interpolation: 0,interpolation_duration: 1}
$data merge entity $(left_fingers) {transformation: [0.0645f,-0.2632f,0.9626f,0.5666f,0.0859f,0.9625f,0.2574f,6.167f,-0.9942f,0.0661f,0.0847f,4.9516f,0f,0f,0f,1f],start_interpolation: 0,interpolation_duration: 1}
$data merge entity $(left_hand) {transformation: [0.2678f,0.0413f,0.9626f,0.6359f,-0.9513f,0.1695f,0.2574f,6.2777f,-0.1525f,-0.9847f,0.0847f,4.3498f,0f,0f,0f,1f],start_interpolation: 0,interpolation_duration: 1}
$data merge entity $(left_forearm) {transformation: [-1.0956f,0.2222f,0.8046f,0.9543f,-0.8184f,-0.0249f,-1.1076f,6.1659f,-0.1641f,-1.3591f,0.1518f,2.3018f,0f,0f,0f,1f],start_interpolation: 0,interpolation_duration: 1}
$data merge entity $(left_shoulder) {transformation: [0.0542f,-0.0808f,1.463f,0.8197f,-1.4645f,-0.0485f,0.0516f,5.8099f,0.0456f,-1.4632f,-0.0825f,0.5297f,0f,0f,0f,1f],start_interpolation: 0,interpolation_duration: 1}
$data merge entity $(left_arm) {transformation: [-0.392f,-0.1903f,0.9001f,0.5511f,0.2272f,0.928f,0.2952f,6.2093f,-0.8915f,0.3202f,-0.3205f,0.117f,0f,0f,0f,1f],start_interpolation: 0,interpolation_duration: 1}
$data merge entity $(chest) {transformation: [-0.5012f,-0.2434f,1.1508f,0.7525f,0.2904f,1.1865f,0.3774f,4.644f,-1.1398f,0.4094f,-0.4098f,-0.8669f,0f,0f,0f,1f],start_interpolation: 0,interpolation_duration: 1}
$data merge entity $(left_cheek) {transformation: [-0.8395f,-0.0172f,0.5432f,1.3288f,0.0373f,0.9953f,0.0892f,3.6499f,-0.5421f,0.0952f,-0.8349f,-0.995f,0f,0f,0f,1f],start_interpolation: 0,interpolation_duration: 1}
$data merge entity $(left_foot) {transformation: [-1.0222f,-0.0031f,0.0183f,1.1419f,0.0005f,1.0032f,0.1971f,-3.1422f,-0.0185f,0.197f,-1.003f,1.0666f,0f,0f,0f,1f],start_interpolation: 0,interpolation_duration: 1}
$data merge entity $(left_knee) {transformation: [-3.0415f,0.0004f,0.0413f,1.2314f,0.0081f,2.9885f,0.5667f,1.0168f,-0.0405f,0.5668f,-2.9882f,1.73f,0f,0f,0f,1f],start_interpolation: 0,interpolation_duration: 1}
$data merge entity $(left_leg) {transformation: [-1.7179f,0.0067f,-0.0115f,1.1711f,0.0133f,0.9732f,-1.4157f,2.618f,0.001f,-1.4157f,-0.9732f,-0.5095f,0f,0f,0f,1f],start_interpolation: 0,interpolation_duration: 1}
$data merge entity $(right_cheek) {transformation: [-0.5054f,0.1282f,0.8533f,0.839f,0.2095f,0.9775f,-0.0227f,3.7583f,-0.837f,0.1673f,-0.5209f,-1.5314f,0f,0f,0f,1f],start_interpolation: 0,interpolation_duration: 1}
$data merge entity $(right_foot) {transformation: [-0.2309f,0.0097f,0.9959f,-0.3647f,0.2613f,0.9871f,0.0509f,-3.3481f,-0.9611f,0.266f,-0.2254f,-4.2158f,0f,0f,0f,1f],start_interpolation: 0,interpolation_duration: 1}
$data merge entity $(right_knee) {transformation: [-0.9489f,-0.5158f,2.8435f,-0.9895f,1.0811f,2.7122f,0.8528f,0.4716f,-2.6801f,1.2767f,-0.6628f,-2.5529f,0f,0f,0f,1f],start_interpolation: 0,interpolation_duration: 1}
$data merge entity $(right_leg) {transformation: [-0.0991f,0.7945f,1.52f,0.2429f,0.697f,1.4098f,-0.6914f,2.7214f,-1.5671f,0.5768f,-0.4037f,-1.5517f,0f,0f,0f,1f],start_interpolation: 0,interpolation_duration: 1}
$data merge entity $(weist) {transformation: [-1.0761f,-0.0417f,1.2134f,0.7525f,0.1199f,1.6098f,0.1616f,4.3193f,-1.2082f,0.1968f,-1.0647f,-0.9075f,0f,0f,0f,1f],start_interpolation: 0,interpolation_duration: 1}
data modify storage animated_java:temp entry.data merge value {"locators":{"consume":{"px":-1.0507863099,"py":6.9441776623,"pz":0.5937292176,"ry":245.545345759,"rx":-33.9630203396}}}
# Data Manager: Prepare for Read / Write
execute store result storage animated_java:temp args.id int 1 run scoreboard players get @s aj.id
# Data Manager: Write
function animated_java:global/data_manager/write with storage animated_java:temp args
execute unless entity @s[tag=aj.transforms_only] at @s run function animated_java:female/animations/strike_1/zzz/frames/5_root_function