# This file was generated by Animated Java via MC-Build. It is not recommended to edit this file directly.
$data merge entity $(neck) {transformation: [-0.8995f,-0.1862f,0.3952f,0.311f,0.1147f,0.7723f,0.6249f,6.3781f,-0.4216f,0.6074f,-0.6733f,-0.2867f,0f,0f,0f,1f],start_interpolation: 0,interpolation_duration: 1}
$data merge entity $(right_thumb_2) {transformation: [-0.4505f,0.1888f,-0.8726f,-0.9788f,0.888f,-0.0063f,-0.4598f,6.7934f,-0.0923f,-0.982f,-0.1649f,0.442f,0f,0f,0f,1f],start_interpolation: 0,interpolation_duration: 1}
$data merge entity $(right_thumb) {transformation: [-0.4505f,-0.6613f,-0.5998f,-1.2499f,0.888f,-0.4013f,-0.2245f,6.7991f,-0.0923f,-0.6338f,0.768f,0.2136f,0f,0f,0f,1f],start_interpolation: 0,interpolation_duration: 1}
$data merge entity $(right_fingers2) {transformation: [0.6572f,0.3932f,-0.6431f,-1.0358f,-0.7449f,0.2088f,-0.6336f,6.844f,-0.1149f,0.8954f,0.4301f,0.7872f,0f,0f,0f,1f],start_interpolation: 0,interpolation_duration: 1}
$data merge entity $(right_fingers) {transformation: [0.1774f,-0.745f,-0.6431f,-1.2479f,0.4232f,0.6477f,-0.6336f,7.0359f,0.8885f,-0.1597f,0.4301f,0.7699f,0f,0f,0f,1f],start_interpolation: 0,interpolation_duration: 1}
$data merge entity $(scout) {transformation: [0f,0f,0f,-1.1985f,0f,0f,0f,6.8311f,0f,0f,0f,0.7899f,0f,0f,0f,1f],start_interpolation: 0,interpolation_duration: 1}
$data merge entity $(right_hand) {transformation: [-0.7267f,-0.2416f,-0.6431f,-1.4211f,0.6821f,-0.3651f,-0.6336f,6.7802f,-0.0817f,-0.8991f,0.4301f,0.2371f,0f,0f,0f,1f],start_interpolation: 0,interpolation_duration: 1}
$data merge entity $(right_forearm) {transformation: [-0.8151f,-0.2716f,-1.0766f,-1.8353f,1.0326f,-0.6763f,-0.6111f,5.6966f,-0.4081f,-1.1688f,0.6038f,-1.4841f,0f,0f,0f,1f],start_interpolation: 0,interpolation_duration: 1}
$data merge entity $(right_shoulder) {transformation: [-0.513f,1.3212f,0.3755f,-0.1331f,1.1108f,0.6349f,-0.7161f,6.2697f,-0.8079f,0.0339f,-1.2231f,-1.2405f,0f,0f,0f,1f],start_interpolation: 0,interpolation_duration: 1}
$data merge entity $(right_arm) {transformation: [-0.469f,-0.2265f,0.8537f,0.073f,0.2021f,0.9134f,0.3534f,6.4234f,-0.8598f,0.3383f,-0.3826f,-0.6609f,0f,0f,0f,1f],start_interpolation: 0,interpolation_duration: 1}
$data merge entity $(left_thumb_2) {transformation: [0.6825f,-0.4365f,0.5862f,0.2164f,-0.6707f,-0.0553f,0.7397f,5.6813f,-0.2904f,-0.898f,-0.3305f,4.4815f,0f,0f,0f,1f],start_interpolation: 0,interpolation_duration: 1}
$data merge entity $(left_thumb) {transformation: [0.6825f,0.2894f,0.6711f,0.1989f,-0.6707f,0.6129f,0.4178f,5.972f,-0.2904f,-0.7352f,0.6124f,4.2794f,0f,0f,0f,1f],start_interpolation: 0,interpolation_duration: 1}
$data merge entity $(left_fingers2) {transformation: [-0.4166f,0.0588f,0.9072f,0.3249f,0.8053f,-0.4392f,0.3983f,5.7042f,0.4219f,0.8964f,0.1357f,4.8172f,0f,0f,0f,1f],start_interpolation: 0,interpolation_duration: 1}
$data merge entity $(left_fingers) {transformation: [0.0692f,-0.415f,0.9072f,0.2113f,0.1768f,0.9001f,0.3983f,5.9586f,-0.9818f,0.1328f,0.1357f,4.8837f,0f,0f,0f,1f],start_interpolation: 0,interpolation_duration: 1}
$data merge entity $(left_hand) {transformation: [0.4195f,0.0328f,0.9072f,0.2736f,-0.8812f,0.2545f,0.3983f,6.1281f,-0.2179f,-0.9665f,0.1357f,4.295f,0f,0f,0f,1f],start_interpolation: 0,interpolation_duration: 1}
$data merge entity $(left_forearm) {transformation: [-0.9471f,0.2497f,0.9684f,0.6455f,-0.9648f,0.1227f,-0.9753f,6.2373f,-0.2631f,-1.349f,0.0905f,2.2559f,0f,0f,0f,1f],start_interpolation: 0,interpolation_duration: 1}
$data merge entity $(left_shoulder) {transformation: [0.3095f,0.1222f,1.428f,0.811f,-1.4305f,-0.0623f,0.3154f,5.8629f,0.0869f,-1.4598f,0.1061f,0.4902f,0f,0f,0f,1f],start_interpolation: 0,interpolation_duration: 1}
$data merge entity $(left_arm) {transformation: [-0.469f,-0.2265f,0.8537f,0.4881f,0.2021f,0.9134f,0.3534f,6.2445f,-0.8598f,0.3383f,-0.3826f,0.1001f,0f,0f,0f,1f],start_interpolation: 0,interpolation_duration: 1}
$data merge entity $(chest) {transformation: [-0.5996f,-0.2896f,1.0914f,0.7191f,0.2584f,1.1678f,0.4518f,4.6966f,-1.0992f,0.4325f,-0.4892f,-0.9046f,0f,0f,0f,1f],start_interpolation: 0,interpolation_duration: 1}
$data merge entity $(left_cheek) {transformation: [-0.8488f,-0.0632f,0.525f,1.3043f,-0.032f,0.9972f,0.0683f,3.7306f,-0.5278f,0.0411f,-0.8484f,-1.0333f,0f,0f,0f,1f],start_interpolation: 0,interpolation_duration: 1}
$data merge entity $(left_foot) {transformation: [-1.0183f,-0.0094f,0.0907f,1.1364f,-0.0109f,1.0222f,-0.0161f,-3.358f,-0.0905f,-0.017f,-1.0182f,1.3946f,0f,0f,0f,1f],start_interpolation: 0,interpolation_duration: 1}
$data merge entity $(left_knee) {transformation: [-3.0321f,-0.028f,0.2402f,1.1944f,-0.0125f,3.0354f,0.1964f,0.8514f,-0.2415f,0.1948f,-3.0259f,1.5473f,0f,0f,0f,1f],start_interpolation: 0,interpolation_duration: 1}
$data merge entity $(left_leg) {transformation: [-1.7145f,0.0441f,0.0992f,1.1908f,-0.0458f,1.1298f,-1.2934f,2.6974f,-0.0985f,-1.2935f,-1.1263f,-0.496f,0f,0f,0f,1f],start_interpolation: 0,interpolation_duration: 1}
$data merge entity $(right_cheek) {transformation: [-0.5338f,0.1482f,0.8325f,0.7641f,0.2507f,0.968f,-0.0115f,3.7785f,-0.8076f,0.2026f,-0.5538f,-1.5434f,0f,0f,0f,1f],start_interpolation: 0,interpolation_duration: 1}
$data merge entity $(right_foot) {transformation: [-0.2057f,-0.0683f,0.9991f,-0.3181f,0.3784f,0.9391f,0.1421f,-3.1145f,-0.9272f,0.3984f,-0.1636f,-4.4913f,0f,0f,0f,1f],start_interpolation: 0,interpolation_duration: 1}
$data merge entity $(right_knee) {transformation: [-0.901f,-0.607f,2.8411f,-1.0678f,1.3702f,2.5342f,0.9759f,0.4722f,-2.5618f,1.5689f,-0.4773f,-2.413f,0f,0f,0f,1f],start_interpolation: 0,interpolation_duration: 1}
$data merge entity $(right_leg) {transformation: [-0.3988f,0.7626f,1.4869f,0.1269f,0.8072f,1.4264f,-0.515f,2.7388f,-1.4631f,0.5791f,-0.6895f,-1.4042f,0f,0f,0f,1f],start_interpolation: 0,interpolation_duration: 1}
$data merge entity $(weist) {transformation: [-1.2334f,-0.0159f,1.0538f,0.7191f,0.048f,1.6196f,0.0806f,4.3719f,-1.0528f,0.0924f,-1.2309f,-0.9452f,0f,0f,0f,1f],start_interpolation: 0,interpolation_duration: 1}
data modify storage animated_java:temp entry.data merge value {"locators":{"consume":{"px":-1.0994170762,"py":6.8792091577,"pz":0.9193078763,"ry":236.2217210406,"rx":-39.3175588842}}}
# Data Manager: Prepare for Read / Write
execute store result storage animated_java:temp args.id int 1 run scoreboard players get @s aj.id
# Data Manager: Write
function animated_java:global/data_manager/write with storage animated_java:temp args