# This file was generated by Animated Java via MC-Build. It is not recommended to edit this file directly.
$data merge entity $(neck) {transformation: [-0.8792f,-0.199f,0.4329f,0.374f,0.1284f,0.776f,0.6176f,6.3588f,-0.4589f,0.5986f,-0.6567f,-0.3146f,0f,0f,0f,1f],start_interpolation: 0,interpolation_duration: 1}
$data merge entity $(right_thumb_2) {transformation: [-0.4643f,0.1863f,-0.8659f,-0.933f,0.8812f,-0.0007f,-0.4727f,6.7813f,-0.0887f,-0.9825f,-0.1639f,0.5113f,0f,0f,0f,1f],start_interpolation: 0,interpolation_duration: 1}
$data merge entity $(right_thumb) {transformation: [-0.4643f,-0.6567f,-0.5943f,-1.2047f,0.8812f,-0.4097f,-0.2357f,6.7835f,-0.0887f,-0.6332f,0.7689f,0.2836f,0f,0f,0f,1f],start_interpolation: 0,interpolation_duration: 1}
$data merge entity $(right_fingers2) {transformation: [0.6682f,0.3923f,-0.6321f,-0.9899f,-0.7345f,0.2124f,-0.6446f,6.8302f,-0.1186f,0.895f,0.4301f,0.8568f,0f,0f,0f,1f],start_interpolation: 0,interpolation_duration: 1}
$data merge entity $(right_fingers) {transformation: [0.1732f,-0.7553f,-0.6321f,-1.2048f,0.4234f,0.6366f,-0.6446f,7.0188f,0.8892f,-0.156f,0.4301f,0.8405f,0f,0f,0f,1f],start_interpolation: 0,interpolation_duration: 1}
$data merge entity $(scout) {transformation: [0f,0f,0f,-1.1522f,0f,0f,0f,6.8147f,0f,0f,0f,0.8599f,0f,0f,0f,1f],start_interpolation: 0,interpolation_duration: 1}
$data merge entity $(right_hand) {transformation: [-0.7373f,-0.2384f,-0.6321f,-1.3755f,0.6711f,-0.3663f,-0.6446f,6.762f,-0.0779f,-0.8994f,0.4301f,0.3075f,0f,0f,0f,1f],start_interpolation: 0,interpolation_duration: 1}
$data merge entity $(right_forearm) {transformation: [-0.8322f,-0.2624f,-1.0657f,-1.7748f,1.02f,-0.6787f,-0.6294f,5.6745f,-0.4052f,-1.1695f,0.6044f,-1.4148f,0f,0f,0f,1f],start_interpolation: 0,interpolation_duration: 1}
$data merge entity $(right_shoulder) {transformation: [-0.5493f,1.3221f,0.3165f,-0.0623f,1.0833f,0.6319f,-0.7596f,6.251f,-0.8213f,-0.0508f,-1.2135f,-1.2721f,0f,0f,0f,1f],start_interpolation: 0,interpolation_duration: 1}
$data merge entity $(right_arm) {transformation: [-0.4605f,-0.2251f,0.8587f,0.1394f,0.203f,0.915f,0.3487f,6.4046f,-0.8641f,0.3348f,-0.3757f,-0.691f,0f,0f,0f,1f],start_interpolation: 0,interpolation_duration: 1}
$data merge entity $(left_thumb_2) {transformation: [0.5245f,-0.4311f,0.7342f,0.0953f,-0.7916f,0.0706f,0.6069f,5.6004f,-0.3134f,-0.8995f,-0.3042f,4.4379f,0f,0f,0f,1f],start_interpolation: 0,interpolation_duration: 1}
$data merge entity $(left_thumb) {transformation: [0.5245f,0.4203f,0.7404f,0.1423f,-0.7916f,0.5609f,0.2423f,5.8948f,-0.3134f,-0.7133f,0.6269f,4.2461f,0f,0f,0f,1f],start_interpolation: 0,interpolation_duration: 1}
$data merge entity $(left_fingers2) {transformation: [-0.2369f,-0.0442f,0.9705f,0.2035f,0.8612f,-0.4719f,0.1887f,5.588f,0.4496f,0.8806f,0.1498f,4.7742f,0f,0f,0f,1f],start_interpolation: 0,interpolation_duration: 1}
$data merge entity $(left_fingers) {transformation: [0.1134f,-0.2126f,0.9705f,0.1468f,0.191f,0.9633f,0.1887f,5.8584f,-0.975f,0.164f,0.1498f,4.8496f,0f,0f,0f,1f],start_interpolation: 0,interpolation_duration: 1}
$data merge entity $(left_hand) {transformation: [0.2217f,0.0944f,0.9705f,0.2488f,-0.943f,0.2743f,0.1887f,6.0305f,-0.2484f,-0.957f,0.1498f,4.2672f,0f,0f,0f,1f],start_interpolation: 0,interpolation_duration: 1}
$data merge entity $(left_forearm) {transformation: [-0.9962f,0.3205f,0.8955f,0.7227f,-0.8949f,0.1237f,-1.0397f,6.1418f,-0.3224f,-1.3338f,0.1188f,2.2494f,0f,0f,0f,1f],start_interpolation: 0,interpolation_duration: 1}
$data merge entity $(left_shoulder) {transformation: [0.1982f,0.1219f,1.4476f,0.8646f,-1.4527f,-0.0001f,0.1989f,5.8425f,0.0166f,-1.4612f,0.1207f,0.4674f,0f,0f,0f,1f],start_interpolation: 0,interpolation_duration: 1}
$data merge entity $(left_arm) {transformation: [-0.4605f,-0.2251f,0.8587f,0.547f,0.203f,0.915f,0.3487f,6.2249f,-0.8641f,0.3348f,-0.3757f,0.0739f,0f,0f,0f,1f],start_interpolation: 0,interpolation_duration: 1}
$data merge entity $(chest) {transformation: [-0.5888f,-0.2877f,1.0978f,0.7794f,0.2595f,1.1699f,0.4458f,4.6743f,-1.1048f,0.4281f,-0.4803f,-0.9263f,0f,0f,0f,1f],start_interpolation: 0,interpolation_duration: 1}
$data merge entity $(left_cheek) {transformation: [-0.8274f,-0.1628f,0.5375f,1.3095f,-0.096f,0.984f,0.1503f,3.737f,-0.5533f,0.0728f,-0.8298f,-0.9946f,0f,0f,0f,1f],start_interpolation: 0,interpolation_duration: 1}
$data merge entity $(left_foot) {transformation: [-1.0166f,-0.0018f,0.1087f,1.2499f,-0.0045f,1.0221f,-0.0252f,-3.4799f,-0.1086f,-0.0255f,-1.0163f,1.4401f,0f,0f,0f,1f],start_interpolation: 0,interpolation_duration: 1}
$data merge entity $(left_knee) {transformation: [-3.0278f,-0.0104f,0.2908f,1.3344f,-0.0012f,3.0402f,0.0959f,0.7317f,-0.291f,0.0953f,-3.0263f,1.4566f,0f,0f,0f,1f],start_interpolation: 0,interpolation_duration: 1}
$data merge entity $(left_leg) {transformation: [-1.7056f,0.0018f,0.206f,1.2603f,-0.1458f,1.2029f,-1.2178f,2.6885f,-0.1456f,-1.2265f,-1.1941f,-0.4794f,0f,0f,0f,1f],start_interpolation: 0,interpolation_duration: 1}
$data merge entity $(right_cheek) {transformation: [-0.4507f,0.0984f,0.8872f,0.827f,0.1885f,0.982f,-0.0132f,3.7393f,-0.8725f,0.1613f,-0.4612f,-1.5122f,0f,0f,0f,1f],start_interpolation: 0,interpolation_duration: 1}
$data merge entity $(right_foot) {transformation: [-0.2223f,-0.0317f,0.9974f,-0.219f,0.3469f,0.9557f,0.1077f,-3.3186f,-0.9357f,0.3618f,-0.1971f,-4.3276f,0f,0f,0f,1f],start_interpolation: 0,interpolation_duration: 1}
$data merge entity $(right_knee) {transformation: [-0.8911f,-0.5245f,2.8606f,-0.8535f,1.3101f,2.5987f,0.8846f,0.3519f,-2.5965f,1.4913f,-0.5354f,-2.3601f,0f,0f,0f,1f],start_interpolation: 0,interpolation_duration: 1}
$data merge entity $(right_leg) {transformation: [-0.2816f,0.6679f,1.5576f,0.1826f,0.7169f,1.4776f,-0.504f,2.704f,-1.5356f,0.5674f,-0.5209f,-1.3719f,0f,0f,0f,1f],start_interpolation: 0,interpolation_duration: 1}
$data merge entity $(weist) {transformation: [-1.2494f,-0.0168f,1.0347f,0.7794f,0.018f,1.6215f,0.048f,4.3496f,-1.0347f,0.0484f,-1.2486f,-0.9669f,0f,0f,0f,1f],start_interpolation: 0,interpolation_duration: 1}
data modify storage animated_java:temp entry.data merge value {"locators":{"consume":{"px":-1.0536059805,"py":6.863997818,"pz":0.9891412563,"ry":235.7711585152,"rx":-40.1328828415}}}
# Data Manager: Prepare for Read / Write
execute store result storage animated_java:temp args.id int 1 run scoreboard players get @s aj.id
# Data Manager: Write
function animated_java:global/data_manager/write with storage animated_java:temp args