# This file was generated by Animated Java via MC-Build. It is not recommended to edit this file directly.
$data merge entity $(neck) {transformation: [-0.877f,-0.2175f,0.4285f,0.386f,0.1082f,0.7794f,0.6171f,6.3687f,-0.4682f,0.5875f,-0.66f,-0.3747f,0f,0f,0f,1f],start_interpolation: 0,interpolation_duration: 1}
$data merge entity $(right_thumb_2) {transformation: [-0.5034f,0.1104f,-0.8569f,-0.8496f,0.8615f,-0.0116f,-0.5076f,6.8146f,-0.066f,-0.9938f,-0.0893f,0.4736f,0f,0f,0f,1f],start_interpolation: 0,interpolation_duration: 1}
$data merge entity $(right_thumb) {transformation: [-0.5034f,-0.6869f,-0.5241f,-1.1379f,0.8615f,-0.4454f,-0.2438f,6.8024f,-0.066f,-0.5742f,0.816f,0.2676f,0f,0f,0f,1f],start_interpolation: 0,interpolation_duration: 1}
$data merge entity $(right_fingers2) {transformation: [0.6851f,0.4512f,-0.5719f,-0.8817f,-0.711f,0.2431f,-0.6598f,6.8675f,-0.1587f,0.8587f,0.4874f,0.8217f,0f,0f,0f,1f],start_interpolation: 0,interpolation_duration: 1}
$data merge entity $(right_fingers) {transformation: [0.2243f,-0.789f,-0.5719f,-1.1045f,0.4457f,0.605f,-0.6598f,7.0476f,0.8666f,-0.1069f,0.4874f,0.8192f,0f,0f,0f,1f],start_interpolation: 0,interpolation_duration: 1}
$data merge entity $(scout) {transformation: [0f,0f,0f,-1.0427f,0f,0f,0f,6.846f,0f,0f,0f,0.8376f,0f,0f,0f,1f],start_interpolation: 0,interpolation_duration: 1}
$data merge entity $(right_hand) {transformation: [-0.7665f,-0.2922f,-0.5719f,-1.3054f,0.6415f,-0.3912f,-0.6598f,6.775f,-0.0309f,-0.8727f,0.4874f,0.3049f,0f,0f,0f,1f],start_interpolation: 0,interpolation_duration: 1}
$data merge entity $(right_forearm) {transformation: [-0.9006f,-0.3208f,-0.9916f,-1.7871f,0.9783f,-0.712f,-0.6581f,5.638f,-0.3593f,-1.1346f,0.6934f,-1.3635f,0f,0f,0f,1f],start_interpolation: 0,interpolation_duration: 1}
$data merge entity $(right_shoulder) {transformation: [-0.6056f,1.3075f,0.2711f,-0.0796f,1.0546f,0.651f,-0.7835f,6.2443f,-0.8191f,-0.1286f,-1.2093f,-1.3163f,0f,0f,0f,1f],start_interpolation: 0,interpolation_duration: 1}
$data merge entity $(right_arm) {transformation: [-0.4912f,-0.227f,0.841f,0.1387f,0.187f,0.9155f,0.3563f,6.407f,-0.8508f,0.3323f,-0.4072f,-0.7437f,0f,0f,0f,1f],start_interpolation: 0,interpolation_duration: 1}
$data merge entity $(left_thumb_2) {transformation: [0.4001f,-0.4056f,0.8219f,0.0779f,-0.8449f,0.1842f,0.5022f,5.5023f,-0.355f,-0.8953f,-0.269f,4.3469f,0f,0f,0f,1f],start_interpolation: 0,interpolation_duration: 1}
$data merge entity $(left_thumb) {transformation: [0.4001f,0.509f,0.7622f,0.1715f,-0.8449f,0.527f,0.0916f,5.7958f,-0.355f,-0.6806f,0.6409f,4.1716f,0f,0f,0f,1f],start_interpolation: 0,interpolation_duration: 1}
$data merge entity $(left_fingers2) {transformation: [-0.1066f,-0.1254f,0.9864f,0.1793f,0.8621f,-0.506f,0.0288f,5.4553f,0.4955f,0.8534f,0.1621f,4.6823f,0f,0f,0f,1f],start_interpolation: 0,interpolation_duration: 1}
$data merge entity $(left_fingers) {transformation: [0.1517f,-0.064f,0.9864f,0.164f,0.2233f,0.9743f,0.0288f,5.7268f,-0.9629f,0.2159f,0.1621f,4.7722f,0f,0f,0f,1f],start_interpolation: 0,interpolation_duration: 1}
$data merge entity $(left_hand) {transformation: [0.0769f,0.1455f,0.9864f,0.2974f,-0.9511f,0.3074f,0.0288f,5.9122f,-0.299f,-0.9404f,0.1621f,4.2003f,0f,0f,0f,1f],start_interpolation: 0,interpolation_duration: 1}
$data merge entity $(left_forearm) {transformation: [-1.0119f,0.3632f,0.861f,0.8336f,-0.8602f,0.1341f,-1.0674f,6.0395f,-0.3652f,-1.3218f,0.1283f,2.1991f,0f,0f,0f,1f],start_interpolation: 0,interpolation_duration: 1}
$data merge entity $(left_shoulder) {transformation: [0.1529f,0.0751f,1.4563f,0.909f,-1.4551f,0.1037f,0.1474f,5.8678f,-0.0954f,-1.4606f,0.0853f,0.3963f,0f,0f,0f,1f],start_interpolation: 0,interpolation_duration: 1}
$data merge entity $(left_arm) {transformation: [-0.4912f,-0.227f,0.841f,0.5734f,0.187f,0.9155f,0.3563f,6.2415f,-0.8508f,0.3323f,-0.4072f,0.0093f,0f,0f,0f,1f],start_interpolation: 0,interpolation_duration: 1}
$data merge entity $(chest) {transformation: [-0.628f,-0.2902f,1.0752f,0.795f,0.2391f,1.1705f,0.4555f,4.6833f,-1.0877f,0.4248f,-0.5206f,-0.9814f,0f,0f,0f,1f],start_interpolation: 0,interpolation_duration: 1}
$data merge entity $(left_cheek) {transformation: [-0.8167f,-0.1876f,0.5458f,1.3183f,-0.1171f,0.9799f,0.1615f,3.7334f,-0.5651f,0.068f,-0.8222f,-1.0401f,0f,0f,0f,1f],start_interpolation: 0,interpolation_duration: 1}
$data merge entity $(left_foot) {transformation: [-1.0162f,-0.0143f,0.1114f,1.2487f,-0.0145f,1.0223f,-0.0013f,-3.4815f,-0.1114f,-0.0028f,-1.0163f,1.3969f,0f,0f,0f,1f],start_interpolation: 0,interpolation_duration: 1}
$data merge entity $(left_knee) {transformation: [-3.0265f,-0.048f,0.3004f,1.2814f,-0.0378f,3.0397f,0.1052f,0.7309f,-0.3019f,0.101f,-3.025f,1.4215f,0f,0f,0f,1f],start_interpolation: 0,interpolation_duration: 1}
$data merge entity $(left_leg) {transformation: [-1.7081f,0.0329f,0.1812f,1.2578f,-0.1055f,1.2113f,-1.2137f,2.7026f,-0.151f,-1.2178f,-1.2023f,-0.5005f,0f,0f,0f,1f],start_interpolation: 0,interpolation_duration: 1}
$data merge entity $(right_cheek) {transformation: [-0.4708f,0.0521f,0.8807f,0.8399f,0.1847f,0.982f,0.0407f,3.7534f,-0.8627f,0.1818f,-0.4719f,-1.5466f,0f,0f,0f,1f],start_interpolation: 0,interpolation_duration: 1}
$data merge entity $(right_foot) {transformation: [-0.1645f,-0.0023f,1.009f,-0.1437f,0.339f,0.9628f,0.0575f,-3.3753f,-0.9504f,0.3438f,-0.1542f,-4.3352f,0f,0f,0f,1f],start_interpolation: 0,interpolation_duration: 1}
$data merge entity $(right_knee) {transformation: [-0.7137f,-0.5157f,2.9115f,-0.7588f,1.2976f,2.6367f,0.7851f,0.3433f,-2.6569f,1.4263f,-0.3987f,-2.4538f,0f,0f,0f,1f],start_interpolation: 0,interpolation_duration: 1}
$data merge entity $(right_leg) {transformation: [-0.3279f,0.6288f,1.5648f,0.2163f,0.7365f,1.4874f,-0.4433f,2.7086f,-1.517f,0.5862f,-0.5535f,-1.4353f,0f,0f,0f,1f],start_interpolation: 0,interpolation_duration: 1}
$data merge entity $(weist) {transformation: [-1.2073f,-0.0202f,1.0835f,0.795f,0.0069f,1.6219f,0.0379f,4.3586f,-1.0837f,0.0328f,-1.2069f,-1.022f,0f,0f,0f,1f],start_interpolation: 0,interpolation_duration: 1}
data modify storage animated_java:temp entry.data merge value {"locators":{"consume":{"px":-0.936423844,"py":6.9013386482,"pz":0.9580497986,"ry":229.5641381941,"rx":-41.2880601697}}}
# Data Manager: Prepare for Read / Write
execute store result storage animated_java:temp args.id int 1 run scoreboard players get @s aj.id
# Data Manager: Write
function animated_java:global/data_manager/write with storage animated_java:temp args