# This file was generated by Animated Java via MC-Build. It is not recommended to edit this file directly.
$data merge entity $(up) {transformation: [-1.9653f,0f,0f,0f,0f,1.915f,0.4421f,2.9819f,0f,0.4421f,-1.915f,3.363f,0f,0f,0f,1f],start_interpolation: 0,interpolation_duration: 1}
$data merge entity $(down) {transformation: [-1.2477f,0f,0f,0f,0f,1.2157f,0.2807f,3.0513f,0f,0.2807f,-1.2157f,3.7466f,0f,0f,0f,1f],start_interpolation: 0,interpolation_duration: 1}
$data merge entity $(right_hand) {transformation: [-0.9962f,-0.0076f,-0.0868f,-2.0972f,-0.0076f,1f,-0.0003f,-0.774f,0.0868f,0.0003f,-0.9962f,3.318f,0f,0f,0f,1f],start_interpolation: 0,interpolation_duration: 1}
$data merge entity $(right_forearm) {transformation: [-2.0714f,0f,0f,-2.0972f,0f,2.0635f,0.1805f,0.8915f,0f,0.1805f,-2.0635f,2.2089f,0f,0f,0f,1f],start_interpolation: 0,interpolation_duration: 1}
$data merge entity $(right_arm) {transformation: [-1.5321f,0f,0f,-1.9334f,0f,1.5263f,-0.1335f,2.5317f,0f,-0.1335f,-1.5263f,1.8395f,0f,0f,0f,1f],start_interpolation: 0,interpolation_duration: 1}
$data merge entity $(left_hand) {transformation: [-0.9962f,0.0076f,0.0868f,2.0972f,0.0076f,1f,-0.0003f,-0.774f,-0.0868f,0.0003f,-0.9962f,3.318f,0f,0f,0f,1f],start_interpolation: 0,interpolation_duration: 1}
$data merge entity $(left_forearm) {transformation: [-2.0714f,0f,0f,2.0972f,0f,2.0635f,0.1805f,0.8915f,0f,0.1805f,-2.0635f,2.2089f,0f,0f,0f,1f],start_interpolation: 0,interpolation_duration: 1}
$data merge entity $(left_arm) {transformation: [-1.5321f,0f,0f,1.9334f,0f,1.5263f,-0.1335f,2.5316f,0f,-0.1335f,-1.5263f,1.8395f,0f,0f,0f,1f],start_interpolation: 0,interpolation_duration: 1}
$data merge entity $(chest) {transformation: [-2.8487f,0f,0f,0f,0f,2.8487f,0f,2.0352f,0f,0f,-2.8487f,-0.7825f,0f,0f,0f,1f],start_interpolation: 0,interpolation_duration: 1}
$data merge entity $(left_foot) {transformation: [-0.9924f,-0.0708f,0.1006f,1.4255f,-0.0868f,0.9824f,-0.1655f,0.3267f,-0.0872f,-0.173f,-0.9811f,-3.7326f,0f,0f,0f,1f],start_interpolation: 0,interpolation_duration: 1}
$data merge entity $(left_knee) {transformation: [-1.2522f,-0.11f,0.1096f,1.3196f,-0.1096f,1.2569f,0.0096f,-0.0163f,-0.11f,0f,-1.2569f,-1.9763f,0f,0f,0f,1f],start_interpolation: 0,interpolation_duration: 1}
$data merge entity $(left_leg) {transformation: [-2.0124f,-0.1914f,0.16f,1.0815f,-0.1761f,2.0111f,0.1914f,2.3905f,-0.1767f,0.1761f,-2.0124f,-2.084f,0f,0f,0f,1f],start_interpolation: 0,interpolation_duration: 1}
$data merge entity $(right_foot) {transformation: [-0.9924f,0.0708f,-0.1006f,-1.4255f,0.0868f,0.9824f,-0.1655f,0.3267f,0.0872f,-0.173f,-0.9811f,-3.7326f,0f,0f,0f,1f],start_interpolation: 0,interpolation_duration: 1}
$data merge entity $(right_knee) {transformation: [-1.2522f,0.11f,-0.1096f,-1.3196f,0.1096f,1.2569f,0.0096f,-0.0163f,0.11f,0f,-1.2569f,-1.9763f,0f,0f,0f,1f],start_interpolation: 0,interpolation_duration: 1}
$data merge entity $(right_leg) {transformation: [-2.0124f,0.1914f,-0.16f,-1.0815f,0.1761f,2.0111f,0.1914f,2.3905f,0.1767f,0.1761f,-2.0124f,-2.084f,0f,0f,0f,1f],start_interpolation: 0,interpolation_duration: 1}
$data merge entity $(group) {transformation: [-1.9904f,0f,0f,0f,0f,1.9904f,0f,2.3137f,0f,0f,-1.9904f,0.4285f,0f,0f,0f,1f],start_interpolation: 0,interpolation_duration: 1}