# This file was generated by Animated Java via MC-Build. It is not recommended to edit this file directly.
$data merge entity $(up) {transformation: [-1.9653f,0f,0f,0f,0f,1.914f,0.4461f,2.97f,0f,0.4461f,-1.914f,3.3656f,0f,0f,0f,1f],start_interpolation: 0,interpolation_duration: 1}
$data merge entity $(down) {transformation: [-1.2477f,0f,0f,0f,0f,1.2151f,0.2832f,3.0386f,0f,0.2832f,-1.2151f,3.7494f,0f,0f,0f,1f],start_interpolation: 0,interpolation_duration: 1}
$data merge entity $(right_hand) {transformation: [-0.9962f,-0.0075f,-0.0868f,-2.0972f,-0.0075f,1f,-0.0003f,-0.7731f,0.0868f,0.0003f,-0.9962f,3.3193f,0f,0f,0f,1f],start_interpolation: 0,interpolation_duration: 1}
$data merge entity $(right_forearm) {transformation: [-2.0714f,0f,0f,-2.0972f,0f,2.0637f,0.1783f,0.892f,0f,0.1783f,-2.0637f,2.2085f,0f,0f,0f,1f],start_interpolation: 0,interpolation_duration: 1}
$data merge entity $(right_arm) {transformation: [-1.5321f,0f,0f,-1.9334f,0f,1.5264f,-0.1319f,2.5326f,0f,-0.1319f,-1.5264f,1.8409f,0f,0f,0f,1f],start_interpolation: 0,interpolation_duration: 1}
$data merge entity $(left_hand) {transformation: [-0.9962f,0.0075f,0.0868f,2.0972f,0.0075f,1f,-0.0003f,-0.7731f,-0.0868f,0.0003f,-0.9962f,3.3193f,0f,0f,0f,1f],start_interpolation: 0,interpolation_duration: 1}
$data merge entity $(left_forearm) {transformation: [-2.0714f,0f,0f,2.0972f,0f,2.0637f,0.1783f,0.892f,0f,0.1783f,-2.0637f,2.2085f,0f,0f,0f,1f],start_interpolation: 0,interpolation_duration: 1}
$data merge entity $(left_arm) {transformation: [-1.5321f,0f,0f,1.9334f,0f,1.5264f,-0.1319f,2.5326f,0f,-0.1319f,-1.5264f,1.8409f,0f,0f,0f,1f],start_interpolation: 0,interpolation_duration: 1}
$data merge entity $(chest) {transformation: [-2.8487f,0f,0f,0f,0f,2.8487f,0.0078f,2.0344f,0f,0.0078f,-2.8487f,-0.7825f,0f,0f,0f,1f],start_interpolation: 0,interpolation_duration: 1}
$data merge entity $(left_foot) {transformation: [-0.9924f,-0.071f,0.1005f,1.4253f,-0.0868f,0.9827f,-0.1634f,0.326f,-0.0872f,-0.1709f,-0.9814f,-3.73f,0f,0f,0f,1f],start_interpolation: 0,interpolation_duration: 1}
$data merge entity $(left_knee) {transformation: [-1.2522f,-0.11f,0.1096f,1.3193f,-0.1096f,1.2569f,0.0096f,-0.0169f,-0.11f,0f,-1.2569f,-1.9737f,0f,0f,0f,1f],start_interpolation: 0,interpolation_duration: 1}
$data merge entity $(left_leg) {transformation: [-2.0124f,-0.1912f,0.1602f,1.0815f,-0.1761f,2.0113f,0.1892f,2.3897f,-0.1767f,0.1739f,-2.0126f,-2.084f,0f,0f,0f,1f],start_interpolation: 0,interpolation_duration: 1}
$data merge entity $(right_foot) {transformation: [-0.9924f,0.071f,-0.1005f,-1.4253f,0.0868f,0.9827f,-0.1634f,0.326f,0.0872f,-0.1709f,-0.9814f,-3.73f,0f,0f,0f,1f],start_interpolation: 0,interpolation_duration: 1}
$data merge entity $(right_knee) {transformation: [-1.2522f,0.11f,-0.1096f,-1.3193f,0.1096f,1.2569f,0.0096f,-0.0169f,0.11f,0f,-1.2569f,-1.9737f,0f,0f,0f,1f],start_interpolation: 0,interpolation_duration: 1}
$data merge entity $(right_leg) {transformation: [-2.0124f,0.1912f,-0.1602f,-1.0815f,0.1761f,2.0113f,0.1892f,2.3897f,0.1767f,0.1739f,-2.0126f,-2.084f,0f,0f,0f,1f],start_interpolation: 0,interpolation_duration: 1}
$data merge entity $(group) {transformation: [-1.9904f,0f,0f,0f,0f,1.9904f,0f,2.3129f,0f,0f,-1.9904f,0.4285f,0f,0f,0f,1f],start_interpolation: 0,interpolation_duration: 1}