# This file was generated by Animated Java via MC-Build. It is not recommended to edit this file directly.
$data merge entity $(bone_up) {transformation: [-1.9653f,0f,0f,0f,0f,1.914f,0.4463f,2.9436f,0f,0.4463f,-1.914f,3.3708f,0f,0f,0f,1f],start_interpolation: 0,interpolation_duration: 1}
$data merge entity $(bone_down) {transformation: [-1.2477f,0f,0f,0f,0f,1.2151f,0.2834f,3.0121f,0f,0.2834f,-1.2151f,3.7546f,0f,0f,0f,1f],start_interpolation: 0,interpolation_duration: 1}
$data merge entity $(bone_right_hand) {transformation: [-0.9962f,-0.0068f,-0.0869f,-2.0972f,-0.0068f,1f,-0.0003f,-0.7733f,0.0869f,0.0003f,-0.9962f,3.3217f,0f,0f,0f,1f],start_interpolation: 0,interpolation_duration: 1}
$data merge entity $(bone_right_forearm) {transformation: [-2.0714f,0f,0f,-2.0972f,0f,2.0652f,0.1609f,0.8884f,0f,0.1609f,-2.0652f,2.1974f,0f,0f,0f,1f],start_interpolation: 0,interpolation_duration: 1}
$data merge entity $(bone_right_arm) {transformation: [-1.5321f,0f,0f,-1.9334f,0f,1.5275f,-0.119f,2.532f,0f,-0.119f,-1.5275f,1.8436f,0f,0f,0f,1f],start_interpolation: 0,interpolation_duration: 1}
$data merge entity $(bone_left_hand) {transformation: [-0.9962f,0.0068f,0.0869f,2.0972f,0.0068f,1f,-0.0003f,-0.7733f,-0.0869f,0.0003f,-0.9962f,3.3217f,0f,0f,0f,1f],start_interpolation: 0,interpolation_duration: 1}
$data merge entity $(bone_left_forearm) {transformation: [-2.0714f,0f,0f,2.0972f,0f,2.0652f,0.1609f,0.8884f,0f,0.1609f,-2.0652f,2.1974f,0f,0f,0f,1f],start_interpolation: 0,interpolation_duration: 1}
$data merge entity $(bone_left_arm) {transformation: [-1.5321f,0f,0f,1.9334f,0f,1.5275f,-0.119f,2.532f,0f,-0.119f,-1.5275f,1.8436f,0f,0f,0f,1f],start_interpolation: 0,interpolation_duration: 1}
$data merge entity $(bone_chest) {transformation: [-2.8487f,0f,0f,0f,0f,2.8486f,0.0226f,2.0284f,0f,0.0226f,-2.8486f,-0.7825f,0f,0f,0f,1f],start_interpolation: 0,interpolation_duration: 1}
$data merge entity $(bone_left_foot) {transformation: [-0.9924f,-0.0727f,0.0993f,1.4234f,-0.0868f,0.9853f,-0.1468f,0.3208f,-0.0872f,-0.1543f,-0.9842f,-3.7097f,0f,0f,0f,1f],start_interpolation: 0,interpolation_duration: 1}
$data merge entity $(bone_left_knee) {transformation: [-1.2522f,-0.11f,0.1096f,1.3175f,-0.1096f,1.2569f,0.0096f,-0.0221f,-0.11f,0f,-1.2569f,-1.9534f,0f,0f,0f,1f],start_interpolation: 0,interpolation_duration: 1}
$data merge entity $(bone_left_leg) {transformation: [-2.0124f,-0.1899f,0.1618f,1.0815f,-0.1761f,2.0128f,0.1723f,2.3837f,-0.1767f,0.1569f,-2.014f,-2.084f,0f,0f,0f,1f],start_interpolation: 0,interpolation_duration: 1}
$data merge entity $(bone_right_foot) {transformation: [-0.9924f,0.0727f,-0.0993f,-1.4234f,0.0868f,0.9853f,-0.1468f,0.3208f,0.0872f,-0.1543f,-0.9842f,-3.7097f,0f,0f,0f,1f],start_interpolation: 0,interpolation_duration: 1}
$data merge entity $(bone_right_knee) {transformation: [-1.2522f,0.11f,-0.1096f,-1.3175f,0.1096f,1.2569f,0.0096f,-0.0221f,0.11f,0f,-1.2569f,-1.9534f,0f,0f,0f,1f],start_interpolation: 0,interpolation_duration: 1}
$data merge entity $(bone_right_leg) {transformation: [-2.0124f,0.1899f,-0.1618f,-1.0815f,0.1761f,2.0128f,0.1723f,2.3837f,0.1767f,0.1569f,-2.014f,-2.084f,0f,0f,0f,1f],start_interpolation: 0,interpolation_duration: 1}
$data merge entity $(bone_group) {transformation: [-1.9904f,0f,0f,0f,0f,1.9904f,0f,2.3069f,0f,0f,-1.9904f,0.4285f,0f,0f,0f,1f],start_interpolation: 0,interpolation_duration: 1}