# This file was generated by Animated Java via MC-Build. It is not recommended to edit this file directly.
$data merge entity $(bone_up) {transformation: [-1.9653f,0f,0f,0f,0f,1.9163f,0.4364f,2.916f,0f,0.4364f,-1.9163f,3.3756f,0f,0f,0f,1f],start_interpolation: 0,interpolation_duration: 1}
$data merge entity $(bone_down) {transformation: [-1.2477f,0f,0f,0f,0f,1.2165f,0.277f,2.9866f,0f,0.277f,-1.2165f,3.7591f,0f,0f,0f,1f],start_interpolation: 0,interpolation_duration: 1}
$data merge entity $(bone_right_hand) {transformation: [-0.9962f,-0.0054f,-0.087f,-2.0972f,-0.0054f,1f,-0.0002f,-0.7756f,0.087f,0.0002f,-0.9962f,3.3235f,0f,0f,0f,1f],start_interpolation: 0,interpolation_duration: 1}
$data merge entity $(bone_right_forearm) {transformation: [-2.0714f,0f,0f,-2.0972f,0f,2.0675f,0.1277f,0.8793f,0f,0.1277f,-2.0675f,2.1734f,0f,0f,0f,1f],start_interpolation: 0,interpolation_duration: 1}
$data merge entity $(bone_right_arm) {transformation: [-1.5321f,0f,0f,-1.9334f,0f,1.5292f,-0.0945f,2.5284f,0f,-0.0945f,-1.5292f,1.846f,0f,0f,0f,1f],start_interpolation: 0,interpolation_duration: 1}
$data merge entity $(bone_left_hand) {transformation: [-0.9962f,0.0054f,0.087f,2.0972f,0.0054f,1f,-0.0002f,-0.7756f,-0.087f,0.0002f,-0.9962f,3.3235f,0f,0f,0f,1f],start_interpolation: 0,interpolation_duration: 1}
$data merge entity $(bone_left_forearm) {transformation: [-2.0714f,0f,0f,2.0972f,0f,2.0675f,0.1277f,0.8793f,0f,0.1277f,-2.0675f,2.1734f,0f,0f,0f,1f],start_interpolation: 0,interpolation_duration: 1}
$data merge entity $(bone_left_arm) {transformation: [-1.5321f,0f,0f,1.9334f,0f,1.5292f,-0.0945f,2.5284f,0f,-0.0945f,-1.5292f,1.846f,0f,0f,0f,1f],start_interpolation: 0,interpolation_duration: 1}
$data merge entity $(bone_chest) {transformation: [-2.8487f,0f,0f,0f,0f,2.8485f,0.0352f,2.0169f,0f,0.0352f,-2.8485f,-0.7825f,0f,0f,0f,1f],start_interpolation: 0,interpolation_duration: 1}
$data merge entity $(bone_left_foot) {transformation: [-0.9924f,-0.0758f,0.0969f,1.4198f,-0.0868f,0.9896f,-0.1151f,0.3113f,-0.0872f,-0.1226f,-0.9886f,-3.6711f,0f,0f,0f,1f],start_interpolation: 0,interpolation_duration: 1}
$data merge entity $(bone_left_knee) {transformation: [-1.2522f,-0.11f,0.1096f,1.3139f,-0.1096f,1.2569f,0.0096f,-0.0316f,-0.11f,0f,-1.2569f,-1.9147f,0f,0f,0f,1f],start_interpolation: 0,interpolation_duration: 1}
$data merge entity $(bone_left_leg) {transformation: [-2.0124f,-0.1873f,0.1648f,1.0815f,-0.1761f,2.0153f,0.1399f,2.3722f,-0.1767f,0.1246f,-2.0163f,-2.084f,0f,0f,0f,1f],start_interpolation: 0,interpolation_duration: 1}
$data merge entity $(bone_right_foot) {transformation: [-0.9924f,0.0758f,-0.0969f,-1.4198f,0.0868f,0.9896f,-0.1151f,0.3113f,0.0872f,-0.1226f,-0.9886f,-3.6711f,0f,0f,0f,1f],start_interpolation: 0,interpolation_duration: 1}
$data merge entity $(bone_right_knee) {transformation: [-1.2522f,0.11f,-0.1096f,-1.3139f,0.1096f,1.2569f,0.0096f,-0.0316f,0.11f,0f,-1.2569f,-1.9147f,0f,0f,0f,1f],start_interpolation: 0,interpolation_duration: 1}
$data merge entity $(bone_right_leg) {transformation: [-2.0124f,0.1873f,-0.1648f,-1.0815f,0.1761f,2.0153f,0.1399f,2.3722f,0.1767f,0.1246f,-2.0163f,-2.084f,0f,0f,0f,1f],start_interpolation: 0,interpolation_duration: 1}
$data merge entity $(bone_group) {transformation: [-1.9904f,0f,0f,0f,0f,1.9904f,0f,2.2954f,0f,0f,-1.9904f,0.4285f,0f,0f,0f,1f],start_interpolation: 0,interpolation_duration: 1}