# This file was generated by Animated Java via MC-Build. It is not recommended to edit this file directly.
$data merge entity $(bone_up) {transformation: [-1.9653f,0f,0f,0f,0f,1.9182f,0.4278f,2.9026f,0f,0.4278f,-1.9182f,3.3777f,0f,0f,0f,1f],start_interpolation: 0,interpolation_duration: 1}
$data merge entity $(bone_down) {transformation: [-1.2477f,0f,0f,0f,0f,1.2178f,0.2716f,2.9749f,0f,0.2716f,-1.2178f,3.7608f,0f,0f,0f,1f],start_interpolation: 0,interpolation_duration: 1}
$data merge entity $(bone_right_hand) {transformation: [-0.9962f,-0.0045f,-0.087f,-2.0972f,-0.0045f,1f,-0.0002f,-0.7772f,0.087f,0.0002f,-0.9962f,3.3241f,0f,0f,0f,1f],start_interpolation: 0,interpolation_duration: 1}
$data merge entity $(bone_right_forearm) {transformation: [-2.0714f,0f,0f,-2.0972f,0f,2.0687f,0.1062f,0.8731f,0f,0.1062f,-2.0687f,2.1572f,0f,0f,0f,1f],start_interpolation: 0,interpolation_duration: 1}
$data merge entity $(bone_right_arm) {transformation: [-1.5321f,0f,0f,-1.9334f,0f,1.5301f,-0.0786f,2.5255f,0f,-0.0786f,-1.5301f,1.8471f,0f,0f,0f,1f],start_interpolation: 0,interpolation_duration: 1}
$data merge entity $(bone_left_hand) {transformation: [-0.9962f,0.0045f,0.087f,2.0972f,0.0045f,1f,-0.0002f,-0.7772f,-0.087f,0.0002f,-0.9962f,3.3241f,0f,0f,0f,1f],start_interpolation: 0,interpolation_duration: 1}
$data merge entity $(bone_left_forearm) {transformation: [-2.0714f,0f,0f,2.0972f,0f,2.0687f,0.1062f,0.8731f,0f,0.1062f,-2.0687f,2.1572f,0f,0f,0f,1f],start_interpolation: 0,interpolation_duration: 1}
$data merge entity $(bone_left_arm) {transformation: [-1.5321f,0f,0f,1.9334f,0f,1.5301f,-0.0786f,2.5255f,0f,-0.0786f,-1.5301f,1.8471f,0f,0f,0f,1f],start_interpolation: 0,interpolation_duration: 1}
$data merge entity $(bone_chest) {transformation: [-2.8487f,0f,0f,0f,0f,2.8484f,0.0402f,2.0094f,0f,0.0402f,-2.8484f,-0.7825f,0f,0f,0f,1f],start_interpolation: 0,interpolation_duration: 1}
$data merge entity $(bone_left_foot) {transformation: [-0.9924f,-0.0778f,0.0953f,1.4175f,-0.0868f,0.9917f,-0.0945f,0.3055f,-0.0872f,-0.102f,-0.991f,-3.646f,0f,0f,0f,1f],start_interpolation: 0,interpolation_duration: 1}
$data merge entity $(bone_left_knee) {transformation: [-1.2522f,-0.11f,0.1096f,1.3116f,-0.1096f,1.2569f,0.0096f,-0.0374f,-0.11f,0f,-1.2569f,-1.8897f,0f,0f,0f,1f],start_interpolation: 0,interpolation_duration: 1}
$data merge entity $(bone_left_leg) {transformation: [-2.0124f,-0.1855f,0.1668f,1.0815f,-0.1761f,2.0166f,0.119f,2.3647f,-0.1767f,0.1036f,-2.0174f,-2.084f,0f,0f,0f,1f],start_interpolation: 0,interpolation_duration: 1}
$data merge entity $(bone_right_foot) {transformation: [-0.9924f,0.0778f,-0.0953f,-1.4175f,0.0868f,0.9917f,-0.0945f,0.3055f,0.0872f,-0.102f,-0.991f,-3.646f,0f,0f,0f,1f],start_interpolation: 0,interpolation_duration: 1}
$data merge entity $(bone_right_knee) {transformation: [-1.2522f,0.11f,-0.1096f,-1.3116f,0.1096f,1.2569f,0.0096f,-0.0374f,0.11f,0f,-1.2569f,-1.8897f,0f,0f,0f,1f],start_interpolation: 0,interpolation_duration: 1}
$data merge entity $(bone_right_leg) {transformation: [-2.0124f,0.1855f,-0.1668f,-1.0815f,0.1761f,2.0166f,0.119f,2.3647f,0.1767f,0.1036f,-2.0174f,-2.084f,0f,0f,0f,1f],start_interpolation: 0,interpolation_duration: 1}
$data merge entity $(bone_group) {transformation: [-1.9904f,0f,0f,0f,0f,1.9904f,0f,2.2879f,0f,0f,-1.9904f,0.4285f,0f,0f,0f,1f],start_interpolation: 0,interpolation_duration: 1}