# This file was generated by Animated Java via MC-Build. It is not recommended to edit this file directly.
$data merge entity $(up) {transformation: [-1.9653f,0f,0f,0f,0f,1.9233f,0.4045f,2.8784f,0f,0.4045f,-1.9233f,3.381f,0f,0f,0f,1f],start_interpolation: 0,interpolation_duration: 1}
$data merge entity $(down) {transformation: [-1.2477f,0f,0f,0f,0f,1.221f,0.2568f,2.9553f,0f,0.2568f,-1.221f,3.7633f,0f,0f,0f,1f],start_interpolation: 0,interpolation_duration: 1}
$data merge entity $(right_hand) {transformation: [-0.9962f,-0.0024f,-0.0871f,-2.0972f,-0.0024f,1f,-0.0001f,-0.7803f,0.0871f,0.0001f,-0.9962f,3.3247f,0f,0f,0f,1f],start_interpolation: 0,interpolation_duration: 1}
$data merge entity $(right_forearm) {transformation: [-2.0714f,0f,0f,-2.0972f,0f,2.0707f,0.0559f,0.8585f,0f,0.0559f,-2.0707f,2.1185f,0f,0f,0f,1f],start_interpolation: 0,interpolation_duration: 1}
$data merge entity $(right_arm) {transformation: [-1.5321f,0f,0f,-1.9334f,0f,1.5316f,-0.0413f,2.5179f,0f,-0.0413f,-1.5316f,1.8486f,0f,0f,0f,1f],start_interpolation: 0,interpolation_duration: 1}
$data merge entity $(left_hand) {transformation: [-0.9962f,0.0024f,0.0871f,2.0972f,0.0024f,1f,-0.0001f,-0.7803f,-0.0871f,0.0001f,-0.9962f,3.3247f,0f,0f,0f,1f],start_interpolation: 0,interpolation_duration: 1}
$data merge entity $(left_forearm) {transformation: [-2.0714f,0f,0f,2.0972f,0f,2.0707f,0.0559f,0.8585f,0f,0.0559f,-2.0707f,2.1185f,0f,0f,0f,1f],start_interpolation: 0,interpolation_duration: 1}
$data merge entity $(left_arm) {transformation: [-1.5321f,0f,0f,1.9334f,0f,1.5316f,-0.0413f,2.5179f,0f,-0.0413f,-1.5316f,1.8486f,0f,0f,0f,1f],start_interpolation: 0,interpolation_duration: 1}
$data merge entity $(chest) {transformation: [-2.8487f,0f,0f,0f,0f,2.8483f,0.0473f,1.992f,0f,0.0473f,-2.8483f,-0.7825f,0f,0f,0f,1f],start_interpolation: 0,interpolation_duration: 1}
$data merge entity $(left_foot) {transformation: [-0.9924f,-0.0823f,0.0914f,1.4119f,-0.0868f,0.9952f,-0.0461f,0.293f,-0.0872f,-0.0537f,-0.9947f,-3.5876f,0f,0f,0f,1f],start_interpolation: 0,interpolation_duration: 1}
$data merge entity $(left_knee) {transformation: [-1.2522f,-0.11f,0.1096f,1.306f,-0.1096f,1.2569f,0.0096f,-0.0499f,-0.11f,0f,-1.2569f,-1.8313f,0f,0f,0f,1f],start_interpolation: 0,interpolation_duration: 1}
$data merge entity $(left_leg) {transformation: [-2.0124f,-0.1814f,0.1712f,1.0815f,-0.1761f,2.0189f,0.0699f,2.3473f,-0.1767f,0.0545f,-2.0194f,-2.084f,0f,0f,0f,1f],start_interpolation: 0,interpolation_duration: 1}
$data merge entity $(right_foot) {transformation: [-0.9924f,0.0823f,-0.0914f,-1.4119f,0.0868f,0.9952f,-0.0461f,0.293f,0.0872f,-0.0537f,-0.9947f,-3.5876f,0f,0f,0f,1f],start_interpolation: 0,interpolation_duration: 1}
$data merge entity $(right_knee) {transformation: [-1.2522f,0.11f,-0.1096f,-1.306f,0.1096f,1.2569f,0.0096f,-0.0499f,0.11f,0f,-1.2569f,-1.8313f,0f,0f,0f,1f],start_interpolation: 0,interpolation_duration: 1}
$data merge entity $(right_leg) {transformation: [-2.0124f,0.1814f,-0.1712f,-1.0815f,0.1761f,2.0189f,0.0699f,2.3473f,0.1767f,0.0545f,-2.0194f,-2.084f,0f,0f,0f,1f],start_interpolation: 0,interpolation_duration: 1}
$data merge entity $(group) {transformation: [-1.9904f,0f,0f,0f,0f,1.9904f,0f,2.2705f,0f,0f,-1.9904f,0.4285f,0f,0f,0f,1f],start_interpolation: 0,interpolation_duration: 1}