# This file was generated by Animated Java via MC-Build. It is not recommended to edit this file directly.
$data merge entity $(bone_up) {transformation: [-1.9653f,0f,0f,0f,0f,1.9262f,0.3904f,2.8681f,0f,0.3904f,-1.9262f,3.3822f,0f,0f,0f,1f],start_interpolation: 0,interpolation_duration: 1}
$data merge entity $(bone_down) {transformation: [-1.2477f,0f,0f,0f,0f,1.2228f,0.2478f,2.9478f,0f,0.2478f,-1.2228f,3.7638f,0f,0f,0f,1f],start_interpolation: 0,interpolation_duration: 1}
$data merge entity $(bone_right_hand) {transformation: [-0.9962f,-0.0012f,-0.0871f,-2.0972f,-0.0012f,1f,-0.0001f,-0.7816f,0.0871f,0.0001f,-0.9962f,3.3246f,0f,0f,0f,1f],start_interpolation: 0,interpolation_duration: 1}
$data merge entity $(bone_right_forearm) {transformation: [-2.0714f,0f,0f,-2.0972f,0f,2.0712f,0.0283f,0.8506f,0f,0.0283f,-2.0712f,2.0968f,0f,0f,0f,1f],start_interpolation: 0,interpolation_duration: 1}
$data merge entity $(bone_right_arm) {transformation: [-1.5321f,0f,0f,-1.9334f,0f,1.532f,-0.0209f,2.5135f,0f,-0.0209f,-1.532f,1.8491f,0f,0f,0f,1f],start_interpolation: 0,interpolation_duration: 1}
$data merge entity $(bone_left_hand) {transformation: [-0.9962f,0.0012f,0.0871f,2.0972f,0.0012f,1f,-0.0001f,-0.7816f,-0.0871f,0.0001f,-0.9962f,3.3246f,0f,0f,0f,1f],start_interpolation: 0,interpolation_duration: 1}
$data merge entity $(bone_left_forearm) {transformation: [-2.0714f,0f,0f,2.0972f,0f,2.0712f,0.0283f,0.8506f,0f,0.0283f,-2.0712f,2.0968f,0f,0f,0f,1f],start_interpolation: 0,interpolation_duration: 1}
$data merge entity $(bone_left_arm) {transformation: [-1.5321f,0f,0f,1.9334f,0f,1.532f,-0.0209f,2.5135f,0f,-0.0209f,-1.532f,1.8491f,0f,0f,0f,1f],start_interpolation: 0,interpolation_duration: 1}
$data merge entity $(bone_chest) {transformation: [-2.8487f,0f,0f,0f,0f,2.8483f,0.0491f,1.9825f,0f,0.0491f,-2.8483f,-0.7825f,0f,0f,0f,1f],start_interpolation: 0,interpolation_duration: 1}
$data merge entity $(bone_left_foot) {transformation: [-0.9924f,-0.0848f,0.0892f,1.4088f,-0.0868f,0.996f,-0.0196f,0.2868f,-0.0872f,-0.0272f,-0.9958f,-3.5557f,0f,0f,0f,1f],start_interpolation: 0,interpolation_duration: 1}
$data merge entity $(bone_left_knee) {transformation: [-1.2522f,-0.11f,0.1096f,1.3029f,-0.1096f,1.2569f,0.0096f,-0.0561f,-0.11f,0f,-1.2569f,-1.7994f,0f,0f,0f,1f],start_interpolation: 0,interpolation_duration: 1}
$data merge entity $(bone_left_leg) {transformation: [-2.0124f,-0.1791f,0.1736f,1.0815f,-0.1761f,2.0197f,0.043f,2.3378f,-0.1767f,0.0276f,-2.0199f,-2.084f,0f,0f,0f,1f],start_interpolation: 0,interpolation_duration: 1}
$data merge entity $(bone_right_foot) {transformation: [-0.9924f,0.0848f,-0.0892f,-1.4089f,0.0868f,0.996f,-0.0196f,0.2868f,0.0872f,-0.0272f,-0.9958f,-3.5557f,0f,0f,0f,1f],start_interpolation: 0,interpolation_duration: 1}
$data merge entity $(bone_right_knee) {transformation: [-1.2522f,0.11f,-0.1096f,-1.3029f,0.1096f,1.2569f,0.0096f,-0.0561f,0.11f,0f,-1.2569f,-1.7994f,0f,0f,0f,1f],start_interpolation: 0,interpolation_duration: 1}
$data merge entity $(bone_right_leg) {transformation: [-2.0124f,0.1791f,-0.1736f,-1.0815f,0.1761f,2.0197f,0.043f,2.3378f,0.1767f,0.0276f,-2.0199f,-2.084f,0f,0f,0f,1f],start_interpolation: 0,interpolation_duration: 1}
$data merge entity $(bone_group) {transformation: [-1.9904f,0f,0f,0f,0f,1.9904f,0f,2.2609f,0f,0f,-1.9904f,0.4285f,0f,0f,0f,1f],start_interpolation: 0,interpolation_duration: 1}