# This file was generated by Animated Java via MC-Build. It is not recommended to edit this file directly.
$data merge entity $(up) {transformation: [-1.9653f,0f,0f,0f,0f,1.9292f,0.375f,2.8594f,0f,0.375f,-1.9292f,3.383f,0f,0f,0f,1f],start_interpolation: 0,interpolation_duration: 1}
$data merge entity $(down) {transformation: [-1.2477f,0f,0f,0f,0f,1.2248f,0.2381f,2.9422f,0f,0.2381f,-1.2248f,3.764f,0f,0f,0f,1f],start_interpolation: 0,interpolation_duration: 1}
$data merge entity $(right_hand) {transformation: [-0.9962f,0f,-0.0872f,-2.0972f,0f,1f,0f,-0.7825f,0.0872f,0f,-0.9962f,3.3243f,0f,0f,0f,1f],start_interpolation: 0,interpolation_duration: 1}
$data merge entity $(right_forearm) {transformation: [-2.0714f,0f,0f,-2.0972f,0f,2.0714f,0f,0.8425f,0f,0f,-2.0714f,2.0743f,0f,0f,0f,1f],start_interpolation: 0,interpolation_duration: 1}
$data merge entity $(right_arm) {transformation: [-1.5321f,0f,0f,-1.9334f,0f,1.5321f,0f,2.5087f,0f,0f,-1.5321f,1.8493f,0f,0f,0f,1f],start_interpolation: 0,interpolation_duration: 1}
$data merge entity $(left_hand) {transformation: [-0.9962f,0f,0.0872f,2.0972f,0f,1f,0f,-0.7825f,-0.0872f,0f,-0.9962f,3.3243f,0f,0f,0f,1f],start_interpolation: 0,interpolation_duration: 1}
$data merge entity $(left_forearm) {transformation: [-2.0714f,0f,0f,2.0972f,0f,2.0714f,0f,0.8425f,0f,0f,-2.0714f,2.0743f,0f,0f,0f,1f],start_interpolation: 0,interpolation_duration: 1}
$data merge entity $(left_arm) {transformation: [-1.5321f,0f,0f,1.9334f,0f,1.5321f,0f,2.5087f,0f,0f,-1.5321f,1.8493f,0f,0f,0f,1f],start_interpolation: 0,interpolation_duration: 1}
$data merge entity $(chest) {transformation: [-2.8487f,0f,0f,0f,0f,2.8482f,0.0497f,1.9727f,0f,0.0497f,-2.8482f,-0.7825f,0f,0f,0f,1f],start_interpolation: 0,interpolation_duration: 1}
$data merge entity $(left_foot) {transformation: [-0.9924f,-0.0872f,0.0868f,1.4056f,-0.0868f,0.9962f,0.0076f,0.2808f,-0.0872f,0f,-0.9962f,-3.523f,0f,0f,0f,1f],start_interpolation: 0,interpolation_duration: 1}
$data merge entity $(left_knee) {transformation: [-1.2522f,-0.11f,0.1096f,1.2997f,-0.1096f,1.2569f,0.0096f,-0.0621f,-0.11f,0f,-1.2569f,-1.7667f,0f,0f,0f,1f],start_interpolation: 0,interpolation_duration: 1}
$data merge entity $(left_leg) {transformation: [-2.0124f,-0.1767f,0.1761f,1.0815f,-0.1761f,2.0201f,0.0154f,2.328f,-0.1767f,0f,-2.0201f,-2.084f,0f,0f,0f,1f],start_interpolation: 0,interpolation_duration: 1}
$data merge entity $(right_foot) {transformation: [-0.9924f,0.0872f,-0.0868f,-1.4056f,0.0868f,0.9962f,0.0076f,0.2808f,0.0872f,0f,-0.9962f,-3.523f,0f,0f,0f,1f],start_interpolation: 0,interpolation_duration: 1}
$data merge entity $(right_knee) {transformation: [-1.2522f,0.11f,-0.1096f,-1.2997f,0.1096f,1.2569f,0.0096f,-0.0621f,0.11f,0f,-1.2569f,-1.7667f,0f,0f,0f,1f],start_interpolation: 0,interpolation_duration: 1}
$data merge entity $(right_leg) {transformation: [-2.0124f,0.1767f,-0.1761f,-1.0815f,0.1761f,2.0201f,0.0154f,2.328f,0.1767f,0f,-2.0201f,-2.084f,0f,0f,0f,1f],start_interpolation: 0,interpolation_duration: 1}
$data merge entity $(group) {transformation: [-1.9904f,0f,0f,0f,0f,1.9904f,0f,2.2512f,0f,0f,-1.9904f,0.4285f,0f,0f,0f,1f],start_interpolation: 0,interpolation_duration: 1}