# This file was generated by Animated Java via MC-Build. It is not recommended to edit this file directly.
$data merge entity $(bone_up) {transformation: [-1.9653f,0f,0f,0f,0f,1.9323f,0.3588f,2.8525f,0f,0.3588f,-1.9323f,3.3834f,0f,0f,0f,1f],start_interpolation: 0,interpolation_duration: 1}
$data merge entity $(bone_down) {transformation: [-1.2477f,0f,0f,0f,0f,1.2267f,0.2278f,2.9384f,0f,0.2278f,-1.2267f,3.7637f,0f,0f,0f,1f],start_interpolation: 0,interpolation_duration: 1}
$data merge entity $(bone_right_hand) {transformation: [-0.9962f,0.0012f,-0.0871f,-2.0972f,0.0012f,1f,0.0001f,-0.7829f,0.0871f,-0.0001f,-0.9962f,3.3237f,0f,0f,0f,1f],start_interpolation: 0,interpolation_duration: 1}
$data merge entity $(bone_right_forearm) {transformation: [-2.0714f,0f,0f,-2.0972f,0f,2.0712f,-0.0283f,0.8346f,0f,-0.0283f,-2.0712f,2.0515f,0f,0f,0f,1f],start_interpolation: 0,interpolation_duration: 1}
$data merge entity $(bone_right_arm) {transformation: [-1.5321f,0f,0f,-1.9334f,0f,1.532f,0.0209f,2.5037f,0f,0.0209f,-1.532f,1.8492f,0f,0f,0f,1f],start_interpolation: 0,interpolation_duration: 1}
$data merge entity $(bone_left_hand) {transformation: [-0.9962f,-0.0012f,0.0871f,2.0972f,-0.0012f,1f,0.0001f,-0.7829f,-0.0871f,-0.0001f,-0.9962f,3.3237f,0f,0f,0f,1f],start_interpolation: 0,interpolation_duration: 1}
$data merge entity $(bone_left_forearm) {transformation: [-2.0714f,0f,0f,2.0972f,0f,2.0712f,-0.0283f,0.8346f,0f,-0.0283f,-2.0712f,2.0515f,0f,0f,0f,1f],start_interpolation: 0,interpolation_duration: 1}
$data merge entity $(bone_left_arm) {transformation: [-1.5321f,0f,0f,1.9334f,0f,1.532f,0.0209f,2.5037f,0f,0.0209f,-1.532f,1.8492f,0f,0f,0f,1f],start_interpolation: 0,interpolation_duration: 1}
$data merge entity $(bone_chest) {transformation: [-2.8487f,0f,0f,0f,0f,2.8483f,0.0491f,1.9629f,0f,0.0491f,-2.8483f,-0.7825f,0f,0f,0f,1f],start_interpolation: 0,interpolation_duration: 1}
$data merge entity $(bone_left_foot) {transformation: [-0.9924f,-0.0895f,0.0844f,1.4024f,-0.0868f,0.9956f,0.0348f,0.2753f,-0.0872f,0.0272f,-0.9958f,-3.4904f,0f,0f,0f,1f],start_interpolation: 0,interpolation_duration: 1}
$data merge entity $(bone_left_knee) {transformation: [-1.2522f,-0.11f,0.1096f,1.2965f,-0.1096f,1.2569f,0.0096f,-0.0676f,-0.11f,0f,-1.2569f,-1.7341f,0f,0f,0f,1f],start_interpolation: 0,interpolation_duration: 1}
$data merge entity $(bone_left_leg) {transformation: [-2.0124f,-0.1743f,0.1785f,1.0815f,-0.1761f,2.0201f,-0.0122f,2.3182f,-0.1767f,-0.0276f,-2.0199f,-2.084f,0f,0f,0f,1f],start_interpolation: 0,interpolation_duration: 1}
$data merge entity $(bone_right_foot) {transformation: [-0.9924f,0.0895f,-0.0844f,-1.4024f,0.0868f,0.9956f,0.0348f,0.2753f,0.0872f,0.0272f,-0.9958f,-3.4904f,0f,0f,0f,1f],start_interpolation: 0,interpolation_duration: 1}
$data merge entity $(bone_right_knee) {transformation: [-1.2522f,0.11f,-0.1096f,-1.2965f,0.1096f,1.2569f,0.0096f,-0.0676f,0.11f,0f,-1.2569f,-1.7341f,0f,0f,0f,1f],start_interpolation: 0,interpolation_duration: 1}
$data merge entity $(bone_right_leg) {transformation: [-2.0124f,0.1743f,-0.1785f,-1.0815f,0.1761f,2.0201f,-0.0122f,2.3182f,0.1767f,-0.0276f,-2.0199f,-2.084f,0f,0f,0f,1f],start_interpolation: 0,interpolation_duration: 1}
$data merge entity $(bone_group) {transformation: [-1.9904f,0f,0f,0f,0f,1.9904f,0f,2.2414f,0f,0f,-1.9904f,0.4285f,0f,0f,0f,1f],start_interpolation: 0,interpolation_duration: 1}