# This file was generated by Animated Java via MC-Build. It is not recommended to edit this file directly.
$data merge entity $(bone_up) {transformation: [-1.9653f,0f,0f,0f,0f,1.9382f,0.3254f,2.8447f,0f,0.3254f,-1.9382f,3.3829f,0f,0f,0f,1f],start_interpolation: 0,interpolation_duration: 1}
$data merge entity $(bone_down) {transformation: [-1.2477f,0f,0f,0f,0f,1.2305f,0.2065f,2.9372f,0f,0.2065f,-1.2305f,3.7617f,0f,0f,0f,1f],start_interpolation: 0,interpolation_duration: 1}
$data merge entity $(bone_right_hand) {transformation: [-0.9962f,0.0035f,-0.0871f,-2.0972f,0.0035f,1f,0.0002f,-0.7827f,0.0871f,-0.0002f,-0.9962f,3.3217f,0f,0f,0f,1f],start_interpolation: 0,interpolation_duration: 1}
$data merge entity $(bone_right_forearm) {transformation: [-2.0714f,0f,0f,-2.0972f,0f,2.0698f,-0.082f,0.8199f,0f,-0.082f,-2.0698f,2.0072f,0f,0f,0f,1f],start_interpolation: 0,interpolation_duration: 1}
$data merge entity $(bone_right_arm) {transformation: [-1.5321f,0f,0f,-1.9334f,0f,1.5309f,0.0607f,2.4936f,0f,0.0607f,-1.5309f,1.8484f,0f,0f,0f,1f],start_interpolation: 0,interpolation_duration: 1}
$data merge entity $(bone_left_hand) {transformation: [-0.9962f,-0.0035f,0.0871f,2.0972f,-0.0035f,1f,0.0002f,-0.7827f,-0.0871f,-0.0002f,-0.9962f,3.3217f,0f,0f,0f,1f],start_interpolation: 0,interpolation_duration: 1}
$data merge entity $(bone_left_forearm) {transformation: [-2.0714f,0f,0f,2.0972f,0f,2.0698f,-0.082f,0.8199f,0f,-0.082f,-2.0698f,2.0072f,0f,0f,0f,1f],start_interpolation: 0,interpolation_duration: 1}
$data merge entity $(bone_left_arm) {transformation: [-1.5321f,0f,0f,1.9334f,0f,1.5309f,0.0607f,2.4936f,0f,0.0607f,-1.5309f,1.8484f,0f,0f,0f,1f],start_interpolation: 0,interpolation_duration: 1}
$data merge entity $(bone_chest) {transformation: [-2.8487f,0f,0f,0f,0f,2.8483f,0.0443f,1.9443f,0f,0.0443f,-2.8483f,-0.7825f,0f,0f,0f,1f],start_interpolation: 0,interpolation_duration: 1}
$data merge entity $(bone_left_foot) {transformation: [-0.9924f,-0.0938f,0.0797f,1.3962f,-0.0868f,0.9925f,0.0864f,0.266f,-0.0872f,0.0789f,-0.9931f,-3.4286f,0f,0f,0f,1f],start_interpolation: 0,interpolation_duration: 1}
$data merge entity $(bone_left_knee) {transformation: [-1.2522f,-0.11f,0.1096f,1.2902f,-0.1096f,1.2569f,0.0096f,-0.0769f,-0.11f,0f,-1.2569f,-1.6723f,0f,0f,0f,1f],start_interpolation: 0,interpolation_duration: 1}
$data merge entity $(bone_left_leg) {transformation: [-2.0124f,-0.1696f,0.1829f,1.0815f,-0.1761f,2.0191f,-0.0646f,2.2996f,-0.1767f,-0.08f,-2.0185f,-2.084f,0f,0f,0f,1f],start_interpolation: 0,interpolation_duration: 1}
$data merge entity $(bone_right_foot) {transformation: [-0.9924f,0.0938f,-0.0797f,-1.3962f,0.0868f,0.9925f,0.0864f,0.2661f,0.0872f,0.0789f,-0.9931f,-3.4286f,0f,0f,0f,1f],start_interpolation: 0,interpolation_duration: 1}
$data merge entity $(bone_right_knee) {transformation: [-1.2522f,0.11f,-0.1096f,-1.2902f,0.1096f,1.2569f,0.0096f,-0.0769f,0.11f,0f,-1.2569f,-1.6723f,0f,0f,0f,1f],start_interpolation: 0,interpolation_duration: 1}
$data merge entity $(bone_right_leg) {transformation: [-2.0124f,0.1696f,-0.1829f,-1.0815f,0.1761f,2.0191f,-0.0646f,2.2996f,0.1767f,-0.08f,-2.0185f,-2.084f,0f,0f,0f,1f],start_interpolation: 0,interpolation_duration: 1}
$data merge entity $(bone_group) {transformation: [-1.9904f,0f,0f,0f,0f,1.9904f,0f,2.2228f,0f,0f,-1.9904f,0.4285f,0f,0f,0f,1f],start_interpolation: 0,interpolation_duration: 1}