# This file was generated by Animated Java via MC-Build. It is not recommended to edit this file directly.
$data merge entity $(bone_up) {transformation: [-1.9653f,0f,0f,0f,0f,1.9409f,0.309f,2.844f,0f,0.309f,-1.9409f,3.3821f,0f,0f,0f,1f],start_interpolation: 0,interpolation_duration: 1}
$data merge entity $(bone_down) {transformation: [-1.2477f,0f,0f,0f,0f,1.2322f,0.1962f,2.9397f,0f,0.1962f,-1.2322f,3.7601f,0f,0f,0f,1f],start_interpolation: 0,interpolation_duration: 1}
$data merge entity $(bone_right_hand) {transformation: [-0.9962f,0.0045f,-0.087f,-2.0972f,0.0045f,1f,0.0002f,-0.7822f,0.087f,-0.0002f,-0.9962f,3.3204f,0f,0f,0f,1f],start_interpolation: 0,interpolation_duration: 1}
$data merge entity $(bone_right_forearm) {transformation: [-2.0714f,0f,0f,-2.0972f,0f,2.0687f,-0.1062f,0.8133f,0f,-0.1062f,-2.0687f,1.9869f,0f,0f,0f,1f],start_interpolation: 0,interpolation_duration: 1}
$data merge entity $(bone_right_arm) {transformation: [-1.5321f,0f,0f,-1.9334f,0f,1.5301f,0.0786f,2.4887f,0f,0.0786f,-1.5301f,1.8476f,0f,0f,0f,1f],start_interpolation: 0,interpolation_duration: 1}
$data merge entity $(bone_left_hand) {transformation: [-0.9962f,-0.0045f,0.087f,2.0972f,-0.0045f,1f,0.0002f,-0.7822f,-0.087f,-0.0002f,-0.9962f,3.3204f,0f,0f,0f,1f],start_interpolation: 0,interpolation_duration: 1}
$data merge entity $(bone_left_forearm) {transformation: [-2.0714f,0f,0f,2.0972f,0f,2.0687f,-0.1062f,0.8133f,0f,-0.1062f,-2.0687f,1.9869f,0f,0f,0f,1f],start_interpolation: 0,interpolation_duration: 1}
$data merge entity $(bone_left_arm) {transformation: [-1.5321f,0f,0f,1.9334f,0f,1.5301f,0.0786f,2.4887f,0f,0.0786f,-1.5301f,1.8476f,0f,0f,0f,1f],start_interpolation: 0,interpolation_duration: 1}
$data merge entity $(bone_chest) {transformation: [-2.8487f,0f,0f,0f,0f,2.8484f,0.0402f,1.9359f,0f,0.0402f,-2.8484f,-0.7825f,0f,0f,0f,1f],start_interpolation: 0,interpolation_duration: 1}
$data merge entity $(bone_left_foot) {transformation: [-0.9924f,-0.0956f,0.0774f,1.3933f,-0.0868f,0.9902f,0.1096f,0.2624f,-0.0872f,0.102f,-0.991f,-3.4009f,0f,0f,0f,1f],start_interpolation: 0,interpolation_duration: 1}
$data merge entity $(bone_left_knee) {transformation: [-1.2522f,-0.11f,0.1096f,1.2874f,-0.1096f,1.2569f,0.0096f,-0.0805f,-0.11f,0f,-1.2569f,-1.6445f,0f,0f,0f,1f],start_interpolation: 0,interpolation_duration: 1}
$data merge entity $(bone_left_leg) {transformation: [-2.0124f,-0.1675f,0.1849f,1.0815f,-0.1761f,2.0182f,-0.0882f,2.2912f,-0.1767f,-0.1036f,-2.0174f,-2.084f,0f,0f,0f,1f],start_interpolation: 0,interpolation_duration: 1}
$data merge entity $(bone_right_foot) {transformation: [-0.9924f,0.0956f,-0.0774f,-1.3933f,0.0868f,0.9902f,0.1096f,0.2624f,0.0872f,0.102f,-0.991f,-3.4009f,0f,0f,0f,1f],start_interpolation: 0,interpolation_duration: 1}
$data merge entity $(bone_right_knee) {transformation: [-1.2522f,0.11f,-0.1096f,-1.2874f,0.1096f,1.2569f,0.0096f,-0.0805f,0.11f,0f,-1.2569f,-1.6445f,0f,0f,0f,1f],start_interpolation: 0,interpolation_duration: 1}
$data merge entity $(bone_right_leg) {transformation: [-2.0124f,0.1675f,-0.1849f,-1.0815f,0.1761f,2.0182f,-0.0882f,2.2912f,0.1767f,-0.1036f,-2.0174f,-2.084f,0f,0f,0f,1f],start_interpolation: 0,interpolation_duration: 1}
$data merge entity $(bone_group) {transformation: [-1.9904f,0f,0f,0f,0f,1.9904f,0f,2.2144f,0f,0f,-1.9904f,0.4285f,0f,0f,0f,1f],start_interpolation: 0,interpolation_duration: 1}