# This file was generated by Animated Java via MC-Build. It is not recommended to edit this file directly.
$data merge entity $(up) {transformation: [-1.9653f,0f,0f,0f,0f,1.9433f,0.2934f,2.8455f,0f,0.2934f,-1.9433f,3.3808f,0f,0f,0f,1f],start_interpolation: 0,interpolation_duration: 1}
$data merge entity $(down) {transformation: [-1.2477f,0f,0f,0f,0f,1.2337f,0.1863f,2.9442f,0f,0.1863f,-1.2337f,3.758f,0f,0f,0f,1f],start_interpolation: 0,interpolation_duration: 1}
$data merge entity $(right_hand) {transformation: [-0.9962f,0.0054f,-0.087f,-2.0972f,0.0054f,1f,0.0002f,-0.7816f,0.087f,-0.0002f,-0.9962f,3.319f,0f,0f,0f,1f],start_interpolation: 0,interpolation_duration: 1}
$data merge entity $(right_forearm) {transformation: [-2.0714f,0f,0f,-2.0972f,0f,2.0675f,-0.1277f,0.8073f,0f,-0.1277f,-2.0675f,1.9684f,0f,0f,0f,1f],start_interpolation: 0,interpolation_duration: 1}
$data merge entity $(right_arm) {transformation: [-1.5321f,0f,0f,-1.9334f,0f,1.5292f,0.0945f,2.4842f,0f,0.0945f,-1.5292f,1.8466f,0f,0f,0f,1f],start_interpolation: 0,interpolation_duration: 1}
$data merge entity $(left_hand) {transformation: [-0.9962f,-0.0054f,0.087f,2.0972f,-0.0054f,1f,0.0002f,-0.7816f,-0.087f,-0.0002f,-0.9962f,3.319f,0f,0f,0f,1f],start_interpolation: 0,interpolation_duration: 1}
$data merge entity $(left_forearm) {transformation: [-2.0714f,0f,0f,2.0972f,0f,2.0675f,-0.1277f,0.8073f,0f,-0.1277f,-2.0675f,1.9684f,0f,0f,0f,1f],start_interpolation: 0,interpolation_duration: 1}
$data merge entity $(left_arm) {transformation: [-1.5321f,0f,0f,1.9334f,0f,1.5292f,0.0945f,2.4842f,0f,0.0945f,-1.5292f,1.8466f,0f,0f,0f,1f],start_interpolation: 0,interpolation_duration: 1}
$data merge entity $(chest) {transformation: [-2.8487f,0f,0f,0f,0f,2.8485f,0.0352f,1.9285f,0f,0.0352f,-2.8485f,-0.7825f,0f,0f,0f,1f],start_interpolation: 0,interpolation_duration: 1}
$data merge entity $(left_foot) {transformation: [-0.9924f,-0.0972f,0.0754f,1.3908f,-0.0868f,0.9877f,0.1302f,0.2594f,-0.0872f,0.1226f,-0.9886f,-3.3762f,0f,0f,0f,1f],start_interpolation: 0,interpolation_duration: 1}
$data merge entity $(left_knee) {transformation: [-1.2522f,-0.11f,0.1096f,1.2848f,-0.1096f,1.2569f,0.0096f,-0.0835f,-0.11f,0f,-1.2569f,-1.6199f,0f,0f,0f,1f],start_interpolation: 0,interpolation_duration: 1}
$data merge entity $(left_leg) {transformation: [-2.0124f,-0.1655f,0.1866f,1.0815f,-0.1761f,2.0172f,-0.1092f,2.2838f,-0.1767f,-0.1246f,-2.0163f,-2.084f,0f,0f,0f,1f],start_interpolation: 0,interpolation_duration: 1}
$data merge entity $(right_foot) {transformation: [-0.9924f,0.0972f,-0.0754f,-1.3908f,0.0868f,0.9877f,0.1302f,0.2594f,0.0872f,0.1226f,-0.9886f,-3.3762f,0f,0f,0f,1f],start_interpolation: 0,interpolation_duration: 1}
$data merge entity $(right_knee) {transformation: [-1.2522f,0.11f,-0.1096f,-1.2848f,0.1096f,1.2569f,0.0096f,-0.0835f,0.11f,0f,-1.2569f,-1.6199f,0f,0f,0f,1f],start_interpolation: 0,interpolation_duration: 1}
$data merge entity $(right_leg) {transformation: [-2.0124f,0.1655f,-0.1866f,-1.0815f,0.1761f,2.0172f,-0.1092f,2.2838f,0.1767f,-0.1246f,-2.0163f,-2.084f,0f,0f,0f,1f],start_interpolation: 0,interpolation_duration: 1}
$data merge entity $(group) {transformation: [-1.9904f,0f,0f,0f,0f,1.9904f,0f,2.207f,0f,0f,-1.9904f,0.4285f,0f,0f,0f,1f],start_interpolation: 0,interpolation_duration: 1}