# This file was generated by Animated Java via MC-Build. It is not recommended to edit this file directly.
$data merge entity $(up) {transformation: [-1.9653f,0f,0f,0f,0f,1.9454f,0.279f,2.8491f,0f,0.279f,-1.9454f,3.3793f,0f,0f,0f,1f],start_interpolation: 0,interpolation_duration: 1}
$data merge entity $(down) {transformation: [-1.2477f,0f,0f,0f,0f,1.235f,0.1771f,2.9506f,0f,0.1771f,-1.235f,3.7557f,0f,0f,0f,1f],start_interpolation: 0,interpolation_duration: 1}
$data merge entity $(right_hand) {transformation: [-0.9962f,0.0061f,-0.0869f,-2.0972f,0.0061f,1f,0.0003f,-0.7811f,0.0869f,-0.0003f,-0.9962f,3.3174f,0f,0f,0f,1f],start_interpolation: 0,interpolation_duration: 1}
$data merge entity $(right_forearm) {transformation: [-2.0714f,0f,0f,-2.0972f,0f,2.0663f,-0.1461f,0.8021f,0f,-0.1461f,-2.0663f,1.9523f,0f,0f,0f,1f],start_interpolation: 0,interpolation_duration: 1}
$data merge entity $(right_arm) {transformation: [-1.5321f,0f,0f,-1.9334f,0f,1.5283f,0.1081f,2.48f,0f,0.1081f,-1.5283f,1.8454f,0f,0f,0f,1f],start_interpolation: 0,interpolation_duration: 1}
$data merge entity $(left_hand) {transformation: [-0.9962f,-0.0061f,0.0869f,2.0972f,-0.0061f,1f,0.0003f,-0.7811f,-0.0869f,-0.0003f,-0.9962f,3.3174f,0f,0f,0f,1f],start_interpolation: 0,interpolation_duration: 1}
$data merge entity $(left_forearm) {transformation: [-2.0714f,0f,0f,2.0972f,0f,2.0663f,-0.1461f,0.8021f,0f,-0.1461f,-2.0663f,1.9523f,0f,0f,0f,1f],start_interpolation: 0,interpolation_duration: 1}
$data merge entity $(left_arm) {transformation: [-1.5321f,0f,0f,1.9334f,0f,1.5283f,0.1081f,2.48f,0f,0.1081f,-1.5283f,1.8454f,0f,0f,0f,1f],start_interpolation: 0,interpolation_duration: 1}
$data merge entity $(chest) {transformation: [-2.8487f,0f,0f,0f,0f,2.8485f,0.0292f,1.9221f,0f,0.0292f,-2.8485f,-0.7825f,0f,0f,0f,1f],start_interpolation: 0,interpolation_duration: 1}
$data merge entity $(left_foot) {transformation: [-0.9924f,-0.0985f,0.0737f,1.3886f,-0.0868f,0.9852f,0.1477f,0.2571f,-0.0872f,0.1402f,-0.9863f,-3.3552f,0f,0f,0f,1f],start_interpolation: 0,interpolation_duration: 1}
$data merge entity $(left_knee) {transformation: [-1.2522f,-0.11f,0.1096f,1.2826f,-0.1096f,1.2569f,0.0096f,-0.0858f,-0.11f,0f,-1.2569f,-1.5988f,0f,0f,0f,1f],start_interpolation: 0,interpolation_duration: 1}
$data merge entity $(left_leg) {transformation: [-2.0124f,-0.1639f,0.1881f,1.0815f,-0.1761f,2.0162f,-0.1271f,2.2774f,-0.1767f,-0.1425f,-2.0151f,-2.084f,0f,0f,0f,1f],start_interpolation: 0,interpolation_duration: 1}
$data merge entity $(right_foot) {transformation: [-0.9924f,0.0985f,-0.0737f,-1.3886f,0.0868f,0.9852f,0.1477f,0.2571f,0.0872f,0.1402f,-0.9863f,-3.3552f,0f,0f,0f,1f],start_interpolation: 0,interpolation_duration: 1}
$data merge entity $(right_knee) {transformation: [-1.2522f,0.11f,-0.1096f,-1.2826f,0.1096f,1.2569f,0.0096f,-0.0858f,0.11f,0f,-1.2569f,-1.5988f,0f,0f,0f,1f],start_interpolation: 0,interpolation_duration: 1}
$data merge entity $(right_leg) {transformation: [-2.0124f,0.1639f,-0.1881f,-1.0815f,0.1761f,2.0162f,-0.1271f,2.2774f,0.1767f,-0.1425f,-2.0151f,-2.084f,0f,0f,0f,1f],start_interpolation: 0,interpolation_duration: 1}
$data merge entity $(group) {transformation: [-1.9904f,0f,0f,0f,0f,1.9904f,0f,2.2006f,0f,0f,-1.9904f,0.4285f,0f,0f,0f,1f],start_interpolation: 0,interpolation_duration: 1}