# This file was generated by Animated Java via MC-Build. It is not recommended to edit this file directly.
$data merge entity $(bone_up) {transformation: [-1.9653f,0f,0f,0f,0f,1.9472f,0.2661f,2.8547f,0f,0.2661f,-1.9472f,3.3773f,0f,0f,0f,1f],start_interpolation: 0,interpolation_duration: 1}
$data merge entity $(bone_down) {transformation: [-1.2477f,0f,0f,0f,0f,1.2362f,0.1689f,2.9587f,0f,0.1689f,-1.2362f,3.7531f,0f,0f,0f,1f],start_interpolation: 0,interpolation_duration: 1}
$data merge entity $(bone_right_hand) {transformation: [-0.9962f,0.0068f,-0.0869f,-2.0972f,0.0068f,1f,0.0003f,-0.7808f,0.0869f,-0.0003f,-0.9962f,3.3157f,0f,0f,0f,1f],start_interpolation: 0,interpolation_duration: 1}
$data merge entity $(bone_right_forearm) {transformation: [-2.0714f,0f,0f,-2.0972f,0f,2.0652f,-0.1609f,0.7978f,0f,-0.1609f,-2.0652f,1.939f,0f,0f,0f,1f],start_interpolation: 0,interpolation_duration: 1}
$data merge entity $(bone_right_arm) {transformation: [-1.5321f,0f,0f,-1.9334f,0f,1.5275f,0.119f,2.4763f,0f,0.119f,-1.5275f,1.844f,0f,0f,0f,1f],start_interpolation: 0,interpolation_duration: 1}
$data merge entity $(bone_left_hand) {transformation: [-0.9962f,-0.0068f,0.0869f,2.0972f,-0.0068f,1f,0.0003f,-0.7808f,-0.0869f,-0.0003f,-0.9962f,3.3157f,0f,0f,0f,1f],start_interpolation: 0,interpolation_duration: 1}
$data merge entity $(bone_left_forearm) {transformation: [-2.0714f,0f,0f,2.0972f,0f,2.0652f,-0.1609f,0.7978f,0f,-0.1609f,-2.0652f,1.939f,0f,0f,0f,1f],start_interpolation: 0,interpolation_duration: 1}
$data merge entity $(bone_left_arm) {transformation: [-1.5321f,0f,0f,1.9334f,0f,1.5275f,0.119f,2.4763f,0f,0.119f,-1.5275f,1.844f,0f,0f,0f,1f],start_interpolation: 0,interpolation_duration: 1}
$data merge entity $(bone_chest) {transformation: [-2.8487f,0f,0f,0f,0f,2.8486f,0.0226f,1.917f,0f,0.0226f,-2.8486f,-0.7825f,0f,0f,0f,1f],start_interpolation: 0,interpolation_duration: 1}
$data merge entity $(bone_left_foot) {transformation: [-0.9924f,-0.0996f,0.0723f,1.3868f,-0.0868f,0.983f,0.1618f,0.2554f,-0.0872f,0.1543f,-0.9842f,-3.3383f,0f,0f,0f,1f],start_interpolation: 0,interpolation_duration: 1}
$data merge entity $(bone_left_knee) {transformation: [-1.2522f,-0.11f,0.1096f,1.2808f,-0.1096f,1.2569f,0.0096f,-0.0876f,-0.11f,0f,-1.2569f,-1.5819f,0f,0f,0f,1f],start_interpolation: 0,interpolation_duration: 1}
$data merge entity $(bone_left_leg) {transformation: [-2.0124f,-0.1625f,0.1893f,1.0815f,-0.1761f,2.0152f,-0.1416f,2.2723f,-0.1767f,-0.1569f,-2.014f,-2.084f,0f,0f,0f,1f],start_interpolation: 0,interpolation_duration: 1}
$data merge entity $(bone_right_foot) {transformation: [-0.9924f,0.0996f,-0.0723f,-1.3868f,0.0868f,0.983f,0.1618f,0.2554f,0.0872f,0.1543f,-0.9842f,-3.3383f,0f,0f,0f,1f],start_interpolation: 0,interpolation_duration: 1}
$data merge entity $(bone_right_knee) {transformation: [-1.2522f,0.11f,-0.1096f,-1.2808f,0.1096f,1.2569f,0.0096f,-0.0876f,0.11f,0f,-1.2569f,-1.5819f,0f,0f,0f,1f],start_interpolation: 0,interpolation_duration: 1}
$data merge entity $(bone_right_leg) {transformation: [-2.0124f,0.1625f,-0.1893f,-1.0815f,0.1761f,2.0152f,-0.1416f,2.2723f,0.1767f,-0.1569f,-2.014f,-2.084f,0f,0f,0f,1f],start_interpolation: 0,interpolation_duration: 1}
$data merge entity $(bone_group) {transformation: [-1.9904f,0f,0f,0f,0f,1.9904f,0f,2.1955f,0f,0f,-1.9904f,0.4285f,0f,0f,0f,1f],start_interpolation: 0,interpolation_duration: 1}