# This file was generated by Animated Java via MC-Build. It is not recommended to edit this file directly.
$data merge entity $(bone_up) {transformation: [-1.9653f,0f,0f,0f,0f,1.9499f,0.2461f,2.8715f,0f,0.2461f,-1.9499f,3.3727f,0f,0f,0f,1f],start_interpolation: 0,interpolation_duration: 1}
$data merge entity $(bone_down) {transformation: [-1.2477f,0f,0f,0f,0f,1.2379f,0.1562f,2.9793f,0f,0.1562f,-1.2379f,3.7474f,0f,0f,0f,1f],start_interpolation: 0,interpolation_duration: 1}
$data merge entity $(bone_right_hand) {transformation: [-0.9962f,0.0075f,-0.0868f,-2.0972f,0.0075f,1f,0.0003f,-0.7813f,0.0868f,-0.0003f,-0.9962f,3.3124f,0f,0f,0f,1f],start_interpolation: 0,interpolation_duration: 1}
$data merge entity $(bone_right_forearm) {transformation: [-2.0714f,0f,0f,-2.0972f,0f,2.0637f,-0.1783f,0.7915f,0f,-0.1783f,-2.0637f,1.9218f,0f,0f,0f,1f],start_interpolation: 0,interpolation_duration: 1}
$data merge entity $(bone_right_arm) {transformation: [-1.5321f,0f,0f,-1.9334f,0f,1.5264f,0.1319f,2.4708f,0f,0.1319f,-1.5264f,1.8411f,0f,0f,0f,1f],start_interpolation: 0,interpolation_duration: 1}
$data merge entity $(bone_left_hand) {transformation: [-0.9962f,-0.0075f,0.0868f,2.0972f,-0.0075f,1f,0.0003f,-0.7813f,-0.0868f,-0.0003f,-0.9962f,3.3124f,0f,0f,0f,1f],start_interpolation: 0,interpolation_duration: 1}
$data merge entity $(bone_left_forearm) {transformation: [-2.0714f,0f,0f,2.0972f,0f,2.0637f,-0.1783f,0.7915f,0f,-0.1783f,-2.0637f,1.9218f,0f,0f,0f,1f],start_interpolation: 0,interpolation_duration: 1}
$data merge entity $(bone_left_arm) {transformation: [-1.5321f,0f,0f,1.9334f,0f,1.5264f,0.1319f,2.4708f,0f,0.1319f,-1.5264f,1.8411f,0f,0f,0f,1f],start_interpolation: 0,interpolation_duration: 1}
$data merge entity $(bone_chest) {transformation: [-2.8487f,0f,0f,0f,0f,2.8487f,0.0078f,1.9109f,0f,0.0078f,-2.8487f,-0.7825f,0f,0f,0f,1f],start_interpolation: 0,interpolation_duration: 1}
$data merge entity $(bone_left_foot) {transformation: [-0.9924f,-0.1008f,0.0706f,1.3847f,-0.0868f,0.9801f,0.1784f,0.2534f,-0.0872f,0.1709f,-0.9814f,-3.3184f,0f,0f,0f,1f],start_interpolation: 0,interpolation_duration: 1}
$data merge entity $(bone_left_knee) {transformation: [-1.2522f,-0.11f,0.1096f,1.2787f,-0.1096f,1.2569f,0.0096f,-0.0895f,-0.11f,0f,-1.2569f,-1.5621f,0f,0f,0f,1f],start_interpolation: 0,interpolation_duration: 1}
$data merge entity $(bone_left_leg) {transformation: [-2.0124f,-0.1609f,0.1906f,1.0815f,-0.1761f,2.0139f,-0.1586f,2.2663f,-0.1767f,-0.1739f,-2.0126f,-2.084f,0f,0f,0f,1f],start_interpolation: 0,interpolation_duration: 1}
$data merge entity $(bone_right_foot) {transformation: [-0.9924f,0.1008f,-0.0706f,-1.3847f,0.0868f,0.9801f,0.1784f,0.2534f,0.0872f,0.1709f,-0.9814f,-3.3184f,0f,0f,0f,1f],start_interpolation: 0,interpolation_duration: 1}
$data merge entity $(bone_right_knee) {transformation: [-1.2522f,0.11f,-0.1096f,-1.2787f,0.1096f,1.2569f,0.0096f,-0.0895f,0.11f,0f,-1.2569f,-1.5621f,0f,0f,0f,1f],start_interpolation: 0,interpolation_duration: 1}
$data merge entity $(bone_right_leg) {transformation: [-2.0124f,0.1609f,-0.1906f,-1.0815f,0.1761f,2.0139f,-0.1586f,2.2663f,0.1767f,-0.1739f,-2.0126f,-2.084f,0f,0f,0f,1f],start_interpolation: 0,interpolation_duration: 1}
$data merge entity $(bone_group) {transformation: [-1.9904f,0f,0f,0f,0f,1.9904f,0f,2.1894f,0f,0f,-1.9904f,0.4285f,0f,0f,0f,1f],start_interpolation: 0,interpolation_duration: 1}