# This file was generated by Animated Java via MC-Build. It is not recommended to edit this file directly.
$data merge entity $(up) {transformation: [-1.9653f,0f,0f,0f,0f,1.9326f,0.3572f,3.019f,0f,0.3572f,-1.9326f,3.3498f,0f,0f,0f,1f],start_interpolation: 0,interpolation_duration: 1}
$data merge entity $(down) {transformation: [-1.2477f,0f,0f,0f,0f,1.2269f,0.2267f,3.1053f,0f,0.2267f,-1.2269f,3.7301f,0f,0f,0f,1f],start_interpolation: 0,interpolation_duration: 1}
$data merge entity $(right_hand) {transformation: [-0.9962f,-0.0035f,-0.0871f,-2.0972f,-0.0035f,1f,-0.0002f,-0.7937f,0.0871f,0.0002f,-0.9962f,3.3086f,0f,0f,0f,1f],start_interpolation: 0,interpolation_duration: 1}
$data merge entity $(right_forearm) {transformation: [-2.0714f,0f,0f,-2.0972f,0f,2.0698f,0.082f,0.8512f,0f,0.082f,-2.0698f,2.1228f,0f,0f,0f,1f],start_interpolation: 0,interpolation_duration: 1}
$data merge entity $(right_arm) {transformation: [-1.5321f,0f,0f,-1.9334f,0f,1.5309f,-0.0607f,2.5071f,0f,-0.0607f,-1.5309f,1.832f,0f,0f,0f,1f],start_interpolation: 0,interpolation_duration: 1}
$data merge entity $(left_hand) {transformation: [-0.9962f,0.0035f,0.0871f,2.0972f,0.0035f,1f,-0.0002f,-0.7937f,-0.0871f,0.0002f,-0.9962f,3.3086f,0f,0f,0f,1f],start_interpolation: 0,interpolation_duration: 1}
$data merge entity $(left_forearm) {transformation: [-2.0714f,0f,0f,2.0972f,0f,2.0698f,0.082f,0.8512f,0f,0.082f,-2.0698f,2.1228f,0f,0f,0f,1f],start_interpolation: 0,interpolation_duration: 1}
$data merge entity $(left_arm) {transformation: [-1.5321f,0f,0f,1.9334f,0f,1.5309f,-0.0607f,2.5071f,0f,-0.0607f,-1.5309f,1.832f,0f,0f,0f,1f],start_interpolation: 0,interpolation_duration: 1}
$data merge entity $(chest) {transformation: [-2.8487f,0f,0f,0f,0f,2.8483f,-0.0443f,2.001f,0f,-0.0443f,-2.8483f,-0.7825f,0f,0f,0f,1f],start_interpolation: 0,interpolation_duration: 1}
$data merge entity $(left_foot) {transformation: [-0.9924f,-0.08f,0.0935f,1.4148f,-0.0868f,0.9937f,-0.0713f,0.2994f,-0.0872f,-0.0789f,-0.9931f,-3.618f,0f,0f,0f,1f],start_interpolation: 0,interpolation_duration: 1}
$data merge entity $(left_knee) {transformation: [-1.2522f,-0.11f,0.1096f,1.3089f,-0.1096f,1.2569f,0.0096f,-0.0435f,-0.11f,0f,-1.2569f,-1.8616f,0f,0f,0f,1f],start_interpolation: 0,interpolation_duration: 1}
$data merge entity $(left_leg) {transformation: [-2.0124f,-0.1836f,0.1689f,1.0815f,-0.1761f,2.0179f,0.0954f,2.3564f,-0.1767f,0.08f,-2.0185f,-2.084f,0f,0f,0f,1f],start_interpolation: 0,interpolation_duration: 1}
$data merge entity $(right_foot) {transformation: [-0.9924f,0.08f,-0.0935f,-1.4148f,0.0868f,0.9937f,-0.0713f,0.2994f,0.0872f,-0.0789f,-0.9931f,-3.618f,0f,0f,0f,1f],start_interpolation: 0,interpolation_duration: 1}
$data merge entity $(right_knee) {transformation: [-1.2522f,0.11f,-0.1096f,-1.3089f,0.1096f,1.2569f,0.0096f,-0.0435f,0.11f,0f,-1.2569f,-1.8616f,0f,0f,0f,1f],start_interpolation: 0,interpolation_duration: 1}
$data merge entity $(right_leg) {transformation: [-2.0124f,0.1836f,-0.1689f,-1.0815f,0.1761f,2.0179f,0.0954f,2.3564f,0.1767f,0.08f,-2.0185f,-2.084f,0f,0f,0f,1f],start_interpolation: 0,interpolation_duration: 1}
$data merge entity $(group) {transformation: [-1.9904f,0f,0f,0f,0f,1.9904f,0f,2.2795f,0f,0f,-1.9904f,0.4285f,0f,0f,0f,1f],start_interpolation: 0,interpolation_duration: 1}