# This file was generated by Animated Java via MC-Build. It is not recommended to edit this file directly.
$data merge entity $(bone_up) {transformation: [-1.9653f,0f,0f,0f,0f,1.9507f,0.2395f,2.8822f,0f,0.2395f,-1.9507f,3.3701f,0f,0f,0f,1f],start_interpolation: 0,interpolation_duration: 1}
$data merge entity $(bone_down) {transformation: [-1.2477f,0f,0f,0f,0f,1.2384f,0.1521f,2.9913f,0f,0.1521f,-1.2384f,3.7444f,0f,0f,0f,1f],start_interpolation: 0,interpolation_duration: 1}
$data merge entity $(bone_right_hand) {transformation: [-0.9962f,0.0076f,-0.0868f,-2.0972f,0.0076f,1f,0.0003f,-0.7824f,0.0868f,-0.0003f,-0.9962f,3.3108f,0f,0f,0f,1f],start_interpolation: 0,interpolation_duration: 1}
$data merge entity $(bone_right_forearm) {transformation: [-2.0714f,0f,0f,-2.0972f,0f,2.0635f,-0.1805f,0.7897f,0f,-0.1805f,-2.0635f,1.9185f,0f,0f,0f,1f],start_interpolation: 0,interpolation_duration: 1}
$data merge entity $(bone_right_arm) {transformation: [-1.5321f,0f,0f,-1.9334f,0f,1.5263f,0.1335f,2.4692f,0f,0.1335f,-1.5263f,1.8395f,0f,0f,0f,1f],start_interpolation: 0,interpolation_duration: 1}
$data merge entity $(bone_left_hand) {transformation: [-0.9962f,-0.0076f,0.0868f,2.0972f,-0.0076f,1f,0.0003f,-0.7824f,-0.0868f,-0.0003f,-0.9962f,3.3108f,0f,0f,0f,1f],start_interpolation: 0,interpolation_duration: 1}
$data merge entity $(bone_left_forearm) {transformation: [-2.0714f,0f,0f,2.0972f,0f,2.0635f,-0.1805f,0.7897f,0f,-0.1805f,-2.0635f,1.9185f,0f,0f,0f,1f],start_interpolation: 0,interpolation_duration: 1}
$data merge entity $(bone_left_arm) {transformation: [-1.5321f,0f,0f,1.9334f,0f,1.5263f,0.1335f,2.4691f,0f,0.1335f,-1.5263f,1.8395f,0f,0f,0f,1f],start_interpolation: 0,interpolation_duration: 1}
$data merge entity $(bone_chest) {transformation: [-2.8487f,0f,0f,0f,0f,2.8487f,0f,1.9102f,0f,0f,-2.8487f,-0.7825f,0f,0f,0f,1f],start_interpolation: 0,interpolation_duration: 1}
$data merge entity $(bone_left_foot) {transformation: [-0.9924f,-0.1009f,0.0704f,1.3844f,-0.0868f,0.9797f,0.1805f,0.2532f,-0.0872f,0.173f,-0.9811f,-3.3159f,0f,0f,0f,1f],start_interpolation: 0,interpolation_duration: 1}
$data merge entity $(bone_left_knee) {transformation: [-1.2522f,-0.11f,0.1096f,1.2785f,-0.1096f,1.2569f,0.0096f,-0.0897f,-0.11f,0f,-1.2569f,-1.5595f,0f,0f,0f,1f],start_interpolation: 0,interpolation_duration: 1}
$data merge entity $(bone_left_leg) {transformation: [-2.0124f,-0.1607f,0.1908f,1.0815f,-0.1761f,2.0138f,-0.1607f,2.2655f,-0.1767f,-0.1761f,-2.0124f,-2.084f,0f,0f,0f,1f],start_interpolation: 0,interpolation_duration: 1}
$data merge entity $(bone_right_foot) {transformation: [-0.9924f,0.1009f,-0.0704f,-1.3844f,0.0868f,0.9797f,0.1805f,0.2532f,0.0872f,0.173f,-0.9811f,-3.3159f,0f,0f,0f,1f],start_interpolation: 0,interpolation_duration: 1}
$data merge entity $(bone_right_knee) {transformation: [-1.2522f,0.11f,-0.1096f,-1.2785f,0.1096f,1.2569f,0.0096f,-0.0897f,0.11f,0f,-1.2569f,-1.5595f,0f,0f,0f,1f],start_interpolation: 0,interpolation_duration: 1}
$data merge entity $(bone_right_leg) {transformation: [-2.0124f,0.1607f,-0.1908f,-1.0815f,0.1761f,2.0138f,-0.1607f,2.2655f,0.1767f,-0.1761f,-2.0124f,-2.084f,0f,0f,0f,1f],start_interpolation: 0,interpolation_duration: 1}
$data merge entity $(bone_group) {transformation: [-1.9904f,0f,0f,0f,0f,1.9904f,0f,2.1887f,0f,0f,-1.9904f,0.4285f,0f,0f,0f,1f],start_interpolation: 0,interpolation_duration: 1}