# This file was generated by Animated Java via MC-Build. It is not recommended to edit this file directly.
$data merge entity $(bone_up) {transformation: [-1.9653f,0f,0f,0f,0f,1.9514f,0.234f,2.907f,0f,0.234f,-1.9514f,3.3646f,0f,0f,0f,1f],start_interpolation: 0,interpolation_duration: 1}
$data merge entity $(bone_down) {transformation: [-1.2477f,0f,0f,0f,0f,1.2388f,0.1485f,3.0172f,0f,0.1485f,-1.2388f,3.7387f,0f,0f,0f,1f],start_interpolation: 0,interpolation_duration: 1}
$data merge entity $(bone_right_hand) {transformation: [-0.9962f,0.0072f,-0.0869f,-2.0972f,0.0072f,1f,0.0003f,-0.786f,0.0869f,-0.0003f,-0.9962f,3.308f,0f,0f,0f,1f],start_interpolation: 0,interpolation_duration: 1}
$data merge entity $(bone_right_forearm) {transformation: [-2.0714f,0f,0f,-2.0972f,0f,2.0643f,-0.1717f,0.789f,0f,-0.1717f,-2.0643f,1.9227f,0f,0f,0f,1f],start_interpolation: 0,interpolation_duration: 1}
$data merge entity $(bone_right_arm) {transformation: [-1.5321f,0f,0f,-1.9334f,0f,1.5269f,0.127f,2.4681f,0f,0.127f,-1.5269f,1.8366f,0f,0f,0f,1f],start_interpolation: 0,interpolation_duration: 1}
$data merge entity $(bone_left_hand) {transformation: [-0.9962f,-0.0072f,0.0869f,2.0972f,-0.0072f,1f,0.0003f,-0.786f,-0.0869f,-0.0003f,-0.9962f,3.308f,0f,0f,0f,1f],start_interpolation: 0,interpolation_duration: 1}
$data merge entity $(bone_left_forearm) {transformation: [-2.0714f,0f,0f,2.0972f,0f,2.0643f,-0.1717f,0.789f,0f,-0.1717f,-2.0643f,1.9227f,0f,0f,0f,1f],start_interpolation: 0,interpolation_duration: 1}
$data merge entity $(bone_left_arm) {transformation: [-1.5321f,0f,0f,1.9334f,0f,1.5269f,0.127f,2.4681f,0f,0.127f,-1.5269f,1.8366f,0f,0f,0f,1f],start_interpolation: 0,interpolation_duration: 1}
$data merge entity $(bone_chest) {transformation: [-2.8487f,0f,0f,0f,0f,2.8486f,-0.0154f,1.9132f,0f,-0.0154f,-2.8486f,-0.7825f,0f,0f,0f,1f],start_interpolation: 0,interpolation_duration: 1}
$data merge entity $(bone_left_foot) {transformation: [-0.9924f,-0.1003f,0.0712f,1.3855f,-0.0868f,0.9812f,0.1721f,0.2541f,-0.0872f,0.1646f,-0.9825f,-3.3259f,0f,0f,0f,1f],start_interpolation: 0,interpolation_duration: 1}
$data merge entity $(bone_left_knee) {transformation: [-1.2522f,-0.11f,0.1096f,1.2795f,-0.1096f,1.2569f,0.0096f,-0.0888f,-0.11f,0f,-1.2569f,-1.5696f,0f,0f,0f,1f],start_interpolation: 0,interpolation_duration: 1}
$data merge entity $(bone_left_leg) {transformation: [-2.0124f,-0.1615f,0.1901f,1.0815f,-0.1761f,2.0144f,-0.1521f,2.2685f,-0.1767f,-0.1675f,-2.0131f,-2.084f,0f,0f,0f,1f],start_interpolation: 0,interpolation_duration: 1}
$data merge entity $(bone_right_foot) {transformation: [-0.9924f,0.1003f,-0.0712f,-1.3855f,0.0868f,0.9812f,0.1721f,0.2542f,0.0872f,0.1646f,-0.9825f,-3.3259f,0f,0f,0f,1f],start_interpolation: 0,interpolation_duration: 1}
$data merge entity $(bone_right_knee) {transformation: [-1.2522f,0.11f,-0.1096f,-1.2795f,0.1096f,1.2569f,0.0096f,-0.0888f,0.11f,0f,-1.2569f,-1.5696f,0f,0f,0f,1f],start_interpolation: 0,interpolation_duration: 1}
$data merge entity $(bone_right_leg) {transformation: [-2.0124f,0.1615f,-0.1901f,-1.0815f,0.1761f,2.0144f,-0.1521f,2.2685f,0.1767f,-0.1675f,-2.0131f,-2.084f,0f,0f,0f,1f],start_interpolation: 0,interpolation_duration: 1}
$data merge entity $(bone_group) {transformation: [-1.9904f,0f,0f,0f,0f,1.9904f,0f,2.1917f,0f,0f,-1.9904f,0.4285f,0f,0f,0f,1f],start_interpolation: 0,interpolation_duration: 1}