# This file was generated by Animated Java via MC-Build. It is not recommended to edit this file directly.
$data merge entity $(up) {transformation: [-1.9653f,0f,0f,0f,0f,1.9488f,0.2541f,2.9612f,0f,0.2541f,-1.9488f,3.3548f,0f,0f,0f,1f],start_interpolation: 0,interpolation_duration: 1}
$data merge entity $(down) {transformation: [-1.2477f,0f,0f,0f,0f,1.2372f,0.1613f,3.0676f,0f,0.1613f,-1.2372f,3.7299f,0f,0f,0f,1f],start_interpolation: 0,interpolation_duration: 1}
$data merge entity $(right_hand) {transformation: [-0.9962f,0.0045f,-0.087f,-2.0972f,0.0045f,1f,0.0002f,-0.7957f,0.087f,-0.0002f,-0.9962f,3.305f,0f,0f,0f,1f],start_interpolation: 0,interpolation_duration: 1}
$data merge entity $(right_forearm) {transformation: [-2.0714f,0f,0f,-2.0972f,0f,2.0687f,-0.1062f,0.7997f,0f,-0.1062f,-2.0687f,1.9715f,0f,0f,0f,1f],start_interpolation: 0,interpolation_duration: 1}
$data merge entity $(right_arm) {transformation: [-1.5321f,0f,0f,-1.9334f,0f,1.5301f,0.0786f,2.4752f,0f,0.0786f,-1.5301f,1.8322f,0f,0f,0f,1f],start_interpolation: 0,interpolation_duration: 1}
$data merge entity $(left_hand) {transformation: [-0.9962f,-0.0045f,0.087f,2.0972f,-0.0045f,1f,0.0002f,-0.7957f,-0.087f,-0.0002f,-0.9962f,3.305f,0f,0f,0f,1f],start_interpolation: 0,interpolation_duration: 1}
$data merge entity $(left_forearm) {transformation: [-2.0714f,0f,0f,2.0972f,0f,2.0687f,-0.1062f,0.7997f,0f,-0.1062f,-2.0687f,1.9715f,0f,0f,0f,1f],start_interpolation: 0,interpolation_duration: 1}
$data merge entity $(left_arm) {transformation: [-1.5321f,0f,0f,1.9334f,0f,1.5301f,0.0786f,2.4752f,0f,0.0786f,-1.5301f,1.8322f,0f,0f,0f,1f],start_interpolation: 0,interpolation_duration: 1}
$data merge entity $(chest) {transformation: [-2.8487f,0f,0f,0f,0f,2.8484f,-0.0402f,1.9359f,0f,-0.0402f,-2.8484f,-0.7825f,0f,0f,0f,1f],start_interpolation: 0,interpolation_duration: 1}
$data merge entity $(left_foot) {transformation: [-0.9924f,-0.0956f,0.0774f,1.3933f,-0.0868f,0.9902f,0.1096f,0.2624f,-0.0872f,0.102f,-0.991f,-3.4009f,0f,0f,0f,1f],start_interpolation: 0,interpolation_duration: 1}
$data merge entity $(left_knee) {transformation: [-1.2522f,-0.11f,0.1096f,1.2874f,-0.1096f,1.2569f,0.0096f,-0.0805f,-0.11f,0f,-1.2569f,-1.6445f,0f,0f,0f,1f],start_interpolation: 0,interpolation_duration: 1}
$data merge entity $(left_leg) {transformation: [-2.0124f,-0.1675f,0.1849f,1.0815f,-0.1761f,2.0182f,-0.0882f,2.2912f,-0.1767f,-0.1036f,-2.0174f,-2.084f,0f,0f,0f,1f],start_interpolation: 0,interpolation_duration: 1}
$data merge entity $(right_foot) {transformation: [-0.9924f,0.0956f,-0.0774f,-1.3933f,0.0868f,0.9902f,0.1096f,0.2624f,0.0872f,0.102f,-0.991f,-3.4009f,0f,0f,0f,1f],start_interpolation: 0,interpolation_duration: 1}
$data merge entity $(right_knee) {transformation: [-1.2522f,0.11f,-0.1096f,-1.2874f,0.1096f,1.2569f,0.0096f,-0.0805f,0.11f,0f,-1.2569f,-1.6445f,0f,0f,0f,1f],start_interpolation: 0,interpolation_duration: 1}
$data merge entity $(right_leg) {transformation: [-2.0124f,0.1675f,-0.1849f,-1.0815f,0.1761f,2.0182f,-0.0882f,2.2912f,0.1767f,-0.1036f,-2.0174f,-2.084f,0f,0f,0f,1f],start_interpolation: 0,interpolation_duration: 1}
$data merge entity $(group) {transformation: [-1.9904f,0f,0f,0f,0f,1.9904f,0f,2.2144f,0f,0f,-1.9904f,0.4285f,0f,0f,0f,1f],start_interpolation: 0,interpolation_duration: 1}