# This file was generated by Animated Java via MC-Build. It is not recommended to edit this file directly.
$data merge entity $(bone_up) {transformation: [-1.9653f,0f,0f,0f,0f,1.9456f,0.2777f,2.9853f,0f,0.2777f,-1.9456f,3.3514f,0f,0f,0f,1f],start_interpolation: 0,interpolation_duration: 1}
$data merge entity $(bone_down) {transformation: [-1.2477f,0f,0f,0f,0f,1.2352f,0.1763f,3.0871f,0f,0.1763f,-1.2352f,3.7278f,0f,0f,0f,1f],start_interpolation: 0,interpolation_duration: 1}
$data merge entity $(bone_right_hand) {transformation: [-0.9962f,0.0024f,-0.0871f,-2.0972f,0.0024f,1f,0.0001f,-0.7989f,0.0871f,-0.0001f,-0.9962f,3.305f,0f,0f,0f,1f],start_interpolation: 0,interpolation_duration: 1}
$data merge entity $(bone_right_forearm) {transformation: [-2.0714f,0f,0f,-2.0972f,0f,2.0707f,-0.0559f,0.8111f,0f,-0.0559f,-2.0707f,2.0111f,0f,0f,0f,1f],start_interpolation: 0,interpolation_duration: 1}
$data merge entity $(bone_right_arm) {transformation: [-1.5321f,0f,0f,-1.9334f,0f,1.5316f,0.0413f,2.4827f,0f,0.0413f,-1.5316f,1.8311f,0f,0f,0f,1f],start_interpolation: 0,interpolation_duration: 1}
$data merge entity $(bone_left_hand) {transformation: [-0.9962f,-0.0024f,0.0871f,2.0972f,-0.0024f,1f,0.0001f,-0.7989f,-0.0871f,-0.0001f,-0.9962f,3.305f,0f,0f,0f,1f],start_interpolation: 0,interpolation_duration: 1}
$data merge entity $(bone_left_forearm) {transformation: [-2.0714f,0f,0f,2.0972f,0f,2.0707f,-0.0559f,0.8111f,0f,-0.0559f,-2.0707f,2.0111f,0f,0f,0f,1f],start_interpolation: 0,interpolation_duration: 1}
$data merge entity $(bone_left_arm) {transformation: [-1.5321f,0f,0f,1.9334f,0f,1.5316f,0.0413f,2.4827f,0f,0.0413f,-1.5316f,1.8311f,0f,0f,0f,1f],start_interpolation: 0,interpolation_duration: 1}
$data merge entity $(bone_chest) {transformation: [-2.8487f,0f,0f,0f,0f,2.8483f,-0.0473f,1.9534f,0f,-0.0473f,-2.8483f,-0.7825f,0f,0f,0f,1f],start_interpolation: 0,interpolation_duration: 1}
$data merge entity $(bone_left_foot) {transformation: [-0.9924f,-0.0917f,0.082f,1.3992f,-0.0868f,0.9943f,0.0613f,0.2704f,-0.0872f,0.0537f,-0.9947f,-3.4587f,0f,0f,0f,1f],start_interpolation: 0,interpolation_duration: 1}
$data merge entity $(bone_left_knee) {transformation: [-1.2522f,-0.11f,0.1096f,1.2933f,-0.1096f,1.2569f,0.0096f,-0.0725f,-0.11f,0f,-1.2569f,-1.7024f,0f,0f,0f,1f],start_interpolation: 0,interpolation_duration: 1}
$data merge entity $(bone_left_leg) {transformation: [-2.0124f,-0.1719f,0.1808f,1.0815f,-0.1761f,2.0198f,-0.0391f,2.3087f,-0.1767f,-0.0545f,-2.0194f,-2.084f,0f,0f,0f,1f],start_interpolation: 0,interpolation_duration: 1}
$data merge entity $(bone_right_foot) {transformation: [-0.9924f,0.0917f,-0.082f,-1.3992f,0.0868f,0.9943f,0.0613f,0.2704f,0.0872f,0.0537f,-0.9947f,-3.4587f,0f,0f,0f,1f],start_interpolation: 0,interpolation_duration: 1}
$data merge entity $(bone_right_knee) {transformation: [-1.2522f,0.11f,-0.1096f,-1.2933f,0.1096f,1.2569f,0.0096f,-0.0725f,0.11f,0f,-1.2569f,-1.7024f,0f,0f,0f,1f],start_interpolation: 0,interpolation_duration: 1}
$data merge entity $(bone_right_leg) {transformation: [-2.0124f,0.1719f,-0.1808f,-1.0815f,0.1761f,2.0198f,-0.0391f,2.3087f,0.1767f,-0.0545f,-2.0194f,-2.084f,0f,0f,0f,1f],start_interpolation: 0,interpolation_duration: 1}
$data merge entity $(bone_group) {transformation: [-1.9904f,0f,0f,0f,0f,1.9904f,0f,2.2319f,0f,0f,-1.9904f,0.4285f,0f,0f,0f,1f],start_interpolation: 0,interpolation_duration: 1}