# This file was generated by Animated Java via MC-Build. It is not recommended to edit this file directly.
$data merge entity $(bone_up) {transformation: [-1.9653f,0f,0f,0f,0f,1.9235f,0.4032f,3.0148f,0f,0.4032f,-1.9235f,3.3538f,0f,0f,0f,1f],start_interpolation: 0,interpolation_duration: 1}
$data merge entity $(bone_down) {transformation: [-1.2477f,0f,0f,0f,0f,1.2211f,0.256f,3.092f,0f,0.256f,-1.2211f,3.736f,0f,0f,0f,1f],start_interpolation: 0,interpolation_duration: 1}
$data merge entity $(bone_right_hand) {transformation: [-0.9962f,-0.0061f,-0.0869f,-2.0972f,-0.0061f,1f,-0.0003f,-0.7841f,0.0869f,0.0003f,-0.9962f,3.3124f,0f,0f,0f,1f],start_interpolation: 0,interpolation_duration: 1}
$data merge entity $(bone_right_forearm) {transformation: [-2.0714f,0f,0f,-2.0972f,0f,2.0663f,0.1461f,0.8746f,0f,0.1461f,-2.0663f,2.1765f,0f,0f,0f,1f],start_interpolation: 0,interpolation_duration: 1}
$data merge entity $(bone_right_arm) {transformation: [-1.5321f,0f,0f,-1.9334f,0f,1.5283f,-0.1081f,2.5207f,0f,-0.1081f,-1.5283f,1.8346f,0f,0f,0f,1f],start_interpolation: 0,interpolation_duration: 1}
$data merge entity $(bone_left_hand) {transformation: [-0.9962f,0.0061f,0.0869f,2.0972f,0.0061f,1f,-0.0003f,-0.7841f,-0.0869f,0.0003f,-0.9962f,3.3124f,0f,0f,0f,1f],start_interpolation: 0,interpolation_duration: 1}
$data merge entity $(bone_left_forearm) {transformation: [-2.0714f,0f,0f,2.0972f,0f,2.0663f,0.1461f,0.8746f,0f,0.1461f,-2.0663f,2.1765f,0f,0f,0f,1f],start_interpolation: 0,interpolation_duration: 1}
$data merge entity $(bone_left_arm) {transformation: [-1.5321f,0f,0f,1.9334f,0f,1.5283f,-0.1081f,2.5207f,0f,-0.1081f,-1.5283f,1.8346f,0f,0f,0f,1f],start_interpolation: 0,interpolation_duration: 1}
$data merge entity $(bone_chest) {transformation: [-2.8487f,0f,0f,0f,0f,2.8485f,-0.0292f,2.0232f,0f,-0.0292f,-2.8485f,-0.7825f,0f,0f,0f,1f],start_interpolation: 0,interpolation_duration: 1}
$data merge entity $(bone_left_foot) {transformation: [-0.9924f,-0.0741f,0.0982f,1.4218f,-0.0868f,0.9873f,-0.1327f,0.3165f,-0.0872f,-0.1402f,-0.9863f,-3.6925f,0f,0f,0f,1f],start_interpolation: 0,interpolation_duration: 1}
$data merge entity $(bone_left_knee) {transformation: [-1.2522f,-0.11f,0.1096f,1.3159f,-0.1096f,1.2569f,0.0096f,-0.0264f,-0.11f,0f,-1.2569f,-1.9361f,0f,0f,0f,1f],start_interpolation: 0,interpolation_duration: 1}
$data merge entity $(bone_left_leg) {transformation: [-2.0124f,-0.1887f,0.1632f,1.0815f,-0.1761f,2.014f,0.1579f,2.3785f,-0.1767f,0.1425f,-2.0151f,-2.084f,0f,0f,0f,1f],start_interpolation: 0,interpolation_duration: 1}
$data merge entity $(bone_right_foot) {transformation: [-0.9924f,0.0741f,-0.0982f,-1.4218f,0.0868f,0.9873f,-0.1327f,0.3165f,0.0872f,-0.1402f,-0.9863f,-3.6925f,0f,0f,0f,1f],start_interpolation: 0,interpolation_duration: 1}
$data merge entity $(bone_right_knee) {transformation: [-1.2522f,0.11f,-0.1096f,-1.3159f,0.1096f,1.2569f,0.0096f,-0.0264f,0.11f,0f,-1.2569f,-1.9361f,0f,0f,0f,1f],start_interpolation: 0,interpolation_duration: 1}
$data merge entity $(bone_right_leg) {transformation: [-2.0124f,0.1887f,-0.1632f,-1.0815f,0.1761f,2.014f,0.1579f,2.3785f,0.1767f,0.1425f,-2.0151f,-2.084f,0f,0f,0f,1f],start_interpolation: 0,interpolation_duration: 1}
$data merge entity $(bone_group) {transformation: [-1.9904f,0f,0f,0f,0f,1.9904f,0f,2.3017f,0f,0f,-1.9904f,0.4285f,0f,0f,0f,1f],start_interpolation: 0,interpolation_duration: 1}