# This file was generated by Animated Java via MC-Build. It is not recommended to edit this file directly.
$data merge entity $(neck) {transformation: [-0.9998f,0.0179f,-0.0008f,0.0349f,0.0173f,0.9757f,0.2183f,5.9716f,0.0047f,0.2182f,-0.9759f,-0.7297f,0f,0f,0f,1f],start_interpolation: 0,interpolation_duration: 1}
$data merge entity $(right_thumb_2) {transformation: [-0.9217f,-0.0383f,-0.3859f,-1.6465f,-0.38f,0.2877f,0.8791f,3.9916f,0.0774f,0.9569f,-0.2798f,-3.6004f,0f,0f,0f,1f],start_interpolation: 0,interpolation_duration: 1}
$data merge entity $(right_thumb) {transformation: [-0.9217f,-0.3859f,0.0383f,-1.9079f,-0.38f,0.8791f,-0.2877f,4.2221f,0.0774f,-0.2798f,-0.9569f,-3.6654f,0f,0f,0f,1f],start_interpolation: 0,interpolation_duration: 1}
$data merge entity $(right_fingers2) {transformation: [0.9761f,0.147f,0.1598f,-1.6498f,0.1184f,-0.9773f,0.1754f,3.7222f,0.182f,-0.1523f,-0.9714f,-3.7962f,0f,0f,0f,1f],start_interpolation: 0,interpolation_duration: 1}
$data merge entity $(right_fingers) {transformation: [0.1894f,-0.9688f,0.1598f,-1.9194f,-0.9713f,-0.1609f,0.1754f,3.6502f,-0.1442f,-0.1885f,-0.9714f,-3.8611f,0f,0f,0f,1f],start_interpolation: 0,interpolation_duration: 1}
$data merge entity $(scout) {transformation: [0f,0f,0f,-1.7359f,0f,0f,0f,3.7337f,0f,0f,0f,-3.9256f,0f,0f,0f,1f],start_interpolation: 0,interpolation_duration: 1}
$data merge entity $(right_hand) {transformation: [-0.9761f,-0.147f,0.1598f,-1.9977f,-0.1184f,0.9773f,0.1754f,4.2588f,-0.182f,0.1523f,-0.9714f,-3.8096f,0f,0f,0f,1f],start_interpolation: 0,interpolation_duration: 1}
$data merge entity $(right_forearm) {transformation: [-0.1005f,0.0751f,1.3716f,-1.8306f,0.8252f,1.1028f,0.0001f,5.8853f,-1.0982f,0.8218f,-0.1255f,-2.5308f,0f,0f,0f,1f],start_interpolation: 0,interpolation_duration: 1}
$data merge entity $(right_shoulder) {transformation: [-0.8558f,0.5944f,1.0315f,-0.9666f,1.1466f,0.0695f,0.9112f,5.7096f,0.3205f,1.3385f,-0.5054f,-0.9472f,0f,0f,0f,1f],start_interpolation: 0,interpolation_duration: 1}
$data merge entity $(right_arm) {transformation: [-0.9786f,0.0179f,0.2051f,-0.4078f,0.0619f,0.9757f,0.21f,5.9591f,-0.1963f,0.2182f,-0.9559f,-0.7813f,0f,0f,0f,1f],start_interpolation: 0,interpolation_duration: 1}
$data merge entity $(left_thumb_2) {transformation: [-0.7825f,0.1472f,0.6051f,0.2028f,-0.5798f,0.1823f,-0.7941f,4.6836f,-0.2272f,-0.9722f,-0.0573f,1.8613f,0f,0f,0f,1f],start_interpolation: 0,interpolation_duration: 1}
$data merge entity $(left_thumb) {transformation: [-0.7825f,0.6051f,-0.1472f,0.5156f,-0.5798f,-0.7941f,-0.1823f,4.5167f,-0.2272f,-0.0573f,0.9722f,1.8628f,0f,0f,0f,1f],start_interpolation: 0,interpolation_duration: 1}
$data merge entity $(left_fingers2) {transformation: [0.8988f,-0.4167f,-0.1362f,0.1251f,0.2515f,0.7446f,-0.6183f,4.8312f,0.359f,0.5215f,0.774f,2.1495f,0f,0f,0f,1f],start_interpolation: 0,interpolation_duration: 1}
$data merge entity $(left_fingers) {transformation: [0.4555f,0.8798f,-0.1362f,0.362f,-0.7329f,0.2838f,-0.6183f,4.9283f,-0.5053f,0.3815f,0.774f,2.2782f,0f,0f,0f,1f],start_interpolation: 0,interpolation_duration: 1}
$data merge entity $(left_hand) {transformation: [-0.8988f,0.4167f,-0.1362f,0.6074f,-0.2515f,-0.7446f,-0.6183f,4.4423f,-0.359f,-0.5215f,0.774f,1.9903f,0f,0f,0f,1f],start_interpolation: 0,interpolation_duration: 1}
$data merge entity $(left_forearm) {transformation: [-1.2205f,0.5695f,-0.2884f,1.4038f,0.1774f,-0.2952f,-1.3336f,3.9567f,-0.6132f,-1.2189f,0.1882f,0.1361f,0f,0f,0f,1f],start_interpolation: 0,interpolation_duration: 1}
$data merge entity $(left_shoulder) {transformation: [-1.4634f,-0.0858f,0.0296f,1.0033f,-0.0904f,1.3347f,-0.6003f,5.585f,0.0082f,-0.601f,-1.3374f,-0.552f,0f,0f,0f,1f],start_interpolation: 0,interpolation_duration: 1}
$data merge entity $(left_arm) {transformation: [-0.9786f,0.0179f,0.2051f,0.4584f,0.0619f,0.9757f,0.21f,5.9043f,-0.1963f,0.2182f,-0.9559f,-0.6076f,0f,0f,0f,1f],start_interpolation: 0,interpolation_duration: 1}
$data merge entity $(chest) {transformation: [-1.2512f,0.0229f,0.2622f,0f,0.0791f,1.2475f,0.2685f,4.1768f,-0.251f,0.279f,-1.2222f,-1.1216f,0f,0f,0f,1f],start_interpolation: 0,interpolation_duration: 1}
$data merge entity $(left_cheek) {transformation: [-0.9962f,0f,0.0872f,0.4899f,0.0262f,0.9537f,0.2996f,3.5063f,-0.0831f,0.3007f,-0.9501f,-2.0366f,0f,0f,0f,1f],start_interpolation: 0,interpolation_duration: 1}
$data merge entity $(left_foot) {transformation: [-1.0185f,0.0377f,0.0808f,0.3915f,0.0268f,1.0131f,-0.1345f,-4.2159f,-0.085f,-0.1319f,-1.0103f,0.0874f,0f,0f,0f,1f],start_interpolation: 0,interpolation_duration: 1}
$data merge entity $(left_knee) {transformation: [-3.0302f,0.0797f,0.2528f,0.5992f,0.0797f,3.0407f,-0.0033f,-0.01f,-0.2528f,0.0033f,-3.0312f,-0.0247f,0f,0f,0f,1f],start_interpolation: 0,interpolation_duration: 1}
$data merge entity $(left_leg) {transformation: [-1.7114f,0.1012f,0.1104f,0.6868f,0.045f,1.5557f,-0.7275f,2.5055f,-0.1428f,-0.7218f,-1.5524f,-1.1416f,0f,0f,0f,1f],start_interpolation: 0,interpolation_duration: 1}
$data merge entity $(right_cheek) {transformation: [-0.9962f,0.0402f,0.0773f,-0.3677f,0.0643f,0.9384f,0.3395f,3.5398f,-0.0589f,0.3432f,-0.9374f,-2.1106f,0f,0f,0f,1f],start_interpolation: 0,interpolation_duration: 1}
$data merge entity $(right_foot) {transformation: [-1.0185f,-0.089f,0.0039f,-0.6439f,0.0657f,-0.7201f,0.7228f,-0.0959f,-0.0602f,0.7203f,0.723f,-5.3808f,0f,0f,0f,1f],start_interpolation: 0,interpolation_duration: 1}
$data merge entity $(right_knee) {transformation: [-3.0302f,-0.1955f,0.1791f,-0.9941f,0.1955f,-0.2588f,3.0244f,-0.3247f,-0.1791f,3.0244f,0.2704f,-1.189f,0f,0f,0f,1f],start_interpolation: 0,interpolation_duration: 1}
$data merge entity $(right_leg) {transformation: [-1.7114f,0.1357f,0.0633f,-0.7073f,0.1104f,1.6341f,-0.5186f,2.3038f,-0.1012f,-0.5126f,-1.6366f,-1.9581f,0f,0f,0f,1f],start_interpolation: 0,interpolation_duration: 1}
$data merge entity $(weist) {transformation: [-1.6162f,0f,0.1414f,0f,0.0425f,1.5473f,0.486f,3.8949f,-0.1349f,0.4878f,-1.5414f,-1.5152f,0f,0f,0f,1f],start_interpolation: 0,interpolation_duration: 1}
data modify storage animated_java:temp entry.data merge value {"locators":{"consume":{"px":-1.6703691928,"py":3.5785803658,"pz":-3.9031272648,"ry":9.3440704581,"rx":10.1025879992}}}
# Data Manager: Prepare for Read / Write
execute store result storage animated_java:temp args.id int 1 run scoreboard players get @s aj.id
# Data Manager: Write
function animated_java:global/data_manager/write with storage animated_java:temp args
execute unless entity @s[tag=aj.transforms_only] at @s run function animated_java:female/animations/ghost_kick_run/zzz/frames/0_root_function