# This file was generated by Animated Java via MC-Build. It is not recommended to edit this file directly.
$data merge entity $(neck) {transformation: [-0.9927f,0.0607f,-0.1045f,0.0326f,0.0416f,0.9835f,0.1763f,5.9638f,0.1134f,0.1706f,-0.9788f,-0.5839f,0f,0f,0f,1f],start_interpolation: 0,interpolation_duration: 1}
$data merge entity $(right_thumb_2) {transformation: [-0.8903f,0.2503f,-0.3804f,-2.8955f,-0.2275f,0.479f,0.8478f,3.6333f,0.3944f,0.8413f,-0.3695f,-2.4027f,0f,0f,0f,1f],start_interpolation: 0,interpolation_duration: 1}
$data merge entity $(right_thumb) {transformation: [-0.8903f,-0.3809f,-0.2496f,-3.1465f,-0.2275f,0.8468f,-0.4807f,3.8788f,0.3944f,-0.3712f,-0.8406f,-2.4517f,0f,0f,0f,1f],start_interpolation: 0,interpolation_duration: 1}
$data merge entity $(right_fingers2) {transformation: [0.9945f,0.024f,-0.1023f,-2.9733f,0.0188f,-0.9985f,-0.0515f,3.3324f,-0.1033f,0.0493f,-0.9934f,-2.5224f,0f,0f,0f,1f],start_interpolation: 0,interpolation_duration: 1}
$data merge entity $(right_fingers) {transformation: [0.0687f,-0.9924f,-0.1023f,-3.2549f,-0.9966f,-0.0637f,-0.0515f,3.2858f,0.0446f,0.1055f,-0.9934f,-2.4984f,0f,0f,0f,1f],start_interpolation: 0,interpolation_duration: 1}
$data merge entity $(scout) {transformation: [0f,0f,0f,-3.0906f,0f,0f,0f,3.3285f,0f,0f,0f,-2.6248f,0f,0f,0f,1f],start_interpolation: 0,interpolation_duration: 1}
$data merge entity $(right_hand) {transformation: [-0.9944f,-0.0248f,-0.1023f,-3.2697f,-0.0197f,0.9985f,-0.0515f,3.8969f,0.1034f,-0.0492f,-0.9934f,-2.573f,0f,0f,0f,1f],start_interpolation: 0,interpolation_duration: 1}
$data merge entity $(right_forearm) {transformation: [-0.5376f,0.6226f,1.1047f,-2.2695f,0.6895f,1.1506f,-0.3129f,5.5895f,-1.0643f,0.4309f,-0.7608f,-1.9075f,0f,0f,0f,1f],start_interpolation: 0,interpolation_duration: 1}
$data merge entity $(right_shoulder) {transformation: [-0.744f,0.9478f,0.8354f,-0.9908f,1.2276f,0.3129f,0.7382f,5.6999f,0.2989f,1.0741f,-0.9523f,-0.6276f,0f,0f,0f,1f],start_interpolation: 0,interpolation_duration: 1}
$data merge entity $(right_arm) {transformation: [-0.9971f,0.0527f,0.0552f,-0.4128f,0.0604f,0.9871f,0.1483f,5.953f,-0.0467f,0.1512f,-0.9874f,-0.5658f,0f,0f,0f,1f],start_interpolation: 0,interpolation_duration: 1}
$data merge entity $(left_thumb_2) {transformation: [-0.712f,-0.043f,0.7009f,0.882f,-0.6978f,0.1547f,-0.6994f,4.8626f,-0.0784f,-0.987f,-0.1401f,2.0549f,0f,0f,0f,1f],start_interpolation: 0,interpolation_duration: 1}
$data merge entity $(left_thumb) {transformation: [-0.712f,0.701f,0.0416f,1.2125f,-0.6978f,-0.6997f,-0.1533f,4.7431f,-0.0784f,-0.1382f,0.9873f,2.0081f,0f,0f,0f,1f],start_interpolation: 0,interpolation_duration: 1}
$data merge entity $(left_fingers2) {transformation: [0.897f,-0.4336f,0.0862f,0.8308f,0.3962f,0.7017f,-0.5922f,5.0116f,0.1963f,0.5654f,0.8011f,2.3483f,0f,0f,0f,1f],start_interpolation: 0,interpolation_duration: 1}
$data merge entity $(left_fingers) {transformation: [0.4735f,0.8766f,0.0862f,1.0678f,-0.6832f,0.4273f,-0.5922f,5.1483f,-0.556f,0.2215f,0.8011f,2.4329f,0f,0f,0f,1f],start_interpolation: 0,interpolation_duration: 1}
$data merge entity $(left_hand) {transformation: [-0.8966f,0.4344f,0.0862f,1.3339f,-0.3967f,-0.7013f,-0.5922f,4.6893f,-0.1967f,-0.5652f,0.8011f,2.1202f,0f,0f,0f,1f],start_interpolation: 0,interpolation_duration: 1}
$data merge entity $(left_forearm) {transformation: [-1.3287f,0.3493f,-0.0983f,1.8011f,0.0058f,-0.3527f,-1.3314f,4.1099f,-0.3628f,-1.2848f,0.3388f,0.1826f,0f,0f,0f,1f],start_interpolation: 0,interpolation_duration: 1}
$data merge entity $(left_shoulder) {transformation: [-1.3985f,-0.4163f,-0.1442f,1.0163f,-0.291f,1.233f,-0.7381f,5.5783f,0.3308f,-0.6754f,-1.2587f,-0.5337f,0f,0f,0f,1f],start_interpolation: 0,interpolation_duration: 1}
$data merge entity $(left_arm) {transformation: [-0.9971f,0.0527f,0.0552f,0.4697f,0.0604f,0.9871f,0.1483f,5.8996f,-0.0467f,0.1512f,-0.9874f,-0.5245f,0f,0f,0f,1f],start_interpolation: 0,interpolation_duration: 1}
$data merge entity $(chest) {transformation: [-1.2748f,0.0674f,0.0705f,-0.0648f,0.0772f,1.2621f,0.1896f,4.1487f,-0.0596f,0.1933f,-1.2624f,-0.8524f,0f,0f,0f,1f],start_interpolation: 0,interpolation_duration: 1}
$data merge entity $(left_cheek) {transformation: [-0.9988f,-0.0352f,-0.0342f,0.2689f,-0.0439f,0.9524f,0.3018f,3.4314f,0.022f,0.3029f,-0.9528f,-1.7329f,0f,0f,0f,1f],start_interpolation: 0,interpolation_duration: 1}
$data merge entity $(left_foot) {transformation: [-1.0186f,-0.088f,0.0026f,1.1171f,-0.0878f,1.0174f,0.0502f,-4.3889f,-0.007f,0.0498f,-1.0211f,-0.6333f,0f,0f,0f,1f],start_interpolation: 0,interpolation_duration: 1}
$data merge entity $(left_knee) {transformation: [-3.0304f,-0.2614f,-0.0184f,0.8415f,-0.2612f,2.9967f,0.4515f,-0.2155f,-0.0207f,0.4514f,-3.008f,-0.131f,0f,0f,0f,1f],start_interpolation: 0,interpolation_duration: 1}
$data merge entity $(left_leg) {transformation: [-1.7116f,-0.1352f,0.0603f,0.552f,-0.1476f,1.6136f,-0.5708f,2.3802f,-0.0117f,-0.5739f,-1.6192f,-1.0034f,0f,0f,0f,1f],start_interpolation: 0,interpolation_duration: 1}
$data merge entity $(right_cheek) {transformation: [-0.9915f,0.0525f,-0.1189f,-0.6392f,0.0319f,0.9852f,0.1687f,3.2889f,0.126f,0.1634f,-0.9785f,-1.6667f,0f,0f,0f,1f],start_interpolation: 0,interpolation_duration: 1}
$data merge entity $(right_foot) {transformation: [-1.0163f,0.0116f,0.1105f,-1.384f,0.1059f,-0.2057f,0.9958f,-1.4556f,0.0336f,1.0014f,0.2033f,-3.4654f,0f,0f,0f,1f],start_interpolation: 0,interpolation_duration: 1}
$data merge entity $(right_knee) {transformation: [-3.0237f,0.203f,0.2608f,-1.1793f,0.315f,1.0448f,2.8392f,0.1157f,0.0999f,2.8494f,-1.0597f,0.4378f,0f,0f,0f,1f],start_interpolation: 0,interpolation_duration: 1}
$data merge entity $(right_leg) {transformation: [-1.7078f,0.1007f,-0.1571f,-0.9423f,0.1779f,1.3155f,-1.0905f,2.2478f,0.0564f,-1.1003f,-1.3182f,-1.2887f,0f,0f,0f,1f],start_interpolation: 0,interpolation_duration: 1}
$data merge entity $(weist) {transformation: [-1.6065f,0.1407f,-0.1766f,-0.119f,0.1075f,1.5924f,0.2909f,3.8427f,0.1986f,0.2764f,-1.5862f,-1.2081f,0f,0f,0f,1f],start_interpolation: 0,interpolation_duration: 1}
data modify storage animated_java:temp entry.data merge value {"locators":{"consume":{"px":-3.0333426129,"py":3.1739086233,"pz":-2.5839191295,"ry":354.1225190669,"rx":-2.949854843}}}
# Data Manager: Prepare for Read / Write
execute store result storage animated_java:temp args.id int 1 run scoreboard players get @s aj.id
# Data Manager: Write
function animated_java:global/data_manager/write with storage animated_java:temp args