# This file was generated by Animated Java via MC-Build. It is not recommended to edit this file directly.
$data merge entity $(neck) {transformation: [-0.3156f,0.3848f,-0.8674f,-0.4239f,0.2909f,0.9093f,0.2975f,6.0775f,0.9032f,-0.1584f,-0.3989f,-0.1434f,0f,0f,0f,1f],start_interpolation: 0,interpolation_duration: 1}
$data merge entity $(right_thumb_2) {transformation: [0.2458f,0.0593f,-0.9675f,0.7915f,0.5575f,0.8079f,0.1912f,4.9663f,0.793f,-0.5864f,0.1655f,3.599f,0f,0f,0f,1f],start_interpolation: 0,interpolation_duration: 1}
$data merge entity $(right_thumb) {transformation: [0.2458f,-0.9685f,-0.0403f,0.517f,0.5575f,0.1752f,-0.8115f,5.1168f,0.793f,0.177f,0.583f,3.7653f,0f,0f,0f,1f],start_interpolation: 0,interpolation_duration: 1}
$data merge entity $(right_fingers2) {transformation: [0.1012f,0.8833f,-0.4578f,0.9778f,-0.4415f,-0.3725f,-0.8163f,4.7721f,-0.8916f,0.2847f,0.3522f,3.7941f,0f,0f,0f,1f],start_interpolation: 0,interpolation_duration: 1}
$data merge entity $(right_fingers) {transformation: [0.8876f,-0.0509f,-0.4578f,0.985f,-0.397f,0.4196f,-0.8163f,4.8745f,0.2337f,0.9063f,0.3522f,4.0615f,0f,0f,0f,1f],start_interpolation: 0,interpolation_duration: 1}
$data merge entity $(scout) {transformation: [0f,0f,0f,0.9132f,0f,0f,0f,4.7266f,0f,0f,0f,3.9282f,0f,0f,0f,1f],start_interpolation: 0,interpolation_duration: 1}
$data merge entity $(right_hand) {transformation: [-0.094f,-0.8841f,-0.4578f,0.4222f,0.4384f,0.3761f,-0.8163f,5.0672f,0.8939f,-0.2774f,0.3522f,3.9022f,0f,0f,0f,1f],start_interpolation: 0,interpolation_duration: 1}
$data merge entity $(right_forearm) {transformation: [-0.4956f,-1.0061f,-0.7995f,-1.1015f,0.9922f,0.245f,-0.9233f,5.3613f,0.8167f,-0.9082f,0.6367f,2.5237f,0f,0f,0f,1f],start_interpolation: 0,interpolation_duration: 1}
$data merge entity $(right_shoulder) {transformation: [-0.3084f,0.2458f,-1.4122f,-0.6941f,1.2646f,0.7268f,-0.1496f,5.9974f,0.675f,-1.2494f,-0.3649f,0.8761f,0f,0f,0f,1f],start_interpolation: 0,interpolation_duration: 1}
$data merge entity $(right_arm) {transformation: [-0.2345f,0.2598f,-0.9368f,-0.4946f,0.2342f,0.9503f,0.2049f,6.1423f,0.9435f,-0.1714f,-0.2837f,0.292f,0f,0f,0f,1f],start_interpolation: 0,interpolation_duration: 1}
$data merge entity $(left_thumb_2) {transformation: [-0.0559f,-0.9641f,-0.2597f,2.2954f,-0.9984f,0.0544f,0.0131f,5.9907f,0.0015f,0.26f,-0.9656f,-1.6585f,0f,0f,0f,1f],start_interpolation: 0,interpolation_duration: 1}
$data merge entity $(left_thumb) {transformation: [-0.0559f,-0.2407f,0.969f,2.2126f,-0.9984f,0.0121f,-0.0546f,6.1434f,0.0015f,-0.9705f,-0.241f,-1.9675f,0f,0f,0f,1f],start_interpolation: 0,interpolation_duration: 1}
$data merge entity $(left_fingers2) {transformation: [0.1322f,0.6419f,0.7553f,2.5996f,0.9217f,0.2007f,-0.3319f,6.0661f,-0.3646f,0.7401f,-0.5651f,-1.5476f,0f,0f,0f,1f],start_interpolation: 0,interpolation_duration: 1}
$data merge entity $(left_fingers) {transformation: [-0.6334f,0.1684f,0.7553f,2.671f,-0.1481f,0.9316f,-0.3319f,6.3334f,-0.7596f,-0.3221f,-0.5651f,-1.6221f,0f,0f,0f,1f],start_interpolation: 0,interpolation_duration: 1}
$data merge entity $(left_hand) {transformation: [-0.1375f,-0.6408f,0.7553f,2.3101f,-0.9233f,-0.1931f,-0.3319f,6.1955f,0.3585f,-0.743f,-0.5651f,-2.1016f,0f,0f,0f,1f],start_interpolation: 0,interpolation_duration: 1}
$data merge entity $(left_forearm) {transformation: [-0.0862f,-1.2154f,0.6422f,0.4995f,-0.7161f,-0.5096f,-1.0605f,5.3597f,1.1734f,-0.4003f,-0.6f,-2.6775f,0f,0f,0f,1f],start_interpolation: 0,interpolation_duration: 1}
$data merge entity $(left_shoulder) {transformation: [0.8376f,-0.7551f,-0.9371f,-0.2221f,-0.9614f,0.2669f,-1.0744f,5.5259f,0.7239f,1.2282f,-0.3426f,-1.0231f,0f,0f,0f,1f],start_interpolation: 0,interpolation_duration: 1}
$data merge entity $(left_arm) {transformation: [-0.2345f,0.2598f,-0.9368f,-0.287f,0.2342f,0.9503f,0.2049f,5.935f,0.9435f,-0.1714f,-0.2837f,-0.5431f,0f,0f,0f,1f],start_interpolation: 0,interpolation_duration: 1}
$data merge entity $(chest) {transformation: [-0.2998f,0.3322f,-1.1977f,-0.8924f,0.2995f,1.215f,0.262f,4.3294f,1.2063f,-0.2191f,-0.3627f,0.1741f,0f,0f,0f,1f],start_interpolation: 0,interpolation_duration: 1}
$data merge entity $(left_cheek) {transformation: [-0.1989f,0.026f,-0.9797f,-1.3299f,-0.0313f,0.999f,0.0328f,3.3755f,0.9795f,0.0372f,-0.1979f,-0.1007f,0f,0f,0f,1f],start_interpolation: 0,interpolation_duration: 1}
$data merge entity $(left_foot) {transformation: [0.1368f,-0.0665f,-1.011f,0.3338f,-0.0338f,1.0193f,-0.0716f,-3.0674f,1.0126f,0.043f,0.1342f,-0.7217f,0f,0f,0f,1f],start_interpolation: 0,interpolation_duration: 1}
$data merge entity $(left_knee) {transformation: [0.4382f,0.9519f,-2.8555f,1.5217f,-0.2939f,2.8854f,0.9167f,0.972f,2.9956f,0.1438f,0.5076f,-0.5879f,0f,0f,0f,1f],start_interpolation: 0,interpolation_duration: 1}
$data merge entity $(left_leg) {transformation: [0.2475f,-1.4723f,-0.8499f,-0.8018f,-0.166f,0.8338f,-1.4928f,2.3447f,1.6919f,0.2972f,-0.0221f,-0.0407f,0f,0f,0f,1f],start_interpolation: 0,interpolation_duration: 1}
$data merge entity $(right_cheek) {transformation: [-0.3019f,0.0566f,-0.9517f,-1.5816f,0.5075f,0.8546f,-0.1101f,3.591f,0.807f,-0.5162f,-0.2867f,0.5804f,0f,0f,0f,1f],start_interpolation: 0,interpolation_duration: 1}
$data merge entity $(right_foot) {transformation: [-0.3055f,0.6779f,-0.7017f,-2.1674f,0.7696f,0.6194f,0.2633f,-0.3821f,0.5997f,-0.4495f,-0.6954f,7.1058f,0f,0f,0f,1f],start_interpolation: 0,interpolation_duration: 1}
$data merge entity $(right_knee) {transformation: [-0.8487f,1.2104f,-2.6583f,-0.6253f,2.6498f,1.4838f,-0.1704f,1.7405f,1.2289f,-2.3634f,-1.4685f,3.81f,0f,0f,0f,1f],start_interpolation: 0,interpolation_duration: 1}
$data merge entity $(right_leg) {transformation: [-0.4793f,-0.3795f,-1.6055f,-1.1662f,1.4966f,0.6034f,-0.5895f,2.6622f,0.6941f,-1.5631f,0.1622f,1.2722f,0f,0f,0f,1f],start_interpolation: 0,interpolation_duration: 1}
$data merge entity $(weist) {transformation: [-0.4271f,0.017f,-1.565f,-1.0781f,0.3646f,1.5787f,-0.0824f,4.1053f,1.5221f,-0.3734f,-0.4195f,0.2055f,0f,0f,0f,1f],start_interpolation: 0,interpolation_duration: 1}
data modify storage animated_java:temp entry.data merge value {"locators":{"consume":{"px":1.0750312038,"py":4.6768863498,"pz":3.9139968057,"ry":232.4269932586,"rx":-54.7154423411}}}
# Data Manager: Prepare for Read / Write
execute store result storage animated_java:temp args.id int 1 run scoreboard players get @s aj.id
# Data Manager: Write
function animated_java:global/data_manager/write with storage animated_java:temp args