# This file was generated by Animated Java via MC-Build. It is not recommended to edit this file directly.
$data merge entity $(neck) {transformation: [-0.2178f,0.3401f,-0.9148f,-0.4302f,0.2481f,0.9258f,0.2851f,6.0601f,0.9439f,-0.1649f,-0.2861f,-0.0884f,0f,0f,0f,1f],start_interpolation: 0,interpolation_duration: 1}
$data merge entity $(right_thumb_2) {transformation: [0.4036f,-0.0734f,-0.912f,1.4542f,0.4211f,0.8998f,0.1139f,4.4655f,0.8122f,-0.43f,0.3941f,3.0392f,0f,0f,0f,1f],start_interpolation: 0,interpolation_duration: 1}
$data merge entity $(right_thumb) {transformation: [0.4036f,-0.912f,0.0734f,1.2196f,0.4211f,0.1139f,-0.8998f,4.5773f,0.8122f,0.3941f,0.43f,3.2803f,0f,0f,0f,1f],start_interpolation: 0,interpolation_duration: 1}
$data merge entity $(right_fingers2) {transformation: [-0.0931f,0.9186f,-0.384f,1.6749f,-0.275f,-0.3944f,-0.8768f,4.2447f,-0.9569f,0.0239f,0.2894f,3.1551f,0f,0f,0f,1f],start_interpolation: 0,interpolation_duration: 1}
$data merge entity $(right_fingers) {transformation: [0.9137f,0.1331f,-0.384f,1.7358f,-0.406f,0.2576f,-0.8768f,4.3002f,-0.0178f,0.957f,0.2894f,3.4295f,0f,0f,0f,1f],start_interpolation: 0,interpolation_duration: 1}
$data merge entity $(scout) {transformation: [0f,0f,0f,1.6372f,0f,0f,0f,4.1756f,0f,0f,0f,3.2896f,0f,0f,0f,1f],start_interpolation: 0,interpolation_duration: 1}
$data merge entity $(right_hand) {transformation: [0.0931f,-0.9186f,-0.384f,1.1542f,0.275f,0.3944f,-0.8768f,4.5023f,0.9569f,-0.0239f,0.2894f,3.4228f,0f,0f,0f,1f],start_interpolation: 0,interpolation_duration: 1}
$data merge entity $(right_forearm) {transformation: [-0.3563f,-1.1826f,-0.6096f,-0.6341f,0.7586f,0.3379f,-1.0988f,4.9396f,1.093f,-0.62f,0.5639f,2.4641f,0f,0f,0f,1f],start_interpolation: 0,interpolation_duration: 1}
$data merge entity $(right_shoulder) {transformation: [-0.2102f,-0.0318f,-1.4507f,-0.5839f,1.068f,0.989f,-0.1764f,5.9358f,0.9824f,-1.082f,-0.1186f,0.9507f,0f,0f,0f,1f],start_interpolation: 0,interpolation_duration: 1}
$data merge entity $(right_arm) {transformation: [-0.1346f,0.2148f,-0.9673f,-0.4539f,0.1935f,0.9631f,0.1869f,6.1073f,0.9718f,-0.162f,-0.1712f,0.3543f,0f,0f,0f,1f],start_interpolation: 0,interpolation_duration: 1}
$data merge entity $(left_thumb_2) {transformation: [-0.1893f,-0.8299f,-0.5248f,2.1974f,-0.9633f,0.2604f,-0.0643f,5.3066f,0.1901f,0.4934f,-0.8488f,-1.9836f,0f,0f,0f,1f],start_interpolation: 0,interpolation_duration: 1}
$data merge entity $(left_thumb) {transformation: [-0.1893f,-0.5248f,0.8299f,2.0449f,-0.9633f,-0.0643f,-0.2604f,5.4324f,0.1901f,-0.8488f,-0.4934f,-2.2779f,0f,0f,0f,1f],start_interpolation: 0,interpolation_duration: 1}
$data merge entity $(left_fingers2) {transformation: [0.1483f,0.8597f,0.4887f,2.5291f,0.8312f,0.1594f,-0.5326f,5.3362f,-0.5358f,0.4852f,-0.691f,-1.9779f,0f,0f,0f,1f],start_interpolation: 0,interpolation_duration: 1}
$data merge entity $(left_fingers) {transformation: [-0.8525f,0.1856f,0.4887f,2.6096f,-0.123f,0.8374f,-0.5326f,5.5744f,-0.5081f,-0.5141f,-0.691f,-2.1152f,0f,0f,0f,1f],start_interpolation: 0,interpolation_duration: 1}
$data merge entity $(left_hand) {transformation: [-0.1483f,-0.8597f,0.4887f,2.1024f,-0.8312f,-0.1594f,-0.5326f,5.4488f,0.5358f,-0.4852f,-0.691f,-2.4411f,0f,0f,0f,1f],start_interpolation: 0,interpolation_duration: 1}
$data merge entity $(left_forearm) {transformation: [0.0611f,-1.3065f,0.4317f,0.1531f,-0.5056f,-0.4232f,-1.2093f,4.7464f,1.2797f,-0.1048f,-0.4984f,-2.5638f,0f,0f,0f,1f],start_interpolation: 0,interpolation_duration: 1}
$data merge entity $(left_shoulder) {transformation: [0.7958f,-0.5429f,-1.1053f,-0.3129f,-0.8069f,0.7643f,-0.9564f,5.5463f,0.9303f,1.1274f,0.116f,-1.0055f,0f,0f,0f,1f],start_interpolation: 0,interpolation_duration: 1}
$data merge entity $(left_arm) {transformation: [-0.1346f,0.2148f,-0.9673f,-0.3348f,0.1935f,0.9631f,0.1869f,5.936f,0.9718f,-0.162f,-0.1712f,-0.5059f,0f,0f,0f,1f],start_interpolation: 0,interpolation_duration: 1}
$data merge entity $(chest) {transformation: [-0.1721f,0.2746f,-1.2368f,-0.8158f,0.2474f,1.2314f,0.239f,4.2887f,1.2425f,-0.2072f,-0.2189f,0.2109f,0f,0f,0f,1f],start_interpolation: 0,interpolation_duration: 1}
$data merge entity $(left_cheek) {transformation: [-0.2142f,-0.0188f,-0.9766f,-1.2497f,-0.1534f,0.9881f,0.0147f,3.3846f,0.9647f,0.153f,-0.2145f,-0.1688f,0f,0f,0f,1f],start_interpolation: 0,interpolation_duration: 1}
$data merge entity $(left_foot) {transformation: [0.0529f,0.0037f,-1.021f,-0.0696f,-0.0567f,1.0208f,0.0008f,-2.8223f,1.0194f,0.0566f,0.053f,-1.2299f,0f,0f,0f,1f],start_interpolation: 0,interpolation_duration: 1}
$data merge entity $(left_knee) {transformation: [0.1702f,1.3234f,-2.7335f,1.6452f,-0.5679f,2.7033f,1.2734f,0.9876f,2.9834f,0.4391f,0.3983f,-0.6915f,0f,0f,0f,1f],start_interpolation: 0,interpolation_duration: 1}
$data merge entity $(left_leg) {transformation: [0.0961f,-1.4826f,-0.8626f,-0.7007f,-0.3207f,0.8332f,-1.4677f,2.3521f,1.685f,0.2432f,-0.2302f,-0.2251f,0f,0f,0f,1f],start_interpolation: 0,interpolation_duration: 1}
$data merge entity $(right_cheek) {transformation: [-0.2559f,0.0241f,-0.9664f,-1.5017f,0.3356f,0.9397f,-0.0654f,3.4617f,0.9066f,-0.3411f,-0.2486f,0.6347f,0f,0f,0f,1f],start_interpolation: 0,interpolation_duration: 1}
$data merge entity $(right_foot) {transformation: [-0.4825f,0.6034f,-0.6695f,-2.3223f,0.6309f,0.7685f,0.2379f,-1.8294f,0.6437f,-0.3009f,-0.7351f,5.3735f,0f,0f,0f,1f],start_interpolation: 0,interpolation_duration: 1}
$data merge entity $(right_knee) {transformation: [-0.9907f,1.6826f,-2.3323f,-0.1174f,2.1632f,2.0615f,0.5683f,1.1091f,1.895f,-1.4736f,-1.868f,3.3119f,0f,0f,0f,1f],start_interpolation: 0,interpolation_duration: 1}
$data merge entity $(right_leg) {transformation: [-0.5595f,-0.619f,-1.5017f,-1.0418f,1.2218f,0.8862f,-0.8205f,2.5021f,1.0703f,-1.3352f,0.1516f,1.1238f,0f,0f,0f,1f],start_interpolation: 0,interpolation_duration: 1}
$data merge entity $(weist) {transformation: [-0.3954f,-0.0186f,-1.5733f,-1.0041f,0.1739f,1.6118f,-0.0627f,4.0625f,1.5638f,-0.1839f,-0.3909f,0.2339f,0f,0f,0f,1f],start_interpolation: 0,interpolation_duration: 1}
data modify storage animated_java:temp entry.data merge value {"locators":{"consume":{"px":1.7923644897,"py":4.1335126843,"pz":3.234719238,"ry":232.9968271386,"rx":-61.2623199294}}}
# Data Manager: Prepare for Read / Write
execute store result storage animated_java:temp args.id int 1 run scoreboard players get @s aj.id
# Data Manager: Write
function animated_java:global/data_manager/write with storage animated_java:temp args