# This file was generated by Animated Java via MC-Build. It is not recommended to edit this file directly.
$data merge entity $(neck) {transformation: [-0.1544f,0.2889f,-0.9448f,-0.4962f,0.2404f,0.9385f,0.2477f,6.0474f,0.9583f,-0.1889f,-0.2143f,-0.1562f,0f,0f,0f,1f],start_interpolation: 0,interpolation_duration: 1}
$data merge entity $(right_thumb_2) {transformation: [0.5563f,-0.2585f,-0.7898f,1.854f,0.4593f,0.8876f,0.0331f,4.5433f,0.6925f,-0.3812f,0.6125f,2.3656f,0f,0f,0f,1f],start_interpolation: 0,interpolation_duration: 1}
$data merge entity $(right_thumb) {transformation: [0.5563f,-0.7933f,0.2472f,1.6778f,0.4593f,0.0457f,-0.8871f,4.6386f,0.6925f,0.6071f,0.3898f,2.658f,0f,0f,0f,1f],start_interpolation: 0,interpolation_duration: 1}
$data merge entity $(right_fingers2) {transformation: [-0.3108f,0.9216f,-0.2325f,2.113f,-0.2877f,-0.3244f,-0.9011f,4.3404f,-0.9059f,-0.2131f,0.366f,2.4205f,0f,0f,0f,1f],start_interpolation: 0,interpolation_duration: 1}
$data merge entity $(right_fingers) {transformation: [0.9105f,0.3421f,-0.2325f,2.2345f,-0.334f,0.2765f,-0.9011f,4.4032f,-0.2439f,0.8981f,0.366f,2.6722f,0f,0f,0f,1f],start_interpolation: 0,interpolation_duration: 1}
$data merge entity $(scout) {transformation: [0f,0f,0f,2.1142f,0f,0f,0f,4.2702f,0f,0f,0f,2.5597f,0f,0f,0f,1f],start_interpolation: 0,interpolation_duration: 1}
$data merge entity $(right_hand) {transformation: [0.3053f,-0.9234f,-0.2325f,1.6555f,0.2897f,0.3227f,-0.9011f,4.5601f,0.9071f,0.2078f,0.366f,2.8114f,0f,0f,0f,1f],start_interpolation: 0,interpolation_duration: 1}
$data merge entity $(right_forearm) {transformation: [-0.1467f,-1.3236f,-0.3517f,-0.3445f,0.6955f,0.2327f,-1.1659f,4.8392f,1.1798f,-0.3018f,0.6436f,2.3314f,0f,0f,0f,1f],start_interpolation: 0,interpolation_duration: 1}
$data merge entity $(right_shoulder) {transformation: [-0.0211f,-0.2215f,-1.4492f,-0.5637f,1.011f,1.0474f,-0.1748f,5.918f,1.0617f,-1.0019f,0.1377f,0.8915f,0f,0f,0f,1f],start_interpolation: 0,interpolation_duration: 1}
$data merge entity $(right_arm) {transformation: [-0.0664f,0.1633f,-0.9843f,-0.4873f,0.1888f,0.9707f,0.1484f,6.094f,0.9798f,-0.176f,-0.0953f,0.2871f,0f,0f,0f,1f],start_interpolation: 0,interpolation_duration: 1}
$data merge entity $(left_thumb_2) {transformation: [-0.3456f,-0.6769f,-0.65f,2.0874f,-0.8551f,0.5124f,-0.079f,4.5498f,0.3865f,0.5285f,-0.7559f,-1.8282f,0f,0f,0f,1f],start_interpolation: 0,interpolation_duration: 1}
$data merge entity $(left_thumb) {transformation: [-0.3456f,-0.6595f,0.6676f,1.917f,-0.8551f,-0.0717f,-0.5135f,4.6608f,0.3865f,-0.7483f,-0.5392f,-2.1186f,0f,0f,0f,1f],start_interpolation: 0,interpolation_duration: 1}
$data merge entity $(left_fingers2) {transformation: [0.2301f,0.9407f,0.2493f,2.4149f,0.6848f,0.0255f,-0.7282f,4.5025f,-0.6914f,0.3383f,-0.6384f,-1.8699f,0f,0f,0f,1f],start_interpolation: 0,interpolation_duration: 1}
$data merge entity $(left_fingers) {transformation: [-0.9323f,0.2621f,0.2493f,2.5177f,-0.0021f,0.6853f,-0.7282f,4.6926f,-0.3617f,-0.6795f,-0.6384f,-2.058f,0f,0f,0f,1f],start_interpolation: 0,interpolation_duration: 1}
$data merge entity $(left_hand) {transformation: [-0.2245f,-0.942f,0.2493f,1.949f,-0.6847f,-0.0295f,-0.7282f,4.6388f,0.6934f,-0.3342f,-0.6384f,-2.288f,0f,0f,0f,1f],start_interpolation: 0,interpolation_duration: 1}
$data merge entity $(left_forearm) {transformation: [0.0541f,-1.3521f,0.257f,-0.0756f,-0.2517f,-0.2626f,-1.3285f,4.1846f,1.3531f,0.0053f,-0.2574f,-2.2332f,0f,0f,0f,1f],start_interpolation: 0,interpolation_duration: 1}
$data merge entity $(left_shoulder) {transformation: [0.7062f,-0.4394f,-1.2075f,-0.4301f,-0.502f,1.174f,-0.7208f,5.5379f,1.1828f,0.7606f,0.415f,-1.0808f,0f,0f,0f,1f],start_interpolation: 0,interpolation_duration: 1}
$data merge entity $(left_arm) {transformation: [-0.0664f,0.1633f,-0.9843f,-0.4285f,0.1888f,0.9707f,0.1484f,5.9269f,0.9798f,-0.176f,-0.0953f,-0.5801f,0f,0f,0f,1f],start_interpolation: 0,interpolation_duration: 1}
$data merge entity $(chest) {transformation: [-0.0849f,0.2088f,-1.2585f,-0.787f,0.2414f,1.2411f,0.1897f,4.2624f,1.2527f,-0.225f,-0.1218f,0.1681f,0f,0f,0f,1f],start_interpolation: 0,interpolation_duration: 1}
$data merge entity $(left_cheek) {transformation: [-0.0746f,-0.1014f,-0.992f,-1.2623f,-0.2107f,0.974f,-0.0837f,3.3366f,0.9747f,0.2028f,-0.0941f,-0.2732f,0f,0f,0f,1f],start_interpolation: 0,interpolation_duration: 1}
$data merge entity $(left_foot) {transformation: [0.109f,-0.0224f,-1.0163f,-0.0117f,0.0116f,1.0221f,-0.0213f,-2.7381f,1.0165f,-0.0093f,0.1092f,-1.2005f,0f,0f,0f,1f],start_interpolation: 0,interpolation_duration: 1}
$data merge entity $(left_knee) {transformation: [0.3376f,1.3405f,-2.7095f,1.723f,-0.4269f,2.7202f,1.2925f,1.0918f,2.9926f,0.2368f,0.49f,-0.9386f,0f,0f,0f,1f],start_interpolation: 0,interpolation_duration: 1}
$data merge entity $(left_leg) {transformation: [0.1907f,-1.5075f,-0.8015f,-0.6607f,-0.2411f,0.7746f,-1.5143f,2.3671f,1.6902f,0.2806f,-0.1256f,-0.4151f,0f,0f,0f,1f],start_interpolation: 0,interpolation_duration: 1}
$data merge entity $(right_cheek) {transformation: [-0.1863f,-0.0473f,-0.9813f,-1.4258f,0.2326f,0.9683f,-0.0909f,3.332f,0.9546f,-0.2452f,-0.1694f,0.6105f,0f,0f,0f,1f],start_interpolation: 0,interpolation_duration: 1}
$data merge entity $(right_foot) {transformation: [-0.5598f,0.4554f,-0.7242f,-2.0478f,0.5307f,0.8637f,0.1329f,-2.3859f,0.671f,-0.3031f,-0.7093f,3.8059f,0f,0f,0f,1f],start_interpolation: 0,interpolation_duration: 1}
$data merge entity $(right_knee) {transformation: [-0.9634f,1.9104f,-2.1621f,0.4801f,1.6452f,2.2362f,1.2429f,0.8071f,2.3701f,-0.7758f,-1.7416f,2.7291f,0f,0f,0f,1f],start_interpolation: 0,interpolation_duration: 1}
$data merge entity $(right_leg) {transformation: [-0.5441f,-0.8967f,-1.3606f,-0.894f,0.9292f,1.0076f,-1.0357f,2.4131f,1.3386f,-1.0639f,0.1659f,0.964f,0f,0f,0f,1f],start_interpolation: 0,interpolation_duration: 1}
$data merge entity $(weist) {transformation: [-0.2704f,-0.082f,-1.5975f,-0.9766f,0.0534f,1.6188f,-0.0922f,4.0306f,1.5988f,-0.0679f,-0.2671f,0.186f,0f,0f,0f,1f],start_interpolation: 0,interpolation_duration: 1}
data modify storage animated_java:temp entry.data merge value {"locators":{"consume":{"px":2.2537126041,"py":4.2396132414,"pz":2.4677706642,"ry":212.4288526209,"rx":-64.3037090055}}}
# Data Manager: Prepare for Read / Write
execute store result storage animated_java:temp args.id int 1 run scoreboard players get @s aj.id
# Data Manager: Write
function animated_java:global/data_manager/write with storage animated_java:temp args
execute unless entity @s[tag=aj.transforms_only] at @s run function animated_java:female/animations/ghost_kick_run/zzz/frames/12_root_function