# This file was generated by Animated Java via MC-Build. It is not recommended to edit this file directly.
$data merge entity $(neck) {transformation: [-0.0951f,0.3038f,-0.948f,-0.5019f,0.1773f,0.9422f,0.2842f,6.0717f,0.9795f,-0.1411f,-0.1435f,-0.1236f,0f,0f,0f,1f],start_interpolation: 0,interpolation_duration: 1}
$data merge entity $(right_thumb_2) {transformation: [0.6891f,-0.3185f,-0.6509f,1.9028f,0.4787f,0.8745f,0.0789f,4.3796f,0.5441f,-0.3659f,0.755f,1.9822f,0f,0f,0f,1f],start_interpolation: 0,interpolation_duration: 1}
$data merge entity $(right_thumb) {transformation: [0.6891f,-0.6607f,0.2977f,1.7882f,0.4787f,0.1065f,-0.8715f,4.4972f,0.5441f,0.7431f,0.3896f,2.2964f,0f,0f,0f,1f],start_interpolation: 0,interpolation_duration: 1}
$data merge entity $(right_fingers2) {transformation: [-0.4938f,0.8508f,-0.1796f,2.1625f,-0.3237f,-0.3715f,-0.8702f,4.1699f,-0.8071f,-0.3716f,0.4588f,1.998f,0f,0f,0f,1f],start_interpolation: 0,interpolation_duration: 1}
$data merge entity $(right_fingers) {transformation: [0.8395f,0.5129f,-0.1796f,2.331f,-0.3787f,0.3152f,-0.8702f,4.2427f,-0.3897f,0.7985f,0.4588f,2.2179f,0f,0f,0f,1f],start_interpolation: 0,interpolation_duration: 1}
$data merge entity $(scout) {transformation: [0f,0f,0f,2.1878f,0f,0f,0f,4.1081f,0f,0f,0f,2.1391f,0f,0f,0f,1f],start_interpolation: 0,interpolation_duration: 1}
$data merge entity $(right_hand) {transformation: [0.4825f,-0.8573f,-0.1796f,1.7941f,0.3285f,0.3672f,-0.8702f,4.4282f,0.8119f,0.3609f,0.4588f,2.4558f,0f,0f,0f,1f],start_interpolation: 0,interpolation_duration: 1}
$data merge entity $(right_forearm) {transformation: [0.0965f,-1.3466f,-0.2731f,-0.2478f,0.7167f,0.2829f,-1.1417f,4.7828f,1.1722f,-0.0621f,0.7205f,2.3398f,0f,0f,0f,1f],start_interpolation: 0,interpolation_duration: 1}
$data merge entity $(right_shoulder) {transformation: [0.2445f,-0.2158f,-1.4295f,-0.5142f,1.0128f,1.0601f,0.0132f,5.8708f,1.0317f,-0.9896f,0.3259f,0.9148f,0f,0f,0f,1f],start_interpolation: 0,interpolation_duration: 1}
$data merge entity $(right_arm) {transformation: [-0.0056f,0.1816f,-0.9834f,-0.4667f,0.1211f,0.9762f,0.1796f,6.0868f,0.9926f,-0.1181f,-0.0275f,0.3206f,0f,0f,0f,1f],start_interpolation: 0,interpolation_duration: 1}
$data merge entity $(left_thumb_2) {transformation: [-0.5242f,-0.6129f,-0.5913f,1.9482f,-0.7858f,0.6157f,0.0585f,4.19f,0.3282f,0.4953f,-0.8044f,-1.6232f,0f,0f,0f,1f],start_interpolation: 0,interpolation_duration: 1}
$data merge entity $(left_thumb) {transformation: [-0.5242f,-0.6103f,0.5939f,1.8211f,-0.7858f,0.078f,-0.6135f,4.3402f,0.3282f,-0.7883f,-0.5205f,-1.9181f,0f,0f,0f,1f],start_interpolation: 0,interpolation_duration: 1}
$data merge entity $(left_fingers2) {transformation: [0.4084f,0.9007f,0.1485f,2.2632f,0.6482f,-0.1716f,-0.7419f,4.081f,-0.6427f,0.3992f,-0.6538f,-1.6468f,0f,0f,0f,1f],start_interpolation: 0,interpolation_duration: 1}
$data merge entity $(left_fingers) {transformation: [-0.8912f,0.4286f,0.1485f,2.4115f,0.1861f,0.6441f,-0.7419f,4.2538f,-0.4136f,-0.6336f,-0.6538f,-1.8204f,0f,0f,0f,1f],start_interpolation: 0,interpolation_duration: 1}
$data merge entity $(left_hand) {transformation: [-0.3965f,-0.906f,0.1485f,1.8597f,-0.6504f,0.163f,-0.7419f,4.3179f,0.6479f,-0.3907f,-0.6538f,-2.0861f,0f,0f,0f,1f],start_interpolation: 0,interpolation_duration: 1}
$data merge entity $(left_forearm) {transformation: [-0.1039f,-1.3729f,0.0377f,-0.2109f,-0.2836f,-0.0155f,-1.3478f,4.2336f,1.3438f,-0.1095f,-0.2815f,-2.2053f,0f,0f,0f,1f],start_interpolation: 0,interpolation_duration: 1}
$data merge entity $(left_shoulder) {transformation: [0.5247f,-0.3611f,-1.3207f,-0.5028f,-0.5783f,1.2235f,-0.5643f,5.6269f,1.241f,0.7228f,0.2954f,-1.0833f,0f,0f,0f,1f],start_interpolation: 0,interpolation_duration: 1}
$data merge entity $(left_arm) {transformation: [-0.0056f,0.1816f,-0.9834f,-0.4617f,0.1211f,0.9762f,0.1796f,5.9796f,0.9926f,-0.1181f,-0.0275f,-0.558f,0f,0f,0f,1f],start_interpolation: 0,interpolation_duration: 1}
$data merge entity $(chest) {transformation: [-0.0072f,0.2322f,-1.2573f,-0.8263f,0.1549f,1.2482f,0.2296f,4.2763f,1.2691f,-0.151f,-0.0352f,0.0936f,0f,0f,0f,1f],start_interpolation: 0,interpolation_duration: 1}
$data merge entity $(left_cheek) {transformation: [0.0795f,-0.1745f,-0.9814f,-1.3566f,-0.2006f,0.9616f,-0.1873f,3.297f,0.9764f,0.2118f,0.0415f,-0.3384f,0f,0f,0f,1f],start_interpolation: 0,interpolation_duration: 1}
$data merge entity $(left_foot) {transformation: [0.1891f,-0.0732f,-1.0021f,0.1477f,0.1072f,1.0153f,-0.0539f,-2.6403f,0.999f,-0.0951f,0.1955f,-0.9558f,0f,0f,0f,1f],start_interpolation: 0,interpolation_duration: 1}
$data merge entity $(left_knee) {transformation: [0.5955f,1.232f,-2.7165f,1.7246f,-0.1591f,2.7793f,1.2256f,1.261f,2.9786f,-0.0979f,0.6085f,-1.1519f,0f,0f,0f,1f],start_interpolation: 0,interpolation_duration: 1}
$data merge entity $(left_leg) {transformation: [0.3363f,-1.5409f,-0.6811f,-0.71f,-0.0898f,0.6771f,-1.5763f,2.3883f,1.6823f,0.3442f,0.052f,-0.5319f,0f,0f,0f,1f],start_interpolation: 0,interpolation_duration: 1}
$data merge entity $(right_cheek) {transformation: [-0.1661f,-0.1373f,-0.9765f,-1.4216f,0.3543f,0.9158f,-0.189f,3.2898f,0.9203f,-0.3773f,-0.1035f,0.4476f,0f,0f,0f,1f],start_interpolation: 0,interpolation_duration: 1}
$data merge entity $(right_foot) {transformation: [-0.5948f,0.2244f,-0.8007f,-1.8719f,0.4055f,0.9377f,-0.0384f,-2.094f,0.726f,-0.3399f,-0.6345f,4.0253f,0f,0f,0f,1f],start_interpolation: 0,interpolation_duration: 1}
$data merge entity $(right_knee) {transformation: [-0.7978f,1.928f,-2.2133f,0.6831f,1.8114f,2.1281f,1.2008f,0.9525f,2.3096f,-1.0031f,-1.7064f,2.6335f,0f,0f,0f,1f],start_interpolation: 0,interpolation_duration: 1}
$data merge entity $(right_leg) {transformation: [-0.4506f,-0.977f,-1.3394f,-0.8241f,1.0231f,0.9283f,-1.0213f,2.427f,1.3045f,-1.0655f,0.3383f,0.8623f,0f,0f,0f,1f],start_interpolation: 0,interpolation_duration: 1}
$data merge entity $(weist) {transformation: [-0.1322f,-0.1352f,-1.6113f,-1.0214f,0.0448f,1.6157f,-0.1393f,4.0415f,1.6163f,-0.0559f,-0.128f,0.0991f,0f,0f,0f,1f],start_interpolation: 0,interpolation_duration: 1}
data modify storage animated_java:temp entry.data merge value {"locators":{"consume":{"px":2.3060956362,"py":4.067391151,"pz":2.024150367,"ry":201.3761628787,"rx":-60.4795454021}}}
# Data Manager: Prepare for Read / Write
execute store result storage animated_java:temp args.id int 1 run scoreboard players get @s aj.id
# Data Manager: Write
function animated_java:global/data_manager/write with storage animated_java:temp args