# This file was generated by Animated Java via MC-Build. It is not recommended to edit this file directly.
$data merge entity $(neck) {transformation: [-0.0387f,0.3599f,-0.9322f,-0.4771f,0.0974f,0.9298f,0.3549f,6.1175f,0.9945f,-0.0771f,-0.0711f,-0.0174f,0f,0f,0f,1f],start_interpolation: 0,interpolation_duration: 1}
$data merge entity $(right_thumb_2) {transformation: [0.8119f,-0.3527f,-0.4652f,1.7846f,0.4737f,0.8637f,0.172f,4.163f,0.3411f,-0.3601f,0.8683f,1.7474f,0f,0f,0f,1f],start_interpolation: 0,interpolation_duration: 1}
$data merge entity $(right_thumb) {transformation: [0.8119f,-0.4829f,0.328f,1.745f,0.4737f,0.2166f,-0.8536f,4.315f,0.3411f,0.8485f,0.4046f,2.0652f,0f,0f,0f,1f],start_interpolation: 0,interpolation_duration: 1}
$data merge entity $(right_fingers2) {transformation: [-0.6772f,0.7251f,-0.1252f,2.0298f,-0.3504f,-0.4673f,-0.8117f,3.9357f,-0.6471f,-0.5058f,0.5705f,1.7293f,0f,0f,0f,1f],start_interpolation: 0,interpolation_duration: 1}
$data merge entity $(right_fingers) {transformation: [0.719f,0.6837f,-0.1252f,2.244f,-0.4704f,0.3461f,-0.8117f,4.0151f,-0.5116f,0.6425f,0.5705f,1.9021f,0f,0f,0f,1f],start_interpolation: 0,interpolation_duration: 1}
$data merge entity $(scout) {transformation: [0f,0f,0f,2.0803f,0f,0f,0f,3.8852f,0f,0f,0f,1.8684f,0f,0f,0f,1f],start_interpolation: 0,interpolation_duration: 1}
$data merge entity $(right_hand) {transformation: [0.6613f,-0.7396f,-0.1252f,1.7809f,0.3604f,0.4596f,-0.8117f,4.2597f,0.6579f,0.4917f,0.5705f,2.226f,0f,0f,0f,1f],start_interpolation: 0,interpolation_duration: 1}
$data merge entity $(right_forearm) {transformation: [0.3799f,-1.3048f,-0.2245f,-0.208f,0.757f,0.4057f,-1.0768f,4.7999f,1.0862f,0.1736f,0.829f,2.4724f,0f,0f,0f,1f],start_interpolation: 0,interpolation_duration: 1}
$data merge entity $(right_shoulder) {transformation: [0.56f,-0.1451f,-1.3473f,-0.4545f,1.0094f,1.0173f,0.31f,5.8269f,0.9041f,-1.0458f,0.4885f,0.9994f,0f,0f,0f,1f],start_interpolation: 0,interpolation_duration: 1}
$data merge entity $(right_arm) {transformation: [0.0496f,0.2434f,-0.9687f,-0.4202f,0.0331f,0.9689f,0.2452f,6.091f,0.9982f,-0.0442f,0.04f,0.424f,0f,0f,0f,1f],start_interpolation: 0,interpolation_duration: 1}
$data merge entity $(left_thumb_2) {transformation: [-0.7398f,-0.5066f,-0.4429f,1.6072f,-0.6463f,0.7181f,0.2582f,3.7632f,0.1872f,0.4772f,-0.8586f,-1.4592f,0f,0f,0f,1f],start_interpolation: 0,interpolation_duration: 1}
$data merge entity $(left_thumb) {transformation: [-0.7398f,-0.4685f,0.4829f,1.5594f,-0.6463f,0.2951f,-0.7037f,3.9638f,0.1872f,-0.8327f,-0.5211f,-1.7475f,0f,0f,0f,1f],start_interpolation: 0,interpolation_duration: 1}
$data merge entity $(left_fingers2) {transformation: [0.6425f,0.7654f,0.0379f,1.885f,0.5631f,-0.438f,-0.7008f,3.5762f,-0.5198f,0.4716f,-0.7123f,-1.462f,0f,0f,0f,1f],start_interpolation: 0,interpolation_duration: 1}
$data merge entity $(left_fingers) {transformation: [-0.7595f,0.6494f,0.0379f,2.0918f,0.443f,0.5591f,-0.7008f,3.7179f,-0.4762f,-0.5155f,-0.7123f,-1.6007f,0f,0f,0f,1f],start_interpolation: 0,interpolation_duration: 1}
$data merge entity $(left_hand) {transformation: [-0.6258f,-0.7791f,0.0379f,1.6118f,-0.5724f,0.4257f,-0.7008f,3.9455f,0.5299f,-0.4602f,-0.7123f,-1.9122f,0f,0f,0f,1f],start_interpolation: 0,interpolation_duration: 1}
$data merge entity $(left_forearm) {transformation: [-0.3349f,-1.306f,-0.2814f,-0.3792f,-0.3516f,0.3661f,-1.2804f,4.4356f,1.2889f,-0.2395f,-0.4225f,-2.2347f,0f,0f,0f,1f],start_interpolation: 0,interpolation_duration: 1}
$data merge entity $(left_shoulder) {transformation: [0.2327f,-0.2198f,-1.4309f,-0.5543f,-0.7734f,1.2062f,-0.3111f,5.7603f,1.2237f,0.8041f,0.0755f,-1.01f,0f,0f,0f,1f],start_interpolation: 0,interpolation_duration: 1}
$data merge entity $(left_arm) {transformation: [0.0496f,0.2434f,-0.9687f,-0.464f,0.0331f,0.9689f,0.2452f,6.0617f,0.9982f,-0.0442f,0.04f,-0.4596f,0f,0f,0f,1f],start_interpolation: 0,interpolation_duration: 1}
$data merge entity $(chest) {transformation: [0.0634f,0.3112f,-1.2385f,-0.9152f,0.0423f,1.2388f,0.3135f,4.335f,1.2763f,-0.0565f,0.0511f,0.0634f,0f,0f,0f,1f],start_interpolation: 0,interpolation_duration: 1}
$data merge entity $(left_cheek) {transformation: [0.1098f,-0.2126f,-0.971f,-1.4921f,-0.2f,0.9521f,-0.2311f,3.3041f,0.9736f,0.2196f,0.062f,-0.315f,0f,0f,0f,1f],start_interpolation: 0,interpolation_duration: 1}
$data merge entity $(left_foot) {transformation: [0.2122f,-0.0883f,-0.9962f,0.1041f,0.1119f,1.0141f,-0.0661f,-2.4918f,0.9938f,-0.0953f,0.2201f,-0.9948f,0f,0f,0f,1f],start_interpolation: 0,interpolation_duration: 1}
$data merge entity $(left_knee) {transformation: [0.6688f,1.2134f,-2.7079f,1.6535f,-0.1657f,2.7867f,1.2078f,1.4192f,2.9627f,-0.1181f,0.6788f,-1.2155f,0f,0f,0f,1f],start_interpolation: 0,interpolation_duration: 1}
$data merge entity $(left_leg) {transformation: [0.3777f,-1.5632f,-0.6043f,-0.8174f,-0.0936f,0.5988f,-1.6075f,2.4218f,1.6733f,0.3864f,0.0465f,-0.5282f,0f,0f,0f,1f],start_interpolation: 0,interpolation_duration: 1}
$data merge entity $(right_cheek) {transformation: [-0.188f,-0.1811f,-0.9653f,-1.5201f,0.3651f,0.8995f,-0.2399f,3.4038f,0.9118f,-0.3976f,-0.103f,0.4646f,0f,0f,0f,1f],start_interpolation: 0,interpolation_duration: 1}
$data merge entity $(right_foot) {transformation: [-0.6026f,0.0135f,-0.8258f,-2.0358f,0.1687f,1.0027f,-0.1067f,-2.133f,0.8085f,-0.1991f,-0.5932f,3.9432f,0f,0f,0f,1f],start_interpolation: 0,interpolation_duration: 1}
$data merge entity $(right_knee) {transformation: [-0.6958f,1.9417f,-2.2355f,0.5402f,1.7568f,2.1193f,1.294f,0.9035f,2.3836f,-0.9951f,-1.6063f,2.5686f,0f,0f,0f,1f],start_interpolation: 0,interpolation_duration: 1}
$data merge entity $(right_leg) {transformation: [-0.393f,-0.9321f,-1.3886f,-0.8961f,0.9922f,1.0183f,-0.9644f,2.5218f,1.3463f,-1.0226f,0.3054f,0.8654f,0f,0f,0f,1f],start_interpolation: 0,interpolation_duration: 1}
$data merge entity $(weist) {transformation: [-0.0913f,-0.1488f,-1.6129f,-1.125f,0.1159f,1.6107f,-0.1551f,4.0994f,1.6156f,-0.124f,-0.08f,0.0367f,0f,0f,0f,1f],start_interpolation: 0,interpolation_duration: 1}
data modify storage animated_java:temp entry.data merge value {"locators":{"consume":{"px":2.1689627541,"py":3.8260841933,"pz":1.7360855449,"ry":192.3734208857,"rx":-54.2645922198}}}
# Data Manager: Prepare for Read / Write
execute store result storage animated_java:temp args.id int 1 run scoreboard players get @s aj.id
# Data Manager: Write
function animated_java:global/data_manager/write with storage animated_java:temp args