# This file was generated by Animated Java via MC-Build. It is not recommended to edit this file directly.
$data merge entity $(neck) {transformation: [0f,0.4023f,-0.9155f,-0.5207f,0.0699f,0.9133f,0.4013f,6.1818f,0.9976f,-0.064f,-0.0281f,-0.0209f,0f,0f,0f,1f],start_interpolation: 0,interpolation_duration: 1}
$data merge entity $(right_thumb_2) {transformation: [0.8696f,-0.3877f,-0.3058f,1.6221f,0.4629f,0.8556f,0.2316f,4.1186f,0.1719f,-0.343f,0.9235f,1.5584f,0f,0f,0f,1f],start_interpolation: 0,interpolation_duration: 1}
$data merge entity $(right_thumb) {transformation: [0.8696f,-0.3339f,0.3638f,1.6385f,0.4629f,0.2948f,-0.8359f,4.2938f,0.1719f,0.8953f,0.411f,1.8661f,0f,0f,0f,1f],start_interpolation: 0,interpolation_duration: 1}
$data merge entity $(right_fingers2) {transformation: [-0.7901f,0.6103f,-0.0575f,1.8533f,-0.3594f,-0.5372f,-0.7631f,3.8785f,-0.4966f,-0.5823f,0.6437f,1.5181f,0f,0f,0f,1f],start_interpolation: 0,interpolation_duration: 1}
$data merge entity $(right_fingers) {transformation: [0.6151f,0.7863f,-0.0575f,2.0943f,-0.5349f,0.3627f,-0.7631f,3.9612f,-0.5792f,0.5002f,0.6437f,1.6491f,0f,0f,0f,1f],start_interpolation: 0,interpolation_duration: 1}
$data merge entity $(scout) {transformation: [0f,0f,0f,1.9231f,0f,0f,0f,3.8368f,0f,0f,0f,1.6519f,0f,0f,0f,1f],start_interpolation: 0,interpolation_duration: 1}
$data merge entity $(right_hand) {transformation: [0.7707f,-0.6346f,-0.0575f,1.6981f,0.3759f,0.5257f,-0.7631f,4.2485f,0.5145f,0.5665f,0.6437f,2.0229f,0f,0f,0f,1f],start_interpolation: 0,interpolation_duration: 1}
$data merge entity $(right_forearm) {transformation: [0.5698f,-1.2434f,-0.1628f,-0.204f,0.7827f,0.4923f,-1.0209f,4.9202f,0.9798f,0.3298f,0.9102f,2.5119f,0f,0f,0f,1f],start_interpolation: 0,interpolation_duration: 1}
$data merge entity $(right_shoulder) {transformation: [0.7587f,-0.1307f,-1.2478f,-0.4761f,0.9971f,0.9479f,0.507f,5.8586f,0.7616f,-1.1109f,0.5794f,0.9853f,0f,0f,0f,1f],start_interpolation: 0,interpolation_duration: 1}
$data merge entity $(right_arm) {transformation: [0.0875f,0.2912f,-0.9526f,-0.4491f,-0.0007f,0.9563f,0.2923f,6.1386f,0.9962f,-0.0249f,0.0839f,0.417f,0f,0f,0f,1f],start_interpolation: 0,interpolation_duration: 1}
$data merge entity $(left_thumb_2) {transformation: [-0.8589f,-0.409f,-0.3081f,1.1943f,-0.5024f,0.7894f,0.3528f,3.5196f,0.099f,0.4578f,-0.8835f,-1.4608f,0f,0f,0f,1f],start_interpolation: 0,interpolation_duration: 1}
$data merge entity $(left_thumb) {transformation: [-0.8589f,-0.3378f,0.3849f,1.2076f,-0.5024f,0.4107f,-0.7608f,3.737f,0.099f,-0.8469f,-0.5225f,-1.7405f,0f,0f,0f,1f],start_interpolation: 0,interpolation_duration: 1}
$data merge entity $(left_fingers2) {transformation: [0.783f,0.6209f,-0.0372f,1.431f,0.4441f,-0.5999f,-0.6655f,3.2817f,-0.4355f,0.5046f,-0.7455f,-1.4533f,0f,0f,0f,1f],start_interpolation: 0,interpolation_duration: 1}
$data merge entity $(left_fingers) {transformation: [-0.6257f,0.7792f,-0.0372f,1.6704f,0.5972f,0.4478f,-0.6655f,3.3876f,-0.5019f,-0.4386f,-0.7455f,-1.5696f,0f,0f,0f,1f],start_interpolation: 0,interpolation_duration: 1}
$data merge entity $(left_hand) {transformation: [-0.7633f,-0.6449f,-0.0372f,1.2688f,-0.4625f,0.5858f,-0.6655f,3.7156f,0.451f,-0.4908f,-0.7455f,-1.9017f,0f,0f,0f,1f],start_interpolation: 0,interpolation_duration: 1}
$data merge entity $(left_forearm) {transformation: [-0.4939f,-1.1915f,-0.4832f,-0.5637f,-0.3545f,0.6238f,-1.1757f,4.5975f,1.2359f,-0.2972f,-0.5304f,-2.3173f,0f,0f,0f,1f],start_interpolation: 0,interpolation_duration: 1}
$data merge entity $(left_shoulder) {transformation: [0.0047f,-0.112f,-1.4619f,-0.6523f,-0.8695f,1.1769f,-0.093f,5.8601f,1.1806f,0.8672f,-0.0627f,-1.0199f,0f,0f,0f,1f],start_interpolation: 0,interpolation_duration: 1}
$data merge entity $(left_arm) {transformation: [0.0875f,0.2912f,-0.9526f,-0.5266f,-0.0007f,0.9563f,0.2923f,6.1392f,0.9962f,-0.0249f,0.0839f,-0.4647f,0f,0f,0f,1f],start_interpolation: 0,interpolation_duration: 1}
$data merge entity $(chest) {transformation: [0.1119f,0.3723f,-1.218f,-1.0468f,-0.001f,1.2227f,0.3737f,4.4219f,1.2736f,-0.0318f,0.1073f,0.024f,0f,0f,0f,1f],start_interpolation: 0,interpolation_duration: 1}
$data merge entity $(left_cheek) {transformation: [0.1251f,-0.2456f,-0.9613f,-1.6621f,-0.2051f,0.9415f,-0.2673f,3.3345f,0.9707f,0.2306f,0.0674f,-0.2535f,0f,0f,0f,1f],start_interpolation: 0,interpolation_duration: 1}
$data merge entity $(left_foot) {transformation: [0.2331f,-0.0948f,-0.9909f,-0.0129f,0.0947f,1.0152f,-0.0748f,-2.307f,0.9909f,-0.0748f,0.2403f,-1.0891f,0f,0f,0f,1f],start_interpolation: 0,interpolation_duration: 1}
$data merge entity $(left_knee) {transformation: [0.7327f,1.2124f,-2.6917f,1.534f,-0.2346f,2.7885f,1.1921f,1.6079f,2.9428f,-0.0795f,0.7652f,-1.2523f,0f,0f,0f,1f],start_interpolation: 0,interpolation_duration: 1}
$data merge entity $(left_leg) {transformation: [0.4138f,-1.5806f,-0.531f,-0.9654f,-0.1325f,0.5142f,-1.6338f,2.4741f,1.6621f,0.4345f,0.0019f,-0.4871f,0f,0f,0f,1f],start_interpolation: 0,interpolation_duration: 1}
$data merge entity $(right_cheek) {transformation: [-0.1583f,-0.1557f,-0.975f,-1.6488f,0.396f,0.8946f,-0.2071f,3.5469f,0.9045f,-0.4189f,-0.0799f,0.4497f,0f,0f,0f,1f],start_interpolation: 0,interpolation_duration: 1}
$data merge entity $(right_foot) {transformation: [-0.5344f,-0.0165f,-0.8714f,-2.2987f,0.1429f,1.0067f,-0.1067f,-1.9372f,0.8598f,-0.1776f,-0.5239f,3.991f,0f,0f,0f,1f],start_interpolation: 0,interpolation_duration: 1}
$data merge entity $(right_knee) {transformation: [-0.5591f,2.0123f,-2.2114f,0.3799f,1.7788f,2.0321f,1.3994f,0.9836f,2.4032f,-1.036f,-1.5503f,2.5626f,0f,0f,0f,1f],start_interpolation: 0,interpolation_duration: 1}
$data merge entity $(right_leg) {transformation: [-0.3158f,-0.9086f,-1.4235f,-1.0208f,1.0047f,1.0629f,-0.9013f,2.671f,1.3573f,-0.9981f,0.336f,0.8973f,0f,0f,0f,1f],start_interpolation: 0,interpolation_duration: 1}
$data merge entity $(weist) {transformation: [-0.0642f,-0.1592f,-1.6132f,-1.272f,0.2283f,1.5975f,-0.1668f,4.1859f,1.6049f,-0.2336f,-0.0409f,-0.0356f,0f,0f,0f,1f],start_interpolation: 0,interpolation_duration: 1}
data modify storage animated_java:temp entry.data merge value {"locators":{"consume":{"px":1.9871502949,"py":3.7645142367,"pz":1.5121223174,"ry":185.1023915105,"rx":-49.7386433284}}}
# Data Manager: Prepare for Read / Write
execute store result storage animated_java:temp args.id int 1 run scoreboard players get @s aj.id
# Data Manager: Write
function animated_java:global/data_manager/write with storage animated_java:temp args