# This file was generated by Animated Java via MC-Build. It is not recommended to edit this file directly.
$data merge entity $(neck) {transformation: [0.0252f,0.441f,-0.8972f,-0.5748f,0.0664f,0.8947f,0.4416f,6.2411f,0.9975f,-0.0706f,-0.0067f,-0.0627f,0f,0f,0f,1f],start_interpolation: 0,interpolation_duration: 1}
$data merge entity $(right_thumb_2) {transformation: [0.8907f,-0.3938f,-0.2273f,1.5473f,0.4365f,0.8803f,0.1855f,4.0982f,0.127f,-0.2644f,0.956f,1.3389f,0f,0f,0f,1f],start_interpolation: 0,interpolation_duration: 1}
$data merge entity $(right_thumb) {transformation: [0.8907f,-0.2654f,0.3692f,1.5888f,0.4365f,0.2723f,-0.8575f,4.2626f,0.127f,0.9249f,0.3584f,1.6502f,0f,0f,0f,1f],start_interpolation: 0,interpolation_duration: 1}
$data merge entity $(right_fingers2) {transformation: [-0.8385f,0.5438f,-0.0355f,1.7676f,-0.3158f,-0.5379f,-0.7816f,3.852f,-0.4441f,-0.6441f,0.6228f,1.2745f,0f,0f,0f,1f],start_interpolation: 0,interpolation_duration: 1}
$data merge entity $(right_fingers) {transformation: [0.5629f,0.8258f,-0.0355f,2.0185f,-0.5306f,0.328f,-0.7816f,3.9248f,-0.6338f,0.4587f,0.6228f,1.3919f,0f,0f,0f,1f],start_interpolation: 0,interpolation_duration: 1}
$data merge entity $(scout) {transformation: [0f,0f,0f,1.8444f,0f,0f,0f,3.8051f,0f,0f,0f,1.4029f,0f,0f,0f,1f],start_interpolation: 0,interpolation_duration: 1}
$data merge entity $(right_hand) {transformation: [0.8151f,-0.5782f,-0.0355f,1.6578f,0.3379f,0.5243f,-0.7816f,4.2106f,0.4705f,0.6251f,0.6228f,1.801f,0f,0f,0f,1f],start_interpolation: 0,interpolation_duration: 1}
$data merge entity $(right_forearm) {transformation: [0.6427f,-1.21f,-0.1411f,-0.1964f,0.7311f,0.5107f,-1.0497f,4.9111f,0.9745f,0.4149f,0.8806f,2.4173f,0f,0f,0f,1f],start_interpolation: 0,interpolation_duration: 1}
$data merge entity $(right_shoulder) {transformation: [0.826f,-0.1613f,-1.2006f,-0.5209f,0.9481f,0.9906f,0.5192f,5.9111f,0.754f,-1.0689f,0.6624f,0.9408f,0f,0f,0f,1f],start_interpolation: 0,interpolation_duration: 1}
$data merge entity $(right_arm) {transformation: [0.1115f,0.3348f,-0.9357f,-0.4947f,-0.0099f,0.9419f,0.3358f,6.1924f,0.9937f,-0.0282f,0.1083f,0.3732f,0f,0f,0f,1f],start_interpolation: 0,interpolation_duration: 1}
$data merge entity $(left_thumb_2) {transformation: [-0.8842f,-0.3932f,-0.2521f,1.0088f,-0.4634f,0.8061f,0.3681f,3.5854f,0.0585f,0.4422f,-0.895f,-1.5684f,0f,0f,0f,1f],start_interpolation: 0,interpolation_duration: 1}
$data merge entity $(left_thumb) {transformation: [-0.8842f,-0.29f,0.3661f,1.0414f,-0.4634f,0.4465f,-0.7654f,3.8085f,0.0585f,-0.8465f,-0.5292f,-1.842f,0f,0f,0f,1f],start_interpolation: 0,interpolation_duration: 1}
$data merge entity $(left_fingers2) {transformation: [0.8251f,0.5632f,-0.0454f,1.2323f,0.4071f,-0.6482f,-0.6435f,3.3339f,-0.3919f,0.5124f,-0.7641f,-1.559f,0f,0f,0f,1f],start_interpolation: 0,interpolation_duration: 1}
$data merge entity $(left_fingers) {transformation: [-0.582f,0.8119f,-0.0454f,1.4797f,0.6387f,0.4218f,-0.6435f,3.4314f,-0.5033f,-0.4035f,-0.7641f,-1.6654f,0f,0f,0f,1f],start_interpolation: 0,interpolation_duration: 1}
$data merge entity $(left_hand) {transformation: [-0.8009f,-0.597f,-0.0454f,1.107f,-0.4337f,0.6307f,-0.6435f,3.7881f,0.4129f,-0.4957f,-0.7641f,-2.0016f,0f,0f,0f,1f],start_interpolation: 0,interpolation_duration: 1}
$data merge entity $(left_forearm) {transformation: [-0.5516f,-1.1596f,-0.4982f,-0.6804f,-0.4057f,0.6778f,-1.1283f,4.7509f,1.1951f,-0.3051f,-0.613f,-2.4337f,0f,0f,0f,1f],start_interpolation: 0,interpolation_duration: 1}
$data merge entity $(left_shoulder) {transformation: [-0.0789f,-0.0788f,-1.462f,-0.7453f,-0.9422f,1.1234f,-0.0097f,5.931f,1.1207f,0.9389f,-0.1111f,-1.0595f,0f,0f,0f,1f],start_interpolation: 0,interpolation_duration: 1}
$data merge entity $(left_arm) {transformation: [0.1115f,0.3348f,-0.9357f,-0.5934f,-0.0099f,0.9419f,0.3358f,6.2011f,0.9937f,-0.0282f,0.1083f,-0.5064f,0f,0f,0f,1f],start_interpolation: 0,interpolation_duration: 1}
$data merge entity $(chest) {transformation: [0.1425f,0.428f,-1.1963f,-1.181f,-0.0127f,1.2042f,0.4293f,4.5073f,1.2705f,-0.036f,0.1385f,-0.012f,0f,0f,0f,1f],start_interpolation: 0,interpolation_duration: 1}
$data merge entity $(left_cheek) {transformation: [0.1257f,-0.26f,-0.9574f,-1.8154f,-0.1995f,0.9387f,-0.2811f,3.399f,0.9718f,0.2263f,0.0661f,-0.2338f,0f,0f,0f,1f],start_interpolation: 0,interpolation_duration: 1}
$data merge entity $(left_foot) {transformation: [0.2516f,-0.095f,-0.9864f,-0.1649f,0.0788f,1.0164f,-0.0778f,-2.1477f,0.9878f,-0.0569f,0.2575f,-1.1823f,0f,0f,0f,1f],start_interpolation: 0,interpolation_duration: 1}
$data merge entity $(left_knee) {transformation: [0.7864f,1.2233f,-2.6716f,1.3963f,-0.2942f,2.7845f,1.1884f,1.7631f,2.9236f,-0.0488f,0.8382f,-1.2995f,0f,0f,0f,1f],start_interpolation: 0,interpolation_duration: 1}
$data merge entity $(left_leg) {transformation: [0.4441f,-1.5862f,-0.4881f,-1.112f,-0.1662f,0.4602f,-1.6468f,2.5417f,1.6512f,0.473f,-0.0345f,-0.4721f,0f,0f,0f,1f],start_interpolation: 0,interpolation_duration: 1}
$data merge entity $(right_cheek) {transformation: [-0.121f,-0.1177f,-0.9856f,-1.7776f,0.4066f,0.8999f,-0.1574f,3.677f,0.9055f,-0.4199f,-0.0611f,0.4204f,0f,0f,0f,1f],start_interpolation: 0,interpolation_duration: 1}
$data merge entity $(right_foot) {transformation: [-0.4548f,0.0108f,-0.9156f,-2.5359f,0.1563f,1.0082f,-0.0658f,-1.7842f,0.9022f,-0.1692f,-0.4502f,3.9831f,0f,0f,0f,1f],start_interpolation: 0,interpolation_duration: 1}
$data merge entity $(right_knee) {transformation: [-0.439f,2.0656f,-2.1892f,0.2208f,1.7758f,1.9641f,1.4971f,1.0463f,2.4302f,-1.062f,-1.4894f,2.5221f,0f,0f,0f,1f],start_interpolation: 0,interpolation_duration: 1}
$data merge entity $(right_leg) {transformation: [-0.2479f,-0.8886f,-1.4493f,-1.15f,1.003f,1.1061f,-0.8498f,2.8015f,1.3726f,-0.9687f,0.3591f,0.9025f,0f,0f,0f,1f],start_interpolation: 0,interpolation_duration: 1}
$data merge entity $(weist) {transformation: [-0.044f,-0.1674f,-1.6131f,-1.4182f,0.3012f,1.5848f,-0.1727f,4.2715f,1.5935f,-0.3041f,-0.0119f,-0.0951f,0f,0f,0f,1f],start_interpolation: 0,interpolation_duration: 1}
data modify storage animated_java:temp entry.data merge value {"locators":{"consume":{"px":1.8964803108,"py":3.735635923,"pz":1.2568655396,"ry":183.2601297638,"rx":-51.406836504}}}
# Data Manager: Prepare for Read / Write
execute store result storage animated_java:temp args.id int 1 run scoreboard players get @s aj.id
# Data Manager: Write
function animated_java:global/data_manager/write with storage animated_java:temp args