# This file was generated by Animated Java via MC-Build. It is not recommended to edit this file directly.
$data merge entity $(neck) {transformation: [0.054f,0.4742f,-0.8788f,-0.5944f,0.0894f,0.8742f,0.4773f,6.2653f,0.9945f,-0.1043f,0.0048f,-0.132f,0f,0f,0f,1f],start_interpolation: 0,interpolation_duration: 1}
$data merge entity $(right_thumb_2) {transformation: [0.8999f,-0.3895f,-0.196f,1.5843f,0.4146f,0.9036f,0.1077f,4.1003f,0.1352f,-0.1782f,0.9747f,1.1318f,0f,0f,0f,1f],start_interpolation: 0,interpolation_duration: 1}
$data merge entity $(right_thumb) {transformation: [0.8999f,-0.2437f,0.3617f,1.6343f,0.4146f,0.221f,-0.8828f,4.2453f,0.1352f,0.9443f,0.2999f,1.4515f,0f,0f,0f,1f],start_interpolation: 0,interpolation_duration: 1}
$data merge entity $(right_fingers2) {transformation: [-0.8595f,0.5096f,-0.0388f,1.7977f,-0.2676f,-0.5134f,-0.8153f,3.8526f,-0.4354f,-0.6904f,0.5777f,1.0477f,0f,0f,0f,1f],start_interpolation: 0,interpolation_duration: 1}
$data merge entity $(right_fingers) {transformation: [0.5443f,0.838f,-0.0388f,2.0515f,-0.5021f,0.2883f,-0.8153f,3.9147f,-0.6721f,0.4633f,0.5777f,1.165f,0f,0f,0f,1f],start_interpolation: 0,interpolation_duration: 1}
$data merge entity $(scout) {transformation: [0f,0f,0f,1.8752f,0f,0f,0f,3.7979f,0f,0f,0f,1.1729f,0f,0f,0f,1f],start_interpolation: 0,interpolation_duration: 1}
$data merge entity $(right_hand) {transformation: [0.8314f,-0.5543f,-0.0388f,1.7052f,0.2943f,0.4986f,-0.8153f,4.1834f,0.4713f,0.6665f,0.5777f,1.5975f,0f,0f,0f,1f],start_interpolation: 0,interpolation_duration: 1}
$data merge entity $(right_forearm) {transformation: [0.6564f,-1.2028f,-0.14f,-0.1385f,0.6736f,0.495f,-1.0947f,4.861f,1.0063f,0.4533f,0.8241f,2.2683f,0f,0f,0f,1f],start_interpolation: 0,interpolation_duration: 1}
$data merge entity $(right_shoulder) {transformation: [0.8288f,-0.2126f,-1.1907f,-0.5265f,0.9098f,1.0607f,0.4438f,5.9566f,0.797f,-0.9897f,0.7315f,0.8774f,0f,0f,0f,1f],start_interpolation: 0,interpolation_duration: 1}
$data merge entity $(right_arm) {transformation: [0.1383f,0.3724f,-0.9177f,-0.5044f,0.0084f,0.9262f,0.377f,6.2233f,0.9903f,-0.0599f,0.125f,0.3027f,0f,0f,0f,1f],start_interpolation: 0,interpolation_duration: 1}
$data merge entity $(left_thumb_2) {transformation: [-0.8701f,-0.4305f,-0.2399f,1.0043f,-0.4906f,0.8028f,0.3389f,3.7681f,0.0467f,0.4126f,-0.9097f,-1.6993f,0f,0f,0f,1f],start_interpolation: 0,interpolation_duration: 1}
$data merge entity $(left_thumb) {transformation: [-0.8701f,-0.2924f,0.3967f,1.0336f,-0.4906f,0.4376f,-0.7535f,3.9922f,0.0467f,-0.8503f,-0.5242f,-1.9724f,0f,0f,0f,1f],start_interpolation: 0,interpolation_duration: 1}
$data merge entity $(left_fingers2) {transformation: [0.8259f,0.5635f,-0.0175f,1.2338f,0.4223f,-0.6389f,-0.643f,3.5209f,-0.3735f,0.5237f,-0.7657f,-1.6865f,0f,0f,0f,1f],start_interpolation: 0,interpolation_duration: 1}
$data merge entity $(left_fingers) {transformation: [-0.5967f,0.8022f,-0.0175f,1.4792f,0.6212f,0.448f,-0.643f,3.6264f,-0.508f,-0.3945f,-0.7657f,-1.7902f,0f,0f,0f,1f],start_interpolation: 0,interpolation_duration: 1}
$data merge entity $(left_hand) {transformation: [-0.7951f,-0.6063f,-0.0175f,1.102f,-0.4554f,0.6158f,-0.643f,3.9739f,0.4006f,-0.5032f,-0.7657f,-2.1311f,0f,0f,0f,1f],start_interpolation: 0,interpolation_duration: 1}
$data merge entity $(left_forearm) {transformation: [-0.5534f,-1.1892f,-0.4202f,-0.7272f,-0.4873f,0.6248f,-1.1266f,4.8535f,1.1634f,-0.304f,-0.6718f,-2.5651f,0f,0f,0f,1f],start_interpolation: 0,interpolation_duration: 1}
$data merge entity $(left_shoulder) {transformation: [-0.077f,-0.0896f,-1.4615f,-0.805f,-1.0147f,1.0583f,-0.0114f,5.9397f,1.0556f,1.0108f,-0.1176f,-1.1161f,0f,0f,0f,1f],start_interpolation: 0,interpolation_duration: 1}
$data merge entity $(left_arm) {transformation: [0.1383f,0.3724f,-0.9177f,-0.6269f,0.0084f,0.9262f,0.377f,6.2159f,0.9903f,-0.0599f,0.125f,-0.5739f,0f,0f,0f,1f],start_interpolation: 0,interpolation_duration: 1}
$data merge entity $(chest) {transformation: [0.1769f,0.4761f,-1.1733f,-1.2699f,0.0107f,1.1841f,0.4821f,4.56f,1.2662f,-0.0765f,0.1598f,-0.0232f,0f,0f,0f,1f],start_interpolation: 0,interpolation_duration: 1}
$data merge entity $(left_cheek) {transformation: [0.1084f,-0.2473f,-0.9629f,-1.9062f,-0.1825f,0.9472f,-0.2638f,3.4777f,0.9772f,0.2043f,0.0575f,-0.2819f,0f,0f,0f,1f],start_interpolation: 0,interpolation_duration: 1}
$data merge entity $(left_foot) {transformation: [0.2558f,-0.1268f,-0.9817f,-0.3188f,0.0775f,1.0134f,-0.1107f,-2.077f,0.9868f,-0.0467f,0.2632f,-1.262f,0f,0f,0f,1f],start_interpolation: 0,interpolation_duration: 1}
$data merge entity $(left_knee) {transformation: [0.8087f,1.2515f,-2.6518f,1.2815f,-0.3269f,2.7721f,1.2086f,1.8185f,2.914f,-0.0364f,0.8715f,-1.3603f,0f,0f,0f,1f],start_interpolation: 0,interpolation_duration: 1}
$data merge entity $(left_leg) {transformation: [0.457f,-1.5804f,-0.4949f,-1.2168f,-0.1846f,0.4616f,-1.6445f,2.5986f,1.6458f,0.4906f,-0.047f,-0.5046f,0f,0f,0f,1f],start_interpolation: 0,interpolation_duration: 1}
$data merge entity $(right_cheek) {transformation: [-0.1169f,-0.1188f,-0.986f,-1.8824f,0.4078f,0.8995f,-0.1567f,3.7229f,0.9056f,-0.4204f,-0.0567f,0.382f,0f,0f,0f,1f],start_interpolation: 0,interpolation_duration: 1}
$data merge entity $(right_foot) {transformation: [-0.4324f,-0.0314f,-0.9259f,-2.5357f,0.1439f,1.0071f,-0.1014f,-1.7454f,0.9152f,-0.1732f,-0.4215f,4.0111f,0f,0f,0f,1f],start_interpolation: 0,interpolation_duration: 1}
$data merge entity $(right_knee) {transformation: [-0.4072f,2.0189f,-2.2384f,0.1552f,1.7838f,1.9822f,1.4633f,1.109f,2.4299f,-1.1168f,-1.4493f,2.4759f,0f,0f,0f,1f],start_interpolation: 0,interpolation_duration: 1}
$data merge entity $(right_leg) {transformation: [-0.23f,-0.9076f,-1.4404f,-1.247f,1.0075f,1.0991f,-0.8534f,2.853f,1.3724f,-0.959f,0.3851f,0.8712f,0f,0f,0f,1f],start_interpolation: 0,interpolation_duration: 1}
$data merge entity $(weist) {transformation: [-0.035f,-0.1674f,-1.6133f,-1.5192f,0.295f,1.5861f,-0.171f,4.3272f,1.5949f,-0.297f,-0.0037f,-0.1192f,0f,0f,0f,1f],start_interpolation: 0,interpolation_duration: 1}
data modify storage animated_java:temp entry.data merge value {"locators":{"consume":{"px":1.9228345888,"py":3.7360010934,"pz":1.0220466526,"ry":183.8465845831,"rx":-54.6209354334}}}
# Data Manager: Prepare for Read / Write
execute store result storage animated_java:temp args.id int 1 run scoreboard players get @s aj.id
# Data Manager: Write
function animated_java:global/data_manager/write with storage animated_java:temp args