# This file was generated by Animated Java via MC-Build. It is not recommended to edit this file directly.
$data merge entity $(neck) {transformation: [0.0753f,0.496f,-0.865f,-0.5818f,0.1162f,0.8572f,0.5017f,6.2453f,0.9904f,-0.1383f,0.0069f,-0.1316f,0f,0f,0f,1f],start_interpolation: 0,interpolation_duration: 1}
$data merge entity $(right_thumb_2) {transformation: [0.8983f,-0.3945f,-0.1936f,1.6518f,0.4109f,0.9102f,0.0516f,4.1105f,0.1559f,-0.1259f,0.9797f,1.1052f,0f,0f,0f,1f],start_interpolation: 0,interpolation_duration: 1}
$data merge entity $(right_thumb) {transformation: [0.8983f,-0.2523f,0.3598f,1.6988f,0.4109f,0.1916f,-0.8913f,4.2456f,0.1559f,0.9485f,0.2758f,1.4296f,0f,0f,0f,1f],start_interpolation: 0,interpolation_duration: 1}
$data merge entity $(right_fingers2) {transformation: [-0.8636f,0.5021f,-0.0454f,1.8644f,-0.2458f,-0.498f,-0.8316f,3.8632f,-0.4402f,-0.707f,0.5535f,1.0142f,0f,0f,0f,1f],start_interpolation: 0,interpolation_duration: 1}
$data merge entity $(right_fingers) {transformation: [0.5528f,0.8321f,-0.0454f,2.1167f,-0.4824f,0.2751f,-0.8316f,3.9219f,-0.6794f,0.4816f,0.5535f,1.1363f,0f,0f,0f,1f],start_interpolation: 0,interpolation_duration: 1}
$data merge entity $(scout) {transformation: [0f,0f,0f,1.9399f,0f,0f,0f,3.8056f,0f,0f,0f,1.1398f,0f,0f,0f,1f],start_interpolation: 0,interpolation_duration: 1}
$data merge entity $(right_hand) {transformation: [0.8294f,-0.5569f,-0.0454f,1.7685f,0.2775f,0.4811f,-0.8316f,4.1792f,0.4849f,0.6771f,0.5535f,1.5742f,0f,0f,0f,1f],start_interpolation: 0,interpolation_duration: 1}
$data merge entity $(right_forearm) {transformation: [0.6367f,-1.2128f,-0.1442f,-0.0896f,0.6519f,0.475f,-1.1165f,4.8268f,1.0328f,0.4479f,0.7936f,2.2347f,0f,0f,0f,1f],start_interpolation: 0,interpolation_duration: 1}
$data merge entity $(right_shoulder) {transformation: [0.8033f,-0.2381f,-1.2032f,-0.5032f,0.9002f,1.0914f,0.385f,5.9636f,0.8331f,-0.9497f,0.7442f,0.885f,0f,0f,0f,1f],start_interpolation: 0,interpolation_duration: 1}
$data merge entity $(right_arm) {transformation: [0.1575f,0.3967f,-0.9043f,-0.4847f,0.0326f,0.9132f,0.4063f,6.2132f,0.987f,-0.0935f,0.1309f,0.3024f,0f,0f,0f,1f],start_interpolation: 0,interpolation_duration: 1}
$data merge entity $(left_thumb_2) {transformation: [-0.8538f,-0.4607f,-0.2426f,1.0567f,-0.5168f,0.8065f,0.2872f,3.898f,0.0634f,0.3705f,-0.9267f,-1.7158f,0f,0f,0f,1f],start_interpolation: 0,interpolation_duration: 1}
$data merge entity $(left_thumb) {transformation: [-0.8538f,-0.3109f,0.4177f,1.0774f,-0.5168f,0.4083f,-0.7524f,4.1166f,0.0634f,-0.8583f,-0.5093f,-1.9941f,0f,0f,0f,1f],start_interpolation: 0,interpolation_duration: 1}
$data merge entity $(left_fingers2) {transformation: [0.8194f,0.5732f,-0.0036f,1.2926f,0.429f,-0.6174f,-0.6594f,3.6557f,-0.3802f,0.5387f,-0.7518f,-1.6981f,0f,0f,0f,1f],start_interpolation: 0,interpolation_duration: 1}
$data merge entity $(left_fingers) {transformation: [-0.6212f,0.7837f,-0.0036f,1.5334f,0.5906f,0.4652f,-0.6594f,3.7668f,-0.515f,-0.4117f,-0.7518f,-1.8065f,0f,0f,0f,1f],start_interpolation: 0,interpolation_duration: 1}
$data merge entity $(left_hand) {transformation: [-0.7806f,-0.625f,-0.0036f,1.1455f,-0.468f,0.5884f,-0.6594f,4.0967f,0.4142f,-0.513f,-0.7518f,-2.1527f,0f,0f,0f,1f],start_interpolation: 0,interpolation_duration: 1}
$data merge entity $(left_forearm) {transformation: [-0.5382f,-1.2208f,-0.3422f,-0.7278f,-0.5454f,0.5585f,-1.1348f,4.8738f,1.1446f,-0.3079f,-0.7016f,-2.5944f,0f,0f,0f,1f],start_interpolation: 0,interpolation_duration: 1}
$data merge entity $(left_shoulder) {transformation: [-0.0519f,-0.1058f,-1.4615f,-0.8202f,-1.0584f,1.0141f,-0.0358f,5.898f,1.0134f,1.0537f,-0.1123f,-1.1018f,0f,0f,0f,1f],start_interpolation: 0,interpolation_duration: 1}
$data merge entity $(left_arm) {transformation: [0.1575f,0.3967f,-0.9043f,-0.6241f,0.0326f,0.9132f,0.4063f,6.1844f,0.987f,-0.0935f,0.1309f,-0.5712f,0f,0f,0f,1f],start_interpolation: 0,interpolation_duration: 1}
$data merge entity $(chest) {transformation: [0.2014f,0.5072f,-1.1562f,-1.3021f,0.0417f,1.1675f,0.5194f,4.5636f,1.2619f,-0.1195f,0.1674f,0.039f,0f,0f,0f,1f],start_interpolation: 0,interpolation_duration: 1}
$data merge entity $(left_cheek) {transformation: [0.0782f,-0.2247f,-0.9713f,-1.9223f,-0.1637f,0.9581f,-0.2349f,3.5214f,0.9834f,0.1774f,0.0381f,-0.2831f,0f,0f,0f,1f],start_interpolation: 0,interpolation_duration: 1}
$data merge entity $(left_foot) {transformation: [0.2478f,-0.1564f,-0.9795f,-0.4043f,0.0823f,1.0093f,-0.1404f,-2.0915f,0.9885f,-0.0448f,0.2573f,-1.2363f,0f,0f,0f,1f],start_interpolation: 0,interpolation_duration: 1}
$data merge entity $(left_knee) {transformation: [0.7945f,1.2791f,-2.6429f,1.2351f,-0.3359f,2.7595f,1.2346f,1.7879f,2.9169f,-0.0306f,0.862f,-1.3271f,0f,0f,0f,1f],start_interpolation: 0,interpolation_duration: 1}
$data merge entity $(left_leg) {transformation: [0.4491f,-1.5732f,-0.5243f,-1.2511f,-0.1897f,0.4908f,-1.6354f,2.6143f,1.6473f,0.4854f,-0.0454f,-0.4796f,0f,0f,0f,1f],start_interpolation: 0,interpolation_duration: 1}
$data merge entity $(right_cheek) {transformation: [-0.131f,-0.1261f,-0.9833f,-1.9318f,0.4014f,0.9002f,-0.1689f,3.6989f,0.9065f,-0.4168f,-0.0673f,0.4102f,0f,0f,0f,1f],start_interpolation: 0,interpolation_duration: 1}
$data merge entity $(right_foot) {transformation: [-0.4362f,-0.0757f,-0.9215f,-2.4683f,0.1301f,1.0038f,-0.144f,-1.7955f,0.9154f,-0.1788f,-0.4187f,4.0735f,0f,0f,0f,1f],start_interpolation: 0,interpolation_duration: 1}
$data merge entity $(right_knee) {transformation: [-0.4355f,1.9615f,-2.2836f,0.1405f,1.7826f,2.0274f,1.4015f,1.119f,2.4259f,-1.1376f,-1.4398f,2.5097f,0f,0f,0f,1f],start_interpolation: 0,interpolation_duration: 1}
$data merge entity $(right_leg) {transformation: [-0.246f,-0.9263f,-1.4258f,-1.2915f,1.0068f,1.0815f,-0.8764f,2.8355f,1.3701f,-0.961f,0.388f,0.9017f,0f,0f,0f,1f],start_interpolation: 0,interpolation_duration: 1}
$data merge entity $(weist) {transformation: [-0.0468f,-0.1639f,-1.6134f,-1.5549f,0.2564f,1.593f,-0.1692f,4.3334f,1.6013f,-0.2599f,-0.02f,-0.0548f,0f,0f,0f,1f],start_interpolation: 0,interpolation_duration: 1}
data modify storage animated_java:temp entry.data merge value {"locators":{"consume":{"px":1.9883346065,"py":3.7478977555,"pz":0.9874523067,"ry":184.6922558725,"rx":-56.2624629697}}}
# Data Manager: Prepare for Read / Write
execute store result storage animated_java:temp args.id int 1 run scoreboard players get @s aj.id
# Data Manager: Write
function animated_java:global/data_manager/write with storage animated_java:temp args