# This file was generated by Animated Java via MC-Build. It is not recommended to edit this file directly.
$data merge entity $(neck) {transformation: [0.1112f,0.4897f,-0.8648f,-0.5734f,0.122f,0.8569f,0.5009f,6.2156f,0.9863f,-0.1612f,0.0356f,-0.052f,0f,0f,0f,1f],start_interpolation: 0,interpolation_duration: 1}
$data merge entity $(right_thumb_2) {transformation: [0.8754f,-0.4264f,-0.2278f,1.7154f,0.443f,0.8962f,0.0247f,4.1726f,0.1936f,-0.1225f,0.9734f,1.3286f,0f,0f,0f,1f],start_interpolation: 0,interpolation_duration: 1}
$data merge entity $(right_thumb) {transformation: [0.8754f,-0.3022f,0.3773f,1.7426f,0.443f,0.189f,-0.8764f,4.3115f,0.1936f,0.9343f,0.2993f,1.6537f,0f,0f,0f,1f],start_interpolation: 0,interpolation_duration: 1}
$data merge entity $(right_fingers2) {transformation: [-0.8425f,0.5368f,-0.0446f,1.9387f,-0.2696f,-0.492f,-0.8278f,3.9296f,-0.4663f,-0.6854f,0.5592f,1.2481f,0f,0f,0f,1f],start_interpolation: 0,interpolation_duration: 1}
$data merge entity $(right_fingers) {transformation: [0.602f,0.7972f,-0.0446f,2.1825f,-0.469f,0.3079f,-0.8278f,3.998f,-0.6462f,0.5193f,0.5592f,1.382f,0f,0f,0f,1f],start_interpolation: 0,interpolation_duration: 1}
$data merge entity $(scout) {transformation: [0f,0f,0f,2.0093f,0f,0f,0f,3.8764f,0f,0f,0f,1.3789f,0f,0f,0f,1f],start_interpolation: 0,interpolation_duration: 1}
$data merge entity $(right_hand) {transformation: [0.7988f,-0.6f,-0.0446f,1.808f,0.3067f,0.4698f,-0.8278f,4.2484f,0.5176f,0.6475f,0.5592f,1.8018f,0f,0f,0f,1f],start_interpolation: 0,interpolation_duration: 1}
$data merge entity $(right_forearm) {transformation: [0.5623f,-1.2483f,-0.1506f,-0.1008f,0.6793f,0.4404f,-1.1143f,4.8429f,1.0581f,0.3806f,0.7954f,2.36f,0f,0f,0f,1f],start_interpolation: 0,interpolation_duration: 1}
$data merge entity $(right_shoulder) {transformation: [0.7397f,-0.2038f,-1.2494f,-0.4582f,0.9337f,1.0651f,0.379f,5.9411f,0.8549f,-0.9868f,0.6672f,0.963f,0f,0f,0f,1f],start_interpolation: 0,interpolation_duration: 1}
$data merge entity $(right_arm) {transformation: [0.1921f,0.3907f,-0.9003f,-0.461f,0.0397f,0.9135f,0.4049f,6.1867f,0.9806f,-0.1136f,0.1599f,0.3785f,0f,0f,0f,1f],start_interpolation: 0,interpolation_duration: 1}
$data merge entity $(left_thumb_2) {transformation: [-0.8277f,-0.4371f,-0.352f,1.0985f,-0.5202f,0.8329f,0.1888f,4.0504f,0.2107f,0.3393f,-0.9168f,-1.752f,0f,0f,0f,1f],start_interpolation: 0,interpolation_duration: 1}
$data merge entity $(left_thumb) {transformation: [-0.8277f,-0.4263f,0.365f,1.079f,-0.5202f,0.3386f,-0.7841f,4.2475f,0.2107f,-0.8388f,-0.502f,-2.0461f,0f,0f,0f,1f],start_interpolation: 0,interpolation_duration: 1}
$data merge entity $(left_fingers2) {transformation: [0.7658f,0.637f,-0.0883f,1.3384f,0.3979f,-0.5772f,-0.7131f,3.8099f,-0.5052f,0.511f,-0.6955f,-1.7462f,0f,0f,0f,1f],start_interpolation: 0,interpolation_duration: 1}
$data merge entity $(left_fingers) {transformation: [-0.6958f,0.7128f,-0.0883f,1.5605f,0.5438f,0.4425f,-0.7131f,3.9154f,-0.4692f,-0.5442f,-0.6955f,-1.8931f,0f,0f,0f,1f],start_interpolation: 0,interpolation_duration: 1}
$data merge entity $(left_hand) {transformation: [-0.7146f,-0.694f,-0.0883f,1.1268f,-0.4411f,0.5449f,-0.7131f,4.2164f,0.543f,-0.4706f,-0.6955f,-2.2102f,0f,0f,0f,1f],start_interpolation: 0,interpolation_duration: 1}
$data merge entity $(left_forearm) {transformation: [-0.4278f,-1.2726f,-0.3075f,-0.8187f,-0.5901f,0.4762f,-1.1499f,4.8671f,1.1687f,-0.2254f,-0.6931f,-2.5263f,0f,0f,0f,1f],start_interpolation: 0,interpolation_duration: 1}
$data merge entity $(left_shoulder) {transformation: [0.0809f,-0.0734f,-1.4622f,-0.8449f,-1.0758f,0.9902f,-0.1093f,5.8611f,0.993f,1.0788f,0.0008f,-1.0109f,0f,0f,0f,1f],start_interpolation: 0,interpolation_duration: 1}
$data merge entity $(left_arm) {transformation: [0.1921f,0.3907f,-0.9003f,-0.631f,0.0397f,0.9135f,0.4049f,6.1516f,0.9806f,-0.1136f,0.1599f,-0.4894f,0f,0f,0f,1f],start_interpolation: 0,interpolation_duration: 1}
$data merge entity $(chest) {transformation: [0.2456f,0.4995f,-1.151f,-1.2827f,0.0508f,1.1679f,0.5177f,4.5334f,1.2537f,-0.1452f,0.2045f,0.1551f,0f,0f,0f,1f],start_interpolation: 0,interpolation_duration: 1}
$data merge entity $(left_cheek) {transformation: [0.0294f,-0.2249f,-0.9739f,-1.8793f,-0.1454f,0.963f,-0.2268f,3.5102f,0.9889f,0.1483f,-0.0044f,-0.2233f,0f,0f,0f,1f],start_interpolation: 0,interpolation_duration: 1}
$data merge entity $(left_foot) {transformation: [0.2285f,-0.081f,-0.9932f,-0.3057f,0.0804f,1.0172f,-0.0645f,-2.1441f,0.9933f,-0.0637f,0.2337f,-1.0445f,0f,0f,0f,1f],start_interpolation: 0,interpolation_duration: 1}
$data merge entity $(left_knee) {transformation: [0.7113f,1.2586f,-2.6762f,1.3062f,-0.29f,2.769f,1.2251f,1.7466f,2.9431f,-0.0313f,0.7675f,-1.1409f,0f,0f,0f,1f],start_interpolation: 0,interpolation_duration: 1}
$data merge entity $(left_leg) {transformation: [0.4017f,-1.5846f,-0.5282f,-1.2002f,-0.1638f,0.5033f,-1.6344f,2.5941f,1.6623f,0.4326f,-0.0334f,-0.3778f,0f,0f,0f,1f],start_interpolation: 0,interpolation_duration: 1}
$data merge entity $(right_cheek) {transformation: [-0.1716f,-0.127f,-0.9769f,-1.926f,0.4049f,0.8949f,-0.1875f,3.6477f,0.8981f,-0.4277f,-0.1022f,0.4929f,0f,0f,0f,1f],start_interpolation: 0,interpolation_duration: 1}
$data merge entity $(right_foot) {transformation: [-0.4972f,-0.0126f,-0.8932f,-2.669f,0.1445f,1.0077f,-0.0947f,-1.8258f,0.8815f,-0.1723f,-0.4883f,4.04f,0f,0f,0f,1f],start_interpolation: 0,interpolation_duration: 1}
$data merge entity $(right_knee) {transformation: [-0.5954f,2.0484f,-2.1684f,0.0601f,1.7673f,2.0235f,1.4263f,1.0839f,2.403f,-0.9807f,-1.5862f,2.6869f,0f,0f,0f,1f],start_interpolation: 0,interpolation_duration: 1}
$data merge entity $(right_leg) {transformation: [-0.3363f,-0.8798f,-1.4368f,-1.2932f,0.9981f,1.0762f,-0.8926f,2.7928f,1.3572f,-1.0095f,0.3005f,1.0043f,0f,0f,0f,1f],start_interpolation: 0,interpolation_duration: 1}
$data merge entity $(weist) {transformation: [-0.1079f,-0.1687f,-1.6099f,-1.535f,0.2304f,1.5955f,-0.1826f,4.3036f,1.6023f,-0.2407f,-0.0821f,0.0624f,0f,0f,0f,1f],start_interpolation: 0,interpolation_duration: 1}
data modify storage animated_java:temp entry.data merge value {"locators":{"consume":{"px":2.0659940166,"py":3.8189633601,"pz":1.2294383855,"ry":184.5612464025,"rx":-55.8738898714}}}
# Data Manager: Prepare for Read / Write
execute store result storage animated_java:temp args.id int 1 run scoreboard players get @s aj.id
# Data Manager: Write
function animated_java:global/data_manager/write with storage animated_java:temp args