# This file was generated by Animated Java via MC-Build. It is not recommended to edit this file directly.
$data merge entity $(neck) {transformation: [-0.9623f,0.1075f,-0.25f,0.0012f,0.0808f,0.9901f,0.1148f,5.9391f,0.2599f,0.0902f,-0.9614f,-0.3918f,0f,0f,0f,1f],start_interpolation: 0,interpolation_duration: 1}
$data merge entity $(right_thumb_2) {transformation: [-0.6791f,0.5749f,-0.4563f,-3.7142f,0.1422f,0.713f,0.6866f,3.8043f,0.7201f,0.4014f,-0.566f,0.2306f,0f,0f,0f,1f],start_interpolation: 0,interpolation_duration: 1}
$data merge entity $(right_thumb) {transformation: [-0.6791f,-0.4604f,-0.5717f,-3.955f,0.1422f,0.6815f,-0.7178f,4.0548f,0.7201f,-0.5688f,-0.3974f,0.16f,0f,0f,0f,1f],start_interpolation: 0,interpolation_duration: 1}
$data merge entity $(right_fingers2) {transformation: [0.8786f,-0.0007f,-0.4776f,-3.8441f,-0.2338f,-0.8726f,-0.4289f,3.5045f,-0.4164f,0.4885f,-0.7668f,0.2937f,0f,0f,0f,1f],start_interpolation: 0,interpolation_duration: 1}
$data merge entity $(right_fingers) {transformation: [0.0418f,-0.8776f,-0.4776f,-4.0965f,-0.8829f,0.1913f,-0.4289f,3.5309f,0.4678f,0.4395f,-0.7668f,0.4265f,0f,0f,0f,1f],start_interpolation: 0,interpolation_duration: 1}
$data merge entity $(scout) {transformation: [0f,0f,0f,-3.9918f,0f,0f,0f,3.4834f,0f,0f,0f,0.2488f,0f,0f,0f,1f],start_interpolation: 0,interpolation_duration: 1}
$data merge entity $(right_hand) {transformation: [-0.8786f,-0.0019f,-0.4776f,-4.1144f,0.2312f,0.8733f,-0.4289f,4.0472f,0.4179f,-0.4873f,-0.7668f,0.0912f,0f,0f,0f,1f],start_interpolation: 0,interpolation_duration: 1}
$data merge entity $(right_forearm) {transformation: [-1.0122f,0.9104f,0.2092f,-2.6938f,0.6144f,0.8813f,-0.862f,5.3174f,-0.7036f,-0.5401f,-1.0537f,-0.7313f,0f,0f,0f,1f],start_interpolation: 0,interpolation_duration: 1}
$data merge entity $(right_shoulder) {transformation: [-0.6131f,1.2918f,0.3243f,-1.0056f,1.3157f,0.5318f,0.3689f,5.6887f,0.2074f,0.4452f,-1.3815f,-0.1858f,0f,0f,0f,1f],start_interpolation: 0,interpolation_duration: 1}
$data merge entity $(right_arm) {transformation: [-0.9832f,0.0807f,-0.164f,-0.4292f,0.0719f,0.9957f,0.0589f,5.9371f,0.168f,0.0461f,-0.9847f,-0.2755f,0f,0f,0f,1f],start_interpolation: 0,interpolation_duration: 1}
$data merge entity $(left_thumb_2) {transformation: [-0.5455f,-0.3273f,0.7716f,1.7828f,-0.8308f,0.0899f,-0.5492f,5.2297f,0.1104f,-0.9406f,-0.321f,2.0081f,0f,0f,0f,1f],start_interpolation: 0,interpolation_duration: 1}
$data merge entity $(left_thumb) {transformation: [-0.5455f,0.7739f,0.3218f,2.1081f,-0.8308f,-0.5499f,-0.086f,5.1772f,0.1104f,-0.3143f,0.9429f,1.8773f,0f,0f,0f,1f],start_interpolation: 0,interpolation_duration: 1}
$data merge entity $(left_fingers2) {transformation: [0.8146f,-0.4113f,0.4089f,1.7779f,0.5782f,0.6319f,-0.5161f,5.3818f,-0.0461f,0.6569f,0.7526f,2.3041f,0f,0f,0f,1f],start_interpolation: 0,interpolation_duration: 1}
$data merge entity $(left_fingers) {transformation: [0.4502f,0.7938f,0.4089f,1.9944f,-0.6032f,0.608f,-0.5161f,5.5683f,-0.6583f,-0.0143f,0.7526f,2.3241f,0f,0f,0f,1f],start_interpolation: 0,interpolation_duration: 1}
$data merge entity $(left_hand) {transformation: [-0.8134f,0.4137f,0.4089f,2.2625f,-0.58f,-0.6302f,-0.5161f,5.1555f,0.0441f,-0.657f,0.7526f,1.9541f,0f,0f,0f,1f],start_interpolation: 0,interpolation_duration: 1}
$data merge entity $(left_forearm) {transformation: [-1.3595f,0.0289f,0.219f,2.2574f,-0.2155f,-0.4725f,-1.2757f,4.3885f,0.0484f,-1.2934f,0.4709f,0.0253f,0f,0f,0f,1f],start_interpolation: 0,interpolation_duration: 1}
$data merge entity $(left_shoulder) {transformation: [-1.1302f,-0.8749f,-0.327f,0.9734f,-0.5084f,1.007f,-0.9366f,5.5439f,0.7835f,-0.6086f,-1.0796f,-0.524f,0f,0f,0f,1f],start_interpolation: 0,interpolation_duration: 1}
$data merge entity $(left_arm) {transformation: [-0.9832f,0.0807f,-0.164f,0.441f,0.0719f,0.9957f,0.0589f,5.8734f,0.168f,0.0461f,-0.9847f,-0.4242f,0f,0f,0f,1f],start_interpolation: 0,interpolation_duration: 1}
$data merge entity $(chest) {transformation: [-1.257f,0.1032f,-0.2097f,-0.1456f,0.092f,1.273f,0.0753f,4.1091f,0.2148f,0.059f,-1.259f,-0.4672f,0f,0f,0f,1f],start_interpolation: 0,interpolation_duration: 1}
$data merge entity $(left_cheek) {transformation: [-0.9543f,-0.0633f,-0.292f,-0.1313f,-0.1578f,0.9365f,0.313f,3.2748f,0.2537f,0.3448f,-0.9038f,-1.1244f,0f,0f,0f,1f],start_interpolation: 0,interpolation_duration: 1}
$data merge entity $(left_foot) {transformation: [-0.9767f,-0.1735f,-0.2473f,1.6832f,-0.2516f,0.9304f,0.341f,-4.28f,0.1672f,0.3866f,-0.9315f,-2.1046f,0f,0f,0f,1f],start_interpolation: 0,interpolation_duration: 1}
$data merge entity $(left_knee) {transformation: [-2.9059f,-0.4749f,-0.7632f,1.0781f,-0.7487f,2.7081f,1.1653f,-0.4628f,0.4975f,1.3011f,-2.704f,-0.4288f,0f,0f,0f,1f],start_interpolation: 0,interpolation_duration: 1}
$data merge entity $(left_leg) {transformation: [-1.6412f,-0.4599f,-0.2151f,0.2794f,-0.4228f,1.641f,-0.2823f,2.1569f,0.281f,-0.2167f,-1.6809f,-0.715f,0f,0f,0f,1f],start_interpolation: 0,interpolation_duration: 1}
$data merge entity $(right_cheek) {transformation: [-0.8952f,0.0626f,-0.4413f,-0.9164f,0.1005f,0.9929f,-0.0629f,3.0955f,0.4343f,-0.1007f,-0.8951f,-0.8631f,0f,0f,0f,1f],start_interpolation: 0,interpolation_duration: 1}
$data merge entity $(right_foot) {transformation: [-1.0002f,0.2112f,0.0136f,-1.6169f,0.1372f,0.5973f,0.8183f,-2.2236f,0.1611f,0.8024f,-0.6127f,0.1264f,0f,0f,0f,1f],start_interpolation: 0,interpolation_duration: 1}
$data merge entity $(right_knee) {transformation: [-2.9759f,0.6042f,-0.1768f,-0.8733f,0.4083f,2.5026f,1.6801f,1.3205f,0.4792f,1.62f,-2.5295f,2.2787f,0f,0f,0f,1f],start_interpolation: 0,interpolation_duration: 1}
$data merge entity $(right_leg) {transformation: [-1.6808f,-0.1848f,-0.3038f,-1.0905f,0.2306f,0.5508f,-1.6109f,2.2404f,0.2706f,-1.6168f,-0.514f,-0.3076f,0f,0f,0f,1f],start_interpolation: 0,interpolation_duration: 1}
$data merge entity $(weist) {transformation: [-1.4688f,0.2337f,-0.6481f,-0.2662f,0.2381f,1.6043f,0.039f,3.7729f,0.6466f,-0.0598f,-1.4867f,-0.7551f,0f,0f,0f,1f],start_interpolation: 0,interpolation_duration: 1}
data modify storage animated_java:temp entry.data merge value {"locators":{"consume":{"px":-3.929439679,"py":3.3505657948,"pz":0.3345087549,"ry":328.0856211518,"rx":-25.398593133}}}
# Data Manager: Prepare for Read / Write
execute store result storage animated_java:temp args.id int 1 run scoreboard players get @s aj.id
# Data Manager: Write
function animated_java:global/data_manager/write with storage animated_java:temp args