# This file was generated by Animated Java via MC-Build. It is not recommended to edit this file directly.
$data merge entity $(neck) {transformation: [0.1408f,0.4775f,-0.8673f,-0.5902f,0.1234f,0.8607f,0.4939f,6.2091f,0.9823f,-0.1766f,0.0623f,-0.0164f,0f,0f,0f,1f],start_interpolation: 0,interpolation_duration: 1}
$data merge entity $(right_thumb_2) {transformation: [0.8297f,-0.4964f,-0.2555f,1.7825f,0.5132f,0.8583f,-0.001f,4.3385f,0.2198f,-0.1302f,0.9668f,1.4834f,0f,0f,0f,1f],start_interpolation: 0,interpolation_duration: 1}
$data merge entity $(right_thumb) {transformation: [0.8297f,-0.3556f,0.4303f,1.7851f,0.5132f,0.1823f,-0.8387f,4.485f,0.2198f,0.9167f,0.3337f,1.8062f,0f,0f,0f,1f],start_interpolation: 0,interpolation_duration: 1}
$data merge entity $(right_fingers2) {transformation: [-0.8089f,0.5879f,-0.0075f,2.0256f,-0.3339f,-0.4699f,-0.8171f,4.1092f,-0.4839f,-0.6585f,0.5764f,1.4163f,0f,0f,0f,1f],start_interpolation: 0,interpolation_duration: 1}
$data merge entity $(right_fingers) {transformation: [0.6656f,0.7463f,-0.0075f,2.257f,-0.4343f,0.3791f,-0.8171f,4.1989f,-0.607f,0.5471f,0.5764f,1.5593f,0f,0f,0f,1f],start_interpolation: 0,interpolation_duration: 1}
$data merge entity $(scout) {transformation: [0f,0f,0f,2.0932f,0f,0f,0f,4.065f,0f,0f,0f,1.5523f,0f,0f,0f,1f],start_interpolation: 0,interpolation_duration: 1}
$data merge entity $(right_hand) {transformation: [0.753f,-0.658f,-0.0075f,1.8488f,0.3746f,0.4381f,-0.8171f,4.43f,0.5409f,0.6125f,0.5764f,1.9582f,0f,0f,0f,1f],start_interpolation: 0,interpolation_duration: 1}
$data merge entity $(right_forearm) {transformation: [0.4778f,-1.2882f,-0.0967f,-0.1146f,0.7412f,0.3579f,-1.1044f,4.8979f,1.058f,0.3311f,0.8173f,2.4426f,0f,0f,0f,1f],start_interpolation: 0,interpolation_duration: 1}
$data merge entity $(right_shoulder) {transformation: [0.6503f,-0.1964f,-1.2994f,-0.4433f,0.99f,1.0265f,0.3404f,5.939f,0.8641f,-1.0283f,0.5879f,0.9957f,0f,0f,0f,1f],start_interpolation: 0,interpolation_duration: 1}
$data merge entity $(right_arm) {transformation: [0.219f,0.3764f,-0.9002f,-0.4654f,0.045f,0.9177f,0.3947f,6.1828f,0.9747f,-0.1269f,0.1841f,0.4109f,0f,0f,0f,1f],start_interpolation: 0,interpolation_duration: 1}
$data merge entity $(left_thumb_2) {transformation: [-0.7706f,-0.4378f,-0.4631f,1.1262f,-0.5317f,0.8423f,0.0886f,4.2349f,0.3512f,0.3146f,-0.8819f,-1.8602f,0f,0f,0f,1f],start_interpolation: 0,interpolation_duration: 1}
$data merge entity $(left_thumb) {transformation: [-0.7706f,-0.5459f,0.3288f,1.0602f,-0.5317f,0.2665f,-0.8039f,4.4108f,0.3512f,-0.7943f,-0.4956f,-2.1608f,0f,0f,0f,1f],start_interpolation: 0,interpolation_duration: 1}
$data merge entity $(left_fingers2) {transformation: [0.6883f,0.7094f,-0.1514f,1.3734f,0.3778f,-0.5287f,-0.7601f,4.0004f,-0.6193f,0.466f,-0.6319f,-1.8698f,0f,0f,0f,1f],start_interpolation: 0,interpolation_duration: 1}
$data merge entity $(left_fingers) {transformation: [-0.7745f,0.6142f,-0.1514f,1.5691f,0.4885f,0.4286f,-0.7601f,4.1032f,-0.4019f,-0.6626f,-0.6319f,-2.0519f,0f,0f,0f,1f],start_interpolation: 0,interpolation_duration: 1}
$data merge entity $(left_hand) {transformation: [-0.622f,-0.7682f,-0.1514f,1.0875f,-0.4236f,0.4928f,-0.7601f,4.3701f,0.6585f,-0.4087f,-0.6319f,-2.3276f,0f,0f,0f,1f],start_interpolation: 0,interpolation_duration: 1}
$data merge entity $(left_forearm) {transformation: [-0.2899f,-1.3192f,-0.2696f,-0.9211f,-0.6217f,0.3758f,-1.1702f,4.8676f,1.1944f,-0.1246f,-0.6745f,-2.49f,0f,0f,0f,1f],start_interpolation: 0,interpolation_duration: 1}
$data merge entity $(left_shoulder) {transformation: [0.221f,-0.0445f,-1.4488f,-0.8842f,-1.0757f,0.9772f,-0.1941f,5.8485f,0.9715f,1.0922f,0.1147f,-0.9663f,0f,0f,0f,1f],start_interpolation: 0,interpolation_duration: 1}
$data merge entity $(left_arm) {transformation: [0.219f,0.3764f,-0.9002f,-0.6592f,0.045f,0.9177f,0.3947f,6.143f,0.9747f,-0.1269f,0.1841f,-0.4518f,0f,0f,0f,1f],start_interpolation: 0,interpolation_duration: 1}
$data merge entity $(chest) {transformation: [0.28f,0.4813f,-1.1509f,-1.2733f,0.0575f,1.1733f,0.5046f,4.5192f,1.2462f,-0.1623f,0.2353f,0.2151f,0f,0f,0f,1f],start_interpolation: 0,interpolation_duration: 1}
$data merge entity $(left_cheek) {transformation: [-0.0203f,-0.2507f,-0.9678f,-1.8591f,-0.1369f,0.9596f,-0.2457f,3.4841f,0.9904f,0.1275f,-0.0538f,-0.1834f,0f,0f,0f,1f],start_interpolation: 0,interpolation_duration: 1}
$data merge entity $(left_foot) {transformation: [0.1996f,-0.0264f,-1.0023f,-0.1702f,0.0949f,1.0179f,-0.008f,-2.138f,0.9982f,-0.0915f,0.2012f,-0.8103f,0f,0f,0f,1f],start_interpolation: 0,interpolation_duration: 1}
$data merge entity $(left_knee) {transformation: [0.6076f,1.2303f,-2.7146f,1.4041f,-0.2085f,2.7812f,1.2138f,1.7669f,2.9731f,-0.0564f,0.6399f,-0.9475f,0f,0f,0f,1f],start_interpolation: 0,interpolation_duration: 1}
$data merge entity $(left_leg) {transformation: [0.3424f,-1.6086f,-0.4966f,-1.1441f,-0.1178f,0.4826f,-1.6446f,2.5834f,1.6794f,0.3618f,-0.0141f,-0.2975f,0f,0f,0f,1f],start_interpolation: 0,interpolation_duration: 1}
$data merge entity $(right_cheek) {transformation: [-0.2149f,-0.12f,-0.9692f,-1.9219f,0.4125f,0.8884f,-0.2014f,3.6296f,0.8852f,-0.4431f,-0.1414f,0.5397f,0f,0f,0f,1f],start_interpolation: 0,interpolation_duration: 1}
$data merge entity $(right_foot) {transformation: [-0.5691f,0.1017f,-0.8432f,-3.0173f,0.1688f,1.0083f,0.0077f,-1.7918f,0.8324f,-0.1349f,-0.5781f,3.8585f,0f,0f,0f,1f],start_interpolation: 0,interpolation_duration: 1}
$data merge entity $(right_knee) {transformation: [-0.7797f,2.1942f,-1.957f,-0.083f,1.7424f,1.9757f,1.5209f,1.0548f,2.3682f,-0.7311f,-1.7633f,2.8425f,0f,0f,0f,1f],start_interpolation: 0,interpolation_duration: 1}
$data merge entity $(right_leg) {transformation: [-0.4404f,-0.8005f,-1.4549f,-1.3045f,0.9841f,1.0866f,-0.8957f,2.7809f,1.3376f,-1.063f,0.18f,1.0786f,0f,0f,0f,1f],start_interpolation: 0,interpolation_duration: 1}
$data merge entity $(weist) {transformation: [-0.1859f,-0.1779f,-1.6018f,-1.5214f,0.229f,1.5932f,-0.2035f,4.2884f,1.5953f,-0.2494f,-0.1575f,0.1253f,0f,0f,0f,1f],start_interpolation: 0,interpolation_duration: 1}
data modify storage animated_java:temp entry.data merge value {"locators":{"consume":{"px":2.1599325476,"py":4.0087569465,"pz":1.4065458313,"ry":180.7467899036,"rx":-54.7999814054}}}
# Data Manager: Prepare for Read / Write
execute store result storage animated_java:temp args.id int 1 run scoreboard players get @s aj.id
# Data Manager: Write
function animated_java:global/data_manager/write with storage animated_java:temp args