# This file was generated by Animated Java via MC-Build. It is not recommended to edit this file directly.
$data merge entity $(neck) {transformation: [-0.1513f,0.5363f,-0.8304f,-0.679f,0.186f,0.8405f,0.5089f,6.2754f,0.9708f,-0.0774f,-0.2269f,-0.0297f,0f,0f,0f,1f],start_interpolation: 0,interpolation_duration: 1}
$data merge entity $(right_thumb_2) {transformation: [0.573f,-0.7246f,-0.383f,1.5687f,0.7805f,0.6249f,-0.0146f,5.1973f,0.2499f,-0.2906f,0.9236f,1.8522f,0f,0f,0f,1f],start_interpolation: 0,interpolation_duration: 1}
$data merge entity $(right_thumb) {transformation: [0.573f,-0.5668f,0.592f,1.4629f,0.7805f,0.1571f,-0.605f,5.3721f,0.2499f,0.8088f,0.5324f,2.1419f,0f,0f,0f,1f],start_interpolation: 0,interpolation_duration: 1}
$data merge entity $(right_fingers2) {transformation: [-0.5858f,0.801f,0.1236f,1.878f,-0.6223f,-0.3468f,-0.7018f,5.0486f,-0.5193f,-0.488f,0.7016f,1.8601f,0f,0f,0f,1f],start_interpolation: 0,interpolation_duration: 1}
$data merge entity $(right_fingers) {transformation: [0.8755f,0.4671f,0.1236f,2.0367f,-0.2557f,0.6649f,-0.7018f,5.2257f,-0.41f,0.5829f,0.7016f,2.0198f,0f,0f,0f,1f],start_interpolation: 0,interpolation_duration: 1}
$data merge entity $(scout) {transformation: [0f,0f,0f,1.9244f,0f,0f,0f,5.0464f,0f,0f,0f,2.0122f,0f,0f,0f,1f],start_interpolation: 0,interpolation_duration: 1}
$data merge entity $(right_hand) {transformation: [0.4895f,-0.8632f,0.1236f,1.5095f,0.6581f,0.2727f,-0.7018f,5.3589f,0.5721f,0.4248f,0.7016f,2.3088f,0f,0f,0f,1f],start_interpolation: 0,interpolation_duration: 1}
$data merge entity $(right_forearm) {transformation: [0.1081f,-1.3654f,0.1451f,-0.546f,1.0236f,-0.0168f,-0.9214f,5.2574f,0.9152f,0.1802f,1.0135f,2.579f,0f,0f,0f,1f],start_interpolation: 0,interpolation_duration: 1}
$data merge entity $(right_shoulder) {transformation: [0.188f,-0.2603f,-1.4306f,-0.8552f,1.1787f,0.8721f,-0.0038f,6.0832f,0.8516f,-1.1496f,0.321f,0.9954f,0f,0f,0f,1f],start_interpolation: 0,interpolation_duration: 1}
$data merge entity $(right_arm) {transformation: [-0.0896f,0.416f,-0.905f,-0.6918f,0.1194f,0.9065f,0.4049f,6.2819f,0.9888f,-0.0717f,-0.1308f,0.4159f,0f,0f,0f,1f],start_interpolation: 0,interpolation_duration: 1}
$data merge entity $(left_thumb_2) {transformation: [-0.7323f,-0.6699f,-0.1227f,1.7363f,-0.678f,0.734f,0.0393f,4.6651f,0.0637f,0.112f,-0.9917f,-1.1961f,0f,0f,0f,1f],start_interpolation: 0,interpolation_duration: 1}
$data merge entity $(left_thumb) {transformation: [-0.7323f,-0.3014f,0.6107f,1.7393f,-0.678f,0.2388f,-0.6951f,4.8522f,0.0637f,-0.9231f,-0.3792f,-1.4972f,0f,0f,0f,1f],start_interpolation: 0,interpolation_duration: 1}
$data merge entity $(left_fingers2) {transformation: [0.7911f,0.5799f,0.1945f,2.0098f,0.5177f,-0.4656f,-0.7178f,4.4692f,-0.3257f,0.6685f,-0.6686f,-1.1278f,0f,0f,0f,1f],start_interpolation: 0,interpolation_duration: 1}
$data merge entity $(left_fingers) {transformation: [-0.6855f,0.7016f,0.1945f,2.2305f,0.3881f,0.5781f,-0.7178f,4.6177f,-0.616f,-0.4166f,-0.6686f,-1.234f,0f,0f,0f,1f],start_interpolation: 0,interpolation_duration: 1}
$data merge entity $(left_hand) {transformation: [-0.719f,-0.6672f,0.1945f,1.8257f,-0.568f,0.4028f,-0.7178f,4.8306f,0.4006f,-0.6265f,-0.6686f,-1.6464f,0f,0f,0f,1f],start_interpolation: 0,interpolation_duration: 1}
$data merge entity $(left_forearm) {transformation: [-0.5245f,-1.2607f,0.1805f,-0.0881f,-0.6775f,0.1109f,-1.1941f,4.926f,1.0784f,-0.5435f,-0.6623f,-2.4442f,0f,0f,0f,1f],start_interpolation: 0,interpolation_duration: 1}
$data merge entity $(left_shoulder) {transformation: [-0.0674f,-0.5064f,-1.3744f,-0.6749f,-1.0996f,0.9263f,-0.2874f,5.8429f,0.9675f,1.0175f,-0.4224f,-0.995f,0f,0f,0f,1f],start_interpolation: 0,interpolation_duration: 1}
$data merge entity $(left_arm) {transformation: [-0.0896f,0.416f,-0.905f,-0.6126f,0.1194f,0.9065f,0.4049f,6.1763f,0.9888f,-0.0717f,-0.1308f,-0.4593f,0f,0f,0f,1f],start_interpolation: 0,interpolation_duration: 1}
$data merge entity $(chest) {transformation: [-0.1145f,0.5318f,-1.157f,-1.4348f,0.1526f,1.1591f,0.5177f,4.6059f,1.2642f,-0.0917f,-0.1673f,0.1034f,0f,0f,0f,1f],start_interpolation: 0,interpolation_duration: 1}
$data merge entity $(left_cheek) {transformation: [-0.1684f,-0.3299f,-0.9289f,-1.9657f,-0.1338f,0.9412f,-0.3101f,3.5102f,0.9766f,0.0721f,-0.2026f,-0.3267f,0f,0f,0f,1f],start_interpolation: 0,interpolation_duration: 1}
$data merge entity $(left_foot) {transformation: [0.0941f,0.1319f,-1.0094f,0.0659f,0.1364f,1.003f,0.1438f,-1.9924f,1.0089f,-0.1479f,0.0747f,-0.3467f,0f,0f,0f,1f],start_interpolation: 0,interpolation_duration: 1}
$data merge entity $(left_knee) {transformation: [0.2371f,1.1231f,-2.8169f,1.4982f,0.0284f,2.8245f,1.1285f,1.9622f,3.0324f,-0.1142f,0.2097f,-0.5832f,0f,0f,0f,1f],start_interpolation: 0,interpolation_duration: 1}
$data merge entity $(left_leg) {transformation: [0.1307f,-1.6632f,-0.4098f,-1.149f,0.0156f,0.4122f,-1.6677f,2.672f,1.7129f,0.1231f,0.0465f,-0.3161f,0f,0f,0f,1f],start_interpolation: 0,interpolation_duration: 1}
$data merge entity $(right_cheek) {transformation: [-0.3415f,-0.0887f,-0.9357f,-2.0841f,0.4283f,0.8715f,-0.2389f,3.7089f,0.8366f,-0.4823f,-0.2596f,0.3925f,0f,0f,0f,1f],start_interpolation: 0,interpolation_duration: 1}
$data merge entity $(right_foot) {transformation: [-0.7503f,0.4008f,-0.5672f,-4.075f,0.241f,0.9333f,0.3408f,-1.5001f,0.6514f,0.1164f,-0.7794f,2.7395f,0f,0f,0f,1f],start_interpolation: 0,interpolation_duration: 1}
$data merge entity $(right_knee) {transformation: [-1.3317f,2.4672f,-1.1796f,-0.7468f,1.6471f,1.771f,1.8447f,1.0737f,2.1831f,0.1688f,-2.1114f,2.9494f,0f,0f,0f,1f],start_interpolation: 0,interpolation_duration: 1}
$data merge entity $(right_leg) {transformation: [-0.7521f,-0.5313f,-1.4503f,-1.5241f,0.9303f,1.1319f,-0.8971f,2.8746f,1.233f,-1.1781f,-0.2079f,1.0168f,0f,0f,0f,1f],start_interpolation: 0,interpolation_duration: 1}
$data merge entity $(weist) {transformation: [-0.4349f,-0.2004f,-1.5501f,-1.6527f,0.2349f,1.5823f,-0.2704f,4.3637f,1.5452f,-0.2969f,-0.3951f,0.0196f,0f,0f,0f,1f],start_interpolation: 0,interpolation_duration: 1}
data modify storage animated_java:temp entry.data merge value {"locators":{"consume":{"px":2.03155283,"py":4.9977131706,"pz":1.8896811515,"ry":170.0103887936,"rx":-44.5727532691}}}
# Data Manager: Prepare for Read / Write
execute store result storage animated_java:temp args.id int 1 run scoreboard players get @s aj.id
# Data Manager: Write
function animated_java:global/data_manager/write with storage animated_java:temp args