# This file was generated by Animated Java via MC-Build. It is not recommended to edit this file directly.
$data merge entity $(neck) {transformation: [-0.3919f,0.5589f,-0.7308f,-0.5915f,0.2197f,0.8282f,0.5156f,6.2889f,0.8934f,0.0415f,-0.4474f,-0.0306f,0f,0f,0f,1f],start_interpolation: 0,interpolation_duration: 1}
$data merge entity $(right_thumb_2) {transformation: [0.4023f,-0.7461f,-0.5306f,1.271f,0.8712f,0.4901f,-0.0285f,5.5783f,0.2813f,-0.4508f,0.8471f,2.1788f,0f,0f,0f,1f],start_interpolation: 0,interpolation_duration: 1}
$data merge entity $(right_thumb) {transformation: [0.4023f,-0.732f,0.5498f,1.0874f,0.8712f,0.1216f,-0.4756f,5.7533f,0.2813f,0.6704f,0.6866f,2.4265f,0f,0f,0f,1f],start_interpolation: 0,interpolation_duration: 1}
$data merge entity $(right_fingers2) {transformation: [-0.3987f,0.9143f,0.071f,1.5899f,-0.7284f,-0.2686f,-0.6303f,5.4745f,-0.5572f,-0.303f,0.7731f,2.2573f,0f,0f,0f,1f],start_interpolation: 0,interpolation_duration: 1}
$data merge entity $(right_fingers) {transformation: [0.9667f,0.246f,0.071f,1.6878f,-0.1477f,0.7622f,-0.6303f,5.683f,-0.2092f,0.5988f,0.7731f,2.4277f,0f,0f,0f,1f],start_interpolation: 0,interpolation_duration: 1}
$data merge entity $(scout) {transformation: [0f,0f,0f,1.6032f,0f,0f,0f,5.4894f,0f,0f,0f,2.4156f,0f,0f,0f,1f],start_interpolation: 0,interpolation_duration: 1}
$data merge entity $(right_hand) {transformation: [0.2782f,-0.9579f,0.071f,1.1013f,0.7568f,0.1731f,-0.6303f,5.7576f,0.5915f,0.2291f,0.7731f,2.5996f,0f,0f,0f,1f],start_interpolation: 0,interpolation_duration: 1}
$data merge entity $(right_forearm) {transformation: [-0.1615f,-1.3652f,0.0853f,-0.9449f,1.1144f,-0.1811f,-0.789f,5.4098f,0.7932f,-0.0235f,1.1258f,2.5723f,0f,0f,0f,1f],start_interpolation: 0,interpolation_duration: 1}
$data merge entity $(right_shoulder) {transformation: [-0.1244f,-0.1352f,-1.4547f,-1.0378f,1.2172f,0.7978f,-0.1782f,6.1428f,0.8079f,-1.2228f,0.0445f,0.9172f,0f,0f,0f,1f],start_interpolation: 0,interpolation_duration: 1}
$data merge entity $(right_arm) {transformation: [-0.3476f,0.4363f,-0.83f,-0.7224f,0.163f,0.8998f,0.4048f,6.315f,0.9234f,0.0054f,-0.3839f,0.3948f,0f,0f,0f,1f],start_interpolation: 0,interpolation_duration: 1}
$data merge entity $(left_thumb_2) {transformation: [-0.6453f,-0.7427f,0.1786f,2.1206f,-0.7526f,0.6583f,0.0184f,4.8794f,-0.1313f,-0.1226f,-0.9837f,-0.436f,0f,0f,0f,1f],start_interpolation: 0,interpolation_duration: 1}
$data merge entity $(left_thumb) {transformation: [-0.6453f,-0.0552f,0.7619f,2.1878f,-0.7526f,0.2173f,-0.6216f,5.0696f,-0.1313f,-0.9745f,-0.1818f,-0.7275f,0f,0f,0f,1f],start_interpolation: 0,interpolation_duration: 1}
$data merge entity $(left_fingers2) {transformation: [0.7993f,0.4032f,0.4456f,2.3824f,0.5945f,-0.4227f,-0.684f,4.7093f,-0.0874f,0.8116f,-0.5776f,-0.2902f,0f,0f,0f,1f],start_interpolation: 0,interpolation_duration: 1}
$data merge entity $(left_fingers) {transformation: [-0.5268f,0.7239f,0.4456f,2.6068f,0.3214f,0.6549f,-0.684f,4.8819f,-0.7869f,-0.2171f,-0.5776f,-0.3341f,0f,0f,0f,1f],start_interpolation: 0,interpolation_duration: 1}
$data merge entity $(left_hand) {transformation: [-0.7411f,-0.5023f,0.4456f,2.3143f,-0.6438f,0.3431f,-0.684f,5.0591f,0.1907f,-0.7937f,-0.5776f,-0.8462f,0f,0f,0f,1f],start_interpolation: 0,interpolation_duration: 1}
$data merge entity $(left_forearm) {transformation: [-0.7394f,-1.0656f,0.4637f,0.6957f,-0.6923f,-0.0376f,-1.1902f,4.9304f,0.9334f,-0.872f,-0.5154f,-2.1393f,0f,0f,0f,1f],start_interpolation: 0,interpolation_duration: 1}
$data merge entity $(left_shoulder) {transformation: [-0.3125f,-0.8271f,-1.1696f,-0.3381f,-1.1069f,0.8993f,-0.3402f,5.8147f,0.9093f,0.8105f,-0.8161f,-0.9415f,0f,0f,0f,1f],start_interpolation: 0,interpolation_duration: 1}
$data merge entity $(left_arm) {transformation: [-0.3476f,0.4363f,-0.83f,-0.4147f,0.163f,0.8998f,0.4048f,6.1707f,0.9234f,0.0054f,-0.3839f,-0.4225f,0f,0f,0f,1f],start_interpolation: 0,interpolation_duration: 1}
$data merge entity $(chest) {transformation: [-0.4444f,0.5578f,-1.0611f,-1.3852f,0.2084f,1.1504f,0.5175f,4.6318f,1.1806f,0.0069f,-0.4908f,-0.0369f,0f,0f,0f,1f],start_interpolation: 0,interpolation_duration: 1}
$data merge entity $(left_cheek) {transformation: [-0.3209f,-0.3643f,-0.8742f,-1.8237f,-0.1431f,0.9311f,-0.3354f,3.5148f,0.9362f,0.0175f,-0.3509f,-0.5032f,0f,0f,0f,1f],start_interpolation: 0,interpolation_duration: 1}
$data merge entity $(left_foot) {transformation: [-0.0479f,0.1934f,-1.0028f,0.5053f,0.1501f,0.9943f,0.1846f,-2.0149f,1.0102f,-0.1386f,-0.075f,-0.0259f,0f,0f,0f,1f],start_interpolation: 0,interpolation_duration: 1}
$data merge entity $(left_knee) {transformation: [-0.2128f,0.9348f,-2.8867f,1.6872f,0.133f,2.8939f,0.9274f,2.0244f,3.0314f,-0.0613f,-0.2433f,-0.2077f,0f,0f,0f,1f],start_interpolation: 0,interpolation_duration: 1}
$data merge entity $(left_leg) {transformation: [-0.1251f,-1.6665f,-0.3982f,-0.9762f,0.0744f,0.3936f,-1.6706f,2.707f,1.7118f,-0.1389f,0.0435f,-0.3603f,0f,0f,0f,1f],start_interpolation: 0,interpolation_duration: 1}
$data merge entity $(right_cheek) {transformation: [-0.4726f,-0.0403f,-0.8803f,-2.047f,0.4232f,0.8659f,-0.2668f,3.7265f,0.773f,-0.4987f,-0.3922f,0.1876f,0f,0f,0f,1f],start_interpolation: 0,interpolation_duration: 1}
$data merge entity $(right_foot) {transformation: [-0.8608f,0.4516f,-0.3166f,-4.3922f,0.265f,0.8534f,0.4967f,-1.3968f,0.4837f,0.3362f,-0.8356f,1.7363f,0f,0f,0f,1f],start_interpolation: 0,interpolation_duration: 1}
$data merge entity $(right_knee) {transformation: [-1.7879f,2.3847f,-0.6073f,-1.1679f,1.56f,1.6789f,2f,1.0535f,1.9032f,0.8641f,-2.2098f,2.8964f,0f,0f,0f,1f],start_interpolation: 0,interpolation_duration: 1}
$data merge entity $(right_leg) {transformation: [-1.0098f,-0.2989f,-1.3573f,-1.565f,0.8811f,1.1599f,-0.9109f,2.9017f,1.0749f,-1.2315f,-0.5285f,0.8942f,0f,0f,0f,1f],start_interpolation: 0,interpolation_duration: 1}
$data merge entity $(weist) {transformation: [-0.6826f,-0.2017f,-1.4578f,-1.5814f,0.2257f,1.5737f,-0.3234f,4.3821f,1.4543f,-0.3389f,-0.6341f,-0.1238f,0f,0f,0f,1f],start_interpolation: 0,interpolation_duration: 1}
data modify storage animated_java:temp entry.data merge value {"locators":{"consume":{"px":1.7377813505,"py":5.448717436,"pz":2.3202210461,"ry":174.7510251661,"rx":-39.0716930952}}}
# Data Manager: Prepare for Read / Write
execute store result storage animated_java:temp args.id int 1 run scoreboard players get @s aj.id
# Data Manager: Write
function animated_java:global/data_manager/write with storage animated_java:temp args
execute unless entity @s[tag=aj.transforms_only] at @s run function animated_java:female/animations/ghost_kick_run/zzz/frames/23_root_function