# This file was generated by Animated Java via MC-Build. It is not recommended to edit this file directly.
$data merge entity $(neck) {transformation: [-0.6137f,0.5432f,-0.573f,-0.4535f,0.2422f,0.8203f,0.5182f,6.2773f,0.7515f,0.1792f,-0.6349f,-0.0031f,0f,0f,0f,1f],start_interpolation: 0,interpolation_duration: 1}
$data merge entity $(right_thumb_2) {transformation: [0.2009f,-0.7315f,-0.6516f,0.9801f,0.9562f,0.2911f,-0.0319f,6.0315f,0.213f,-0.6166f,0.7579f,2.3736f,0f,0f,0f,1f],start_interpolation: 0,interpolation_duration: 1}
$data merge entity $(right_thumb) {transformation: [0.2009f,-0.8577f,0.4733f,0.7273f,0.9562f,0.0666f,-0.2851f,6.1987f,0.213f,0.5099f,0.8335f,2.5575f,0f,0f,0f,1f],start_interpolation: 0,interpolation_duration: 1}
$data merge entity $(right_fingers2) {transformation: [-0.1832f,0.983f,0.0134f,1.291f,-0.8454f,-0.1505f,-0.5125f,5.9933f,-0.5017f,-0.1052f,0.8586f,2.5199f,0f,0f,0f,1f],start_interpolation: 0,interpolation_duration: 1}
$data merge entity $(right_fingers) {transformation: [0.9999f,0.002f,0.0134f,1.3199f,0.0052f,0.8587f,-0.5125f,6.2343f,-0.0126f,0.5125f,0.8586f,2.6719f,0f,0f,0f,1f],start_interpolation: 0,interpolation_duration: 1}
$data merge entity $(scout) {transformation: [0f,0f,0f,1.2689f,0f,0f,0f,6.0289f,0f,0f,0f,2.6743f,0f,0f,0f,1f],start_interpolation: 0,interpolation_duration: 1}
$data merge entity $(right_hand) {transformation: [0.0431f,-0.999f,0.0134f,0.7067f,0.8582f,0.0301f,-0.5125f,6.2259f,0.5116f,0.0336f,0.8586f,2.7279f,0f,0f,0f,1f],start_interpolation: 0,interpolation_duration: 1}
$data merge entity $(right_forearm) {transformation: [-0.4163f,-1.3129f,0.0044f,-1.2531f,1.1959f,-0.3811f,-0.5673f,5.5816f,0.542f,-0.1677f,1.2551f,2.4985f,0f,0f,0f,1f],start_interpolation: 0,interpolation_duration: 1}
$data merge entity $(right_shoulder) {transformation: [-0.4517f,-0.0259f,-1.3947f,-1.1488f,1.2352f,0.6738f,-0.4125f,6.1675f,0.6482f,-1.302f,-0.1857f,0.7865f,0f,0f,0f,1f],start_interpolation: 0,interpolation_duration: 1}
$data merge entity $(right_arm) {transformation: [-0.5888f,0.4316f,-0.6834f,-0.6975f,0.1976f,0.8967f,0.396f,6.3191f,0.7838f,0.0982f,-0.6133f,0.3677f,0f,0f,0f,1f],start_interpolation: 0,interpolation_duration: 1}
$data merge entity $(left_thumb_2) {transformation: [-0.4577f,-0.7486f,0.4796f,2.3153f,-0.845f,0.5341f,0.0272f,5.1913f,-0.2765f,-0.3928f,-0.8771f,0.4537f,0f,0f,0f,1f],start_interpolation: 0,interpolation_duration: 1}
$data merge entity $(left_thumb) {transformation: [-0.4577f,0.2035f,0.8655f,2.4365f,-0.845f,0.2032f,-0.4947f,5.389f,-0.2765f,-0.9578f,0.0789f,0.1854f,0f,0f,0f,1f],start_interpolation: 0,interpolation_duration: 1}
$data merge entity $(left_fingers2) {transformation: [0.6957f,0.1937f,0.6918f,2.5442f,0.7054f,-0.3659f,-0.607f,5.0615f,0.1356f,0.9103f,-0.3912f,0.6779f,0f,0f,0f,1f],start_interpolation: 0,interpolation_duration: 1}
$data merge entity $(left_fingers) {transformation: [-0.3166f,0.649f,0.6918f,2.7431f,0.232f,0.7601f,-0.607f,5.2671f,-0.9198f,-0.0317f,-0.3912f,0.692f,0f,0f,0f,1f],start_interpolation: 0,interpolation_duration: 1}
$data merge entity $(left_hand) {transformation: [-0.6615f,-0.2896f,0.6918f,2.5925f,-0.7499f,0.263f,-0.607f,5.3981f,-0.0061f,-0.9203f,-0.3912f,0.1094f,0f,0f,0f,1f],start_interpolation: 0,interpolation_duration: 1}
$data merge entity $(left_forearm) {transformation: [-0.9027f,-0.7435f,0.7277f,1.4618f,-0.7299f,-0.2339f,-1.1444f,4.9739f,0.7413f,-1.1357f,-0.2407f,-1.5788f,0f,0f,0f,1f],start_interpolation: 0,interpolation_duration: 1}
$data merge entity $(left_shoulder) {transformation: [-0.514f,-1.1056f,-0.8144f,0.0364f,-1.1374f,0.83f,-0.4089f,5.7697f,0.7694f,0.4884f,-1.1486f,-0.7912f,0f,0f,0f,1f],start_interpolation: 0,interpolation_duration: 1}
$data merge entity $(left_arm) {transformation: [-0.5888f,0.4316f,-0.6834f,-0.1764f,0.1976f,0.8967f,0.396f,6.1443f,0.7838f,0.0982f,-0.6133f,-0.326f,0f,0f,0f,1f],start_interpolation: 0,interpolation_duration: 1}
$data merge entity $(chest) {transformation: [-0.7528f,0.5518f,-0.8738f,-1.24f,0.2526f,1.1465f,0.5064f,4.6259f,1.0021f,0.1255f,-0.7841f,-0.1776f,0f,0f,0f,1f],start_interpolation: 0,interpolation_duration: 1}
$data merge entity $(left_cheek) {transformation: [-0.5015f,-0.3528f,-0.79f,-1.5264f,-0.1493f,0.9347f,-0.3226f,3.5313f,0.8522f,-0.0438f,-0.5214f,-0.6736f,0f,0f,0f,1f],start_interpolation: 0,interpolation_duration: 1}
$data merge entity $(left_foot) {transformation: [-0.2177f,0.2901f,-0.9559f,0.7876f,0.1545f,0.9763f,0.2611f,-2.1299f,0.9869f,-0.0889f,-0.2517f,0.3899f,0f,0f,0f,1f],start_interpolation: 0,interpolation_duration: 1}
$data merge entity $(left_knee) {transformation: [-0.7623f,0.834f,-2.8241f,1.8483f,0.2116f,2.9252f,0.8068f,1.9455f,2.937f,0.0058f,-0.7911f,0.2812f,0f,0f,0f,1f],start_interpolation: 0,interpolation_duration: 1}
$data merge entity $(left_leg) {transformation: [-0.4366f,-1.5954f,-0.4643f,-0.7122f,0.1188f,0.4488f,-1.654f,2.718f,1.6573f,-0.4525f,-0.0037f,-0.3746f,0f,0f,0f,1f],start_interpolation: 0,interpolation_duration: 1}
$data merge entity $(right_cheek) {transformation: [-0.6221f,0.0236f,-0.7826f,-1.9083f,0.4034f,0.8664f,-0.2945f,3.7076f,0.671f,-0.4989f,-0.5485f,-0.0464f,0f,0f,0f,1f],start_interpolation: 0,interpolation_duration: 1}
$data merge entity $(right_foot) {transformation: [-0.9448f,0.385f,-0.0662f,-4.345f,0.2714f,0.7715f,0.6136f,-1.3955f,0.281f,0.5494f,-0.8151f,0.634f,0f,0f,0f,1f],start_interpolation: 0,interpolation_duration: 1}
$data merge entity $(right_knee) {transformation: [-2.2419f,2.0551f,-0.0479f,-1.5669f,1.4431f,1.6239f,2.129f,0.9805f,1.464f,1.5464f,-2.172f,2.7275f,0f,0f,0f,1f],start_interpolation: 0,interpolation_duration: 1}
$data merge entity $(right_leg) {transformation: [-1.2662f,-0.0366f,-1.1605f,-1.5389f,0.8151f,1.1949f,-0.927f,2.888f,0.8269f,-1.2338f,-0.8633f,0.7417f,0f,0f,0f,1f],start_interpolation: 0,interpolation_duration: 1}
$data merge entity $(weist) {transformation: [-0.9584f,-0.1909f,-1.295f,-1.4135f,0.1971f,1.5657f,-0.3766f,4.3687f,1.2941f,-0.3798f,-0.9017f,-0.2682f,0f,0f,0f,1f],start_interpolation: 0,interpolation_duration: 1}
data modify storage animated_java:temp entry.data merge value {"locators":{"consume":{"px":1.423917138,"py":6.0012806838,"pz":2.6104749068,"ry":179.1038925353,"rx":-30.8291540322}}}
# Data Manager: Prepare for Read / Write
execute store result storage animated_java:temp args.id int 1 run scoreboard players get @s aj.id
# Data Manager: Write
function animated_java:global/data_manager/write with storage animated_java:temp args