# This file was generated by Animated Java via MC-Build. It is not recommended to edit this file directly.
$data merge entity $(neck) {transformation: [-0.8014f,0.477f,-0.3609f,-0.2994f,0.2528f,0.8169f,0.5185f,6.2597f,0.5421f,0.3243f,-0.7752f,-0.0072f,0f,0f,0f,1f],start_interpolation: 0,interpolation_duration: 1}
$data merge entity $(right_thumb_2) {transformation: [0.0428f,-0.6346f,-0.7717f,0.6281f,0.9977f,0.068f,-0.0006f,6.4684f,0.0529f,-0.7699f,0.636f,2.415f,0f,0f,0f,1f],start_interpolation: 0,interpolation_duration: 1}
$data merge entity $(right_thumb) {transformation: [0.0428f,-0.9484f,0.314f,0.3249f,0.9977f,0.0239f,-0.0637f,6.6249f,0.0529f,0.316f,0.9473f,2.5111f,0f,0f,0f,1f],start_interpolation: 0,interpolation_duration: 1}
$data merge entity $(right_fingers2) {transformation: [0.0068f,0.9933f,-0.1151f,0.9044f,-0.9358f,-0.0342f,-0.3508f,6.4999f,-0.3524f,0.1101f,0.9293f,2.6224f,0f,0f,0f,1f],start_interpolation: 0,interpolation_duration: 1}
$data merge entity $(right_fingers) {transformation: [0.9718f,-0.206f,-0.1151f,0.8723f,0.1542f,0.9237f,-0.3508f,6.7648f,0.1786f,0.3231f,0.9293f,2.7263f,0f,0f,0f,1f],start_interpolation: 0,interpolation_duration: 1}
$data merge entity $(scout) {transformation: [0f,0f,0f,0.8441f,0f,0f,0f,6.5577f,0f,0f,0f,2.7594f,0f,0f,0f,1f],start_interpolation: 0,interpolation_duration: 1}
$data merge entity $(right_hand) {transformation: [-0.1587f,-0.9806f,-0.1151f,0.2657f,0.93f,-0.1093f,-0.3508f,6.6776f,0.3314f,-0.1627f,0.9293f,2.6658f,0f,0f,0f,1f],start_interpolation: 0,interpolation_duration: 1}
$data merge entity $(right_forearm) {transformation: [-0.5815f,-1.2337f,-0.1925f,-1.575f,1.2374f,-0.541f,-0.2707f,5.8015f,0.1668f,-0.2872f,1.3367f,2.275f,0f,0f,0f,1f],start_interpolation: 0,interpolation_duration: 1}
$data merge entity $(right_shoulder) {transformation: [-0.7137f,0.1562f,-1.2712f,-1.1998f,1.2292f,0.4924f,-0.6296f,6.1743f,0.3598f,-1.3722f,-0.3706f,0.5413f,0f,0f,0f,1f],start_interpolation: 0,interpolation_duration: 1}
$data merge entity $(right_arm) {transformation: [-0.7934f,0.3931f,-0.4647f,-0.6424f,0.2214f,0.8975f,0.3814f,6.3127f,0.567f,0.1997f,-0.7991f,0.2727f,0f,0f,0f,1f],start_interpolation: 0,interpolation_duration: 1}
$data merge entity $(left_thumb_2) {transformation: [-0.2118f,-0.6404f,0.7383f,2.2069f,-0.9244f,0.3765f,0.0614f,5.556f,-0.3172f,-0.6695f,-0.6717f,1.3329f,0f,0f,0f,1f],start_interpolation: 0,interpolation_duration: 1}
$data merge entity $(left_thumb) {transformation: [-0.2118f,0.4581f,0.8633f,2.3735f,-0.9244f,0.1929f,-0.3291f,5.7598f,-0.3172f,-0.8677f,0.3826f,1.0954f,0f,0f,0f,1f],start_interpolation: 0,interpolation_duration: 1}
$data merge entity $(left_fingers2) {transformation: [0.5007f,-0.0517f,0.8641f,2.3715f,0.8175f,-0.2997f,-0.4917f,5.4758f,0.2844f,0.9526f,-0.1078f,1.6276f,0f,0f,0f,1f],start_interpolation: 0,interpolation_duration: 1}
$data merge entity $(left_fingers) {transformation: [-0.0498f,0.5009f,0.8641f,2.522f,0.1296f,0.861f,-0.4917f,5.7139f,-0.9903f,0.0875f,-0.1078f,1.6797f,0f,0f,0f,1f],start_interpolation: 0,interpolation_duration: 1}
$data merge entity $(left_hand) {transformation: [-0.5028f,-0.0254f,0.8641f,2.542f,-0.8538f,0.1712f,-0.4917f,5.793f,-0.1354f,-0.9849f,-0.1078f,1.0693f,0f,0f,0f,1f],start_interpolation: 0,interpolation_duration: 1}
$data merge entity $(left_forearm) {transformation: [-1.021f,-0.3075f,0.8718f,2.0682f,-0.7683f,-0.4403f,-1.055f,5.0596f,0.5142f,-1.2684f,0.1548f,-0.8138f,0f,0f,0f,1f],start_interpolation: 0,interpolation_duration: 1}
$data merge entity $(left_shoulder) {transformation: [-0.6565f,-1.2705f,-0.3236f,0.3973f,-1.1766f,0.7306f,-0.4813f,5.7287f,0.5783f,0.0442f,-1.3466f,-0.6f,0f,0f,0f,1f],start_interpolation: 0,interpolation_duration: 1}
$data merge entity $(left_arm) {transformation: [-0.7934f,0.3931f,-0.4647f,0.0598f,0.2214f,0.8975f,0.3814f,6.1168f,0.567f,0.1997f,-0.7991f,-0.2292f,0f,0f,0f,1f],start_interpolation: 0,interpolation_duration: 1}
$data merge entity $(chest) {transformation: [-1.0144f,0.5026f,-0.5941f,-1.0174f,0.283f,1.1475f,0.4876f,4.607f,0.7249f,0.2553f,-1.0217f,-0.3665f,0f,0f,0f,1f],start_interpolation: 0,interpolation_duration: 1}
$data merge entity $(left_cheek) {transformation: [-0.7079f,-0.3148f,-0.6323f,-1.0979f,-0.163f,0.9438f,-0.2874f,3.5657f,0.6873f,-0.1003f,-0.7194f,-0.8594f,0f,0f,0f,1f],start_interpolation: 0,interpolation_duration: 1}
$data merge entity $(left_foot) {transformation: [-0.4369f,0.3593f,-0.8516f,0.9928f,0.1403f,0.9568f,0.3317f,-2.3127f,0.9136f,0.0249f,-0.4582f,0.8297f,0f,0f,0f,1f],start_interpolation: 0,interpolation_duration: 1}
$data merge entity $(left_knee) {transformation: [-1.4505f,0.6935f,-2.5821f,1.8886f,0.2302f,2.9591f,0.6654f,1.8034f,2.6637f,0.1219f,-1.4635f,0.8621f,0f,0f,0f,1f],start_interpolation: 0,interpolation_duration: 1}
$data merge entity $(left_leg) {transformation: [-0.8261f,-1.4077f,-0.5362f,-0.3852f,0.1296f,0.5429f,-1.6248f,2.7261f,1.5007f,-0.8217f,-0.1548f,-0.3874f,0f,0f,0f,1f],start_interpolation: 0,interpolation_duration: 1}
$data merge entity $(right_cheek) {transformation: [-0.7892f,0.1079f,-0.6046f,-1.6702f,0.3646f,0.8745f,-0.3199f,3.6672f,0.4942f,-0.4729f,-0.7294f,-0.3717f,0f,0f,0f,1f],start_interpolation: 0,interpolation_duration: 1}
$data merge entity $(right_foot) {transformation: [-0.9903f,0.2005f,0.1563f,-3.9011f,0.2533f,0.7241f,0.6758f,-1.5314f,0.0218f,0.6933f,-0.7511f,-0.5372f,0f,0f,0f,1f],start_interpolation: 0,interpolation_duration: 1}
$data merge entity $(right_knee) {transformation: [-2.6402f,1.4318f,0.4811f,-1.9756f,1.2939f,1.644f,2.208f,0.8714f,0.7793f,2.1212f,-2.036f,2.3376f,0f,0f,0f,1f],start_interpolation: 0,interpolation_duration: 1}
$data merge entity $(right_leg) {transformation: [-1.4912f,0.2611f,-0.8122f,-1.4714f,0.7308f,1.2348f,-0.9448f,2.8469f,0.4402f,-1.1655f,-1.1829f,0.4867f,0f,0f,0f,1f],start_interpolation: 0,interpolation_duration: 1}
$data merge entity $(weist) {transformation: [-1.2592f,-0.1624f,-1.01f,-1.1667f,0.14f,1.5593f,-0.4253f,4.3423f,1.0133f,-0.4173f,-1.1963f,-0.4616f,0f,0f,0f,1f],start_interpolation: 0,interpolation_duration: 1}
data modify storage animated_java:temp entry.data merge value {"locators":{"consume":{"px":1.0112359402,"py":6.5422400198,"pz":2.7327892117,"ry":187.0611487113,"rx":-20.536693235}}}
# Data Manager: Prepare for Read / Write
execute store result storage animated_java:temp args.id int 1 run scoreboard players get @s aj.id
# Data Manager: Write
function animated_java:global/data_manager/write with storage animated_java:temp args
execute unless entity @s[tag=aj.transforms_only] at @s run function animated_java:female/animations/ghost_kick_run/zzz/frames/25_root_function