# This file was generated by Animated Java via MC-Build. It is not recommended to edit this file directly.
$data merge entity $(neck) {transformation: [-0.8922f,0.3854f,-0.2355f,-0.1669f,0.2276f,0.834f,0.5026f,6.2645f,0.3901f,0.3948f,-0.8318f,-0.1313f,0f,0f,0f,1f],start_interpolation: 0,interpolation_duration: 1}
$data merge entity $(right_thumb_2) {transformation: [-0.0565f,-0.5657f,-0.8227f,0.4918f,0.9882f,-0.149f,0.0347f,6.8625f,-0.1422f,-0.8111f,0.5674f,2.159f,0f,0f,0f,1f],start_interpolation: 0,interpolation_duration: 1}
$data merge entity $(right_thumb) {transformation: [-0.0565f,-0.9774f,0.2037f,0.1661f,0.9882f,-0.0256f,0.1508f,6.9987f,-0.1422f,0.2098f,0.9673f,2.1918f,0f,0f,0f,1f],start_interpolation: 0,interpolation_duration: 1}
$data merge entity $(right_fingers2) {transformation: [0.1199f,0.9736f,-0.1943f,0.7388f,-0.9795f,0.084f,-0.1831f,6.9609f,-0.1619f,0.2123f,0.9637f,2.3837f,0f,0f,0f,1f],start_interpolation: 0,interpolation_duration: 1}
$data merge entity $(right_fingers) {transformation: [0.9237f,-0.3303f,-0.1943f,0.6693f,0.2967f,0.9373f,-0.1831f,7.235f,0.2426f,0.1115f,0.9637f,2.4294f,0f,0f,0f,1f],start_interpolation: 0,interpolation_duration: 1}
$data merge entity $(scout) {transformation: [0f,0f,0f,0.6558f,0f,0f,0f,7.0357f,0f,0f,0f,2.4995f,0f,0f,0f,1f],start_interpolation: 0,interpolation_duration: 1}
$data merge entity $(right_hand) {transformation: [-0.2785f,-0.9406f,-0.1943f,0.0844f,0.9523f,-0.2441f,-0.1831f,7.0722f,0.1248f,-0.236f,0.9637f,2.3264f,0f,0f,0f,1f],start_interpolation: 0,interpolation_duration: 1}
$data merge entity $(right_forearm) {transformation: [-0.6435f,-1.1738f,-0.3245f,-1.6683f,1.2048f,-0.6672f,0.0242f,6.0182f,-0.1778f,-0.2725f,1.3384f,1.9721f,0f,0f,0f,1f],start_interpolation: 0,interpolation_duration: 1}
$data merge entity $(right_shoulder) {transformation: [-0.865f,0.2501f,-1.1572f,-1.1519f,1.1804f,0.293f,-0.819f,6.1639f,0.0916f,-1.4147f,-0.3741f,0.2409f,0f,0f,0f,1f],start_interpolation: 0,interpolation_duration: 1}
$data merge entity $(right_arm) {transformation: [-0.8919f,0.3237f,-0.3159f,-0.5578f,0.2099f,0.9149f,0.3449f,6.3135f,0.4006f,0.2413f,-0.8839f,0.0773f,0f,0f,0f,1f],start_interpolation: 0,interpolation_duration: 1}
$data merge entity $(left_thumb_2) {transformation: [0.01f,-0.5294f,0.8483f,2.0245f,-0.9737f,0.1881f,0.1289f,6.0205f,-0.2278f,-0.8273f,-0.5136f,1.7069f,0f,0f,0f,1f],start_interpolation: 0,interpolation_duration: 1}
$data merge entity $(left_thumb) {transformation: [0.01f,0.5777f,0.8162f,2.1974f,-0.9737f,0.1916f,-0.1236f,6.2282f,-0.2278f,-0.7934f,0.5644f,1.4774f,0f,0f,0f,1f],start_interpolation: 0,interpolation_duration: 1}
$data merge entity $(left_fingers2) {transformation: [0.2917f,-0.1855f,0.9383f,2.1408f,0.9162f,-0.2277f,-0.3299f,5.9978f,0.2749f,0.9559f,0.1035f,2.0342f,0f,0f,0f,1f],start_interpolation: 0,interpolation_duration: 1}
$data merge entity $(left_fingers) {transformation: [0.117f,0.3253f,0.9383f,2.2371f,0.0214f,0.9438f,-0.3299f,6.2637f,-0.9929f,0.0587f,0.1035f,2.0797f,0f,0f,0f,1f],start_interpolation: 0,interpolation_duration: 1}
$data merge entity $(left_hand) {transformation: [-0.3183f,0.1349f,0.9383f,2.3599f,-0.9411f,0.0738f,-0.3299f,6.2898f,-0.1137f,-0.9881f,0.1035f,1.4768f,0f,0f,0f,1f],start_interpolation: 0,interpolation_duration: 1}
$data merge entity $(left_forearm) {transformation: [-1.03f,0.0182f,0.9143f,2.3778f,-0.8184f,-0.6327f,-0.9094f,5.2698f,0.4079f,-1.2233f,0.4839f,-0.3309f,0f,0f,0f,1f],start_interpolation: 0,interpolation_duration: 1}
$data merge entity $(left_shoulder) {transformation: [-0.6476f,-1.3135f,0.0709f,0.6434f,-1.2273f,0.5749f,-0.5594f,5.7414f,0.4734f,-0.3065f,-1.3535f,-0.5656f,0f,0f,0f,1f],start_interpolation: 0,interpolation_duration: 1}
$data merge entity $(left_arm) {transformation: [-0.8919f,0.3237f,-0.3159f,0.2316f,0.2099f,0.9149f,0.3449f,6.1277f,0.4006f,0.2413f,-0.8839f,-0.2773f,0f,0f,0f,1f],start_interpolation: 0,interpolation_duration: 1}
$data merge entity $(chest) {transformation: [-1.1403f,0.4138f,-0.4039f,-0.7586f,0.2683f,1.1697f,0.4409f,4.5802f,0.5122f,0.3085f,-1.1301f,-0.5663f,0f,0f,0f,1f],start_interpolation: 0,interpolation_duration: 1}
$data merge entity $(left_cheek) {transformation: [-0.8722f,-0.2677f,-0.4094f,-0.631f,-0.1795f,0.9537f,-0.2412f,3.6049f,0.455f,-0.1369f,-0.8799f,-1.0017f,0f,0f,0f,1f],start_interpolation: 0,interpolation_duration: 1}
$data merge entity $(left_foot) {transformation: [-0.6494f,0.3696f,-0.6979f,1.0786f,0.1118f,0.9374f,0.3924f,-2.529f,0.7817f,0.1729f,-0.6358f,1.2219f,0f,0f,0f,1f],start_interpolation: 0,interpolation_duration: 1}
$data merge entity $(left_knee) {transformation: [-2.0968f,0.5017f,-2.1456f,1.7453f,0.1987f,2.9928f,0.5056f,1.6281f,2.1945f,0.2084f,-2.0959f,1.3616f,0f,0f,0f,1f],start_interpolation: 0,interpolation_duration: 1}
$data merge entity $(left_leg) {transformation: [-1.1911f,-1.1117f,-0.5447f,-0.0693f,0.1124f,0.6556f,-1.584f,2.7295f,1.2329f,-1.1338f,-0.3818f,-0.3924f,0f,0f,0f,1f],start_interpolation: 0,interpolation_duration: 1}
$data merge entity $(right_cheek) {transformation: [-0.9207f,0.1938f,-0.3387f,-1.3486f,0.3085f,0.8931f,-0.3274f,3.6183f,0.239f,-0.406f,-0.8821f,-0.7262f,0f,0f,0f,1f],start_interpolation: 0,interpolation_duration: 1}
$data merge entity $(right_foot) {transformation: [-0.9607f,-0.0036f,0.3497f,-3.1595f,0.2334f,0.7547f,0.649f,-1.8911f,-0.2604f,0.6897f,-0.7084f,-1.4819f,0f,0f,0f,1f],start_interpolation: 0,interpolation_duration: 1}
$data merge entity $(right_knee) {transformation: [-2.816f,0.6253f,0.965f,-2.3355f,1.1427f,1.8062f,2.1642f,0.7301f,-0.1282f,2.3662f,-1.9071f,1.7112f,0f,0f,0f,1f],start_interpolation: 0,interpolation_duration: 1}
$data merge entity $(right_leg) {transformation: [-1.5905f,0.5647f,-0.3208f,-1.3553f,0.6454f,1.2798f,-0.9471f,2.7812f,-0.0724f,-0.9974f,-1.3969f,0.1573f,0f,0f,0f,1f],start_interpolation: 0,interpolation_duration: 1}
$data merge entity $(weist) {transformation: [-1.4908f,-0.1235f,-0.628f,-0.8834f,0.0599f,1.5579f,-0.4486f,4.308f,0.6372f,-0.4354f,-1.427f,-0.664f,0f,0f,0f,1f],start_interpolation: 0,interpolation_duration: 1}
data modify storage animated_java:temp entry.data merge value {"locators":{"consume":{"px":0.8255555431,"py":7.0340163848,"pz":2.4933765505,"ry":191.3988896414,"rx":-10.5506987373}}}
# Data Manager: Prepare for Read / Write
execute store result storage animated_java:temp args.id int 1 run scoreboard players get @s aj.id
# Data Manager: Write
function animated_java:global/data_manager/write with storage animated_java:temp args