# This file was generated by Animated Java via MC-Build. It is not recommended to edit this file directly.
$data merge entity $(neck) {transformation: [-0.9543f,0.2762f,-0.1141f,-0.0661f,0.1907f,0.8568f,0.4792f,6.2745f,0.2301f,0.4355f,-0.8703f,-0.2776f,0f,0f,0f,1f],start_interpolation: 0,interpolation_duration: 1}
$data merge entity $(right_thumb_2) {transformation: [-0.0886f,-0.4641f,-0.8813f,0.2884f,0.952f,-0.2998f,0.0622f,7.1243f,-0.2931f,-0.8335f,0.4684f,1.9064f,0f,0f,0f,1f],start_interpolation: 0,interpolation_duration: 1}
$data merge entity $(right_thumb) {transformation: [-0.0886f,-0.9942f,0.0606f,-0.0454f,0.952f,-0.0666f,0.2989f,7.2398f,-0.2931f,0.0842f,0.9524f,1.8765f,0f,0f,0f,1f],start_interpolation: 0,interpolation_duration: 1}
$data merge entity $(right_fingers2) {transformation: [0.1787f,0.9314f,-0.317f,0.498f,-0.9839f,0.1677f,-0.0619f,7.2686f,-0.0044f,0.323f,0.9464f,2.1456f,0f,0f,0f,1f],start_interpolation: 0,interpolation_duration: 1}
$data merge entity $(right_fingers) {transformation: [0.8627f,-0.3941f,-0.317f,0.4077f,0.3958f,0.9162f,-0.0619f,7.5404f,0.3148f,-0.0721f,0.9464f,2.1409f,0f,0f,0f,1f],start_interpolation: 0,interpolation_duration: 1}
$data merge entity $(scout) {transformation: [0f,0f,0f,0.3944f,0f,0f,0f,7.3522f,0f,0f,0f,2.2368f,0f,0f,0f,1f],start_interpolation: 0,interpolation_duration: 1}
$data merge entity $(right_hand) {transformation: [-0.3396f,-0.8855f,-0.317f,-0.1485f,0.9391f,-0.338f,-0.0619f,7.3254f,-0.0524f,-0.3187f,0.9464f,1.9872f,0f,0f,0f,1f],start_interpolation: 0,interpolation_duration: 1}
$data merge entity $(right_forearm) {transformation: [-0.6262f,-1.1166f,-0.5082f,-1.8225f,1.138f,-0.7418f,0.2276f,6.1692f,-0.4583f,-0.3164f,1.2598f,1.5756f,0f,0f,0f,1f],start_interpolation: 0,interpolation_duration: 1}
$data merge entity $(right_shoulder) {transformation: [-0.9309f,0.4123f,-1.0551f,-1.0982f,1.1213f,0.1411f,-0.9342f,6.1452f,-0.1612f,-1.4f,-0.4049f,-0.0857f,0f,0f,0f,1f],start_interpolation: 0,interpolation_duration: 1}
$data merge entity $(right_arm) {transformation: [-0.9568f,0.2416f,-0.1615f,-0.49f,0.1857f,0.9357f,0.3f,6.3141f,0.2236f,0.257f,-0.9402f,-0.1453f,0f,0f,0f,1f],start_interpolation: 0,interpolation_duration: 1}
$data merge entity $(left_thumb_2) {transformation: [0.1668f,-0.3827f,0.9087f,1.7327f,-0.9819f,0.0199f,0.1886f,6.4415f,-0.0903f,-0.9236f,-0.3725f,1.9573f,0f,0f,0f,1f],start_interpolation: 0,interpolation_duration: 1}
$data merge entity $(left_thumb) {transformation: [0.1668f,0.6709f,0.7226f,1.9136f,-0.9819f,0.1801f,0.0594f,6.6442f,-0.0903f,-0.7194f,0.6888f,1.7296f,0f,0f,0f,1f],start_interpolation: 0,interpolation_duration: 1}
$data merge entity $(left_fingers2) {transformation: [0.1246f,-0.3084f,0.9431f,1.7968f,0.9712f,-0.1564f,-0.1795f,6.4705f,0.2029f,0.9383f,0.28f,2.2994f,0f,0f,0f,1f],start_interpolation: 0,interpolation_duration: 1}
$data merge entity $(left_fingers) {transformation: [0.2701f,0.194f,0.9431f,1.8514f,-0.0778f,0.9807f,-0.1795f,6.7509f,-0.9597f,-0.0249f,0.28f,2.3214f,0f,0f,0f,1f],start_interpolation: 0,interpolation_duration: 1}
$data merge entity $(left_hand) {transformation: [-0.1768f,0.2817f,0.9431f,2.0652f,-0.9836f,-0.0166f,-0.1795f,6.7278f,-0.0349f,-0.9594f,0.28f,1.7444f,0f,0f,0f,1f],start_interpolation: 0,interpolation_duration: 1}
$data merge entity $(left_forearm) {transformation: [-1.0467f,0.291f,0.8467f,2.4908f,-0.8379f,-0.7772f,-0.7687f,5.4945f,0.3154f,-1.0993f,0.7677f,0.13f,0f,0f,0f,1f],start_interpolation: 0,interpolation_duration: 1}
$data merge entity $(left_shoulder) {transformation: [-0.6341f,-1.2475f,0.4375f,0.8279f,-1.2569f,0.4183f,-0.6286f,5.7715f,0.41f,-0.6469f,-1.2503f,-0.5358f,0f,0f,0f,1f],start_interpolation: 0,interpolation_duration: 1}
$data merge entity $(left_arm) {transformation: [-0.9568f,0.2416f,-0.1615f,0.3569f,0.1857f,0.9357f,0.3f,6.1498f,0.2236f,0.257f,-0.9402f,-0.3432f,0f,0f,0f,1f],start_interpolation: 0,interpolation_duration: 1}
$data merge entity $(chest) {transformation: [-1.2233f,0.309f,-0.2065f,-0.5086f,0.2374f,1.1963f,0.3835f,4.5524f,0.2859f,0.3286f,-1.2021f,-0.741f,0f,0f,0f,1f],start_interpolation: 0,interpolation_duration: 1}
$data merge entity $(left_cheek) {transformation: [-0.9513f,-0.2715f,-0.1463f,-0.2695f,-0.2279f,0.9385f,-0.2594f,3.5796f,0.2077f,-0.2134f,-0.9546f,-1.1246f,0f,0f,0f,1f],start_interpolation: 0,interpolation_duration: 1}
$data merge entity $(left_foot) {transformation: [-0.8119f,0.3176f,-0.534f,1.1064f,0.0754f,0.9226f,0.4341f,-2.7316f,0.6167f,0.3053f,-0.7561f,1.5611f,0f,0f,0f,1f],start_interpolation: 0,interpolation_duration: 1}
$data merge entity $(left_knee) {transformation: [-2.5699f,0.2773f,-1.6034f,1.4983f,0.1311f,3.0228f,0.3126f,1.461f,1.6219f,0.1951f,-2.5658f,1.6795f,0f,0f,0f,1f],start_interpolation: 0,interpolation_duration: 1}
$data merge entity $(left_leg) {transformation: [-1.4574f,-0.7858f,-0.4582f,0.1922f,0.075f,0.7587f,-1.5395f,2.7247f,0.9066f,-1.326f,-0.6093f,-0.3892f,0f,0f,0f,1f],start_interpolation: 0,interpolation_duration: 1}
$data merge entity $(right_cheek) {transformation: [-0.9675f,0.2506f,-0.0344f,-0.9878f,0.2486f,0.917f,-0.3119f,3.5693f,-0.0466f,-0.3103f,-0.9495f,-1.034f,0f,0f,0f,1f],start_interpolation: 0,interpolation_duration: 1}
$data merge entity $(right_foot) {transformation: [-0.858f,-0.1087f,0.5452f,-2.4405f,0.2216f,0.8526f,0.5188f,-2.3852f,-0.5098f,0.5536f,-0.692f,-2.0135f,0f,0f,0f,1f],start_interpolation: 0,interpolation_duration: 1}
$data merge entity $(right_knee) {transformation: [-2.6728f,-0.0514f,1.4511f,-2.5291f,1.033f,2.0689f,1.976f,0.5887f,-1.0205f,2.2291f,-1.8005f,0.9687f,0f,0f,0f,1f],start_interpolation: 0,interpolation_duration: 1}
$data merge entity $(right_leg) {transformation: [-1.5096f,0.7991f,0.1846f,-1.1915f,0.5834f,1.3181f,-0.9347f,2.7035f,-0.5763f,-0.7586f,-1.4296f,-0.1808f,0f,0f,0f,1f],start_interpolation: 0,interpolation_duration: 1}
$data merge entity $(weist) {transformation: [-1.6041f,-0.0888f,-0.2261f,-0.6064f,-0.0245f,1.5615f,-0.4395f,4.271f,0.2416f,-0.4311f,-1.5452f,-0.8356f,0f,0f,0f,1f],start_interpolation: 0,interpolation_duration: 1}
data modify storage animated_java:temp entry.data merge value {"locators":{"consume":{"px":0.5632296746,"py":7.361276206,"pz":2.2532078759,"ry":198.5190477642,"rx":-3.5470803095}}}
# Data Manager: Prepare for Read / Write
execute store result storage animated_java:temp args.id int 1 run scoreboard players get @s aj.id
# Data Manager: Write
function animated_java:global/data_manager/write with storage animated_java:temp args
execute unless entity @s[tag=aj.transforms_only] at @s run function animated_java:female/animations/ghost_kick_run/zzz/frames/27_root_function