# This file was generated by Animated Java via MC-Build. It is not recommended to edit this file directly.
$data merge entity $(neck) {transformation: [-0.9856f,0.1686f,-0.0082f,-0.0077f,0.1467f,0.8794f,0.4529f,6.2853f,0.0836f,0.4452f,-0.8915f,-0.4055f,0f,0f,0f,1f],start_interpolation: 0,interpolation_duration: 1}
$data merge entity $(right_thumb_2) {transformation: [-0.0921f,-0.3545f,-0.9305f,0.0263f,0.9293f,-0.3662f,0.0476f,7.2351f,-0.3577f,-0.8604f,0.3631f,1.7339f,0f,0f,0f,1f],start_interpolation: 0,interpolation_duration: 1}
$data merge entity $(right_thumb) {transformation: [-0.0921f,-0.9922f,-0.0844f,-0.3054f,0.9293f,-0.1161f,0.3506f,7.3306f,-0.3577f,-0.0462f,0.9327f,1.6528f,0f,0f,0f,1f],start_interpolation: 0,interpolation_duration: 1}
$data merge entity $(right_fingers2) {transformation: [0.2116f,0.8716f,-0.4421f,0.1951f,-0.9748f,0.2206f,-0.0317f,7.4009f,0.0699f,0.4377f,0.8964f,1.9921f,0f,0f,0f,1f],start_interpolation: 0,interpolation_duration: 1}
$data merge entity $(right_fingers) {transformation: [0.7898f,-0.4251f,-0.4421f,0.093f,0.4599f,0.8874f,-0.0317f,7.6665f,0.4058f,-0.1783f,0.8964f,1.9593f,0f,0f,0f,1f],start_interpolation: 0,interpolation_duration: 1}
$data merge entity $(scout) {transformation: [0f,0f,0f,0.0748f,0f,0f,0f,7.4828f,0f,0f,0f,2.0628f,0f,0f,0f,1f],start_interpolation: 0,interpolation_duration: 1}
$data merge entity $(right_hand) {transformation: [-0.37f,-0.8171f,-0.4421f,-0.4265f,0.9168f,-0.398f,-0.0317f,7.4161f,-0.1501f,-0.4171f,0.8964f,1.7435f,0f,0f,0f,1f],start_interpolation: 0,interpolation_duration: 1}
$data merge entity $(right_forearm) {transformation: [-0.5853f,-1.04f,-0.6878f,-1.9934f,1.0873f,-0.7976f,0.2807f,6.1799f,-0.6102f,-0.4237f,1.1599f,1.173f,0f,0f,0f,1f],start_interpolation: 0,interpolation_duration: 1}
$data merge entity $(right_shoulder) {transformation: [-0.9403f,0.5915f,-0.957f,-1.0518f,1.0742f,0.1014f,-0.9928f,6.119f,-0.3343f,-1.3378f,-0.4984f,-0.3746f,0f,0f,0f,1f],start_interpolation: 0,interpolation_duration: 1}
$data merge entity $(right_arm) {transformation: [-0.9865f,0.1627f,-0.0187f,-0.4485f,0.1527f,0.9551f,0.2537f,6.3118f,0.0592f,0.2474f,-0.9671f,-0.3445f,0f,0f,0f,1f],start_interpolation: 0,interpolation_duration: 1}
$data merge entity $(left_thumb_2) {transformation: [0.2365f,-0.2546f,0.9377f,1.4235f,-0.9708f,-0.1009f,0.2175f,6.795f,0.0393f,-0.9618f,-0.271f,2.1424f,0f,0f,0f,1f],start_interpolation: 0,interpolation_duration: 1}
$data merge entity $(left_thumb) {transformation: [0.2365f,0.7343f,0.6362f,1.6157f,-0.9708f,0.1521f,0.1853f,6.9853f,0.0393f,-0.6615f,0.7489f,1.9132f,0f,0f,0f,1f],start_interpolation: 0,interpolation_duration: 1}
$data merge entity $(left_fingers2) {transformation: [0.036f,-0.399f,0.9162f,1.4478f,0.9925f,-0.0931f,-0.0795f,6.8624f,0.117f,0.9122f,0.3927f,2.4853f,0f,0f,0f,1f],start_interpolation: 0,interpolation_duration: 1}
$data merge entity $(left_fingers) {transformation: [0.377f,0.1357f,0.9162f,1.4825f,-0.1609f,0.9838f,-0.0795f,7.1467f,-0.9121f,-0.1174f,0.3927f,2.4804f,0f,0f,0f,1f],start_interpolation: 0,interpolation_duration: 1}
$data merge entity $(left_hand) {transformation: [-0.1096f,0.3854f,0.9162f,1.7592f,-0.9925f,-0.0931f,-0.0795f,7.081f,0.0546f,-0.918f,0.3927f,1.9342f,0f,0f,0f,1f],start_interpolation: 0,interpolation_duration: 1}
$data merge entity $(left_forearm) {transformation: [-1.0842f,0.4538f,0.7181f,2.4236f,-0.8167f,-0.8772f,-0.6788f,5.7013f,0.2337f,-0.9601f,0.9596f,0.533f,0f,0f,0f,1f],start_interpolation: 0,interpolation_duration: 1}
$data merge entity $(left_shoulder) {transformation: [-0.645f,-1.0959f,0.73f,0.934f,-1.2613f,0.2808f,-0.693f,5.8117f,0.3782f,-0.9328f,-1.0662f,-0.4937f,0f,0f,0f,1f],start_interpolation: 0,interpolation_duration: 1}
$data merge entity $(left_arm) {transformation: [-0.9865f,0.1627f,-0.0187f,0.4246f,0.1527f,0.9551f,0.2537f,6.1766f,0.0592f,0.2474f,-0.9671f,-0.3968f,0f,0f,0f,1f],start_interpolation: 0,interpolation_duration: 1}
$data merge entity $(chest) {transformation: [-1.2613f,0.208f,-0.024f,-0.3064f,0.1952f,1.2212f,0.3244f,4.528f,0.0757f,0.3164f,-1.2365f,-0.851f,0f,0f,0f,1f],start_interpolation: 0,interpolation_duration: 1}
$data merge entity $(left_cheek) {transformation: [-0.9677f,-0.2446f,0.0611f,0.015f,-0.2518f,0.9256f,-0.2825f,3.5578f,0.0125f,-0.2888f,-0.9573f,-1.1948f,0f,0f,0f,1f],start_interpolation: 0,interpolation_duration: 1}
$data merge entity $(left_foot) {transformation: [-0.9058f,0.2634f,-0.3943f,0.9979f,0.0476f,0.8963f,0.4895f,-2.9659f,0.4718f,0.4154f,-0.8063f,1.7176f,0f,0f,0f,1f],start_interpolation: 0,interpolation_duration: 1}
$data merge entity $(left_knee) {transformation: [-2.8279f,0.1547f,-1.1095f,1.2478f,0.0852f,3.0336f,0.206f,1.2386f,1.117f,0.1604f,-2.8247f,1.7921f,0f,0f,0f,1f],start_interpolation: 0,interpolation_duration: 1}
$data merge entity $(left_leg) {transformation: [-1.6017f,-0.5051f,-0.3616f,0.3825f,0.0503f,0.8913f,-1.4678f,2.7116f,0.6192f,-1.3791f,-0.8162f,-0.3676f,0f,0f,0f,1f],start_interpolation: 0,interpolation_duration: 1}
$data merge entity $(right_cheek) {transformation: [-0.939f,0.2655f,0.2188f,-0.661f,0.2f,0.9387f,-0.2807f,3.5311f,-0.2799f,-0.2198f,-0.9345f,-1.2279f,0f,0f,0f,1f],start_interpolation: 0,interpolation_duration: 1}
$data merge entity $(right_foot) {transformation: [-0.7295f,-0.0809f,0.7117f,-1.9831f,0.2244f,0.9389f,0.3367f,-2.85f,-0.6802f,0.3965f,-0.6522f,-2.2298f,0f,0f,0f,1f],start_interpolation: 0,interpolation_duration: 1}
$data merge entity $(right_knee) {transformation: [-2.3526f,-0.4039f,1.8853f,-2.5325f,0.9702f,2.3222f,1.7082f,0.4618f,-1.6662f,1.9225f,-1.6672f,0.315f,0f,0f,0f,1f],start_interpolation: 0,interpolation_duration: 1}
$data merge entity $(right_leg) {transformation: [-1.3287f,0.9245f,0.5755f,-1.013f,0.548f,1.3522f,-0.9071f,2.6318f,-0.9411f,-0.518f,-1.3407f,-0.4364f,0f,0f,0f,1f],start_interpolation: 0,interpolation_duration: 1}
$data merge entity $(weist) {transformation: [-1.6177f,-0.0692f,0.1006f,-0.3783f,-0.0925f,1.5671f,-0.4094f,4.2365f,-0.0797f,-0.414f,-1.5666f,-0.9368f,0f,0f,0f,1f],start_interpolation: 0,interpolation_duration: 1}
data modify storage animated_java:temp entry.data merge value {"locators":{"consume":{"px":0.2392171983,"py":7.5012646221,"pz":2.1015316852,"ry":206.2535371453,"rx":-1.8163878032}}}
# Data Manager: Prepare for Read / Write
execute store result storage animated_java:temp args.id int 1 run scoreboard players get @s aj.id
# Data Manager: Write
function animated_java:global/data_manager/write with storage animated_java:temp args
execute unless entity @s[tag=aj.transforms_only] at @s run function animated_java:female/animations/ghost_kick_run/zzz/frames/28_root_function