# This file was generated by Animated Java via MC-Build. It is not recommended to edit this file directly.
$data merge entity $(neck) {transformation: [-0.994f,0.0726f,0.0822f,0.0699f,0.101f,0.8982f,0.4279f,6.2784f,-0.0428f,0.4336f,-0.9001f,-0.4638f,0f,0f,0f,1f],start_interpolation: 0,interpolation_duration: 1}
$data merge entity $(right_thumb_2) {transformation: [-0.104f,-0.2441f,-0.9641f,-0.2248f,0.9281f,-0.3723f,-0.0059f,7.2149f,-0.3575f,-0.8954f,0.2653f,1.671f,0f,0f,0f,1f],start_interpolation: 0,interpolation_duration: 1}
$data merge entity $(right_thumb) {transformation: [-0.104f,-0.9698f,-0.2206f,-0.5491f,0.9281f,-0.1744f,0.329f,7.2917f,-0.3575f,-0.1705f,0.9182f,1.5501f,0f,0f,0f,1f],start_interpolation: 0,interpolation_duration: 1}
$data merge entity $(right_fingers2) {transformation: [0.2511f,0.7977f,-0.5483f,-0.0989f,-0.9648f,0.2522f,-0.075f,7.3845f,0.0784f,0.5478f,0.8329f,1.9516f,0f,0f,0f,1f],start_interpolation: 0,interpolation_duration: 1}
$data merge entity $(right_fingers) {transformation: [0.7014f,-0.4554f,-0.5483f,-0.2129f,0.5011f,0.8621f,-0.075f,7.6437f,0.5069f,-0.2221f,0.8329f,1.9087f,0f,0f,0f,1f],start_interpolation: 0,interpolation_duration: 1}
$data merge entity $(scout) {transformation: [0f,0f,0f,-0.233f,0f,0f,0f,7.4572f,0f,0f,0f,2.0067f,0f,0f,0f,1f],start_interpolation: 0,interpolation_duration: 1}
$data merge entity $(right_hand) {transformation: [-0.4021f,-0.7333f,-0.5483f,-0.6855f,0.897f,-0.4357f,-0.075f,7.3683f,-0.1839f,-0.522f,0.8329f,1.6259f,0f,0f,0f,1f],start_interpolation: 0,interpolation_duration: 1}
$data merge entity $(right_forearm) {transformation: [-0.5651f,-0.931f,-0.8433f,-2.0947f,1.065f,-0.8453f,0.2197f,6.0589f,-0.666f,-0.5619f,1.0667f,0.8461f,0f,0f,0f,1f],start_interpolation: 0,interpolation_duration: 1}
$data merge entity $(right_shoulder) {transformation: [-0.934f,0.7522f,-0.8436f,-0.9623f,1.0447f,0.1569f,-1.0168f,6.0724f,-0.4313f,-1.2488f,-0.6359f,-0.569f,0f,0f,0f,1f],start_interpolation: 0,interpolation_duration: 1}
$data merge entity $(right_arm) {transformation: [-0.9897f,0.0947f,0.1076f,-0.3758f,0.1159f,0.9704f,0.2117f,6.2899f,-0.0843f,0.222f,-0.9714f,-0.4653f,0f,0f,0f,1f],start_interpolation: 0,interpolation_duration: 1}
$data merge entity $(left_thumb_2) {transformation: [0.242f,-0.1583f,0.9573f,1.1698f,-0.9608f,-0.1765f,0.2137f,7.084f,0.1352f,-0.9715f,-0.1948f,2.3433f,0f,0f,0f,1f],start_interpolation: 0,interpolation_duration: 1}
$data merge entity $(left_thumb) {transformation: [0.242f,0.7808f,0.576f,1.377f,-0.9608f,0.1101f,0.2543f,7.2583f,0.1352f,-0.615f,0.7769f,2.1145f,0f,0f,0f,1f],start_interpolation: 0,interpolation_duration: 1}
$data merge entity $(left_fingers2) {transformation: [0.0127f,-0.4643f,0.8856f,1.168f,0.9986f,-0.0391f,-0.0348f,7.177f,0.0508f,0.8848f,0.4632f,2.6821f,0f,0f,0f,1f],start_interpolation: 0,interpolation_duration: 1}
$data merge entity $(left_fingers) {transformation: [0.444f,0.1365f,0.8856f,1.2008f,-0.2295f,0.9727f,-0.0348f,7.4604f,-0.8662f,-0.1878f,0.4632f,2.6564f,0f,0f,0f,1f],start_interpolation: 0,interpolation_duration: 1}
$data merge entity $(left_hand) {transformation: [-0.1031f,0.4529f,0.8856f,1.5176f,-0.987f,-0.1567f,-0.0348f,7.3577f,0.123f,-0.8777f,0.4632f,2.1384f,0f,0f,0f,1f],start_interpolation: 0,interpolation_duration: 1}
$data merge entity $(left_forearm) {transformation: [-1.1388f,0.5269f,0.5679f,2.2844f,-0.761f,-0.9501f,-0.6445f,5.8717f,0.1452f,-0.8466f,1.0767f,0.9086f,0f,0f,0f,1f],start_interpolation: 0,interpolation_duration: 1}
$data merge entity $(left_shoulder) {transformation: [-0.6813f,-0.8914f,0.944f,1.0299f,-1.2493f,0.1599f,-0.7507f,5.8391f,0.3534f,-1.1531f,-0.8338f,-0.3992f,0f,0f,0f,1f],start_interpolation: 0,interpolation_duration: 1}
$data merge entity $(left_arm) {transformation: [-0.9897f,0.0947f,0.1076f,0.5002f,0.1159f,0.9704f,0.2117f,6.1873f,-0.0843f,0.222f,-0.9714f,-0.3907f,0f,0f,0f,1f],start_interpolation: 0,interpolation_duration: 1}
$data merge entity $(chest) {transformation: [-1.2653f,0.1211f,0.1375f,-0.1052f,0.1482f,1.2407f,0.2707f,4.4933f,-0.1078f,0.2838f,-1.242f,-0.8625f,0f,0f,0f,1f],start_interpolation: 0,interpolation_duration: 1}
$data merge entity $(left_cheek) {transformation: [-0.9528f,-0.2021f,0.2267f,0.2962f,-0.2616f,0.9255f,-0.2741f,3.5528f,-0.1544f,-0.3204f,-0.9346f,-1.1522f,0f,0f,0f,1f],start_interpolation: 0,interpolation_duration: 1}
$data merge entity $(left_foot) {transformation: [-0.9629f,0.1998f,-0.2794f,0.9171f,0.0209f,0.8643f,0.5457f,-3.2011f,0.3428f,0.5083f,-0.8181f,1.7822f,0f,0f,0f,1f],start_interpolation: 0,interpolation_duration: 1}
$data merge entity $(left_knee) {transformation: [-2.9664f,0.0732f,-0.6689f,1.0761f,0.0386f,3.0372f,0.161f,1.008f,0.6718f,0.1485f,-2.9629f,1.8473f,0f,0f,0f,1f],start_interpolation: 0,interpolation_duration: 1}
$data merge entity $(left_leg) {transformation: [-1.6783f,-0.2801f,-0.2372f,0.5646f,0.0255f,1.0188f,-1.3831f,2.6817f,0.3661f,-1.3547f,-0.9911f,-0.2787f,0f,0f,0f,1f],start_interpolation: 0,interpolation_duration: 1}
$data merge entity $(right_cheek) {transformation: [-0.8785f,0.2496f,0.4073f,-0.3396f,0.1614f,0.9576f,-0.2388f,3.4916f,-0.4496f,-0.144f,-0.8815f,-1.2849f,0f,0f,0f,1f],start_interpolation: 0,interpolation_duration: 1}
$data merge entity $(right_foot) {transformation: [-0.6069f,-0.029f,0.8222f,-1.5568f,0.2272f,0.9761f,0.2022f,-3.2128f,-0.7907f,0.3028f,-0.573f,-2.3574f,0f,0f,0f,1f],start_interpolation: 0,interpolation_duration: 1}
$data merge entity $(right_knee) {transformation: [-2.0149f,-0.5887f,2.2013f,-2.3393f,0.918f,2.4797f,1.5035f,0.307f,-2.0855f,1.6603f,-1.4649f,-0.1793f,0f,0f,0f,1f],start_interpolation: 0,interpolation_duration: 1}
$data merge entity $(right_leg) {transformation: [-1.138f,0.9493f,0.869f,-0.7967f,0.5185f,1.3999f,-0.8502f,2.5531f,-1.1779f,-0.3009f,-1.2138f,-0.5768f,0f,0f,0f,1f],start_interpolation: 0,interpolation_duration: 1}
$data merge entity $(weist) {transformation: [-1.5781f,-0.0631f,0.3711f,-0.1534f,-0.1491f,1.5734f,-0.3663f,4.1917f,-0.3456f,-0.3904f,-1.5363f,-0.9363f,0f,0f,0f,1f],start_interpolation: 0,interpolation_duration: 1}
data modify storage animated_java:temp entry.data merge value {"locators":{"consume":{"px":-0.0761054468,"py":7.4842876239,"pz":2.0661599288,"ry":213.3567958084,"rx":-4.3018233162}}}
# Data Manager: Prepare for Read / Write
execute store result storage animated_java:temp args.id int 1 run scoreboard players get @s aj.id
# Data Manager: Write
function animated_java:global/data_manager/write with storage animated_java:temp args