# This file was generated by Animated Java via MC-Build. It is not recommended to edit this file directly.
$data merge entity $(neck) {transformation: [-0.9076f,0.1412f,-0.3954f,-0.0753f,0.129f,0.99f,0.0574f,5.9092f,0.3995f,0.0011f,-0.9167f,-0.2204f,0f,0f,0f,1f],start_interpolation: 0,interpolation_duration: 1}
$data merge entity $(right_thumb_2) {transformation: [-0.3354f,0.5712f,-0.7492f,-2.8192f,0.5978f,0.7436f,0.2993f,4.9965f,0.7281f,-0.3475f,-0.5909f,2.7139f,0f,0f,0f,1f],start_interpolation: 0,interpolation_duration: 1}
$data merge entity $(right_thumb) {transformation: [-0.3354f,-0.7572f,-0.5605f,-3.1046f,0.5978f,0.2888f,-0.7478f,5.1886f,0.7281f,-0.5859f,0.3558f,2.6283f,0f,0f,0f,1f],start_interpolation: 0,interpolation_duration: 1}
$data merge entity $(right_fingers2) {transformation: [0.6554f,0.3393f,-0.6747f,-2.8615f,-0.5258f,-0.4364f,-0.7302f,4.8018f,-0.5422f,0.8334f,-0.1076f,2.9802f,0f,0f,0f,1f],start_interpolation: 0,interpolation_duration: 1}
$data merge entity $(right_fingers) {transformation: [0.3736f,-0.6365f,-0.6747f,-3.0373f,-0.4636f,0.5019f,-0.7302f,4.9263f,0.8034f,0.5856f,-0.1076f,3.1689f,0f,0f,0f,1f],start_interpolation: 0,interpolation_duration: 1}
$data merge entity $(scout) {transformation: [0f,0f,0f,-3.0088f,0f,0f,0f,4.7754f,0f,0f,0f,3.0233f,0f,0f,0f,1f],start_interpolation: 0,interpolation_duration: 1}
$data merge entity $(right_hand) {transformation: [-0.6534f,-0.3431f,-0.6747f,-3.2746f,0.5232f,0.4395f,-0.7302f,5.1614f,0.5471f,-0.8301f,-0.1076f,2.6516f,0f,0f,0f,1f],start_interpolation: 0,interpolation_duration: 1}
$data merge entity $(right_forearm) {transformation: [-1.127f,0.346f,-0.7123f,-2.7326f,0.7668f,0.1675f,-1.1319f,5.3405f,-0.1977f,-1.3226f,-0.3297f,0.6559f,0f,0f,0f,1f],start_interpolation: 0,interpolation_duration: 1}
$data merge entity $(right_shoulder) {transformation: [-0.5196f,1.3207f,-0.3685f,-1.0059f,1.37f,0.516f,-0.0822f,5.6962f,0.0556f,-0.3734f,-1.4168f,0.235f,0f,0f,0f,1f],start_interpolation: 0,interpolation_duration: 1}
$data merge entity $(right_arm) {transformation: [-0.9173f,0.0865f,-0.3887f,-0.4668f,0.1042f,0.9943f,-0.0245f,5.9252f,0.3843f,-0.063f,-0.921f,-0.0077f,0f,0f,0f,1f],start_interpolation: 0,interpolation_duration: 1}
$data merge entity $(left_thumb_2) {transformation: [-0.2995f,-0.6115f,0.7324f,2.4835f,-0.9255f,-0.0004f,-0.3788f,5.694f,0.2319f,-0.7913f,-0.5658f,1.5466f,0f,0f,0f,1f],start_interpolation: 0,interpolation_duration: 1}
$data merge entity $(left_thumb) {transformation: [-0.2995f,0.741f,0.601f,2.7578f,-0.9255f,-0.3787f,0.0057f,5.7093f,0.2319f,-0.5545f,0.7992f,1.3226f,0f,0f,0f,1f],start_interpolation: 0,interpolation_duration: 1}
$data merge entity $(left_fingers2) {transformation: [0.6235f,-0.316f,0.7151f,2.5362f,0.7355f,0.5472f,-0.3995f,5.8486f,-0.2651f,0.7751f,0.5736f,1.8364f,0f,0f,0f,1f],start_interpolation: 0,interpolation_duration: 1}
$data merge entity $(left_fingers) {transformation: [0.3486f,0.6059f,0.7151f,2.7042f,-0.5074f,0.7635f,-0.3995f,6.0776f,-0.788f,-0.2236f,0.5736f,1.7991f,0f,0f,0f,1f],start_interpolation: 0,interpolation_duration: 1}
$data merge entity $(left_hand) {transformation: [-0.6216f,0.3197f,0.7151f,2.9291f,-0.7387f,-0.5429f,-0.3995f,5.7228f,0.2605f,-0.7766f,0.5736f,1.3488f,0f,0f,0f,1f],start_interpolation: 0,interpolation_duration: 1}
$data merge entity $(left_forearm) {transformation: [-1.2193f,-0.2751f,0.5785f,2.4851f,-0.4112f,-0.6176f,-1.1604f,4.7334f,0.4912f,-1.2f,0.4646f,-0.4211f,0f,0f,0f,1f],start_interpolation: 0,interpolation_duration: 1}
$data merge entity $(left_shoulder) {transformation: [-0.6411f,-1.2536f,-0.409f,0.8406f,-0.645f,0.6948f,-1.1185f,5.4865f,1.1501f,-0.3091f,-0.8553f,-0.5386f,0f,0f,0f,1f],start_interpolation: 0,interpolation_duration: 1}
$data merge entity $(left_arm) {transformation: [-0.9173f,0.0865f,-0.3887f,0.3451f,0.1042f,0.9943f,-0.0245f,5.833f,0.3843f,-0.063f,-0.921f,-0.3479f,0f,0f,0f,1f],start_interpolation: 0,interpolation_duration: 1}
$data merge entity $(chest) {transformation: [-1.1728f,0.1106f,-0.497f,-0.2306f,0.1332f,1.2712f,-0.0314f,4.0827f,0.4914f,-0.0805f,-1.1776f,-0.0959f,0f,0f,0f,1f],start_interpolation: 0,interpolation_duration: 1}
$data merge entity $(left_cheek) {transformation: [-0.7998f,-0.0188f,-0.6f,-0.4303f,-0.1628f,0.9688f,0.1867f,3.0884f,0.5778f,0.2469f,-0.7779f,-0.4806f,0f,0f,0f,1f],start_interpolation: 0,interpolation_duration: 1}
$data merge entity $(left_foot) {transformation: [-0.8567f,0.0241f,-0.5574f,0.8858f,-0.3142f,0.8231f,0.5187f,-4.072f,0.461f,0.6059f,-0.6823f,-2.67f,0f,0f,0f,1f],start_interpolation: 0,interpolation_duration: 1}
$data merge entity $(left_knee) {transformation: [-2.5489f,0.0718f,-1.6583f,0.9905f,-0.9349f,2.4489f,1.5431f,-0.5928f,1.3715f,1.8028f,-2.0301f,-0.2974f,0f,0f,0f,1f],start_interpolation: 0,interpolation_duration: 1}
$data merge entity $(left_leg) {transformation: [-1.4396f,-0.6028f,-0.7179f,-0.0142f,-0.528f,1.6085f,-0.2919f,1.9708f,0.7746f,-0.0239f,-1.5332f,-0.2585f,0f,0f,0f,1f],start_interpolation: 0,interpolation_duration: 1}
$data merge entity $(right_cheek) {transformation: [-0.7011f,0.0739f,-0.7092f,-1.0569f,0.3254f,0.9182f,-0.226f,3.1111f,0.6345f,-0.3892f,-0.6678f,-0.0888f,0f,0f,0f,1f],start_interpolation: 0,interpolation_duration: 1}
$data merge entity $(right_foot) {transformation: [-0.9619f,0.1962f,-0.2855f,-0.7362f,0.1677f,1.001f,0.123f,-1.3315f,0.3032f,0.0689f,-0.9739f,3.5728f,0f,0f,0f,1f],start_interpolation: 0,interpolation_duration: 1}
$data merge entity $(right_knee) {transformation: [-2.8618f,0.4579f,-0.9235f,-0.2224f,0.4989f,3f,-0.0585f,2.8325f,0.902f,-0.2065f,-2.8976f,3.1943f,0f,0f,0f,1f],start_interpolation: 0,interpolation_duration: 1}
$data merge entity $(right_leg) {transformation: [-1.6163f,-0.5601f,-0.1588f,-1.0478f,0.2818f,-0.3426f,-1.6597f,2.3205f,0.5095f,-1.5875f,0.4142f,0.6176f,0f,0f,0f,1f],start_interpolation: 0,interpolation_duration: 1}
$data merge entity $(weist) {transformation: [-1.1983f,0.2032f,-1.0746f,-0.4021f,0.4054f,1.5631f,-0.1564f,3.7247f,1.0157f,-0.3841f,-1.2053f,-0.2986f,0f,0f,0f,1f],start_interpolation: 0,interpolation_duration: 1}
data modify storage animated_java:temp entry.data merge value {"locators":{"consume":{"px":-2.8962069685,"py":4.7082237514,"pz":3.1312512264,"ry":279.0619944191,"rx":-46.8996770194}}}
# Data Manager: Prepare for Read / Write
execute store result storage animated_java:temp args.id int 1 run scoreboard players get @s aj.id
# Data Manager: Write
function animated_java:global/data_manager/write with storage animated_java:temp args