# This file was generated by Animated Java via MC-Build. It is not recommended to edit this file directly.
$data merge entity $(neck) {transformation: [-0.9884f,-0.0042f,0.1519f,0.1501f,0.0587f,0.9116f,0.4069f,6.2572f,-0.1402f,0.4111f,-0.9007f,-0.4446f,0f,0f,0f,1f],start_interpolation: 0,interpolation_duration: 1}
$data merge entity $(right_thumb_2) {transformation: [-0.1331f,-0.1451f,-0.9804f,-0.4495f,0.9374f,-0.3397f,-0.077f,7.0996f,-0.3219f,-0.9293f,0.1812f,1.7013f,0f,0f,0f,1f],start_interpolation: 0,interpolation_duration: 1}
$data merge entity $(right_thumb) {transformation: [-0.1331f,-0.9327f,-0.3353f,-0.7645f,0.9374f,-0.2283f,0.263f,7.1614f,-0.3219f,-0.2793f,0.9047f,1.551f,0f,0f,0f,1f],start_interpolation: 0,interpolation_duration: 1}
$data merge entity $(right_fingers2) {transformation: [0.3023f,0.7206f,-0.6241f,-0.3643f,-0.9519f,0.2625f,-0.1579f,7.26f,0.0501f,0.6418f,0.7653f,2.003f,0f,0f,0f,1f],start_interpolation: 0,interpolation_duration: 1}
$data merge entity $(right_fingers) {transformation: [0.6068f,-0.4923f,-0.6241f,-0.4921f,0.5191f,0.84f,-0.1579f,7.5128f,0.602f,-0.2281f,0.7653f,1.9606f,0f,0f,0f,1f],start_interpolation: 0,interpolation_duration: 1}
$data merge entity $(scout) {transformation: [0f,0f,0f,-0.5091f,0f,0f,0f,7.3201f,0f,0f,0f,2.0463f,0f,0f,0f,1f],start_interpolation: 0,interpolation_duration: 1}
$data merge entity $(right_hand) {transformation: [-0.4426f,-0.6439f,-0.6241f,-0.913f,0.8785f,-0.4508f,-0.1579f,7.2246f,-0.1796f,-0.6181f,0.7653f,1.6156f,0f,0f,0f,1f],start_interpolation: 0,interpolation_duration: 1}
$data merge entity $(right_forearm) {transformation: [-0.5747f,-0.8026f,-0.9606f,-2.1327f,1.0599f,-0.8744f,0.0964f,5.8672f,-0.666f,-0.6989f,0.9824f,0.6266f,0f,0f,0f,1f],start_interpolation: 0,interpolation_duration: 1}
$data merge entity $(right_shoulder) {transformation: [-0.9312f,0.8726f,-0.722f,-0.8579f,1.0301f,0.2641f,-1.0095f,6.014f,-0.4707f,-1.1483f,-0.7807f,-0.6535f,0f,0f,0f,1f],start_interpolation: 0,interpolation_duration: 1}
$data merge entity $(right_arm) {transformation: [-0.9771f,0.0424f,0.2085f,-0.2928f,0.0805f,0.9808f,0.1776f,6.2543f,-0.197f,0.1903f,-0.9618f,-0.4954f,0f,0f,0f,1f],start_interpolation: 0,interpolation_duration: 1}
$data merge entity $(left_thumb_2) {transformation: [0.2152f,-0.0917f,0.9723f,0.9694f,-0.958f,-0.2133f,0.1919f,7.3012f,0.1898f,-0.9727f,-0.1337f,2.565f,0f,0f,0f,1f],start_interpolation: 0,interpolation_duration: 1}
$data merge entity $(left_thumb) {transformation: [0.2152f,0.8136f,0.5401f,1.1917f,-0.958f,0.0684f,0.2787f,7.4613f,0.1898f,-0.5774f,0.7941f,2.3399f,0f,0f,0f,1f],start_interpolation: 0,interpolation_duration: 1}
$data merge entity $(left_fingers2) {transformation: [0.0253f,-0.5089f,0.8605f,0.9522f,0.9995f,-0.0026f,-0.0309f,7.4076f,0.0179f,0.8608f,0.5085f,2.9002f,0f,0f,0f,1f],start_interpolation: 0,interpolation_duration: 1}
$data merge entity $(left_fingers) {transformation: [0.4813f,0.167f,0.8605f,0.9926f,-0.2779f,0.9601f,-0.0309f,7.6888f,-0.8313f,-0.2243f,0.5085f,2.8635f,0f,0f,0f,1f],start_interpolation: 0,interpolation_duration: 1}
$data merge entity $(left_hand) {transformation: [-0.1284f,0.493f,0.8605f,1.3328f,-0.9791f,-0.2009f,-0.0309f,7.5591f,0.1577f,-0.8465f,0.5085f,2.3669f,0f,0f,0f,1f],start_interpolation: 0,interpolation_duration: 1}
$data merge entity $(left_forearm) {transformation: [-1.1919f,0.5452f,0.4235f,2.1196f,-0.6887f,-0.998f,-0.6533f,6.0036f,0.0483f,-0.7771f,1.1362f,1.24f,0f,0f,0f,1f],start_interpolation: 0,interpolation_duration: 1}
$data merge entity $(left_shoulder) {transformation: [-0.7283f,-0.6801f,1.0756f,1.109f,-1.2299f,0.058f,-0.7961f,5.852f,0.3267f,-1.2976f,-0.5993f,-0.257f,0f,0f,0f,1f],start_interpolation: 0,interpolation_duration: 1}
$data merge entity $(left_arm) {transformation: [-0.9771f,0.0424f,0.2085f,0.572f,0.0805f,0.9808f,0.1776f,6.183f,-0.197f,0.1903f,-0.9618f,-0.3211f,0f,0f,0f,1f],start_interpolation: 0,interpolation_duration: 1}
$data merge entity $(chest) {transformation: [-1.2493f,0.0542f,0.2666f,0.0702f,0.1029f,1.254f,0.2271f,4.4535f,-0.2518f,0.2433f,-1.2296f,-0.7852f,0f,0f,0f,1f],start_interpolation: 0,interpolation_duration: 1}
$data merge entity $(left_cheek) {transformation: [-0.9304f,-0.1721f,0.3236f,0.548f,-0.2477f,0.946f,-0.2091f,3.5708f,-0.2702f,-0.2748f,-0.9228f,-0.9719f,0f,0f,0f,1f],start_interpolation: 0,interpolation_duration: 1}
$data merge entity $(left_foot) {transformation: [-0.9904f,0.1457f,-0.2074f,0.9293f,-0.001f,0.8344f,0.5908f,-3.3889f,0.2535f,0.5725f,-0.8082f,1.8379f,0f,0f,0f,1f],start_interpolation: 0,interpolation_duration: 1}
$data merge entity $(left_knee) {transformation: [-3.02f,0.0169f,-0.3627f,1.0246f,-0.0009f,3.0381f,0.1488f,0.822f,0.3631f,0.1479f,-3.0164f,1.9088f,0f,0f,0f,1f],start_interpolation: 0,interpolation_duration: 1}
$data merge entity $(left_leg) {transformation: [-1.7073f,-0.1428f,-0.1268f,0.7285f,0.0044f,1.111f,-1.3104f,2.6405f,0.191f,-1.3026f,-1.1038f,-0.1377f,0f,0f,0f,1f],start_interpolation: 0,interpolation_duration: 1}
$data merge entity $(right_cheek) {transformation: [-0.8408f,0.2085f,0.4996f,-0.079f,0.129f,0.9734f,-0.1892f,3.4631f,-0.5258f,-0.0946f,-0.8453f,-1.2104f,0f,0f,0f,1f],start_interpolation: 0,interpolation_duration: 1}
$data merge entity $(right_foot) {transformation: [-0.5534f,0.0136f,0.8595f,-1.22f,0.2014f,0.9958f,0.114f,-3.5794f,-0.8357f,0.231f,-0.5417f,-2.2595f,0f,0f,0f,1f],start_interpolation: 0,interpolation_duration: 1}
$data merge entity $(right_knee) {transformation: [-1.8574f,-0.5871f,2.3361f,-1.9903f,0.8265f,2.6156f,1.3144f,0.1181f,-2.2625f,1.4374f,-1.4377f,-0.3938f,0f,0f,0f,1f],start_interpolation: 0,interpolation_duration: 1}
$data merge entity $(right_leg) {transformation: [-1.0491f,0.8678f,1.0477f,-0.5871f,0.4668f,1.4723f,-0.7521f,2.4795f,-1.2779f,-0.1746f,-1.1349f,-0.5871f,0f,0f,0f,1f],start_interpolation: 0,interpolation_duration: 1}
$data merge entity $(weist) {transformation: [-1.525f,-0.067f,0.5493f,0.0423f,-0.1866f,1.5784f,-0.3253f,4.1424f,-0.521f,-0.369f,-1.4914f,-0.8459f,0f,0f,0f,1f],start_interpolation: 0,interpolation_duration: 1}
data modify storage animated_java:temp entry.data merge value {"locators":{"consume":{"px":-0.3613696258,"py":7.3536511917,"pz":2.1233058402,"ry":219.1966121471,"rx":-9.0862846399}}}
# Data Manager: Prepare for Read / Write
execute store result storage animated_java:temp args.id int 1 run scoreboard players get @s aj.id
# Data Manager: Write
function animated_java:global/data_manager/write with storage animated_java:temp args
execute unless entity @s[tag=aj.transforms_only] at @s run function animated_java:female/animations/ghost_kick_run/zzz/frames/30_root_function