# This file was generated by Animated Java via MC-Build. It is not recommended to edit this file directly.
$data merge entity $(neck) {transformation: [-0.9766f,-0.0623f,0.2058f,0.2235f,0.024f,0.9196f,0.3921f,6.2313f,-0.2137f,0.3878f,-0.8966f,-0.3933f,0f,0f,0f,1f],start_interpolation: 0,interpolation_duration: 1}
$data merge entity $(right_thumb_2) {transformation: [-0.1682f,-0.0626f,-0.9838f,-0.6357f,0.9455f,-0.2925f,-0.143f,6.9443f,-0.2788f,-0.9542f,0.1084f,1.7557f,0f,0f,0f,1f],start_interpolation: 0,interpolation_duration: 1}
$data merge entity $(right_thumb) {transformation: [-0.1682f,-0.8894f,-0.4251f,-0.9408f,0.9455f,-0.2675f,0.1856f,6.9958f,-0.2788f,-0.3707f,0.8859f,1.5826f,0f,0f,0f,1f],start_interpolation: 0,interpolation_duration: 1}
$data merge entity $(right_fingers2) {transformation: [0.3538f,0.6489f,-0.6736f,-0.5859f,-0.9352f,0.2565f,-0.2441f,7.0894f,0.0144f,0.7163f,0.6976f,2.0735f,0f,0f,0f,1f],start_interpolation: 0,interpolation_duration: 1}
$data merge entity $(right_fingers) {transformation: [0.5175f,-0.5277f,-0.6736f,-0.7266f,0.5181f,0.8197f,-0.2441f,7.3358f,0.681f,-0.2227f,0.6976f,2.0344f,0f,0f,0f,1f],start_interpolation: 0,interpolation_duration: 1}
$data merge entity $(scout) {transformation: [0f,0f,0f,-0.738f,0f,0f,0f,7.1372f,0f,0f,0f,2.1068f,0f,0f,0f,1f],start_interpolation: 0,interpolation_duration: 1}
$data merge entity $(right_hand) {transformation: [-0.4826f,-0.5598f,-0.6736f,-1.0978f,0.8602f,-0.4478f,-0.2441f,7.0457f,-0.1649f,-0.6972f,0.6976f,1.6378f,0f,0f,0f,1f],start_interpolation: 0,interpolation_duration: 1}
$data merge entity $(right_forearm) {transformation: [-0.5959f,-0.6763f,-1.0415f,-2.1294f,1.0587f,-0.8804f,-0.0341f,5.6746f,-0.6489f,-0.8153f,0.9007f,0.4698f,0f,0f,0f,1f],start_interpolation: 0,interpolation_duration: 1}
$data merge entity $(right_shoulder) {transformation: [-0.9319f,0.9554f,-0.6071f,-0.7572f,1.0237f,0.3755f,-0.9802f,5.9577f,-0.4832f,-1.0469f,-0.9057f,-0.68f,0f,0f,0f,1f],start_interpolation: 0,interpolation_duration: 1}
$data merge entity $(right_arm) {transformation: [-0.9579f,0.0048f,0.2872f,-0.2132f,0.0509f,0.9869f,0.1534f,6.2161f,-0.2827f,0.1615f,-0.9455f,-0.4818f,0f,0f,0f,1f],start_interpolation: 0,interpolation_duration: 1}
$data merge entity $(left_thumb_2) {transformation: [0.1805f,-0.0388f,0.9828f,0.8013f,-0.9598f,-0.2253f,0.1674f,7.4491f,0.215f,-0.9735f,-0.0779f,2.763f,0f,0f,0f,1f],start_interpolation: 0,interpolation_duration: 1}
$data merge entity $(left_thumb) {transformation: [0.1805f,0.8391f,0.5131f,1.0372f,-0.9598f,0.0362f,0.2784f,7.5991f,0.215f,-0.5427f,0.8119f,2.5451f,0f,0f,0f,1f],start_interpolation: 0,interpolation_duration: 1}
$data merge entity $(left_fingers2) {transformation: [0.0473f,-0.5442f,0.8376f,0.7729f,0.9988f,0.0165f,-0.0457f,7.5604f,0.0111f,0.8388f,0.5444f,3.0967f,0f,0f,0f,1f],start_interpolation: 0,interpolation_duration: 1}
$data merge entity $(left_fingers) {transformation: [0.5068f,0.204f,0.8376f,0.8228f,-0.3071f,0.9506f,-0.0457f,7.8396f,-0.8055f,-0.2341f,0.5444f,3.0567f,0f,0f,0f,1f],start_interpolation: 0,interpolation_duration: 1}
$data merge entity $(left_hand) {transformation: [-0.1609f,0.522f,0.8376f,1.1797f,-0.9729f,-0.2265f,-0.0457f,7.6936f,0.1659f,-0.8223f,0.5444f,2.5765f,0f,0f,0f,1f],start_interpolation: 0,interpolation_duration: 1}
$data merge entity $(left_forearm) {transformation: [-1.2295f,0.5467f,0.2942f,1.9626f,-0.6187f,-1.0244f,-0.6818f,6.1002f,-0.0518f,-0.7408f,1.16f,1.501f,0f,0f,0f,1f],start_interpolation: 0,interpolation_duration: 1}
$data merge entity $(left_shoulder) {transformation: [-0.7725f,-0.4914f,1.1453f,1.171f,-1.2109f,-0.0226f,-0.8264f,5.8552f,0.2946f,-1.3813f,-0.3939f,-0.111f,0f,0f,0f,1f],start_interpolation: 0,interpolation_duration: 1}
$data merge entity $(left_arm) {transformation: [-0.9579f,0.0048f,0.2872f,0.6346f,0.0509f,0.9869f,0.1534f,6.1711f,-0.2827f,0.1615f,-0.9455f,-0.2316f,0f,0f,0f,1f],start_interpolation: 0,interpolation_duration: 1}
$data merge entity $(chest) {transformation: [-1.2247f,0.0061f,0.3672f,0.212f,0.0651f,1.2617f,0.1961f,4.4166f,-0.3614f,0.2065f,-1.2089f,-0.6812f,0f,0f,0f,1f],start_interpolation: 0,interpolation_duration: 1}
$data merge entity $(left_cheek) {transformation: [-0.9021f,-0.1721f,0.3957f,0.7265f,-0.2631f,0.9462f,-0.1884f,3.5388f,-0.342f,-0.2741f,-0.8988f,-0.8259f,0f,0f,0f,1f],start_interpolation: 0,interpolation_duration: 1}
$data merge entity $(left_foot) {transformation: [-1.0063f,0.0844f,-0.1599f,1.0517f,-0.0256f,0.8286f,0.5984f,-3.4529f,0.179f,0.5929f,-0.8134f,1.911f,0f,0f,0f,1f],start_interpolation: 0,interpolation_duration: 1}
$data merge entity $(left_knee) {transformation: [-3.0378f,-0.0611f,-0.1412f,1.0486f,-0.0697f,3.0352f,0.1864f,0.7576f,0.1371f,0.1894f,-3.0327f,2.0452f,0f,0f,0f,1f],start_interpolation: 0,interpolation_duration: 1}
$data merge entity $(left_leg) {transformation: [-1.7165f,-0.0703f,-0.0157f,0.8651f,-0.0343f,1.1272f,-1.296f,2.5999f,0.0633f,-1.2946f,-1.1276f,0.0069f,0f,0f,0f,1f],start_interpolation: 0,interpolation_duration: 1}
$data merge entity $(right_cheek) {transformation: [-0.8325f,0.1627f,0.5295f,0.1154f,0.1001f,0.9843f,-0.145f,3.4461f,-0.5449f,-0.0677f,-0.8358f,-1.0936f,0f,0f,0f,1f],start_interpolation: 0,interpolation_duration: 1}
$data merge entity $(right_foot) {transformation: [-0.5539f,0.0259f,0.8589f,-0.9383f,0.1448f,1.0101f,0.063f,-3.8962f,-0.847f,0.1558f,-0.551f,-2.0097f,0f,0f,0f,1f],start_interpolation: 0,interpolation_duration: 1}
$data merge entity $(right_knee) {transformation: [-1.8537f,-0.5194f,2.355f,-1.6141f,0.6995f,2.7268f,1.152f,-0.055f,-2.3079f,1.2437f,-1.5424f,-0.4178f,0f,0f,0f,1f],start_interpolation: 0,interpolation_duration: 1}
$data merge entity $(right_leg) {transformation: [-1.047f,0.7455f,1.1399f,-0.4096f,0.3951f,1.5422f,-0.6457f,2.4182f,-1.3035f,-0.1313f,-1.1113f,-0.5414f,0f,0f,0f,1f],start_interpolation: 0,interpolation_duration: 1}
$data merge entity $(weist) {transformation: [-1.4777f,-0.0743f,0.6655f,0.2004f,-0.2107f,1.582f,-0.2913f,4.0976f,-0.6356f,-0.3518f,-1.4506f,-0.7303f,0f,0f,0f,1f],start_interpolation: 0,interpolation_duration: 1}
data modify storage animated_java:temp entry.data merge value {"locators":{"consume":{"px":-0.5997252157,"py":7.1745591112,"pz":2.198120617,"ry":223.9947625125,"rx":-14.1309147706}}}
# Data Manager: Prepare for Read / Write
execute store result storage animated_java:temp args.id int 1 run scoreboard players get @s aj.id
# Data Manager: Write
function animated_java:global/data_manager/write with storage animated_java:temp args