# This file was generated by Animated Java via MC-Build. It is not recommended to edit this file directly.
$data merge entity $(neck) {transformation: [-0.9631f,-0.1032f,0.2484f,0.2795f,0.0002f,0.9232f,0.3844f,6.211f,-0.269f,0.3703f,-0.8891f,-0.3615f,0f,0f,0f,1f],start_interpolation: 0,interpolation_duration: 1}
$data merge entity $(right_thumb_2) {transformation: [-0.1916f,-0.0026f,-0.9815f,-0.7647f,0.9473f,-0.2619f,-0.1843f,6.8301f,-0.2566f,-0.9651f,0.0526f,1.7632f,0f,0f,0f,1f],start_interpolation: 0,interpolation_duration: 1}
$data merge entity $(right_thumb) {transformation: [-0.1916f,-0.8513f,-0.4885f,-1.0601f,0.9473f,-0.2906f,0.1347f,6.8751f,-0.2566f,-0.437f,0.8621f,1.5724f,0f,0f,0f,1f],start_interpolation: 0,interpolation_duration: 1}
$data merge entity $(right_fingers2) {transformation: [0.3889f,0.5922f,-0.7057f,-0.7413f,-0.9213f,0.2489f,-0.2989f,6.9641f,-0.0013f,0.7664f,0.6424f,2.0894f,0f,0f,0f,1f],start_interpolation: 0,interpolation_duration: 1}
$data merge entity $(right_fingers) {transformation: [0.4478f,-0.549f,-0.7057f,-0.8903f,0.5144f,0.8038f,-0.2989f,7.2055f,0.7313f,-0.2292f,0.6424f,2.0495f,0f,0f,0f,1f],start_interpolation: 0,interpolation_duration: 1}
$data merge entity $(scout) {transformation: [0f,0f,0f,-0.8977f,0f,0f,0f,7.0039f,0f,0f,0f,2.1136f,0f,0f,0f,1f],start_interpolation: 0,interpolation_duration: 1}
$data merge entity $(right_hand) {transformation: [-0.5079f,-0.494f,-0.7057f,-1.2224f,0.8456f,-0.4424f,-0.2989f,6.9163f,-0.1646f,-0.7485f,0.6424f,1.6189f,0f,0f,0f,1f],start_interpolation: 0,interpolation_duration: 1}
$data merge entity $(right_forearm) {transformation: [-0.6034f,-0.5801f,-1.0939f,-2.1107f,1.0553f,-0.8774f,-0.1168f,5.5468f,-0.6477f,-0.8892f,0.8288f,0.3369f,0f,0f,0f,1f],start_interpolation: 0,interpolation_duration: 1}
$data merge entity $(right_shoulder) {transformation: [-0.9288f,1.0095f,-0.5179f,-0.676f,1.0184f,0.4468f,-0.9555f,5.917f,-0.5001f,-0.965f,-0.9842f,-0.7072f,0f,0f,0f,1f],start_interpolation: 0,interpolation_duration: 1}
$data merge entity $(right_arm) {transformation: [-0.9375f,-0.0198f,0.3474f,-0.1501f,0.0309f,0.9897f,0.1397f,6.1875f,-0.3466f,0.1417f,-0.9273f,-0.4785f,0f,0f,0f,1f],start_interpolation: 0,interpolation_duration: 1}
$data merge entity $(left_thumb_2) {transformation: [0.1541f,0.0109f,0.988f,0.6484f,-0.9606f,-0.2323f,0.1524f,7.5436f,0.2311f,-0.9726f,-0.0254f,2.8763f,0f,0f,0f,1f],start_interpolation: 0,interpolation_duration: 1}
$data merge entity $(left_thumb) {transformation: [0.1541f,0.8611f,0.4846f,0.8958f,-0.9606f,0.0159f,0.2773f,7.6872f,0.2311f,-0.5083f,0.8296f,2.6668f,0f,0f,0f,1f],start_interpolation: 0,interpolation_duration: 1}
$data merge entity $(left_fingers2) {transformation: [0.0609f,-0.577f,0.8145f,0.6086f,0.9981f,0.0265f,-0.0559f,7.6576f,0.0107f,0.8163f,0.5775f,3.2085f,0f,0f,0f,1f],start_interpolation: 0,interpolation_duration: 1}
$data merge entity $(left_fingers) {transformation: [0.532f,0.2316f,0.8145f,0.6655f,-0.3254f,0.9439f,-0.0559f,7.9353f,-0.7818f,-0.2353f,0.5775f,3.1678f,0f,0f,0f,1f],start_interpolation: 0,interpolation_duration: 1}
$data merge entity $(left_hand) {transformation: [-0.1843f,0.5501f,0.8145f,1.0385f,-0.9687f,-0.2418f,-0.0559f,7.7795f,0.1662f,-0.7993f,0.5775f,2.7032f,0f,0f,0f,1f],start_interpolation: 0,interpolation_duration: 1}
$data merge entity $(left_forearm) {transformation: [-1.2458f,0.5561f,0.1894f,1.831f,-0.5703f,-1.0385f,-0.7024f,6.1662f,-0.1408f,-0.7138f,1.1696f,1.665f,0f,0f,0f,1f],start_interpolation: 0,interpolation_duration: 1}
$data merge entity $(left_shoulder) {transformation: [-0.8016f,-0.3448f,1.1783f,1.2112f,-1.1996f,-0.0792f,-0.8393f,5.8548f,0.261f,-1.4229f,-0.2387f,-0.0095f,0f,0f,0f,1f],start_interpolation: 0,interpolation_duration: 1}
$data merge entity $(left_arm) {transformation: [-0.9375f,-0.0198f,0.3474f,0.6797f,0.0309f,0.9897f,0.1397f,6.1601f,-0.3466f,0.1417f,-0.9273f,-0.1718f,0f,0f,0f,1f],start_interpolation: 0,interpolation_duration: 1}
$data merge entity $(chest) {transformation: [-1.1987f,-0.0253f,0.4441f,0.3125f,0.0395f,1.2654f,0.1786f,4.3912f,-0.4431f,0.1812f,-1.1855f,-0.6131f,0f,0f,0f,1f],start_interpolation: 0,interpolation_duration: 1}
$data merge entity $(left_cheek) {transformation: [-0.8778f,-0.1722f,0.4471f,0.852f,-0.2733f,0.9464f,-0.172f,3.517f,-0.3935f,-0.2731f,-0.8778f,-0.7264f,0f,0f,0f,1f],start_interpolation: 0,interpolation_duration: 1}
$data merge entity $(left_foot) {transformation: [-1.014f,0.0386f,-0.1251f,1.141f,-0.0433f,0.823f,0.605f,-3.4994f,0.1235f,0.6053f,-0.8146f,1.9505f,0f,0f,0f,1f],start_interpolation: 0,interpolation_duration: 1}
$data merge entity $(left_knee) {transformation: [-3.0393f,-0.1205f,0.0211f,1.0624f,-0.1186f,3.0315f,0.2187f,0.7087f,-0.0297f,0.2177f,-3.0338f,2.1285f,0f,0f,0f,1f],start_interpolation: 0,interpolation_duration: 1}
$data merge entity $(left_leg) {transformation: [-1.7166f,-0.0179f,0.0667f,0.9602f,-0.0618f,1.1406f,-1.2832f,2.5711f,-0.0309f,-1.2845f,-1.1404f,0.1028f,0f,0f,0f,1f],start_interpolation: 0,interpolation_duration: 1}
$data merge entity $(right_cheek) {transformation: [-0.8267f,0.1291f,0.5477f,0.2536f,0.0781f,0.9902f,-0.1154f,3.4375f,-0.5572f,-0.0526f,-0.8287f,-1.0187f,0f,0f,0f,1f],start_interpolation: 0,interpolation_duration: 1}
$data merge entity $(right_foot) {transformation: [-0.5529f,0.029f,0.8595f,-0.7143f,0.099f,1.0171f,0.0293f,-4.0984f,-0.8542f,0.0991f,-0.5529f,-1.8075f,0f,0f,0f,1f],start_interpolation: 0,interpolation_duration: 1}
$data merge entity $(right_knee) {transformation: [-1.8477f,-0.4789f,2.3683f,-1.3333f,0.5984f,2.7978f,1.0327f,-0.1668f,-2.3409f,1.0932f,-1.6053f,-0.4273f,0f,0f,0f,1f],start_interpolation: 0,interpolation_duration: 1}
$data merge entity $(right_leg) {transformation: [-1.0436f,0.6526f,1.1985f,-0.2796f,0.338f,1.5854f,-0.5689f,2.3757f,-1.3221f,-0.1098f,-1.0915f,-0.5162f,0f,0f,0f,1f],start_interpolation: 0,interpolation_duration: 1}
$data merge entity $(weist) {transformation: [-1.4373f,-0.0806f,0.7481f,0.3125f,-0.2265f,1.5846f,-0.2644f,4.0665f,-0.7175f,-0.3386f,-1.4151f,-0.6538f,0f,0f,0f,1f],start_interpolation: 0,interpolation_duration: 1}
data modify storage animated_java:temp entry.data merge value {"locators":{"consume":{"px":-0.7672983931,"py":7.0432281565,"pz":2.2151527645,"ry":227.6919275101,"rx":-17.3894278222}}}
# Data Manager: Prepare for Read / Write
execute store result storage animated_java:temp args.id int 1 run scoreboard players get @s aj.id
# Data Manager: Write
function animated_java:global/data_manager/write with storage animated_java:temp args
execute unless entity @s[tag=aj.transforms_only] at @s run function animated_java:female/animations/ghost_kick_run/zzz/frames/32_root_function