# This file was generated by Animated Java via MC-Build. It is not recommended to edit this file directly.
$data merge entity $(neck) {transformation: [-0.8472f,0.1691f,-0.5036f,-0.1706f,0.1787f,0.9835f,0.0295f,5.9012f,0.5003f,-0.065f,-0.8634f,-0.119f,0f,0f,0f,1f],start_interpolation: 0,interpolation_duration: 1}
$data merge entity $(right_thumb_2) {transformation: [-0.1104f,0.1225f,-0.9863f,-1.1453f,0.8679f,0.4954f,-0.0356f,6.2922f,0.4842f,-0.86f,-0.161f,3.3068f,0f,0f,0f,1f],start_interpolation: 0,interpolation_duration: 1}
$data merge entity $(right_thumb) {transformation: [-0.1104f,-0.9888f,-0.1008f,-1.4784f,0.8679f,-0.0465f,-0.4945f,6.4129f,0.4842f,-0.1421f,0.8633f,3.3207f,0f,0f,0f,1f],start_interpolation: 0,interpolation_duration: 1}
$data merge entity $(right_fingers2) {transformation: [0.4496f,0.7905f,-0.4159f,-1.0043f,-0.7082f,0.0318f,-0.7053f,6.2503f,-0.5443f,0.6117f,0.5741f,3.6048f,0f,0f,0f,1f],start_interpolation: 0,interpolation_duration: 1}
$data merge entity $(right_fingers) {transformation: [0.8154f,-0.4028f,-0.4159f,-1.0991f,-0.0095f,0.7089f,-0.7053f,6.4469f,0.5789f,0.579f,0.5741f,3.7903f,0f,0f,0f,1f],start_interpolation: 0,interpolation_duration: 1}
$data merge entity $(scout) {transformation: [0f,0f,0f,-1.1007f,0f,0f,0f,6.245f,0f,0f,0f,3.7269f,0f,0f,0f,1f],start_interpolation: 0,interpolation_duration: 1}
$data merge entity $(right_hand) {transformation: [-0.4424f,-0.7946f,-0.4159f,-1.6033f,0.7085f,-0.0253f,-0.7053f,6.3966f,0.5499f,-0.6066f,0.5741f,3.4404f,0f,0f,0f,1f],start_interpolation: 0,interpolation_duration: 1}
$data merge entity $(right_forearm) {transformation: [-0.9105f,-0.5307f,-0.8868f,-2.397f,1.0332f,-0.4411f,-0.7969f,5.6605f,0.0231f,-1.192f,0.6897f,1.6693f,0f,0f,0f,1f],start_interpolation: 0,interpolation_duration: 1}
$data merge entity $(right_shoulder) {transformation: [-0.4685f,1.046f,-0.9145f,-0.9979f,1.3858f,0.2829f,-0.3864f,5.7385f,-0.0992f,-0.9878f,-1.079f,0.5197f,0f,0f,0f,1f],start_interpolation: 0,interpolation_duration: 1}
$data merge entity $(right_arm) {transformation: [-0.8238f,0.0857f,-0.5603f,-0.5132f,0.1494f,0.9864f,-0.0688f,5.9394f,0.5468f,-0.1404f,-0.8254f,0.1637f,0f,0f,0f,1f],start_interpolation: 0,interpolation_duration: 1}
$data merge entity $(left_thumb_2) {transformation: [-0.0687f,-0.8053f,0.5889f,2.7546f,-0.9711f,-0.0812f,-0.2244f,6.0951f,0.2285f,-0.5873f,-0.7765f,0.9022f,0f,0f,0f,1f],start_interpolation: 0,interpolation_duration: 1}
$data merge entity $(left_thumb) {transformation: [-0.0687f,0.6065f,0.7921f,2.9487f,-0.9711f,-0.2225f,0.0861f,6.1663f,0.2285f,-0.7633f,0.6042f,0.6142f,0f,0f,0f,1f],start_interpolation: 0,interpolation_duration: 1}
$data merge entity $(left_fingers2) {transformation: [0.3972f,-0.1686f,0.9021f,2.8608f,0.8409f,0.4605f,-0.2842f,6.2476f,-0.3675f,0.8715f,0.3247f,1.1777f,0f,0f,0f,1f],start_interpolation: 0,interpolation_duration: 1}
$data merge entity $(left_fingers) {transformation: [0.1915f,0.3867f,0.9021f,2.9723f,-0.4107f,0.8663f,-0.2842f,6.504f,-0.8914f,-0.3161f,0.3247f,1.1152f,0f,0f,0f,1f],start_interpolation: 0,interpolation_duration: 1}
$data merge entity $(left_hand) {transformation: [-0.3957f,0.1723f,0.9021f,3.116f,-0.8451f,-0.4528f,-0.2842f,6.2091f,0.3595f,-0.8748f,0.3247f,0.594f,0f,0f,0f,1f],start_interpolation: 0,interpolation_duration: 1}
$data merge entity $(left_forearm) {transformation: [-0.971f,-0.4767f,0.8527f,2.3887f,-0.5501f,-0.7268f,-1.0327f,5.0541f,0.8073f,-1.0685f,0.322f,-0.9699f,0f,0f,0f,1f],start_interpolation: 0,interpolation_duration: 1}
$data merge entity $(left_shoulder) {transformation: [-0.1164f,-1.4086f,-0.3902f,0.6605f,-0.6973f,0.3975f,-1.2271f,5.4377f,1.2846f,0.0881f,-0.7014f,-0.5809f,0f,0f,0f,1f],start_interpolation: 0,interpolation_duration: 1}
$data merge entity $(left_arm) {transformation: [-0.8238f,0.0857f,-0.5603f,0.216f,0.1494f,0.9864f,-0.0688f,5.8071f,0.5468f,-0.1404f,-0.8254f,-0.3202f,0f,0f,0f,1f],start_interpolation: 0,interpolation_duration: 1}
$data merge entity $(chest) {transformation: [-1.0533f,0.1096f,-0.7164f,-0.3228f,0.191f,1.2611f,-0.088f,4.0895f,0.6991f,-0.1795f,-1.0553f,0.1468f,0f,0f,0f,1f],start_interpolation: 0,interpolation_duration: 1}
$data merge entity $(left_cheek) {transformation: [-0.5668f,-0.1175f,-0.8154f,-0.6888f,0.0577f,0.9817f,-0.1815f,2.9054f,0.8218f,-0.15f,-0.5496f,-0.2771f,0f,0f,0f,1f],start_interpolation: 0,interpolation_duration: 1}
$data merge entity $(left_foot) {transformation: [-0.6117f,0.374f,-0.7288f,0.0371f,-0.1756f,0.8286f,0.5726f,-4.0413f,0.8001f,0.4678f,-0.4315f,-0.9824f,0f,0f,0f,1f],start_interpolation: 0,interpolation_duration: 1}
$data merge entity $(left_knee) {transformation: [-1.82f,0.9075f,-2.2619f,1.2528f,-0.5225f,2.612f,1.4684f,-0.3511f,2.3805f,1.2672f,-1.407f,0.6455f,0f,0f,0f,1f],start_interpolation: 0,interpolation_duration: 1}
$data merge entity $(left_leg) {transformation: [-1.0279f,-0.884f,-1.0551f,-0.1753f,-0.2951f,1.4278f,-0.9087f,1.9506f,1.3445f,-0.3625f,-1.0062f,0.1502f,0f,0f,0f,1f],start_interpolation: 0,interpolation_duration: 1}
$data merge entity $(right_cheek) {transformation: [-0.5462f,0.0586f,-0.8356f,-1.1588f,0.5319f,0.7949f,-0.292f,3.1959f,0.6471f,-0.6039f,-0.4654f,0.3486f,0f,0f,0f,1f],start_interpolation: 0,interpolation_duration: 1}
$data merge entity $(right_foot) {transformation: [-0.9005f,0.0076f,-0.4841f,0.3832f,0.2351f,0.9005f,-0.4231f,0.1868f,0.4232f,-0.484f,-0.7949f,5.2632f,0f,0f,0f,1f],start_interpolation: 0,interpolation_duration: 1}
$data merge entity $(right_knee) {transformation: [-2.6791f,0.0227f,-1.4402f,0.2788f,0.6994f,2.6793f,-1.2588f,3.8635f,1.2592f,-1.4399f,-2.365f,3.2098f,0f,0f,0f,1f],start_interpolation: 0,interpolation_duration: 1}
$data merge entity $(right_leg) {transformation: [-1.5131f,-0.8081f,0.0935f,-0.9557f,0.395f,-0.9024f,-1.4075f,2.4426f,0.7112f,-1.2182f,0.9806f,1.1999f,0f,0f,0f,1f],start_interpolation: 0,interpolation_duration: 1}
$data merge entity $(weist) {transformation: [-0.935f,0.1245f,-1.32f,-0.5214f,0.5438f,1.5091f,-0.2428f,3.7259f,1.2092f,-0.5824f,-0.9114f,0.0197f,0f,0f,0f,1f],start_interpolation: 0,interpolation_duration: 1}
data modify storage animated_java:temp entry.data merge value {"locators":{"consume":{"px":-0.9372805118,"py":6.240934584,"pz":3.7731866497,"ry":215.9178271031,"rx":-44.8520870492}}}
# Data Manager: Prepare for Read / Write
execute store result storage animated_java:temp args.id int 1 run scoreboard players get @s aj.id
# Data Manager: Write
function animated_java:global/data_manager/write with storage animated_java:temp args