# This file was generated by Animated Java via MC-Build. It is not recommended to edit this file directly.
$data merge entity $(neck) {transformation: [-0.7982f,0.2052f,-0.5663f,-0.2407f,0.2214f,0.9743f,0.0409f,5.9304f,0.5602f,-0.0927f,-0.8232f,-0.1091f,0f,0f,0f,1f],start_interpolation: 0,interpolation_duration: 1}
$data merge entity $(right_thumb_2) {transformation: [-0.0097f,-0.3063f,-0.9519f,-0.1267f,0.9515f,0.29f,-0.103f,6.8537f,0.3076f,-0.9067f,0.2887f,2.8243f,0f,0f,0f,1f],start_interpolation: 0,interpolation_duration: 1}
$data merge entity $(right_thumb) {transformation: [-0.0097f,-0.9424f,0.3343f,-0.436f,0.9515f,-0.1115f,-0.2869f,6.9629f,0.3076f,0.3153f,0.8978f,2.9587f,0f,0f,0f,1f],start_interpolation: 0,interpolation_duration: 1}
$data merge entity $(right_fingers2) {transformation: [0.273f,0.9611f,-0.0418f,0.1296f,-0.7975f,0.2018f,-0.5686f,6.8867f,-0.538f,0.1886f,0.8216f,3.0329f,0f,0f,0f,1f],start_interpolation: 0,interpolation_duration: 1}
$data merge entity $(right_fingers) {transformation: [0.9765f,-0.2116f,-0.0418f,0.0966f,0.1509f,0.8087f,-0.5686f,7.1173f,0.1542f,0.5489f,0.8216f,3.1997f,0f,0f,0f,1f],start_interpolation: 0,interpolation_duration: 1}
$data merge entity $(scout) {transformation: [0f,0f,0f,0.0952f,0f,0f,0f,6.9062f,0f,0f,0f,3.1834f,0f,0f,0f,1f],start_interpolation: 0,interpolation_duration: 1}
$data merge entity $(right_hand) {transformation: [-0.2612f,-0.9644f,-0.0418f,-0.4963f,0.7999f,-0.192f,-0.5686f,6.9702f,0.5403f,-0.182f,0.8216f,3.1215f,0f,0f,0f,1f],start_interpolation: 0,interpolation_duration: 1}
$data merge entity $(right_forearm) {transformation: [-0.6695f,-1.0237f,-0.6332f,-2.0332f,1.2034f,-0.5866f,-0.3238f,6.0249f,-0.029f,-0.7107f,1.1795f,2.0955f,0f,0f,0f,1f],start_interpolation: 0,interpolation_duration: 1}
$data merge entity $(right_shoulder) {transformation: [-0.4188f,0.758f,-1.1832f,-0.9865f,1.3898f,0.0415f,-0.4653f,5.8104f,-0.2071f,-1.2544f,-0.7304f,0.6313f,0f,0f,0f,1f],start_interpolation: 0,interpolation_duration: 1}
$data merge entity $(right_arm) {transformation: [-0.7431f,0.1016f,-0.6614f,-0.5436f,0.19f,0.9798f,-0.0629f,5.9866f,0.6417f,-0.1724f,-0.7474f,0.2132f,0f,0f,0f,1f],start_interpolation: 0,interpolation_duration: 1}
$data merge entity $(left_thumb_2) {transformation: [0.0634f,-0.8999f,0.4315f,2.7576f,-0.9868f,-0.1211f,-0.1073f,6.3313f,0.1488f,-0.419f,-0.8957f,0.3844f,0f,0f,0f,1f],start_interpolation: 0,interpolation_duration: 1}
$data merge entity $(left_thumb) {transformation: [0.0634f,0.4579f,0.8867f,2.883f,-0.9868f,-0.1037f,0.1242f,6.4425f,0.1488f,-0.8829f,0.4453f,0.072f,0f,0f,0f,1f],start_interpolation: 0,interpolation_duration: 1}
$data merge entity $(left_fingers2) {transformation: [0.2405f,-0.0294f,0.9702f,2.903f,0.8999f,0.3814f,-0.2115f,6.4746f,-0.3638f,0.924f,0.1182f,0.6463f,0f,0f,0f,1f],start_interpolation: 0,interpolation_duration: 1}
$data merge entity $(left_fingers) {transformation: [0.0446f,0.2381f,0.9702f,2.9768f,-0.3237f,0.9222f,-0.2115f,6.745f,-0.9451f,-0.3046f,0.1182f,0.587f,0f,0f,0f,1f],start_interpolation: 0,interpolation_duration: 1}
$data merge entity $(left_hand) {transformation: [-0.2401f,0.0324f,0.9702f,3.0383f,-0.9045f,-0.3703f,-0.2115f,6.5037f,0.3524f,-0.9284f,0.1182f,0.0238f,0f,0f,0f,1f],start_interpolation: 0,interpolation_duration: 1}
$data merge entity $(left_forearm) {transformation: [-0.758f,-0.5903f,0.987f,2.1538f,-0.6413f,-0.7643f,-0.9496f,5.2914f,0.9546f,-0.9821f,0.1458f,-1.4102f,0f,0f,0f,1f],start_interpolation: 0,interpolation_duration: 1}
$data merge entity $(left_shoulder) {transformation: [0.2459f,-1.399f,-0.3634f,0.5093f,-0.7268f,0.199f,-1.2578f,5.428f,1.2495f,0.3911f,-0.6601f,-0.6604f,0f,0f,0f,1f],start_interpolation: 0,interpolation_duration: 1}
$data merge entity $(left_arm) {transformation: [-0.7431f,0.1016f,-0.6614f,0.1141f,0.19f,0.9798f,-0.0629f,5.8184f,0.6417f,-0.1724f,-0.7474f,-0.3548f,0f,0f,0f,1f],start_interpolation: 0,interpolation_duration: 1}
$data merge entity $(chest) {transformation: [-0.9501f,0.1299f,-0.8457f,-0.4211f,0.2429f,1.2527f,-0.0805f,4.1308f,0.8204f,-0.2204f,-0.9555f,0.2147f,0f,0f,0f,1f],start_interpolation: 0,interpolation_duration: 1}
$data merge entity $(left_cheek) {transformation: [-0.4222f,-0.1415f,-0.8954f,-0.9227f,0.2331f,0.9376f,-0.2581f,2.8197f,0.876f,-0.3177f,-0.3629f,-0.0686f,0f,0f,0f,1f],start_interpolation: 0,interpolation_duration: 1}
$data merge entity $(left_foot) {transformation: [-0.225f,0.6604f,-0.7473f,-0.1797f,0.0857f,0.776f,0.6601f,-3.2986f,0.9936f,0.0827f,-0.2262f,0.8483f,0f,0f,0f,1f],start_interpolation: 0,interpolation_duration: 1}
$data merge entity $(left_knee) {transformation: [-0.6695f,1.4968f,-2.5619f,1.8064f,0.2549f,2.6456f,1.4791f,0.4162f,2.9562f,0.1109f,-0.7078f,0.888f,0f,0f,0f,1f],start_interpolation: 0,interpolation_duration: 1}
$data merge entity $(left_leg) {transformation: [-0.3781f,-1.3779f,-0.9539f,-0.3888f,0.144f,0.9475f,-1.4258f,1.9819f,1.6696f,-0.3938f,-0.0931f,0.3293f,0f,0f,0f,1f],start_interpolation: 0,interpolation_duration: 1}
$data merge entity $(right_cheek) {transformation: [-0.4105f,-0.0415f,-1.0135f,-1.3549f,0.6835f,0.6845f,-0.3738f,3.2562f,0.6036f,-0.8033f,-0.2661f,0.5226f,0f,0f,0f,1f],start_interpolation: 0,interpolation_duration: 1}
$data merge entity $(right_foot) {transformation: [-0.6521f,-0.0322f,-0.7867f,1.2184f,0.5858f,0.6627f,-0.5127f,1.3696f,0.5261f,-0.7779f,-0.4042f,5.3747f,0f,0f,0f,1f],start_interpolation: 0,interpolation_duration: 1}
$data merge entity $(right_knee) {transformation: [-1.9308f,0.0316f,-2.3502f,1.1105f,1.729f,2.0793f,-1.3925f,4.24f,1.5921f,-2.2198f,-1.3378f,2.2934f,0f,0f,0f,1f],start_interpolation: 0,interpolation_duration: 1}
$data merge entity $(right_leg) {transformation: [-1.0905f,-1.3012f,0.2628f,-0.9364f,0.9765f,-1.0167f,-0.9819f,2.5994f,0.8992f,-0.4739f,1.385f,1.4562f,0f,0f,0f,1f],start_interpolation: 0,interpolation_duration: 1}
$data merge entity $(weist) {transformation: [-0.6829f,0.1155f,-1.4671f,-0.6306f,0.6794f,1.4594f,-0.2013f,3.7766f,1.3054f,-0.6991f,-0.6627f,0.1338f,0f,0f,0f,1f],start_interpolation: 0,interpolation_duration: 1}
data modify storage animated_java:temp entry.data merge value {"locators":{"consume":{"px":0.2619707445,"py":6.9186971211,"pz":3.1535802271,"ry":182.9147034549,"rx":-34.6520508358}}}
# Data Manager: Prepare for Read / Write
execute store result storage animated_java:temp args.id int 1 run scoreboard players get @s aj.id
# Data Manager: Write
function animated_java:global/data_manager/write with storage animated_java:temp args
execute unless entity @s[tag=aj.transforms_only] at @s run function animated_java:female/animations/ghost_kick_run/zzz/frames/5_root_function