# This file was generated by Animated Java via MC-Build. It is not recommended to edit this file directly.
$data merge entity $(neck) {transformation: [-0.7229f,0.2555f,-0.642f,-0.3043f,0.2661f,0.9604f,0.0825f,5.9773f,0.6377f,-0.1112f,-0.7622f,-0.1301f,0f,0f,0f,1f],start_interpolation: 0,interpolation_duration: 1}
$data merge entity $(right_thumb_2) {transformation: [0.1018f,-0.4851f,-0.8685f,0.2944f,0.9791f,0.2032f,0.0013f,7.0387f,0.1759f,-0.8505f,0.4956f,2.3926f,0f,0f,0f,1f],start_interpolation: 0,interpolation_duration: 1}
$data merge entity $(right_thumb) {transformation: [0.1018f,-0.8508f,0.5155f,0.0285f,0.9791f,-0.0059f,-0.2032f,7.1848f,0.1759f,0.5254f,0.8325f,2.5759f,0f,0f,0f,1f],start_interpolation: 0,interpolation_duration: 1}
$data merge entity $(right_fingers2) {transformation: [0.1125f,0.9863f,0.1205f,0.5921f,-0.872f,0.1561f,-0.4639f,7.0781f,-0.4764f,-0.0529f,0.8776f,2.5339f,0f,0f,0f,1f],start_interpolation: 0,interpolation_duration: 1}
$data merge entity $(right_fingers) {transformation: [0.9916f,-0.046f,0.1205f,0.6078f,0.0972f,0.8805f,-0.4639f,7.3283f,-0.0848f,0.4718f,0.8776f,2.6724f,0f,0f,0f,1f],start_interpolation: 0,interpolation_duration: 1}
$data merge entity $(scout) {transformation: [0f,0f,0f,0.5937f,0f,0f,0f,7.1175f,0f,0f,0f,2.6844f,0f,0f,0f,1f],start_interpolation: 0,interpolation_duration: 1}
$data merge entity $(right_hand) {transformation: [-0.0979f,-0.9879f,0.1205f,0.0069f,0.8742f,-0.1433f,-0.4639f,7.2155f,0.4756f,0.0599f,0.8776f,2.7456f,0f,0f,0f,1f],start_interpolation: 0,interpolation_duration: 1}
$data merge entity $(right_forearm) {transformation: [-0.452f,-1.2215f,-0.448f,-1.8302f,1.2849f,-0.4937f,0.0498f,6.4203f,-0.2048f,-0.4016f,1.3015f,2.1967f,0f,0f,0f,1f],start_interpolation: 0,interpolation_duration: 1}
$data merge entity $(right_shoulder) {transformation: [-0.2821f,0.6307f,-1.2932f,-0.9627f,1.3932f,-0.2098f,-0.4062f,5.8968f,-0.3597f,-1.3069f,-0.5589f,0.6938f,0f,0f,0f,1f],start_interpolation: 0,interpolation_duration: 1}
$data merge entity $(right_arm) {transformation: [-0.6489f,0.1391f,-0.748f,-0.5628f,0.2295f,0.9731f,-0.0182f,6.0491f,0.7254f,-0.1835f,-0.6634f,0.2259f,0f,0f,0f,1f],start_interpolation: 0,interpolation_duration: 1}
$data merge entity $(left_thumb_2) {transformation: [0.1316f,-0.9641f,0.2305f,2.6931f,-0.991f,-0.1335f,0.0073f,6.4435f,0.0237f,-0.2294f,-0.973f,-0.1427f,0f,0f,0f,1f],start_interpolation: 0,interpolation_duration: 1}
$data merge entity $(left_thumb) {transformation: [0.1316f,0.2645f,0.9554f,2.7452f,-0.991f,0.012f,0.1331f,6.5925f,0.0237f,-0.9643f,0.2637f,-0.4602f,0f,0f,0f,1f],start_interpolation: 0,interpolation_duration: 1}
$data merge entity $(left_fingers2) {transformation: [0.1225f,0.1517f,0.9808f,2.8848f,0.9434f,0.289f,-0.1626f,6.5693f,-0.3081f,0.9452f,-0.1077f,0.0973f,0f,0f,0f,1f],start_interpolation: 0,interpolation_duration: 1}
$data merge entity $(left_fingers) {transformation: [-0.1432f,0.1325f,0.9808f,2.9337f,-0.225f,0.9607f,-0.1626f,6.8482f,-0.9638f,-0.2439f,-0.1077f,0.0542f,0f,0f,0f,1f],start_interpolation: 0,interpolation_duration: 1}
$data merge entity $(left_hand) {transformation: [-0.1248f,-0.1499f,0.9808f,2.8844f,-0.9476f,-0.275f,-0.1626f,6.6674f,0.2941f,-0.9497f,-0.1077f,-0.5324f,0f,0f,0f,1f],start_interpolation: 0,interpolation_duration: 1}
$data merge entity $(left_forearm) {transformation: [-0.5264f,-0.7341f,1.0397f,1.7947f,-0.7402f,-0.7387f,-0.8964f,5.4915f,1.0354f,-0.9014f,-0.1122f,-1.8509f,0f,0f,0f,1f],start_interpolation: 0,interpolation_duration: 1}
$data merge entity $(left_shoulder) {transformation: [0.5571f,-1.2932f,-0.4089f,0.3435f,-0.7881f,0.0512f,-1.2354f,5.4348f,1.1038f,0.6891f,-0.6756f,-0.7664f,0f,0f,0f,1f],start_interpolation: 0,interpolation_duration: 1}
$data merge entity $(left_arm) {transformation: [-0.6489f,0.1391f,-0.748f,0.0115f,0.2295f,0.9731f,-0.0182f,5.846f,0.7254f,-0.1835f,-0.6634f,-0.4161f,0f,0f,0f,1f],start_interpolation: 0,interpolation_duration: 1}
$data merge entity $(chest) {transformation: [-0.8297f,0.1778f,-0.9564f,-0.5527f,0.2935f,1.2442f,-0.0233f,4.1894f,0.9275f,-0.2347f,-0.8482f,0.2134f,0f,0f,0f,1f],start_interpolation: 0,interpolation_duration: 1}
$data merge entity $(left_cheek) {transformation: [-0.332f,-0.0644f,-0.9411f,-1.0918f,0.1794f,0.9751f,-0.13f,3.0237f,0.9261f,-0.212f,-0.3122f,0.0668f,0f,0f,0f,1f],start_interpolation: 0,interpolation_duration: 1}
$data merge entity $(left_foot) {transformation: [0.0505f,0.7062f,-0.7376f,-0.11f,0.229f,0.7118f,0.6972f,-2.5176f,0.9951f,-0.1996f,-0.123f,1.4641f,0f,0f,0f,1f],start_interpolation: 0,interpolation_duration: 1}
$data merge entity $(left_knee) {transformation: [0.1502f,1.5726f,-2.5993f,1.9558f,0.6813f,2.5188f,1.5632f,1.0129f,2.9606f,-0.6594f,-0.2279f,0.4571f,0f,0f,0f,1f],start_interpolation: 0,interpolation_duration: 1}
$data merge entity $(left_leg) {transformation: [0.0848f,-1.602f,-0.6147f,-0.5891f,0.3848f,0.6176f,-1.5563f,2.0639f,1.6722f,-0.0608f,0.3893f,0.4178f,0f,0f,0f,1f],start_interpolation: 0,interpolation_duration: 1}
$data merge entity $(right_cheek) {transformation: [-0.3318f,-0.0214f,-1.1318f,-1.3456f,0.7484f,0.6636f,-0.3308f,3.4101f,0.5743f,-0.8771f,-0.2227f,0.6518f,0f,0f,0f,1f],start_interpolation: 0,interpolation_duration: 1}
$data merge entity $(right_foot) {transformation: [-0.3256f,0.1654f,-0.9549f,1.0002f,0.8702f,0.4932f,-0.2113f,1.4398f,0.4265f,-0.8801f,-0.2979f,5.7337f,0f,0f,0f,1f],start_interpolation: 0,interpolation_duration: 1}
$data merge entity $(right_knee) {transformation: [-0.9687f,0.4922f,-2.841f,1.5373f,2.5891f,1.4675f,-0.6286f,3.5194f,1.269f,-2.6185f,-0.8863f,2.1099f,0f,0f,0f,1f],start_interpolation: 0,interpolation_duration: 1}
$data merge entity $(right_leg) {transformation: [-0.5471f,-1.6272f,-0.0662f,-1.0448f,1.4623f,-0.4602f,-0.7754f,2.7441f,0.7167f,-0.3033f,1.5316f,1.5494f,0f,0f,0f,1f],start_interpolation: 0,interpolation_duration: 1}
$data merge entity $(weist) {transformation: [-0.5799f,0.1398f,-1.5087f,-0.7618f,0.753f,1.4284f,-0.1571f,3.8613f,1.3148f,-0.7564f,-0.5755f,0.1709f,0f,0f,0f,1f],start_interpolation: 0,interpolation_duration: 1}
data modify storage animated_java:temp entry.data merge value {"locators":{"consume":{"px":0.7498727349,"py":7.1145303384,"pz":2.617502054,"ry":172.1823581312,"rx":-27.6413476129}}}
# Data Manager: Prepare for Read / Write
execute store result storage animated_java:temp args.id int 1 run scoreboard players get @s aj.id
# Data Manager: Write
function animated_java:global/data_manager/write with storage animated_java:temp args