# This file was generated by Animated Java via MC-Build. It is not recommended to edit this file directly.
$data merge entity $(neck) {transformation: [-0.6336f,0.3139f,-0.7071f,-0.3521f,0.3016f,0.9419f,0.1478f,6.0242f,0.7124f,-0.1196f,-0.6915f,-0.1607f,0f,0f,0f,1f],start_interpolation: 0,interpolation_duration: 1}
$data merge entity $(right_thumb_2) {transformation: [0.191f,-0.3698f,-0.9093f,0.2837f,0.9758f,0.1721f,0.135f,7.171f,0.1066f,-0.913f,0.3937f,2.4823f,0f,0f,0f,1f],start_interpolation: 0,interpolation_duration: 1}
$data merge entity $(right_thumb) {transformation: [0.191f,-0.8943f,0.4045f,0.0186f,0.9758f,0.1283f,-0.1772f,7.3595f,0.1066f,0.4286f,0.8972f,2.6233f,0f,0f,0f,1f],start_interpolation: 0,interpolation_duration: 1}
$data merge entity $(right_fingers2) {transformation: [0.0644f,0.9977f,-0.019f,0.5682f,-0.9188f,0.0519f,-0.3913f,7.1932f,-0.3895f,0.0427f,0.92f,2.6515f,0f,0f,0f,1f],start_interpolation: 0,interpolation_duration: 1}
$data merge entity $(right_fingers) {transformation: [0.9998f,0.0048f,-0.019f,0.5977f,-0.0119f,0.9202f,-0.3913f,7.4522f,0.0156f,0.3915f,0.92f,2.7703f,0f,0f,0f,1f],start_interpolation: 0,interpolation_duration: 1}
$data merge entity $(scout) {transformation: [0f,0f,0f,0.5595f,0f,0f,0f,7.2459f,0f,0f,0f,2.7976f,0f,0f,0f,1f],start_interpolation: 0,interpolation_duration: 1}
$data merge entity $(right_hand) {transformation: [-0.0484f,-0.9986f,-0.019f,-0.0163f,0.9195f,-0.0371f,-0.3913f,7.4075f,0.3901f,-0.0364f,0.92f,2.7866f,0f,0f,0f,1f],start_interpolation: 0,interpolation_duration: 1}
$data merge entity $(right_forearm) {transformation: [-0.3606f,-1.2095f,-0.5516f,-1.8428f,1.295f,-0.4486f,0.137f,6.6831f,-0.2999f,-0.4828f,1.2546f,2.1177f,0f,0f,0f,1f],start_interpolation: 0,interpolation_duration: 1}
$data merge entity $(right_shoulder) {transformation: [-0.1272f,0.6984f,-1.2829f,-0.9243f,1.3797f,-0.3655f,-0.3358f,5.9702f,-0.4797f,-1.2363f,-0.6255f,0.7273f,0f,0f,0f,1f],start_interpolation: 0,interpolation_duration: 1}
$data merge entity $(right_arm) {transformation: [-0.5502f,0.1903f,-0.813f,-0.5658f,0.2569f,0.965f,0.0521f,6.1053f,0.7945f,-0.1803f,-0.5799f,0.2221f,0f,0f,0f,1f],start_interpolation: 0,interpolation_duration: 1}
$data merge entity $(left_thumb_2) {transformation: [0.1043f,-0.9932f,0.0519f,2.6383f,-0.9925f,-0.1006f,0.069f,6.3676f,-0.0633f,-0.0587f,-0.9963f,-0.6121f,0f,0f,0f,1f],start_interpolation: 0,interpolation_duration: 1}
$data merge entity $(left_thumb) {transformation: [0.1043f,0.0902f,0.9905f,2.6378f,-0.9925f,0.0728f,0.0978f,6.5368f,-0.0633f,-0.9933f,0.0971f,-0.9237f,0f,0f,0f,1f],start_interpolation: 0,interpolation_duration: 1}
$data merge entity $(left_fingers2) {transformation: [0.0934f,0.3247f,0.9412f,2.8728f,0.9595f,0.2231f,-0.1722f,6.4736f,-0.2659f,0.9191f,-0.2907f,-0.4028f,0f,0f,0f,1f],start_interpolation: 0,interpolation_duration: 1}
$data merge entity $(left_fingers) {transformation: [-0.3175f,0.1157f,0.9412f,2.9216f,-0.1561f,0.9726f,-0.1722f,6.7539f,-0.9353f,-0.2016f,-0.2907f,-0.436f,0f,0f,0f,1f],start_interpolation: 0,interpolation_duration: 1}
$data merge entity $(left_hand) {transformation: [-0.0986f,-0.3232f,0.9412f,2.7642f,-0.9629f,-0.2076f,-0.1722f,6.614f,0.2511f,-0.9233f,-0.2907f,-1.0146f,0f,0f,0f,1f],start_interpolation: 0,interpolation_duration: 1}
$data merge entity $(left_forearm) {transformation: [-0.356f,-0.9052f,0.9752f,1.4217f,-0.8028f,-0.6589f,-0.9047f,5.5554f,1.0611f,-0.8022f,-0.3573f,-2.1916f,0f,0f,0f,1f],start_interpolation: 0,interpolation_duration: 1}
$data merge entity $(left_shoulder) {transformation: [0.7168f,-1.1491f,-0.5618f,0.1832f,-0.8746f,0.0296f,-1.1764f,5.453f,0.9333f,0.9103f,-0.671f,-0.8721f,0f,0f,0f,1f],start_interpolation: 0,interpolation_duration: 1}
$data merge entity $(left_arm) {transformation: [-0.5502f,0.1903f,-0.813f,-0.0788f,0.2569f,0.965f,0.0521f,5.8779f,0.7945f,-0.1803f,-0.5799f,-0.4811f,0f,0f,0f,1f],start_interpolation: 0,interpolation_duration: 1}
$data merge entity $(chest) {transformation: [-0.7035f,0.2434f,-1.0395f,-0.6942f,0.3285f,1.2338f,0.0665f,4.2506f,1.0158f,-0.2305f,-0.7414f,0.176f,0f,0f,0f,1f],start_interpolation: 0,interpolation_duration: 1}
$data merge entity $(left_cheek) {transformation: [-0.3816f,-0.1342f,-0.9145f,-1.19f,0.2531f,0.9364f,-0.243f,3.0291f,0.889f,-0.3242f,-0.3233f,0.0928f,0f,0f,0f,1f],start_interpolation: 0,interpolation_duration: 1}
$data merge entity $(left_foot) {transformation: [0.0171f,0.5158f,-0.8826f,0.3116f,0.2786f,0.8469f,0.5003f,-2.3974f,0.9835f,-0.2489f,-0.1264f,1.8546f,0f,0f,0f,1f],start_interpolation: 0,interpolation_duration: 1}
$data merge entity $(left_knee) {transformation: [0.05f,1.2654f,-2.7656f,1.9484f,0.8433f,2.6517f,1.2286f,1.2987f,2.9221f,-0.787f,-0.3072f,0.669f,0f,0f,0f,1f],start_interpolation: 0,interpolation_duration: 1}
$data merge entity $(left_leg) {transformation: [0.0283f,-1.6338f,-0.5305f,-0.6523f,0.4763f,0.5172f,-1.5675f,2.1931f,1.6504f,-0.1213f,0.4615f,0.5298f,0f,0f,0f,1f],start_interpolation: 0,interpolation_duration: 1}
$data merge entity $(right_cheek) {transformation: [-0.4081f,0.1759f,-0.9986f,-1.4971f,0.7737f,0.618f,-0.2705f,3.4606f,0.4847f,-0.8383f,-0.409f,0.6117f,0f,0f,0f,1f],start_interpolation: 0,interpolation_duration: 1}
$data merge entity $(right_foot) {transformation: [-0.3161f,0.3425f,-0.9099f,-0.6013f,0.9389f,0.3561f,-0.1921f,1.9704f,0.2526f,-0.895f,-0.4246f,7.8588f,0f,0f,0f,1f],start_interpolation: 0,interpolation_duration: 1}
$data merge entity $(right_knee) {transformation: [-0.9864f,0.6999f,-2.7909f,0.2248f,2.831f,0.7636f,-0.8091f,3.0754f,0.5145f,-2.8599f,-0.899f,3.8785f,0f,0f,0f,1f],start_interpolation: 0,interpolation_duration: 1}
$data merge entity $(right_leg) {transformation: [-0.5571f,-0.9673f,-1.3059f,-1.2634f,1.5989f,-0.0795f,-0.6233f,2.8999f,0.2906f,-1.4175f,0.9261f,1.5684f,0f,0f,0f,1f],start_interpolation: 0,interpolation_duration: 1}
$data merge entity $(weist) {transformation: [-0.751f,0.1457f,-1.4307f,-0.895f,0.7868f,1.3927f,-0.2712f,3.9579f,1.2038f,-0.8193f,-0.7153f,0.1637f,0f,0f,0f,1f],start_interpolation: 0,interpolation_duration: 1}
data modify storage animated_java:temp entry.data merge value {"locators":{"consume":{"px":0.7202341429,"py":7.2211041987,"pz":2.7485178704,"ry":181.1816569712,"rx":-23.0381126063}}}
# Data Manager: Prepare for Read / Write
execute store result storage animated_java:temp args.id int 1 run scoreboard players get @s aj.id
# Data Manager: Write
function animated_java:global/data_manager/write with storage animated_java:temp args
execute unless entity @s[tag=aj.transforms_only] at @s run function animated_java:female/animations/ghost_kick_run/zzz/frames/7_root_function