# This file was generated by Animated Java via MC-Build. It is not recommended to edit this file directly.
$data merge entity $(neck) {transformation: [-0.5362f,0.3648f,-0.7612f,-0.3874f,0.3206f,0.9222f,0.2161f,6.0595f,0.7808f,-0.1282f,-0.6114f,-0.193f,0f,0f,0f,1f],start_interpolation: 0,interpolation_duration: 1}
$data merge entity $(right_thumb_2) {transformation: [0.2347f,-0.2394f,-0.9421f,0.2722f,0.9629f,0.1902f,0.1916f,7.1867f,0.1333f,-0.9521f,0.2752f,2.7345f,0f,0f,0f,1f],start_interpolation: 0,interpolation_duration: 1}
$data merge entity $(right_thumb) {transformation: [0.2347f,-0.9324f,0.2748f,0.0032f,0.9629f,0.1842f,-0.1973f,7.3915f,0.1333f,0.311f,0.941f,2.8411f,0f,0f,0f,1f],start_interpolation: 0,interpolation_duration: 1}
$data merge entity $(right_fingers2) {transformation: [0.0574f,0.9854f,-0.1604f,0.5336f,-0.9227f,-0.009f,-0.3853f,7.1922f,-0.3811f,0.1701f,0.9087f,2.9389f,0f,0f,0f,1f],start_interpolation: 0,interpolation_duration: 1}
$data merge entity $(right_fingers) {transformation: [0.987f,0.0105f,-0.1604f,0.5632f,-0.0724f,0.9199f,-0.3853f,7.4495f,0.1435f,0.3919f,0.9087f,3.0613f,0f,0f,0f,1f],start_interpolation: 0,interpolation_duration: 1}
$data merge entity $(scout) {transformation: [0f,0f,0f,0.5093f,0f,0f,0f,7.246f,0f,0f,0f,3.0828f,0f,0f,0f,1f],start_interpolation: 0,interpolation_duration: 1}
$data merge entity $(right_hand) {transformation: [-0.0419f,-0.9862f,-0.1604f,-0.0493f,0.9225f,0.0235f,-0.3853f,7.4423f,0.3837f,-0.1641f,0.9087f,2.9987f,0f,0f,0f,1f],start_interpolation: 0,interpolation_duration: 1}
$data merge entity $(right_forearm) {transformation: [-0.3519f,-1.1543f,-0.6639f,-1.7973f,1.3067f,-0.4316f,0.0577f,6.7401f,-0.2564f,-0.6151f,1.2054f,2.1269f,0f,0f,0f,1f],start_interpolation: 0,interpolation_duration: 1}
$data merge entity $(right_shoulder) {transformation: [-0.0674f,0.7131f,-1.2794f,-0.8731f,1.3907f,-0.3708f,-0.28f,6.0167f,-0.4597f,-1.2263f,-0.6593f,0.7457f,0f,0f,0f,1f],start_interpolation: 0,interpolation_duration: 1}
$data merge entity $(right_arm) {transformation: [-0.4512f,0.2389f,-0.8598f,-0.5567f,0.2686f,0.9552f,0.1245f,6.143f,0.851f,-0.1748f,-0.4952f,0.2109f,0f,0f,0f,1f],start_interpolation: 0,interpolation_duration: 1}
$data merge entity $(left_thumb_2) {transformation: [0.0485f,-0.9954f,-0.083f,2.5498f,-0.9925f,-0.0573f,0.1081f,6.2593f,-0.1123f,0.0771f,-0.9907f,-1.0205f,0f,0f,0f,1f],start_interpolation: 0,interpolation_duration: 1}
$data merge entity $(left_thumb) {transformation: [0.0485f,-0.0453f,0.9978f,2.514f,-0.9925f,0.1101f,0.0532f,6.4411f,-0.1123f,-0.9929f,-0.0397f,-1.3227f,0f,0f,0f,1f],start_interpolation: 0,interpolation_duration: 1}
$data merge entity $(left_fingers2) {transformation: [0.1001f,0.4592f,0.8827f,2.8159f,0.9651f,0.1709f,-0.1984f,6.3468f,-0.242f,0.8717f,-0.4261f,-0.8426f,0f,0f,0f,1f],start_interpolation: 0,interpolation_duration: 1}
$data merge entity $(left_fingers) {transformation: [-0.4512f,0.1314f,0.8827f,2.8725f,-0.1042f,0.9746f,-0.1984f,6.626f,-0.8863f,-0.1815f,-0.4261f,-0.8724f,0f,0f,0f,1f],start_interpolation: 0,interpolation_duration: 1}
$data merge entity $(left_hand) {transformation: [-0.1073f,-0.4576f,0.8827f,2.6299f,-0.9677f,-0.1557f,-0.1984f,6.5167f,0.2282f,-0.8754f,-0.4261f,-1.4278f,0f,0f,0f,1f],start_interpolation: 0,interpolation_duration: 1}
$data merge entity $(left_forearm) {transformation: [-0.2412f,-1.0421f,0.8678f,1.0822f,-0.839f,-0.5778f,-0.9271f,5.5779f,1.0654f,-0.6909f,-0.5335f,-2.4434f,0f,0f,0f,1f],start_interpolation: 0,interpolation_duration: 1}
$data merge entity $(left_shoulder) {transformation: [0.7907f,-1.0083f,-0.7128f,0.0352f,-0.95f,0.0439f,-1.116f,5.4759f,0.7888f,1.0636f,-0.6296f,-0.9674f,0f,0f,0f,1f],start_interpolation: 0,interpolation_duration: 1}
$data merge entity $(left_arm) {transformation: [-0.4512f,0.2389f,-0.8598f,-0.1573f,0.2686f,0.9552f,0.1245f,5.9052f,0.851f,-0.1748f,-0.4952f,-0.5423f,0f,0f,0f,1f],start_interpolation: 0,interpolation_duration: 1}
$data merge entity $(chest) {transformation: [-0.5769f,0.3055f,-1.0993f,-0.8183f,0.3435f,1.2212f,0.1591f,4.3033f,1.0881f,-0.2235f,-0.6331f,0.1329f,0f,0f,0f,1f],start_interpolation: 0,interpolation_duration: 1}
$data merge entity $(left_cheek) {transformation: [-0.2941f,-0.0473f,-0.9546f,-1.2849f,0.1933f,0.9752f,-0.1079f,3.1747f,0.936f,-0.2162f,-0.2776f,0.0115f,0f,0f,0f,1f],start_interpolation: 0,interpolation_duration: 1}
$data merge entity $(left_foot) {transformation: [0.1217f,0.1988f,-0.9954f,0.6437f,0.157f,0.9868f,0.2163f,-2.8812f,1.0029f,-0.1786f,0.087f,1.0522f,0f,0f,0f,1f],start_interpolation: 0,interpolation_duration: 1}
$data merge entity $(left_knee) {transformation: [0.3568f,0.8757f,-2.891f,1.7271f,0.4961f,2.8546f,0.9259f,1.0932f,2.9797f,-0.5802f,0.192f,0.1716f,0f,0f,0f,1f],start_interpolation: 0,interpolation_duration: 1}
$data merge entity $(left_leg) {transformation: [0.2015f,-1.57f,-0.6678f,-0.7602f,0.2802f,0.6937f,-1.5465f,2.2616f,1.6829f,0.0725f,0.3375f,0.3478f,0f,0f,0f,1f],start_interpolation: 0,interpolation_duration: 1}
$data merge entity $(right_cheek) {transformation: [-0.424f,0.185f,-0.8866f,-1.5718f,0.7526f,0.6165f,-0.2313f,3.5004f,0.5038f,-0.7653f,-0.4006f,0.5675f,0f,0f,0f,1f],start_interpolation: 0,interpolation_duration: 1}
$data merge entity $(right_foot) {transformation: [-0.2524f,0.4082f,-0.9027f,-2.0344f,0.9422f,0.3868f,-0.0886f,1.6306f,0.3061f,-0.8538f,-0.4717f,8.2906f,0f,0f,0f,1f],start_interpolation: 0,interpolation_duration: 1}
$data merge entity $(right_knee) {transformation: [-0.8769f,0.5119f,-2.8673f,-1.4685f,2.8813f,0.5901f,-0.7758f,2.4983f,0.4257f,-2.9397f,-0.655f,4.2075f,0f,0f,0f,1f],start_interpolation: 0,interpolation_duration: 1}
$data merge entity $(right_leg) {transformation: [-0.4953f,0.0752f,-1.6433f,-1.2791f,1.6274f,0.2733f,-0.4779f,2.8824f,0.2404f,-1.6944f,-0.1501f,1.4873f,0f,0f,0f,1f],start_interpolation: 0,interpolation_duration: 1}
$data merge entity $(weist) {transformation: [-0.6319f,0.1036f,-1.4906f,-1.0092f,0.6972f,1.4519f,-0.1946f,4.0449f,1.3216f,-0.7164f,-0.61f,0.1442f,0f,0f,0f,1f],start_interpolation: 0,interpolation_duration: 1}
data modify storage animated_java:temp entry.data merge value {"locators":{"consume":{"px":0.6732507746,"py":7.211246138,"pz":3.0546200328,"ry":190.011969298,"rx":-22.6627850845}}}
# Data Manager: Prepare for Read / Write
execute store result storage animated_java:temp args.id int 1 run scoreboard players get @s aj.id
# Data Manager: Write
function animated_java:global/data_manager/write with storage animated_java:temp args