# This file was generated by Animated Java via MC-Build. It is not recommended to edit this file directly.
$data merge entity $(neck) {transformation: [-0.438f,0.3914f,-0.8093f,-0.4187f,0.3228f,0.9087f,0.2648f,6.0785f,0.839f,-0.1452f,-0.5243f,-0.2129f,0f,0f,0f,1f],start_interpolation: 0,interpolation_duration: 1}
$data merge entity $(right_thumb_2) {transformation: [0.1888f,-0.0463f,-0.9809f,0.3328f,0.8571f,0.4952f,0.1416f,6.383f,0.4792f,-0.8675f,0.1332f,3.4663f,0f,0f,0f,1f],start_interpolation: 0,interpolation_duration: 1}
$data merge entity $(right_thumb) {transformation: [0.1888f,-0.979f,0.0775f,0.0448f,0.8571f,0.1257f,-0.4995f,6.5576f,0.4792f,0.1608f,0.8628f,3.5769f,0f,0f,0f,1f],start_interpolation: 0,interpolation_duration: 1}
$data merge entity $(right_fingers2) {transformation: [0.1445f,0.9294f,-0.3396f,0.5464f,-0.7558f,-0.1179f,-0.6441f,6.309f,-0.6387f,0.3497f,0.6854f,3.7094f,0f,0f,0f,1f],start_interpolation: 0,interpolation_duration: 1}
$data merge entity $(right_fingers) {transformation: [0.9368f,-0.0839f,-0.3396f,0.5465f,-0.1667f,0.7465f,-0.6441f,6.5123f,0.3076f,0.66f,0.6854f,3.9112f,0f,0f,0f,1f],start_interpolation: 0,interpolation_duration: 1}
$data merge entity $(scout) {transformation: [0f,0f,0f,0.4919f,0f,0f,0f,6.3157f,0f,0f,0f,3.855f,0f,0f,0f,1f],start_interpolation: 0,interpolation_duration: 1}
$data merge entity $(right_hand) {transformation: [-0.1321f,-0.9312f,-0.3396f,-0.0398f,0.7541f,0.1279f,-0.6441f,6.5586f,0.6433f,-0.3412f,0.6854f,3.7287f,0f,0f,0f,1f],start_interpolation: 0,interpolation_duration: 1}
$data merge entity $(right_forearm) {transformation: [-0.4654f,-1.0214f,-0.7984f,-1.5877f,1.2754f,-0.209f,-0.4761f,6.1736f,0.2319f,-0.9002f,1.0164f,2.4004f,0f,0f,0f,1f],start_interpolation: 0,interpolation_duration: 1}
$data merge entity $(right_shoulder) {transformation: [-0.2169f,0.5627f,-1.3365f,-0.8149f,1.4496f,0.1204f,-0.1845f,6.0342f,0.039f,-1.3486f,-0.5741f,0.7668f,0f,0f,0f,1f],start_interpolation: 0,interpolation_duration: 1}
$data merge entity $(right_arm) {transformation: [-0.3556f,0.266f,-0.896f,-0.5449f,0.2673f,0.9475f,0.1752f,6.1594f,0.8956f,-0.1772f,-0.408f,0.207f,0f,0f,0f,1f],start_interpolation: 0,interpolation_duration: 1}
$data merge entity $(left_thumb_2) {transformation: [0.0139f,-0.9904f,-0.1378f,2.4114f,-0.9966f,-0.0249f,0.0786f,6.211f,-0.0812f,0.1363f,-0.9873f,-1.3266f,0f,0f,0f,1f],start_interpolation: 0,interpolation_duration: 1}
$data merge entity $(left_thumb) {transformation: [0.0139f,-0.1062f,0.9942f,2.3612f,-0.9966f,0.0793f,0.0224f,6.384f,-0.0812f,-0.9912f,-0.1048f,-1.6319f,0f,0f,0f,1f],start_interpolation: 0,interpolation_duration: 1}
$data merge entity $(left_fingers2) {transformation: [0.1126f,0.5191f,0.8473f,2.691f,0.954f,0.182f,-0.2382f,6.2958f,-0.2779f,0.8351f,-0.4747f,-1.1688f,0f,0f,0f,1f],start_interpolation: 0,interpolation_duration: 1}
$data merge entity $(left_fingers) {transformation: [-0.5107f,0.146f,0.8473f,2.7532f,-0.1198f,0.9638f,-0.2382f,6.5721f,-0.8514f,-0.2231f,-0.4747f,-1.2118f,0f,0f,0f,1f],start_interpolation: 0,interpolation_duration: 1}
$data merge entity $(left_hand) {transformation: [-0.1194f,-0.5176f,0.8473f,2.4722f,-0.9563f,-0.1693f,-0.2382f,6.4528f,0.2667f,-0.8387f,-0.4747f,-1.7466f,0f,0f,0f,1f],start_interpolation: 0,interpolation_duration: 1}
$data merge entity $(left_forearm) {transformation: [-0.1791f,-1.1178f,0.7846f,0.8098f,-0.8056f,-0.5525f,-0.971f,5.5519f,1.1027f,-0.5851f,-0.582f,-2.6031f,0f,0f,0f,1f],start_interpolation: 0,interpolation_duration: 1}
$data merge entity $(left_shoulder) {transformation: [0.8329f,-0.9044f,-0.7989f,-0.0992f,-0.9643f,0.0846f,-1.1012f,5.4961f,0.7253f,1.151f,-0.5468f,-1.036f,0f,0f,0f,1f],start_interpolation: 0,interpolation_duration: 1}
$data merge entity $(left_arm) {transformation: [-0.3556f,0.266f,-0.896f,-0.2302f,0.2673f,0.9475f,0.1752f,5.9228f,0.8956f,-0.1772f,-0.408f,-0.5857f,0f,0f,0f,1f],start_interpolation: 0,interpolation_duration: 1}
$data merge entity $(chest) {transformation: [-0.4546f,0.3401f,-1.1456f,-0.899f,0.3418f,1.2115f,0.224f,4.3359f,1.1451f,-0.2266f,-0.5217f,0.1165f,0f,0f,0f,1f],start_interpolation: 0,interpolation_duration: 1}
$data merge entity $(left_cheek) {transformation: [-0.1888f,0.0277f,-0.9816f,-1.3571f,0.0961f,0.9953f,0.0096f,3.3043f,0.9773f,-0.0926f,-0.1906f,-0.0628f,0f,0f,0f,1f],start_interpolation: 0,interpolation_duration: 1}
$data merge entity $(left_foot) {transformation: [0.2157f,-0.0356f,-0.9987f,0.7196f,0.0314f,1.0215f,-0.0296f,-3.159f,0.9989f,-0.0244f,0.2166f,-0.0166f,0f,0f,0f,1f],start_interpolation: 0,interpolation_duration: 1}
$data merge entity $(left_knee) {transformation: [0.6418f,0.6668f,-2.8975f,1.5055f,0.0934f,2.9583f,0.7015f,0.9613f,2.9718f,-0.237f,0.6037f,-0.4052f,0f,0f,0f,1f],start_interpolation: 0,interpolation_duration: 1}
$data merge entity $(left_leg) {transformation: [0.3625f,-1.4833f,-0.7873f,-0.8326f,0.0528f,0.8151f,-1.5113f,2.3137f,1.6785f,0.2947f,0.2176f,0.1304f,0f,0f,0f,1f],start_interpolation: 0,interpolation_duration: 1}
$data merge entity $(right_cheek) {transformation: [-0.3748f,0.1377f,-0.9168f,-1.5503f,0.6601f,0.734f,-0.1596f,3.5918f,0.651f,-0.665f,-0.366f,0.5259f,0f,0f,0f,1f],start_interpolation: 0,interpolation_duration: 1}
$data merge entity $(right_foot) {transformation: [-0.2182f,0.5555f,-0.8301f,-2.0495f,0.8918f,0.491f,0.0942f,0.8614f,0.4498f,-0.704f,-0.5894f,7.979f,0f,0f,0f,1f],start_interpolation: 0,interpolation_duration: 1}
$data merge entity $(right_knee) {transformation: [-0.7848f,0.6878f,-2.8571f,-1.237f,2.8461f,0.9148f,-0.5616f,2.1862f,0.7323f,-2.8182f,-0.8796f,4.0636f,0f,0f,0f,1f],start_interpolation: 0,interpolation_duration: 1}
$data merge entity $(right_leg) {transformation: [-0.4433f,-0.0337f,-1.6594f,-1.2239f,1.6074f,0.4193f,-0.4379f,2.8038f,0.4136f,-1.6657f,-0.0767f,1.3801f,0f,0f,0f,1f],start_interpolation: 0,interpolation_duration: 1}
$data merge entity $(weist) {transformation: [-0.4698f,0.049f,-1.552f,-1.0839f,0.5564f,1.5192f,-0.1205f,4.1009f,1.4497f,-0.5672f,-0.4568f,0.1447f,0f,0f,0f,1f],start_interpolation: 0,interpolation_duration: 1}
data modify storage animated_java:temp entry.data merge value {"locators":{"consume":{"px":0.6585543977,"py":6.2828425184,"pz":3.8504553223,"ry":206.3602080952,"rx":-40.1001329273}}}
# Data Manager: Prepare for Read / Write
execute store result storage animated_java:temp args.id int 1 run scoreboard players get @s aj.id
# Data Manager: Write
function animated_java:global/data_manager/write with storage animated_java:temp args